0.21214295340395525,-0.07633370044555546,-0.04634822438019874,-0.14493303539146418,0.009276215617630867,0.017075617539908817,0.02771748460183371,-0.10470075273193905,-0.06680417167979567,-0.023959295476220582,-0.008387846011871637,-0.030484004205436118,0.0036782776711011857,0.056795448267537706,0.1260794788522032,0.08692880945266404,-0.023807387638477034,-0.0367744608436938,-0.05255134375713755,-0.06211917768253562,-0.07633370044555546,0.0768622311009447,0.028928141160148454,0.0719119273460211,-0.017683648858663643,-0.00171277023547652,-0.033450972361394035,0.060131143739803244,0.02234638739591186,0.0055783414831692205,0.019967558749240583,0.010348092103351227,0.0032920472654651856,-0.02158367973463321,-0.08709027425386917,-0.04965977346343427,0.008102087187427134,-0.0004407866336430528,0.01981343297002429,0.027530630395489766,-0.04634822438019874,0.028928141160148454,0.07451769376692352,0.06729031221471639,-0.024557491378289227,0.0269924472259103,-0.0389435671345134,0.03970626610842866,0.012319842936936456,0.0006463001275957487,0.002665081162863701,0.0343075110056735,0.006540615076367174,-0.03920076571348975,-0.03527057805137221,-0.04757889877719272,-0.009061464065815206,-0.029926290686720876,-0.008599183091045313,0.0023581061268621003,-0.14493303539146418,0.0719119273460211,0.06729031221471639,0.15617820553388742,-0.016189267954062826,0.0063156460523435855,-0.031076652927071846,0.10937640977274406,0.05274012696039148,0.0188499768697517,0.01830335125059083,0.04106592671917488,0.017501973979241456,-0.059476178523122494,-0.10136238468959596,-0.07984483908224854,0.0018204930168519429,-0.0053272659072842714,0.02136917934131359,0.050776051731690586,0.009276215617630867,-0.017683648858663643,-0.024557491378289227,-0.016189267954062826,0.03798781988630878,-0.01868205360804407,0.01810492437341013,-0.016094960464100513,-0.00979338670905123,0.0074803353477589565,0.003956391291165239,-0.004091141344522842,-0.010751983038552152,0.031705761408247185,0.008193451426705474,0.017446870815069248,0.007726735837899528,0.03327281915604609,0.014316697219787712,0.012242932243256982,0.017075617539908817,-0.00171277023547652,0.0269924472259103,0.0063156460523435855,-0.01868205360804407,0.05914728434460968,-0.001462013181248784,-0.004163901772232634,0.006756751361015837,-0.018761220535890966,-0.008161487702323812,-0.0044621685022919865,0.010804204124857266,-0.02462443767567299,0.018647580446969354,-0.01721608577328392,-0.01567521504733691,-0.026778815260191543,-0.02131632941268919,-0.014127914614758383,0.02771748460183371,-0.033450972361394035,-0.0389435671345134,-0.031076652927071846,0.01810492437341013,-0.001462013181248784,0.09780335637908845,-0.017402544998284676,0.008635523982020749,0.005135554090442697,-0.013214024795282296,-0.027848135715629545,0.0657635520471465,0.019636967593276565,0.05218459836425557,0.045083809855610016,-0.0034155279924055356,-0.0017640308100964966,-0.0009319444064833163,-0.01355269299513635,-0.10470075273193905,0.060131143739803244,0.03970626610842866,0.10937640977274406,-0.016094960464100513,-0.004163901772232634,-0.017402544998284676,0.11398734359744228,0.03637417519920057,0.016266201697311293,0.01413164133108923,0.01586623895273398,0.01835631931265947,-0.0424739531060711,-0.07172114624165847,-0.04950909709661656,0.006950741368288694,-0.007457925610754411,0.014164855028382585,0.047274950614515726,-0.06680417167979567,0.02234638739591186,0.012319842936936456,0.05274012696039148,-0.00979338670905123,0.006756751361015837,0.008635523982020749,0.03637417519920057,0.049222567086304195,0.006857731815155596,-0.00046524882443388393,0.004853778640837904,0.01907939295231323,-0.029167600026917703,-0.031286884646325855,-0.026528491625483028,0.005781691801789978,-0.003686668238590577,0.01804837006483337,0.017804921240981604,-0.023959295476220582,0.0055783414831692205,0.0006463001275957487,0.0188499768697517,0.0074803353477589565,-0.018761220535890966,0.005135554090442697,0.016266201697311293,0.006857731815155596,0.030124984236809232,-0.0013000806477501355,0.005048271142162203,0.0008364576334027683,0.0016540953712326605,-0.011191062627548022,-7.960606417083474e-5,0.005678133747372103,0.006186627388831693,0.010920432751994086,0.013194384900185156,-0.008387846011871637,0.019967558749240583,0.002665081162863701,0.01830335125059083,0.003956391291165239,-0.008161487702323812,-0.013214024795282296,0.01413164133108923,-0.00046524882443388393,-0.0013000806477501355,0.02708186421345488,0.004300147274462712,-0.004168904572982178,0.008231845682824137,-0.030604242994801033,-0.009467065766963541,0.0036701390941876215,0.007311337103384907,0.006602776729162594,0.01378763267937731,-0.030484004205436118,0.010348092103351227,0.0343075110056735,0.04106592671917488,-0.004091141344522842,-0.0044621685022919865,-0.027848135715629545,0.01586623895273398,0.004853778640837904,0.005048271142162203,0.004300147274462712,0.04668781946368722,-0.0035064876038043286,-0.017189244752146046,-0.026988491010184686,-0.016958461424409668,-0.010865944911845792,-0.008374738122276466,-0.0018048774478870468,0.003962920603800066,0.0036782776711011857,0.0032920472654651856,0.006540615076367174,0.017501973979241456,-0.010751983038552152,0.010804204124857266,0.0657635520471465,0.01835631931265947,0.01907939295231323,0.0008364576334027683,-0.004168904572982178,-0.0035064876038043286,0.10440587479391547,-0.0145835879862232,0.01355013888238644,0.010589007353459003,-0.020190835861905832,-0.056151111142383914,-0.022342667331582886,-0.0215952558374175,0.056795448267537706,-0.02158367973463321,-0.03920076571348975,-0.059476178523122494,0.031705761408247185,-0.02462443767567299,0.019636967593276565,-0.0424739531060711,-0.029167600026917703,0.0016540953712326605,0.008231845682824137,-0.017189244752146046,-0.0145835879862232,0.08308447801704502,0.029232920068704305,0.03650745137344742,0.022970333222583555,0.035584360363127655,0.01968020756996266,-0.005447716677460751,0.1260794788522032,-0.08709027425386917,-0.03527057805137221,-0.10136238468959596,0.008193451426705474,0.018647580446969354,0.05218459836425557,-0.07172114624165847,-0.031286884646325855,-0.011191062627548022,-0.030604242994801033,-0.026988491010184686,0.01355013888238644,0.029232920068704305,0.15442328671277697,0.07189540406183989,-0.0061815556684976895,-0.03345165598283012,-0.048134846722214804,-0.05577113818264577,0.08692880945266404,-0.04965977346343427,-0.04757889877719272,-0.07984483908224854,0.017446870815069248,-0.01721608577328392,0.045083809855610016,-0.04950909709661656,-0.026528491625483028,-7.960606417083474e-5,-0.009467065766963541,-0.016958461424409668,0.010589007353459003,0.03650745137344742,0.07189540406183989,0.08613745338258927,-0.005623662733797048,0.00399373931636517,-0.017168828563937033,-0.01842064398474693,-0.023807387638477034,0.008102087187427134,-0.009061464065815206,0.0018204930168519429,0.007726735837899528,-0.01567521504733691,-0.0034155279924055356,0.006950741368288694,0.005781691801789978,0.005678133747372103,0.0036701390941876215,-0.010865944911845792,-0.020190835861905832,0.022970333222583555,-0.0061815556684976895,-0.005623662733797048,0.03768968485195474,0.027611987771986108,0.024869077792050664,0.01845531946877283,-0.0367744608436938,-0.0004407866336430528,-0.029926290686720876,-0.0053272659072842714,0.03327281915604609,-0.026778815260191543,-0.0017640308100964966,-0.007457925610754411,-0.003686668238590577,0.006186627388831693,0.007311337103384907,-0.008374738122276466,-0.056151111142383914,0.035584360363127655,-0.03345165598283012,0.00399373931636517,0.027611987771986108,0.10279117011700806,0.049990243599688254,0.047843618739390026,-0.05255134375713755,0.01981343297002429,-0.008599183091045313,0.02136917934131359,0.014316697219787712,-0.02131632941268919,-0.0009319444064833163,0.014164855028382585,0.01804837006483337,0.010920432751994086,0.006602776729162594,-0.0018048774478870468,-0.022342667331582886,0.01968020756996266,-0.048134846722214804,-0.017168828563937033,0.024869077792050664,0.049990243599688254,0.05228483936168874,0.03806043300706861,-0.06211917768253562,0.027530630395489766,0.0023581061268621003,0.050776051731690586,0.012242932243256982,-0.014127914614758383,-0.01355269299513635,0.047274950614515726,0.017804921240981604,0.013194384900185156,0.01378763267937731,0.003962920603800066,-0.0215952558374175,-0.005447716677460751,-0.05577113818264577,-0.01842064398474693,0.01845531946877283,0.047843618739390026,0.03806043300706861,0.06234950862514836
0.0753955498413984,0.0031324809232331973,-0.019136457648610675,-0.017659346529212375,-0.009165226139559038,-0.010291758871504797,0.010568543092906989,0.013009780141098496,-0.01631332185510327,0.003890589285538269,0.0006819464343036641,-0.008911535716077834,0.013337621420697849,0.02554483296436489,0.03227429603209912,-0.0058962021872769905,-0.0027775886868682174,-0.02573901193885992,-0.006570190391750926,-0.011964878643672785,0.0031324809232331973,0.05103009776880964,-0.014712511539847133,0.0044394773613074135,-0.012653928034412442,-0.007258917847958511,0.008062443690138874,0.03244506170795367,-0.00404639505898211,-0.00895186163353895,0.006436237506711455,-0.00960383617312494,0.007236560424262754,-0.004534516136077025,-0.028546360221639804,-0.01875455046500005,-0.004864715803086591,0.012125319804508535,0.010297297377380249,0.014861567010290663,-0.019136457648610675,-0.014712511539847133,0.04102130213450445,0.016455566716109263,0.007232594894641188,0.016772284316056985,-0.01895812725189608,-0.012765499912162205,0.000634312803735771,-0.005522612034453336,-0.00819223417848415,0.010940458642129051,-0.012944587928517999,-0.007124729127780621,-0.00030430185436083987,0.006985788865524416,0.013402032770206618,-0.0036719420921685953,-0.0016898519156366778,0.0018764304054694676,-0.017659346529212375,0.0044394773613074135,0.016455566716109263,0.047252997645368985,-0.00958959460744275,0.008633715595135039,-0.01003957819143549,0.009643813827434749,0.004297608265420507,0.0030902312059397467,0.0020538787780165517,0.002929968413490967,-0.008051647794709403,-0.015500313872348785,-0.02074765138526178,-0.0054316875075324286,0.0066128654769039424,-0.00036076638202936295,-0.0015692620720780465,0.01123257908555344,-0.009165226139559038,-0.012653928034412442,0.007232594894641188,-0.00958959460744275,0.0378419977312795,-0.0050006944262961355,-0.0040183229339002665,-0.019483518405308903,0.0007861296219421671,0.002416865625660753,0.003752829621410779,0.007467808884891521,-0.012075764687296053,-0.0026990065073522595,0.004951710904759743,0.015809771821168377,-0.0028619131505105986,0.006582212147780264,-0.008362247684674164,-0.0015443654313422356,-0.010291758871504797,-0.007258917847958511,0.016772284316056985,0.008633715595135039,-0.0050006944262961355,0.0482618777161233,0.0006485694405368944,-0.004813013625461906,0.001111465773216081,-0.004526009762970372,-0.013831453272418383,0.0010277987737044587,-0.004411711602917087,-0.005348962845999962,0.016250190606243886,-0.0032651515980336105,0.015207043272615068,-0.004689178621019348,-0.008892674815329156,0.005212446498845185,0.010568543092906989,0.008062443690138874,-0.01895812725189608,-0.01003957819143549,-0.0040183229339002665,0.0006485694405368944,0.03469550588705318,0.004616018014809261,0.0030545517558613873,0.004493179804043359,-8.97032067132869e-5,-0.006110337810647129,0.015982023996702573,-0.0014255366962499785,0.003100122919385988,-0.0006330341211198715,-0.009420332465801897,0.0061782736004827275,0.0013867554569244882,-0.004604857355099909,0.013009780141098496,0.03244506170795367,-0.012765499912162205,0.009643813827434749,-0.019483518405308903,-0.004813013625461906,0.004616018014809261,0.05855739418696682,-0.004216870229389172,-0.004320268947162571,0.00547376246367811,-0.012131967865659003,0.008042896382104881,-0.000934720170676613,-0.01408721071473142,-0.01999515141160247,-0.0042940475731865334,0.006844224827326937,0.000620441116738591,0.019700447513558553,-0.01631332185510327,-0.00404639505898211,0.000634312803735771,0.004297608265420507,0.0007861296219421671,0.001111465773216081,0.0030545517558613873,-0.004216870229389172,0.024508649221232044,0.006970536175096633,-0.0043091305323287015,0.001214757889026794,0.007884132744002851,-0.007997492649544366,-0.006486856754200689,-0.0006909464730827217,0.0012135938625752335,0.0028823326607149598,0.004397184759584798,0.0010571327202370045,0.003890589285538269,-0.00895186163353895,-0.005522612034453336,0.0030902312059397467,0.002416865625660753,-0.004526009762970372,0.004493179804043359,-0.004320268947162571,0.006970536175096633,0.043207420837771904,0.0022407202807248963,0.0045816929409090885,-0.007529896564292187,-0.009138662377473714,0.007294842198424466,0.0006408697266078359,-0.008588789432911286,-0.01096044978274121,-0.004353981704684857,0.0013430408895408795,0.0006819464343036641,0.006436237506711455,-0.00819223417848415,0.0020538787780165517,0.003752829621410779,-0.013831453272418383,-8.97032067132869e-5,0.00547376246367811,-0.0043091305323287015,0.0022407202807248963,0.028337765432431418,0.0014178957518077438,-0.008992501535391318,-0.0014483531096434422,-0.010932060887586791,0.005611132254330293,-0.0062374217541899014,0.008016128914890178,-0.005422154266605669,-0.0011464289724903778,-0.008911535716077834,-0.00960383617312494,0.010940458642129051,0.002929968413490967,0.007467808884891521,0.0010277987737044587,-0.006110337810647129,-0.012131967865659003,0.001214757889026794,0.0045816929409090885,0.0014178957518077438,0.022290198315202233,-0.009566426030140397,-0.0011017667220761956,-0.004150312602024162,0.006597644944407585,0.002641451424281264,-1.649874204014682e-5,0.0022115789200735695,-0.00014400655803913022,0.013337621420697849,0.007236560424262754,-0.012944587928517999,-0.008051647794709403,-0.012075764687296053,-0.004411711602917087,0.015982023996702573,0.008042896382104881,0.007884132744002851,-0.007529896564292187,-0.008992501535391318,-0.009566426030140397,0.04267305178507668,0.009373771543245635,-0.0006880655938026371,-0.007087483264729372,-0.0037627537992868153,0.001446906969525188,0.001344351565075307,0.00036828540367846787,0.02554483296436489,-0.004534516136077025,-0.007124729127780621,-0.015500313872348785,-0.0026990065073522595,-0.005348962845999962,-0.0014255366962499785,-0.000934720170676613,-0.007997492649544366,-0.009138662377473714,-0.0014483531096434422,-0.0011017667220761956,0.009373771543245635,0.037184461953992776,0.01458492677407764,0.00682887094165993,0.005506558400283361,-0.006701499831719002,0.0029443954016129966,-0.010075373031843238,0.03227429603209912,-0.028546360221639804,-0.00030430185436083987,-0.02074765138526178,0.004951710904759743,0.016250190606243886,0.003100122919385988,-0.01408721071473142,-0.006486856754200689,0.007294842198424466,-0.010932060887586791,-0.004150312602024162,-0.0006880655938026371,0.01458492677407764,0.06831542145982482,0.0019242763265426123,0.0045020221622883595,-0.02707280948533701,-0.014206252939539477,-0.017223014854219794,-0.0058962021872769905,-0.01875455046500005,0.006985788865524416,-0.0054316875075324286,0.015809771821168377,-0.0032651515980336105,-0.0006330341211198715,-0.01999515141160247,-0.0006909464730827217,0.0006408697266078359,0.005611132254330293,0.006597644944407585,-0.007087483264729372,0.00682887094165993,0.0019242763265426123,0.03358645353915695,-0.003529393492956362,0.006014115366707732,-0.008275247683149,-0.0076554332911307294,-0.0027775886868682174,-0.004864715803086591,0.013402032770206618,0.0066128654769039424,-0.0028619131505105986,0.015207043272615068,-0.009420332465801897,-0.0042940475731865334,0.0012135938625752335,-0.008588789432911286,-0.0062374217541899014,0.002641451424281264,-0.0037627537992868153,0.005506558400283361,0.0045020221622883595,-0.003529393492956362,0.026192943006095877,-0.005628403837854271,0.0015205501407247223,0.0026089068016800702,-0.02573901193885992,0.012125319804508535,-0.0036719420921685953,-0.00036076638202936295,0.006582212147780264,-0.004689178621019348,0.0061782736004827275,0.006844224827326937,0.0028823326607149598,-0.01096044978274121,0.008016128914890178,-1.649874204014682e-5,0.001446906969525188,-0.006701499831719002,-0.02707280948533701,0.006014115366707732,-0.005628403837854271,0.05757737763590788,-0.0046356949107817635,0.011809251808548556,-0.006570190391750926,0.010297297377380249,-0.0016898519156366778,-0.0015692620720780465,-0.008362247684674164,-0.008892674815329156,0.0013867554569244882,0.000620441116738591,0.004397184759584798,-0.004353981704684857,-0.005422154266605669,0.0022115789200735695,0.001344351565075307,0.0029443954016129966,-0.014206252939539477,-0.008275247683149,0.0015205501407247223,-0.0046356949107817635,0.025030092522277416,0.006201705301018783,-0.011964878643672785,0.014861567010290663,0.0018764304054694676,0.01123257908555344,-0.0015443654313422356,0.005212446498845185,-0.004604857355099909,0.019700447513558553,0.0010571327202370045,0.0013430408895408795,-0.0011464289724903778,-0.00014400655803913022,0.00036828540367846787,-0.010075373031843238,-0.017223014854219794,-0.0076554332911307294,0.0026089068016800702,0.011809251808548556,0.006201705301018783,0.03137551151865283
0.10250652969230742,0.022177458730391557,0.014551579671294761,-0.016205511577301865,-0.0013985187724021636,-0.019015935460096566,-0.011310166787682862,0.0198375778384764,-0.052388273484023404,-0.007961549433436379,0.02920353606297931,-0.0013129972189663188,0.005791864670721809,0.03813481035273472,0.03562426478743398,-0.0018771709962173793,0.00020785288425002706,-0.04298088624892246,-0.026456604436586643,-0.030039722825579214,0.022177458730391557,0.09167144468254632,0.014253010836568164,0.01655562164942443,0.0074874110603669105,-0.062739224498501,-0.050445042017235306,0.053506890425162684,-0.03122553452517668,-0.0033025870390017745,0.015691360262377996,0.012773638313388196,-0.02681781314548111,0.03783243960946203,-0.00806451296659065,-0.03543899203753332,0.009872128937323239,0.0162439112340008,0.008427828797038232,0.0016489238128742866,0.014551579671294761,0.014253010836568164,0.053113023508610316,0.015985675236834085,0.017890362949259993,0.003516589768813261,-0.011040330305860848,0.02487819785432338,0.01335595501225535,0.007530967154033532,0.016613656066449,0.008696310477156445,-0.020710850432379902,0.006768078905135387,0.001518042800097424,0.0009323218695876149,0.0025011047044302703,-0.007346566632585028,0.012444722794269742,0.010316822503492381,-0.016205511577301865,0.01655562164942443,0.015985675236834085,0.04979853160116701,0.006684102687935039,-0.022585137323950503,-0.018833061997044438,0.034436321162541784,0.026737881911648484,0.02202784664312247,0.008573032094737879,0.0008078806526167002,-0.01968487342823279,0.004674296618025821,-0.020299184670627617,-0.011448033554581169,0.006087283498325154,-0.008228311474257373,0.03272558892010442,0.029629949832088505,-0.0013985187724021636,0.0074874110603669105,0.017890362949259993,0.006684102687935039,0.03651340399307908,-0.008494896889779925,-0.013411463110079439,0.0030995035646908314,0.007730965511916579,0.004312191324387791,-0.0006378959159734935,0.01337793377731698,-0.02257644375169633,0.01888679931905682,0.004410795195779034,0.008499867679540883,0.0019863071180828158,0.01936860273233807,0.002480771217137274,0.011611090977076252,-0.019015935460096566,-0.062739224498501,0.003516589768813261,-0.022585137323950503,-0.008494896889779925,0.09436807729551393,0.04400418222269656,-0.04006598734520106,0.02182762208622923,-0.02090088339533188,-0.017588463651362393,-0.004725860069118912,0.026412644359142867,-0.03039383338873551,0.006824534886919931,0.03116322630077318,-0.0008831594181877719,-3.481155641717448e-5,-0.022645798296965766,-0.00475695337709405,-0.011310166787682862,-0.050445042017235306,-0.011040330305860848,-0.018833061997044438,-0.013411463110079439,0.04400418222269656,0.0642620264774535,-0.04342647849340571,0.029209348388728476,0.0034474339431895887,-0.0036687227522907992,-0.016180597026111618,0.028863549600843443,-0.045672355767802326,-0.007511547861821443,0.016208482831482376,-0.012029117709313555,-0.014452373895778508,0.0024064344488744895,-0.010720785466227394,0.0198375778384764,0.053506890425162684,0.02487819785432338,0.034436321162541784,0.0030995035646908314,-0.04006598734520106,-0.04342647849340571,0.08909948817998077,-0.004752722628394,0.01965917508202232,0.025449806508853846,-0.0042056640361906265,-0.02776858592668404,0.02865953191802412,-0.0034148197316280823,-0.02568133046986857,0.007586020838012209,-0.005824253043758691,0.01229267613129809,0.022241921084225527,-0.052388273484023404,-0.03122553452517668,0.01335595501225535,0.026737881911648484,0.007730965511916579,0.02182762208622923,0.029209348388728476,-0.004752722628394,0.09976716726312868,0.03605295207241933,-1.2481654556575558e-7,-0.021332683828907816,0.004593950859123404,-0.043261157728361914,-0.032085068674051836,0.004840977969308037,-0.003967750387049878,-0.0018123353124769493,0.04388693698771994,0.03527654194291792,-0.007961549433436379,-0.0033025870390017745,0.007530967154033532,0.02202784664312247,0.004312191324387791,-0.02090088339533188,0.0034474339431895887,0.01965917508202232,0.03605295207241933,0.05745528692212251,0.012272265680121488,-0.019259428149438776,-0.010108147320467699,-0.008284011111042003,-0.004822077082668189,-0.0064891337900164735,-0.01057671628959992,-0.015222835667685999,0.021469667409875187,0.015703675263026275,0.02920353606297931,0.015691360262377996,0.016613656066449,0.008573032094737879,-0.0006378959159734935,-0.017588463651362393,-0.0036687227522907992,0.025449806508853846,-1.2481654556575558e-7,0.012272265680121488,0.03458807417494405,-0.009268660622888898,-0.0081484829852933,0.003404569626806026,0.00442315257588345,0.0010437284963511107,-0.006554305728659523,-0.020104152791113675,0.011711270336338925,0.010507283526026449,-0.0013129972189663188,0.012773638313388196,0.008696310477156445,0.0008078806526167002,0.01337793377731698,-0.004725860069118912,-0.016180597026111618,-0.0042056640361906265,-0.021332683828907816,-0.019259428149438776,-0.009268660622888898,0.03534894525636041,-0.016556805663783338,0.016216620443347953,0.0009241132458685962,0.0025737745413595683,0.005711223356675501,0.014163366198790786,-0.006022217078488559,-0.0034712521517862886,0.005791864670721809,-0.02681781314548111,-0.020710850432379902,-0.01968487342823279,-0.02257644375169633,0.026412644359142867,0.028863549600843443,-0.02776858592668404,0.004593950859123404,-0.010108147320467699,-0.0081484829852933,-0.016556805663783338,0.05551920035206312,-0.02215511233787002,-0.003721035515950456,0.0037900331143666515,-0.009927724611208815,-0.02856267065117691,-0.01396324570182238,-0.020928313447674395,0.03813481035273472,0.03783243960946203,0.006768078905135387,0.004674296618025821,0.01888679931905682,-0.03039383338873551,-0.045672355767802326,0.02865953191802412,-0.043261157728361914,-0.008284011111042003,0.003404569626806026,0.016216620443347953,-0.02215511233787002,0.07000538893634523,0.019607318029488903,-0.006642903167584991,0.01604120907548856,0.018354379194502307,-0.01919302784990112,-0.011530157166182749,0.03562426478743398,-0.00806451296659065,0.001518042800097424,-0.020299184670627617,0.004410795195779034,0.006824534886919931,-0.007511547861821443,-0.0034148197316280823,-0.032085068674051836,-0.004822077082668189,0.00442315257588345,0.0009241132458685962,-0.003721035515950456,0.019607318029488903,0.07761391056710006,0.020513894236786723,0.009168152884742152,-0.009182892365808722,-0.03303861569101649,-0.006998002449646532,-0.0018771709962173793,-0.03543899203753332,0.0009323218695876149,-0.011448033554581169,0.008499867679540883,0.03116322630077318,0.016208482831482376,-0.02568133046986857,0.004840977969308037,-0.0064891337900164735,0.0010437284963511107,0.0025737745413595683,0.0037900331143666515,-0.006642903167584991,0.020513894236786723,0.042783251038996134,-0.006497404828048733,-0.0012203293010803248,-0.010039946962615048,0.008968576952818465,0.00020785288425002706,0.009872128937323239,0.0025011047044302703,0.006087283498325154,0.0019863071180828158,-0.0008831594181877719,-0.012029117709313555,0.007586020838012209,-0.003967750387049878,-0.01057671628959992,-0.006554305728659523,0.005711223356675501,-0.009927724611208815,0.01604120907548856,0.009168152884742152,-0.006497404828048733,0.02806083726047492,0.010549783230655743,-0.00174395636249901,0.0010735753361733062,-0.04298088624892246,0.0162439112340008,-0.007346566632585028,-0.008228311474257373,0.01936860273233807,-3.481155641717448e-5,-0.014452373895778508,-0.005824253043758691,-0.0018123353124769493,-0.015222835667685999,-0.020104152791113675,0.014163366198790786,-0.02856267065117691,0.018354379194502307,-0.009182892365808722,-0.0012203293010803248,0.010549783230655743,0.09453264659224697,-0.010009829007024316,0.008275350503188061,-0.026456604436586643,0.008427828797038232,0.012444722794269742,0.03272558892010442,0.002480771217137274,-0.022645798296965766,0.0024064344488744895,0.01229267613129809,0.04388693698771994,0.021469667409875187,0.011711270336338925,-0.006022217078488559,-0.01396324570182238,-0.01919302784990112,-0.03303861569101649,-0.010039946962615048,-0.00174395636249901,-0.010009829007024316,0.05174673405013043,0.032092189384623146,-0.030039722825579214,0.0016489238128742866,0.010316822503492381,0.029629949832088505,0.011611090977076252,-0.00475695337709405,-0.010720785466227394,0.022241921084225527,0.03527654194291792,0.015703675263026275,0.010507283526026449,-0.0034712521517862886,-0.020928313447674395,-0.011530157166182749,-0.006998002449646532,0.008968576952818465,0.0010735753361733062,0.008275350503188061,0.032092189384623146,0.051576632815597906
