0.0335472877285429,0.0024020017847643915,-0.0036006430042010203,2.1481229518408463e-5,0.003694765599886507,-0.006915762819928329,0.0011044217470327793,-0.008954759873243257,-0.004948910244945829,-0.0006960342928837953,-0.0023584053782663155,-0.003910012006597035,-0.0013539058211148286,0.0021225848062303068,-0.004998291218010263,0.006344281627020517,0.0050980481014543215,-0.008955222349515783,0.008214941296152058,0.0019446593383627417,0.0024020017847643915,0.02610735368005157,0.010365100100226813,-0.003706543867215273,-0.0004170381413744794,0.006663877235166938,-0.0030641195568849554,-0.015753005885582885,0.00024667232007041166,0.0022797565599850596,-0.0019108508100592289,-0.0009592225052979566,0.006991517042600551,0.0027089823758938924,0.004472704568788193,0.01267876006438785,-0.004705450831989767,-0.008868361741925655,0.005263053980977667,-0.00313023814641197,-0.0036006430042010203,0.010365100100226813,0.08694558871153397,-0.030880341334810456,-0.042598645224572816,0.010297115247557984,0.011984845042594035,0.009266517853272645,-0.0048602100768125826,0.04030664601880836,-0.017713837053931588,-0.00873418029883017,0.0017079284761706785,0.0033846900047815667,0.03999982476864098,-0.0011018368098078078,0.00724366489512472,-0.01150612117002585,-0.00934040433354617,-0.048274931323809264,2.1481229518408463e-5,-0.003706543867215273,-0.030880341334810456,0.06329953467718484,0.02541734321001861,-0.007842417613960147,-0.004194856723837912,0.0032331519967308342,0.0027826383850662034,-0.020397922396781162,-0.0016111179525049402,0.011025545139686899,0.0014256826716609824,-0.00454863993118889,-0.03400417785856137,-0.02289893154484656,-0.0077241098557684785,0.011304808031790245,0.006896074832993553,0.021879998025081844,0.003694765599886507,-0.0004170381413744794,-0.042598645224572816,0.02541734321001861,0.05466956759774783,-0.009057984305576092,-0.007388792124235039,-0.011219686239289175,0.003192268866216393,-0.02771541041629849,0.009608009040277555,0.013030226017292382,-0.0009908588482831328,0.0019065445527409568,-0.037383734612930195,-0.012963223096901181,0.009445217667431768,0.0036679386992754842,0.012078190181629957,0.03476951810527522,-0.006915762819928329,0.006663877235166938,0.010297115247557984,-0.007842417613960147,-0.009057984305576092,0.04600407557945572,-6.800137510678735e-5,-0.008515266044225929,0.011003978653178134,0.0033411109213541713,0.0071457150462128,0.014069076046272864,-0.002794738994259462,-0.007260409141792211,-0.005308264127429256,0.001158068727316981,-0.013313829702234346,-0.0032235775967141105,-0.0047582736121197095,-0.009739586738438092,0.0011044217470327793,-0.0030641195568849554,0.011984845042594035,-0.004194856723837912,-0.007388792124235039,-6.800137510678735e-5,0.03347137849354355,0.017572899565418625,-0.007475162643595755,0.012458624507888507,-0.010582380643740938,-0.011786524322030579,0.0007777392957239444,-0.0052595353193567815,0.012899351167531162,0.0028253496266151226,0.004548455027382073,-0.00018183438000989624,-0.010684806881635159,-0.014290132099847995,-0.008954759873243257,-0.015753005885582885,0.009266517853272645,0.0032331519967308342,-0.011219686239289175,-0.008515266044225929,0.017572899565418625,0.05922704029151981,0.0025720447864796335,0.008868520313131407,-0.011933710260259606,-0.006625748977897224,0.0006846758358376255,-0.000597649206144568,0.01955539034029325,-0.00973723117456428,0.013507016280899438,0.012058078450382405,-0.01677719985569459,-0.009742532808858423,-0.004948910244945829,0.00024667232007041166,-0.0048602100768125826,0.0027826383850662034,0.003192268866216393,0.011003978653178134,-0.007475162643595755,0.0025720447864796335,0.026322951420169306,-0.005878584166335745,0.005478446968677469,0.006290573585631704,-0.0013995139776352772,-0.003151216094031638,-0.0017633919535522688,-0.0031564058590350143,-0.007947980336001083,0.0064571827009115195,-0.01098944861694824,0.005278046809029931,-0.0006960342928837953,0.0022797565599850596,0.04030664601880836,-0.020397922396781162,-0.02771541041629849,0.0033411109213541713,0.012458624507888507,0.008868520313131407,-0.005878584166335745,0.05083290094099613,-0.015046744002295036,-0.01881781427379576,0.005278761529147301,0.002793100392768343,0.027861273494662393,0.015258480091789399,0.0019604539503906017,-0.003524335534341956,-0.012192816281239992,-0.03218493783921428,-0.0023584053782663155,-0.0019108508100592289,-0.017713837053931588,-0.0016111179525049402,0.009608009040277555,0.0071457150462128,-0.010582380643740938,-0.011933710260259606,0.005478446968677469,-0.015046744002295036,0.021291008842621605,0.008889348266989082,-0.0015880940856575988,-0.003156029442176399,-0.014373267585089253,0.0021655877668992764,-0.007376145033167109,0.006574921754650107,0.0026799207668292122,0.013522199567341677,-0.003910012006597035,-0.0009592225052979566,-0.00873418029883017,0.011025545139686899,0.013030226017292382,0.014069076046272864,-0.011786524322030579,-0.006625748977897224,0.006290573585631704,-0.01881781427379576,0.008889348266989082,0.04635886409186559,-0.01183316083361548,0.004295263165909951,-0.013430229456843811,-0.025039329174596205,-0.005491650517542922,0.0017169720429059197,0.005948613966918109,0.007437610262089974,-0.0013539058211148286,0.006991517042600551,0.0017079284761706785,0.0014256826716609824,-0.0009908588482831328,-0.002794738994259462,0.0007777392957239444,0.0006846758358376255,-0.0013995139776352772,0.005278761529147301,-0.0015880940856575988,-0.01183316083361548,0.018414226010232695,-0.0005146025012072422,-0.004077642278268807,0.004677901671466533,0.00034541800137498287,-0.001197991364664345,0.0028578840431076574,-0.003330005215786352,0.0021225848062303068,0.0027089823758938924,0.0033846900047815667,-0.00454863993118889,0.0019065445527409568,-0.007260409141792211,-0.0052595353193567815,-0.000597649206144568,-0.003151216094031638,0.002793100392768343,-0.003156029442176399,0.004295263165909951,-0.0005146025012072422,0.01756810566766679,0.00905024865252978,0.0020965158722085382,0.0038190953379617443,-0.004175487758567569,-0.00042657541439221976,-0.0030884849359830617,-0.004998291218010263,0.004472704568788193,0.03999982476864098,-0.03400417785856137,-0.037383734612930195,-0.005308264127429256,0.012899351167531162,0.01955539034029325,-0.0017633919535522688,0.027861273494662393,-0.014373267585089253,-0.013430229456843811,-0.004077642278268807,0.00905024865252978,0.07755314726473642,0.026380814067777324,0.0014785637043041942,-0.0051218084589799845,-0.010379416701527682,-0.02686551063148149,0.006344281627020517,0.01267876006438785,-0.0011018368098078078,-0.02289893154484656,-0.012963223096901181,0.001158068727316981,0.0028253496266151226,-0.00973723117456428,-0.0031564058590350143,0.015258480091789399,0.0021655877668992764,-0.025039329174596205,0.004677901671466533,0.0020965158722085382,0.026380814067777324,0.059066727503381905,-0.007072337120922048,-0.00716070325942173,-0.0024046021960403416,-0.002051871584694014,0.0050980481014543215,-0.004705450831989767,0.00724366489512472,-0.0077241098557684785,0.009445217667431768,-0.013313829702234346,0.004548455027382073,0.013507016280899438,-0.007947980336001083,0.0019604539503906017,-0.007376145033167109,-0.005491650517542922,0.00034541800137498287,0.0038190953379617443,0.0014785637043041942,-0.007072337120922048,0.03309462561350642,-0.0031188015166846413,3.792227701251847e-5,0.0014813388927659853,-0.008955222349515783,-0.008868361741925655,-0.01150612117002585,0.011304808031790245,0.0036679386992754842,-0.0032235775967141105,-0.00018183438000989624,0.012058078450382405,0.0064571827009115195,-0.003524335534341956,0.006574921754650107,0.0017169720429059197,-0.001197991364664345,-0.004175487758567569,-0.0051218084589799845,-0.00716070325942173,-0.0031188015166846413,0.028886300095513958,-0.0038007704025959533,0.013270498144408753,0.008214941296152058,0.005263053980977667,-0.00934040433354617,0.006896074832993553,0.012078190181629957,-0.0047582736121197095,-0.010684806881635159,-0.01677719985569459,-0.01098944861694824,-0.012192816281239992,0.0026799207668292122,0.005948613966918109,0.0028578840431076574,-0.00042657541439221976,-0.010379416701527682,-0.0024046021960403416,3.792227701251847e-5,-0.0038007704025959533,0.02246071431774529,0.0070647358360254806,0.0019446593383627417,-0.00313023814641197,-0.048274931323809264,0.021879998025081844,0.03476951810527522,-0.009739586738438092,-0.014290132099847995,-0.009742532808858423,0.005278046809029931,-0.03218493783921428,0.013522199567341677,0.007437610262089974,-0.003330005215786352,-0.0030884849359830617,-0.02686551063148149,-0.002051871584694014,0.0014813388927659853,0.013270498144408753,0.0070647358360254806,0.07359302308481162
0.03205619759217204,0.00811174940324523,-0.0016938099694963652,-0.02369138476908833,-0.0039702558439798545,0.014911787106038462,0.0024248831702551924,-0.001655239051985063,0.01196361141586004,0.006473507279825136,0.0007289690196912342,-0.00920853687163252,-0.0008132433590846224,-0.008706517829677657,0.00636178162360492,0.0076128267734595955,0.0008638106158179873,0.0009848320884725272,0.0034733949442818136,-0.004201549815411822,0.00811174940324523,0.04452082151306923,0.016757553012630023,-0.018702502001186283,-0.017283231504761368,0.019415960307601683,-0.0015485762513413753,-0.017202281516173305,0.003946899562070214,0.005337689361199776,0.0007192240096765939,-0.009945302706784117,-0.005321579515770053,-0.0076604326588000544,0.004623304887113256,0.004428052933069781,-0.007218893895549455,3.1725079235595324e-5,0.00021982415401127577,-0.0031760137614824796,-0.0016938099694963652,0.016757553012630023,0.06275820668591364,-0.001998703278343148,-0.018301170085611846,0.011548834888464695,0.00975365924565094,-0.01714832163022544,0.00014232279643982193,0.010545207527448908,0.00248180828867144,-0.020451107826642743,-0.006984945418056807,0.0006890939221947268,0.007226538097065286,-0.0038409356508060342,-0.005879798572267128,-0.0028063199020645197,-0.012299077749568163,0.00036748893648213404,-0.02369138476908833,-0.018702502001186283,-0.001998703278343148,0.07986149895124468,0.02667516754332024,-0.02490846706299903,-0.007993469343716612,0.01165669675488573,-0.010343814884172362,-0.009601485960649036,-0.007258955419642938,0.0016135257768660843,0.005514358680666915,0.01677887437121521,-0.012068304069399256,-0.011640811920268602,0.004721105006399622,-0.0022370846878332355,0.009519371834534468,-0.0142933830449927,-0.0039702558439798545,-0.017283231504761368,-0.018301170085611846,0.02667516754332024,0.03179194096345132,-0.015170850440931201,-0.006192492641442549,0.0144922815266448,-0.0037400418709502754,-0.0052453991794477635,-0.00028573902757464767,0.006354482239188331,0.0020619193278055324,0.005789401741301782,-0.0073607102845319435,-0.003615816639373506,0.006855537901428163,-0.0041547231350175014,0.010375378692433941,-0.0024340217938280807,0.014911787106038462,0.019415960307601683,0.011548834888464695,-0.02490846706299903,-0.015170850440931201,0.035626517596210674,0.002115028083008313,-0.0195576076077444,0.011473865223039222,0.011412774388398994,0.003275784333959886,-0.010207471044563966,-0.0020197738668562685,-0.003617554519991661,0.008609327868467026,0.021762844491395594,-0.0048958900011142805,-0.002068338741921815,-0.004566525913021882,-0.015616744879680209,0.0024248831702551924,-0.0015485762513413753,0.00975365924565094,-0.007993469343716612,-0.006192492641442549,0.002115028083008313,0.026924703276033773,-0.0015845735314519466,-0.002238121680066028,0.00955301894173564,-0.007866145379073331,-0.00881082967089968,0.0025379953921040237,-0.0023961486547826915,0.005684892562551017,0.00213510379564288,-0.0010384443078174225,-0.00510127591072047,-0.011937240888183308,-0.001004579281607422,-0.001655239051985063,-0.017202281516173305,-0.01714832163022544,0.01165669675488573,0.0144922815266448,-0.0195576076077444,-0.0015845735314519466,0.04358736259315878,-0.0016108369861976756,-0.002426871493115842,-0.005547259676329801,0.008723922244147923,0.003962093135814804,-0.0018873015978985229,-0.002570309976434236,-0.020732912684201063,0.00546881420707345,0.00043254493098232236,0.0058573697635400535,-2.708784086596214e-5,0.01196361141586004,0.003946899562070214,0.00014232279643982193,-0.010343814884172362,-0.0037400418709502754,0.011473865223039222,-0.002238121680066028,-0.0016108369861976756,0.026206413841097596,0.0013554362778382199,-0.0012110626785021964,-0.0028666844492537162,0.008044506554471018,-0.005708537902378652,0.004473536760167724,0.012482767661024236,-0.009421576197381883,0.0017005574921681265,0.0004077756040945079,-0.02236849676454304,0.006473507279825136,0.005337689361199776,0.010545207527448908,-0.009601485960649036,-0.0052453991794477635,0.011412774388398994,0.00955301894173564,-0.002426871493115842,0.0013554362778382199,0.0326118336877343,-0.0053367428443977655,-0.007998234793732023,0.00024277461076936224,-0.0008973023511116055,0.011692803634727845,0.010990685041826804,-0.0032882128767099386,-0.010585013174636474,-0.007552191703582609,-0.016675001114224163,0.0007289690196912342,0.0007192240096765939,0.00248180828867144,-0.007258955419642938,-0.00028573902757464767,0.003275784333959886,-0.007866145379073331,-0.005547259676329801,-0.0012110626785021964,-0.0053367428443977655,0.022799764155364326,0.00038622064942027976,-0.0012993321062702019,-0.005105740360181111,-0.0018707365339548415,0.0024865268547824976,-0.0014138037287503029,0.004709451976381925,-0.0016205788467466716,0.008189254012556546,-0.00920853687163252,-0.009945302706784117,-0.020451107826642743,0.0016135257768660843,0.006354482239188331,-0.010207471044563966,-0.00881082967089968,0.008723922244147923,-0.0028666844492537162,-0.007998234793732023,0.00038622064942027976,0.03219320805064619,-0.0035280216793487093,0.0014443358575471506,-0.008567065677342554,-0.008124886682295636,-0.0018681160012554618,0.009733279488098196,0.006111454023239838,0.010261267804322093,-0.0008132433590846224,-0.005321579515770053,-0.006984945418056807,0.005514358680666915,0.0020619193278055324,-0.0020197738668562685,0.0025379953921040237,0.003962093135814804,0.008044506554471018,0.00024277461076936224,-0.0012993321062702019,-0.0035280216793487093,0.021959283618217595,0.002447581055503366,0.0023184775540838615,0.00487392282740751,-0.0031042468960818474,-0.003588969642785387,0.0029894518809579313,-0.011487912523119733,-0.008706517829677657,-0.0076604326588000544,0.0006890939221947268,0.01677887437121521,0.005789401741301782,-0.003617554519991661,-0.0023961486547826915,-0.0018873015978985229,-0.005708537902378652,-0.0008973023511116055,-0.005105740360181111,0.0014443358575471506,0.002447581055503366,0.029393075099471106,0.005246619719139844,-0.007002094674954454,0.010720024064355467,-0.0026053516482229073,-0.00576927826198928,-0.0041725657806843345,0.00636178162360492,0.004623304887113256,0.007226538097065286,-0.012068304069399256,-0.0073607102845319435,0.008609327868467026,0.005684892562551017,-0.002570309976434236,0.004473536760167724,0.011692803634727845,-0.0018707365339548415,-0.008567065677342554,0.0023184775540838615,0.005246619719139844,0.024071636427562222,0.004389282320932567,-0.0007367039333321238,-0.00616476094694479,-0.0030686621315862044,-0.011395087255218424,0.0076128267734595955,0.004428052933069781,-0.0038409356508060342,-0.011640811920268602,-0.003615816639373506,0.021762844491395594,0.00213510379564288,-0.020732912684201063,0.012482767661024236,0.010990685041826804,0.0024865268547824976,-0.008124886682295636,0.00487392282740751,-0.007002094674954454,0.004389282320932567,0.05794324638765207,-0.014067051409168939,-0.007398990253211484,0.0003608316743836349,-0.03352069610371645,0.0008638106158179873,-0.007218893895549455,-0.005879798572267128,0.004721105006399622,0.006855537901428163,-0.0048958900011142805,-0.0010384443078174225,0.00546881420707345,-0.009421576197381883,-0.0032882128767099386,-0.0014138037287503029,-0.0018681160012554618,-0.0031042468960818474,0.010720024064355467,-0.0007367039333321238,-0.014067051409168939,0.03259406133068716,-0.0027432250490064865,-0.006477119928272788,0.011257694407311229,0.0009848320884725272,3.1725079235595324e-5,-0.0028063199020645197,-0.0022370846878332355,-0.0041547231350175014,-0.002068338741921815,-0.00510127591072047,0.00043254493098232236,0.0017005574921681265,-0.010585013174636474,0.004709451976381925,0.009733279488098196,-0.003588969642785387,-0.0026053516482229073,-0.00616476094694479,-0.007398990253211484,-0.0027432250490064865,0.03273005718253509,0.008542598948659746,0.011773610984675628,0.0034733949442818136,0.00021982415401127577,-0.012299077749568163,0.009519371834534468,0.010375378692433941,-0.004566525913021882,-0.011937240888183308,0.0058573697635400535,0.0004077756040945079,-0.007552191703582609,-0.0016205788467466716,0.006111454023239838,0.0029894518809579313,-0.00576927826198928,-0.0030686621315862044,0.0003608316743836349,-0.006477119928272788,0.008542598948659746,0.02335227296473873,-0.002981641818473323,-0.004201549815411822,-0.0031760137614824796,0.00036748893648213404,-0.0142933830449927,-0.0024340217938280807,-0.015616744879680209,-0.001004579281607422,-2.708784086596214e-5,-0.02236849676454304,-0.016675001114224163,0.008189254012556546,0.010261267804322093,-0.011487912523119733,-0.0041725657806843345,-0.011395087255218424,-0.03352069610371645,0.011257694407311229,0.011773610984675628,-0.002981641818473323,0.07472113080079291
0.028393876176019572,0.010851805270100285,0.026764324904388584,-0.0333271301173658,0.008878274535825261,0.018764926286438437,-0.01069084091426334,0.004902073197063518,0.006118215423425743,-0.012335672551985168,0.023458254043338747,-0.04246814406814415,0.008559438511760682,-0.0038423291301282873,-0.01320583202996815,0.025997984410693134,0.013603148963647976,-0.0054412694308785155,0.018135250506713663,-0.008657501573409988,0.010851805270100285,0.0469173268480032,0.03601173519027165,-0.04809743213195739,0.013773273536964788,0.017215676410456158,-0.008359766487110853,0.0012606527942878158,0.01078065944065651,-0.01393249961518913,0.02090844343241713,-0.05175765840010099,0.01595511249312387,-0.00800938296944868,0.0057365172271836755,0.013969859677273716,0.019288904898534534,-0.0166105812731126,0.019716304549627334,-0.04281071350331539,0.026764324904388584,0.03601173519027165,0.13559742033740804,-0.09237876805492684,-0.008125485796097807,0.04941374347189573,0.010497087365364324,-0.004020066885283054,0.028023536142393758,0.000608346068076495,0.007685064646953858,-0.08564337346221412,0.006927836320103513,-0.014903015099363266,-0.018431568999439034,0.01655078747774985,0.024010322830416146,-0.04892245050750521,0.0036987047815424173,-0.03410848342484714,-0.0333271301173658,-0.04809743213195739,-0.09237876805492684,0.1434915097304354,-0.00941285954634651,-0.03459640453001001,-0.007501915774272109,-0.014189405539145595,-0.02824149097176091,0.025738769914419597,-0.02169475119539903,0.09121639658984942,-0.018602314136816726,0.013688861421937551,-0.025015936590369325,-0.013488146490468915,-0.04033680970260055,0.044533950719765014,-0.026504117361939385,0.05920844188083694,0.008878274535825261,0.013773273536964788,-0.008125485796097807,-0.00941285954634651,0.059461860722304055,0.008540259913699375,-0.022980015086070567,0.03518850807013142,0.006207340122343811,-0.034039710937159864,0.030278163537541425,-0.03894331307326791,0.025080331209219715,-0.009723174549926033,-0.03932377194703683,-0.005121754858281118,0.03400540270584781,-0.000798633971013275,0.03668371456492435,-0.008821717176689586,0.018764926286438437,0.017215676410456158,0.04941374347189573,-0.03459640453001001,0.008540259913699375,0.058023703208944115,0.005876669551895446,0.011234707220762107,0.02472017008029137,0.000783773595201613,0.0003443402532804533,-0.0473838882051124,0.01271098248207794,-0.010451308286334782,-0.048927305870807694,0.016079338112865247,-0.0007736991141761513,-0.03625913386420972,0.0016010004244015417,-0.012361887835965153,-0.01069084091426334,-0.008359766487110853,0.010497087365364324,-0.007501915774272109,-0.022980015086070567,0.005876669551895446,0.06284293955083277,-0.010556500566296135,0.006727620877980577,0.02583180833493514,-0.05093313099530793,0.0276608489952841,-0.006673127042937484,0.001793986857940379,0.026901367311649237,-0.02734081442251224,-0.022677537733098063,-0.03271212442296176,-0.03891215555031203,-0.012501881108037165,0.004902073197063518,0.0012606527942878158,-0.004020066885283054,-0.014189405539145595,0.03518850807013142,0.011234707220762107,-0.010556500566296135,0.0722261236741399,0.019284061879370852,-0.017164339817595117,0.005293948812265298,-0.015348008588386485,0.015296995617594383,-0.005665019832345195,-0.03693315886071954,-0.02479720562730693,0.02279185165544492,-0.01769025929244575,0.003235762741359912,-0.002899020788600394,0.006118215423425743,0.01078065944065651,0.028023536142393758,-0.02824149097176091,0.006207340122343811,0.02472017008029137,0.006727620877980577,0.019284061879370852,0.03222895020612989,0.005817042983801217,-0.0035806384016241217,-0.019591476673668246,0.0053070579833269255,-0.007882327715582114,-0.015866908686025527,-0.012780788649459189,4.756756271206541e-7,-0.02836726610488672,-0.01405828233914665,-0.021350999442502145,-0.012335672551985168,-0.01393249961518913,0.000608346068076495,0.025738769914419597,-0.034039710937159864,0.000783773595201613,0.02583180833493514,-0.017164339817595117,0.005817042983801217,0.06557291184920139,-0.032678641962310025,0.042066966577920716,-0.017993435459081584,-0.005598187199949936,0.013964365083819867,-0.02003757937980514,-0.024831457964467476,-0.018478470797890684,-0.05119162185264,0.005835633691152423,0.023458254043338747,0.02090844343241713,0.007685064646953858,-0.02169475119539903,0.030278163537541425,0.0003443402532804533,-0.05093313099530793,0.005293948812265298,-0.0035806384016241217,-0.032678641962310025,0.08169582253157862,-0.05273369758844566,0.008702484367190684,-0.013832313606574696,-0.010024622533063667,0.03301743211435355,0.03921261653590122,0.023205438547628292,0.035140697356687886,-0.014569893537437772,-0.04246814406814415,-0.05175765840010099,-0.08564337346221412,0.09121639658984942,-0.03894331307326791,-0.0473838882051124,0.0276608489952841,-0.015348008588386485,-0.019591476673668246,0.042066966577920716,-0.05273369758844566,0.13270415619700437,-0.031223668777353195,0.018436245755281987,0.03190447697642678,-0.045494715951748636,-0.04857989868373569,0.026344897525201492,-0.054674162839921346,0.05040449838299725,0.008559438511760682,0.01595511249312387,0.006927836320103513,-0.018602314136816726,0.025080331209219715,0.01271098248207794,-0.006673127042937484,0.015296995617594383,0.0053070579833269255,-0.017993435459081584,0.008702484367190684,-0.031223668777353195,0.02602703623510171,-0.004498934655290006,-0.016321106754581927,0.0033646639866447684,0.015505967270109989,-0.007937214123375124,0.027195728166776168,-0.015877423895873856,-0.0038423291301282873,-0.00800938296944868,-0.014903015099363266,0.013688861421937551,-0.009723174549926033,-0.010451308286334782,0.001793986857940379,-0.005665019832345195,-0.007882327715582114,-0.005598187199949936,-0.013832313606574696,0.018436245755281987,-0.004498934655290006,0.02237045111747247,0.010496339254313033,0.0025601635141917307,-0.014729384802028563,0.01318949645033854,-1.725928957971659e-5,0.014280843975288521,-0.01320583202996815,0.0057365172271836755,-0.018431568999439034,-0.025015936590369325,-0.03932377194703683,-0.048927305870807694,0.026901367311649237,-0.03693315886071954,-0.015866908686025527,0.013964365083819867,-0.010024622533063667,0.03190447697642678,-0.016321106754581927,0.010496339254313033,0.15649775849981135,-0.016662211906211616,0.0044304338778837025,-0.004784059780608663,-0.01748089299018062,-0.06064031281349143,0.025997984410693134,0.013969859677273716,0.01655078747774985,-0.013488146490468915,-0.005121754858281118,0.016079338112865247,-0.02734081442251224,-0.02479720562730693,-0.012780788649459189,-0.02003757937980514,0.03301743211435355,-0.045494715951748636,0.0033646639866447684,0.0025601635141917307,-0.016662211906211616,0.07798911389427708,-0.0011171450822326174,0.021965280938518985,0.034079122378143596,0.0025457607327342043,0.013603148963647976,0.019288904898534534,0.024010322830416146,-0.04033680970260055,0.03400540270584781,-0.0007736991141761513,-0.022677537733098063,0.02279185165544492,4.756756271206541e-7,-0.024831457964467476,0.03921261653590122,-0.04857989868373569,0.015505967270109989,-0.014729384802028563,0.0044304338778837025,-0.0011171450822326174,0.06137105670015036,-0.005248822342667761,0.02652476410730968,-0.023515183686309976,-0.0054412694308785155,-0.0166105812731126,-0.04892245050750521,0.044533950719765014,-0.000798633971013275,-0.03625913386420972,-0.03271212442296176,-0.01769025929244575,-0.02836726610488672,-0.018478470797890684,0.023205438547628292,0.026344897525201492,-0.007937214123375124,0.01318949645033854,-0.004784059780608663,0.021965280938518985,-0.005248822342667761,0.07498879941999768,0.026004762771507862,0.04728571392306219,0.018135250506713663,0.019716304549627334,0.0036987047815424173,-0.026504117361939385,0.03668371456492435,0.0016010004244015417,-0.03891215555031203,0.003235762741359912,-0.01405828233914665,-0.05119162185264,0.035140697356687886,-0.054674162839921346,0.027195728166776168,-1.725928957971659e-5,-0.01748089299018062,0.034079122378143596,0.02652476410730968,0.026004762771507862,0.0746589500242403,-0.0030482242767528797,-0.008657501573409988,-0.04281071350331539,-0.03410848342484714,0.05920844188083694,-0.008821717176689586,-0.012361887835965153,-0.012501881108037165,-0.002899020788600394,-0.021350999442502145,0.005835633691152423,-0.014569893537437772,0.05040449838299725,-0.015877423895873856,0.014280843975288521,-0.06064031281349143,0.0025457607327342043,-0.023515183686309976,0.04728571392306219,-0.0030482242767528797,0.10193030221973567
