0.049913587106142354,0.04215193930195964,0.04354760428235297,0.04618476586141559,0.03304012534332238,-0.001992821371663403,0.01514516645734327,0.021124278915375723,0.03164140823206389,0.05130456017239897,0.02091066549538783,0.038043766731328504,0.0322789375832567,0.026727170027273133,0.010063503828672585,0.016283810339220602,0.029740251232883083,0.0009195087284666914,0.016609088834822212,0.011446401840323335,0.04215193930195964,0.06050894452545655,0.05688418578536492,0.047578610516016626,0.03899324392949599,0.003247110031165754,0.017953883717300816,0.02614883087792303,0.027483175503626053,0.0630999953754606,0.01957173726038399,0.0398362205614355,0.037148785172350166,0.028707413174732035,0.008590574108795865,0.02246027035195998,0.036754474723646555,0.002194658610831346,0.02263467027902061,0.010609912544476165,0.04354760428235297,0.05688418578536492,0.09710215085230918,0.06599364593377227,0.0494450117799305,-0.013836700679168864,0.033569803196231277,0.011964092004774243,0.010591835725201292,0.07652170403322942,0.028545291833357783,0.04354497394129752,0.05308662438693638,0.03237940613019439,0.016654342133210355,0.024965392061715445,0.06478216387348873,-0.00883480501025475,0.028946992453359487,-0.004556882850239076,0.04618476586141559,0.047578610516016626,0.06599364593377227,0.1223743256034087,0.04529288063171475,-0.020149538182920507,0.004830743612733176,0.008281074412326244,0.059072749197132686,0.07151702318598452,0.029311203324739025,0.06523216220200348,0.05233405149148069,0.04685657103417197,0.016778054097904536,0.0028471957213436474,0.039115285254911175,-0.004901031923957541,0.027047118992411252,0.013515901116817722,0.03304012534332238,0.03899324392949599,0.0494450117799305,0.04529288063171475,0.04746496721049616,-0.008443236798565675,0.016077674877216622,0.014086573672744199,0.021537655036126844,0.0514671539630366,0.018497178387726396,0.03158327195649678,0.030647088203650037,0.021259836534907754,0.007428955749580177,0.010912485763076732,0.03342992707049422,-0.0043961169026097615,0.014592173133214363,0.004372139662077008,-0.001992821371663403,0.003247110031165754,-0.013836700679168864,-0.020149538182920507,-0.008443236798565675,0.04746548363226311,-0.023775993348489018,0.024654234415497425,0.01461459511237622,0.002528652756143887,-0.009358205583977488,-0.00252482188750196,-0.015410724658933507,-0.0020285726355192945,-0.013556952996001442,-0.0007197041576284777,-0.037563340835803045,0.009796343250720829,-0.0011887992028929697,0.01851131239303016,0.01514516645734327,0.017953883717300816,0.033569803196231277,0.004830743612733176,0.016077674877216622,-0.023775993348489018,0.05335924567120035,-0.0054413697589652255,-0.012283724166499959,0.021784385295542778,0.02144798451388108,0.008531294926698565,0.02491965383750982,0.00518365036869921,0.007843119677174229,0.017123427068299966,0.054387434426769285,-0.008234518803183554,0.011855004076572945,-0.014033865837143398,0.021124278915375723,0.02614883087792303,0.011964092004774243,0.008281074412326244,0.014086573672744199,0.024654234415497425,-0.0054413697589652255,0.04594095700287902,0.023903153174739636,0.026168162459546215,0.004160982579424336,0.01704238707754073,0.007767350123060696,0.01285977895169867,-0.003174927215126245,0.017566208545791,-0.008479697447362766,0.01513835754241211,0.010694614896660286,0.02416069993671073,0.03164140823206389,0.027483175503626053,0.010591835725201292,0.059072749197132686,0.021537655036126844,0.01461459511237622,-0.012283724166499959,0.023903153174739636,0.08365901837661524,0.033033547340994986,0.012286222027496513,0.04214556446698289,0.01829016783831542,0.03464240108473657,0.004217965228864433,-0.004120268436352236,-0.005578483555134047,0.015040469170483142,0.010264500417618946,0.032852709878747964,0.05130456017239897,0.0630999953754606,0.07652170403322942,0.07151702318598452,0.0514671539630366,0.002528652756143887,0.021784385295542778,0.026168162459546215,0.033033547340994986,0.09407664548914503,0.0282064682705339,0.05119849123618955,0.04916649860948588,0.03835247350487571,0.011798091667309671,0.023573740427531038,0.048024582259903206,0.0003037716763571676,0.030521978233818116,0.0079603138906576,0.02091066549538783,0.01957173726038399,0.028545291833357783,0.029311203324739025,0.018497178387726396,-0.009358205583977488,0.02144798451388108,0.004160982579424336,0.012286222027496513,0.0282064682705339,0.038543135516936,0.018455173296167613,0.028558639486176856,0.015263735937180153,0.011785904696639203,0.01035212495754209,0.03213883091934529,0.0016665750013324827,0.014355181867970522,0.0048359284680572785,0.038043766731328504,0.0398362205614355,0.04354497394129752,0.06523216220200348,0.03158327195649678,-0.00252482188750196,0.008531294926698565,0.01704238707754073,0.04214556446698289,0.05119849123618955,0.018455173296167613,0.06012859737252718,0.03423137406309409,0.037055937417918086,0.008344263106416722,0.008293502864292993,0.024987819212283678,0.002285775415078719,0.019577131845713885,0.011269984975014137,0.0322789375832567,0.037148785172350166,0.05308662438693638,0.05233405149148069,0.030647088203650037,-0.015410724658933507,0.02491965383750982,0.007767350123060696,0.01829016783831542,0.04916649860948588,0.028558639486176856,0.03423137406309409,0.05797939947485661,0.023404944515975704,0.013578310589971622,0.01324537485405704,0.04590444057947249,-4.95738053220845e-5,0.019626115233191327,-0.00149957146160917,0.026727170027273133,0.028707413174732035,0.03237940613019439,0.04685657103417197,0.021259836534907754,-0.0020285726355192945,0.00518365036869921,0.01285977895169867,0.03464240108473657,0.03835247350487571,0.015263735937180153,0.037055937417918086,0.023404944515975704,0.04156690726534398,0.007936566450209941,0.004805840445924825,0.018891051064829256,0.0033281371309910393,0.013819211521956056,0.013273978111317941,0.010063503828672585,0.008590574108795865,0.016654342133210355,0.016778054097904536,0.007428955749580177,-0.013556952996001442,0.007843119677174229,-0.003174927215126245,0.004217965228864433,0.011798091667309671,0.011785904696639203,0.008344263106416722,0.013578310589971622,0.007936566450209941,0.020043900754697416,-0.0002867921062923234,0.016495555582163614,-0.002411320317048023,0.0035341130635781603,-0.0013954002015956998,0.016283810339220602,0.02246027035195998,0.024965392061715445,0.0028471957213436474,0.010912485763076732,-0.0007197041576284777,0.017123427068299966,0.017566208545791,-0.004120268436352236,0.023573740427531038,0.01035212495754209,0.008293502864292993,0.01324537485405704,0.004805840445924825,-0.0002867921062923234,0.035468020800325406,0.02177027030619715,0.0007864101323896864,0.013180241739402349,0.004252412682956954,0.029740251232883083,0.036754474723646555,0.06478216387348873,0.039115285254911175,0.03342992707049422,-0.037563340835803045,0.054387434426769285,-0.008479697447362766,-0.005578483555134047,0.048024582259903206,0.03213883091934529,0.024987819212283678,0.04590444057947249,0.018891051064829256,0.016495555582163614,0.02177027030619715,0.09465066819234375,-0.01664213800776498,0.021681776365602,-0.018490240755182394,0.0009195087284666914,0.002194658610831346,-0.00883480501025475,-0.004901031923957541,-0.0043961169026097615,0.009796343250720829,-0.008234518803183554,0.01513835754241211,0.015040469170483142,0.0003037716763571676,0.0016665750013324827,0.002285775415078719,-4.95738053220845e-5,0.0033281371309910393,-0.002411320317048023,0.0007864101323896864,-0.01664213800776498,0.022656756527781968,0.00031347517257925743,0.015377188133131079,0.016609088834822212,0.02263467027902061,0.028946992453359487,0.027047118992411252,0.014592173133214363,-0.0011887992028929697,0.011855004076572945,0.010694614896660286,0.010264500417618946,0.030521978233818116,0.014355181867970522,0.019577131845713885,0.019626115233191327,0.013819211521956056,0.0035341130635781603,0.013180241739402349,0.021681776365602,0.00031347517257925743,0.024831586726479817,0.004542404664876324,0.011446401840323335,0.010609912544476165,-0.004556882850239076,0.013515901116817722,0.004372139662077008,0.01851131239303016,-0.014033865837143398,0.02416069993671073,0.032852709878747964,0.0079603138906576,0.0048359284680572785,0.011269984975014137,-0.00149957146160917,0.013273978111317941,-0.0013954002015956998,0.004252412682956954,-0.018490240755182394,0.015377188133131079,0.004542404664876324,0.04269164648086093
