0.048711512796240024,-0.002876731938042153,0.007603020836946521,0.01141287747212558,0.015493618921353829,-0.005327729128407083,0.014801679018842592,-0.01153322864452326,-0.0023996347455825864,0.015514003843120884,-0.02173618826401234,-0.015989248957666,-0.008728127457509775,0.028766327054778613,0.010347505182982343,-0.034494298122207924,-0.010770980076186635,-0.024978118133441862,0.0532332570833312,0.02474737258432564,-0.002876731938042153,0.03570166867334963,0.0009145793923144008,-0.014291806479446278,0.0072430058662961835,-0.018855644291767625,0.012184455503661562,-0.001018041690571125,-0.004505196224987931,0.004251182993623376,0.008777625682464641,-0.012024041977710133,0.011713038546374791,0.017823214656959224,-0.0322952138866784,-0.010283060135155973,-0.005949149994492419,-0.016889715092449804,0.012142232730048014,-0.018899750732201057,0.007603020836946521,0.0009145793923144008,0.022053742699508765,0.004630290325725345,-0.009691163537236296,0.008065076524545044,0.0033221829667762215,0.007254119169708072,0.0022061873754807178,-0.00684381061765574,0.004318392064058167,-0.00552709383880815,0.006027771895507343,-0.002491763591738908,0.001153527700425721,0.009586736920655878,-0.000819500837835236,0.012386575708522946,-0.012372982622862254,0.0024606618023975645,0.01141287747212558,-0.014291806479446278,0.004630290325725345,0.04113372133703821,0.021046334929608612,-0.005117752684066291,-0.013509301894983422,-0.014248522786650033,0.009905370958392574,0.012755798007060783,-0.01766770605608125,0.0022541464628419547,0.003811045422365763,0.0024531138506236785,0.02285055171973566,-0.027359103634711838,-0.008389293076292308,0.008120197229721467,0.01964973391025458,0.004043625924367825,0.015493618921353829,0.0072430058662961835,-0.009691163537236296,0.021046334929608612,0.12487241253719968,-0.07588870794436299,-0.016336084667586157,-0.04835293969795586,0.00646721650406624,0.06512444038068793,-0.027702228682576317,-0.0388817237450615,0.02333185471692485,0.06404202334075389,-0.03909303823649862,-0.10465975472419467,-0.025956878108961468,-0.030102134086530643,0.09876252470630308,-0.024171255812107204,-0.005327729128407083,-0.018855644291767625,0.008065076524545044,-0.005117752684066291,-0.07588870794436299,0.09745462868644764,0.002117492142188516,0.03779967757939085,-0.01286517945195187,-0.04350073231838347,0.027131875681674203,0.03657086716145478,-0.02882893294778864,-0.03973652568387635,0.022589844522761294,0.09137958751037545,0.02755101879941578,0.018933948145095986,-0.07145528254699635,0.03689321359047833,0.014801679018842592,0.012184455503661562,0.0033221829667762215,-0.013509301894983422,-0.016336084667586157,0.002117492142188516,0.0372540736696098,0.001243577928245906,-0.011759181572028352,-0.00969124176516313,0.007929004112621138,-0.010129900334454493,0.001982149589827337,0.015794733598801333,-0.004130177811858878,-0.006908039318257764,-0.002990633018288772,-0.02268353328210189,0.005531522104851623,0.010580488976356347,-0.01153322864452326,-0.001018041690571125,0.007254119169708072,-0.014248522786650033,-0.04835293969795586,0.03779967757939085,0.001243577928245906,0.0371048735746208,-1.521756566609067e-5,-0.025841112168712564,0.01522834648573431,0.01593748489480991,-0.01076650911899028,-0.027975973279498502,0.002658777069476808,0.05614643449362411,0.012377944358390867,0.02393837341117113,-0.05445054593808128,0.006073605694097128,-0.0023996347455825864,-0.004505196224987931,0.0022061873754807178,0.009905370958392574,0.00646721650406624,-0.01286517945195187,-0.011759181572028352,-1.521756566609067e-5,0.025171334472693832,-0.0029974628697140627,-0.007894276577018895,0.00030770742151205047,0.00679513359956423,-0.00997013331369278,0.026032794450524428,-0.017902342030898487,-0.0013261582730889985,0.02146642029192617,3.949868109535005e-5,-0.009549366834553541,0.015514003843120884,0.004251182993623376,-0.00684381061765574,0.012755798007060783,0.06512444038068793,-0.04350073231838347,-0.00969124176516313,-0.025841112168712564,-0.0029974628697140627,0.0557890212888816,-0.02930742001716907,-0.024636944070430336,0.0020399163553174557,0.039010637029393704,-0.03258468565300586,-0.06001814326974561,-0.020487525888062706,-0.023386831132501187,0.07060665414644696,-0.016481271563734603,-0.02173618826401234,0.008777625682464641,0.004318392064058167,-0.01766770605608125,-0.027702228682576317,0.027131875681674203,0.007929004112621138,0.01522834648573431,-0.007894276577018895,-0.02930742001716907,0.048187619623252034,0.008356675291144464,0.010437786095176114,-0.012450723766546764,-0.014894491193603983,0.050140161292081833,0.015523947156239655,0.0067341777355407716,-0.05571289465341711,0.002474682655656251,-0.015989248957666,-0.012024041977710133,-0.00552709383880815,0.0022541464628419547,-0.0388817237450615,0.03657086716145478,-0.010129900334454493,0.01593748489480991,0.00030770742151205047,-0.024636944070430336,0.008356675291144464,0.046966542994907726,-0.016168896728396682,-0.038576298628716164,0.027777819965625054,0.04936987066659691,0.023326108246392904,0.028456603928222503,-0.05187909667862184,0.007508489682119693,-0.008728127457509775,0.011713038546374791,0.006027771895507343,0.003811045422365763,0.02333185471692485,-0.02882893294778864,0.001982149589827337,-0.01076650911899028,0.00679513359956423,0.0020399163553174557,0.010437786095176114,-0.016168896728396682,0.04036735158420381,0.009219717625245781,-0.009518567422094736,-0.023905972686185935,-0.01216066155761021,0.001061047411700809,-0.0006139307032114838,-0.021896171608726027,0.028766327054778613,0.017823214656959224,-0.002491763591738908,0.0024531138506236785,0.06404202334075389,-0.03973652568387635,0.015794733598801333,-0.027975973279498502,-0.00997013331369278,0.039010637029393704,-0.012450723766546764,-0.038576298628716164,0.009219717625245781,0.07364763891491932,-0.04060821838676694,-0.07332542415845947,-0.02387163663725829,-0.05615743596709685,0.08810690384515266,0.0010230168829943771,0.010347505182982343,-0.0322952138866784,0.001153527700425721,0.02285055171973566,-0.03909303823649862,0.022589844522761294,-0.004130177811858878,0.002658777069476808,0.026032794450524428,-0.03258468565300586,-0.014894491193603983,0.027777819965625054,-0.009518567422094736,-0.04060821838676694,0.11918551144040636,-0.002464124007868978,0.013206374810955285,0.028000724932920964,-0.025680139967527733,0.035731431992924806,-0.034494298122207924,-0.010283060135155973,0.009586736920655878,-0.027359103634711838,-0.10465975472419467,0.09137958751037545,-0.006908039318257764,0.05614643449362411,-0.017902342030898487,-0.06001814326974561,0.050140161292081833,0.04936987066659691,-0.023905972686185935,-0.07332542415845947,-0.002464124007868978,0.16207055791089495,0.04807454623124548,0.05477576920903907,-0.13889964465749133,0.010603974310954098,-0.010770980076186635,-0.005949149994492419,-0.000819500837835236,-0.008389293076292308,-0.025956878108961468,0.02755101879941578,-0.002990633018288772,0.012377944358390867,-0.0013261582730889985,-0.020487525888062706,0.015523947156239655,0.023326108246392904,-0.01216066155761021,-0.02387163663725829,0.013206374810955285,0.04807454623124548,0.0355865237729275,0.022914594237181094,-0.04794468316910745,0.012329659924884823,-0.024978118133441862,-0.016889715092449804,0.012386575708522946,0.008120197229721467,-0.030102134086530643,0.018933948145095986,-0.02268353328210189,0.02393837341117113,0.02146642029192617,-0.023386831132501187,0.0067341777355407716,0.028456603928222503,0.001061047411700809,-0.05615743596709685,0.028000724932920964,0.05477576920903907,0.022914594237181094,0.0877976673324273,-0.08374512886935706,-0.016812623632967455,0.0532332570833312,0.012142232730048014,-0.012372982622862254,0.01964973391025458,0.09876252470630308,-0.07145528254699635,0.005531522104851623,-0.05445054593808128,3.949868109535005e-5,0.07060665414644696,-0.05571289465341711,-0.05187909667862184,-0.0006139307032114838,0.08810690384515266,-0.025680139967527733,-0.13889964465749133,-0.04794468316910745,-0.08374512886935706,0.18642179620276145,0.002139330930519349,0.02474737258432564,-0.018899750732201057,0.0024606618023975645,0.004043625924367825,-0.024171255812107204,0.03689321359047833,0.010580488976356347,0.006073605694097128,-0.009549366834553541,-0.016481271563734603,0.002474682655656251,0.007508489682119693,-0.021896171608726027,0.0010230168829943771,0.035731431992924806,0.010603974310954098,0.012329659924884823,-0.016812623632967455,0.002139330930519349,0.05668076386116988
0.020700128414452047,0.002457672006037132,-0.0003059256525694012,-0.005474838747912401,0.018111846694084242,-0.011999634227918332,0.00021598770274731933,-0.004404912302525193,0.00522978565341073,0.01703554790621866,-0.008679476541344485,-0.008583441130343164,-0.003586754878599525,0.01489876562146813,-0.00726439672548484,-0.017685788737868816,-0.00954192151726049,-0.002639306899933923,0.024752427975579777,-0.004861982673413966,0.002457672006037132,0.031224233124674927,0.009334491686143196,-0.0039942693361603564,0.010337755568675971,-0.004958360269984523,-0.0021984372313699255,0.0019781570097680747,-0.00608372023711908,0.011347808155861592,0.003773907569114351,-0.01124875821015533,-0.005403161921398997,0.013764869345086549,-0.027276350765393045,-0.000770074676801988,-0.0030859274671073862,-0.0018979848929984785,0.01119237331473329,-0.007919709043707885,-0.0003059256525694012,0.009334491686143196,0.026230135976209636,-6.417895219115028e-5,-0.009013100453293121,0.006221241268863691,-0.003587722181503243,0.005245588229720053,-0.0036467587873527966,-0.007380418700759222,0.00713694974467532,0.006298763785213561,0.0006671190287605158,-0.008751936005948494,-0.004720041492081892,0.01635173427967136,-0.0019112024199140507,0.0024818132845471734,-0.012730411104631537,-0.0030655590371437835,-0.005474838747912401,-0.0039942693361603564,-6.417895219115028e-5,0.024588522242232926,-0.004695075171656534,0.002653352826699842,-0.005664067809896544,0.0016665881931571674,0.008567700878690188,-0.011023191850656495,0.006415256143565533,0.007483100432113559,0.007417962186304717,-0.010026559675345369,0.008961886048300232,0.009297595796256383,0.0030424443493344087,0.006013684155340312,-0.013282801294441211,-0.0002420823083135069,0.018111846694084242,0.010337755568675971,-0.009013100453293121,-0.004695075171656534,0.10159283653583963,-0.05494458914741544,-0.006109790713533017,-0.02006963373503766,0.018286227631081897,0.06607899726323369,-0.04029018615378743,-0.0439436974383018,-0.010516975263054965,0.049704359573105775,-0.0324303286096391,-0.08464561116737457,-0.021879762274313132,-0.008747461670621537,0.09804811992179051,-0.031715457361528865,-0.011999634227918332,-0.004958360269984523,0.006221241268863691,0.002653352826699842,-0.05494458914741544,0.05288162732405072,0.000899502390836117,0.012224312397038181,-0.012411845757248272,-0.04637735190834923,0.030667825842459074,0.024700745511596456,0.01156310541683856,-0.03456804831302802,0.017885723280723513,0.06280098366501026,0.018708721443864394,0.009066056489844425,-0.0672239687528482,0.019988765565855902,0.00021598770274731933,-0.0021984372313699255,-0.003587722181503243,-0.005664067809896544,-0.006109790713533017,0.000899502390836117,0.02545969007322617,0.0019663012426199738,-0.008885138756025486,0.0010118546970625877,-0.00016220953295197494,-0.0040542868688230645,-0.0025372009981739305,-0.002458322272756583,-0.0024460392432557633,-0.0007901496266828944,0.0032770928010035266,0.0024857922272708394,0.00415173061791455,-0.003131204184890964,-0.004404912302525193,0.0019781570097680747,0.005245588229720053,0.0016665881931571674,-0.02006963373503766,0.012224312397038181,0.0019663012426199738,0.02194581100641126,-0.0033934477660366386,-0.006526271475546548,0.007631607916916293,0.008635350546425832,0.005085121856282677,-0.010286950295309316,-0.0003523996879753466,0.02577381220469166,0.0024109049919705727,-0.005534856644371625,-0.023213979740735843,0.004000632543402816,0.00522978565341073,-0.00608372023711908,-0.0036467587873527966,0.008567700878690188,0.018286227631081897,-0.012411845757248272,-0.008885138756025486,-0.0033934477660366386,0.022789790652640605,0.006895842340012132,-0.00854304175357462,-0.0024286285182824174,0.0027668466116492077,0.005948624508412838,0.008165489849019499,-0.023577447049051504,-0.0029560196515462135,0.0025503998171781434,0.014992442572810145,-0.00809966082220354,0.01703554790621866,0.011347808155861592,-0.007380418700759222,-0.011023191850656495,0.06607899726323369,-0.04637735190834923,0.0010118546970625877,-0.006526271475546548,0.006895842340012132,0.08724488876081324,-0.03312645436079241,-0.046085038896500674,-0.014657187321325704,0.045643177616315894,-0.04307800878381709,-0.06917208681954719,-0.022731963568251135,-0.0183526899269765,0.08270599451992919,-0.026265734279845538,-0.008679476541344485,0.003773907569114351,0.00713694974467532,0.006415256143565533,-0.04029018615378743,0.030667825842459074,-0.00016220953295197494,0.007631607916916293,-0.00854304175357462,-0.03312645436079241,0.043963337007581545,0.018834808060935897,0.008274515667199608,-0.019638215970284718,-0.001374152823887624,0.048441558178126634,0.00877793818276813,0.009348765620371277,-0.0454690532343977,0.014578534683267155,-0.008583441130343164,-0.01124875821015533,0.006298763785213561,0.007483100432113559,-0.0439436974383018,0.024700745511596456,-0.0040542868688230645,0.008635350546425832,-0.0024286285182824174,-0.046085038896500674,0.018834808060935897,0.04462620653199752,0.009008153247809677,-0.03240890667543064,0.030709056064666104,0.0404513483941852,0.010875479138376483,0.006952277591270627,-0.05334819749774317,0.01566982674163536,-0.003586754878599525,-0.005403161921398997,0.0006671190287605158,0.007417962186304717,-0.010516975263054965,0.01156310541683856,-0.0025372009981739305,0.005085121856282677,0.0027668466116492077,-0.014657187321325704,0.008274515667199608,0.009008153247809677,0.023859636003299663,-0.013294423120758082,0.0047868938977984575,0.018898884141255963,0.007468805090412258,0.007409831633887282,-0.01564746640351015,0.00043676283533652287,0.01489876562146813,0.013764869345086549,-0.008751936005948494,-0.010026559675345369,0.049704359573105775,-0.03456804831302802,-0.002458322272756583,-0.010286950295309316,0.005948624508412838,0.045643177616315894,-0.019638215970284718,-0.03240890667543064,-0.013294423120758082,0.05640399818396209,-0.030316705602535517,-0.0513898348361949,-0.016548995287753505,-0.009139069046565508,0.06481182376317665,-0.013453427425082168,-0.00726439672548484,-0.027276350765393045,-0.004720041492081892,0.008961886048300232,-0.0324303286096391,0.017885723280723513,-0.0024460392432557633,-0.0003523996879753466,0.008165489849019499,-0.04307800878381709,-0.001374152823887624,0.030709056064666104,0.0047868938977984575,-0.030316705602535517,0.08011362707930442,0.013211931139642747,0.010517101110729975,0.007537566878809557,-0.04466691570562563,0.02267447234079903,-0.017685788737868816,-0.000770074676801988,0.01635173427967136,0.009297595796256383,-0.08464561116737457,0.06280098366501026,-0.0007901496266828944,0.02577381220469166,-0.023577447049051504,-0.06917208681954719,0.048441558178126634,0.0404513483941852,0.018898884141255963,-0.0513898348361949,0.013211931139642747,0.11439464910893779,0.026360788291062365,0.011242852795104704,-0.10137403972583002,0.021513387226132503,-0.00954192151726049,-0.0030859274671073862,-0.0019112024199140507,0.0030424443493344087,-0.021879762274313132,0.018708721443864394,0.0032770928010035266,0.0024109049919705727,-0.0029560196515462135,-0.022731963568251135,0.00877793818276813,0.010875479138376483,0.007468805090412258,-0.016548995287753505,0.010517101110729975,0.026360788291062365,0.023583968951374084,0.00633044802959953,-0.028094586830278226,0.007546843806250864,-0.002639306899933923,-0.0018979848929984785,0.0024818132845471734,0.006013684155340312,-0.008747461670621537,0.009066056489844425,0.0024857922272708394,-0.005534856644371625,0.0025503998171781434,-0.0183526899269765,0.009348765620371277,0.006952277591270627,0.007409831633887282,-0.009139069046565508,0.007537566878809557,0.011242852795104704,0.00633044802959953,0.02881152011297354,-0.011710054051008363,-6.462237982910639e-5,0.024752427975579777,0.01119237331473329,-0.012730411104631537,-0.013282801294441211,0.09804811992179051,-0.0672239687528482,0.00415173061791455,-0.023213979740735843,0.014992442572810145,0.08270599451992919,-0.0454690532343977,-0.05334819749774317,-0.01564746640351015,0.06481182376317665,-0.04466691570562563,-0.10137403972583002,-0.028094586830278226,-0.011710054051008363,0.1291323935753334,-0.03219037525477335,-0.004861982673413966,-0.007919709043707885,-0.0030655590371437835,-0.0002420823083135069,-0.031715457361528865,0.019988765565855902,-0.003131204184890964,0.004000632543402816,-0.00809966082220354,-0.026265734279845538,0.014578534683267155,0.01566982674163536,0.00043676283533652287,-0.013453427425082168,0.02267447234079903,0.021513387226132503,0.007546843806250864,-6.462237982910639e-5,-0.03219037525477335,0.031526523837042845
0.051507520898133506,-0.0009436304254222609,-0.005675157517921895,-0.015847648646585263,0.011117623369650465,-0.007785083133465701,0.017804558073249127,-0.01060323471864974,0.0016217824274920335,0.030479031291714052,-0.011793466489076289,0.0006819612677162407,-0.0008291455331445076,0.017235294614003742,-0.02711349851973615,-0.043954834886510794,-0.011219440112825555,-0.051026907396706234,0.03521088670178595,-0.003967506466053211,-0.0009436304254222609,0.025913216941647634,0.0029362069590287442,0.0008512989309430756,-0.00020111025318453497,-0.0032068520366169365,0.0016680445977575527,0.012284981791654529,-0.0060291656524069075,0.008586500640877608,-0.006167293581715482,0.003414385686704456,-0.010408722637250102,0.0009117294379371204,-0.010744301044665453,0.007428409333524564,-0.0002276513693755624,0.007866488643497527,-0.0034385230929275517,-0.007676255659329701,-0.005675157517921895,0.0029362069590287442,0.013210952532758113,0.0021877827959749054,-0.007382069711127649,0.0045342648601297535,0.0027790874901254103,0.0061223683710345395,-0.002203432800227524,-0.0024510290233848743,0.001030187773781306,0.005413327459890167,-0.0031832591069815854,-0.0020746560417149364,0.0009376284539818459,0.007693658048980983,0.004688828700978281,-0.0008286713355597627,-0.008698531797770514,-0.0012329001103702707,-0.015847648646585263,0.0008512989309430756,0.0021877827959749054,0.04992238643893026,0.0064648363697998226,0.010761141683147379,-0.014539164632505607,0.004682192956698576,0.006199844528683822,-0.007350300542206655,0.0033564399382819956,0.00648015691831267,0.003407148487609363,-0.007780762422529472,0.02028558365532094,0.0204578156315516,-0.00500373416789726,0.03525493934808363,-0.02364724924892064,-0.004755496308957259,0.011117623369650465,-0.00020111025318453497,-0.007382069711127649,0.0064648363697998226,0.12085028056993914,-0.044946823968932716,-0.013853040860673616,-0.020015550544277193,0.018969522317265772,0.051520459497364945,-0.016753142509609666,-0.048014272612773135,-0.014362220782325795,0.05436461501524789,-0.04912394100836734,-0.07092293018417983,-0.060709591020194034,0.030571468259790315,0.0801540180830275,-0.052310908426032914,-0.007785083133465701,-0.0032068520366169365,0.0045342648601297535,0.010761141683147379,-0.044946823968932716,0.048008735712391615,0.0005511020572150128,0.010675032748977985,-0.008862955196602584,-0.03209078843888806,0.026937727313892275,0.02090018523957531,0.013369098712133133,-0.026526392121989706,0.019539499820671033,0.05890986898708399,0.02829345810188941,-0.0034501874832793527,-0.05946454097585845,0.022816896164512306,0.017804558073249127,0.0016680445977575527,0.0027790874901254103,-0.014539164632505607,-0.013853040860673616,0.0005511020572150128,0.030029259825212987,0.0058490835045306305,-0.01154940388770117,0.01028772064356467,-0.004203044481297193,0.0032971984251894447,-0.005942700902337157,0.007449637660459059,-0.015219097288082512,-0.007164701180081853,0.0014380365936165868,-0.024798432667549025,0.011606442218464793,-0.0006873240348076292,-0.01060323471864974,0.012284981791654529,0.0061223683710345395,0.004682192956698576,-0.020015550544277193,0.010675032748977985,0.0058490835045306305,0.029790991412064496,-0.007595760439994017,-0.0013934782260081955,0.0026103578605241357,0.0032040594375705262,-0.0005068360266004483,-0.0028356126064402023,-0.007565189699331667,0.03598534203055678,0.005480887698955994,0.006534297086087126,-0.029048460072727583,-0.002422801210280986,0.0016217824274920335,-0.0060291656524069075,-0.002203432800227524,0.006199844528683822,0.018969522317265772,-0.008862955196602584,-0.01154940388770117,-0.007595760439994017,0.0171516105854241,0.005514759315405076,-0.0027866244295342993,-0.013463859219728884,0.0002282626736198174,0.005224055476478413,0.0006733341616947733,-0.02188010574467541,-0.010875111733293296,0.005795217910462777,0.012124809340014246,-0.010738832305325222,0.030479031291714052,0.008586500640877608,-0.0024510290233848743,-0.007350300542206655,0.051520459497364945,-0.03209078843888806,0.01028772064356467,-0.0013934782260081955,0.005514759315405076,0.07301957897978097,-0.019967055656899144,-0.024308206757990922,-0.014653510736795265,0.05057959748335756,-0.06767603947752124,-0.06213694137658238,-0.03275199948118407,-0.027515613709907252,0.0584347344736262,-0.043542641082263064,-0.011793466489076289,-0.006167293581715482,0.001030187773781306,0.0033564399382819956,-0.016753142509609666,0.026937727313892275,-0.004203044481297193,0.0026103578605241357,-0.0027866244295342993,-0.019967055656899144,0.04457578802346065,0.007199262033209205,0.011741183795886335,-0.012122627788925618,0.0009559522211996544,0.055261900449757866,0.016280268607364666,0.013067109106911029,-0.04741180293615613,0.006833105462243678,0.0006819612677162407,0.003414385686704456,0.005413327459890167,0.00648015691831267,-0.048014272612773135,0.02090018523957531,0.0032971984251894447,0.0032040594375705262,-0.013463859219728884,-0.024308206757990922,0.007199262033209205,0.07033986770446493,0.0038497590625462155,-0.030396332899113775,0.04445692297916069,0.023455964104836115,0.03404033604239923,-0.023864173121591996,-0.033469089469179855,0.031965955728154596,-0.0008291455331445076,-0.010408722637250102,-0.0031832591069815854,0.003407148487609363,-0.014362220782325795,0.013369098712133133,-0.005942700902337157,-0.0005068360266004483,0.0002282626736198174,-0.014653510736795265,0.011741183795886335,0.0038497590625462155,0.026616220842940068,-0.012243754278687806,0.010813136119758947,0.020466568851950404,0.012133395105392653,-0.006416841610715522,-0.020980391809646396,0.015350317762688222,0.017235294614003742,0.0009117294379371204,-0.0020746560417149364,-0.007780762422529472,0.05436461501524789,-0.026526392121989706,0.007449637660459059,-0.0028356126064402023,0.005224055476478413,0.05057959748335756,-0.012122627788925618,-0.030396332899113775,-0.012243754278687806,0.05633408552048257,-0.05897836296613624,-0.04926871197071796,-0.034053031184024925,-0.006122145271946253,0.05350118909655448,-0.03814030054533357,-0.02711349851973615,-0.010744301044665453,0.0009376284539818459,0.02028558365532094,-0.04912394100836734,0.019539499820671033,-0.015219097288082512,-0.007565189699331667,0.0006733341616947733,-0.06767603947752124,0.0009559522211996544,0.04445692297916069,0.010813136119758947,-0.05897836296613624,0.1203137456863391,0.03355747827353718,0.03679270532155506,0.030556360349219023,-0.03645479748803601,0.057336102141971136,-0.043954834886510794,0.007428409333524564,0.007693658048980983,0.0204578156315516,-0.07092293018417983,0.05890986898708399,-0.007164701180081853,0.03598534203055678,-0.02188010574467541,-0.06213694137658238,0.055261900449757866,0.023455964104836115,0.020466568851950404,-0.04926871197071796,0.03355747827353718,0.16162794452100246,0.05069762328786044,0.05295589890205672,-0.12595717875235604,0.028240571876241655,-0.011219440112825555,-0.0002276513693755624,0.004688828700978281,-0.00500373416789726,-0.060709591020194034,0.02829345810188941,0.0014380365936165868,0.005480887698955994,-0.010875111733293296,-0.03275199948118407,0.016280268607364666,0.03404033604239923,0.012133395105392653,-0.034053031184024925,0.03679270532155506,0.05069762328786044,0.05223316295611146,-0.011983512352654727,-0.047800994763599496,0.03734688564561647,-0.051026907396706234,0.007866488643497527,-0.0008286713355597627,0.03525493934808363,0.030571468259790315,-0.0034501874832793527,-0.024798432667549025,0.006534297086087126,0.005795217910462777,-0.027515613709907252,0.013067109106911029,-0.023864173121591996,-0.006416841610715522,-0.006122145271946253,0.030556360349219023,0.05295589890205672,-0.011983512352654727,0.1241652793027187,-0.025932946575663085,-0.010179947292939192,0.03521088670178595,-0.0034385230929275517,-0.008698531797770514,-0.02364724924892064,0.0801540180830275,-0.05946454097585845,0.011606442218464793,-0.029048460072727583,0.012124809340014246,0.0584347344736262,-0.04741180293615613,-0.033469089469179855,-0.020980391809646396,0.05350118909655448,-0.03645479748803601,-0.12595717875235604,-0.047800994763599496,-0.025932946575663085,0.13452654678242426,-0.027386547148081763,-0.003967506466053211,-0.007676255659329701,-0.0012329001103702707,-0.004755496308957259,-0.052310908426032914,0.022816896164512306,-0.0006873240348076292,-0.002422801210280986,-0.010738832305325222,-0.043542641082263064,0.006833105462243678,0.031965955728154596,0.015350317762688222,-0.03814030054533357,0.057336102141971136,0.028240571876241655,0.03734688564561647,-0.010179947292939192,-0.027386547148081763,0.05735976516363976
