0.1301803720184129,0.03921550560447999,-0.036878467563349046,0.11036264285944672,-0.0574723678289329,-0.07653984717558779,0.003233550186622599,-0.0703585638813865,0.015060912728330525,-0.012336337455199839,0.018521382679104907,0.006009968806660201,-0.035734351238822334,-0.022523713490237445,0.026132338103869068,-0.044750220025542214,0.02531646512469672,0.0433661205011904,-0.0487294037994325,-0.023772453478769155,0.03921550560447999,0.041575726877420754,-0.032244854137450076,0.05045374372345097,-0.006411599959445305,-0.029282822777621904,-0.010486014102885974,-0.007833052828126408,0.02898347985183872,-0.01806929550524454,-0.00576027928065182,-0.0037986109219309864,-0.005147852523589503,-0.015629162243802057,0.003556449793934957,-0.007861959429426092,0.010645032435808312,-0.0015992777676847943,-0.018728651291793595,-0.031199906723211067,-0.036878467563349046,-0.032244854137450076,0.06183774716391243,-0.059805750848559235,0.011618875410977782,0.02911359541856746,0.0016343411972254687,0.010895210765187676,-0.028344166138531558,0.022829931744175108,-0.0020131918804919017,0.00647716238957316,0.009850516826739196,0.009128543455786023,0.002294285178030253,0.011243193294701345,-0.021743445001967066,-0.0016670930675698288,0.020086973149930132,0.023392716075524164,0.11036264285944672,0.05045374372345097,-0.059805750848559235,0.1467589423492778,-0.03661347207525183,-0.06765472493012459,-0.0244017728559877,-0.05108297575536923,0.017924354417334268,-0.009217415603318617,0.010099317853983238,-0.011579825980493886,-0.025939865356084453,-0.01852386569624558,0.020255454100801894,-0.043505633300208874,0.029613808705031996,0.031058942538904285,-0.04616120433228785,-0.04119084403269094,-0.0574723678289329,-0.006411599959445305,0.011618875410977782,-0.03661347207525183,0.06957772146101207,0.04805629446816736,-0.028590983147125753,0.05719910990436537,0.0015686433208202955,0.004317838250304453,-0.015483614190972113,-0.015605272500366366,0.0365801103535366,-0.0022973006450331007,-0.01221472223962658,0.01800659996170296,-0.015130414152274754,-0.03923947302272088,0.017552826965988193,-0.035312206441220684,-0.07653984717558779,-0.029282822777621904,0.02911359541856746,-0.06765472493012459,0.04805629446816736,0.07973892946015738,-0.005600817130897008,0.05526456229854668,-0.014404689709174821,0.006965138056402824,-0.0066291062880820045,-0.016861785017689427,0.041842331072063865,0.01078343039134556,-0.025843727302310257,0.03667865784312728,-0.027929335802030223,-0.04815763458097093,0.029592766554167187,0.002690108147911553,0.003233550186622599,-0.010486014102885974,0.0016343411972254687,-0.0244017728559877,-0.028590983147125753,-0.005600817130897008,0.06934867780744845,-0.026153190435920442,0.008295632807369361,-0.01633377890436856,0.009380308329753947,0.010628480744393591,-0.024071922242245386,0.006438200056841935,-0.004803741468002314,0.01955404843943783,-0.009849170301549923,-0.019538309058422212,0.01852000260031627,0.03642808222354385,-0.0703585638813865,-0.007833052828126408,0.010895210765187676,-0.05108297575536923,0.05719910990436537,0.05526456229854668,-0.026153190435920442,0.07757317663431475,0.004669447672657956,-0.004272739455759445,-0.02277806943795396,-0.01318276156434017,0.03421808009931538,0.001020728135521491,-0.01709431758866401,0.03261754193213767,-0.017859672060868203,-0.043559172261961106,0.026971572340321347,-0.02792467941052612,0.015060912728330525,0.02898347985183872,-0.028344166138531558,0.017924354417334268,0.0015686433208202955,-0.014404689709174821,0.008295632807369361,0.004669447672657956,0.0555759975734376,-0.03190230974192984,-0.008764621095486097,-0.006054058621798553,0.0034283618294482904,-0.016221971493306737,-0.005787405029210057,0.013678583356844461,0.008146285099534911,-0.03632616441532772,-0.007484515851365529,-0.02566378973665364,-0.012336337455199839,-0.01806929550524454,0.022829931744175108,-0.009217415603318617,0.004317838250304453,0.006965138056402824,-0.01633377890436856,-0.004272739455759445,-0.03190230974192984,0.039427417337789844,-0.004923776753523329,0.0007646563212375193,-0.002476304879774226,0.009037650909312432,0.0020476114818348285,-0.011614604950694595,-0.0018940404130372902,0.04142121822539357,-0.001398684136082167,0.008919550076713557,0.018521382679104907,-0.00576027928065182,-0.0020131918804919017,0.010099317853983238,-0.015483614190972113,-0.0066291062880820045,0.009380308329753947,-0.02277806943795396,-0.008764621095486097,-0.004923776753523329,0.031226600819107102,-0.0001645566221973517,-0.003603265816557211,-1.5319471825144676e-5,0.010638763898785762,-0.005613581360848687,0.001207934235774599,-0.008951771051084322,-0.007957727943779084,0.022301281002813388,0.006009968806660201,-0.0037986109219309864,0.00647716238957316,-0.011579825980493886,-0.015605272500366366,-0.016861785017689427,0.010628480744393591,-0.01318276156434017,-0.006054058621798553,0.0007646563212375193,-0.0001645566221973517,0.034402427142216856,-0.016285443026708403,0.003648821979232265,0.009332558413253117,-0.0025842666541331114,-0.005748654747648879,0.013498416835691536,-4.082218498782306e-9,0.016301565316561045,-0.035734351238822334,-0.005147852523589503,0.009850516826739196,-0.025939865356084453,0.0365801103535366,0.041842331072063865,-0.024071922242245386,0.03421808009931538,0.0034283618294482904,-0.002476304879774226,-0.003603265816557211,-0.016285443026708403,0.04782365343854954,0.002023845921169471,-0.013109203497378085,0.016480103375646912,-0.008752634119948638,-0.03921840381955056,0.0018243057379201965,-0.012465330046338747,-0.022523713490237445,-0.015629162243802057,0.009128543455786023,-0.01852386569624558,-0.0022973006450331007,0.01078343039134556,0.006438200056841935,0.001020728135521491,-0.016221971493306737,0.009037650909312432,-1.5319471825144676e-5,0.003648821979232265,0.002023845921169471,0.025236792953302757,-0.003869748323894029,0.002517694479025636,-0.0052334689435761216,0.010164764566326727,0.007749077890596921,0.015286776576467462,0.026132338103869068,0.003556449793934957,0.002294285178030253,0.020255454100801894,-0.01221472223962658,-0.025843727302310257,-0.004803741468002314,-0.01709431758866401,-0.005787405029210057,0.0020476114818348285,0.010638763898785762,0.009332558413253117,-0.013109203497378085,-0.003869748323894029,0.03823472742483024,-0.014830404415192806,0.0027538781772717376,0.009045502023185369,-0.015494502754138561,0.008612989692263184,-0.044750220025542214,-0.007861959429426092,0.011243193294701345,-0.043505633300208874,0.01800659996170296,0.03667865784312728,0.01955404843943783,0.03261754193213767,0.013678583356844461,-0.011614604950694595,-0.005613581360848687,-0.0025842666541331114,0.016480103375646912,0.002517694479025636,-0.014830404415192806,0.051197202600544243,-0.02104635256988395,-0.05346692667282173,0.02667342739921178,0.002280114362588957,0.02531646512469672,0.010645032435808312,-0.021743445001967066,0.029613808705031996,-0.015130414152274754,-0.027929335802030223,-0.009849170301549923,-0.017859672060868203,0.008146285099534911,-0.0018940404130372902,0.001207934235774599,-0.005748654747648879,-0.008752634119948638,-0.0052334689435761216,0.0027538781772717376,-0.02104635256988395,0.036250278260166566,0.031911765296266714,-0.014834686216315805,0.001092248063077264,0.0433661205011904,-0.0015992777676847943,-0.0016670930675698288,0.031058942538904285,-0.03923947302272088,-0.04815763458097093,-0.019538309058422212,-0.043559172261961106,-0.03632616441532772,0.04142121822539357,-0.008951771051084322,0.013498416835691536,-0.03921840381955056,0.010164764566326727,0.009045502023185369,-0.05346692667282173,0.031911765296266714,0.14004484990103444,-0.024968046476413756,0.006307617674117699,-0.0487294037994325,-0.018728651291793595,0.020086973149930132,-0.04616120433228785,0.017552826965988193,0.029592766554167187,0.01852000260031627,0.026971572340321347,-0.007484515851365529,-0.001398684136082167,-0.007957727943779084,-4.082218498782306e-9,0.0018243057379201965,0.007749077890596921,-0.015494502754138561,0.02667342739921178,-0.014834686216315805,-0.024968046476413756,0.049415538844862626,0.008679540206119982,-0.023772453478769155,-0.031199906723211067,0.023392716075524164,-0.04119084403269094,-0.035312206441220684,0.002690108147911553,0.03642808222354385,-0.02792467941052612,-0.02566378973665364,0.008919550076713557,0.022301281002813388,0.016301565316561045,-0.012465330046338747,0.015286776576467462,0.008612989692263184,0.002280114362588957,0.001092248063077264,0.006307617674117699,0.008679540206119982,0.08749561233652635
0.08680752023290003,0.03161488560400173,-0.002052253580340774,0.05440963997272792,-0.038546771308064144,-0.054658525269884135,0.0057893128468169824,-0.0425980866861987,0.0061281604056530525,0.014716761372312804,0.00726573822304755,-0.014272621113976463,-0.028220534487284885,-0.016404930060738336,0.022969190631667635,-0.03144584563349859,0.015047076565402107,0.045229779797768356,-0.016736998895052035,-0.014090022433064332,0.03161488560400173,0.042309640268256135,-0.004789111856982352,0.02607942195561742,-0.015103874365266093,-0.02454645509089874,0.002897587508858176,-0.016479042123915058,0.006488810218714091,-0.00017597862883908663,0.0011758454190794049,-0.009036475241641664,-0.021872618247707913,-0.004462406270134356,0.011419032871203993,-0.01098473179347878,-2.38115016191324e-5,0.022320166354101192,-0.012181781908089766,-0.007918525635252801,-0.002052253580340774,-0.004789111856982352,0.030106846036978593,-0.004011381597068561,-0.0011344871404454357,0.011494242596111745,-0.008181043599537344,-0.0006443520722032311,-0.0081776395264594,0.005609537221914896,-0.0029181730114179764,-0.0019219706030729913,0.0011301128512752007,-0.001682925184632671,0.0006498840706937783,0.0033133581832262803,-0.010626550990570416,-0.0024210772315370337,-0.000805290593684031,0.0008086976610715026,0.05440963997272792,0.02607942195561742,-0.004011381597068561,0.0620972314920192,-0.015217640971142638,-0.03867542312906338,0.00013330275976315253,-0.028709044402713872,0.00975638907253568,0.005128028023451492,0.005818218134191358,-0.010004552156701069,-0.029519048934746148,-0.010955868744394495,0.014310180372427803,-0.02166715429387296,0.007547593763178,0.029968961563971084,-0.00935549312431539,-0.009981818884235135,-0.038546771308064144,-0.015103874365266093,-0.0011344871404454357,-0.015217640971142638,0.046612667362622366,0.02420377789741162,-0.0029693660351732534,0.02679022037515364,0.005056146624210067,-0.0020818139690774473,-0.008769039146672831,0.01009679959109558,0.01121382254218779,0.006601408518119313,-0.007791905295223639,0.014166718717059434,-0.01428895988791951,-0.022510714842400248,0.008370303452804075,-0.011023735925636987,-0.054658525269884135,-0.02454645509089874,0.011494242596111745,-0.03867542312906338,0.02420377789741162,0.060828529764882275,-0.005637398591008296,0.028234789565157868,-0.010410321460286406,-0.0036883741533535776,-0.00881065626585617,0.0071898632786893055,0.02514011135386625,0.0065327005731758165,-0.008897843429878302,0.025426994493011487,-0.021313225675006986,-0.03347618853975558,0.005437870716492892,0.008593392176457205,0.0057893128468169824,0.002897587508858176,-0.008181043599537344,0.00013330275976315253,-0.0029693660351732534,-0.005637398591008296,0.018855698388759067,-0.006692949359311628,0.0029481085096845537,-0.00176835903474517,0.0028110793777110237,-0.007663232042695589,-0.003951166349590751,0.0015669659021727343,0.0010376568557372739,0.0008209223509867908,0.0031434194579068172,-8.40939802639523e-5,-0.0012942136415185009,0.006819179548516814,-0.0425980866861987,-0.016479042123915058,-0.0006443520722032311,-0.028709044402713872,0.02679022037515364,0.028234789565157868,-0.006692949359311628,0.052894461615869665,0.00945815255283604,-0.0117041744972824,-0.02011575192308905,0.008243513664020045,0.01984290105508046,0.013162870306830367,-0.020095504296271556,0.016743342848932502,-0.008111929458435443,-0.038251136830066965,0.012082009626826706,-0.004586490786352985,0.0061281604056530525,0.006488810218714091,-0.0081776395264594,0.00975638907253568,0.005056146624210067,-0.010410321460286406,0.0029481085096845537,0.00945815255283604,0.02842279312195421,-0.0021256668424772442,-0.00779269010370744,-0.0008110586298429028,-0.0024921445201401705,0.0038724648767664172,-0.0008274225126965921,-0.0023314628266281646,-0.00046272646970617944,-0.004815856344371813,0.003885068370809968,-0.008300117083801628,0.014716761372312804,-0.00017597862883908663,0.005609537221914896,0.005128028023451492,-0.0020818139690774473,-0.0036883741533535776,-0.00176835903474517,-0.0117041744972824,-0.0021256668424772442,0.02235683221369312,0.00014940794995094235,0.002519457695947725,-0.006818913624476706,-0.0030461409222522443,0.010580437965631065,-0.003862967431273897,-0.005345453850531496,0.01138912509552085,-0.005603562573239469,-0.00391171344844227,0.00726573822304755,0.0011758454190794049,-0.0029181730114179764,0.005818218134191358,-0.008769039146672831,-0.00881065626585617,0.0028110793777110237,-0.02011575192308905,-0.00779269010370744,0.00014940794995094235,0.02495438100522785,-0.0011740194681706699,-0.010062419072164892,-0.0033301076193643815,-0.000725528124318634,-0.002186935909596101,0.005219856130156455,0.010285969725674093,-0.0035223304963444384,0.011205828596100031,-0.014272621113976463,-0.009036475241641664,-0.0019219706030729913,-0.010004552156701069,0.01009679959109558,0.0071898632786893055,-0.007663232042695589,0.008243513664020045,-0.0008110586298429028,0.002519457695947725,-0.0011740194681706699,0.0275807857009953,0.005155447085132126,0.007000238170432927,-0.0033750501158388226,0.00867621402228416,-0.00718776000209023,-0.008699652342801671,0.005245653602410715,-0.0026033001184858143,-0.028220534487284885,-0.021872618247707913,0.0011301128512752007,-0.029519048934746148,0.01121382254218779,0.02514011135386625,-0.003951166349590751,0.01984290105508046,-0.0024921445201401705,-0.006818913624476706,-0.010062419072164892,0.005155447085132126,0.0343685962790399,0.005705916587960751,-0.005884467703386083,0.009642509855268346,-0.0020111665367669902,-0.020064634920999032,0.008723166368372635,0.0047853849030068,-0.016404930060738336,-0.004462406270134356,-0.001682925184632671,-0.010955868744394495,0.006601408518119313,0.0065327005731758165,0.0015669659021727343,0.013162870306830367,0.0038724648767664172,-0.0030461409222522443,-0.0033301076193643815,0.007000238170432927,0.005705916587960751,0.017533090848190394,-0.005967670589041036,0.0065184048326855796,-0.001222898851340653,-0.010835623407347908,0.006567392147794663,-0.00025032168300987616,0.022969190631667635,0.011419032871203993,0.0006498840706937783,0.014310180372427803,-0.007791905295223639,-0.008897843429878302,0.0010376568557372739,-0.020095504296271556,-0.0008274225126965921,0.010580437965631065,-0.000725528124318634,-0.0033750501158388226,-0.005884467703386083,-0.005967670589041036,0.03703298402319877,-0.008097444351803354,-0.004251996313612139,0.01968905574079355,-0.011149378978791667,-0.0008837866132651463,-0.03144584563349859,-0.01098473179347878,0.0033133581832262803,-0.02166715429387296,0.014166718717059434,0.025426994493011487,0.0008209223509867908,0.016743342848932502,-0.0023314628266281646,-0.003862967431273897,-0.002186935909596101,0.00867621402228416,0.009642509855268346,0.0065184048326855796,-0.008097444351803354,0.02642488520733526,-0.014691201843149853,-0.019384346783756667,0.0040591634813215115,-0.0002236611845484412,0.015047076565402107,-2.38115016191324e-5,-0.010626550990570416,0.007547593763178,-0.01428895988791951,-0.021313225675006986,0.0031434194579068172,-0.008111929458435443,-0.00046272646970617944,-0.005345453850531496,0.005219856130156455,-0.00718776000209023,-0.0020111665367669902,-0.001222898851340653,-0.004251996313612139,-0.014691201843149853,0.037446304826620855,0.009515878597726672,0.0057788973352183234,0.01061182148646464,0.045229779797768356,0.022320166354101192,-0.0024210772315370337,0.029968961563971084,-0.022510714842400248,-0.03347618853975558,-8.40939802639523e-5,-0.038251136830066965,-0.004815856344371813,0.01138912509552085,0.010285969725674093,-0.008699652342801671,-0.020064634920999032,-0.010835623407347908,0.01968905574079355,-0.019384346783756667,0.009515878597726672,0.053429150427495964,-0.01292165124792965,-0.006044290977173898,-0.016736998895052035,-0.012181781908089766,-0.000805290593684031,-0.00935549312431539,0.008370303452804075,0.005437870716492892,-0.0012942136415185009,0.012082009626826706,0.003885068370809968,-0.005603562573239469,-0.0035223304963444384,0.005245653602410715,0.008723166368372635,0.006567392147794663,-0.011149378978791667,0.0040591634813215115,0.0057788973352183234,-0.01292165124792965,0.023875597741262054,-0.0024926576006356243,-0.014090022433064332,-0.007918525635252801,0.0008086976610715026,-0.009981818884235135,-0.011023735925636987,0.008593392176457205,0.006819179548516814,-0.004586490786352985,-0.008300117083801628,-0.00391171344844227,0.011205828596100031,-0.0026033001184858143,0.0047853849030068,-0.00025032168300987616,-0.0008837866132651463,-0.0002236611845484412,0.01061182148646464,-0.006044290977173898,-0.0024926576006356243,0.04211178534287574
0.19544050018595244,0.013517061307923892,0.02027719308558198,0.09628367962444581,-0.09525426917051105,-0.09497246427911078,-0.054722262460337776,-0.08650621566823309,-0.01962890345348344,0.06774813364979163,0.04713472415115323,-0.023505260184895436,-0.05707963358011385,0.00782125838438227,0.028660615108858138,-0.1342115097092224,0.025930603567507267,0.15658825477249755,0.0072486974486919535,-0.04502646298068057,0.013517061307923892,0.05780990373367256,-0.015427681354374332,0.026547266238728415,-0.01124087351811669,-0.01744509638269106,-0.0017051463172643591,0.0030891887831414715,0.0035307052309275057,-0.01817248637835893,0.0014699515239325498,0.009003740722300244,-0.01087819804068619,0.014999670093364118,-0.005394601070784457,0.001685620071756117,0.012836707986733628,-0.005290381405456666,-0.012383572364063553,-0.005577785502702572,0.02027719308558198,-0.015427681354374332,0.06014590619512632,-0.014122589050396865,0.0015682168807258764,0.0026908293551001737,-0.03220487861961894,-0.008238720680148744,-0.01736215779687633,0.015927514185242332,-0.009487960469245818,0.008454376402998783,0.004613158272016891,-0.016459602273605933,0.020851557475200972,-0.02433355265827787,-0.015715789008281293,0.019635897467094248,0.00399441995131483,-0.01754344442665211,0.09628367962444581,0.026547266238728415,-0.014122589050396865,0.0777743261294928,-0.052997990940330045,-0.0567660924215032,-0.02067022659828243,-0.04769200695025053,-0.008231297295129943,0.021506049402537628,0.0314392929345938,-0.013769245642812043,-0.040777775575941866,0.01448565834144339,0.008824644527795349,-0.06104018925275739,0.024943725615409185,0.07338789915843705,0.0031721660577253407,-0.021680589953339595,-0.09525426917051105,-0.01124087351811669,0.0015682168807258764,-0.052997990940330045,0.07652952930791743,0.05619322208145272,0.01963278226562072,0.052235650103760745,0.002052918591320829,-0.033393568919907496,-0.025673972972501225,0.01638342109764851,0.039919247770091676,-0.006997339261113086,-0.005515554361197758,0.05306915201773266,-0.015499468141723751,-0.08230759033282373,0.0008201187682777012,0.009667067119169644,-0.09497246427911078,-0.01744509638269106,0.0026908293551001737,-0.0567660924215032,0.05619322208145272,0.06976273426259937,0.021231996022353754,0.053976635540264606,-0.005293646509996168,-0.031027084922355126,-0.023320522886424597,0.020161034152772206,0.036747922112896764,-0.007358352516757873,-0.01502458461833803,0.06546304996993146,-0.024151806232107657,-0.08233557076503864,0.0049875024686166875,0.017700422261753772,-0.054722262460337776,-0.0017051463172643591,-0.03220487861961894,-0.02067022659828243,0.01963278226562072,0.021231996022353754,0.06377066701883005,0.011225968873557483,0.01732212083895662,-0.025595875786138318,-0.011383383502901426,-0.008322157258998538,0.011185410405269446,0.005775388629984134,-0.01777317162768762,0.06463181569143457,0.003521304366266104,-0.054274561372127855,-0.010016099233209752,0.026310176054453325,-0.08650621566823309,0.0030891887831414715,-0.008238720680148744,-0.04769200695025053,0.052235650103760745,0.053976635540264606,0.011225968873557483,0.09106178994697323,0.0014065405731892486,-0.03855181343738235,-0.02693482144580431,0.020270587099207746,0.025492262293043865,0.008731692222837291,-0.03316102250845023,0.05697751604253708,-0.02414651937370002,-0.09031706131269177,0.008663768868724888,0.012844440709267812,-0.01962890345348344,0.0035307052309275057,-0.01736215779687633,-0.008231297295129943,0.002052918591320829,-0.005293646509996168,0.01732212083895662,0.0014065405731892486,0.03841331948487949,-0.005402762140737196,-0.00928615798622685,-0.010512057715258729,0.0033512366521706895,-0.00035775621697849364,-0.013453514818644756,0.020613821539374005,0.0009891020184117183,-0.014786448960536838,-0.010952056258293073,0.01201887307542155,0.06774813364979163,-0.01817248637835893,0.015927514185242332,0.021506049402537628,-0.033393568919907496,-0.031027084922355126,-0.025595875786138318,-0.03855181343738235,-0.005402762140737196,0.049985186210830444,0.01665845397779716,-0.012718763897534291,-0.020032802369220722,-0.006029655475274906,0.011220557324432341,-0.053657663194331295,-0.002178244042166509,0.06968967263645759,0.007619449353092006,-0.014840412513608835,0.04713472415115323,0.0014699515239325498,-0.009487960469245818,0.0314392929345938,-0.025673972972501225,-0.023320522886424597,-0.011383383502901426,-0.02693482144580431,-0.00928615798622685,0.01665845397779716,0.03143618956621334,-0.0047311309867593635,-0.01829005282001015,0.0049423181887268755,-0.0002511779372977702,-0.03333986906628511,0.012803786382353731,0.04139066946230243,0.003948485433860081,-0.0008025564941615709,-0.023505260184895436,0.009003740722300244,0.008454376402998783,-0.013769245642812043,0.01638342109764851,0.020161034152772206,-0.008322157258998538,0.020270587099207746,-0.010512057715258729,-0.012718763897534291,-0.0047311309867593635,0.03153950672068339,0.011462896262270915,-0.004926216939522434,-0.006036431236115737,0.013959860904163474,-0.011342615451898033,-0.03306405250204379,0.004229590081456958,0.004008021858790017,-0.05707963358011385,-0.01087819804068619,0.004613158272016891,-0.040777775575941866,0.039919247770091676,0.036747922112896764,0.011185410405269446,0.025492262293043865,0.0033512366521706895,-0.020032802369220722,-0.01829005282001015,0.011462896262270915,0.047095530615350656,-0.008821940641216521,-0.001114878909363889,0.036573394288788724,-0.005629809367155178,-0.056615848987673245,0.003298511549190714,0.01598354814231525,0.00782125838438227,0.014999670093364118,-0.016459602273605933,0.01448565834144339,-0.006997339261113086,-0.007358352516757873,0.005775388629984134,0.008731692222837291,-0.00035775621697849364,-0.006029655475274906,0.0049423181887268755,-0.004926216939522434,-0.008821940641216521,0.0262802220656744,-0.007071297244232477,-0.0035631978887887177,0.012064922893445504,0.007805844822797006,0.0003419842877980795,-0.005531005916993485,0.028660615108858138,-0.005394601070784457,0.020851557475200972,0.008824644527795349,-0.005515554361197758,-0.01502458461833803,-0.01777317162768762,-0.03316102250845023,-0.013453514818644756,0.011220557324432341,-0.0002511779372977702,-0.006036431236115737,-0.001114878909363889,-0.007071297244232477,0.051665852636246234,-0.029471252946833223,0.009368359877036339,0.043653541227769106,-0.00839810548904387,-0.02060263701180974,-0.1342115097092224,0.001685620071756117,-0.02433355265827787,-0.06104018925275739,0.05306915201773266,0.06546304996993146,0.06463181569143457,0.05697751604253708,0.020613821539374005,-0.053657663194331295,-0.03333986906628511,0.013959860904163474,0.036573394288788724,-0.0035631978887887177,-0.029471252946833223,0.13275605871088836,-0.01815502430043449,-0.1236414437678392,-0.011599395927310886,0.036549333549167395,0.025930603567507267,0.012836707986733628,-0.015715789008281293,0.024943725615409185,-0.015499468141723751,-0.024151806232107657,0.003521304366266104,-0.02414651937370002,0.0009891020184117183,-0.002178244042166509,0.012803786382353731,-0.011342615451898033,-0.005629809367155178,0.012064922893445504,0.009368359877036339,-0.01815502430043449,0.03865380932106635,0.02362260139250809,-0.005809463952137555,-4.666971604660292e-5,0.15658825477249755,-0.005290381405456666,0.019635897467094248,0.07338789915843705,-0.08230759033282373,-0.08233557076503864,-0.054274561372127855,-0.09031706131269177,-0.014786448960536838,0.06968967263645759,0.04139066946230243,-0.03306405250204379,-0.056615848987673245,0.007805844822797006,0.043653541227769106,-0.1236414437678392,0.02362260139250809,0.1802664529754089,-0.0070122722947729785,-0.040032098965176,0.0072486974486919535,-0.012383572364063553,0.00399441995131483,0.0031721660577253407,0.0008201187682777012,0.0049875024686166875,-0.010016099233209752,0.008663768868724888,-0.010952056258293073,0.007619449353092006,0.003948485433860081,0.004229590081456958,0.003298511549190714,0.0003419842877980795,-0.00839810548904387,-0.011599395927310886,-0.005809463952137555,-0.0070122722947729785,0.03089327318779876,-0.006915022282093543,-0.04502646298068057,-0.005577785502702572,-0.01754344442665211,-0.021680589953339595,0.009667067119169644,0.017700422261753772,0.026310176054453325,0.012844440709267812,0.01201887307542155,-0.014840412513608835,-0.0008025564941615709,0.004008021858790017,0.01598354814231525,-0.005531005916993485,-0.02060263701180974,0.036549333549167395,-4.666971604660292e-5,-0.040032098965176,-0.006915022282093543,0.041978168487190666
