0.0356656363513956,0.025207887745467148,-0.0014007903166715603,-0.020462306353570894,0.01129664624355292,0.002203238012369893,0.025481897521333757,0.027825555480762383,-0.013203715890506196,0.03333951334074084,-0.01454993399260375,-0.020166230278295963,-0.014343719506857804,0.017902140432152967,-0.052350674569311,0.005276072825917103,-0.030611637011553477,-0.012737560708320765,0.030645568319146402,-0.021946437362255426,0.025207887745467148,0.05316304153560124,0.005187566924116319,-0.02168598309877927,0.00629117802999484,0.017423589766794555,0.02233318880913717,0.04801201388447579,-0.02374040022921329,0.03781615622849843,-0.02110655955089587,-0.032760312896554546,-0.02260674217019229,0.013379845998526176,-0.07916957485079355,0.02683319741925444,-0.03540499645465896,-0.013535422539648574,0.01863280375525039,-0.0271285712651641,-0.0014007903166715603,0.005187566924116319,0.010419100920497923,-0.003080882417664306,-0.0011670000817292797,0.005429113576015155,-8.790886634599657e-6,0.006864308509436105,-0.0027627462564394807,0.0009698364017395314,0.0020112352193217917,-0.0010157845569888015,-0.0038903183230438003,0.0022961028286841946,-0.010474599024656079,0.008581161031299345,-0.003753585870295449,0.0011456631175702152,-0.0022854827045115287,-0.003240081544962024,-0.020462306353570894,-0.02168598309877927,-0.003080882417664306,0.05411105665755986,0.0005001741860301147,0.003660172354332564,-0.03533324667945584,-0.021727099498715065,0.022935185499710162,-0.044067780974081316,0.014571042863077015,0.022849396742675533,0.04015110820533374,-0.039263212836700256,0.06469976085435072,0.006570153653467166,0.02635970193074582,0.013145169125544661,-0.04440930673224594,0.028802955642341387,0.01129664624355292,0.00629117802999484,-0.0011670000817292797,0.0005001741860301147,0.07031085173759083,-0.04138874491130751,-0.01105794067800023,-0.025336517111400364,0.011371833964126471,0.04270175130531996,-0.0037299856162850255,-0.013988185652812764,-0.016699874534557797,0.03589624012531377,-0.023462334274455838,-0.04512699207683751,-0.010772932413722276,0.009107202788760461,0.04726348451681582,-0.027763672456041645,0.002203238012369893,0.017423589766794555,0.005429113576015155,0.003660172354332564,-0.04138874491130751,0.08041312318551627,-0.0018757038949388644,0.05760391109808163,-0.013605827152988184,-0.03135916709495263,-0.0027222815910319543,-0.009403713313546804,0.034909608220393434,-0.051075579626234394,-0.03507943712854139,0.07081589140865531,-0.014778391371845142,-0.022880097349986268,-0.051631472181398304,0.017440814780447532,0.025481897521333757,0.02233318880913717,-8.790886634599657e-6,-0.03533324667945584,-0.01105794067800023,-0.0018757038949388644,0.058037079144816504,0.02271429190943871,-0.03103192861974729,0.035474943669166946,-0.015545193960676528,-0.02181349933740368,-0.03468599917762638,0.026952974749967842,-0.04173468903603722,0.0007395068853298828,-0.02298257162979328,-0.011309707159190862,0.03415304592811731,-0.02735610907742684,0.027825555480762383,0.04801201388447579,0.006864308509436105,-0.021727099498715065,-0.025336517111400364,0.05760391109808163,0.02271429190943871,0.0935560854721423,-0.02685291616490277,0.01975245055642045,-0.02560904568718203,-0.030808455900869544,0.003680673781588123,-0.013639317714550136,-0.09812661857239457,0.06831814968667546,-0.054337773641089174,-0.029773234238316133,-0.010357623122202637,-0.018448566363169966,-0.013203715890506196,-0.02374040022921329,-0.0027627462564394807,0.022935185499710162,0.011371833964126471,-0.013605827152988184,-0.03103192861974729,-0.02685291616490277,0.029067566442338637,-0.020939379116744553,0.011841674612004832,0.01668753245759203,0.017744270093962976,-0.009144480515683423,0.044786645273388916,-0.021126358663904117,0.020199213663856627,0.00920628815081946,-0.011934861275304832,0.014556037962782074,0.03333951334074084,0.03781615622849843,0.0009698364017395314,-0.044067780974081316,0.04270175130531996,-0.03135916709495263,0.035474943669166946,0.01975245055642045,-0.020939379116744553,0.09450687419848543,-0.027193880508607493,-0.04416928502200868,-0.05329353072027844,0.06818608291018165,-0.0953543924963654,-0.0329543817795419,-0.04507561509475337,-0.011808433160056392,0.0790555339815397,-0.06177997451215142,-0.01454993399260375,-0.02110655955089587,0.0020112352193217917,0.014571042863077015,-0.0037299856162850255,-0.0027222815910319543,-0.015545193960676528,-0.02560904568718203,0.011841674612004832,-0.027193880508607493,0.04529252265107222,0.030181923965155014,0.017142603581951344,-0.012559094397744074,0.036552334025296326,0.013875407702299267,0.028223476201915267,0.020775489784755873,-0.03321030248697324,0.013240330594680664,-0.020166230278295963,-0.032760312896554546,-0.0010157845569888015,0.022849396742675533,-0.013988185652812764,-0.009403713313546804,-0.02181349933740368,-0.030808455900869544,0.01668753245759203,-0.04416928502200868,0.030181923965155014,0.0537658026456261,0.019520938329282353,-0.021483122045473625,0.07106609004475276,0.003337249475778305,0.033690122274097,0.023014698928031818,-0.036563820527249574,0.028244313016623494,-0.014343719506857804,-0.02260674217019229,-0.0038903183230438003,0.04015110820533374,-0.016699874534557797,0.034909608220393434,-0.03468599917762638,0.003680673781588123,0.017744270093962976,-0.05329353072027844,0.017142603581951344,0.019520938329282353,0.0768069838046469,-0.06642190146611215,0.03808404759286178,0.03314327762149617,0.016931920837686715,-0.0024287799687445722,-0.05862344503225256,0.03652517543692728,0.017902140432152967,0.013379845998526176,0.0022961028286841946,-0.039263212836700256,0.03589624012531377,-0.051075579626234394,0.026952974749967842,-0.013639317714550136,-0.009144480515683423,0.06818608291018165,-0.012559094397744074,-0.021483122045473625,-0.06642190146611215,0.09121876621640689,-0.04579810630985341,-0.05325853230852211,-0.020983325681680254,0.0033760024012680773,0.08221092932882229,-0.04630837087857942,-0.052350674569311,-0.07916957485079355,-0.010474599024656079,0.06469976085435072,-0.023462334274455838,-0.03507943712854139,-0.04173468903603722,-0.09812661857239457,0.044786645273388916,-0.0953543924963654,0.036552334025296326,0.07106609004475276,0.03808404759286178,-0.04579810630985341,0.20737450060519333,-0.04206576661615709,0.09026807531959999,0.040202865796480365,-0.05932050640595707,0.07125790224974363,0.005276072825917103,0.02683319741925444,0.008581161031299345,0.006570153653467166,-0.04512699207683751,0.07081589140865531,0.0007395068853298828,0.06831814968667546,-0.021126358663904117,-0.0329543817795419,0.013875407702299267,0.003337249475778305,0.03314327762149617,-0.05325853230852211,-0.04206576661615709,0.11241281319691693,-0.015548608960705233,-0.005044300744591154,-0.07359139136437284,0.007269214544866773,-0.030611637011553477,-0.03540499645465896,-0.003753585870295449,0.02635970193074582,-0.010772932413722276,-0.014778391371845142,-0.02298257162979328,-0.054337773641089174,0.020199213663856627,-0.04507561509475337,0.028223476201915267,0.033690122274097,0.016931920837686715,-0.020983325681680254,0.09026807531959999,-0.015548608960705233,0.060063883744593045,0.023395310730981153,-0.034333020930257065,0.036229474356567995,-0.012737560708320765,-0.013535422539648574,0.0011456631175702152,0.013145169125544661,0.009107202788760461,-0.022880097349986268,-0.011309707159190862,-0.029773234238316133,0.00920628815081946,-0.011808433160056392,0.020775489784755873,0.023014698928031818,-0.0024287799687445722,0.0033760024012680773,0.040202865796480365,-0.005044300744591154,0.023395310730981153,0.03758374442792123,-0.011426703206722285,0.0068330886690479405,0.030645568319146402,0.01863280375525039,-0.0022854827045115287,-0.04440930673224594,0.04726348451681582,-0.051631472181398304,0.03415304592811731,-0.010357623122202637,-0.011934861275304832,0.0790555339815397,-0.03321030248697324,-0.036563820527249574,-0.05862344503225256,0.08221092932882229,-0.05932050640595707,-0.07359139136437284,-0.034333020930257065,-0.011426703206722285,0.12108829393518115,-0.04184655285917519,-0.021946437362255426,-0.0271285712651641,-0.003240081544962024,0.028802955642341387,-0.027763672456041645,0.017440814780447532,-0.02735610907742684,-0.018448566363169966,0.014556037962782074,-0.06177997451215142,0.013240330594680664,0.028244313016623494,0.03652517543692728,-0.04630837087857942,0.07125790224974363,0.007269214544866773,0.036229474356567995,0.0068330886690479405,-0.04184655285917519,0.059145146286311116
0.024971739347462565,0.0006424450640086934,0.002977392602614726,-0.003666851696058043,0.018965063352080147,-0.01244786790499679,0.0039777609987768706,-0.004334337209165178,0.0027738546405909285,0.01866134362933507,-0.013473024794587167,-0.00726967108637939,-0.0028843176489253067,0.015795736240245887,-0.004041491574624946,-0.018360710759560698,-0.0057110159895932145,-0.005466037282730845,0.025910439016661353,-0.00014203480625396515,0.0006424450640086934,0.019044779349154623,0.0044545667968821714,-0.0012936210578264426,0.0032850018318258713,0.0012877261396530195,-7.827338396038222e-5,0.004698423889391545,-0.0027489478090976073,0.003682398173824911,0.0035606719820520678,-0.001734552376952479,-0.00047592504036293693,0.007388231302418109,-0.01752923547303032,0.0034798181464367845,0.0019792482653651785,-0.0018736477390738247,0.000919037832572054,-0.0054966645593843965,0.002977392602614726,0.0044545667968821714,0.018891675937900625,0.0027937175257357508,-0.0026433244745455147,0.0021747819603332172,0.004903869988391991,0.004100780188163738,-0.000608472164956531,0.0030741382178333023,-0.0001339099255848257,1.7941814359316577e-5,0.000351122801485597,0.00021116805349647008,-0.003793766534478919,0.005450634051302637,0.002784705733347356,0.002227543012595158,-0.002888343075617805,-0.0034724768709063934,-0.003666851696058043,-0.0012936210578264426,0.0027937175257357508,0.026011971013253372,0.0012402623078572872,0.0022105363372728138,-0.004782566424901638,-0.0014609974815153323,0.005937032084077167,-0.0012511277318902783,0.0003387952716213345,0.003747295604577435,0.0037500298492210123,-0.0051922901764501804,0.004392868636724884,0.0005013890818602452,-8.125325237163382e-5,0.007641164263885802,-0.0054096070973436005,-0.002680396836129046,0.018965063352080147,0.0032850018318258713,-0.0026433244745455147,0.0012402623078572872,0.09690328553116163,-0.048312025448149595,-0.013758181480553956,-0.01888131922863931,0.014995465419345698,0.05876565692173426,-0.03531821242992414,-0.027058387625754875,-0.0022017196634568003,0.04753681578712609,-0.030589953717954692,-0.07716841386815781,-0.024970819129334916,0.0004792339065351589,0.08673655619590848,-0.02612726676480103,-0.01244786790499679,0.0012877261396530195,0.0021747819603332172,0.0022105363372728138,-0.048312025448149595,0.051769037289687674,0.0045536182734827,0.013583673089868804,-0.012757471123928046,-0.03799598394239499,0.032129038289941986,0.017917316846691567,0.0032802990455041555,-0.027284428483845054,0.012493143438176757,0.05968670393913435,0.019502399930409683,0.0016284515860136366,-0.059981270641690176,0.01866535545482218,0.0039777609987768706,-7.827338396038222e-5,0.004903869988391991,-0.004782566424901638,-0.013758181480553956,0.0045536182734827,0.02140638438886889,0.005041764084258986,-0.0067384085384573095,-0.0037322957895982076,0.003926671270226724,-0.0012133581203563693,-0.0014596582065832832,-0.0013838546487346306,-0.002981717505663892,0.008639970152078093,0.004336496486671334,-0.0028905412816619567,-0.006042258367765127,0.0014202353496446801,-0.004334337209165178,0.004698423889391545,0.004100780188163738,-0.0014609974815153323,-0.01888131922863931,0.013583673089868804,0.005041764084258986,0.0206645035088039,-0.003279547295858172,-0.004910479829123364,0.009931916974233911,0.004730359104412699,0.0008675491570382964,-0.00524832585548141,-0.004133326695894051,0.024412802204621303,0.008072236951812707,-0.006554690876645638,-0.020925334554024733,0.004551543204637671,0.0027738546405909285,-0.0027489478090976073,-0.000608472164956531,0.005937032084077167,0.014995465419345698,-0.012757471123928046,-0.0067384085384573095,-0.003279547295858172,0.01832023486724045,0.00607293109155177,-0.007846197169414364,-0.003848468630242783,0.0026411667580652862,0.004211601772587992,0.008900194630851614,-0.02150211454809902,-0.0035550474066280034,0.006972589074765475,0.015094409198300565,-0.008838341993205961,0.01866134362933507,0.003682398173824911,0.0030741382178333023,-0.0012511277318902783,0.05876565692173426,-0.03799598394239499,-0.0037322957895982076,-0.004910479829123364,0.00607293109155177,0.06658161643208828,-0.02988187759176917,-0.023663557106600733,-0.006689421801853598,0.03797846597872019,-0.032548783925119715,-0.05434188900411369,-0.016869859379529076,-0.014396176548884764,0.06685461475783624,-0.020677436613253178,-0.013473024794587167,0.0035606719820520678,-0.0001339099255848257,0.0003387952716213345,-0.03531821242992414,0.032129038289941986,0.003926671270226724,0.009931916974233911,-0.007846197169414364,-0.02988187759176917,0.038257741161826044,0.011283899189146435,0.005147178687106496,-0.018528768040637102,0.001197393157029963,0.04554529674764504,0.012858785792732665,0.002847333503869334,-0.04489665152126171,0.012636135350275945,-0.00726967108637939,-0.001734552376952479,1.7941814359316577e-5,0.003747295604577435,-0.027058387625754875,0.017917316846691567,-0.0012133581203563693,0.004730359104412699,-0.003848468630242783,-0.023663557106600733,0.011283899189146435,0.028280155409520877,0.0006549688507523081,-0.02007837508400504,0.02075946006153216,0.02418035139898477,0.008841882538826052,0.00545479088128366,-0.033034298434952265,0.008741903000095187,-0.0028843176489253067,-0.00047592504036293693,0.000351122801485597,0.0037500298492210123,-0.0022017196634568003,0.0032802990455041555,-0.0014596582065832832,0.0008675491570382964,0.0026411667580652862,-0.006689421801853598,0.005147178687106496,0.0006549688507523081,0.014731374353357144,-0.0031440350568744642,0.002311992850759376,0.005270940269260954,0.0018698960930359876,0.00606774242755727,-0.0072986698318143264,-0.0011466701606412735,0.015795736240245887,0.007388231302418109,0.00021116805349647008,-0.0051922901764501804,0.04753681578712609,-0.027284428483845054,-0.0013838546487346306,-0.00524832585548141,0.004211601772587992,0.03797846597872019,-0.018528768040637102,-0.02007837508400504,-0.0031440350568744642,0.0422227677227199,-0.028217566657522116,-0.041531672036777406,-0.013151675442219977,-0.0075402476086230425,0.052221695485139094,-0.011645537926120948,-0.004041491574624946,-0.01752923547303032,-0.003793766534478919,0.004392868636724884,-0.030589953717954692,0.012493143438176757,-0.002981717505663892,-0.004133326695894051,0.008900194630851614,-0.032548783925119715,0.001197393157029963,0.02075946006153216,0.002311992850759376,-0.028217566657522116,0.07060544668149174,0.008113646585533752,0.006851733264927934,0.012973301078254472,-0.028916218574116453,0.01937148695384386,-0.018360710759560698,0.0034798181464367845,0.005450634051302637,0.0005013890818602452,-0.07716841386815781,0.05968670393913435,0.008639970152078093,0.024412802204621303,-0.02150211454809902,-0.05434188900411369,0.04554529674764504,0.02418035139898477,0.005270940269260954,-0.041531672036777406,0.008113646585533752,0.10017309973583403,0.03087741379056072,0.0016340631511431525,-0.08972445596608594,0.02189094203732129,-0.0057110159895932145,0.0019792482653651785,0.002784705733347356,-8.125325237163382e-5,-0.024970819129334916,0.019502399930409683,0.004336496486671334,0.008072236951812707,-0.0035550474066280034,-0.016869859379529076,0.012858785792732665,0.008841882538826052,0.0018698960930359876,-0.013151675442219977,0.006851733264927934,0.03087741379056072,0.02242411274801968,-0.0002849985609871206,-0.028182988539406765,0.009888072954426083,-0.005466037282730845,-0.0018736477390738247,0.002227543012595158,0.007641164263885802,0.0004792339065351589,0.0016284515860136366,-0.0028905412816619567,-0.006554690876645638,0.006972589074765475,-0.014396176548884764,0.002847333503869334,0.00545479088128366,0.00606774242755727,-0.0075402476086230425,0.012973301078254472,0.0016340631511431525,-0.0002849985609871206,0.0337963279224509,-0.008427502370353609,-0.0035559052364394082,0.025910439016661353,0.000919037832572054,-0.002888343075617805,-0.0054096070973436005,0.08673655619590848,-0.059981270641690176,-0.006042258367765127,-0.020925334554024733,0.015094409198300565,0.06685461475783624,-0.04489665152126171,-0.033034298434952265,-0.0072986698318143264,0.052221695485139094,-0.028916218574116453,-0.08972445596608594,-0.028182988539406765,-0.008427502370353609,0.1120069750053666,-0.022830626842453905,-0.00014203480625396515,-0.0054966645593843965,-0.0034724768709063934,-0.002680396836129046,-0.02612726676480103,0.01866535545482218,0.0014202353496446801,0.004551543204637671,-0.008838341993205961,-0.020677436613253178,0.012636135350275945,0.008741903000095187,-0.0011466701606412735,-0.011645537926120948,0.01937148695384386,0.02189094203732129,0.009888072954426083,-0.0035559052364394082,-0.022830626842453905,0.0298847085100279
