0.06614234430018509,-0.017375837339172702,-0.0031672926818213033,-0.018166688383371446,-0.0005147981171480073,-0.0038258487539944196,-0.0003315329115328063,-0.011428535817194881,-0.020578907138632314,0.00043810239405217707,0.006563434239403825,-0.0017131003832955767,0.006370629104093868,0.02730246772018819,0.03270607323661044,0.010361766548780172,-0.003900704461034112,-0.025480585198359836,-0.01376707911487851,-0.01965009179842795,-0.017375837339172702,0.036137055749093636,-0.001804715847501678,0.012836760434443624,-0.007433761261071632,-0.007934588297845827,-0.006243853746153683,0.020194302050532645,0.005497118355185205,-0.002278014085713068,0.006386477249768071,-0.004245665141514199,0.0005820389260129506,-0.007835032957254524,-0.026438262606283444,-0.011649328975361643,0.0032948580442840473,0.007743469494631969,0.008334361723334596,0.010676353603378767,-0.0031672926818213033,-0.001804715847501678,0.026735142395861018,0.009233937386650525,0.00413517314297648,0.013378762558979213,-0.008913352462351674,0.003513604661383846,-0.0018395728294022147,-0.00014244623315908032,-0.0048969595149798975,0.005680566682275116,-0.010461579994228875,-0.00433045183074874,0.003217054089294789,-0.004521938728445517,0.006653544266403754,-0.0015412486631434707,-0.0010310359930270152,0.003864842649821243,-0.018166688383371446,0.012836760434443624,0.009233937386650525,0.03163982659907192,-0.004822808854918401,0.0017077098833667642,-0.00617385428982308,0.017651228815861272,0.007230304801963287,0.0043935411671604235,0.001967159060404464,0.0018855077130735677,-0.00492841825148569,-0.012435693522941011,-0.01786500098947858,-0.009029950326999103,0.005241488044203597,-0.0008934813524087586,0.004235314437104744,0.013441509626052742,-0.0005147981171480073,-0.007433761261071632,0.00413517314297648,-0.004822808854918401,0.01995782831412129,0.001909892059701733,0.0006895119632877749,-0.006054446631160152,0.0016005078245020733,0.0013995629468824579,-0.0033434440979943887,0.00425636439677288,-0.005772124951780229,0.001365683325452209,0.0060980885855897535,0.0047063867594202315,0.0009659886338121548,0.006994588577120632,-0.002794601509297775,0.003222261480312788,-0.0038258487539944196,-0.007934588297845827,0.013378762558979213,0.0017077098833667642,0.001909892059701733,0.04134051332624408,0.0036602857858685257,-0.0021906215383317566,0.00011703461302445478,-0.007366315559742371,-0.00945260761210456,0.0003306590365254419,-0.002731403091668896,-0.0035053069412311682,0.011513032588904131,-0.0016511006488036347,0.00766280461903439,0.004961743803618764,-0.01192479317346135,0.003131116189892364,-0.0003315329115328063,-0.006243853746153683,-0.008913352462351674,-0.00617385428982308,0.0006895119632877749,0.0036602857858685257,0.02596950400504542,-0.007874548247111743,0.005684102408508461,1.59879212884222e-5,-8.514834758153631e-5,-0.0021214664722366758,0.015311315745465003,-0.00470154568757184,0.0027385546160824128,0.005969657575567739,-0.005013262930738501,0.0032766847905001686,0.00016644405472861096,-0.0044027721776233875,-0.011428535817194881,0.020194302050532645,0.003513604661383846,0.017651228815861272,-0.006054446631160152,-0.0021906215383317566,-0.007874548247111743,0.0458931701161646,0.0018852418034742999,0.000433216829628844,0.005555102378380714,-0.005740077152025598,-0.0040474801275689875,-0.006461572379442403,-0.013169285679008061,-0.01278403172821561,0.003698602948888293,-0.00025500304078583143,-0.0011093949697973358,0.014380118071729932,-0.020578907138632314,0.005497118355185205,-0.0018395728294022147,0.007230304801963287,0.0016005078245020733,0.00011703461302445478,0.005684102408508461,0.0018852418034742999,0.027383877601584727,0.0036700150398274595,-0.0032891560891453505,-0.000972206976689465,0.008217425156965878,-0.012956085089373556,-0.012349039825091588,-0.0023320161206639564,0.003600693520318261,0.00571708116407005,0.0075429543378591965,0.007042055537827051,0.00043810239405217707,-0.002278014085713068,-0.00014244623315908032,0.0043935411671604235,0.0013995629468824579,-0.007366315559742371,1.59879212884222e-5,0.000433216829628844,0.0036700150398274595,0.02350465599994394,0.0009273237125215839,-0.0018018199323190025,-0.0021242864030930455,-0.005463352073818261,0.0025678900583319913,-0.0022226831219100815,-0.004037531477576059,-0.004976221038111607,-0.0011543248013389084,0.0013863256383845166,0.006563434239403825,0.006386477249768071,-0.0048969595149798975,0.001967159060404464,-0.0033434440979943887,-0.00945260761210456,-8.514834758153631e-5,0.005555102378380714,-0.0032891560891453505,0.0009273237125215839,0.017046916132614505,-0.0020930430153760816,0.0017590280338466752,0.004780953140934629,-0.005819323091907625,0.002507179652020933,-0.003277857896697535,-0.0006035640985258456,-0.00019066457611315951,0.000527411008694006,-0.0017131003832955767,-0.004245665141514199,0.005680566682275116,0.0018855077130735677,0.00425636439677288,0.0003306590365254419,-0.0021214664722366758,-0.005740077152025598,-0.000972206976689465,-0.0018018199323190025,-0.0020930430153760816,0.018044973693844037,-0.0050686864763276294,0.0019864737331913252,-0.0022518806831100394,0.0054598384394388836,-0.0011537206688552136,0.0037985200264428007,0.0010691305606670223,0.0004706682366111926,0.006370629104093868,0.0005820389260129506,-0.010461579994228875,-0.00492841825148569,-0.005772124951780229,-0.002731403091668896,0.015311315745465003,-0.0040474801275689875,0.008217425156965878,-0.0021242864030930455,0.0017590280338466752,-0.0050686864763276294,0.03506141922109821,-0.0009421927370229283,-0.0033027654573794343,0.0016234043841968477,-0.005263157369122796,-0.005603571508618999,-0.004852364389171697,-0.0062729838360522944,0.02730246772018819,-0.007835032957254524,-0.00433045183074874,-0.012435693522941011,0.001365683325452209,-0.0035053069412311682,-0.00470154568757184,-0.006461572379442403,-0.012956085089373556,-0.005463352073818261,0.004780953140934629,0.0019864737331913252,-0.0009421927370229283,0.033204717703984386,0.016963359796430072,0.010451701760992225,7.038104934645856e-5,-0.0034310575265292117,-0.0021391061984469923,-0.011355937208182038,0.03270607323661044,-0.026438262606283444,0.003217054089294789,-0.01786500098947858,0.0060980885855897535,0.011513032588904131,0.0027385546160824128,-0.013169285679008061,-0.012349039825091588,0.0025678900583319913,-0.005819323091907625,-0.0022518806831100394,-0.0033027654573794343,0.016963359796430072,0.05517766399499298,0.008309933964126957,0.0009771056105646885,-0.013816369827152923,-0.015081673467712147,-0.015272454177488211,0.010361766548780172,-0.011649328975361643,-0.004521938728445517,-0.009029950326999103,0.0047063867594202315,-0.0016511006488036347,0.005969657575567739,-0.01278403172821561,-0.0023320161206639564,-0.0022226831219100815,0.002507179652020933,0.0054598384394388836,0.0016234043841968477,0.010451701760992225,0.008309933964126957,0.023158424466235724,-0.0064271755515419235,0.003824234075231265,-0.0028733096459606414,-0.0034042642260327114,-0.003900704461034112,0.0032948580442840473,0.006653544266403754,0.005241488044203597,0.0009659886338121548,0.00766280461903439,-0.005013262930738501,0.003698602948888293,0.003600693520318261,-0.004037531477576059,-0.003277857896697535,-0.0011537206688552136,-0.005263157369122796,7.038104934645856e-5,0.0009771056105646885,-0.0064271755515419235,0.022087249804222473,0.0011248449193455425,5.010866459576459e-6,0.005085427107268614,-0.025480585198359836,0.007743469494631969,-0.0015412486631434707,-0.0008934813524087586,0.006994588577120632,0.004961743803618764,0.0032766847905001686,-0.00025500304078583143,0.00571708116407005,-0.004976221038111607,-0.0006035640985258456,0.0037985200264428007,-0.005603571508618999,-0.0034310575265292117,-0.013816369827152923,0.003824234075231265,0.0011248449193455425,0.04715498487172081,0.002438925338783579,0.016737183694030842,-0.01376707911487851,0.008334361723334596,-0.0010310359930270152,0.004235314437104744,-0.002794601509297775,-0.01192479317346135,0.00016644405472861096,-0.0011093949697973358,0.0075429543378591965,-0.0011543248013389084,-0.00019066457611315951,0.0010691305606670223,-0.004852364389171697,-0.0021391061984469923,-0.015081673467712147,-0.0028733096459606414,5.010866459576459e-6,0.002438925338783579,0.021646457086242743,0.00721000247085332,-0.01965009179842795,0.010676353603378767,0.003864842649821243,0.013441509626052742,0.003222261480312788,0.003131116189892364,-0.0044027721776233875,0.014380118071729932,0.007042055537827051,0.0013863256383845166,0.000527411008694006,0.0004706682366111926,-0.0062729838360522944,-0.011355937208182038,-0.015272454177488211,-0.0034042642260327114,0.005085427107268614,0.016737183694030842,0.00721000247085332,0.026607693706159417
