0.0810165228042516,0.053488774983769895,0.09116586129789922,0.0637923276179231,0.03220509401587596,-0.010555077365413116,0.04332568948797427,0.01561376764976467,0.01382046809685765,0.057191207589426536,0.012189995683622343,0.0649591494778639,0.02393333862511426,0.032384432203319435,0.007221570301908277,0.054874059083181256,0.055776997550773026,-0.027827223977062613,0.0418173741060362,0.011507949347124204,0.053488774983769895,0.07761651899155628,0.08522136906896084,0.0413967654055407,0.040718123364543606,0.006768136339907287,0.03827815783193917,0.03178450263551737,0.00415797448753643,0.06435947584786883,0.008754605248124986,0.036333748200197254,0.03246483682219453,0.025436357170698618,0.005819567829708935,0.03299205454953312,0.04127364743049594,-0.011765727849155043,0.0372961950535289,-0.001588841325788442,0.09116586129789922,0.08522136906896084,0.18270083078630717,0.13153965059852943,0.05995288627411159,-0.030865730282684717,0.07206707789267226,-0.009367559732685687,0.03454275804243065,0.09918228499696699,0.016253596421927367,0.09139349769659465,0.049533834186673856,0.0698805184171965,0.016523041192331486,0.0672434794002294,0.11268885869236855,-0.05048843637055451,0.06655773194959336,0.003866141825987983,0.0637923276179231,0.0413967654055407,0.13153965059852943,0.2053505024120473,0.05240809399378982,-0.05218683225723435,0.03322407261806343,-0.05509577881160678,0.11640328013251466,0.07580341858967365,0.008755679277146915,0.11503791263255,0.0280609864103187,0.09241034953726862,0.01983402449127425,0.040044516235646324,0.09816975453454929,-0.06649296986583084,0.05545459149782597,0.042255762688537916,0.03220509401587596,0.040718123364543606,0.05995288627411159,0.05240809399378982,0.048527793664000056,-0.0027335971981845716,0.019131978733190873,0.01625656859218747,0.02742454593077137,0.05610902846433638,0.016515748888929274,0.04173152646643821,0.02776184493094909,0.02631690033039662,0.0062212675833309495,0.011457056000620244,0.039808716405433084,-0.009420078239790682,0.024789121014727813,0.0042796648780217056,-0.010555077365413116,0.006768136339907287,-0.030865730282684717,-0.05218683225723435,-0.0027335971981845716,0.06183561208170574,-0.031002122186989386,0.050025085300705166,0.0014162041174755483,-0.003619845415185708,-0.0046984929418103765,-0.020270131656148296,-0.010531481386610671,-0.015604010148790173,-0.023412237019609858,-0.0067649030118555765,-0.06023728140476204,0.02678188955179459,-0.01616865829508019,0.00805978644591342,0.04332568948797427,0.03827815783193917,0.07206707789267226,0.03322407261806343,0.019131978733190873,-0.031002122186989386,0.07947939227629135,-0.007563625785585946,-0.02391128493126333,0.04370342829397493,0.01610002800120152,0.027819082398883407,0.041163240254368384,0.010362054282248484,0.011854950745364884,0.03019220225243207,0.07014218654954302,-0.024779754756079752,0.03241509993186786,-0.024484374880659576,0.01561376764976467,0.03178450263551737,-0.009367559732685687,-0.05509577881160678,0.01625656859218747,0.050025085300705166,-0.007563625785585946,0.09335535849200831,-0.023069784307260102,0.021007340464721885,0.016293196458452782,-0.00827969200647867,0.01284158937489846,-0.015130492432760753,-0.017263890266752634,0.016317280756933603,-0.029393179884026958,0.04100245319038989,-0.003102143875394297,0.010894561632717292,0.01382046809685765,0.00415797448753643,0.03454275804243065,0.11640328013251466,0.02742454593077137,0.0014162041174755483,-0.02391128493126333,-0.023069784307260102,0.14473806128121341,0.02168927415676624,0.0013109504833920538,0.06539424214215042,-0.0028971424637355206,0.06564380303719633,-0.004491200454376875,0.007847116102402615,0.016901546949010488,-0.02065069090323793,0.012433312520231143,0.05882713031260839,0.057191207589426536,0.06435947584786883,0.09918228499696699,0.07580341858967365,0.05610902846433638,-0.003619845415185708,0.04370342829397493,0.021007340464721885,0.02168927415676624,0.09693806642992052,0.015989392045767888,0.05652728446992475,0.04426949210415508,0.03881210383043418,0.007416060120810142,0.03437067799793206,0.06444006740887644,-0.018243487329070135,0.039833635655954394,-0.007322155040887145,0.012189995683622343,0.008754605248124986,0.016253596421927367,0.008755679277146915,0.016515748888929274,-0.0046984929418103765,0.01610002800120152,0.016293196458452782,0.0013109504833920538,0.015989392045767888,0.042546966338509976,0.018499300728040874,0.035438509286897873,0.005691258421256891,0.008156694411339826,0.0016124302817740665,0.02769970896337776,0.01172035780307185,0.008049525322015232,0.0008809733918696502,0.0649591494778639,0.036333748200197254,0.09139349769659465,0.11503791263255,0.04173152646643821,-0.020270131656148296,0.027819082398883407,-0.00827969200647867,0.06539424214215042,0.05652728446992475,0.018499300728040874,0.10071065505069038,0.02609118402788694,0.05519591885846674,0.007953982146227983,0.04025882240514092,0.06563555162640825,-0.035063396351108264,0.043112544112461425,0.03271367423983211,0.02393333862511426,0.03246483682219453,0.049533834186673856,0.0280609864103187,0.02776184493094909,-0.010531481386610671,0.041163240254368384,0.01284158937489846,-0.0028971424637355206,0.04426949210415508,0.035438509286897873,0.02609118402788694,0.07512404048121887,0.010709284716152151,0.006354166658313867,0.01017428443462946,0.05509612555731089,0.005190992044381805,0.017227033615828034,-0.01912544616141182,0.032384432203319435,0.025436357170698618,0.0698805184171965,0.09241034953726862,0.02631690033039662,-0.015604010148790173,0.010362054282248484,-0.015130492432760753,0.06564380303719633,0.03881210383043418,0.005691258421256891,0.05519591885846674,0.010709284716152151,0.06612236135842414,0.002189294888389376,0.03179023215656518,0.04665819001751152,-0.026708234157051713,0.02127515947733412,0.029883729954357084,0.007221570301908277,0.005819567829708935,0.016523041192331486,0.01983402449127425,0.0062212675833309495,-0.023412237019609858,0.011854950745364884,-0.017263890266752634,-0.004491200454376875,0.007416060120810142,0.008156694411339826,0.007953982146227983,0.006354166658313867,0.002189294888389376,0.025713151629158004,-0.006659801337716742,0.019869865181653956,-0.010647392964098945,0.012706206271465743,-0.004200405618358412,0.054874059083181256,0.03299205454953312,0.0672434794002294,0.040044516235646324,0.011457056000620244,-0.0067649030118555765,0.03019220225243207,0.016317280756933603,0.007847116102402615,0.03437067799793206,0.0016124302817740665,0.04025882240514092,0.01017428443462946,0.03179023215656518,-0.006659801337716742,0.0773658877211989,0.04050316904524076,-0.023479523852511758,0.026839525182704695,0.022301074383865048,0.055776997550773026,0.04127364743049594,0.11268885869236855,0.09816975453454929,0.039808716405433084,-0.06023728140476204,0.07014218654954302,-0.029393179884026958,0.016901546949010488,0.06444006740887644,0.02769970896337776,0.06563555162640825,0.05509612555731089,0.04665819001751152,0.019869865181653956,0.04050316904524076,0.1329858367367425,-0.04001850127867093,0.043712393258708696,-0.011440534351365527,-0.027827223977062613,-0.011765727849155043,-0.05048843637055451,-0.06649296986583084,-0.009420078239790682,0.02678188955179459,-0.024779754756079752,0.04100245319038989,-0.02065069090323793,-0.018243487329070135,0.01172035780307185,-0.035063396351108264,0.005190992044381805,-0.026708234157051713,-0.010647392964098945,-0.023479523852511758,-0.04001850127867093,0.051813566430293334,-0.02512183361455533,-0.002681043025949962,0.0418173741060362,0.0372961950535289,0.06655773194959336,0.05545459149782597,0.024789121014727813,-0.01616865829508019,0.03241509993186786,-0.003102143875394297,0.012433312520231143,0.039833635655954394,0.008049525322015232,0.043112544112461425,0.017227033615828034,0.02127515947733412,0.012706206271465743,0.026839525182704695,0.043712393258708696,-0.02512183361455533,0.04336037112972477,0.003120338426512795,0.011507949347124204,-0.001588841325788442,0.003866141825987983,0.042255762688537916,0.0042796648780217056,0.00805978644591342,-0.024484374880659576,0.010894561632717292,0.05882713031260839,-0.007322155040887145,0.0008809733918696502,0.03271367423983211,-0.01912544616141182,0.029883729954357084,-0.004200405618358412,0.022301074383865048,-0.011440534351365527,-0.002681043025949962,0.003120338426512795,0.07035403655838844
0.0546751408245592,0.03314375600367497,0.02849746537363269,0.032134723273906325,0.03274789194974155,-2.2827111952886797e-5,0.008733605198450563,0.021549905490873933,0.026589260197652953,0.04548362235885937,0.012197439542550616,0.03431997310584003,0.03143019045878451,0.028722717142057565,0.004710022495574745,0.008109027151194173,0.024908561902508362,0.00016396254447089147,0.01765430024729208,0.01262791007083828,0.03314375600367497,0.07483054320732162,0.05380464839776736,0.041454640435501455,0.045607680127862024,0.0036265074112838366,0.02662970789938867,0.032002896817827337,0.02133601659542904,0.07288592405366112,0.02474182340788922,0.0560090556702938,0.04053545600131969,0.03807291929801708,0.013124116214099934,0.023503991147460546,0.04981098150864595,-0.0013620286081206755,0.033416882692561,0.006739438240868768,0.02849746537363269,0.05380464839776736,0.08059050847816174,0.04270746042470503,0.0411154578856023,-0.014304836867541994,0.036677557681949385,0.009815442847243776,-0.009272314425360445,0.06586807999987938,0.026624661809645848,0.03947487229054001,0.042327562456470874,0.023522694055768272,0.013812921936754504,0.03045404537519726,0.057821368276558656,-0.009527276606608388,0.027786914478326395,-0.014506933342264269,0.032134723273906325,0.041454640435501455,0.04270746042470503,0.09270369535854761,0.033733762357315254,-0.02106636467177707,0.005133985476982079,0.013036489487621376,0.04547638570195481,0.05618757309260211,0.02853534069884394,0.055768135065181045,0.033684487563898496,0.04112028453974235,0.020129002308646594,0.004696479462342013,0.033108257668900104,0.0035583427011784655,0.022044164402488832,0.014601174959951942,0.03274789194974155,0.045607680127862024,0.0411154578856023,0.033733762357315254,0.05221151346859503,-0.004882145022974176,0.021572547697103116,0.0167470353140575,0.015482218824254896,0.057514813563479435,0.021258174110343173,0.04296367098946545,0.035333336375437424,0.026555891370152046,0.005263452194420287,0.011335049287907073,0.039823098361060516,-0.007478197336944501,0.023621022339921957,-0.00315040692798071,-2.2827111952886797e-5,0.0036265074112838366,-0.014304836867541994,-0.02106636467177707,-0.004882145022974176,0.05059025604535443,-0.02969415054288333,0.023992372870523047,0.01390168350501569,0.004365650444536173,-0.013787513330548772,-0.00861827381705693,-0.013979655732356187,-0.001867575934078197,-0.018304414428912036,-0.001527022117774978,-0.0351964660391153,0.0041333389083506936,0.00032614437597651967,0.01832405496229688,0.008733605198450563,0.02662970789938867,0.036677557681949385,0.005133985476982079,0.021572547697103116,-0.02969415054288333,0.07260239499430028,-0.0019603795247130963,-0.02242672359186968,0.028741558837609565,0.032361242953604485,0.019203075624532336,0.034335792572188974,0.0064192781219217735,0.012837424701550425,0.016931382540800545,0.07781188379354367,-0.013865292591704484,0.019273814483546443,-0.02261917951625012,0.021549905490873933,0.032002896817827337,0.009815442847243776,0.013036489487621376,0.0167470353140575,0.023992372870523047,-0.0019603795247130963,0.059303204894400205,0.036389439195239515,0.026373951981294906,0.0028359931748093902,0.020027477071362446,0.014902381708374437,0.018675961057424424,0.0015961719630147092,0.011345751836254922,0.01050612264433094,0.014007684560856716,0.014733163971668607,0.03146875685648629,0.026589260197652953,0.02133601659542904,-0.009272314425360445,0.04547638570195481,0.015482218824254896,0.01390168350501569,-0.02242672359186968,0.036389439195239515,0.09742197876310033,0.023116337674450642,-0.0005547194579196661,0.038243228299823497,0.01034947301392623,0.04307966683119879,0.008184246002935432,-0.01569655864105088,-0.005868056505412638,0.027124120310073878,0.008578647076916404,0.041494804037879175,0.04548362235885937,0.07288592405366112,0.06586807999987938,0.05618757309260211,0.057514813563479435,0.004365650444536173,0.028741558837609565,0.026373951981294906,0.023116337674450642,0.10286331061758339,0.03558534065496896,0.05962389945598029,0.05059856504712601,0.04312807308844047,0.011237654773857412,0.025997133586999968,0.055011101906200156,-0.0020127988072438517,0.040615015431073015,-0.0005776975688467816,0.012197439542550616,0.02474182340788922,0.026624661809645848,0.02853534069884394,0.021258174110343173,-0.013787513330548772,0.032361242953604485,0.0028359931748093902,-0.0005547194579196661,0.03558534065496896,0.04948253503147537,0.020968539186491934,0.02615102782123714,0.014609125890364982,0.014879644065182577,0.010913030183534473,0.044659343005167114,-0.002807810029825163,0.01826270471645503,-0.004941080425206983,0.03431997310584003,0.0560090556702938,0.03947487229054001,0.055768135065181045,0.04296367098946545,-0.00861827381705693,0.019203075624532336,0.020027477071362446,0.038243228299823497,0.05962389945598029,0.020968539186491934,0.07230766566985841,0.04135608590967358,0.04488764330261543,0.016737464100247873,0.0050019481758303095,0.04472901021226812,-0.0010252062017189853,0.028329474416099384,0.006518334173454366,0.03143019045878451,0.04053545600131969,0.042327562456470874,0.033684487563898496,0.035333336375437424,-0.013979655732356187,0.034335792572188974,0.014902381708374437,0.01034947301392623,0.05059856504712601,0.02615102782123714,0.04135608590967358,0.05717854300181227,0.025889067798001045,0.012720379090192132,0.01074689543293865,0.054118920237360264,-0.0024840379509658227,0.028285597334096576,-0.004818533784038487,0.028722717142057565,0.03807291929801708,0.023522694055768272,0.04112028453974235,0.026555891370152046,-0.001867575934078197,0.0064192781219217735,0.018675961057424424,0.04307966683119879,0.04312807308844047,0.014609125890364982,0.04488764330261543,0.025889067798001045,0.05345892227738139,0.011171761621631065,-0.0009811403374643361,0.026517696804768086,0.005205585086427921,0.019493219947063833,0.01841188426577644,0.004710022495574745,0.013124116214099934,0.013812921936754504,0.020129002308646594,0.005263452194420287,-0.018304414428912036,0.012837424701550425,0.0015961719630147092,0.008184246002935432,0.011237654773857412,0.014879644065182577,0.016737464100247873,0.012720379090192132,0.011171761621631065,0.026765324682257598,0.0018271151261881318,0.021135083249350758,-4.676504495749518e-5,0.0024470470166005984,-0.0011589365280592432,0.008109027151194173,0.023503991147460546,0.03045404537519726,0.004696479462342013,0.011335049287907073,-0.001527022117774978,0.016931382540800545,0.011345751836254922,-0.01569655864105088,0.025997133586999968,0.010913030183534473,0.0050019481758303095,0.01074689543293865,-0.0009811403374643361,0.0018271151261881318,0.03419095240289259,0.02090373790890404,-0.0036066970701123177,0.012020801445479849,-0.003035068832084332,0.024908561902508362,0.04981098150864595,0.057821368276558656,0.033108257668900104,0.039823098361060516,-0.0351964660391153,0.07781188379354367,0.01050612264433094,-0.005868056505412638,0.055011101906200156,0.044659343005167114,0.04472901021226812,0.054118920237360264,0.026517696804768086,0.021135083249350758,0.02090373790890404,0.11821414948953039,-0.01888602394815899,0.0346489883182977,-0.01915924052545625,0.00016396254447089147,-0.0013620286081206755,-0.009527276606608388,0.0035583427011784655,-0.007478197336944501,0.0041333389083506936,-0.013865292591704484,0.014007684560856716,0.027124120310073878,-0.0020127988072438517,-0.002807810029825163,-0.0010252062017189853,-0.0024840379509658227,0.005205585086427921,-4.676504495749518e-5,-0.0036066970701123177,-0.01888602394815899,0.028559895467310418,-0.0019374803972541364,0.01859592343423985,0.01765430024729208,0.033416882692561,0.027786914478326395,0.022044164402488832,0.023621022339921957,0.00032614437597651967,0.019273814483546443,0.014733163971668607,0.008578647076916404,0.040615015431073015,0.01826270471645503,0.028329474416099384,0.028285597334096576,0.019493219947063833,0.0024470470166005984,0.012020801445479849,0.0346489883182977,-0.0019374803972541364,0.03454065499656601,0.0019274613714401708,0.01262791007083828,0.006739438240868768,-0.014506933342264269,0.014601174959951942,-0.00315040692798071,0.01832405496229688,-0.02261917951625012,0.03146875685648629,0.041494804037879175,-0.0005776975688467816,-0.004941080425206983,0.006518334173454366,-0.004818533784038487,0.01841188426577644,-0.0011589365280592432,-0.003035068832084332,-0.01915924052545625,0.01859592343423985,0.0019274613714401708,0.05182903435738677
0.06572651448848289,0.040436417424300916,0.050657986101970115,0.050129508159902664,0.020736675680294317,-0.018526513349441803,0.029532972639092842,0.013035171287509488,0.041867114144782204,0.054981296571158425,0.023407612109072076,0.04468596234065743,0.04032979451968255,0.0444076442402671,0.024985762300459825,0.02793560089768888,0.0360791161222616,-0.006198669894300274,0.018766649788618882,-0.0015135259627419313,0.040436417424300916,0.05750676653154843,0.06124304615509471,0.028215567102925637,0.03030948189230935,-0.003796263623950935,0.021549092057411408,0.023397562530113963,0.02015631424541392,0.057826518659070104,0.01989072803772363,0.041653378596410946,0.043668256201384884,0.027290837714606914,0.02095687259095322,0.039925450442862664,0.04872824837620843,0.004828062103568045,0.013732093761121484,0.009382380437878042,0.050657986101970115,0.06124304615509471,0.19574692608445904,0.06948441093515531,0.05547161942365986,-0.008970880378613953,0.0820678205059916,0.026666867155308305,0.002217627711040839,0.14725516455434817,0.05962342433688232,0.09438578558315767,0.11928960335260672,0.06707154155621516,0.05596950114509184,0.0532316418231932,0.15409544654065876,-0.00704579345684248,0.06019584813742007,0.007674754127252437,0.050129508159902664,0.028215567102925637,0.06948441093515531,0.19554788457951397,0.008390188132091756,-0.06144994533390647,0.02167219820945214,-0.04619862433726098,0.07446536575377041,0.07950307972284137,0.023457028411116146,0.08017572974277329,0.05206267728764516,0.069525018541881,0.028120859722517565,-0.0009770046881288257,0.05860623270895557,-0.05001351552848958,0.03173678793098432,-0.02364338020406176,0.020736675680294317,0.03030948189230935,0.05547161942365986,0.008390188132091756,0.04301406347236621,0.00427639601985437,0.017171028884927476,0.03360240829445034,0.005826373449850847,0.04632889651058081,0.018479463479601596,0.02369172158864033,0.03291087792102684,0.015049537771827003,0.010167711563014062,0.02646207072497616,0.03838677239309041,0.007603824410416101,0.018152950671406536,0.017527066390585714,-0.018526513349441803,-0.003796263623950935,-0.008970880378613953,-0.06144994533390647,0.00427639601985437,0.0736194544977588,-0.027814321369190396,0.059019160955281674,-0.006797710476493103,-0.006650868855713054,-0.0009441319477014212,-0.0166573744218364,-0.017789101349611584,-0.0021624775593635293,-0.013701004920169315,-0.0042033311935341,-0.04712787945919887,0.03447074938820678,0.0007637080126570465,0.05913499747400046,0.029532972639092842,0.021549092057411408,0.0820678205059916,0.02167219820945214,0.017171028884927476,-0.027814321369190396,0.08010572243502856,-0.011093156497412965,0.0007217967755068287,0.06245719929825261,0.037430914691651315,0.048608263134582275,0.0652011537233302,0.02954945262925398,0.02945147126823273,0.017842495899944535,0.0913299849535466,-0.006642096258333856,0.02780076871916607,-0.012564063500575581,0.013035171287509488,0.023397562530113963,0.026666867155308305,-0.04619862433726098,0.03360240829445034,0.059019160955281674,-0.011093156497412965,0.09612645482107998,0.0037903504323121284,0.024828480512837748,0.01567758793351766,-0.0030151260052259793,0.010036112795950824,0.017695652101237764,-0.0011287322395897989,0.030522853512608823,-0.01623854765842335,0.0405305512508074,0.019537497627755834,0.06479214990370327,0.041867114144782204,0.02015631424541392,0.002217627711040839,0.07446536575377041,0.005826373449850847,-0.006797710476493103,0.0007217967755068287,0.0037903504323121284,0.08135157663733086,0.025751023126311594,0.016111990565934976,0.03971307502014611,0.016309754184053615,0.042963141345953054,0.011143007816890212,-0.000436548742755883,-0.010774905463665059,0.0017065584326153172,0.008966203004354013,0.02269094917034837,0.054981296571158425,0.057826518659070104,0.14725516455434817,0.07950307972284137,0.04632889651058081,-0.006650868855713054,0.06245719929825261,0.024828480512837748,0.025751023126311594,0.13646230088378156,0.04873423782715281,0.09341545007358787,0.10099582797647827,0.06669090093263691,0.0422125610396835,0.0454981003588283,0.11684978350025807,-0.005024198010976846,0.048773948936492645,0.008771616979743253,0.023407612109072076,0.01989072803772363,0.05962342433688232,0.023457028411116146,0.018479463479601596,-0.0009441319477014212,0.037430914691651315,0.01567758793351766,0.016111990565934976,0.04873423782715281,0.05288436060399741,0.031889777824198565,0.045017259098733206,0.03530006398079678,0.025833144545131567,0.01656325889729031,0.04942155141558467,0.01638079136952847,0.035281353569278626,0.026391692708147577,0.04468596234065743,0.041653378596410946,0.09438578558315767,0.08017572974277329,0.02369172158864033,-0.0166573744218364,0.048608263134582275,-0.0030151260052259793,0.03971307502014611,0.09341545007358787,0.031889777824198565,0.10145960690315392,0.07872518641326597,0.05329599380312211,0.03019706165118836,0.02651936330005826,0.08334650328263306,-0.008760198894023557,0.02436560585150115,-0.0030555833397665454,0.04032979451968255,0.043668256201384884,0.11928960335260672,0.05206267728764516,0.03291087792102684,-0.017789101349611584,0.0652011537233302,0.010036112795950824,0.016309754184053615,0.10099582797647827,0.045017259098733206,0.07872518641326597,0.11018888109200659,0.04544036114554301,0.04177786651290489,0.03514746218831212,0.10716470066734607,0.0038742040656345724,0.038396096033889514,0.003573622919803931,0.0444076442402671,0.027290837714606914,0.06707154155621516,0.069525018541881,0.015049537771827003,-0.0021624775593635293,0.02954945262925398,0.017695652101237764,0.042963141345953054,0.06669090093263691,0.03530006398079678,0.05329599380312211,0.04544036114554301,0.07499149266399405,0.0274845896280387,0.012099785121837679,0.03208353052254977,0.001336277599104662,0.03475157107911146,0.02615786340620945,0.024985762300459825,0.02095687259095322,0.05596950114509184,0.028120859722517565,0.010167711563014062,-0.013701004920169315,0.02945147126823273,-0.0011287322395897989,0.011143007816890212,0.0422125610396835,0.025833144545131567,0.03019706165118836,0.04177786651290489,0.0274845896280387,0.03724421912187905,0.013635913266329003,0.044956326199627264,-0.0018002549919693856,0.021960393051927377,0.0036494604780773782,0.02793560089768888,0.039925450442862664,0.0532316418231932,-0.0009770046881288257,0.02646207072497616,-0.0042033311935341,0.017842495899944535,0.030522853512608823,-0.000436548742755883,0.0454981003588283,0.01656325889729031,0.02651936330005826,0.03514746218831212,0.012099785121837679,0.013635913266329003,0.055903569732604325,0.05338092212920789,0.005601323031374384,0.011804430409854221,-0.0011561320850496182,0.0360791161222616,0.04872824837620843,0.15409544654065876,0.05860623270895557,0.03838677239309041,-0.04712787945919887,0.0913299849535466,-0.01623854765842335,-0.010774905463665059,0.11684978350025807,0.04942155141558467,0.08334650328263306,0.10716470066734607,0.03208353052254977,0.044956326199627264,0.05338092212920789,0.1806939859693827,-0.022829867029627242,0.03833932845194429,-0.035014493553004976,-0.006198669894300274,0.004828062103568045,-0.00704579345684248,-0.05001351552848958,0.007603824410416101,0.03447074938820678,-0.006642096258333856,0.0405305512508074,0.0017065584326153172,-0.005024198010976846,0.01638079136952847,-0.008760198894023557,0.0038742040656345724,0.001336277599104662,-0.0018002549919693856,0.005601323031374384,-0.022829867029627242,0.04884285373116783,0.005658621138528799,0.05227229988094333,0.018766649788618882,0.013732093761121484,0.06019584813742007,0.03173678793098432,0.018152950671406536,0.0007637080126570465,0.02780076871916607,0.019537497627755834,0.008966203004354013,0.048773948936492645,0.035281353569278626,0.02436560585150115,0.038396096033889514,0.03475157107911146,0.021960393051927377,0.011804430409854221,0.03833932845194429,0.005658621138528799,0.04565608555509368,0.023505017845844342,-0.0015135259627419313,0.009382380437878042,0.007674754127252437,-0.02364338020406176,0.017527066390585714,0.05913499747400046,-0.012564063500575581,0.06479214990370327,0.02269094917034837,0.008771616979743253,0.026391692708147577,-0.0030555833397665454,0.003573622919803931,0.02615786340620945,0.0036494604780773782,-0.0011561320850496182,-0.035014493553004976,0.05227229988094333,0.023505017845844342,0.10876408267404353
