0.04012858663222724,0.01622557219862141,-0.0037584965705962444,0.021042419188280252,-0.00556647729153245,-0.017113500739928157,0.0016175632892751661,0.02651799698041383,-0.00661480053055364,0.003301048259591174,-0.0030950047554199984,-0.020865607071711867,-0.015082386134432264,-0.012928449259634768,-0.0010880092068912693,0.013787849859196982,-0.015339356319418502,-0.014748796012579408,0.0199529445710428,0.020328379337480044,0.01622557219862141,0.05608148244505862,-0.014920508025119222,0.021770944289850963,0.0020300652757368268,-0.0044465238052856645,0.006330202752647868,0.029345727914383654,0.005405213193760406,0.0010917758044488978,-0.0009128728398103869,-0.019729386077486262,0.007599415939649912,-0.01151900660635462,0.010442105072309868,-0.0015917506663533096,-0.002740223858703119,-0.004822594843129384,0.018617633854266742,0.01964058631656255,-0.0037584965705962444,-0.014920508025119222,0.04310008703849592,-0.014411018700070014,0.0024600779685605085,0.000456888071764937,-0.004754248187399008,-0.007831701338545978,0.0021445697860149274,0.00023711170085555244,-0.001849392863853288,0.02416268401292345,-0.004089694005128438,0.00864618744631981,0.0019826141212950016,-0.007507265269206964,-0.0012692621401414438,0.013798821279628871,-0.009953864799006533,-0.012314992564592415,0.021042419188280252,0.021770944289850963,-0.014411018700070014,0.043402755712599515,-0.0006675502339102842,0.006326667190956307,0.0076992872480079,0.010392747389989071,0.0031662481002421687,0.004609268099900005,-0.0011386152132055669,-0.011300719555410928,0.003529196789463606,-0.00884339608586239,-0.0036812467784724037,0.011302126156739555,0.0075481216462704856,-0.009165538191547029,0.005755580309349841,0.01482634102154623,-0.00556647729153245,0.0020300652757368268,0.0024600779685605085,-0.0006675502339102842,0.020154134766508274,0.004663050500610696,0.0010107189242385007,8.519554806737375e-5,0.009541584657402898,0.004174923489454753,0.0037868619869084238,0.0019192370752793395,0.009880588367729206,0.0054045925553652535,0.006353019924844322,-0.007031772325881111,0.005986589109092581,0.0042400299525611205,-0.0033943027843963357,-0.006448351136800631,-0.017113500739928157,-0.0044465238052856645,0.000456888071764937,0.006326667190956307,0.004663050500610696,0.04977363746879619,-0.007876318560091996,-0.033178563312963316,0.010039891496052219,-0.009261033963778545,0.003954433468442209,0.027676601935674394,0.015133020972244572,0.013648015688593454,0.007953038398501698,0.0024810647318189716,0.0379466582454058,0.014030901006803837,-0.020561853646588475,-0.027110577811000354,0.0016175632892751661,0.006330202752647868,-0.004754248187399008,0.0076992872480079,0.0010107189242385007,-0.007876318560091996,0.0196897840707804,0.00853591593550916,0.0009408337854839844,0.005974398567484954,-0.0012963211291366751,-0.01344581220075003,-0.0028908864489016724,-0.0007533876990349713,0.004243280303206131,0.005585506892989486,0.0025671997970757136,-0.004902664777053423,0.001393285102668946,0.0019199863711379527,0.02651799698041383,0.029345727914383654,-0.007831701338545978,0.010392747389989071,8.519554806737375e-5,-0.033178563312963316,0.00853591593550916,0.06919715637903598,-0.003237942865935786,0.010428377507553925,0.0006758263319334547,-0.03639626921904947,-0.00813652206119609,-0.015488587221637037,0.00024518702975170675,0.003475188444637065,-0.028544146628960522,-0.017684817282730695,0.03668677786001119,0.04823114039256389,-0.00661480053055364,0.005405213193760406,0.0021445697860149274,0.0031662481002421687,0.009541584657402898,0.010039891496052219,0.0009408337854839844,-0.003237942865935786,0.03991422960544871,0.010667624982501648,0.0012212748673841377,0.0034725870485646402,0.02216847922042851,0.004508763402300621,0.012490077583468932,-0.027470807729798485,0.006821525996876022,0.005029405503126904,-0.002717564741228689,-0.008680424499317694,0.003301048259591174,0.0010917758044488978,0.00023711170085555244,0.004609268099900005,0.004174923489454753,-0.009261033963778545,0.005974398567484954,0.010428377507553925,0.010667624982501648,0.03395699927632469,0.0023764234807951284,-0.010952581956805263,-0.0008229433382309346,-0.0055072261975924585,0.005307505468257083,-0.006279756525180003,-0.00048607083425957886,-0.008026401713603703,0.009716944551083954,0.002136498711372923,-0.0030950047554199984,-0.0009128728398103869,-0.001849392863853288,-0.0011386152132055669,0.0037868619869084238,0.003954433468442209,-0.0012963211291366751,0.0006758263319334547,0.0012212748673841377,0.0023764234807951284,0.023594654403720973,0.0007200059436942529,0.003004114562999465,0.003641103147540238,0.0067502214454658975,0.0035212631952294513,0.005632211749314206,-0.003636590330953337,0.008970461606863638,-0.0007043631039845967,-0.020865607071711867,-0.019729386077486262,0.02416268401292345,-0.011300719555410928,0.0019192370752793395,0.027676601935674394,-0.01344581220075003,-0.03639626921904947,0.0034725870485646402,-0.010952581956805263,0.0007200059436942529,0.055367371026291676,0.005111462428298807,0.01804095558679684,-7.451734494046233e-5,0.0021637586203405454,0.02332184064580728,0.02873886964683313,-0.024874443254375895,-0.02844637855698342,-0.015082386134432264,0.007599415939649912,-0.004089694005128438,0.003529196789463606,0.009880588367729206,0.015133020972244572,-0.0028908864489016724,-0.00813652206119609,0.02216847922042851,-0.0008229433382309346,0.003004114562999465,0.005111462428298807,0.05967682740833698,0.02124702839968418,0.022504333359340642,-0.03517311282655591,0.019687978678404938,0.008059254850687836,-0.005686476182930481,-0.011301317519790466,-0.012928449259634768,-0.01151900660635462,0.00864618744631981,-0.00884339608586239,0.0054045925553652535,0.013648015688593454,-0.0007533876990349713,-0.015488587221637037,0.004508763402300621,-0.0055072261975924585,0.003641103147540238,0.01804095558679684,0.02124702839968418,0.040708250369155895,0.009090005953481414,-0.013330972528929296,0.015564596905811023,0.014054004422885713,-0.014533936767332417,-0.012786419283424888,-0.0010880092068912693,0.010442105072309868,0.0019826141212950016,-0.0036812467784724037,0.006353019924844322,0.007953038398501698,0.004243280303206131,0.00024518702975170675,0.012490077583468932,0.005307505468257083,0.0067502214454658975,-7.451734494046233e-5,0.022504333359340642,0.009090005953481414,0.04341480275510694,-0.02366576414989568,0.008920432406302302,-0.003999437832044226,0.008242261589164215,-0.009707163283106127,0.013787849859196982,-0.0015917506663533096,-0.007507265269206964,0.011302126156739555,-0.007031772325881111,0.0024810647318189716,0.005585506892989486,0.003475188444637065,-0.027470807729798485,-0.006279756525180003,0.0035212631952294513,0.0021637586203405454,-0.03517311282655591,-0.013330972528929296,-0.02366576414989568,0.07186193129729071,0.002426383634337781,0.0011659611210500537,0.0006534824518015536,0.009568262285532751,-0.015339356319418502,-0.002740223858703119,-0.0012692621401414438,0.0075481216462704856,0.005986589109092581,0.0379466582454058,0.0025671997970757136,-0.028544146628960522,0.006821525996876022,-0.00048607083425957886,0.005632211749314206,0.02332184064580728,0.019687978678404938,0.015564596905811023,0.008920432406302302,0.002426383634337781,0.0589591858806047,0.011907976519981808,-0.021789877477994712,-0.023025863706850856,-0.014748796012579408,-0.004822594843129384,0.013798821279628871,-0.009165538191547029,0.0042400299525611205,0.014030901006803837,-0.004902664777053423,-0.017684817282730695,0.005029405503126904,-0.008026401713603703,-0.003636590330953337,0.02873886964683313,0.008059254850687836,0.014054004422885713,-0.003999437832044226,0.0011659611210500537,0.011907976519981808,0.03962828644326812,-0.02057721189176294,-0.012374497557381984,0.0199529445710428,0.018617633854266742,-0.009953864799006533,0.005755580309349841,-0.0033943027843963357,-0.020561853646588475,0.001393285102668946,0.03668677786001119,-0.002717564741228689,0.009716944551083954,0.008970461606863638,-0.024874443254375895,-0.005686476182930481,-0.014533936767332417,0.008242261589164215,0.0006534824518015536,-0.021789877477994712,-0.02057721189176294,0.05695969401767566,0.022948451335403203,0.020328379337480044,0.01964058631656255,-0.012314992564592415,0.01482634102154623,-0.006448351136800631,-0.027110577811000354,0.0019199863711379527,0.04823114039256389,-0.008680424499317694,0.002136498711372923,-0.0007043631039845967,-0.02844637855698342,-0.011301317519790466,-0.012786419283424888,-0.009707163283106127,0.009568262285532751,-0.023025863706850856,-0.012374497557381984,0.022948451335403203,0.06301056170500846
