0.03189592828721213,-0.00037773386902027967,0.006618353781616811,-0.00776930359382838,-0.0008705137922506319,0.00827011889503231,-0.003716371216677108,0.007419338290022504,-0.007941640026234566,0.0013378984651108393,0.006731183044917427,-0.012838587693468644,-0.0033170240926759732,0.0021536374938705668,-0.004711253794780266,-0.006065733291061999,-0.004475341491524015,-0.002909611393085319,0.003370956109487831,0.010445877852869597,-0.00037773386902027967,0.03209941331102816,0.0036796015720807216,-0.008845475581732997,0.005438052300174207,-4.379962701672128e-5,0.007828152522371762,-0.0024758531120660124,0.004125949160121496,0.003711962769240397,-0.001114461659855542,-0.007504277705988285,-0.004125432936003085,0.007761761581211037,0.005196296215444988,-0.003757564982790479,-0.016957719309604477,0.010020873046654052,0.0065875185431349004,-0.003492841918132027,0.006618353781616811,0.0036796015720807216,0.032151356840904026,-0.013724685143636433,-0.0002502751381344389,-0.003563317310000356,0.007342633161384379,0.0022743102637570274,0.010858601923618122,-0.004936349439846363,-0.0018381724365738763,-0.0031159257529823022,0.0027171621119666885,0.0006457051379708915,0.0016704275626510928,0.0009562089370828732,-0.007280480747818693,-0.00673365503078282,0.021599562123345163,0.011394786632368144,-0.00776930359382838,-0.008845475581732997,-0.013724685143636433,0.06211930670240337,0.023124229108022566,0.002074126438297095,-0.0005524767483844329,-0.005283394417911792,-0.007225729752106432,0.008497637205241118,-0.005836392622803622,0.012073220092842115,-0.020634548907186682,0.016328373095322007,-5.634662127658278e-6,-0.012197914751254965,-0.0072676839840307185,0.03826764391192247,-0.0157828020093879,-0.020522067472482683,-0.0008705137922506319,0.005438052300174207,-0.0002502751381344389,0.023124229108022566,0.047133976804143204,0.009474344918800864,0.0058794149559397175,0.0004690536227803959,0.0033877835740734373,0.01016312393938051,-0.013058516783251147,-0.000171149755629789,-0.009074515056059319,0.02164607244036473,-0.009528865335632828,-0.009441599788682687,-0.0018421544779643228,0.0284629795511534,-0.015565994834828595,-0.0036599437867496365,0.00827011889503231,-4.379962701672128e-5,-0.003563317310000356,0.002074126438297095,0.009474344918800864,0.03824285386568627,-0.014473342060688805,0.011629575863676356,-0.008432743114629722,0.007631626910771085,-0.009185245400581658,0.007023776761409011,-0.004127015916137769,0.005579202296248018,-0.004771731489574514,0.005295480808235928,0.009464075953842648,-0.00822461769324713,-0.0068498407368441615,0.011218062402578109,-0.003716371216677108,0.007828152522371762,0.007342633161384379,-0.0005524767483844329,0.0058794149559397175,-0.014473342060688805,0.030516622225883715,-0.010945085647178224,0.018634125183323788,-0.004026097521481711,0.005163597736621922,-0.0057612624348273925,0.0007694739031201888,0.003998644885775697,0.006017780577076215,-0.0033202212620769135,-0.012035153086038867,0.01847972757556661,0.0076382366467121834,-0.00905154043079609,0.007419338290022504,-0.0024758531120660124,0.0022743102637570274,-0.005283394417911792,0.0004690536227803959,0.011629575863676356,-0.010945085647178224,0.022574237785324497,-0.0013696568636651172,0.008179737890410991,-0.0037248009642926205,0.004854731729083021,0.00685830105004267,0.0020812254783076577,-0.00712748859887813,0.0011605058359219409,-0.0010439899857643414,-0.013291450292921912,0.0031266203569142014,0.009182857109356674,-0.007941640026234566,0.004125949160121496,0.010858601923618122,-0.007225729752106432,0.0033877835740734373,-0.008432743114629722,0.018634125183323788,-0.0013696568636651172,0.027594637670343463,-0.0035269335116316436,0.004793933007009874,0.006859141966865613,0.002155254634422438,0.006655001600653332,0.010499113356434909,0.0002756117388600407,-0.008920239743706287,0.01253766122091336,0.010949203841638212,-0.003851684358336457,0.0013378984651108393,0.003711962769240397,-0.004936349439846363,0.008497637205241118,0.01016312393938051,0.007631626910771085,-0.004026097521481711,0.008179737890410991,-0.0035269335116316436,0.027986601980162312,-0.003424032590456143,0.0005177070655532797,-0.000914054869939705,0.004801385079044301,-0.006793290512342639,-0.0007566984295705231,-0.000690531163005062,0.009881733866118923,-0.007628956396664721,-0.000980550400814689,0.006731183044917427,-0.001114461659855542,-0.0018381724365738763,-0.005836392622803622,-0.013058516783251147,-0.009185245400581658,0.005163597736621922,-0.0037248009642926205,0.004793933007009874,-0.003424032590456143,0.027290307162045637,0.001122042476650255,0.0098112139701764,-0.009409446372133524,0.007502484933296299,-0.006154939516294226,0.0001364099497930026,0.0030507129453189326,-0.0005768174931695046,-0.007263700766663909,-0.012838587693468644,-0.007504277705988285,-0.0031159257529823022,0.012073220092842115,-0.000171149755629789,0.007023776761409011,-0.0057612624348273925,0.004854731729083021,0.006859141966865613,0.0005177070655532797,0.001122042476650255,0.04567184514747271,0.010242425420530853,-0.0009019055232630353,0.008409922345600153,0.005918755178370529,0.004664319122647136,-0.004885604050784538,-0.0039178265788774175,-0.010117671124110744,-0.0033170240926759732,-0.004125432936003085,0.0027171621119666885,-0.020634548907186682,-0.009074515056059319,-0.004127015916137769,0.0007694739031201888,0.00685830105004267,0.002155254634422438,-0.000914054869939705,0.0098112139701764,0.010242425420530853,0.05509045040514511,-0.015844252255007452,-0.00034034122974432564,0.01691701770815447,0.024925027592138438,-0.026340349066090445,-0.003814151690087681,0.0006890619397974685,0.0021536374938705668,0.007761761581211037,0.0006457051379708915,0.016328373095322007,0.02164607244036473,0.005579202296248018,0.003998644885775697,0.0020812254783076577,0.006655001600653332,0.004801385079044301,-0.009409446372133524,-0.0009019055232630353,-0.015844252255007452,0.0314602990903014,-0.0013891971451009304,-0.011187106198407851,-0.017796612135639996,0.02520713090716381,-0.0016789504622735565,-0.0035107112072195502,-0.004711253794780266,0.005196296215444988,0.0016704275626510928,-5.634662127658278e-6,-0.009528865335632828,-0.004771731489574514,0.006017780577076215,-0.00712748859887813,0.010499113356434909,-0.006793290512342639,0.007502484933296299,0.008409922345600153,-0.00034034122974432564,-0.0013891971451009304,0.025553686321366908,-0.005340839248479153,-0.00717882582924248,0.004929227716373507,0.002017952192369452,-0.006240650787598056,-0.006065733291061999,-0.003757564982790479,0.0009562089370828732,-0.012197914751254965,-0.009441599788682687,0.005295480808235928,-0.0033202212620769135,0.0011605058359219409,0.0002756117388600407,-0.0007566984295705231,-0.006154939516294226,0.005918755178370529,0.01691701770815447,-0.011187106198407851,-0.005340839248479153,0.041416590502833715,0.01859894323452433,-0.029129122723460216,0.008083833748100283,0.008881464641901435,-0.004475341491524015,-0.016957719309604477,-0.007280480747818693,-0.0072676839840307185,-0.0018421544779643228,0.009464075953842648,-0.012035153086038867,-0.0010439899857643414,-0.008920239743706287,-0.000690531163005062,0.0001364099497930026,0.004664319122647136,0.024925027592138438,-0.017796612135639996,-0.00717882582924248,0.01859894323452433,0.05305894078431115,-0.02752184851108884,-0.02124651071288946,0.0142425648053323,-0.002909611393085319,0.010020873046654052,-0.00673365503078282,0.03826764391192247,0.0284629795511534,-0.00822461769324713,0.01847972757556661,-0.013291450292921912,0.01253766122091336,0.009881733866118923,0.0030507129453189326,-0.004885604050784538,-0.026340349066090445,0.02520713090716381,0.004929227716373507,-0.029129122723460216,-0.02752184851108884,0.07348300052618176,-0.01155951769797877,-0.02486250365473377,0.003370956109487831,0.0065875185431349004,0.021599562123345163,-0.0157828020093879,-0.015565994834828595,-0.0068498407368441615,0.0076382366467121834,0.0031266203569142014,0.010949203841638212,-0.007628956396664721,-0.0005768174931695046,-0.0039178265788774175,-0.003814151690087681,-0.0016789504622735565,0.002017952192369452,0.008083833748100283,-0.02124651071288946,-0.01155951769797877,0.049388346876260716,0.005734498218274126,0.010445877852869597,-0.003492841918132027,0.011394786632368144,-0.020522067472482683,-0.0036599437867496365,0.011218062402578109,-0.00905154043079609,0.009182857109356674,-0.003851684358336457,-0.000980550400814689,-0.007263700766663909,-0.010117671124110744,0.0006890619397974685,-0.0035107112072195502,-0.006240650787598056,0.008881464641901435,0.0142425648053323,-0.02486250365473377,0.005734498218274126,0.03554814483122956
0.03150500063839028,-0.004330403429546788,0.015072443020825558,-0.0138588947503737,-0.005438248269864451,0.015657638520295756,-0.008447321984238542,0.0027422418006556493,-0.004005475290864366,0.000581200978725195,0.01516906852333861,-0.0035147005944880074,-0.01099180449541079,-0.005856397912226861,0.0059873259995867276,-0.009962975749795638,-0.0005943260793679953,-0.000780364639847541,0.004429104938240842,0.0118850225000631,-0.004330403429546788,0.029038060354023707,-0.008479183651989679,0.006031856598517904,0.008951880945005906,0.001010420080494,0.0051902244411611885,-0.0017220761629182049,-0.0006934789356869376,0.004569742671802606,-0.0077545381733291185,-0.006750199716687244,0.0007613425330674825,0.006338382495756281,-0.004964576254651064,-0.0006538025142264056,-0.0038172075156358313,0.018938514132580044,0.0007118760030871336,0.004028799830794931,0.015072443020825558,-0.008479183651989679,0.04153041953904674,-0.014160189769418283,-0.01282789391123586,0.002431905056704521,-0.0025056906132992114,0.00540370106327788,0.00023058618896446698,0.0022964330767908723,0.008864692037942061,0.002045340181513262,-0.004754930674292424,-0.008103764596075591,-0.0022585514433131,-0.011551419790918489,-0.0018316152257411055,-0.013052642401422641,0.004125792371000896,0.011345404442056554,-0.0138588947503737,0.006031856598517904,-0.014160189769418283,0.03408031462907088,0.006470631330531062,-0.007017311058730963,0.005760322409896398,0.005502921741124279,-0.003552194694428653,-0.002376546831927699,-0.02022904760618653,0.0011745909998753593,0.00648506532154401,0.008113685859802208,-0.007936267852332759,0.008219240985911157,0.0012925362665200258,0.006480903678786666,-0.0022673071682456974,-0.0075494191835326725,-0.005438248269864451,0.008951880945005906,-0.01282789391123586,0.006470631330531062,0.03486322182672135,0.009578451963328459,-0.0013495474097576351,0.0011413176719331708,0.001577776357443148,-0.0002640124026611424,-0.0105087381585879,0.011061283128571936,0.012814643944289262,0.01173761516116914,-0.002920144275235459,0.006878103836266243,0.0016087241033721895,0.0021034714889770064,-0.008698649237990155,-0.004748605013682766,0.015657638520295756,0.001010420080494,0.002431905056704521,-0.007017311058730963,0.009578451963328459,0.05792395452935718,-0.025644054656383045,-0.0037474208390450435,-0.018510362267798036,0.0033304328509085853,0.011980714202252645,0.0006821961235807569,-0.005572360879129993,-0.006238020668265521,0.0034458673757704747,-0.009600318112996898,0.005772627894810518,0.017578709342828163,-0.0072750505395319165,0.017857764861143398,-0.008447321984238542,0.0051902244411611885,-0.0025056906132992114,0.005760322409896398,-0.0013495474097576351,-0.025644054656383045,0.036788239709852906,0.003288107912548686,0.02245627142218962,-0.004126561958115089,-0.0049499582498190794,-0.007471675581176304,0.006025957839052165,0.009742702939028628,0.0033611700156394525,0.004794284111045554,-0.001038151989420655,-0.011515587093330646,0.0005871676625450175,-0.015443406859811474,0.0027422418006556493,-0.0017220761629182049,0.00540370106327788,0.005502921741124279,0.0011413176719331708,-0.0037474208390450435,0.003288107912548686,0.024771496636160642,0.011050873902817506,-0.0015031410290249421,-0.006676487868020952,0.009615497162632712,0.00938123672053024,0.004155159313618233,-0.005490526003402921,-0.0032963882371844205,0.0031228223668620493,-0.016136846942190468,-0.0030917333515587033,-0.004820905481626824,-0.004005475290864366,-0.0006934789356869376,0.00023058618896446698,-0.003552194694428653,0.001577776357443148,-0.018510362267798036,0.02245627142218962,0.011050873902817506,0.03663976876774777,-0.00589180695783245,0.007950201003385036,0.006077413285938065,0.0072326047616500634,0.016684085520401515,0.016523849226695034,0.005353302857277477,0.004261603572556836,-0.014816140793634556,0.002570064002380121,-0.013455982349936299,0.000581200978725195,0.004569742671802606,0.0022964330767908723,-0.002376546831927699,-0.0002640124026611424,0.0033304328509085853,-0.004126561958115089,-0.0015031410290249421,-0.00589180695783245,0.01993631697264032,-0.0031712733159149804,0.002258819082099565,0.005119865762029673,-0.0005132704221600287,-0.006043069045862924,-0.005357127771471916,-0.0030223399014844654,0.006995468311474075,-0.0014121103231607168,0.006065226748508253,0.01516906852333861,-0.0077545381733291185,0.008864692037942061,-0.02022904760618653,-0.0105087381585879,0.011980714202252645,-0.0049499582498190794,-0.006676487868020952,0.007950201003385036,-0.0031712733159149804,0.04066850649634948,0.001668168484058322,-0.0033386492244114143,-0.006154753161177957,0.021483363811523874,-0.005628262731775996,0.007207365787044149,-0.008215169868364455,0.0032092533143768635,0.0012722003397629832,-0.0035147005944880074,-0.006750199716687244,0.002045340181513262,0.0011745909998753593,0.011061283128571936,0.0006821961235807569,-0.007471675581176304,0.009615497162632712,0.006077413285938065,0.002258819082099565,0.001668168484058322,0.03913605853952884,0.02315637793448489,0.002340262599165724,0.0011334547906093012,0.0025482764873965592,0.010564655699877934,-0.02000181415032407,-0.0043050114506201845,-0.007956714162925406,-0.01099180449541079,0.0007613425330674825,-0.004754930674292424,0.00648506532154401,0.012814643944289262,-0.005572360879129993,0.006025957839052165,0.00938123672053024,0.0072326047616500634,0.005119865762029673,-0.0033386492244114143,0.02315637793448489,0.047106544450225635,-0.0004015766073187793,-0.007617726208874234,0.014940394821795225,0.01807459512697323,-0.014487245921170337,-0.014808119769876855,-0.015935606235614845,-0.005856397912226861,0.006338382495756281,-0.008103764596075591,0.008113685859802208,0.01173761516116914,-0.006238020668265521,0.009742702939028628,0.004155159313618233,0.016684085520401515,-0.0005132704221600287,-0.006154753161177957,0.002340262599165724,-0.0004015766073187793,0.029793935441257895,0.004586486326269819,-0.004905193296341747,-0.004887757585724604,-0.00016657138977700105,-0.0021469353989016396,-0.00564620043840963,0.0059873259995867276,-0.004964576254651064,-0.0022585514433131,-0.007936267852332759,-0.002920144275235459,0.0034458673757704747,0.0033611700156394525,-0.005490526003402921,0.016523849226695034,-0.006043069045862924,0.021483363811523874,0.0011334547906093012,-0.007617726208874234,0.004586486326269819,0.036008839100194506,0.001200119616680441,0.0014646184218375959,-0.0062225293324170644,0.007510924145440722,-3.1435413432260825e-5,-0.009962975749795638,-0.0006538025142264056,-0.011551419790918489,0.008219240985911157,0.006878103836266243,-0.009600318112996898,0.004794284111045554,-0.0032963882371844205,0.005353302857277477,-0.005357127771471916,-0.005628262731775996,0.0025482764873965592,0.014940394821795225,-0.004905193296341747,0.001200119616680441,0.037738461297519586,0.007757200900689753,-0.0005642422777236485,-0.0031936541178150335,-0.007534533163924405,-0.0005943260793679953,-0.0038172075156358313,-0.0018316152257411055,0.0012925362665200258,0.0016087241033721895,0.005772627894810518,-0.001038151989420655,0.0031228223668620493,0.004261603572556836,-0.0030223399014844654,0.007207365787044149,0.010564655699877934,0.01807459512697323,-0.004887757585724604,0.0014646184218375959,0.007757200900689753,0.03695809967789297,-0.014954220855564533,-0.010710846886428455,-0.016837059979008074,-0.000780364639847541,0.018938514132580044,-0.013052642401422641,0.006480903678786666,0.0021034714889770064,0.017578709342828163,-0.011515587093330646,-0.016136846942190468,-0.014816140793634556,0.006995468311474075,-0.008215169868364455,-0.02000181415032407,-0.014487245921170337,-0.00016657138977700105,-0.0062225293324170644,-0.0005642422777236485,-0.014954220855564533,0.05894778189043273,0.002552451833695766,0.022533103828398522,0.004429104938240842,0.0007118760030871336,0.004125792371000896,-0.0022673071682456974,-0.008698649237990155,-0.0072750505395319165,0.0005871676625450175,-0.0030917333515587033,0.002570064002380121,-0.0014121103231607168,0.0032092533143768635,-0.0043050114506201845,-0.014808119769876855,-0.0021469353989016396,0.007510924145440722,-0.0031936541178150335,-0.010710846886428455,0.002552451833695766,0.03149160914148584,0.010468845427146774,0.0118850225000631,0.004028799830794931,0.011345404442056554,-0.0075494191835326725,-0.004748605013682766,0.017857764861143398,-0.015443406859811474,-0.004820905481626824,-0.013455982349936299,0.006065226748508253,0.0012722003397629832,-0.007956714162925406,-0.015935606235614845,-0.00564620043840963,-3.1435413432260825e-5,-0.007534533163924405,-0.016837059979008074,0.022533103828398522,0.010468845427146774,0.04164165747104199
0.0300471480372714,0.00014330644366095015,0.0019918042853874223,-0.002246967393890193,-0.0068076710197272775,0.01773788640793373,-0.00865904182502443,-0.001346148827219465,-0.0094951566803944,0.00286221461704824,0.009288861849860473,-0.006462101668894496,0.006068198911527248,-0.01229578889979037,0.011221205310699065,-0.007226202609419171,0.0204845838199739,0.007864176300805008,-0.003791137786003958,0.007747972749015629,0.00014330644366095015,0.05631504864508121,0.019304543507461018,-0.029447575490884288,-0.01996841065347757,-0.019184251755098587,0.011487556608119846,-0.019419404170248983,0.013389133881916884,0.009073778001697756,-0.011736591557668524,-0.020604540442554144,-0.018692002156410016,-0.0021025109093869686,0.03233293033988595,0.004222583110020384,-0.023205259713036476,0.022579618184515843,0.01490272626849326,0.004049741417061488,0.0019918042853874223,0.019304543507461018,0.048000380451613894,-0.009422121677688166,-0.0068153020023859305,-0.009396424155148513,0.0057369219746785174,0.011398154817221407,0.016251942055782714,-0.014085744324707397,-0.020513503960076652,-0.008281824454103383,-0.02777529264856974,0.003626480672193253,0.022384470899059067,-0.014469665413876434,-0.0192839959097952,0.007352023019888862,0.0027559236697129504,0.01166330944486093,-0.002246967393890193,-0.029447575490884288,-0.009422121677688166,0.10368107068089885,0.020711610679324702,-0.013161571707386308,0.00279908859060152,0.02342119520850468,0.0010849313925151136,0.0009223499428635627,0.01194882358425053,-0.007987303088621698,0.02344647530445587,0.030888537536473443,-0.031220441081550195,0.0032231177070109157,0.03764565581154296,0.012250712424845996,-0.0065745706485483045,0.0321447735887996,-0.0068076710197272775,-0.01996841065347757,-0.0068153020023859305,0.020711610679324702,0.03992282682767381,0.0036290448661588947,0.002982622127792945,0.01245572140987303,0.00422619848503283,-0.005598268161824359,-0.0030172312555802193,0.009693264857780357,-0.008064327017988659,0.015871748051920487,-0.0207890995970964,-0.006806306177790929,0.003955722853763485,-0.009083277714390787,-0.006973579930106784,-0.0005523558194151004,0.01773788640793373,-0.019184251755098587,-0.009396424155148513,-0.013161571707386308,0.0036290448661588947,0.06753601726624155,-0.017872693318867074,-0.009374345361155178,-0.022357583163014276,0.014865259949589298,0.01512189538029636,0.0008263601104584657,0.010652145179386275,-0.017346355897170842,-0.004378000079942365,-0.005768810765917742,0.024602054173239553,-0.009935952616882656,0.007438227469467851,-0.006026033031146405,-0.00865904182502443,0.011487556608119846,0.0057369219746785174,0.00279908859060152,0.002982622127792945,-0.017872693318867074,0.023619377884706506,-0.010948153993524043,0.01655437067042248,-0.005992786962389118,-0.0014570562022025175,-0.009131487743482243,-0.019550503743199908,0.016396463265874055,0.0021076820104423493,-0.004840223820450259,-0.014651156646529051,0.013459935344835297,0.0080645709046608,0.009869780759194906,-0.001346148827219465,-0.019419404170248983,0.011398154817221407,0.02342119520850468,0.01245572140987303,-0.009374345361155178,-0.010948153993524043,0.0509302764025681,-0.0024686517138559566,-0.015992135459671576,-0.02429782747741082,0.025324460620562365,0.008117458172677276,-0.0017941118962712319,-0.014879885437123758,-0.004766371732744637,-0.001592795988606465,-0.027483402566377636,-0.027778561344348012,-0.004822109248060163,-0.0094951566803944,0.013389133881916884,0.016251942055782714,0.0010849313925151136,0.00422619848503283,-0.022357583163014276,0.01655437067042248,-0.0024686517138559566,0.03826488590943702,-0.0049253419583969405,0.0014536257443178995,-0.004160065729576323,-0.01493162739890674,0.020782748366228104,0.00826846714413726,0.004624480721657795,-0.011049537687778416,0.022064203921747638,0.02104806548854139,0.012815306834712131,0.00286221461704824,0.009073778001697756,-0.014085744324707397,0.0009223499428635627,-0.005598268161824359,0.014865259949589298,-0.005992786962389118,-0.015992135459671576,-0.0049253419583969405,0.035237789312851805,0.016431986771029077,-0.0095046488265641,0.022667306457022918,-0.00975304075309453,0.0011072946396700472,0.016795623305465288,0.01593522983328962,0.009776460432070507,0.015861819544851666,0.0026436332800348085,0.009288861849860473,-0.011736591557668524,-0.020513503960076652,0.01194882358425053,-0.0030172312555802193,0.01512189538029636,-0.0014570562022025175,-0.02429782747741082,0.0014536257443178995,0.016431986771029077,0.059429079643782856,-0.0075335275324087785,0.02205957456859458,0.0011048965408638931,-0.009769482066945556,-0.0003771445103735592,0.021668860758771592,0.024430213504024918,0.0195900153351326,0.009012930909048134,-0.006462101668894496,-0.020604540442554144,-0.008281824454103383,-0.007987303088621698,0.009693264857780357,0.0008263601104584657,-0.009131487743482243,0.025324460620562365,-0.004160065729576323,-0.0095046488265641,-0.0075335275324087785,0.05051436142355687,0.014432864242421812,-0.00861286663029501,-0.01680719540971227,0.0021543844983787576,-0.0005988698731585057,-0.035744377874813514,-0.019303280873410718,-0.02305297754165559,0.006068198911527248,-0.018692002156410016,-0.02777529264856974,0.02344647530445587,-0.008064327017988659,0.010652145179386275,-0.019550503743199908,0.008117458172677276,-0.01493162739890674,0.022667306457022918,0.02205957456859458,0.014432864242421812,0.08191384784678102,-0.013837726033192022,-0.018901545771141094,0.04165812495507511,0.042345685787624585,-0.013404704490035987,0.002312174011245561,-0.016888603136049663,-0.01229578889979037,-0.0021025109093869686,0.003626480672193253,0.030888537536473443,0.015871748051920487,-0.017346355897170842,0.016396463265874055,-0.0017941118962712319,0.020782748366228104,-0.00975304075309453,0.0011048965408638931,-0.00861286663029501,-0.013837726033192022,0.04360957002800467,-0.01713906378874371,-0.0016081746165659814,-0.005476437275231655,0.009828681655631812,0.014116422009466651,0.021110286482738345,0.011221205310699065,0.03233293033988595,0.022384470899059067,-0.031220441081550195,-0.0207890995970964,-0.004378000079942365,0.0021076820104423493,-0.014879885437123758,0.00826846714413726,0.0011072946396700472,-0.009769482066945556,-0.01680719540971227,-0.018901545771141094,-0.01713906378874371,0.049955317779837784,-0.007820880555521988,-0.01069606289727646,0.022114214144260524,-0.0008176535152034094,-0.0017781127082205875,-0.007226202609419171,0.004222583110020384,-0.014469665413876434,0.0032231177070109157,-0.006806306177790929,-0.005768810765917742,-0.004840223820450259,-0.004766371732744637,0.004624480721657795,0.016795623305465288,-0.0003771445103735592,0.0021543844983787576,0.04165812495507511,-0.0016081746165659814,-0.007820880555521988,0.05412029555465209,0.015184437412614308,-0.007526733541879769,0.017328133065971262,-0.014922237841142754,0.0204845838199739,-0.023205259713036476,-0.0192839959097952,0.03764565581154296,0.003955722853763485,0.024602054173239553,-0.014651156646529051,-0.001592795988606465,-0.011049537687778416,0.01593522983328962,0.021668860758771592,-0.0005988698731585057,0.042345685787624585,-0.005476437275231655,-0.01069606289727646,0.015184437412614308,0.063583292540575,0.0027849062460661928,0.0016756351179068336,0.011542338116723224,0.007864176300805008,0.022579618184515843,0.007352023019888862,0.012250712424845996,-0.009083277714390787,-0.009935952616882656,0.013459935344835297,-0.027483402566377636,0.022064203921747638,0.009776460432070507,0.024430213504024918,-0.035744377874813514,-0.013404704490035987,0.009828681655631812,0.022114214144260524,-0.007526733541879769,0.0027849062460661928,0.06439744515031247,0.01954128907920956,0.02409554923746573,-0.003791137786003958,0.01490272626849326,0.0027559236697129504,-0.0065745706485483045,-0.006973579930106784,0.007438227469467851,0.0080645709046608,-0.027778561344348012,0.02104806548854139,0.015861819544851666,0.0195900153351326,-0.019303280873410718,0.002312174011245561,0.014116422009466651,-0.0008176535152034094,0.017328133065971262,0.0016756351179068336,0.01954128907920956,0.057183487569995986,0.016161883977170284,0.007747972749015629,0.004049741417061488,0.01166330944486093,0.0321447735887996,-0.0005523558194151004,-0.006026033031146405,0.009869780759194906,-0.004822109248060163,0.012815306834712131,0.0026436332800348085,0.009012930909048134,-0.02305297754165559,-0.016888603136049663,0.021110286482738345,-0.0017781127082205875,-0.014922237841142754,0.011542338116723224,0.02409554923746573,0.016161883977170284,0.05349105543419457
