0.040794469912802264,0.033959991758565594,0.037696736262780375,0.03003720060423007,0.02563520361295327,-0.006389686772859723,0.015297666417406066,0.01886433761699146,0.01455852129742843,0.03910114361738002,0.013225626675106416,0.03246112489943369,0.024082072385364757,0.023513824493680877,0.008130670704270086,0.017159386641266122,0.029332075662268274,0.0007390293701082136,0.012669304052124634,0.006719746533653113,0.033959991758565594,0.05605800441770105,0.04939529000455511,0.03300723155333666,0.034688031586398466,-0.0027983632319570763,0.02025258019098613,0.02630638699244995,0.013595319091947694,0.047977545506453,0.014823643961328646,0.03768343001423145,0.029405714441658105,0.02485615536604739,0.0072339305522873265,0.023214953280278394,0.03699324146200497,0.0035475573311549596,0.01794847055247776,0.009455773089236124,0.037696736262780375,0.04939529000455511,0.08222785444835728,0.050056359777729056,0.03741336417427709,-0.02029399455839517,0.03575739091811965,0.0118146768565267,0.00433985782350811,0.060678899547583064,0.021432821867403525,0.04123246477805092,0.04213295421248563,0.03240377349651931,0.01466569777659514,0.02963400366093459,0.0608827525743951,-0.003346457577102499,0.02511904829723455,-0.004690032562235991,0.03003720060423007,0.03300723155333666,0.050056359777729056,0.09156165198004686,0.029513145801264587,-0.024469193278070185,0.007733012356930122,0.004268820179799144,0.03493295006326682,0.050106244765955626,0.018087098153962505,0.051336710596376234,0.03431666582663609,0.0343511641356649,0.010790745148581613,0.008502749358168124,0.03898446620118493,-0.0028578642714434865,0.02309348364274233,0.007141277208865633,0.02563520361295327,0.034688031586398466,0.03741336417427709,0.029513145801264587,0.03685943837556726,-0.004887478623083801,0.011838330313073516,0.01907066694003344,0.013806750173903898,0.03914418840294233,0.012763885771271428,0.030168054600239684,0.02402925150236835,0.019582063211695512,0.0029606921206352882,0.013435576737086796,0.027658895130096516,0.0007270849383196941,0.012371460400063171,0.004196815879293676,-0.006389686772859723,-0.0027983632319570763,-0.02029399455839517,-0.024469193278070185,-0.004887478623083801,0.04110891415723906,-0.024895292312312352,0.02251274050465607,0.011841572692676765,-0.008548954958549921,-0.009793293502213828,-0.00824373521533807,-0.020611833068141697,-0.004097831388744044,-0.01316117146069408,-0.006656504214706746,-0.036148995370259916,0.006883339106011554,-0.01188022800351014,0.02056636281606984,0.015297666417406066,0.02025258019098613,0.03575739091811965,0.007733012356930122,0.011838330313073516,-0.024895292312312352,0.0542693904252856,-0.0040354189065259435,-0.012592537227233198,0.025358652229935934,0.020311069160335676,0.011848045653821644,0.028912533414195356,0.011467020621646201,0.010042799654796465,0.018054956471751784,0.05342673981183033,-0.0051018975687320296,0.016537748823792622,-0.012897514145865376,0.01886433761699146,0.02630638699244995,0.0118146768565267,0.004268820179799144,0.01907066694003344,0.02251274050465607,-0.0040354189065259435,0.049642587186018876,0.01991205062421956,0.021076782003066546,0.0058914167585881,0.015225248168418758,0.008848365091486655,0.01101680233694164,-0.004724959186539163,0.014934952258848475,-0.0017811718756378494,0.01344964218051259,0.006478443641955161,0.026927622651281728,0.01455852129742843,0.013595319091947694,0.00433985782350811,0.03493295006326682,0.013806750173903898,0.011841572692676765,-0.012592537227233198,0.01991205062421956,0.05525618207063793,0.017794755445887885,0.0066221788258183905,0.02527556313990493,0.008374421401290572,0.023648427194615712,-0.0001964176450748429,-0.0013896661600142743,-0.00350329605162001,0.011879209658686789,0.007043775628978259,0.02886884010587537,0.03910114361738002,0.047977545506453,0.060678899547583064,0.050106244765955626,0.03914418840294233,-0.008548954958549921,0.025358652229935934,0.021076782003066546,0.017794755445887885,0.06889644698155979,0.021594032454581035,0.043070799101656815,0.036837062077304125,0.03325540799934285,0.010557070558407856,0.024612013965839036,0.048746471087085595,0.0015830162017139511,0.02256467728208334,0.004399293654290997,0.013225626675106416,0.014823643961328646,0.021432821867403525,0.018087098153962505,0.012763885771271428,-0.009793293502213828,0.020311069160335676,0.0058914167585881,0.0066221788258183905,0.021594032454581035,0.03029737267406161,0.01463808787697585,0.022491006973059308,0.014763376616524423,0.00836162955345838,0.010376409148674982,0.029175722982483797,0.003599360743173634,0.013684667346405437,0.00047214461807597015,0.03246112489943369,0.03768343001423145,0.04123246477805092,0.051336710596376234,0.030168054600239684,-0.00824373521533807,0.011848045653821644,0.015225248168418758,0.02527556313990493,0.043070799101656815,0.01463808787697585,0.05369667927885214,0.028230998110895876,0.028897376237598457,0.006072987758516316,0.013126104793170165,0.032187215498219866,0.0007044521673563955,0.017158111690013272,0.008835358498318083,0.024082072385364757,0.029405714441658105,0.04213295421248563,0.03431666582663609,0.02402925150236835,-0.020611833068141697,0.028912533414195356,0.008848365091486655,0.008374421401290572,0.036837062077304125,0.022491006973059308,0.028230998110895876,0.05106805379418727,0.019939016098561302,0.011004131383497142,0.016177260035519024,0.04640766718446635,0.0031051838723655883,0.018808426237401893,-0.0024127808644342687,0.023513824493680877,0.02485615536604739,0.03240377349651931,0.0343511641356649,0.019582063211695512,-0.004097831388744044,0.011467020621646201,0.01101680233694164,0.023648427194615712,0.03325540799934285,0.014763376616524423,0.028897376237598457,0.019939016098561302,0.03690083056493632,0.005408692514607389,0.01090804015773493,0.025869435004725737,0.0007906078879437159,0.01287512686047929,0.0092801367440532,0.008130670704270086,0.0072339305522873265,0.01466569777659514,0.010790745148581613,0.0029606921206352882,-0.01316117146069408,0.010042799654796465,-0.004724959186539163,-0.0001964176450748429,0.010557070558407856,0.00836162955345838,0.006072987758516316,0.011004131383497142,0.005408692514607389,0.017268940867886107,0.0038690009060436186,0.015108685553925555,-0.0011877859572741655,0.0067372574675717885,-0.003650547737085875,0.017159386641266122,0.023214953280278394,0.02963400366093459,0.008502749358168124,0.013435576737086796,-0.006656504214706746,0.018054956471751784,0.014934952258848475,-0.0013896661600142743,0.024612013965839036,0.010376409148674982,0.013126104793170165,0.016177260035519024,0.01090804015773493,0.0038690009060436186,0.031829235748755035,0.02456989104101411,-6.953029181682127e-5,0.011456682545308093,0.0023268900444286885,0.029332075662268274,0.03699324146200497,0.0608827525743951,0.03898446620118493,0.027658895130096516,-0.036148995370259916,0.05342673981183033,-0.0017811718756378494,-0.00350329605162001,0.048746471087085595,0.029175722982483797,0.032187215498219866,0.04640766718446635,0.025869435004725737,0.015108685553925555,0.02456989104101411,0.08618391321966992,-0.009623230484816779,0.026606635888781004,-0.016968464683838384,0.0007390293701082136,0.0035475573311549596,-0.003346457577102499,-0.0028578642714434865,0.0007270849383196941,0.006883339106011554,-0.0051018975687320296,0.01344964218051259,0.011879209658686789,0.0015830162017139511,0.003599360743173634,0.0007044521673563955,0.0031051838723655883,0.0007906078879437159,-0.0011877859572741655,-6.953029181682127e-5,-0.009623230484816779,0.018742212922746686,0.0012873258378449373,0.014302220008037294,0.012669304052124634,0.01794847055247776,0.02511904829723455,0.02309348364274233,0.012371460400063171,-0.01188022800351014,0.016537748823792622,0.006478443641955161,0.007043775628978259,0.02256467728208334,0.013684667346405437,0.017158111690013272,0.018808426237401893,0.01287512686047929,0.0067372574675717885,0.011456682545308093,0.026606635888781004,0.0012873258378449373,0.022408667362153335,0.0013842930166122174,0.006719746533653113,0.009455773089236124,-0.004690032562235991,0.007141277208865633,0.004196815879293676,0.02056636281606984,-0.012897514145865376,0.026927622651281728,0.02886884010587537,0.004399293654290997,0.00047214461807597015,0.008835358498318083,-0.0024127808644342687,0.0092801367440532,-0.003650547737085875,0.0023268900444286885,-0.016968464683838384,0.014302220008037294,0.0013842930166122174,0.03857681005603583
