0.03581059826417151,0.0011351576768480545,0.008819883217699161,-0.009299976970130389,-0.004398662979216374,0.009511821944202192,-0.004920424456348608,0.00285856494954835,-0.00891620331195514,0.002444507039213492,0.010848147230539555,-0.014956052820479727,-0.009194406217775668,-0.00256532127483921,-0.002165703343234099,-0.00857728450884205,-0.007744530460637814,0.0028675443517711847,0.002525297544718561,0.0033186764060352553,0.0011351576768480545,0.024959858878069206,0.0019048805233546939,-0.0013106784467698286,0.006012756291145558,-0.0021692178735032543,0.00860568839221726,-0.005839892224860154,0.0011406529462913775,0.0042857072760770845,-0.001436877476635148,-0.005544276327326649,-0.004298254354113327,0.004610774808002556,0.0026944819076151014,-0.0016181477590074848,-0.00931518344916493,0.013352909200594018,0.0017393348867452345,-0.00011959202533197219,0.008819883217699161,0.0019048805233546939,0.02946609686176024,-0.009743794368029024,-0.003336891853521479,0.00041059109309608973,0.004797449211584154,0.0014946505378317357,0.006967059335755747,-4.991901746565538e-5,0.002356241028528437,-0.0007890729212045432,-0.0014807662127236882,-0.0009670009614949116,0.0009349824992627637,-0.0020635193581467546,-0.0033271098741713854,-0.002965535221167608,0.008514787469547251,0.008914261006561296,-0.009299976970130389,-0.0013106784467698286,-0.009743794368029024,0.039456720010386775,0.007063096548412367,0.0024346397938028817,0.0039495543018067516,0.0037704418256252975,-0.0016083448601170122,0.001305654888999386,-0.004091633173441856,0.012409879695029593,0.002105291845856303,0.005911304774684997,0.0021548764840117972,-0.0004671998631895107,0.004678718340764847,0.007539633012287475,-0.007107557313268164,-0.009238265946738416,-0.004398662979216374,0.006012756291145558,-0.003336891853521479,0.007063096548412367,0.024696808579735934,0.0063635670952634825,0.0002376600283340094,-0.0019922032023837514,0.0024885895221340984,0.00011883220842428893,-0.006854663600009619,0.008518394903434472,0.000835805689744239,0.010869985393696392,-0.004867172963535418,0.0011082042330970998,0.0006112816486433627,0.0084868367993103,-0.01133957143985119,-0.0054073394879782695,0.009511821944202192,-0.0021692178735032543,0.00041059109309608973,0.0024346397938028817,0.0063635670952634825,0.04568058282849342,-0.00809438927106334,0.005776095860356602,-0.007119745573355211,0.0019693478093703734,0.0020150895811032726,-0.004394546351746173,-0.012207319312052812,0.006362967554384679,-0.004595372690588519,-0.009977239239618449,0.0012513922532060196,0.005458294044534026,-0.013897306555127376,0.003032563015720133,-0.004920424456348608,0.00860568839221726,0.004797449211584154,0.0039495543018067516,0.0002376600283340094,-0.00809438927106334,0.0259365803408105,-0.005727432214838413,0.01203495010397911,-0.0005288386113709749,-0.00016677906485428572,-0.0019350311473267465,0.0013792524733773032,0.00026268437320320945,0.006851028350004164,0.0047977216234712395,-0.0030091504234997235,0.005239048679313663,0.006849879770803358,-4.517269755781214e-5,0.00285856494954835,-0.005839892224860154,0.0014946505378317357,0.0037704418256252975,-0.0019922032023837514,0.005776095860356602,-0.005727432214838413,0.021014348878556462,0.002801549935892272,-0.0007956503634659452,0.0009254215510283875,0.0022694304136559925,0.006749916395035008,-0.001020475548967069,-0.006922637400825372,-0.004740508783260622,0.0005451787435869185,-0.009766261740167816,-0.0009741636581998055,0.0004787089694495675,-0.00891620331195514,0.0011406529462913775,0.006967059335755747,-0.0016083448601170122,0.0024885895221340984,-0.007119745573355211,0.01203495010397911,0.002801549935892272,0.024528337601321268,-0.0003045929167607535,0.0052238686272336275,0.00894080281793773,0.004679356274308643,0.005738238345710932,0.007466145361133482,0.003938238376632883,0.0034275672642178935,0.006212517550617101,0.004997440333065376,-0.0001042077670543695,0.002444507039213492,0.0042857072760770845,-4.991901746565538e-5,0.001305654888999386,0.00011883220842428893,0.0019693478093703734,-0.0005288386113709749,-0.0007956503634659452,-0.0003045929167607535,0.01793327478987062,0.0011366509752391667,0.0015517125330098136,-0.00014371197789653256,0.0015898706055341347,-0.0019524033666939418,-0.0022647407298655702,0.00010071566538162038,0.007030615174261559,0.0014689639545757763,0.0009890814119339515,0.010848147230539555,-0.001436877476635148,0.002356241028528437,-0.004091633173441856,-0.006854663600009619,0.0020150895811032726,-0.00016677906485428572,0.0009254215510283875,0.0052238686272336275,0.0011366509752391667,0.032214448516555826,-0.00020975295408869532,0.009377629152773743,-0.00902766376573862,0.008515241127048247,-0.005199682631634089,0.008565284224833297,0.00031186238830766336,-0.0004068944580564493,-0.00018688022728583886,-0.014956052820479727,-0.005544276327326649,-0.0007890729212045432,0.012409879695029593,0.008518394903434472,-0.004394546351746173,-0.0019350311473267465,0.0022694304136559925,0.00894080281793773,0.0015517125330098136,-0.00020975295408869532,0.04714866300368872,0.019286673528011555,0.0013425278050857676,0.0012363586776629265,0.0031858633364335314,0.01616707916328748,-0.0064384530935584555,-0.006812163844547928,-0.006578517041430126,-0.009194406217775668,-0.004298254354113327,-0.0014807662127236882,0.002105291845856303,0.000835805689744239,-0.012207319312052812,0.0013792524733773032,0.006749916395035008,0.004679356274308643,-0.00014371197789653256,0.009377629152773743,0.019286673528011555,0.06030209858343873,-0.011549505027526025,0.0001981935172815049,0.01558318236687728,0.025703021832841136,-0.01623764863369941,-0.0036273871541549784,-0.006026103224728019,-0.00256532127483921,0.004610774808002556,-0.0009670009614949116,0.005911304774684997,0.010869985393696392,0.006362967554384679,0.00026268437320320945,-0.001020475548967069,0.005738238345710932,0.0015898706055341347,-0.00902766376573862,0.0013425278050857676,-0.011549505027526025,0.027322681217309564,-0.005665075409177583,-0.007834448194516369,-0.010811330253643699,0.007925672522906007,-0.005354169215716762,-0.004134324597136027,-0.002165703343234099,0.0026944819076151014,0.0009349824992627637,0.0021548764840117972,-0.004867172963535418,-0.004595372690588519,0.006851028350004164,-0.006922637400825372,0.007466145361133482,-0.0019524033666939418,0.008515241127048247,0.0012363586776629265,0.0001981935172815049,-0.005665075409177583,0.02641707818545419,0.0017171740623037422,0.004595859137700865,0.004499885789136242,0.0019017927091708746,0.0011918081937897225,-0.00857728450884205,-0.0016181477590074848,-0.0020635193581467546,-0.0004671998631895107,0.0011082042330970998,-0.009977239239618449,0.0047977216234712395,-0.004740508783260622,0.003938238376632883,-0.0022647407298655702,-0.005199682631634089,0.0031858633364335314,0.01558318236687728,-0.007834448194516369,0.0017171740623037422,0.03003348405573915,0.010401797907475007,-0.005732351911336489,0.0022981739805616203,-0.0007339685725560074,-0.007744530460637814,-0.00931518344916493,-0.0033271098741713854,0.004678718340764847,0.0006112816486433627,0.0012513922532060196,-0.0030091504234997235,0.0005451787435869185,0.0034275672642178935,0.00010071566538162038,0.008565284224833297,0.01616707916328748,0.025703021832841136,-0.010811330253643699,0.004595859137700865,0.010401797907475007,0.03991377819726709,-0.011598181308542265,-0.011388146191841714,-0.0013905685949864698,0.0028675443517711847,0.013352909200594018,-0.002965535221167608,0.007539633012287475,0.0084868367993103,0.005458294044534026,0.005239048679313663,-0.009766261740167816,0.006212517550617101,0.007030615174261559,0.00031186238830766336,-0.0064384530935584555,-0.01623764863369941,0.007925672522906007,0.004499885789136242,-0.005732351911336489,-0.011598181308542265,0.043155550667263065,-0.000574600533367208,0.0005846894508115133,0.002525297544718561,0.0017393348867452345,0.008514787469547251,-0.007107557313268164,-0.01133957143985119,-0.013897306555127376,0.006849879770803358,-0.0009741636581998055,0.004997440333065376,0.0014689639545757763,-0.0004068944580564493,-0.006812163844547928,-0.0036273871541549784,-0.005354169215716762,0.0019017927091708746,0.0022981739805616203,-0.011388146191841714,-0.000574600533367208,0.03400446320421997,0.006281633538843009,0.0033186764060352553,-0.00011959202533197219,0.008914261006561296,-0.009238265946738416,-0.0054073394879782695,0.003032563015720133,-4.517269755781214e-5,0.0004787089694495675,-0.0001042077670543695,0.0009890814119339515,-0.00018688022728583886,-0.006578517041430126,-0.006026103224728019,-0.004134324597136027,0.0011918081937897225,-0.0007339685725560074,-0.0013905685949864698,0.0005846894508115133,0.006281633538843009,0.02501604768084052
0.040977902605103075,-0.002087146904068966,0.0048727729020954635,-0.011136717145704803,0.017778605742273045,0.02415750887485319,-0.008663215603074084,0.02010636475269891,-0.007940567285080309,0.004816748530270795,0.009737306381841612,0.01129772503267131,0.01238784810241772,-0.009528025842208025,-0.006356242054456441,-0.004114805415448032,0.017330334700908334,-0.015486488112330301,-0.010690090649571868,0.008388408314472164,-0.002087146904068966,0.045315820723274336,0.011959919238245928,-0.01787021866261543,0.0040848260098056925,-0.010323374784618942,-0.0018529238341424244,0.006318275757489321,-0.004170940346235356,0.02626001909185415,-0.0006091044030309521,-0.0015913318935252122,0.007981250487102999,0.01143182219797816,-0.01051987258666148,0.0174817755533158,-0.024639572962169575,-0.02109343678345032,-0.0038355455214297736,0.00017527777377290236,0.0048727729020954635,0.011959919238245928,0.0405635420966899,0.02040065421312843,0.009258483077591913,-0.0017840002441931288,-0.008934135934171989,0.013615490799370925,-0.012638487922095248,0.023033074557657858,-0.0022576385628540305,-0.00527073969536351,-0.004760080802008042,0.016262575394266905,-0.013418988422459966,-0.010994210385156569,-0.011594627046811943,-0.0022822469191098793,-0.005074648097190264,0.02524903713385713,-0.011136717145704803,-0.01787021866261543,0.02040065421312843,0.11277165078453721,-0.010343027007157576,-0.013482297790155095,-0.009822444339313167,-0.009467348553322251,-0.038720090290846734,0.007634250739253378,-0.019697194006195344,-0.04666761527471307,-0.038021247515253986,0.0373829800080423,-0.016631304363255887,-0.022489629908958475,0.002848076567163636,0.04602848695184378,-0.006226303336650446,0.04035340563037064,0.017778605742273045,0.0040848260098056925,0.009258483077591913,-0.010343027007157576,0.08238678416325272,0.03777798852570534,-0.014834055735409094,0.043319633167318655,-0.020045733589549003,0.03596040691543441,-0.006003723572673715,0.03638664403915549,0.04214972576780966,-0.009547575979339053,-0.030333278422965355,0.006309124478083666,0.007504450950019724,-0.0659446438041329,-0.022456216408707354,-0.007097118484102084,0.02415750887485319,-0.010323374784618942,-0.0017840002441931288,-0.013482297790155095,0.03777798852570534,0.06690235375163978,-0.02526670042647618,0.03523407803174415,-0.0275627465619929,0.024778035441965426,-0.0012670321219627296,0.03392630112493941,0.03772793372508436,-0.023590545879129135,-0.022601138900266,0.013240477814352797,0.012501462181452622,-0.059124924950508126,-0.006684367243793735,-0.008638975825549402,-0.008663215603074084,-0.0018529238341424244,-0.008934135934171989,-0.009822444339313167,-0.014834055735409094,-0.02526670042647618,0.0376318098150852,-0.026922747136632907,0.034704144725171165,-0.02854666196059744,0.00541819850138431,-0.01664954688223643,-0.016442145710811457,0.0017532421855068433,0.02481644827095902,-0.0027646721535400016,0.004197709632653071,0.032241553567252806,0.011268863625625583,-0.004682503412257783,0.02010636475269891,0.006318275757489321,0.013615490799370925,-0.009467348553322251,0.043319633167318655,0.03523407803174415,-0.026922747136632907,0.05573520761490898,-0.020651098437330616,0.03651944614059819,-0.002454420085500579,0.03939884716506868,0.04383407652217606,-0.010588740995112532,-0.03162211714699639,0.014346442329661032,-0.00516960087348521,-0.0647536391520307,-0.018271401992394586,-0.005431403977155868,-0.007940567285080309,-0.004170940346235356,-0.012638487922095248,-0.038720090290846734,-0.020045733589549003,-0.0275627465619929,0.034704144725171165,-0.020651098437330616,0.06615353549360142,-0.047492178205355694,0.009675996186865045,0.0016026074547276033,-0.017455628866309365,-0.003106881616149262,0.04352317120934651,-0.002031788923241662,0.005543734061805071,0.039080773931249105,0.02332336162489473,-0.014701723585700922,0.004816748530270795,0.02626001909185415,0.023033074557657858,0.007634250739253378,0.03596040691543441,0.024778035441965426,-0.02854666196059744,0.03651944614059819,-0.047492178205355694,0.0781985788268752,-0.005928859438775611,0.019328255827772898,0.04764475683181796,0.002582879170812943,-0.04559327242000638,0.023998546165575493,-0.014044597172951418,-0.0633544852769296,-0.03180704611355868,0.0037374031169552227,0.009737306381841612,-0.0006091044030309521,-0.0022576385628540305,-0.019697194006195344,-0.006003723572673715,-0.0012670321219627296,0.00541819850138431,-0.002454420085500579,0.009675996186865045,-0.005928859438775611,0.02671527987777094,0.00808532421872028,0.010562661793732997,-0.011729941771288629,0.008703872963933264,-0.006531512337603636,0.006354890842147978,0.004038554021839542,-0.005309312928594946,-0.00658523077841981,0.01129772503267131,-0.0015913318935252122,-0.00527073969536351,-0.04666761527471307,0.03638664403915549,0.03392630112493941,-0.01664954688223643,0.03939884716506868,0.0016026074547276033,0.019328255827772898,0.00808532421872028,0.07212718962917139,0.06184902776081453,-0.029958972629918847,-0.010045950135875503,0.025078355453531757,0.008585893557862705,-0.07343464510028175,-0.01123023461301865,-0.036079426615672025,0.01238784810241772,0.007981250487102999,-0.004760080802008042,-0.038021247515253986,0.04214972576780966,0.03772793372508436,-0.016442145710811457,0.04383407652217606,-0.017455628866309365,0.04764475683181796,0.010562661793732997,0.06184902776081453,0.10269590819911434,-0.030317197075071335,-0.030508936932423514,0.053441101825180554,0.02040664968379196,-0.09451916163259967,-0.0319552229600588,-0.03685297629471275,-0.009528025842208025,0.01143182219797816,0.016262575394266905,0.0373829800080423,-0.009547575979339053,-0.023590545879129135,0.0017532421855068433,-0.010588740995112532,-0.003106881616149262,0.002582879170812943,-0.011729941771288629,-0.029958972629918847,-0.030317197075071335,0.03981767401003193,-0.003871235499559986,-0.009039712119774616,-0.017651723521239844,0.029650886772417298,0.0017836240364258933,0.023065675509641108,-0.006356242054456441,-0.01051987258666148,-0.013418988422459966,-0.016631304363255887,-0.030333278422965355,-0.022601138900266,0.02481644827095902,-0.03162211714699639,0.04352317120934651,-0.04559327242000638,0.008703872963933264,-0.010045950135875503,-0.030508936932423514,-0.003871235499559986,0.04745039398832554,-0.01719332718966089,0.0070740458339527265,0.049775433474295236,0.021371200251621633,-0.0072552281682323905,-0.004114805415448032,0.0174817755533158,-0.010994210385156569,-0.022489629908958475,0.006309124478083666,0.013240477814352797,-0.0027646721535400016,0.014346442329661032,-0.002031788923241662,0.023998546165575493,-0.006531512337603636,0.025078355453531757,0.053441101825180554,-0.009039712119774616,-0.01719332718966089,0.07523139566361359,0.0031179638634187823,-0.06219553474781911,-0.005264052260215325,-0.027353553694280178,0.017330334700908334,-0.024639572962169575,-0.011594627046811943,0.002848076567163636,0.007504450950019724,0.012501462181452622,0.004197709632653071,-0.00516960087348521,0.005543734061805071,-0.014044597172951418,0.006354890842147978,0.008585893557862705,0.02040664968379196,-0.017651723521239844,0.0070740458339527265,0.0031179638634187823,0.06110198216398328,0.004926378786847757,-0.017093597442580252,0.0014649670630996598,-0.015486488112330301,-0.02109343678345032,-0.0022822469191098793,0.04602848695184378,-0.0659446438041329,-0.059124924950508126,0.032241553567252806,-0.0647536391520307,0.039080773931249105,-0.0633544852769296,0.004038554021839542,-0.07343464510028175,-0.09451916163259967,0.029650886772417298,0.049775433474295236,-0.06219553474781911,0.004926378786847757,0.15089798295808182,0.022859204583065586,0.037585611955611484,-0.010690090649571868,-0.0038355455214297736,-0.005074648097190264,-0.006226303336650446,-0.022456216408707354,-0.006684367243793735,0.011268863625625583,-0.018271401992394586,0.02332336162489473,-0.03180704611355868,-0.005309312928594946,-0.01123023461301865,-0.0319552229600588,0.0017836240364258933,0.021371200251621633,-0.005264052260215325,-0.017093597442580252,0.022859204583065586,0.048687834036708955,-0.004551925052207084,0.008388408314472164,0.00017527777377290236,0.02524903713385713,0.04035340563037064,-0.007097118484102084,-0.008638975825549402,-0.004682503412257783,-0.005431403977155868,-0.014701723585700922,0.0037374031169552227,-0.00658523077841981,-0.036079426615672025,-0.03685297629471275,0.023065675509641108,-0.0072552281682323905,-0.027353553694280178,0.0014649670630996598,0.037585611955611484,-0.004551925052207084,0.0544592326813533
