0.025358342721217824,0.004102235983918437,0.0024526554667957485,-0.014092202225030086,-0.014316024611533796,0.011726080233019631,-0.004238847817826589,0.0022618386747136733,-0.002481216176102057,-0.0035207015428456133,0.01184524749287922,-0.0031681894232869455,-0.0015967726947386037,-0.00744934740251787,0.0051012625304890785,-0.0052106212682016175,0.011095985471641798,0.0017496893123897525,0.0011877558282478206,0.002850426262287707,0.004102235983918437,0.03956531890175387,0.0012976413789838786,-0.014993071644694447,0.009067311919233195,-0.005667399331761217,0.002909447639392635,-0.00644740770377205,0.0014400242414605068,0.01602892380660554,-0.005561204269458267,-0.01677295114269122,-0.017531941912467708,0.005203857807905849,6.35710489666649e-5,-0.0035299416632542367,-0.008833801184765927,0.02229310593164406,0.0006172298102639899,0.021303381399132987,0.0024526554667957485,0.0012976413789838786,0.03569440019043714,-0.005898099694506826,0.006701433341550356,-0.0016155325719061692,-0.0005596628129925275,0.0040216588762751575,0.013483383479373588,-0.00786278911409174,-0.0005442700234691969,0.0007369016221553336,-0.013521287675362398,0.012741097277783938,0.007689628333891396,-0.016679311912332323,-0.0024699305897070874,-0.00011179068976021024,0.021627588029383586,0.01708363653942123,-0.014092202225030086,-0.014993071644694447,-0.005898099694506826,0.04271222008673905,0.010468169363557187,0.005663577779922397,0.006831632060626768,0.006741278570567798,-0.0040217078512004515,0.007082789264164709,-0.007760356785212299,0.009044759789659544,0.01661674622326447,0.0024460985403864715,-0.004410060006411561,0.011226745476096138,-0.0001780974278858215,-0.012269206389771786,-0.006155986282967326,-0.011856335282449549,-0.014316024611533796,0.009067311919233195,0.006701433341550356,0.010468169363557187,0.05231478499216952,-0.014683970839541304,0.005793519058357895,0.0038934598929431423,0.006706655201889374,0.008052949585587124,-0.02387842030308699,-0.009594099620811543,-0.01001348317381623,0.02339487949013199,-0.008059215604540607,-0.00042128604248278475,-0.020238169279650213,0.0021838961650855948,-0.005628583719732077,0.01124334791016513,0.011726080233019631,-0.005667399331761217,-0.0016155325719061692,0.005663577779922397,-0.014683970839541304,0.03961966973529116,-0.008790187905022747,0.002016697361441263,-0.014307176243133903,0.008513079856484442,0.009817354732527992,0.01347221130768874,0.011885299452280312,-0.014529726355176839,0.0007669831106818785,-0.002530480452259844,0.019842830241864416,-0.009857364345443579,-0.005220514207740707,-0.003901599283134421,-0.004238847817826589,0.002909447639392635,-0.0005596628129925275,0.006831632060626768,0.005793519058357895,-0.008790187905022747,0.0166392040921149,-0.006749996100178202,0.0041757714954257326,-0.0015417793964655634,-0.004584642180217187,-0.005230234289029157,-0.003495194414629304,0.005089547704162763,0.0037717229949158493,0.0022283288084240706,-0.00972464660873763,0.0005606774961501762,0.003819972630530487,-0.0016021070464974573,0.0022618386747136733,-0.00644740770377205,0.0040216588762751575,0.006741278570567798,0.0038934598929431423,0.002016697361441263,-0.006749996100178202,0.028320746263689262,0.0121557411403433,-7.940204433161806e-5,0.004885698053142056,0.0023924783207928462,0.01442611808774016,-0.0009833861526949146,-0.006017715442015716,0.003770147437666741,0.0033412957017165228,-0.008563044192219194,0.001400671994467461,-0.0034677035684594817,-0.002481216176102057,0.0014400242414605068,0.013483383479373588,-0.0040217078512004515,0.006706655201889374,-0.014307176243133903,0.0041757714954257326,0.0121557411403433,0.02345776128093903,-0.00673279845390784,0.003901138156302059,-0.005547556050721795,-0.0018659019821746373,0.011086263267764494,0.00437671405254284,-0.0034285701459179007,-0.007243513352454142,0.0055150296736175735,0.011010817518180858,0.003962866313060686,-0.0035207015428456133,0.01602892380660554,-0.00786278911409174,0.007082789264164709,0.008052949585587124,0.008513079856484442,-0.0015417793964655634,-7.940204433161806e-5,-0.00673279845390784,0.03298558228065427,-0.0057767407246275505,-0.0027967914444109176,0.011381876245186072,-0.0042664795656753825,-0.004698944620505376,0.00791914211781535,0.0013788436130178548,0.006927705249998908,-0.010604751618690362,0.006344792621275436,0.01184524749287922,-0.005561204269458267,-0.0005442700234691969,-0.007760356785212299,-0.02387842030308699,0.009817354732527992,-0.004584642180217187,0.004885698053142056,0.003901138156302059,-0.0057767407246275505,0.039148948524587016,0.009213103385057476,0.023224897438391748,-0.01471090129813459,0.005309058666130439,-0.0034559095094860324,0.01403746246578536,-0.002381270161058935,-0.0038287562096984192,-0.011889724758644953,-0.0031681894232869455,-0.01677295114269122,0.0007369016221553336,0.009044759789659544,-0.009594099620811543,0.01347221130768874,-0.005230234289029157,0.0023924783207928462,-0.005547556050721795,-0.0027967914444109176,0.009213103385057476,0.035586577336298594,0.01870756759965575,-0.009459182449414058,-0.002155633711765636,0.002819866023577469,0.017240384124023844,-0.02103898135223886,0.0008815313772395738,-0.006159919734393622,-0.0015967726947386037,-0.017531941912467708,-0.013521287675362398,0.01661674622326447,-0.01001348317381623,0.011885299452280312,-0.003495194414629304,0.01442611808774016,-0.0018659019821746373,0.011381876245186072,0.023224897438391748,0.01870756759965575,0.0649008499440713,-0.02007932202108577,-0.0058403475239577046,0.02181367186722545,0.023160370180067905,-0.018208660326693146,-0.01743390663906383,-0.024387304533408472,-0.00744934740251787,0.005203857807905849,0.012741097277783938,0.0024460985403864715,0.02339487949013199,-0.014529726355176839,0.005089547704162763,-0.0009833861526949146,0.011086263267764494,-0.0042664795656753825,-0.01471090129813459,-0.009459182449414058,-0.02007932202108577,0.028144343672963795,0.000541137394756093,-0.010125159829229687,-0.01976016545517701,0.007953279395910937,0.006202815778250574,0.011029430941481743,0.0051012625304890785,6.35710489666649e-5,0.007689628333891396,-0.004410060006411561,-0.008059215604540607,0.0007669831106818785,0.0037717229949158493,-0.006017715442015716,0.00437671405254284,-0.004698944620505376,0.005309058666130439,-0.002155633711765636,-0.0058403475239577046,0.000541137394756093,0.014137271595549544,-0.006314719848614909,-0.0005112830088797936,0.0029342152603395078,0.005307082501879395,0.00019337349781529535,-0.0052106212682016175,-0.0035299416632542367,-0.016679311912332323,0.011226745476096138,-0.00042128604248278475,-0.002530480452259844,0.0022283288084240706,0.003770147437666741,-0.0034285701459179007,0.00791914211781535,-0.0034559095094860324,0.002819866023577469,0.02181367186722545,-0.010125159829229687,-0.006314719848614909,0.02906592764712221,0.004855205563076315,-0.011446617337722852,-0.0073588524606134804,-0.008339188055974982,0.011095985471641798,-0.008833801184765927,-0.0024699305897070874,-0.0001780974278858215,-0.020238169279650213,0.019842830241864416,-0.00972464660873763,0.0033412957017165228,-0.007243513352454142,0.0013788436130178548,0.01403746246578536,0.017240384124023844,0.023160370180067905,-0.01976016545517701,-0.0005112830088797936,0.004855205563076315,0.04231582316110892,-0.010560548889844333,-0.004174554811615144,-0.0029806322958258373,0.0017496893123897525,0.02229310593164406,-0.00011179068976021024,-0.012269206389771786,0.0021838961650855948,-0.009857364345443579,0.0005606774961501762,-0.008563044192219194,0.0055150296736175735,0.006927705249998908,-0.002381270161058935,-0.02103898135223886,-0.018208660326693146,0.007953279395910937,0.0029342152603395078,-0.011446617337722852,-0.010560548889844333,0.03762728090571614,-0.005257501730523893,0.009243658535916605,0.0011877558282478206,0.0006172298102639899,0.021627588029383586,-0.006155986282967326,-0.005628583719732077,-0.005220514207740707,0.003819972630530487,0.001400671994467461,0.011010817518180858,-0.010604751618690362,-0.0038287562096984192,0.0008815313772395738,-0.01743390663906383,0.006202815778250574,0.005307082501879395,-0.0073588524606134804,-0.004174554811615144,-0.005257501730523893,0.039547184686862795,0.01676677410133661,0.002850426262287707,0.021303381399132987,0.01708363653942123,-0.011856335282449549,0.01124334791016513,-0.003901599283134421,-0.0016021070464974573,-0.0034677035684594817,0.003962866313060686,0.006344792621275436,-0.011889724758644953,-0.006159919734393622,-0.024387304533408472,0.011029430941481743,0.00019337349781529535,-0.008339188055974982,-0.0029806322958258373,0.009243658535916605,0.01676677410133661,0.037886982531558554
0.02489364059650775,-0.001742607959918111,0.006164505434643222,-0.0025537568085455785,-0.002367169401375775,0.010583983076267485,-0.0051440716926085,0.005289296355141391,-0.008239183391348845,0.0016071181460481946,0.006695950201636259,-0.004049662411172531,-0.0018289465714264059,-0.0040685027498533356,-0.0021571427679538185,-0.005099170647550614,0.0010705041997006149,-0.002165005506177875,0.0008243037479950164,0.008014326778667645,-0.001742607959918111,0.022391982125920938,-0.0011069301856658242,-0.004674805317207729,0.0016447617082336154,-0.005842542704771896,0.00836798500625802,-0.002924393010244907,0.004290325104476578,0.002314360016050062,0.0031277651853671203,-0.004780226515483495,-0.00020056287512848736,0.00299618832526992,0.0025796240869821025,0.00031486239304660086,-0.006899103644515335,0.006662083984779243,0.0016794003018112168,-0.004367365403158463,0.006164505434643222,-0.0011069301856658242,0.024681694502253087,-0.005105867580853782,-0.003246151057824002,0.007380398247536171,0.0009111524524899558,0.0033330716537322445,0.001166675815461407,-0.0001152381734933537,-0.0002971798368476736,-0.0002866614030377078,-0.004142230443380536,-0.0020281659204882552,-0.0011533855074706341,-0.005494391934548797,-0.0024429171496573726,-0.004103114550317869,0.0073481940676016376,0.010804038577527052,-0.0025537568085455785,-0.004674805317207729,-0.005105867580853782,0.02802834360569143,0.006038897879429606,4.983455618209286e-6,-0.0036580641656896442,0.002927289485878174,-0.006288166975509041,0.0018783659636070513,-0.004624532695171737,0.0005396841722233438,-0.0002624804551830046,0.004309359568180638,-0.0008061748974123736,0.0034222496556519533,0.0037638008838103802,0.004305129685470202,-0.0036223000550912984,-0.0032074202336151393,-0.002367169401375775,0.0016447617082336154,-0.003246151057824002,0.006038897879429606,0.021029482598217582,0.0028852706598024927,0.00232683166196336,0.0027309054178861576,0.005522375425578662,-0.0007800288869684313,-0.005653696131873673,0.0044015554689574524,0.003192100959480127,0.008525165588912396,-0.001375149843854485,0.0015982408190595666,0.00185712235563083,0.0026354093722294625,-0.0018704714700119463,-0.002480199530449557,0.010583983076267485,-0.005842542704771896,0.007380398247536171,4.983455618209286e-6,0.0028852706598024927,0.028521310804896133,-0.0075188854220319306,0.006989008076244757,-0.007597736883730777,0.0008466479962263771,0.0009404780276652104,-0.0011369391920433825,-0.0012108010107871631,-0.004515431434088234,-0.002378193175700165,-0.002953627171445631,0.001585391121576699,-0.0038771621260455602,0.0008625313394896045,0.009422051869523284,-0.0051440716926085,0.00836798500625802,0.0009111524524899558,-0.0036580641656896442,0.00232683166196336,-0.0075188854220319306,0.023180017363973595,-0.011068989766052542,0.014200624819236889,-0.0023304429205419676,0.0021101424897885233,-0.005966841757952382,-0.002571650979414529,0.005593914547899266,0.0036375848400427794,0.0039060202350591497,-0.004602135350144129,0.0101266431592351,0.004181171916368343,-0.00493424171998634,0.005289296355141391,-0.002924393010244907,0.0033330716537322445,0.002927289485878174,0.0027309054178861576,0.006989008076244757,-0.011068989766052542,0.018752262968625064,-0.004353128514715315,0.0030586023122053316,-0.0032790773348979362,0.00828831150138944,0.0047571946133267125,-0.004025475225614162,-0.004705354389958839,-0.006076339468032058,0.000201573910662682,-0.010588805923876045,-0.0024675423894801483,0.002863351664055368,-0.008239183391348845,0.004290325104476578,0.001166675815461407,-0.006288166975509041,0.005522375425578662,-0.007597736883730777,0.014200624819236889,-0.004353128514715315,0.02254413283480473,-0.0029518009140530196,0.003162956715012634,0.004008374861066045,0.00024520973267236205,0.01101448225668367,0.00839166339584221,0.0025427223861317037,-0.002232156521738351,0.009254832263330723,0.003349448930229592,-0.0030850238663538147,0.0016071181460481946,0.002314360016050062,-0.0001152381734933537,0.0018783659636070513,-0.0007800288869684313,0.0008466479962263771,-0.0023304429205419676,0.0030586023122053316,-0.0029518009140530196,0.01311355774744967,7.14429640685102e-6,0.001392258534205454,0.004066996009863575,-0.0023532695103993897,-0.0001696676489975091,-0.0011249547180282025,0.0005868273008220921,6.878780953992269e-6,-0.0011856377544343934,-0.0029242627300055815,0.006695950201636259,0.0031277651853671203,-0.0002971798368476736,-0.004624532695171737,-0.005653696131873673,0.0009404780276652104,0.0021101424897885233,-0.0032790773348979362,0.003162956715012634,7.14429640685102e-6,0.02298407716794184,-0.0008021605352633046,0.0009313972646414264,-0.002865267270600362,0.004647293567454186,-0.006208039692170569,-0.00016855704527370385,0.0034666471972162613,-0.0003141000934211236,-0.0010388983433344762,-0.004049662411172531,-0.004780226515483495,-0.0002866614030377078,0.0005396841722233438,0.0044015554689574524,-0.0011369391920433825,-0.005966841757952382,0.00828831150138944,0.004008374861066045,0.001392258534205454,-0.0008021605352633046,0.02711762258524982,0.013094753948279064,0.001252894309388265,-0.0012381780733683578,-0.0013988085596119862,0.006847690247593279,-0.009661344599492715,-0.0037852887596796334,-0.005902760935601509,-0.0018289465714264059,-0.00020056287512848736,-0.004142230443380536,-0.0002624804551830046,0.003192100959480127,-0.0012108010107871631,-0.002571650979414529,0.0047571946133267125,0.00024520973267236205,0.004066996009863575,0.0009313972646414264,0.013094753948279064,0.027748404703003767,-0.003787762130706267,0.0014138660472682476,0.0028569550612198955,0.013344653215187987,-0.007111200438073876,-0.0054496126168677925,-0.01056077458609906,-0.0040685027498533356,0.00299618832526992,-0.0020281659204882552,0.004309359568180638,0.008525165588912396,-0.004515431434088234,0.005593914547899266,-0.004025475225614162,0.01101448225668367,-0.0023532695103993897,-0.002865267270600362,0.001252894309388265,-0.003787762130706267,0.023340756379218702,0.003332915651860077,0.0013106179131906755,-0.004959712152577946,0.0068227227456588106,0.0007291956725506768,-0.0017381199522367697,-0.0021571427679538185,0.0025796240869821025,-0.0011533855074706341,-0.0008061748974123736,-0.001375149843854485,-0.002378193175700165,0.0036375848400427794,-0.004705354389958839,0.00839166339584221,-0.0001696676489975091,0.004647293567454186,-0.0012381780733683578,0.0014138660472682476,0.003332915651860077,0.01860580689052113,-0.0006098787009916689,0.0009714313701574657,0.005460268136291457,-0.004020045947263533,0.0011007981506077442,-0.005099170647550614,0.00031486239304660086,-0.005494391934548797,0.0034222496556519533,0.0015982408190595666,-0.002953627171445631,0.0039060202350591497,-0.006076339468032058,0.0025427223861317037,-0.0011249547180282025,-0.006208039692170569,-0.0013988085596119862,0.0028569550612198955,0.0013106179131906755,-0.0006098787009916689,0.019889824956440767,0.0037402896090035437,0.003477783012615329,0.0002657803441544123,-0.005863924188003482,0.0010705041997006149,-0.006899103644515335,-0.0024429171496573726,0.0037638008838103802,0.00185712235563083,0.001585391121576699,-0.004602135350144129,0.000201573910662682,-0.002232156521738351,0.0005868273008220921,-0.00016855704527370385,0.006847690247593279,0.013344653215187987,-0.004959712152577946,0.0009714313701574657,0.0037402896090035437,0.0224025508445178,-0.0056725654379804966,-0.008515732762100065,-0.0027550787347046237,-0.002165005506177875,0.006662083984779243,-0.004103114550317869,0.004305129685470202,0.0026354093722294625,-0.0038771621260455602,0.0101266431592351,-0.010588805923876045,0.009254832263330723,6.878780953992269e-6,0.0034666471972162613,-0.009661344599492715,-0.007111200438073876,0.0068227227456588106,0.005460268136291457,0.003477783012615329,-0.0056725654379804966,0.025513655591650076,0.00299374000490347,-0.0012536402193146377,0.0008243037479950164,0.0016794003018112168,0.0073481940676016376,-0.0036223000550912984,-0.0018704714700119463,0.0008625313394896045,0.004181171916368343,-0.0024675423894801483,0.003349448930229592,-0.0011856377544343934,-0.0003141000934211236,-0.0037852887596796334,-0.0054496126168677925,0.0007291956725506768,-0.004020045947263533,0.0002657803441544123,-0.008515732762100065,0.00299374000490347,0.022530652290609163,0.0038189112809834183,0.008014326778667645,-0.004367365403158463,0.010804038577527052,-0.0032074202336151393,-0.002480199530449557,0.009422051869523284,-0.00493424171998634,0.002863351664055368,-0.0030850238663538147,-0.0029242627300055815,-0.0010388983433344762,-0.005902760935601509,-0.01056077458609906,-0.0017381199522367697,0.0011007981506077442,-0.005863924188003482,-0.0027550787347046237,-0.0012536402193146377,0.0038189112809834183,0.025293604420480585
