0.048100855093222594,0.02058921493679427,-0.010113349038875426,0.02214409357691633,-0.010565660289046444,-0.03374949690544843,0.012540771069374092,0.026236791240381932,-0.02831562023225851,0.010028248902518988,-0.0015318066754425028,-0.032494098232772106,-0.02412927692158403,-0.017712978767855693,-0.007623497081897418,0.0341253779494157,-0.019568742747472292,0.0007294337501331814,0.0018082637366376559,0.02910952381863241,0.02058921493679427,0.07471581934297188,-0.004368323444670381,0.012949412003589546,-0.014374152801850028,-0.04124425913289616,0.004412488752294601,0.030186635387485148,-0.023461711739327734,0.01619143376351346,-0.009331892213779999,-0.030753843063007713,-0.01793207996318786,-0.03902870176826305,-0.012135096641050835,0.023621121037372236,-0.03707229903344646,-0.00525013778051496,0.016357124409454325,0.03424707902354196,-0.010113349038875426,-0.004368323444670381,0.05834265199604371,-0.012495003720163843,0.002437084034046506,0.013528163321535539,-0.010003176052284478,0.0060156561841859316,0.030673847105318876,0.011858244173698178,-0.00925516923200256,0.012069292567938868,0.009326028187125485,0.022504381014076168,-0.004602586634630143,-0.018591877300516403,-0.029378698695910095,-0.00574919421364143,0.009416803925392295,-0.005185691883675185,0.02214409357691633,0.012949412003589546,-0.012495003720163843,0.03480994546121295,-0.004323041687108715,-0.006038994618130558,0.012142649019829903,0.003757608867168803,-0.018927308921394038,0.004634115888468336,0.004978076664686925,-0.012288322108549694,-0.007877189963108567,-0.008537810924567292,-0.0061810254264828245,0.026871563516623797,0.004240656411077631,0.0022025729926599302,-0.007309331579564513,0.013496479039688807,-0.010565660289046444,-0.014374152801850028,0.002437084034046506,-0.004323041687108715,0.028596816671652488,0.010523309812670738,-0.0023339842370991575,-0.01453193887065267,0.010853599323690285,0.0018650347034423476,0.0036642355571296988,0.00527089710400664,0.013851006284794257,0.005634233261453448,0.009118596386314706,-0.013134174989797924,0.019404607489329536,0.0032520682656170617,-0.001739988302433776,-0.008311121276184691,-0.03374949690544843,-0.04124425913289616,0.013528163321535539,-0.006038994618130558,0.010523309812670738,0.07757757137329781,-0.01352485376839874,-0.03695218471868614,0.03196926172649954,-0.02473570204373087,0.007130262361321955,0.04373995773995511,0.01849498753599574,0.04331636548351872,0.0028829258673291466,-0.015801482701075197,0.04743947409467646,0.0028853844405992667,-0.01173490397495444,-0.04467101484080394,0.012540771069374092,0.004412488752294601,-0.010003176052284478,0.012142649019829903,-0.0023339842370991575,-0.01352485376839874,0.02588716369748557,0.0071456215637533994,-0.02446987632434614,-0.0016614071943753935,0.007006240131173927,-0.011640173297023328,-0.007815310402208786,0.0011861984027063252,0.008041254449983194,0.02291302664623262,0.020863933952448406,0.006827009499849327,-0.009868331451076382,0.007125825916746462,0.026236791240381932,0.030186635387485148,0.0060156561841859316,0.003757608867168803,-0.01453193887065267,-0.03695218471868614,0.0071456215637533994,0.05746125729768462,-0.009474077660427495,0.010163829812124391,-0.011301138411915254,-0.029224040379672897,-0.01896765774223228,-0.026765890184572108,-0.008569998143442134,0.017596778564901307,-0.04154266340264924,-0.00963646671691186,0.02749089354878207,0.039413657415063585,-0.02831562023225851,-0.023461711739327734,0.030673847105318876,-0.018927308921394038,0.010853599323690285,0.03196926172649954,-0.02446987632434614,-0.009474077660427495,0.07773966587779935,0.011299956673498347,-0.01137120120014554,0.02328978518515986,0.02903973814435607,0.017555293523936012,0.007629017948143885,-0.04712738096796759,-0.031752934250333556,-0.01919835949549597,0.017548932483844516,-0.026205717580381347,0.010028248902518988,0.01619143376351346,0.011858244173698178,0.004634115888468336,0.0018650347034423476,-0.02473570204373087,-0.0016614071943753935,0.010163829812124391,0.011299956673498347,0.052019354016619015,-0.002104816161023396,-0.02065380277894627,-0.0017102655976758644,-0.015313092871317203,0.004079753530400552,-0.000866032686155073,-0.03915358712138675,-0.013411649527192593,0.004515981652121408,0.010924973739802897,-0.0015318066754425028,-0.009331892213779999,-0.00925516923200256,0.004978076664686925,0.0036642355571296988,0.007130262361321955,0.007006240131173927,-0.011301138411915254,-0.01137120120014554,-0.002104816161023396,0.028540291349372374,0.008089551496888761,0.0010804522926072765,0.012139550189394258,0.011607828044074517,0.00434484679321333,0.03486239552604514,0.0071937090289228844,-0.014103940108303504,-0.004650300990190412,-0.032494098232772106,-0.030753843063007713,0.012069292567938868,-0.012288322108549694,0.00527089710400664,0.04373995773995511,-0.011640173297023328,-0.029224040379672897,0.02328978518515986,-0.02065380277894627,0.008089551496888761,0.0556866210500388,0.004610934326500879,0.028717125984487807,0.0025664272354309326,-0.017528673678411037,0.03885030770935673,0.015656873823616003,-0.010113392114465061,-0.025413233580375814,-0.02412927692158403,-0.01793207996318786,0.009326028187125485,-0.007877189963108567,0.013851006284794257,0.01849498753599574,-0.007815310402208786,-0.01896765774223228,0.02903973814435607,-0.0017102655976758644,0.0010804522926072765,0.004610934326500879,0.050210747433629056,0.023287625435869506,0.010306622988682696,-0.027976759927826764,0.0007565120400461959,-0.010242278384696274,-0.0028163279124655454,-0.030719522181948195,-0.017712978767855693,-0.03902870176826305,0.022504381014076168,-0.008537810924567292,0.005634233261453448,0.04331636548351872,0.0011861984027063252,-0.026765890184572108,0.017555293523936012,-0.015313092871317203,0.012139550189394258,0.028717125984487807,0.023287625435869506,0.07366682374583851,0.0003121312885865299,-0.01193693256350339,0.03442683000067405,0.012675286739512313,-0.024868735193913527,-0.03678642809406794,-0.007623497081897418,-0.012135096641050835,-0.004602586634630143,-0.0061810254264828245,0.009118596386314706,0.0028829258673291466,0.008041254449983194,-0.008569998143442134,0.007629017948143885,0.004079753530400552,0.011607828044074517,0.0025664272354309326,0.010306622988682696,0.0003121312885865299,0.037616787617922656,-0.018632302415163775,0.017282704145947028,-0.006996908495833702,-0.001523295378542953,-0.006694538169704445,0.0341253779494157,0.023621121037372236,-0.018591877300516403,0.026871563516623797,-0.013134174989797924,-0.015801482701075197,0.02291302664623262,0.017596778564901307,-0.04712738096796759,-0.000866032686155073,0.00434484679321333,-0.017528673678411037,-0.027976759927826764,-0.01193693256350339,-0.018632302415163775,0.07189671769111286,0.017593862140916204,0.01345945253331025,-0.007274728586323777,0.02255880804532056,-0.019568742747472292,-0.03707229903344646,-0.029378698695910095,0.004240656411077631,0.019404607489329536,0.04743947409467646,0.020863933952448406,-0.04154266340264924,-0.031752934250333556,-0.03915358712138675,0.03486239552604514,0.03885030770935673,0.0007565120400461959,0.03442683000067405,0.017282704145947028,0.017593862140916204,0.12877121980599143,0.03161110365379105,-0.03490492935237186,-0.027710633717121125,0.0007294337501331814,-0.00525013778051496,-0.00574919421364143,0.0022025729926599302,0.0032520682656170617,0.0028853844405992667,0.006827009499849327,-0.00963646671691186,-0.01919835949549597,-0.013411649527192593,0.0071937090289228844,0.015656873823616003,-0.010242278384696274,0.012675286739512313,-0.006996908495833702,0.01345945253331025,0.03161110365379105,0.0385010735710498,-0.018438483901471514,0.008011783860764558,0.0018082637366376559,0.016357124409454325,0.009416803925392295,-0.007309331579564513,-0.001739988302433776,-0.01173490397495444,-0.009868331451076382,0.02749089354878207,0.017548932483844516,0.004515981652121408,-0.014103940108303504,-0.010113392114465061,-0.0028163279124655454,-0.024868735193913527,-0.001523295378542953,-0.007274728586323777,-0.03490492935237186,-0.018438483901471514,0.050866209300465724,0.017915194316032085,0.02910952381863241,0.03424707902354196,-0.005185691883675185,0.013496479039688807,-0.008311121276184691,-0.04467101484080394,0.007125825916746462,0.039413657415063585,-0.026205717580381347,0.010924973739802897,-0.004650300990190412,-0.025413233580375814,-0.030719522181948195,-0.03678642809406794,-0.006694538169704445,0.02255880804532056,-0.027710633717121125,0.008011783860764558,0.017915194316032085,0.06437045238963869
0.10261819564788531,0.061777935229180445,-0.028974218019994488,0.05286117753472219,-0.01115437402900843,-0.05812703013239984,0.036740425765230435,0.07317554799696326,-0.028387335446892523,-0.015183721758585397,-0.015952562689991075,-0.08105268144380862,-0.0721935921063281,-0.06626620783596077,0.007002923700612932,0.016481199509144034,-0.029762817882019697,-0.0817650416666913,0.03854909464696904,0.03663731933726465,0.061777935229180445,0.10053978484508708,0.005376221801791468,0.02537076053623341,-0.013797659219468503,-0.05455340278471518,0.027772733742671696,0.08075693553815466,-0.018800107286760365,-0.005283748338328453,0.0026335747169462815,-0.05757584459518309,-0.04439937455592517,-0.05889970725336846,0.020692469187741917,-0.009436346458872657,-0.0367533967218351,-0.08079564492798993,0.06390055203319071,0.03694019216312991,-0.028974218019994488,0.005376221801791468,0.11749962908518445,-0.03924938403743075,0.020767106553141595,-0.011954285891639969,-0.01574701150621869,0.013195218825738559,0.005431234209580025,-0.017945444634334288,-0.002956998055990939,0.03265509116153288,0.03841628209479151,-0.003984108650669679,-0.020952250274673685,-0.02550128279189969,0.016563074264268535,0.022400442709685973,-0.003867198323919893,0.01751862351521421,0.05286117753472219,0.02537076053623341,-0.03924938403743075,0.06906577278226589,-0.009123835944538014,0.006544788538645528,0.015861536415111458,0.010593143916850706,-0.004954260361036141,0.010091891247781978,-0.00492849932462677,-0.022936110184178946,-0.028363426615984837,-0.0150459087211672,0.0011296851495967053,0.02829394800265464,-0.0039743653891673135,-0.01008728635146523,-0.0013225327177901944,0.013750405967962951,-0.01115437402900843,-0.013797659219468503,0.020767106553141595,-0.009123835944538014,0.033841441689344616,0.01059648807092069,-0.014773192819730276,-0.023457090200164878,0.014030049958774955,0.001582136629368832,-0.004402013611699454,0.01248571466152909,0.041273556368436916,0.018650312210330353,-0.009905884123727487,-0.00685291890404633,0.02182406651794129,0.04329626148872791,-0.030525906305579373,-0.019662375846303277,-0.05812703013239984,-0.05455340278471518,-0.011954285891639969,0.006544788538645528,0.01059648807092069,0.10678875625522628,-0.04258598566674498,-0.09015109733623354,0.03520610519130593,0.01767092207954677,0.017816483129829697,0.07274881345633112,0.062113771418521174,0.07316982652940815,-0.004752237826707039,0.011991360880712218,0.05215793968196499,0.10565555664618184,-0.06508282967376702,-0.037166413853617075,0.036740425765230435,0.027772733742671696,-0.01574701150621869,0.015861536415111458,-0.014773192819730276,-0.04258598566674498,0.04350493114493075,0.04491776818467549,-0.011916213120828576,0.0012842929974135396,-0.009809144298929788,-0.04932261360328578,-0.04618768961677337,-0.0433004607273022,0.022607614952688204,0.0032079413884787797,-0.01650060467099252,-0.06968124869875236,0.044982380237950426,0.009886542879624554,0.07317554799696326,0.08075693553815466,0.013195218825738559,0.010593143916850706,-0.023457090200164878,-0.09015109733623354,0.04491776818467549,0.12506370531545719,-0.03403715894764273,-0.023890148229672954,-0.01557650030297763,-0.08202861781022758,-0.07736643207204397,-0.0895149381579512,0.01440741473099357,-0.010980689031306454,-0.05395507164820472,-0.1260158245220584,0.0844998305129897,0.06332413371832793,-0.028387335446892523,-0.018800107286760365,0.005431234209580025,-0.004954260361036141,0.014030049958774955,0.03520610519130593,-0.011916213120828576,-0.03403715894764273,0.04737297319572516,0.023428156957270886,0.00932954887328647,0.03049978121624778,0.04834666402712324,0.034407390529865314,0.019981576562444998,-0.02576006326079349,0.024014694504290467,0.04636082763484575,-0.02324894478079309,-0.02220385134406651,-0.015183721758585397,-0.005283748338328453,-0.017945444634334288,0.010091891247781978,0.001582136629368832,0.01767092207954677,0.0012842929974135396,-0.023890148229672954,0.023428156957270886,0.04533231687938338,0.012213161331535285,0.01474983246433511,0.02035580180434164,0.02605321411200379,0.027223520411499655,-0.00570314056617518,0.004069447929930295,0.016932369246560487,0.0007458950367510073,-0.021565237266252108,-0.015952562689991075,0.0026335747169462815,-0.002956998055990939,-0.00492849932462677,-0.004402013611699454,0.017816483129829697,-0.009809144298929788,-0.01557650030297763,0.00932954887328647,0.012213161331535285,0.02960974199677218,0.015740785238936537,0.013435723686616309,0.01835126324384518,0.014253424965185921,-0.008877732904850808,0.0034316234760238436,0.005144518707035507,0.002168501734333035,-0.011281547884459779,-0.08105268144380862,-0.05757584459518309,0.03265509116153288,-0.022936110184178946,0.01248571466152909,0.07274881345633112,-0.04932261360328578,-0.08202861781022758,0.03049978121624778,0.01474983246433511,0.015740785238936537,0.10618026314888034,0.07012476182543687,0.07703694327006019,-0.018348008815464757,-0.0038348675735423512,0.03329985691966737,0.11064022422014048,-0.06164821645108973,-0.029694000857656746,-0.0721935921063281,-0.04439937455592517,0.03841628209479151,-0.028363426615984837,0.041273556368436916,0.062113771418521174,-0.04618768961677337,-0.07736643207204397,0.04834666402712324,0.02035580180434164,0.013435723686616309,0.07012476182543687,0.12511895539997905,0.08227248589238204,-0.004181098057554717,-0.031974234103641,0.052263718326046704,0.12396656740337572,-0.07029298999533957,-0.04104217941056707,-0.06626620783596077,-0.05889970725336846,-0.003984108650669679,-0.0150459087211672,0.018650312210330353,0.07316982652940815,-0.0433004607273022,-0.0895149381579512,0.034407390529865314,0.02605321411200379,0.01835126324384518,0.07703694327006019,0.08227248589238204,0.09747195854779787,-0.0028660994742642516,-0.006154839462442211,0.033461722250840854,0.1116137671802375,-0.06158739263210648,-0.042794497096906386,0.007002923700612932,0.020692469187741917,-0.020952250274673685,0.0011296851495967053,-0.009905884123727487,-0.004752237826707039,0.022607614952688204,0.01440741473099357,0.019981576562444998,0.027223520411499655,0.014253424965185921,-0.018348008815464757,-0.004181098057554717,-0.0028660994742642516,0.064771303108952,-0.024700541415962448,-0.0036159681647984585,-0.03993561792146691,0.03624931995664249,-0.005815639058946765,0.016481199509144034,-0.009436346458872657,-0.02550128279189969,0.02829394800265464,-0.00685291890404633,0.011991360880712218,0.0032079413884787797,-0.010980689031306454,-0.02576006326079349,-0.00570314056617518,-0.008877732904850808,-0.0038348675735423512,-0.031974234103641,-0.006154839462442211,-0.024700541415962448,0.06468860021369852,-0.0027466883637019598,-0.000789620138332421,-0.0029670702313876,0.001602001927805309,-0.029762817882019697,-0.0367533967218351,0.016563074264268535,-0.0039743653891673135,0.02182406651794129,0.05215793968196499,-0.01650060467099252,-0.05395507164820472,0.024014694504290467,0.004069447929930295,0.0034316234760238436,0.03329985691966737,0.052263718326046704,0.033461722250840854,-0.0036159681647984585,-0.0027466883637019598,0.06406205751108482,0.0643727986720783,-0.04663071252715112,-0.02888132302357083,-0.0817650416666913,-0.08079564492798993,0.022400442709685973,-0.01008728635146523,0.04329626148872791,0.10565555664618184,-0.06968124869875236,-0.1260158245220584,0.04636082763484575,0.016932369246560487,0.005144518707035507,0.11064022422014048,0.12396656740337572,0.1116137671802375,-0.03993561792146691,-0.000789620138332421,0.0643727986720783,0.2146251961466299,-0.13081845784915902,-0.04973122895525492,0.03854909464696904,0.06390055203319071,-0.003867198323919893,-0.0013225327177901944,-0.030525906305579373,-0.06508282967376702,0.044982380237950426,0.0844998305129897,-0.02324894478079309,0.0007458950367510073,0.002168501734333035,-0.06164821645108973,-0.07029298999533957,-0.06158739263210648,0.03624931995664249,-0.0029670702313876,-0.04663071252715112,-0.13081845784915902,0.10873568490696676,0.03263090245321622,0.03663731933726465,0.03694019216312991,0.01751862351521421,0.013750405967962951,-0.019662375846303277,-0.037166413853617075,0.009886542879624554,0.06332413371832793,-0.02220385134406651,-0.021565237266252108,-0.011281547884459779,-0.029694000857656746,-0.04104217941056707,-0.042794497096906386,-0.005815639058946765,0.001602001927805309,-0.02888132302357083,-0.04973122895525492,0.03263090245321622,0.0707349715274945
0.03340431493495247,0.01693097810707966,0.005257513213007324,0.016393123829851444,0.002465986744299919,-0.010522845277963502,0.0011847592727428728,0.015966868398525166,0.003218592909790308,-0.0008439059430383834,-0.010680701707499327,-0.006753513779609254,-0.012141664352496279,-0.0071233657102795405,0.004583900010657232,0.006793259885882962,-0.010918428020752966,-0.002580316167381489,0.007108686188585891,0.01270080986806996,0.01693097810707966,0.06289437664480768,-0.0061259017967080776,0.01705379266440794,0.0012873850287922432,-0.000353537426433835,0.0009785407979662382,0.030820951448356407,0.011182965317616454,0.0006903224294090848,-0.008583739647085784,-0.012348223679544343,-0.017545416185112447,-0.022659229134316602,-0.001089839066629556,-2.9125836359932336e-5,-0.010821851134522636,0.009689317437474478,0.022354060314894723,0.019721077663441833,0.005257513213007324,-0.0061259017967080776,0.030695774856055798,-0.005669230557209624,0.006229763220307355,-0.0007413921834988586,-0.002522641343624503,-0.007040866682008052,0.0027139598635927895,-0.00034448418599878174,-0.0015000525309290412,0.01434307832088337,0.0019668007260169444,0.00814193555414815,0.010755859592380622,-0.010452682810307534,-0.004364451182939683,0.004709169643866164,-0.0028793967282971494,-0.016554128818204637,0.016393123829851444,0.01705379266440794,-0.005669230557209624,0.04431448270779019,0.008238252141992086,-0.0019525647673719758,0.01447397956647652,0.01163148540358094,0.011612556980802265,0.010133250945095514,0.00616387323854253,-0.007148391513791904,-0.0020936688417039283,-0.00918316897304607,0.0003098978658991364,0.0037945915905692428,0.0017064033471789926,-0.005945358252551134,0.010631253419245243,0.013471065020504531,0.002465986744299919,0.0012873850287922432,0.006229763220307355,0.008238252141992086,0.02215530544911267,0.006542942670502637,-0.0017140614168832504,-0.005994009896856279,0.012643425210344218,0.006045581562946068,0.004599445859467186,0.010494575500699987,0.007305154102221283,0.0075039129729543306,0.0074796442398604845,-0.005035171267228605,0.005257739110756899,0.004226218148045801,0.0034009517800505182,-0.010315309638591948,-0.010522845277963502,-0.000353537426433835,-0.0007413921834988586,-0.0019525647673719758,0.006542942670502637,0.053245534370525455,-0.018235694149386226,-0.025193411333742984,0.004532188169950959,-0.014839936652595836,0.004505537596925433,0.03539738644753775,0.002621465547009156,0.0165468435298452,0.004277409228784612,0.01664648638183265,0.03749591871902738,0.018587831110047,-0.015389759642178476,-0.019196685070982114,0.0011847592727428728,0.0009785407979662382,-0.002522641343624503,0.01447397956647652,-0.0017140614168832504,-0.018235694149386226,0.027427539683952513,0.010162437166752934,0.002540859409060272,0.013108361508323771,-0.0012009337705395729,-0.02596840531731466,0.00037435627745033664,-0.004964522816159762,0.00808446177723543,-0.005251478987635833,-0.009171850182225414,-0.011183479267817186,0.004881911263241823,0.006317911513474323,0.015966868398525166,0.030820951448356407,-0.007040866682008052,0.01163148540358094,-0.005994009896856279,-0.025193411333742984,0.010162437166752934,0.05933421015155349,0.0065443698733985665,0.01168694600678237,-0.006271118705629722,-0.03255402743502688,-0.005460762172066477,-0.024680795223122748,-0.0035442164584454845,-0.004819175030729246,-0.026504496853809782,-0.009773959661092547,0.021172405273201165,0.036226716216674885,0.003218592909790308,0.011182965317616454,0.0027139598635927895,0.011612556980802265,0.012643425210344218,0.004532188169950959,0.002540859409060272,0.0065443698733985665,0.040392875587429745,0.013692203741535052,-0.00034310707609745954,0.0024377613061324667,0.01155343591678617,-0.0029883431633362994,0.008644892963193674,-0.017529409540618192,-0.002202459824167168,0.00548160623637384,0.0032664540714723257,-0.0015813563408637388,-0.0008439059430383834,0.0006903224294090848,-0.00034448418599878174,0.010133250945095514,0.006045581562946068,-0.014839936652595836,0.013108361508323771,0.01168694600678237,0.013692203741535052,0.036515155910826956,0.007282382334806268,-0.015687341676282312,0.008000008778521486,-0.006997450025637982,0.009978222663816273,-0.014599341570611608,-0.0031124514307528193,-0.01206472849307411,0.010576890017492731,0.0015956093035186126,-0.010680701707499327,-0.008583739647085784,-0.0015000525309290412,0.00616387323854253,0.004599445859467186,0.004505537596925433,-0.0012009337705395729,-0.006271118705629722,-0.00034310707609745954,0.007282382334806268,0.03816833320285741,0.00717576704524554,0.0046009814973078465,0.00428645451984272,-0.0010261005754557046,0.006838717550043195,0.016881796713596207,-0.0018595512506447281,0.011755558646620616,-0.0016016599400605633,-0.006753513779609254,-0.012348223679544343,0.01434307832088337,-0.007148391513791904,0.010494575500699987,0.03539738644753775,-0.02596840531731466,-0.03255402743502688,0.0024377613061324667,-0.015687341676282312,0.00717576704524554,0.0615867499528468,0.008005194748369554,0.023293094824239087,0.0037206334135729,0.012898125946962442,0.03109234356382635,0.02129057711992726,-0.014238680275757407,-0.026527012685401592,-0.012141664352496279,-0.017545416185112447,0.0019668007260169444,-0.0020936688417039283,0.007305154102221283,0.002621465547009156,0.00037435627745033664,-0.005460762172066477,0.01155343591678617,0.008000008778521486,0.0046009814973078465,0.008005194748369554,0.05760318761615634,0.017772414629961375,0.020774097621549838,-0.018926562548265857,0.01085548574449912,-0.0020578359253051602,-0.009173242753400857,-0.01656550041640806,-0.0071233657102795405,-0.022659229134316602,0.00814193555414815,-0.00918316897304607,0.0075039129729543306,0.0165468435298452,-0.004964522816159762,-0.024680795223122748,-0.0029883431633362994,-0.006997450025637982,0.00428645451984272,0.023293094824239087,0.017772414629961375,0.043952940317088525,0.00762237131877049,0.004579167687613477,0.01999314006455121,0.005311704309137816,-0.01819625299552221,-0.018808042868674026,0.004583900010657232,-0.001089839066629556,0.010755859592380622,0.0003098978658991364,0.0074796442398604845,0.004277409228784612,0.00808446177723543,-0.0035442164584454845,0.008644892963193674,0.009978222663816273,-0.0010261005754557046,0.0037206334135729,0.020774097621549838,0.00762237131877049,0.04243475736464471,-0.017093736361450812,0.003963739612724144,-0.0022343178440729222,-0.001510749367009674,-0.013955908772131008,0.006793259885882962,-2.9125836359932336e-5,-0.010452682810307534,0.0037945915905692428,-0.005035171267228605,0.01664648638183265,-0.005251478987635833,-0.004819175030729246,-0.017529409540618192,-0.014599341570611608,0.006838717550043195,0.012898125946962442,-0.018926562548265857,0.004579167687613477,-0.017093736361450812,0.06698647411009888,0.018987063693837913,0.0029379351243418506,-0.002402450995711173,0.012544798963069028,-0.010918428020752966,-0.010821851134522636,-0.004364451182939683,0.0017064033471789926,0.005257739110756899,0.03749591871902738,-0.009171850182225414,-0.026504496853809782,-0.002202459824167168,-0.0031124514307528193,0.016881796713596207,0.03109234356382635,0.01085548574449912,0.01999314006455121,0.003963739612724144,0.018987063693837913,0.054283359011383016,0.009304424994964299,-0.011095517288812376,-0.01597870744993307,-0.002580316167381489,0.009689317437474478,0.004709169643866164,-0.005945358252551134,0.004226218148045801,0.018587831110047,-0.011183479267817186,-0.009773959661092547,0.00548160623637384,-0.01206472849307411,-0.0018595512506447281,0.02129057711992726,-0.0020578359253051602,0.005311704309137816,-0.0022343178440729222,0.0029379351243418506,0.009304424994964299,0.03383008139679087,0.0002211253726713691,-0.007026117750044161,0.007108686188585891,0.022354060314894723,-0.0028793967282971494,0.010631253419245243,0.0034009517800505182,-0.015389759642178476,0.004881911263241823,0.021172405273201165,0.0032664540714723257,0.010576890017492731,0.011755558646620616,-0.014238680275757407,-0.009173242753400857,-0.01819625299552221,-0.001510749367009674,-0.002402450995711173,-0.011095517288812376,0.0002211253726713691,0.05055812005614371,0.01755400759119461,0.01270080986806996,0.019721077663441833,-0.016554128818204637,0.013471065020504531,-0.010315309638591948,-0.019196685070982114,0.006317911513474323,0.036226716216674885,-0.0015813563408637388,0.0015956093035186126,-0.0016016599400605633,-0.026527012685401592,-0.01656550041640806,-0.018808042868674026,-0.013955908772131008,0.012544798963069028,-0.01597870744993307,-0.007026117750044161,0.01755400759119461,0.048138727492566605
