0.025845277132011568,0.00012166277439220772,0.0021055632172897938,-0.006893347528978787,0.0016614447488749046,-0.0042575259386029626,0.009256387807138292,-0.0035486061465180574,-0.0008098401103887078,0.008581538383624406,-0.008016358667013185,-0.0025906599837478388,-0.008787302856450668,0.008189547648502323,-0.003030632268996529,-0.005666889457799357,-0.005519655800778598,-0.007981960706620203,0.014247154161970052,-0.0018817580130136178,0.00012166277439220772,0.05312994333067873,0.007631823196115986,-0.005779640094885317,-0.022444133557919112,-0.004911518395815558,0.01295339185002833,0.014843069792919186,-0.0058544146894979965,0.009086500626863597,-0.029641193972769386,0.017915259900452937,0.006806747415447364,0.006790195027131022,-0.005194286645546338,-0.018493250166177373,0.0053863369222238305,-0.017822817168238733,0.0018124934679334156,-0.01673947261796348,0.0021055632172897938,0.007631823196115986,0.02267805103812745,-0.0035842054855442004,-0.01919599940554946,0.007602856621463948,0.006308555196820795,0.00755219660642323,-0.005767518015759256,-0.008498777478552856,-0.001072412164753545,0.016344896654101812,0.0036989179591572566,-0.00746135610735913,0.005739283017706508,0.011951399772413902,0.0022815163958702605,-0.005375471745892666,-0.011636189211552487,-0.001281999112147604,-0.006893347528978787,-0.005779640094885317,-0.0035842054855442004,0.02726032303067204,-0.006985660067355932,0.001136637161247747,-0.006616813925167943,-0.002500110728636612,0.005657705558473866,-0.004027171064369132,0.010255156562151976,0.0030248929261744214,0.003631965216436445,-0.011415660465126775,0.019013794637788968,0.0065005802318999426,-0.0030245964071523132,0.010241456958278567,-0.011308817925730102,0.006255785849627842,0.0016614447488749046,-0.022444133557919112,-0.01919599940554946,-0.006985660067355932,0.1870175674276479,-0.05406528325222924,-0.03501630128721575,-0.04051819177438053,0.035080358581933174,0.08351882286328874,-0.02734482091310122,-0.07960588619298403,-0.011136864073701354,0.06456356653244491,-0.08181317106279878,-0.11116740168362423,-0.03508987505212717,0.003759589632892624,0.12637498629923538,-0.05869260417458626,-0.0042575259386029626,-0.004911518395815558,0.007602856621463948,0.001136637161247747,-0.05406528325222924,0.06824280536464289,0.00546895905403489,0.013561328538076824,-0.013130811768534298,-0.051106491252338036,0.04368570696626087,0.016905923273570808,0.002589700350146648,-0.036807946973889734,0.008012819748755578,0.07612846947049287,0.015796622463134298,0.013537243518009275,-0.08396838151988915,0.026760500969203224,0.009256387807138292,0.01295339185002833,0.006308555196820795,-0.006616813925167943,-0.03501630128721575,0.00546895905403489,0.035981216928216916,0.01062705933638547,-0.012632717095610459,-0.007745560893516651,-0.007940410682137168,0.017638287120690287,-0.006710474082557747,-0.0017099821700170235,0.0017188131751497502,0.007523675596308927,0.009240195615544195,-0.012636859793411632,-0.004696547597916747,-0.005722224153018713,-0.0035486061465180574,0.014843069792919186,0.00755219660642323,-0.002500110728636612,-0.04051819177438053,0.013561328538076824,0.01062705933638547,0.024075688643678372,-0.00910708159080669,-0.013647009318160114,0.0009619093218759956,0.02152573531619064,0.0068441302404428014,-0.011088392815920525,0.008697539578930678,0.02577941909304353,0.007216291320385268,-0.004834889967326094,-0.02947561806340491,0.005402851039927487,-0.0008098401103887078,-0.0058544146894979965,-0.005767518015759256,0.005657705558473866,0.035080358581933174,-0.013130811768534298,-0.012632717095610459,-0.00910708159080669,0.024639505548178325,0.01284094639275255,-0.00341156942283686,-0.018863340801884156,0.006137125991296391,0.012006922272458776,-0.006877942217333276,-0.03138191603348854,-0.00799506747079729,0.009161350112244445,0.020774319835515236,-0.01626321913816416,0.008581538383624406,0.009086500626863597,-0.008498777478552856,-0.004027171064369132,0.08351882286328874,-0.051106491252338036,-0.007745560893516651,-0.013647009318160114,0.01284094639275255,0.07738947755616869,-0.0390770743631475,-0.03149776458103702,-0.01248511331958031,0.04546482840619087,-0.03768821765515246,-0.08371074221355826,-0.017310432952709287,-0.019445306073767703,0.09347314978226634,-0.03492049666173127,-0.008016358667013185,-0.029641193972769386,-0.001072412164753545,0.010255156562151976,-0.02734482091310122,0.04368570696626087,-0.007940410682137168,0.0009619093218759956,-0.00341156942283686,-0.0390770743631475,0.06743828145655516,-0.000600814993321255,-0.0014938169258728897,-0.031822214074908206,0.0098404678890586,0.07184697622114647,0.003952123643440673,0.02895779620460784,-0.0661298402679331,0.03091116474348144,-0.0025906599837478388,0.017915259900452937,0.016344896654101812,0.0030248929261744214,-0.07960588619298403,0.016905923273570808,0.017638287120690287,0.02152573531619064,-0.018863340801884156,-0.03149776458103702,-0.000600814993321255,0.08911862960449912,0.007864930472541137,-0.03485186579912129,0.049162473978638196,0.03870383103931317,0.022855069616086958,-0.002782419676774719,-0.05755715432245204,0.008190774417697923,-0.008787302856450668,0.006806747415447364,0.0036989179591572566,0.003631965216436445,-0.011136864073701354,0.002589700350146648,-0.006710474082557747,0.0068441302404428014,0.006137125991296391,-0.01248511331958031,-0.0014938169258728897,0.007864930472541137,0.03525239164366965,-0.0062314995572640775,0.007798946217679696,0.0017402911510085422,-0.0014720556346961343,0.008200832089655434,-0.017070008788983137,-0.006064642861108209,0.008189547648502323,0.006790195027131022,-0.00746135610735913,-0.011415660465126775,0.06456356653244491,-0.036807946973889734,-0.0017099821700170235,-0.011088392815920525,0.012006922272458776,0.04546482840619087,-0.031822214074908206,-0.03485186579912129,-0.0062314995572640775,0.05463699453907715,-0.0431781299484915,-0.0649136205450834,-0.013080955847289435,-0.015622677993272152,0.07678543897717552,-0.031914878918672465,-0.003030632268996529,-0.005194286645546338,0.005739283017706508,0.019013794637788968,-0.08181317106279878,0.008012819748755578,0.0017188131751497502,0.008697539578930678,-0.006877942217333276,-0.03768821765515246,0.0098404678890586,0.049162473978638196,0.007798946217679696,-0.0431781299484915,0.1078669819745412,0.03138711139577648,0.00885629876914824,0.008938996900087818,-0.04997304227632572,0.04962086092222831,-0.005666889457799357,-0.018493250166177373,0.011951399772413902,0.0065005802318999426,-0.11116740168362423,0.07612846947049287,0.007523675596308927,0.02577941909304353,-0.03138191603348854,-0.08371074221355826,0.07184697622114647,0.03870383103931317,0.0017402911510085422,-0.0649136205450834,0.03138711139577648,0.15366222392395137,0.0281163291527756,0.026012473429066377,-0.13226827667741892,0.05139763595457297,-0.005519655800778598,0.0053863369222238305,0.0022815163958702605,-0.0030245964071523132,-0.03508987505212717,0.015796622463134298,0.009240195615544195,0.007216291320385268,-0.00799506747079729,-0.017310432952709287,0.003952123643440673,0.022855069616086958,-0.0014720556346961343,-0.013080955847289435,0.00885629876914824,0.0281163291527756,0.03174069251163914,-0.0036068520012021207,-0.024276072181274463,0.009801279510446728,-0.007981960706620203,-0.017822817168238733,-0.005375471745892666,0.010241456958278567,0.003759589632892624,0.013537243518009275,-0.012636859793411632,-0.004834889967326094,0.009161350112244445,-0.019445306073767703,0.02895779620460784,-0.002782419676774719,0.008200832089655434,-0.015622677993272152,0.008938996900087818,0.026012473429066377,-0.0036068520012021207,0.04257096361006674,-0.030477823552834703,0.004788010230627748,0.014247154161970052,0.0018124934679334156,-0.011636189211552487,-0.011308817925730102,0.12637498629923538,-0.08396838151988915,-0.004696547597916747,-0.02947561806340491,0.020774319835515236,0.09347314978226634,-0.0661298402679331,-0.05755715432245204,-0.017070008788983137,0.07678543897717552,-0.04997304227632572,-0.13226827667741892,-0.024276072181274463,-0.030477823552834703,0.17825225109638598,-0.04619980405530274,-0.0018817580130136178,-0.01673947261796348,-0.001281999112147604,0.006255785849627842,-0.05869260417458626,0.026760500969203224,-0.005722224153018713,0.005402851039927487,-0.01626321913816416,-0.03492049666173127,0.03091116474348144,0.008190774417697923,-0.006064642861108209,-0.031914878918672465,0.04962086092222831,0.05139763595457297,0.009801279510446728,0.004788010230627748,-0.04619980405530274,0.06624414965286878
0.05894057075240155,0.03159110488068181,-0.00010198870143215337,-0.013016648013533139,0.08009579948195178,-0.055790872562707636,0.001911499664348444,-0.013439287773189092,0.016105208009446856,0.04960947230440009,-0.01650628896884728,-0.037627537732934806,-0.006942451715338813,0.04767304319735666,-0.058924725778400425,-0.06909437344154452,-0.024472019186509382,-0.014278607004995527,0.08643889604941211,-0.01591289471922016,0.03159110488068181,0.11903808728750777,0.019522104966782326,-0.008274495067236726,0.08148736657648734,-0.03560418450528886,0.03709505696690807,-0.001433651858213797,-0.04021399151473434,0.0642954715189532,-0.0037011107029930206,-0.05459409074102685,0.020002044282761554,0.04701542735273952,-0.128130487936923,-0.012786290202083432,0.023064042015830673,-0.016341285841418363,0.05463266275407565,-0.045158212325434446,-0.00010198870143215337,0.019522104966782326,0.037445810980894986,0.012221796043020589,0.005776076033194232,-0.015103302923406326,0.008435866819859467,0.00031240703181743574,-0.0016710606428618495,0.021291214120585565,-0.01616795653768099,-0.010430211323335468,0.01700346198655492,-0.005216563987958439,-0.01916312110546161,-0.002064408139366083,0.019348802544258657,0.012631868664731444,0.00825406755315749,-0.021563232398929995,-0.013016648013533139,-0.008274495067236726,0.012221796043020589,0.06320470523780682,-0.02375642716494375,0.029269746686498205,-0.008869795321779214,-0.003652295893965297,0.019760497009604226,-0.011789171712078484,0.0022715066694264496,0.0007979859636239742,0.03382830068897395,-0.04692928022397047,0.047683293441310566,0.029461430886535047,0.03908047562577656,0.027050746701617764,-0.029084494568714904,0.008787706579296593,0.08009579948195178,0.08148736657648734,0.005776076033194232,-0.02375642716494375,0.21138827673676974,-0.14767595835883113,0.002123005188345394,-0.036032559868346414,0.014313992210859248,0.13827824378910136,-0.052716937010354695,-0.0901481583278456,0.005281687014150134,0.12221563345715286,-0.13981361478032825,-0.1678303819929679,-0.03159581242655843,-0.03447926378603458,0.21466141610844236,-0.06093622171301691,-0.055790872562707636,-0.03560418450528886,-0.015103302923406326,0.029269746686498205,-0.14767595835883113,0.16668858233769274,0.002197313431509914,0.03379581331910554,-0.019359761619047417,-0.12102316475099667,0.06724527481864526,0.05796907930786538,0.010576820287189323,-0.10103748562877846,0.0960077864420483,0.16814510729472115,0.03742817637085126,0.02972093123153403,-0.19023838412083371,0.052474964682670995,0.001911499664348444,0.03709505696690807,0.008435866819859467,-0.008869795321779214,0.002123005188345394,0.002197313431509914,0.0344756261075218,0.005415032825342151,-0.03019042266154605,-0.001030873904564512,0.0002823494075075636,-0.007056805286187357,0.006374151664379301,0.0022442226205750095,-0.03384347775173018,0.018308830740623734,0.018685530077330776,-0.005119601700693671,-0.00904552799916681,-0.008325597031276293,-0.013439287773189092,-0.001433651858213797,0.00031240703181743574,-0.003652295893965297,-0.036032559868346414,0.03379581331910554,0.005415032825342151,0.02412753750822974,-0.010879381592573857,-0.026633952878590293,0.01622353624537564,0.019175536310900732,-0.0004003223754868472,-0.017471910021431773,0.006604293292451158,0.0465416379982017,0.0006273259654009161,-0.004418030424733215,-0.052511647924478946,0.005967607782676153,0.016105208009446856,-0.04021399151473434,-0.0016710606428618495,0.019760497009604226,0.014313992210859248,-0.019359761619047417,-0.03019042266154605,-0.010879381592573857,0.05504473622481213,0.006967699360093581,-0.006472491468065366,-0.0021368894795060615,0.00439381722649518,-0.006169827274230561,0.04268742617420547,-0.044023122701910916,-0.011501358215548882,0.011628524142385532,0.033867199067914515,0.003089715521543273,0.04960947230440009,0.0642954715189532,0.021291214120585565,-0.011789171712078484,0.13827824378910136,-0.12102316475099667,-0.001030873904564512,-0.026633952878590293,0.006967699360093581,0.1789408829943399,-0.049324648243074386,-0.08032079910920681,0.0027112254236137485,0.08722538219603396,-0.1275974927548757,-0.13803380387312406,-0.02900044623163659,-0.01732085537516999,0.18001816441308838,-0.07829327833681052,-0.01650628896884728,-0.0037011107029930206,-0.01616795653768099,0.0022715066694264496,-0.052716937010354695,0.06724527481864526,0.0002823494075075636,0.01622353624537564,-0.006472491468065366,-0.049324648243074386,0.06282733753241004,0.027081679747853263,0.0049405927102185564,-0.026516097069528916,0.0168097137476449,0.06976577523933393,0.0068362803674181195,-0.0002310945972241957,-0.07274565907521746,0.024207465003202346,-0.037627537732934806,-0.05459409074102685,-0.010430211323335468,0.0007979859636239742,-0.0901481583278456,0.05796907930786538,-0.007056805286187357,0.019175536310900732,-0.0021368894795060615,-0.08032079910920681,0.027081679747853263,0.07337654041485,-0.01073950398446449,-0.04150281750867725,0.08965853774230714,0.06507316561611454,-0.0013648533771742927,0.007779518559593109,-0.09866460172775442,0.034387206682175646,-0.006942451715338813,0.020002044282761554,0.01700346198655492,0.03382830068897395,0.005281687014150134,0.010576820287189323,0.006374151664379301,-0.0004003223754868472,0.00439381722649518,0.0027112254236137485,0.0049405927102185564,-0.01073950398446449,0.05098718847040119,-0.025467084421693466,0.0037523918683263916,0.021252420364775045,0.044312192621970475,0.010319486164479662,-0.0063567539749118445,-0.007846624766010418,0.04767304319735666,0.04701542735273952,-0.005216563987958439,-0.04692928022397047,0.12221563345715286,-0.10103748562877846,0.0022442226205750095,-0.017471910021431773,-0.006169827274230561,0.08722538219603396,-0.026516097069528916,-0.04150281750867725,-0.025467084421693466,0.12422371991956324,-0.10999014986352593,-0.11545133872032493,-0.04669824132502598,-0.027180577613809383,0.141112702785395,-0.03219355936261631,-0.058924725778400425,-0.128130487936923,-0.01916312110546161,0.047683293441310566,-0.13981361478032825,0.0960077864420483,-0.03384347775173018,0.006604293292451158,0.04268742617420547,-0.1275974927548757,0.0168097137476449,0.08965853774230714,0.0037523918683263916,-0.10999014986352593,0.24283536780464693,0.07386844329100256,0.01632112203639911,0.031799506704197844,-0.13726111330027158,0.06862041620874991,-0.06909437344154452,-0.012786290202083432,-0.002064408139366083,0.029461430886535047,-0.1678303819929679,0.16814510729472115,0.018308830740623734,0.0465416379982017,-0.044023122701910916,-0.13803380387312406,0.06976577523933393,0.06507316561611454,0.021252420364775045,-0.11545133872032493,0.07386844329100256,0.21543509008369846,0.05927280303878809,0.027609565269472273,-0.22744849110860696,0.04435816736241818,-0.024472019186509382,0.023064042015830673,0.019348802544258657,0.03908047562577656,-0.03159581242655843,0.03742817637085126,0.018685530077330776,0.0006273259654009161,-0.011501358215548882,-0.02900044623163659,0.0068362803674181195,-0.0013648533771742927,0.044312192621970475,-0.04669824132502598,0.01632112203639911,0.05927280303878809,0.07727558510656374,0.022465402170502566,-0.04943305023243886,0.007531870938548388,-0.014278607004995527,-0.016341285841418363,0.012631868664731444,0.027050746701617764,-0.03447926378603458,0.02972093123153403,-0.005119601700693671,-0.004418030424733215,0.011628524142385532,-0.01732085537516999,-0.0002310945972241957,0.007779518559593109,0.010319486164479662,-0.027180577613809383,0.031799506704197844,0.027609565269472273,0.022465402170502566,0.058472969701807896,-0.030480102116136193,0.003469377339053235,0.08643889604941211,0.05463266275407565,0.00825406755315749,-0.029084494568714904,0.21466141610844236,-0.19023838412083371,-0.00904552799916681,-0.052511647924478946,0.033867199067914515,0.18001816441308838,-0.07274565907521746,-0.09866460172775442,-0.0063567539749118445,0.141112702785395,-0.13726111330027158,-0.22744849110860696,-0.04943305023243886,-0.030480102116136193,0.2818909776603599,-0.06497606937090523,-0.01591289471922016,-0.045158212325434446,-0.021563232398929995,0.008787706579296593,-0.06093622171301691,0.052474964682670995,-0.008325597031276293,0.005967607782676153,0.003089715521543273,-0.07829327833681052,0.024207465003202346,0.034387206682175646,-0.007846624766010418,-0.03219355936261631,0.06862041620874991,0.04435816736241818,0.007531870938548388,0.003469377339053235,-0.06497606937090523,0.06092386895722361
0.0291745234395727,0.01395897818736953,0.009998112800336148,-0.0013573457509330022,0.022566030133118455,-0.005719698260044325,0.004460397155158105,0.0068074592432153845,0.0015625807046305063,0.0060794579995642585,0.007148396716620698,-0.0007509396132696199,0.0068615807528890375,0.015281426762497469,-0.012905054399234011,0.005726942775771685,-0.0036862414864843153,-0.003935290826242719,0.00834199064920366,-0.0009921895134340606,0.01395897818736953,0.044239696632410064,0.026621985225723063,0.00851398469354776,0.030809337225396024,-0.013872410387031617,-0.013920285260376454,0.018137752505748596,0.01052978367634173,0.005614072984371993,0.016388667972582645,0.0005902375871928382,0.0069224453013812075,0.00014958105634715543,-0.013662588080528087,0.01344637817985333,0.0012411541131089952,0.008903385256540521,-0.0076148683043316834,-0.00849628886951528,0.009998112800336148,0.026621985225723063,0.044111886734384,0.003632993204901723,0.023023373034940443,-0.005517212863243602,-0.0038718283542325026,0.01760736078258334,0.010200006372095801,-0.005770394304267342,0.016406677088967064,-0.004771340059772715,0.012799563207486889,-8.112399060924286e-5,-0.00898551835497751,0.01826483730993316,0.006520253353463963,0.019530697784539933,-0.013821160558130026,-0.0027175134711554597,-0.0013573457509330022,0.00851398469354776,0.003632993204901723,0.06417606867419497,0.024242143881085042,-0.011410128052023114,-0.030963894557413274,-0.024907470748916583,0.02074201558544227,-0.01854939739321962,0.015462024236898842,0.023885787097473344,-0.0006879915691063655,-0.01063176600286897,0.040024368069346096,-0.010911127886689659,0.015707217513011913,-0.011068275190376646,-0.027928708702653342,-0.002770631643584435,0.022566030133118455,0.030809337225396024,0.023023373034940443,0.024242143881085042,0.12433867318384975,-0.05907495215043279,-0.027720554369892184,-0.013224278816234681,0.019740749260439533,0.061163828391341886,-0.008040985117701321,-0.013162569989037944,0.016320666138401958,0.04623941653211372,-0.029550032663830203,-0.06279443701316459,-0.012070206712219572,0.0016766680506266713,0.06344539981766673,-0.02557397931864554,-0.005719698260044325,-0.013872410387031617,-0.005517212863243602,-0.011410128052023114,-0.05907495215043279,0.05864364945479854,0.011872526882220766,0.004612872778804262,-0.017693791321642775,-0.047420793059440594,0.022833183384861913,0.015125250717704042,-0.014835801746492142,-0.021884937112689684,0.016170931405018393,0.058648615468216814,0.020663526420474396,-0.01199966778760473,-0.04943847260493091,0.024624932824594423,0.004460397155158105,-0.013920285260376454,-0.0038718283542325026,-0.030963894557413274,-0.027720554369892184,0.011872526882220766,0.04906067316382401,0.011390642230845887,-0.017850355538719356,-0.004354136070526064,-0.0014911383290044731,-0.016152878736075925,-0.002869579070430399,0.00839413165541963,-0.020833480297070946,0.013368284999229874,-0.002044299352089606,0.004828812535850373,0.010121840652903013,0.002521359905639002,0.0068074592432153845,0.018137752505748596,0.01760736078258334,-0.024907470748916583,-0.013224278816234681,0.004612872778804262,0.011390642230845887,0.05984031515527717,0.004613048700607181,0.015663903435085842,0.007331843299610591,-0.013202969568658088,0.023735611384440178,0.005452911310518406,-0.04931426050435271,0.03567129656238671,-0.018379057706745958,0.022777725635317013,0.00020381229139786313,-0.008527580238295654,0.0015625807046305063,0.01052978367634173,0.010200006372095801,0.02074201558544227,0.019740749260439533,-0.017693791321642775,-0.017850355538719356,0.004613048700607181,0.028908667793302804,-0.006012359369270243,0.005553436535971505,0.006624049885361212,0.01631301589387869,-0.006802240173855894,0.017132500915224676,-0.013627883410163424,0.005506779501055228,0.011469978068765967,-0.010556211729004499,-0.0062414048345118735,0.0060794579995642585,0.005614072984371993,-0.005770394304267342,-0.01854939739321962,0.061163828391341886,-0.047420793059440594,-0.004354136070526064,0.015663903435085842,-0.006012359369270243,0.1303504726593728,-0.040800715736064724,-0.05487971877070637,0.006269070308612184,0.06857723634497903,-0.09481806375407176,-0.06763838762251217,-0.06010229772912673,0.003104759393430163,0.11524754989071506,-0.04225519057365888,0.007148396716620698,0.016388667972582645,0.016406677088967064,0.015462024236898842,-0.008040985117701321,0.022833183384861913,-0.0014911383290044731,0.007331843299610591,0.005553436535971505,-0.040800715736064724,0.05381877285204825,0.018995192525827393,0.0015426142722531513,-0.013448547124250016,0.012724328763844332,0.05547243665490938,0.031281355205959704,-0.00497988260303718,-0.055696811561603894,0.011888568754644065,-0.0007509396132696199,0.0005902375871928382,-0.004771340059772715,0.023885787097473344,-0.013162569989037944,0.015125250717704042,-0.016152878736075925,-0.013202969568658088,0.006624049885361212,-0.05487971877070637,0.018995192525827393,0.05859170724804269,-0.0032066828409591606,-0.034248871094987664,0.0550503331400433,0.021239911460446827,0.02919943297041943,-0.01275660354353551,-0.056372051544355706,0.01721722747261723,0.0068615807528890375,0.0069224453013812075,0.012799563207486889,-0.0006879915691063655,0.016320666138401958,-0.014835801746492142,-0.002869579070430399,0.023735611384440178,0.01631301589387869,0.006269070308612184,0.0015426142722531513,-0.0032066828409591606,0.043470794854786096,-0.00219857165639919,-0.01634912947696833,-0.0027793656581307897,-0.011712187800556648,0.024066010243068713,0.00039923758118324887,-0.007139604872989085,0.015281426762497469,0.00014958105634715543,-8.112399060924286e-5,-0.01063176600286897,0.04623941653211372,-0.021884937112689684,0.00839413165541963,0.005452911310518406,-0.006802240173855894,0.06857723634497903,-0.013448547124250016,-0.034248871094987664,-0.00219857165639919,0.07095365708366098,-0.06351875668201465,-0.031165962735607768,-0.02894103630477746,-0.011514892122491464,0.07573810327193195,-0.024891911460737663,-0.012905054399234011,-0.013662588080528087,-0.00898551835497751,0.040024368069346096,-0.029550032663830203,0.016170931405018393,-0.020833480297070946,-0.04931426050435271,0.017132500915224676,-0.09481806375407176,0.012724328763844332,0.0550503331400433,-0.01634912947696833,-0.06351875668201465,0.1474970318579276,0.0009927077458439832,0.058036006736327264,-0.01055622558904563,-0.09056759947387034,0.04189507360133364,0.005726942775771685,0.01344637817985333,0.01826483730993316,-0.010911127886689659,-0.06279443701316459,0.058648615468216814,0.013368284999229874,0.03567129656238671,-0.013627883410163424,-0.06763838762251217,0.05547243665490938,0.021239911460446827,-0.0027793656581307897,-0.031165962735607768,0.0009927077458439832,0.12866878231375306,0.03794855814525239,0.0020726044279043643,-0.0883747089181674,0.017298072374438905,-0.0036862414864843153,0.0012411541131089952,0.006520253353463963,0.015707217513011913,-0.012070206712219572,0.020663526420474396,-0.002044299352089606,-0.018379057706745958,0.005506779501055228,-0.06010229772912673,0.031281355205959704,0.02919943297041943,-0.011712187800556648,-0.02894103630477746,0.058036006736327264,0.03794855814525239,0.05980230217197757,-0.008875666727862568,-0.06433975023829713,0.02518111659441022,-0.003935290826242719,0.008903385256540521,0.019530697784539933,-0.011068275190376646,0.0016766680506266713,-0.01199966778760473,0.004828812535850373,0.022777725635317013,0.011469978068765967,0.003104759393430163,-0.00497988260303718,-0.01275660354353551,0.024066010243068713,-0.011514892122491464,-0.01055622558904563,0.0020726044279043643,-0.008875666727862568,0.05607841378029499,-0.0036169733069466407,-0.00517567007870838,0.00834199064920366,-0.0076148683043316834,-0.013821160558130026,-0.027928708702653342,0.06344539981766673,-0.04943847260493091,0.010121840652903013,0.00020381229139786313,-0.010556211729004499,0.11524754989071506,-0.055696811561603894,-0.056372051544355706,0.00039923758118324887,0.07573810327193195,-0.09056759947387034,-0.0883747089181674,-0.06433975023829713,-0.0036169733069466407,0.14809979436390502,-0.03784584768494133,-0.0009921895134340606,-0.00849628886951528,-0.0027175134711554597,-0.002770631643584435,-0.02557397931864554,0.024624932824594423,0.002521359905639002,-0.008527580238295654,-0.0062414048345118735,-0.04225519057365888,0.011888568754644065,0.01721722747261723,-0.007139604872989085,-0.024891911460737663,0.04189507360133364,0.017298072374438905,0.02518111659441022,-0.00517567007870838,-0.03784584768494133,0.03654022588779765
