0.07977478493126798,0.017179301543950573,3.656795732392535e-6,0.0402205491388985,-0.04773146578996412,-0.04958887848548823,0.006181317295858295,-0.05143221941180043,0.003703234431633095,0.019821840498241653,0.009415795348561186,-0.009983072623807921,-0.02565928767436795,-0.008820410957155182,0.018337737387146974,-0.028933175037304602,0.027294537249916585,0.05379016422366337,-0.0151605836724002,-0.004970421116888346,0.017179301543950573,0.03869647282506481,-0.00769030012702415,0.01674237676565482,-0.009929058246567994,-0.018898576502749377,-0.0006023310413089571,-0.005188383154292989,0.008783649449612376,-0.006135366909231498,-0.0024457399186039084,-0.0037061047565985477,-0.013509510647764785,0.0032428063158363154,0.005425311643573341,-0.005299116677778766,0.0063111994814091365,0.01178242416953189,-0.0071638630218401386,-0.010687846465002988,3.656795732392535e-6,-0.00769030012702415,0.0489205873420874,-0.009979057703057653,-0.002354880364723625,0.007064079253157121,-0.018390492101504494,-0.001249492599482392,-0.017007215695295716,0.008482642969707946,-0.001061887847789086,0.0026262103607191892,0.0031919809303778647,-0.003126198195668391,0.005919653294371968,0.0002453883248198402,-0.012624655440149792,0.002248442372900619,0.0033205800749309218,-0.0036579220450638243,0.0402205491388985,0.01674237676565482,-0.009979057703057653,0.04324780607807824,-0.01923000187126915,-0.030283783990675918,0.0017823606177764795,-0.025148728135881836,0.007009371367594643,0.002710261683696044,0.006009772821249449,-0.005306205873881167,-0.022267304514693595,-0.0019121971429646627,0.007884639163927865,-0.0145426419778239,0.015985639509903785,0.025547730165274972,-0.005789458264103523,-0.00657948601817868,-0.04773146578996412,-0.009929058246567994,-0.002354880364723625,-0.01923000187126915,0.05168349393236471,0.03238143641985772,-0.006337401962653166,0.04044898574252194,-0.000351785834726142,-0.012390922755243715,-0.010094349262250333,0.008364049195771732,0.01752924271156725,0.003351814398411879,-0.010788457471762197,0.013129496917741025,-0.021243806578081184,-0.037477742657223215,0.011702084830144736,-0.011196393130761213,-0.04958887848548823,-0.018898576502749377,0.007064079253157121,-0.030283783990675918,0.03238143641985772,0.055712312841366234,-0.005488128149122721,0.02922798605492706,-0.01489497466764202,-0.004549418369496351,-0.00380976589268455,0.011184617912237432,0.02445750286784666,0.002247123094528295,-0.007121653848968568,0.021655195057330254,-0.030805951076259882,-0.03331553794497201,0.009461109185123166,0.005557544739924418,0.006181317295858295,-0.0006023310413089571,-0.018390492101504494,0.0017823606177764795,-0.006337401962653166,-0.005488128149122721,0.025382716576728845,-0.009350882782494373,0.008518449968664916,0.0008340338695051292,0.0012391067754878237,-0.008443704123387595,-0.0018494264375840015,0.004992206317242476,-0.0012105033181834845,0.0033385808067894368,0.0073372765562693945,0.0011983150225610036,-0.002700852152384146,0.010412302509201872,-0.05143221941180043,-0.005188383154292989,-0.001249492599482392,-0.025148728135881836,0.04044898574252194,0.02922798605492706,-0.009350882782494373,0.06529360547460142,0.006742157942852431,-0.022925984596965356,-0.020515145118904135,0.00954613869722037,0.019491325054028417,0.011044826138781862,-0.019984469180099693,0.017929276273292633,-0.017513662841142252,-0.048802244983851245,0.01645023189006824,-0.009315082915006202,0.003703234431633095,0.008783649449612376,-0.017007215695295716,0.007009371367594643,-0.000351785834726142,-0.01489497466764202,0.008518449968664916,0.006742157942852431,0.03479188113151226,-0.006222776291364582,-0.01088135742207441,-0.006093203498215483,-0.0034066615912550736,0.004401768900696192,-0.007875356253613092,0.0014158235147246762,0.007660961776741982,-0.004631575766930072,0.0018650768215554875,-0.008234263169605665,0.019821840498241653,-0.006135366909231498,0.008482642969707946,0.002710261683696044,-0.012390922755243715,-0.004549418369496351,0.0008340338695051292,-0.022925984596965356,-0.006222776291364582,0.02525809589184205,0.0057795091369376005,-0.0010874156602586151,-0.005993805045878844,-0.004842544313130963,0.00929816798914419,-0.0060511917303872655,-0.0019636712470711597,0.021160611833708196,-0.005812831695881833,0.003477253893291808,0.009415795348561186,-0.0024457399186039084,-0.001061887847789086,0.006009772821249449,-0.010094349262250333,-0.00380976589268455,0.0012391067754878237,-0.020515145118904135,-0.01088135742207441,0.0057795091369376005,0.025148255721081262,-8.787827466513092e-5,-0.00655755050658504,-0.004665004236903003,-1.1301961711703533e-5,-0.004069099555557,0.004792080953087833,0.011783979126448657,-0.0034424767320274437,0.016803255895662568,-0.009983072623807921,-0.0037061047565985477,0.0026262103607191892,-0.005306205873881167,0.008364049195771732,0.011184617912237432,-0.008443704123387595,0.00954613869722037,-0.006093203498215483,-0.0010874156602586151,-8.787827466513092e-5,0.0204940269962416,0.0036706941769506602,-0.0006556754076948892,-0.004710722888187892,0.004844832628681642,-0.011390210905918538,-0.008814587590790252,0.001996789068477305,0.0006595205757878332,-0.02565928767436795,-0.013509510647764785,0.0031919809303778647,-0.022267304514693595,0.01752924271156725,0.02445750286784666,-0.0018494264375840015,0.019491325054028417,-0.0034066615912550736,-0.005993805045878844,-0.00655755050658504,0.0036706941769506602,0.028261340942800507,0.0002725190491140761,-0.005610042466578629,0.010173655847401914,-0.010282997088315992,-0.02555184214154608,0.008091065557040172,0.005615736901767138,-0.008820410957155182,0.0032428063158363154,-0.003126198195668391,-0.0019121971429646627,0.003351814398411879,0.002247123094528295,0.004992206317242476,0.011044826138781862,0.004401768900696192,-0.004842544313130963,-0.004665004236903003,-0.0006556754076948892,0.0002725190491140761,0.015435040806562031,-0.003066615782894789,0.005186028243258294,0.0007392273231672931,-0.007605131430030545,0.0028402149326222344,-0.003210593446223926,0.018337737387146974,0.005425311643573341,0.005919653294371968,0.007884639163927865,-0.010788457471762197,-0.007121653848968568,-0.0012105033181834845,-0.019984469180099693,-0.007875356253613092,0.00929816798914419,-1.1301961711703533e-5,-0.004710722888187892,-0.005610042466578629,-0.003066615782894789,0.03049062147511175,-0.006396282195215127,0.0019052006639466022,0.020349408205237778,-0.009409023158890336,-0.0036354014073909525,-0.028933175037304602,-0.005299116677778766,0.0002453883248198402,-0.0145426419778239,0.013129496917741025,0.021655195057330254,0.0033385808067894368,0.017929276273292633,0.0014158235147246762,-0.0060511917303872655,-0.004069099555557,0.004844832628681642,0.010173655847401914,0.005186028243258294,-0.006396282195215127,0.028084865092389794,-0.013529586135223912,-0.022602606858820318,0.004135175144827853,-0.0005530450381709812,0.027294537249916585,0.0063111994814091365,-0.012624655440149792,0.015985639509903785,-0.021243806578081184,-0.030805951076259882,0.0073372765562693945,-0.017513662841142252,0.007660961776741982,-0.0019636712470711597,0.004792080953087833,-0.011390210905918538,-0.010282997088315992,0.0007392273231672931,0.0019052006639466022,-0.013529586135223912,0.038912530861769455,0.01766418198563341,-0.004571145352942843,0.00462159042100065,0.05379016422366337,0.01178242416953189,0.002248442372900619,0.025547730165274972,-0.037477742657223215,-0.03331553794497201,0.0011983150225610036,-0.048802244983851245,-0.004631575766930072,0.021160611833708196,0.011783979126448657,-0.008814587590790252,-0.02555184214154608,-0.007605131430030545,0.020349408205237778,-0.022602606858820318,0.01766418198563341,0.0677115047494738,-0.020363720792258684,0.0017101888779032862,-0.0151605836724002,-0.0071638630218401386,0.0033205800749309218,-0.005789458264103523,0.011702084830144736,0.009461109185123166,-0.002700852152384146,0.01645023189006824,0.0018650768215554875,-0.005812831695881833,-0.0034424767320274437,0.001996789068477305,0.008091065557040172,0.0028402149326222344,-0.009409023158890336,0.004135175144827853,-0.004571145352942843,-0.020363720792258684,0.02388211660864175,-0.005794245218914498,-0.004970421116888346,-0.010687846465002988,-0.0036579220450638243,-0.00657948601817868,-0.011196393130761213,0.005557544739924418,0.010412302509201872,-0.009315082915006202,-0.008234263169605665,0.003477253893291808,0.016803255895662568,0.0006595205757878332,0.005615736901767138,-0.003210593446223926,-0.0036354014073909525,-0.0005530450381709812,0.00462159042100065,0.0017101888779032862,-0.005794245218914498,0.044619015487633217
0.15750619312892294,0.05860194851991414,-0.02858473624168307,0.11583444460928866,-0.0658203016797213,-0.10231332614282908,0.02550029421087909,-0.10769729925446686,0.006073887246069624,-0.01698428399378638,0.03130696569106786,-0.006463425193723678,-0.05303667704589374,-0.03387893426733975,0.029634048767312474,-0.06650860333412628,0.04406032306464935,0.06674494742466976,-0.035255448142409405,-0.013836032533350192,0.05860194851991414,0.044982480516933605,-0.021378249740110312,0.05145622259476926,-0.020971202743889042,-0.04884955803578744,0.009190665293548766,-0.03938418142832841,0.007322302794922674,-0.012754446826734822,0.008401411131145786,-0.001905279007374039,-0.028286600305044415,-0.01859042092491866,0.012196001514840621,-0.024100905545090538,0.019199731314105947,0.027463172057610334,-0.013912701588935626,-0.009134151878676635,-0.02858473624168307,-0.021378249740110312,0.05136512549122405,-0.0457653745972329,0.010576204117342329,0.04011995122433483,-0.010425712882358107,0.024765159279027872,-0.0028001853820542894,0.014483397599758805,-0.020171221099264593,0.00387801055240594,0.027682161733039404,0.005819535127486757,-0.0005580436725601502,0.019247967987472595,-0.025363735024161716,-0.028615408395141886,0.01096820358787422,0.005819098828188802,0.11583444460928866,0.05145622259476926,-0.0457653745972329,0.13467039716081175,-0.05393861772008951,-0.09897542751543709,0.00875819102293807,-0.09187149221491708,-0.0013380957082079245,-0.014242229856962316,0.033354914927193745,-0.009592624047449153,-0.06023334817146221,-0.01883568491980645,0.021782118572170446,-0.06330338403986852,0.046826751011044804,0.06854267084091417,-0.030853694531425044,-0.006289126104416402,-0.0658203016797213,-0.020971202743889042,0.010576204117342329,-0.05393861772008951,0.06890493984045624,0.04301992975701047,-0.011931733332554383,0.053242584178075064,-0.010392264619981433,0.014562639092331903,-0.010247930646375348,0.001966280974281395,0.023314761999416143,-0.002641758325256695,-0.012148398119943928,0.022638159224920233,-0.014926243321744645,-0.018825343694570194,0.014636356318380136,-0.012807890872331931,-0.10231332614282908,-0.04884955803578744,0.04011995122433483,-0.09897542751543709,0.04301992975701047,0.10528137591353577,-0.013984814141559207,0.0828043409491966,-0.005020199073083329,0.01705735362693125,-0.032242315668689445,-0.0042217527598992334,0.05489512805842408,0.019128990307787697,-0.025726541358051858,0.05325953220357818,-0.03938731500479287,-0.05773530653368331,0.023784370315883464,0.010291698552232338,0.02550029421087909,0.009190665293548766,-0.010425712882358107,0.00875819102293807,-0.011931733332554383,-0.013984814141559207,0.03420287034850253,-0.02288738696417983,0.007368467902320498,-0.009981499196597934,0.0027100143709586485,-0.0035546994634435333,-0.012771396704299338,-0.00537784739615307,-0.004214994715922741,0.00039386415377567693,0.001978795854347141,-0.0025367199471888176,-0.0011676005416962456,-0.00028874312188222203,-0.10769729925446686,-0.03938418142832841,0.024765159279027872,-0.09187149221491708,0.053242584178075064,0.0828043409491966,-0.02288738696417983,0.09992289992537315,-0.0061973974242418035,0.01183425571465433,-0.032191870411768145,0.002351838932540968,0.04419261694587987,0.01785950670780831,-0.02387553653469736,0.053342797651388746,-0.03665707403877633,-0.05255349342230589,0.02731055898432032,-0.0016756986610730294,0.006073887246069624,0.007322302794922674,-0.0028001853820542894,-0.0013380957082079245,-0.010392264619981433,-0.005020199073083329,0.007368467902320498,-0.0061973974242418035,0.027964333992052722,-0.01343679339915698,-0.005234064019852197,0.0021107994031341563,0.0029057285932700353,-0.0012284361680350532,0.003608477604369903,0.0033816473450866136,0.002072258741170935,-0.021204687847467756,-0.004919540022688582,0.00247002688217484,-0.01698428399378638,-0.012754446826734822,0.014483397599758805,-0.014242229856962316,0.014562639092331903,0.01705735362693125,-0.009981499196597934,0.01183425571465433,-0.01343679339915698,0.023754444841271243,-0.00556656239870155,-0.0005563424518488242,0.006816054092150576,0.0023089276720028385,2.0350610860705847e-5,0.0033463080067186236,-0.010295460776043172,0.006282215824860676,0.0034364449731755387,-0.0012268058929750846,0.03130696569106786,0.008401411131145786,-0.020171221099264593,0.033354914927193745,-0.010247930646375348,-0.032242315668689445,0.0027100143709586485,-0.032191870411768145,-0.005234064019852197,-0.00556656239870155,0.03569619581940849,2.794106965939194e-6,-0.01926611655613797,-0.0015781956660528788,0.004798806215794921,-0.017893599440617913,0.015043899116404186,0.027381469487846345,-0.009416428265171126,-0.0006457529662402693,-0.006463425193723678,-0.001905279007374039,0.00387801055240594,-0.009592624047449153,0.001966280974281395,-0.0042217527598992334,-0.0035546994634435333,0.002351838932540968,0.0021107994031341563,-0.0005563424518488242,2.794106965939194e-6,0.030798760797085902,-0.00484869409204061,0.00264636113351727,0.009552416202068866,0.006127556357514322,-0.011353783870656067,-0.013374734703033141,0.003958547491372236,0.0017215564046728074,-0.05303667704589374,-0.028286600305044415,0.027682161733039404,-0.06023334817146221,0.023314761999416143,0.05489512805842408,-0.012771396704299338,0.04419261694587987,0.0029057285932700353,0.006816054092150576,-0.01926611655613797,-0.00484869409204061,0.047027562106289375,0.013128905510566257,-0.010941694864820457,0.026492928324755763,-0.018324704236509372,-0.03274408609290213,0.011359333096938828,0.005302389720827397,-0.03387893426733975,-0.01859042092491866,0.005819535127486757,-0.01883568491980645,-0.002641758325256695,0.019128990307787697,-0.00537784739615307,0.01785950670780831,-0.0012284361680350532,0.0023089276720028385,-0.0015781956660528788,0.00264636113351727,0.013128905510566257,0.03158895032438172,-0.009625220374560343,0.01652614768744367,-0.014612714604812692,-0.008361013671552273,0.009882909969990094,0.003388050158580881,0.029634048767312474,0.012196001514840621,-0.0005580436725601502,0.021782118572170446,-0.012148398119943928,-0.025726541358051858,-0.004214994715922741,-0.02387553653469736,0.003608477604369903,2.0350610860705847e-5,0.004798806215794921,0.009552416202068866,-0.010941694864820457,-0.009625220374560343,0.039183080197843376,-0.01726840667914214,0.007520414059730516,0.0040368043032252676,-0.014888722288050077,0.005969036477556117,-0.06650860333412628,-0.024100905545090538,0.019247967987472595,-0.06330338403986852,0.022638159224920233,0.05325953220357818,0.00039386415377567693,0.053342797651388746,0.0033816473450866136,0.0033463080067186236,-0.017893599440617913,0.006127556357514322,0.026492928324755763,0.01652614768744367,-0.01726840667914214,0.05357207666569843,-0.033873245482622966,-0.04618960900095485,0.022378844400903618,-0.0009732420965521502,0.04406032306464935,0.019199731314105947,-0.025363735024161716,0.046826751011044804,-0.014926243321744645,-0.03938731500479287,0.001978795854347141,-0.03665707403877633,0.002072258741170935,-0.010295460776043172,0.015043899116404186,-0.011353783870656067,-0.018324704236509372,-0.014612714604812692,0.007520414059730516,-0.033873245482622966,0.04383726149028763,0.0334813401694562,-0.013525327012291751,0.005243608574207745,0.06674494742466976,0.027463172057610334,-0.028615408395141886,0.06854267084091417,-0.018825343694570194,-0.05773530653368331,-0.0025367199471888176,-0.05255349342230589,-0.021204687847467756,0.006282215824860676,0.027381469487846345,-0.013374734703033141,-0.03274408609290213,-0.008361013671552273,0.0040368043032252676,-0.04618960900095485,0.0334813401694562,0.09169818501922095,-0.014095282880205444,-0.013894175662692262,-0.035255448142409405,-0.013912701588935626,0.01096820358787422,-0.030853694531425044,0.014636356318380136,0.023784370315883464,-0.0011676005416962456,0.02731055898432032,-0.004919540022688582,0.0034364449731755387,-0.009416428265171126,0.003958547491372236,0.011359333096938828,0.009882909969990094,-0.014888722288050077,0.022378844400903618,-0.013525327012291751,-0.014095282880205444,0.028723181781103543,-0.002443962454812062,-0.013836032533350192,-0.009134151878676635,0.005819098828188802,-0.006289126104416402,-0.012807890872331931,0.010291698552232338,-0.00028874312188222203,-0.0016756986610730294,0.00247002688217484,-0.0012268058929750846,-0.0006457529662402693,0.0017215564046728074,0.005302389720827397,0.003388050158580881,0.005969036477556117,-0.0009732420965521502,0.005243608574207745,-0.013894175662692262,-0.002443962454812062,0.03328798454962312
