0.05006094979718583,0.0066042977436670605,-0.004872548957933424,0.017094804744739327,0.013158726256935073,0.013343551874615178,-0.00835764834157199,-0.023204728152460295,0.025490224069756956,-0.010744039774673576,0.02300291200936807,0.025097251889787453,-0.01874130633338384,-0.03789086096306582,-0.03129476818335336,0.02122773026714657,-0.02127061000233142,-0.016638762408812895,-0.0030935201710792742,0.0450647966471716,0.0066042977436670605,0.0728482677132682,0.015511451260037395,0.018072838148642134,0.044663093054686395,-0.010511537255230293,-0.020215152436374326,0.020001754144854507,-0.017158692627802254,-0.0014195912494026476,-0.021178293608395828,0.006864969925100415,0.015141768133061506,-0.03623392535259958,0.007411437131671242,-0.007402069288236075,-5.915701722229933e-5,0.0009155093286545353,-0.003319099181160837,0.0005272852755470459,-0.004872548957933424,0.015511451260037395,0.04866181006578468,-0.0081657404813481,0.027958209989488985,-0.001938801693164059,-0.010863514882032067,0.02693251648301237,-0.01941861816024732,0.012336766132123622,-0.011404150008976068,-0.004797774508460683,0.037253236957609195,0.011365460715521452,0.033777866422822475,-0.023269585086399106,0.004676602562122319,-0.0019072267526324706,-0.005737091715636855,-0.015220525941027878,0.017094804744739327,0.018072838148642134,-0.0081657404813481,0.04383918922280878,0.017752599618835657,0.006592324628426325,-0.004808423956039376,-0.017963196492816046,0.026554271398394752,-0.009807811427980966,-0.0009179111470654,0.014810390004416779,-0.013875606750176772,-0.04559640389728177,-0.029562020836638486,-0.0015577537746777942,-0.009249404760890836,-0.00027400265559779325,0.005957102295668443,0.0263483014568306,0.013158726256935073,0.044663093054686395,0.027958209989488985,0.017752599618835657,0.08095711678454512,-0.014929183221239092,-0.03473377192118855,0.03643097346164792,-0.011551872643881567,-0.0010426314788519724,-0.0140119233460369,0.023772870659081492,0.044730486462541984,-0.03805714574186794,0.014733637563254819,-0.03981865350010291,-0.007743471414311997,-0.016601120068351446,-0.0336615915719454,0.018688874222470085,0.013343551874615178,-0.010511537255230293,-0.001938801693164059,0.006592324628426325,-0.014929183221239092,0.03267145915954481,0.0077652715089730215,-0.032253711553596735,0.028854673102954732,-0.004849141918776677,0.00940955605403727,0.0007848603171276218,-0.024228187451967313,-0.011760548019718372,-0.02711088224855368,0.02752526449995831,-0.008439975662962312,0.015838252280973887,0.022905081262854343,-0.00045981174901452344,-0.00835764834157199,-0.020215152436374326,-0.010863514882032067,-0.004808423956039376,-0.03473377192118855,0.0077652715089730215,0.04197938829813518,-0.007351694478413391,0.004224609581222174,0.0052373428933541275,0.0029037116992968633,-0.011682817954558312,-0.01922541327550134,0.028326869989218774,0.006545324727080269,0.01871457115253931,0.013034403044834452,0.016617518577289693,0.021972337741580986,-0.012967281283352975,-0.023204728152460295,0.020001754144854507,0.02693251648301237,-0.017963196492816046,0.03643097346164792,-0.032253711553596735,-0.007351694478413391,0.0940749377947264,-0.0655397997791739,0.020615011327328354,-0.022073129336988368,-0.010178299321201739,0.050707897895199056,0.03099068301192296,0.06895848220024928,-0.05081168115573972,0.02382810328386202,-0.011820704935734571,-0.033895814112731,-0.03144713594181604,0.025490224069756956,-0.017158692627802254,-0.01941861816024732,0.026554271398394752,-0.011551872643881567,0.028854673102954732,0.004224609581222174,-0.0655397997791739,0.08885870437584084,-0.016621483356542018,0.028108301753279108,0.021095096953641063,-0.03373095920119315,-0.03833965992264018,-0.05860028740106867,0.03484688374962873,-0.026300498390147642,0.00023345998784379216,0.00781583429534849,0.04418755141948009,-0.010744039774673576,-0.0014195912494026476,0.012336766132123622,-0.009807811427980966,-0.0010426314788519724,-0.004849141918776677,0.0052373428933541275,0.020615011327328354,-0.016621483356542018,0.03413417802365056,-0.007618105688750551,-0.013435901428888865,0.017440455093587062,0.02744373440525465,0.030306455319566102,-0.01697135473453193,0.011653280527999306,-0.004140582739355709,0.00025934288114685565,-0.01866883283664783,0.02300291200936807,-0.021178293608395828,-0.011404150008976068,-0.0009179111470654,-0.0140119233460369,0.00940955605403727,0.0029037116992968633,-0.022073129336988368,0.028108301753279108,-0.007618105688750551,0.04365634389048258,0.01464566220651463,-0.016286991830702934,-0.017229521553942057,-0.028633410959812946,0.028613068540921625,-0.02274571173331583,-0.012911969214848298,-0.010465533487869896,0.03605109722739306,0.025097251889787453,0.006864969925100415,-0.004797774508460683,0.014810390004416779,0.023772870659081492,0.0007848603171276218,-0.011682817954558312,-0.010178299321201739,0.021095096953641063,-0.013435901428888865,0.01464566220651463,0.03966623463537707,-0.0005887286265666932,-0.03732643734812236,-0.025329686988631084,0.008063109274572766,-0.01965478567947461,-0.012712016495684928,-0.01766233117156494,0.041035803681624836,-0.01874130633338384,0.015141768133061506,0.037253236957609195,-0.013875606750176772,0.044730486462541984,-0.024228187451967313,-0.01922541327550134,0.050707897895199056,-0.03373095920119315,0.017440455093587062,-0.016286991830702934,-0.0005887286265666932,0.09043849253858043,0.013308693270228187,0.05473441026687527,-0.05879993050426776,0.014033528968298532,-0.014294443586859752,-0.02722175702129694,-0.014115473706244013,-0.03789086096306582,-0.03623392535259958,0.011365460715521452,-0.04559640389728177,-0.03805714574186794,-0.011760548019718372,0.028326869989218774,0.03099068301192296,-0.03833965992264018,0.02744373440525465,-0.017229521553942057,-0.03732643734812236,0.013308693270228187,0.0985266377629841,0.06008591978022754,-0.009896249753554007,0.027752047895114818,0.014141189967188583,0.011044794095688783,-0.06469243768787061,-0.03129476818335336,0.007411437131671242,0.033777866422822475,-0.029562020836638486,0.014733637563254819,-0.02711088224855368,0.006545324727080269,0.06895848220024928,-0.05860028740106867,0.030306455319566102,-0.028633410959812946,-0.025329686988631084,0.05473441026687527,0.06008591978022754,0.09622290594942787,-0.04448120910791858,0.03445542023898779,-0.0010464855606065018,-0.008587685966185338,-0.0532125550462144,0.02122773026714657,-0.007402069288236075,-0.023269585086399106,-0.0015577537746777942,-0.03981865350010291,0.02752526449995831,0.01871457115253931,-0.05081168115573972,0.03484688374962873,-0.01697135473453193,0.028613068540921625,0.008063109274572766,-0.05879993050426776,-0.009896249753554007,-0.04448120910791858,0.10955608055069196,-0.023441149114423486,0.020409650056689148,0.031387287701054534,0.023334784400400273,-0.02127061000233142,-5.915701722229933e-5,0.004676602562122319,-0.009249404760890836,-0.007743471414311997,-0.008439975662962312,0.013034403044834452,0.02382810328386202,-0.026300498390147642,0.011653280527999306,-0.02274571173331583,-0.01965478567947461,0.014033528968298532,0.027752047895114818,0.03445542023898779,-0.023441149114423486,0.04201865875979442,0.010285268019598386,0.01831279395439199,-0.0397178383118022,-0.016638762408812895,0.0009155093286545353,-0.0019072267526324706,-0.00027400265559779325,-0.016601120068351446,0.015838252280973887,0.016617518577289693,-0.011820704935734571,0.00023345998784379216,-0.004140582739355709,-0.012911969214848298,-0.012712016495684928,-0.014294443586859752,0.014141189967188583,-0.0010464855606065018,0.020409650056689148,0.010285268019598386,0.04117972455211061,0.031570115562924786,-0.02792319688357839,-0.0030935201710792742,-0.003319099181160837,-0.005737091715636855,0.005957102295668443,-0.0336615915719454,0.022905081262854343,0.021972337741580986,-0.033895814112731,0.00781583429534849,0.00025934288114685565,-0.010465533487869896,-0.01766233117156494,-0.02722175702129694,0.011044794095688783,-0.008587685966185338,0.031387287701054534,0.01831279395439199,0.031570115562924786,0.07683613500048535,-0.03619666737342668,0.0450647966471716,0.0005272852755470459,-0.015220525941027878,0.0263483014568306,0.018688874222470085,-0.00045981174901452344,-0.012967281283352975,-0.03144713594181604,0.04418755141948009,-0.01866883283664783,0.03605109722739306,0.041035803681624836,-0.014115473706244013,-0.06469243768787061,-0.0532125550462144,0.023334784400400273,-0.0397178383118022,-0.02792319688357839,-0.03619666737342668,0.10298263323410074
0.04348017607348944,0.0035614993390641852,-0.016821661502915378,0.018249030611357405,0.01429570779055766,-0.0034418980663854927,0.007248971724455454,-0.029913072032218282,0.02402240017532043,-0.020576565359558763,0.029702121651004044,0.018201722188528842,-0.021206690733233356,-0.0238425378519106,-0.02386765319876582,0.035019040672438106,-0.008884160409064201,-0.005242396590766129,-0.0093099216536578,0.053337344230392686,0.0035614993390641852,0.06783970783208793,0.02073144896876366,0.03986934300823193,0.03342283869145471,0.015078326368056158,-0.009084256240712879,0.003711194279937877,0.01519424917136801,0.021946048652828162,-0.04186132108807887,0.006567941418934431,0.04281025732967797,-0.054170434135069265,-0.012256130811483225,-0.03788208439989209,0.01652348784255201,0.002278323272484252,0.044723128257737346,-0.012886572567232336,-0.016821661502915378,0.02073144896876366,0.08161295287507067,0.011258789123090508,0.027122274463852226,-0.011489294621644292,-0.013252026868348706,0.03392773313167623,-0.041233027209788504,0.025779178711262243,-0.04841253397238049,-0.012435313184628538,0.0513297481536234,0.030125182256909064,0.04578224790485354,-0.07071479262641805,0.047463825630724155,0.0010196197224055462,0.02684082761754821,-0.06006933837338556,0.018249030611357405,0.03986934300823193,0.011258789123090508,0.06589775884431524,0.038402959034668685,0.010666726994531644,-0.01955707049026312,-0.01696364023677743,0.02452423641423034,-0.0007524619056866501,-0.021992667994961305,0.016337339428291638,0.020192672871904474,-0.08573179782778502,-0.029877726032256444,-0.029081883969850307,0.012909526664041129,-0.018893572503269077,0.011961927278318293,0.015409111846047135,0.01429570779055766,0.03342283869145471,0.027122274463852226,0.038402959034668685,0.09023476602255512,-0.032426494849175834,-0.04412376163378191,0.025707425741686413,-0.009427590065330893,0.005372602149385693,-0.01543806321309327,0.01104442131160067,0.0430012682556188,-0.03108910106603978,0.01697503403346409,-0.06447003967205149,0.010436512743223714,-0.026074021346166074,-0.024914255199232436,0.004951829627629426,-0.0034418980663854927,0.015078326368056158,-0.011489294621644292,0.010666726994531644,-0.032426494849175834,0.06373349653075559,0.0216885080891778,-0.03137823979583421,0.03354768174654019,0.0055934149723245175,-0.02741594780108928,-0.005942710509231865,-0.009270710479926114,-0.06363576911944453,-0.04132746704801245,0.015443283351978369,0.0025033684935876904,0.008933394469037273,0.048506512410597016,-0.009754733984231502,0.007248971724455454,-0.009084256240712879,-0.013252026868348706,-0.01955707049026312,-0.04412376163378191,0.0216885080891778,0.08213164327350292,-0.011730473934105687,0.022532513999307342,0.00288498727172694,0.012100617828024032,-0.011568974482952164,-0.02244739564624147,0.04856875917269839,-0.0104082711747277,0.048905339866762085,0.008378287027171444,0.0433350568204799,0.05636562767414508,0.0022450537664297134,-0.029913072032218282,0.003711194279937877,0.03392773313167623,-0.01696364023677743,0.025707425741686413,-0.03137823979583421,-0.011730473934105687,0.08659678785709907,-0.03730814311333759,0.023967270377457408,-0.02321740041143724,-0.011919345771804295,0.05161767031858819,0.0730176760968029,0.061061256686150756,-0.04952505355628331,0.0052222931159620735,0.015500190317488047,-0.000771921882552911,-0.04381883180649812,0.02402240017532043,0.01519424917136801,-0.041233027209788504,0.02452423641423034,-0.009427590065330893,0.03354768174654019,0.022532513999307342,-0.03730814311333759,0.0811386801343497,-0.018705923944256436,0.02281592563921655,0.02111115111231286,-0.02978134714345696,-0.0649886846938143,-0.05995644740529303,0.04763424447234364,-0.025943347731391384,0.012440382212539057,0.018686481469873714,0.053522423873442214,-0.020576565359558763,0.021946048652828162,0.025779178711262243,-0.0007524619056866501,0.005372602149385693,0.0055934149723245175,0.00288498727172694,0.023967270377457408,-0.018705923944256436,0.04594222622255093,-0.038814080485523275,-0.017469617237740598,0.0418506406942229,0.020737343438225524,0.02822934663904844,-0.04575874577352117,0.02801924645679737,0.006705156343207064,0.029665716067551168,-0.04706606247855828,0.029702121651004044,-0.04186132108807887,-0.04841253397238049,-0.021992667994961305,-0.01543806321309327,-0.02741594780108928,0.012100617828024032,-0.02321740041143724,0.02281592563921655,-0.038814080485523275,0.0886218933185932,0.021179320119130984,-0.05934692560203787,0.022456545520183606,-0.019232372121418047,0.07469736117368732,-0.04000490288277568,0.0010939433659449302,-0.06001983521347673,0.07284994774257904,0.018201722188528842,0.006567941418934431,-0.012435313184628538,0.016337339428291638,0.01104442131160067,-0.005942710509231865,-0.011568974482952164,-0.011919345771804295,0.02111115111231286,-0.017469617237740598,0.021179320119130984,0.03624522642758714,-0.0005608442041262244,-0.03147495098796391,-0.020031559104660104,0.014674718275733613,-0.013576537177970624,-0.006094317542106193,-0.01680927560559814,0.032113758701377164,-0.021206690733233356,0.04281025732967797,0.0513297481536234,0.020192672871904474,0.0430012682556188,-0.009270710479926114,-0.02244739564624147,0.05161767031858819,-0.02978134714345696,0.0418506406942229,-0.05934692560203787,-0.0005608442041262244,0.0910656962542746,0.0032567752365669058,0.040568573809342874,-0.08773567218273462,0.037425193621782774,-0.00064685119110525,0.029292489951120854,-0.054009949841644325,-0.0238425378519106,-0.054170434135069265,0.030125182256909064,-0.08573179782778502,-0.03108910106603978,-0.06363576911944453,0.04856875917269839,0.0730176760968029,-0.0649886846938143,0.020737343438225524,0.022456545520183606,-0.03147495098796391,0.0032567752365669058,0.23015833464550461,0.09968754893249325,0.02273521782966605,0.0038362820583395067,0.0599012317696945,0.00613934597288061,-0.044248275968417995,-0.02386765319876582,-0.012256130811483225,0.04578224790485354,-0.029877726032256444,0.01697503403346409,-0.04132746704801245,-0.0104082711747277,0.061061256686150756,-0.05995644740529303,0.02822934663904844,-0.019232372121418047,-0.020031559104660104,0.040568573809342874,0.09968754893249325,0.09587480626145958,-0.05093947718165134,0.02568578353855855,0.010618544624528423,-0.010631599006004591,-0.05658433010081666,0.035019040672438106,-0.03788208439989209,-0.07071479262641805,-0.029081883969850307,-0.06447003967205149,0.015443283351978369,0.048905339866762085,-0.04952505355628331,0.04763424447234364,-0.04575874577352117,0.07469736117368732,0.014674718275733613,-0.08773567218273462,0.02273521782966605,-0.05093947718165134,0.16549421023496497,-0.06678418994926057,0.03549268530966658,0.0034056421885750136,0.09124250388533672,-0.008884160409064201,0.01652348784255201,0.047463825630724155,0.012909526664041129,0.010436512743223714,0.0025033684935876904,0.008378287027171444,0.0052222931159620735,-0.025943347731391384,0.02801924645679737,-0.04000490288277568,-0.013576537177970624,0.037425193621782774,0.0038362820583395067,0.02568578353855855,-0.06678418994926057,0.07623683873797077,-0.004985884535266538,0.030577863945011052,-0.059342869558850625,-0.005242396590766129,0.002278323272484252,0.0010196197224055462,-0.018893572503269077,-0.026074021346166074,0.008933394469037273,0.0433350568204799,0.015500190317488047,0.012440382212539057,0.006705156343207064,0.0010939433659449302,-0.006094317542106193,-0.00064685119110525,0.0599012317696945,0.010618544624528423,0.03549268530966658,-0.004985884535266538,0.06050657604160509,0.05431961767527349,-0.002700029544666633,-0.0093099216536578,0.044723128257737346,0.02684082761754821,0.011961927278318293,-0.024914255199232436,0.048506512410597016,0.05636562767414508,-0.000771921882552911,0.018686481469873714,0.029665716067551168,-0.06001983521347673,-0.01680927560559814,0.029292489951120854,0.00613934597288061,-0.010631599006004591,0.0034056421885750136,0.030577863945011052,0.05431961767527349,0.14838686883633306,-0.042273656205656686,0.053337344230392686,-0.012886572567232336,-0.06006933837338556,0.015409111846047135,0.004951829627629426,-0.009754733984231502,0.0022450537664297134,-0.04381883180649812,0.053522423873442214,-0.04706606247855828,0.07284994774257904,0.032113758701377164,-0.054009949841644325,-0.044248275968417995,-0.05658433010081666,0.09124250388533672,-0.059342869558850625,-0.002700029544666633,-0.042273656205656686,0.12992470253938296
