0.1452981524885958,0.004185959017331073,0.11784512323758854,0.011418350359915423,0.022411806218438038,-9.995533314885918e-5,-0.038444863547737934,-0.015035434932365893,-0.02493729703670052,0.04483138242698546,0.05221759966606497,0.037288445254839014,0.022849284888044833,-0.024881720720746493,-0.09490609419911061,-0.0015586858650581512,0.012101359005914816,-0.0005792114893560345,-0.0880830741962021,-0.06382463565517692,0.004185959017331073,0.07287249812784002,-0.020945237513849364,-0.037025950939899854,-0.020474527017083105,-0.015659174111529776,0.007880584178500183,-0.008780825365909701,-0.01911768660905173,-5.5514658075943996e-5,-0.04077800664498653,-0.049339089667240765,0.02502461828059979,0.032565519720545624,0.06253007270978919,0.01753242955827377,0.010997509269334217,-0.01903540124087969,0.0012934296008752042,0.03168743865768555,0.11784512323758854,-0.020945237513849364,0.1702207554188018,0.03630650738798934,0.05182053346686337,0.014241215417606751,-0.036488216424774976,0.00026819563816506093,-0.03430642760148232,0.04382691670753129,0.0807506062181215,0.06226433190606104,0.0029225030348250906,-0.06933560886103643,-0.13056277070697464,-0.038630763846246974,0.007132605704533281,0.03097103353603712,-0.09006505535630603,-0.07964916451848944,0.011418350359915423,-0.037025950939899854,0.03630650738798934,0.06563976559001523,0.026722022668134712,0.019853016670454388,-0.027295522345514973,0.018803414344026728,0.00898954622464344,-0.026058610414953838,0.03036457510749903,0.04275253707303665,-0.02000126618408215,-0.04993134365019948,-0.03635573472790481,0.006738626675318631,0.01896211728447854,0.02545975599228043,-0.036731056651639685,-0.027279199960123637,0.022411806218438038,-0.020474527017083105,0.05182053346686337,0.026722022668134712,0.04222523536991939,0.012092491278431736,-0.015165031555069458,0.004242161018397789,-0.000723283303801313,0.003393112909664631,0.0373994226884634,0.025021794213021198,-0.015213845428790914,-0.0354038887374036,-0.05009901667145256,-0.0017398136974513547,0.009951420424030428,0.006845267688726622,-0.02603274267232275,-0.02332029204303445,-9.995533314885918e-5,-0.015659174111529776,0.014241215417606751,0.019853016670454388,0.012092491278431736,0.04563408172953955,0.00432498695549711,0.010153317349880432,0.020637305003646834,-0.007689456194917713,-0.010858903608345977,-0.004794972368503999,-0.015953473380335804,0.0002940368455363595,-0.020101139126652966,-0.01131738345239425,0.00979063686702484,0.007503069204064647,-0.006821496787888092,-0.01936886480657184,-0.038444863547737934,0.007880584178500183,-0.036488216424774976,-0.027295522345514973,-0.015165031555069458,0.00432498695549711,0.05076876952305236,-0.013035933541315086,0.016807725710985683,0.011321056755974305,-0.03632160466837697,-0.035934733034570426,-0.0010228659338156207,0.026116004221499633,0.019855364682528298,-0.018848330355141597,-0.008583046186093046,-0.005562913195336414,0.036890183312383654,0.012043806482749646,-0.015035434932365893,-0.008780825365909701,0.00026819563816506093,0.018803414344026728,0.004242161018397789,0.010153317349880432,-0.013035933541315086,0.037215913321571134,-0.0012052935125578005,-0.025775798967606012,0.016169372578097356,0.010315693910147082,-0.02114858728986592,-0.017653757994535665,0.007795817337784694,-0.00518061855197834,0.005177812812269919,0.010278267982898544,-0.00433441058095833,0.003427539875741516,-0.02493729703670052,-0.01911768660905173,-0.03430642760148232,0.00898954622464344,-0.000723283303801313,0.020637305003646834,0.016807725710985683,-0.0012052935125578005,0.04604529776105114,-0.012395073610512529,-0.02240052728443458,-0.013686118808552972,-0.015465081688404634,0.01679563619788941,0.0033660161324801383,0.004735151723608654,-0.0059926371405952476,-0.006874139938429813,0.024567281844392913,0.0021524634218650527,0.04483138242698546,-5.5514658075943996e-5,0.04382691670753129,-0.026058610414953838,0.003393112909664631,-0.007689456194917713,0.011321056755974305,-0.025775798967606012,-0.012395073610512529,0.0677771849662574,0.014126759574725731,-0.004655930395250177,0.01388516089355583,0.014423280073125502,-0.05465243789683244,-0.033049547777342564,-0.0088469908946909,0.0011955407747875715,-0.010185827750724425,-0.02924625482556007,0.05221759966606497,-0.04077800664498653,0.0807506062181215,0.03036457510749903,0.0373994226884634,-0.010858903608345977,-0.03632160466837697,0.016169372578097356,-0.02240052728443458,0.014126759574725731,0.14895256942854104,0.06988767812595875,-0.03206177964097161,-0.08000213104546366,-0.09315720104931463,0.0006954120451962552,0.0005491393878322439,0.012643396560202464,-0.04934978868025983,-0.04180582217464035,0.037288445254839014,-0.049339089667240765,0.06226433190606104,0.04275253707303665,0.025021794213021198,-0.004794972368503999,-0.035934733034570426,0.010315693910147082,-0.013686118808552972,-0.004655930395250177,0.06988767812595875,0.10266184529895306,0.005127061370806504,-0.0675447716759653,-0.07699433790631188,-0.0009419413358083798,0.0037812434910744403,0.020578013851682814,-0.05862633512541607,-0.04942888797336798,0.022849284888044833,0.02502461828059979,0.0029225030348250906,-0.02000126618408215,-0.015213845428790914,-0.015953473380335804,-0.0010228659338156207,-0.02114858728986592,-0.015465081688404634,0.01388516089355583,-0.03206177964097161,0.005127061370806504,0.06796264879986481,0.013556918579423361,0.003909979546584067,0.007171460258384935,-0.009805068430999153,-0.010648301309711632,-0.004300794506356398,0.0015854746279573726,-0.024881720720746493,0.032565519720545624,-0.06933560886103643,-0.04993134365019948,-0.0354038887374036,0.0002940368455363595,0.026116004221499633,-0.017653757994535665,0.01679563619788941,0.014423280073125502,-0.08000213104546366,-0.0675447716759653,0.013556918579423361,0.09586373117645028,0.06845422116668913,-0.002081527197210023,-0.015501387728526855,-0.032516483823338244,0.055713952350624325,0.03748052522908003,-0.09490609419911061,0.06253007270978919,-0.13056277070697464,-0.03635573472790481,-0.05009901667145256,-0.020101139126652966,0.019855364682528298,0.007795817337784694,0.0033660161324801383,-0.05465243789683244,-0.09315720104931463,-0.07699433790631188,0.003909979546584067,0.06845422116668913,0.1808906710420597,0.03579085318176446,7.360324416918389e-5,-0.02106894612313627,0.07489912757414391,0.08969445339397633,-0.0015586858650581512,0.01753242955827377,-0.038630763846246974,0.006738626675318631,-0.0017398136974513547,-0.01131738345239425,-0.018848330355141597,-0.00518061855197834,0.004735151723608654,-0.033049547777342564,0.0006954120451962552,-0.0009419413358083798,0.007171460258384935,-0.002081527197210023,0.03579085318176446,0.07821796976780666,0.017166445484931524,-0.031433639592078864,-0.010296065088115886,0.02873063986961106,0.012101359005914816,0.010997509269334217,0.007132605704533281,0.01896211728447854,0.009951420424030428,0.00979063686702484,-0.008583046186093046,0.005177812812269919,-0.0059926371405952476,-0.0088469908946909,0.0005491393878322439,0.0037812434910744403,-0.009805068430999153,-0.015501387728526855,7.360324416918389e-5,0.017166445484931524,0.04098290667023352,0.007200841829618323,-0.0259299220610118,-0.004014833150045912,-0.0005792114893560345,-0.01903540124087969,0.03097103353603712,0.02545975599228043,0.006845267688726622,0.007503069204064647,-0.005562913195336414,0.010278267982898544,-0.006874139938429813,0.0011955407747875715,0.012643396560202464,0.020578013851682814,-0.010648301309711632,-0.032516483823338244,-0.02106894612313627,-0.031433639592078864,0.007200841829618323,0.0619627792939392,-0.017153951289470143,-0.023983757476195113,-0.0880830741962021,0.0012934296008752042,-0.09006505535630603,-0.036731056651639685,-0.02603274267232275,-0.006821496787888092,0.036890183312383654,-0.00433441058095833,0.024567281844392913,-0.010185827750724425,-0.04934978868025983,-0.05862633512541607,-0.004300794506356398,0.055713952350624325,0.07489912757414391,-0.010296065088115886,-0.0259299220610118,-0.017153951289470143,0.11217425171142194,0.05282182247413797,-0.06382463565517692,0.03168743865768555,-0.07964916451848944,-0.027279199960123637,-0.02332029204303445,-0.01936886480657184,0.012043806482749646,0.003427539875741516,0.0021524634218650527,-0.02924625482556007,-0.04180582217464035,-0.04942888797336798,0.0015854746279573726,0.03748052522908003,0.08969445339397633,0.02873063986961106,-0.004014833150045912,-0.023983757476195113,0.05282182247413797,0.07406713445228949
0.16428219391020135,-0.025962978875051432,0.0674208806747652,-0.019769361862012554,-0.014717418867907344,0.0005035635026657032,0.018799879036483495,-0.0426371685511128,-0.004369650829745223,0.0721186850321686,0.07306003242009854,0.008138421363714827,0.021006844496311655,-0.0032257501880894562,-0.10152593385718561,0.031193597821401464,-0.015841892986208653,-0.006644262837148095,-0.061180648983823804,-0.09666615142375715,-0.025962978875051432,0.030384363745598504,-0.02430538699336153,-0.023608524923399758,-0.008046691513186863,-0.0019938653491781175,-0.004547459409207175,0.004669207703654634,0.0030618730407126205,-0.012316990459184298,-0.02049501567167676,-0.011497768732120928,0.011793884882434883,0.01652158652559379,0.030084149560605206,0.012714187372848719,-0.010437081299883345,-0.002149272349098108,0.004793528004483832,0.020738207569871266,0.0674208806747652,-0.02430538699336153,0.10860762415425686,0.017649410320838225,0.020658146897455487,0.0005751649471278595,-0.0007552354957393332,-0.02209568188228988,-0.03148309820583619,0.049911989726755486,0.048728131621398954,0.02139985128011855,-0.015108321885924935,-0.031372698011526534,-0.08135498540673529,-0.027879065952294734,-0.005587505324108852,0.019196630372094535,-0.033556360267317946,-0.0578058447509132,-0.019769361862012554,-0.023608524923399758,0.017649410320838225,0.06898859360517867,0.019177645967867418,-0.007556189738659741,-0.011279237594109894,0.010815060316048888,0.0005455950455997695,-0.012317284990855687,0.0034872869411335747,0.010588822881404215,-0.023788577469974297,-0.03338743998494231,-0.007157870972260856,-0.017721483431610056,0.025875917156130697,0.012451480104467684,-0.004602254642524489,0.005699985391947352,-0.014717418867907344,-0.008046691513186863,0.020658146897455487,0.019177645967867418,0.03137267204551176,0.007104454319171142,-0.009052507118217696,-0.0056549739007231556,-0.005391200293546551,-0.0018151347396195353,-0.006259764293329829,-0.0014922513825681976,-0.017605317744074575,-0.014668930721373489,-0.012949931469418884,-0.013813116535822787,0.013967309163427383,0.01642682917930688,0.002861692395058745,0.002586346138308671,0.0005035635026657032,-0.0019938653491781175,0.0005751649471278595,-0.007556189738659741,0.007104454319171142,0.03479948070568917,0.008170402942910916,-0.0027317896295394194,0.012689837162563842,-0.0008202995318324034,-0.011119074767343244,-0.01050750093893012,-0.005783873661009979,0.0051823473146963206,-0.006355514219611322,-0.014489498163677358,0.011890883444599444,0.00629137267480318,0.008856482475443492,-0.007267934347018403,0.018799879036483495,-0.004547459409207175,-0.0007552354957393332,-0.011279237594109894,-0.009052507118217696,0.008170402942910916,0.0474307118198011,-0.007071007614991626,0.007476664266328056,0.013605042535104216,0.0017647947884684918,-0.009584778144645076,0.0022183385983502155,0.008678947287634027,-0.005199348503788675,-0.017286931931786605,0.0015678710121528317,-0.00661963592004892,0.0012732272638056787,-0.016374949363703643,-0.0426371685511128,0.004669207703654634,-0.02209568188228988,0.010815060316048888,-0.0056549739007231556,-0.0027317896295394194,-0.007071007614991626,0.04871159417633058,0.004558648391873384,-0.027939733589224233,-0.009768292400669782,0.012212658318757598,-0.0017829069278280773,-0.0011962068117678895,0.02345877544703869,-0.01655021953241738,-0.0012582057905295436,-0.0028497576107134933,0.010934544466590888,0.021269140347182167,-0.004369650829745223,0.0030618730407126205,-0.03148309820583619,0.0005455950455997695,-0.005391200293546551,0.012689837162563842,0.007476664266328056,0.004558648391873384,0.03847871763734259,-0.012578235829837105,-0.021791080585750085,-0.007528181685465856,-0.0007596657321345306,0.008001763668713857,0.010222222133557793,0.008249523442130723,0.01058720778318746,-0.0056777290877048515,0.008539366632456,0.003939188265416249,0.0721186850321686,-0.012316990459184298,0.049911989726755486,-0.012317284990855687,-0.0018151347396195353,-0.0008202995318324034,0.013605042535104216,-0.027939733589224233,-0.012578235829837105,0.07092958898253719,0.038660228490291354,-0.004421988290969216,0.002332348728989085,0.001358285839732994,-0.05861717574590499,-0.002296474749256601,-0.008293135995431614,0.005187129756472071,-0.030992148010764085,-0.05599742712186617,0.07306003242009854,-0.02049501567167676,0.048728131621398954,0.0034872869411335747,-0.006259764293329829,-0.011119074767343244,0.0017647947884684918,-0.009768292400669782,-0.021791080585750085,0.038660228490291354,0.08207624629167606,0.02552777926476455,0.003887708082369124,-0.02117249793364346,-0.060639342967501245,0.002326473101144966,-0.014115745987872151,0.0038438308902381314,-0.03641885717857176,-0.051077754470859306,0.008138421363714827,-0.011497768732120928,0.02139985128011855,0.010588822881404215,-0.0014922513825681976,-0.01050750093893012,-0.009584778144645076,0.012212658318757598,-0.007528181685465856,-0.004421988290969216,0.02552777926476455,0.04566886063748541,0.0015130654389539124,-0.01641954063607871,-0.022544181909825357,-0.008412574091247382,-0.004315717759437475,-0.0015082926027899005,-0.01791858154488144,-0.009125498236231478,0.021006844496311655,0.011793884882434883,-0.015108321885924935,-0.023788577469974297,-0.017605317744074575,-0.005783873661009979,0.0022183385983502155,-0.0017829069278280773,-0.0007596657321345306,0.002332348728989085,0.003887708082369124,0.0015130654389539124,0.04439002814621823,0.016854356321716963,0.002499584423865631,0.026295980604644838,-0.02867296600859388,-0.0075830151389167455,-0.011244187491844849,-0.0016378233224554305,-0.0032257501880894562,0.01652158652559379,-0.031372698011526534,-0.03338743998494231,-0.014668930721373489,0.0051823473146963206,0.008678947287634027,-0.0011962068117678895,0.008001763668713857,0.001358285839732994,-0.02117249793364346,-0.01641954063607871,0.016854356321716963,0.04977053655438328,0.028476484120806562,0.015108100625148951,-0.01008767493718821,-0.011004087933221777,0.01817071787487608,0.014746172723173839,-0.10152593385718561,0.030084149560605206,-0.08135498540673529,-0.007157870972260856,-0.012949931469418884,-0.006355514219611322,-0.005199348503788675,0.02345877544703869,0.010222222133557793,-0.05861717574590499,-0.060639342967501245,-0.022544181909825357,0.002499584423865631,0.028476484120806562,0.13166140896433948,0.009939713419104473,0.003650908015906868,-0.020601185741245684,0.05676867559750554,0.08532495982389038,0.031193597821401464,0.012714187372848719,-0.027879065952294734,-0.017721483431610056,-0.013813116535822787,-0.014489498163677358,-0.017286931931786605,-0.01655021953241738,0.008249523442130723,-0.002296474749256601,0.002326473101144966,-0.008412574091247382,0.026295980604644838,0.015108100625148951,0.009939713419104473,0.07940431382378775,-0.007931516907324822,-0.011866690812323673,-0.01689995238566226,0.00833874044067609,-0.015841892986208653,-0.010437081299883345,-0.005587505324108852,0.025875917156130697,0.013967309163427383,0.011890883444599444,0.0015678710121528317,-0.0012582057905295436,0.01058720778318746,-0.008293135995431614,-0.014115745987872151,-0.004315717759437475,-0.02867296600859388,-0.01008767493718821,0.003650908015906868,-0.007931516907324822,0.048099253318880916,0.004630402838713122,0.013319886894871878,0.012309910990828395,-0.006644262837148095,-0.002149272349098108,0.019196630372094535,0.012451480104467684,0.01642682917930688,0.00629137267480318,-0.00661963592004892,-0.0028497576107134933,-0.0056777290877048515,0.005187129756472071,0.0038438308902381314,-0.0015082926027899005,-0.0075830151389167455,-0.011004087933221777,-0.020601185741245684,-0.011866690812323673,0.004630402838713122,0.030998337448762358,-0.007921845389027977,-0.005183606802861849,-0.061180648983823804,0.004793528004483832,-0.033556360267317946,-0.004602254642524489,0.002861692395058745,0.008856482475443492,0.0012732272638056787,0.010934544466590888,0.008539366632456,-0.030992148010764085,-0.03641885717857176,-0.01791858154488144,-0.011244187491844849,0.01817071787487608,0.05676867559750554,-0.01689995238566226,0.013319886894871878,-0.007921845389027977,0.06489038931460889,0.04235096335398318,-0.09666615142375715,0.020738207569871266,-0.0578058447509132,0.005699985391947352,0.002586346138308671,-0.007267934347018403,-0.016374949363703643,0.021269140347182167,0.003939188265416249,-0.05599742712186617,-0.051077754470859306,-0.009125498236231478,-0.0016378233224554305,0.014746172723173839,0.08532495982389038,0.00833874044067609,0.012309910990828395,-0.005183606802861849,0.04235096335398318,0.08980247050685004
0.23452040091833723,-0.016349198535464328,0.09960955403370958,-0.044812847560682816,0.019997143793673847,0.036833190857883336,-0.012667381596131507,-0.06137161548233947,-0.0028658095998761336,0.07807591077975867,0.12957753954557555,-0.07924454790394467,-0.08505632541858771,0.030163937790063204,-0.1479429899024883,-0.006788328764375281,0.010067303755034167,-0.00525924808165526,-0.042239105428739876,-0.12213419512732057,-0.016349198535464328,0.055770433041782363,-0.0359117404930343,-0.03760954199739874,0.000784322988027321,0.021795223537453234,0.024216761814694135,0.016895863128131062,-0.018859231863536892,0.012437701925306013,-0.017221564387990603,-0.060892602841604415,-0.0042830392185005785,0.046008095081498994,0.029487408144110015,-0.008826405614462983,0.007471100286193623,0.002253145846072397,0.0019276977205834973,-0.015790913071540465,0.09960955403370958,-0.0359117404930343,0.1736957949446454,0.041809630881672916,0.02048139935738163,-0.05279877357831444,-0.04840928199433023,-0.016506591914600598,0.03213105749910394,0.019564289909097865,0.14238983104118552,0.13316752485409558,-0.0007251921352780105,-0.11691416079354398,-0.1444608204894949,0.0033859823466675905,-0.031701264947065044,-0.015022178984866501,-0.04530529282074364,-0.08189888056848166,-0.044812847560682816,-0.03760954199739874,0.041809630881672916,0.11113818124945932,-0.009823304445486163,-0.06677067593725708,-0.04821127095369797,0.029320022461687682,0.031099853385589786,-0.03970435514556424,0.05303737577770777,0.16620437391148465,0.07864046859565527,-0.11674956362251229,-0.04142261764642157,0.03489530265522481,-0.03815961460646332,-0.020697496690669143,-0.044206819192360663,-0.009610671892969607,0.019997143793673847,0.000784322988027321,0.02048139935738163,-0.009823304445486163,0.04178479249163033,0.006619049646844342,0.008443000007935957,0.0023999830937672093,-0.012666476688396672,0.011540559601102372,0.029809145321918938,-0.014605896232782835,-0.0219840492038769,0.002646443101271781,-0.02860214753572813,0.0037690312929910784,0.018707670573118125,0.020521102261288966,-0.002114822804863788,-0.01851777777014056,0.036833190857883336,0.021795223537453234,-0.05279877357831444,-0.06677067593725708,0.006619049646844342,0.09053345865241728,0.033706093339270354,-0.016841044992967534,-0.022737932578102513,0.024021943606875148,-0.06955786621156472,-0.1650835001246468,-0.0719435358136161,0.11985921883143771,0.03994813881435161,-0.04669921287413765,0.042662193364290335,0.030177098763894628,0.03502734930207093,0.007243688217491535,-0.012667381596131507,0.024216761814694135,-0.04840928199433023,-0.04821127095369797,0.008443000007935957,0.033706093339270354,0.06174511760953569,-0.001457171133750771,-0.025860098893823905,0.02554843408291336,-0.04504348620818947,-0.09412790191366913,-0.029167608958835592,0.06401000984573485,0.03428191156807006,-0.019709953157446523,0.028982189818980784,0.01856111345911863,0.020039549171663066,-0.003100293110076191,-0.06137161548233947,0.016895863128131062,-0.016506591914600598,0.029320022461687682,0.0023999830937672093,-0.016841044992967534,-0.001457171133750771,0.06531193676798877,0.012724917390960794,-0.02119727064030031,-0.0010506026944457042,0.03983456357582846,0.022656967655236095,-0.029302722904482225,0.007101850181214962,0.0001667112546479008,-0.003989021435393312,-0.0077368084482183856,0.00018060779120245138,-0.02177822076807883,-0.0028658095998761336,-0.018859231863536892,0.03213105749910394,0.031099853385589786,-0.012666476688396672,-0.022737932578102513,-0.025860098893823905,0.012724917390960794,0.06935189265328374,-0.01569461762190977,-0.0019465020618166817,0.06107658583873582,0.010021463838354889,-0.05131427106833662,-0.01806551770824588,0.0015050085013201065,-0.014119343947716245,-0.0217179048350138,0.010058632798834555,-0.00015527810863806644,0.07807591077975867,0.012437701925306013,0.019564289909097865,-0.03970435514556424,0.011540559601102372,0.024021943606875148,0.02554843408291336,-0.02119727064030031,-0.01569461762190977,0.06690278682440723,0.03743025938538584,-0.06464505754480392,-0.03700032858642029,0.037815037631603085,-0.057469932546329566,-0.009653178982537279,0.014938361324654972,0.004210258818777551,-0.014230663438661115,-0.07524436901723339,0.12957753954557555,-0.017221564387990603,0.14238983104118552,0.05303737577770777,0.029809145321918938,-0.06955786621156472,-0.04504348620818947,-0.0010506026944457042,-0.0019465020618166817,0.03743025938538584,0.27073477362844917,0.15240394942858587,0.02940394684497327,-0.13384559002215451,-0.19413007156688436,0.050078312008293276,-0.04682443192668423,-0.018076000925874424,-0.09816399791926042,-0.15838176127982906,-0.07924454790394467,-0.060892602841604415,0.13316752485409558,0.16620437391148465,-0.014605896232782835,-0.1650835001246468,-0.09412790191366913,0.03983456357582846,0.06107658583873582,-0.06464505754480392,0.15240394942858587,0.39501345951605404,0.17280911523422976,-0.26903964131727126,-0.09622477912430243,0.08108664232654259,-0.09738616223130002,-0.05462877951970982,-0.08991370692746471,-0.016989971677275284,-0.08505632541858771,-0.0042830392185005785,-0.0007251921352780105,0.07864046859565527,-0.0219840492038769,-0.0719435358136161,-0.029167608958835592,0.022656967655236095,0.010021463838354889,-0.03700032858642029,0.02940394684497327,0.17280911523422976,0.14642110222155796,-0.1066011726077017,0.010807595447106905,0.05314754167713256,-0.05652478805996951,-0.03163019636783821,-0.04659290144323616,0.02332313111097261,0.030163937790063204,0.046008095081498994,-0.11691416079354398,-0.11674956362251229,0.002646443101271781,0.11985921883143771,0.06401000984573485,-0.029302722904482225,-0.05131427106833662,0.037815037631603085,-0.13384559002215451,-0.26903964131727126,-0.1066011726077017,0.21553953822643696,0.09659279982000173,-0.05434553468866997,0.06044579557604084,0.038828976308037035,0.06200138528485993,0.033462633282829855,-0.1479429899024883,0.029487408144110015,-0.1444608204894949,-0.04142261764642157,-0.02860214753572813,0.03994813881435161,0.03428191156807006,0.007101850181214962,-0.01806551770824588,-0.057469932546329566,-0.19413007156688436,-0.09622477912430243,0.010807595447106905,0.09659279982000173,0.20923681638877806,-0.02358312413190641,0.021714419696918237,0.013586898391242705,0.07996023651860402,0.16674335889016595,-0.006788328764375281,-0.008826405614462983,0.0033859823466675905,0.03489530265522481,0.0037690312929910784,-0.04669921287413765,-0.019709953157446523,0.0001667112546479008,0.0015050085013201065,-0.009653178982537279,0.050078312008293276,0.08108664232654259,0.05314754167713256,-0.05434553468866997,-0.02358312413190641,0.06675531060304962,-0.020206874718798676,-0.013144314868168847,-0.03989127457174919,-0.0050805169652070915,0.010067303755034167,0.007471100286193623,-0.031701264947065044,-0.03815961460646332,0.018707670573118125,0.042662193364290335,0.028982189818980784,-0.003989021435393312,-0.014119343947716245,0.014938361324654972,-0.04682443192668423,-0.09738616223130002,-0.05652478805996951,0.06044579557604084,0.021714419696918237,-0.020206874718798676,0.054847564935744164,0.025416702420382978,0.029929569889370632,0.016627811903731186,-0.00525924808165526,0.002253145846072397,-0.015022178984866501,-0.020697496690669143,0.020521102261288966,0.030177098763894628,0.01856111345911863,-0.0077368084482183856,-0.0217179048350138,0.004210258818777551,-0.018076000925874424,-0.05462877951970982,-0.03163019636783821,0.038828976308037035,0.013586898391242705,-0.013144314868168847,0.025416702420382978,0.04595021134998542,0.014084678060691039,0.01713605960374081,-0.042239105428739876,0.0019276977205834973,-0.04530529282074364,-0.044206819192360663,-0.002114822804863788,0.03502734930207093,0.020039549171663066,0.00018060779120245138,0.010058632798834555,-0.014230663438661115,-0.09816399791926042,-0.08991370692746471,-0.04659290144323616,0.06200138528485993,0.07996023651860402,-0.03989127457174919,0.029929569889370632,0.014084678060691039,0.08279547322592753,0.06862582362061412,-0.12213419512732057,-0.015790913071540465,-0.08189888056848166,-0.009610671892969607,-0.01851777777014056,0.007243688217491535,-0.003100293110076191,-0.02177822076807883,-0.00015527810863806644,-0.07524436901723339,-0.15838176127982906,-0.016989971677275284,0.02332313111097261,0.033462633282829855,0.16674335889016595,-0.0050805169652070915,0.016627811903731186,0.01713605960374081,0.06862582362061412,0.2097850912450962
