0.02019837574345553,0.00436873545771388,0.01483692132134649,-0.016748007970088297,-0.005224888467726773,0.008129101779974307,0.007177013761589581,-0.0011757431385277096,0.003336805773564981,0.009133053356625204,0.0025031569303524148,-0.01416846838976428,0.00038551890604261393,-0.004010239991398262,0.003627604034016246,0.0051631022175488124,0.0015743537714374481,-0.005467954859003161,-0.00325750714446248,-0.0016772923456155693,0.00436873545771388,0.02611869197042322,0.018585996326225346,-0.0072061251516691545,-0.010482351198783527,0.008807352469078386,0.005209723832568665,-0.01677763289527405,-0.0015955340769373302,0.007973517207112157,-2.3840346558591542e-5,-0.01248947031725178,-0.0014384065689814107,0.0006237870688679335,0.007113597457471116,0.005955130821701201,-0.0021052697425752967,-0.004878181355188022,-0.00409825630087312,-0.0027829559668039253,0.01483692132134649,0.018585996326225346,0.07263309748217049,-0.03262594351151403,-0.02589249783232655,0.02796873424729608,0.018696108074971685,-0.022861804030806246,0.009432712738288836,0.02687699650008213,-0.0022254382679566687,-0.023100064059101408,-0.00022495695688186853,-0.009469235456017355,0.011687063048925968,0.011049712682592083,-0.005197234351717471,-0.010409740618623105,-0.01081825805565646,-0.011432003834814599,-0.016748007970088297,-0.0072061251516691545,-0.03262594351151403,0.06347181767113838,0.014072225317037364,-0.02363366967736784,-0.0036723641262819684,0.007359677523191156,-0.011681784694157277,-0.01294287951812146,0.0008273732436586635,0.014212074693297005,-0.0008563721935656751,0.006131645481185693,-0.008495663684917141,-0.01195649225187646,0.0017708329370228482,0.012538691068137885,0.00609985429159449,-0.004580697601136266,-0.005224888467726773,-0.010482351198783527,-0.02589249783232655,0.014072225317037364,0.023411361665670604,-0.014306357091721981,-0.00529450163716424,0.013862701389102559,-0.004263387469584497,-0.01310487460135262,0.0022341671926084288,0.010470413264843296,-0.0005717551981502159,0.003723132179276098,-0.00783747308061121,-0.009729805600196888,0.007288767443805364,0.004595433703891415,0.005819585982750659,0.008617753273211966,0.008129101779974307,0.008807352469078386,0.02796873424729608,-0.02363366967736784,-0.014306357091721981,0.03941593722022399,0.005440136559372683,-0.005331589662196569,0.010135457641215033,0.017825918270613233,-0.00018860925114526063,-0.010597357939013967,0.004608888696219967,-0.011207203955485731,0.007571086649511128,0.018626010594762356,-0.01085649353474679,-0.010261077852664856,-0.0033405797078606926,-0.009636525096703954,0.007177013761589581,0.005209723832568665,0.018696108074971685,-0.0036723641262819684,-0.00529450163716424,0.005440136559372683,0.02623695965409881,-0.005856717801266361,-1.344266994731307e-5,0.012024242070862064,-0.0015940784343058696,-0.01181033835598398,-0.0008603049851360744,-0.005313203866965115,0.0041508114871412136,0.0032707000363370736,0.002472044025084669,-0.0036383725493638773,-0.013683094341914712,-0.0028234466243178776,-0.0011757431385277096,-0.01677763289527405,-0.022861804030806246,0.007359677523191156,0.013862701389102559,-0.005331589662196569,-0.005856717801266361,0.034671464318364015,0.00254247916536516,-0.0067860389761064885,-0.001520093622738446,0.009484286593958766,0.002728053988137063,-0.006074750528496573,-0.006652262292368288,-0.00552985765571661,0.003294965146749737,-0.00012921484822691747,0.003945277102050396,-0.00359354148785305,0.003336805773564981,-0.0015955340769373302,0.009432712738288836,-0.011681784694157277,-0.004263387469584497,0.010135457641215033,-1.344266994731307e-5,0.00254247916536516,0.019375011257463246,0.004988937493795729,-0.0020860065957108167,-0.0014049490533436018,0.0035896745184754407,-0.004467692795092046,0.00526389602872324,0.0035157117785891805,-0.005483490764885513,-0.0038677069755876066,-0.005970512063298854,-0.011014160788993275,0.009133053356625204,0.007973517207112157,0.02687699650008213,-0.01294287951812146,-0.01310487460135262,0.017825918270613233,0.012024242070862064,-0.0067860389761064885,0.004988937493795729,0.03062890157069387,-0.009566644189796126,-0.015697328736975456,0.0031020322315306816,-0.007363821511245037,0.006361392992457595,0.012406958727891321,-0.000562515680937081,-0.010543330990478775,-0.00860222913799254,-0.010209483219479364,0.0025031569303524148,-2.3840346558591542e-5,-0.0022254382679566687,0.0008273732436586635,0.0022341671926084288,-0.00018860925114526063,-0.0015940784343058696,-0.001520093622738446,-0.0020860065957108167,-0.009566644189796126,0.019902130533948088,0.0007815533883684864,-0.001025310321256578,-0.004061394880982823,-0.004063190190356321,-0.0024992396639190615,-0.003453827603046966,0.007801968613698081,0.0007560517483540944,0.00481819842613601,-0.01416846838976428,-0.01248947031725178,-0.023100064059101408,0.014212074693297005,0.010470413264843296,-0.010597357939013967,-0.01181033835598398,0.009484286593958766,-0.0014049490533436018,-0.015697328736975456,0.0007815533883684864,0.03668490166624686,-0.0011179880985307251,0.0054409750341842195,-0.008792948679217549,-0.013286310685868323,-0.0014775452487399568,0.009128769774776523,0.0064863606574803116,0.009222464210801746,0.00038551890604261393,-0.0014384065689814107,-0.00022495695688186853,-0.0008563721935656751,-0.0005717551981502159,0.004608888696219967,-0.0008603049851360744,0.002728053988137063,0.0035896745184754407,0.0031020322315306816,-0.001025310321256578,-0.0011179880985307251,0.011676030363052533,-0.000914325623929166,0.000772719152770646,0.003448646342740695,-0.005886290918790794,-0.0031290523808911726,0.0046640541477965345,-0.006984397646865227,-0.004010239991398262,0.0006237870688679335,-0.009469235456017355,0.006131645481185693,0.003723132179276098,-0.011207203955485731,-0.005313203866965115,-0.006074750528496573,-0.004467692795092046,-0.007363821511245037,-0.004061394880982823,0.0054409750341842195,-0.000914325623929166,0.024066840762741463,0.004637377075139453,-0.008617545520781112,0.002672002204337543,0.004427200549123024,-0.0001638788311176541,0.008927895247509057,0.003627604034016246,0.007113597457471116,0.011687063048925968,-0.008495663684917141,-0.00783747308061121,0.007571086649511128,0.0041508114871412136,-0.006652262292368288,0.00526389602872324,0.006361392992457595,-0.004063190190356321,-0.008792948679217549,0.000772719152770646,0.004637377075139453,0.020073298664168737,0.007836470434449593,-0.004723510410000217,-0.003120352627976152,-0.0021578842926818767,-0.0046366916292525494,0.0051631022175488124,0.005955130821701201,0.011049712682592083,-0.01195649225187646,-0.009729805600196888,0.018626010594762356,0.0032707000363370736,-0.00552985765571661,0.0035157117785891805,0.012406958727891321,-0.0024992396639190615,-0.013286310685868323,0.003448646342740695,-0.008617545520781112,0.007836470434449593,0.03326543729116906,-0.010369599489090076,-0.00826578577236204,0.0004442535166849364,-0.015351608427505818,0.0015743537714374481,-0.0021052697425752967,-0.005197234351717471,0.0017708329370228482,0.007288767443805364,-0.01085649353474679,0.002472044025084669,0.003294965146749737,-0.005483490764885513,-0.000562515680937081,-0.003453827603046966,-0.0014775452487399568,-0.005886290918790794,0.002672002204337543,-0.004723510410000217,-0.010369599489090076,0.02717801412231976,-0.0022513565996845016,-0.007718655357963606,0.009940233215187451,-0.005467954859003161,-0.004878181355188022,-0.010409740618623105,0.012538691068137885,0.004595433703891415,-0.010261077852664856,-0.0036383725493638773,-0.00012921484822691747,-0.0038677069755876066,-0.010543330990478775,0.007801968613698081,0.009128769774776523,-0.0031290523808911726,0.004427200549123024,-0.003120352627976152,-0.00826578577236204,-0.0022513565996845016,0.023220990631080768,0.0043846021040934565,0.013287758821650557,-0.00325750714446248,-0.00409825630087312,-0.01081825805565646,0.00609985429159449,0.005819585982750659,-0.0033405797078606926,-0.013683094341914712,0.003945277102050396,-0.005970512063298854,-0.00860222913799254,0.0007560517483540944,0.0064863606574803116,0.0046640541477965345,-0.0001638788311176541,-0.0021578842926818767,0.0004442535166849364,-0.007718655357963606,0.0043846021040934565,0.019305406823153265,-0.00014449900110467123,-0.0016772923456155693,-0.0027829559668039253,-0.011432003834814599,-0.004580697601136266,0.008617753273211966,-0.009636525096703954,-0.0028234466243178776,-0.00359354148785305,-0.011014160788993275,-0.010209483219479364,0.00481819842613601,0.009222464210801746,-0.006984397646865227,0.008927895247509057,-0.0046366916292525494,-0.015351608427505818,0.009940233215187451,0.013287758821650557,-0.00014449900110467123,0.04142046350294461
0.02018677842951951,0.001513035368025948,-0.0023588982926418343,-0.006846738761240034,0.0008655068896504449,0.010673608369420039,0.0019024142417196927,-0.011836232958180978,0.00338766669053983,-0.00016517844595702018,0.001699597334406991,-0.0021609019150452564,-0.003248626080103848,-0.0012978431520227819,-0.002034953668207813,0.008631301695636168,-0.0011221447971609332,-0.00571028846526127,0.00204012893784027,-0.0026668703070819783,0.001513035368025948,0.02471167924434792,0.006916069073852601,-0.005655429004389789,-0.004788040443624183,0.011292354608991704,-0.005960524887601921,-0.01213983009304033,0.0036751504447115856,-0.0012038553606047693,0.0004392130062184612,-0.0021695966608027096,0.00121149519190981,0.0030475884876852207,0.0058044323024829345,0.016141546085584685,-0.005281786524794614,-0.007275511016209149,0.0014854542481452621,-0.006820185655864836,-0.0023588982926418343,0.006916069073852601,0.042200715430338494,-0.0049548109952241536,-0.014953788463234845,0.0011279188816005678,0.0006698241893893279,0.0026021008826228368,0.006663540889786032,0.013148675325525284,-0.0016405905207678541,-0.006612397382988815,-0.0023816766112096837,0.0020676392529955312,0.016907030170819015,-0.0001497362444840318,-0.0010254309175288699,-0.011218169107876975,-0.012913605008276655,-0.008757395169230128,-0.006846738761240034,-0.005655429004389789,-0.0049548109952241536,0.037438349367796275,0.011539669037836186,-0.010719979343926222,-0.00755502797409654,0.003152370530016456,-0.0015972565583591322,-0.009761129447534466,2.4508917879805138e-5,-0.0006135852018853386,0.004617695632193332,-0.005677047638613212,-0.015092798306007632,-0.0127160351752594,0.00048335958867694876,0.006661827850149181,0.007354250230434328,0.005942949619013764,0.0008655068896504449,-0.004788040443624183,-0.014953788463234845,0.011539669037836186,0.026027017788170577,-0.005147106784578155,-0.001756546597019782,0.002114362995545728,0.0006040966382672134,-0.009064363826515737,0.005197855049301512,0.0013934891388632609,4.114227744603448e-5,-0.003647463356168362,-0.014634011056357081,-0.008604747240890165,0.007846642200434718,0.006976529623422387,0.009434055498592255,0.007534313325723185,0.010673608369420039,0.011292354608991704,0.0011279188816005678,-0.010719979343926222,-0.005147106784578155,0.029301378941321725,0.00027289743598748377,-0.017244772153914213,0.0033681342476095527,-0.001033910734814051,0.0012163311323657943,-0.004152716135863634,-0.003466224349932075,-0.0005658602527304183,0.00309226188602225,0.02041637429235628,-0.006093800576702215,-0.009260119298618315,0.0018308626384862937,-0.007791598390095586,0.0019024142417196927,-0.005960524887601921,0.0006698241893893279,-0.00755502797409654,-0.001756546597019782,0.00027289743598748377,0.02244738770821661,0.010145002291310684,-0.003009789134506948,0.0092041193392744,-0.008373781134713681,-0.0005710955906692499,-0.002909242568905245,-0.0004937804435504553,0.005566283335044455,-0.0035355267266895226,0.0017957745213059602,-0.003970414627435954,-0.009668426441792909,-0.00488295973115554,-0.011836232958180978,-0.01213983009304033,0.0026021008826228368,0.003152370530016456,0.002114362995545728,-0.017244772153914213,0.010145002291310684,0.04723493168868182,-0.0031578342479712143,0.0059227274028805545,-0.007207090808517797,0.003928162130508019,0.0038606928039097667,0.003449991407888952,-0.0015031327521344633,-0.02079705541478243,0.014363554739594551,0.0027647187845343665,-0.01311187352213377,0.0030315565453862305,0.00338766669053983,0.0036751504447115856,0.006663540889786032,-0.0015972565583591322,0.0006040966382672134,0.0033681342476095527,-0.003009789134506948,-0.0031578342479712143,0.014578351300681143,0.0034036857624768833,-0.0016796525793957482,-0.002482352540301855,-0.0011530444122518188,-0.0012173250438496602,0.004073055832827384,-0.0003141194885985063,-0.0037013404424336926,-0.005097547656237046,-0.004986391851355605,-0.010942308160603783,-0.00016517844595702018,-0.0012038553606047693,0.013148675325525284,-0.009761129447534466,-0.009064363826515737,-0.001033910734814051,0.0092041193392744,0.0059227274028805545,0.0034036857624768833,0.02932696760023365,-0.005436524954342296,-0.00036079399393683083,-0.0004170588804493521,0.002760506966184924,0.012534359098449705,0.003261613211475833,-0.0027204274473817693,-0.008911884649048678,-0.01422702934062648,-0.011192442024528803,0.001699597334406991,0.0004392130062184612,-0.0016405905207678541,2.4508917879805138e-5,0.005197855049301512,0.0012163311323657943,-0.008373781134713681,-0.007207090808517797,-0.0016796525793957482,-0.005436524954342296,0.016517647096065548,-0.0013556828134425698,0.002933624637260353,-0.00409774325142929,-0.0065328216919623636,0.003414634621210549,0.0014283112802256472,0.006133893542078777,0.0066259377293999035,0.005604570405837378,-0.0021609019150452564,-0.0021695966608027096,-0.006612397382988815,-0.0006135852018853386,0.0013934891388632609,-0.004152716135863634,-0.0005710955906692499,0.003928162130508019,-0.002482352540301855,-0.00036079399393683083,-0.0013556828134425698,0.021146917461435613,-0.001376813373123188,0.006783219406613432,-0.00010193697721504877,-0.0064431793538164955,0.0009238359970740624,0.006831683057958962,0.0016442354785203932,0.006898398078379669,-0.003248626080103848,0.00121149519190981,-0.0023816766112096837,0.004617695632193332,4.114227744603448e-5,-0.003466224349932075,-0.002909242568905245,0.0038606928039097667,-0.0011530444122518188,-0.0004170588804493521,0.002933624637260353,-0.001376813373123188,0.012355391291992092,-0.0018698074127166575,-0.004590724762134551,0.0004281025356680918,0.002037475918395506,0.0026273699650961376,0.002911553079006352,0.003707681981253767,-0.0012978431520227819,0.0030475884876852207,0.0020676392529955312,-0.005677047638613212,-0.003647463356168362,-0.0005658602527304183,-0.0004937804435504553,0.003449991407888952,-0.0012173250438496602,0.002760506966184924,-0.00409774325142929,0.006783219406613432,-0.0018698074127166575,0.016051515457338673,0.008247124598188094,0.0003983758749770743,0.0017091342484499793,-0.0036134832434247784,-0.006487248548911677,-0.00399759765172175,-0.002034953668207813,0.0058044323024829345,0.016907030170819015,-0.015092798306007632,-0.014634011056357081,0.00309226188602225,0.005566283335044455,-0.0015031327521344633,0.004073055832827384,0.012534359098449705,-0.0065328216919623636,-0.00010193697721504877,-0.004590724762134551,0.008247124598188094,0.03687829958024994,0.006156376239287409,-0.0040707466737912555,-0.010142626149199918,-0.00838824709664715,-0.015570698641184145,0.008631301695636168,0.016141546085584685,-0.0001497362444840318,-0.0127160351752594,-0.008604747240890165,0.02041637429235628,-0.0035355267266895226,-0.02079705541478243,-0.0003141194885985063,0.003261613211475833,0.003414634621210549,-0.0064431793538164955,0.0004281025356680918,0.0003983758749770743,0.006156376239287409,0.042051088131580865,-0.00898050564821945,-0.010332901571460384,0.003391932918511118,-0.007880792226976872,-0.0011221447971609332,-0.005281786524794614,-0.0010254309175288699,0.00048335958867694876,0.007846642200434718,-0.006093800576702215,0.0017957745213059602,0.014363554739594551,-0.0037013404424336926,-0.0027204274473817693,0.0014283112802256472,0.0009238359970740624,0.002037475918395506,0.0017091342484499793,-0.0040707466737912555,-0.00898050564821945,0.024136327865763987,0.004696947547811572,-0.0022500895779038787,0.004056168913460584,-0.00571028846526127,-0.007275511016209149,-0.011218169107876975,0.006661827850149181,0.006976529623422387,-0.009260119298618315,-0.003970414627435954,0.0027647187845343665,-0.005097547656237046,-0.008911884649048678,0.006133893542078777,0.006831683057958962,0.0026273699650961376,-0.0036134832434247784,-0.010142626149199918,-0.010332901571460384,0.004696947547811572,0.025068244457438535,0.009911580619451677,0.014812961233748492,0.00204012893784027,0.0014854542481452621,-0.012913605008276655,0.007354250230434328,0.009434055498592255,0.0018308626384862937,-0.009668426441792909,-0.01311187352213377,-0.004986391851355605,-0.01422702934062648,0.0066259377293999035,0.0016442354785203932,0.002911553079006352,-0.006487248548911677,-0.00838824709664715,0.003391932918511118,-0.0022500895779038787,0.009911580619451677,0.02017778400460279,0.011134158786185205,-0.0026668703070819783,-0.006820185655864836,-0.008757395169230128,0.005942949619013764,0.007534313325723185,-0.007791598390095586,-0.00488295973115554,0.0030315565453862305,-0.010942308160603783,-0.011192442024528803,0.005604570405837378,0.006898398078379669,0.003707681981253767,-0.00399759765172175,-0.015570698641184145,-0.007880792226976872,0.004056168913460584,0.014812961233748492,0.011134158786185205,0.040246070270954636
