0.09382978274534291,0.03081758516528348,-0.004339473820659594,0.055638191168642506,-0.03722633004657923,-0.0562209282241405,0.0074982286977440865,-0.05242527293773809,0.005852492185007121,0.02063919814215215,0.011560331093925222,-0.009295178172349365,-0.032173177767334644,-0.020667238969137514,0.02484657989747427,-0.03323711619655949,0.016197740687027562,0.055268644465029125,-0.024445069404046737,-0.01231234889088137,0.03081758516528348,0.04857269075701344,-0.008817844062137297,0.02852078326821968,-0.01061796872527183,-0.02868390430594852,0.001850187412195961,-0.013645110211722312,0.012731313160190539,-0.0014993572736823162,0.0004010392044550633,-0.007478525330984271,-0.019751675706478303,-0.004663901254860252,0.006782602156660188,-0.0093177306797468,0.0039711814883632065,0.019132998591451553,-0.010731646697420775,-0.011058857475952096,-0.004339473820659594,-0.008817844062137297,0.04637036104879772,-0.01281389783296244,-0.002396130125122712,0.010709682550770802,-0.012283188632757151,-0.0016705755589926925,-0.014173118741861803,0.011722546394881286,-0.003523977423542289,-0.0014722402686696149,-0.0005994329946252162,-0.004998568213748861,0.0037613333717539505,0.004556935963765154,-0.010060423326113848,0.0036543922910525503,-0.0017264212363376546,0.0030934986294658016,0.055638191168642506,0.02852078326821968,-0.01281389783296244,0.06223348917551448,-0.019813778122781824,-0.04127062861284199,-9.533203945586495e-5,-0.03127529103313721,0.008303713211938648,0.006349492428370295,0.007962283448264794,-0.005399039915810139,-0.026944606596139224,-0.0076750756935826045,0.013538075081078143,-0.0198042017973726,0.011197681452277328,0.03363830255262287,-0.01412475650411454,-0.006699171668650786,-0.03722633004657923,-0.01061796872527183,-0.002396130125122712,-0.019813778122781824,0.046877712767758734,0.029239091947816886,-0.006556110686234183,0.03186568687183605,0.0023047529656588664,-0.006420141083153285,-0.005983085983708763,0.008813209609820741,0.015711072305032284,0.0015338899602864,-0.004926365716913049,0.009061690715746465,-0.018316107479288406,-0.027508320190511155,0.005988121098657525,-0.010384224945909801,-0.0562209282241405,-0.02868390430594852,0.010709682550770802,-0.04127062861284199,0.029239091947816886,0.06375754677769495,-0.009841166186084271,0.03905168036430306,-0.013751647047448294,-0.007553336608898073,-0.008113189702138026,0.013304763267324785,0.030335462472395915,0.008379376375452744,-0.010194208740210427,0.021975997923270076,-0.024552088520343768,-0.04027051673004104,0.010310174779103329,0.006347907177736473,0.0074982286977440865,0.001850187412195961,-0.012283188632757151,-9.533203945586495e-5,-0.006556110686234183,-0.009841166186084271,0.023751237127035495,-0.011151657716426495,0.005487367752296886,-0.00020607767894299984,0.002102024446162817,-0.009933941476320485,-0.0052035946678045545,0.0022927993081456027,-0.003599791368901452,0.0010896570632615964,0.006621510766836352,0.0020760550161454546,0.001016681149604781,0.003384672184529349,-0.05242527293773809,-0.013645110211722312,-0.0016705755589926925,-0.03127529103313721,0.03186568687183605,0.03905168036430306,-0.011151657716426495,0.05901637285886471,0.0060368184853501535,-0.016223852654729268,-0.01709383717498432,0.012562724015861705,0.022646043695882166,0.014632132616096992,-0.016925502058545087,0.02156454339751387,-0.016346681273548262,-0.045221890298451646,0.01485143569721702,-0.001753156985220064,0.005852492185007121,0.012731313160190539,-0.014173118741861803,0.008303713211938648,0.0023047529656588664,-0.013751647047448294,0.005487367752296886,0.0060368184853501535,0.03178885787897891,-0.0027699312512798994,-0.00820251434529564,-0.003989354278639614,-0.003324003801728941,0.003675943265298254,-0.0022648242628964454,0.0002687272972548542,0.0034220469374712727,-0.0059362198199031406,0.0021976714511776534,-0.007677414857578557,0.02063919814215215,-0.0014993572736823162,0.011722546394881286,0.006349492428370295,-0.006420141083153285,-0.007553336608898073,-0.00020607767894299984,-0.016223852654729268,-0.0027699312512798994,0.024550365757920654,0.0005947547088590744,-0.004504071365011756,-0.009145765518453995,-0.008154524974802728,0.01210583712330244,-0.007753654073689245,-0.002593662301738477,0.01831820381739336,-0.007081955504260591,-0.0009804518516353194,0.011560331093925222,0.0004010392044550633,-0.003523977423542289,0.007962283448264794,-0.005983085983708763,-0.008113189702138026,0.002102024446162817,-0.01709383717498432,-0.00820251434529564,0.0005947547088590744,0.022560909954385543,0.0005068725098075545,-0.006982434221870604,-0.003421499845343687,-0.000508508925116234,-0.004273635605222977,0.0038106809028293576,0.010985738693360905,-0.004941806321003028,0.007594138121074231,-0.009295178172349365,-0.007478525330984271,-0.0014722402686696149,-0.005399039915810139,0.008813209609820741,0.013304763267324785,-0.009933941476320485,0.012562724015861705,-0.003989354278639614,-0.004504071365011756,0.0005068725098075545,0.02803263993867393,0.006190362285324028,-1.5949828321973945e-5,-0.0024103857478806052,0.007082007298612879,-0.01030037381916458,-0.01248292968104396,0.0032045390512044107,0.0021063490618646137,-0.032173177767334644,-0.019751675706478303,-0.0005994329946252162,-0.026944606596139224,0.015711072305032284,0.030335462472395915,-0.0052035946678045545,0.022646043695882166,-0.003324003801728941,-0.009145765518453995,-0.006982434221870604,0.006190362285324028,0.03745375221236134,0.008672766238696884,-0.00910898050162514,0.011052317625145846,-0.007272533162581658,-0.023450465167668084,0.008786982885971907,0.005774420585372443,-0.020667238969137514,-0.004663901254860252,-0.004998568213748861,-0.0076750756935826045,0.0015338899602864,0.008379376375452744,0.0022927993081456027,0.014632132616096992,0.003675943265298254,-0.008154524974802728,-0.003421499845343687,-1.5949828321973945e-5,0.008672766238696884,0.02356677341252876,-0.009624590260942402,0.007884571012105313,0.0027086594361435193,-0.010208806126429177,0.00875311431639094,0.0020829284281757444,0.02484657989747427,0.006782602156660188,0.0037613333717539505,0.013538075081078143,-0.004926365716913049,-0.010194208740210427,-0.003599791368901452,-0.016925502058545087,-0.0022648242628964454,0.01210583712330244,-0.000508508925116234,-0.0024103857478806052,-0.00910898050162514,-0.009624590260942402,0.03286768832187293,-0.012257904110128545,-0.002001497962676166,0.01767198056367758,-0.014040856824645289,-0.004849942676392886,-0.03323711619655949,-0.0093177306797468,0.004556935963765154,-0.0198042017973726,0.009061690715746465,0.021975997923270076,0.0010896570632615964,0.02156454339751387,0.0002687272972548542,-0.007753654073689245,-0.004273635605222977,0.007082007298612879,0.011052317625145846,0.007884571012105313,-0.012257904110128545,0.03125651003160038,-0.013111151444842787,-0.02096302816962782,0.008594910907434992,0.002453587412212151,0.016197740687027562,0.0039711814883632065,-0.010060423326113848,0.011197681452277328,-0.018316107479288406,-0.024552088520343768,0.006621510766836352,-0.016346681273548262,0.0034220469374712727,-0.002593662301738477,0.0038106809028293576,-0.01030037381916458,-0.007272533162581658,0.0027086594361435193,-0.002001497962676166,-0.013111151444842787,0.040899013857007394,0.014160570090781158,0.0020883563528009456,0.009611267841058176,0.055268644465029125,0.019132998591451553,0.0036543922910525503,0.03363830255262287,-0.027508320190511155,-0.04027051673004104,0.0020760550161454546,-0.045221890298451646,-0.0059362198199031406,0.01831820381739336,0.010985738693360905,-0.01248292968104396,-0.023450465167668084,-0.010208806126429177,0.01767198056367758,-0.02096302816962782,0.014160570090781158,0.06763838579790443,-0.0197826628600582,-0.004917148783389441,-0.024445069404046737,-0.010731646697420775,-0.0017264212363376546,-0.01412475650411454,0.005988121098657525,0.010310174779103329,0.001016681149604781,0.01485143569721702,0.0021976714511776534,-0.007081955504260591,-0.004941806321003028,0.0032045390512044107,0.008786982885971907,0.00875311431639094,-0.014040856824645289,0.008594910907434992,0.0020883563528009456,-0.0197826628600582,0.026833181633856628,-0.0002937922655329387,-0.01231234889088137,-0.011058857475952096,0.0030934986294658016,-0.006699171668650786,-0.010384224945909801,0.006347907177736473,0.003384672184529349,-0.001753156985220064,-0.007677414857578557,-0.0009804518516353194,0.007594138121074231,0.0021063490618646137,0.005774420585372443,0.0020829284281757444,-0.004849942676392886,0.002453587412212151,0.009611267841058176,-0.004917148783389441,-0.0002937922655329387,0.03681336298324378
