0.028252800113531564,0.008496806101698753,0.0015334827960996442,-0.006566132243871591,0.013783121882344016,-0.010437550772280452,0.006087928134037905,-0.0007472276584266673,-0.0005094549789305222,0.015543456349858431,-0.010214280152856775,-0.009139761355295548,-0.0021615172524606426,0.01440762125420866,-0.01801828084382838,-0.008414043476603171,-0.0067348743718397925,-0.008870425287182569,0.025561697457261282,-0.0047591381491839104,0.008496806101698753,0.03565242348833329,0.0017136811768848396,-0.005966195295627627,0.02199662203520686,-0.009407072027574761,0.00011381321747830792,0.004341025328691919,-0.007284390681362532,0.022850929585962035,-0.007206659812085833,-0.014973463410444022,-0.0054779189377212895,0.01483029015354876,-0.03872135611112179,-0.008659788201577541,-0.00987723576909691,-0.007556026566318944,0.021909249694312433,-0.013783268441873326,0.0015334827960996442,0.0017136811768848396,0.025291816709152697,0.006267176387757831,-0.009607945120052143,0.00738279227583085,-0.003877991193398926,0.002780084486635551,-0.0010233937276889664,-0.006335412493660728,0.003045852467900312,0.008854804460358672,0.006516381623513288,-0.008568885046803486,0.0023560764234016197,0.015224636675365825,0.005203948383432572,0.0018952459284369368,-0.013411562050482249,-0.0015284719715719457,-0.006566132243871591,-0.005966195295627627,0.006267176387757831,0.02554555179818458,-0.0029132171286290085,-0.0008866514212197008,-0.010571353187124221,-0.003049451923963206,0.009454130834949087,-0.00743599203000915,0.004404791736446018,0.009823152946344407,0.006661234248295518,-0.00827660834461361,0.022450293014220673,0.0015706517377616271,0.001860773419671679,0.006305168437237463,-0.013071274422835361,0.0021789354412905778,0.013783121882344016,0.02199662203520686,-0.009607945120052143,-0.0029132171286290085,0.10859992911659808,-0.060700538494943,-0.02299873046024658,-0.023256524517698912,0.008446323843920779,0.07620543092973826,-0.03332025164512365,-0.04611699682179418,-0.010528659275651109,0.05815520125963624,-0.05092789728905488,-0.08338019990051602,-0.033494230628206174,-0.009890863351322584,0.10480259842901646,-0.029662452776432934,-0.010437550772280452,-0.009407072027574761,0.00738279227583085,-0.0008866514212197008,-0.060700538494943,0.06044164550029483,0.012838395505308433,0.014825087971355922,-0.010291344846139378,-0.05298173198436407,0.03094029136601123,0.022581561353318767,0.004750269590128847,-0.03665733051522585,0.019483204692726838,0.061455879682395985,0.020017345133786876,0.010416996815686391,-0.07246132212375389,0.020010575347966512,0.006087928134037905,0.00011381321747830792,-0.003877991193398926,-0.010571353187124221,-0.02299873046024658,0.012838395505308433,0.03193175848436929,0.006892663470869256,-0.009758482869176183,-0.014338806043311576,0.004091736586422473,0.0013937171728410247,-0.0033470383356420325,-0.006609633498026214,-0.0037354597943195763,0.01564061641625962,0.006228473431610045,0.0009647351820592867,-0.011208322983056244,-0.0011482711854078433,-0.0007472276584266673,0.004341025328691919,0.002780084486635551,-0.003049451923963206,-0.023256524517698912,0.014825087971355922,0.006892663470869256,0.023322990227255872,-0.0024772173629642336,-0.0095444269534111,0.005741555907808445,0.007602161014794062,0.004685464722627452,-0.010457629845789632,-0.005639356673267176,0.026067481612911066,-0.0006148541947885339,-0.0038013396554357664,-0.021403187593687117,0.0009188792652995854,-0.0005094549789305222,-0.007284390681362532,-0.0010233937276889664,0.009454130834949087,0.008446323843920779,-0.010291344846139378,-0.009758482869176183,-0.0024772173629642336,0.019891391294992247,0.0006381371032731148,-0.0018789980644951748,0.0021389228945038656,0.005689237533075308,0.002202972395713645,0.015056988619543191,-0.016065935227787997,-0.0009066498482750457,0.005355221899594768,0.00776928823476033,-0.0030707700181597406,0.015543456349858431,0.022850929585962035,-0.006335412493660728,-0.00743599203000915,0.07620543092973826,-0.05298173198436407,-0.014338806043311576,-0.0095444269534111,0.0006381371032731148,0.0825057294424748,-0.03172550189572552,-0.03854383842287999,-0.01011902981259897,0.047487149016698746,-0.050018815203895395,-0.06458520626677103,-0.028769958520006335,-0.018238006496832257,0.08563371362597007,-0.027079521802729687,-0.010214280152856775,-0.007206659812085833,0.003045852467900312,0.004404791736446018,-0.03332025164512365,0.03094029136601123,0.004091736586422473,0.005741555907808445,-0.0018789980644951748,-0.03172550189572552,0.04478154968310419,0.013201193908727454,0.0015702153562883604,-0.019487760124219194,0.009112584121272716,0.040537848544671906,0.010623460746629291,0.010694016190738252,-0.04228376264355832,0.014465543400742985,-0.009139761355295548,-0.014973463410444022,0.008854804460358672,0.009823152946344407,-0.04611699682179418,0.022581561353318767,0.0013937171728410247,0.007602161014794062,0.0021389228945038656,-0.03854383842287999,0.013201193908727454,0.04752141850913506,0.012407466466664456,-0.03464295249576296,0.0436185541539977,0.03438399111878933,0.018965185258056044,0.008380583565185135,-0.05375366297441372,0.011049450784573393,-0.0021615172524606426,-0.0054779189377212895,0.006516381623513288,0.006661234248295518,-0.010528659275651109,0.004750269590128847,-0.0033470383356420325,0.004685464722627452,0.005689237533075308,-0.01011902981259897,0.0015702153562883604,0.012407466466664456,0.01982423453423677,-0.01243244878720155,0.0159756184518012,0.009107223834970247,0.0043167771414567265,0.001560992961451584,-0.013459782392637957,0.00028354539570891665,0.01440762125420866,0.01483029015354876,-0.008568885046803486,-0.00827660834461361,0.05815520125963624,-0.03665733051522585,-0.006609633498026214,-0.010457629845789632,0.002202972395713645,0.047487149016698746,-0.019487760124219194,-0.03464295249576296,-0.01243244878720155,0.054980891263210104,-0.045627979324783366,-0.051949514853884424,-0.022061353601844202,-0.012322069292479202,0.0715584983651199,-0.013525034877674423,-0.01801828084382838,-0.03872135611112179,0.0023560764234016197,0.022450293014220673,-0.05092789728905488,0.019483204692726838,-0.0037354597943195763,-0.005639356673267176,0.015056988619543191,-0.050018815203895395,0.009112584121272716,0.0436185541539977,0.0159756184518012,-0.045627979324783366,0.11323659835911473,0.01951695377352894,0.02464770220941892,0.01974483571681416,-0.059088043643118135,0.029148383864201908,-0.008414043476603171,-0.008659788201577541,0.015224636675365825,0.0015706517377616271,-0.08338019990051602,0.061455879682395985,0.01564061641625962,0.026067481612911066,-0.016065935227787997,-0.06458520626677103,0.040537848544671906,0.03438399111878933,0.009107223834970247,-0.051949514853884424,0.01951695377352894,0.10521689042515261,0.029563378196623274,0.012023865553700617,-0.09624904783666184,0.015470713097985082,-0.0067348743718397925,-0.00987723576909691,0.005203948383432572,0.001860773419671679,-0.033494230628206174,0.020017345133786876,0.006228473431610045,-0.0006148541947885339,-0.0009066498482750457,-0.028769958520006335,0.010623460746629291,0.018965185258056044,0.0043167771414567265,-0.022061353601844202,0.02464770220941892,0.029563378196623274,0.03260029748666869,0.007298708072301915,-0.04048911357485299,0.013307721973540151,-0.008870425287182569,-0.007556026566318944,0.0018952459284369368,0.006305168437237463,-0.009890863351322584,0.010416996815686391,0.0009647351820592867,-0.0038013396554357664,0.005355221899594768,-0.018238006496832257,0.010694016190738252,0.008380583565185135,0.001560992961451584,-0.012322069292479202,0.01974483571681416,0.012023865553700617,0.007298708072301915,0.02948194042622345,-0.019144388457457046,0.0018543284870554185,0.025561697457261282,0.021909249694312433,-0.013411562050482249,-0.013071274422835361,0.10480259842901646,-0.07246132212375389,-0.011208322983056244,-0.021403187593687117,0.00776928823476033,0.08563371362597007,-0.04228376264355832,-0.05375366297441372,-0.013459782392637957,0.0715584983651199,-0.059088043643118135,-0.09624904783666184,-0.04048911357485299,-0.019144388457457046,0.13906941116212465,-0.02832491723637055,-0.0047591381491839104,-0.013783268441873326,-0.0015284719715719457,0.0021789354412905778,-0.029662452776432934,0.020010575347966512,-0.0011482711854078433,0.0009188792652995854,-0.0030707700181597406,-0.027079521802729687,0.014465543400742985,0.011049450784573393,0.00028354539570891665,-0.013525034877674423,0.029148383864201908,0.015470713097985082,0.013307721973540151,0.0018543284870554185,-0.02832491723637055,0.035753322304693386
0.031815012020422896,-0.004847478713470587,0.005603348443508067,-0.018203976679759083,0.0307281874361076,-0.0147754702936331,0.006667442838559124,-0.013885255438379103,-0.0019080797150636552,0.028167258075477833,-0.010179994309728699,2.3747545226597555e-5,-0.011309726792932564,0.018029774350197664,-0.016281691180805663,-0.02671041558237381,-0.015670368270237715,-0.01747452438109023,0.019051002093104757,-0.0050922027614373686,-0.004847478713470587,0.017508663898464647,0.004325528062565,0.002989624725818531,-0.003496782230170434,-0.001805693751303968,-4.180223570027057e-5,0.010037218902364965,0.0010130969477404666,0.00028941855138760707,-0.003240781779956332,-0.0017306746147667915,-0.005085575921300712,0.0006854266016892826,-0.0013265742297645148,-5.485666284360999e-5,0.0024388933538309903,0.0005687726533345973,0.001771760596393524,-0.004252065554521244,0.005603348443508067,0.004325528062565,0.025057478585266486,-0.015289831967246415,0.0038010688098501066,-0.013346355914180829,0.014982409706617086,0.007050700345054197,-0.0012702861425774327,-0.001240365364994309,-0.02006935820958829,0.007783380480751539,-0.02785357421949019,0.00038635512425240595,0.010969098824083447,-0.013702726066279935,-0.0047542504629837,-0.022389208883506415,0.004257452043356655,-0.005629728420762059,-0.018203976679759083,0.002989624725818531,-0.015289831967246415,0.059484078685310034,0.004443233065477072,0.01989028914482953,-0.021067591026656673,-0.0007773251460887927,0.010007513355957148,-0.006147068283845179,0.01266206228654805,-0.003260953997919587,0.031176403683590367,-0.007664247191333101,0.007078711103990669,0.00794412663344082,0.008382358073905263,0.031224919028426567,-0.0011888741130625597,0.001850938349981404,0.0307281874361076,-0.003496782230170434,0.0038010688098501066,0.004443233065477072,0.14389438600632434,-0.04424854309307642,-0.012928323114843992,-0.03525245650892096,0.016704331684470292,0.08315563225789832,-0.023334309648626213,-0.0185589897819943,-0.0040567454425394,0.05346662479641279,-0.03090594324540194,-0.10731736539135937,-0.024695014848948378,-0.028045934093103936,0.08078926991385799,-0.02379545204262836,-0.0147754702936331,-0.001805693751303968,-0.013346355914180829,0.01989028914482953,-0.04424854309307642,0.07291553763876298,-0.004145760677015993,0.01055147311074709,-0.015815528114672572,-0.03849165984887962,0.054176454801863685,0.013327716166634813,0.04277899035307606,-0.01288918930275047,-0.0017974488709685498,0.08107494910452648,0.03282968627405742,0.022101698485899893,-0.060796053384472075,0.027988790327279196,0.006667442838559124,-4.180223570027057e-5,0.014982409706617086,-0.021067591026656673,-0.012928323114843992,-0.004145760677015993,0.0338383485853682,0.00925465949866466,-0.013004608245148788,-0.008428388993235255,-0.010005007759307172,0.0034614173244116005,-0.02247934054975504,0.002393081679415811,0.0028288434862870854,0.0031990840436431998,-0.0032381055637307416,-0.01853010041254526,0.0021032825524469464,0.0004750297236053049,-0.013885255438379103,0.010037218902364965,0.007050700345054197,-0.0007773251460887927,-0.03525245650892096,0.01055147311074709,0.00925465949866466,0.03495928328180789,-0.0019329073098091794,-0.017010577318158568,-0.002265150153441194,0.003475323137088056,-0.006078968171531078,-0.009354124721496106,0.011081993778132886,0.02609091775414494,0.007855935989196155,-0.003228375376590215,-0.017307682411752054,0.006155496293522505,-0.0019080797150636552,0.0010130969477404666,-0.0012702861425774327,0.010007513355957148,0.016704331684470292,-0.015815528114672572,-0.013004608245148788,-0.0019329073098091794,0.025845806772751515,0.008655022076117132,-0.01071168491435516,-0.007952726565692507,-0.008978426351306466,-0.0056455708186163855,0.012413850740914632,-0.02789215801141128,-0.0016124751577480272,0.005335119419894199,0.019223364458829592,-0.013172793231258938,0.028167258075477833,0.00028941855138760707,-0.001240365364994309,-0.006147068283845179,0.08315563225789832,-0.03849165984887962,-0.008428388993235255,-0.017010577318158568,0.008655022076117132,0.09416490811377677,-0.012108567852806248,-0.02960023078239313,-0.0009191902303782272,0.04503020895941981,-0.052873309605566764,-0.0711975911590548,-0.026420869512653496,-0.010725661433166491,0.05775404428308352,-0.023673876363004408,-0.010179994309728699,-0.003240781779956332,-0.02006935820958829,0.01266206228654805,-0.023334309648626213,0.054176454801863685,-0.010005007759307172,-0.002265150153441194,-0.01071168491435516,-0.012108567852806248,0.07738364269079248,-0.008928779703385755,0.06361365027389995,0.0014237539229607775,-0.031580879497718095,0.07079781097836699,0.025657931714922345,0.037692273642379384,-0.053157950626097954,0.020581540800017027,2.3747545226597555e-5,-0.0017306746147667915,0.007783380480751539,-0.003260953997919587,-0.0185589897819943,0.013327716166634813,0.0034614173244116005,0.003475323137088056,-0.007952726565692507,-0.02960023078239313,-0.008928779703385755,0.04912752819436955,-0.021542734356490713,-0.014927434375397095,0.03287171602818396,0.01477474626910262,0.013317013673309954,-0.011961013863605426,-0.023405043750548707,0.013304500437601136,-0.011309726792932564,-0.005085575921300712,-0.02785357421949019,0.031176403683590367,-0.0040567454425394,0.04277899035307606,-0.02247934054975504,-0.006078968171531078,-0.008978426351306466,-0.0009191902303782272,0.06361365027389995,-0.021542734356490713,0.09471783279052864,0.011729114700464054,-0.035973300865417016,0.049955901575465235,0.01695569339283814,0.04259085982513724,-0.034102724869733494,0.019342053014432405,0.018029774350197664,0.0006854266016892826,0.00038635512425240595,-0.007664247191333101,0.05346662479641279,-0.01288918930275047,0.002393081679415811,-0.009354124721496106,-0.0056455708186163855,0.04503020895941981,0.0014237539229607775,-0.014927434375397095,0.011729114700464054,0.049696588801231976,-0.0352314157714189,-0.034727875563654295,-0.01077903660886969,-0.013582488014924825,0.0322749002525115,-0.0033217447163652524,-0.016281691180805663,-0.0013265742297645148,0.010969098824083447,0.007078711103990669,-0.03090594324540194,-0.0017974488709685498,0.0028288434862870854,0.011081993778132886,0.012413850740914632,-0.052873309605566764,-0.031580879497718095,0.03287171602818396,-0.035973300865417016,-0.0352314157714189,0.084124337957132,-0.005291090350159863,0.013984041186536377,-0.012762369302024342,-0.007820164861640569,0.01208883890590466,-0.02671041558237381,-5.485666284360999e-5,-0.013702726066279935,0.00794412663344082,-0.10731736539135937,0.08107494910452648,0.0031990840436431998,0.02609091775414494,-0.02789215801141128,-0.0711975911590548,0.07079781097836699,0.01477474626910262,0.049955901575465235,-0.034727875563654295,-0.005291090350159863,0.14678525097728484,0.040625437956528725,0.04318987464194163,-0.10569844655251688,0.029705872590928342,-0.015670368270237715,0.0024388933538309903,-0.0047542504629837,0.008382358073905263,-0.024695014848948378,0.03282968627405742,-0.0032381055637307416,0.007855935989196155,-0.0016124751577480272,-0.026420869512653496,0.025657931714922345,0.013317013673309954,0.01695569339283814,-0.01077903660886969,0.013984041186536377,0.040625437956528725,0.036352742069641085,0.009868872523985843,-0.032238464266036854,0.018340755545981066,-0.01747452438109023,0.0005687726533345973,-0.022389208883506415,0.031224919028426567,-0.028045934093103936,0.022101698485899893,-0.01853010041254526,-0.003228375376590215,0.005335119419894199,-0.010725661433166491,0.037692273642379384,-0.011961013863605426,0.04259085982513724,-0.013582488014924825,-0.012762369302024342,0.04318987464194163,0.009868872523985843,0.07308368120926044,-0.026156840803313708,0.0021988945284025594,0.019051002093104757,0.001771760596393524,0.004257452043356655,-0.0011888741130625597,0.08078926991385799,-0.060796053384472075,0.0021032825524469464,-0.017307682411752054,0.019223364458829592,0.05775404428308352,-0.053157950626097954,-0.023405043750548707,-0.034102724869733494,0.0322749002525115,-0.007820164861640569,-0.10569844655251688,-0.032238464266036854,-0.026156840803313708,0.10472006170697946,-0.02663932444039431,-0.0050922027614373686,-0.004252065554521244,-0.005629728420762059,0.001850938349981404,-0.02379545204262836,0.027988790327279196,0.0004750297236053049,0.006155496293522505,-0.013172793231258938,-0.023673876363004408,0.020581540800017027,0.013304500437601136,0.019342053014432405,-0.0033217447163652524,0.01208883890590466,0.029705872590928342,0.018340755545981066,0.0021988945284025594,-0.02663932444039431,0.033922087120373264
