0.045525428848681264,0.008837350670575226,-0.026718317250033107,-0.02240685399076595,-0.0007167727946077395,0.011182770160745169,0.0006758039862589877,0.015603520271308641,0.020008152009558196,0.0071921737790788575,-0.0024639233742731123,-0.02257889746583156,0.007352365183944207,-0.0018191154343721965,0.017072030199137243,0.00861237272196163,-0.003633219571246021,-0.015138135371431697,0.001005813112037444,-0.014307917497662644,0.008837350670575226,0.050309440574143535,-0.006413084091764757,-0.022440026882070446,-0.016498442945245443,0.03345751883698857,-0.005768702074451323,-0.027739598672222247,0.010558855996726397,0.01012473218501144,-0.010396639678626262,-0.013438960017031393,-0.0035877024630657913,0.003236344882181208,0.006058408309552461,0.029528401008894506,-0.016592078386088623,-0.004739575964688811,0.003261417243800545,-0.032217242337653336,-0.026718317250033107,-0.006413084091764757,0.2778365682220084,-0.044404472442079776,-0.06293809571397486,0.0115482821678404,0.03531601247732838,-0.07111937627508728,-0.036999892522370154,0.01701596149078867,0.06916879711151588,-0.003858509485993899,-0.03380063328675255,-0.016573939204395236,-0.04948516149316158,-0.08510991820846099,0.0280461077457695,0.01806621783178184,-0.06228587006378457,0.09817359799078579,-0.02240685399076595,-0.022440026882070446,-0.044404472442079776,0.06502574297336176,0.03602866128020079,-0.022620280479114636,-0.018514219211716688,0.016790107978113488,-0.005755487510938999,-0.010141024126097565,-0.00465251687103491,0.015431811438617568,0.0054176769609377996,0.006653098851851709,-0.0032489734669294236,0.009470571489824296,0.00574724891451694,0.003073923366245594,0.018137362396045187,-0.017503056394564325,-0.0007167727946077395,-0.016498442945245443,-0.06293809571397486,0.03602866128020079,0.051862619886119635,-0.02047960997481107,-0.01685282328842595,0.043863509019295366,0.00916316308340238,-0.01187383461810148,-0.0018281574973214292,0.0003566826662822996,0.011893692824371202,0.002362346311240444,0.008877848135207034,0.005520272012776158,0.00946061014876582,-0.007952298968556752,0.02126416689698933,-0.024908268665784068,0.011182770160745169,0.03345751883698857,0.0115482821678404,-0.022620280479114636,-0.02047960997481107,0.05406417452800706,-0.0035417673545502636,-0.04076166538891364,0.006800900483476579,0.022044458841622535,-0.0013830092736138522,-0.01157791190255757,-0.010651835257551562,-0.00030084809798091574,0.002797980241607134,0.04360833575662815,-0.009582286040438082,-0.00285240781031214,-0.002238987673480257,-0.032582197777040495,0.0006758039862589877,-0.005768702074451323,0.03531601247732838,-0.018514219211716688,-0.01685282328842595,-0.0035417673545502636,0.036789967056300193,-0.006570367262140752,-0.006274423845782778,0.006975853870360555,-0.00285270617041819,-0.005288040659408983,0.004236009193564456,-0.007694009891749157,-0.0014281308817595349,-0.01251645496465155,-0.006015015415586621,0.00039098160142922445,-0.016677838919145718,0.02187673370002676,0.015603520271308641,-0.027739598672222247,-0.07111937627508728,0.016790107978113488,0.043863509019295366,-0.04076166538891364,-0.006570367262140752,0.0970425092256705,0.017682168619421283,-0.028854186752421268,-0.00891309915218279,-0.005866344041829771,0.02357792828126727,-0.0005171835274880793,0.017460594668019528,-0.032338186979227766,0.017461617659591235,-0.01919148806091992,0.012439355015172258,-0.0023886280172039543,0.020008152009558196,0.010558855996726397,-0.036999892522370154,-0.005755487510938999,0.00916316308340238,0.006800900483476579,-0.006274423845782778,0.017682168619421283,0.03131550732285436,0.003405016702359128,-0.014418991805991446,-0.01618254954764392,0.011322077842221083,-0.0014188589260216182,0.0194991299283779,0.02125349454592488,-0.012798215790891212,-0.01322775614683681,0.007060946457590882,-0.03878197025957805,0.0071921737790788575,0.01012473218501144,0.01701596149078867,-0.010141024126097565,-0.01187383461810148,0.022044458841622535,0.006975853870360555,-0.028854186752421268,0.003405016702359128,0.03772045549113238,-0.0016006922575334606,-0.011041597708562471,-0.005584101957541674,-0.005673594955992794,0.00842643780525601,0.02996795765385207,-0.012778452223500793,0.0046397843903838755,-0.003928217047042579,-0.02031406159171837,-0.0024639233742731123,-0.010396639678626262,0.06916879711151588,-0.00465251687103491,-0.0018281574973214292,-0.0013830092736138522,-0.00285270617041819,-0.00891309915218279,-0.014418991805991446,-0.0016006922575334606,0.043302101876308216,-0.0003676689894176362,-0.010843973241139688,-0.006449512734388994,-0.014478653533680247,-0.03230689491219183,0.023607025571405503,0.0057983949718107605,-0.01487131302871883,0.03265828696389142,-0.02257889746583156,-0.013438960017031393,-0.003858509485993899,0.015431811438617568,0.0003566826662822996,-0.01157791190255757,-0.005288040659408983,-0.005866344041829771,-0.01618254954764392,-0.011041597708562471,-0.0003676689894176362,0.04359751724849244,-0.008142544341420683,0.008991098718571743,-0.01598666493241231,-0.018427213344625507,0.010671973175433086,0.012220090708092341,0.00017982008225396733,0.022621347937218164,0.007352365183944207,-0.0035877024630657913,-0.03380063328675255,0.0054176769609377996,0.011893692824371202,-0.010651835257551562,0.004236009193564456,0.02357792828126727,0.011322077842221083,-0.005584101957541674,-0.010843973241139688,-0.008142544341420683,0.021596760426261567,-0.001150623782039405,0.010032827168411577,0.006018024972031523,-0.007930291023820438,-0.007954543397885814,0.01088179184882925,-0.013213341900117581,-0.0018191154343721965,0.003236344882181208,-0.016573939204395236,0.006653098851851709,0.002362346311240444,-0.00030084809798091574,-0.007694009891749157,-0.0005171835274880793,-0.0014188589260216182,-0.005673594955992794,-0.006449512734388994,0.008991098718571743,-0.001150623782039405,0.018216084770083376,0.0022495459284065066,0.0016056208524478101,0.0013658082661535736,-0.0008258175515898751,0.0021673579442793266,-0.005693801658005455,0.017072030199137243,0.006058408309552461,-0.04948516149316158,-0.0032489734669294236,0.008877848135207034,0.002797980241607134,-0.0014281308817595349,0.017460594668019528,0.0194991299283779,0.00842643780525601,-0.014478653533680247,-0.01598666493241231,0.010032827168411577,0.0022495459284065066,0.03577592822422267,0.029042318509296033,-0.013029299514655238,-0.010946682908507373,0.009872866045887378,-0.03547075595318418,0.00861237272196163,0.029528401008894506,-0.08510991820846099,0.009470571489824296,0.005520272012776158,0.04360833575662815,-0.01251645496465155,-0.032338186979227766,0.02125349454592488,0.02996795765385207,-0.03230689491219183,-0.018427213344625507,0.006018024972031523,0.0016056208524478101,0.029042318509296033,0.12387390187387715,-0.044550153790806075,-0.004959488990477306,0.028936465570366526,-0.09477872425108916,-0.003633219571246021,-0.016592078386088623,0.0280461077457695,0.00574724891451694,0.00946061014876582,-0.009582286040438082,-0.006015015415586621,0.017461617659591235,-0.012798215790891212,-0.012778452223500793,0.023607025571405503,0.010671973175433086,-0.007930291023820438,0.0013658082661535736,-0.013029299514655238,-0.044550153790806075,0.05768418825620519,0.0023313413555948906,-0.016791759736107685,0.03422687664543187,-0.015138135371431697,-0.004739575964688811,0.01806621783178184,0.003073923366245594,-0.007952298968556752,-0.00285240781031214,0.00039098160142922445,-0.01919148806091992,-0.01322775614683681,0.0046397843903838755,0.0057983949718107605,0.012220090708092341,-0.007954543397885814,-0.0008258175515898751,-0.010946682908507373,-0.004959488990477306,0.0023313413555948906,0.029885577380938194,0.0017201464379222038,0.016364104229536335,0.001005813112037444,0.003261417243800545,-0.06228587006378457,0.018137362396045187,0.02126416689698933,-0.002238987673480257,-0.016677838919145718,0.012439355015172258,0.007060946457590882,-0.003928217047042579,-0.01487131302871883,0.00017982008225396733,0.01088179184882925,0.0021673579442793266,0.009872866045887378,0.028936465570366526,-0.016791759736107685,0.0017201464379222038,0.03054763004373623,-0.031681854713458864,-0.014307917497662644,-0.032217242337653336,0.09817359799078579,-0.017503056394564325,-0.024908268665784068,-0.032582197777040495,0.02187673370002676,-0.0023886280172039543,-0.03878197025957805,-0.02031406159171837,0.03265828696389142,0.022621347937218164,-0.013213341900117581,-0.005693801658005455,-0.03547075595318418,-0.09477872425108916,0.03422687664543187,0.016364104229536335,-0.031681854713458864,0.12060306001666557
0.022713980097395697,0.0019565931538880607,0.0037771852525526066,-0.006223029726781588,-0.005941747356866889,0.00927504788963467,0.005709236130083747,-0.0027624314313303556,0.00476487477037513,0.004722270308896362,-0.0023342416486652863,-0.003972842911775198,-0.005647536689532845,-0.0019324967389750566,0.0037970144484939013,0.010167585312695904,-0.0015765802574443772,-0.006639736530945023,-0.0014399774030452788,-0.00647730758577034,0.0019565931538880607,0.03781340808809244,0.01681951311519425,-0.011121581372410677,-0.012847052704403256,0.01651584806158101,0.0011397383359912,-0.02248017541332086,0.003194877812700608,0.0017369226396631615,0.004635133694915094,-0.0028033435562640828,0.0038866409632044895,-0.003007346817339365,0.006222105496830827,0.014695431128506325,-0.009137850375939921,-0.015294976519180086,-0.005195270876714007,-0.007222769272671826,0.0037771852525526066,0.01681951311519425,0.057248207900517316,-0.00964033868659198,-0.02169374891584369,0.013615609027393796,0.009821618654308067,-0.007041335868822931,0.012610944535438658,0.0207590676323509,-0.0059711467920128365,-0.007268155965443608,-3.569711485599134e-5,-0.0018998982665370365,0.016709330777743295,0.002527896461700518,-0.006787538294886689,-0.01320100674255779,-0.014331027127156476,-0.015100126769007195,-0.006223029726781588,-0.011121581372410677,-0.00964033868659198,0.06200576006770665,0.02057196684644655,-0.016078296309270726,-0.007799013645651038,0.020506768977855694,-0.0026955245319299475,-0.005869177424556236,-0.012175756792154142,0.005644864902019867,0.0075057077582790024,-6.907362062100864e-5,-0.016255226245893917,-0.02742433726937233,0.004932242785501876,0.0008423844017565951,0.011736079054058036,0.004020308105812956,-0.005941747356866889,-0.012847052704403256,-0.02169374891584369,0.02057196684644655,0.03635764339648078,-0.01346983018691406,-0.004421655085496882,0.013274621091727955,-6.0370316792389325e-5,-0.011491581730602201,-0.0031688308493590758,0.0035442307769666098,0.0021218370971983597,0.004226656094200048,-0.010892906349404097,-0.012514677379857888,0.01595968795699137,0.00549099416425007,0.010461955771991653,0.011141478821329204,0.00927504788963467,0.01651584806158101,0.013615609027393796,-0.016078296309270726,-0.01346983018691406,0.035421676167871806,0.005531466006790187,-0.01930259727688533,0.00656686107607911,0.010218083142063709,0.0024470742765690685,-0.0017087791713628203,-0.0015040909150575796,-0.0033883285275790225,-0.0009415681637223589,0.013582907238518356,-0.011428315425846436,-0.013066272391972476,-0.00716149011072327,-0.012114615987113124,0.005709236130083747,0.0011397383359912,0.009821618654308067,-0.007799013645651038,-0.004421655085496882,0.005531466006790187,0.03368419028484814,0.00923309240288115,-0.0001314443510543415,0.013920251210667927,-0.00899318252413481,-0.005243784256566187,-0.001562587899067075,-0.0022076591509575306,0.004978420677456179,0.005201628148836386,0.0036325167043270794,-0.007071545060296492,-0.017472340901296145,-0.015838620857222183,-0.0027624314313303556,-0.02248017541332086,-0.007041335868822931,0.020506768977855694,0.013274621091727955,-0.01930259727688533,0.00923309240288115,0.05127737044199833,-0.00015523543086083604,0.0037778138622709444,-0.01682422194806289,0.0004673261331912527,0.003386701988561234,0.002911057961104035,0.0006960406453287544,-0.018330146441286332,0.020185943671102543,0.0031332301394155103,-0.0022990357796860914,-0.005627060408696833,0.00476487477037513,0.003194877812700608,0.012610944535438658,-0.0026955245319299475,-6.0370316792389325e-5,0.00656686107607911,-0.0001314443510543415,-0.00015523543086083604,0.02066843428524737,0.005736341372039907,-0.001959369736572114,-0.0047862867138396895,7.986895832505503e-5,-0.0025818625560564733,0.004493282894091368,0.00149723531420983,-0.004880145805070633,-0.004540876129752973,-0.00861831885439229,-0.00921719736142243,0.004722270308896362,0.0017369226396631615,0.0207590676323509,-0.005869177424556236,-0.011491581730602201,0.010218083142063709,0.013920251210667927,0.0037778138622709444,0.005736341372039907,0.04317153724388156,-0.005946092856961202,-0.008510413055238747,-0.0017202572342828867,-0.0003639948006072737,0.01071615371644307,0.013393849062026807,-0.004862889002832811,-0.010182328599649817,-0.018279645861988852,-0.024329631919553688,-0.0023342416486652863,0.004635133694915094,-0.0059711467920128365,-0.012175756792154142,-0.0031688308493590758,0.0024470742765690685,-0.00899318252413481,-0.01682422194806289,-0.001959369736572114,-0.005946092856961202,0.023520990143861248,0.0005340831545189859,-0.0005103136440692759,-0.0027537613454556367,-0.0022632356183811273,0.012287599959530798,-0.008405329408737113,0.00916169219322496,0.0004117675481815769,0.007084770327872086,-0.003972842911775198,-0.0028033435562640828,-0.007268155965443608,0.005644864902019867,0.0035442307769666098,-0.0017087791713628203,-0.005243784256566187,0.0004673261331912527,-0.0047862867138396895,-0.008510413055238747,0.0005340831545189859,0.02354760841779344,-0.00642493940989524,0.005253282330825908,0.0007091701422022,-0.013499608744195313,-5.9991365735401615e-5,0.00014402925029275934,0.005161779072558827,0.005584654582194851,-0.005647536689532845,0.0038866409632044895,-3.569711485599134e-5,0.0075057077582790024,0.0021218370971983597,-0.0015040909150575796,-0.001562587899067075,0.003386701988561234,7.986895832505503e-5,-0.0017202572342828867,-0.0005103136440692759,-0.00642493940989524,0.018999611970491284,-0.0016699315772178383,-0.0045077059567821915,-0.003467158195582192,0.00027267033670572746,0.000944495581758584,0.005302729728272067,-0.0004758791311079834,-0.0019324967389750566,-0.003007346817339365,-0.0018998982665370365,-6.907362062100864e-5,0.004226656094200048,-0.0033883285275790225,-0.0022076591509575306,0.002911057961104035,-0.0025818625560564733,-0.0003639948006072737,-0.0027537613454556367,0.005253282330825908,-0.0016699315772178383,0.0161647192828549,0.006175020288681504,-0.0013426500761314283,0.001467678485360851,0.001176015972992022,-0.000224482564256079,-0.0012636681271598782,0.0037970144484939013,0.006222105496830827,0.016709330777743295,-0.016255226245893917,-0.010892906349404097,-0.0009415681637223589,0.004978420677456179,0.0006960406453287544,0.004493282894091368,0.01071615371644307,-0.0022632356183811273,0.0007091701422022,-0.0045077059567821915,0.006175020288681504,0.04017841393197392,0.008793966430421142,-0.0024484924134031577,-0.008861490691844729,-0.0035934916246131727,-0.00963911043842356,0.010167585312695904,0.014695431128506325,0.002527896461700518,-0.02742433726937233,-0.012514677379857888,0.013582907238518356,0.005201628148836386,-0.018330146441286332,0.00149723531420983,0.013393849062026807,0.012287599959530798,-0.013499608744195313,-0.003467158195582192,-0.0013426500761314283,0.008793966430421142,0.05434683271714262,-0.011000517433478886,-0.004873380510865742,-0.009651083759087416,-0.01254637403278535,-0.0015765802574443772,-0.009137850375939921,-0.006787538294886689,0.004932242785501876,0.01595968795699137,-0.011428315425846436,0.0036325167043270794,0.020185943671102543,-0.004880145805070633,-0.004862889002832811,-0.008405329408737113,-5.9991365735401615e-5,0.00027267033670572746,0.001467678485360851,-0.0024484924134031577,-0.011000517433478886,0.032564250290759544,0.007210211813912528,0.002244577673036524,0.012020680056163014,-0.006639736530945023,-0.015294976519180086,-0.01320100674255779,0.0008423844017565951,0.00549099416425007,-0.013066272391972476,-0.007071545060296492,0.0031332301394155103,-0.004540876129752973,-0.010182328599649817,0.00916169219322496,0.00014402925029275934,0.000944495581758584,0.001176015972992022,-0.008861490691844729,-0.004873380510865742,0.007210211813912528,0.043739880553730584,0.008021380223021877,0.02488657144454194,-0.0014399774030452788,-0.005195270876714007,-0.014331027127156476,0.011736079054058036,0.010461955771991653,-0.00716149011072327,-0.017472340901296145,-0.0022990357796860914,-0.00861831885439229,-0.018279645861988852,0.0004117675481815769,0.005161779072558827,0.005302729728272067,-0.000224482564256079,-0.0035934916246131727,-0.009651083759087416,0.002244577673036524,0.008021380223021877,0.025685712323764733,0.014999649384246142,-0.00647730758577034,-0.007222769272671826,-0.015100126769007195,0.004020308105812956,0.011141478821329204,-0.012114615987113124,-0.015838620857222183,-0.005627060408696833,-0.00921719736142243,-0.024329631919553688,0.007084770327872086,0.005584654582194851,-0.0004758791311079834,-0.0012636681271598782,-0.00963911043842356,-0.01254637403278535,0.012020680056163014,0.02488657144454194,0.014999649384246142,0.05606930871843326
0.02057547914059823,-0.002606527890344283,0.002943904981229068,-0.01719212042898549,0.0008284135444908583,0.005466185744900261,0.0004667506467124144,-0.004461400870352678,0.000610054239806546,0.0046346980831973635,0.0058933734780584,-0.012545636621609322,0.003368708619546396,-0.002058131163228059,-0.00018903420276977044,0.010286005235621707,0.006548213351881364,-0.008631271044441202,0.0012738444466881458,5.6144116827259336e-5,-0.002606527890344283,0.033266053049145386,0.019448670798054457,-0.00014772375169230226,-0.0030036049696678282,0.025218608313737498,0.018825035316600763,-0.015736097126125864,-0.017022681042370705,0.022098367751410004,-0.01509665116601526,-0.004608218089762674,-0.006571737398614981,-0.012881362754875739,0.011853488189292242,0.023851033892066643,-0.022025797220557974,-0.017981519954082557,0.01143346887637997,-0.012310818149128534,0.002943904981229068,0.019448670798054457,0.1014126768671853,-0.03180476029674445,-0.02934435763638492,0.04064238615726663,0.023716529613884117,-0.00752848662236592,-0.03052099271047132,0.05305146192164327,-0.0228621181521785,-0.008650378273626537,-0.018019207074132126,-0.006748606864723233,0.03969877509183283,0.032774730969103286,-0.013981553729296266,-0.03246773108393029,0.006127127019439809,-0.0023217298140189215,-0.01719212042898549,-0.00014772375169230226,-0.03180476029674445,0.07962998559926314,-8.137383545154132e-5,-0.01697477781350078,-0.01108826118778225,-0.011556549593981034,0.0035654566852181095,-0.016404942966298044,0.0008438630263824893,0.004093591123792878,0.011328545153376956,0.0028020951553870167,-0.012444702290422775,-0.002885409433402324,-0.013863051380531743,0.018559425178210492,0.005560713244018391,-0.019959864607960932,0.0008284135444908583,-0.0030036049696678282,-0.02934435763638492,-8.137383545154132e-5,0.04475876433687473,-0.008981830878258457,0.00654056757286774,0.009347615216252042,-0.009714506641892239,-0.0019948476230590515,-0.0018730883790076189,0.02438600188843405,-0.003752155440563135,-0.007521847050296625,-0.021458111173869504,-0.01002196398230109,0.0052359387245622165,0.005339144592211471,0.01061054568532252,0.03118126437946304,0.005466185744900261,0.025218608313737498,0.04064238615726663,-0.01697477781350078,-0.008981830878258457,0.06742035098165747,0.0367773012160139,-0.028715231982174717,-0.036232038175837686,0.04013964958496795,-0.018310274899720324,-0.023817454529727677,-0.010512390345646199,-0.020898246535708265,0.02392571448891801,0.051812951486827435,-0.029219130568207782,-0.04366254071314264,0.014368187343009129,-0.0068027363316495336,0.0004667506467124144,0.018825035316600763,0.023716529613884117,-0.01108826118778225,0.00654056757286774,0.0367773012160139,0.05774809880824347,-0.014519426566520374,-0.039321583673992855,0.034483479992767074,-0.027516379135924945,-0.011662369604400964,-0.017441355391411673,-0.02425212699021788,0.013134081007602598,0.02910464537767432,-0.0265658090321899,-0.03527995465696146,0.007644283908518185,0.0007071031668689394,-0.004461400870352678,-0.015736097126125864,-0.00752848662236592,-0.011556549593981034,0.009347615216252042,-0.028715231982174717,-0.014519426566520374,0.06257002600170107,0.018209546996344486,-0.010288406093598323,0.004123960472780425,0.0333229966836107,-0.005388303603765094,0.005367769772620982,-0.01555310299118472,-0.04694515089750721,0.016110170319800193,0.025582436812881176,-0.012379953954478107,0.02152490341591455,0.000610054239806546,-0.017022681042370705,-0.03052099271047132,0.0035654566852181095,-0.009714506641892239,-0.036232038175837686,-0.039321583673992855,0.018209546996344486,0.07401042773711486,-0.04056753626131529,0.02873623440096821,-0.0013815876772703944,0.020601360500644997,0.019590335111139282,-0.014385881933166825,-0.04908287575977919,0.022366579172089555,0.03543408975124226,-0.032400387828583635,-0.02591970054524234,0.0046346980831973635,0.022098367751410004,0.05305146192164327,-0.016404942966298044,-0.0019948476230590515,0.04013964958496795,0.034483479992767074,-0.010288406093598323,-0.04056753626131529,0.0677490260808771,-0.03232743207530707,0.0047280526979351185,-0.009884261848995955,-0.01732938710323098,0.019015750195547652,0.04171728790977595,-0.02381290588570633,-0.03548975337909975,0.013518253384037716,0.008533519050964455,0.0058933734780584,-0.01509665116601526,-0.0228621181521785,0.0008438630263824893,-0.0018730883790076189,-0.018310274899720324,-0.027516379135924945,0.004123960472780425,0.02873623440096821,-0.03232743207530707,0.03491140355575589,-0.00794240934257037,0.01208593243508015,0.009286324499448594,-0.011882552472671979,-0.019753821641503983,0.01469791352388617,0.021954502903728395,-0.008803000789203095,-0.007920315089569814,-0.012545636621609322,-0.004608218089762674,-0.008650378273626537,0.004093591123792878,0.02438600188843405,-0.023817454529727677,-0.011662369604400964,0.0333229966836107,-0.0013815876772703944,0.0047280526979351185,-0.00794240934257037,0.06976381666632661,-0.006222121125761961,0.003135700484492946,-0.018456575137230785,-0.029476253618946093,-0.00040991325937569456,0.027843296269874265,0.005867675610655945,0.044977600944604776,0.003368708619546396,-0.006571737398614981,-0.018019207074132126,0.011328545153376956,-0.003752155440563135,-0.010512390345646199,-0.017441355391411673,-0.005388303603765094,0.020601360500644997,-0.009884261848995955,0.01208593243508015,-0.006222121125761961,0.026099946512968056,0.008262891665861347,-0.007805788023052008,-0.004811456883903338,0.008730775133281646,0.007247551763957494,-0.003953729444317213,-0.01367451957633934,-0.002058131163228059,-0.012881362754875739,-0.006748606864723233,0.0028020951553870167,-0.007521847050296625,-0.020898246535708265,-0.02425212699021788,0.005367769772620982,0.019590335111139282,-0.01732938710323098,0.009286324499448594,0.003135700484492946,0.008262891665861347,0.028118216573073375,0.0024708948279056186,-0.01611180695010952,0.01693505779512719,0.015538457368683138,-0.012172298682000808,-0.002612705862662847,-0.00018903420276977044,0.011853488189292242,0.03969877509183283,-0.012444702290422775,-0.021458111173869504,0.02392571448891801,0.013134081007602598,-0.01555310299118472,-0.014385881933166825,0.019015750195547652,-0.011882552472671979,-0.018456575137230785,-0.007805788023052008,0.0024708948279056186,0.03559691162857604,0.024616818895719907,-0.009994673212566599,-0.02043893635855551,0.003060308550356228,-0.015042634655539277,0.010286005235621707,0.023851033892066643,0.032774730969103286,-0.002885409433402324,-0.01002196398230109,0.051812951486827435,0.02910464537767432,-0.04694515089750721,-0.04908287575977919,0.04171728790977595,-0.019753821641503983,-0.029476253618946093,-0.004811456883903338,-0.01611180695010952,0.024616818895719907,0.08301387788873871,-0.027878006477859124,-0.045982135299304394,0.023867383028431312,-0.01400310108439486,0.006548213351881364,-0.022025797220557974,-0.013981553729296266,-0.013863051380531743,0.0052359387245622165,-0.029219130568207782,-0.0265658090321899,0.016110170319800193,0.022366579172089555,-0.02381290588570633,0.01469791352388617,-0.00040991325937569456,0.008730775133281646,0.01693505779512719,-0.009994673212566599,-0.027878006477859124,0.046152782526016525,0.014472844818329174,-0.013847296259831318,0.008859441311941874,-0.008631271044441202,-0.017981519954082557,-0.03246773108393029,0.018559425178210492,0.005339144592211471,-0.04366254071314264,-0.03527995465696146,0.025582436812881176,0.03543408975124226,-0.03548975337909975,0.021954502903728395,0.027843296269874265,0.007247551763957494,0.015538457368683138,-0.02043893635855551,-0.045982135299304394,0.014472844818329174,0.05718402520046045,-0.008364522744269375,0.012941663989475544,0.0012738444466881458,0.01143346887637997,0.006127127019439809,0.005560713244018391,0.01061054568532252,0.014368187343009129,0.007644283908518185,-0.012379953954478107,-0.032400387828583635,0.013518253384037716,-0.008803000789203095,0.005867675610655945,-0.003953729444317213,-0.012172298682000808,0.003060308550356228,0.023867383028431312,-0.013847296259831318,-0.008364522744269375,0.028031792165339426,0.010833907148418304,5.6144116827259336e-5,-0.012310818149128534,-0.0023217298140189215,-0.019959864607960932,0.03118126437946304,-0.0068027363316495336,0.0007071031668689394,0.02152490341591455,-0.02591970054524234,0.008533519050964455,-0.007920315089569814,0.044977600944604776,-0.01367451957633934,-0.002612705862662847,-0.015042634655539277,-0.01400310108439486,0.008859441311941874,0.012941663989475544,0.010833907148418304,0.08947225243455445
