0.0980072483317659,-0.018534192431749807,0.05718506484073797,0.00456703638750788,0.005382646255035633,0.011961821113846922,-0.0011979063067789585,-0.02073027453427925,0.0009928951721316377,0.050653399374730804,0.0454352515289042,0.012991752152095647,0.003346410528751358,-0.01527181117254754,-0.08860779196200558,-0.0018338422288377578,0.004899941316637414,-0.0017365869807260386,-0.049188107866395936,-0.06766720585309131,-0.018534192431749807,0.025543577167566767,-0.026546680235244147,-0.021924110954294876,-0.011736975505904516,-0.008868639602319539,0.0034662655848878322,-0.003263553607856794,0.0010568151445355257,-0.005300834263718126,-0.017353140042869582,-0.017123494471433687,0.010404178145777678,0.02413826038261408,0.03477574324783496,0.015432337199929123,-0.009888711529336371,-0.007152783810647555,0.01165210177937839,0.018880074134258688,0.05718506484073797,-0.026546680235244147,0.11048304892433,0.027792857388926798,0.02793253256574569,0.020981725855203408,-0.005304901842889523,0.0010958228629401607,-0.018017527116652162,0.04098314036650133,0.042018031537090404,0.028699508361280955,-0.025976289431743745,-0.04563274487505434,-0.08853325546055149,-0.044941725733270085,0.00812946140110853,0.023164767496716344,-0.04375575537662614,-0.061311393084218097,0.00456703638750788,-0.021924110954294876,0.027792857388926798,0.05381549622526096,0.018355131581477335,0.007841385297881793,-0.017143777193809336,0.016584252996841072,-0.0017980354931832886,-0.015797258306755275,0.013851042362654515,0.022542456290526623,-0.00960730805973993,-0.03706474715243553,-0.03046201977338652,-0.010216233216466362,0.021631625027642234,0.010166918137280632,-0.019443846739096986,-0.011018211515677603,0.005382646255035633,-0.011736975505904516,0.02793253256574569,0.018355131581477335,0.02611393308963836,0.01269690717610572,-0.003491623197882816,0.0029981444401507287,0.0010941611287350371,0.004180950399781064,0.004085753195437945,0.007726358261755977,-0.015131640937565645,-0.016633089171744286,-0.025076782372130388,-0.0179811311344864,0.015448146913162309,0.01307042113349138,-0.008439658200594977,-0.014312362630401382,0.011961821113846922,-0.008868639602319539,0.020981725855203408,0.007841385297881793,0.01269690717610572,0.03831954257876392,0.008957573004769048,-7.960406757659627e-5,0.010566162668245484,0.00913477033711962,-0.0015652042264345902,-0.0073847094508767246,-0.012104538958469233,-0.005814956603837796,-0.026027630162387794,-0.020984714323429056,0.014864745355228857,0.009469512754751736,-0.00622141726879561,-0.025058973890843106,-0.0011979063067789585,0.0034662655848878322,-0.005304901842889523,-0.017143777193809336,-0.003491623197882816,0.008957573004769048,0.038414214007862046,-0.0115711381983135,0.008752225808884274,0.018317033165317353,-0.012187224321713193,-0.020790031950396283,-0.010037003985762294,0.012453995416596298,0.005236403546014783,-0.018655859890152542,0.003125820389299392,-0.0003013539896540064,0.007660973093859196,-0.007950869816736046,-0.02073027453427925,-0.003263553607856794,0.0010958228629401607,0.016584252996841072,0.0029981444401507287,-7.960406757659627e-5,-0.0115711381983135,0.03458179135547492,-0.006599323656354655,-0.0190471550697624,0.0034426524019726245,0.011200547734056208,-0.00516901866096414,-0.01241775362930754,0.007893934615617656,-0.006452445160048283,0.0027479255521860833,4.963177414140738e-6,0.0007576888300839253,0.010434439742884424,0.0009928951721316377,0.0010568151445355257,-0.018017527116652162,-0.0017980354931832886,0.0010941611287350371,0.010566162668245484,0.008752225808884274,-0.006599323656354655,0.02912024341843153,-0.00024766738780488263,-0.017836397449135948,-0.009043659398007386,-0.0005287686159719287,0.0156559229424061,-0.00010107022892010148,0.008571604797058882,0.006889182492672719,-4.894055687120135e-5,0.007887722992893748,-0.002756348335599259,0.050653399374730804,-0.005300834263718126,0.04098314036650133,-0.015797258306755275,0.004180950399781064,0.00913477033711962,0.018317033165317353,-0.0190471550697624,-0.00024766738780488263,0.07410404036765801,0.018654707221670182,-0.012075643951688994,-0.012341423834929264,0.00928255860007347,-0.047962149881821695,-0.026623916475535178,0.002117344976840077,0.007512563068779607,-0.02354591885008154,-0.05275856322430425,0.0454352515289042,-0.017353140042869582,0.042018031537090404,0.013851042362654515,0.004085753195437945,-0.0015652042264345902,-0.012187224321713193,0.0034426524019726245,-0.017836397449135948,0.018654707221670182,0.07325711709321975,0.02855443606658207,-0.006087542616033816,-0.03866719439171571,-0.057907994101817635,-0.014950558537513883,0.0009018926489465957,0.009643854356691548,-0.03217186190273856,-0.036975886811283554,0.012991752152095647,-0.017123494471433687,0.028699508361280955,0.022542456290526623,0.007726358261755977,-0.0073847094508767246,-0.020790031950396283,0.011200547734056208,-0.009043659398007386,-0.012075643951688994,0.02855443606658207,0.05262187389123865,0.006241916031749109,-0.03334200980618174,-0.03491417277986793,-0.0011949344776906049,0.0025226748756328756,0.004613979307980824,-0.029746203413584832,-0.008024021089429284,0.003346410528751358,0.010404178145777678,-0.025976289431743745,-0.00960730805973993,-0.015131640937565645,-0.012104538958469233,-0.010037003985762294,-0.00516901866096414,-0.0005287686159719287,-0.012341423834929264,-0.006087542616033816,0.006241916031749109,0.04989256216819599,0.010863915240845344,0.010404485759371002,0.03353377319455039,-0.021959452611143467,-0.018445029757183,0.0008263505922667005,0.016762906900354264,-0.01527181117254754,0.02413826038261408,-0.04563274487505434,-0.03706474715243553,-0.016633089171744286,-0.005814956603837796,0.012453995416596298,-0.01241775362930754,0.0156559229424061,0.00928255860007347,-0.03866719439171571,-0.03334200980618174,0.010863915240845344,0.06357037204547218,0.047996042992400276,0.02085519053829793,-0.013415220941037465,-0.016751707592863332,0.031229538092585586,0.022936513843490623,-0.08860779196200558,0.03477574324783496,-0.08853325546055149,-0.03046201977338652,-0.025076782372130388,-0.026027630162387794,0.005236403546014783,0.007893934615617656,-0.00010107022892010148,-0.047962149881821695,-0.057907994101817635,-0.03491417277986793,0.010404485759371002,0.047996042992400276,0.1459168874688086,0.034522353101483154,-0.01706636267069058,-0.0186448897672426,0.061292333469187193,0.08702006612969612,-0.0018338422288377578,0.015432337199929123,-0.044941725733270085,-0.010216233216466362,-0.0179811311344864,-0.020984714323429056,-0.018655859890152542,-0.006452445160048283,0.008571604797058882,-0.026623916475535178,-0.014950558537513883,-0.0011949344776906049,0.03353377319455039,0.02085519053829793,0.034522353101483154,0.08326736304680799,-0.010387567313581694,-0.027771207560220786,0.0033604678277313962,0.03842438343407502,0.004899941316637414,-0.009888711529336371,0.00812946140110853,0.021631625027642234,0.015448146913162309,0.014864745355228857,0.003125820389299392,0.0027479255521860833,0.006889182492672719,0.002117344976840077,0.0009018926489465957,0.0025226748756328756,-0.021959452611143467,-0.013415220941037465,-0.01706636267069058,-0.010387567313581694,0.03889862609631438,0.00994499696437888,-0.008961288639993343,-0.008209206528260734,-0.0017365869807260386,-0.007152783810647555,0.023164767496716344,0.010166918137280632,0.01307042113349138,0.009469512754751736,-0.0003013539896540064,4.963177414140738e-6,-4.894055687120135e-5,0.007512563068779607,0.009643854356691548,0.004613979307980824,-0.018445029757183,-0.016751707592863332,-0.0186448897672426,-0.027771207560220786,0.00994499696437888,0.035422778635360495,-0.008460233438890607,-0.015828548779320106,-0.049188107866395936,0.01165210177937839,-0.04375575537662614,-0.019443846739096986,-0.008439658200594977,-0.00622141726879561,0.007660973093859196,0.0007576888300839253,0.007887722992893748,-0.02354591885008154,-0.03217186190273856,-0.029746203413584832,0.0008263505922667005,0.031229538092585586,0.061292333469187193,0.0033604678277313962,-0.008961288639993343,-0.008460233438890607,0.06498230209885089,0.043003695929965155,-0.06766720585309131,0.018880074134258688,-0.061311393084218097,-0.011018211515677603,-0.014312362630401382,-0.025058973890843106,-0.007950869816736046,0.010434439742884424,-0.002756348335599259,-0.05275856322430425,-0.036975886811283554,-0.008024021089429284,0.016762906900354264,0.022936513843490623,0.08702006612969612,0.03842438343407502,-0.008209206528260734,-0.015828548779320106,0.043003695929965155,0.08539197830892717
0.16743460253971684,-0.027511325332437685,0.1290867937662768,0.001777790645641402,0.015548893273412471,-0.040474117134325124,-0.014362122702691955,-0.058644318691834466,-0.03009809593692972,0.04833844205857739,0.14063856431255137,0.06416446862408418,0.011300064912390141,-0.057693604147182026,-0.1182445777204438,0.02867409538268728,-0.028450644604109794,-0.016331784041035302,-0.08167712894203588,-0.07355465125110407,-0.027511325332437685,0.04861123006014654,-0.007382668771287569,-0.027638238158299622,-0.008537823804676123,-0.0023184572217081097,-0.0011735699481448354,0.006837376683054175,0.002280470632788206,-0.003780539830364405,-0.03228334714635641,-0.021861522686639004,0.004117507224685216,0.0033858069251488697,0.040246785674519295,-0.006249451214507999,-0.0005058493735265996,-0.008672133533091334,0.0035314863827798303,0.022511290931053717,0.1290867937662768,-0.007382668771287569,0.17744778227198044,-0.006198776475338166,0.02941272848518723,-0.04860261820479611,-0.010422895293562388,-0.05213596126610852,-0.047323538627171646,0.05394492972043354,0.15270442037641313,0.08145201554678344,-0.00393980399501043,-0.08089350764090059,-0.11653392602792759,-0.006195650715216589,-0.03452121530884717,-0.006033988936159683,-0.07371934343037073,-0.06833848053226464,0.001777790645641402,-0.027638238158299622,-0.006198776475338166,0.04543781501110208,0.0022719599451100844,0.004072498309516146,-0.008086925822791552,0.0009316208534002275,0.007099843834963542,-0.008577816177132963,-0.004981838974302299,0.009466422645759398,0.0014037949433757613,-0.004056469440738947,-0.01594521066014848,0.007369456863691391,0.007263158525866138,0.013984097820489259,-0.01186912113590893,-0.003417938577651915,0.015548893273412471,-0.008537823804676123,0.02941272848518723,0.0022719599451100844,0.03633285022905851,-0.0015146086266404459,-0.00972452043555057,-0.010677745650509586,-0.01226423499840825,0.012483322869242284,0.030267773777107397,0.013625569249921402,-0.010467556974907973,-0.009199045914859563,-0.03202461887336586,0.005024552677515154,0.006029150110889331,0.01527909362272874,-0.008684304591955787,-0.011877909505517606,-0.040474117134325124,-0.0023184572217081097,-0.04860261820479611,0.004072498309516146,-0.0015146086266404459,0.04922610211084282,0.0064042047308417675,0.024215368926081924,0.020226981829243734,-0.013228149555244987,-0.056524506223184626,-0.031870568796781615,-0.005110315428934985,0.04063250908732065,0.02434974979484334,-0.017772517334999773,0.012129031061117039,0.021804300862678455,0.023439794219660304,0.0035023894675375103,-0.014362122702691955,-0.0011735699481448354,-0.010422895293562388,-0.008086925822791552,-0.00972452043555057,0.0064042047308417675,0.04290769994142745,0.0029180419449673293,-0.003522836583596489,0.003242753691778979,-0.004532641458638202,-0.005219143381061271,0.011538228999026229,0.010240995025113775,0.011284567951825388,-0.016066823170678736,-0.00527305741759994,-0.0029953903896328014,0.010951999089874776,-0.008390562640405625,-0.058644318691834466,0.006837376683054175,-0.05213596126610852,0.0009316208534002275,-0.010677745650509586,0.024215368926081924,0.0029180419449673293,0.05622185058115713,0.021595641214144746,-0.029432886081346747,-0.03646995793523298,-0.01756127188812185,-0.011563471483910192,0.01762305707940072,0.038929698893159045,-0.022148644938335106,0.011083960478185356,0.0049996163142756655,0.0378023425800093,0.010629721104120731,-0.03009809593692972,0.002280470632788206,-0.047323538627171646,0.007099843834963542,-0.01226423499840825,0.020226981829243734,-0.003522836583596489,0.021595641214144746,0.050460439691069676,-0.019996004975475445,-0.07106966247530434,-0.030067083549152943,-0.006706287864086577,0.019047186202178247,0.025772914980187037,-0.003899664883782912,0.011694054155637196,-0.003915595970705659,0.024701173492510296,0.017390531495474877,0.04833844205857739,-0.003780539830364405,0.05394492972043354,-0.008577816177132963,0.012483322869242284,-0.013228149555244987,0.003242753691778979,-0.029432886081346747,-0.019996004975475445,0.04204313826803534,0.05295022573490751,0.018954348126813715,-0.0008048832798174719,-0.014878550499294728,-0.04704228993421516,-0.0021185471782063903,-0.007669547645830843,0.0001443625499327333,-0.02719480594447473,-0.030911821537810066,0.14063856431255137,-0.03228334714635641,0.15270442037641313,-0.004981838974302299,0.030267773777107397,-0.056524506223184626,-0.004532641458638202,-0.03646995793523298,-0.07106966247530434,0.05295022573490751,0.28910965655601034,0.11797271972732276,-0.0074026318017369865,-0.09096966209020535,-0.13262279512259345,0.016555962664193825,-0.04395531857097566,0.0017779716862284984,-0.06687064972421351,-0.10341403487434994,0.06416446862408418,-0.021861522686639004,0.08145201554678344,0.009466422645759398,0.013625569249921402,-0.031870568796781615,-0.005219143381061271,-0.01756127188812185,-0.030067083549152943,0.018954348126813715,0.11797271972732276,0.0750338139450789,0.0012244781188806945,-0.04931456032508383,-0.06877316965193118,0.00912108713679503,-0.02106178759376204,0.0007005035595943113,-0.0454133085009505,-0.043895226001286904,0.011300064912390141,0.004117507224685216,-0.00393980399501043,0.0014037949433757613,-0.010467556974907973,-0.005110315428934985,0.011538228999026229,-0.011563471483910192,-0.006706287864086577,-0.0008048832798174719,-0.0074026318017369865,0.0012244781188806945,0.036233143836680005,0.0031712193120970516,0.006014517843713622,0.014344260310680458,-0.011058084760456338,-0.00583161379984941,-0.013365596604269054,0.005308584439870496,-0.057693604147182026,0.0033858069251488697,-0.08089350764090059,-0.004056469440738947,-0.009199045914859563,0.04063250908732065,0.010240995025113775,0.01762305707940072,0.019047186202178247,-0.014878550499294728,-0.09096966209020535,-0.04931456032508383,0.0031712193120970516,0.07283000762147404,0.055181853131077624,-0.008831291098831736,0.012804423332582903,0.008957062740323204,0.040299617117637604,0.027499179743641085,-0.1182445777204438,0.040246785674519295,-0.11653392602792759,-0.01594521066014848,-0.03202461887336586,0.02434974979484334,0.011284567951825388,0.038929698893159045,0.025772914980187037,-0.04704228993421516,-0.13262279512259345,-0.06877316965193118,0.006014517843713622,0.055181853131077624,0.13713008241512958,-0.008283460445792626,0.01708898936386064,-0.010891673372766012,0.06527962391517558,0.0784168381148862,0.02867409538268728,-0.006249451214507999,-0.006195650715216589,0.007369456863691391,0.005024552677515154,-0.017772517334999773,-0.016066823170678736,-0.022148644938335106,-0.003899664883782912,-0.0021185471782063903,0.016555962664193825,0.00912108713679503,0.014344260310680458,-0.008831291098831736,-0.008283460445792626,0.05382106794681089,0.002392890962626213,-0.004031793322597398,-0.02328795375173489,0.008177948138626948,-0.028450644604109794,-0.0005058493735265996,-0.03452121530884717,0.007263158525866138,0.006029150110889331,0.012129031061117039,-0.00527305741759994,0.011083960478185356,0.011694054155637196,-0.007669547645830843,-0.04395531857097566,-0.02106178759376204,-0.011058084760456338,0.012804423332582903,0.01708898936386064,0.002392890962626213,0.03252498177031625,0.005482795222402439,0.018563196295381324,0.018307463275955574,-0.016331784041035302,-0.008672133533091334,-0.006033988936159683,0.013984097820489259,0.01527909362272874,0.021804300862678455,-0.0029953903896328014,0.0049996163142756655,-0.003915595970705659,0.0001443625499327333,0.0017779716862284984,0.0007005035595943113,-0.00583161379984941,0.008957062740323204,-0.010891673372766012,-0.004031793322597398,0.005482795222402439,0.042288024435971405,-0.004291440336081493,-0.008549652609182421,-0.08167712894203588,0.0035314863827798303,-0.07371934343037073,-0.01186912113590893,-0.008684304591955787,0.023439794219660304,0.010951999089874776,0.0378023425800093,0.024701173492510296,-0.02719480594447473,-0.06687064972421351,-0.0454133085009505,-0.013365596604269054,0.040299617117637604,0.06527962391517558,-0.02328795375173489,0.018563196295381324,-0.004291440336081493,0.08208565067383902,0.034590465372090734,-0.07355465125110407,0.022511290931053717,-0.06833848053226464,-0.003417938577651915,-0.011877909505517606,0.0035023894675375103,-0.008390562640405625,0.010629721104120731,0.017390531495474877,-0.030911821537810066,-0.10341403487434994,-0.043895226001286904,0.005308584439870496,0.027499179743641085,0.0784168381148862,0.008177948138626948,0.018307463275955574,-0.008549652609182421,0.034590465372090734,0.0764472579135593
