0.022857984206745473,0.0029050422528996405,-0.0009920156190976596,0.008655189169340676,0.005320117008212919,0.009115264760061914,-0.004154516414719381,0.0014971023476371154,-0.004748357242630542,-0.005481704217241638,-0.0023350600200468096,0.0048276033966765065,0.002248030595931441,0.0041321105851903055,0.006124145910400463,-0.004203985936478969,-0.003701661528452395,-0.0001498651503978368,-0.009836066260919839,-0.0050066917110222695,0.0029050422528996405,0.015051862106563011,0.0024197014305370333,0.000248034190491369,-0.001677914592242411,0.001618714398754753,0.00243257408095091,0.003673827520911976,0.003252307531231012,0.0014023742769473917,0.0018143992060952992,-0.0004423200276836738,-0.005268923145648532,-0.004070036370391378,-0.007078263538758688,-0.0020582131830746988,-0.000828691250600102,-0.0012596177566811606,0.006713077081072289,-0.002280651791526357,-0.0009920156190976596,0.0024197014305370333,0.03927250571244208,-0.00642542014172204,-0.001509204279359182,0.0012790799563069054,0.009754277599069001,-0.008121597154208562,-0.0035183549671648565,0.002483472388861775,0.005993781383418535,0.0007843624835017981,0.0010656423443617192,-0.010199847925968644,-0.009269534133596748,-0.001679586396883754,-0.003377237706720258,-0.017344453158538962,0.017354955572725844,-0.003560688797568827,0.008655189169340676,0.000248034190491369,-0.00642542014172204,0.016997190897633577,0.0004936476193338343,0.0023007809346519753,-0.0031864237561221387,0.0012007452759292005,0.0008992163771403205,-0.0014836143070601612,-0.0026188853215105617,0.00024635160111039227,0.007562366603487054,0.002221330727868322,-0.003691243642518323,0.0038404603991952155,-0.0014576684119117639,0.005074463282698559,-0.00447037674262184,-0.006234983796769375,0.005320117008212919,-0.001677914592242411,-0.001509204279359182,0.0004936476193338343,0.017593580168463924,0.0021469931358523995,0.004277090411542717,-0.003294014760486787,-0.0019212106354253669,-0.0013140620971697752,-0.006143419244711316,-0.0012381275690115275,0.0015345326150175533,0.00021869634351246386,0.002055396955742996,-0.0017434417840515976,-0.0007901079818669735,0.0019371901368176437,-0.006170297367874341,-0.007257766275163403,0.009115264760061914,0.001618714398754753,0.0012790799563069054,0.0023007809346519753,0.0021469931358523995,0.015240669874308782,-0.0015466297853597357,-0.002449794052304853,-0.0026583458781602085,-0.0018437080570087993,0.002664354376452777,-0.0010154685786819915,-0.003005197423101551,-0.0020616957691623862,-0.0012227352216297495,-0.0017388044998090304,-0.003611678873806164,0.0023612123005154672,-0.0020356137251441382,-0.005369615265201107,-0.004154516414719381,0.00243257408095091,0.009754277599069001,-0.0031864237561221387,0.004277090411542717,-0.0015466297853597357,0.031734683072768735,-0.007083219089514798,0.002537699671916249,0.002525948468389471,-0.003947535781828193,0.00516621515261958,-0.0026130736783864673,-0.00934538333114324,-0.009732855577435136,-0.003558729540828103,0.008935816566486928,-0.006469121720799448,0.0044629800435009945,-0.0007929239694955666,0.0014971023476371154,0.003673827520911976,-0.008121597154208562,0.0012007452759292005,-0.003294014760486787,-0.002449794052304853,-0.007083219089514798,0.03846303482857965,-0.0035457724769614807,-0.013568461241062283,0.007246384242457684,0.0022549027964856565,-0.006160414814421791,0.00386835204486417,0.0006152739598543914,0.004694031736605932,0.0012876073039967029,-0.0049847756103073605,-0.0032801164910932416,0.0031017575968199417,-0.004748357242630542,0.003252307531231012,-0.0035183549671648565,0.0008992163771403205,-0.0019212106354253669,-0.0026583458781602085,0.002537699671916249,-0.0035457724769614807,0.024522105013915545,0.011185293547964215,0.0007575139514980058,-0.0031735738965194007,-0.0008931606499384024,0.0026037075174185796,-0.00493244960349527,0.0032028549331008225,-0.003472162307827007,0.008131236979885947,-0.00048248014177283466,0.005118755242026271,-0.005481704217241638,0.0014023742769473917,0.002483472388861775,-0.0014836143070601612,-0.0013140620971697752,-0.0018437080570087993,0.002525948468389471,-0.013568461241062283,0.011185293547964215,0.03212091000431526,-0.0019535288083927195,-0.007382760279358504,-0.00019063163350761385,0.001223869574914473,-0.005396817650599555,-0.0054673556885991865,-0.001121720869839775,0.009692606118038169,0.00812181872356521,-0.0025389846814516956,-0.0023350600200468096,0.0018143992060952992,0.005993781383418535,-0.0026188853215105617,-0.006143419244711316,0.002664354376452777,-0.003947535781828193,0.007246384242457684,0.0007575139514980058,-0.0019535288083927195,0.03043975764660985,0.004599299580090551,-0.0032507022754117805,-0.0011526517003785477,-0.002430297209847352,0.005035597633934327,-0.0010481713609692017,-0.006135728021316009,0.00046905128938793826,0.0018561950182387381,0.0048276033966765065,-0.0004423200276836738,0.0007843624835017981,0.00024635160111039227,-0.0012381275690115275,-0.0010154685786819915,0.00516621515261958,0.0022549027964856565,-0.0031735738965194007,-0.007382760279358504,0.004599299580090551,0.023915963005570563,0.0014025488188948425,-0.004270693925199737,0.0018729244515136546,-0.0014717074216106679,0.003306924550199343,-0.008271474362456503,0.0014425916384056007,-4.5753533079806704e-5,0.002248030595931441,-0.005268923145648532,0.0010656423443617192,0.007562366603487054,0.0015345326150175533,-0.003005197423101551,-0.0026130736783864673,-0.006160414814421791,-0.0008931606499384024,-0.00019063163350761385,-0.0032507022754117805,0.0014025488188948425,0.03324273519234203,0.0076878082721861234,0.004262187546094121,0.005344499330695295,-0.0035388825247444035,1.6445405943420815e-5,-0.0032538016351037827,-0.00054057925531486,0.0041321105851903055,-0.004070036370391378,-0.010199847925968644,0.002221330727868322,0.00021869634351246386,-0.0020616957691623862,-0.00934538333114324,0.00386835204486417,0.0026037075174185796,0.001223869574914473,-0.0011526517003785477,-0.004270693925199737,0.0076878082721861234,0.030376387412710475,0.006539805884735281,0.002833140621843734,-0.005994129637225457,0.014542378704735917,-0.008532624257443867,0.007289858717720619,0.006124145910400463,-0.007078263538758688,-0.009269534133596748,-0.003691243642518323,0.002055396955742996,-0.0012227352216297495,-0.009732855577435136,0.0006152739598543914,-0.00493244960349527,-0.005396817650599555,-0.002430297209847352,0.0018729244515136546,0.004262187546094121,0.006539805884735281,0.027164695646868835,-0.0006225307309690089,0.0013795715323561635,0.006846814175062891,-0.007990347181840652,-0.0008982344360484614,-0.004203985936478969,-0.0020582131830746988,-0.001679586396883754,0.0038404603991952155,-0.0017434417840515976,-0.0017388044998090304,-0.003558729540828103,0.004694031736605932,0.0032028549331008225,-0.0054673556885991865,0.005035597633934327,-0.0014717074216106679,0.005344499330695295,0.002833140621843734,-0.0006225307309690089,0.02427851101642993,-0.005235664667644607,0.0022388150197853104,-0.006010453260977402,0.005524264183060675,-0.003701661528452395,-0.000828691250600102,-0.003377237706720258,-0.0014576684119117639,-0.0007901079818669735,-0.003611678873806164,0.008935816566486928,0.0012876073039967029,-0.003472162307827007,-0.001121720869839775,-0.0010481713609692017,0.003306924550199343,-0.0035388825247444035,-0.005994129637225457,0.0013795715323561635,-0.005235664667644607,0.026223639433782985,-0.0021196605408176075,0.0028610616202688877,-0.0012953979131002558,-0.0001498651503978368,-0.0012596177566811606,-0.017344453158538962,0.005074463282698559,0.0019371901368176437,0.0023612123005154672,-0.006469121720799448,-0.0049847756103073605,0.008131236979885947,0.009692606118038169,-0.006135728021316009,-0.008271474362456503,1.6445405943420815e-5,0.014542378704735917,0.006846814175062891,0.0022388150197853104,-0.0021196605408176075,0.036716239613862396,-0.008998992192300947,0.002046601962955142,-0.009836066260919839,0.006713077081072289,0.017354955572725844,-0.00447037674262184,-0.006170297367874341,-0.0020356137251441382,0.0044629800435009945,-0.0032801164910932416,-0.00048248014177283466,0.00812181872356521,0.00046905128938793826,0.0014425916384056007,-0.0032538016351037827,-0.008532624257443867,-0.007990347181840652,-0.006010453260977402,0.0028610616202688877,-0.008998992192300947,0.038323570344116493,0.001106093392512305,-0.0050066917110222695,-0.002280651791526357,-0.003560688797568827,-0.006234983796769375,-0.007257766275163403,-0.005369615265201107,-0.0007929239694955666,0.0031017575968199417,0.005118755242026271,-0.0025389846814516956,0.0018561950182387381,-4.5753533079806704e-5,-0.00054057925531486,0.007289858717720619,-0.0008982344360484614,0.005524264183060675,-0.0012953979131002558,0.002046601962955142,0.001106093392512305,0.029646281819578783
0.021129048861314156,0.004992778650008642,0.01139175710551198,0.006314395398767894,0.004649885794206234,0.008722668797061078,0.009960305767436431,0.005535302330099568,0.003155857923309397,-0.006391481750610857,0.001342321265192693,0.005023767275214053,0.005874926008323662,-0.0014403723437453326,0.0030104323335840193,-0.0026837420636354253,-0.0038382772046408214,-0.007972294427753032,-0.009310840198529565,-0.005480662244450974,0.004992778650008642,0.030163688616527327,0.0009837510269282263,-0.011240782210893203,0.014278390573133064,0.004371587239329784,0.01171836196324388,0.005662983883921549,-0.006560423603913811,0.006071133596533444,0.005032537991984901,-0.001048716021336638,0.005514367362463633,-0.009616451042268926,-0.011481663463262173,-0.014038554404629276,0.008597675470572566,-0.002790197284680278,0.00416685968732528,0.0027772371399304692,0.01139175710551198,0.0009837510269282263,0.025967198790220483,0.004578714085090127,-0.006512241857730675,0.001827759420537135,0.00227076320009466,0.0015258804965549999,-0.0021563175994392296,-0.0003632394860057241,-0.003442845677203518,-0.0063855927821286785,0.0023229802554687352,0.0017446165376921404,-0.0020139429573005764,-0.002849918128287659,-0.006999186418174293,-0.00611405888185505,0.003493116654102875,-0.004882164413616174,0.006314395398767894,-0.011240782210893203,0.004578714085090127,0.029962101335838445,-0.0182898631065917,-0.0007994489196035291,-0.007222661084439905,-0.009875461305654896,0.006841887980535609,-0.0003996124759681148,-0.01549464027490698,-0.01624909096421305,-0.007483337321061276,0.01103458528361882,-0.0014888512465846666,0.010454284683327864,-0.01014253734311062,0.006928686866957587,0.006082724084946612,-0.01649392750579815,0.004649885794206234,0.014278390573133064,-0.006512241857730675,-0.0182898631065917,0.04327258744287591,0.004573346778736153,0.022170205279453847,0.013290514998630373,-0.005643821068612139,-0.0035537308955197987,0.020257710504062998,0.02096739315112097,0.021313787960417448,-0.018229239771773653,-0.0036516957279158365,-0.010878120623030233,0.01427175848443362,-0.013735798798689669,-0.016537956716820294,0.0013558163387309748,0.008722668797061078,0.004371587239329784,0.001827759420537135,-0.0007994489196035291,0.004573346778736153,0.01959424028054933,0.016550128134626155,0.0007130571619770209,0.002035338391315195,-0.007201159602494539,-0.0005564191549311392,0.0058197601318053654,0.017820514941894353,-0.006347953804532238,-0.0053296871550843564,-0.0033956239823864603,0.009347278117309477,-0.004030796595304491,-0.015335921486171116,-0.005951040933416226,0.009960305767436431,0.01171836196324388,0.00227076320009466,-0.007222661084439905,0.022170205279453847,0.016550128134626155,0.05772746745191334,0.007153275368144395,0.001459616796376555,-0.0028913399060481173,0.011152396094609832,0.02321112403686043,0.04849764711971895,-0.012172915419668825,-0.005564997197447086,-0.013239963315503974,0.016183753789507233,-0.010904630420588108,-0.031520714736552116,-0.00838414806230911,0.005535302330099568,0.005662983883921549,0.0015258804965549999,-0.009875461305654896,0.013290514998630373,0.0007130571619770209,0.007153275368144395,0.04108854873760655,-0.004414641880986102,-0.019177610315198816,0.015261364378483503,0.01613132127367732,0.007328255317046421,-0.007414075966413266,-0.008475810540838145,-0.0064733142805171884,0.007990509306710412,-0.024647312997435653,-0.008448344378544017,0.011657260612083218,0.003155857923309397,-0.006560423603913811,-0.0021563175994392296,0.006841887980535609,-0.005643821068612139,0.002035338391315195,0.001459616796376555,-0.004414641880986102,0.023463360340063123,-0.0036959001876131345,-0.002926369268398548,0.004123330179690748,0.002333656084022218,0.005218754051484754,0.0061875710903157785,0.0033652526465304975,-0.004472598538065307,-0.002877537642795745,-0.008513456689305879,-0.0038193893155269087,-0.006391481750610857,0.006071133596533444,-0.0003632394860057241,-0.0003996124759681148,-0.0035537308955197987,-0.007201159602494539,-0.0028913399060481173,-0.019177610315198816,-0.0036959001876131345,0.040891699783099714,-0.0038873497393593307,-0.020595789749947503,-0.015971410831597734,-0.0024924975738900993,0.001227593083657461,-0.0053026899873285065,-0.004651110170721236,0.010417363472774594,0.025508151039271076,-0.0009923045070529771,0.001342321265192693,0.005032537991984901,-0.003442845677203518,-0.01549464027490698,0.020257710504062998,-0.0005564191549311392,0.011152396094609832,0.015261364378483503,-0.002926369268398548,-0.0038873497393593307,0.038603550403285794,0.024101975099675585,0.015594416894924922,-0.005785954963687756,-0.002267765263222726,-0.006136191588591671,0.0018427760759097858,-0.014784239019407435,-0.01564447321919263,0.007825156172062416,0.005023767275214053,-0.001048716021336638,-0.0063855927821286785,-0.01624909096421305,0.02096739315112097,0.0058197601318053654,0.02321112403686043,0.01613132127367732,0.004123330179690748,-0.020595789749947503,0.024101975099675585,0.05993657422867798,0.03469520294111196,-0.004408164767920453,-0.0011308241267784605,-0.007395856579916944,0.006708742187739453,-0.011203496733056047,-0.0365903402726729,0.009205909300847862,0.005874926008323662,0.005514367362463633,0.0023229802554687352,-0.007483337321061276,0.021313787960417448,0.017820514941894353,0.04849764711971895,0.007328255317046421,0.002333656084022218,-0.015971410831597734,0.015594416894924922,0.03469520294111196,0.08344570482300082,-0.004801057408652134,-0.007542996550231422,-0.01211811126838421,0.02061553940103466,-0.00892682599816276,-0.047712047315354084,-0.007875142361058341,-0.0014403723437453326,-0.009616451042268926,0.0017446165376921404,0.01103458528361882,-0.018229239771773653,-0.006347953804532238,-0.012172915419668825,-0.007414075966413266,0.005218754051484754,-0.0024924975738900993,-0.005785954963687756,-0.004408164767920453,-0.004801057408652134,0.0335205451546253,0.004101920794597664,0.007110962526708699,-0.012913986672892307,0.013410045012460167,-0.000865267141059419,-0.005245115635391169,0.0030104323335840193,-0.011481663463262173,-0.0020139429573005764,-0.0014888512465846666,-0.0036516957279158365,-0.0053296871550843564,-0.005564997197447086,-0.008475810540838145,0.0061875710903157785,0.001227593083657461,-0.002267765263222726,-0.0011308241267784605,-0.007542996550231422,0.004101920794597664,0.03167691415522687,0.008140578848917904,-0.008271193722318802,0.009021653357625182,0.0008118465157159092,-0.00024581254868738506,-0.0026837420636354253,-0.014038554404629276,-0.002849918128287659,0.010454284683327864,-0.010878120623030233,-0.0033956239823864603,-0.013239963315503974,-0.0064733142805171884,0.0033652526465304975,-0.0053026899873285065,-0.006136191588591671,-0.007395856579916944,-0.01211811126838421,0.007110962526708699,0.008140578848917904,0.025106852670661328,-0.009866420592060457,0.007073664089925108,0.0010443272253790477,-0.0013943223020021689,-0.0038382772046408214,0.008597675470572566,-0.006999186418174293,-0.01014253734311062,0.01427175848443362,0.009347278117309477,0.016183753789507233,0.007990509306710412,-0.004472598538065307,-0.004651110170721236,0.0018427760759097858,0.006708742187739453,0.02061553940103466,-0.012913986672892307,-0.008271193722318802,-0.009866420592060457,0.029965496585358038,-0.005881890907514413,-0.00917026223519759,0.0003814918333079583,-0.007972294427753032,-0.002790197284680278,-0.00611405888185505,0.006928686866957587,-0.013735798798689669,-0.004030796595304491,-0.010904630420588108,-0.024647312997435653,-0.002877537642795745,0.010417363472774594,-0.014784239019407435,-0.011203496733056047,-0.00892682599816276,0.013410045012460167,0.009021653357625182,0.007073664089925108,-0.005881890907514413,0.0372618826068596,0.005808646452529811,-0.0028336593837545027,-0.009310840198529565,0.00416685968732528,0.003493116654102875,0.006082724084946612,-0.016537956716820294,-0.015335921486171116,-0.031520714736552116,-0.008448344378544017,-0.008513456689305879,0.025508151039271076,-0.01564447321919263,-0.0365903402726729,-0.047712047315354084,-0.000865267141059419,0.0008118465157159092,0.0010443272253790477,-0.00917026223519759,0.005808646452529811,0.060496785570856,0.007960745472717162,-0.005480662244450974,0.0027772371399304692,-0.004882164413616174,-0.01649392750579815,0.0013558163387309748,-0.005951040933416226,-0.00838414806230911,0.011657260612083218,-0.0038193893155269087,-0.0009923045070529771,0.007825156172062416,0.009205909300847862,-0.007875142361058341,-0.005245115635391169,-0.00024581254868738506,-0.0013943223020021689,0.0003814918333079583,-0.0028336593837545027,0.007960745472717162,0.03393542933755316
