0.13783066341749525,-0.016425874768469947,0.08001874848683575,-0.005795096876581677,-0.009380669743640675,-0.005108851073399353,-0.010158554017306205,-0.014225105163860337,-0.01921645733259269,0.03728198637891801,0.07031919234029471,0.039687052218733934,0.03138158441590297,-0.028782252399494043,-0.09346868338934106,0.0051231066187914865,-0.02249712038096927,-0.007373141300302216,-0.07163106452150601,-0.07352864381716492,-0.016425874768469947,0.03668511390391538,-0.026743584549708318,-0.017883375080367546,-0.015838655088769638,-0.009416093889327744,0.0032709322320494225,-0.005328876237506908,0.006399328175743299,0.0014870144543757263,-0.023395900384119074,-0.02579387024145869,0.012510213126139919,0.014853293634378803,0.026857751974583087,0.023049964836109472,-0.005153139202366336,-0.008344697849709908,-0.0008133440477301803,0.01683746352992795,0.08001874848683575,-0.026743584549708318,0.12257234934903188,0.022073508090371237,0.025804548865186475,0.011698894821594537,0.006344911301832115,0.0030804835670042202,-0.029300422949055695,0.0402527199502687,0.06310672380177475,0.043263461815899074,-0.0059725640374778104,-0.04896779090389756,-0.09965501096318258,-0.0457937645463022,0.0002842498969096948,0.02722063776837357,-0.052050661047279886,-0.06600687479999066,-0.005795096876581677,-0.017883375080367546,0.022073508090371237,0.07340945298402171,0.017305511061080768,0.01167804263696083,-0.0035035789420515785,0.018471348266860026,0.005932665574353516,-0.0015934292563563564,0.012776907912258169,-0.0019973535518672493,-0.02925657583855413,-0.047602519971369245,-0.018495864284327614,-0.02009331028009035,0.03550336019152212,0.03164397262281925,-0.03125622374361381,-0.01531558215696675,-0.009380669743640675,-0.015838655088769638,0.025804548865186475,0.017305511061080768,0.03768217830910858,0.018141694465547878,0.007034549600191575,0.00026780244016593943,-0.004130107882487922,-0.001264813778437665,0.007703085399378904,0.004307817901006802,-0.023991315218227456,-0.011762010201882903,-0.013932726149390218,-0.034223960724485025,0.020601139900440976,0.011322890814016637,0.008166421206739662,-0.0037541337488164557,-0.005108851073399353,-0.009416093889327744,0.011698894821594537,0.01167804263696083,0.018141694465547878,0.05048899873930899,0.009868143363551192,0.008846035565574145,0.010968931765663147,-0.005491904734654038,-0.01019483928491097,-0.012819842482539957,-0.01905533388964306,0.007349793457194815,0.0010563339362577677,-0.031178661714901187,0.02038849247004016,0.014093427251051886,0.005414977698151914,-0.01249578048454348,-0.010158554017306205,0.0032709322320494225,0.006344911301832115,-0.0035035789420515785,0.007034549600191575,0.009868143363551192,0.08258744635309397,-0.009314350475843886,0.01885374780665361,0.03833948455597438,-0.011339644562015503,-0.02335810639437727,-0.016409153709832827,0.002996080371325859,-0.004644638427979313,-0.0498737050611996,0.02140321994027771,0.010659501404748733,0.01079028965894218,-0.01261604764518428,-0.014225105163860337,-0.005328876237506908,0.0030804835670042202,0.018471348266860026,0.00026780244016593943,0.008846035565574145,-0.009314350475843886,0.03682693285177126,-0.0028680486571082717,-0.012675123854313786,-0.0015377580743889847,0.003434995112874919,-0.0103551902197083,-0.008842286014237708,0.008013987193189508,-0.011613487062101507,0.008117879782402724,0.015611260322050888,0.0017408929924261703,-0.0015781531676071492,-0.01921645733259269,0.006399328175743299,-0.029300422949055695,0.005932665574353516,-0.004130107882487922,0.010968931765663147,0.01885374780665361,-0.0028680486571082717,0.03799501413538865,-0.0006635604571834458,-0.030347622128222194,-0.02417689846439284,-0.013074321969321954,0.011228898090613042,0.017358222694888716,0.0004020360398674476,0.010210457286489092,-0.004215604966866451,0.009849256653269179,0.005648085638041344,0.03728198637891801,0.0014870144543757263,0.0402527199502687,-0.0015934292563563564,-0.001264813778437665,-0.005491904734654038,0.03833948455597438,-0.012675123854313786,-0.0006635604571834458,0.07471117545990433,0.02472338278561171,-0.007427804809130462,-0.005430963545441298,-0.007879567605170052,-0.05192597068261861,-0.026632355203116985,0.015397289674137915,0.02037670743455281,-0.022344642066390148,-0.0382528300228198,0.07031919234029471,-0.023395900384119074,0.06310672380177475,0.012776907912258169,0.007703085399378904,-0.01019483928491097,-0.011339644562015503,-0.0015377580743889847,-0.030347622128222194,0.02472338278561171,0.10090633264366058,0.05439022520306565,0.011440442316302262,-0.047233825090896686,-0.07893633117195059,0.0015369070728799056,-0.008840904703184951,0.022500003821472013,-0.05680531930578846,-0.046025745419700656,0.039687052218733934,-0.02579387024145869,0.043263461815899074,-0.0019973535518672493,0.004307817901006802,-0.012819842482539957,-0.02335810639437727,0.003434995112874919,-0.02417689846439284,-0.007427804809130462,0.05439022520306565,0.0741927189482102,0.02324819232330028,-0.02623628702055397,-0.04942725169107182,0.008243950350739666,-0.0199887380282691,0.0038768067996831435,-0.03271293169680321,-0.02230225941862668,0.03138158441590297,0.012510213126139919,-0.0059725640374778104,-0.02925657583855413,-0.023991315218227456,-0.01905533388964306,-0.016409153709832827,-0.0103551902197083,-0.013074321969321954,-0.005430963545441298,0.011440442316302262,0.02324819232330028,0.06026907844435296,0.003413100351540482,-0.01024696290477221,0.044089125654728945,-0.03664583670312607,-0.01907668765489626,-0.021503616597457434,-0.00025406053027250247,-0.028782252399494043,0.014853293634378803,-0.04896779090389756,-0.047602519971369245,-0.011762010201882903,0.007349793457194815,0.002996080371325859,-0.008842286014237708,0.011228898090613042,-0.007879567605170052,-0.047233825090896686,-0.02623628702055397,0.003413100351540482,0.08647618284280618,0.05947505766769981,0.006788598683613492,-0.01640150063238783,-0.032031427565669186,0.05970843766637216,0.0349204939864876,-0.09346868338934106,0.026857751974583087,-0.09965501096318258,-0.018495864284327614,-0.013932726149390218,0.0010563339362577677,-0.004644638427979313,0.008013987193189508,0.017358222694888716,-0.05192597068261861,-0.07893633117195059,-0.04942725169107182,-0.01024696290477221,0.05947505766769981,0.13319284471406034,0.019561231936104984,0.002936924432724481,-0.024568069843617625,0.07233369934051034,0.07662163626515997,0.0051231066187914865,0.023049964836109472,-0.0457937645463022,-0.02009331028009035,-0.034223960724485025,-0.031178661714901187,-0.0498737050611996,-0.011613487062101507,0.0004020360398674476,-0.026632355203116985,0.0015369070728799056,0.008243950350739666,0.044089125654728945,0.006788598683613492,0.019561231936104984,0.10863669027242473,-0.035105561759263576,-0.015702412544265507,-0.03008887691776936,0.027881197347383358,-0.02249712038096927,-0.005153139202366336,0.0002842498969096948,0.03550336019152212,0.020601139900440976,0.02038849247004016,0.02140321994027771,0.008117879782402724,0.010210457286489092,0.015397289674137915,-0.008840904703184951,-0.0199887380282691,-0.03664583670312607,-0.01640150063238783,0.002936924432724481,-0.035105561759263576,0.05621690451145083,0.027935609893609967,0.004025200423006026,-0.0008116946551483678,-0.007373141300302216,-0.008344697849709908,0.02722063776837357,0.03164397262281925,0.011322890814016637,0.014093427251051886,0.010659501404748733,0.015611260322050888,-0.004215604966866451,0.02037670743455281,0.022500003821472013,0.0038768067996831435,-0.01907668765489626,-0.032031427565669186,-0.024568069843617625,-0.015702412544265507,0.027935609893609967,0.06581143058636535,-0.0270001026874487,-0.0167031451772841,-0.07163106452150601,-0.0008133440477301803,-0.052050661047279886,-0.03125622374361381,0.008166421206739662,0.005414977698151914,0.01079028965894218,0.0017408929924261703,0.009849256653269179,-0.022344642066390148,-0.05680531930578846,-0.03271293169680321,-0.021503616597457434,0.05970843766637216,0.07233369934051034,-0.03008887691776936,0.004025200423006026,-0.0270001026874487,0.10834378539788671,0.0476391310514319,-0.07352864381716492,0.01683746352992795,-0.06600687479999066,-0.01531558215696675,-0.0037541337488164557,-0.01249578048454348,-0.01261604764518428,-0.0015781531676071492,0.005648085638041344,-0.0382528300228198,-0.046025745419700656,-0.02230225941862668,-0.00025406053027250247,0.0349204939864876,0.07662163626515997,0.027881197347383358,-0.0008116946551483678,-0.0167031451772841,0.0476391310514319,0.07577264168871069
0.1096577640618488,-0.018557104806662957,0.050296197810501084,-0.011192384384492833,0.006433173570996729,0.008030284642883865,0.007724155223644006,-0.029066880520381068,0.006071774418010637,0.046338231074999334,0.036195580020993184,0.00620695819673178,0.004264393535679112,-0.008266879409954521,-0.08958273697365055,0.008857434779839541,0.0018185990832211038,-0.002785801324541182,-0.04346091365599832,-0.07500652270024387,-0.018557104806662957,0.04209126983913697,-0.02186288192885798,-0.027718423974697502,-0.0031681927232662306,-0.002062040847526931,0.0013797140421324663,0.012821764477705281,-0.0010725158899608028,-0.00739540441542485,-0.01959311908243295,-0.015382986857421111,0.012392980562254255,0.022918398968950912,0.04038940876783191,0.00022367775435768963,-0.009608439826200472,2.0752703187857952e-5,0.0004624787583794054,0.009006319228097196,0.050296197810501084,-0.02186288192885798,0.11277847682220242,0.01815317881571107,0.02367982280251972,0.009799067824567798,-0.0017944235998966665,-0.012555550818837946,-0.026256555894757363,0.034958577071287564,0.0493885279740946,0.02234897487888769,-0.015654170014721507,-0.04984720237327728,-0.09040753160692697,-0.02599121081551615,0.004072156867958817,0.016651641191552966,-0.02077056781459443,-0.04764219673118853,-0.011192384384492833,-0.027718423974697502,0.01815317881571107,0.054783021864504844,0.011448415678342212,-0.0029960907998282217,-0.012431579392610487,4.045770210823639e-5,0.0016389010937846457,-0.01137282188670373,0.002962281936328135,0.01909169555465174,-0.008947283867337685,-0.02535742819248919,-0.02203917189537482,-0.0035752279372268463,0.01987187301072455,0.010892996053263753,-0.005170351740938148,0.008759056117270136,0.006433173570996729,-0.0031681927232662306,0.02367982280251972,0.011448415678342212,0.032007847971670125,0.007070017377841585,-0.006304151261785898,-0.004626138927336612,0.0006964925910051887,0.002735394626325012,-0.00454346576767,-0.001937134739257417,-0.005156503943651861,-0.014348864229848282,-0.02754951014749383,0.0002902295578548588,0.013456329932605439,0.014642437942958917,-0.0066297799488743364,-0.00709571111326642,0.008030284642883865,-0.002062040847526931,0.009799067824567798,-0.0029960907998282217,0.007070017377841585,0.0330834332167535,0.00562296015172273,-0.002402718735871596,0.009029850890648809,0.009261620997944395,-0.009322017104765157,-0.0087004807517563,-0.008117292569849558,-0.00124795341815782,-0.017150037203861906,-0.011519328553148904,0.009864653918379814,0.005928428570067238,-0.007331637719888772,-0.018363690760182474,0.007724155223644006,0.0013797140421324663,-0.0017944235998966665,-0.012431579392610487,-0.006304151261785898,0.00562296015172273,0.03182797558399443,-0.00541698963048815,0.007001773460786928,0.011303829062663463,-0.0027654660204456606,-0.012146343025829103,-0.006865128385773232,0.005412940489947176,-0.0067424843079975354,-0.012537243240283713,0.004314695201095347,-0.002422354531495919,0.002220795273826087,-0.013783951770053664,-0.029066880520381068,0.012821764477705281,-0.012555550818837946,4.045770210823639e-5,-0.004626138927336612,-0.002402718735871596,-0.00541698963048815,0.05137789732310005,-0.0051217128647598155,-0.01824676346604344,0.005784206160316361,0.01272505457451284,0.0017506354558339127,-0.0021449237021850956,0.020688924798040992,-0.016734469279366213,-0.005497114930755817,-0.0017917775400932868,-0.00020728280809659229,0.009333682586837547,0.006071774418010637,-0.0010725158899608028,-0.026256555894757363,0.0016389010937846457,0.0006964925910051887,0.009029850890648809,0.007001773460786928,-0.0051217128647598155,0.039671808864321395,1.1258323409864745e-5,-0.02784983546750466,-0.006583354025696846,-0.0027610281151776465,0.01803005715660392,0.00039282037428867893,0.005576085939383027,0.009215700782625943,0.0019931170752458833,0.00013090171414028044,-0.005994107718567927,0.046338231074999334,-0.00739540441542485,0.034958577071287564,-0.01137282188670373,0.002735394626325012,0.009261620997944395,0.011303829062663463,-0.01824676346604344,1.1258323409864745e-5,0.05541991183368896,0.016256567451855823,-0.007239955556460686,-0.004327170583431685,0.0028880769514288513,-0.05041971294282114,-0.01793419641145514,0.0002838018007136796,0.004475674382018789,-0.018893167175193407,-0.048650844481979885,0.036195580020993184,-0.01959311908243295,0.0493885279740946,0.002962281936328135,-0.00454346576767,-0.009322017104765157,-0.0027654660204456606,0.005784206160316361,-0.02784983546750466,0.016256567451855823,0.10453761127401724,0.03694143106782784,-0.012107341886790697,-0.0443590094654069,-0.054218936645163224,-0.012993498363435352,-0.011405887508868711,0.0010677002175671826,-0.01900260441380948,-0.03743273434709088,0.00620695819673178,-0.015382986857421111,0.02234897487888769,0.01909169555465174,-0.001937134739257417,-0.0087004807517563,-0.012146343025829103,0.01272505457451284,-0.006583354025696846,-0.007239955556460686,0.03694143106782784,0.05651934074660077,-0.0007977641648146041,-0.025396801747290254,-0.02700168688191876,-0.007695908644633259,-0.0013221736352679475,0.001151842974009674,-0.02900748531142494,-0.011433769740676981,0.004264393535679112,0.012392980562254255,-0.015654170014721507,-0.008947283867337685,-0.005156503943651861,-0.008117292569849558,-0.006865128385773232,0.0017506354558339127,-0.0027610281151776465,-0.004327170583431685,-0.012107341886790697,-0.0007977641648146041,0.04014477737208148,0.012234894065558378,0.016986626607061753,0.014405880166733212,-0.02080206867778686,-0.00653907877084407,-0.0037938804329361543,0.007840563389235637,-0.008266879409954521,0.022918398968950912,-0.04984720237327728,-0.02535742819248919,-0.014348864229848282,-0.00124795341815782,0.005412940489947176,-0.0021449237021850956,0.01803005715660392,0.0028880769514288513,-0.0443590094654069,-0.025396801747290254,0.012234894065558378,0.06267024741413377,0.0502431632901347,0.007019980286775708,-0.006173635547459779,-0.006536492173522132,0.017166660445211653,0.014134230611324766,-0.08958273697365055,0.04038940876783191,-0.09040753160692697,-0.02203917189537482,-0.02754951014749383,-0.017150037203861906,-0.0067424843079975354,0.020688924798040992,0.00039282037428867893,-0.05041971294282114,-0.054218936645163224,-0.02700168688191876,0.016986626607061753,0.0502431632901347,0.15241798492029396,0.02322364361756734,-0.021347235804072346,-0.021581385753066108,0.05236991151772173,0.08604123818061143,0.008857434779839541,0.00022367775435768963,-0.02599121081551615,-0.0035752279372268463,0.0002902295578548588,-0.011519328553148904,-0.012537243240283713,-0.016734469279366213,0.005576085939383027,-0.01793419641145514,-0.012993498363435352,-0.007695908644633259,0.014405880166733212,0.007019980286775708,0.02322364361756734,0.0680359145555891,0.0028128753535954405,-0.01926413582229841,0.004662674392297195,0.028808576250858205,0.0018185990832211038,-0.009608439826200472,0.004072156867958817,0.01987187301072455,0.013456329932605439,0.009864653918379814,0.004314695201095347,-0.005497114930755817,0.009215700782625943,0.0002838018007136796,-0.011405887508868711,-0.0013221736352679475,-0.02080206867778686,-0.006173635547459779,-0.021347235804072346,0.0028128753535954405,0.0451035363617162,0.009742429012941964,-0.002114093502718018,0.0021527388852655544,-0.002785801324541182,2.0752703187857952e-5,0.016651641191552966,0.010892996053263753,0.014642437942958917,0.005928428570067238,-0.002422354531495919,-0.0017917775400932868,0.0019931170752458833,0.004475674382018789,0.0010677002175671826,0.001151842974009674,-0.00653907877084407,-0.006536492173522132,-0.021581385753066108,-0.01926413582229841,0.009742429012941964,0.031213901573432207,-0.004922026416702339,-0.009244691953885761,-0.04346091365599832,0.0004624787583794054,-0.02077056781459443,-0.005170351740938148,-0.0066297799488743364,-0.007331637719888772,0.002220795273826087,-0.00020728280809659229,0.00013090171414028044,-0.018893167175193407,-0.01900260441380948,-0.02900748531142494,-0.0037938804329361543,0.017166660445211653,0.05236991151772173,0.004662674392297195,-0.002114093502718018,-0.004922026416702339,0.06999620576028456,0.04619490336613962,-0.07500652270024387,0.009006319228097196,-0.04764219673118853,0.008759056117270136,-0.00709571111326642,-0.018363690760182474,-0.013783951770053664,0.009333682586837547,-0.005994107718567927,-0.048650844481979885,-0.03743273434709088,-0.011433769740676981,0.007840563389235637,0.014134230611324766,0.08604123818061143,0.028808576250858205,0.0021527388852655544,-0.009244691953885761,0.04619490336613962,0.09641161135340223
