0.06430203553058557,-0.0023448520491373428,0.010689031292602034,0.0012525201753204908,0.0046495653476284005,0.015799637314905024,0.013779506665327717,0.004971507139438957,-0.005539553449952711,0.0017778041221225807,0.02134168127496831,0.004470384443411695,0.025667656346681094,0.0006133974362104492,0.00785071319117945,-0.013847446869019437,0.0036867109608015747,0.011499016474707326,-0.0054203956655603115,0.0029968667946375757,-0.0023448520491373428,0.0276887063622114,0.005765439737527684,0.0011629375885879444,-0.001303139071088951,-0.011635720842283289,0.014987735722755755,-0.006992911321520209,0.009112639819392759,0.0046207173800382,-0.002127550288927604,-0.001942708445777441,0.0008834368815377959,0.015557834546759425,0.006716957326553096,0.002230982385696921,-0.02014770686965283,0.01261165760316996,0.0028991462134437614,-0.007047063060121834,0.010689031292602034,0.005765439737527684,0.03233176282974766,-0.012526885828449642,-0.0028449543827041225,0.008406057623472985,0.010752008616449496,0.00010079011790354729,0.013934436383268535,-5.752885746530389e-5,-0.0040331241077270425,0.005298315235851324,0.0020844204357374427,0.0036882891822530408,0.008426550771099595,0.007320220024863178,-0.010869263276539594,0.003054986458299733,0.0177339217682246,0.014551769853734388,0.0012525201753204908,0.0011629375885879444,-0.012526885828449642,0.061582018785443324,0.02484985440727202,-0.007243432177555225,-7.553841734134464e-5,0.010464681777751356,-0.006697466126886172,0.015694307423263096,0.0073762001348613585,0.002216279510532907,0.00931854334123227,0.02563801961845453,-0.01576336799597945,-0.01294532123810612,0.0014931991800207103,0.028414622501605778,-0.0263592215254934,-0.026890004568652107,0.0046495653476284005,-0.001303139071088951,-0.0028449543827041225,0.02484985440727202,0.0757334239004159,0.005456840937236116,-0.004626015135732541,0.01514173304326593,0.0033049645261598853,0.00216194450770289,-0.0072902155260667015,-0.006454778965473918,0.0036675288416967693,0.03540886929364161,-0.0270178852568227,-0.029991996887456518,0.005261978149333819,0.01992563371229887,-0.02196072319703413,-0.008069832662184102,0.015799637314905024,-0.011635720842283289,0.008406057623472985,-0.007243432177555225,0.005456840937236116,0.051593303049824485,-0.01568382950207778,0.008619159344542795,-0.012076727867238391,-0.002115135445655661,-0.009370852718102174,0.01017579211174458,0.0004218676152226786,-0.006039769509098183,0.0033330850217252973,4.715791758434112e-5,0.014354656034654927,-0.012810012086615358,-0.010893093055549277,0.017390213929166988,0.013779506665327717,0.014987735722755755,0.010752008616449496,-7.553841734134464e-5,-0.004626015135732541,-0.01568382950207778,0.05556794087657825,-0.018042326689333626,0.030347090114502928,0.0008180625356733898,0.0069226935523593845,0.008821995754556597,0.02557356044834129,0.016180357859458393,0.024188899488574445,0.012684948963998716,-0.021882385960857925,0.023532774550806917,0.010358067341239528,-0.011427796095439102,0.004971507139438957,-0.006992911321520209,0.00010079011790354729,0.010464681777751356,0.01514173304326593,0.008619159344542795,-0.018042326689333626,0.022433571228128897,-0.004485434476617434,0.004559942208738883,0.0010044740371645993,0.004027676168500186,0.002897709445496371,0.0009142219637558776,-0.017857443739829358,-0.006178829892050786,0.009129145224807983,-0.003976398177543828,-0.00723836280525276,-0.00172571459328891,-0.005539553449952711,0.009112639819392759,0.013934436383268535,-0.006697466126886172,0.0033049645261598853,-0.012076727867238391,0.030347090114502928,-0.004485434476617434,0.03979161771416856,-0.0008615828601263569,0.0001111873480743519,0.011793223696955565,0.012584738564637345,0.020191126102097397,0.01125889775817621,0.018460343071210306,-0.016066257497811865,0.020453394330176844,0.012827309473708736,-0.0074263403236703805,0.0017778041221225807,0.0046207173800382,-5.752885746530389e-5,0.015694307423263096,0.00216194450770289,-0.002115135445655661,0.0008180625356733898,0.004559942208738883,-0.0008615828601263569,0.0269899921749458,0.008492528231798246,0.004769364641453095,0.013751380858181474,0.004708628997224287,-0.009143039152494582,0.00781965886723714,0.005676900771385359,0.007587043382144107,-0.012309313687464876,-0.009479887513617054,0.02134168127496831,-0.002127550288927604,-0.0040331241077270425,0.0073762001348613585,-0.0072902155260667015,-0.009370852718102174,0.0069226935523593845,0.0010044740371645993,0.0001111873480743519,0.008492528231798246,0.04044041762489537,0.00977902682804731,0.029595643988491627,-0.008661678509616626,0.004669888493621663,-0.010695913669362678,0.011469254866108346,0.010746312934362234,-0.010639697765009132,-0.012180475466067393,0.004470384443411695,-0.001942708445777441,0.005298315235851324,0.002216279510532907,-0.006454778965473918,0.01017579211174458,0.008821995754556597,0.004027676168500186,0.011793223696955565,0.004769364641453095,0.00977902682804731,0.05398438374398051,0.03580992780103935,0.0010586016890053677,0.018729142945640972,0.006271312461204228,0.006138151859101367,-0.009264669346648024,-0.012652567722343107,-0.013031675250233377,0.025667656346681094,0.0008834368815377959,0.0020844204357374427,0.00931854334123227,0.0036675288416967693,0.0004218676152226786,0.02557356044834129,0.002897709445496371,0.012584738564637345,0.013751380858181474,0.029595643988491627,0.03580992780103935,0.09235930195464026,0.009172192258719918,0.013561390003209977,0.0098140436103633,0.01835946715257101,0.014850265883450255,-0.028952946121767874,-0.015694211445564345,0.0006133974362104492,0.015557834546759425,0.0036882891822530408,0.02563801961845453,0.03540886929364161,-0.006039769509098183,0.016180357859458393,0.0009142219637558776,0.020191126102097397,0.004708628997224287,-0.008661678509616626,0.0010586016890053677,0.009172192258719918,0.05923489736084546,-0.010699084282755216,-0.005697801758380961,-0.02345489460827569,0.03389661959090612,-0.013347088319005168,-0.01580235920161128,0.00785071319117945,0.006716957326553096,0.008426550771099595,-0.01576336799597945,-0.0270178852568227,0.0033330850217252973,0.024188899488574445,-0.017857443739829358,0.01125889775817621,-0.009143039152494582,0.004669888493621663,0.018729142945640972,0.013561390003209977,-0.010699084282755216,0.04890770005633789,0.007333101225678895,-0.011252406261130624,-0.001971067572053991,0.005719139800377665,0.008645018713127627,-0.013847446869019437,0.002230982385696921,0.007320220024863178,-0.01294532123810612,-0.029991996887456518,4.715791758434112e-5,0.012684948963998716,-0.006178829892050786,0.018460343071210306,0.00781965886723714,-0.010695913669362678,0.006271312461204228,0.0098140436103633,-0.005697801758380961,0.007333101225678895,0.06471262467111236,-0.006602349523178238,-0.00824532457750711,0.014698644523821712,-0.00020414414693006942,0.0036867109608015747,-0.02014770686965283,-0.010869263276539594,0.0014931991800207103,0.005261978149333819,0.014354656034654927,-0.021882385960857925,0.009129145224807983,-0.016066257497811865,0.005676900771385359,0.011469254866108346,0.006138151859101367,0.01835946715257101,-0.02345489460827569,-0.011252406261130624,-0.006602349523178238,0.050332303334832365,-0.012494890908227986,-0.024373796242493695,0.005623276013257753,0.011499016474707326,0.01261165760316996,0.003054986458299733,0.028414622501605778,0.01992563371229887,-0.012810012086615358,0.023532774550806917,-0.003976398177543828,0.020453394330176844,0.007587043382144107,0.010746312934362234,-0.009264669346648024,0.014850265883450255,0.03389661959090612,-0.001971067572053991,-0.00824532457750711,-0.012494890908227986,0.05931576943510842,-0.013017178076298501,-0.013215098699709457,-0.0054203956655603115,0.0028991462134437614,0.0177339217682246,-0.0263592215254934,-0.02196072319703413,-0.010893093055549277,0.010358067341239528,-0.00723836280525276,0.012827309473708736,-0.012309313687464876,-0.010639697765009132,-0.012652567722343107,-0.028952946121767874,-0.013347088319005168,0.005719139800377665,0.014698644523821712,-0.024373796242493695,-0.013017178076298501,0.0636530649669805,0.01202154726424431,0.0029968667946375757,-0.007047063060121834,0.014551769853734388,-0.026890004568652107,-0.008069832662184102,0.017390213929166988,-0.011427796095439102,-0.00172571459328891,-0.0074263403236703805,-0.009479887513617054,-0.012180475466067393,-0.013031675250233377,-0.015694211445564345,-0.01580235920161128,0.008645018713127627,-0.00020414414693006942,0.005623276013257753,-0.013215098699709457,0.01202154726424431,0.047981821243398795
0.04848990598483231,-0.0010388416264581082,0.023313767236531502,-0.009730935909058037,-0.004741463776013404,-0.001159970236597333,-0.002766162224657892,0.009561248663032353,0.00021132263383619697,-0.008688032730013354,0.010730142660421767,-0.010571681759443034,-0.010989276626543296,-2.8147205707746423e-5,-0.0004684521013103562,-0.0059714008436486075,-0.00410283258440833,-0.0017935849115994474,0.005808424595130837,0.003938821555804626,-0.0010388416264581082,0.03570379072553155,-0.008511521623803406,-0.004006020869087535,0.013821462469308895,0.0072986795992024105,0.0013292449384307032,-0.01245462931636667,-0.0004732347357069358,0.00411445391802469,0.0030779719275302528,-0.00574342303689917,-0.0015342897405713988,0.009342052829774737,0.000632208857665541,-0.0017975195620613617,-0.0060245834701001776,0.022971495223595487,0.004826636391832954,-0.0024945268827584834,0.023313767236531502,-0.008511521623803406,0.0512756771105086,-0.018189332121356566,-0.010798231503267133,-0.019568425433211068,0.005074039232806157,0.011494383050093747,0.017618478821847722,-0.0080828826153507,0.0024030005217911296,0.0030018103320747763,-0.0049955696311151385,-0.0031566578129392023,0.0022614188303918823,0.00271613670708444,0.0036253651534233645,-0.019133113053524484,0.01706342242607209,0.015448211448950686,-0.009730935909058037,-0.004006020869087535,-0.018189332121356566,0.04165145156403986,0.004024600162562298,0.009465653379139587,0.008610703843788748,-0.00022264604131256335,-0.012260246806894835,0.002056051227631967,-0.008768594266530785,-0.000538297622365027,-0.001786114461748567,0.004967559886077087,0.003293055829362194,-0.00558294556539766,-0.005125514867369574,0.008050225919176411,-0.01156732616373009,-0.011417294558878563,-0.004741463776013404,0.013821462469308895,-0.010798231503267133,0.004024600162562298,0.029356484886465188,0.010956554126746808,-0.00046578957920890467,-0.009225578927952737,-0.0014830851963712642,0.0026717390378952666,-0.0033304606503493104,0.0057759973600002195,0.0028787616395447944,0.007962087372668274,-0.005523893665889249,0.007473291444702054,0.007628616364696384,0.013486076020529135,-0.005639383618557436,-0.00448508178174189,-0.001159970236597333,0.0072986795992024105,-0.019568425433211068,0.009465653379139587,0.010956554126746808,0.052559250880019656,-0.009890701236890995,-0.004425199032677161,-0.016006111452141585,0.004788331724728402,0.0038150838540312116,-0.008127028142063049,-0.010107423415883988,0.007207974279649492,-0.005194635370628865,-0.013841448608113621,-0.0036900820245185538,0.013908278640630664,-0.014830001523638833,-0.006618675913592548,-0.002766162224657892,0.0013292449384307032,0.005074039232806157,0.008610703843788748,-0.00046578957920890467,-0.009890701236890995,0.03561629110594686,0.004855374794618615,0.012160563274567007,-0.006989219530795378,-0.0020935175688140163,-0.010239748189790725,0.0019096034435146132,-0.0071466623911232915,0.00724668040116706,-0.002116573371178257,8.048681583604396e-5,-0.003998556847236488,0.00027274114715927723,0.008276919164614946,0.009561248663032353,-0.01245462931636667,0.011494383050093747,-0.00022264604131256335,-0.009225578927952737,-0.004425199032677161,0.004855374794618615,0.04027515257916986,0.01685391857396679,-0.008977292300553542,0.0005018459394077477,-0.0010508127664913647,0.018852007309030833,-0.007568716130197549,0.0026065928290029644,-0.0029528428006656816,0.011992930849507305,-0.026706693578310972,-0.010108663225864761,0.006406815416321137,0.00021132263383619697,-0.0004732347357069358,0.017618478821847722,-0.012260246806894835,-0.0014830851963712642,-0.016006111452141585,0.012160563274567007,0.01685391857396679,0.03317054485536697,-0.005862260938908178,0.006417208408657193,0.006817209171443616,0.01139216567793116,0.0015100934686928602,0.01067077772888647,0.005538734779618201,0.014125827655737097,-0.00646166874511204,0.0030427385104979427,0.009545960070864144,-0.008688032730013354,0.00411445391802469,-0.0080828826153507,0.002056051227631967,0.0026717390378952666,0.004788331724728402,-0.006989219530795378,-0.008977292300553542,-0.005862260938908178,0.023794627021711378,-0.003542326357518135,0.0012776514448436939,-0.0034206010157520894,0.0028410772017269225,-0.0032305069620844687,-0.0029480359143520102,-0.006178662724448272,0.014860614419710505,-2.7568829227382226e-5,-0.004284813161362261,0.010730142660421767,0.0030779719275302528,0.0024030005217911296,-0.008768594266530785,-0.0033304606503493104,0.0038150838540312116,-0.0020935175688140163,0.0005018459394077477,0.006417208408657193,-0.003542326357518135,0.02889503701349326,-0.0092879495857884,0.007337567681062198,-0.0024901967717196154,0.006503332559623348,-0.0067527635767451,0.003421297884175078,0.0027833887809724026,-0.002707031512963932,-0.004573817429866938,-0.010571681759443034,-0.00574342303689917,0.0030018103320747763,-0.000538297622365027,0.0057759973600002195,-0.008127028142063049,-0.010239748189790725,-0.0010508127664913647,0.006817209171443616,0.0012776514448436939,-0.0092879495857884,0.049577643611142155,0.012967284042495482,0.0011684518565733232,-0.001041099207049164,0.01988468963356041,0.024257784728383896,-0.01094212702612829,0.004447503019501507,0.006490525801202029,-0.010989276626543296,-0.0015342897405713988,-0.0049955696311151385,-0.001786114461748567,0.0028787616395447944,-0.010107423415883988,0.0019096034435146132,0.018852007309030833,0.01139216567793116,-0.0034206010157520894,0.007337567681062198,0.012967284042495482,0.07860462893710604,-0.015019230340820967,0.0028894685671870075,0.031214795508811975,0.04050915667276999,-0.027596030964730477,-0.006877424631923838,-0.008910975445599888,-2.8147205707746423e-5,0.009342052829774737,-0.0031566578129392023,0.004967559886077087,0.007962087372668274,0.007207974279649492,-0.0071466623911232915,-0.007568716130197549,0.0015100934686928602,0.0028410772017269225,-0.0024901967717196154,0.0011684518565733232,-0.015019230340820967,0.030066902467834413,-0.002669665039402658,-0.0073567221526066925,-0.012074359260768244,0.012687183061136184,-0.0029722758271323573,-0.007511836635619598,-0.0004684521013103562,0.000632208857665541,0.0022614188303918823,0.003293055829362194,-0.005523893665889249,-0.005194635370628865,0.00724668040116706,0.0026065928290029644,0.01067077772888647,-0.0032305069620844687,0.006503332559623348,-0.001041099207049164,0.0028894685671870075,-0.002669665039402658,0.025009422492960773,-0.0063273859173334605,0.005453262235223479,0.0036917147704571074,-0.0044954586577128485,0.002617724132994155,-0.0059714008436486075,-0.0017975195620613617,0.00271613670708444,-0.00558294556539766,0.007473291444702054,-0.013841448608113621,-0.002116573371178257,-0.0029528428006656816,0.005538734779618201,-0.0029480359143520102,-0.0067527635767451,0.01988468963356041,0.031214795508811975,-0.0073567221526066925,-0.0063273859173334605,0.04328953528877509,0.024083089751883745,-0.01650117656392469,0.010604760200280335,-0.00033786600364451495,-0.00410283258440833,-0.0060245834701001776,0.0036253651534233645,-0.005125514867369574,0.007628616364696384,-0.0036900820245185538,8.048681583604396e-5,0.011992930849507305,0.014125827655737097,-0.006178662724448272,0.003421297884175078,0.024257784728383896,0.04050915667276999,-0.012074359260768244,0.005453262235223479,0.024083089751883745,0.06342960712869583,-0.026715800560607128,-0.013842068469512029,0.009866940673545824,-0.0017935849115994474,0.022971495223595487,-0.019133113053524484,0.008050225919176411,0.013486076020529135,0.013908278640630664,-0.003998556847236488,-0.026706693578310972,-0.00646166874511204,0.014860614419710505,0.0027833887809724026,-0.01094212702612829,-0.027596030964730477,0.012687183061136184,0.0036917147704571074,-0.01650117656392469,-0.026715800560607128,0.06400696972261899,0.004027763463899868,-0.007674959103367917,0.005808424595130837,0.004826636391832954,0.01706342242607209,-0.01156732616373009,-0.005639383618557436,-0.014830001523638833,0.00027274114715927723,-0.010108663225864761,0.0030427385104979427,-2.7568829227382226e-5,-0.002707031512963932,0.004447503019501507,-0.006877424631923838,-0.0029722758271323573,-0.0044954586577128485,0.010604760200280335,-0.013842068469512029,0.004027763463899868,0.043184660480982705,0.006608855946495962,0.003938821555804626,-0.0024945268827584834,0.015448211448950686,-0.011417294558878563,-0.00448508178174189,-0.006618675913592548,0.008276919164614946,0.006406815416321137,0.009545960070864144,-0.004284813161362261,-0.004573817429866938,0.006490525801202029,-0.008910975445599888,-0.007511836635619598,0.002617724132994155,-0.00033786600364451495,0.009866940673545824,-0.007674959103367917,0.006608855946495962,0.03901105920109259
0.04727972824715355,-0.005146754422313317,0.006490841171753977,-0.012719841045495936,0.0007440376608688626,0.02355353086769945,-0.009656151312802041,0.0019124668983793976,-0.006526687376988623,0.023500185946908024,0.034619215881051546,-0.0011741032386702785,-0.007289736503242579,-0.00788043429518152,0.026763091195701468,-0.01697976266485829,-3.5446652896856112e-6,-0.010467621733877108,0.0029022049823897913,0.017423946185381407,-0.005146754422313317,0.03580241106523735,-0.0066381520909326,-0.004081554857450531,-0.003071233843270669,-0.008943937813163483,0.012613942269381034,-0.013505959310485883,-0.010228450446643335,0.005215264718715426,-0.010366445388753826,-0.011122619480446133,0.01034407385545077,-0.005229575888196485,-0.008871781124877267,0.0083086773308206,-0.005514026360568761,0.01994206165969049,0.002273804461690356,-0.008835349293707617,0.006490841171753977,-0.0066381520909326,0.05323466045427279,0.001018821142701641,0.017644852675384445,0.013130381681711309,-0.015753368944229944,0.014200891250427576,-0.010556303793900145,-0.005772072869825451,-0.014090339459439482,0.0029463703664034686,0.003675726323302499,-0.008287857158810098,-0.0005014620666237328,-0.004345244695924216,-0.007539648023861196,-0.010627826046962958,-0.008354901447121508,0.02859090498238777,-0.012719841045495936,-0.004081554857450531,0.001018821142701641,0.06425691413288477,0.012819522733042826,0.013222743960248012,-0.009388493779566968,0.020861097076591957,-0.00742261918338943,-0.016114765857165488,-0.027745218144106326,-0.025383060397468456,-0.012053940816335013,0.008486507982643726,-0.00337611691492384,0.01845044840603937,-0.012968302193327348,0.00843920835256848,0.015096108867997334,0.008561703097352397,0.0007440376608688626,-0.003071233843270669,0.017644852675384445,0.012819522733042826,0.09161077134232333,0.03698449556680269,-0.030090901963042736,-0.0033746464385367462,-0.04086853106804306,0.018017022743013675,-0.04500372633106172,0.004625697755622257,0.013897078040136636,-0.009825349504883354,0.0023030195594267344,0.04360674427665744,-0.009440084082820103,-0.025751545139881926,-0.022073600400018944,0.01644998604289569,0.02355353086769945,-0.008943937813163483,0.013130381681711309,0.013222743960248012,0.03698449556680269,0.06765020894042356,-0.027803035789700628,0.016584718464003022,-0.020848045172327433,0.005838591656132323,0.007535710451844457,0.0015623793193021043,0.006429476289423069,-0.010877132662258423,0.019680929882723984,0.007021626478090024,-0.013891948636462259,-0.014977303294587447,0.011461652281992599,0.021714024497164974,-0.009656151312802041,0.012613942269381034,-0.015753368944229944,-0.009388493779566968,-0.030090901963042736,-0.027803035789700628,0.03790391529188773,-0.009333098379505383,0.024921929396481392,-0.005187924933028778,0.016408759611118564,-0.0043961202063451995,-0.005456792884510907,0.011880764304225407,-0.007155085946484623,-0.009539244376597849,-0.0011535075068565366,0.006409571918267305,0.005718876427288647,-0.021588140391939396,0.0019124668983793976,-0.013505959310485883,0.014200891250427576,0.020861097076591957,-0.0033746464385367462,0.016584718464003022,-0.009333098379505383,0.04010750890592288,0.008784791135062975,-0.014687773443058863,0.0006051634572369724,0.006148667897293572,8.392455501574103e-5,0.0044151390041712296,-0.006259625895769876,-0.015063456162951825,-0.010038223045187629,-0.01628238308759988,0.012530162290677152,0.008818851504815633,-0.006526687376988623,-0.010228450446643335,-0.010556303793900145,-0.00742261918338943,-0.04086853106804306,-0.020848045172327433,0.024921929396481392,0.008784791135062975,0.05413712500058286,-0.022473583663529778,0.03170004072786713,0.0008672625512176004,-0.026332197270082867,0.0286951690442666,0.012222464746840652,-0.027549999651555503,-0.00030162330882438056,0.009649609810670133,0.019772222000377142,-0.007647921397420489,0.023500185946908024,0.005215264718715426,-0.005772072869825451,-0.016114765857165488,0.018017022743013675,0.005838591656132323,-0.005187924933028778,-0.014687773443058863,-0.022473583663529778,0.06161602357989802,0.012801464914666959,0.00489195800718842,0.007308712174356155,-0.010634373470345512,0.011769132325389356,0.004263480495648619,0.0033081055980991856,-0.019472401188176305,-0.018606332856712645,0.0026960039969161085,0.034619215881051546,-0.010366445388753826,-0.014090339459439482,-0.027745218144106326,-0.04500372633106172,0.007535710451844457,0.016408759611118564,0.0006051634572369724,0.03170004072786713,0.012801464914666959,0.09860742698210584,0.01992128883920736,-0.0013193417606728267,0.0016378497155427139,0.0354555195132098,-0.04897940559868967,0.005753302281636321,-0.016821981137440885,0.017399036240647245,-0.007614583490417482,-0.0011741032386702785,-0.011122619480446133,0.0029463703664034686,-0.025383060397468456,0.004625697755622257,0.0015623793193021043,-0.0043961202063451995,0.006148667897293572,0.0008672625512176004,0.00489195800718842,0.01992128883920736,0.0568694317616542,0.03986541582062943,-0.016416877770267055,-0.016152068654498083,-0.005335821563288407,0.023593199996118322,-0.029398905278536863,-0.01818894484072403,-0.016862768003179575,-0.007289736503242579,0.01034407385545077,0.003675726323302499,-0.012053940816335013,0.013897078040136636,0.006429476289423069,-0.005456792884510907,8.392455501574103e-5,-0.026332197270082867,0.007308712174356155,-0.0013193417606728267,0.03986541582062943,0.09631519511696451,-0.04400034936878913,-0.02388345200027117,0.027353945540103414,0.028188311531597843,-0.011959068955607229,-0.01467786359902247,-0.024767088001784697,-0.00788043429518152,-0.005229575888196485,-0.008287857158810098,0.008486507982643726,-0.009825349504883354,-0.010877132662258423,0.011880764304225407,0.0044151390041712296,0.0286951690442666,-0.010634373470345512,0.0016378497155427139,-0.016416877770267055,-0.04400034936878913,0.0397809092660708,0.008844294567223174,-0.015121675796460204,-0.015351413899673903,0.004528685891646967,0.010429308498205872,0.00292011749047239,0.026763091195701468,-0.008871781124877267,-0.0005014620666237328,-0.00337611691492384,0.0023030195594267344,0.019680929882723984,-0.007155085946484623,-0.006259625895769876,0.012222464746840652,0.011769132325389356,0.0354555195132098,-0.016152068654498083,-0.02388345200027117,0.008844294567223174,0.0677512790619426,-0.012940201422497497,-0.017239843386578173,-0.005133574481209227,0.019815062630620064,0.020310149618613105,-0.01697976266485829,0.0083086773308206,-0.004345244695924216,0.01845044840603937,0.04360674427665744,0.007021626478090024,-0.009539244376597849,-0.015063456162951825,-0.027549999651555503,0.004263480495648619,-0.04897940559868967,-0.005335821563288407,0.027353945540103414,-0.015121675796460204,-0.012940201422497497,0.06772303341851489,0.008318347379144112,0.003933684591680078,-0.01360994828294914,-0.007811284996386569,-3.5446652896856112e-6,-0.005514026360568761,-0.007539648023861196,-0.012968302193327348,-0.009440084082820103,-0.013891948636462259,-0.0011535075068565366,-0.010038223045187629,-0.00030162330882438056,0.0033081055980991856,0.005753302281636321,0.023593199996118322,0.028188311531597843,-0.015351413899673903,-0.017239843386578173,0.008318347379144112,0.04824438300162372,-0.00036168718900108846,-0.02222068517268122,-0.014951236399237788,-0.010467621733877108,0.01994206165969049,-0.010627826046962958,0.00843920835256848,-0.025751545139881926,-0.014977303294587447,0.006409571918267305,-0.01628238308759988,0.009649609810670133,-0.019472401188176305,-0.016821981137440885,-0.029398905278536863,-0.011959068955607229,0.004528685891646967,-0.005133574481209227,0.003933684591680078,-0.00036168718900108846,0.07369973040101813,0.009683252387766274,0.006191386247337973,0.0029022049823897913,0.002273804461690356,-0.008354901447121508,0.015096108867997334,-0.022073600400018944,0.011461652281992599,0.005718876427288647,0.012530162290677152,0.019772222000377142,-0.018606332856712645,0.017399036240647245,-0.01818894484072403,-0.01467786359902247,0.010429308498205872,0.019815062630620064,-0.01360994828294914,-0.02222068517268122,0.009683252387766274,0.05658484032256651,0.00014769288758526727,0.017423946185381407,-0.008835349293707617,0.02859090498238777,0.008561703097352397,0.01644998604289569,0.021714024497164974,-0.021588140391939396,0.008818851504815633,-0.007647921397420489,0.0026960039969161085,-0.007614583490417482,-0.016862768003179575,-0.024767088001784697,0.00292011749047239,0.020310149618613105,-0.007811284996386569,-0.014951236399237788,0.006191386247337973,0.00014769288758526727,0.04919342334627669
