0.02043346599544566,0.001963338419457422,0.004527996445884972,-0.004544765562025568,-0.0009014401811848021,0.008149516556445337,-0.002727098756465801,0.0028256227169476825,-0.00445312461262551,0.00021856082686649793,0.005753392225403026,-0.003529688557664666,0.0007411280488639448,-0.002603614046214787,0.0020242534287873556,-0.0023644372428728256,0.0030635602009795315,-0.001565240553311296,-0.0016313588831013176,0.005319850901789262,0.001963338419457422,0.020021195049025463,-0.0005393590581578205,-0.005548837046255249,0.0023230940108148112,-0.0027748499521141213,0.0071653578366749834,-0.0030638650731441663,0.003334326924547286,0.003697191370907101,0.0018630500189462948,-0.006661271439187682,-0.004002936478357347,0.0029935044883937596,0.0023599637981918473,0.00026137482837880667,-0.006955751557218352,0.00808347454838634,0.00047475797617730947,0.0015274477857323868,0.004527996445884972,-0.0005393590581578205,0.02218064802053658,-0.0023553444118904936,0.0001468134661320742,0.0051245185324215875,-0.0016385692150154851,0.002973448503832147,0.0031156343714908025,-0.002159650282163767,0.0008666237623613047,0.0018641166794944684,-0.0023922798070789234,0.0015021612035859026,0.003129882873222925,-0.006207358600843991,-0.00028826172677561695,-0.003015273336800314,0.007892693069236515,0.008807300752364954,-0.004544765562025568,-0.005548837046255249,-0.0023553444118904936,0.025147053853488494,0.0069497920792470184,0.0009344770373195701,0.001200962095526518,0.003357799804062967,-0.0035061661807445823,0.00014899837096165558,-0.007391278998756903,0.0013131946104710237,0.0017337222342601187,0.003655593819579468,-0.0038982641250320683,0.004858527481606783,0.004106543226862814,0.0008389320102823068,-0.002823699986928834,-0.0016453339206754366,-0.0009014401811848021,0.0023230940108148112,0.0001468134661320742,0.0069497920792470184,0.021141562589245166,0.0026754558301474323,0.0030115617983868578,0.004760909656173845,0.0023971890793941025,-0.00020842325714683346,-0.007531068713803291,0.0019361257440661138,0.0008379873915291005,0.008471452547491548,-0.004444237519035961,0.001166533828171521,-0.002054900319046862,-0.0010769060473012134,-0.002694259389457338,0.0006796991297425609,0.008149516556445337,-0.0027748499521141213,0.0051245185324215875,0.0009344770373195701,0.0026754558301474323,0.024048901477252218,-0.007182278742828058,0.006918760037577023,-0.006825551194788598,0.0026587193913165403,0.002646693848855089,0.0039064504744980265,0.00342820016254548,-0.004394116953372266,-0.0016727110681456167,-0.0034533977819038233,0.0053474036997773235,-0.0071195669976974974,-0.0018643589038311204,0.0029808962011155698,-0.002727098756465801,0.0071653578366749834,-0.0016385692150154851,0.001200962095526518,0.0030115617983868578,-0.007182278742828058,0.016849604722929176,-0.0074686269203723295,0.007545064799656671,-0.00038891149396461306,-0.002442957824537922,-0.005810100046457279,-0.0024600647642609354,0.004786252787234373,0.0035785928820645367,0.002240680879579241,-0.005291264665341711,0.008228820766838436,0.002047262544361101,-0.0020073959776190703,0.0028256227169476825,-0.0030638650731441663,0.002973448503832147,0.003357799804062967,0.004760909656173845,0.006918760037577023,-0.0074686269203723295,0.015969227548703724,-7.536886217351245e-5,0.001044589199825866,-0.00027915742032968613,0.006238201206016716,0.003488376561442879,-0.0017071502510045162,-0.005574655642709782,-0.0031220219742412697,0.0009903214638169895,-0.008033860168900713,-0.0006505071409016606,0.0004976752357692311,-0.00445312461262551,0.003334326924547286,0.0031156343714908025,-0.0035061661807445823,0.0023971890793941025,-0.006825551194788598,0.007545064799656671,-7.536886217351245e-5,0.014332718634199788,-0.0017832346532584394,0.0029086555749734226,0.0007427207333025569,-0.0009643571383006339,0.007201790704248429,0.005212622220858594,-0.001588773519997378,-0.004236030493453435,0.0059417364350361004,0.004120050661898651,4.0925559533995314e-5,0.00021856082686649793,0.003697191370907101,-0.002159650282163767,0.00014899837096165558,-0.00020842325714683346,0.0026587193913165403,-0.00038891149396461306,0.001044589199825866,-0.0017832346532584394,0.012450806055709284,-0.000698819193011958,-0.0011788404440720227,0.003314285635636304,-0.0031269914027179132,0.0004366030648269914,0.001063270488359038,0.000651043596563471,0.0013101136386275425,-0.0012025506414831315,-0.001492409530453877,0.005753392225403026,0.0018630500189462948,0.0008666237623613047,-0.007391278998756903,-0.007531068713803291,0.002646693848855089,-0.002442957824537922,-0.00027915742032968613,0.0029086555749734226,-0.000698819193011958,0.025463915419978157,0.0029531765821402475,0.006075505162497365,-0.004845724814130245,0.004583958241830409,-0.00848555421500485,0.0030566421913557538,-0.00029961066489199407,-0.0015185400063426223,-0.0008068777934817058,-0.003529688557664666,-0.006661271439187682,0.0018641166794944684,0.0013131946104710237,0.0019361257440661138,0.0039064504744980265,-0.005810100046457279,0.006238201206016716,0.0007427207333025569,-0.0011788404440720227,0.0029531765821402475,0.02237785749667995,0.008024020132995031,-0.0008885655389586184,-0.0035158793943572924,-0.0018375087007070847,0.006571840673641111,-0.010402402628725752,-0.00219901252299003,-0.0017274686720245421,0.0007411280488639448,-0.004002936478357347,-0.0023922798070789234,0.0017337222342601187,0.0008379873915291005,0.00342820016254548,-0.0024600647642609354,0.003488376561442879,-0.0009643571383006339,0.003314285635636304,0.006075505162497365,0.008024020132995031,0.02455211275924972,-0.005332347575257478,-0.0005626979638805057,0.0042251035845774195,0.013865619076736831,-0.005827830072853519,-0.0055480911314510235,-0.006927324192063409,-0.002603614046214787,0.0029935044883937596,0.0015021612035859026,0.003655593819579468,0.008471452547491548,-0.004394116953372266,0.004786252787234373,-0.0017071502510045162,0.007201790704248429,-0.0031269914027179132,-0.004845724814130245,-0.0008885655389586184,-0.005332347575257478,0.019323120722278486,0.0010314992604913702,-0.002209187852125336,-0.00762674597956507,0.00391136327644649,0.0009451645783546318,0.000982234012026404,0.0020242534287873556,0.0023599637981918473,0.003129882873222925,-0.0038982641250320683,-0.004444237519035961,-0.0016727110681456167,0.0035785928820645367,-0.005574655642709782,0.005212622220858594,0.0004366030648269914,0.004583958241830409,-0.0035158793943572924,-0.0005626979638805057,0.0010314992604913702,0.014237210634810527,-0.0025503981866146714,5.018935592956964e-5,0.004045700669677434,-0.000302073056271476,0.0020510487907090995,-0.0023644372428728256,0.00026137482837880667,-0.006207358600843991,0.004858527481606783,0.001166533828171521,-0.0034533977819038233,0.002240680879579241,-0.0031220219742412697,-0.001588773519997378,0.001063270488359038,-0.00848555421500485,-0.0018375087007070847,0.0042251035845774195,-0.002209187852125336,-0.0025503981866146714,0.01722940453863052,0.00437058144590023,0.0008816730837796192,-0.0015396818107085417,-0.002595727618466645,0.0030635602009795315,-0.006955751557218352,-0.00028826172677561695,0.004106543226862814,-0.002054900319046862,0.0053474036997773235,-0.005291264665341711,0.0009903214638169895,-0.004236030493453435,0.000651043596563471,0.0030566421913557538,0.006571840673641111,0.013865619076736831,-0.00762674597956507,5.018935592956964e-5,0.00437058144590023,0.023495816328702405,-0.00682846408911158,-0.008180474441908343,-0.0013933030156681753,-0.001565240553311296,0.00808347454838634,-0.003015273336800314,0.0008389320102823068,-0.0010769060473012134,-0.0071195669976974974,0.008228820766838436,-0.008033860168900713,0.0059417364350361004,0.0013101136386275425,-0.00029961066489199407,-0.010402402628725752,-0.005827830072853519,0.00391136327644649,0.004045700669677434,0.0008816730837796192,-0.00682846408911158,0.020627045234433698,0.0008765283555689947,-0.0003324944482987385,-0.0016313588831013176,0.00047475797617730947,0.007892693069236515,-0.002823699986928834,-0.002694259389457338,-0.0018643589038311204,0.002047262544361101,-0.0006505071409016606,0.004120050661898651,-0.0012025506414831315,-0.0015185400063426223,-0.00219901252299003,-0.0055480911314510235,0.0009451645783546318,-0.000302073056271476,-0.0015396818107085417,-0.008180474441908343,0.0008765283555689947,0.02089868280492347,0.005744786307634813,0.005319850901789262,0.0015274477857323868,0.008807300752364954,-0.0016453339206754366,0.0006796991297425609,0.0029808962011155698,-0.0020073959776190703,0.0004976752357692311,4.0925559533995314e-5,-0.001492409530453877,-0.0008068777934817058,-0.0017274686720245421,-0.006927324192063409,0.000982234012026404,0.0020510487907090995,-0.002595727618466645,-0.0013933030156681753,-0.0003324944482987385,0.005744786307634813,0.018492346745787175
