0.18040265724154736,0.03763374160341619,0.0042354886207217534,0.09956691803445963,-0.07441037053832707,-0.0923335871431413,-0.011639323213734211,-0.11392936799548684,-0.010391207601123997,0.038340728675941405,0.05429302146007153,-0.0026126342141151223,-0.03246824707348682,-0.03586087153996738,0.04273092810830065,-0.04931609814941013,0.02200260794067445,0.15814443878255344,-0.050027054580196795,-0.03541785983935317,0.03763374160341619,0.07418984220957049,-0.0034953090541446274,0.03735189100115799,-0.04385105391355969,-0.04741990859578802,0.011752103859555633,-0.03850621577273927,0.006925675439825885,2.98651869467181e-6,0.009551648819136723,-0.026585467556250714,-0.0347496149913408,0.004029410938379883,0.015081506778217332,-0.0026035405529808474,0.009566334630646808,0.052595052408218504,-0.01778751963063993,0.005236757577709664,0.0042354886207217534,-0.0034953090541446274,0.0955532380761375,0.00885460684352252,0.00045484942435909865,-0.00015128637973694375,-0.06859662467549357,-0.004440533361540327,-0.04627106612465056,0.012175777384740818,0.0034672593387033933,0.020716482187221455,0.004768662791629581,-0.012308720829076808,0.020722614619792506,-0.013573918990537615,-0.011300089659710907,0.019382670476276252,0.008609803790691083,-0.007710732976983974,0.09956691803445963,0.03735189100115799,0.00885460684352252,0.10414162024315593,-0.03389689114117212,-0.0744014713593486,-0.036907913014959215,-0.07559230799183606,-0.009468423843937344,0.015632622201789976,0.04737482032803429,0.0049666705239120885,-0.025489205051703052,-0.01170571497757418,0.019968121569046933,-0.022385818915029852,0.009679813281180257,0.10604417849932107,-0.021048303890151783,-0.03721452801764727,-0.07441037053832707,-0.04385105391355969,0.00045484942435909865,-0.03389689114117212,0.09705832196299893,0.05606114959101991,-0.03133898658870719,0.07776243113629502,0.002628056631924772,-0.018657150145382023,-0.023573934082086384,0.03617567459876383,0.04266164705883978,0.003632461228339383,-0.028514097376093322,0.007381904133774968,-0.028117024941781123,-0.08680498606765708,0.0274881578980172,-0.02755675013728448,-0.0923335871431413,-0.04741990859578802,-0.00015128637973694375,-0.0744014713593486,0.05606114959101991,0.1109614445914345,9.354580056124447e-5,0.09001407408093715,-0.006156069879557809,-0.020607909133032253,-0.039382547105348956,0.021706605525025617,0.04146302955576099,0.014826928539163578,-0.023318171508068607,0.02285309376967732,-0.03306386489031426,-0.1195009480572308,0.022186113509456065,0.011522931760418468,-0.011639323213734211,0.011752103859555633,-0.06859662467549357,-0.036907913014959215,-0.03133898658870719,9.354580056124447e-5,0.10229125975651153,-0.009999283057090297,0.039402196746920165,0.00010786261289966398,-0.01348470783898984,-0.04884893423835003,-0.022490667356165818,0.012227596497655088,-0.008008203866889626,0.018422753831296667,0.016245646610187063,-0.01382060127298182,-0.01408185048910395,0.048039740042396514,-0.11392936799548684,-0.03850621577273927,-0.004440533361540327,-0.07559230799183606,0.07776243113629502,0.09001407408093715,-0.009999283057090297,0.12858891028972363,0.012927795388543727,-0.034959365638059424,-0.05945043504872885,0.02347865894602011,0.04366690111380472,0.024248963745832977,-0.04100164287633572,0.023699018866579807,-0.021366676587272468,-0.13873074418473497,0.03732826758081734,-0.0010043622716466995,-0.010391207601123997,0.006925675439825885,-0.04627106612465056,-0.009468423843937344,0.002628056631924772,-0.006156069879557809,0.039402196746920165,0.012927795388543727,0.055566307456121115,-0.010487279102927549,-0.013871274687428978,-0.015785292264458912,-0.0012632872791353653,0.014249002252876678,-0.02008464852529203,0.011139240525896408,0.010990363609222405,-0.01569751826348567,0.0027138333508760094,-0.0002598879637181681,0.038340728675941405,2.98651869467181e-6,0.012175777384740818,0.015632622201789976,-0.018657150145382023,-0.020607909133032253,0.00010786261289966398,-0.034959365638059424,-0.010487279102927549,0.03519675169844727,0.013657785761925072,-0.009394988583287224,-0.009182466566054925,-0.01232361335038792,0.016773358220068774,-0.013055612492659758,-0.002208670935146249,0.04896971313786401,-0.019634497796621266,0.00739144839389082,0.05429302146007153,0.009551648819136723,0.0034672593387033933,0.04737482032803429,-0.023573934082086384,-0.039382547105348956,-0.01348470783898984,-0.05945043504872885,-0.013871274687428978,0.013657785761925072,0.053838412888059115,0.004203622710995526,-0.013357553395644334,-0.010455002913183317,0.01448415554179431,-0.006412300532833234,0.0012430536560663718,0.06486978762619433,-0.01786934924128878,-0.0036497672797517356,-0.0026126342141151223,-0.026585467556250714,0.020716482187221455,0.0049666705239120885,0.03617567459876383,0.021706605525025617,-0.04884893423835003,0.02347865894602011,-0.015785292264458912,-0.009394988583287224,0.004203622710995526,0.05369443198376444,0.022709645513856295,-0.006066701265080845,-0.007152605721394071,-0.005498938589120967,-0.016876203027620475,-0.022403270981148214,0.015739453048979474,-0.030070043679481503,-0.03246824707348682,-0.0347496149913408,0.004768662791629581,-0.025489205051703052,0.04266164705883978,0.04146302955576099,-0.022490667356165818,0.04366690111380472,-0.0012632872791353653,-0.009182466566054925,-0.013357553395644334,0.022709645513856295,0.04416980849273416,0.0006073393683284651,-0.01529565058977986,0.00339929028813686,-0.012278844769805515,-0.05019762104035859,0.01362414165654847,-0.008974183392213581,-0.03586087153996738,0.004029410938379883,-0.012308720829076808,-0.01170571497757418,0.003632461228339383,0.014826928539163578,0.012227596497655088,0.024248963745832977,0.014249002252876678,-0.01232361335038792,-0.010455002913183317,-0.006066701265080845,0.0006073393683284651,0.026252397560665594,-0.013135733799698578,0.015691862098387153,0.002543630373015808,-0.025601358413726592,0.011188307400103585,0.009067279455719026,0.04273092810830065,0.015081506778217332,0.020722614619792506,0.019968121569046933,-0.028514097376093322,-0.023318171508068607,-0.008008203866889626,-0.04100164287633572,-0.02008464852529203,0.016773358220068774,0.01448415554179431,-0.007152605721394071,-0.01529565058977986,-0.013135733799698578,0.039556442738754694,-0.014959499742497983,0.0011457389993672269,0.05074904454581412,-0.021718057485796197,0.004014167702970962,-0.04931609814941013,-0.0026035405529808474,-0.013573918990537615,-0.022385818915029852,0.007381904133774968,0.02285309376967732,0.018422753831296667,0.023699018866579807,0.011139240525896408,-0.013055612492659758,-0.006412300532833234,-0.005498938589120967,0.00339929028813686,0.015691862098387153,-0.014959499742497983,0.04232977850420689,-0.01792722692193079,-0.03926176751002433,0.010298129766849549,0.006054819299121786,0.02200260794067445,0.009566334630646808,-0.011300089659710907,0.009679813281180257,-0.028117024941781123,-0.03306386489031426,0.016245646610187063,-0.021366676587272468,0.010990363609222405,-0.002208670935146249,0.0012430536560663718,-0.016876203027620475,-0.012278844769805515,0.002543630373015808,0.0011457389993672269,-0.01792722692193079,0.05719424505128128,0.027067977493001043,0.0032556071502152606,0.018687221265437266,0.15814443878255344,0.052595052408218504,0.019382670476276252,0.10604417849932107,-0.08680498606765708,-0.1195009480572308,-0.01382060127298182,-0.13873074418473497,-0.01569751826348567,0.04896971313786401,0.06486978762619433,-0.022403270981148214,-0.05019762104035859,-0.025601358413726592,0.05074904454581412,-0.03926176751002433,0.027067977493001043,0.2116777512698827,-0.047667781330139894,-0.018711919454746772,-0.050027054580196795,-0.01778751963063993,0.008609803790691083,-0.021048303890151783,0.0274881578980172,0.022186113509456065,-0.01408185048910395,0.03732826758081734,0.0027138333508760094,-0.019634497796621266,-0.01786934924128878,0.015739453048979474,0.01362414165654847,0.011188307400103585,-0.021718057485796197,0.010298129766849549,0.0032556071502152606,-0.047667781330139894,0.041064407773501135,-0.011477528563844808,-0.03541785983935317,0.005236757577709664,-0.007710732976983974,-0.03721452801764727,-0.02755675013728448,0.011522931760418468,0.048039740042396514,-0.0010043622716466995,-0.0002598879637181681,0.00739144839389082,-0.0036497672797517356,-0.030070043679481503,-0.008974183392213581,0.009067279455719026,0.004014167702970962,0.006054819299121786,0.018687221265437266,-0.018711919454746772,-0.011477528563844808,0.09073112832252403
0.17273246116990287,0.0549543313417088,-0.01603249052023134,0.13089649436282452,-0.059332773756312435,-0.12521903555946415,0.016288649804570926,-0.0770055697193151,0.03524013417409828,0.019617974351787124,-0.003180609279407618,-0.0293930845984028,-0.06518746854960364,-0.0018901656081058336,0.053744521067170196,-0.06740711456424281,0.0269708119527979,0.08046484104402665,-0.018433344127009314,-0.06981045955025647,0.0549543313417088,0.054976666136929385,-0.007867313149666594,0.048245225613236256,-0.009137813776534514,-0.040139553072249826,0.00370477905639974,-0.020750211898937096,0.018264365220613303,-0.0012717454075237542,-0.00628823327661711,-0.0119963062130343,-0.024258276272804843,-0.00643862930939933,0.019840300964395097,-0.022355629514834434,0.0018917776593564406,0.026103281701711695,-0.011734109510381665,-0.02808769703057833,-0.01603249052023134,-0.007867313149666594,0.06185805698607512,-0.027181230049701646,-0.008424740725672055,0.02789344177613427,-0.009293077698325769,0.0049799045984945615,-0.017606194266469397,0.013348408691424889,-0.005775278061597836,-0.00418613096146934,-0.0001213479222710258,-0.010014782345946185,-0.009506385269654687,0.012674266340897907,-0.019334805812695217,-0.009215627297796746,0.002702732277191878,0.02142479955369636,0.13089649436282452,0.048245225613236256,-0.027181230049701646,0.1511183773694727,-0.040266978653400315,-0.10514178185706467,0.009970308150919177,-0.06332884549449169,0.03685149626607273,0.009619746302773577,-0.010188858383999869,-0.028361473089571265,-0.06042521902853989,-0.0059889030845595055,0.04192472258144248,-0.04884123638150287,0.022661555358196167,0.06177689668897279,-0.004862552192051645,-0.05266291310410119,-0.059332773756312435,-0.009137813776534514,-0.008424740725672055,-0.040266978653400315,0.06125364668498705,0.043295790908112336,-0.008299970584452986,0.03465495389645856,0.003729509908482612,-0.00631919868343566,-0.0073209139195291205,0.012649215690516242,0.0293698261391253,-0.004650473908153785,-0.0006114928194756587,0.018361024713365447,-0.015369925733650255,-0.03493817234330385,0.0009700908390130542,-0.005972263823820611,-0.12521903555946415,-0.040139553072249826,0.02789344177613427,-0.10514178185706467,0.043295790908112336,0.11940647432353611,-0.014400469204111605,0.060104886080353574,-0.036811619951857576,-0.006122305311932197,0.0012811895298138877,0.020306412051529034,0.05135169702637207,-0.0006709207532868495,-0.03945910840068388,0.05271129970759064,-0.030413581631155255,-0.061826975051572586,0.00684362090851052,0.05378327028496038,0.016288649804570926,0.00370477905639974,-0.009293077698325769,0.009970308150919177,-0.008299970584452986,-0.014400469204111605,0.02105027898614831,-0.014712842602156183,0.006862470638079814,-0.0009216338779034762,-0.0014532923494641305,-0.006331979143253068,-0.005350893409293107,0.0023620682906918457,-0.00239984734577126,-0.0010060324965460296,0.006470876221523696,0.0024518156796961587,0.0012809916370971767,-0.0037263901379369427,-0.0770055697193151,-0.020750211898937096,0.0049799045984945615,-0.06332884549449169,0.03465495389645856,0.060104886080353574,-0.014712842602156183,0.0678800529773704,-0.014459464208530878,-0.013454747795286586,-0.006160614967465193,0.017470987810866107,0.03567831483727123,0.017033387310305077,-0.019694182029769976,0.03493271670942538,-0.023905919876561786,-0.04390808178970508,0.008325189877951805,0.01635349685829461,0.03524013417409828,0.018264365220613303,-0.017606194266469397,0.03685149626607273,0.003729509908482612,-0.036811619951857576,0.006862470638079814,-0.014459464208530878,0.05265749821727443,0.0016778144464110268,-0.012156297013175468,0.0041461552423288466,-0.01964692620443244,-0.008863985880338762,0.013678028820924167,-0.005001096701213041,0.005339400764056029,-0.002734153469696891,0.002237233215503627,-0.0322116292114175,0.019617974351787124,-0.0012717454075237542,0.013348408691424889,0.009619746302773577,-0.00631919868343566,-0.006122305311932197,-0.0009216338779034762,-0.013454747795286586,0.0016778144464110268,0.03039863596970627,-0.00921437992310686,-0.004896209848613973,-0.01058441367887039,-0.0015329117408150262,0.017251987089899327,-0.003091790014293619,-0.0038240906454017013,0.013439496148549359,-0.0037262086643717134,-0.008788537006681892,-0.003180609279407618,-0.00628823327661711,-0.005775278061597836,-0.010188858383999869,-0.0073209139195291205,0.0012811895298138877,-0.0014532923494641305,-0.006160614967465193,-0.012156297013175468,-0.00921437992310686,0.032105308418633724,0.0028997596762725657,-0.004279834838861949,-0.000862680103310622,-0.011619354181921475,-0.00798801278492472,0.005855230026242253,0.0033477249599174865,0.00013549526894791886,0.01885799297346999,-0.0293930845984028,-0.0119963062130343,-0.00418613096146934,-0.028361473089571265,0.012649215690516242,0.020306412051529034,-0.006331979143253068,0.017470987810866107,0.0041461552423288466,-0.004896209848613973,0.0028997596762725657,0.04339690896986637,0.00420144372569199,-0.0006560835361216948,-0.013821076180202715,0.019268127447844254,-0.008908715417204303,-0.022350067014774308,-0.0012606118738246017,0.01308412449413172,-0.06518746854960364,-0.024258276272804843,-0.0001213479222710258,-0.06042521902853989,0.0293698261391253,0.05135169702637207,-0.005350893409293107,0.03567831483727123,-0.01964692620443244,-0.01058441367887039,-0.004279834838861949,0.00420144372569199,0.05940941657971011,0.015158377866730749,-0.012086017577346082,0.021594147336766345,-0.009286500608367795,-0.03131396605241395,0.004486532046709844,0.01932595350699509,-0.0018901656081058336,-0.00643862930939933,-0.010014782345946185,-0.0059889030845595055,-0.004650473908153785,-0.0006709207532868495,0.0023620682906918457,0.017033387310305077,-0.008863985880338762,-0.0015329117408150262,-0.000862680103310622,-0.0006560835361216948,0.015158377866730749,0.044041113812338446,0.005591506770490934,0.0027716780954715214,0.000803367586202965,0.0041314722006167304,0.0005280132180217557,-0.011349151019761217,0.053744521067170196,0.019840300964395097,-0.009506385269654687,0.04192472258144248,-0.0006114928194756587,-0.03945910840068388,-0.00239984734577126,-0.019694182029769976,0.013678028820924167,0.017251987089899327,-0.011619354181921475,-0.013821076180202715,-0.012086017577346082,0.005591506770490934,0.0631303522584447,-0.02556127324666367,0.001936464057592892,0.02836299148491108,-0.012833531645486965,-0.038252884265590675,-0.06740711456424281,-0.022355629514834434,0.012674266340897907,-0.04884123638150287,0.018361024713365447,0.05271129970759064,-0.0010060324965460296,0.03493271670942538,-0.005001096701213041,-0.003091790014293619,-0.00798801278492472,0.019268127447844254,0.021594147336766345,0.0027716780954715214,-0.02556127324666367,0.054587665879339255,-0.0196731280444359,-0.03695969054299187,0.00727918651645859,0.021551230406927083,0.0269708119527979,0.0018917776593564406,-0.019334805812695217,0.022661555358196167,-0.015369925733650255,-0.030413581631155255,0.006470876221523696,-0.023905919876561786,0.005339400764056029,-0.0038240906454017013,0.005855230026242253,-0.008908715417204303,-0.009286500608367795,0.000803367586202965,0.001936464057592892,-0.0196731280444359,0.03772928092465778,0.0185702223427245,-0.0005145094915618529,-0.004744161709101611,0.08046484104402665,0.026103281701711695,-0.009215627297796746,0.06177689668897279,-0.03493817234330385,-0.061826975051572586,0.0024518156796961587,-0.04390808178970508,-0.002734153469696891,0.013439496148549359,0.0033477249599174865,-0.022350067014774308,-0.03131396605241395,0.0041314722006167304,0.02836299148491108,-0.03695969054299187,0.0185702223427245,0.07858592798599097,-0.018236945111113304,-0.02474070920954076,-0.018433344127009314,-0.011734109510381665,0.002702732277191878,-0.004862552192051645,0.0009700908390130542,0.00684362090851052,0.0012809916370971767,0.008325189877951805,0.002237233215503627,-0.0037262086643717134,0.00013549526894791886,-0.0012606118738246017,0.004486532046709844,0.0005280132180217557,-0.012833531645486965,0.00727918651645859,-0.0005145094915618529,-0.018236945111113304,0.031362323603511086,0.007736721780102769,-0.06981045955025647,-0.02808769703057833,0.02142479955369636,-0.05266291310410119,-0.005972263823820611,0.05378327028496038,-0.0037263901379369427,0.01635349685829461,-0.0322116292114175,-0.008788537006681892,0.01885799297346999,0.01308412449413172,0.01932595350699509,-0.011349151019761217,-0.038252884265590675,0.021551230406927083,-0.004744161709101611,-0.02474070920954076,0.007736721780102769,0.0826873664183325
