0.06508224227254106,0.028137161535414387,0.008765849268795988,0.04904960247684037,0.05986930633916776,0.0036583612477497506,-0.009855020123178983,-0.02131031642765248,0.032657604908417445,-0.01677057651227892,0.01625393326934038,0.04938386816088322,0.0011178578888755026,-0.05526405554534396,-0.0343617078274976,0.019037085570029155,-0.047152440445241986,-0.033804436502242005,-0.024029696324211272,0.058339721454306534,0.028137161535414387,0.06736639052501057,0.006107841082865192,0.03664561480163299,0.06208567931185439,0.0014449671439458098,-0.028492285486886336,-0.02928631453726289,0.04414292448760208,-0.018781117513780546,0.00013923018893992236,0.04475821147176452,0.002588702319938633,-0.06520708137001607,-0.0392807709140441,0.004337890212195265,-0.03574933946894103,-0.020521038229960105,-0.019984953555105316,0.01580473724383454,0.008765849268795988,0.006107841082865192,0.040063395928500126,0.0069303359096336255,0.027739195667470507,0.0022092543985723066,-0.00703776491891801,0.027031419978052862,-0.017032523619387337,0.01869964082124588,-0.013847930926542185,-0.0006566965132931502,0.029718284753186282,0.006310447175678269,0.026093772390987376,-0.02585574163336376,0.0039043584883964345,-0.008910236356620757,0.0037991558156360112,-0.005069767493534102,0.04904960247684037,0.03664561480163299,0.0069303359096336255,0.11586007489420602,0.0691178106939371,-0.0024985698472806076,-0.030592430018699338,-0.02929197853356033,0.03348831275159237,-0.01614046208489791,0.005554427706875226,0.05056554813663439,0.01416658207269076,-0.12365723453004225,-0.051829926381199695,-0.00419052911391067,-0.03733741283173958,-0.04139553363899376,-0.014272861815578089,0.0677214200630042,0.05986930633916776,0.06208567931185439,0.027739195667470507,0.0691178106939371,0.13874563235075563,-0.015504618755704858,-0.049707342924153936,0.005451961204333312,0.03497031937136213,-0.014218450503665717,0.0013657265257021245,0.07090386914366881,0.049315432171241236,-0.08750588197522559,-0.02575313600802759,-0.02192575953073978,-0.0547339544265826,-0.0556133645048568,-0.05691376658323694,0.052839777231441835,0.0036583612477497506,0.0014449671439458098,0.0022092543985723066,-0.0024985698472806076,-0.015504618755704858,0.045062304444042946,0.014628617801840296,-0.02788025679523288,0.009948332072657749,0.0021769374985020204,-0.0226640337963218,-0.01424993912368628,-0.037346225485135165,-0.0163200306017561,-0.019335870110686326,0.02124650855660681,0.007679677869381638,0.021412858372618207,0.03505848422416493,-0.013558062218893958,-0.009855020123178983,-0.028492285486886336,-0.00703776491891801,-0.030592430018699338,-0.049707342924153936,0.014628617801840296,0.05772229389884288,0.0027035617106157418,-0.01587197110275367,0.006784954635330159,-0.0073569791215570834,-0.029961810974698667,-0.023006661302169572,0.05885019704329582,0.013622546592318756,0.022109445116037074,0.02099820065682966,0.03654154569344273,0.035516044844419524,-0.016042217890270792,-0.02131031642765248,-0.02928631453726289,0.027031419978052862,-0.02929197853356033,0.005451961204333312,-0.02788025679523288,0.0027035617106157418,0.10402677248870969,-0.0699717985462099,0.03067628554734616,-0.008172135033197593,-0.03406277735650879,0.06736318223554957,0.07337694084660379,0.08386858326178223,-0.0449673269711698,0.031181330428047722,0.01063848956657615,-0.007674430627617936,-0.02140417809833607,0.032657604908417445,0.04414292448760208,-0.017032523619387337,0.03348831275159237,0.03497031937136213,0.009948332072657749,-0.01587197110275367,-0.0699717985462099,0.1149457720447454,-0.01914194044840164,0.027145650437183644,0.05447688857162214,-0.024065991880862905,-0.07121885660926697,-0.06329867407694481,0.014604744503980513,-0.03797484556520066,-0.03479790448029564,-0.02114312461234715,0.03610952775120775,-0.01677057651227892,-0.018781117513780546,0.01869964082124588,-0.01614046208489791,-0.014218450503665717,0.0021769374985020204,0.006784954635330159,0.03067628554734616,-0.01914194044840164,0.04628308384373888,-0.014778199471612446,-0.03007055599351576,0.0327631610450235,0.034657443728583495,0.04292731844728536,-0.04035228041533263,0.03374138360045005,0.0005479634930734823,0.020564346586884906,-0.02302001246134215,0.01625393326934038,0.00013923018893992236,-0.013847930926542185,0.005554427706875226,0.0013657265257021245,-0.0226640337963218,-0.0073569791215570834,-0.008172135033197593,0.027145650437183644,-0.014778199471612446,0.05044062360247334,0.026275931392194064,-0.00224367142739727,-0.011092022390652802,-0.017193349686502754,0.020767436239702022,-0.02719308128283377,-0.020437094557439136,-0.03828478947385938,0.04232553173396085,0.04938386816088322,0.04475821147176452,-0.0006566965132931502,0.05056554813663439,0.07090386914366881,-0.01424993912368628,-0.029961810974698667,-0.03406277735650879,0.05447688857162214,-0.03007055599351576,0.026275931392194064,0.08232905315546392,0.011446154540128489,-0.07181109473782016,-0.04758824250534016,0.009150859183424774,-0.053233777052889654,-0.04238521637888211,-0.04570030534745849,0.05252655370338943,0.0011178578888755026,0.002588702319938633,0.029718284753186282,0.01416658207269076,0.049315432171241236,-0.037346225485135165,-0.023006661302169572,0.06736318223554957,-0.024065991880862905,0.0327631610450235,-0.00224367142739727,0.011446154540128489,0.11480202515017861,0.008465858450277223,0.05567460671016842,-0.07832452555620864,0.02442143018334999,-0.027332283675266175,-0.019078563376262615,0.0022370041197356492,-0.05526405554534396,-0.06520708137001607,0.006310447175678269,-0.12365723453004225,-0.08750588197522559,-0.0163200306017561,0.05885019704329582,0.07337694084660379,-0.07121885660926697,0.034657443728583495,-0.011092022390652802,-0.07181109473782016,0.008465858450277223,0.20345587759665656,0.09807788856582872,0.0003864752726468702,0.041342592797062594,0.06692578295857354,0.030026911014651676,-0.07581297537574502,-0.0343617078274976,-0.0392807709140441,0.026093772390987376,-0.051829926381199695,-0.02575313600802759,-0.019335870110686326,0.013622546592318756,0.08386858326178223,-0.06329867407694481,0.04292731844728536,-0.017193349686502754,-0.04758824250534016,0.05567460671016842,0.09807788856582872,0.1044403519754696,-0.05761462232380421,0.0501801080222289,0.01732819918223226,0.017459865545240802,-0.05346106949481258,0.019037085570029155,0.004337890212195265,-0.02585574163336376,-0.00419052911391067,-0.02192575953073978,0.02124650855660681,0.022109445116037074,-0.0449673269711698,0.014604744503980513,-0.04035228041533263,0.020767436239702022,0.009150859183424774,-0.07832452555620864,0.0003864752726468702,-0.05761462232380421,0.12372635557087538,-0.05207232948720204,0.036266363596564655,-0.0029839641284298748,0.03932009290154499,-0.047152440445241986,-0.03574933946894103,0.0039043584883964345,-0.03733741283173958,-0.0547339544265826,0.007679677869381638,0.02099820065682966,0.031181330428047722,-0.03797484556520066,0.03374138360045005,-0.02719308128283377,-0.053233777052889654,0.02442143018334999,0.041342592797062594,0.0501801080222289,-0.05207232948720204,0.09156447640728539,0.025985431443439625,0.05262903569427578,-0.06394848522587529,-0.033804436502242005,-0.020521038229960105,-0.008910236356620757,-0.04139553363899376,-0.0556133645048568,0.021412858372618207,0.03654154569344273,0.01063848956657615,-0.03479790448029564,0.0005479634930734823,-0.020437094557439136,-0.04238521637888211,-0.027332283675266175,0.06692578295857354,0.01732819918223226,0.036266363596564655,0.025985431443439625,0.08349785817136733,0.051221702596548305,-0.03686806219932596,-0.024029696324211272,-0.019984953555105316,0.0037991558156360112,-0.014272861815578089,-0.05691376658323694,0.03505848422416493,0.035516044844419524,-0.007674430627617936,-0.02114312461234715,0.020564346586884906,-0.03828478947385938,-0.04570030534745849,-0.019078563376262615,0.030026911014651676,0.017459865545240802,-0.0029839641284298748,0.05262903569427578,0.051221702596548305,0.09292732386508276,-0.05004205671451795,0.058339721454306534,0.01580473724383454,-0.005069767493534102,0.0677214200630042,0.052839777231441835,-0.013558062218893958,-0.016042217890270792,-0.02140417809833607,0.03610952775120775,-0.02302001246134215,0.04232553173396085,0.05252655370338943,0.0022370041197356492,-0.07581297537574502,-0.05346106949481258,0.03932009290154499,-0.06394848522587529,-0.03686806219932596,-0.05004205671451795,0.1105551878027874
0.0517063263310925,0.02263121700372071,-0.035398446268980525,0.025597347571202515,0.01735177196428297,0.002029227972683709,-0.012301224296168908,-0.04357167512678111,0.03404904317449817,-0.02474373041014129,0.03166266302798672,0.02932507578052028,-0.0246418158181751,-0.06168101285015555,-0.0449228145115516,0.03779146330445668,-0.028495289299143408,-0.01664992761390261,0.0017705374488924128,0.06472990750635912,0.02263121700372071,0.07886778353882497,-0.015620067985426367,0.04196126248491687,0.042905005021726755,-0.015252947873620398,-0.041250501217455354,-0.02199194528619173,0.00617354812376818,-0.012723524311103495,-0.0024829713170874007,0.010390831062402675,0.007421221868757394,-0.07541135096990308,-0.02685944310264479,-0.003924802984135807,-0.01114858349994765,-0.015726659991693218,0.0005397336549683069,0.023775042771380928,-0.035398446268980525,-0.015620067985426367,0.08024458667551995,-0.027366436998630894,-0.0006380732499851344,0.010937852498445817,0.0060896305327884995,0.04185294448986862,-0.03483982018064781,0.02222844878511083,-0.04103738268537797,-0.020746127309241705,0.04086093352824756,0.06023350482111107,0.059316717886120945,-0.0434623741492826,0.03324615820385661,0.026333643866283014,0.012009489891537346,-0.06387229544330991,0.025597347571202515,0.04196126248491687,-0.027366436998630894,0.05885681526508918,0.0430162483432602,-0.01865219615786362,-0.024932045334077016,-0.015991804339978107,0.02223329367480926,-0.012843276762541999,0.006410511005574937,0.015112825659645713,-0.008140084556233095,-0.0681106361643149,-0.030238957743809386,-0.01631000041755756,-0.005739858577376996,-0.024014143610429084,9.869175995875839e-5,0.032049979486765315,0.01735177196428297,0.042905005021726755,-0.0006380732499851344,0.0430162483432602,0.08091682120779478,-0.03047090030817829,-0.04607636510974268,0.004293771304612875,0.005922120259451034,-0.011129210405277933,-0.00018280334500545784,0.018594407706796354,0.022176402504485583,-0.05861899246346692,-0.006361369766543397,-0.04296267967346456,-0.005398491354954331,-0.026613622612145275,-0.017034858975079316,0.029119747083615484,0.002029227972683709,-0.015252947873620398,0.010937852498445817,-0.01865219615786362,-0.03047090030817829,0.04043882167251937,0.017688428013654764,-0.01700587554489596,0.018208678588726657,-0.003087901261904496,-0.00181255586886316,0.0017555117037562878,-0.0035083028318283315,-0.0013307504767233215,-0.012577832280149165,0.028230391497269025,-0.007351592676237079,0.02435517048296301,0.015269230372675056,-0.0003044587176211606,-0.012301224296168908,-0.041250501217455354,0.0060896305327884995,-0.024932045334077016,-0.04607636510974268,0.017688428013654764,0.07070039534490502,0.013780649104230946,-0.0012023786383815204,0.023844051028562102,-0.002576131107306484,-0.01892691403377148,-0.017655514292277234,0.06570672938832856,0.024285938187071865,0.011927659863008169,0.025197273649829766,0.021975987970363646,0.02209690823676564,-0.029655663138418928,-0.04357167512678111,-0.02199194528619173,0.04185294448986862,-0.015991804339978107,0.004293771304612875,-0.01700587554489596,0.013780649104230946,0.08584375920152805,-0.0492203120787755,0.03048225621397145,-0.033056133199864314,-0.02655153331141223,0.029797612394030597,0.07350915273664241,0.06964533231609901,-0.061771234658328705,0.042562018548856495,0.004152239412959623,-0.011418174320572568,-0.0758062584216576,0.03404904317449817,0.00617354812376818,-0.03483982018064781,0.02223329367480926,0.005922120259451034,0.018208678588726657,-0.0012023786383815204,-0.0492203120787755,0.07534315891040945,-0.024038282150877277,0.033497104485248404,0.03108298347490431,-0.022090385706670303,-0.0655924253239073,-0.056298238518405416,0.03305752332059666,-0.03415560774028123,-0.005068781197262438,-0.009775787020508478,0.07110264092159785,-0.02474373041014129,-0.012723524311103495,0.02222844878511083,-0.012843276762541999,-0.011129210405277933,-0.003087901261904496,0.023844051028562102,0.03048225621397145,-0.024038282150877277,0.050216901592248175,-0.02426194069992893,-0.0269587666636409,0.02214330726886085,0.05671732128350015,0.0469341321994357,-0.0347956335691012,0.037132890755393395,0.005126012943100123,0.009555220675022203,-0.04836315886968533,0.03166266302798672,-0.0024829713170874007,-0.04103738268537797,0.006410511005574937,-0.00018280334500545784,-0.00181255586886316,-0.002576131107306484,-0.033056133199864314,0.033497104485248404,-0.02426194069992893,0.05988864731460746,0.024041698786747123,-0.029701862123176253,-0.0415939080730785,-0.053840506807754554,0.050236226056630334,-0.04426200674996698,-0.012453157815327031,-0.01819829393024775,0.06826541187203038,0.02932507578052028,0.010390831062402675,-0.020746127309241705,0.015112825659645713,0.018594407706796354,0.0017555117037562878,-0.01892691403377148,-0.02655153331141223,0.03108298347490431,-0.0269587666636409,0.024041698786747123,0.041483813283896415,-0.005515725947028042,-0.055991674174756284,-0.038007379579524186,0.019538527263875755,-0.02928239037956514,-0.011313994748003042,-0.01860081972795704,0.05899240985680058,-0.0246418158181751,0.007421221868757394,0.04086093352824756,-0.008140084556233095,0.022176402504485583,-0.0035083028318283315,-0.017655514292277234,0.029797612394030597,-0.022090385706670303,0.02214330726886085,-0.029701862123176253,-0.005515725947028042,0.07826334409679617,0.008323463892232794,0.043342358703761075,-0.05976552776833689,0.024907309268498302,0.004153967070118527,-0.01669031304743545,-0.024531473024358364,-0.06168101285015555,-0.07541135096990308,0.06023350482111107,-0.0681106361643149,-0.05861899246346692,-0.0013307504767233215,0.06570672938832856,0.07350915273664241,-0.0655924253239073,0.05671732128350015,-0.0415939080730785,-0.055991674174756284,0.008323463892232794,0.18002210536165703,0.10292676180351777,-0.023656782670139605,0.058244155125533326,0.035337573788248824,0.02260647825980748,-0.12226494495505308,-0.0449228145115516,-0.02685944310264479,0.059316717886120945,-0.030238957743809386,-0.006361369766543397,-0.012577832280149165,0.024285938187071865,0.06964533231609901,-0.056298238518405416,0.0469341321994357,-0.053840506807754554,-0.038007379579524186,0.043342358703761075,0.10292676180351777,0.11493970529623937,-0.06458129249402758,0.06443259292437087,0.01321482511882567,0.005584472560083879,-0.0948424031319712,0.03779146330445668,-0.003924802984135807,-0.0434623741492826,-0.01631000041755756,-0.04296267967346456,0.028230391497269025,0.011927659863008169,-0.061771234658328705,0.03305752332059666,-0.0347956335691012,0.050236226056630334,0.019538527263875755,-0.05976552776833689,-0.023656782670139605,-0.06458129249402758,0.14182746900696025,-0.05915735975829039,0.013742909174175815,0.016836125346721534,0.0577217522292365,-0.028495289299143408,-0.01114858349994765,0.03324615820385661,-0.005739858577376996,-0.005398491354954331,-0.007351592676237079,0.025197273649829766,0.042562018548856495,-0.03415560774028123,0.037132890755393395,-0.04426200674996698,-0.02928239037956514,0.024907309268498302,0.058244155125533326,0.06443259292437087,-0.05915735975829039,0.06892209466148831,0.006050589797042287,0.02131565501562251,-0.07325984035487285,-0.01664992761390261,-0.015726659991693218,0.026333643866283014,-0.024014143610429084,-0.026613622612145275,0.02435517048296301,0.021975987970363646,0.004152239412959623,-0.005068781197262438,0.005126012943100123,-0.012453157815327031,-0.011313994748003042,0.004153967070118527,0.035337573788248824,0.01321482511882567,0.013742909174175815,0.006050589797042287,0.038756127452682906,0.019438231384661345,-0.02652259474695267,0.0017705374488924128,0.0005397336549683069,0.012009489891537346,9.869175995875839e-5,-0.017034858975079316,0.015269230372675056,0.02209690823676564,-0.011418174320572568,-0.009775787020508478,0.009555220675022203,-0.01819829393024775,-0.01860081972795704,-0.01669031304743545,0.02260647825980748,0.005584472560083879,0.016836125346721534,0.02131565501562251,0.019438231384661345,0.0754339747522971,-0.040677060096861936,0.06472990750635912,0.023775042771380928,-0.06387229544330991,0.032049979486765315,0.029119747083615484,-0.0003044587176211606,-0.029655663138418928,-0.0758062584216576,0.07110264092159785,-0.04836315886968533,0.06826541187203038,0.05899240985680058,-0.024531473024358364,-0.12226494495505308,-0.0948424031319712,0.0577217522292365,-0.07325984035487285,-0.02652259474695267,-0.040677060096861936,0.1601009676761947
