0.05068719955950578,-0.0018558342510205852,0.005870539259724939,0.004525334045807834,0.018170665562784676,0.03679825264974333,-0.004839959171400686,0.01584578089673791,-0.0010917547031045523,-0.014660350133194573,0.007436003516328622,0.007858891756238766,0.0043492241965145065,0.003431978872890969,0.0026579452362105135,0.0013210892753488445,0.012901836168388657,0.008070419825881157,0.0005770744585975969,0.010929029248174222,-0.0018558342510205852,0.07740193299092496,0.042821787009909275,0.015164604374326436,-0.007368038130876765,-0.05166624103439114,0.04365530135701368,-0.02195601699849437,0.013447720289100958,-0.0024507987431673884,0.013720888787114607,-0.06115939911424147,-0.04744456423972321,0.04939298698705483,-0.004458476151226239,-0.050324338254661954,-0.05791817949689787,0.05638470683575779,0.03834428284173348,0.02093633769676994,0.005870539259724939,0.042821787009909275,0.061166742290369364,0.019635310259704532,0.006451073522508483,-0.026513078319665713,0.027010156322262276,-0.009077396630028966,0.01736053462722176,-0.007443504275214015,0.005073965304634188,-0.04219913139487415,-0.03553379960968368,0.039263801960585785,0.004333864501275115,-0.04157392967039701,-0.038964927614850584,0.047571194061397495,0.03746425755652093,0.02761848921703488,0.004525334045807834,0.015164604374326436,0.019635310259704532,0.06105642382268535,0.01964005766729215,-0.010998397068871613,0.013309075875690884,-0.005806733893578745,-0.008315600698151834,-0.00567785432271159,-0.013560236835694036,-0.03277260944514623,-0.03404632072413229,0.04275982293311272,-0.007880507524973027,-0.025791252315059757,-0.02422235377984011,0.04967055537102369,0.00797747801247799,0.023061061435213276,0.018170665562784676,-0.007368038130876765,0.006451073522508483,0.01964005766729215,0.07983426099668771,0.04988485233074692,-0.0012612839214406514,0.01621539778772718,0.0066114501672050975,-0.00979788386809445,-0.03414402313716308,0.01821897933117852,0.0009533607768942055,0.00036756541993213294,-0.003076705045046517,0.028346529460718417,0.01512143634514209,-0.0003328330243263731,-0.003252757482947023,0.0017888032305566329,0.03679825264974333,-0.05166624103439114,-0.026513078319665713,-0.010998397068871613,0.04988485233074692,0.10856716984130564,-0.04002457695700002,0.03720840272794234,-0.014534080796794514,-0.008285779674554763,-0.03171198566009732,0.0689945260536029,0.037460599121308544,-0.04603697708936512,-0.0008624882235796214,0.0615631969128166,0.052979238191533,-0.04845275739640239,-0.03384682535974398,-0.006756406062501446,-0.004839959171400686,0.04365530135701368,0.027010156322262276,0.013309075875690884,-0.0012612839214406514,-0.04002457695700002,0.04710908160980448,-0.022948579794367378,0.01951912874959174,-0.008868003128937561,0.01111091169440788,-0.04706390103158137,-0.0350523032611211,0.03659378731404367,0.0003683174243681402,-0.03192288277857612,-0.038197863431841284,0.043854257093952326,0.02899003039430752,0.014560592659482865,0.01584578089673791,-0.02195601699849437,-0.009077396630028966,-0.005806733893578745,0.01621539778772718,0.03720840272794234,-0.022948579794367378,0.03206031003704976,-0.004208580222316204,0.0004492473806680914,-0.012524516329003858,0.03410011676085886,0.024816630925947186,-0.023519324888665143,-0.0033133314589263814,0.023059816034598644,0.022278986528782484,-0.03155188194177325,-0.013470989006066813,-0.009279914979573447,-0.0010917547031045523,0.013447720289100958,0.01736053462722176,-0.008315600698151834,0.0066114501672050975,-0.014534080796794514,0.01951912874959174,-0.004208580222316204,0.030481438491795357,-0.006396562052421237,0.008326081126840981,-0.008105394138327757,-0.00717268151675702,0.0168083604989405,0.013855901328521658,-0.0049591848092005765,-0.008418944573931468,0.015179954579047075,0.016601022978506477,0.003234820756284676,-0.014660350133194573,-0.0024507987431673884,-0.007443504275214015,-0.00567785432271159,-0.00979788386809445,-0.008285779674554763,-0.008868003128937561,0.0004492473806680914,-0.006396562052421237,0.026250417211129116,-0.001534343254994982,0.008483264716584584,0.014927192767133142,-0.011486612338937245,0.00019502494574786579,0.010175566421671778,0.0050176865167521345,-0.015449292426675367,-0.007794951833635413,-0.01302665276715646,0.007436003516328622,0.013720888787114607,0.005073965304634188,-0.013560236835694036,-0.03414402313716308,-0.03171198566009732,0.01111091169440788,-0.012524516329003858,0.008326081126840981,-0.001534343254994982,0.050510884951677736,-0.01786914973708522,0.004311746831462566,0.004433681815008345,0.008167777004819826,-0.031201446539290037,-0.00487155015084738,0.014932112040733674,0.011684737531219956,-0.00420793651475174,0.007858891756238766,-0.06115939911424147,-0.04219913139487415,-0.03277260944514623,0.01821897933117852,0.0689945260536029,-0.04706390103158137,0.03410011676085886,-0.008105394138327757,0.008483264716584584,-0.01786914973708522,0.09670152827726544,0.06998321100094357,-0.06001649375082423,0.004232941485259159,0.07428887139510809,0.06296935600378273,-0.07981993843215368,-0.04093607655954056,-0.03487667362325244,0.0043492241965145065,-0.04744456423972321,-0.03553379960968368,-0.03404632072413229,0.0009533607768942055,0.037460599121308544,-0.0350523032611211,0.024816630925947186,-0.00717268151675702,0.014927192767133142,0.004311746831462566,0.06998321100094357,0.09414726256815698,-0.06376535136567231,0.002295081138058328,0.06418957527481481,0.0647807682583745,-0.06893009352396536,-0.026905506551514597,-0.047916751212597,0.003431978872890969,0.04939298698705483,0.039263801960585785,0.04275982293311272,0.00036756541993213294,-0.04603697708936512,0.03659378731404367,-0.023519324888665143,0.0168083604989405,-0.011486612338937245,0.004433681815008345,-0.06001649375082423,-0.06376535136567231,0.08923250453513215,0.0031303396139258457,-0.05924614583091971,-0.06112522202787948,0.07798218367367371,0.028423338868619016,0.03853667978031997,0.0026579452362105135,-0.004458476151226239,0.004333864501275115,-0.007880507524973027,-0.003076705045046517,-0.0008624882235796214,0.0003683174243681402,-0.0033133314589263814,0.013855901328521658,0.00019502494574786579,0.008167777004819826,0.004232941485259159,0.002295081138058328,0.0031303396139258457,0.02038281264988715,0.0017913133442730568,0.004659197851223483,0.0028093543112261547,-0.0001831351621608059,0.0013840954751637635,0.0013210892753488445,-0.050324338254661954,-0.04157392967039701,-0.025791252315059757,0.028346529460718417,0.0615631969128166,-0.03192288277857612,0.023059816034598644,-0.0049591848092005765,0.010175566421671778,-0.031201446539290037,0.07428887139510809,0.06418957527481481,-0.05924614583091971,0.0017913133442730568,0.1002614218329885,0.06285769929217704,-0.07498998349858801,-0.033534641651472054,-0.03227329292235521,0.012901836168388657,-0.05791817949689787,-0.038964927614850584,-0.02422235377984011,0.01512143634514209,0.052979238191533,-0.038197863431841284,0.022278986528782484,-0.008418944573931468,0.0050176865167521345,-0.00487155015084738,0.06296935600378273,0.0647807682583745,-0.06112522202787948,0.004659197851223483,0.06285769929217704,0.0812583978731351,-0.06299762808841763,-0.03521908321149837,-0.028664273399834156,0.008070419825881157,0.05638470683575779,0.047571194061397495,0.04967055537102369,-0.0003328330243263731,-0.04845275739640239,0.043854257093952326,-0.03155188194177325,0.015179954579047075,-0.015449292426675367,0.014932112040733674,-0.07981993843215368,-0.06893009352396536,0.07798218367367371,0.0028093543112261547,-0.07498998349858801,-0.06299762808841763,0.11329225100840724,0.03693634940836771,0.04060010618605921,0.0005770744585975969,0.03834428284173348,0.03746425755652093,0.00797747801247799,-0.003252757482947023,-0.03384682535974398,0.02899003039430752,-0.013470989006066813,0.016601022978506477,-0.007794951833635413,0.011684737531219956,-0.04093607655954056,-0.026905506551514597,0.028423338868619016,-0.0001831351621608059,-0.033534641651472054,-0.03521908321149837,0.03693634940836771,0.04570433372448705,0.01558485386687323,0.010929029248174222,0.02093633769676994,0.02761848921703488,0.023061061435213276,0.0017888032305566329,-0.006756406062501446,0.014560592659482865,-0.009279914979573447,0.003234820756284676,-0.01302665276715646,-0.00420793651475174,-0.03487667362325244,-0.047916751212597,0.03853667978031997,0.0013840954751637635,-0.03227329292235521,-0.028664273399834156,0.04060010618605921,0.01558485386687323,0.04839497455063311
0.02656986868570729,-0.0015878411235723975,0.007869730017932966,-0.005260469630489664,-0.002226934135681256,0.008630456103364192,-0.003766994117426803,0.004341902657408508,-0.005902785553761494,-0.0002875045976199253,0.004114846350154276,-0.004779910713530196,-0.01079447849790721,-0.002747705582074171,-0.0015365036167085174,-0.00912942054823327,-0.002708779889465678,0.0018828545314383272,0.0003146239734232101,0.00620990817835722,-0.0015878411235723975,0.024510892145648586,-0.001777974963167997,-0.0004721260654541421,0.008947446208098054,-0.001651543369140479,0.004874346788729804,-0.007158084397028442,0.0003155253361682769,0.00319727374109087,-0.0014507783757062064,-0.0033929566656030227,-0.003972054884726885,0.005718293655514522,0.0018393728648879526,0.0016321407517966647,-0.006309916589932119,0.012687988577455445,0.0007315410614200918,-0.0002960742658169063,0.007869730017932966,-0.001777974963167997,0.025836639906503128,-0.008430454415246657,-0.005630970581455685,-0.003649001026798287,0.003120662643944361,0.003151984979535052,0.0060181080544594295,-0.0005824757695990696,-0.00010709523572980935,0.001220870832797587,-0.002136073168163564,-0.003308403022493773,-0.000720308986091,-0.002739048279163328,-0.0033866990215331125,-0.0034145944006586794,0.011022814317768088,0.010049005703347953,-0.005260469630489664,-0.0004721260654541421,-0.008430454415246657,0.035310016146948064,0.005906920815938898,0.002618506613766199,0.0014419999638250625,0.004610506073700539,-0.00269962552465905,0.0010583843417729972,-0.005282942454718632,0.006000653621179261,0.001043296278946906,0.007539377716623517,0.0016580245799433825,-0.00015931138944344153,0.0010907228759449348,0.0063930148940845415,-0.004562264393485803,-0.012208421639361582,-0.002226934135681256,0.008947446208098054,-0.005630970581455685,0.005906920815938898,0.03047139318058685,0.008699508139022535,-0.0014643035207048242,-0.0013816376565616382,0.0020574647208847193,0.0006309848257763691,-0.006013078069075934,0.0059945587532237495,0.0013109699223223872,0.01517358982009929,-0.005839486620150754,5.047306721971554e-5,-0.0018328451403036338,0.009704420762263185,-0.011683859854355206,-0.004412612213947495,0.008630456103364192,-0.001651543369140479,-0.003649001026798287,0.002618506613766199,0.008699508139022535,0.046536667625861686,-0.009346620124750078,0.004901615069108072,-0.005767378094519704,0.0012213671853613254,0.005654716858796226,-0.0038060703586487677,-0.008522066200869762,0.006279862783753532,-0.002745327723271043,-0.0071880452343502325,0.004232359849527122,0.008669197373338274,-0.00789510179056363,0.0036784122005054584,-0.003766994117426803,0.004874346788729804,0.003120662643944361,0.0014419999638250625,-0.0014643035207048242,-0.009346620124750078,0.022253929220856457,-0.005756919308770484,0.010152988830535593,0.00020022559777909624,-0.001138455433649653,-0.004724462780463291,0.003891863397896156,0.0006696309893356909,0.005527006434668061,0.007266966466275197,-0.00325927517644165,0.0018197216260732244,0.004620240509260029,-0.002773834033585717,0.004341902657408508,-0.007158084397028442,0.003151984979535052,0.004610506073700539,-0.0013816376565616382,0.004901615069108072,-0.005756919308770484,0.020607484234919163,0.0024698794272676704,0.0014558145549087792,-0.003020283936919034,0.006483538870518815,0.008076629545556747,0.00025957693895280426,-0.006668429848772774,-0.00625264379954016,0.0018498090189695217,-0.010442750124929883,-0.0010531258368652935,0.0008231620027282084,-0.005902785553761494,0.0003155253361682769,0.0060181080544594295,-0.00269962552465905,0.0020574647208847193,-0.005767378094519704,0.010152988830535593,0.0024698794272676704,0.02123248003716366,0.001142218947169564,0.003334712419079934,0.005294235935933504,0.005576804901552345,0.00660311499211346,0.0053248046559467195,0.004209509157636751,0.0005973584482823909,0.0060486386273086445,0.004385481270705345,0.0017444137825688454,-0.0002875045976199253,0.00319727374109087,-0.0005824757695990696,0.0010583843417729972,0.0006309848257763691,0.0012213671853613254,0.00020022559777909624,0.0014558145549087792,0.001142218947169564,0.018504740511070126,-6.82269898309338e-5,0.0013530896868013459,0.0028029663203166444,0.0023343482860051726,-0.0036426639891064742,-0.0007980962382596434,-0.0011053445385964455,0.004655273610312351,-0.0015971029624371204,-0.0008935321115067545,0.004114846350154276,-0.0014507783757062064,-0.00010709523572980935,-0.005282942454718632,-0.006013078069075934,0.005654716858796226,-0.001138455433649653,-0.003020283936919034,0.003334712419079934,-6.82269898309338e-5,0.02445196801654522,0.002378468524431894,0.0055272961887277375,-0.005749957383275927,0.007852911934057686,-0.0037736402935691733,0.007563247482228821,0.0020535730979649343,-0.0019733527086457153,0.0012845141138287568,-0.004779910713530196,-0.0033929566656030227,0.001220870832797587,0.006000653621179261,0.0059945587532237495,-0.0038060703586487677,-0.004724462780463291,0.006483538870518815,0.005294235935933504,0.0013530896868013459,0.002378468524431894,0.03907550561344104,0.01888635608162128,-0.0008421256669415367,0.0010059707465479243,-0.0006735411118219249,0.011499223621307212,-0.009669810751095248,-0.0035096693532330756,-0.006488589992136244,-0.01079447849790721,-0.003972054884726885,-0.002136073168163564,0.001043296278946906,0.0013109699223223872,-0.008522066200869762,0.003891863397896156,0.008076629545556747,0.005576804901552345,0.0028029663203166444,0.0055272961887277375,0.01888635608162128,0.05842762908715733,-0.008579770789310607,0.0013140708636219154,0.01399216484524245,0.025610112879747623,-0.019958856043708628,-0.007706816386764157,-0.005663402133181638,-0.002747705582074171,0.005718293655514522,-0.003308403022493773,0.007539377716623517,0.01517358982009929,0.006279862783753532,0.0006696309893356909,0.00025957693895280426,0.00660311499211346,0.0023343482860051726,-0.005749957383275927,-0.0008421256669415367,-0.008579770789310607,0.028144695217721085,-0.006128728648903054,-0.007230058818342731,-0.009634881325620528,0.008853831682516095,-0.006495273558653992,-0.005550465262373712,-0.0015365036167085174,0.0018393728648879526,-0.000720308986091,0.0016580245799433825,-0.005839486620150754,-0.002745327723271043,0.005527006434668061,-0.006668429848772774,0.0053248046559467195,-0.0036426639891064742,0.007852911934057686,0.0010059707465479243,0.0013140708636219154,-0.006128728648903054,0.026825446278977108,0.0021527807081484543,0.0018143771039421993,0.004138488992354064,0.0016961989413791499,0.0022301957124411095,-0.00912942054823327,0.0016321407517966647,-0.002739048279163328,-0.00015931138944344153,5.047306721971554e-5,-0.0071880452343502325,0.007266966466275197,-0.00625264379954016,0.004209509157636751,-0.0007980962382596434,-0.0037736402935691733,-0.0006735411118219249,0.01399216484524245,-0.007230058818342731,0.0021527807081484543,0.03194645530534592,0.010088805903389519,-0.004232432273014772,0.0028175370011347895,0.0007476601414164164,-0.002708779889465678,-0.006309916589932119,-0.0033866990215331125,0.0010907228759449348,-0.0018328451403036338,0.004232359849527122,-0.00325927517644165,0.0018498090189695217,0.0005973584482823909,-0.0011053445385964455,0.007563247482228821,0.011499223621307212,0.025610112879747623,-0.009634881325620528,0.0018143771039421993,0.010088805903389519,0.03487811855601237,-0.01441254323296157,-0.007466914597461186,-0.002087887917821828,0.0018828545314383272,0.012687988577455445,-0.0034145944006586794,0.0063930148940845415,0.009704420762263185,0.008669197373338274,0.0018197216260732244,-0.010442750124929883,0.0060486386273086445,0.004655273610312351,0.0020535730979649343,-0.009669810751095248,-0.019958856043708628,0.008853831682516095,0.004138488992354064,-0.004232432273014772,-0.01441254323296157,0.0454262230188764,0.00018546177757893404,0.003395375620552029,0.0003146239734232101,0.0007315410614200918,0.011022814317768088,-0.004562264393485803,-0.011683859854355206,-0.00789510179056363,0.004620240509260029,-0.0010531258368652935,0.004385481270705345,-0.0015971029624371204,-0.0019733527086457153,-0.0035096693532330756,-0.007706816386764157,-0.006495273558653992,0.0016961989413791499,0.0028175370011347895,-0.007466914597461186,0.00018546177757893404,0.03230169323247435,0.00906791924630648,0.00620990817835722,-0.0002960742658169063,0.010049005703347953,-0.012208421639361582,-0.004412612213947495,0.0036784122005054584,-0.002773834033585717,0.0008231620027282084,0.0017444137825688454,-0.0008935321115067545,0.0012845141138287568,-0.006488589992136244,-0.005663402133181638,-0.005550465262373712,0.0022301957124411095,0.0007476601414164164,-0.002087887917821828,0.003395375620552029,0.00906791924630648,0.027067266774328302
