0.2582968757109356,0.16575738981333832,0.03526991788467328,0.16890616610870746,-0.16075703791179408,-0.21255653492521828,-0.04075288976565713,-0.13900936758171606,0.1151317865405932,0.04193406673204056,0.01559021267601517,-0.07891570190341474,-0.0717155966589931,0.022453584939016558,0.009567367165856369,-0.15886328605213113,0.14554853454044303,0.2287075586269029,0.009481459749143344,-0.06029433923915233,0.16575738981333832,0.20448414009752958,0.006974426824373622,0.11232086107991857,-0.10961487188047238,-0.1647415996790015,-0.027512987056813914,-0.08588799061004564,0.10582527084621796,-0.00427539287413784,0.0001250276675485828,-0.06498709495274863,-0.06267759697181371,0.006832648868202484,0.002695843352684168,-0.0982030873314036,0.1140783432740074,0.16416079295473263,-0.0033263577476048637,-0.06255515730890286,0.03526991788467328,0.006974426824373622,0.07423527841459113,0.0025549583613101445,-0.051991450560100294,-0.02146922651371005,-0.03319341947020936,-0.025431391931509742,-0.001632371473466755,0.04177895934131268,0.011576590731612563,-0.011956871719689156,-0.013462293384570528,0.02474998523817096,0.013496307448778746,-0.042167179737156904,0.007099502507062951,0.035819866791544794,0.008810308002978707,0.02221044936448014,0.16890616610870746,0.11232086107991857,0.0025549583613101445,0.1543572067584351,-0.07103557207468784,-0.14856348630062843,-0.04771068053763375,-0.08034634233226949,0.08232528279594403,0.01396713052944841,-0.010268842039907852,-0.056021875808764485,-0.03796785378717396,0.008148862476243274,0.003755217815453662,-0.10973626918758517,0.11508922158806006,0.15891797955126785,0.013003925244453377,-0.06027175195485328,-0.16075703791179408,-0.10961487188047238,-0.051991450560100294,-0.07103557207468784,0.1907332562259356,0.12873287862404065,-0.0074289746293566584,0.11308637717879351,-0.06328623842694547,-0.03799434646046524,-0.04245186496008904,0.05509535849541445,0.07193784323130599,-0.027083341563805537,-0.0036367038693905967,0.08406128958696252,-0.09797266965365786,-0.12940988873871095,0.001503041021100345,-0.023607269605723173,-0.21255653492521828,-0.1647415996790015,-0.02146922651371005,-0.14856348630062843,0.12873287862404065,0.21134116748002119,0.0513488990731683,0.10778306133152923,-0.11813672353629823,-0.029664658954840967,-0.009744076218228924,0.07052901614726098,0.06562294429383783,-0.0240957981006797,0.006369716846539877,0.14216902591627717,-0.15044851945093604,-0.19432953374838077,-0.027280415264629043,0.061228779966071525,-0.04075288976565713,-0.027512987056813914,-0.03319341947020936,-0.04771068053763375,-0.0074289746293566584,0.0513488990731683,0.10887960751645145,-0.017693373082579077,-0.025762276240921186,-0.030283018838547424,0.027422697340335266,0.00682895197044536,-0.022183196916320366,-0.01259645094275828,-0.0015093869279665072,0.07132569760940054,-0.043431026314301624,-0.038625017490749314,-0.038369614764950766,0.0327326699190368,-0.13900936758171606,-0.08588799061004564,-0.025431391931509742,-0.08034634233226949,0.11308637717879351,0.10778306133152923,-0.017693373082579077,0.12142906910356145,-0.056345367704112206,-0.024948162798023015,-0.034189110957420873,0.03985304044613128,0.05829175999189726,-0.013887846748522208,-0.013204428329672536,0.07484362065000291,-0.06006352154607136,-0.15304032002549334,0.015918654208701706,0.009037266194731003,0.1151317865405932,0.10582527084621796,-0.001632371473466755,0.08232528279594403,-0.06328623842694547,-0.11813672353629823,-0.025762276240921186,-0.056345367704112206,0.10452133421795438,0.007544067247412935,-0.003822591189502177,-0.037529987413955995,-0.030815842766080688,0.025750018098079343,-0.0108206567308906,-0.07600836275391631,0.08289471797130316,0.11832362828836979,0.018990262033267487,-0.05428980344684014,0.04193406673204056,-0.00427539287413784,0.04177895934131268,0.01396713052944841,-0.03799434646046524,-0.029664658954840967,-0.030283018838547424,-0.024948162798023015,0.007544067247412935,0.052504505034887086,0.011574332912842777,-0.003268657086469637,-0.00997215074273908,0.017211276307073677,0.006201415286450759,-0.03862544571760722,0.003871669091453784,0.030580168671280716,0.007877290322751931,0.012491953854553102,0.01559021267601517,0.0001250276675485828,0.011576590731612563,-0.010268842039907852,-0.04245186496008904,-0.009744076218228924,0.027422697340335266,-0.034189110957420873,-0.003822591189502177,0.011574332912842777,0.041543236768033925,0.0038257239049051053,-0.024756521385345766,0.004732019732003891,-0.008615965192167667,0.0011918876194570774,-0.0034834866605378107,0.012742771022366805,-0.006072494986760711,0.030174030667917677,-0.07891570190341474,-0.06498709495274863,-0.011956871719689156,-0.056021875808764485,0.05509535849541445,0.07052901614726098,0.00682895197044536,0.03985304044613128,-0.037529987413955995,-0.003268657086469637,0.0038257239049051053,0.060906803418322907,0.024538139842952025,-0.005707254024263928,-0.006476101510249644,0.05209343497134411,-0.07595515739381795,-0.06882532298906077,-0.00482032269977563,0.0155862922806161,-0.0717155966589931,-0.06267759697181371,-0.013462293384570528,-0.03796785378717396,0.07193784323130599,0.06562294429383783,-0.022183196916320366,0.05829175999189726,-0.030815842766080688,-0.00997215074273908,-0.024756521385345766,0.024538139842952025,0.0593420521387515,-0.010136544970895273,-0.002034508597161885,0.031403996643599,-0.03461627372601516,-0.07190525818572288,0.009705882810709103,0.001569387682355595,0.022453584939016558,0.006832648868202484,0.02474998523817096,0.008148862476243274,-0.027083341563805537,-0.0240957981006797,-0.01259645094275828,-0.013887846748522208,0.025750018098079343,0.017211276307073677,0.004732019732003891,-0.005707254024263928,-0.010136544970895273,0.042954699612434324,-0.0030893949224372447,-0.030361853872373876,0.015206823272223662,0.034396409826704964,0.018052125179555463,-0.005817357200061202,0.009567367165856369,0.002695843352684168,0.013496307448778746,0.003755217815453662,-0.0036367038693905967,0.006369716846539877,-0.0015093869279665072,-0.013204428329672536,-0.0108206567308906,0.006201415286450759,-0.008615965192167667,-0.006476101510249644,-0.002034508597161885,-0.0030893949224372447,0.04331424314098892,-0.006079711048120334,-0.018767225532579264,0.028823862504167255,-0.027471997805106202,0.0045772484833200705,-0.15886328605213113,-0.0982030873314036,-0.042167179737156904,-0.10973626918758517,0.08406128958696252,0.14216902591627717,0.07132569760940054,0.07484362065000291,-0.07600836275391631,-0.03862544571760722,0.0011918876194570774,0.05209343497134411,0.031403996643599,-0.030361853872373876,-0.006079711048120334,0.13925730884040272,-0.10391176066398294,-0.15473677656835144,-0.030034937839970674,0.046665643385533154,0.14554853454044303,0.1140783432740074,0.007099502507062951,0.11508922158806006,-0.09797266965365786,-0.15044851945093604,-0.043431026314301624,-0.06006352154607136,0.08289471797130316,0.003871669091453784,-0.0034834866605378107,-0.07595515739381795,-0.03461627372601516,0.015206823272223662,-0.018767225532579264,-0.10391176066398294,0.1864728517709761,0.12144925975696565,0.04917360182302269,-0.02618260340225026,0.2287075586269029,0.16416079295473263,0.035819866791544794,0.15891797955126785,-0.12940988873871095,-0.19432953374838077,-0.038625017490749314,-0.15304032002549334,0.11832362828836979,0.030580168671280716,0.012742771022366805,-0.06882532298906077,-0.07190525818572288,0.034396409826704964,0.028823862504167255,-0.15473677656835144,0.12144925975696565,0.29660385893051305,-0.005707900423234688,-0.06356810319441156,0.009481459749143344,-0.0033263577476048637,0.008810308002978707,0.013003925244453377,0.001503041021100345,-0.027280415264629043,-0.038369614764950766,0.015918654208701706,0.018990262033267487,0.007877290322751931,-0.006072494986760711,-0.00482032269977563,0.009705882810709103,0.018052125179555463,-0.027471997805106202,-0.030034937839970674,0.04917360182302269,-0.005707900423234688,0.05897055417144727,-0.015188533921871895,-0.06029433923915233,-0.06255515730890286,0.02221044936448014,-0.06027175195485328,-0.023607269605723173,0.061228779966071525,0.0327326699190368,0.009037266194731003,-0.05428980344684014,0.012491953854553102,0.030174030667917677,0.0155862922806161,0.001569387682355595,-0.005817357200061202,0.0045772484833200705,0.046665643385533154,-0.02618260340225026,-0.06356810319441156,-0.015188533921871895,0.09737642640413052
0.09074478133233327,0.0360282666070205,0.0011103022098810033,0.05303340968972548,-0.0417963722522559,-0.07107513080434316,0.008703546577209502,-0.05731925757918113,0.013988087697697237,0.011382613014264183,0.015872362158404762,-0.001651474681911128,-0.035007162147165295,-0.010842230878735952,0.021112258797540584,-0.037328726390138595,0.04144077987906925,0.05683834096417381,-0.008138165203001212,-0.0007815856381758095,0.0360282666070205,0.0672874150718859,0.006287059047116113,0.040971690845882924,-0.030198709613455978,-0.03908754354469183,-0.0002066300796005028,-0.010716680487534977,0.011358441259314803,-0.004429532271715439,0.0025469997271650533,-0.005074571855712013,-0.03319391770428355,0.010499435731048178,0.0007253022449332505,-0.004132102019223799,0.005134064495413388,0.03065313204348965,0.003357277939748404,-0.012902940210204376,0.0011103022098810033,0.006287059047116113,0.07478015492961332,-0.011645980069143887,-0.01481706149128258,0.004446303135087294,-0.025544417704950015,-0.004534550864087931,-0.034503578758840664,0.01146556919086535,-0.005715746802562166,0.0006980953394413889,-0.0009154951990436714,-0.002836886148400191,0.014424207323738487,0.003025565404293904,-0.014738173220909607,0.011644995670274673,0.006365588484887277,-0.002664170725490124,0.05303340968972548,0.040971690845882924,-0.011645980069143887,0.07029634259394953,-0.03371453302757983,-0.05320848899232812,-0.0002823109993104632,-0.041548264102825624,0.023662460295862046,-0.006778493349503284,0.017551341845300064,0.0037490581456396605,-0.03825852386574058,0.005550729527219675,0.008588316364978114,-0.016294144160858545,0.032727122485325014,0.031796227746455935,0.008453654151454625,-0.01042945542733447,-0.0417963722522559,-0.030198709613455978,-0.01481706149128258,-0.03371453302757983,0.07612795433482393,0.04968970180076969,-0.003526035799072037,0.04833865178911226,0.0013567431529372047,0.006848034967553111,-0.018114265439625306,0.004121298484821954,0.0350260793194489,-0.010217560023248314,-0.0031637576728923795,0.014753738827690982,-0.037085577317244545,-0.048988795879999686,-0.01383168233800087,-0.020928545612090642,-0.07107513080434316,-0.03908754354469183,0.004446303135087294,-0.05320848899232812,0.04968970180076969,0.11457897831756822,-0.020058790880457845,0.06283564695258242,-0.032731703881365905,-0.006657874565501441,-0.006927519836804546,0.006014187202473648,0.051386534744956414,0.003287580636986205,-0.01055405003429359,0.03780922172135673,-0.05474824730954854,-0.06670344664635218,-0.005843596862162635,-0.011415195894600848,0.008703546577209502,-0.0002066300796005028,-0.025544417704950015,-0.0002823109993104632,-0.003526035799072037,-0.020058790880457845,0.042238036095731596,-0.016129652486399165,0.02627259064653752,0.00504879168908369,-0.0017374083989506717,-0.016493194474411894,-0.0054491432049945015,0.004051760605959267,-0.0070535083550555214,-0.007120852251277426,0.020143521641645352,0.0054230058839176976,0.0012170508557256582,0.02372383237814027,-0.05731925757918113,-0.010716680487534977,-0.004534550864087931,-0.041548264102825624,0.04833865178911226,0.06283564695258242,-0.016129652486399165,0.09589210953318066,-0.005238726928458259,-0.009696444523967857,-0.029426462471054002,0.005753981234620289,0.029413172111078634,0.015644919255063165,-0.02899989975940563,0.035895977335827715,-0.061248881593854,-0.04679862916225319,-0.003452627293236965,-0.024285003512494123,0.013988087697697237,0.011358441259314803,-0.034503578758840664,0.023662460295862046,0.0013567431529372047,-0.032731703881365905,0.02627259064653752,-0.005238726928458259,0.08395333781518945,-0.016007257519005863,-0.0050945186979502325,-0.004233297100297699,-0.007796278255238797,0.013972420403281336,-0.014972829809678456,-0.004374209298092818,0.03376771025929558,-0.013636627161044301,0.02093178627067621,-0.007453874049988531,0.011382613014264183,-0.004429532271715439,0.01146556919086535,-0.006778493349503284,0.006848034967553111,-0.006657874565501441,0.00504879168908369,-0.009696444523967857,-0.016007257519005863,0.03979535737028075,-0.007980892692426906,-0.011730728085177396,-0.0006272288244222248,-0.009272977527290496,0.011287559786524477,-0.003456919174226244,-0.01408688342812988,0.025382621620038653,-0.02160606220735927,0.005598849363418678,0.015872362158404762,0.0025469997271650533,-0.005715746802562166,0.017551341845300064,-0.018114265439625306,-0.006927519836804546,-0.0017374083989506717,-0.029426462471054002,-0.0050945186979502325,-0.007980892692426906,0.034455273186520606,0.0041515330902669005,-0.006899001183201891,-0.0016407555622443351,-0.00035263391254488556,-0.00967499917163572,0.01919705890808529,0.006510539000676151,0.005082128372833214,0.014446151916694917,-0.001651474681911128,-0.005074571855712013,0.0006980953394413889,0.0037490581456396605,0.004121298484821954,0.006014187202473648,-0.016493194474411894,0.005753981234620289,-0.004233297100297699,-0.011730728085177396,0.0041515330902669005,0.03117572940879594,-0.0006863174661863456,0.0007644599869498416,0.0011710703238049457,0.003289471334960669,0.0003013842105057006,-0.012807383689056616,0.006945438850711397,-0.007318458807979836,-0.035007162147165295,-0.03319391770428355,-0.0009154951990436714,-0.03825852386574058,0.0350260793194489,0.051386534744956414,-0.0054491432049945015,0.029413172111078634,-0.007796278255238797,-0.0006272288244222248,-0.006899001183201891,-0.0006863174661863456,0.04789584342943129,-0.003224150939002165,-0.00449716728551103,0.016243235286255153,-0.020859827301357076,-0.04150537340575801,-0.0057095369421573516,0.0015602792671866835,-0.010842230878735952,0.010499435731048178,-0.002836886148400191,0.005550729527219675,-0.010217560023248314,0.003287580636986205,0.004051760605959267,0.015644919255063165,0.013972420403281336,-0.009272977527290496,-0.0016407555622443351,0.0007644599869498416,-0.003224150939002165,0.0338220295137157,-0.016183127985150925,0.011197350105408815,0.003840928840256769,-0.002192305844055345,0.01141429708254785,-0.002651413649240123,0.021112258797540584,0.0007253022449332505,0.014424207323738487,0.008588316364978114,-0.0031637576728923795,-0.01055405003429359,-0.0070535083550555214,-0.02899989975940563,-0.014972829809678456,0.011287559786524477,-0.00035263391254488556,0.0011710703238049457,-0.00449716728551103,-0.016183127985150925,0.041610915875019014,-0.010430218017189978,0.01220925646975601,0.014645957455638466,-0.01073999023497229,-0.00715326757435274,-0.037328726390138595,-0.004132102019223799,0.003025565404293904,-0.016294144160858545,0.014753738827690982,0.03780922172135673,-0.007120852251277426,0.035895977335827715,-0.004374209298092818,-0.003456919174226244,-0.00967499917163572,0.003289471334960669,0.016243235286255153,0.011197350105408815,-0.010430218017189978,0.047358986679499226,-0.04012306552376252,-0.028190333097935633,-0.003037131919917416,-0.018500686034385073,0.04144077987906925,0.005134064495413388,-0.014738173220909607,0.032727122485325014,-0.037085577317244545,-0.05474824730954854,0.020143521641645352,-0.061248881593854,0.03376771025929558,-0.01408688342812988,0.01919705890808529,0.0003013842105057006,-0.020859827301357076,0.003840928840256769,0.01220925646975601,-0.04012306552376252,0.09652036669514652,0.018185569431137895,0.01959743359513733,0.026331494210989355,0.05683834096417381,0.03065313204348965,0.011644995670274673,0.031796227746455935,-0.048988795879999686,-0.06670344664635218,0.0054230058839176976,-0.04679862916225319,-0.013636627161044301,0.025382621620038653,0.006510539000676151,-0.012807383689056616,-0.04150537340575801,-0.002192305844055345,0.014645957455638466,-0.028190333097935633,0.018185569431137895,0.09788067552629816,-0.010488801352964896,0.009590249232497777,-0.008138165203001212,0.003357277939748404,0.006365588484887277,0.008453654151454625,-0.01383168233800087,-0.005843596862162635,0.0012170508557256582,-0.003452627293236965,0.02093178627067621,-0.02160606220735927,0.005082128372833214,0.006945438850711397,-0.0057095369421573516,0.01141429708254785,-0.01073999023497229,-0.003037131919917416,0.01959743359513733,-0.010488801352964896,0.0431923874994241,0.002677968982580334,-0.0007815856381758095,-0.012902940210204376,-0.002664170725490124,-0.01042945542733447,-0.020928545612090642,-0.011415195894600848,0.02372383237814027,-0.024285003512494123,-0.007453874049988531,0.005598849363418678,0.014446151916694917,-0.007318458807979836,0.0015602792671866835,-0.002651413649240123,-0.00715326757435274,-0.018500686034385073,0.026331494210989355,0.009590249232497777,0.002677968982580334,0.07228237230530161
0.18199288617899886,0.054329548341026115,-0.03441667680216666,0.10903396184870219,-0.08407383747515779,-0.10830220994113426,0.02770051609930293,-0.09428700903273557,0.0075974461197281275,0.029631021300107033,0.014082663922650944,-0.0031545564537890686,-0.06264024542492724,-0.017176855437782433,0.0748405138307772,-0.06041450770527386,0.020091806855232073,0.10012067344875483,-0.039463126313017516,-0.03588449446024974,0.054329548341026115,0.06825026361555937,-0.03645285765032648,0.049497227918003525,-0.017738136883633536,-0.046944320215530216,0.013560650939428133,-0.032619225164889666,0.008895547373167886,-0.0025633599135063585,-0.010968503281061444,-0.016456133634252683,-0.009513308121428116,-0.00506063276369339,0.03392798962935023,-0.026456154693369042,0.009701634943241043,0.03729708880346753,-0.019292469449137775,-0.019291713513604217,-0.03441667680216666,-0.03645285765032648,0.08702577258175755,-0.04458472249413321,0.026874214952647676,0.04421953533042251,-0.03549207346135044,0.044278646843373834,0.00259261651260972,0.0002119837961187232,-0.0009495482177460446,0.024503821052341744,0.005494443782818519,0.001917172580869895,-0.025831252123190263,0.021469172990036752,-0.026449496994635575,-0.04389412156555752,-0.0012278341063369797,0.0028405837983375907,0.10903396184870219,0.049497227918003525,-0.04458472249413321,0.11616873030175481,-0.04869583036845805,-0.07807956449732634,0.018217958052044226,-0.067697444400857,0.003031840155137378,0.008209357880334514,0.005577161624919313,-0.011995290263738592,-0.038874689960975414,-0.017396322793732575,0.04405152458800674,-0.041665218741007044,0.022330480377889428,0.06879206779937513,-0.021631688914688058,-0.006373432979046053,-0.08407383747515779,-0.017738136883633536,0.026874214952647676,-0.04869583036845805,0.09501101763264763,0.060169774252961314,-0.025583844234476738,0.05241664953905838,0.014260013873560538,-0.021840162177654693,-0.0039785647424911835,0.01993511107434332,0.03449830691254961,-0.013597703358420659,-0.02161894193529308,0.011310115171466215,-0.020341763929561368,-0.0609421207429649,-0.006750440293380889,0.006907430884023704,-0.10830220994113426,-0.046944320215530216,0.04421953533042251,-0.07807956449732634,0.060169774252961314,0.10574976714391922,-0.02411872957209793,0.0574399462342261,-0.012654597310607505,-0.0036862972471198266,-0.0029486896027519985,0.015177790059464838,0.03718647102805204,-0.0004996850844130928,-0.04330652743394054,0.040936420330151886,-0.03266997085816163,-0.0692840076773839,0.015919292820452215,0.022426469985399947,0.02770051609930293,0.013560650939428133,-0.03549207346135044,0.018217958052044226,-0.025583844234476738,-0.02411872957209793,0.03699672392168256,-0.032378967010580156,-0.0030928338270178705,0.006284536539895013,-0.002196836380101006,-0.012651657125588463,-0.006139999964933675,0.00408647460959814,0.007632816730184204,-0.0013016399983528113,0.008427803673749767,0.020156973254890756,0.0046934036556036274,-0.0031333348160890507,-0.09428700903273557,-0.032619225164889666,0.044278646843373834,-0.067697444400857,0.05241664953905838,0.0574399462342261,-0.032378967010580156,0.09983241978850246,0.010424525392299024,-0.021611058325632433,-0.01649039805570372,0.011786414699122432,0.030195342659072588,0.026368758987135654,-0.04243724533706305,0.03521123046986488,-0.01904129872217606,-0.07696777607574748,0.02574287301743395,0.009000532111150211,0.0075974461197281275,0.008895547373167886,0.00259261651260972,0.003031840155137378,0.014260013873560538,-0.012654597310607505,-0.0030928338270178705,0.010424525392299024,0.042216553728670926,-0.010370645260342821,-0.0038717400229578047,0.01671249386515287,-0.0028078167341602234,-0.008682062446702995,0.009246864520809753,0.0004655772353591249,-0.004806963248215248,-0.022367739589483786,-0.014310190579402688,-0.002971905288119429,0.029631021300107033,-0.0025633599135063585,0.0002119837961187232,0.008209357880334514,-0.021840162177654693,-0.0036862972471198266,0.006284536539895013,-0.021611058325632433,-0.010370645260342821,0.03673419209998561,-0.0050865462692583005,-0.005842786498572802,-0.015311836054355075,-0.00566864039660122,0.018782216015759353,-0.006145019249267887,-0.0027264499765717936,0.023118661837991467,0.0002466636888856864,-0.004947532570435523,0.014082663922650944,-0.010968503281061444,-0.0009495482177460446,0.005577161624919313,-0.0039785647424911835,-0.0029486896027519985,-0.002196836380101006,-0.01649039805570372,-0.0038717400229578047,-0.0050865462692583005,0.04083009026456881,0.00922295907360682,-0.01961237158068628,-0.007243859659259161,-0.004993838166557567,-0.005665323953987179,-0.004003329750030945,0.009680433642493453,-0.004052282997239712,0.005314384086343079,-0.0031545564537890686,-0.016456133634252683,0.024503821052341744,-0.011995290263738592,0.01993511107434332,0.015177790059464838,-0.012651657125588463,0.011786414699122432,0.01671249386515287,-0.005842786498572802,0.00922295907360682,0.05633896711807239,-0.009296593621786841,-0.011376694841688791,-0.0005697753509185852,0.01459239396568229,-0.02206321304607281,-0.02337422384920424,-0.021440359401762206,0.006908569988620088,-0.06264024542492724,-0.009513308121428116,0.005494443782818519,-0.038874689960975414,0.03449830691254961,0.03718647102805204,-0.006139999964933675,0.030195342659072588,-0.0028078167341602234,-0.015311836054355075,-0.01961237158068628,-0.009296593621786841,0.05483016998186946,0.011790280915347975,-0.01822160744842765,0.01625092727656382,-0.002823515687721283,-0.03412779779124962,0.01291434833793154,0.008012589365342616,-0.017176855437782433,-0.00506063276369339,0.001917172580869895,-0.017396322793732575,-0.013597703358420659,-0.0004996850844130928,0.00408647460959814,0.026368758987135654,-0.008682062446702995,-0.00566864039660122,-0.007243859659259161,-0.011376694841688791,0.011790280915347975,0.049230248200780515,-0.01348440826937921,0.00889576658866931,0.0029878249626122096,-0.008812199982494117,0.02400047551430899,-0.008087258631738939,0.0748405138307772,0.03392798962935023,-0.025831252123190263,0.04405152458800674,-0.02161894193529308,-0.04330652743394054,0.007632816730184204,-0.04243724533706305,0.009246864520809753,0.018782216015759353,-0.004993838166557567,-0.0005697753509185852,-0.01822160744842765,-0.01348440826937921,0.0824905505201772,-0.032144024510775894,0.0026150284989154846,0.04501853690743439,-0.03490600697270427,-0.01559055237338677,-0.06041450770527386,-0.026456154693369042,0.021469172990036752,-0.041665218741007044,0.011310115171466215,0.040936420330151886,-0.0013016399983528113,0.03521123046986488,0.0004655772353591249,-0.006145019249267887,-0.005665323953987179,0.01459239396568229,0.01625092727656382,0.00889576658866931,-0.032144024510775894,0.055127743109525056,-0.019761293373029204,-0.04065593807065806,0.018022228921343093,0.013373712616004292,0.020091806855232073,0.009701634943241043,-0.026449496994635575,0.022330480377889428,-0.020341763929561368,-0.03266997085816163,0.008427803673749767,-0.01904129872217606,-0.004806963248215248,-0.0027264499765717936,-0.004003329750030945,-0.02206321304607281,-0.002823515687721283,0.0029878249626122096,0.0026150284989154846,-0.019761293373029204,0.04154941650556025,0.028992752980003828,0.0032019945685861054,0.0017309008035551045,0.10012067344875483,0.03729708880346753,-0.04389412156555752,0.06879206779937513,-0.0609421207429649,-0.0692840076773839,0.020156973254890756,-0.07696777607574748,-0.022367739589483786,0.023118661837991467,0.009680433642493453,-0.02337422384920424,-0.03412779779124962,-0.008812199982494117,0.04501853690743439,-0.04065593807065806,0.028992752980003828,0.10949288576624573,-0.02300866782790128,-0.01573717632289221,-0.039463126313017516,-0.019292469449137775,-0.0012278341063369797,-0.021631688914688058,-0.006750440293380889,0.015919292820452215,0.0046934036556036274,0.02574287301743395,-0.014310190579402688,0.0002466636888856864,-0.004052282997239712,-0.021440359401762206,0.01291434833793154,0.02400047551430899,-0.03490600697270427,0.018022228921343093,0.0032019945685861054,-0.02300866782790128,0.05821504064933545,0.0008866719387417051,-0.03588449446024974,-0.019291713513604217,0.0028405837983375907,-0.006373432979046053,0.006907430884023704,0.022426469985399947,-0.0031333348160890507,0.009000532111150211,-0.002971905288119429,-0.004947532570435523,0.005314384086343079,0.006908569988620088,0.008012589365342616,-0.008087258631738939,-0.01559055237338677,0.013373712616004292,0.0017309008035551045,-0.01573717632289221,0.0008866719387417051,0.040950112639494454
