0.059012310770166214,0.04300888568996246,0.05190509054524972,0.06667820888929274,0.04278609400722932,-0.021229075415383446,0.030241178944799274,0.011530622445020499,0.03578521116784593,0.06410323912646426,0.03638740460527747,0.04087526946211127,0.03536539990507724,0.03479463531264221,0.01838323720412026,0.00879527211873642,0.05151904138665388,-0.005610904287838009,0.03145605228446925,-0.002159691637977642,0.04300888568996246,0.056585392685243915,0.061266901062096646,0.04447256731960087,0.0467127362575548,-0.012770743801990383,0.027415723820035647,0.018698398770180348,0.01705485617603995,0.061447599587912856,0.024603253755299453,0.02940687345281981,0.0313237128027485,0.02902128677487866,0.01504195364199203,0.018262262955203966,0.05016610759804843,-0.004443401072460759,0.029372647548249198,-0.001606921211982657,0.05190509054524972,0.061266901062096646,0.12434929100417078,0.08166481140644163,0.07090676101044457,-0.04583507458971734,0.055414330657566804,0.00019410344174428454,-0.010147050736515208,0.09469930957292029,0.04525645583661263,0.03680469069778766,0.04969864453125646,0.033746651630745264,0.03256904687132953,0.025737404184944447,0.11015705192386126,-0.0347537912975822,0.05199816058421022,-0.033307645414845446,0.06667820888929274,0.04447256731960087,0.08166481140644163,0.20225397603207904,0.05316094149923651,-0.07827742963647775,0.03482834341133731,-0.04171610217089838,0.08384348936472641,0.10758160479858223,0.04777678690913044,0.09811232656877432,0.052654519674403544,0.0698003023513929,0.039467762441631,-0.006233634421333244,0.08783388024696576,-0.02707711857986051,0.049749281623417824,-0.005763671664285609,0.04278609400722932,0.0467127362575548,0.07090676101044457,0.05316094149923651,0.06587085357839557,-0.02509741856237222,0.03399693739171583,0.013186576066397473,0.010310349763857569,0.06563820675762869,0.036103342512812484,0.03034789429240371,0.031448346277254485,0.02658924853813946,0.017299473503723756,0.010850966722102062,0.060779441049693426,-0.015446622977830261,0.02760860508308842,-0.01141254175938274,-0.021229075415383446,-0.012770743801990383,-0.04583507458971734,-0.07827742963647775,-0.02509741856237222,0.0812324887635947,-0.04141873851510437,0.047080480176481185,0.011347981360877293,-0.043344523373833634,-0.028636980764921792,-0.028525250580966926,-0.02189249946957247,-0.024717721116367483,-0.03137651604577993,-0.006898327009561276,-0.08606184786010096,0.027679753486650104,-0.026154360650547194,0.03098773668117699,0.030241178944799274,0.027415723820035647,0.055414330657566804,0.03482834341133731,0.03399693739171583,-0.04141873851510437,0.1062282467473268,-0.013789482334359667,-0.0023139509564617314,0.04514687323934914,0.05986219464138887,0.020684854196754462,0.04950507018350296,0.016020416574031263,0.024165403315168508,0.021509444323100944,0.10095739197511329,-0.0336818790326113,0.042628507046819274,-0.030160910419152445,0.011530622445020499,0.018698398770180348,0.00019410344174428454,-0.04171610217089838,0.013186576066397473,0.047080480176481185,-0.013789482334359667,0.06984662507690584,0.00499082859865501,0.006846488130777111,-4.918402086287639e-5,-0.005288195957059649,0.010140766426981765,-0.003358670949541953,-0.012931859662363909,0.012947540708445879,-0.027584082671055398,0.026110132769173764,0.005012872212759251,0.021997342148590164,0.03578521116784593,0.01705485617603995,-0.010147050736515208,0.08384348936472641,0.010310349763857569,0.011347981360877293,-0.0023139509564617314,0.00499082859865501,0.14947891143917313,0.02009702845934406,0.004889449094622052,0.05286762169509421,0.0077023474368032654,0.046052228439632095,0.003201957671948535,-0.01883519386818651,-0.03108563341068791,0.03015917853469805,-0.0001661196333330884,0.056696381793929586,0.06410323912646426,0.061447599587912856,0.09469930957292029,0.10758160479858223,0.06563820675762869,-0.043344523373833634,0.04514687323934914,0.006846488130777111,0.02009702845934406,0.12951249644631024,0.05411827341936529,0.07074527946344562,0.06277018745253934,0.049208789742424194,0.03921489105440203,0.019448103439898362,0.10346120444428432,-0.018866367190866068,0.059821236172932564,-0.022894454869315104,0.03638740460527747,0.024603253755299453,0.04525645583661263,0.04777678690913044,0.036103342512812484,-0.028636980764921792,0.05986219464138887,-4.918402086287639e-5,0.004889449094622052,0.05411827341936529,0.07597535830266586,0.030210865429113956,0.04790472352439042,0.023184895252978815,0.028728162461108656,0.012553991797137702,0.07847474274340438,-0.01910872690901358,0.03710432602954756,-0.018845967366653178,0.04087526946211127,0.02940687345281981,0.03680469069778766,0.09811232656877432,0.03034789429240371,-0.028525250580966926,0.020684854196754462,-0.005288195957059649,0.05286762169509421,0.07074527946344562,0.030210865429113956,0.07621978064223783,0.03995653266282509,0.04149729514675776,0.024466324758688027,-0.0011477828416648116,0.043102099199708366,-0.005260990752816266,0.03223448638785617,0.002295111806799634,0.03536539990507724,0.0313237128027485,0.04969864453125646,0.052654519674403544,0.031448346277254485,-0.02189249946957247,0.04950507018350296,0.010140766426981765,0.0077023474368032654,0.06277018745253934,0.04790472352439042,0.03995653266282509,0.07459216272910502,0.019064938592715394,0.024304206431221574,0.016662000483880494,0.06772807451811402,-0.011916184943682271,0.04053774054623245,-0.011454904603042994,0.03479463531264221,0.02902128677487866,0.033746651630745264,0.0698003023513929,0.02658924853813946,-0.024717721116367483,0.016020416574031263,-0.003358670949541953,0.046052228439632095,0.049208789742424194,0.023184895252978815,0.04149729514675776,0.019064938592715394,0.048763970946873944,0.014989978168144444,0.0017665321162479806,0.0368769687082888,0.0006732072532113617,0.02048390858077883,0.006091172372008006,0.01838323720412026,0.01504195364199203,0.03256904687132953,0.039467762441631,0.017299473503723756,-0.03137651604577993,0.024165403315168508,-0.012931859662363909,0.003201957671948535,0.03921489105440203,0.028728162461108656,0.024466324758688027,0.024304206431221574,0.014989978168144444,0.04178051382953579,0.007582074332078862,0.0429264037580721,-0.015029618161168932,0.02332312088653978,-0.0036899167929274755,0.00879527211873642,0.018262262955203966,0.025737404184944447,-0.006233634421333244,0.010850966722102062,-0.006898327009561276,0.021509444323100944,0.012947540708445879,-0.01883519386818651,0.019448103439898362,0.012553991797137702,-0.0011477828416648116,0.016662000483880494,0.0017665321162479806,0.007582074332078862,0.033975040189048934,0.029514553971657368,-0.005257229115482272,0.01684155337058715,-0.004192743282756373,0.05151904138665388,0.05016610759804843,0.11015705192386126,0.08783388024696576,0.060779441049693426,-0.08606184786010096,0.10095739197511329,-0.027584082671055398,-0.03108563341068791,0.10346120444428432,0.07847474274340438,0.043102099199708366,0.06772807451811402,0.0368769687082888,0.0429264037580721,0.029514553971657368,0.19294101686642032,-0.056512850073595834,0.07099550525673098,-0.06554108477072787,-0.005610904287838009,-0.004443401072460759,-0.0347537912975822,-0.02707711857986051,-0.015446622977830261,0.027679753486650104,-0.0336818790326113,0.026110132769173764,0.03015917853469805,-0.018866367190866068,-0.01910872690901358,-0.005260990752816266,-0.011916184943682271,0.0006732072532113617,-0.015029618161168932,-0.005257229115482272,-0.056512850073595834,0.04621042898999394,-0.01905158162191512,0.03438016368411271,0.03145605228446925,0.029372647548249198,0.05199816058421022,0.049749281623417824,0.02760860508308842,-0.026154360650547194,0.042628507046819274,0.005012872212759251,-0.0001661196333330884,0.059821236172932564,0.03710432602954756,0.03223448638785617,0.04053774054623245,0.02048390858077883,0.02332312088653978,0.01684155337058715,0.07099550525673098,-0.01905158162191512,0.05281584774340392,-0.016987568441923423,-0.002159691637977642,-0.001606921211982657,-0.033307645414845446,-0.005763671664285609,-0.01141254175938274,0.03098773668117699,-0.030160910419152445,0.021997342148590164,0.056696381793929586,-0.022894454869315104,-0.018845967366653178,0.002295111806799634,-0.011454904603042994,0.006091172372008006,-0.0036899167929274755,-0.004192743282756373,-0.06554108477072787,0.03438016368411271,-0.016987568441923423,0.07032084154856225
0.11029589531789452,0.1142893119078383,0.14414255193593972,0.10909420384661606,0.08337948673123585,0.02540303300281665,0.0009708170394328729,0.05823487380317098,0.04420263410135755,0.14099517282788626,0.012611635700298354,0.08263079310029693,0.03980840144263144,0.09323444203106637,0.0014251295195478178,0.05991640687272616,0.055819971224252474,-0.014918139751020923,0.026731686145976843,0.02561045727624622,0.1142893119078383,0.1672978986840699,0.17073096480369188,0.07909364719458234,0.09549915112034618,0.0433949112212475,0.01057686931641729,0.08504424605588398,-0.010529957221170328,0.159224336199466,-0.010281982659017246,0.072810998119547,0.04699302027619859,0.08355635404102994,-0.02021788787450266,0.06668078611003765,0.06117812193194437,-0.01437342718083332,0.04020703114947158,0.0033833774439853276,0.14414255193593972,0.17073096480369188,0.2886398200029816,0.2008929174487233,0.13273976329182724,-0.01135851364433631,0.046902234160701564,0.04554761577816798,0.039559828203230174,0.23821505332831608,0.030041553767690243,0.12330746460536925,0.12230556720909214,0.13986582556202326,0.022522858706918725,0.09370656674640165,0.1583672881020407,-0.020132561761201113,0.054179409289608224,0.011436803347365875,0.10909420384661606,0.07909364719458234,0.2008929174487233,0.3636921255326101,0.12676217663683537,-0.0639767207884039,-0.026026478884483662,-0.001879902876903157,0.2532864691877099,0.20293587811325647,0.09822200898436764,0.18744347754365034,0.08631475584216144,0.1715258379347798,0.09604774843591671,0.07202261531372131,0.11917246613207036,-0.00454436448236601,0.02718709794214367,0.11236053567161558,0.08337948673123585,0.09549915112034618,0.13273976329182724,0.12676217663683537,0.10436157251396283,0.004228891533434757,-0.006609937803766537,0.03785290495035898,0.059876809724147106,0.12452244482749146,0.018322249401634322,0.09175312902771697,0.03899350877390519,0.08417428626500725,0.004891715790081252,0.05373742312411277,0.059920706775560564,-0.022533051960203273,0.024702519137734573,0.024399099143916966,0.02540303300281665,0.0433949112212475,-0.01135851364433631,-0.0639767207884039,0.004228891533434757,0.11587695058787159,-0.04237736499339749,0.10143758012221085,0.006130254131874456,0.0133337060727369,-0.01215382171464983,-0.003997980722139707,-0.05723345965834102,0.010277839998503185,-0.04097242784218694,0.011979228185455562,-0.07561844073373042,0.009650106990669843,-0.017505275887538703,0.025500172809081754,0.0009708170394328729,0.01057686931641729,0.046902234160701564,-0.026026478884483662,-0.006609937803766537,-0.04237736499339749,0.0878820730365844,-0.017954457670350442,-0.05742951066849693,-7.00053512968403e-5,0.02139107279765666,-0.01621934985645497,0.06300053231687755,-0.009293467798043572,0.006055968728107608,0.00795094941192491,0.07177264623689614,0.006369561260515442,0.029010389022901945,-0.021611868702893604,0.05823487380317098,0.08504424605588398,0.04554761577816798,-0.001879902876903157,0.03785290495035898,0.10143758012221085,-0.017954457670350442,0.16909197230413853,0.08434372046853864,0.04249954048838234,0.04485763064846811,0.030796835895076036,-0.014297337188549059,0.04463687343744381,-0.010359927931247594,0.054212463239431186,-0.03713631308233246,0.04449979047700568,0.0055599089950410996,0.08790990489661801,0.04420263410135755,-0.010529957221170328,0.039559828203230174,0.2532864691877099,0.059876809724147106,0.006130254131874456,-0.05742951066849693,0.08434372046853864,0.3882696176334306,0.06391199565064479,0.1718360647498188,0.13411336492378628,0.01037797905088491,0.13139611628183812,0.1132956563790781,0.05285613568214505,0.0039844445474088025,0.0713538265585544,-0.012530282524594972,0.21936148214461215,0.14099517282788626,0.159224336199466,0.23821505332831608,0.20293587811325647,0.12452244482749146,0.0133337060727369,-7.00053512968403e-5,0.04249954048838234,0.06391199565064479,0.26766438404022924,0.007188366329069343,0.11837915405503623,0.0852184361928901,0.14750859953024537,0.014042400576636659,0.07225751165892558,0.1204027365812812,-0.011314256401995192,0.031663222128169445,0.00829978069255239,0.012611635700298354,-0.010281982659017246,0.030041553767690243,0.09822200898436764,0.018322249401634322,-0.01215382171464983,0.02139107279765666,0.04485763064846811,0.1718360647498188,0.007188366329069343,0.13118995266315897,0.056148136640690294,0.03360279791179055,0.056733852634537174,0.07154993303784553,0.02996718105243073,0.028841415322532857,0.04701609362453851,0.009960923531986198,0.11262005754720313,0.08263079310029693,0.072810998119547,0.12330746460536925,0.18744347754365034,0.09175312902771697,-0.003997980722139707,-0.01621934985645497,0.030796835895076036,0.13411336492378628,0.11837915405503623,0.056148136640690294,0.13440404120499194,0.040136093154726035,0.10668022191322914,0.0360831552523219,0.053762485726705986,0.056235572299235925,-0.016270348935779517,0.023762391629139894,0.06469214664402453,0.03980840144263144,0.04699302027619859,0.12230556720909214,0.08631475584216144,0.03899350877390519,-0.05723345965834102,0.06300053231687755,-0.014297337188549059,0.01037797905088491,0.0852184361928901,0.03360279791179055,0.040136093154726035,0.11684664191728829,0.0416908405219117,0.029121764194326293,0.027825820483815808,0.11606267216184893,0.012012577023796118,0.03740805949998595,-0.006021764265160932,0.09323444203106637,0.08355635404102994,0.13986582556202326,0.1715258379347798,0.08417428626500725,0.010277839998503185,-0.009293467798043572,0.04463687343744381,0.13139611628183812,0.14750859953024537,0.056733852634537174,0.10668022191322914,0.0416908405219117,0.13350441525131101,0.03646300116768546,0.060601977458426146,0.06221434923221189,-0.002549267289465914,0.0192906227137616,0.07161375800315113,0.0014251295195478178,-0.02021788787450266,0.022522858706918725,0.09604774843591671,0.004891715790081252,-0.04097242784218694,0.006055968728107608,-0.010359927931247594,0.1132956563790781,0.014042400576636659,0.07154993303784553,0.0360831552523219,0.029121764194326293,0.03646300116768546,0.07008294001910807,0.009692247928751715,0.03299778447838082,0.023287516432021933,0.0026091403706919,0.059445277825854126,0.05991640687272616,0.06668078611003765,0.09370656674640165,0.07202261531372131,0.05373742312411277,0.011979228185455562,0.00795094941192491,0.054212463239431186,0.05285613568214505,0.07225751165892558,0.02996718105243073,0.053762485726705986,0.027825820483815808,0.060601977458426146,0.009692247928751715,0.06524946036870176,0.039390533233207486,-0.0035878645002135594,0.01990266242365015,0.045140951769052765,0.055819971224252474,0.06117812193194437,0.1583672881020407,0.11917246613207036,0.059920706775560564,-0.07561844073373042,0.07177264623689614,-0.03713631308233246,0.0039844445474088025,0.1204027365812812,0.028841415322532857,0.056235572299235925,0.11606267216184893,0.06221434923221189,0.03299778447838082,0.039390533233207486,0.15870913422620775,-0.010161767363413619,0.04108167028158809,-0.021118472934858284,-0.014918139751020923,-0.01437342718083332,-0.020132561761201113,-0.00454436448236601,-0.022533051960203273,0.009650106990669843,0.006369561260515442,0.04449979047700568,0.0713538265585544,-0.011314256401995192,0.04701609362453851,-0.016270348935779517,0.012012577023796118,-0.002549267289465914,0.023287516432021933,-0.0035878645002135594,-0.010161767363413619,0.06570134934154363,-0.006449539674892991,0.050662718255223844,0.026731686145976843,0.04020703114947158,0.054179409289608224,0.02718709794214367,0.024702519137734573,-0.017505275887538703,0.029010389022901945,0.0055599089950410996,-0.012530282524594972,0.031663222128169445,0.009960923531986198,0.023762391629139894,0.03740805949998595,0.0192906227137616,0.0026091403706919,0.01990266242365015,0.04108167028158809,-0.006449539674892991,0.038329613683850336,-0.0016857504169154273,0.02561045727624622,0.0033833774439853276,0.011436803347365875,0.11236053567161558,0.024399099143916966,0.025500172809081754,-0.021611868702893604,0.08790990489661801,0.21936148214461215,0.00829978069255239,0.11262005754720313,0.06469214664402453,-0.006021764265160932,0.07161375800315113,0.059445277825854126,0.045140951769052765,-0.021118472934858284,0.050662718255223844,-0.0016857504169154273,0.16725631852400943
0.06997700530476553,0.030626344731848464,0.06194900471094836,0.030060444375764887,0.02970999280395066,-0.04094459857428581,0.06561762690879107,-0.00860329135691571,0.011393093599044907,0.04195636915111329,0.016851886003180556,0.07166251146141998,0.01982788631433636,0.008354514006046507,0.01799617773427658,0.04318248726972595,0.06934025123029633,-0.023407640378255025,0.02949696022599827,-0.017800417984309806,0.030626344731848464,0.07595128506883278,0.05091418118153842,0.04902981651520254,0.025655089964188398,-0.00037617331499544167,0.03891258257613529,0.037584495897798,0.02768237819840772,0.05608918455976585,0.026822924943955093,0.06018555917622356,0.03996337892992174,0.03398531696913449,0.013269813744337663,0.031135284727668577,0.05241762533358918,0.008390194895076595,0.018970310547456834,0.009904705867901525,0.06194900471094836,0.05091418118153842,0.14133528726878752,0.05629672966999575,0.03783363526967762,-0.0684108360054396,0.09658060428812996,-0.03533273375118496,-0.0014495038254338337,0.06498822942765559,0.03575184031069796,0.0952116322709496,0.04488705165392593,0.02729558025892803,0.035602910099254495,0.05637702855405576,0.11472447103567202,-0.02197148905782459,0.049557033061034594,-0.04594326362962206,0.030060444375764887,0.04902981651520254,0.05629672966999575,0.1207778340556406,0.04472445897773007,-0.013634952957251449,0.004293211295605115,0.015504507074109206,0.10267007248680923,0.06079470456118828,0.026954497244401618,0.088526484077272,0.0543460532776053,0.07481205230244156,0.01959926617961976,-0.0020073912233298623,0.024880731198589807,0.009605428515634794,0.011489187463803494,0.020532668144795388,0.02970999280395066,0.025655089964188398,0.03783363526967762,0.04472445897773007,0.05116606678491497,-0.006411974074660371,0.011619616639410866,0.02426551431661645,0.04103943526045266,0.04507326887596837,0.014271139825599664,0.033948119136192376,0.03089548005885413,0.025248487645979912,0.01027832343508056,0.008855711113965742,0.028962298494799543,-0.006243364021985227,0.011725213811583963,0.010513186365728022,-0.04094459857428581,-0.00037617331499544167,-0.0684108360054396,-0.013634952957251449,-0.006411974074660371,0.11386062761746994,-0.10308262745773364,0.08367313062780357,0.020437857582584325,0.0044183727093919335,-0.022498550280518812,-0.0707998190871203,0.0005626319814972611,0.012446922146303158,-0.0301316233139227,-0.049523813544893325,-0.09814455438987055,0.026906747463980366,-0.03591558645400071,0.06894666812522918,0.06561762690879107,0.03891258257613529,0.09658060428812996,0.004293211295605115,0.011619616639410866,-0.10308262745773364,0.17490283433263115,-0.046194532523266114,-0.055951000167267825,0.03421036831817697,0.0544078234020316,0.0804135016657161,0.013559440053910427,-0.026675308358967777,0.03126946455671337,0.08173944609986207,0.16601680768361926,-0.041448732742827836,0.05978378500808752,-0.06297805804719837,-0.00860329135691571,0.037584495897798,-0.03533273375118496,0.015504507074109206,0.02426551431661645,0.08367313062780357,-0.046194532523266114,0.1268154280001642,0.024943186411432876,0.03837815636827993,0.006388496547274837,-0.033705734157580595,0.024256967850068922,0.0116098992012276,-0.012020774673948773,-0.013710312105693394,-0.023525321705170583,0.022296884246578556,-0.011142078816489714,0.07981894556193672,0.011393093599044907,0.02768237819840772,-0.0014495038254338337,0.10267007248680923,0.04103943526045266,0.020437857582584325,-0.055951000167267825,0.024943186411432876,0.16447513196201222,0.03342641079307741,-0.004480186909480412,0.07647832626383361,0.033408206849192816,0.08790666566930064,0.004322865373595976,-0.023883301693402793,-0.0472624802507376,0.025831795234180763,-0.024475706627141693,0.028991815804402948,0.04195636915111329,0.05608918455976585,0.06498822942765559,0.06079470456118828,0.04507326887596837,0.0044183727093919335,0.03421036831817697,0.03837815636827993,0.03342641079307741,0.08091985454078718,0.028924367692190645,0.050153416567533075,0.04740433891987149,0.03940595557111971,0.015543397235137923,0.023403476415616846,0.051591451098217396,-0.004857421209942156,0.025080551673135294,0.010777700093324273,0.016851886003180556,0.026822924943955093,0.03575184031069796,0.026954497244401618,0.014271139825599664,-0.022498550280518812,0.0544078234020316,0.006388496547274837,-0.004480186909480412,0.028924367692190645,0.05519390742554292,0.01861557156719258,0.02848992640665276,0.003969520208792475,0.014983736495567675,0.020097526851914183,0.06033099458828404,-0.00021498343234902396,0.027768222887365072,0.0005691417953078578,0.07166251146141998,0.06018555917622356,0.0952116322709496,0.088526484077272,0.033948119136192376,-0.0707998190871203,0.0804135016657161,-0.033705734157580595,0.07647832626383361,0.050153416567533075,0.01861557156719258,0.16808590061091788,0.03297471404816528,0.05419128094131054,0.025837936173138933,0.06130946351125159,0.08260324674554312,-0.01016605848930098,0.03460993922183886,-0.032781694291111295,0.01982788631433636,0.03996337892992174,0.04488705165392593,0.0543460532776053,0.03089548005885413,0.0005626319814972611,0.013559440053910427,0.024256967850068922,0.033408206849192816,0.04740433891987149,0.02848992640665276,0.03297471404816528,0.06466893547937244,0.03448262145935102,0.017527435377537787,-0.0075989649690250205,0.03138674880718976,0.011610200992011908,0.011616521289384433,0.00972017596524441,0.008354514006046507,0.03398531696913449,0.02729558025892803,0.07481205230244156,0.025248487645979912,0.012446922146303158,-0.026675308358967777,0.0116098992012276,0.08790666566930064,0.03940595557111971,0.003969520208792475,0.05419128094131054,0.03448262145935102,0.0819203536622799,0.006955661994072722,-0.01695258321603075,-0.022232834613927374,0.02101816273785288,-0.007989203880741327,0.01887087007204445,0.01799617773427658,0.013269813744337663,0.035602910099254495,0.01959926617961976,0.01027832343508056,-0.0301316233139227,0.03126946455671337,-0.012020774673948773,0.004322865373595976,0.015543397235137923,0.014983736495567675,0.025837936173138933,0.017527435377537787,0.006955661994072722,0.029962556338916944,0.007285937436087931,0.0333968205841583,-0.00804522348220224,0.01173589645791827,-0.01878543575448323,0.04318248726972595,0.031135284727668577,0.05637702855405576,-0.0020073912233298623,0.008855711113965742,-0.049523813544893325,0.08173944609986207,-0.013710312105693394,-0.023883301693402793,0.023403476415616846,0.020097526851914183,0.06130946351125159,-0.0075989649690250205,-0.01695258321603075,0.007285937436087931,0.08908712124938217,0.08385898517616563,-0.026492326258708978,0.0380664867192399,-0.029362333830541227,0.06934025123029633,0.05241762533358918,0.11472447103567202,0.024880731198589807,0.028962298494799543,-0.09814455438987055,0.16601680768361926,-0.023525321705170583,-0.0472624802507376,0.051591451098217396,0.06033099458828404,0.08260324674554312,0.03138674880718976,-0.022232834613927374,0.0333968205841583,0.08385898517616563,0.19431392984325763,-0.045122126448916375,0.06674148336013368,-0.0514029144583387,-0.023407640378255025,0.008390194895076595,-0.02197148905782459,0.009605428515634794,-0.006243364021985227,0.026906747463980366,-0.041448732742827836,0.022296884246578556,0.025831795234180763,-0.004857421209942156,-0.00021498343234902396,-0.01016605848930098,0.011610200992011908,0.02101816273785288,-0.00804522348220224,-0.026492326258708978,-0.045122126448916375,0.04484516542497559,-0.014605931475824716,0.02812288314167839,0.02949696022599827,0.018970310547456834,0.049557033061034594,0.011489187463803494,0.011725213811583963,-0.03591558645400071,0.05978378500808752,-0.011142078816489714,-0.024475706627141693,0.025080551673135294,0.027768222887365072,0.03460993922183886,0.011616521289384433,-0.007989203880741327,0.01173589645791827,0.0380664867192399,0.06674148336013368,-0.014605931475824716,0.04652212869565024,-0.009435889901009364,-0.017800417984309806,0.009904705867901525,-0.04594326362962206,0.020532668144795388,0.010513186365728022,0.06894666812522918,-0.06297805804719837,0.07981894556193672,0.028991815804402948,0.010777700093324273,0.0005691417953078578,-0.032781694291111295,0.00972017596524441,0.01887087007204445,-0.01878543575448323,-0.029362333830541227,-0.0514029144583387,0.02812288314167839,-0.009435889901009364,0.09783573237639454
