0.02696120674877642,0.012914996489556702,-0.006115480649158261,0.015094588897402377,0.010503445751286594,0.004430427288625777,-0.003864322071504974,-0.015888438414659513,0.017912227245998336,-0.011018735223147764,0.011988235934293701,0.017189995101482045,-0.004203596672417009,-0.02874915245215417,-0.018066608349947045,0.01103159072247123,-0.006750052405623347,-0.004923670460740864,-0.0007353061397768887,0.02682021819508186,0.012914996489556702,0.044337047671139634,0.001919938164097754,0.022962883804273984,0.027307528902705987,0.00012976204088819646,-0.018350355290000713,-0.007981509238686776,0.010522097166823896,-0.0010054444540413927,-0.0008887500625949107,0.011211063882923254,0.007441939593228798,-0.04433018549039425,-0.01753375570773221,-0.0023346531338381124,-0.006522726981541887,-0.0030337766090737326,0.00204582102074895,0.015719042048322536,-0.006115480649158261,0.001919938164097754,0.03322619757231663,0.0016174124863093102,0.008824059674918523,0.0032947432154464816,-0.003977280983237755,0.017077840804975028,-0.013605122782654142,0.013013969177601021,-0.012647469544281097,-0.009827571513766023,0.012794523469405288,0.011463720184923223,0.020068923699624375,-0.01962095602770758,0.012123568072921843,0.0014832367867705074,0.008365862522436276,-0.02060239015174134,0.015094588897402377,0.022962883804273984,0.0016174124863093102,0.0359208345527353,0.025078802236109702,-0.0009158104067746662,-0.009828368605216811,-0.0064170691993104545,0.01676308959460206,-0.003629318280617279,0.0006071605022914591,0.01280724837759608,0.007440715684660063,-0.04079194328868713,-0.014791247271762727,-0.008037822209751083,-0.003615126556169606,-0.004776382477171952,0.004751356555617399,0.023414824289540316,0.010503445751286594,0.027307528902705987,0.008824059674918523,0.025078802236109702,0.05674251573878147,-0.008432278586289126,-0.03133060377007671,0.012241824429528397,0.006691514654757086,-0.0009255231234190328,-0.0005066396535161827,0.016942815116424703,0.023674172205055,-0.04535794170212794,-0.003998363198179124,-0.02737942695847214,-0.004228743086694511,-0.013937832729906521,-0.017480086359731556,0.01995095936896575,0.004430427288625777,0.00012976204088819646,0.0032947432154464816,-0.0009158104067746662,-0.008432278586289126,0.018319235533253403,0.006771663427015431,-0.01124849451588084,0.007066816278186657,0.00014256857000477993,-0.00583635115271613,-0.003005224846488546,-0.009150931136174417,-0.002958527993633133,-0.005948373164528328,0.009237989854642432,0.0027972863644402167,0.00972821936555271,0.016379292460455774,-0.007496289554558367,-0.003864322071504974,-0.018350355290000713,-0.003977280983237755,-0.009828368605216811,-0.03133060377007671,0.006771663427015431,0.0457032774685622,-0.00545644448758072,0.0024403023094356916,0.00666875148960718,0.0013639538490319279,-0.01204270124709405,-0.011443450753489933,0.0371946477071242,0.01046024921118825,0.014077366983896892,0.01134431062336005,0.015714178162078513,0.019453069311408083,-0.013459145376617826,-0.015888438414659513,-0.007981509238686776,0.017077840804975028,-0.0064170691993104545,0.012241824429528397,-0.01124849451588084,-0.00545644448758072,0.05135355415657615,-0.0266388849486594,0.01492725842486975,-0.008898654223283259,-0.010074706707305266,0.02496576331874627,0.02316403352123716,0.035267069696340095,-0.03177680087865595,0.014808532001354386,-0.006019527585542483,-0.015414351693963622,-0.02300214282922925,0.017912227245998336,0.010522097166823896,-0.013605122782654142,0.01676308959460206,0.006691514654757086,0.007066816278186657,0.0024403023094356916,-0.0266388849486594,0.04517818062110928,-0.013864391349237917,0.015253200320542146,0.01769941417280803,-0.014796907523714396,-0.031829273971560754,-0.02981831070639967,0.019202274116591665,-0.011876362032329123,-0.00023866933790096996,0.00031326304031925644,0.03221358246529675,-0.011018735223147764,-0.0010054444540413927,0.013013969177601021,-0.003629318280617279,-0.0009255231234190328,0.00014256857000477993,0.00666875148960718,0.01492725842486975,-0.013864391349237917,0.030398223169893542,-0.010453542643382146,-0.013704625496817075,0.01597020517295003,0.022870435505639997,0.023410981476361392,-0.01699129915658757,0.014048549156941034,0.002494551234014321,0.009339047455517842,-0.02243569572154861,0.011988235934293701,-0.0008887500625949107,-0.012647469544281097,0.0006071605022914591,-0.0005066396535161827,-0.00583635115271613,0.0013639538490319279,-0.008898654223283259,0.015253200320542146,-0.010453542643382146,0.0325892507818934,0.01475642778498015,-0.009736571280392722,-0.01444569485635064,-0.015915323184369848,0.022010308174984606,-0.015718393032653738,-0.0071887245625511745,-0.01813731934103295,0.02975911931299612,0.017189995101482045,0.011211063882923254,-0.009827571513766023,0.01280724837759608,0.016942815116424703,-0.003005224846488546,-0.01204270124709405,-0.010074706707305266,0.01769941417280803,-0.013704625496817075,0.01475642778498015,0.032547997534364895,0.00318959737244955,-0.035111285890320656,-0.02131455825296676,0.007387774220816707,-0.011923044486460312,-0.009262838653423176,-0.014361587889719418,0.03145878150907591,-0.004203596672417009,0.007441939593228798,0.012794523469405288,0.007440715684660063,0.023674172205055,-0.009150931136174417,-0.011443450753489933,0.02496576331874627,-0.014796907523714396,0.01597020517295003,-0.009736571280392722,0.00318959737244955,0.040719305166479786,-0.0040697481026406995,0.019010025326577418,-0.031910576291772075,0.011065743912919597,-0.008077348927596907,-0.005920389368629162,-0.0058408853099168045,-0.02874915245215417,-0.04433018549039425,0.011463720184923223,-0.04079194328868713,-0.04535794170212794,-0.002958527993633133,0.0371946477071242,0.02316403352123716,-0.031829273971560754,0.022870435505639997,-0.01444569485635064,-0.035111285890320656,-0.0040697481026406995,0.1026296979818362,0.0471608621796615,0.0011969339271828941,0.016924563643564133,0.019779355953557048,0.011406451510951666,-0.056678581425446475,-0.018066608349947045,-0.01753375570773221,0.020068923699624375,-0.014791247271762727,-0.003998363198179124,-0.005948373164528328,0.01046024921118825,0.035267069696340095,-0.02981831070639967,0.023410981476361392,-0.015915323184369848,-0.02131455825296676,0.019010025326577418,0.0471608621796615,0.05818785779077222,-0.027015568053157978,0.02087528041456261,0.0034232485640247456,0.0026330865772882938,-0.041472290912022036,0.01103159072247123,-0.0023346531338381124,-0.01962095602770758,-0.008037822209751083,-0.02737942695847214,0.009237989854642432,0.014077366983896892,-0.03177680087865595,0.019202274116591665,-0.01699129915658757,0.022010308174984606,0.007387774220816707,-0.031910576291772075,0.0011969339271828941,-0.027015568053157978,0.07457309276471177,-0.02291574607491216,0.011660408164795476,0.0067530143751839255,0.023760746677954747,-0.006750052405623347,-0.006522726981541887,0.012123568072921843,-0.003615126556169606,-0.004228743086694511,0.0027972863644402167,0.01134431062336005,0.014808532001354386,-0.011876362032329123,0.014048549156941034,-0.015718393032653738,-0.011923044486460312,0.011065743912919597,0.016924563643564133,0.02087528041456261,-0.02291574607491216,0.03483336077341907,0.00414156647166115,0.017682450082011213,-0.02805990114548701,-0.004923670460740864,-0.0030337766090737326,0.0014832367867705074,-0.004776382477171952,-0.013937832729906521,0.00972821936555271,0.015714178162078513,-0.006019527585542483,-0.00023866933790096996,0.002494551234014321,-0.0071887245625511745,-0.009262838653423176,-0.008077348927596907,0.019779355953557048,0.0034232485640247456,0.011660408164795476,0.00414156647166115,0.025226189079761027,0.021565276876269544,-0.01306348059057861,-0.0007353061397768887,0.00204582102074895,0.008365862522436276,0.004751356555617399,-0.017480086359731556,0.016379292460455774,0.019453069311408083,-0.015414351693963622,0.00031326304031925644,0.009339047455517842,-0.01813731934103295,-0.014361587889719418,-0.005920389368629162,0.011406451510951666,0.0026330865772882938,0.0067530143751839255,0.017682450082011213,0.021565276876269544,0.05683388020089112,-0.023251086911102857,0.02682021819508186,0.015719042048322536,-0.02060239015174134,0.023414824289540316,0.01995095936896575,-0.007496289554558367,-0.013459145376617826,-0.02300214282922925,0.03221358246529675,-0.02243569572154861,0.02975911931299612,0.03145878150907591,-0.0058408853099168045,-0.056678581425446475,-0.041472290912022036,0.023760746677954747,-0.02805990114548701,-0.01306348059057861,-0.023251086911102857,0.07514569372193172
