0.028807341709673844,4.990719180679416e-5,-3.6418656864031134e-5,-0.0058800966501745605,-0.004108896114890168,0.012873670514245327,0.005255524758587454,-0.002166491559482487,0.007441429093131599,0.003834709247843677,-0.0016798232810561907,-0.006475449299426818,-0.003965215840748097,-0.0023949084209033615,0.0029881968693857095,0.004747384941430191,-0.0029864471395538218,-0.00725057153273258,-0.0008618980570326674,-0.002764952810909019,4.990719180679416e-5,0.024524275238536026,0.01332816046538189,-0.006635305937463468,-0.008961146518023745,0.00960646447630862,0.0006564356774315919,-0.012823233388246643,-0.000388223644579942,0.00743402766787331,-0.0027068459492865194,-0.005443219340956092,0.0009104461081392023,-0.0002994080567534262,0.0036356797408337647,0.007574077572223009,-0.0036344478935810614,-0.00918536606436315,-0.0020127809029411737,-0.01122066408401088,-3.6418656864031134e-5,0.01332816046538189,0.04802031408317575,-0.014238168495127334,-0.01712151889593018,0.01158472311450503,0.008890318907965572,-0.01540486215202496,-0.0017286298675892545,0.01724093665654723,-0.003715976723568479,-0.005320944859384256,-0.004565384693956929,0.0012576238520554952,0.007095848538140511,0.002464727449740703,-0.004584048484559739,-0.00832418192781681,-0.008080198534145166,-0.006394171808136797,-0.0058800966501745605,-0.006635305937463468,-0.014238168495127334,0.05430722377514138,0.01674283066958837,-0.01266482049400725,-0.005839242807213815,0.0114726624162061,-0.00434931878320018,-0.009767076647848549,-0.0031475530919654613,0.007768926490674724,0.002788613921710117,-0.00112479353448939,-0.015390409051319196,-0.014394984102406529,-0.0007744600383690486,0.0013761881808196832,0.010334461916164047,0.0017588338893273184,-0.004108896114890168,-0.008961146518023745,-0.01712151889593018,0.01674283066958837,0.029606842971399754,-0.011609093007154502,-0.0028221380501032805,0.009600530951428377,0.0006671600341766294,-0.012155301344731102,0.0025162827299857783,0.004028915244813806,0.0028041715030737717,0.0032420873053609607,-0.0042796785502164595,-0.005056492245309565,0.008171276649480252,0.00223968487420201,0.008128902945279657,0.008540903094653749,0.012873670514245327,0.00960646447630862,0.01158472311450503,-0.01266482049400725,-0.011609093007154502,0.03821231133284802,0.005225919919894038,-0.01900967045666346,0.007539459812402802,0.008324832000010926,0.002398926099748507,-0.005386613116139525,-0.0038477253583317104,-0.0030401723165455288,-0.0016275464743162875,0.011516465338545133,-0.011675543442810556,-0.01366753459638846,-0.005824416790976426,-0.016157174893729614,0.005255524758587454,0.0006564356774315919,0.008890318907965572,-0.005839242807213815,-0.0028221380501032805,0.005225919919894038,0.026688762003251935,-0.0017594274598521679,-0.0025329586755110847,0.006789212568828948,-0.008152008804821573,-0.006344746480816416,-0.0007964791590618899,-0.0026207506807641133,0.003073399800115991,0.0015385514101650705,-0.0021875056137237742,-0.0038385147573189206,-0.00978419954264528,0.0011599716566010705,-0.002166491559482487,-0.012823233388246643,-0.01540486215202496,0.0114726624162061,0.009600530951428377,-0.01900967045666346,-0.0017594274598521679,0.03932899188418558,0.0005870747961786544,-0.00683769114103447,-0.004014566786312162,0.003634677577909676,0.004450746959458808,-0.002090377430397642,0.0006431706246824923,-0.014574708094266605,0.011923784820208623,0.006040260919977072,0.002447963299642796,0.007530895410202751,0.007441429093131599,-0.000388223644579942,-0.0017286298675892545,-0.00434931878320018,0.0006671600341766294,0.007539459812402802,-0.0025329586755110847,0.0005870747961786544,0.017874704611273648,-0.00037499312660139224,0.0028203828669734823,-0.002688889754963825,0.002502918707108347,-0.0014426190239477154,0.0029061275173185917,0.004941744427685625,-0.003549189927230522,-0.003384482920922106,-0.00524048979484428,-0.010930559929606159,0.003834709247843677,0.00743402766787331,0.01724093665654723,-0.009767076647848549,-0.012155301344731102,0.008324832000010926,0.006789212568828948,-0.00683769114103447,-0.00037499312660139224,0.027393859450397965,-0.004591165799211934,-0.00604847260314397,-0.0015378182981221958,0.0005255633431711097,0.008884574596095034,0.008510764501395651,-0.0032838213408539715,-0.00547088009941998,-0.008167784412051755,-0.009895997281945932,-0.0016798232810561907,-0.0027068459492865194,-0.003715976723568479,-0.0031475530919654613,0.0025162827299857783,0.002398926099748507,-0.008152008804821573,-0.004014566786312162,0.0028203828669734823,-0.004591165799211934,0.01843703718700779,0.0017254253885957594,-0.00010115415112726869,-0.0017231607845116272,-0.0009442911560278212,0.003966361501442464,-0.0015219440304442109,0.0062610279275571055,8.572591451724799e-5,-0.00042351300167522954,-0.006475449299426818,-0.005443219340956092,-0.005320944859384256,0.007768926490674724,0.004028915244813806,-0.005386613116139525,-0.006344746480816416,0.003634677577909676,-0.002688889754963825,-0.00604847260314397,0.0017254253885957594,0.027613566572842477,-0.006364782557814528,0.002882777645663692,-0.0029428676155698616,-0.012610206203171902,-0.000980532960472069,0.004274169009554842,0.0028645449356730192,0.009579978566291244,-0.003965215840748097,0.0009104461081392023,-0.004565384693956929,0.002788613921710117,0.0028041715030737717,-0.0038477253583317104,-0.0007964791590618899,0.004450746959458808,0.002502918707108347,-0.0015378182981221958,-0.00010115415112726869,-0.006364782557814528,0.016991611729554715,0.0008241164466221537,8.542929274013144e-5,0.004473523516604989,0.0016690573648341217,-0.0023159565699531304,0.0035744153879097447,-0.006636731029197219,-0.0023949084209033615,-0.0002994080567534262,0.0012576238520554952,-0.00112479353448939,0.0032420873053609607,-0.0030401723165455288,-0.0026207506807641133,-0.002090377430397642,-0.0014426190239477154,0.0005255633431711097,-0.0017231607845116272,0.002882777645663692,0.0008241164466221537,0.014752702310926565,0.0041956119617597085,0.0025163981584137895,0.0012071726374235491,0.0005643384704478308,-0.0005533559649663265,-0.0006646784530639866,0.0029881968693857095,0.0036356797408337647,0.007095848538140511,-0.015390409051319196,-0.0042796785502164595,-0.0016275464743162875,0.003073399800115991,0.0006431706246824923,0.0029061275173185917,0.008884574596095034,-0.0009442911560278212,-0.0029428676155698616,8.542929274013144e-5,0.0041956119617597085,0.033605828526543424,0.010311616684001034,0.002866665287284142,-0.003450213969641747,0.0006760010311800702,-0.00582075271572562,0.004747384941430191,0.007574077572223009,0.002464727449740703,-0.014394984102406529,-0.005056492245309565,0.011516465338545133,0.0015385514101650705,-0.014574708094266605,0.004941744427685625,0.008510764501395651,0.003966361501442464,-0.012610206203171902,0.004473523516604989,0.0025163981584137895,0.010311616684001034,0.037378063874765874,-0.0077577408079035175,-0.006380860242711679,-0.002007526950404191,-0.01947467674161526,-0.0029864471395538218,-0.0036344478935810614,-0.004584048484559739,-0.0007744600383690486,0.008171276649480252,-0.011675543442810556,-0.0021875056137237742,0.011923784820208623,-0.003549189927230522,-0.0032838213408539715,-0.0015219440304442109,-0.000980532960472069,0.0016690573648341217,0.0012071726374235491,0.002866665287284142,-0.0077577408079035175,0.02523453505073643,0.004706281408277373,0.00038821714282077826,0.010188729088205247,-0.00725057153273258,-0.00918536606436315,-0.00832418192781681,0.0013761881808196832,0.00223968487420201,-0.01366753459638846,-0.0038385147573189206,0.006040260919977072,-0.003384482920922106,-0.00547088009941998,0.0062610279275571055,0.004274169009554842,-0.0023159565699531304,0.0005643384704478308,-0.003450213969641747,-0.006380860242711679,0.004706281408277373,0.029486778730860475,0.0025766379759496606,0.015072694344257002,-0.0008618980570326674,-0.0020127809029411737,-0.008080198534145166,0.010334461916164047,0.008128902945279657,-0.005824416790976426,-0.00978419954264528,0.002447963299642796,-0.00524048979484428,-0.008167784412051755,8.572591451724799e-5,0.0028645449356730192,0.0035744153879097447,-0.0005533559649663265,0.0006760010311800702,-0.002007526950404191,0.00038821714282077826,0.0025766379759496606,0.01696531094519865,0.002669555630644393,-0.002764952810909019,-0.01122066408401088,-0.006394171808136797,0.0017588338893273184,0.008540903094653749,-0.016157174893729614,0.0011599716566010705,0.007530895410202751,-0.010930559929606159,-0.009895997281945932,-0.00042351300167522954,0.009579978566291244,-0.006636731029197219,-0.0006646784530639866,-0.00582075271572562,-0.01947467674161526,0.010188729088205247,0.015072694344257002,0.002669555630644393,0.04833059190698672
