0.023538376927843864,0.004791730151592299,0.003351453038281729,0.005541234162063523,0.0062658468148020265,0.009124428302131355,-0.0036274915909390165,-0.0014650412474933538,-0.0003340752131681679,-0.0034358444494563684,-0.004595996002236761,0.0030770171644797597,-0.007929388804776248,0.003172002533076323,0.0031338782403107076,-0.006337249398832689,-0.006743837260124268,-0.0005576459961452653,-0.009190399294579776,-0.0035636584478034314,0.004791730151592299,0.016795942580127617,0.005308342828903316,-0.0020255989194108703,-0.0041267654834106215,0.005446252118550928,0.002261057067777351,0.007228332121093346,0.003175185724169321,0.0003832133499216867,0.0003548999303671309,-0.0019351768804401245,-0.005889676502888479,-0.004776347539477053,-0.007849546482756632,-0.003566480501346207,-0.0007619880245013735,-0.003945037220196287,0.0058669906982181785,-0.0010872698839707083,0.003351453038281729,0.005308342828903316,0.02863021814781822,-0.00308540764912125,-0.0028121763625676083,0.0038023952629962048,0.003657991998786609,-0.0022309979215701494,9.67277255108207e-5,-3.0241595678549968e-5,8.175114181947904e-5,-0.00042612965353908225,0.006378595469176255,-0.0035558471992414237,-0.007546626558977233,0.001391178076493037,-0.006337475001333437,-0.012029871251067192,0.009265132080246452,-0.0022008027077286842,0.005541234162063523,-0.0020255989194108703,-0.00308540764912125,0.01612462105902905,-0.001223826560415291,-0.0010043645777282997,0.00013462259019155634,-0.0053213233352456075,0.004087398708285481,-0.0012139784994139472,-0.00011648467441325108,0.0012604557566444014,0.01035472041019653,0.0019733282580205415,-0.005108747748269286,0.001660862114909038,-0.003376839281178503,0.004427775627143405,-0.0071485248219048305,-0.006411481765376862,0.0062658468148020265,-0.0041267654834106215,-0.0028121763625676083,-0.001223826560415291,0.03161222631280562,0.0002129622272893715,0.004253915563785054,-0.006251776112548545,-0.004528876274624869,0.0011087245091351162,-0.0031752317635075013,-0.0054952593213296866,-0.0073006976810544855,0.000975579550232034,0.0030218594180005743,-0.007989244588478998,-0.001192918750066726,0.00643787463964123,-0.006315027001147264,-0.004944802830755073,0.009124428302131355,0.005446252118550928,0.0038023952629962048,-0.0010043645777282997,0.0002129622272893715,0.018788838851888222,0.00229046864508715,0.002788793766831857,-0.0017762549936348843,-0.0015321158317139379,-0.0037889522464846026,-0.004622941468690689,-0.010861496113527373,-0.004018786022801667,-0.004321657852878177,-0.0028232662213860645,0.002784206010108756,0.0008423062773366332,0.001786139206044801,-0.003206573083489428,-0.0036274915909390165,0.002261057067777351,0.003657991998786609,0.00013462259019155634,0.004253915563785054,0.00229046864508715,0.027663426831211226,0.004477870253150771,0.003073205311003119,0.0030420493713614093,0.0013845757267977926,-0.0009665849838311355,-0.0005312953712520084,-0.004840075959944992,-0.00913324514940913,-0.002836668735679193,0.007928255142064092,-0.0016286242238869944,0.004467384055807401,0.00037803429436287063,-0.0014650412474933538,0.007228332121093346,-0.0022309979215701494,-0.0053213233352456075,-0.006251776112548545,0.002788793766831857,0.004477870253150771,0.05304909348068782,-0.0037390822934968123,-0.014408128921683836,0.00748637977016226,-0.0012143767401172154,-0.014347032649522695,-0.0032287278388947083,-0.0034576075823314965,0.000372465855844352,0.007012658193319533,-0.009691553197153785,0.0047352547214347986,0.008873073616802382,-0.0003340752131681679,0.003175185724169321,9.67277255108207e-5,0.004087398708285481,-0.004528876274624869,-0.0017762549936348843,0.003073205311003119,-0.0037390822934968123,0.029797453609628922,0.0030081935116087486,0.0030487742162073556,0.003673300258608154,0.00430570128415173,0.001447923588614535,-0.004296783278853881,0.003915745899505068,-0.010768434951164075,0.000836111558424238,-0.009743747262279378,0.0011528838664948884,-0.0034358444494563684,0.0003832133499216867,-3.0241595678549968e-5,-0.0012139784994139472,0.0011087245091351162,-0.0015321158317139379,0.0030420493713614093,-0.014408128921683836,0.0030081935116087486,0.02749769123812077,-0.0013877760401526035,-0.009404175208378752,-0.003723649536961783,0.0025053047190254,-0.001623474689747615,-0.001030781859510009,0.0020099112740407862,0.007996894941401603,0.007239959268275853,-0.002797235972670273,-0.004595996002236761,0.0003548999303671309,8.175114181947904e-5,-0.00011648467441325108,-0.0031752317635075013,-0.0037889522464846026,0.0013845757267977926,0.00748637977016226,0.0030487742162073556,-0.0013877760401526035,0.03124026635796776,0.007393868447602404,0.004031862211756718,0.0016746022666560448,-0.0012556329639671195,0.0007382099837060718,-0.0013395673383744373,-0.0032545436933816667,-0.0026090549828716525,0.0001923329232683141,0.0030770171644797597,-0.0019351768804401245,-0.00042612965353908225,0.0012604557566444014,-0.0054952593213296866,-0.004622941468690689,-0.0009665849838311355,-0.0012143767401172154,0.003673300258608154,-0.009404175208378752,0.007393868447602404,0.029111335922044564,0.008070434719516887,-0.002662871017302227,0.003580267172362976,0.0012961430396649272,-0.0027294166768986276,-0.006790839671698072,-0.002684457223958732,0.0003936234422524422,-0.007929388804776248,-0.005889676502888479,0.006378595469176255,0.01035472041019653,-0.0073006976810544855,-0.010861496113527373,-0.0005312953712520084,-0.014347032649522695,0.00430570128415173,-0.003723649536961783,0.004031862211756718,0.008070434719516887,0.053996140808461254,0.006122228620711166,0.0003020675493801885,0.005583943038555635,-0.009145357671011732,0.0029854504625834066,-0.00800182657968467,-0.003387830497001078,0.003172002533076323,-0.004776347539477053,-0.0035558471992414237,0.0019733282580205415,0.000975579550232034,-0.004018786022801667,-0.004840075959944992,-0.0032287278388947083,0.001447923588614535,0.0025053047190254,0.0016746022666560448,-0.002662871017302227,0.006122228620711166,0.026763953941786885,0.004919204431469933,-6.989798209171985e-5,-0.01124169445542868,0.014218416136956184,-0.007130285761618123,0.005698924620047403,0.0031338782403107076,-0.007849546482756632,-0.007546626558977233,-0.005108747748269286,0.0030218594180005743,-0.004321657852878177,-0.00913324514940913,-0.0034576075823314965,-0.004296783278853881,-0.001623474689747615,-0.0012556329639671195,0.003580267172362976,0.0003020675493801885,0.004919204431469933,0.027976474334494728,0.0005023021871998553,0.0024500307745686963,0.008712905588415195,-0.006989581688625015,-0.0035788100408305256,-0.006337249398832689,-0.003566480501346207,0.001391178076493037,0.001660862114909038,-0.007989244588478998,-0.0028232662213860645,-0.002836668735679193,0.000372465855844352,0.003915745899505068,-0.001030781859510009,0.0007382099837060718,0.0012961430396649272,0.005583943038555635,-6.989798209171985e-5,0.0005023021871998553,0.024652547793107056,-0.0029494769137243006,-2.176294399791193e-5,-0.0025630726854605776,0.005878107416275084,-0.006743837260124268,-0.0007619880245013735,-0.006337475001333437,-0.003376839281178503,-0.001192918750066726,0.002784206010108756,0.007928255142064092,0.007012658193319533,-0.010768434951164075,0.0020099112740407862,-0.0013395673383744373,-0.0027294166768986276,-0.009145357671011732,-0.01124169445542868,0.0024500307745686963,-0.0029494769137243006,0.03659800997509575,-0.002259192948691797,0.012063181872422939,-0.003415845969392089,-0.0005576459961452653,-0.003945037220196287,-0.012029871251067192,0.004427775627143405,0.00643787463964123,0.0008423062773366332,-0.0016286242238869944,-0.009691553197153785,0.000836111558424238,0.007996894941401603,-0.0032545436933816667,-0.006790839671698072,0.0029854504625834066,0.014218416136956184,0.008712905588415195,-2.176294399791193e-5,-0.002259192948691797,0.03846076127979127,-0.011056552073579778,0.0006353533006099449,-0.009190399294579776,0.0058669906982181785,0.009265132080246452,-0.0071485248219048305,-0.006315027001147264,0.001786139206044801,0.004467384055807401,0.0047352547214347986,-0.009743747262279378,0.007239959268275853,-0.0026090549828716525,-0.002684457223958732,-0.00800182657968467,-0.007130285761618123,-0.006989581688625015,-0.0025630726854605776,0.012063181872422939,-0.011056552073579778,0.04050150340778903,0.004953966768418685,-0.0035636584478034314,-0.0010872698839707083,-0.0022008027077286842,-0.006411481765376862,-0.004944802830755073,-0.003206573083489428,0.00037803429436287063,0.008873073616802382,0.0011528838664948884,-0.002797235972670273,0.0001923329232683141,0.0003936234422524422,-0.003387830497001078,0.005698924620047403,-0.0035788100408305256,0.005878107416275084,-0.003415845969392089,0.0006353533006099449,0.004953966768418685,0.0314408273926201
0.023668572755317176,0.003949763509663038,0.018094428719504424,0.003910429971322577,-0.0044310700765326245,0.013028236632171602,-0.006950761072172804,-0.0025657615224445075,0.013714690250981876,-0.004892717717530144,0.0016089782399760495,-0.004648018582952477,-0.0031647994789080446,0.005083566729840809,0.006076244216081548,0.00045545911698115845,-0.009648040519933669,-0.008518599683568794,-0.002415580104021533,7.192995505008696e-5,0.003949763509663038,0.027733466364330907,0.004843661996152578,-0.010044401406509418,-0.0013092451359226615,-0.002251945167540249,0.0055863158556982056,0.0007311705080963807,0.002147723012083949,-0.004908991004898364,0.004308483322504577,-0.011768337992051847,-0.008050314597971453,0.0008660583515431388,-0.0038207924535178734,-0.010188539848162901,-0.0014593081576354868,-0.0012463697449496157,0.009378979554289912,0.0067505922998355354,0.018094428719504424,0.004843661996152578,0.05483969816936418,-0.0029052539918551666,-0.011645038604936576,0.004453834150645501,-0.0009104280579999239,-0.006759909458350187,0.007953768193324814,0.0021702539760563794,0.0035730625709389434,-0.02421049084602138,-0.001326558659037319,0.0017334659851845696,0.0005745563370237339,-0.02020433517177854,-0.015750245260254588,-0.016612799060083155,0.01386160605949982,-0.008796987791369781,0.003910429971322577,-0.010044401406509418,-0.0029052539918551666,0.03298903558477824,-0.008563073972759745,0.0027158159046996194,-0.0049099837927466545,-0.00885143842717816,0.00044512256778492254,0.007004732554065682,-0.007626920002555603,-0.013575576273763094,0.0019110052947155693,0.0050923335265313265,-0.006881698929328153,0.00897075724436111,-0.002465944953163733,0.006195803755684999,0.009674898773961011,-0.01891092493330912,-0.0044310700765326245,-0.0013092451359226615,-0.011645038604936576,-0.008563073972759745,0.03406443055545966,-0.007087825325053265,0.013232615410487985,0.006646491987035273,-0.012165367488293236,0.004349965451673838,0.0020993023686511226,0.021059834647901267,0.01388635355067215,-0.017328213188469263,-0.0003121031787141417,0.005673856089213918,0.010962103530575907,-0.0037166131294060732,-0.014887986938603076,-0.0022085341679745187,0.013028236632171602,-0.002251945167540249,0.004453834150645501,0.0027158159046996194,-0.007087825325053265,0.02503416942103007,-0.0149367243050914,0.0018023970802017002,0.012657592909343651,-0.014734245037608056,-0.002445332773930494,-0.0060885335145297904,0.0011376734879292318,0.009634691487924675,-0.0015564469096282902,0.010791122862627262,0.003206435547928174,-0.0036844691524636347,-0.00561333781179049,0.001486485252696588,-0.006950761072172804,0.0055863158556982056,-0.0009104280579999239,-0.0049099837927466545,0.013232615410487985,-0.0149367243050914,0.03874674455740817,0.00435579414106502,-0.024950096600244942,0.0028196526889563514,0.007226221745540466,0.01334650515798851,0.006578720264333368,-0.015902829931267834,-0.004625898805924764,-0.011894075637212988,0.0028399864557959362,-0.007911793719884253,-0.0008641668540867117,-0.004323509716044942,-0.0025657615224445075,0.0007311705080963807,-0.006759909458350187,-0.00885143842717816,0.006646491987035273,0.0018023970802017002,0.00435579414106502,0.04832709163861989,-0.02373269533378565,-0.03428349964044719,0.01093784291492512,0.014249810308483744,-0.008124348165138658,0.004999293398922973,-0.009919636651261585,0.009556113021222189,0.012807828170792922,-0.013931795528138464,-0.013945395071078176,0.0006995448263578507,0.013714690250981876,0.002147723012083949,0.007953768193324814,0.00044512256778492254,-0.012165367488293236,0.012657592909343651,-0.024950096600244942,-0.02373269533378565,0.06931456161606328,0.002840185198966432,-0.01115588062645326,-0.01908995815055442,0.0006337759976085618,0.004876049559490151,0.00937901094660991,-0.005709241914719814,-0.010021472854136376,-0.0012466776105899708,-0.0009430218177333837,0.022009826703498235,-0.004892717717530144,-0.004908991004898364,0.0021702539760563794,0.007004732554065682,0.004349965451673838,-0.014734245037608056,0.0028196526889563514,-0.03428349964044719,0.002840185198966432,0.06819192127352769,-0.007996997913664983,0.0033042793363464397,0.003189032862202512,-0.02072049555177344,0.0042284714391077095,-0.009748310930455029,-0.014264139390759604,0.011853451776273373,0.019313545088995597,-0.006604401549333906,0.0016089782399760495,0.004308483322504577,0.0035730625709389434,-0.007626920002555603,0.0020993023686511226,-0.002445332773930494,0.007226221745540466,0.01093784291492512,-0.01115588062645326,-0.007996997913664983,0.03215474465420442,0.013383793449604308,-0.0037564049336540808,0.0048258788006495515,1.677609435462549e-5,-0.004461082076944196,-0.006632299000590154,-0.007121783871883107,-0.007032777895374712,0.0007248776695998625,-0.004648018582952477,-0.011768337992051847,-0.02421049084602138,-0.013575576273763094,0.021059834647901267,-0.0060885335145297904,0.01334650515798851,0.014249810308483744,-0.01908995815055442,0.0033042793363464397,0.013383793449604308,0.07964398147026679,0.009288132164607683,-0.02799023798836351,0.003497510730850007,0.012180232096197348,-0.005657698423220002,-0.004164719930911866,-0.02871255558582262,0.009357191093786823,-0.0031647994789080446,-0.008050314597971453,-0.001326558659037319,0.0019110052947155693,0.01388635355067215,0.0011376734879292318,0.006578720264333368,-0.008124348165138658,0.0006337759976085618,0.003189032862202512,-0.0037564049336540808,0.009288132164607683,0.03880455913033495,-0.006653131686391881,-0.0016657086988364272,0.00014704475615645143,0.0120171213186175,-0.0010602443628391707,-0.011194290433163197,-0.0013108905603669738,0.005083566729840809,0.0008660583515431388,0.0017334659851845696,0.0050923335265313265,-0.017328213188469263,0.009634691487924675,-0.015902829931267834,0.004999293398922973,0.004876049559490151,-0.02072049555177344,0.0048258788006495515,-0.02799023798836351,-0.006653131686391881,0.05558101699294035,-0.000313218049887725,0.007021514001605741,0.0016262154881018678,0.007340340928467781,-0.0011057271071801748,0.0009976220558258284,0.006076244216081548,-0.0038207924535178734,0.0005745563370237339,-0.006881698929328153,-0.0003121031787141417,-0.0015564469096282902,-0.004625898805924764,-0.009919636651261585,0.00937901094660991,0.0042284714391077095,1.677609435462549e-5,0.003497510730850007,-0.0016657086988364272,-0.000313218049887725,0.02681848977412262,-0.0020863909919417445,-0.005192321624273461,0.008205918914455981,-0.001427419378892395,0.006190982928925965,0.00045545911698115845,-0.010188539848162901,-0.02020433517177854,0.00897075724436111,0.005673856089213918,0.010791122862627262,-0.011894075637212988,0.009556113021222189,-0.005709241914719814,-0.009748310930455029,-0.004461082076944196,0.012180232096197348,0.00014704475615645143,0.007021514001605741,-0.0020863909919417445,0.03989783031853603,0.0038933681665290418,0.010058772795034778,-0.014980984007578427,0.0017389420437263253,-0.009648040519933669,-0.0014593081576354868,-0.015750245260254588,-0.002465944953163733,0.010962103530575907,0.003206435547928174,0.0028399864557959362,0.012807828170792922,-0.010021472854136376,-0.014264139390759604,-0.006632299000590154,-0.005657698423220002,0.0120171213186175,0.0016262154881018678,-0.005192321624273461,0.0038933681665290418,0.03720114522888217,0.0002892682313799772,-0.004394319857528887,-0.00181385426491593,-0.008518599683568794,-0.0012463697449496157,-0.016612799060083155,0.006195803755684999,-0.0037166131294060732,-0.0036844691524636347,-0.007911793719884253,-0.013931795528138464,-0.0012466776105899708,0.011853451776273373,-0.007121783871883107,-0.004164719930911866,-0.0010602443628391707,0.007340340928467781,0.008205918914455981,0.010058772795034778,0.0002892682313799772,0.03553320539767679,0.001499594690299302,0.004163197457059822,-0.002415580104021533,0.009378979554289912,0.01386160605949982,0.009674898773961011,-0.014887986938603076,-0.00561333781179049,-0.0008641668540867117,-0.013945395071078176,-0.0009430218177333837,0.019313545088995597,-0.007032777895374712,-0.02871255558582262,-0.011194290433163197,-0.0011057271071801748,-0.001427419378892395,-0.014980984007578427,-0.004394319857528887,0.001499594690299302,0.04270532017208953,-0.009007808035445136,7.192995505008696e-5,0.0067505922998355354,-0.008796987791369781,-0.01891092493330912,-0.0022085341679745187,0.001486485252696588,-0.004323509716044942,0.0006995448263578507,0.022009826703498235,-0.006604401549333906,0.0007248776695998625,0.009357191093786823,-0.0013108905603669738,0.0009976220558258284,0.006190982928925965,0.0017389420437263253,-0.00181385426491593,0.004163197457059822,-0.009007808035445136,0.037284170692149995
