0.038431050028092474,0.002012787388025092,0.01200927997205127,-0.008913325103677415,-0.0010719210590480984,0.010951822537249916,-0.005371959093044484,0.0070568160725895356,-0.00196535381286483,-0.0015008656275749383,0.010057813989335977,-0.007640015661988492,-0.0027141667588757344,0.0015033846116776863,-0.001505052197204476,-0.011504085904048663,-0.003014957953969815,0.005919057073086587,0.0038803293841864124,0.003887970019734861,0.002012787388025092,0.02696815474695829,0.0023184898734687305,-0.001059199924448244,0.006870974429617423,-0.0014368345880999907,0.007636713137255172,-0.007110041926368145,0.0010355073505076465,0.003873426642864067,-0.0005097342349884857,-0.007841377874708443,-0.0062916081039234295,0.005905601265116827,0.003749925947843103,-0.0021824071376475773,-0.006951066111137413,0.01297867377649715,0.0010059261376172946,0.00019025236351991281,0.01200927997205127,0.0023184898734687305,0.030007859717944497,-0.009275698699764662,-0.003977008242234013,-0.001183936104137362,0.0028545072848454797,0.005616737098537789,0.007601626390499959,-0.002729216048955981,-7.581989761967938e-5,-0.003085462270521812,0.00024949205307476824,0.0004346534341029945,0.0007941771129991949,-0.003954032414778298,-0.004757331865267324,-0.0018366530579972025,0.01614201747618645,0.01410144220583253,-0.008913325103677415,-0.001059199924448244,-0.009275698699764662,0.035627555817617736,0.0033520887388652923,-0.000589566058476262,0.0023351979894142604,0.0022321877881739055,-0.006367508493684023,0.0008325120930931856,-0.004946565427637224,0.00556305277927913,0.001859832545675029,0.00027384981728851296,0.0031591510543731586,0.00301312384362935,0.005305044388079788,0.003918062193809612,-0.0073501339013487595,-0.01180414283317177,-0.0010719210590480984,0.006870974429617423,-0.003977008242234013,0.0033520887388652923,0.03010801625180194,0.009813767577788943,-0.00012526311482095827,-0.0005438482666105147,0.00018545817052155797,0.0005961922775243835,-0.00858527561622955,0.005646380424879513,0.0065391091367716335,0.008223706834142894,-0.008368166012217565,0.008835906054862506,0.004020978494707693,0.0033111081456666668,-0.008994320741051554,-0.0046079642617830215,0.010951822537249916,-0.0014368345880999907,-0.001183936104137362,-0.000589566058476262,0.009813767577788943,0.036171001851985,-0.011526638172464448,0.004483424582894562,-0.007537305475132395,-0.0008008877584207761,0.0009775158716078098,0.002919233109655142,-0.0007559751597201072,0.0007610920593221807,-0.004430564658030921,-0.003557402115946685,0.006836418878099993,0.0031023122663887646,-0.006383943787218097,0.0017528231682094227,-0.005371959093044484,0.007636713137255172,0.0028545072848454797,0.0023351979894142604,-0.00012526311482095827,-0.011526638172464448,0.02473926337843106,-0.008807661793737485,0.010244491478885943,0.0011037796215023514,0.0007602109370790911,-0.005845720250209456,-0.000625180708967056,0.0011648069764279984,0.005597464236860595,0.004756991508002078,-0.004594953585140587,0.004983305756506549,0.00577795971419323,0.001105973976927853,0.0070568160725895356,-0.007110041926368145,0.005616737098537789,0.0022321877881739055,-0.0005438482666105147,0.004483424582894562,-0.008807661793737485,0.019979055438909047,0.0010099393801580499,-0.0015910196678736357,-0.0027960325718624076,0.007975369300637369,0.009152850143767162,-0.0010355826464769355,-0.007920331203606423,-0.002570565035135679,0.002450076051830273,-0.011901438934813388,0.0015614532235514035,-0.0004180704543206696,-0.00196535381286483,0.0010355073505076465,0.007601626390499959,-0.006367508493684023,0.00018545817052155797,-0.007537305475132395,0.010244491478885943,0.0010099393801580499,0.020912160475722273,-0.0007890423766738052,0.005013520796810878,0.00476599690416181,0.004337809292077308,0.0077499064465690395,0.006608328829731331,0.0016831227886860973,-0.0012180474764461702,0.004938960254280851,0.00874025923227552,0.0033147076620399815,-0.0015008656275749383,0.003873426642864067,-0.002729216048955981,0.0008325120930931856,0.0005961922775243835,-0.0008008877584207761,0.0011037796215023514,-0.0015910196678736357,-0.0007890423766738052,0.01653086930415318,0.0007641238409110043,0.00020965950387843264,0.0023897603489273674,-0.00015913575983024625,-0.00146857776028198,-0.00046997813606452403,0.003432873464281976,0.0018786734204297795,-0.0017240594643024637,-0.002103464554037722,0.010057813989335977,-0.0005097342349884857,-7.581989761967938e-5,-0.004946565427637224,-0.00858527561622955,0.0009775158716078098,0.0007602109370790911,-0.0027960325718624076,0.005013520796810878,0.0007641238409110043,0.02357864255346538,0.0013688301173797497,0.0008742102426522187,-0.001922388786603997,0.008784221906241736,-0.011513148419204724,5.4257762131906405e-5,0.007431134215109832,0.001999735473656161,-0.0012679704992190855,-0.007640015661988492,-0.007841377874708443,-0.003085462270521812,0.00556305277927913,0.005646380424879513,0.002919233109655142,-0.005845720250209456,0.007975369300637369,0.00476599690416181,0.00020965950387843264,0.0013688301173797497,0.03320329985109776,0.01863714598334202,-0.0003892329631431607,-0.0018478347574272568,0.006156082029771273,0.011898199699316398,-0.010770172427882287,-0.0044705191156495004,-0.007015552623888064,-0.0027141667588757344,-0.0062916081039234295,0.00024949205307476824,0.001859832545675029,0.0065391091367716335,-0.0007559751597201072,-0.000625180708967056,0.009152850143767162,0.004337809292077308,0.0023897603489273674,0.0008742102426522187,0.01863714598334202,0.039767048768351375,-0.003252836109178986,-0.006156961263241622,0.013778929679677029,0.015753419655721232,-0.012159384854861474,-0.000861311423589015,-0.00927457831802967,0.0015033846116776863,0.005905601265116827,0.0004346534341029945,0.00027384981728851296,0.008223706834142894,0.0007610920593221807,0.0011648069764279984,-0.0010355826464769355,0.0077499064465690395,-0.00015913575983024625,-0.001922388786603997,-0.0003892329631431607,-0.003252836109178986,0.021963534453457306,-0.0013985182831724985,-0.00465229970984371,-0.0048408703499741804,0.003561843816115515,-0.0019017825781291508,-0.001861576961851874,-0.001505052197204476,0.003749925947843103,0.0007941771129991949,0.0031591510543731586,-0.008368166012217565,-0.004430564658030921,0.005597464236860595,-0.007920331203606423,0.006608328829731331,-0.00146857776028198,0.008784221906241736,-0.0018478347574272568,-0.006156961263241622,-0.0013985182831724985,0.027186711379211644,-0.006733517778035298,-0.0016526256470687942,0.010055467858004107,3.3171005855961027e-6,0.005287689424912267,-0.011504085904048663,-0.0021824071376475773,-0.003954032414778298,0.00301312384362935,0.008835906054862506,-0.003557402115946685,0.004756991508002078,-0.002570565035135679,0.0016831227886860973,-0.00046997813606452403,-0.011513148419204724,0.006156082029771273,0.013778929679677029,-0.00465229970984371,-0.006733517778035298,0.03757190097611711,0.008097764330948392,-0.010688739239369978,0.000752776849782536,-0.005386041545296035,-0.003014957953969815,-0.006951066111137413,-0.004757331865267324,0.005305044388079788,0.004020978494707693,0.006836418878099993,-0.004594953585140587,0.002450076051830273,-0.0012180474764461702,0.003432873464281976,5.4257762131906405e-5,0.011898199699316398,0.015753419655721232,-0.0048408703499741804,-0.0016526256470687942,0.008097764330948392,0.0298678264417231,-0.00859714503506187,-0.010629734111241749,-0.00247165011478764,0.005919057073086587,0.01297867377649715,-0.0018366530579972025,0.003918062193809612,0.0033111081456666668,0.0031023122663887646,0.004983305756506549,-0.011901438934813388,0.004938960254280851,0.0018786734204297795,0.007431134215109832,-0.010770172427882287,-0.012159384854861474,0.003561843816115515,0.010055467858004107,-0.010688739239369978,-0.00859714503506187,0.04037977500756674,-0.00025074144590809595,0.0006783505104096866,0.0038803293841864124,0.0010059261376172946,0.01614201747618645,-0.0073501339013487595,-0.008994320741051554,-0.006383943787218097,0.00577795971419323,0.0015614532235514035,0.00874025923227552,-0.0017240594643024637,0.001999735473656161,-0.0044705191156495004,-0.000861311423589015,-0.0019017825781291508,3.3171005855961027e-6,0.000752776849782536,-0.010629734111241749,-0.00025074144590809595,0.034085171167876294,0.0087512260123411,0.003887970019734861,0.00019025236351991281,0.01410144220583253,-0.01180414283317177,-0.0046079642617830215,0.0017528231682094227,0.001105973976927853,-0.0004180704543206696,0.0033147076620399815,-0.002103464554037722,-0.0012679704992190855,-0.007015552623888064,-0.00927457831802967,-0.001861576961851874,0.005287689424912267,-0.005386041545296035,-0.00247165011478764,0.0006783505104096866,0.0087512260123411,0.03025430125186412
0.0426858174420277,0.0010142160949108408,-0.009283370914946933,0.006279291404843559,0.008404548242808037,0.008483867396304464,-0.006455323163879101,0.010946024998157911,-0.011901539699306858,0.007039442225530712,-0.011424393659385112,-0.0066583856088154566,-0.009708212320301094,0.011031980207024372,-0.0037191204229508976,-0.00319864557954647,0.011142381020366517,0.006923891194422541,-0.01706467374409282,0.021480799610170694,0.0010142160949108408,0.030836730701133516,-0.007371610897047761,-0.0033861106631188458,0.00407586140286133,-0.02117853953265892,0.0031139643823748305,-0.0003258739816701767,0.00834188511555863,0.005732223874388409,-0.0025891076694809596,-0.003147681423564573,0.0031113878694731976,0.003334698677334001,-0.0008131819726660305,0.0104622521674213,0.003933784556601091,0.012919254935010834,-0.0004022272986669528,0.0042933668535552975,-0.009283370914946933,-0.007371610897047761,0.056461951375397695,-0.03454936781340294,-0.01204267119597121,0.03229240855520639,-0.006032366618511217,0.011670383271287232,0.0020321265744051185,0.007791826847217976,0.028956913452330858,0.016174945886832215,0.001100511176361813,-0.030209733125790325,0.0019103101249648624,-0.022292416490921636,-0.02458220953433384,-0.03487360916472426,0.01337428169863869,-0.011001948613467226,0.006279291404843559,-0.0033861106631188458,-0.03454936781340294,0.0731247164956655,0.03499006135846154,-0.028057213652681136,0.0026569801624463383,-0.01202211082938469,-0.0005832391960436649,-0.0005441779967804861,-0.03251740066522564,-0.020812634073268683,-0.009916705309577153,0.045119355769377326,0.005597151919755074,0.025884039201687435,0.02642512490816646,0.04384964179143419,-0.0020377170819784437,0.02244936140083495,0.008404548242808037,0.00407586140286133,-0.01204267119597121,0.03499006135846154,0.04656031825992962,-0.024276770051618407,0.0022569344145511967,-0.0029641491510338986,0.0135190171262921,0.007771201931602557,-0.021251802753716728,-0.012889477371675588,-0.008709859174333933,0.033901358700661285,0.007004630673104249,0.01921236167057986,0.01709553085436133,0.028668751369937816,-0.002925190556099167,0.014425701890600752,0.008483867396304464,-0.02117853953265892,0.03229240855520639,-0.028057213652681136,-0.024276770051618407,0.08873291230490726,-0.003960583630922264,0.013703704282333648,-0.03153307581196862,-0.0032147319314307396,0.025703057976704587,0.0085091911678924,-0.01465457837928824,-0.03193111993770391,-0.011211992210582822,-0.05142092281612059,-0.0328756800474753,-0.04371188890164135,0.004857574104173248,-0.008954283178901339,-0.006455323163879101,0.0031139643823748305,-0.006032366618511217,0.0026569801624463383,0.0022569344145511967,-0.003960583630922264,0.03250684177011765,-0.01295861106437455,0.014265502023731648,-0.0150507417325728,0.0037976666538054606,-0.011611641618837789,-0.012556657265285348,0.0105350472701524,0.006719570585576377,-0.006705616522489806,-0.014806066181311299,0.009473850140280893,0.011911965576711023,-0.012824596979013926,0.010946024998157911,-0.0003258739816701767,0.011670383271287232,-0.01202211082938469,-0.0029641491510338986,0.013703704282333648,-0.01295861106437455,0.028769848341334912,-0.0020809575808603707,0.013856409091985095,-0.0008932426790590876,0.012019142066098948,0.004303286790646249,-0.007360955970287974,-0.003640569195290845,-0.009405620762995186,-0.011907771582664175,-0.017650202377897672,-0.010971765280731266,0.0035936144957730374,-0.011901539699306858,0.00834188511555863,0.0020321265744051185,-0.0005832391960436649,0.0135190171262921,-0.03153307581196862,0.014265502023731648,-0.0020809575808603707,0.03962797219182944,-0.0021963205169499515,-0.0010961464538308307,-0.0028607371675943576,0.0008768918732805465,0.015880403127648674,0.013581709558040167,0.020816281940723807,0.003498380973278795,0.018911853270129314,0.010470051625807789,-0.004616326585549401,0.007039442225530712,0.005732223874388409,0.007791826847217976,-0.0005441779967804861,0.007771201931602557,-0.0032147319314307396,-0.0150507417325728,0.013856409091985095,-0.0021963205169499515,0.03343522243923117,-0.0009280733479122161,0.007711004633642315,0.014049543750442085,-0.003547803576337855,0.003596206898915471,0.008405927376891976,-0.0005829373172603664,-0.0029733264800324783,-0.010180034341675484,0.007372092965691688,-0.011424393659385112,-0.0025891076694809596,0.028956913452330858,-0.03251740066522564,-0.021251802753716728,0.025703057976704587,0.0037976666538054606,-0.0008932426790590876,-0.0010961464538308307,-0.0009280733479122161,0.05279793806207899,0.0152161297654425,0.009911570080727017,-0.03455091215804705,0.005192926724913723,-0.022648801816556985,-0.02081094497195095,-0.028615334448711623,0.0065312100021063645,-0.02293825221094447,-0.0066583856088154566,-0.003147681423564573,0.016174945886832215,-0.020812634073268683,-0.012889477371675588,0.0085091911678924,-0.011611641618837789,0.012019142066098948,-0.0028607371675943576,0.007711004633642315,0.0152161297654425,0.04180527474091023,0.026511784444071068,-0.02427882476058656,-0.00110215851361527,-0.00048654617192338766,0.004203780604585162,-0.03501831083805794,-0.009670022579548522,-0.015871517906031675,-0.009708212320301094,0.0031113878694731976,0.001100511176361813,-0.009916705309577153,-0.008709859174333933,-0.01465457837928824,-0.012556657265285348,0.004303286790646249,0.0008768918732805465,0.014049543750442085,0.009911570080727017,0.026511784444071068,0.049275723633496596,-0.019155097964713173,0.0006849068127655999,0.024421258014587353,0.02232324754541637,-0.013894992686359053,-0.013192331308424413,-0.012058782069867283,0.011031980207024372,0.003334698677334001,-0.030209733125790325,0.045119355769377326,0.033901358700661285,-0.03193111993770391,0.0105350472701524,-0.007360955970287974,0.015880403127648674,-0.003547803576337855,-0.03455091215804705,-0.02427882476058656,-0.019155097964713173,0.05514801947993273,0.005496498994611998,0.01778509036721607,0.010518083299366592,0.045241621716323566,0.0008814526676288049,0.021354297278718425,-0.0037191204229508976,-0.0008131819726660305,0.0019103101249648624,0.005597151919755074,0.007004630673104249,-0.011211992210582822,0.006719570585576377,-0.003640569195290845,0.013581709558040167,0.003596206898915471,0.005192926724913723,-0.00110215851361527,0.0006849068127655999,0.005496498994611998,0.0200342950457788,0.005692427628714787,-0.0015197733627352987,0.004939157243458245,-0.00023395133338544315,-0.005445714212041087,-0.00319864557954647,0.0104622521674213,-0.022292416490921636,0.025884039201687435,0.01921236167057986,-0.05142092281612059,-0.006705616522489806,-0.009405620762995186,0.020816281940723807,0.008405927376891976,-0.022648801816556985,-0.00048654617192338766,0.024421258014587353,0.01778509036721607,0.005692427628714787,0.0632546358614062,0.04417323620838541,0.026520796781775324,-0.0038179826691420475,0.01196290877940671,0.011142381020366517,0.003933784556601091,-0.02458220953433384,0.02642512490816646,0.01709553085436133,-0.0328756800474753,-0.014806066181311299,-0.011907771582664175,0.003498380973278795,-0.0005829373172603664,-0.02081094497195095,0.004203780604585162,0.02232324754541637,0.010518083299366592,-0.0015197733627352987,0.04417323620838541,0.0725892591642617,0.02098491405522797,-0.017652382496540227,0.015646350976013884,0.006923891194422541,0.012919254935010834,-0.03487360916472426,0.04384964179143419,0.028668751369937816,-0.04371188890164135,0.009473850140280893,-0.017650202377897672,0.018911853270129314,-0.0029733264800324783,-0.028615334448711623,-0.03501831083805794,-0.013894992686359053,0.045241621716323566,0.004939157243458245,0.026520796781775324,0.02098491405522797,0.07289876215319807,0.00349194622615282,0.024199904968814915,-0.01706467374409282,-0.0004022272986669528,0.01337428169863869,-0.0020377170819784437,-0.002925190556099167,0.004857574104173248,0.011911965576711023,-0.010971765280731266,0.010470051625807789,-0.010180034341675484,0.0065312100021063645,-0.009670022579548522,-0.013192331308424413,0.0008814526676288049,-0.00023395133338544315,-0.0038179826691420475,-0.017652382496540227,0.00349194622615282,0.0392171511520458,-0.004219365086056078,0.021480799610170694,0.0042933668535552975,-0.011001948613467226,0.02244936140083495,0.014425701890600752,-0.008954283178901339,-0.012824596979013926,0.0035936144957730374,-0.004616326585549401,0.007372092965691688,-0.02293825221094447,-0.015871517906031675,-0.012058782069867283,0.021354297278718425,-0.005445714212041087,0.01196290877940671,0.015646350976013884,0.024199904968814915,-0.004219365086056078,0.040961370995643585
