0.02876734232183541,0.01534385527148873,-0.01584345218191903,0.012940237119071281,0.0006178396712742437,0.0064155170389927595,0.01572971563710706,-0.022866214948155064,0.030152101257333107,-0.0022961224510835406,0.010561014953505888,0.01255598328427545,-0.006128050855066368,-0.012669776079941455,-0.016089119772013494,0.019503255692116188,-0.0033778698948288347,0.0051397910250904275,0.009238684342592021,0.02885693301030417,0.01534385527148873,0.040484322993273994,-0.020228218984002906,0.025368366865920505,0.01176784305199935,-0.00033044798602132393,0.006040887578585987,-0.02226800415941732,0.02558643468971538,0.011359992763910087,0.00023851392060871208,0.015657159003381764,0.008657932644805702,-0.03647496199552076,-0.018401294239534856,0.007948643841666714,-0.007240635543211137,-0.0032481329448990504,0.005857148663629487,0.025106855069696447,-0.01584345218191903,-0.020228218984002906,0.06048257773909962,-0.01897107177794366,0.0025177640194611072,9.003318286123894e-5,-0.0033947082303866115,0.03943444683283988,-0.014954361390916276,0.0025186566909108647,-0.017511969637261413,-0.009797114493833383,0.008007282480722855,0.046278807630081076,0.03793243096225536,-0.02355034233720126,0.015428416347954527,-0.004211131200080171,-0.010683365854649043,-0.03903464943159263,0.012940237119071281,0.025368366865920505,-0.01897107177794366,0.04396143421665572,0.015404590641147773,-0.00259839707949022,0.014244062450132289,-0.017936077871676025,0.03858396424996953,0.017660338541324806,-0.0016570005024893542,0.016694902097715257,0.011235086318734702,-0.03684422235142612,-0.020529876150292708,-0.019578358715000035,0.004187246499393422,-0.0010313054096458296,0.0059115051849806255,0.02153611536103449,0.0006178396712742437,0.01176784305199935,0.0025177640194611072,0.015404590641147773,0.056655897465845505,-0.023457948364203455,-0.028928852679671335,0.03431162214814734,0.001555403403816714,0.013575753349600931,0.005417113473385184,0.02440507951271049,0.03903341863467599,-0.0164897334546582,0.016975458111596037,-0.03353630717018244,-0.008628256517478722,-0.018271805179829216,-0.03348865869934051,0.013932192195461442,0.0064155170389927595,-0.00033044798602132393,9.003318286123894e-5,-0.00259839707949022,-0.023457948364203455,0.03943372930524996,0.030845753242946777,-0.028931398689511643,0.018242497248583445,-0.008920724153297834,-0.020090349699393384,-0.018209762653431265,-0.02021854467464479,-0.010064731593601972,-0.008132321898292796,0.007237075204523449,0.02396550806545599,0.02734157994423444,0.048409791887745586,-0.007225410601354983,0.01572971563710706,0.006040887578585987,-0.0033947082303866115,0.014244062450132289,-0.028928852679671335,0.030845753242946777,0.07574035968827736,-0.03941128583650157,0.05188432223650904,0.004130768247690405,-0.025350361745447848,-0.011411515970984578,-0.019153683301355383,0.0032432604382000513,-0.0025702950383200626,0.0017811722284883159,0.0374408673951141,0.023078336890124507,0.057178537853934557,0.003695440704536903,-0.022866214948155064,-0.02226800415941732,0.03943444683283988,-0.017936077871676025,0.03431162214814734,-0.028931398689511643,-0.03941128583650157,0.08754501500255592,-0.045822830289563285,0.011393842929505888,-0.006183753699288388,-0.0008067625971023308,0.03875003214544187,0.053806083960293474,0.05487486833868567,-0.050683644085101905,0.0011799507619250993,-0.013539049689711135,-0.04788182646952688,-0.042017542566699755,0.030152101257333107,0.02558643468971538,-0.014954361390916276,0.03858396424996953,0.001555403403816714,0.018242497248583445,0.05188432223650904,-0.045822830289563285,0.08940118247296752,0.007308354699793336,-0.0011908384381342403,0.019174093526811882,-0.008922205983247479,-0.03829562027918007,-0.02939545954935696,-0.0006743889878682149,0.01859817627314516,0.0034112141126557893,0.027556884004054122,0.04064907140821136,-0.0022961224510835406,0.011359992763910087,0.0025186566909108647,0.017660338541324806,0.013575753349600931,-0.008920724153297834,0.004130768247690405,0.011393842929505888,0.007308354699793336,0.03537193788906232,-0.008050468296681896,0.003790550671685384,0.026760485016415946,0.009957181938762766,0.011297730871223623,-0.026700326147380354,0.00520329787167895,-0.0012472422211367473,-0.0053437685729732405,-0.010882135810432444,0.010561014953505888,0.00023851392060871208,-0.017511969637261413,-0.0016570005024893542,0.005417113473385184,-0.020090349699393384,-0.025350361745447848,-0.006183753699288388,-0.0011908384381342403,-0.008050468296681896,0.05191889666774032,0.021494100295147412,-0.011261797994897432,-0.02041675381086684,-0.02786500925908915,0.037271225339461894,-0.03338568463368807,-0.020502006161239414,-0.042193984911001056,0.033062023348721103,0.01255598328427545,0.015657159003381764,-0.009797114493833383,0.016694902097715257,0.02440507951271049,-0.018209762653431265,-0.011411515970984578,-0.0008067625971023308,0.019174093526811882,0.003790550671685384,0.021494100295147412,0.036141587060572876,0.010934473089113777,-0.024577693785248315,-0.014419003029373652,0.006432360190356034,-0.020542544696298126,-0.018715915423520132,-0.026667778069122246,0.03533807647258986,-0.006128050855066368,0.008657932644805702,0.008007282480722855,0.011235086318734702,0.03903341863467599,-0.02021854467464479,-0.019153683301355383,0.03875003214544187,-0.008922205983247479,0.026760485016415946,-0.011261797994897432,0.010934473089113777,0.0565901594573754,0.011525844594623955,0.033283765098651136,-0.0414097892297944,-5.1723891502194786e-6,-0.006909695690903585,-0.0193586502344385,-0.00758571586416065,-0.012669776079941455,-0.03647496199552076,0.046278807630081076,-0.03684422235142612,-0.0164897334546582,-0.010064731593601972,0.0032432604382000513,0.053806083960293474,-0.03829562027918007,0.009957181938762766,-0.02041675381086684,-0.024577693785248315,0.011525844594623955,0.11387459165010139,0.056314312504847815,-0.017609442531669593,0.01094015149506882,0.017218233261976922,-0.007009341333508812,-0.0602290826854144,-0.016089119772013494,-0.018401294239534856,0.03793243096225536,-0.020529876150292708,0.016975458111596037,-0.008132321898292796,-0.0025702950383200626,0.05487486833868567,-0.02939545954935696,0.011297730871223623,-0.02786500925908915,-0.014419003029373652,0.033283765098651136,0.056314312504847815,0.07305595945149973,-0.037892292376586714,0.022286363100926753,0.005084103500462,-0.005417441308457964,-0.040561152502691364,0.019503255692116188,0.007948643841666714,-0.02355034233720126,-0.019578358715000035,-0.03353630717018244,0.007237075204523449,0.0017811722284883159,-0.050683644085101905,-0.0006743889878682149,-0.026700326147380354,0.037271225339461894,0.006432360190356034,-0.0414097892297944,-0.017609442531669593,-0.037892292376586714,0.10721781566727803,-0.036940347574185635,-0.0017633473010053393,0.004166997250502891,0.04503470812490036,-0.0033778698948288347,-0.007240635543211137,0.015428416347954527,0.004187246499393422,-0.008628256517478722,0.02396550806545599,0.0374408673951141,0.0011799507619250993,0.01859817627314516,0.00520329787167895,-0.03338568463368807,-0.020542544696298126,-5.1723891502194786e-6,0.01094015149506882,0.022286363100926753,-0.036940347574185635,0.051050013237717004,0.021390203610077093,0.038953427921658804,-0.030644439012044618,0.0051397910250904275,-0.0032481329448990504,-0.004211131200080171,-0.0010313054096458296,-0.018271805179829216,0.02734157994423444,0.023078336890124507,-0.013539049689711135,0.0034112141126557893,-0.0012472422211367473,-0.020502006161239414,-0.018715915423520132,-0.006909695690903585,0.017218233261976922,0.005084103500462,-0.0017633473010053393,0.021390203610077093,0.04719475106180117,0.04640568288353462,-0.015770772911470513,0.009238684342592021,0.005857148663629487,-0.010683365854649043,0.0059115051849806255,-0.03348865869934051,0.048409791887745586,0.057178537853934557,-0.04788182646952688,0.027556884004054122,-0.0053437685729732405,-0.042193984911001056,-0.026667778069122246,-0.0193586502344385,-0.007009341333508812,-0.005417441308457964,0.004166997250502891,0.038953427921658804,0.04640568288353462,0.10276299608079092,-0.004727779165261353,0.02885693301030417,0.025106855069696447,-0.03903464943159263,0.02153611536103449,0.013932192195461442,-0.007225410601354983,0.003695440704536903,-0.042017542566699755,0.04064907140821136,-0.010882135810432444,0.033062023348721103,0.03533807647258986,-0.00758571586416065,-0.0602290826854144,-0.040561152502691364,0.04503470812490036,-0.030644439012044618,-0.015770772911470513,-0.004727779165261353,0.08369799760709051
0.03135748638883655,0.011944656856260252,-0.0068692192657917265,0.01883075855124902,0.011222779582195499,0.006451291751875367,-0.0041807559083160695,-0.01823837497593754,0.021528850959149068,-0.011656874542743563,0.01756220312775638,0.0207642531176338,-0.0052011970999314055,-0.035614900154829286,-0.02386794379012702,0.014909342541453964,-0.008855093730541115,-0.005504844674504647,-0.0019109386822903551,0.03458084369612322,0.011944656856260252,0.04190145357159084,0.004990119120929057,0.020551271519548074,0.025009775108665734,0.0029045871254705976,-0.015968858711978583,-0.007193748277579773,0.00969686548684072,-0.001362575776411453,-0.0037156213039890315,0.0067164980847509576,0.004473840744640381,-0.04064001290178573,-0.014436400633716102,-0.006085327401245774,-0.005873904908793904,0.0009072355382969971,0.006476530398631834,0.010921560279723342,-0.0068692192657917265,0.004990119120929057,0.031280742224523685,-0.0021704951904346335,0.009720515097429223,0.0030366177655720313,-0.0012888215465688643,0.015291470182057745,-0.01330041549336617,0.014184520767953084,-0.013617490079868047,-0.009459629553216732,0.015168553916630566,0.011427446896402148,0.019486780821521332,-0.021904256272938967,0.010370000143755461,0.0014361956102424073,0.009276567555928351,-0.020464710701895178,0.01883075855124902,0.020551271519548074,-0.0021704951904346335,0.038092820137246984,0.022464204375353097,0.001253381011481984,-0.012873665581886122,-0.011535646860055697,0.017442162885929563,-0.01115592277878801,0.0023303723098299345,0.01751052842600825,0.0049331975246093805,-0.0487454242414989,-0.020350053461135692,-0.0025051512188071848,-0.0033618092635431703,-0.003423540841749493,0.007150760008539378,0.026623612290834063,0.011222779582195499,0.025009775108665734,0.009720515097429223,0.022464204375353097,0.054980020592393,-0.004594260259751435,-0.02315798650191607,0.006170426059654272,0.004292991281459751,0.0014575258523374108,-0.009146295536718151,0.011664137282779622,0.0236022937275537,-0.036615131194195676,-0.00024146631894617196,-0.027457986695282224,-0.0015328281896156634,-0.006553490972123005,-0.010960373817574805,0.01387583640189097,0.006451291751875367,0.0029045871254705976,0.0030366177655720313,0.001253381011481984,-0.004594260259751435,0.01735735202201003,0.004703448092602383,-0.011074739148524606,0.010269811862550625,-0.000992330547096811,-0.0003045014354330092,0.002603501786352533,-0.008125485484215498,-0.00958855274639025,-0.008865031334455674,0.011662571398501822,-0.0024409983135153654,0.0075588979765841,0.013043846878361968,-0.0012615224900044202,-0.0041807559083160695,-0.015968858711978583,-0.0012888215465688643,-0.012873665581886122,-0.02315798650191607,0.004703448092602383,0.03677148691095749,0.003963050107363279,-0.003543408446528535,0.005153854804726294,0.002626582990481836,-0.00878494884283165,-0.008829797537163602,0.034397459641687556,0.008827037569079809,0.008196756168906277,0.005704313527290802,0.00903972341377069,0.007175779192772572,-0.013508741085665382,-0.01823837497593754,-0.007193748277579773,0.015291470182057745,-0.011535646860055697,0.006170426059654272,-0.011074739148524606,0.003963050107363279,0.045495570116106145,-0.02778823541279473,0.01442799514942517,-0.013210296065171788,-0.01673647897200339,0.022961374652188855,0.03355070851194269,0.03704512787910886,-0.030066888814255358,0.017658441568515558,-0.001752690376820639,-0.013180846515785355,-0.028711960301224283,0.021528850959149068,0.00969686548684072,-0.01330041549336617,0.017442162885929563,0.004292991281459751,0.010269811862550625,-0.003543408446528535,-0.02778823541279473,0.042407423056803485,-0.01663087798890623,0.018800211297598176,0.021272930062782885,-0.014042561667558934,-0.03931158346199829,-0.03076619612794618,0.02384746928238726,-0.014974069401379473,-0.0006042748485332887,0.003013912667044671,0.03363857369122143,-0.011656874542743563,-0.001362575776411453,0.014184520767953084,-0.01115592277878801,0.0014575258523374108,-0.000992330547096811,0.005153854804726294,0.01442799514942517,-0.01663087798890623,0.02947048332371521,-0.01153550516626798,-0.01769725238139539,0.01185535551645379,0.028614313913726805,0.02249232393800897,-0.018238787214519585,0.00921387711313766,0.0011592882007999284,0.004449487215339196,-0.021904694479131386,0.01756220312775638,-0.0037156213039890315,-0.013617490079868047,0.0023303723098299345,-0.009146295536718151,-0.0003045014354330092,0.002626582990481836,-0.013210296065171788,0.018800211297598176,-0.01153550516626798,0.03436998569401994,0.014639440671819418,-0.014949432449693451,-0.013256927350807867,-0.018768363158336215,0.02631671325518603,-0.01635618742119075,-0.003530354055212694,-0.011871195110695208,0.03126438574490075,0.0207642531176338,0.0067164980847509576,-0.009459629553216732,0.01751052842600825,0.011664137282779622,0.002603501786352533,-0.00878494884283165,-0.01673647897200339,0.021272930062782885,-0.01769725238139539,0.014639440671819418,0.03588028702478741,-0.0016084970648371044,-0.03774388590541996,-0.022882402843229475,0.013580674468455645,-0.0083333449941436,-0.0033262594797435928,-0.006353094892555418,0.030308089049726504,-0.0052011970999314055,0.004473840744640381,0.015168553916630566,0.0049331975246093805,0.0236022937275537,-0.008125485484215498,-0.008829797537163602,0.022961374652188855,-0.014042561667558934,0.01185535551645379,-0.014949432449693451,-0.0016084970648371044,0.03600602518475596,0.001963546823757692,0.021467921183116224,-0.03433585819737457,0.01362076722712395,-0.004992130020985008,-0.005951702919186815,-0.010724154727054395,-0.035614900154829286,-0.04064001290178573,0.011427446896402148,-0.0487454242414989,-0.036615131194195676,-0.00958855274639025,0.034397459641687556,0.03355070851194269,-0.03931158346199829,0.028614313913726805,-0.013256927350807867,-0.03774388590541996,0.001963546823757692,0.10476757637140634,0.04964265167230146,-0.0067503818026559016,0.015251901340820216,0.010911995797812792,-0.001646590926607987,-0.05736347623823024,-0.02386794379012702,-0.014436400633716102,0.019486780821521332,-0.020350053461135692,-0.00024146631894617196,-0.008865031334455674,0.008827037569079809,0.03704512787910886,-0.03076619612794618,0.02249232393800897,-0.018768363158336215,-0.022882402843229475,0.021467921183116224,0.04964265167230146,0.05646552283148357,-0.029374301787382533,0.0172377020556937,0.0019756491313957436,-0.006951411114999952,-0.040556234787751486,0.014909342541453964,-0.006085327401245774,-0.021904256272938967,-0.0025051512188071848,-0.027457986695282224,0.011662571398501822,0.008196756168906277,-0.030066888814255358,0.02384746928238726,-0.018238787214519585,0.02631671325518603,0.013580674468455645,-0.03433585819737457,-0.0067503818026559016,-0.029374301787382533,0.0760526120601919,-0.02061909259061028,0.011209981783474408,0.004952399684252857,0.03030087482681133,-0.008855093730541115,-0.005873904908793904,0.010370000143755461,-0.0033618092635431703,-0.0015328281896156634,-0.0024409983135153654,0.005704313527290802,0.017658441568515558,-0.014974069401379473,0.00921387711313766,-0.01635618742119075,-0.0083333449941436,0.01362076722712395,0.015251901340820216,0.0172377020556937,-0.02061909259061028,0.032222283566660806,-0.00031297785971611913,0.008075209600730774,-0.024247202298267143,-0.005504844674504647,0.0009072355382969971,0.0014361956102424073,-0.003423540841749493,-0.006553490972123005,0.0075588979765841,0.00903972341377069,-0.001752690376820639,-0.0006042748485332887,0.0011592882007999284,-0.003530354055212694,-0.0033262594797435928,-0.004992130020985008,0.010911995797812792,0.0019756491313957436,0.011209981783474408,-0.00031297785971611913,0.019907314734583244,0.012669261225373134,-0.009430286384895598,-0.0019109386822903551,0.006476530398631834,0.009276567555928351,0.007150760008539378,-0.010960373817574805,0.013043846878361968,0.007175779192772572,-0.013180846515785355,0.003013912667044671,0.004449487215339196,-0.011871195110695208,-0.006353094892555418,-0.005951702919186815,-0.001646590926607987,-0.006951411114999952,0.004952399684252857,0.008075209600730774,0.012669261225373134,0.04866797400880578,-0.01844541099684344,0.03458084369612322,0.010921560279723342,-0.020464710701895178,0.026623612290834063,0.01387583640189097,-0.0012615224900044202,-0.013508741085665382,-0.028711960301224283,0.03363857369122143,-0.021904694479131386,0.03126438574490075,0.030308089049726504,-0.010724154727054395,-0.05736347623823024,-0.040556234787751486,0.03030087482681133,-0.024247202298267143,-0.009430286384895598,-0.01844541099684344,0.07667193715466829
