0.11345720555841604,-0.024465823659645045,0.012751808177485648,-0.036063056190169515,-0.0017417308436084094,0.02406971603770961,0.007699251321557726,-0.020022646334330995,-0.05068763251930257,0.004538682276746907,0.008671996522206925,-0.0084680538409691,0.011460126176838939,0.014082604481961834,0.059823798008488194,0.007407968484947455,-0.015914873049973924,-0.05132497487078877,-0.04222845217261888,-0.03301178260370813,-0.024465823659645045,0.0528035446394907,0.0006751920238372445,0.019823192825573363,-0.014218452491487985,-0.009824357831423979,-0.019514670442197058,0.031334044028492686,0.0035135071791245432,-0.00870560821643162,0.010224101650562622,-0.003941156355463452,-0.0030629882306471407,-0.001533104762183527,-0.03732247460539514,-0.015332752095271105,0.013159376929757806,0.00842020331037411,0.008424474940918279,0.011948695319187633,0.012751808177485648,0.0006751920238372445,0.030367142451004414,-0.0009291528913421803,-0.002940492388608911,0.01914451512716078,-0.002549951773658061,-0.0013467428250866797,-0.008054945369375274,-0.0006954309389769675,0.0019183661013826496,-0.0027326402639211954,-0.0034010519823362653,-0.00612025541767007,0.0048341018353933235,-0.0038099629112789577,0.0035405343922253994,-0.0021862822580017635,-0.005579498465384395,-0.003032918603833573,-0.036063056190169515,0.019823192825573363,-0.0009291528913421803,0.038871780277065435,-0.0059414389010345415,-0.007417817752537375,-0.008574892871743466,0.03083041275749596,0.015130801686483966,-0.0029837634705912252,-0.0005181372755758291,0.000872850224411591,-0.003749114040623565,-0.009815710928411315,-0.02193141719669858,-0.009402224453707118,0.009488898501723408,0.015564711756480179,0.007157650212207435,0.019789488277441914,-0.0017417308436084094,-0.014218452491487985,-0.002940492388608911,-0.0059414389010345415,0.030689284697073056,-0.016397810076698063,0.004853544184561499,-0.016409540064125122,-0.005217791718469452,0.008453148157669359,0.003537364058603676,0.009028281575001854,-0.009343211367281485,0.017550843261577884,0.004672846548221159,0.011542676921308871,0.005916018091684526,0.02128623315952314,0.008076564581370375,0.007300889467436506,0.02406971603770961,-0.009824357831423979,0.01914451512716078,-0.007417817752537375,-0.016397810076698063,0.05629220798966892,0.01051072299770722,-0.005301567277694888,-0.0008316865216524655,-0.0006565144461277168,-0.01078315629743069,-0.008546211667962478,0.008244017082214408,-0.021383749005679596,0.025880411975510914,-0.0008865077946329256,-0.008483363632409077,-0.02462639348354914,-0.021982248001509132,-0.01150223740630289,0.007699251321557726,-0.019514670442197058,-0.002549951773658061,-0.008574892871743466,0.004853544184561499,0.01051072299770722,0.03531806608995776,-0.01330903080543901,0.005781083094302318,0.006556649637705714,0.0024008436547402747,-0.002171772551824564,0.01334927990150787,-0.015023965481167405,0.012997060352967493,0.011246785373660542,-0.0084258146387651,-0.004609962976832209,-0.0027347209576835795,-0.004914913730888015,-0.020022646334330995,0.031334044028492686,-0.0013467428250866797,0.03083041275749596,-0.016409540064125122,-0.005301567277694888,-0.01330903080543901,0.06944741879483902,-0.0002374228259881636,-0.004763541591970887,0.01536867650524602,-0.00856682503869962,-0.003401763594483513,-0.012412327394458604,-0.020170975279515647,-0.008705348903657336,0.011126512576817727,0.00030519633902944133,-0.006648873560490582,0.026247434695938213,-0.05068763251930257,0.0035135071791245432,-0.008054945369375274,0.015130801686483966,-0.005217791718469452,-0.0008316865216524655,0.005781083094302318,-0.0002374228259881636,0.054170666913317796,0.00027913877276022333,-0.012347321023639675,0.000903631815462505,0.00808223191311392,-0.019419058398489487,-0.021612270228873895,-0.002572665315401986,0.00042670062016313256,0.008236992004529039,0.023273545105425564,0.009749821373090828,0.004538682276746907,-0.00870560821643162,-0.0006954309389769675,-0.0029837634705912252,0.008453148157669359,-0.0006565144461277168,0.006556649637705714,-0.004763541591970887,0.00027913877276022333,0.030912468407814336,0.0022067489721041287,0.003481771072732473,-0.006179702610616431,-0.003558447684346044,0.006738341409690559,0.007766307135904447,-8.933858085889484e-5,-0.0035368974602530126,-0.0005221119584379026,0.005681007135120312,0.008671996522206925,0.010224101650562622,0.0019183661013826496,-0.0005181372755758291,0.003537364058603676,-0.01078315629743069,0.0024008436547402747,0.01536867650524602,-0.012347321023639675,0.0022067489721041287,0.03010515520737342,-0.005765365185779238,-0.00404304840006855,0.0019313774216954348,-0.008931290859644484,0.004134761602455118,0.0059585459358460335,0.0020492835797051366,-0.0020797614725484503,0.009792036683028004,-0.0084680538409691,-0.003941156355463452,-0.0027326402639211954,0.000872850224411591,0.009028281575001854,-0.008546211667962478,-0.002171772551824564,-0.00856682503869962,0.000903631815462505,0.003481771072732473,-0.005765365185779238,0.020188090353785222,-0.007886848165068162,0.010489205983513952,-0.0025689051961210775,0.0043794589194367725,0.0004286036514774799,0.01062656278108368,0.008166263410740102,0.0003336275963242651,0.011460126176838939,-0.0030629882306471407,-0.0034010519823362653,-0.003749114040623565,-0.009343211367281485,0.008244017082214408,0.01334927990150787,-0.003401763594483513,0.00808223191311392,-0.006179702610616431,-0.00404304840006855,-0.007886848165068162,0.03180413620025958,-0.01581181955137351,0.006523473288832134,-0.0011538695311874463,-0.011254335913123753,-0.02096552094105974,-0.01345175950270242,-0.011051137110264165,0.014082604481961834,-0.001533104762183527,-0.00612025541767007,-0.009815710928411315,0.017550843261577884,-0.021383749005679596,-0.015023965481167405,-0.012412327394458604,-0.019419058398489487,-0.003558447684346044,0.0019313774216954348,0.010489205983513952,-0.01581181955137351,0.07289496940165052,0.0034368667389928827,0.00926418352881635,0.014828093876647803,0.025792762946293322,0.017821303822436914,-0.005248199729641201,0.059823798008488194,-0.03732247460539514,0.0048341018353933235,-0.02193141719669858,0.004672846548221159,0.025880411975510914,0.012997060352967493,-0.020170975279515647,-0.021612270228873895,0.006738341409690559,-0.008931290859644484,-0.0025689051961210775,0.006523473288832134,0.0034368667389928827,0.0682933007415133,0.010003985513859337,-0.008813544065813798,-0.028117177016007758,-0.031118766208092043,-0.020308137816454064,0.007407968484947455,-0.015332752095271105,-0.0038099629112789577,-0.009402224453707118,0.011542676921308871,-0.0008865077946329256,0.011246785373660542,-0.008705348903657336,-0.002572665315401986,0.007766307135904447,0.004134761602455118,0.0043794589194367725,-0.0011538695311874463,0.00926418352881635,0.010003985513859337,0.027521114735135983,-0.003454186050195919,0.006921646707853749,-0.00036561446737359143,0.005800309777975158,-0.015914873049973924,0.013159376929757806,0.0035405343922253994,0.009488898501723408,0.005916018091684526,-0.008483363632409077,-0.0084258146387651,0.011126512576817727,0.00042670062016313256,-8.933858085889484e-5,0.0059585459358460335,0.0004286036514774799,-0.011254335913123753,0.014828093876647803,-0.008813544065813798,-0.003454186050195919,0.026468412429528534,0.01832897600037909,0.01103949952920164,0.012528643830604489,-0.05132497487078877,0.00842020331037411,-0.0021862822580017635,0.015564711756480179,0.02128623315952314,-0.02462639348354914,-0.004609962976832209,0.00030519633902944133,0.008236992004529039,-0.0035368974602530126,0.0020492835797051366,0.01062656278108368,-0.02096552094105974,0.025792762946293322,-0.028117177016007758,0.006921646707853749,0.01832897600037909,0.07850006998867673,0.030235182787309994,0.029986984220190513,-0.04222845217261888,0.008424474940918279,-0.005579498465384395,0.007157650212207435,0.008076564581370375,-0.021982248001509132,-0.0027347209576835795,-0.006648873560490582,0.023273545105425564,-0.0005221119584379026,-0.0020797614725484503,0.008166263410740102,-0.01345175950270242,0.017821303822436914,-0.031118766208092043,-0.00036561446737359143,0.01103949952920164,0.030235182787309994,0.0412744828580633,0.015285025580022087,-0.03301178260370813,0.011948695319187633,-0.003032918603833573,0.019789488277441914,0.007300889467436506,-0.01150223740630289,-0.004914913730888015,0.026247434695938213,0.009749821373090828,0.005681007135120312,0.009792036683028004,0.0003336275963242651,-0.011051137110264165,-0.005248199729641201,-0.020308137816454064,0.005800309777975158,0.012528643830604489,0.029986984220190513,0.015285025580022087,0.03942833005140309
0.06124853855694358,-0.0002748092877761527,-0.01543597743569151,-0.008717424903428129,0.00031407666605212485,-0.0184072693545332,0.010585257437257075,0.009441439670746322,-0.007366880116355777,0.01277684493194178,0.013037048221644532,-0.005582236154900657,0.014915077085183357,0.014633357746331264,0.018888168350755116,0.0020056183463665576,-0.011541604212739566,-0.021610761998650384,-0.013769477382852148,-0.014723458675831897,-0.0002748092877761527,0.03641688855116859,-0.014880986723616181,-0.003037065086212205,-0.010841487398555762,-0.015915522088377335,0.004814078388845583,0.017217428777486134,0.0008260345426721154,0.00191855636484013,0.009744070202034882,-0.006162170548127222,0.0011892334577946347,-1.7098311725247724e-5,-0.02482970955190352,-0.010038177801760423,-0.0049076899000109215,0.014342969222158223,0.010903665864043031,0.005376088691830481,-0.01543597743569151,-0.014880986723616181,0.04218644379776439,0.010732549126785897,0.009094687067261978,0.023478043416945316,-0.020199289378229096,-0.014128093550431691,-0.0015747223150411813,-0.01179919500476765,-0.017963209318462722,0.013089503907962922,-0.013343135396363302,-0.000974946865313292,0.009277071452995006,0.0030653257551391594,0.02252263617805443,-0.011959941640544473,0.0027379678501147607,0.003913097785554392,-0.008717424903428129,-0.003037065086212205,0.010732549126785897,0.03425349147432689,3.1061137138265675e-5,-0.0030714300579989203,-0.011478295596664606,0.009637198544337025,0.0023435987999352514,0.004446329349600907,0.0005871933860117919,0.009448867831272745,-0.005016451515409155,-0.011065981925921071,-0.018416070429507193,-0.004687911546399279,-0.004002118755610318,-0.012841273132751907,0.004210546993853764,0.008186749359851593,0.00031407666605212485,-0.010841487398555762,0.009094687067261978,3.1061137138265675e-5,0.034026943153898974,-0.0037977693259658067,-0.0013994672832209915,-0.0177501990494415,0.0033406844389971737,0.0009714067227247171,-0.004820605413395879,0.008029329566079962,-0.004530947034510249,-0.0017315320260174916,-0.002814555471068784,0.013760518624227367,-0.0047887128323577605,-0.002069063493178957,-0.005113881491191115,-0.0029934856334612858,-0.0184072693545332,-0.015915522088377335,0.023478043416945316,-0.0030714300579989203,-0.0037977693259658067,0.06319761478923315,0.006088587081030123,-0.016808679105566056,0.010114593787375947,-0.02427590619273074,-0.024204301467943244,-0.0009230575694706806,0.002646119506987477,0.0013204030356714976,0.027971640203430084,-0.0009204966013832351,0.03249174575514423,9.4722480992377e-5,-0.006980115480204449,-0.001641358617568524,0.010585257437257075,0.004814078388845583,-0.020199289378229096,-0.011478295596664606,-0.0013994672832209915,0.006088587081030123,0.04165158481732614,0.0025870889479166852,0.011104279600607421,0.004205714258712797,-0.0002703961628703418,-0.010244636418480103,0.019807768352137194,-0.0038350429593491542,0.00893066501840927,0.002487658334180352,-0.011597046636440879,0.009590265411614316,-0.0030212985997752507,-0.009610879315827828,0.009441439670746322,0.017217428777486134,-0.014128093550431691,0.009637198544337025,-0.0177501990494415,-0.016808679105566056,0.0025870889479166852,0.04947008988486831,-0.0011106496191139632,0.01110591373047106,0.012381122803107276,-0.0058552518817833275,0.0036699284735961,-0.004264573348192297,-0.011836010124436346,-0.015141154997794944,-0.011487415840348278,0.0026192203504146793,-0.0010314936901496597,0.008256470402358537,-0.007366880116355777,0.0008260345426721154,-0.0015747223150411813,0.0023435987999352514,0.0033406844389971737,0.010114593787375947,0.011104279600607421,-0.0011106496191139632,0.025265685891279883,0.0018422016582001037,-0.00350879945263626,2.7927710258009598e-5,0.011759866820346594,-0.0067364665383094135,-0.005011131196806639,-0.004469669605940062,0.004660985413100057,0.002301827581092681,0.0035372157039735706,0.001368217941718581,0.01277684493194178,0.00191855636484013,-0.01179919500476765,0.004446329349600907,0.0009714067227247171,-0.02427590619273074,0.004205714258712797,0.01110591373047106,0.0018422016582001037,0.03747547517020931,0.010522423139343845,-0.0013203063795804736,0.0017778326625966273,-0.008835090212022828,0.001095968385125653,-0.002376458377228467,-0.023489895984109898,-0.007031862370206608,-0.004862658397632825,0.0026228458465412854,0.013037048221644532,0.009744070202034882,-0.017963209318462722,0.0005871933860117919,-0.004820605413395879,-0.024204301467943244,-0.0002703961628703418,0.012381122803107276,-0.00350879945263626,0.010522423139343845,0.026847227233964294,-0.0009406219486580872,-0.0013242460137777696,0.0037963416148500554,-0.013234935055302526,0.0008587553180716778,-0.013516501847577606,0.00922727935894425,-0.002194025724658229,0.0030942208561734316,-0.005582236154900657,-0.006162170548127222,0.013089503907962922,0.009448867831272745,0.008029329566079962,-0.0009230575694706806,-0.010244636418480103,-0.0058552518817833275,2.7927710258009598e-5,-0.0013203063795804736,-0.0009406219486580872,0.02602614033468504,-0.006428509733157742,0.0003872291200978004,-0.007584366441636191,0.0019894554120361073,0.0008581962672119543,0.000244337563023722,0.0028133644264089486,0.0046302307168017065,0.014915077085183357,0.0011892334577946347,-0.013343135396363302,-0.005016451515409155,-0.004530947034510249,0.002646119506987477,0.019807768352137194,0.0036699284735961,0.011759866820346594,0.0017778326625966273,-0.0013242460137777696,-0.006428509733157742,0.038676188904090136,0.004294261341607524,0.002888658080211187,-0.005373627891143742,-0.0026027162919649406,-0.007420287074988926,-0.00509506228784219,-0.0050409769422548305,0.014633357746331264,-1.7098311725247724e-5,-0.000974946865313292,-0.011065981925921071,-0.0017315320260174916,0.0013204030356714976,-0.0038350429593491542,-0.004264573348192297,-0.0067364665383094135,-0.008835090212022828,0.0037963416148500554,0.0003872291200978004,0.004294261341607524,0.02799390816529521,0.0098840957685819,0.004754945148186265,0.012083135104557562,-0.0007956536042412305,-0.0002832520111010144,-0.004513916849056221,0.018888168350755116,-0.02482970955190352,0.009277071452995006,-0.018416070429507193,-0.002814555471068784,0.027971640203430084,0.00893066501840927,-0.011836010124436346,-0.005011131196806639,0.001095968385125653,-0.013234935055302526,-0.007584366441636191,0.002888658080211187,0.0098840957685819,0.07692475615188228,0.0024735820260778276,0.009060553260665051,-0.0228583257687254,-0.01794857128814757,-0.01730189126940362,0.0020056183463665576,-0.010038177801760423,0.0030653257551391594,-0.004687911546399279,0.013760518624227367,-0.0009204966013832351,0.002487658334180352,-0.015141154997794944,-0.004469669605940062,-0.002376458377228467,0.0008587553180716778,0.0019894554120361073,-0.005373627891143742,0.004754945148186265,0.0024735820260778276,0.030590746720818754,-0.0038775311388746774,0.0054614386194724845,-0.007442617728958137,-0.0022668242802602614,-0.011541604212739566,-0.0049076899000109215,0.02252263617805443,-0.004002118755610318,-0.0047887128323577605,0.03249174575514423,-0.011597046636440879,-0.011487415840348278,0.004660985413100057,-0.023489895984109898,-0.013516501847577606,0.0008581962672119543,-0.0026027162919649406,0.012083135104557562,0.009060553260665051,-0.0038775311388746774,0.05017156599756912,-0.0017531780191164645,0.0027592047729413805,0.0038396912546113148,-0.021610761998650384,0.014342969222158223,-0.011959941640544473,-0.012841273132751907,-0.002069063493178957,9.4722480992377e-5,0.009590265411614316,0.0026192203504146793,0.002301827581092681,-0.007031862370206608,0.00922727935894425,0.000244337563023722,-0.007420287074988926,-0.0007956536042412305,-0.0228583257687254,0.0054614386194724845,-0.0017531780191164645,0.058629980020096124,0.001669826547167764,0.011018599736744744,-0.013769477382852148,0.010903665864043031,0.0027379678501147607,0.004210546993853764,-0.005113881491191115,-0.006980115480204449,-0.0030212985997752507,-0.0010314936901496597,0.0035372157039735706,-0.004862658397632825,-0.002194025724658229,0.0028133644264089486,-0.00509506228784219,-0.0002832520111010144,-0.01794857128814757,-0.007442617728958137,0.0027592047729413805,0.001669826547167764,0.02258725588684087,0.008616464035798448,-0.014723458675831897,0.005376088691830481,0.003913097785554392,0.008186749359851593,-0.0029934856334612858,-0.001641358617568524,-0.009610879315827828,0.008256470402358537,0.001368217941718581,0.0026228458465412854,0.0030942208561734316,0.0046302307168017065,-0.0050409769422548305,-0.004513916849056221,-0.01730189126940362,-0.0022668242802602614,0.0038396912546113148,0.011018599736744744,0.008616464035798448,0.022802351926319245
