0.07551541098827858,0.02078188453742803,-0.0034819073476428895,0.043947628003334446,-0.03888553755646887,-0.049909053158117514,0.010586771549404968,-0.04789063472340731,0.001387340963947552,0.00938631105547848,0.010605208507189125,-0.008922968663140192,-0.024299374986316312,-0.013970763449419155,0.009679714002131372,-0.026317249402710165,0.020311333016880095,0.044601536257737925,-0.01249179786181321,-0.008637433022864873,0.02078188453742803,0.041004748740496436,-0.004155702319680933,0.018599233123896965,-0.011739357030823891,-0.02200012072944415,0.002335998489914944,-0.011282546511204031,0.006128019846054395,-0.008461228467812804,0.0017922207456362014,-0.0039050352168080197,-0.015479764090172717,-0.0008400382268665516,0.0002318773000572899,-0.0033338114206790874,0.0016439271091002847,0.014059235676460953,-0.006535160994167476,-0.012102325901873462,-0.0034819073476428895,-0.004155702319680933,0.03658080143707694,-0.012387879491799418,0.0016527371495085698,0.00866695493547479,-0.011059425221690957,-0.0004316528740961729,-0.010184715684914032,0.007643282460517452,-0.0005115483538646463,0.002700932486651937,0.002650080901120684,-0.003861057581173031,0.003739476589421835,-0.0011679705119813863,-0.011083384551479647,-0.0025834644974468816,0.002187309893640661,0.0043105612981857964,0.043947628003334446,0.018599233123896965,-0.012387879491799418,0.05261510079462314,-0.020554527763352187,-0.036710117349654646,0.0028731011129977625,-0.028314000812391826,0.0030107221453778976,-0.0007558953245540759,0.00970985998712703,-0.005542027416751094,-0.024196291160348958,-0.0021673971609840687,0.0029333889010467688,-0.01724162374881001,0.015093082537084296,0.027393278530942245,-0.008517788905733615,-0.006398163456610321,-0.03888553755646887,-0.011739357030823891,0.0016527371495085698,-0.020554527763352187,0.04625455474326879,0.02910197180716955,-0.008356346947819025,0.03381361655047299,0.0011947760702710746,-0.004420712007497431,-0.007845541405575251,0.0062105229739073545,0.017447018385506986,0.0039617231676202305,-0.0018961834130547268,0.00902670566045637,-0.016480662732893593,-0.025594785126553568,0.005051382532945358,-0.008681830676213628,-0.049909053158117514,-0.02200012072944415,0.00866695493547479,-0.036710117349654646,0.02910197180716955,0.05726466373809472,-0.009489715370839615,0.03707870201176789,-0.007889176562020556,-0.0011678146816525032,-0.010680293661242474,0.00764400355604043,0.02711310778289804,0.006545852089811258,-0.00245843011982504,0.017323107293943082,-0.024608231672383046,-0.03665840021420834,0.006105581341498745,0.0072803444638203565,0.010586771549404968,0.002335998489914944,-0.011059425221690957,0.0028731011129977625,-0.008356346947819025,-0.009489715370839615,0.02649463704343202,-0.011575274133608551,0.007134213943926914,-0.0003124757382970844,-0.001698920283277121,-0.008817835066474957,-0.005382527550492891,0.0009452214102123003,-0.0028931076750171375,0.006500291777607925,0.005652248735000791,0.0028797560886777646,-0.0020717085586021942,0.002810864441403638,-0.04789063472340731,-0.011282546511204031,-0.0004316528740961729,-0.028314000812391826,0.03381361655047299,0.03707870201176789,-0.011575274133608551,0.05873217995382508,0.007821190711778208,-0.01069127824967843,-0.019445746315744764,0.010212916849318486,0.020445080818613157,0.014028263467261888,-0.009394506072923501,0.020880243250845674,-0.019348876610838877,-0.041693889078199375,0.010597104737629537,-0.006801220742474754,0.001387340963947552,0.006128019846054395,-0.010184715684914032,0.0030107221453778976,0.0011947760702710746,-0.007889176562020556,0.007134213943926914,0.007821190711778208,0.028243628054987337,-0.005466805871791596,-0.008535859050136194,-0.0025781042732274592,-0.0004328798536680469,0.005344420570458783,-0.003642429085866479,0.006916862266097575,0.002392409056632794,-0.007813385298966663,-4.750986482268278e-5,-0.008669411944997815,0.00938631105547848,-0.008461228467812804,0.007643282460517452,-0.0007558953245540759,-0.004420712007497431,-0.0011678146816525032,-0.0003124757382970844,-0.01069127824967843,-0.005466805871791596,0.020840719524015006,0.0006804949117754536,-0.0020522502095677475,-0.0024984927075918555,-0.003332082211123546,0.006800820261597305,-0.006841867084887954,-0.0006536449742896881,0.010007562962740094,-0.0021731747934675273,0.003553904494039704,0.010605208507189125,0.0017922207456362014,-0.0005115483538646463,0.00970985998712703,-0.007845541405575251,-0.010680293661242474,-0.001698920283277121,-0.019445746315744764,-0.008535859050136194,0.0006804949117754536,0.023241168997045685,-0.00019670341308511354,-0.009573135696630104,-0.003481176943431913,-0.001686998866856974,-0.006596076384249994,0.005452554009088374,0.013205294251028248,-0.001915575816685364,0.008118650796895884,-0.008922968663140192,-0.0039050352168080197,0.002700932486651937,-0.005542027416751094,0.0062105229739073545,0.00764400355604043,-0.008817835066474957,0.010212916849318486,-0.0025781042732274592,-0.0020522502095677475,-0.00019670341308511354,0.024411903884849262,0.0011677188482089903,0.0015789790397570916,-0.0032867988491807614,0.007117458693398129,-0.009988760899612682,-0.009127783453278939,0.004818213913087732,0.0007529600620838728,-0.024299374986316312,-0.015479764090172717,0.002650080901120684,-0.024196291160348958,0.017447018385506986,0.02711310778289804,-0.005382527550492891,0.020445080818613157,-0.0004328798536680469,-0.0024984927075918555,-0.009573135696630104,0.0011677188482089903,0.030676634873413704,0.0012246968667868128,0.0003388446771916805,0.007453183472998597,-0.0075916668691725035,-0.02004466385992664,0.0037013464877435867,0.0034102886548699274,-0.013970763449419155,-0.0008400382268665516,-0.003861057581173031,-0.0021673971609840687,0.0039617231676202305,0.006545852089811258,0.0009452214102123003,0.014028263467261888,0.005344420570458783,-0.003332082211123546,-0.003481176943431913,0.0015789790397570916,0.0012246968667868128,0.020117267873523442,-0.003244020273463693,0.008349115602103023,-0.0004345678890374043,-0.007291071640428595,0.0021450300325418737,-0.002461735470721836,0.009679714002131372,0.0002318773000572899,0.003739476589421835,0.0029333889010467688,-0.0018961834130547268,-0.00245843011982504,-0.0028931076750171375,-0.009394506072923501,-0.003642429085866479,0.006800820261597305,-0.001686998866856974,-0.0032867988491807614,0.0003388446771916805,-0.003244020273463693,0.025023732394157158,-0.009896498707962612,0.0017696352936822472,0.008407638938859398,-0.007679729132659956,0.0016256596473139724,-0.026317249402710165,-0.0033338114206790874,-0.0011679705119813863,-0.01724162374881001,0.00902670566045637,0.017323107293943082,0.006500291777607925,0.020880243250845674,0.006916862266097575,-0.006841867084887954,-0.006596076384249994,0.007117458693398129,0.007453183472998597,0.008349115602103023,-0.009896498707962612,0.030513656513078784,-0.01104026148890485,-0.021903531858146183,0.005887116437475586,-0.0013494055704074783,0.020311333016880095,0.0016439271091002847,-0.011083384551479647,0.015093082537084296,-0.016480662732893593,-0.024608231672383046,0.005652248735000791,-0.019348876610838877,0.002392409056632794,-0.0006536449742896881,0.005452554009088374,-0.009988760899612682,-0.0075916668691725035,-0.0004345678890374043,0.0017696352936822472,-0.01104026148890485,0.03582139252830728,0.01968993339971107,-0.001848057843476396,0.006201444593499904,0.044601536257737925,0.014059235676460953,-0.0025834644974468816,0.027393278530942245,-0.025594785126553568,-0.03665840021420834,0.0028797560886777646,-0.041693889078199375,-0.007813385298966663,0.010007562962740094,0.013205294251028248,-0.009127783453278939,-0.02004466385992664,-0.007291071640428595,0.008407638938859398,-0.021903531858146183,0.01968993339971107,0.059770126587650595,-0.010560413654922558,-0.0024466345668703805,-0.01249179786181321,-0.006535160994167476,0.002187309893640661,-0.008517788905733615,0.005051382532945358,0.006105581341498745,-0.0020717085586021942,0.010597104737629537,-4.750986482268278e-5,-0.0021731747934675273,-0.001915575816685364,0.004818213913087732,0.0037013464877435867,0.0021450300325418737,-0.007679729132659956,0.005887116437475586,-0.001848057843476396,-0.010560413654922558,0.022164292647990004,-0.0015517953119828622,-0.008637433022864873,-0.012102325901873462,0.0043105612981857964,-0.006398163456610321,-0.008681830676213628,0.0072803444638203565,0.002810864441403638,-0.006801220742474754,-0.008669411944997815,0.003553904494039704,0.008118650796895884,0.0007529600620838728,0.0034102886548699274,-0.002461735470721836,0.0016256596473139724,-0.0013494055704074783,0.006201444593499904,-0.0024466345668703805,-0.0015517953119828622,0.03398333192619301
