0.07931698116483599,0.04211686910192141,-0.02052476358554127,0.058774036014362825,-0.0013044640771509653,-0.020721372854264748,-0.003621855930967818,0.05817961442123893,-0.005081867200644297,0.012517384356363216,-0.02438375332058862,-0.047789514572953884,-0.0328561323207926,-0.06118750177875747,-0.011161550687269102,0.040564386153657664,-0.03568049469987654,-0.026060680368537745,0.026438727215716662,0.06519882923473153,0.04211686910192141,0.10605352610568299,-0.04550431502743653,0.07200101347150867,-0.009198177178504319,-0.02668485095619069,0.004771233111441569,0.05946928495473739,-0.01614525157106682,0.04368613181388108,-0.018897932389354378,-0.04617022614183758,-0.005475944532009336,-0.06598188542449981,-0.031223644630112124,0.026988390202902487,-0.028033419150466376,0.0078110073587903265,0.023571245521867516,0.06251051016100004,-0.02052476358554127,-0.04550431502743653,0.0887613917112741,-0.058245241193706596,-0.001496954642649202,-0.005612637329946003,-0.0017506529425898201,-0.00705442945973078,0.024929720279509182,-0.0148149715490054,0.005452222326476909,0.04102483321992295,-0.019749182259771705,0.03167578323298344,0.0170828785250025,-0.016659127778588707,-0.006287536365766662,-0.005500158260705974,-0.006214237062726649,-0.019298488448624116,0.058774036014362825,0.07200101347150867,-0.058245241193706596,0.1105432571607788,-0.00027565162439067807,0.0059594669421376145,0.004379119945110145,0.03834188011616284,-0.011670663691230418,0.02635027840458104,-0.021866535589395664,-0.04843389645494513,-0.0034300482028559085,-0.06015309630947246,-0.03268979584528266,0.039119649886059996,-0.010667467220330797,-0.00859985142724289,0.00939222076382901,0.06386337514137178,-0.0013044640771509653,-0.009198177178504319,-0.001496954642649202,-0.00027565162439067807,0.05318104166181893,0.03253760945336817,-0.012170522684091939,-0.018573271460892455,-0.005909879412835454,-0.03997634413546926,-0.00929772506465216,-0.0019918585610649115,0.017955556430774303,0.0060034600150283505,0.015759037328992025,-0.020846222263069605,0.010628225565070416,-0.011838908789047402,-0.0007350802763061808,-0.01757815220865345,-0.020721372854264748,-0.02668485095619069,-0.005612637329946003,0.0059594669421376145,0.03253760945336817,0.09795993962081848,-0.025936509501963377,-0.06807437486673357,-0.012839623803184236,-0.06835172736233222,-0.0004418034056315953,0.022953340931913972,0.010178828742806487,0.029882199394879815,0.007116380479368284,0.0007563824902352108,0.041967860227695095,-0.007523163345876934,-0.015288560538987243,-0.05051668819472068,-0.003621855930967818,0.004771233111441569,-0.0017506529425898201,0.004379119945110145,-0.012170522684091939,-0.025936509501963377,0.02768681329305528,0.009425943014666245,0.01048479658906935,0.01803105826526738,0.01084112066468727,-0.0020699714875840967,0.003296231427477675,0.00019304064140382026,0.011658189914334151,0.004504169784035127,0.0068324236879182265,-0.004176155497156795,-0.0019871670642518996,0.0029107911861437842,0.05817961442123893,0.05946928495473739,-0.00705442945973078,0.03834188011616284,-0.018573271460892455,-0.06807437486673357,0.009425943014666245,0.11475269653607259,0.021926911070794808,0.06772462790785476,-0.02520485019464134,-0.04819502304577093,-0.020617615970240793,-0.06850569193354769,-0.022404260646240355,0.019898313595186897,-0.049299332251193664,-0.00352070689647181,0.0404339982202046,0.09553742644960998,-0.005081867200644297,-0.01614525157106682,0.024929720279509182,-0.011670663691230418,-0.005909879412835454,-0.012839623803184236,0.01048479658906935,0.021926911070794808,0.08219210147175585,0.042214343197726975,0.0017649343416472627,0.012875304354620577,0.006471295531996108,0.012238757129955716,0.015295841390626154,-0.02853126571091908,-0.006274539816336118,0.0044281213043013655,-0.002128236529912118,0.0043137011669678645,0.012517384356363216,0.04368613181388108,-0.0148149715490054,0.02635027840458104,-0.03997634413546926,-0.06835172736233222,0.01803105826526738,0.06772462790785476,0.042214343197726975,0.13819888409091488,0.005294166008994332,-0.023349219873979928,0.007656677199485764,-0.02814231344546724,-0.028829757804694482,0.0038333986668362833,-0.020103609103122828,0.03865872837813086,0.009074444022187364,0.05154019996302507,-0.02438375332058862,-0.018897932389354378,0.005452222326476909,-0.021866535589395664,-0.00929772506465216,-0.0004418034056315953,0.01084112066468727,-0.02520485019464134,0.0017649343416472627,0.005294166008994332,0.049724324525735365,0.020575077029576318,0.014506020253055278,0.02610199321193747,0.02636057546065918,0.004057149784693949,0.026366314476199616,-0.006801934619458735,-0.00026003475836695357,-0.02821526169836881,-0.047789514572953884,-0.04617022614183758,0.04102483321992295,-0.04843389645494513,-0.0019918585610649115,0.022953340931913972,-0.0020699714875840967,-0.04819502304577093,0.012875304354620577,-0.023349219873979928,0.020575077029576318,0.0650848272775735,0.008092646851047193,0.051696916873934975,0.020487557692879077,-0.021438573390507365,0.034370401551504254,0.01702361205048177,-0.018817087090943256,-0.04683166384319511,-0.0328561323207926,-0.005475944532009336,-0.019749182259771705,-0.0034300482028559085,0.017955556430774303,0.010178828742806487,0.003296231427477675,-0.020617615970240793,0.006471295531996108,0.007656677199485764,0.014506020253055278,0.008092646851047193,0.07559333903384,0.03752864835932436,0.006453960952675588,-0.037332316009505435,0.03864929875059832,0.028870897336657517,-0.01341705838731282,-0.027279690673731753,-0.06118750177875747,-0.06598188542449981,0.03167578323298344,-0.06015309630947246,0.0060034600150283505,0.029882199394879815,0.00019304064140382026,-0.06850569193354769,0.012238757129955716,-0.02814231344546724,0.02610199321193747,0.051696916873934975,0.03752864835932436,0.09744165100884274,0.02054722833003981,-0.04400025881469148,0.04451714968680476,0.02439823324871867,-0.03436449758447302,-0.07152481009459705,-0.011161550687269102,-0.031223644630112124,0.0170828785250025,-0.03268979584528266,0.015759037328992025,0.007116380479368284,0.011658189914334151,-0.022404260646240355,0.015295841390626154,-0.028829757804694482,0.02636057546065918,0.020487557692879077,0.006453960952675588,0.02054722833003981,0.06823591956207795,-0.020207850954302862,0.0196447016649006,-0.03797150534211485,0.0021624202742632067,-0.03177819456797493,0.040564386153657664,0.026988390202902487,-0.016659127778588707,0.039119649886059996,-0.020846222263069605,0.0007563824902352108,0.004504169784035127,0.019898313595186897,-0.02853126571091908,0.0038333986668362833,0.004057149784693949,-0.021438573390507365,-0.037332316009505435,-0.04400025881469148,-0.020207850954302862,0.0917597118492321,-0.005080242542785128,-0.017381327403909536,0.024520019041207958,0.033974107972087206,-0.03568049469987654,-0.028033419150466376,-0.006287536365766662,-0.010667467220330797,0.010628225565070416,0.041967860227695095,0.0068324236879182265,-0.049299332251193664,-0.006274539816336118,-0.020103609103122828,0.026366314476199616,0.034370401551504254,0.03864929875059832,0.04451714968680476,0.0196447016649006,-0.005080242542785128,0.0883606743024635,0.010601092160855596,-0.01904066037679284,-0.04234002629882564,-0.026060680368537745,0.0078110073587903265,-0.005500158260705974,-0.00859985142724289,-0.011838908789047402,-0.007523163345876934,-0.004176155497156795,-0.00352070689647181,0.0044281213043013655,0.03865872837813086,-0.006801934619458735,0.01702361205048177,0.028870897336657517,0.02439823324871867,-0.03797150534211485,-0.017381327403909536,0.010601092160855596,0.08025098282045631,-0.016704736258519294,-0.005740222278339429,0.026438727215716662,0.023571245521867516,-0.006214237062726649,0.00939222076382901,-0.0007350802763061808,-0.015288560538987243,-0.0019871670642518996,0.0404339982202046,-0.002128236529912118,0.009074444022187364,-0.00026003475836695357,-0.018817087090943256,-0.01341705838731282,-0.03436449758447302,0.0021624202742632067,0.024520019041207958,-0.01904066037679284,-0.016704736258519294,0.04742048041306855,0.03348736630698918,0.06519882923473153,0.06251051016100004,-0.019298488448624116,0.06386337514137178,-0.01757815220865345,-0.05051668819472068,0.0029107911861437842,0.09553742644960998,0.0043137011669678645,0.05154019996302507,-0.02821526169836881,-0.04683166384319511,-0.027279690673731753,-0.07152481009459705,-0.03177819456797493,0.033974107972087206,-0.04234002629882564,-0.005740222278339429,0.03348736630698918,0.11595767046925873
0.05029218169566096,0.03852866938784176,0.004689613519955369,0.014432031460559302,0.0018101620547478392,-0.013090680382877525,-0.0025059809645307657,0.03399527265184188,-0.002157124733408939,-0.0027541481119902943,-0.005253911815396129,-0.021629956611193775,-0.014136794429247994,-0.0100252166435997,0.013367794083478792,0.0058483502766965,-0.022897885246250985,-0.013852795794103846,0.02247166330591835,0.008707670434905852,0.03852866938784176,0.10703679922743715,-0.001242182958543584,0.012925419348097999,0.0008143605155854861,-0.0037751116287561286,0.0015724958922419714,0.07061318190852411,-0.007711339957478467,0.0037582487096456977,-0.00589401388339557,-0.03950228564128219,-0.017231205422529983,-0.018168168551269598,0.033667946961702416,-0.004596498646816247,-0.021213419436977087,-0.028601531008376944,0.030557995955307206,0.038203583462480414,0.004689613519955369,-0.001242182958543584,0.04891475804730776,-0.0020648914383383076,0.014884357124968883,0.007579551532308635,0.0029816427907733696,-0.006186564348729439,0.011808074058908984,0.0002809374091592761,0.008131980385706485,0.014260952657465117,0.0023725591020030985,-0.0011312278188674407,0.010215477574662766,-0.0001873582168032406,0.0038015237952297503,0.008306233517491275,-0.0033155301732479088,-0.023090749718861887,0.014432031460559302,0.012925419348097999,-0.0020648914383383076,0.05370158258701596,0.005455817450122028,0.009349463571932715,0.013923067850039801,-0.005059641771999279,0.010843004906308212,-0.001318430545685693,0.006931019163785201,0.0010176853522386401,0.013968348005128431,-0.0018794791178220222,0.0001267899891357182,0.0027353328849354566,0.004420742410625009,0.0057316591367721995,0.013288461138549462,-0.00018060227056098006,0.0018101620547478392,0.0008143605155854861,0.014884357124968883,0.005455817450122028,0.03211168894436927,0.0020716686677194275,0.003508893980253769,-0.007434180021899112,0.023112671227178236,0.00355001408354331,0.010441051760762952,0.003976081829629778,0.02112817225647492,0.004930735356055998,0.010534307672247632,-0.0009975140469071619,0.002744458326614803,0.00458622232309429,0.006924475956640981,-0.02205745742119839,-0.013090680382877525,-0.0037751116287561286,0.007579551532308635,0.009349463571932715,0.0020716686677194275,0.07005965057908206,0.0001632650265194959,-0.026594496874599062,-0.0005036904806292246,-0.00898845890510683,-2.8541580617156767e-5,0.02834286792442091,-0.006205886763434828,0.014010410896147109,3.254006613466476e-5,0.02414071417196628,0.05460020647701841,0.027257000701862266,-0.033734364140676876,-0.023184454353527166,-0.0025059809645307657,0.0015724958922419714,0.0029816427907733696,0.013923067850039801,0.003508893980253769,0.0001632650265194959,0.029193089640666685,0.00840856710576654,-0.0016198083524963422,0.013176951920353171,-0.0004518289809932166,-0.013208539336252021,-0.006904411474585861,0.006211542948887771,0.007346938756421367,0.010715117649697953,0.01047549951709965,-0.0009534289092236498,0.002090098399336853,0.005197283641944578,0.03399527265184188,0.07061318190852411,-0.006186564348729439,-0.005059641771999279,-0.007434180021899112,-0.026594496874599062,0.00840856710576654,0.12948339443685744,-0.018777057117743867,0.02166751847196237,-0.008076042858344613,-0.055805402545274,-0.031216919798419493,-0.009710603136969663,0.01837359358048382,0.010662692464169926,-0.03550876454583814,-0.029394467183138533,0.04354182777274885,0.09018775250074715,-0.002157124733408939,-0.007711339957478467,0.011808074058908984,0.010843004906308212,0.023112671227178236,-0.0005036904806292246,-0.0016198083524963422,-0.018777057117743867,0.05307340086047162,-0.0002883667242844037,0.01574579100827558,0.008026436014805842,0.04513311643567179,0.00044937298348053656,0.008387701672788388,-0.013653780576249509,-0.006428376765860805,0.008312349798592274,0.008911700355668847,-0.027218379902570568,-0.0027541481119902943,0.0037582487096456977,0.0002809374091592761,-0.001318430545685693,0.00355001408354331,-0.00898845890510683,0.013176951920353171,0.02166751847196237,-0.0002883667242844037,0.04120157494647047,0.006317231436812011,-0.019582519494101443,-0.01456174334392492,-0.0036438727345546244,0.011709570741421368,-0.004322721215216343,0.0025836752938578596,-0.013776541065791282,0.015132333639735013,0.016438494319301528,-0.005253911815396129,-0.00589401388339557,0.008131980385706485,0.006931019163785201,0.010441051760762952,-2.8541580617156767e-5,-0.0004518289809932166,-0.008076042858344613,0.01574579100827558,0.006317231436812011,0.03668501116505778,-0.004858323709424522,0.020879644038758555,0.0012313571837245698,0.01055059064791863,-0.0038630831633054263,0.0012652981531027993,-0.004497652370902131,0.015245484939698187,-0.005322996748926889,-0.021629956611193775,-0.03950228564128219,0.014260952657465117,0.0010176853522386401,0.003976081829629778,0.02834286792442091,-0.013208539336252021,-0.055805402545274,0.008026436014805842,-0.019582519494101443,-0.004858323709424522,0.06977778171539196,0.019238771229113574,0.02037226597301107,-0.013903196062295085,0.008993997671037918,0.030706074383631543,0.03374704627456021,-0.029057539560401396,-0.04275484584379924,-0.014136794429247994,-0.017231205422529983,0.0023725591020030985,0.013968348005128431,0.02112817225647492,-0.006205886763434828,-0.006904411474585861,-0.031216919798419493,0.04513311643567179,-0.01456174334392492,0.020879644038758555,0.019238771229113574,0.10303599602066238,0.01926789486938475,0.021237609755753846,-0.02046320520391145,-0.00985127906282755,0.009089694976414568,0.003539391220271039,-0.039527292840173894,-0.0100252166435997,-0.018168168551269598,-0.0011312278188674407,-0.0018794791178220222,0.004930735356055998,0.014010410896147109,0.006211542948887771,-0.009710603136969663,0.00044937298348053656,-0.0036438727345546244,0.0012313571837245698,0.02037226597301107,0.01926789486938475,0.042485614262404825,0.00697922215579227,0.011133472626366709,0.02190577254895963,0.01357778963051548,-0.012749213827876586,-0.0041022968892967865,0.013367794083478792,0.033667946961702416,0.010215477574662766,0.0001267899891357182,0.010534307672247632,3.254006613466476e-5,0.007346938756421367,0.01837359358048382,0.008387701672788388,0.011709570741421368,0.01055059064791863,-0.013903196062295085,0.021237609755753846,0.00697922215579227,0.057862824271988814,-0.020873758079562873,-0.004231056797006535,-0.017813240293062645,0.014529307220492352,-0.00450685893017983,0.0058483502766965,-0.004596498646816247,-0.0001873582168032406,0.0027353328849354566,-0.0009975140469071619,0.02414071417196628,0.010715117649697953,0.010662692464169926,-0.013653780576249509,-0.004322721215216343,-0.0038630831633054263,0.008993997671037918,-0.02046320520391145,0.011133472626366709,-0.020873758079562873,0.07852923802670339,0.023208728692012005,0.008743902811520165,-0.011028959262122145,0.00618410053737997,-0.022897885246250985,-0.021213419436977087,0.0038015237952297503,0.004420742410625009,0.002744458326614803,0.05460020647701841,0.01047549951709965,-0.03550876454583814,-0.006428376765860805,0.0025836752938578596,0.0012652981531027993,0.030706074383631543,-0.00985127906282755,0.02190577254895963,-0.004231056797006535,0.023208728692012005,0.07594429953983498,0.026937780119758732,-0.037781128921354726,-0.01497344903881726,-0.013852795794103846,-0.028601531008376944,0.008306233517491275,0.0057316591367721995,0.00458622232309429,0.027257000701862266,-0.0009534289092236498,-0.029394467183138533,0.008312349798592274,-0.013776541065791282,-0.004497652370902131,0.03374704627456021,0.009089694976414568,0.01357778963051548,-0.017813240293062645,0.008743902811520165,0.026937780119758732,0.04856437155417364,-0.025352664749336964,-0.01814483639044051,0.02247166330591835,0.030557995955307206,-0.0033155301732479088,0.013288461138549462,0.006924475956640981,-0.033734364140676876,0.002090098399336853,0.04354182777274885,0.008911700355668847,0.015132333639735013,0.015245484939698187,-0.029057539560401396,0.003539391220271039,-0.012749213827876586,0.014529307220492352,-0.011028959262122145,-0.037781128921354726,-0.025352664749336964,0.06926533527873811,0.02553108986819603,0.008707670434905852,0.038203583462480414,-0.023090749718861887,-0.00018060227056098006,-0.02205745742119839,-0.023184454353527166,0.005197283641944578,0.09018775250074715,-0.027218379902570568,0.016438494319301528,-0.005322996748926889,-0.04275484584379924,-0.039527292840173894,-0.0041022968892967865,-0.00450685893017983,0.00618410053737997,-0.01497344903881726,-0.01814483639044051,0.02553108986819603,0.11423652145193525
0.08307517968420385,0.03350357194940555,-0.010056460889209456,0.04955343936645919,-0.016013596777700683,-0.030825860234011827,0.032680605967532896,0.05303182406467712,0.014634912933346612,0.007000878579591705,-0.045174993819940154,-0.03532725927880408,-0.023289769374623112,-0.018489373749167325,0.02737924326836061,0.029729127965098155,-0.02462494795185667,-0.0031965772417702504,0.003726429935772858,0.04157660972832241,0.03350357194940555,0.13599326258912903,-0.03201743306288782,0.02404154435446345,-0.04273093023024037,-0.025132010481041453,0.0537726014120285,0.10092856540159993,0.0034076722338978087,-0.0005684471503501183,-0.04665940362766002,-0.08612105633758123,-0.023439510392510292,-0.05567563338657375,0.014870846978179038,0.03698293133514208,-0.024035230841916503,0.030759683539691496,0.031092683546954006,0.036125934358224004,-0.010056460889209456,-0.03201743306288782,0.08135791885452043,-0.018815697073939985,0.01483318132411264,0.012082873618114543,-0.03629107519761662,-0.03143085028946274,0.03485285428914767,0.007362341627776108,0.010800055735038068,0.07536040056535839,0.047251108660964325,0.05152727816257961,0.006924772953484443,-0.0366733714482492,-0.0031248210105577242,0.030523979164111564,-0.023537993777476354,-0.031590542253255915,0.04955343936645919,0.02404154435446345,-0.018815697073939985,0.07106021312655275,0.011714374451813808,1.2922136763062093e-5,0.029965872502658673,0.021979761778875985,0.014494911743917236,0.022031613658869006,0.004457216040952498,-0.016313449146544687,-0.011377630736384078,-0.010263701095752325,0.024068313284776648,0.027692620061392496,0.006669069065695162,-0.021127739319755114,0.013528303882195126,0.025161752458618215,-0.016013596777700683,-0.04273093023024037,0.01483318132411264,0.011714374451813808,0.05886594863281578,0.017779344782995976,-0.024446868199576435,-0.0513686668126607,0.014890238302294497,0.01739544829307351,0.05814500584525374,0.046149156001883726,0.01652176131430528,0.027924508056164234,0.004425263244149545,-0.02682243395455712,0.0255227381467501,-0.018267141567510768,0.008573420483947216,-0.01351716405148027,-0.030825860234011827,-0.025132010481041453,0.012082873618114543,1.2922136763062093e-5,0.017779344782995976,0.054767605619092434,-0.01966056780331634,-0.04537166708626699,0.011762168869944961,-0.0007852910888004756,0.027223869807459666,0.05063471886692511,0.021375387554399685,0.031800217073323284,-0.0006866604162558587,0.00018472986006389186,0.04168078662104039,0.0028871514367348338,-0.020830402571586575,-0.037138480288408784,0.032680605967532896,0.0537726014120285,-0.03629107519761662,0.029965872502658673,-0.024446868199576435,-0.01966056780331634,0.06407520838565169,0.06364545556943647,-0.015286691825203277,-0.002736390932481612,-0.029442175482518554,-0.07301728727062662,-0.03362094379648408,-0.03576144197189005,0.023832191110784835,0.04270981605183967,-0.0009989427327973346,-0.0011367611093108746,0.018192773218704123,0.03482277228807905,0.05303182406467712,0.10092856540159993,-0.03143085028946274,0.021979761778875985,-0.0513686668126607,-0.04537166708626699,0.06364545556943647,0.1490001789311486,0.0005040046073224481,-0.010786557510571572,-0.07426342506651688,-0.10639000831552897,-0.04379787503402616,-0.06371638625565845,0.024362514308865685,0.039685089754014316,-0.05786845747742261,0.008809572581990378,0.04871786473105677,0.08941039013394084,0.014634912933346612,0.0034076722338978087,0.03485285428914767,0.014494911743917236,0.014890238302294497,0.011762168869944961,-0.015286691825203277,0.0005040046073224481,0.08553715110512349,0.03276296125741353,-0.01057401767508731,0.051155287316302936,0.044257424137752605,0.042016119541974706,0.02956510316758855,-0.031090916304034013,-0.01929799972057782,0.02744540691650394,-0.01773358313137691,-0.006377667162161937,0.007000878579591705,-0.0005684471503501183,0.007362341627776108,0.022031613658869006,0.01739544829307351,-0.0007852910888004756,-0.002736390932481612,-0.010786557510571572,0.03276296125741353,0.04776844711326032,0.01701057894479982,0.011824443256817262,0.016063885165157908,0.013406026879002492,0.018069484889881148,-0.018635713995794022,-0.006014964039797375,-0.012925421108228799,0.005614092869105667,-0.009515996198531072,-0.045174993819940154,-0.04665940362766002,0.010800055735038068,0.004457216040952498,0.05814500584525374,0.027223869807459666,-0.029442175482518554,-0.07426342506651688,-0.01057401767508731,0.01701057894479982,0.11554686274398361,0.04704980029988003,0.021030995357496498,0.024912041094933002,-0.002223975970976777,-0.028827423553670795,0.054311155379385904,-0.029732643326613253,0.019225449225574832,-0.02900990221016921,-0.03532725927880408,-0.08612105633758123,0.07536040056535839,-0.016313449146544687,0.046149156001883726,0.05063471886692511,-0.07301728727062662,-0.10639000831552897,0.051155287316302936,0.011824443256817262,0.04704980029988003,0.15904097505684905,0.07570579755951314,0.09535223946546417,-0.007788755814246097,-0.03755251251435354,0.03887334376155763,0.030264611425172457,-0.0688968159258922,-0.07944730990813434,-0.023289769374623112,-0.023439510392510292,0.047251108660964325,-0.011377630736384078,0.01652176131430528,0.021375387554399685,-0.03362094379648408,-0.04379787503402616,0.044257424137752605,0.016063885165157908,0.021030995357496498,0.07570579755951314,0.10403402186894219,0.08255816400787236,0.01983811282999302,-0.03663453198544235,0.021549562506184367,0.050999735862904336,-0.0521770936652174,-0.046477703320809444,-0.018489373749167325,-0.05567563338657375,0.05152727816257961,-0.010263701095752325,0.027924508056164234,0.031800217073323284,-0.03576144197189005,-0.06371638625565845,0.042016119541974706,0.013406026879002492,0.024912041094933002,0.09535223946546417,0.08255816400787236,0.10267789482326997,0.014566914474971066,-0.030005349823086586,0.02715577280521498,0.035022492328968195,-0.05816603981295544,-0.05155303128987716,0.02737924326836061,0.014870846978179038,0.006924772953484443,0.024068313284776648,0.004425263244149545,-0.0006866604162558587,0.023832191110784835,0.024362514308865685,0.02956510316758855,0.018069484889881148,-0.002223975970976777,-0.007788755814246097,0.01983811282999302,0.014566914474971066,0.06792007887495116,-0.005633477063746367,0.0010398810772660532,0.013380265603500361,0.016059540979144932,0.032248583806360274,0.029729127965098155,0.03698293133514208,-0.0366733714482492,0.027692620061392496,-0.02682243395455712,0.00018472986006389186,0.04270981605183967,0.039685089754014316,-0.031090916304034013,-0.018635713995794022,-0.028827423553670795,-0.03755251251435354,-0.03663453198544235,-0.030005349823086586,-0.005633477063746367,0.07872110853051094,0.016096294929318165,-0.0013971378598186422,-0.012194394675716034,0.011812218531421618,-0.02462494795185667,-0.024035230841916503,-0.0031248210105577242,0.006669069065695162,0.0255227381467501,0.04168078662104039,-0.0009989427327973346,-0.05786845747742261,-0.01929799972057782,-0.006014964039797375,0.054311155379385904,0.03887334376155763,0.021549562506184367,0.02715577280521498,0.0010398810772660532,0.016096294929318165,0.09119088484226082,0.0058714480725177804,-0.025103444486701154,-0.04788000103867568,-0.0031965772417702504,0.030759683539691496,0.030523979164111564,-0.021127739319755114,-0.018267141567510768,0.0028871514367348338,-0.0011367611093108746,0.008809572581990378,0.02744540691650394,-0.012925421108228799,-0.029732643326613253,0.030264611425172457,0.050999735862904336,0.035022492328968195,0.013380265603500361,-0.0013971378598186422,0.0058714480725177804,0.09861622816833127,-0.05350001251567268,-0.01773096040584706,0.003726429935772858,0.031092683546954006,-0.023537993777476354,0.013528303882195126,0.008573420483947216,-0.020830402571586575,0.018192773218704123,0.04871786473105677,-0.01773358313137691,0.005614092869105667,0.019225449225574832,-0.0688968159258922,-0.0521770936652174,-0.05816603981295544,0.016059540979144932,-0.012194394675716034,-0.025103444486701154,-0.05350001251567268,0.12456326389213038,0.06982575540166717,0.04157660972832241,0.036125934358224004,-0.031590542253255915,0.025161752458618215,-0.01351716405148027,-0.037138480288408784,0.03482277228807905,0.08941039013394084,-0.006377667162161937,-0.009515996198531072,-0.02900990221016921,-0.07944730990813434,-0.046477703320809444,-0.05155303128987716,0.032248583806360274,0.011812218531421618,-0.04788000103867568,-0.01773096040584706,0.06982575540166717,0.11736792880305975
