0.04878113668446321,-0.0042911519635488084,0.0010323682293528623,-0.011162183774186624,-0.000549208552290963,-0.002023381579461703,-0.004292944042379628,0.004255574371971725,-0.015534972074510985,-0.0006264805682803338,0.006419645844845324,-0.005292866223650529,0.009082687007243354,0.01734614908256278,0.022160541917657414,0.00674894067468298,0.0035505448552999837,-0.019744933956236936,-0.016559797335409222,-0.008875286627635644,-0.0042911519635488084,0.022949887630197247,-0.005505061519569336,0.003308880667762767,-0.004917113094098127,-0.006420009814146629,-0.0036112507616227,0.010054807098737257,0.000520561295166163,-0.0025824730435641177,0.004756862681787347,-0.0022040518741099904,0.0010739416639611748,0.0009139032526558264,-0.012919879939769448,-0.007673061805504008,0.0014632875288387455,0.0021899501586307435,0.004958533000008935,0.0031104294042713075,0.0010323682293528623,-0.005505061519569336,0.020387976943843495,0.005839678776281155,-0.0008505067858642673,0.010103370121690273,-0.004611530728501446,-4.849257946018057e-5,0.0009334651823406444,0.0012619169376423254,-0.004328164129839756,0.005330283146244761,-0.004429669127202411,-0.003603493814399454,0.0042499685558675185,-0.0030090396727173075,0.0038660927234890124,-0.0034367820311730934,0.0009948344361123867,0.0009246723993742278,-0.011162183774186624,0.003308880667762767,0.005839678776281155,0.02288712978291614,-0.005245039417574087,0.003142112057197364,-0.002379663224478831,0.010347955994381257,0.007103157861515106,0.0022738464349710916,-0.00027372818579356276,0.0039494399733600305,-0.004614894285838368,-0.00773823456578554,-0.010181849923178884,-0.005890980947256562,0.0015833699251388254,-0.0035059806653452317,0.006771219523902082,0.008636774840791808,-0.000549208552290963,-0.004917113094098127,-0.0008505067858642673,-0.005245039417574087,0.016434202554184825,-0.001065526512684965,0.004042771026700918,-0.011282791415584918,-0.0026732526415625835,-0.0010289117631812827,-7.6061556060514905e-6,0.0030584107929939987,-0.0006726479224058974,0.0018483346843664113,0.0008738542428548834,0.006761848610847571,-0.0030583492372548214,0.005816459659115744,-0.001239304809392339,0.0017316926059909288,-0.002023381579461703,-0.006420009814146629,0.010103370121690273,0.003142112057197364,-0.001065526512684965,0.028056681788731573,0.004768511247623015,-0.002774760315282122,0.004045075112658874,-0.0025269469015837794,-0.007803991569094696,-0.0001379066727712752,0.0011251735944119937,-0.005310821175898298,0.010161554931304375,5.695080696953687e-5,0.0014493922533722566,-0.00029138272260832655,-0.005863332072356226,0.0013566350297951589,-0.004292944042379628,-0.0036112507616227,-0.004611530728501446,-0.002379663224478831,0.004042771026700918,0.004768511247623015,0.0214267749164999,-0.009112843795180832,0.0071105571434166345,0.002957885837909244,-0.001604722542350628,-0.0017630072630105873,0.011028089723608586,-0.005846522601847957,0.0032778381790392816,0.005068223417017001,-0.005860901192554394,0.0012225468882818523,0.0012719437538505816,-0.0030014901593101917,0.004255574371971725,0.010054807098737257,-4.849257946018057e-5,0.010347955994381257,-0.011282791415584918,-0.002774760315282122,-0.009112843795180832,0.034584453228532534,-0.0006988683073334495,-0.0006980132685071242,0.005127747859436216,-0.0016771181695804873,-0.0025066529545143936,0.0015396458820272803,-0.0022261704919320957,-0.005922452890044906,0.0030557991131602465,-0.009306732294342597,-0.0007522606849607297,0.009219815811299908,-0.015534972074510985,0.000520561295166163,0.0009334651823406444,0.007103157861515106,-0.0026732526415625835,0.004045075112658874,0.0071105571434166345,-0.0006988683073334495,0.024033288475957756,0.004805516821093739,-0.0022679793600483386,0.0002591718998206105,0.005811307362429744,-0.008139856781779234,-0.004757787448839508,-0.0030308235757645708,0.00019041156985907497,-0.001760706774296713,0.00897739301405965,0.0017587096054133369,-0.0006264805682803338,-0.0025824730435641177,0.0012619169376423254,0.0022738464349710916,-0.0010289117631812827,-0.0025269469015837794,0.002957885837909244,-0.0006980132685071242,0.004805516821093739,0.022386752708796857,-0.0004097532213708361,0.0007628202305331763,-0.0010738350286188469,-0.0047528582016706546,0.0026451485103552337,-0.0020031245814921767,-0.0036159657048214036,-0.007165425509736146,-0.0011226545020345002,-0.0020086119796818786,0.006419645844845324,0.004756862681787347,-0.004328164129839756,-0.00027372818579356276,-7.6061556060514905e-6,-0.007803991569094696,-0.001604722542350628,0.005127747859436216,-0.0022679793600483386,-0.0004097532213708361,0.01573256054886222,-0.0024717488745687162,5.207631350766201e-5,0.005767696017668486,-0.00357455247017529,0.003582324551701611,-0.0019711672473912015,0.00017803939601321322,-0.001846855194908562,0.0009732372664412987,-0.005292866223650529,-0.0022040518741099904,0.005330283146244761,0.0039494399733600305,0.0030584107929939987,-0.0001379066727712752,-0.0017630072630105873,-0.0016771181695804873,0.0002591718998206105,0.0007628202305331763,-0.0024717488745687162,0.016269690287208045,-0.005493392432891044,-0.004026274723767834,-0.004725341447724527,-0.0015744783561143258,-0.0015394989052029612,0.001265510129167642,0.0040292804916874335,0.0029720408488118377,0.009082687007243354,0.0010739416639611748,-0.004429669127202411,-0.004614894285838368,-0.0006726479224058974,0.0011251735944119937,0.011028089723608586,-0.0025066529545143936,0.005811307362429744,-0.0010738350286188469,5.207631350766201e-5,-0.005493392432891044,0.02752242285246991,0.0059168079314448445,0.005806479054043667,0.0029182757214470476,-0.002586581835081256,-0.007126426857584769,-0.004396835838583697,-0.005370914660237635,0.01734614908256278,0.0009139032526558264,-0.003603493814399454,-0.00773823456578554,0.0018483346843664113,-0.005310821175898298,-0.005846522601847957,0.0015396458820272803,-0.008139856781779234,-0.0047528582016706546,0.005767696017668486,-0.004026274723767834,0.0059168079314448445,0.027041143433005406,0.00853844507682883,0.0049250906433009715,0.005458543474930078,-0.001196873908899968,-0.004657492214202022,-0.006537370103448346,0.022160541917657414,-0.012919879939769448,0.0042499685558675185,-0.010181849923178884,0.0008738542428548834,0.010161554931304375,0.0032778381790392816,-0.0022261704919320957,-0.004757787448839508,0.0026451485103552337,-0.00357455247017529,-0.004725341447724527,0.005806479054043667,0.00853844507682883,0.04324694487664355,0.005827499695455273,0.0034112539069520204,-0.011620081943956567,-0.016000654692907575,-0.009638773730006536,0.00674894067468298,-0.007673061805504008,-0.0030090396727173075,-0.005890980947256562,0.006761848610847571,5.695080696953687e-5,0.005068223417017001,-0.005922452890044906,-0.0030308235757645708,-0.0020031245814921767,0.003582324551701611,-0.0015744783561143258,0.0029182757214470476,0.0049250906433009715,0.005827499695455273,0.019764704399460015,-0.0039058570603377383,0.0016061573410913453,-0.00598597745975356,-0.00012450743129814387,0.0035505448552999837,0.0014632875288387455,0.0038660927234890124,0.0015833699251388254,-0.0030583492372548214,0.0014493922533722566,-0.005860901192554394,0.0030557991131602465,0.00019041156985907497,-0.0036159657048214036,-0.0019711672473912015,-0.0015394989052029612,-0.002586581835081256,0.005458543474930078,0.0034112539069520204,-0.0039058570603377383,0.018734894277621653,-0.004244206027434549,0.0023685460825112418,0.0023054005802912786,-0.019744933956236936,0.0021899501586307435,-0.0034367820311730934,-0.0035059806653452317,0.005816459659115744,-0.00029138272260832655,0.0012225468882818523,-0.009306732294342597,-0.001760706774296713,-0.007165425509736146,0.00017803939601321322,0.001265510129167642,-0.007126426857584769,-0.001196873908899968,-0.011620081943956567,0.0016061573410913453,-0.004244206027434549,0.03356013148317865,0.004191964586569129,0.0063419613148175385,-0.016559797335409222,0.004958533000008935,0.0009948344361123867,0.006771219523902082,-0.001239304809392339,-0.005863332072356226,0.0012719437538505816,-0.0007522606849607297,0.00897739301405965,-0.0011226545020345002,-0.001846855194908562,0.0040292804916874335,-0.004396835838583697,-0.004657492214202022,-0.016000654692907575,-0.00598597745975356,0.0023685460825112418,0.004191964586569129,0.017653705875209365,0.006919021390531589,-0.008875286627635644,0.0031104294042713075,0.0009246723993742278,0.008636774840791808,0.0017316926059909288,0.0013566350297951589,-0.0030014901593101917,0.009219815811299908,0.0017587096054133369,-0.0020086119796818786,0.0009732372664412987,0.0029720408488118377,-0.005370914660237635,-0.006537370103448346,-0.009638773730006536,-0.00012450743129814387,0.0023054005802912786,0.0063419613148175385,0.006919021390531589,0.019040407983565034
