0.03607220010886336,0.003345373633162849,-0.0007722613010316716,-0.018132463585728294,-0.004955199100557504,0.02701302801135433,0.006905679693001441,-0.002825357894863205,0.023401670282094063,0.021819394084745928,0.008242720241612935,-0.008875075247792848,0.006615253707377227,-0.0104961117447489,0.005575405137211983,0.014098468230574205,-0.01629603593629994,-0.013737872964288425,-0.0033163387464854198,-0.032778219027382,0.003345373633162849,0.03723366108962409,0.02294151195251594,-0.007061133854521256,-0.008166504726878795,0.013801754850599597,-0.0003359346059473382,-0.011415269456518167,0.010772872793599963,0.012067197625072652,0.0014070994073022577,-0.015603502699857217,-0.0021016145311751537,7.618879344851255e-6,0.010461695938916025,0.015238455297377669,-0.006474246462395064,-0.016259986188025734,-0.007157007029385074,-0.02932304143180243,-0.0007722613010316716,0.02294151195251594,0.10320380691330935,-0.042552060882183954,-0.020170498199112187,0.0015746092135249783,-0.012961790316191626,-0.00022846487300749166,0.011357060119366741,0.0006569164224568449,0.00025246766461306535,-0.012095243433803068,-0.027370156960633996,0.00962460659094459,0.03131113001156017,0.00485383951222117,0.007441539290138892,0.005434952483243081,0.0021488060613469393,0.012536826680373606,-0.018132463585728294,-0.007061133854521256,-0.042552060882183954,0.09578494929416718,0.03169577139220742,-0.025004644980651504,0.000568761527313322,0.0043618938336417185,-0.012554089933265612,-0.029234847180780732,-0.005973683282587927,0.005565651494798541,0.01229972931379859,0.0026963632482958,-0.036846796087039044,-0.042436101119401944,0.0068971327864680515,0.0059980357061305035,0.0026085083248784703,0.02054918805907084,-0.004955199100557504,-0.008166504726878795,-0.020170498199112187,0.03169577139220742,0.046582300054753015,-0.006318214156017517,-0.007914338114543812,0.02786724253521925,0.009590825622469188,-0.02305599835339306,0.003816011509496885,0.01284661089307743,0.010016742450667299,0.0008251179008839601,-0.00922899673660263,-0.016523818344807935,0.026453732993483588,0.0058472656076398975,0.010692945835097015,0.008673691522804472,0.02701302801135433,0.013801754850599597,0.0015746092135249783,-0.025004644980651504,-0.006318214156017517,0.0928951106338318,0.008407916823430088,-0.008528681898924799,0.042505385148349714,0.016616141695432917,0.026246688459707193,0.01828807838675687,0.01818881059209284,-0.01109237800380244,0.007414150241552659,0.025014199966192405,-0.024882188775603345,-0.03398847663581073,-0.013030766703102808,-0.08142251131607559,0.006905679693001441,-0.0003359346059473382,-0.012961790316191626,0.000568761527313322,-0.007914338114543812,0.008407916823430088,0.032208685196325734,-0.007638883538185521,-0.00015303898044844556,0.012683957108110815,-0.010715443579444895,-0.004284269970898768,0.005769457721167001,-0.00594435232678398,-0.00441827410959755,-0.0035340033937767993,-0.008475204233405594,-0.00800065031110887,-0.019596556524884602,-0.010721435011667701,-0.002825357894863205,-0.011415269456518167,-0.00022846487300749166,0.0043618938336417185,0.02786724253521925,-0.008528681898924799,-0.007638883538185521,0.056490649058494005,0.015478226102158679,-0.018281504303870582,-0.0029589822628971157,0.019436067943563944,0.010749162957850859,0.0027550510836162464,0.004531576345425935,-0.017817267528565307,0.026721751501607847,0.004667265650368652,0.007547591319035379,0.007542637896636702,0.023401670282094063,0.010772872793599963,0.011357060119366741,-0.012554089933265612,0.009590825622469188,0.042505385148349714,-0.00015303898044844556,0.015478226102158679,0.05137233098021922,0.010202319817951227,0.012417205855968972,0.004805117473321474,0.014493702509333805,-0.009233939952977895,0.012952574482160526,0.007060662683784877,-0.013273992593807408,-0.013536287939557839,-0.005073183248342205,-0.05454351979919162,0.021819394084745928,0.012067197625072652,0.0006569164224568449,-0.029234847180780732,-0.02305599835339306,0.016616141695432917,0.012683957108110815,-0.018281504303870582,0.010202319817951227,0.060469368606789,0.0005978321011851413,-0.02102032875243743,0.0014857671087931902,-0.011058894645137686,0.009797264139353414,0.031072046738081324,-0.022690931398232004,-0.011456877054508263,-0.016464182702427117,-0.04238134182398826,0.008242720241612935,0.0014070994073022577,0.00025246766461306535,-0.005973683282587927,0.003816011509496885,0.026246688459707193,-0.010715443579444895,-0.0029589822628971157,0.012417205855968972,0.0005978321011851413,0.037679680809135495,0.00520710163135569,0.010130664002358023,-0.0024984833143572686,-0.0013490374866352538,0.014955919615562703,-0.005509155800909701,-0.00019018060492348378,0.0018335174675404003,-0.017783673180822884,-0.008875075247792848,-0.015603502699857217,-0.012095243433803068,0.005565651494798541,0.01284661089307743,0.01828807838675687,-0.004284269970898768,0.019436067943563944,0.004805117473321474,-0.02102032875243743,0.00520710163135569,0.049364573446981516,0.008454328273721404,0.006018816578656038,-0.004081580903892109,-0.01947718811485164,0.003425051654025555,0.0006360235746526548,0.005262897955857555,0.0051904004588602375,0.006615253707377227,-0.0021016145311751537,-0.027370156960633996,0.01229972931379859,0.010016742450667299,0.01818881059209284,0.005769457721167001,0.010749162957850859,0.014493702509333805,0.0014857671087931902,0.010130664002358023,0.008454328273721404,0.03212816364289764,-0.007169114439391793,-0.0052855740184263025,0.004473446400987465,-0.0012971479535282386,-0.009242004068932337,5.375876796219958e-5,-0.02650544934085578,-0.0104961117447489,7.618879344851255e-6,0.00962460659094459,0.0026963632482958,0.0008251179008839601,-0.01109237800380244,-0.00594435232678398,0.0027550510836162464,-0.009233939952977895,-0.011058894645137686,-0.0024984833143572686,0.006018816578656038,-0.007169114439391793,0.017934405982691966,0.0035918484897145093,-0.006636719316769249,0.010730888664743534,0.006407707977109153,-0.00013481426939011417,0.015772723026086975,0.005575405137211983,0.010461695938916025,0.03131113001156017,-0.036846796087039044,-0.00922899673660263,0.007414150241552659,-0.00441827410959755,0.004531576345425935,0.012952574482160526,0.009797264139353414,-0.0013490374866352538,-0.004081580903892109,-0.0052855740184263025,0.0035918484897145093,0.05186864446584085,0.02970326013886173,0.0066394640209238714,-0.001319235604949905,0.008355926235850483,-0.020303249064863214,0.014098468230574205,0.015238455297377669,0.00485383951222117,-0.042436101119401944,-0.016523818344807935,0.025014199966192405,-0.0035340033937767993,-0.017817267528565307,0.007060662683784877,0.031072046738081324,0.014955919615562703,-0.01947718811485164,0.004473446400987465,-0.006636719316769249,0.02970326013886173,0.0780216524864123,-0.008166238211726715,-0.008196269509295155,0.003921946147929388,-0.04778845179722406,-0.01629603593629994,-0.006474246462395064,0.007441539290138892,0.0068971327864680515,0.026453732993483588,-0.024882188775603345,-0.008475204233405594,0.026721751501607847,-0.013273992593807408,-0.022690931398232004,-0.005509155800909701,0.003425051654025555,-0.0012971479535282386,0.010730888664743534,0.0066394640209238714,-0.008166238211726715,0.06275979941211969,0.011970557711128442,0.004165082284086902,0.03309072506540785,-0.013737872964288425,-0.016259986188025734,0.005434952483243081,0.0059980357061305035,0.0058472656076398975,-0.03398847663581073,-0.00800065031110887,0.004667265650368652,-0.013536287939557839,-0.011456877054508263,-0.00019018060492348378,0.0006360235746526548,-0.009242004068932337,0.006407707977109153,-0.001319235604949905,-0.008196269509295155,0.011970557711128442,0.046364995389280024,0.013217327349864064,0.044621742347694726,-0.0033163387464854198,-0.007157007029385074,0.0021488060613469393,0.0026085083248784703,0.010692945835097015,-0.013030766703102808,-0.019596556524884602,0.007547591319035379,-0.005073183248342205,-0.016464182702427117,0.0018335174675404003,0.005262897955857555,5.375876796219958e-5,-0.00013481426939011417,0.008355926235850483,0.003921946147929388,0.004165082284086902,0.013217327349864064,0.02934128818281783,0.015515660078426627,-0.032778219027382,-0.02932304143180243,0.012536826680373606,0.02054918805907084,0.008673691522804472,-0.08142251131607559,-0.010721435011667701,0.007542637896636702,-0.05454351979919162,-0.04238134182398826,-0.017783673180822884,0.0051904004588602375,-0.02650544934085578,0.015772723026086975,-0.020303249064863214,-0.04778845179722406,0.03309072506540785,0.044621742347694726,0.015515660078426627,0.13944990665351006
0.09684014198636884,0.05663488634855946,0.00036955384761266225,-0.04283974865560521,-0.027105755730698303,0.06746413659592118,0.02442459226083418,-0.016926269118394406,0.022092600670044316,0.006156253862363448,-0.003412711067082023,-0.050818519195892656,-0.01839531117304119,-0.0015120298500282169,0.022370031923826767,0.055328106161435735,-0.008867489438101128,0.014082031031602778,-0.00024777376796329567,-0.02448231171748149,0.05663488634855946,0.171057280425354,0.04019253125232668,-0.02704920086218826,-0.045801048840552486,0.1461769623114872,0.0537211136714962,-0.10585480510057203,0.014675296285659051,0.012475687791673754,-0.021578799840163546,-0.07046699168666203,-0.027489701352425174,0.027316784003628008,0.016369677869904425,0.15717561699031807,-0.0680015287860762,-0.009908320157015255,-0.01676105494297303,-0.08017451505837306,0.00036955384761266225,0.04019253125232668,0.06521342598676333,-0.00569975345468016,-0.01477598397002245,0.03181610237539417,0.02343531776942292,-0.041923783023568806,-0.0014145429262660656,0.013665569990489384,-0.0025246364980247545,-0.02320941154488123,-0.004281325617115389,0.014964516955116127,0.006621924955487545,0.015510943920638386,0.00041285451860876123,-0.01984322524178091,-0.02172632013930159,-0.018792153952946453,-0.04283974865560521,-0.02704920086218826,-0.00569975345468016,0.09041653317999045,0.01807028186628565,-0.01672689027454487,-0.007632553141451738,0.010980891455666084,-0.014802604340518156,-0.007333358864410611,-0.011914218585324356,0.009167892445035852,-0.001118838484340536,0.0028608781793928464,-0.018469239369332938,0.02100621958961331,-0.010891280251674674,-0.007577348611315204,0.008251562451611216,-0.018250611570127178,-0.027105755730698303,-0.045801048840552486,-0.01477598397002245,0.01807028186628565,0.048103384341875825,-0.05483473266805514,-0.032638858447513366,0.023419364109369498,-0.019835883458165476,-0.014742845657503566,0.022572320741534636,0.03943350525192595,-9.959499278835429e-6,0.0028925471076282393,-0.022582368855233764,-0.05440651190222786,0.029493645468665078,0.006125594850387427,0.012191125509148082,0.03080955048172027,0.06746413659592118,0.1461769623114872,0.03181610237539417,-0.01672689027454487,-0.05483473266805514,0.19598442566498545,0.06475905179375763,-0.11009488564395478,0.034383926594714294,0.02744308737784389,-0.02908889479906493,-0.10492279735978244,-0.045249848071282704,0.017091168848432182,0.021404263542319116,0.21905505121789187,-0.08787053489457484,-0.012321889619926047,-0.02491062094807127,-0.11704700684178541,0.02442459226083418,0.0537211136714962,0.02343531776942292,-0.007632553141451738,-0.032638858447513366,0.06475905179375763,0.06258350378651503,-0.03449602029924692,0.01730438282542869,0.023301806860431262,-0.038041517502539236,-0.05765228045553096,0.0008488735101361703,0.0017208162294920382,0.022286271736924823,0.06472769028696776,-0.033366664424260534,-0.02352977994466678,-0.018064764216675556,-0.04585827708968482,-0.016926269118394406,-0.10585480510057203,-0.041923783023568806,0.010980891455666084,0.023419364109369498,-0.11009488564395478,-0.03449602029924692,0.11811785368038646,-0.00418267282913918,-0.012551909689792303,0.003673504409868302,0.04892080013558038,0.02559746354804495,-0.03167039779812417,-0.005999273622373551,-0.12527250965478998,0.0519605074923042,0.013697215432344576,0.020551768623740363,0.05992691258231659,0.022092600670044316,0.014675296285659051,-0.0014145429262660656,-0.014802604340518156,-0.019835883458165476,0.034383926594714294,0.01730438282542869,-0.00418267282913918,0.03670333798442789,0.007163170937506843,-0.01840187245322544,-0.033315983001861386,0.00772232356982488,-0.004069537026567165,0.01496392562275407,0.032011073399052445,-0.02198903036408157,0.00037590904720318755,-0.004947671061812586,-0.031230737150988043,0.006156253862363448,0.012475687791673754,0.013665569990489384,-0.007333358864410611,-0.014742845657503566,0.02744308737784389,0.023301806860431262,-0.012551909689792303,0.007163170937506843,0.038234344911215454,-0.022772438582534707,-0.025135000828052236,0.0038269506105363437,-0.0027360461846333713,0.014348702480463993,0.022803919190668175,-0.013326751797974217,-0.019357916209301555,-0.007260470702516868,-0.02369118829528913,-0.003412711067082023,-0.021578799840163546,-0.0025246364980247545,-0.011914218585324356,0.022572320741534636,-0.02908889479906493,-0.038041517502539236,0.003673504409868302,-0.01840187245322544,-0.022772438582534707,0.056554240415430466,0.036516493701222445,-0.014332210625384461,-0.0029416240772652466,-0.016294467983663748,-0.03508909365298819,0.02736982863047001,0.027451800145389393,0.0014320312671981684,0.03584884464614434,-0.050818519195892656,-0.07046699168666203,-0.02320941154488123,0.009167892445035852,0.03943350525192595,-0.10492279735978244,-0.05765228045553096,0.04892080013558038,-0.033315983001861386,-0.025135000828052236,0.036516493701222445,0.0996629860396748,0.00991892791179247,-0.006961453938383939,-0.02967515151874725,-0.11380348153495594,0.04552926429939772,0.017108905284977882,0.017209662729827963,0.07457656482929521,-0.01839531117304119,-0.027489701352425174,-0.004281325617115389,-0.001118838484340536,-9.959499278835429e-6,-0.045249848071282704,0.0008488735101361703,0.02559746354804495,0.00772232356982488,0.0038269506105363437,-0.014332210625384461,0.00991892791179247,0.04495536943900704,-0.0018896764747628886,0.009210840397706527,-0.054501871025889465,0.005861731056786193,-0.00909590182627308,0.011222990205453238,0.014538810347383777,-0.0015120298500282169,0.027316784003628008,0.014964516955116127,0.0028608781793928464,0.0028925471076282393,0.017091168848432182,0.0017208162294920382,-0.03167039779812417,-0.004069537026567165,-0.0027360461846333713,-0.0029416240772652466,-0.006961453938383939,-0.0018896764747628886,0.03393082223873317,0.0022861149774452707,0.019290313613319315,-0.004728507583264006,-0.007272936003058679,-0.006488061616973623,-0.013894551720614975,0.022370031923826767,0.016369677869904425,0.006621924955487545,-0.018469239369332938,-0.022582368855233764,0.021404263542319116,0.022286271736924823,-0.005999273622373551,0.01496392562275407,0.014348702480463993,-0.016294467983663748,-0.02967515151874725,0.009210840397706527,0.0022861149774452707,0.03447533741488013,0.0218501736182816,-0.01440959204002241,-0.010187338988875454,-3.6140484186471125e-5,-0.025595719891346555,0.055328106161435735,0.15717561699031807,0.015510943920638386,0.02100621958961331,-0.05440651190222786,0.21905505121789187,0.06472769028696776,-0.12527250965478998,0.032011073399052445,0.022803919190668175,-0.03508909365298819,-0.11380348153495594,-0.054501871025889465,0.019290313613319315,0.0218501736182816,0.32579130211890944,-0.13420052318090642,-0.009230434797894137,-0.013495753644846554,-0.1656482934893525,-0.008867489438101128,-0.0680015287860762,0.00041285451860876123,-0.010891280251674674,0.029493645468665078,-0.08787053489457484,-0.033366664424260534,0.0519605074923042,-0.02198903036408157,-0.013326751797974217,0.02736982863047001,0.04552926429939772,0.005861731056786193,-0.004728507583264006,-0.01440959204002241,-0.13420052318090642,0.08579162607860003,0.009492164711202511,-0.0034843857853404468,0.07906825075032708,0.014082031031602778,-0.009908320157015255,-0.01984322524178091,-0.007577348611315204,0.006125594850387427,-0.012321889619926047,-0.02352977994466678,0.013697215432344576,0.00037590904720318755,-0.019357916209301555,0.027451800145389393,0.017108905284977882,-0.00909590182627308,-0.007272936003058679,-0.010187338988875454,-0.009230434797894137,0.009492164711202511,0.05242743770956321,0.010041391516259348,0.025817740987592923,-0.00024777376796329567,-0.01676105494297303,-0.02172632013930159,0.008251562451611216,0.012191125509148082,-0.02491062094807127,-0.018064764216675556,0.020551768623740363,-0.004947671061812586,-0.007260470702516868,0.0014320312671981684,0.017209662729827963,0.011222990205453238,-0.006488061616973623,-3.6140484186471125e-5,-0.013495753644846554,-0.0034843857853404468,0.010041391516259348,0.027298118701217632,0.006219429939197232,-0.02448231171748149,-0.08017451505837306,-0.018792153952946453,-0.018250611570127178,0.03080955048172027,-0.11704700684178541,-0.04585827708968482,0.05992691258231659,-0.031230737150988043,-0.02369118829528913,0.03584884464614434,0.07457656482929521,0.014538810347383777,-0.013894551720614975,-0.025595719891346555,-0.1656482934893525,0.07906825075032708,0.025817740987592923,0.006219429939197232,0.12885613202306948
0.057733460977034044,-0.01646417681311398,-0.006731943920484937,0.009092721578829269,0.0026742220984554517,-0.009887085538149674,0.010544602909231229,-0.009310952316043626,0.0032494812002126852,0.006549063372082697,-0.010726508000488848,-0.012965385430047209,-0.014684722826006184,0.002231291106949373,-0.007403216142707055,0.015116585101387293,0.003599364792967917,-0.01797505906456735,-0.003924664600382219,-0.005611481078580995,-0.01646417681311398,0.035391516290956035,0.01762034673115074,-0.026337056271692666,-0.015607443799444561,0.00932732236256226,-0.014078459838131736,-0.0021401863489694897,-0.0004902783766465716,-0.006878428724843149,0.0034013372984319458,-0.009644068767157538,0.01657428830513146,0.0032984988612051107,0.020838485825628358,-0.00464811749374155,-0.0036508250456046545,0.0032251516069740577,0.00841978260216568,-0.004149426223805366,-0.006731943920484937,0.01762034673115074,0.08928603963840527,-0.0298404442636407,-0.042203973709551916,0.024928178612723548,0.002652085694937144,0.010994673318800033,-0.0019636681230926997,0.021034627670108556,0.0025334008297775113,-0.02322057050088046,0.00428473643749209,-0.0012572205123356313,0.03852659152167859,-0.008285859914382847,-0.01327169360914342,-0.006900871871380471,-0.004945594449723971,-0.028732450406315356,0.009092721578829269,-0.026337056271692666,-0.0298404442636407,0.09319148449084598,0.03871361755518887,-0.020221118518839266,0.01089501787419776,-0.008899495520540111,-0.014140682363270492,-0.003534362812059779,-0.010803486641650557,0.02924746564912964,-0.013386159712272775,-0.0031309887494040426,-0.056313346883419005,-0.007559025430169855,0.0004372672225873837,-0.0030382101510813163,0.007828060793917894,0.021536240283925347,0.0026742220984554517,-0.015607443799444561,-0.042203973709551916,0.03871361755518887,0.06771423579009675,-0.020830074277360403,0.016647591543465977,-0.013459505175157923,-0.012193087783548131,-0.005103064263859286,-0.006633389035325584,0.022636035505112714,-0.007800155956430237,-0.000817485043338548,-0.04724717112912679,0.0006385422433523042,0.024058516156689105,-0.009782906968302571,0.010301396691638778,0.03659314597768612,-0.009887085538149674,0.00932732236256226,0.024928178612723548,-0.020221118518839266,-0.020830074277360403,0.06126641565247632,0.0025036933449336584,-0.004195440671261473,0.012393616186347557,0.013770682987791702,0.013425153793471246,0.003826253288867428,0.0011166881640526866,-0.011298938230286965,0.005557941170479998,0.006134017835819031,-0.012981167233433188,0.0027451717002564516,-0.007866264910870197,-0.013031938719252846,0.010544602909231229,-0.014078459838131736,0.002652085694937144,0.01089501787419776,0.016647591543465977,0.0025036933449336584,0.04057212413708639,-0.0045409159413450605,-0.006617351566785685,0.02239659615431948,-0.00971654005399802,0.0064404403410761,-0.013810182327443344,-0.00787523860722878,-0.00762275956051671,0.013451552143298169,0.007569160926629707,-0.01221802681645958,-0.011509152762825135,-0.004194853426492961,-0.009310952316043626,-0.0021401863489694897,0.010994673318800033,-0.008899495520540111,-0.013459505175157923,-0.004195440671261473,-0.0045409159413450605,0.05596613277499124,0.003164724259382614,0.007927195572882663,-0.0014702573459830842,-0.014819227743564601,0.00941607685260149,0.001035689231355848,0.01861242245234454,-0.00952247725506786,0.007958619559410678,0.00745833779670884,-0.010790363027391373,-0.01297702079725563,0.0032494812002126852,-0.0004902783766465716,-0.0019636681230926997,-0.014140682363270492,-0.012193087783548131,0.012393616186347557,-0.006617351566785685,0.003164724259382614,0.029131446156375553,0.001225495708025338,0.006169174986452123,-0.005182014282197755,0.0013391459726081246,-0.0035308855738493466,0.016125011305924867,0.011783066614134982,-0.008790765631362243,0.0033202456165520467,-0.014220746203146015,-0.011466908540315065,0.006549063372082697,-0.006878428724843149,0.021034627670108556,-0.003534362812059779,-0.005103064263859286,0.013770682987791702,0.02239659615431948,0.007927195572882663,0.001225495708025338,0.0547194958072593,-0.006860689919755595,-0.0063981448544208775,-0.011404510952344068,-0.003584365777206086,0.020727730178911156,0.033642118889932585,0.003763319535379581,-0.009760129504611203,-0.022280434353097324,-0.01228015555391714,-0.010726508000488848,0.0034013372984319458,0.0025334008297775113,-0.010803486641650557,-0.006633389035325584,0.013425153793471246,-0.00971654005399802,-0.0014702573459830842,0.006169174986452123,-0.006860689919755595,0.025160453491970734,6.669531469767859e-5,0.003941909557523081,-0.00606264359143715,0.0016037265231969992,-0.0023551493884327495,-0.014078894224958356,0.010171635840994883,-0.0010067554471380033,-0.0013405357802992728,-0.012965385430047209,-0.009644068767157538,-0.02322057050088046,0.02924746564912964,0.022636035505112714,0.003826253288867428,0.0064404403410761,-0.014819227743564601,-0.005182014282197755,-0.0063981448544208775,6.669531469767859e-5,0.052341221703350906,-0.014684985383843933,0.00015146813930112953,-0.029079983068452116,-0.012727444479061788,0.0004901131688943136,0.00727889268223514,0.006316924063669,0.015174830630985108,-0.014684722826006184,0.01657428830513146,0.00428473643749209,-0.013386159712272775,-0.007800155956430237,0.0011166881640526866,-0.013810182327443344,0.00941607685260149,0.0013391459726081246,-0.011404510952344068,0.003941909557523081,-0.014684985383843933,0.027747358013955458,0.0018725130756383668,0.005903250653098766,-0.009004253166654342,0.0005580340849537372,0.00414917475351961,0.008341326378885947,-0.0015892266169860783,0.002231291106949373,0.0032984988612051107,-0.0012572205123356313,-0.0031309887494040426,-0.000817485043338548,-0.011298938230286965,-0.00787523860722878,0.001035689231355848,-0.0035308855738493466,-0.003584365777206086,-0.00606264359143715,0.00015146813930112953,0.0018725130756383668,0.020312106771778474,0.01044678111367886,-0.0033322859219926827,-0.0008620473332712926,0.0007179924600704997,0.0030647796976961427,-0.0011608452497923135,-0.007403216142707055,0.020838485825628358,0.03852659152167859,-0.056313346883419005,-0.04724717112912679,0.005557941170479998,-0.00762275956051671,0.01861242245234454,0.016125011305924867,0.020727730178911156,0.0016037265231969992,-0.029079983068452116,0.005903250653098766,0.01044678111367886,0.08952221662591402,0.023576846318053006,-0.011334985669844047,0.0025445765110149315,-0.015681095776799277,-0.032171440642260324,0.015116585101387293,-0.00464811749374155,-0.008285859914382847,-0.007559025430169855,0.0006385422433523042,0.006134017835819031,0.013451552143298169,-0.00952247725506786,0.011783066614134982,0.033642118889932585,-0.0023551493884327495,-0.012727444479061788,-0.009004253166654342,-0.0033322859219926827,0.023576846318053006,0.06319592955912766,0.0024845130444780053,-0.010510096707841204,-0.018637871901832307,-0.003521489731118407,0.003599364792967917,-0.0036508250456046545,-0.01327169360914342,0.0004372672225873837,0.024058516156689105,-0.012981167233433188,0.007569160926629707,0.007958619559410678,-0.008790765631362243,0.003763319535379581,-0.014078894224958356,0.0004901131688943136,0.0005580340849537372,-0.0008620473332712926,-0.011334985669844047,0.0024845130444780053,0.050534818094298155,-0.0012123504524858717,0.00021111415155780926,0.024502050613877932,-0.01797505906456735,0.0032251516069740577,-0.006900871871380471,-0.0030382101510813163,-0.009782906968302571,0.0027451717002564516,-0.01221802681645958,0.00745833779670884,0.0033202456165520467,-0.009760129504611203,0.010171635840994883,0.00727889268223514,0.00414917475351961,0.0007179924600704997,0.0025445765110149315,-0.010510096707841204,-0.0012123504524858717,0.036246879738459706,0.001519516294310657,0.010311658992655914,-0.003924664600382219,0.00841978260216568,-0.004945594449723971,0.007828060793917894,0.010301396691638778,-0.007866264910870197,-0.011509152762825135,-0.010790363027391373,-0.014220746203146015,-0.022280434353097324,-0.0010067554471380033,0.006316924063669,0.008341326378885947,0.0030647796976961427,-0.015681095776799277,-0.018637871901832307,0.00021111415155780926,0.001519516294310657,0.025053815631270116,0.010107256708073636,-0.005611481078580995,-0.004149426223805366,-0.028732450406315356,0.021536240283925347,0.03659314597768612,-0.013031938719252846,-0.004194853426492961,-0.01297702079725563,-0.011466908540315065,-0.01228015555391714,-0.0013405357802992728,0.015174830630985108,-0.0015892266169860783,-0.0011608452497923135,-0.032171440642260324,-0.003521489731118407,0.024502050613877932,0.010311658992655914,0.010107256708073636,0.06415164879978436
