0.030583255154689484,0.006131157094291382,-0.0058566631509861,-0.007533366559098879,-0.0021930632861622513,0.01243390116335468,0.008253715958892882,0.00029613973014309757,0.01622327368925166,0.010512778370031808,-0.002773606706967813,-0.010041896484003766,0.00925199689357166,-0.00857302550347713,0.0031180872017700922,0.017374378945712005,-0.015001072443712425,-0.01087444663325381,0.005094615453520901,-0.024097079479995648,0.006131157094291382,0.029238306378487164,0.009411971098793756,-0.00843705109179694,-0.0033948601419691122,0.011704460704488693,0.0006299709412266918,-0.012098736149721383,0.004441401277607391,0.007379081257896429,0.0017156113743957585,-0.00841768481362732,0.005818307480418996,0.0007543912790314701,0.005689346286957485,0.008834734069289517,-0.006135511867480578,-0.003393580114303188,0.0016374693145889514,-0.011746670079409802,-0.0058566631509861,0.009411971098793756,0.07715338637743421,-0.022929716525160123,-0.012777694235518625,0.022538330082235193,0.010911458849297348,-0.017998255898263635,0.004480802248376808,0.02368674913665399,0.02312224598237329,-0.014535807639020046,-0.009538685788523363,0.00789432197707005,0.01679246732802235,-0.002494158695948526,5.2277536059994016e-5,0.018803630302075332,-0.02034292404927899,-0.009011238269581903,-0.007533366559098879,-0.00843705109179694,-0.022929716525160123,0.09875001910043281,0.010648402175340195,-0.03890179019540521,-0.002852560590991793,0.009341064993392396,-0.017752769305774352,-0.01657757724905301,-0.020109646092546493,0.014943786414534942,0.0032814068911976714,-0.0066476887563246805,-0.05305464276515545,-0.029457432205690033,-0.0009945342973397043,0.0007428012739389817,0.00772527515912562,0.023163617553425237,-0.0021930632861622513,-0.0033948601419691122,-0.012777694235518625,0.010648402175340195,0.03167269299238205,-0.01580212706452358,-0.00475684712511228,0.017416001550536717,0.004907155372244686,0.002541362391233954,-0.005840773872913572,0.001623411615501692,0.0058540210960440885,0.0026662210742360495,-0.010201062659972162,0.005556239292274359,0.020937753437498825,0.002067224026858516,0.0050388998045371855,-0.007434496551902345,0.01243390116335468,0.011704460704488693,0.022538330082235193,-0.03890179019540521,-0.01580212706452358,0.05884997663210252,0.007039177488709686,-0.03158193386839914,0.010419864812839415,0.016004413670055596,0.022392293712942164,-0.014884437242215602,-0.00136397504733738,0.0051856139895998885,0.026616576312057542,0.029050995040398313,-0.027064596472583916,-0.01044154065513696,-0.004005887356644228,-0.029241320947243812,0.008253715958892882,0.0006299709412266918,0.010911458849297348,-0.002852560590991793,-0.00475684712511228,0.007039177488709686,0.029137135388664644,0.001945056944201541,0.004019974527470348,0.02075343613752815,-0.003780848165502822,-0.011332466078341317,0.005259235767542584,-0.006161777985533275,0.00496277795203546,0.011992318478049002,-0.012139603942080012,-0.003228120909584845,-0.01267650480114923,-0.01096112433785626,0.00029613973014309757,-0.012098736149721383,-0.017998255898263635,0.009341064993392396,0.017416001550536717,-0.03158193386839914,0.001945056944201541,0.06000915348942906,0.005878015732132886,0.004580035942165281,-0.015455908031023743,0.005541975237900496,0.0040460313397525215,-0.010222493533861421,-0.014296803557597737,-0.011828886683235812,0.013233330837267953,-0.0039686855305402745,-0.004159863154568674,-0.004006836956160914,0.01622327368925166,0.004441401277607391,0.004480802248376808,-0.017752769305774352,0.004907155372244686,0.010419864812839415,0.004019974527470348,0.005878015732132886,0.033046179832169835,0.014848761346202279,0.004725230551823814,-0.017505692987223456,0.014863671026784847,-0.002966797067527919,0.011318764923862846,0.02272765184597386,-0.00440765773645231,0.0018580938801767805,-0.0048442459004118645,-0.04022852791814477,0.010512778370031808,0.007379081257896429,0.02368674913665399,-0.01657757724905301,0.002541362391233954,0.016004413670055596,0.02075343613752815,0.004580035942165281,0.014848761346202279,0.05613983782693435,0.0022383656336958024,-0.01865337678363013,0.008594322247676135,-0.00298821824309329,0.018902249597028367,0.03715096148867511,-0.003589295181992843,-0.003854523114606195,-0.017326536622820646,-0.038698266848556484,-0.002773606706967813,0.0017156113743957585,0.02312224598237329,-0.020109646092546493,-0.005840773872913572,0.022392293712942164,-0.003780848165502822,-0.015455908031023743,0.004725230551823814,0.0022383656336958024,0.04014047151393965,-0.009847980877542326,-0.00047192414733212857,0.005400449466540926,0.012511525862587006,0.0021961281588303745,-0.012503805771696921,0.011507878165347655,-0.00750593034574715,-0.009095923078210572,-0.010041896484003766,-0.00841768481362732,-0.014535807639020046,0.014943786414534942,0.001623411615501692,-0.014884437242215602,-0.011332466078341317,0.005541975237900496,-0.017505692987223456,-0.01865337678363013,-0.009847980877542326,0.032879331359068543,-0.014905984653854731,-0.0023759102570226165,-0.013075940298870894,-0.025989798556658582,0.005128537242032362,0.001081675665227417,0.009860093180079608,0.030269442075963722,0.00925199689357166,0.005818307480418996,-0.009538685788523363,0.0032814068911976714,0.0058540210960440885,-0.00136397504733738,0.005259235767542584,0.0040460313397525215,0.014863671026784847,0.008594322247676135,-0.00047192414733212857,-0.014905984653854731,0.030139611350716727,0.00506678705698226,0.0013187987728679473,0.02125932088911834,-0.0070228317929558115,-0.006118966380501335,0.002142799963927043,-0.02305419979606931,-0.00857302550347713,0.0007543912790314701,0.00789432197707005,-0.0066476887563246805,0.0026662210742360495,0.0051856139895998885,-0.006161777985533275,-0.010222493533861421,-0.002966797067527919,-0.00298821824309329,0.005400449466540926,-0.0023759102570226165,0.00506678705698226,0.03363622740267245,0.003338363471723926,0.0016763335655134214,0.0013278872141243455,-0.0014709636595966005,-0.006388418233530988,-0.00208389582350831,0.0031180872017700922,0.005689346286957485,0.01679246732802235,-0.05305464276515545,-0.010201062659972162,0.026616576312057542,0.00496277795203546,-0.014296803557597737,0.011318764923862846,0.018902249597028367,0.012511525862587006,-0.013075940298870894,0.0013187987728679473,0.003338363471723926,0.05626581441906551,0.02994952549053149,0.0009945999629203434,-0.0028385817911382137,-0.002573455138976026,-0.019701405456163397,0.017374378945712005,0.008834734069289517,-0.002494158695948526,-0.029457432205690033,0.005556239292274359,0.029050995040398313,0.011992318478049002,-0.011828886683235812,0.02272765184597386,0.03715096148867511,0.0021961281588303745,-0.025989798556658582,0.02125932088911834,0.0016763335655134214,0.02994952549053149,0.08440855739692145,-0.006050057772236881,-0.009070199707520338,0.0006037563528720345,-0.06030888664197809,-0.015001072443712425,-0.006135511867480578,5.2277536059994016e-5,-0.0009945342973397043,0.020937753437498825,-0.027064596472583916,-0.012139603942080012,0.013233330837267953,-0.00440765773645231,-0.003589295181992843,-0.012503805771696921,0.005128537242032362,-0.0070228317929558115,0.0013278872141243455,0.0009945999629203434,-0.006050057772236881,0.06789638575132803,0.020668812166730832,-0.0021491951549253577,0.018044040299798704,-0.01087444663325381,-0.003393580114303188,0.018803630302075332,0.0007428012739389817,0.002067224026858516,-0.01044154065513696,-0.003228120909584845,-0.0039686855305402745,0.0018580938801767805,-0.003854523114606195,0.011507878165347655,0.001081675665227417,-0.006118966380501335,-0.0014709636595966005,-0.0028385817911382137,-0.009070199707520338,0.020668812166730832,0.04820246156745641,-0.0026850802539032173,0.010834340264982844,0.005094615453520901,0.0016374693145889514,-0.02034292404927899,0.00772527515912562,0.0050388998045371855,-0.004005887356644228,-0.01267650480114923,-0.004159863154568674,-0.0048442459004118645,-0.017326536622820646,-0.00750593034574715,0.009860093180079608,0.002142799963927043,-0.006388418233530988,-0.002573455138976026,0.0006037563528720345,-0.0021491951549253577,-0.0026850802539032173,0.024857589918542325,0.005848135932534679,-0.024097079479995648,-0.011746670079409802,-0.009011238269581903,0.023163617553425237,-0.007434496551902345,-0.029241320947243812,-0.01096112433785626,-0.004006836956160914,-0.04022852791814477,-0.038698266848556484,-0.009095923078210572,0.030269442075963722,-0.02305419979606931,-0.00208389582350831,-0.019701405456163397,-0.06030888664197809,0.018044040299798704,0.010834340264982844,0.005848135932534679,0.09538719327020596
0.04560669748869743,-0.006280051187658204,0.013489902718566538,-0.008929722614176515,-0.010190560923134908,-0.006357099539727873,0.004140345505379282,-0.005695561616064846,0.007885478039993387,0.006148354516270078,0.003403923927363597,-0.0026492665363247406,-0.009237990896847594,0.006186483944243697,0.024493735847974922,0.01719768631399355,-0.014702740636750096,-0.004858268629517333,0.0006581859516186996,-0.002913848595925047,-0.006280051187658204,0.03565028539319941,0.021766489354654,-0.018415586110237227,-0.018647866331178688,0.024581771587142295,0.003535806029337679,-0.021531134534345117,0.0040914241232859715,0.008229039889407767,0.0007675117833692117,-0.0058884013220544635,0.0014492759188416526,-0.006768322515526578,-0.0014397429809569282,0.012116946440972894,-0.008693814676791357,-0.014231856102652426,-0.008543389968470386,-0.01619695986298137,0.013489902718566538,0.021766489354654,0.07644092223341165,-0.01892304342491869,-0.026900510775925264,0.02055105317403138,0.006836289072256734,-0.01270791403602789,0.016232230408156745,0.017312668873542457,-0.002752177716553868,-0.010758877216792345,-0.005208562276858292,-0.002062721335140626,0.018889959748223873,0.0040974636221864855,-0.014229671313043236,-0.017801064680927778,-0.009033691400204078,-0.019788222274566482,-0.008929722614176515,-0.018415586110237227,-0.01892304342491869,0.07797872905219477,0.037205586894154694,-0.022782942016488075,-0.005558150125003116,0.03304764936328767,0.005373628983104934,-0.020349356222850036,-0.017915987707067614,0.008143904832851255,0.006465553978891658,0.004632017571853578,-0.004354462060293622,-0.03461251994187477,0.014104393234403389,0.012295490720686805,0.013753452512366874,0.0063802106937437065,-0.010190560923134908,-0.018647866331178688,-0.026900510775925264,0.037205586894154694,0.058367175530388296,-0.02160504268424929,0.003373581212514779,0.029136543581752827,0.000872296589693682,-0.015714416498285297,-0.012621904931759631,0.0013867282315986034,0.0024130724850462007,0.005080192256880525,-0.014811521836588374,-0.03686570731081663,0.03582966382132868,0.005016285264208591,0.006611706160495187,0.02164770056716318,-0.006357099539727873,0.024581771587142295,0.02055105317403138,-0.022782942016488075,-0.02160504268424929,0.0460778583580904,0.005563609659759316,-0.01921657875314938,0.004918486626595893,0.009773860262920545,0.0009935731794792507,-0.0023458209174273244,0.0038245990053113513,-0.009174130089624971,-0.00662270683891758,0.01119884559721487,-0.007918951977494808,-0.01473929429903955,-0.006903991042042314,-0.020087836613928864,0.004140345505379282,0.003535806029337679,0.006836289072256734,-0.005558150125003116,0.003373581212514779,0.005563609659759316,0.03977232344742994,-0.001314077270467475,-0.005152716851841087,0.00923234684304897,-0.02017305826015292,-0.015569845714768507,-0.0009189982353401321,-0.0011657113444872606,0.000970723227970618,-0.008683266170476319,0.01488701966749192,-0.020949919364855567,-0.019329460031073855,-0.008914818519286733,-0.005695561616064846,-0.021531134534345117,-0.01270791403602789,0.03304764936328767,0.029136543581752827,-0.01921657875314938,-0.001314077270467475,0.054232881757391084,0.003457182328481822,-0.015276141936205825,-0.01184033975488968,0.008689737616028247,0.007210922221474049,0.0024434439169786037,0.0002611484241058406,-0.034206717721698296,0.030402944296440353,0.013815975990849648,0.007099574060483598,0.015138952125196042,0.007885478039993387,0.0040914241232859715,0.016232230408156745,0.005373628983104934,0.000872296589693682,0.004918486626595893,-0.005152716851841087,0.003457182328481822,0.025937379277839546,-0.004941053626350696,-0.0017290774143559747,0.0029601329280438114,-0.0008108049244228734,0.0017343486275437476,0.013245689850136546,-0.004408813394522422,-0.01071584036559959,0.0006541783527408292,-0.0031603332102394612,-0.007925958864371318,0.006148354516270078,0.008229039889407767,0.017312668873542457,-0.020349356222850036,-0.015714416498285297,0.009773860262920545,0.00923234684304897,-0.015276141936205825,-0.004941053626350696,0.04066900646468522,-0.0031855528980089527,-0.011143353506244312,-0.004354749408879574,0.0006509256133297277,0.006042043926905667,0.015132918383804799,-0.006052926451304135,-0.020080143647716195,-0.01443781100899582,-0.014061291960677031,0.003403923927363597,0.0007675117833692117,-0.002752177716553868,-0.017915987707067614,-0.012621904931759631,0.0009935731794792507,-0.02017305826015292,-0.01184033975488968,-0.0017290774143559747,-0.0031855528980089527,0.0371966641847247,0.009459353191729941,-1.3351885867856489e-5,-0.003324463767500028,-0.001719660810736098,0.02481873243071093,-0.0181793777234127,0.01749031071486302,0.008604520052716828,0.004188848840530859,-0.0026492665363247406,-0.0058884013220544635,-0.010758877216792345,0.008143904832851255,0.0013867282315986034,-0.0023458209174273244,-0.015569845714768507,0.008689737616028247,0.0029601329280438114,-0.011143353506244312,0.009459353191729941,0.03973232987110163,-0.0027679869077689907,0.010929660903754145,0.0015399222234580975,-0.0067600292400792315,-0.005378490047201456,0.02400150955561636,0.007059819417296824,0.01151218359982719,-0.009237990896847594,0.0014492759188416526,-0.005208562276858292,0.006465553978891658,0.0024130724850462007,0.0038245990053113513,-0.0009189982353401321,0.007210922221474049,-0.0008108049244228734,-0.004354749408879574,-1.3351885867856489e-5,-0.0027679869077689907,0.017367638517137685,-0.005839605885471318,-0.009202616379240003,-0.00434736005049543,0.004779208887265967,0.002637850798517428,0.006396347065768641,0.0006115300796240038,0.006186483944243697,-0.006768322515526578,-0.002062721335140626,0.004632017571853578,0.005080192256880525,-0.009174130089624971,-0.0011657113444872606,0.0024434439169786037,0.0017343486275437476,0.0006509256133297277,-0.003324463767500028,0.010929660903754145,-0.005839605885471318,0.022616380386314076,0.012002456190300236,-0.004812587921796314,-0.00027043613143609295,-0.000520868723866878,-0.005887815771598078,0.0001646117104161396,0.024493735847974922,-0.0014397429809569282,0.018889959748223873,-0.004354462060293622,-0.014811521836588374,-0.00662270683891758,0.000970723227970618,0.0002611484241058406,0.013245689850136546,0.006042043926905667,-0.001719660810736098,0.0015399222234580975,-0.009202616379240003,0.012002456190300236,0.04710446931540911,0.014538268635778858,-0.018309464799099007,-0.0027321599843837877,-0.0015196244491972872,-0.013749807243127346,0.01719768631399355,0.012116946440972894,0.0040974636221864855,-0.03461251994187477,-0.03686570731081663,0.01119884559721487,-0.008683266170476319,-0.034206717721698296,-0.004408813394522422,0.015132918383804799,0.02481873243071093,-0.0067600292400792315,-0.00434736005049543,-0.004812587921796314,0.014538268635778858,0.0667660151815628,-0.03771376189674115,-0.004489047623604502,0.003106008723650187,-0.020455964805444114,-0.014702740636750096,-0.008693814676791357,-0.014229671313043236,0.014104393234403389,0.03582966382132868,-0.007918951977494808,0.01488701966749192,0.030402944296440353,-0.01071584036559959,-0.006052926451304135,-0.0181793777234127,-0.005378490047201456,0.004779208887265967,-0.00027043613143609295,-0.018309464799099007,-0.03771376189674115,0.06050862227885415,-0.0038405738018499934,-0.0058361448397689815,0.01974499440235696,-0.004858268629517333,-0.014231856102652426,-0.017801064680927778,0.012295490720686805,0.005016285264208591,-0.01473929429903955,-0.020949919364855567,0.013815975990849648,0.0006541783527408292,-0.020080143647716195,0.01749031071486302,0.02400150955561636,0.002637850798517428,-0.000520868723866878,-0.0027321599843837877,-0.004489047623604502,-0.0038405738018499934,0.06040337347877044,0.020467699387722398,0.029730773244956567,0.0006581859516186996,-0.008543389968470386,-0.009033691400204078,0.013753452512366874,0.006611706160495187,-0.006903991042042314,-0.019329460031073855,0.007099574060483598,-0.0031603332102394612,-0.01443781100899582,0.008604520052716828,0.007059819417296824,0.006396347065768641,-0.005887815771598078,-0.0015196244491972872,0.003106008723650187,-0.0058361448397689815,0.020467699387722398,0.028032908193454838,0.008410376689313359,-0.002913848595925047,-0.01619695986298137,-0.019788222274566482,0.0063802106937437065,0.02164770056716318,-0.020087836613928864,-0.008914818519286733,0.015138952125196042,-0.007925958864371318,-0.014061291960677031,0.004188848840530859,0.01151218359982719,0.0006115300796240038,0.0001646117104161396,-0.013749807243127346,-0.020455964805444114,0.01974499440235696,0.029730773244956567,0.008410376689313359,0.05597405335211063
