0.021124469131696515,0.004700007002666606,0.00527193671132095,-0.012984725185411798,-0.005141359880969386,0.007888739387007418,0.004070281335429016,-0.004347493202623745,0.0038994574476578477,0.005533502646628225,0.0012637842933752256,-0.009032450446458727,-0.001803363730433181,-0.0036645123928681135,0.006179255528120126,0.00988343203400916,0.0006665121460267718,-0.00587950733498405,-0.000100787400838526,-0.0041464631296818984,0.004700007002666606,0.023760514266784324,0.00817281922072522,-0.005087745527814056,-0.005993224700837339,0.01260984623998394,0.0008174025429765412,-0.011374109427514226,0.004425660018191598,0.0053304310233432736,-0.00047175066596074873,-0.006245744357255556,0.002516658582081803,-0.0007182004738664349,0.0038563848806335878,0.012629862615700808,-0.006073322646116279,-0.005903920701118971,-0.00014451416026359243,-0.011212454216325909,0.00527193671132095,0.00817281922072522,0.044842683688590436,-0.013013488979248106,-0.01299269018111902,0.010734432168405297,0.008158529480340893,-0.009257360068178507,0.004681086018098359,0.014488164110408581,-0.002671574317693935,-0.008683291694095792,-0.0013553094869419467,-0.0001245845263075995,0.00887301164028145,0.003828546278795756,-0.0003826278194768851,-0.006900377844350349,-0.006732581608251234,-0.00975538060883997,-0.012984725185411798,-0.005087745527814056,-0.013013488979248106,0.050560312287464625,0.013719678323512638,-0.010531579327835067,-0.006743385158091459,0.0007622132429126892,-0.0033801401043506347,-0.007965047435456209,0.0011612763209740045,0.008604149245952292,0.0032642450960116585,0.001191597053616822,-0.015793604127274898,-0.01094564193813123,-0.004442655027125861,0.006845309105925632,0.005257542914928285,0.0009629230330932039,-0.005141359880969386,-0.005993224700837339,-0.01299269018111902,0.013719678323512638,0.022397400734001975,-0.007907351587150837,-0.0029689387400654455,0.005379639917826468,0.0003462578855595067,-0.009236449510966213,0.0025747210879363044,0.0017998677248891662,0.001338150511337188,0.0012864555598663626,-0.009195083659481126,-0.006270572008737815,0.004850963582607008,0.0010677267667876743,0.004659613447561736,0.0030970624436991666,0.007888739387007418,0.01260984623998394,0.010734432168405297,-0.010531579327835067,-0.007907351587150837,0.02597094283266202,0.006200846341199422,-0.011342642287271568,0.005351009588248506,0.00923364222162511,-0.0004195290424778272,-0.009444118205282797,0.0011142139776827674,-0.002952603110860704,0.003624012489813707,0.017111601531272794,-0.006084649836192098,-0.009766356046840046,-0.003328099755112308,-0.01107647441924928,0.004070281335429016,0.0008174025429765412,0.008158529480340893,-0.006743385158091459,-0.0029689387400654455,0.006200846341199422,0.02608080939990913,-0.00042840037949823596,-0.0023821818715258443,0.008088132346289488,-0.006179575703920753,-0.008344700406043397,0.0026533192420301432,-0.003766407488728471,0.002707132623786534,0.007057210256127246,-0.001956975119660139,-0.005902885780872391,-0.009142303024727459,-0.004420888284993462,-0.004347493202623745,-0.011374109427514226,-0.009257360068178507,0.0007622132429126892,0.005379639917826468,-0.011342642287271568,-0.00042840037949823596,0.0344941272256785,0.00042731765156849206,-0.005280033853512945,-0.0053000445249957295,0.004842210804861174,-0.0012737095823427214,-0.0011875164486839086,-0.0021439995358171014,-0.014939214974976373,0.010066377538997525,0.0019008078446094675,-0.0032446027866302094,0.0042931286616840324,0.0038994574476578477,0.004425660018191598,0.004681086018098359,-0.0033801401043506347,0.0003462578855595067,0.005351009588248506,-0.0023821818715258443,0.00042731765156849206,0.016145212160109227,0.0018643176348992945,-0.0018264995481379917,-0.002871032400284211,0.0027335533280950968,-0.0011037873933762272,0.0009345246946648917,0.001030339776389814,-0.002692379189208891,-0.003990150802200661,-0.004630166180225706,-0.010753735507905949,0.005533502646628225,0.0053304310233432736,0.014488164110408581,-0.007965047435456209,-0.009236449510966213,0.00923364222162511,0.008088132346289488,-0.005280033853512945,0.0018643176348992945,0.02406753935862476,-0.005898289171042692,-0.00689251624517843,-0.00024792236313545744,-0.0014167097655857683,0.006855859662027921,0.010176494926314457,-0.0035949004360172794,-0.005468678753924365,-0.006496595087979427,-0.010661483079463305,0.0012637842933752256,-0.00047175066596074873,-0.002671574317693935,0.0011612763209740045,0.0025747210879363044,-0.0004195290424778272,-0.006179575703920753,-0.0053000445249957295,-0.0018264995481379917,-0.005898289171042692,0.015302216917910682,0.0004008615114692847,0.00018897538155779206,-0.0015662619589886157,-0.0019720960669255497,0.0012767650183855453,-0.0016357417988844465,0.005244735189091837,0.003200921172037425,0.003244052317125124,-0.009032450446458727,-0.006245744357255556,-0.008683291694095792,0.008604149245952292,0.0017998677248891662,-0.009444118205282797,-0.008344700406043397,0.004842210804861174,-0.002871032400284211,-0.00689251624517843,0.0004008615114692847,0.02822626182591665,-0.00535190170723218,0.004797242950175333,-0.002519736335162598,-0.012723374251290769,-0.0008331148916022599,0.007734457556473573,0.0028953595734401896,0.010258379656438865,-0.001803363730433181,0.002516658582081803,-0.0013553094869419467,0.0032642450960116585,0.001338150511337188,0.0011142139776827674,0.0026533192420301432,-0.0012737095823427214,0.0027335533280950968,-0.00024792236313545744,0.00018897538155779206,-0.00535190170723218,0.014223805157106879,0.00042224456288980693,-0.00283595763704583,0.004366125420930228,-0.0025398552409125687,-0.002002303921345353,0.0010447952799506575,-0.00489259602430113,-0.0036645123928681135,-0.0007182004738664349,-0.0001245845263075995,0.001191597053616822,0.0012864555598663626,-0.002952603110860704,-0.003766407488728471,-0.0011875164486839086,-0.0011037873933762272,-0.0014167097655857683,-0.0015662619589886157,0.004797242950175333,0.00042224456288980693,0.014978406314587599,0.003912088057964036,0.0004095237787843057,-8.999042048998696e-5,0.0011940941330504942,-0.000886357700095265,-0.0029229170020524647,0.006179255528120126,0.0038563848806335878,0.00887301164028145,-0.015793604127274898,-0.009195083659481126,0.003624012489813707,0.002707132623786534,-0.0021439995358171014,0.0009345246946648917,0.006855859662027921,-0.0019720960669255497,-0.002519736335162598,-0.00283595763704583,0.003912088057964036,0.024505547343145605,0.008189928011244723,-0.0010424185305834136,-0.0035309805913715563,0.00013290170684986536,-0.0072858579328966885,0.00988343203400916,0.012629862615700808,0.003828546278795756,-0.01094564193813123,-0.006270572008737815,0.017111601531272794,0.007057210256127246,-0.014939214974976373,0.001030339776389814,0.010176494926314457,0.0012767650183855453,-0.012723374251290769,0.004366125420930228,0.0004095237787843057,0.008189928011244723,0.040016233115200396,-0.010526798335404298,-0.010969536063320745,-0.0012679861081187102,-0.01786824325308066,0.0006665121460267718,-0.006073322646116279,-0.0003826278194768851,-0.004442655027125861,0.004850963582607008,-0.006084649836192098,-0.001956975119660139,0.010066377538997525,-0.002692379189208891,-0.0035949004360172794,-0.0016357417988844465,-0.0008331148916022599,-0.0025398552409125687,-8.999042048998696e-5,-0.0010424185305834136,-0.010526798335404298,0.025135269927377017,0.0014811432958747742,-0.0017606387439604524,0.0076657614402838,-0.00587950733498405,-0.005903920701118971,-0.006900377844350349,0.006845309105925632,0.0010677267667876743,-0.009766356046840046,-0.005902885780872391,0.0019008078446094675,-0.003990150802200661,-0.005468678753924365,0.005244735189091837,0.007734457556473573,-0.002002303921345353,0.0011940941330504942,-0.0035309805913715563,-0.010969536063320745,0.0014811432958747742,0.026084107656671306,0.005434927927991877,0.01248877645455362,-0.000100787400838526,-0.00014451416026359243,-0.006732581608251234,0.005257542914928285,0.004659613447561736,-0.003328099755112308,-0.009142303024727459,-0.0032446027866302094,-0.004630166180225706,-0.006496595087979427,0.003200921172037425,0.0028953595734401896,0.0010447952799506575,-0.000886357700095265,0.00013290170684986536,-0.0012679861081187102,-0.0017606387439604524,0.005434927927991877,0.01358206679918731,0.004300099858542286,-0.0041464631296818984,-0.011212454216325909,-0.00975538060883997,0.0009629230330932039,0.0030970624436991666,-0.01107647441924928,-0.004420888284993462,0.0042931286616840324,-0.010753735507905949,-0.010661483079463305,0.003244052317125124,0.010258379656438865,-0.00489259602430113,-0.0029229170020524647,-0.0072858579328966885,-0.01786824325308066,0.0076657614402838,0.01248877645455362,0.004300099858542286,0.04067601530944499
