0.062460161228106485,0.016302064175737423,-0.00982168318953962,0.0039028319486880073,-0.0018050901808246067,0.00646376488449367,0.00394058445293049,0.001441828255846368,-0.01334117829357577,0.003807231405484498,0.009797261167641798,-0.0019852424524130644,0.016926317800409343,0.019719282888073945,0.006574851855175805,-0.0036296900413196687,0.009762769252949013,-0.0018962572553168594,-0.016314981218178284,-0.0001153508944078457,0.016302064175737423,0.04826756569448677,-0.02341059707305964,-0.005479686742955882,-0.01597629776233389,-0.02343472193178061,0.001794910882477574,0.03343583660477685,-0.004066403382455427,-0.00502776879687334,0.01909427468420237,-0.013463313220254635,0.013747846730993205,0.009495481608822848,-0.023399524281773578,-0.008195823026017329,-0.01127517282582694,0.024379622357603138,0.0041154882089566355,0.010759042750077653,-0.00982168318953962,-0.02341059707305964,0.06818833851893226,0.04925960189467568,0.00875934083023897,0.06182546670085,-0.02258419254612061,-0.032991611708421756,-0.005712869786539772,-0.0006282792270350882,-0.043745330072482894,0.018885199428845072,-0.011618614141120379,0.004129456706802294,0.001009994572208729,-0.007011112443280937,0.054821570360362726,-0.03099756029137652,0.0035107818321750907,0.003164147903617209,0.0039028319486880073,-0.005479686742955882,0.04925960189467568,0.08543195869249025,-0.004897945542717889,0.05933322614638132,-0.018383339543034883,-0.020003233687720334,-0.011640769277620016,0.013270962886065234,-0.03296825618541345,0.012244349821171414,0.003188110176456445,0.008530511396409871,-0.0226047709219064,-0.01211057502169767,0.05039200713068682,-0.023484462463892318,0.004778933781177545,0.021670092206263664,-0.0018050901808246067,-0.01597629776233389,0.00875934083023897,-0.004897945542717889,0.05220058065405351,-0.0016597369447435696,-0.00966598281881277,-0.023986959892223273,0.008034375923835388,0.011651596925247676,0.014265458612901906,0.018092864649771688,-0.03115840112064467,-0.007199525882103953,0.0055564629313459134,0.010311551748688186,-9.581887511835702e-5,-0.005196127890820683,-0.010380628835198701,-0.003971300669921659,0.00646376488449367,-0.02343472193178061,0.06182546670085,0.05933322614638132,-0.0016597369447435696,0.1135788481950883,-0.019678898381977013,-0.05620637600579964,-0.012664392127877707,0.0063906185162405085,-0.05015418758047113,0.022812110250762622,-0.006225660861765981,0.01024196034168685,0.012328567434689047,-0.014699312669038078,0.06977309651418603,-0.02662171558534858,-0.013478722531609245,0.007747198326531576,0.00394058445293049,0.001794910882477574,-0.02258419254612061,-0.018383339543034883,-0.00966598281881277,-0.019678898381977013,0.04134047036775147,0.013239196981510201,0.010254526075253536,0.002054157112924457,0.003256762253620309,-0.010318153413222744,0.027310510280694568,-0.008169401616265018,0.009334426100292857,0.006138352040089576,-0.02453538188727792,0.008597507798721484,0.0020015537073063494,-0.008709679263293243,0.001441828255846368,0.03343583660477685,-0.032991611708421756,-0.020003233687720334,-0.023986959892223273,-0.05620637600579964,0.013239196981510201,0.08647705760018218,0.0024128919658281023,-0.017497052816206282,0.02847269112128277,-0.0283227180354445,0.023008819864626766,0.0014088117795886753,-0.009963561447798919,-0.0023642322254490275,-0.035262637154790596,0.03044765673762802,0.00464379584715396,0.017651693330710344,-0.01334117829357577,-0.004066403382455427,-0.005712869786539772,-0.011640769277620016,0.008034375923835388,-0.012664392127877707,0.010254526075253536,0.0024128919658281023,0.031171223800732263,0.00816837100043912,0.0023878466253719668,-0.0015940568771699633,0.0005570615645408637,-0.014160673285496821,0.003727735253638285,-0.0010963752978340518,-0.0059469384990684816,-0.01261285731091847,0.006931716196391915,-0.00682460697687753,0.003807231405484498,-0.00502776879687334,-0.0006282792270350882,0.013270962886065234,0.011651596925247676,0.0063906185162405085,0.002054157112924457,-0.017497052816206282,0.00816837100043912,0.04623514023677524,0.0014567067247079632,0.0059565848376621384,-0.009368107574601468,-0.017724739884531545,0.0006190309614032777,-0.0072743007167475615,-0.004880393207415519,-0.014842164808339641,-0.0044024692085637245,0.005214119773560033,0.009797261167641798,0.01909427468420237,-0.043745330072482894,-0.03296825618541345,0.014265458612901906,-0.05015418758047113,0.003256762253620309,0.02847269112128277,0.0023878466253719668,0.0014567067247079632,0.06333030646072087,-0.007781017423434353,-0.004381054732914654,5.81381013217862e-6,-0.005551180957283439,0.009927046105827616,-0.041131285827117336,0.03651682279060122,-0.011806688731092746,0.011052801999521347,-0.0019852424524130644,-0.013463313220254635,0.018885199428845072,0.012244349821171414,0.018092864649771688,0.022812110250762622,-0.010318153413222744,-0.0283227180354445,-0.0015940568771699633,0.0059565848376621384,-0.007781017423434353,0.02595141932561669,-0.017440004657946234,0.0005409294193688785,0.0010474213139569622,-0.0007858988590111671,0.016485031745574724,-0.009369360192540099,-0.0033345375906170768,-0.004127306657887511,0.016926317800409343,0.013747846730993205,-0.011618614141120379,0.003188110176456445,-0.03115840112064467,-0.006225660861765981,0.027310510280694568,0.023008819864626766,0.0005570615645408637,-0.009368107574601468,-0.004381054732914654,-0.017440004657946234,0.06047539780719211,0.009747705220555326,-0.004706109827435748,-0.00014795456205297214,-0.004402935117852726,0.008569436946912062,4.078997124756995e-5,0.006172158263328186,0.019719282888073945,0.009495481608822848,0.004129456706802294,0.008530511396409871,-0.007199525882103953,0.01024196034168685,-0.008169401616265018,0.0014088117795886753,-0.014160673285496821,-0.017724739884531545,5.81381013217862e-6,0.0005409294193688785,0.009747705220555326,0.041371537442089046,-0.004083528206894718,0.005063249162308405,0.023346704485194734,0.0043920336167582105,0.004396950696888707,0.0013118992575851625,0.006574851855175805,-0.023399524281773578,0.001009994572208729,-0.0226047709219064,0.0055564629313459134,0.012328567434689047,0.009334426100292857,-0.009963561447798919,0.003727735253638285,0.0006190309614032777,-0.005551180957283439,0.0010474213139569622,-0.004706109827435748,-0.004083528206894718,0.057117142818384925,0.004596825276695421,-7.622869454833705e-5,-0.01263245741059087,-0.01586288560759126,-0.013338245569606916,-0.0036296900413196687,-0.008195823026017329,-0.007011112443280937,-0.01211057502169767,0.010311551748688186,-0.014699312669038078,0.006138352040089576,-0.0023642322254490275,-0.0010963752978340518,-0.0072743007167475615,0.009927046105827616,-0.0007858988590111671,-0.00014795456205297214,0.005063249162308405,0.004596825276695421,0.02690226480025586,-0.01430863411291686,0.011111365141666033,-0.005265468155777718,-0.004195419956402905,0.009762769252949013,-0.01127517282582694,0.054821570360362726,0.05039200713068682,-9.581887511835702e-5,0.06977309651418603,-0.02453538188727792,-0.035262637154790596,-0.0059469384990684816,-0.004880393207415519,-0.041131285827117336,0.016485031745574724,-0.004402935117852726,0.023346704485194734,-7.622869454833705e-5,-0.01430863411291686,0.08387268297560924,-0.03802542828100146,0.0052600816355499,0.005739445314938772,-0.0018962572553168594,0.024379622357603138,-0.03099756029137652,-0.023484462463892318,-0.005196127890820683,-0.02662171558534858,0.008597507798721484,0.03044765673762802,-0.01261285731091847,-0.014842164808339641,0.03651682279060122,-0.009369360192540099,0.008569436946912062,0.0043920336167582105,-0.01263245741059087,0.011111365141666033,-0.03802542828100146,0.09233228382441236,-0.010341868700753865,0.025177179428017123,-0.016314981218178284,0.0041154882089566355,0.0035107818321750907,0.004778933781177545,-0.010380628835198701,-0.013478722531609245,0.0020015537073063494,0.00464379584715396,0.006931716196391915,-0.0044024692085637245,-0.011806688731092746,-0.0033345375906170768,4.078997124756995e-5,0.004396950696888707,-0.01586288560759126,-0.005265468155777718,0.0052600816355499,-0.010341868700753865,0.0305033984728066,0.000976125015149912,-0.0001153508944078457,0.010759042750077653,0.003164147903617209,0.021670092206263664,-0.003971300669921659,0.007747198326531576,-0.008709679263293243,0.017651693330710344,-0.00682460697687753,0.005214119773560033,0.011052801999521347,-0.004127306657887511,0.006172158263328186,0.0013118992575851625,-0.013338245569606916,-0.004195419956402905,0.005739445314938772,0.025177179428017123,0.000976125015149912,0.04017529430269931
0.10974883345999975,-0.003414520441175324,0.009561101635062994,-0.02639508864375966,-0.01753414817903874,-0.0013557243367877023,-0.005659047520508298,0.006615341509309685,-0.035987459200867315,-0.0024527313999487175,0.022236066897208417,-0.006164560521232555,0.012382138135074309,0.04065238694690075,0.07243815782770084,0.00979043405376654,-0.01341966500491364,-0.059848494089885754,-0.024453733386387427,-0.032941020529187404,-0.003414520441175324,0.0503462770693114,-0.005485768370818663,0.01539110594943682,-0.007395979009731919,-0.024080968418281248,-0.008597511981731948,0.026694843796686272,-0.007826608947038276,-0.006081768536618985,0.015982051741532544,0.0006260669699938066,-0.001734148894484322,0.003130669579397234,-0.033283972886399164,-0.017261457415654928,0.004991877657672415,0.007412827618621666,0.010830042812569322,0.006754012075923217,0.009561101635062994,-0.005485768370818663,0.060730653865708195,-0.006289595541129674,-0.003759099202754943,0.02475871406449035,-0.023120151264279347,-0.0006144902662716073,-0.006901198045287929,8.730360285453929e-5,0.001508160777655019,0.00037840989674417774,-0.020283250570430185,0.006100394588409774,0.02743258444270774,-0.0004614282958805198,0.013700547891110849,-0.015278419666502308,-0.013855427759736527,-0.02209685728978024,-0.02639508864375966,0.01539110594943682,-0.006289595541129674,0.04402090189927021,-0.00017956220476444756,-0.01951814575370408,-0.0067969323175841485,0.021478114149926827,0.008587631972319511,0.0026761220381355355,0.0023146701471024574,0.01663773455379946,-0.0027308275683948884,-0.010922487516569284,-0.03383697914098455,-0.010541970929307169,-0.0015081701542249823,0.00885553268029477,0.011299872392913562,0.015927480382952962,-0.01753414817903874,-0.007395979009731919,-0.003759099202754943,-0.00017956220476444756,0.04068585546838643,-0.01841389030121037,-0.005963528136342144,-0.015887375660097725,0.000410871770970633,0.010284065427875827,-0.007745796060255583,0.011900695916646144,-0.004424925351682195,0.0036972108098778005,-0.019171564977111144,0.007809010731027369,-0.000473560621711121,0.02256889357185989,-0.00088483123296101,0.009602124567536355,-0.0013557243367877023,-0.024080968418281248,0.02475871406449035,-0.01951814575370408,-0.01841389030121037,0.08049349015682439,0.0225536238349753,-0.008521326578241563,0.018294129955658087,-0.01469246993853367,-0.01722960583090393,-0.01877883315899733,-0.0012927726275869175,-0.021369882964774146,0.04332992641955924,0.009830678934079112,0.00794415877201484,-0.01771471985979861,-0.01156476619479097,-0.005110474554320151,-0.005659047520508298,-0.008597511981731948,-0.023120151264279347,-0.0067969323175841485,-0.005963528136342144,0.0225536238349753,0.0440626021472744,-0.010258297138996583,0.01636875899750158,-0.003902250220002181,-0.0065820443847461624,-0.007681101683584241,0.01836514083187977,-0.018680885872251255,-0.00010814638815658494,0.013797829607073361,-0.007317612197856994,0.0016208036608466913,0.008769553064354308,0.009794458708257497,0.006615341509309685,0.026694843796686272,-0.0006144902662716073,0.021478114149926827,-0.015887375660097725,-0.008521326578241563,-0.010258297138996583,0.05685100536024745,-0.006426243735940319,-0.0024937611468399843,0.014935368091279674,0.0011362566160328356,-0.005794613091859347,-0.0009012823518309938,-0.01480235487894264,-0.016399702644236208,0.00037077630683885333,-0.003372455190259507,-0.0004151726632024027,0.010932009800145614,-0.035987459200867315,-0.007826608947038276,-0.006901198045287929,0.008587631972319511,0.000410871770970633,0.018294129955658087,0.01636875899750158,-0.006426243735940319,0.041606426579997274,4.444875252178121e-6,-0.013044712547138328,-0.004542803936582445,0.006304667812244726,-0.025192177393659896,-0.01261708705249788,0.003769934956945386,0.0049571054629448,0.011855916791613005,0.014617168973281969,0.018783501723094245,-0.0024527313999487175,-0.006081768536618985,8.730360285453929e-5,0.0026761220381355355,0.010284065427875827,-0.01469246993853367,-0.003902250220002181,-0.0024937611468399843,4.444875252178121e-6,0.02709439918588474,0.0012805347805985158,0.004215282218216036,-0.002067599470190628,9.530031438481697e-5,0.0010852919072983649,0.0024020792635934254,-0.006059359076663391,-5.221474317054447e-5,-0.004917210991255236,-0.0009698090418627036,0.022236066897208417,0.015982051741532544,0.001508160777655019,0.0023146701471024574,-0.007745796060255583,-0.01722960583090393,-0.0065820443847461624,0.014935368091279674,-0.013044712547138328,0.0012805347805985158,0.030152163810820167,-0.0007036687571107798,-0.0038777046349912194,0.011743759992804002,-0.0013963200841206392,0.0007598429196714615,-0.0029509128641861905,-0.007618252628094215,-0.0011860907883484524,-0.0028681053539341755,-0.006164560521232555,0.0006260669699938066,0.00037840989674417774,0.01663773455379946,0.011900695916646144,-0.01877883315899733,-0.007681101683584241,0.0011362566160328356,-0.004542803936582445,0.004215282218216036,-0.0007036687571107798,0.03454608510780756,-0.0030727725377939783,0.0032699704100870395,-0.020024386507360728,0.0008081045173008051,-0.0067214398690024855,0.00423942067175679,0.0028537162255813857,0.001148709175849789,0.012382138135074309,-0.001734148894484322,-0.020283250570430185,-0.0027308275683948884,-0.004424925351682195,-0.0012927726275869175,0.01836514083187977,-0.005794613091859347,0.006304667812244726,-0.002067599470190628,-0.0038777046349912194,-0.0030727725377939783,0.03389388594036892,-0.005826395063299477,0.0010339115935231245,0.003011595160440242,-0.013346654647670295,-0.010998240233002592,-0.0015816688352293896,0.0011301832350968,0.04065238694690075,0.003130669579397234,0.006100394588409774,-0.010922487516569284,0.0036972108098778005,-0.021369882964774146,-0.018680885872251255,-0.0009012823518309938,-0.025192177393659896,9.530031438481697e-5,0.011743759992804002,0.0032699704100870395,-0.005826395063299477,0.05590112834616512,0.02475880584172023,0.005502437961149325,0.004370302146948024,-0.004862492405091294,-0.007372246574640608,-0.024121438047804096,0.07243815782770084,-0.033283972886399164,0.02743258444270774,-0.03383697914098455,-0.019171564977111144,0.04332992641955924,-0.00010814638815658494,-0.01480235487894264,-0.01261708705249788,0.0010852919072983649,-0.0013963200841206392,-0.020024386507360728,0.0010339115935231245,0.02475880584172023,0.12747449070040603,0.013869154853453084,-0.003787987521293139,-0.05802837928470042,-0.030572568951499023,-0.0371170600926605,0.00979043405376654,-0.017261457415654928,-0.0004614282958805198,-0.010541970929307169,0.007809010731027369,0.009830678934079112,0.013797829607073361,-0.016399702644236208,0.003769934956945386,0.0024020792635934254,0.0007598429196714615,0.0008081045173008051,0.003011595160440242,0.005502437961149325,0.013869154853453084,0.0363957387079882,-0.007458451756668763,-0.0035443556813335724,-0.0028186392679295266,0.0033183321650177523,-0.01341966500491364,0.004991877657672415,0.013700547891110849,-0.0015081701542249823,-0.000473560621711121,0.00794415877201484,-0.007317612197856994,0.00037077630683885333,0.0049571054629448,-0.006059359076663391,-0.0029509128641861905,-0.0067214398690024855,-0.013346654647670295,0.004370302146948024,-0.003787987521293139,-0.007458451756668763,0.03186992032930211,0.012622805967400858,-0.00014498541759273322,-0.0027593080440504337,-0.059848494089885754,0.007412827618621666,-0.015278419666502308,0.00885553268029477,0.02256889357185989,-0.01771471985979861,0.0016208036608466913,-0.003372455190259507,0.011855916791613005,-5.221474317054447e-5,-0.007618252628094215,0.00423942067175679,-0.010998240233002592,-0.004862492405091294,-0.05802837928470042,-0.0035443556813335724,0.012622805967400858,0.0765001274135838,0.012199915820368706,0.023491874563760465,-0.024453733386387427,0.010830042812569322,-0.013855427759736527,0.011299872392913562,-0.00088483123296101,-0.01156476619479097,0.008769553064354308,-0.0004151726632024027,0.014617168973281969,-0.004917210991255236,-0.0011860907883484524,0.0028537162255813857,-0.0015816688352293896,-0.007372246574640608,-0.030572568951499023,-0.0028186392679295266,-0.00014498541759273322,0.012199915820368706,0.03286578492417847,0.022559945294542815,-0.032941020529187404,0.006754012075923217,-0.02209685728978024,0.015927480382952962,0.009602124567536355,-0.005110474554320151,0.009794458708257497,0.010932009800145614,0.018783501723094245,-0.0009698090418627036,-0.0028681053539341755,0.001148709175849789,0.0011301832350968,-0.024121438047804096,-0.0371170600926605,0.0033183321650177523,-0.0027593080440504337,0.023491874563760465,0.022559945294542815,0.043602123765209014
0.13922669519890032,0.024653816535493207,0.028659020226881507,0.018911538552245182,-0.00385717410586036,0.050327893705493884,-0.0030731438352529596,-0.020726824310352554,-0.05291689520183285,-0.014267625006764541,0.03058343895761814,-0.028113979109729285,0.026566447759994602,0.0676016871917571,0.049785560972295126,0.011951725883750675,-0.022288086487971974,-0.012675374149138174,-0.04841298334782354,-0.0351845125440477,0.024653816535493207,0.11864812299656918,0.018573920735543616,0.05259068946386984,-0.007051528267834336,0.055550321996854626,0.003343153115380023,-0.0005769090699270403,-0.008105767888584832,-0.05411685220629788,0.029556023367593963,-0.01906178626112679,0.07145788340024836,0.024624402467779666,-0.058743669622798464,-0.017284008006094594,-0.023239261805843292,0.05654244685554972,-0.03113119946854805,-0.001258307805830444,0.028659020226881507,0.018573920735543616,0.05029751736502793,0.020839257648705034,-0.009422971014930072,0.02016517546216022,-0.03310366240666022,-0.002105757695525339,-0.03414968557636523,0.0013416730934500418,-0.004821001517256748,0.023227916677573332,-0.019318881513915788,-0.014332581833553513,0.013555790701075666,-0.004557653186448991,0.004009225967880472,0.004680570769787382,-0.028615061439717922,0.0029431023190182705,0.018911538552245182,0.05259068946386984,0.020839257648705034,0.0600833282124707,-0.020350911651556378,0.028130620271164128,-0.013347181480394483,0.002569330077051812,0.005049720681607816,-0.0008448526772393394,0.018774884645827782,-0.007811459057922122,0.014999100764866217,0.0019849272668869596,-0.02775419145827087,-0.014419479346494998,-0.008331896018975101,0.017759328034750995,-0.010054912295985922,0.013073888150391469,-0.00385717410586036,-0.007051528267834336,-0.009422971014930072,-0.020350911651556378,0.06313854292294771,0.015513120744421571,0.07584884202653944,-0.025575095631268967,-0.0013060295913603667,-0.024659645239552073,0.003695936009965246,-0.0366325872955674,0.06765122871596763,0.04372494447766655,0.004880112480413102,-0.017258921129209147,0.003251128041191488,0.027651597435443827,0.0022168960028111253,-0.019765129973872017,0.050327893705493884,0.055550321996854626,0.02016517546216022,0.028130620271164128,0.015513120744421571,0.10284692506991468,0.0672915657009342,-0.015968877682707452,0.0021485361790084248,-0.06640586003575889,0.026212070879648663,-0.0550423641841732,0.12336387781293806,0.05120833243286335,-0.016138630076064756,-0.02326617673943237,-0.016594420044800752,0.03677849753447644,-0.03943080417505761,-0.02392504007681975,-0.0030731438352529596,0.003343153115380023,-0.03310366240666022,-0.013347181480394483,0.07584884202653944,0.0672915657009342,0.1815102074127219,-0.03691876271034112,0.04055738382640521,-0.06204500803029247,0.02619033601034416,-0.10647913673830335,0.18832777440843051,0.08381275476437235,-0.014461036831693704,-0.04311133990868688,-0.0015356741782978284,0.04325157736453856,0.008798487119707796,-0.04513025129168591,-0.020726824310352554,-0.0005769090699270403,-0.002105757695525339,0.002569330077051812,-0.025575095631268967,-0.015968877682707452,-0.03691876271034112,0.056032239967612696,0.0029590918795081465,0.009184042733978211,-0.0035978615266111184,0.02242463271644207,-0.022698133145036645,-0.03402953158306616,-0.014966323872488065,0.006738568838271287,0.00044430271859117706,-0.028259024439247132,-0.005204131028833703,0.024670495609199573,-0.05291689520183285,-0.008105767888584832,-0.03414968557636523,0.005049720681607816,-0.0013060295913603667,0.0021485361790084248,0.04055738382640521,0.0029590918795081465,0.08544076009978267,0.0019790723275361737,0.0009171246942245807,-0.02796858250218924,0.04656627387368818,-0.008273599100938042,-0.04635470470206446,-0.01566440496767706,-0.004780908946210278,-0.0008491160856353466,0.04307516558083424,0.0113200043326116,-0.014267625006764541,-0.05411685220629788,0.0013416730934500418,-0.0008448526772393394,-0.024659645239552073,-0.06640586003575889,-0.06204500803029247,0.009184042733978211,0.0019790723275361737,0.09537176402494994,-0.020100891691766383,0.04164569206290726,-0.11775856026167113,-0.04150938175400728,0.033030616599062555,0.015220893417842848,0.014846050157381826,-0.03992382601698695,0.03179458141115395,0.03160797347749194,0.03058343895761814,0.029556023367593963,-0.004821001517256748,0.018774884645827782,0.003695936009965246,0.026212070879648663,0.02619033601034416,-0.0035978615266111184,0.0009171246942245807,-0.020100891691766383,0.032957163609679895,-0.03111180295795269,0.04499870008149395,0.03671949537834964,-0.01359489238235354,-0.000148712742134315,-0.011906591018697447,0.012714956265024687,-0.006797921092168844,-0.006703091016536283,-0.028113979109729285,-0.01906178626112679,0.023227916677573332,-0.007811459057922122,-0.0366325872955674,-0.0550423641841732,-0.10647913673830335,0.02242463271644207,-0.02796858250218924,0.04164569206290726,-0.03111180295795269,0.1034727291058698,-0.12926952692990934,-0.07051795197267297,0.0044726884352148406,0.033794566199302475,0.0076605289743863405,-0.02417236830656473,0.0026313182615005067,0.03625844258933934,0.026566447759994602,0.07145788340024836,-0.019318881513915788,0.014999100764866217,0.06765122871596763,0.12336387781293806,0.18832777440843051,-0.022698133145036645,0.04656627387368818,-0.11775856026167113,0.04499870008149395,-0.12926952692990934,0.28688670556708895,0.10776495575981186,-0.05736024919824664,-0.055441093780058584,-0.02171922379604453,0.0645618894529699,-0.02740271758852863,-0.05013728647919655,0.0676016871917571,0.024624402467779666,-0.014332581833553513,0.0019849272668869596,0.04372494447766655,0.05120833243286335,0.08381275476437235,-0.03402953158306616,-0.008273599100938042,-0.04150938175400728,0.03671949537834964,-0.07051795197267297,0.10776495575981186,0.1164078256501408,0.014313122459492445,-0.00657448497370624,-0.01319541062121231,0.03685866104936582,-0.004216151075220839,-0.03435756163063987,0.049785560972295126,-0.058743669622798464,0.013555790701075666,-0.02775419145827087,0.004880112480413102,-0.016138630076064756,-0.014461036831693704,-0.014966323872488065,-0.04635470470206446,0.033030616599062555,-0.01359489238235354,0.0044726884352148406,-0.05736024919824664,0.014313122459492445,0.10121724376155324,0.015553867947351372,0.01958229685169532,-0.029358875292925295,-0.017645211507181277,-0.020665659720895527,0.011951725883750675,-0.017284008006094594,-0.004557653186448991,-0.014419479346494998,-0.017258921129209147,-0.02326617673943237,-0.04311133990868688,0.006738568838271287,-0.01566440496767706,0.015220893417842848,-0.000148712742134315,0.033794566199302475,-0.055441093780058584,-0.00657448497370624,0.015553867947351372,0.045516434608533794,-0.005480446892934648,-0.01854212701651413,-1.0030372669004445e-5,0.010428605921255881,-0.022288086487971974,-0.023239261805843292,0.004009225967880472,-0.008331896018975101,0.003251128041191488,-0.016594420044800752,-0.0015356741782978284,0.00044430271859117706,-0.004780908946210278,0.014846050157381826,-0.011906591018697447,0.0076605289743863405,-0.02171922379604453,-0.01319541062121231,0.01958229685169532,-0.005480446892934648,0.03353799601882635,0.003616993659763228,0.0037983829472556675,0.00947697822852154,-0.012675374149138174,0.05654244685554972,0.004680570769787382,0.017759328034750995,0.027651597435443827,0.03677849753447644,0.04325157736453856,-0.028259024439247132,-0.0008491160856353466,-0.03992382601698695,0.012714956265024687,-0.02417236830656473,0.0645618894529699,0.03685866104936582,-0.029358875292925295,-0.01854212701651413,0.003616993659763228,0.08961313063008289,-0.005671772330114028,0.006881629852247444,-0.04841298334782354,-0.03113119946854805,-0.028615061439717922,-0.010054912295985922,0.0022168960028111253,-0.03943080417505761,0.008798487119707796,-0.005204131028833703,0.04307516558083424,0.03179458141115395,-0.006797921092168844,0.0026313182615005067,-0.02740271758852863,-0.004216151075220839,-0.017645211507181277,-1.0030372669004445e-5,0.0037983829472556675,-0.005671772330114028,0.06136248976796815,0.020917159411661324,-0.0351845125440477,-0.001258307805830444,0.0029431023190182705,0.013073888150391469,-0.019765129973872017,-0.02392504007681975,-0.04513025129168591,0.024670495609199573,0.0113200043326116,0.03160797347749194,-0.006703091016536283,0.03625844258933934,-0.05013728647919655,-0.03435756163063987,-0.020665659720895527,0.010428605921255881,0.00947697822852154,0.006881629852247444,0.020917159411661324,0.054542585104357874
