0.01800438118606411,0.0024248872891023078,0.007882671938821953,0.006475075678892276,0.0051061181602173825,0.0064260597938435755,-0.0068942401347925845,-0.0034513553865981586,0.014273756616857454,0.001570195353839587,0.004091879753157138,0.004854261314822782,0.00512956271609904,0.006670722215152684,0.00478091811973398,-0.004349855594509726,-0.007691928588765811,-0.0013561346252830573,-0.004946543616345236,-0.0068785279440621286,0.0024248872891023078,0.060024809682462495,0.04575049476721133,-0.005372639836379155,-0.02367039921253823,-0.0007697975691358942,0.014269897157433976,0.007066584628605007,-0.04092286976988912,0.006129666806598431,0.0029703829459945597,-0.025054894826791442,-0.003545650460469296,-0.03187814843018173,-0.02023335146953237,-0.02439757101716053,-0.01328762677444403,-0.011307669679234265,0.03972841703796823,-0.008147761145566187,0.007882671938821953,0.04575049476721133,0.09710421083948853,0.008812782442749495,-0.02985570368438787,0.00524871448975682,0.035641654712940576,0.0011888483530344545,-0.05727956624622538,0.01724536963345987,-0.009193079737156828,-0.028365669535144293,0.02204222642185629,-0.03907854773954797,-0.020313812971127096,-0.02901176408182105,-0.004610893310065695,-0.0228381968848807,0.06759982107317544,-0.027907847021451625,0.006475075678892276,-0.005372639836379155,0.008812782442749495,0.03025105480051265,-0.009842693942073101,0.0058400580118653225,-0.004028246602952932,-0.010674418510539933,0.009728600106806927,0.005942342797739122,-0.010988879226742933,-0.008833218441999333,0.02075339453029244,-0.0002034445178761351,-0.010404664146284888,0.001669744076008507,0.003415474674325928,0.0007117921197999145,0.006263010104612924,-0.01615684091359456,0.0051061181602173825,-0.02367039921253823,-0.02985570368438787,-0.009842693942073101,0.05057107526141881,-0.0015060836767963246,0.009004978896845987,9.982049011459087e-5,0.028231753997992957,0.000563012692147773,0.01013292214191361,0.03140625960285477,-0.005247523374673842,0.018632696996558736,0.008022743036246983,0.009723473878221893,0.0036372855726282288,0.012295011263603911,-0.037270494418663966,-0.004779528904459309,0.0064260597938435755,-0.0007697975691358942,0.00524871448975682,0.0058400580118653225,-0.0015060836767963246,0.023150636186677117,0.000711722122331454,-0.0027137603643155265,0.002259489011248263,-0.006470429044867337,0.0002145049962596295,0.0008408648446072264,0.007002766982930096,-0.002400506798113198,-0.012481431075151463,0.005440748900322211,0.009824345456940364,-0.002374910333497438,0.0007304629982277493,-0.005046672842064276,-0.0068942401347925845,0.014269897157433976,0.035641654712940576,-0.004028246602952932,0.009004978896845987,0.000711722122331454,0.10672919754927743,0.031874932344155685,-0.06294995745817891,-0.002864901577510367,0.005177496455667853,0.006856751357576553,0.010583801408782553,-0.017110165175111786,-0.006477052500801618,-0.006416395787401088,0.02307982374321187,-0.028232584446164798,0.03275993867094038,-0.023395611255388533,-0.0034513553865981586,0.007066584628605007,0.0011888483530344545,-0.010674418510539933,9.982049011459087e-5,-0.0027137603643155265,0.031874932344155685,0.04975818311880893,-0.02516019703375283,-0.02893185862420012,0.002602343517496036,0.005994947233518449,-0.010538717458712448,-0.0008223200852900876,0.005140545640410173,0.00509486816661074,0.010014529402416417,-0.02607649266314358,0.0076766389099915885,-0.0021107418130422995,0.014273756616857454,-0.04092286976988912,-0.05727956624622538,0.009728600106806927,0.028231753997992957,0.002259489011248263,-0.06294995745817891,-0.02516019703375283,0.12775611854683594,-0.009629305285594303,0.015323673233251628,0.03240608304994805,0.006078940446577056,0.04493998342726051,0.008841707131494791,0.011044305941601815,-0.022752187148590862,0.011205797144577395,-0.06476277764529459,0.007851739439302195,0.001570195353839587,0.006129666806598431,0.01724536963345987,0.005942342797739122,0.000563012692147773,-0.006470429044867337,-0.002864901577510367,-0.02893185862420012,-0.009629305285594303,0.0575441841184442,-0.014090953324129164,-0.013848584609905042,0.0004881864260729942,-0.003959063553103618,0.00037825004958450025,-0.013974634588050764,-0.006760230530609179,0.02941017634767762,0.02036580024114195,-0.007645709842900533,0.004091879753157138,0.0029703829459945597,-0.009193079737156828,-0.010988879226742933,0.01013292214191361,0.0002145049962596295,0.005177496455667853,0.002602343517496036,0.015323673233251628,-0.014090953324129164,0.04634142954607482,0.01456784999146023,-0.0005311635650104695,0.007321369893787734,0.0019937823821551967,-0.006485549053653476,-0.005460414052430182,-0.01242825652467244,-0.016126026964991644,0.007727405430351352,0.004854261314822782,-0.025054894826791442,-0.028365669535144293,-0.008833218441999333,0.03140625960285477,0.0008408648446072264,0.006856751357576553,0.005994947233518449,0.03240608304994805,-0.013848584609905042,0.01456784999146023,0.062014088341090984,0.0034551425304636778,0.016921221465778864,0.00786969917443928,0.013292917348608737,-0.0022797137687027924,0.006135376455823115,-0.035003563271260765,-0.003886694350188098,0.00512956271609904,-0.003545650460469296,0.02204222642185629,0.02075339453029244,-0.005247523374673842,0.007002766982930096,0.010583801408782553,-0.010538717458712448,0.006078940446577056,0.0004881864260729942,-0.0005311635650104695,0.0034551425304636778,0.06295194526346735,-0.0006136685259773974,0.0020205089483897997,-0.0045200632276650625,0.0112917023440537,-0.005691393871385224,0.0027124011160316467,-0.022870781871749794,0.006670722215152684,-0.03187814843018173,-0.03907854773954797,-0.0002034445178761351,0.018632696996558736,-0.002400506798113198,-0.017110165175111786,-0.0008223200852900876,0.04493998342726051,-0.003959063553103618,0.007321369893787734,0.016921221465778864,-0.0006136685259773974,0.057697817749195655,0.020979371156928495,0.0159620622908654,-0.0033279513275413404,0.01370230315848829,-0.027835061009026343,0.008610498166495853,0.00478091811973398,-0.02023335146953237,-0.020313812971127096,-0.010404664146284888,0.008022743036246983,-0.012481431075151463,-0.006477052500801618,0.005140545640410173,0.008841707131494791,0.00037825004958450025,0.0019937823821551967,0.00786969917443928,0.0020205089483897997,0.020979371156928495,0.052157449973772946,0.0034857118359081394,0.0027858375005158026,0.004330489490225209,-0.010324093906181294,0.005190483021609416,-0.004349855594509726,-0.02439757101716053,-0.02901176408182105,0.001669744076008507,0.009723473878221893,0.005440748900322211,-0.006416395787401088,0.00509486816661074,0.011044305941601815,-0.013974634588050764,-0.006485549053653476,0.013292917348608737,-0.0045200632276650625,0.0159620622908654,0.0034857118359081394,0.03696801895435131,0.008695477376283591,0.00840590653789355,-0.016014205471046643,0.01052194263654638,-0.007691928588765811,-0.01328762677444403,-0.004610893310065695,0.003415474674325928,0.0036372855726282288,0.009824345456940364,0.02307982374321187,0.010014529402416417,-0.022752187148590862,-0.006760230530609179,-0.005460414052430182,-0.0022797137687027924,0.0112917023440537,-0.0033279513275413404,0.0027858375005158026,0.008695477376283591,0.04938682072687153,-0.004172263390976452,0.00754898693565918,-0.006868986471368098,-0.0013561346252830573,-0.011307669679234265,-0.0228381968848807,0.0007117921197999145,0.012295011263603911,-0.002374910333497438,-0.028232584446164798,-0.02607649266314358,0.011205797144577395,0.02941017634767762,-0.01242825652467244,0.006135376455823115,-0.005691393871385224,0.01370230315848829,0.004330489490225209,0.00840590653789355,-0.004172263390976452,0.056334332947125976,-0.017745337753553067,0.009548991024976857,-0.004946543616345236,0.03972841703796823,0.06759982107317544,0.006263010104612924,-0.037270494418663966,0.0007304629982277493,0.03275993867094038,0.0076766389099915885,-0.06476277764529459,0.02036580024114195,-0.016126026964991644,-0.035003563271260765,0.0027124011160316467,-0.027835061009026343,-0.010324093906181294,-0.016014205471046643,0.00754898693565918,-0.017745337753553067,0.09417764531058767,-0.012716708474330386,-0.0068785279440621286,-0.008147761145566187,-0.027907847021451625,-0.01615684091359456,-0.004779528904459309,-0.005046672842064276,-0.023395611255388533,-0.0021107418130422995,0.007851739439302195,-0.007645709842900533,0.007727405430351352,-0.003886694350188098,-0.022870781871749794,0.008610498166495853,0.005190483021609416,0.01052194263654638,-0.006868986471368098,0.009548991024976857,-0.012716708474330386,0.04664603453761003
0.06472033217783028,0.019373318808648742,0.03317751492778119,0.006067003812526403,-0.009181298882391595,0.02469399494532549,-0.01851866360503719,-0.012905861121363245,0.006535592398642191,-0.030934227724773673,-0.012359909681402981,-0.010356908688828315,-0.02194097382387457,0.036852674897106884,0.018262695651925724,-0.025538228995907783,-0.055598032345411545,-0.0007041879149207314,-0.022208259052929252,-0.007789820539852401,0.019373318808648742,0.035655642809328626,0.03462963900133911,-0.007396087365815795,-0.016086591766510346,0.0068380845445435365,-0.006620979217671888,0.007453075678110432,0.0017202142399484486,-0.016274911693439843,-0.006059068647027394,-0.016500195823729483,-0.0177984346929293,0.007282504433519824,-0.004529070415483297,-0.015619338057080275,-0.02672468765434552,-0.01722107839992059,0.012566703128403635,-0.014033157342692809,0.03317751492778119,0.03462963900133911,0.12334250888441106,-0.014113935953409564,-0.029870461601481865,0.013438034855351309,-0.009026974952034236,-0.044835114043479465,-0.0009067690780715041,-0.007561756505966593,-0.019406658114212216,-0.03766576667112348,-0.027419094615115103,-0.0036071648536166886,-0.011031383803863676,-0.02102951199476645,-0.06754002174624044,-0.05784353883562693,0.04095096673662334,-0.033947561033218845,0.006067003812526403,-0.007396087365815795,-0.014113935953409564,0.02641649919892236,0.011679136389818214,-0.0021756088712256228,-0.0016010792495922657,-0.016236050507260857,0.010533231228736015,0.006047703650317567,0.00106289724516428,0.004145662302140063,0.009419288963437541,-0.009177188833941342,-0.012737481055786962,0.004811352003626952,2.421854424052838e-5,0.01661387227120431,-0.017239393981424992,-0.008269820166696423,-0.009181298882391595,-0.016086591766510346,-0.029870461601481865,0.011679136389818214,0.06399977120768544,-0.007972398597523772,0.011640037731512653,-0.024139352609910396,-0.011549615030353885,0.024237734223891284,-0.010586934514923369,-0.01605025500501596,-0.0051669484843274525,-0.0224520319494489,-0.007934100227491237,0.011821697234968658,0.024010424970582107,0.03714899597577726,-0.021253393781665037,-0.00778066439066734,0.02469399494532549,0.0068380845445435365,0.013438034855351309,-0.0021756088712256228,-0.007972398597523772,0.036571642331171626,-0.0032944190159677478,-0.028395706398307366,-1.0778836638242108e-5,0.008675604413093063,-0.0074685491816217755,-0.014598674358900126,-0.02123519601530352,0.014612071911989256,-0.002506444208564973,-0.008848575397093257,-0.020282557927590185,0.017776876759137684,-0.0014337361574027407,-0.008618995916463156,-0.01851866360503719,-0.006620979217671888,-0.009026974952034236,-0.0016010792495922657,0.011640037731512653,-0.0032944190159677478,0.026425009883350257,-0.0023896836995899655,-0.001182920411067618,0.0212583989871925,0.007360869584261975,0.00035924182664700947,0.006611429320440242,-0.015303125373652193,-0.013672954704511284,0.009276892305487975,0.021280040931116156,0.001508488964576314,0.0037220103335680443,0.005716382420481661,-0.012905861121363245,0.007453075678110432,-0.044835114043479465,-0.016236050507260857,-0.024139352609910396,-0.028395706398307366,-0.0023896836995899655,0.1727165829542768,0.019816758840237234,-0.0914296818409775,0.05314417494903405,0.0621344221703537,0.0452477745818113,0.0356780021690548,0.02836073441106291,-0.006828289761134614,0.01409802329082783,-0.04912898995528403,-0.00869485809654646,0.04699797172220005,0.006535592398642191,0.0017202142399484486,-0.0009067690780715041,0.010533231228736015,-0.011549615030353885,-1.0778836638242108e-5,-0.001182920411067618,0.019816758840237234,0.060561115054199456,-0.0015274627768318203,0.02857161098837281,0.020703919942343822,0.020765163415044217,0.006531263807174919,-0.007082351896136549,-0.005800686541790353,-0.018059654192718915,-0.015939996236345254,-0.007055183365309045,0.012459269089508734,-0.030934227724773673,-0.016274911693439843,-0.007561756505966593,0.006047703650317567,0.024237734223891284,0.008675604413093063,0.0212583989871925,-0.0914296818409775,-0.0015274627768318203,0.10898809641918195,-0.014891850714597784,-0.03401278068243535,-0.018534922037087925,-0.04043533972457689,-0.033852761903704925,0.01907406797938608,0.03364882203677502,0.04116765692340235,0.017698742257682254,-0.016761569568318743,-0.012359909681402981,-0.006059068647027394,-0.019406658114212216,0.00106289724516428,-0.010586934514923369,-0.0074685491816217755,0.007360869584261975,0.05314417494903405,0.02857161098837281,-0.014891850714597784,0.06302344781839492,0.030265906427490254,0.025582456053603948,0.010514900500631788,-0.0017970888729992663,0.008760853010740892,0.00873868985274729,-0.016635685959944448,-0.01391459740154279,0.021363348415460944,-0.010356908688828315,-0.016500195823729483,-0.03766576667112348,0.004145662302140063,-0.01605025500501596,-0.014598674358900126,0.00035924182664700947,0.0621344221703537,0.020703919942343822,-0.03401278068243535,0.030265906427490254,0.06402545484829816,0.04490918020721742,0.00906425475551948,0.011535767151123899,-0.0007146598525518622,0.01516092586617581,-0.02089475708556525,-0.007633506023840761,0.028200984850085525,-0.02194097382387457,-0.0177984346929293,-0.027419094615115103,0.009419288963437541,-0.0051669484843274525,-0.02123519601530352,0.006611429320440242,0.0452477745818113,0.020765163415044217,-0.018534922037087925,0.025582456053603948,0.04490918020721742,0.07354988414409581,-0.0016544967117331222,-0.0007492189402065084,-0.0035523112477836892,0.007544585543309073,-0.02355290075359282,-0.005263746953379764,0.0151699458084362,0.036852674897106884,0.007282504433519824,-0.0036071648536166886,-0.009177188833941342,-0.0224520319494489,0.014612071911989256,-0.015303125373652193,0.0356780021690548,0.006531263807174919,-0.04043533972457689,0.010514900500631788,0.00906425475551948,-0.0016544967117331222,0.07977779062881749,0.03315463468469654,-0.021245574769777162,-0.04201690818771048,0.007826367982838825,-0.01993753018048116,0.014650405108143177,0.018262695651925724,-0.004529070415483297,-0.011031383803863676,-0.012737481055786962,-0.007934100227491237,-0.002506444208564973,-0.013672954704511284,0.02836073441106291,-0.007082351896136549,-0.033852761903704925,-0.0017970888729992663,0.011535767151123899,-0.0007492189402065084,0.03315463468469654,0.059173947522310984,0.0015091323153771914,9.377431860744384e-5,0.004853782952360775,-0.007353641550875468,0.011853338709165488,-0.025538228995907783,-0.015619338057080275,-0.02102951199476645,0.004811352003626952,0.011821697234968658,-0.008848575397093257,0.009276892305487975,-0.006828289761134614,-0.005800686541790353,0.01907406797938608,0.008760853010740892,-0.0007146598525518622,-0.0035523112477836892,-0.021245574769777162,0.0015091323153771914,0.0526904675470525,0.04047331852164408,0.021135455568005973,-0.0020104481032330534,0.012170227861671871,-0.055598032345411545,-0.02672468765434552,-0.06754002174624044,2.421854424052838e-5,0.024010424970582107,-0.020282557927590185,0.021280040931116156,0.01409802329082783,-0.018059654192718915,0.03364882203677502,0.00873868985274729,0.01516092586617581,0.007544585543309073,-0.04201690818771048,9.377431860744384e-5,0.04047331852164408,0.1015733695777051,0.030774704923815475,0.007064716587277955,0.020202793873458212,-0.0007041879149207314,-0.01722107839992059,-0.05784353883562693,0.01661387227120431,0.03714899597577726,0.017776876759137684,0.001508488964576314,-0.04912898995528403,-0.015939996236345254,0.04116765692340235,-0.016635685959944448,-0.02089475708556525,-0.02355290075359282,0.007826367982838825,0.004853782952360775,0.021135455568005973,0.030774704923815475,0.1006417248252011,-0.032459777193431134,-0.004257431110806747,-0.022208259052929252,0.012566703128403635,0.04095096673662334,-0.017239393981424992,-0.021253393781665037,-0.0014337361574027407,0.0037220103335680443,-0.00869485809654646,-0.007055183365309045,0.017698742257682254,-0.01391459740154279,-0.007633506023840761,-0.005263746953379764,-0.01993753018048116,-0.007353641550875468,-0.0020104481032330534,0.007064716587277955,-0.032459777193431134,0.06663040320414257,-0.009894046871541197,-0.007789820539852401,-0.014033157342692809,-0.033947561033218845,-0.008269820166696423,-0.00778066439066734,-0.008618995916463156,0.005716382420481661,0.04699797172220005,0.012459269089508734,-0.016761569568318743,0.021363348415460944,0.028200984850085525,0.0151699458084362,0.014650405108143177,0.011853338709165488,0.012170227861671871,0.020202793873458212,-0.004257431110806747,-0.009894046871541197,0.05930848486905396
0.05387196426659153,0.008880681507268142,0.005504920776422643,0.006903781127157624,0.006032299036788466,0.006790267905150663,-0.018663813729851444,-0.0012990489458527075,-0.02607811278216131,-0.012116982618650601,0.01131261779896418,0.04151463769333939,0.010442501294247236,0.006993919799775997,0.023358730783859295,-0.009585639350484974,0.01689042961939797,-0.01594092774477788,0.008864309256541114,0.005521364762929094,0.008880681507268142,0.03208471624442372,0.0020367878915704277,-0.01736306559264317,0.0010755068336813773,0.011992587228821617,0.01612251883436643,-0.004599548100563318,0.005429318431095907,0.010070076234512303,0.0029259782502374897,0.011696034473025316,-0.022349338750189775,-0.01604724271753833,0.00389662480127529,-0.013485022029711285,0.021591426463215387,-0.006065382312546979,0.014500029070744564,-0.016702528941106562,0.005504920776422643,0.0020367878915704277,0.03584238728741272,0.0010097592846457322,-0.013443117800929508,-0.003106966824605561,-0.00016434628586686734,0.0010152666207740245,-0.008789944751056647,-0.007397006423465278,0.01644905564919512,0.012344019149563117,0.01913481862715391,-0.0036797128377811512,-0.011255169239832065,-0.0018825141841883283,-0.008208430541984016,-0.021975782685315876,0.00986898904617587,-0.00023433513863165597,0.006903781127157624,-0.01736306559264317,0.0010097592846457322,0.03729101191806183,-0.004185181278079202,-0.01324889380499314,-0.016359215891714497,-0.0014807722070673535,-0.011844414932103989,-0.011538825301547751,0.0017671019181382162,-0.011053040102560759,0.03625990465503223,0.02299323386045067,-0.016274729170834536,0.007102219078727344,-0.018629494874497846,0.0044410887207714436,-0.003779108026055524,0.014626821365192562,0.006032299036788466,0.0010755068336813773,-0.013443117800929508,-0.004185181278079202,0.04585718252938104,0.015011377666565266,0.017539493627573302,-0.0020403374590683056,0.007278884119915072,-0.0024277814919248827,-0.007186696648254628,-0.00630131593208414,-0.03179289577388269,-0.011092485831315314,0.004257603136475061,-0.004992988157945079,0.005788766469800864,0.013662112593197075,-0.017663283294765443,-0.017484810348295937,0.006790267905150663,0.011992587228821617,-0.003106966824605561,-0.01324889380499314,0.015011377666565266,0.03353291242123806,0.02166192810772439,-0.0014144479750761727,0.020588741821838143,-4.498992876840902e-5,-0.00972429604008234,-0.002717746217978453,-0.026741027678882756,-0.021009125005018323,0.003805736573198134,0.0031109859916439286,0.015457835935829752,0.006977507414205055,-0.01964105662720364,-0.02078968039827185,-0.018663813729851444,0.01612251883436643,-0.00016434628586686734,-0.016359215891714497,0.017539493627573302,0.02166192810772439,0.06708498710056598,0.0062887234983351695,0.034850587446577756,0.012403638418483139,-0.006812749098788372,-0.005996445223350869,-0.03914690554174908,-0.0330524084186187,-0.01412690491088451,-0.006833847104420731,0.010274317700847361,0.009377365943633389,-0.017650800401094693,-0.023719090371445373,-0.0012990489458527075,-0.004599548100563318,0.0010152666207740245,-0.0014807722070673535,-0.0020403374590683056,-0.0014144479750761727,0.0062887234983351695,0.08610656739096063,-0.004912637198724659,-0.020295985143611566,0.012171265330768845,0.016290807406546304,-0.019760832013878973,-0.0005410101978580951,-0.002597807129289445,-0.004958063989032363,-0.041104639788977215,-0.009070244689722597,-0.0032848042626005,0.024735975121242156,-0.02607811278216131,0.005429318431095907,-0.008789944751056647,-0.011844414932103989,0.007278884119915072,0.020588741821838143,0.034850587446577756,-0.004912637198724659,0.06681957348255493,0.013790980514167552,-0.027930017944163898,-0.028959853963545924,-0.030058433168066244,-0.018295282091123355,-0.011206818798525368,0.014873924275754104,-0.01439533226260227,0.02145036182678887,-0.04121987157230125,-0.021855934802040157,-0.012116982618650601,0.010070076234512303,-0.007397006423465278,-0.011538825301547751,-0.0024277814919248827,-4.498992876840902e-5,0.012403638418483139,-0.020295985143611566,0.013790980514167552,0.04207311628821756,-0.006684029576526339,-0.015173282120595207,-0.012175344500712986,-0.0034345400866978714,0.0009766893993062866,-0.006580690299669017,0.02251464466769921,0.014332883480064042,0.012667323729552395,-0.014866979057719314,0.01131261779896418,0.0029259782502374897,0.01644905564919512,0.0017671019181382162,-0.007186696648254628,-0.00972429604008234,-0.006812749098788372,0.012171265330768845,-0.027930017944163898,-0.006684029576526339,0.04718884691806216,0.032006416867998516,0.010287413272617466,0.003127003170924228,-0.00019413406766201325,-0.015624612726834772,-0.002557237110965011,-0.02091631979695649,0.023480250307829707,0.0032093494545422036,0.04151463769333939,0.011696034473025316,0.012344019149563117,-0.011053040102560759,-0.00630131593208414,-0.002717746217978453,-0.005996445223350869,0.016290807406546304,-0.028959853963545924,-0.015173282120595207,0.032006416867998516,0.0904002699449612,0.00442754489211355,-0.008222443745901125,0.028375289727666553,-0.021612223173937524,0.011943681415996082,-0.03011573968344304,0.023752361268338504,0.005475836054485515,0.010442501294247236,-0.022349338750189775,0.01913481862715391,0.03625990465503223,-0.03179289577388269,-0.026741027678882756,-0.03914690554174908,-0.019760832013878973,-0.030058433168066244,-0.012175344500712986,0.010287413272617466,0.00442754489211355,0.10686174907139512,0.039623205650608964,-0.012854943458186656,0.006411887816803074,-0.009893826170099616,-0.007922793374826148,0.008984949669768458,0.034259141820942286,0.006993919799775997,-0.01604724271753833,-0.0036797128377811512,0.02299323386045067,-0.011092485831315314,-0.021009125005018323,-0.0330524084186187,-0.0005410101978580951,-0.018295282091123355,-0.0034345400866978714,0.003127003170924228,-0.008222443745901125,0.039623205650608964,0.052563551787806126,-0.0027627251536139303,-0.0006213298948431354,-0.03516629216277928,0.012711124192891901,0.00189696741262609,0.02678999265355608,0.023358730783859295,0.00389662480127529,-0.011255169239832065,-0.016274729170834536,0.004257603136475061,0.003805736573198134,-0.01412690491088451,-0.002597807129289445,-0.011206818798525368,0.0009766893993062866,-0.00019413406766201325,0.028375289727666553,-0.012854943458186656,-0.0027627251536139303,0.04287191220989169,-0.005526922170081692,0.020943780073483013,0.0024417710090751193,0.0062775458352897955,-0.002827009024148614,-0.009585639350484974,-0.013485022029711285,-0.0018825141841883283,0.007102219078727344,-0.004992988157945079,0.0031109859916439286,-0.006833847104420731,-0.004958063989032363,0.014873924275754104,-0.006580690299669017,-0.015624612726834772,-0.021612223173937524,0.006411887816803074,-0.0006213298948431354,-0.005526922170081692,0.037643779986502195,-0.010373227205574514,0.003578793316630204,-0.021045117353635727,0.006487560422987801,0.01689042961939797,0.021591426463215387,-0.008208430541984016,-0.018629494874497846,0.005788766469800864,0.015457835935829752,0.010274317700847361,-0.041104639788977215,-0.01439533226260227,0.02251464466769921,-0.002557237110965011,0.011943681415996082,-0.009893826170099616,-0.03516629216277928,0.020943780073483013,-0.010373227205574514,0.12574432752638132,-0.013819112953419678,0.028381728069476152,-0.030000919807499003,-0.01594092774477788,-0.006065382312546979,-0.021975782685315876,0.0044410887207714436,0.013662112593197075,0.006977507414205055,0.009377365943633389,-0.009070244689722597,0.02145036182678887,0.014332883480064042,-0.02091631979695649,-0.03011573968344304,-0.007922793374826148,0.012711124192891901,0.0024417710090751193,0.003578793316630204,-0.013819112953419678,0.060174457023475965,-0.023220822313244543,0.0013222681613414568,0.008864309256541114,0.014500029070744564,0.00986898904617587,-0.003779108026055524,-0.017663283294765443,-0.01964105662720364,-0.017650800401094693,-0.0032848042626005,-0.04121987157230125,0.012667323729552395,0.023480250307829707,0.023752361268338504,0.008984949669768458,0.00189696741262609,0.0062775458352897955,-0.021045117353635727,0.028381728069476152,-0.023220822313244543,0.07343299136750078,0.009560945893438718,0.005521364762929094,-0.016702528941106562,-0.00023433513863165597,0.014626821365192562,-0.017484810348295937,-0.02078968039827185,-0.023719090371445373,0.024735975121242156,-0.021855934802040157,-0.014866979057719314,0.0032093494545422036,0.005475836054485515,0.034259141820942286,0.02678999265355608,-0.002827009024148614,0.006487560422987801,-0.030000919807499003,0.0013222681613414568,0.009560945893438718,0.06498105265214132
