0.08471597580019355,-0.013328933963685587,0.04406494905578706,-0.00496349614580388,-0.006737599885456847,-0.00010214281956694496,-0.004218033613669029,-0.02103405134040301,-0.002094519775607334,0.035107543698741625,0.04968408864071142,0.011666334920142426,0.009828263936000118,-0.009251303695172984,-0.05651410283178724,0.009308171707805422,-0.00950774865432278,-0.005531622210945233,-0.03206411421253724,-0.04649723007577161,-0.013328933963685587,0.023358351484066283,-0.015232607900220185,-0.01545529616588932,-0.005289800231244071,-0.002830604837234481,0.005743987315214919,-0.0038066854476446043,-0.0011039314190651153,-0.004500102590855483,-0.01623213989790423,-0.0131719806593943,0.00988516848233547,0.01158766889066713,0.025910097923487724,0.008055203050211599,-0.003132601896680397,-0.0043786693552278575,0.002044197099148157,0.013214715089599906,0.04406494905578706,-0.015232607900220185,0.07422008825145027,0.015204392944815716,0.009295149141997723,0.0030856124528577476,-0.004000231671253815,-0.00433392727844912,-0.014632736460506772,0.02016048657692776,0.038067211279372126,0.024996391466827313,-0.010460610747483196,-0.027282213282189507,-0.056047054566323265,-0.025489889351447928,-0.00535589771318298,0.01064753017854647,-0.026243382973795387,-0.03908248566751719,-0.00496349614580388,-0.01545529616588932,0.015204392944815716,0.03488319247698997,0.00941135233228564,0.002571034124686488,-0.012641783004850828,0.011920691876673632,0.003437899258260324,-0.012282853323717606,0.005136512439889071,0.013863467747139202,-0.007570087134554555,-0.015978706744747155,-0.013888662019910606,-0.006478138093933871,0.007053019554719851,0.011999585656084201,-0.003688559754415647,-0.0038979034741646336,-0.006737599885456847,-0.005289800231244071,0.009295149141997723,0.00941135233228564,0.018981228326385387,0.0025450931778423103,-0.001992873531961553,0.002109133093984551,-0.0004928554945864445,-0.0013191161159988515,-6.341031304202139e-5,0.00238066064622242,-0.009872507502805328,-0.004510539189887341,-0.0074706625730140645,-0.007743174934351886,0.010010017176315226,0.006882472201222427,0.004146250008271807,0.0013276800390401133,-0.00010214281956694496,-0.002830604837234481,0.0030856124528577476,0.002571034124686488,0.0025450931778423103,0.023908124587085498,0.0027508211874704815,0.003613728417194451,0.008399106837171964,0.001053800569537485,-0.004245928227622289,-0.008510478177246457,-0.00625210960783725,0.004090657252600636,-0.006211011328748361,-0.012854062754119574,0.006175649326616173,0.009810964985298144,0.003962475775763157,-0.01152897071201359,-0.004218033613669029,0.005743987315214919,-0.004000231671253815,-0.012641783004850828,-0.001992873531961553,0.0027508211874704815,0.02634764731989597,-0.005279240172929335,0.0013047889210127956,0.00913155795864409,-0.00814415712829239,-0.011203436541547217,-0.0010893021637884508,0.003208229912815229,0.0033694217647686348,-0.009825677286333757,0.00041141891573591384,-0.0022951633190479524,0.0017694794479750533,-0.0049766982025686735,-0.02103405134040301,-0.0038066854476446043,-0.00433392727844912,0.011920691876673632,0.002109133093984551,0.003613728417194451,-0.005279240172929335,0.029653852642836775,0.0009706620414703985,-0.018373880903853182,-0.003047273583781554,0.010541749694658525,-0.004508660522355895,-0.007677220770877943,0.004689433792281041,-0.011199806106147934,0.0038199006512627132,0.0036322347638669764,0.004396405696632905,0.005122488425357877,-0.002094519775607334,-0.0011039314190651153,-0.014632736460506772,0.003437899258260324,-0.0004928554945864445,0.008399106837171964,0.0013047889210127956,0.0009706620414703985,0.024553111327798558,-0.00013605905286510694,-0.00878017901735146,-0.009195194221623793,-0.004397147087835097,0.007189073697463337,0.0008751878644777596,0.004632349728773417,0.004074302761350377,0.0011914736127974007,0.007907195050360753,-0.003222489509330114,0.035107543698741625,-0.004500102590855483,0.02016048657692776,-0.012282853323717606,-0.0013191161159988515,0.001053800569537485,0.00913155795864409,-0.018373880903853182,-0.00013605905286510694,0.04348310669725372,0.019148731299928563,-0.007005648160695909,-0.002871878468615122,0.0035268193147596147,-0.030463797670234147,-0.008383681598412945,-0.0014072122183283594,-0.0018524127956920217,-0.009427669339411837,-0.026780009342562305,0.04968408864071142,-0.01623213989790423,0.038067211279372126,0.005136512439889071,-6.341031304202139e-5,-0.004245928227622289,-0.00814415712829239,-0.003047273583781554,-0.00878017901735146,0.019148731299928563,0.06814511149075138,0.028490109077952713,0.001306992098746245,-0.023289272663150014,-0.04716438548270471,-0.0018428845565573782,-0.010306873344182812,0.0033695371237958587,-0.023406787901580614,-0.037950782121309666,0.011666334920142426,-0.0131719806593943,0.024996391466827313,0.013863467747139202,0.00238066064622242,-0.008510478177246457,-0.011203436541547217,0.010541749694658525,-0.009195194221623793,-0.007005648160695909,0.028490109077952713,0.04071838212635438,0.0013814356805043797,-0.020605805222240373,-0.022445991138640407,-0.0015687535420314913,-0.0037535412828718345,-0.0002205732808797956,-0.01961892467242055,-0.010692833121700343,0.009828263936000118,0.00988516848233547,-0.010460610747483196,-0.007570087134554555,-0.009872507502805328,-0.00625210960783725,-0.0010893021637884508,-0.004508660522355895,-0.004397147087835097,-0.002871878468615122,0.001306992098746245,0.0013814356805043797,0.03463190173840963,0.0033338998346250813,0.008772698339562453,0.022755510149919576,-0.012693030888538667,-0.0063858868329078645,-0.00826242111233867,0.0072520387894663245,-0.009251303695172984,0.01158766889066713,-0.027282213282189507,-0.015978706744747155,-0.004510539189887341,0.004090657252600636,0.003208229912815229,-0.007677220770877943,0.007189073697463337,0.0035268193147596147,-0.023289272663150014,-0.020605805222240373,0.0033338998346250813,0.03593942082372287,0.024652933136942383,0.006693150325257276,-9.540359721601709e-5,-0.007076307322623935,0.015130876671934527,0.016536073835256015,-0.05651410283178724,0.025910097923487724,-0.056047054566323265,-0.013888662019910606,-0.0074706625730140645,-0.006211011328748361,0.0033694217647686348,0.004689433792281041,0.0008751878644777596,-0.030463797670234147,-0.04716438548270471,-0.022445991138640407,0.008772698339562453,0.024652933136942383,0.08592723721611176,0.018389101641976886,0.0013376784342932408,-0.010708876486471827,0.02873732731207601,0.05182444851651051,0.009308171707805422,0.008055203050211599,-0.025489889351447928,-0.006478138093933871,-0.007743174934351886,-0.012854062754119574,-0.009825677286333757,-0.011199806106147934,0.004632349728773417,-0.008383681598412945,-0.0018428845565573782,-0.0015687535420314913,0.022755510149919576,0.006693150325257276,0.018389101641976886,0.052011860826967245,-0.004391628060173401,-0.01139235334097748,-0.006410355697605726,0.01625639947968028,-0.00950774865432278,-0.003132601896680397,-0.00535589771318298,0.007053019554719851,0.010010017176315226,0.006175649326616173,0.00041141891573591384,0.0038199006512627132,0.004074302761350377,-0.0014072122183283594,-0.010306873344182812,-0.0037535412828718345,-0.012693030888538667,-9.540359721601709e-5,0.0013376784342932408,-0.004391628060173401,0.024049209810815313,0.0037491299506828197,0.007548449642250412,0.004982807700230893,-0.005531622210945233,-0.0043786693552278575,0.01064753017854647,0.011999585656084201,0.006882472201222427,0.009810964985298144,-0.0022951633190479524,0.0036322347638669764,0.0011914736127974007,-0.0018524127956920217,0.0033695371237958587,-0.0002205732808797956,-0.0063858868329078645,-0.007076307322623935,-0.010708876486471827,-0.01139235334097748,0.0037491299506828197,0.027985553588908894,-0.0011442287501382533,-0.007682890616940732,-0.03206411421253724,0.002044197099148157,-0.026243382973795387,-0.003688559754415647,0.004146250008271807,0.003962475775763157,0.0017694794479750533,0.004396405696632905,0.007907195050360753,-0.009427669339411837,-0.023406787901580614,-0.01961892467242055,-0.00826242111233867,0.015130876671934527,0.02873732731207601,-0.006410355697605726,0.007548449642250412,-0.0011442287501382533,0.03596026924283696,0.021064961140902685,-0.04649723007577161,0.013214715089599906,-0.03908248566751719,-0.0038979034741646336,0.0013276800390401133,-0.01152897071201359,-0.0049766982025686735,0.005122488425357877,-0.003222489509330114,-0.026780009342562305,-0.037950782121309666,-0.010692833121700343,0.0072520387894663245,0.016536073835256015,0.05182444851651051,0.01625639947968028,0.004982807700230893,-0.007682890616940732,0.021064961140902685,0.05511668369969154
