0.03734297594177337,0.003831787539344334,-0.0038323482521383546,0.016925562256976036,0.01536637407048893,0.005892309835223863,-4.966363505649212e-5,-0.021616249370806872,0.020233531444494197,-0.013289713019134279,0.017467397848114623,0.016093909201278823,-0.008943955432430442,-0.02767406188838234,-0.019200472457478544,0.012472557985817964,-0.008518727153180604,-0.00757938945304643,-0.0035185755217766873,0.03426250211281918,0.003831787539344334,0.07466069457142475,0.004862770099822045,0.03320935731194444,0.03597855264078269,-0.00744556445188757,-0.021427296305234864,0.0002295674973190583,-0.0026773112715372622,-0.012997013402729383,-0.019888790740642336,0.009283631741087761,0.0069119230830777135,-0.050616427849490477,-0.018335436872077195,-0.00016932598584484766,0.008790803063093638,0.010997363166095925,0.017209175419587365,-0.002035220573369181,-0.0038323482521383546,0.004862770099822045,0.029904049340414775,0.0008787235345661117,0.012042648583055404,0.0009790160966899094,-0.005157759277296824,0.01515732089983521,-0.01277990409577762,0.0064145935196521274,-0.009859504621646873,-0.0004377459114996201,0.01781371820794728,0.00431040942290948,0.017610034807433485,-0.01735967563483916,0.009287738673288519,0.0016545301463131343,0.009419566443452106,-0.01398316496971894,0.016925562256976036,0.03320935731194444,0.0008787235345661117,0.04408088657725974,0.03292403130049617,-0.004503609542814599,-0.01333773173842266,-0.012609833099623716,0.01544731357460595,-0.01430690180478872,-0.0029140807474427105,0.012933729072011403,0.0017635894418303812,-0.05385923733740046,-0.023455511331132637,-0.006291937064048134,0.0019419541853446375,-0.006123645752884207,0.009940432279244332,0.022304567750661572,0.01536637407048893,0.03597855264078269,0.012042648583055404,0.03292403130049617,0.063842871174333,-0.013600773815761903,-0.028595661902765253,0.00979976899282283,-0.0006523309239152315,-0.014832291330985473,-0.008007331117067844,0.01887669277194453,0.02157284439179693,-0.04778932383517313,-0.0077546107868814215,-0.02239489794349602,0.0011842229959561881,-0.010843398031605684,-0.006940120170750778,0.01631573872216368,0.005892309835223863,-0.00744556445188757,0.0009790160966899094,-0.004503609542814599,-0.013600773815761903,0.0235758873838647,0.013404630865508325,-0.020022395285998945,0.017843184000676946,0.0029776106850157615,-0.0013346394848178223,0.00022390579106623166,-0.011704467489017803,0.0014279230071957984,-0.007037083460431071,0.014027661374356074,-0.002785757960537329,0.01285561160350219,0.012414578321977992,-0.0025547368678735,-4.966363505649212e-5,-0.021427296305234864,-0.005157759277296824,-0.01333773173842266,-0.028595661902765253,0.013404630865508325,0.04259501896927282,-0.00677331968399463,0.008998446021334209,0.004599113377285984,0.008465901250506353,-0.007973160626202583,-0.012098949670525015,0.02864294549526559,0.008354730311802224,0.01896019365306411,0.006270579753608193,0.017652569534231985,0.016495819031190302,-0.004181464195189333,-0.021616249370806872,0.0002295674973190583,0.01515732089983521,-0.012609833099623716,0.00979976899282283,-0.020022395285998945,-0.00677331968399463,0.06571958259825629,-0.04270510300300684,0.00827870355632223,-0.0077113438940328,-0.010914174181056106,0.03316324691244407,0.02604523370681128,0.042570990564821456,-0.027585928604328173,0.019349340637098394,-0.0006950575628475425,-0.010257842188272966,-0.026614232892881368,0.020233531444494197,-0.0026773112715372622,-0.01277990409577762,0.01544731357460595,-0.0006523309239152315,0.017843184000676946,0.008998446021334209,-0.04270510300300684,0.06367376833518537,-0.006282651224969666,0.014421966357237793,0.01586687763125519,-0.01960974617745452,-0.02271912793821886,-0.02958422191055219,0.017141161794160913,-0.011972447613721283,0.001864504859819318,0.002223287634508794,0.026362960051933712,-0.013289713019134279,-0.012997013402729383,0.0064145935196521274,-0.01430690180478872,-0.014832291330985473,0.0029776106850157615,0.004599113377285984,0.00827870355632223,-0.006282651224969666,0.03334507146204745,-0.0038911671677329387,-0.011051850815545453,0.010871508588561687,0.026980440361454812,0.01866481606398849,-0.017219186268278362,0.001029728041182367,-0.002542379533140524,0.0005010388389430089,-0.013489968669259233,0.017467397848114623,-0.019888790740642336,-0.009859504621646873,-0.0029140807474427105,-0.008007331117067844,-0.0013346394848178223,0.008465901250506353,-0.0077113438940328,0.014421966357237793,-0.0038911671677329387,0.03823728857932139,0.005563681694058185,-0.010614319731501017,-0.002435381301301933,-0.01270638250165038,0.017263936792384776,-0.014581718947329465,-0.009411686557798234,-0.014010068358546348,0.02797997791517505,0.016093909201278823,0.009283631741087761,-0.0004377459114996201,0.012933729072011403,0.01887669277194453,0.00022390579106623166,-0.007973160626202583,-0.010914174181056106,0.01586687763125519,-0.011051850815545453,0.005563681694058185,0.0302281489350853,0.003212045483499984,-0.023856903664103764,-0.015326695971773984,0.006305771233161308,-0.006544904820973399,-0.0045546514874319505,-0.0037932882068675783,0.01808881529234374,-0.008943955432430442,0.0069119230830777135,0.01781371820794728,0.0017635894418303812,0.02157284439179693,-0.011704467489017803,-0.012098949670525015,0.03316324691244407,-0.01960974617745452,0.010871508588561687,-0.010614319731501017,0.003212045483499984,0.05421036184701123,0.002556259953893102,0.028881187825429363,-0.03941267518581919,0.01572292988836481,-0.0032490167879917647,-0.001574179703153859,-0.010613282579074764,-0.02767406188838234,-0.050616427849490477,0.00431040942290948,-0.05385923733740046,-0.04778932383517313,0.0014279230071957984,0.02864294549526559,0.02604523370681128,-0.02271912793821886,0.026980440361454812,-0.002435381301301933,-0.023856903664103764,0.002556259953893102,0.10067851583661255,0.04400203952900331,0.003549789834621127,0.0004676983968580264,0.015464724374015353,-0.007059134632635171,-0.044080423929708984,-0.019200472457478544,-0.018335436872077195,0.017610034807433485,-0.023455511331132637,-0.0077546107868814215,-0.007037083460431071,0.008354730311802224,0.042570990564821456,-0.02958422191055219,0.01866481606398849,-0.01270638250165038,-0.015326695971773984,0.028881187825429363,0.04400203952900331,0.06825381188341781,-0.02852420837561648,0.023841100231955646,0.004412840144429055,0.00094593902321706,-0.03192259725900242,0.012472557985817964,-0.00016932598584484766,-0.01735967563483916,-0.006291937064048134,-0.02239489794349602,0.014027661374356074,0.01896019365306411,-0.027585928604328173,0.017141161794160913,-0.017219186268278362,0.017263936792384776,0.006305771233161308,-0.03941267518581919,0.003549789834621127,-0.02852420837561648,0.07826028264354074,-0.019811703919342442,0.018864838683887265,0.00479643537072185,0.015472022834302906,-0.008518727153180604,0.008790803063093638,0.009287738673288519,0.0019419541853446375,0.0011842229959561881,-0.002785757960537329,0.006270579753608193,0.019349340637098394,-0.011972447613721283,0.001029728041182367,-0.014581718947329465,-0.006544904820973399,0.01572292988836481,0.0004676983968580264,0.023841100231955646,-0.019811703919342442,0.0419889373908556,0.00907400851361783,0.019685147310435705,-0.020513750540067405,-0.00757938945304643,0.010997363166095925,0.0016545301463131343,-0.006123645752884207,-0.010843398031605684,0.01285561160350219,0.017652569534231985,-0.0006950575628475425,0.001864504859819318,-0.002542379533140524,-0.009411686557798234,-0.0045546514874319505,-0.0032490167879917647,0.015464724374015353,0.004412840144429055,0.018864838683887265,0.00907400851361783,0.03725034723578821,0.02431105136504376,-0.016676380228556456,-0.0035185755217766873,0.017209175419587365,0.009419566443452106,0.009940432279244332,-0.006940120170750778,0.012414578321977992,0.016495819031190302,-0.010257842188272966,0.002223287634508794,0.0005010388389430089,-0.014010068358546348,-0.0037932882068675783,-0.001574179703153859,-0.007059134632635171,0.00094593902321706,0.00479643537072185,0.019685147310435705,0.02431105136504376,0.06897445047566499,-0.021062626420498172,0.03426250211281918,-0.002035220573369181,-0.01398316496971894,0.022304567750661572,0.01631573872216368,-0.0025547368678735,-0.004181464195189333,-0.026614232892881368,0.026362960051933712,-0.013489968669259233,0.02797997791517505,0.01808881529234374,-0.010613282579074764,-0.044080423929708984,-0.03192259725900242,0.015472022834302906,-0.020513750540067405,-0.016676380228556456,-0.021062626420498172,0.07180615396293423
0.03954446210516282,0.010028699971776484,-0.017738157953425874,0.006148603067745856,0.00483335069219607,0.008987023085753047,-0.002827234005960029,-0.017614058331085057,0.021874071358894093,-0.01136941847789158,0.031920260631866496,0.028423653121595942,-0.00870033899932941,-0.029015317860527363,-0.01992777836231925,0.04322593412714145,-0.01630466865619043,-0.0009690626265967404,-0.007753046555262705,0.046521815688260165,0.010028699971776484,0.04773190394708211,-0.001820848837076066,0.010393231496568778,0.043952074188253885,-0.012811412653653863,-0.045493152688918646,0.0025516599966120186,-0.004060252377301668,-0.0005066984278225762,0.0030200603973981784,0.02177393128074804,0.03441043187334342,-0.04596599336532337,-0.005900885421183201,-0.023328069401203015,-0.02256688861698472,-0.0004287835183650777,-0.01991344293493503,0.02648780530009231,-0.017738157953425874,-0.001820848837076066,0.059536280429083654,-0.00516427721914551,0.013768286917024494,0.002644832912137825,-0.013625692787951674,0.016408741818624867,-0.020106065640167238,0.0014195115126895519,-0.024468613057376798,-0.013507832035581669,0.017646077119106512,0.019446775616945314,0.0253782191634363,-0.03016398107760008,0.016001712976043952,0.01142575647810095,0.013644587882028048,-0.032031511157205636,0.006148603067745856,0.010393231496568778,-0.00516427721914551,0.04195512036641636,0.0084733328971124,0.0031520301459873287,0.011342753183831007,-0.012181202883376801,0.02438851040788825,-0.004107079595815844,-0.006470494164710492,0.005465928975998289,-0.00794973806132148,-0.03604380172393934,-0.021736134358776655,-0.0109020798902629,0.0002677128546842068,-0.01004755212793083,0.006126032579985434,0.012145869288483869,0.00483335069219607,0.043952074188253885,0.013768286917024494,0.0084733328971124,0.09222780936356653,-0.028047854976885774,-0.07590296130912885,0.02648992298502552,-0.017760303794260794,0.0055482404614673065,0.006025817472030752,0.029246809823684404,0.06400034681811057,-0.044130492172325925,0.022208702378824184,-0.036595718274773856,-0.019881886310075383,-0.008585929918517513,-0.043701027961312956,0.022904124641986323,0.008987023085753047,-0.012811412653653863,0.002644832912137825,0.0031520301459873287,-0.028047854976885774,0.04325639654407801,0.030832882700678507,-0.010641961985178732,0.015085578028224626,0.001907980162567111,-0.012354522093369341,-0.01929359202143613,-0.035118608713303294,0.0012850757658638477,-0.018961704490404963,0.038447498820612366,0.006068842707135532,0.011832452056544127,0.0391119042676011,-0.012761209484121773,-0.002827234005960029,-0.045493152688918646,-0.013625692787951674,0.011342753183831007,-0.07590296130912885,0.030832882700678507,0.12049243256056333,-0.011743356286867495,0.027585859421464725,0.021192916567122983,-0.02004711828242816,-0.04128335511613555,-0.05601883085595434,0.0599766905046549,-0.0033646152976600854,0.019693332848467856,0.05024801508592644,-0.0026625509636902965,0.05720804336616825,-0.046089778938917955,-0.017614058331085057,0.0025516599966120186,0.016408741818624867,-0.012181202883376801,0.02648992298502552,-0.010641961985178732,-0.011743356286867495,0.06388364490874429,-0.037612685948137256,0.029657298830749673,-0.023868976057351464,-0.01717058792222426,0.04352598703059957,0.03605536025328907,0.05152801728193057,-0.04197844176572707,0.017239351041094732,-0.005892061341822222,-0.015250077608289515,-0.04083224875223973,0.021874071358894093,-0.004060252377301668,-0.020106065640167238,0.02438851040788825,-0.017760303794260794,0.015085578028224626,0.027585859421464725,-0.037612685948137256,0.059903254715956644,-0.019613710130822935,0.02182037176899025,0.012891788286866534,-0.04510000467490534,-0.03381616419295372,-0.04230165351384251,0.041332444690160015,-0.010395792184060108,-0.009085868186880222,0.008890073314491157,0.04072376720489171,-0.01136941847789158,-0.0005066984278225762,0.0014195115126895519,-0.004107079595815844,0.0055482404614673065,0.001907980162567111,0.021192916567122983,0.029657298830749673,-0.019613710130822935,0.0559638050685819,-0.017974458330330876,-0.024589602629804128,0.028555266687232517,0.04376741859075317,0.03505330595634468,-0.01911850201546251,0.028749417642605107,-0.0018837051438373932,0.01441334963018982,-0.04859246420694773,0.031920260631866496,0.0030200603973981784,-0.024468613057376798,-0.006470494164710492,0.006025817472030752,-0.012354522093369341,-0.02004711828242816,-0.023868976057351464,0.02182037176899025,-0.017974458330330876,0.06606041975829371,0.0421194977046965,-0.007894226768436999,-0.02999296448403261,-0.019613658054142512,0.057088461033438634,-0.030167986883599427,-0.005616121491003166,-0.03479250282613333,0.06667470022601903,0.028423653121595942,0.02177393128074804,-0.013507832035581669,0.005465928975998289,0.029246809823684404,-0.01929359202143613,-0.04128335511613555,-0.01717058792222426,0.012891788286866534,-0.024589602629804128,0.0421194977046965,0.05974912566581455,0.018489713020858292,-0.05030842116573993,-0.01855597999629619,0.01700819668572701,-0.03011108921974882,-0.0024378675352271064,-0.039797357003812775,0.06639714762583969,-0.00870033899932941,0.03441043187334342,0.017646077119106512,-0.00794973806132148,0.06400034681811057,-0.035118608713303294,-0.05601883085595434,0.04352598703059957,-0.04510000467490534,0.028555266687232517,-0.007894226768436999,0.018489713020858292,0.09522850079249348,0.001320090195136211,0.049494426968724164,-0.06379128512910844,0.004695266475046195,0.0026300795503202187,-0.03265483049960187,-0.011582234848946568,-0.029015317860527363,-0.04596599336532337,0.019446775616945314,-0.03604380172393934,-0.044130492172325925,0.0012850757658638477,0.0599766905046549,0.03605536025328907,-0.03381616419295372,0.04376741859075317,-0.02999296448403261,-0.05030842116573993,0.001320090195136211,0.12273878042681423,0.0602793454143542,-0.013971227533158964,0.0503055523308146,0.011402428838095183,0.029931769314221632,-0.08849614104773643,-0.01992777836231925,-0.005900885421183201,0.0253782191634363,-0.021736134358776655,0.022208702378824184,-0.018961704490404963,-0.0033646152976600854,0.05152801728193057,-0.04230165351384251,0.03505330595634468,-0.019613658054142512,-0.01855597999629619,0.049494426968724164,0.0602793454143542,0.08728975615977144,-0.0400960349186528,0.024027340321093993,0.0006461489887158625,-0.011907768078151694,-0.05278555185973497,0.04322593412714145,-0.023328069401203015,-0.03016398107760008,-0.0109020798902629,-0.036595718274773856,0.038447498820612366,0.019693332848467856,-0.04197844176572707,0.041332444690160015,-0.01911850201546251,0.057088461033438634,0.01700819668572701,-0.06379128512910844,-0.013971227533158964,-0.0400960349186528,0.1650012225857235,-0.028194496801202715,0.00969387580245475,0.01745060812880743,0.06708463439707257,-0.01630466865619043,-0.02256688861698472,0.016001712976043952,0.0002677128546842068,-0.019881886310075383,0.006068842707135532,0.05024801508592644,0.017239351041094732,-0.010395792184060108,0.028749417642605107,-0.030167986883599427,-0.03011108921974882,0.004695266475046195,0.0503055523308146,0.024027340321093993,-0.028194496801202715,0.06405416798599234,0.001383045503057121,0.03474984775537744,-0.06258242611639711,-0.0009690626265967404,-0.0004287835183650777,0.01142575647810095,-0.01004755212793083,-0.008585929918517513,0.011832452056544127,-0.0026625509636902965,-0.005892061341822222,-0.009085868186880222,-0.0018837051438373932,-0.005616121491003166,-0.0024378675352271064,0.0026300795503202187,0.011402428838095183,0.0006461489887158625,0.00969387580245475,0.001383045503057121,0.03272160919090573,0.021452758032851838,-0.007210408481475477,-0.007753046555262705,-0.01991344293493503,0.013644587882028048,0.006126032579985434,-0.043701027961312956,0.0391119042676011,0.05720804336616825,-0.015250077608289515,0.008890073314491157,0.01441334963018982,-0.03479250282613333,-0.039797357003812775,-0.03265483049960187,0.029931769314221632,-0.011907768078151694,0.01745060812880743,0.03474984775537744,0.021452758032851838,0.07952127687276069,-0.046721134563909916,0.046521815688260165,0.02648780530009231,-0.032031511157205636,0.012145869288483869,0.022904124641986323,-0.012761209484121773,-0.046089778938917955,-0.04083224875223973,0.04072376720489171,-0.04859246420694773,0.06667470022601903,0.06639714762583969,-0.011582234848946568,-0.08849614104773643,-0.05278555185973497,0.06708463439707257,-0.06258242611639711,-0.007210408481475477,-0.046721134563909916,0.1306237043210317
