0.09434937718362699,-0.008164231821113489,-0.008943861897472528,-0.012345417699729185,0.014469953097225659,-0.0259757350911341,-0.011838216995813194,0.014284393393076444,-0.017770880300039947,0.008911169793238206,0.02240283437569588,0.0028663757376443232,0.010296475655811214,0.02661484294691724,0.0197694565146729,0.0017251421943340534,-0.004425390633592299,-0.05505503537007364,-0.012441048725289273,-0.007131726888900536,-0.008164231821113489,0.11099295170216152,-0.03628597652977622,0.011448921612494927,-0.04396198847841784,0.02361102178795772,-0.015140148512899413,0.06535532393949797,-0.011321229787323812,0.0077271569090338965,-0.004216329899092652,-0.04354428349076909,-0.023478266339060944,-0.008914283272468007,-0.07789536190151201,-0.04033169382510973,-0.017431702344031283,0.04972570482096514,-0.003982504258514979,0.020828364385938818,-0.008943861897472528,-0.03628597652977622,0.042365609360780876,0.0049959365673483995,0.023024188682816353,-0.008117904647690147,-0.008688474661477846,-0.027145301021084808,0.010312987484839425,0.007491343742709827,-0.010369385835977194,0.02730737388884106,-0.004735014992643692,-0.005531283497733106,0.02639664739305394,0.007977751522021605,0.008231638291819438,-0.020688363582870174,0.013046115183466364,-0.00023758323622850267,-0.012345417699729185,0.011448921612494927,0.0049959365673483995,0.03915972704212655,0.0026826721996853,-0.005349929288430396,-0.00724706748491712,0.018705690777379155,0.014866779071080603,0.0067990523200659354,-0.00041933654569210064,0.013443650411736926,-0.004501582709651962,-0.012349117968388144,-0.0015817008932514465,-0.0021534654408222643,-0.005713012186563391,-0.009575180091854322,0.01109877371484577,0.02172883029649995,0.014469953097225659,-0.04396198847841784,0.023024188682816353,0.0026826721996853,0.06709668860048089,-0.046942702949532955,-0.003072556822268401,-0.05139378630440714,0.011554932953696122,-0.0022471584341068156,0.007373391005045759,0.05332728987732219,0.017364412034948134,-0.0026553131864269722,0.023042852870975083,0.035906283635857975,-0.005387682751543703,-0.038737695261212624,0.018334394833051854,0.011455114014321359,-0.0259757350911341,0.02361102178795772,-0.008117904647690147,-0.005349929288430396,-0.046942702949532955,0.08119126382251997,0.02177965553178131,0.020106061221895538,0.005183374466084401,-0.017305518667757792,-0.019356770581323242,-0.04450624053434001,-0.0026046361148119733,0.004004432609225283,0.013150448593677078,-0.015226843336458313,0.024000582151756343,0.0367056981767372,-0.02506674822153184,-0.016199751807045096,-0.011838216995813194,-0.015140148512899413,-0.008688474661477846,-0.00724706748491712,-0.003072556822268401,0.02177965553178131,0.04214906676383809,-0.018638877854341783,0.009654884159493133,-0.017671058031670073,-0.0006774128938265445,-0.010080080310084474,0.02735698110423857,-0.0018643594843942392,0.02281347670535067,0.018175541084220377,0.014740906736466646,0.005027834476027752,-0.011636605864846392,-0.016796973315592593,0.014284393393076444,0.06535532393949797,-0.027145301021084808,0.018705690777379155,-0.05139378630440714,0.020106061221895538,-0.018638877854341783,0.10216789902872787,-0.011369547410953472,0.015900470536620023,0.005107739017795939,-0.04768698719291123,-0.02816683299386917,0.004697648713570611,-0.03205340946387018,-0.04595534503390446,-0.004222288174946416,0.017930861438436977,-0.013877836245550714,0.01458670564929456,-0.017770880300039947,-0.011321229787323812,0.010312987484839425,0.014866779071080603,0.011554932953696122,0.005183374466084401,0.009654884159493133,-0.011369547410953472,0.04416894852702608,0.00321198303806728,-0.0020350092996174276,0.009505153336102821,0.014637481778980645,-0.00885490157684567,0.01711809116008218,0.011137308137311846,0.01738450928554522,-0.007585684372684073,0.004600802376706636,-0.0005832106264895629,0.008911169793238206,0.0077271569090338965,0.007491343742709827,0.0067990523200659354,-0.0022471584341068156,-0.017305518667757792,-0.017671058031670073,0.015900470536620023,0.00321198303806728,0.04721938379202097,-0.007401010341046102,0.0010638488018184728,-0.021948201740465217,-0.01640676754807789,-0.01816582347714058,-0.01955834973328787,-0.022891503126049442,-0.0028101279422262926,0.006766581918033806,0.009033069419258159,0.02240283437569588,-0.004216329899092652,-0.010369385835977194,-0.00041933654569210064,0.007373391005045759,-0.019356770581323242,-0.0006774128938265445,0.005107739017795939,-0.0020350092996174276,-0.007401010341046102,0.03394209979548984,0.007113092888875855,0.009358722164818041,0.01382292592913411,0.0007752549297910648,0.01047571337702237,0.005002092706676445,-0.015053298599029074,-0.00548890647257714,-0.002981789097140561,0.0028663757376443232,-0.04354428349076909,0.02730737388884106,0.013443650411736926,0.05332728987732219,-0.04450624053434001,-0.010080080310084474,-0.04768698719291123,0.009505153336102821,0.0010638488018184728,0.007113092888875855,0.06687845183030316,0.010995540752914923,-0.006676617850858083,0.01976885014826104,0.029283721303812595,-0.009167992464907113,-0.038832341462749054,0.02237818151429777,0.012717710392449559,0.010296475655811214,-0.023478266339060944,-0.004735014992643692,-0.004501582709651962,0.017364412034948134,-0.0026046361148119733,0.02735698110423857,-0.02816683299386917,0.014637481778980645,-0.021948201740465217,0.009358722164818041,0.010995540752914923,0.05403808678440582,0.008234497007314618,0.02174189210458515,0.028146743580479788,0.012010287555382082,-0.022355312621270447,-0.008928687386615251,-0.012701069676196095,0.02661484294691724,-0.008914283272468007,-0.005531283497733106,-0.012349117968388144,-0.0026553131864269722,0.004004432609225283,-0.0018643594843942392,0.004697648713570611,-0.00885490157684567,-0.01640676754807789,0.01382292592913411,-0.006676617850858083,0.008234497007314618,0.03597141582685246,0.019630169133731994,0.005796301058396578,0.021517782534755323,-0.012969378802959203,-0.011960106620530474,-0.017460456885740452,0.0197694565146729,-0.07789536190151201,0.02639664739305394,-0.0015817008932514465,0.023042852870975083,0.013150448593677078,0.02281347670535067,-0.03205340946387018,0.01711809116008218,-0.01816582347714058,0.0007752549297910648,0.01976885014826104,0.02174189210458515,0.019630169133731994,0.11304419268145739,0.03168024202705237,0.041352192344453725,-0.05549931080083037,-0.009910399176013315,-0.02124678036915882,0.0017251421943340534,-0.04033169382510973,0.007977751522021605,-0.0021534654408222643,0.035906283635857975,-0.015226843336458313,0.018175541084220377,-0.04595534503390446,0.011137308137311846,-0.01955834973328787,0.01047571337702237,0.029283721303812595,0.028146743580479788,0.005796301058396578,0.03168024202705237,0.052973927760186446,0.007388137500076543,-0.022660586626282113,0.0010126826909749944,-0.002466895100823237,-0.004425390633592299,-0.017431702344031283,0.008231638291819438,-0.005713012186563391,-0.005387682751543703,0.024000582151756343,0.014740906736466646,-0.004222288174946416,0.01738450928554522,-0.022891503126049442,0.005002092706676445,-0.009167992464907113,0.012010287555382082,0.021517782534755323,0.041352192344453725,0.007388137500076543,0.057055254413313994,-0.008178706862485167,-0.010871523706339387,-0.020590317022161346,-0.05505503537007364,0.04972570482096514,-0.020688363582870174,-0.009575180091854322,-0.038737695261212624,0.0367056981767372,0.005027834476027752,0.017930861438436977,-0.007585684372684073,-0.0028101279422262926,-0.015053298599029074,-0.038832341462749054,-0.022355312621270447,-0.012969378802959203,-0.05549931080083037,-0.022660586626282113,-0.008178706862485167,0.09501851595961928,-0.009629125242299677,0.004817809220630846,-0.012441048725289273,-0.003982504258514979,0.013046115183466364,0.01109877371484577,0.018334394833051854,-0.02506674822153184,-0.011636605864846392,-0.013877836245550714,0.004600802376706636,0.006766581918033806,-0.00548890647257714,0.02237818151429777,-0.008928687386615251,-0.011960106620530474,-0.009910399176013315,0.0010126826909749944,-0.010871523706339387,-0.009629125242299677,0.02682920876201733,0.019182475111632548,-0.007131726888900536,0.020828364385938818,-0.00023758323622850267,0.02172883029649995,0.011455114014321359,-0.016199751807045096,-0.016796973315592593,0.01458670564929456,-0.0005832106264895629,0.009033069419258159,-0.002981789097140561,0.012717710392449559,-0.012701069676196095,-0.017460456885740452,-0.02124678036915882,-0.002466895100823237,-0.020590317022161346,0.004817809220630846,0.019182475111632548,0.04106319443398328
0.07543702247504422,-0.01437843123575807,-0.00798918161631438,-0.022592445133030555,-0.0034329949219802924,-0.011090163803598441,-0.003385841140906686,-0.00404480046805277,-0.02182456058961471,0.010995022188529525,0.00709851349378923,-0.0026835012028506673,0.009165828717806312,0.03417751703601542,0.04767872576351992,0.011491927254590658,-0.008710077415693651,-0.03023388343405759,-0.020827752238496648,-0.023656651353899903,-0.01437843123575807,0.046258188309114906,0.00034187054331893897,0.012071263112379445,-0.007151738702232553,-0.006785139496200092,-0.0015700087114931714,0.015773795259614698,0.004186487068235925,-0.012756923331462992,0.0066190727946986785,-0.004721234611884341,0.0036406762221479596,-0.012995370953375567,-0.032967563934162926,-0.017691802901241786,0.0034063365887332057,0.01761094980369055,0.013497588823676396,0.013168196674885817,-0.00798918161631438,0.00034187054331893897,0.03177624995812294,0.010761631746349382,0.004940699431059244,0.018753501065572838,-0.00958156972935938,0.0008754060325260636,-0.005371508990092677,-0.007980749306827083,-0.0038101842018965996,0.004300452379529571,-0.011763884456219297,-0.007314625755495958,-0.003434531947447723,-0.0008495423204012304,0.009854353075151409,-0.001778727947305862,-0.0015349227747528272,0.004791347562567203,-0.022592445133030555,0.012071263112379445,0.010761631746349382,0.04452858066900884,-0.012052420290820928,0.004880208414113511,-0.005627938294527738,0.01635130181122805,0.00937244143301121,0.0032278627345217513,0.0014109054384953657,0.0018173078526347603,-0.004446482111349816,-0.020529891089679436,-0.03363878915945499,-0.014537274906318658,0.008736289678063499,0.004569250876238254,0.010580150319724126,0.020281690738353383,-0.0034329949219802924,-0.007151738702232553,0.004940699431059244,-0.012052420290820928,0.03058071150956434,-0.0005034246043334854,0.001787264116305248,-0.011509416406882945,-0.0026342537797343253,0.000405981046422982,-0.0022299223463707243,0.0003427635697731248,-0.006769375360527631,0.009259001107574126,0.009850104184982809,0.012212529904335464,-0.001373564568628572,0.005281766134816651,-0.0033533860316153205,-0.000193796288446091,-0.011090163803598441,-0.006785139496200092,0.018753501065572838,0.004880208414113511,-0.0005034246043334854,0.04674228864906554,0.005097323540569334,0.0012741700554932344,-0.00028853889801381356,-0.007526671548515144,-0.008850770095866007,0.0025388115265524485,-0.0039285511306457,-0.01557445120167101,0.005793207469909542,-0.004439580301958809,0.010862582116630288,7.437148634586478e-5,-0.012057150111922123,0.007271260817708304,-0.003385841140906686,-0.0015700087114931714,-0.00958156972935938,-0.005627938294527738,0.001787264116305248,0.005097323540569334,0.028841046653249634,-0.004303941761916796,0.010227414759453117,0.005172170659232308,-0.0009698323837705108,-0.0015528939554787962,0.012479853081935915,-0.010505819579477077,-0.000864080924693005,-0.0015108223969278846,-0.004762141896319357,0.0042083361183187125,0.0038847911044832743,-0.0013971911967394783,-0.00404480046805277,0.015773795259614698,0.0008754060325260636,0.01635130181122805,-0.011509416406882945,0.0012741700554932344,-0.004303941761916796,0.04574173323116304,0.0014299403306922123,-0.0012073313361864817,0.007121040507317294,-0.0010874031456862216,-0.0002645420150128627,-0.011247818476019363,-0.013559993354268902,-0.013007303671512585,0.0034564115008104057,0.0008899849372492932,-0.004681661517877348,0.013806584117999543,-0.02182456058961471,0.004186487068235925,-0.005371508990092677,0.00937244143301121,-0.0026342537797343253,-0.00028853889801381356,0.010227414759453117,0.0014299403306922123,0.030036752410683758,0.00254444921354196,-0.004688862981007902,0.0004602923813691903,0.009954642614306244,-0.01672983776048618,-0.019408512424544343,-0.007398520654812536,0.0021320530518130106,0.007625191173950883,0.011781386775728597,0.007154644192010367,0.010995022188529525,-0.012756923331462992,-0.007980749306827083,0.0032278627345217513,0.000405981046422982,-0.007526671548515144,0.005172170659232308,-0.0012073313361864817,0.00254444921354196,0.039484207485687754,0.0014292042533928964,-0.000717725839469977,0.0021543687654343225,0.0054224268482989495,0.015338084622331733,0.002895547774161655,-0.005858635071982587,-0.010158099722900913,-0.004774347320489527,0.0009541071560501197,0.00709851349378923,0.0066190727946986785,-0.0038101842018965996,0.0014109054384953657,-0.0022299223463707243,-0.008850770095866007,-0.0009698323837705108,0.007121040507317294,-0.004688862981007902,0.0014292042533928964,0.01631342283708879,-0.0011029367152065857,-0.0007962946295464448,0.004130921820490258,-0.004072602851509082,0.0005820856038926843,-0.0028835571443044496,-1.7824536336319917e-5,-0.0014966865975144907,0.000789895507527589,-0.0026835012028506673,-0.004721234611884341,0.004300452379529571,0.0018173078526347603,0.0003427635697731248,0.0025388115265524485,-0.0015528939554787962,-0.0010874031456862216,0.0004602923813691903,-0.000717725839469977,-0.0011029367152065857,0.020005916407414528,-0.004465243431115763,-0.00019407018825739076,-0.0025449766317559037,0.0037026491196903927,0.0001168237319217289,0.0007214538537831817,-0.0013363894144267333,-0.0009603266379839564,0.009165828717806312,0.0036406762221479596,-0.011763884456219297,-0.004446482111349816,-0.006769375360527631,-0.0039285511306457,0.012479853081935915,-0.0002645420150128627,0.009954642614306244,0.0021543687654343225,-0.0007962946295464448,-0.004465243431115763,0.03048337536282244,-0.0013353603016582878,-0.004090256447562668,-0.005835058861836535,-0.004365580305711332,-0.0030698396842103724,-0.0012154460887100116,-0.002760303906839706,0.03417751703601542,-0.012995370953375567,-0.007314625755495958,-0.020529891089679436,0.009259001107574126,-0.01557445120167101,-0.010505819579477077,-0.011247818476019363,-0.01672983776048618,0.0054224268482989495,0.004130921820490258,-0.00019407018825739076,-0.0013353603016582878,0.05214286884627696,0.03186106700012342,0.01794371332139292,-0.002821466345299944,-0.009916459636935031,-0.003572155024428498,-0.017247158831107265,0.04767872576351992,-0.032967563934162926,-0.003434531947447723,-0.03363878915945499,0.009850104184982809,0.005793207469909542,-0.000864080924693005,-0.013559993354268902,-0.019408512424544343,0.015338084622331733,-0.004072602851509082,-0.0025449766317559037,-0.004090256447562668,0.03186106700012342,0.08543480971056244,0.019795785874867928,-0.007380278811474281,-0.027487048833821214,-0.028449567555749074,-0.025630277103750036,0.011491927254590658,-0.017691802901241786,-0.0008495423204012304,-0.014537274906318658,0.012212529904335464,-0.004439580301958809,-0.0015108223969278846,-0.013007303671512585,-0.007398520654812536,0.002895547774161655,0.0005820856038926843,0.0037026491196903927,-0.005835058861836535,0.01794371332139292,0.019795785874867928,0.03171121741111454,-0.007683690991166629,-0.004545082277424471,-0.011074398359137476,-0.011348720242220698,-0.008710077415693651,0.0034063365887332057,0.009854353075151409,0.008736289678063499,-0.001373564568628572,0.010862582116630288,-0.004762141896319357,0.0034564115008104057,0.0021320530518130106,-0.005858635071982587,-0.0028835571443044496,0.0001168237319217289,-0.004365580305711332,-0.002821466345299944,-0.007380278811474281,-0.007683690991166629,0.020896886062799408,0.003605248697922893,0.0033712293362729217,0.009207701678295793,-0.03023388343405759,0.01761094980369055,-0.001778727947305862,0.004569250876238254,0.005281766134816651,7.437148634586478e-5,0.0042083361183187125,0.0008899849372492932,0.007625191173950883,-0.010158099722900913,-1.7824536336319917e-5,0.0007214538537831817,-0.0030698396842103724,-0.009916459636935031,-0.027487048833821214,-0.004545082277424471,0.003605248697922893,0.05612287469124789,0.0077547556700484355,0.01877666294644669,-0.020827752238496648,0.013497588823676396,-0.0015349227747528272,0.010580150319724126,-0.0033533860316153205,-0.012057150111922123,0.0038847911044832743,-0.004681661517877348,0.011781386775728597,-0.004774347320489527,-0.0014966865975144907,-0.0013363894144267333,-0.0012154460887100116,-0.003572155024428498,-0.028449567555749074,-0.011074398359137476,0.0033712293362729217,0.0077547556700484355,0.0326758475743332,0.011649884282296432,-0.023656651353899903,0.013168196674885817,0.004791347562567203,0.020281690738353383,-0.000193796288446091,0.007271260817708304,-0.0013971911967394783,0.013806584117999543,0.007154644192010367,0.0009541071560501197,0.000789895507527589,-0.0009603266379839564,-0.002760303906839706,-0.017247158831107265,-0.025630277103750036,-0.011348720242220698,0.009207701678295793,0.01877666294644669,0.011649884282296432,0.031078825792185877
