0.10993851603491803,-0.016563622864979304,0.06927620036798915,-0.023490248640707763,-0.002416056995988573,-0.004683374887952313,-0.0011301080717653613,-0.024539836680123325,-0.012148541910867717,0.053053330210311396,0.05458564592442451,0.02811715490922607,-0.000978717616741293,-0.006746943070060123,-0.08787220850724604,-0.010270118742613731,-0.021338844950515773,0.004535534809922371,-0.06043588598354952,-0.06762096403960396,-0.016563622864979304,0.02920418736278638,-0.02345954173769091,-0.020046022958044602,-0.006100167558792152,-0.0003717682632123179,0.0031939147448351263,-0.0014350616578590243,0.005355925601941801,-0.012279799881117652,-0.015176621161504766,-0.013817042043043761,0.012668213853924207,0.011748486684126258,0.026703188148128172,0.021294760245969695,-0.0011397663040125178,-0.007293824986020857,0.007387893011310446,0.015242210613638878,0.06927620036798915,-0.02345954173769091,0.133163076862169,0.004804270110132252,0.02231344487304808,0.004895125807872161,-0.003647484910169702,-0.013506134890309995,-0.03865306500556905,0.056073395034398496,0.05109927899723599,0.03411211227284415,-0.035106074083213167,-0.03230380534559965,-0.09414500557312275,-0.04653770746789709,-0.01403341040498508,0.026556552794611034,-0.04942300095854934,-0.06624800218253041,-0.023490248640707763,-0.020046022958044602,0.004804270110132252,0.0700944693516607,0.017125245711846204,-0.0006838536631276696,-0.01448349421822357,0.017623899088625425,0.0035918620561251552,-0.02397447763411685,-0.002438848064116367,0.007688898297455859,-0.013674809656671953,-0.034347974757187996,-0.0017965004852810032,-0.005976085360194601,0.03132022355493009,0.010020716917697115,-0.004731577620131075,0.010105151083763066,-0.002416056995988573,-0.006100167558792152,0.02231344487304808,0.017125245711846204,0.037206507377434674,0.014065417635832893,-0.005783102351323505,-0.015149378413237845,-0.005169566311579212,0.002926674590805807,-0.0019107679060126855,-0.007303302337321703,-0.018826540401212805,-0.017540894069790043,-0.015111752505398566,-0.008836968487059279,0.02205248834507003,0.014729980476260607,-0.0028145620753150754,-9.456162563187872e-5,-0.004683374887952313,-0.0003717682632123179,0.004895125807872161,-0.0006838536631276696,0.014065417635832893,0.04419574399372146,0.007851962126226431,-0.0006093626900301649,0.004268011162353463,0.0031926721534483726,-0.013442255462700304,-0.020869328650711443,-0.01653462646708886,0.003789186417975975,0.0048543436339811685,-0.02454291391012988,0.012898887233774426,0.007217613912845597,0.0011493963283501433,-0.010799788752782634,-0.0011301080717653613,0.0031939147448351263,-0.003647484910169702,-0.01448349421822357,-0.005783102351323505,0.007851962126226431,0.03791896139509267,-0.0031584929497474085,0.0055590859784387095,0.01712799428048812,-0.00017820387911892527,-0.013810040311022696,-0.0038576808283115925,0.009195819746624683,0.005970769908348247,-0.01986074980606268,-0.00246549741303436,-0.002949443105104063,0.0077615985877880714,-0.01416261382039637,-0.024539836680123325,-0.0014350616578590243,-0.013506134890309995,0.017623899088625425,-0.015149378413237845,-0.0006093626900301649,-0.0031584929497474085,0.0587425681570591,0.00611345437907355,-0.026692221173942553,0.000199562086687016,0.016132600552469636,0.0053606958050766585,-0.004168947499764059,0.014601405160029352,-0.010821544149140893,-0.0027544920827217625,-0.004517535546607989,0.005915115201079201,0.0037364162063251794,-0.012148541910867717,0.005355925601941801,-0.03865306500556905,0.0035918620561251552,-0.005169566311579212,0.004268011162353463,0.0055590859784387095,0.00611345437907355,0.04260349507716759,-0.018373899191414696,-0.020893251711159168,-0.0042274399136201886,0.007790515893893946,0.007202044516140191,0.01597441185204952,0.015293396232119161,0.004625819835320157,-0.005817846598970218,0.009985743930867333,0.007666820348497457,0.053053330210311396,-0.012279799881117652,0.056073395034398496,-0.02397447763411685,0.002926674590805807,0.0031926721534483726,0.01712799428048812,-0.026692221173942553,-0.018373899191414696,0.07593963812141981,0.03138699702380923,-0.0019559521400052404,-0.015852598016782328,0.007882257280934574,-0.04836052029137479,-0.036836738808668085,-0.014996808341047035,0.005180072121141768,-0.022352241589751715,-0.05068517703999158,0.05458564592442451,-0.015176621161504766,0.05109927899723599,-0.002438848064116367,-0.0019107679060126855,-0.013442255462700304,-0.00017820387911892527,0.000199562086687016,-0.020893251711159168,0.03138699702380923,0.08950844655990063,0.04353515977497911,-0.003435570955709582,-0.033733813274128485,-0.06804871177199248,-0.011390846517362553,-0.013534370049959072,0.008173097727816835,-0.04244778836119088,-0.04851857290806966,0.02811715490922607,-0.013817042043043761,0.03411211227284415,0.007688898297455859,-0.007303302337321703,-0.020869328650711443,-0.013810040311022696,0.016132600552469636,-0.0042274399136201886,-0.0019559521400052404,0.04353515977497911,0.06513466684846572,0.01055626396592161,-0.027319607418573654,-0.05172757966540522,0.005386787075395935,-0.009732473124126582,0.004817026337756195,-0.037772981339044234,-0.022064500625686538,-0.000978717616741293,0.012668213853924207,-0.035106074083213167,-0.013674809656671953,-0.018826540401212805,-0.01653462646708886,-0.0038576808283115925,0.0053606958050766585,0.007790515893893946,-0.015852598016782328,-0.003435570955709582,0.01055626396592161,0.0481603244658797,0.007162383548515991,0.00814190004523191,0.03288283252091407,-0.01622540881183699,-0.012581251356826795,-0.0009177761637909287,0.015009910396067543,-0.006746943070060123,0.011748486684126258,-0.03230380534559965,-0.034347974757187996,-0.017540894069790043,0.003789186417975975,0.009195819746624683,-0.004168947499764059,0.007202044516140191,0.007882257280934574,-0.033733813274128485,-0.027319607418573654,0.007162383548515991,0.06973604546315797,0.04559102381336008,0.002010475153751764,-0.019551796285584858,-0.01383674284071244,0.0326030440047238,0.019363158949375413,-0.08787220850724604,0.026703188148128172,-0.09414500557312275,-0.0017965004852810032,-0.015111752505398566,0.0048543436339811685,0.005970769908348247,0.014601405160029352,0.01597441185204952,-0.04836052029137479,-0.06804871177199248,-0.05172757966540522,0.00814190004523191,0.04559102381336008,0.14429419383390002,0.018292955702088644,0.007087802480173938,-0.023951034202234725,0.07282876417208523,0.07760185386000792,-0.010270118742613731,0.021294760245969695,-0.04653770746789709,-0.005976085360194601,-0.008836968487059279,-0.02454291391012988,-0.01986074980606268,-0.010821544149140893,0.015293396232119161,-0.036836738808668085,-0.011390846517362553,0.005386787075395935,0.03288283252091407,0.002010475153751764,0.018292955702088644,0.08329752339212515,0.0009695562231818505,-0.011748383686291403,-0.005271119345597391,0.03652982259090177,-0.021338844950515773,-0.0011397663040125178,-0.01403341040498508,0.03132022355493009,0.02205248834507003,0.012898887233774426,-0.00246549741303436,-0.0027544920827217625,0.004625819835320157,-0.014996808341047035,-0.013534370049959072,-0.009732473124126582,-0.01622540881183699,-0.019551796285584858,0.007087802480173938,0.0009695562231818505,0.05131980575808402,0.006669179050125115,0.004715968071581665,0.01928698253611969,0.004535534809922371,-0.007293824986020857,0.026556552794611034,0.010020716917697115,0.014729980476260607,0.007217613912845597,-0.002949443105104063,-0.004517535546607989,-0.005817846598970218,0.005180072121141768,0.008173097727816835,0.004817026337756195,-0.012581251356826795,-0.01383674284071244,-0.023951034202234725,-0.011748383686291403,0.006669179050125115,0.027857686600853485,-0.012581972718992663,-0.008713898216685355,-0.06043588598354952,0.007387893011310446,-0.04942300095854934,-0.004731577620131075,-0.0028145620753150754,0.0011493963283501433,0.0077615985877880714,0.005915115201079201,0.009985743930867333,-0.022352241589751715,-0.04244778836119088,-0.037772981339044234,-0.0009177761637909287,0.0326030440047238,0.07282876417208523,-0.005271119345597391,0.004715968071581665,-0.012581972718992663,0.0789337805122146,0.044084865310432694,-0.06762096403960396,0.015242210613638878,-0.06624800218253041,0.010105151083763066,-9.456162563187872e-5,-0.010799788752782634,-0.01416261382039637,0.0037364162063251794,0.007666820348497457,-0.05068517703999158,-0.04851857290806966,-0.022064500625686538,0.015009910396067543,0.019363158949375413,0.07760185386000792,0.03652982259090177,0.01928698253611969,-0.008713898216685355,0.044084865310432694,0.091610553517884
0.1836896343464115,-0.028407963395888206,0.12379340261388905,-0.005290783050127832,0.011798154916847638,0.031377165636863935,-0.016709715536720453,-0.04015183180635613,-0.014111131023978783,0.1004442923489835,0.08089902671457852,0.024111068731547967,0.04845179549318119,-0.03223998603750805,-0.1765486235188135,-0.036839789619491914,0.0023519669935710436,0.004311158393500388,-0.055421924006706424,-0.13887924542876784,-0.028407963395888206,0.10529843610556944,-0.03815597632935268,-0.04067498284611354,-0.027289305006325936,-0.05330729464736955,0.006620935588759163,0.012484534485618233,-0.022450472148652867,-0.0399477005313954,-0.050465076519288124,-0.004846368331111151,0.022348224290433875,0.03731441402453639,0.11339628366237488,0.030493852467079655,0.0003922105284422097,-0.044774417398977244,-0.02606899524259835,0.05382233676159286,0.12379340261388905,-0.03815597632935268,0.21630827290636737,0.01742276656859581,0.043504939779915916,0.0773465729376763,-0.021918931889649017,-0.01074946120022,-0.040471417770350814,0.11774261483465576,0.05077128498359891,0.038044140635838955,0.04373929349959959,-0.06397667144256647,-0.2038596700015693,-0.12034139145462353,0.014656695023284417,0.06167160455492432,-0.047873738146375924,-0.13883706092185988,-0.005290783050127832,-0.04067498284611354,0.01742276656859581,0.044421022131571224,0.013075457054719523,0.022568575719057238,-0.006093521812459849,0.004031485262465946,0.008875285571181817,-0.00017520910812374253,0.015215068020286987,0.005414920538822889,-0.0149402417732096,-0.02930886388650873,-0.046453235742771395,-0.020403588134075105,0.008981580425354175,0.03000147849971954,0.00025144539284779584,-0.01428972222790513,0.011798154916847638,-0.027289305006325936,0.043504939779915916,0.013075457054719523,0.039391043269604104,0.029657727210757958,-0.0063181702320459585,0.0027275538812469857,0.0027773728107209983,0.03317815916968812,0.012066492591180386,-0.0016554643036010238,-0.012129757554046177,-0.02444707810376581,-0.05976558965261727,-0.027728536381080672,0.012815760030292434,0.03634616911985525,-0.006656514239002351,-0.040721693446858595,0.031377165636863935,-0.05330729464736955,0.0773465729376763,0.022568575719057238,0.029657727210757958,0.10040617701520474,0.008470234729952422,-0.0013614687566077697,0.022151681620067393,0.06465744562584684,-0.007783774558391176,-0.029709329184347544,-0.009407658368189114,-0.007600648597629066,-0.10709568315231041,-0.06737737401735312,0.01707671239565366,0.04867339161178791,0.007148866751266004,-0.07885475027240807,-0.016709715536720453,0.006620935588759163,-0.021918931889649017,-0.006093521812459849,-0.0063181702320459585,0.008470234729952422,0.037165877840477285,-0.007814467014032867,0.018467758288542108,-0.001023648298036752,-0.024617360372759668,-0.03186888927683835,-0.010059837136805645,0.014164944441122145,0.016598722441290095,-0.005484947023483736,-0.0025527207871698853,0.0028465971503215002,0.009913476203131868,0.003864585625908975,-0.04015183180635613,0.012484534485618233,-0.01074946120022,0.004031485262465946,0.0027275538812469857,-0.0013614687566077697,-0.007814467014032867,0.04077016662385705,-0.007149051363596197,-0.023269082683437477,-0.007935936719521391,0.012740789240854124,-0.011090367733841984,-0.0018127673821497939,0.03218428544336226,-0.006491645160524636,0.006851383241214898,0.007206878014198331,-0.0012551025514925408,0.02022827799875998,-0.014111131023978783,-0.022450472148652867,-0.040471417770350814,0.008875285571181817,0.0027773728107209983,0.022151681620067393,0.018467758288542108,-0.007149051363596197,0.053143717386453744,-0.004900526565720924,-0.024838762197409537,-0.030032630744886553,-0.026390850929939688,0.020528814464489623,0.007607194867741963,0.01935845469627693,-0.0037226472654446805,-0.003473094436189286,0.022814404242958514,-0.004326866943659217,0.1004442923489835,-0.0399477005313954,0.11774261483465576,-0.00017520910812374253,0.03317815916968812,0.06465744562584684,-0.001023648298036752,-0.023269082683437477,-0.004900526565720924,0.13139022748750695,0.037552775283484385,-0.014910882721500103,0.01671503570408392,-0.013641701035215965,-0.1612677241138294,-0.0795661041865447,0.016881718920015783,0.04919638572456758,-0.022129319478548865,-0.12641160873834853,0.08089902671457852,-0.050465076519288124,0.05077128498359891,0.015215068020286987,0.012066492591180386,-0.007783774558391176,-0.024617360372759668,-0.007935936719521391,-0.024838762197409537,0.037552775283484385,0.14286456746767895,0.04551039000220962,0.003541440038369319,-0.05678995026375118,-0.11566264935543245,-0.02384239031061704,-0.006867373745707155,0.03310509644070902,-0.018646131189453706,-0.06457549149187385,0.024111068731547967,-0.004846368331111151,0.038044140635838955,0.005414920538822889,-0.0016554643036010238,-0.029709329184347544,-0.03186888927683835,0.012740789240854124,-0.030032630744886553,-0.014910882721500103,0.04551039000220962,0.1003731875711781,0.030731081800215273,-0.032223929373582275,-0.027743547268868567,-0.008894510451269239,-0.002325870055607816,-0.005781686416400032,-0.03614270366230764,-0.006514276148433517,0.04845179549318119,0.022348224290433875,0.04373929349959959,-0.0149402417732096,-0.012129757554046177,-0.009407658368189114,-0.010059837136805645,-0.011090367733841984,-0.026390850929939688,0.01671503570408392,0.003541440038369319,0.030731081800215273,0.06995214881628649,-0.007324471298074823,-0.03130355479983835,-0.017467869756344588,-0.016921434023319557,-0.014398815959317742,-0.02343643044689642,-0.01863531211568558,-0.03223998603750805,0.03731441402453639,-0.06397667144256647,-0.02930886388650873,-0.02444707810376581,-0.007600648597629066,0.014164944441122145,-0.0018127673821497939,0.020528814464489623,-0.013641701035215965,-0.05678995026375118,-0.032223929373582275,-0.007324471298074823,0.08042735453106285,0.09211835022185644,0.03690891562701138,-0.004623240150597868,-0.046856600047992455,0.022428609372996112,0.04017349864585864,-0.1765486235188135,0.11339628366237488,-0.2038596700015693,-0.046453235742771395,-0.05976558965261727,-0.10709568315231041,0.016598722441290095,0.03218428544336226,0.007607194867741963,-0.1612677241138294,-0.11566264935543245,-0.027743547268868567,-0.03130355479983835,0.09211835022185644,0.33915051004685726,0.14124609133682764,-0.01713847071283553,-0.10356285201126735,0.0496169864255208,0.21377508004398382,-0.036839789619491914,0.030493852467079655,-0.12034139145462353,-0.020403588134075105,-0.027728536381080672,-0.06737737401735312,-0.005484947023483736,-0.006491645160524636,0.01935845469627693,-0.0795661041865447,-0.02384239031061704,-0.008894510451269239,-0.017467869756344588,0.03690891562701138,0.14124609133682764,0.1409834043050303,-0.01180828460938046,-0.08362975698223757,0.012386321540005154,0.09402059081962855,0.0023519669935710436,0.0003922105284422097,0.014656695023284417,0.008981580425354175,0.012815760030292434,0.01707671239565366,-0.0025527207871698853,0.006851383241214898,-0.0037226472654446805,0.016881718920015783,-0.006867373745707155,-0.002325870055607816,-0.016921434023319557,-0.004623240150597868,-0.01713847071283553,-0.01180828460938046,0.039066226301805174,0.017592408761232775,-0.011506891129989726,-0.014833856249213257,0.004311158393500388,-0.044774417398977244,0.06167160455492432,0.03000147849971954,0.03634616911985525,0.04867339161178791,0.0028465971503215002,0.007206878014198331,-0.003473094436189286,0.04919638572456758,0.03310509644070902,-0.005781686416400032,-0.014398815959317742,-0.046856600047992455,-0.10356285201126735,-0.08362975698223757,0.017592408761232775,0.10913844627427814,-0.0035589246824498607,-0.06448966601759429,-0.055421924006706424,-0.02606899524259835,-0.047873738146375924,0.00025144539284779584,-0.006656514239002351,0.007148866751266004,0.009913476203131868,-0.0012551025514925408,0.022814404242958514,-0.022129319478548865,-0.018646131189453706,-0.03614270366230764,-0.02343643044689642,0.022428609372996112,0.0496169864255208,0.012386321540005154,-0.011506891129989726,-0.0035589246824498607,0.07601636074548183,0.04343664481485649,-0.13887924542876784,0.05382233676159286,-0.13883706092185988,-0.01428972222790513,-0.040721693446858595,-0.07885475027240807,0.003864585625908975,0.02022827799875998,-0.004326866943659217,-0.12641160873834853,-0.06457549149187385,-0.006514276148433517,-0.01863531211568558,0.04017349864585864,0.21377508004398382,0.09402059081962855,-0.014833856249213257,-0.06448966601759429,0.04343664481485649,0.17588104164597174
