0.1454991347870382,-0.029577237232959637,0.11621085326434202,0.01844332106866212,0.007147094097582569,0.012433788329387034,-0.011186291921919913,-0.022452562293692597,-0.019635716576511343,0.07485781773026919,0.053930378716353436,0.050889111933891965,0.019406974531045874,-0.029523754298807322,-0.12754348981216734,-0.03361439421695282,0.01671245502021456,0.021765892277578896,-0.0773677024040955,-0.10062907820335099,-0.029577237232959637,0.0725645312147548,-0.027229536318068025,-0.07280919229823135,-0.010739937466026417,-0.02641609525039136,-0.00011589654382693909,-0.034909291183988875,-0.011312165731521384,-0.010283488133554688,-0.04244385544567071,-0.04297078720347673,0.06341305966297049,0.03447308285211041,0.07592768436094119,0.05276658244952176,-0.05778152418548042,-0.04904874994954983,0.03303905754621949,0.04586923108871057,0.11621085326434202,-0.027229536318068025,0.23510515444969138,0.008685846498231672,0.04877824361223859,0.019730461407990778,-0.04156277987962127,-0.004298559892867376,-0.07169460689757773,0.11867780279170376,0.043569845403726534,0.11035197539134137,0.044218474511177636,-0.06313996238335082,-0.19295486247069116,-0.11969410648195113,0.024961465105321958,0.050144277649657946,-0.0673594630885649,-0.12242097910980643,0.01844332106866212,-0.07280919229823135,0.008685846498231672,0.12557827852824166,0.008820960131249656,0.024284659213984615,-0.005579864365564716,0.05082134398700247,0.018139644636604085,-0.01845172209298421,0.05532940689002469,0.027161264783578873,-0.0876731551100172,-0.04869958665861697,-0.05962099845268112,-0.05487467039483466,0.07510850686098804,0.07283081772791339,-0.04538800483009246,-0.04060599672671224,0.007147094097582569,-0.010739937466026417,0.04877824361223859,0.008820960131249656,0.0356389948846199,0.020959271738396873,-0.011344153911978551,0.00424353260095424,-0.0054040231564799045,0.02044567217075436,-0.01185896856366414,0.02222937753728526,0.0014449948821402565,-0.010377242376922908,-0.05245531957779233,-0.03412370870182446,0.020618337836582568,0.022521942141456433,-0.010822205669318984,-0.025800439083587555,0.012433788329387034,-0.02641609525039136,0.019730461407990778,0.024284659213984615,0.020959271738396873,0.05401923202332687,-0.002798909450221687,0.021527439240224197,0.015364422411947559,0.009271350223310531,-0.008855212557992714,0.006464018867261031,-0.028080705165447934,-0.00227238223783596,-0.05335709682778551,-0.040850336999674025,0.037384973945651996,0.03403362922848381,-0.019590508315689485,-0.040886330297397765,-0.011186291921919913,-0.00011589654382693909,-0.04156277987962127,-0.005579864365564716,-0.011344153911978551,-0.002798909450221687,0.04872230830026759,-0.009916801158831534,0.027560292927154572,-0.007402088869736055,-0.008582250128359288,-0.01882483146153384,-0.008133619304740918,0.011385822220356709,0.030950274980613233,0.012894871901520125,-0.005917975614004315,-0.019168152420554307,0.0068715856633597356,0.008059349920983373,-0.022452562293692597,-0.034909291183988875,-0.004298559892867376,0.05082134398700247,0.00424353260095424,0.021527439240224197,-0.009916801158831534,0.0722493002817631,0.0021344104078323887,-0.01689026830381022,0.025476115354947426,0.024182948043872644,-0.06359610571898922,-0.02846740995234251,-0.016490365577263685,-0.04618168782123627,0.04464444352532992,0.03126963499613347,-0.01774504730863506,-0.013405856860274325,-0.019635716576511343,-0.011312165731521384,-0.07169460689757773,0.018139644636604085,-0.0054040231564799045,0.015364422411947559,0.027560292927154572,0.0021344104078323887,0.06208407486109004,-0.030291603102566317,-0.019853133048921258,-0.0297959422883954,-0.03273131440872225,0.024410663561939886,0.032971870300303394,0.026157818597723162,0.009157222429581112,-0.0019977036275212806,0.01212766273346426,0.012782874850678359,0.07485781773026919,-0.010283488133554688,0.11867780279170376,-0.01845172209298421,0.02044567217075436,0.009271350223310531,-0.007402088869736055,-0.01689026830381022,-0.030291603102566317,0.09806051420435238,0.019365168601650093,0.04960319400959844,0.03043022220883387,-0.014703290750534465,-0.10431345055191382,-0.05687956687987782,0.014127211184060233,0.012796973445196671,-0.03489967111726289,-0.07395379738466568,0.053930378716353436,-0.04244385544567071,0.043569845403726534,0.05532940689002469,-0.01185896856366414,-0.008855212557992714,-0.008582250128359288,0.025476115354947426,-0.019853133048921258,0.019365168601650093,0.11904236252516752,0.04457855048558497,-0.046505667028403655,-0.056483741652985295,-0.059851275422131665,-0.03341547958940404,0.02392784978105537,0.036321676751225385,-0.04238625926856586,-0.04812715876794745,0.050889111933891965,-0.04297078720347673,0.11035197539134137,0.027161264783578873,0.02222937753728526,0.006464018867261031,-0.01882483146153384,0.024182948043872644,-0.0297959422883954,0.04960319400959844,0.04457855048558497,0.10911442712084406,0.007079256254729186,-0.05444915104427653,-0.11522037349635462,-0.06976274805101854,0.03355558153318789,0.030770966123775917,-0.05233395703766952,-0.0671174766574952,0.019406974531045874,0.06341305966297049,0.044218474511177636,-0.0876731551100172,0.0014449948821402565,-0.028080705165447934,-0.008133619304740918,-0.06359610571898922,-0.03273131440872225,0.03043022220883387,-0.046505667028403655,0.007079256254729186,0.14400348751969172,0.023890179323161065,0.01064354052310678,0.04105744032793504,-0.07777599181917638,-0.053572603370778966,0.024066642280427902,0.011761945470462783,-0.029523754298807322,0.03447308285211041,-0.06313996238335082,-0.04869958665861697,-0.010377242376922908,-0.00227238223783596,0.011385822220356709,-0.02846740995234251,0.024410663561939886,-0.014703290750534465,-0.056483741652985295,-0.05444915104427653,0.023890179323161065,0.0685030655062504,0.07345649408809427,0.050034410327802384,-0.03006563263524429,-0.034843179087017354,0.04818145372366936,0.04608815980494735,-0.12754348981216734,0.07592768436094119,-0.19295486247069116,-0.05962099845268112,-0.05245531957779233,-0.05335709682778551,0.030950274980613233,-0.016490365577263685,0.032971870300303394,-0.10431345055191382,-0.059851275422131665,-0.11522037349635462,0.01064354052310678,0.07345649408809427,0.2504078615105784,0.12946154025640622,-0.0710603655074532,-0.0829932880051979,0.09942951586836676,0.15607120390439905,-0.03361439421695282,0.05276658244952176,-0.11969410648195113,-0.05487467039483466,-0.03412370870182446,-0.040850336999674025,0.012894871901520125,-0.04618168782123627,0.026157818597723162,-0.05687956687987782,-0.03341547958940404,-0.06976274805101854,0.04105744032793504,0.050034410327802384,0.12946154025640622,0.13943878415053546,-0.06143958578175824,-0.07340462867481232,0.03975156660610057,0.08623227934146033,0.01671245502021456,-0.05778152418548042,0.024961465105321958,0.07510850686098804,0.020618337836582568,0.037384973945651996,-0.005917975614004315,0.04464444352532992,0.009157222429581112,0.014127211184060233,0.02392784978105537,0.03355558153318789,-0.07777599181917638,-0.03006563263524429,-0.0710603655074532,-0.06143958578175824,0.09336391672014259,0.060227729062221735,-0.03775048014563177,-0.04335000325111606,0.021765892277578896,-0.04904874994954983,0.050144277649657946,0.07283081772791339,0.022521942141456433,0.03403362922848381,-0.019168152420554307,0.03126963499613347,-0.0019977036275212806,0.012796973445196671,0.036321676751225385,0.030770966123775917,-0.053572603370778966,-0.034843179087017354,-0.0829932880051979,-0.07340462867481232,0.060227729062221735,0.08919161048458409,-0.03209235876598393,-0.053227928876241656,-0.0773677024040955,0.03303905754621949,-0.0673594630885649,-0.04538800483009246,-0.010822205669318984,-0.019590508315689485,0.0068715856633597356,-0.01774504730863506,0.01212766273346426,-0.03489967111726289,-0.04238625926856586,-0.05233395703766952,0.024066642280427902,0.04818145372366936,0.09942951586836676,0.03975156660610057,-0.03775048014563177,-0.03209235876598393,0.09878713473552092,0.07480689955960129,-0.10062907820335099,0.04586923108871057,-0.12242097910980643,-0.04060599672671224,-0.025800439083587555,-0.040886330297397765,0.008059349920983373,-0.013405856860274325,0.012782874850678359,-0.07395379738466568,-0.04812715876794745,-0.0671174766574952,0.011761945470462783,0.04608815980494735,0.15607120390439905,0.08623227934146033,-0.04335000325111606,-0.053227928876241656,0.07480689955960129,0.12988012303198498
0.12531586381537926,-0.023232203540547537,0.076227314788331,-0.024781531406573524,-0.00813813906090578,-0.006692991233629196,-0.0015646548932633996,-0.013866955524137348,-0.017901159648229418,0.05638645120329981,0.06351413150669588,0.02992493318519937,0.004626927938199028,-0.008187330925442937,-0.09343900063208346,-0.013962584174285812,-0.02628652371918723,-0.006559107942660485,-0.05861939678026758,-0.07077212942343067,-0.023232203540547537,0.03997670950195505,-0.03683693407267255,-0.022852313075779798,-0.01659825623113292,-0.008723497952492248,0.0002575831279260513,0.0012631975338577464,0.009218659819582692,-0.013852745764040615,-0.020271693805441186,-0.014428858353999294,0.020369778051341672,0.023396926374534135,0.03662802259233044,0.03644628901602903,-0.0019530050963035262,-0.01047639992603392,0.009401510663740318,0.025118677017034068,0.076227314788331,-0.03683693407267255,0.1386228423332284,0.004873158317413116,0.02230182936868482,0.018485753621100907,0.005236525885484464,0.006788517969775738,-0.03397912025910377,0.04241020461931916,0.0587209549951909,0.04243432562848885,-0.0210617516973058,-0.0412879733220782,-0.11628986194186113,-0.059692481074095666,-0.020964315033837833,0.039124040559709514,-0.048431903181405805,-0.07004515746138926,-0.024781531406573524,-0.022852313075779798,0.004873158317413116,0.0732337537210049,0.032530385250690214,0.01261878576234779,-0.013367696992635892,0.003170399006112711,0.003471948491873311,-0.02573138023769309,-0.0004039092828401627,0.002274717219219501,-0.02353340762223918,-0.04437218226183567,-0.006655035496545175,-0.011812935295919222,0.043916266327667146,0.008946271032010147,-0.006337462561386255,0.0054465556321019164,-0.00813813906090578,-0.01659825623113292,0.02230182936868482,0.032530385250690214,0.04755793405010695,0.009523393147737029,0.0012908274690636159,-0.014701962071256661,-0.00742133748947398,-0.0036279315898854123,0.004712919626250065,-0.004451481982589844,-0.016510140992514463,-0.0336812413787268,-0.025208190203252122,-0.022562669015920994,0.022639121062422902,0.019761056068260698,-0.0021469730303214536,-0.01017622806502879,-0.006692991233629196,-0.008723497952492248,0.018485753621100907,0.01261878576234779,0.009523393147737029,0.04616649314052984,0.017320911031697583,0.0120615677764836,0.012706189885373457,-0.0011425600992406692,-0.012193913958176988,-0.016318934600515582,-0.01711034625456287,0.0007941333577898747,-0.008115295748071332,-0.0331378012542211,0.009465179692203722,0.008255601483462209,0.009841854945174734,-0.01591713500366096,-0.0015646548932633996,0.0002575831279260513,0.005236525885484464,-0.013367696992635892,0.0012908274690636159,0.017320911031697583,0.049412550819806764,-0.008393334634547778,0.008942507016096812,0.018975930468716665,-0.004771305524041352,-0.01342951357113599,-0.0013697999216663022,0.011271514083882205,-0.0029166372820424794,-0.0322080831265418,-0.003813823188679074,0.003146431798206701,0.009715078989940814,-0.014632921275725791,-0.013866955524137348,0.0012631975338577464,0.006788517969775738,0.003170399006112711,-0.014701962071256661,0.0120615677764836,-0.008393334634547778,0.048555591209286875,0.005640222450156093,-0.02031587248302084,-0.0008603296876611044,0.015404539598162183,-0.00733806386516636,0.0012814399839425452,0.006553465546481651,-0.004144746604270965,-0.003871501101793689,0.001815185178277336,0.0012466587191298103,0.00691841408266127,-0.017901159648229418,0.009218659819582692,-0.03397912025910377,0.003471948491873311,-0.00742133748947398,0.012706189885373457,0.008942507016096812,0.005640222450156093,0.03758135967682702,-0.005612297181635096,-0.027388543214104454,-0.01574246241016502,-0.0010200832329081526,0.012123967048151964,0.0189263434649285,0.01027851731246895,0.009229151732301048,-0.007206721578139427,0.014519323324367207,0.002458300656927233,0.05638645120329981,-0.013852745764040615,0.04241020461931916,-0.02573138023769309,-0.0036279315898854123,-0.0011425600992406692,0.018975930468716665,-0.02031587248302084,-0.005612297181635096,0.08981999964167615,0.012115849754759992,-0.014255643927263337,0.0020915825086422336,0.02339247273237062,-0.04418771530699327,-0.03996708644318917,-0.022953910330275384,0.003029702793827252,-0.010732274928013584,-0.05341830720691272,0.06351413150669588,-0.020271693805441186,0.0587209549951909,-0.0004039092828401627,0.004712919626250065,-0.012193913958176988,-0.004771305524041352,-0.0008603296876611044,-0.027388543214104454,0.012115849754759992,0.097947058243451,0.059225240964344394,-0.0006582824285123835,-0.041437197426819526,-0.0785275542742078,-0.0003016613424826034,-0.0103015794128315,0.011557324753699312,-0.05315272096664747,-0.039829931090278076,0.02992493318519937,-0.014428858353999294,0.04243432562848885,0.002274717219219501,-0.004451481982589844,-0.016318934600515582,-0.01342951357113599,0.015404539598162183,-0.01574246241016502,-0.014255643927263337,0.059225240964344394,0.08090197299519375,0.008732156273772662,-0.03806651477696486,-0.05645493650187667,0.010433428439153722,-0.010124440686928946,0.012744586491155119,-0.05038202230720672,-0.015559381382050055,0.004626927938199028,0.020369778051341672,-0.0210617516973058,-0.02353340762223918,-0.016510140992514463,-0.01711034625456287,-0.0013697999216663022,-0.00733806386516636,-0.0010200832329081526,0.0020915825086422336,-0.0006582824285123835,0.008732156273772662,0.04752794167672957,0.013290902838540536,0.008147802497365034,0.03385522468263935,-0.021698451305252997,-0.010550660242699995,-0.007613255405310158,0.00841618367253752,-0.008187330925442937,0.023396926374534135,-0.0412879733220782,-0.04437218226183567,-0.0336812413787268,0.0007941333577898747,0.011271514083882205,0.0012814399839425452,0.012123967048151964,0.02339247273237062,-0.041437197426819526,-0.03806651477696486,0.013290902838540536,0.08808209654097675,0.06230357668876681,0.007421728357653845,-0.026671118420287583,-0.025059251724691457,0.04031633609626985,0.017671820910143837,-0.09343900063208346,0.03662802259233044,-0.11628986194186113,-0.006655035496545175,-0.025208190203252122,-0.008115295748071332,-0.0029166372820424794,0.006553465546481651,0.0189263434649285,-0.04418771530699327,-0.0785275542742078,-0.05645493650187667,0.008147802497365034,0.06230357668876681,0.17068634436787855,0.03134269494493015,0.0054153989914600634,-0.035671523491804955,0.0698074038566944,0.08589334153413147,-0.013962584174285812,0.03644628901602903,-0.059692481074095666,-0.011812935295919222,-0.022562669015920994,-0.0331378012542211,-0.0322080831265418,-0.004144746604270965,0.01027851731246895,-0.03996708644318917,-0.0003016613424826034,0.010433428439153722,0.03385522468263935,0.007421728357653845,0.03134269494493015,0.1192021198082518,0.004389473771457401,-0.017047320250399282,-0.015667170516706273,0.043803237753726916,-0.02628652371918723,-0.0019530050963035262,-0.020964315033837833,0.043916266327667146,0.022639121062422902,0.009465179692203722,-0.003813823188679074,-0.003871501101793689,0.009229151732301048,-0.022953910330275384,-0.0103015794128315,-0.010124440686928946,-0.021698451305252997,-0.026671118420287583,0.0054153989914600634,0.004389473771457401,0.060052010412092904,-0.004166816164096816,0.008090998279947834,0.020306311472081152,-0.006559107942660485,-0.01047639992603392,0.039124040559709514,0.008946271032010147,0.019761056068260698,0.008255601483462209,0.003146431798206701,0.001815185178277336,-0.007206721578139427,0.003029702793827252,0.011557324753699312,0.012744586491155119,-0.010550660242699995,-0.025059251724691457,-0.035671523491804955,-0.017047320250399282,-0.004166816164096816,0.052639962304676505,-0.01586839602065441,-0.015734534557607826,-0.05861939678026758,0.009401510663740318,-0.048431903181405805,-0.006337462561386255,-0.0021469730303214536,0.009841854945174734,0.009715078989940814,0.0012466587191298103,0.014519323324367207,-0.010732274928013584,-0.05315272096664747,-0.05038202230720672,-0.007613255405310158,0.04031633609626985,0.0698074038566944,-0.015667170516706273,0.008090998279947834,-0.01586839602065441,0.08038276753914371,0.0348267203010668,-0.07077212942343067,0.025118677017034068,-0.07004515746138926,0.0054465556321019164,-0.01017622806502879,-0.01591713500366096,-0.014632921275725791,0.00691841408266127,0.002458300656927233,-0.05341830720691272,-0.039829931090278076,-0.015559381382050055,0.00841618367253752,0.017671820910143837,0.08589334153413147,0.043803237753726916,0.020306311472081152,-0.015734534557607826,0.0348267203010668,0.08507544235353211
0.192778208244472,-0.03474675111010127,0.04940944831611991,-0.00952826980896489,-0.02352081815023495,0.007157370263696683,0.015362927420637659,-0.05727797644134315,0.06317229920489839,0.0621420465831557,0.060851688656138575,-0.0090374267625406,0.014834622831487029,0.00012432117969955877,-0.12314257939619441,0.03710201556131681,-0.011224183507635231,-0.04287612739380595,-0.02947222545746628,-0.10483442681511176,-0.03474675111010127,0.04212796097361461,-0.01592591999641936,-0.034737302173536475,0.010970962939788354,0.01254656015906273,0.021599997709587707,-0.0006299815899249539,0.002344753929776018,0.00016232244705765338,-0.047225002306325925,-0.018955856941136467,-0.010023300921680396,0.029544872094414306,0.046898278614636815,-0.004127003506043577,0.023542438732931367,0.012894138209183585,0.0014319643491122807,0.02116233082675709,0.04940944831611991,-0.01592591999641936,0.11391061428938899,0.024230587874100033,0.013384643989300019,-0.001429060754196171,-0.006981896172329631,-0.013204275405315973,-0.024940115042480247,0.03093014466425555,0.07408181007922221,0.027843922681979834,-0.012852680188395367,-0.0694713716062256,-0.09446852033451122,-0.016735578492894455,-0.014814903324833381,0.020126695951024703,-0.021635608588484,-0.06188571686587397,-0.00952826980896489,-0.034737302173536475,0.024230587874100033,0.08908831517182147,-0.009866374165064022,-0.029729098054587413,-0.0675003960371722,0.037266092977104814,-0.005479406371089582,-0.051759171658338474,0.031308712799069216,0.04801864233845145,0.010647277027712013,-0.05065199895937795,-0.023658711980339232,0.008315659008573591,-0.03444888666002357,0.0003794255763002214,-0.01770852143005152,0.018735215686207875,-0.02352081815023495,0.010970962939788354,0.013384643989300019,-0.009866374165064022,0.05003730476249987,0.019590272621362717,0.0048954909740473165,-0.0026608435396990836,-0.00473863244328916,-0.004164275137627266,-0.022763044586873463,0.0027921462824066472,-0.020233294731819958,0.0004619601768965885,0.006498989417606085,0.0023210897767074953,0.040678919190885204,0.032600903783526286,0.008701076732329399,0.011539714397831708,0.007157370263696683,0.01254656015906273,-0.001429060754196171,-0.029729098054587413,0.019590272621362717,0.05403541632812543,0.03369370071101689,-0.03623365638302832,0.027107401593251472,0.01388301690864693,-0.04700323073397117,-0.027560858633394983,-0.026366772407190812,0.03655954709236481,0.012331048874395857,-0.012628826522953062,0.041175282132764224,0.01090405486013742,0.013342381155680753,-0.010543408696973424,0.015362927420637659,0.021599997709587707,-0.006981896172329631,-0.0675003960371722,0.0048954909740473165,0.03369370071101689,0.09452371512130422,-0.04336012650081676,0.0010057942736720902,0.06287900988726974,-0.03508512838309595,-0.0617899853693364,-0.014336973127073197,0.02859361309108354,0.008253992500438654,-0.014862722206603719,0.03570825279771263,0.0037481775434273024,0.012420302995389557,-0.0436297374213401,-0.05727797644134315,-0.0006299815899249539,-0.013204275405315973,0.037266092977104814,-0.0026608435396990836,-0.03623365638302832,-0.04336012650081676,0.08203416849884271,-0.02879407069136722,-0.04237242120546408,0.02446271711282446,0.02343044996197679,0.009616691211420184,-0.027168828281029532,0.024491719025350793,-0.012198278242796992,-0.026476905736447752,0.008258921307133349,-0.0019016514603980468,0.038249064321280314,0.06317229920489839,0.002344753929776018,-0.024940115042480247,-0.005479406371089582,-0.00473863244328916,0.027107401593251472,0.0010057942736720902,-0.02879407069136722,0.11259237953405554,-0.01756213967439147,-0.05394362709352858,0.0012816086370812784,-0.015501850385412965,0.053294061153476756,-0.007861829542538164,0.02418277460953372,0.020695800432508946,-0.023503363931189993,-0.0018459849074925268,-0.0010054582752365227,0.0621420465831557,0.00016232244705765338,0.03093014466425555,-0.051759171658338474,-0.004164275137627266,0.01388301690864693,0.06287900988726974,-0.04237242120546408,-0.01756213967439147,0.10487843483804378,0.058150147671436614,-0.03764531621534131,-0.005738116605729093,0.00016230219612025244,-0.06723731213858838,-0.025742211199624884,0.01324578600724004,0.0020130744171384853,-0.0045228267762650026,-0.08865294243469578,0.060851688656138575,-0.047225002306325925,0.07408181007922221,0.031308712799069216,-0.022763044586873463,-0.04700323073397117,-0.03508512838309595,0.02446271711282446,-0.05394362709352858,0.058150147671436614,0.21992784404534987,0.05157431361633527,0.02238548411844897,-0.0982527535344285,-0.14226605783285262,-0.035796562118366904,-0.05414819480459597,-0.00015979680994572532,-0.013982429926255136,-0.08153210388399577,-0.0090374267625406,-0.018955856941136467,0.027843922681979834,0.04801864233845145,0.0027921462824066472,-0.027560858633394983,-0.0617899853693364,0.02343044996197679,0.0012816086370812784,-0.03764531621534131,0.05157431361633527,0.08329256028336258,0.011391184792019437,-0.04480968355048059,-0.03744423786737035,0.0055762152434452195,-0.01823787968168454,0.00812215913401021,-0.021690482286564533,0.017377641558562223,0.014834622831487029,-0.010023300921680396,-0.012852680188395367,0.010647277027712013,-0.020233294731819958,-0.026366772407190812,-0.014336973127073197,0.009616691211420184,-0.015501850385412965,-0.005738116605729093,0.02238548411844897,0.011391184792019437,0.05022982734206139,-0.021504682848632092,-0.010102361248500717,0.02800950999428433,-0.028783838084754862,-0.014300797967724871,-0.008472675981655579,0.007062271127730407,0.00012432117969955877,0.029544872094414306,-0.0694713716062256,-0.05065199895937795,0.0004619601768965885,0.03655954709236481,0.02859361309108354,-0.027168828281029532,0.053294061153476756,0.00016230219612025244,-0.0982527535344285,-0.04480968355048059,-0.021504682848632092,0.11874824691030642,0.07440498374205728,-0.006415721558152536,0.03804140735001311,-0.022236189941899572,0.019871495641659243,0.03132312782489489,-0.12314257939619441,0.046898278614636815,-0.09446852033451122,-0.023658711980339232,0.006498989417606085,0.012331048874395857,0.008253992500438654,0.024491719025350793,-0.007861829542538164,-0.06723731213858838,-0.14226605783285262,-0.03744423786737035,-0.010102361248500717,0.07440498374205728,0.18288307466348733,0.009141769640295238,0.02456136700138803,0.0017656868153801504,0.026402022344941337,0.11543201951009291,0.03710201556131681,-0.004127003506043577,-0.016735578492894455,0.008315659008573591,0.0023210897767074953,-0.012628826522953062,-0.014862722206603719,-0.012198278242796992,0.02418277460953372,-0.025742211199624884,-0.035796562118366904,0.0055762152434452195,0.02800950999428433,-0.006415721558152536,0.009141769640295238,0.09851784741580755,0.0009532709508761148,-0.010652526703248552,-0.017756111933730855,0.02327484405909359,-0.011224183507635231,0.023542438732931367,-0.014814903324833381,-0.03444888666002357,0.040678919190885204,0.041175282132764224,0.03570825279771263,-0.026476905736447752,0.020695800432508946,0.01324578600724004,-0.05414819480459597,-0.01823787968168454,-0.028783838084754862,0.03804140735001311,0.02456136700138803,0.0009532709508761148,0.08046476517987583,0.028784602944869002,0.012398662306314416,0.010310690344006317,-0.04287612739380595,0.012894138209183585,0.020126695951024703,0.0003794255763002214,0.032600903783526286,0.01090405486013742,0.0037481775434273024,0.008258921307133349,-0.023503363931189993,0.0020130744171384853,-0.00015979680994572532,0.00812215913401021,-0.014300797967724871,-0.022236189941899572,0.0017656868153801504,-0.010652526703248552,0.028784602944869002,0.05584966824130346,-0.002408010151164508,0.00951685241244261,-0.02947222545746628,0.0014319643491122807,-0.021635608588484,-0.01770852143005152,0.008701076732329399,0.013342381155680753,0.012420302995389557,-0.0019016514603980468,-0.0018459849074925268,-0.0045228267762650026,-0.013982429926255136,-0.021690482286564533,-0.008472675981655579,0.019871495641659243,0.026402022344941337,-0.017756111933730855,0.012398662306314416,-0.002408010151164508,0.04394125559936617,0.014149323194829169,-0.10483442681511176,0.02116233082675709,-0.06188571686587397,0.018735215686207875,0.011539714397831708,-0.010543408696973424,-0.0436297374213401,0.038249064321280314,-0.0010054582752365227,-0.08865294243469578,-0.08153210388399577,0.017377641558562223,0.007062271127730407,0.03132312782489489,0.11543201951009291,0.02327484405909359,0.010310690344006317,0.00951685241244261,0.014149323194829169,0.13188938781609155
