0.03682346416964383,0.0034712625198332434,0.004167698394578576,-0.02035730745792482,0.010547065741884788,0.016292139882770167,-0.02346795450446517,0.018875105682153847,-0.01859764113095886,0.0203649618636053,0.003352362409244184,0.002932698843569401,0.009108909629154902,-0.008988504131133886,-0.013063767872773335,-0.0068183365645807115,0.012629432643402709,-0.0020165938713041084,-0.023760612555095584,0.010155089466346783,0.0034712625198332434,0.04318181767122815,0.013642654027447671,-0.02396824925080581,0.005088603627781936,-0.006707060950661875,0.010809465820368243,-0.0014236746821915344,0.020587640023281777,0.011295123815924601,0.004878162943207244,-0.009161266885444913,-0.012758296343163038,0.0034894691806629866,0.007150411405463786,0.0015980939128371007,-0.013646107979064358,0.012188808683886873,0.006592881116599268,0.0048409107747200975,0.004167698394578576,0.013642654027447671,0.04059047469666955,-0.00581808332196815,0.003188574437876804,0.007562376492002384,-0.0017450400661448901,0.013501044105053444,0.011998198550034454,0.009442346942398072,-0.00607099501761179,0.0029922093632340097,-0.0009424937555582078,-0.0003476515286146614,0.004271867328933844,-0.0019337077749614958,0.0005307938722842931,-0.010968972686964791,0.011555395863699178,0.006884035274656076,-0.02035730745792482,-0.02396824925080581,-0.00581808332196815,0.10535394933455221,-0.031242819398381895,-0.013177147766495872,0.041608718984381086,0.00161604717031011,0.013425061780993019,-0.03256406339616935,-0.017933851300365067,0.003798164949069722,0.010885302443966655,0.021962330590703565,0.016254293995513668,0.01088439562739732,0.011245229718417236,-0.021433676103609384,0.02618043650610329,-0.003214147440987219,0.010547065741884788,0.005088603627781936,0.003188574437876804,-0.031242819398381895,0.04308478819711887,0.007803031923843066,-0.031237142325885835,0.022210856263635163,-0.01175699660992333,0.028517667534364598,-0.004932293354718746,0.012258341200973404,0.005939699534065269,-0.0002855951116878094,-0.02174120942089644,0.0032346551921084645,0.004477463268006152,-0.005537254496219621,-0.035338851654017844,0.010299285624525444,0.016292139882770167,-0.006707060950661875,0.007562376492002384,-0.013177147766495872,0.007803031923843066,0.07061824650764333,-0.017923318747265694,-0.004819420059817363,-0.024938658594722506,0.023823104178816994,0.020301543948606032,-0.003135413513910765,-0.014186678412348004,-0.011207964704769858,-0.0114014242436377,-0.019500975563991704,-0.004108242956606953,-0.00043993147827884184,0.010035435673948847,0.006311028755758296,-0.02346795450446517,0.010809465820368243,-0.0017450400661448901,0.041608718984381086,-0.031237142325885835,-0.017923318747265694,0.061051407067925736,-0.029855021029412378,0.03783601569033139,-0.03340635379569885,0.003895428208835793,-0.015732947686566846,-0.013120068564914877,0.016917661771285175,0.031304461661561644,0.004684279627607575,-0.015388911180612167,0.010364368798360963,0.042051200396548485,-0.01265687101856842,0.018875105682153847,-0.0014236746821915344,0.013501044105053444,0.00161604717031011,0.022210856263635163,-0.004819420059817363,-0.029855021029412378,0.0677051805638437,-0.004659727344398835,0.02125230719044763,-0.027248528537744746,0.02880177473827754,0.025813888669356674,-0.005639735435612518,-0.024936412028565235,0.00857777730652325,0.015369121357417744,-0.034376384041871384,-0.0431422982990551,0.02064971542022553,-0.01859764113095886,0.020587640023281777,0.011998198550034454,0.013425061780993019,-0.01175699660992333,-0.024938658594722506,0.03783601569033139,-0.004659727344398835,0.05685313640090748,-0.01887531093423414,-0.003495857800916288,-0.005253525070228308,-0.009894436413863051,0.016240050527123552,0.03533777635182445,0.013190294600655766,-0.010699304340871168,0.014398816743000878,0.024881794910796225,-0.0025850960709778836,0.0203649618636053,0.011295123815924601,0.009442346942398072,-0.03256406339616935,0.028517667534364598,0.023823104178816994,-0.03340635379569885,0.02125230719044763,-0.01887531093423414,0.05218376540275266,0.0029602009092749232,0.008926109304168232,0.01083382848831766,-0.006052688219198294,-0.022413197923006382,0.0038483166320069425,0.0051877406041371844,-0.008559694121633682,-0.02547412193665346,0.010862649704597566,0.003352362409244184,0.004878162943207244,-0.00607099501761179,-0.017933851300365067,-0.004932293354718746,0.020301543948606032,0.003895428208835793,-0.027248528537744746,-0.003495857800916288,0.0029602009092749232,0.043409422237702326,-0.012531872961191896,-0.011591708286018852,-0.007244542609018524,0.006273189983342857,-0.012873219285319377,-0.010901041713287415,0.017068332111851187,0.01117038866474153,-0.009612644028637016,0.002932698843569401,-0.009161266885444913,0.0029922093632340097,0.003798164949069722,0.012258341200973404,-0.003135413513910765,-0.015732947686566846,0.02880177473827754,-0.005253525070228308,0.008926109304168232,-0.012531872961191896,0.04171987108229019,0.02471452531772398,-0.002478395716030428,-0.012737449990636626,0.008163670726482348,0.01807777774575394,-0.03399255780024317,-0.025325792475738178,0.0020901498862918857,0.009108909629154902,-0.012758296343163038,-0.0009424937555582078,0.010885302443966655,0.005939699534065269,-0.014186678412348004,-0.013120068564914877,0.025813888669356674,-0.009894436413863051,0.01083382848831766,-0.011591708286018852,0.02471452531772398,0.05111812824352855,-0.004908726961032927,-0.01218290798733819,0.0179988297946369,0.03292459064725723,-0.025951985865022176,-0.027148345294747012,-0.006808411867255193,-0.008988504131133886,0.0034894691806629866,-0.0003476515286146614,0.021962330590703565,-0.0002855951116878094,-0.011207964704769858,0.016917661771285175,-0.005639735435612518,0.016240050527123552,-0.006052688219198294,-0.007244542609018524,-0.002478395716030428,-0.004908726961032927,0.025748274689190973,0.00725426359219531,0.005815341563597079,-0.00576747089969047,0.002970041397251418,0.009163105612521103,0.00188336185550675,-0.013063767872773335,0.007150411405463786,0.004271867328933844,0.016254293995513668,-0.02174120942089644,-0.0114014242436377,0.031304461661561644,-0.024936412028565235,0.03533777635182445,-0.022413197923006382,0.006273189983342857,-0.012737449990636626,-0.01218290798733819,0.00725426359219531,0.043971345802190295,0.0012924102050021389,-0.0068514976572529125,0.02080561896772979,0.030145093796205405,-0.010689376968271842,-0.0068183365645807115,0.0015980939128371007,-0.0019337077749614958,0.01088439562739732,0.0032346551921084645,-0.019500975563991704,0.004684279627607575,0.00857777730652325,0.013190294600655766,0.0038483166320069425,-0.012873219285319377,0.008163670726482348,0.0179988297946369,0.005815341563597079,0.0012924102050021389,0.03776494398799402,0.012640884244686184,-0.01122323951564113,-0.01229337749558301,0.0037908683536023308,0.012629432643402709,-0.013646107979064358,0.0005307938722842931,0.011245229718417236,0.004477463268006152,-0.004108242956606953,-0.015388911180612167,0.015369121357417744,-0.010699304340871168,0.0051877406041371844,-0.010901041713287415,0.01807777774575394,0.03292459064725723,-0.00576747089969047,-0.0068514976572529125,0.012640884244686184,0.0450977692028564,-0.02020149245718334,-0.028084793862601563,-0.00020395506622426307,-0.0020165938713041084,0.012188808683886873,-0.010968972686964791,-0.021433676103609384,-0.005537254496219621,-0.00043993147827884184,0.010364368798360963,-0.034376384041871384,0.014398816743000878,-0.008559694121633682,0.017068332111851187,-0.03399255780024317,-0.025951985865022176,0.002970041397251418,0.02080561896772979,-0.01122323951564113,-0.02020149245718334,0.057964797227987655,0.020355096227402114,-0.006332856663086549,-0.023760612555095584,0.006592881116599268,0.011555395863699178,0.02618043650610329,-0.035338851654017844,0.010035435673948847,0.042051200396548485,-0.0431422982990551,0.024881794910796225,-0.02547412193665346,0.01117038866474153,-0.025325792475738178,-0.027148345294747012,0.009163105612521103,0.030145093796205405,-0.01229337749558301,-0.028084793862601563,0.020355096227402114,0.08405572224805864,-0.01327121415857121,0.010155089466346783,0.0048409107747200975,0.006884035274656076,-0.003214147440987219,0.010299285624525444,0.006311028755758296,-0.01265687101856842,0.02064971542022553,-0.0025850960709778836,0.010862649704597566,-0.009612644028637016,0.0020901498862918857,-0.006808411867255193,0.00188336185550675,-0.010689376968271842,0.0037908683536023308,-0.00020395506622426307,-0.006332856663086549,-0.01327121415857121,0.03108987741729967
0.03197118523741764,-0.009792888432179885,0.012468247142710491,-0.00797052571159696,0.0009776732321420574,0.017159735290270213,-0.0054813695949674345,0.005508959048032273,-0.007172561500155435,-0.0009618943491695082,0.00489332401720928,-0.010366157613711607,-0.018128923183996174,0.0029479036212572067,-0.005621662936802172,-0.00890872768022468,-0.005195393909103127,-0.003140385604596424,0.0019037937713950411,0.008209263521525323,-0.009792888432179885,0.03845282155721662,-0.010679273144528456,0.004616210700393548,0.007457814529991275,0.0020064847252850813,0.001250044727706083,-0.00964668421551939,-0.007659672298290093,0.0034453012088191586,-0.008152180035786737,-0.0075180941057699045,-0.007920034699364122,0.0018447469334507325,0.004323459809633808,-0.002324602362150178,-0.008339507446358578,0.01861359801764799,-0.00781184662548542,-0.005707636573120378,0.012468247142710491,-0.010679273144528456,0.047046460578509613,-0.020569607549519822,-0.0010298750665501029,0.0036924383413856265,-0.004226227112908302,-0.002514703370415687,-0.0013875267024452084,0.00224767732745547,-0.00287672476010764,-0.0022019644632964627,-0.006123871431674189,-0.0020269320786814407,-0.005733394443184327,-0.004949045269969874,-0.0009649315798677847,-0.00837805345763486,0.011370979005331282,0.019743375336572676,-0.00797052571159696,0.004616210700393548,-0.020569607549519822,0.042150437108620806,0.00306382946440762,-0.0015151853576622649,0.0021714326621139427,0.0077037290829700495,0.0030206701435689046,-0.0070460738590824735,0.0017918956811984496,0.013689873939918183,0.009712957177611762,0.005730503928393138,0.009001899452623098,0.007800504746953598,0.0009235655862944612,0.013542997736192608,-0.0033486670252266407,-0.011727466100800513,0.0009776732321420574,0.007457814529991275,-0.0010298750665501029,0.00306382946440762,0.03115227245571826,0.009923884945867222,0.00033693661753726105,-0.005801286613636757,-0.003683787608679682,-0.00265037984134718,-0.008923960250517293,-0.0005699709320574291,-0.00021225471056218227,0.0073400614477899095,-0.006353596740691617,0.007025682157212604,0.004256120607221702,0.004022614112474324,-0.012610979358159252,-0.005624733903501192,0.017159735290270213,0.0020064847252850813,0.0036924383413856265,-0.0015151853576622649,0.009923884945867222,0.053002514092648986,-0.023440290983308503,0.005125116236245213,-0.02124942076588199,0.002264285112265234,-0.0030729943507953558,-0.004939826669087289,-0.014967066761434871,0.0010487823510974955,-0.008605667115562713,-0.012937305154164639,-0.004361284680572621,0.014015663497830413,-0.015208025646121089,0.011729450293949038,-0.0054813695949674345,0.001250044727706083,-0.004226227112908302,0.0021714326621139427,0.00033693661753726105,-0.023440290983308503,0.03900642552973695,-0.0060307050866247195,0.02480432645334487,0.002591808567023527,-0.0004786948559778025,-0.006728511964556723,-0.004317239716564598,0.00580519320252763,0.006070029728527696,0.0010732354113581982,-0.0047665430371969155,0.0011528052350733278,0.01322784004667282,-0.0115855705912583,0.005508959048032273,-0.00964668421551939,-0.002514703370415687,0.0077037290829700495,-0.005801286613636757,0.005125116236245213,-0.0060307050866247195,0.02939606384345176,0.011425075549159038,-0.008227192274084118,0.00659252283905252,0.009942515992485683,0.01133876779987954,0.0009563047620161948,0.001191435071700905,-0.0023572669734829247,0.0014769222213209263,-0.009166125405439086,0.007432614299602448,0.005258859499871434,-0.007172561500155435,-0.007659672298290093,-0.0013875267024452084,0.0030206701435689046,-0.003683787608679682,-0.02124942076588199,0.02480432645334487,0.011425075549159038,0.03659689420168653,-0.006184119739144635,0.009955962986741528,0.010531799275844949,0.013446164179874152,0.009581965952616468,0.010580224862603564,0.0046234206039528,0.0026503478666605558,-0.004435393377090645,0.01536768382900111,-0.007186654633510127,-0.0009618943491695082,0.0034453012088191586,0.00224767732745547,-0.0070460738590824735,-0.00265037984134718,0.002264285112265234,0.002591808567023527,-0.008227192274084118,-0.006184119739144635,0.025326949276009685,-0.00644756129013313,-0.00853162341563982,-0.005320419369993786,-0.0030972184730811547,-0.005205367608359979,-0.003225034092875771,-0.0027444100007254545,0.004667085582482432,-0.005569046737672633,0.0016045739392728424,0.00489332401720928,-0.008152180035786737,-0.00287672476010764,0.0017918956811984496,-0.008923960250517293,-0.0030729943507953558,-0.0004786948559778025,0.00659252283905252,0.009955962986741528,-0.00644756129013313,0.030938075077731383,0.014770730950711774,0.015399202268820324,-0.0032528945150075593,0.007922090293549762,0.0005785919399099895,0.005636703666314307,-0.006027251897469959,0.0037434688804995446,-0.0008967485375445721,-0.010366157613711607,-0.0075180941057699045,-0.0022019644632964627,0.013689873939918183,-0.0005699709320574291,-0.004939826669087289,-0.006728511964556723,0.009942515992485683,0.010531799275844949,-0.00853162341563982,0.014770730950711774,0.046639858302334435,0.032868562934069305,-0.0019306329478056537,0.007055479771900812,0.011510808045274294,0.012106274461035502,-0.008734557625660153,-0.0025888859800206237,-0.008953852451896581,-0.018128923183996174,-0.007920034699364122,-0.006123871431674189,0.009712957177611762,-0.00021225471056218227,-0.014967066761434871,-0.004317239716564598,0.01133876779987954,0.013446164179874152,-0.005320419369993786,0.015399202268820324,0.032868562934069305,0.07874404135908022,-0.009489622631475842,0.007232739189730434,0.03328783746565467,0.025158690634789295,-0.012988640055049752,-0.012124099675605992,-0.009411911048316263,0.0029479036212572067,0.0018447469334507325,-0.0020269320786814407,0.005730503928393138,0.0073400614477899095,0.0010487823510974955,0.00580519320252763,0.0009563047620161948,0.009581965952616468,-0.0030972184730811547,-0.0032528945150075593,-0.0019306329478056537,-0.009489622631475842,0.025635450782904624,0.0014525728376091308,-0.005848105965450184,-0.007634128413812289,0.00603318504710403,-0.002187902032337963,-0.0029386231211085702,-0.005621662936802172,0.004323459809633808,-0.005733394443184327,0.009001899452623098,-0.006353596740691617,-0.008605667115562713,0.006070029728527696,0.001191435071700905,0.010580224862603564,-0.005205367608359979,0.007922090293549762,0.007055479771900812,0.007232739189730434,0.0014525728376091308,0.02051351454522997,0.001106182728720784,-0.00142469567790465,0.003489126661611836,0.003830612704341216,-0.0039445154730573815,-0.00890872768022468,-0.002324602362150178,-0.004949045269969874,0.007800504746953598,0.007025682157212604,-0.012937305154164639,0.0010732354113581982,-0.0023572669734829247,0.0046234206039528,-0.003225034092875771,0.0005785919399099895,0.011510808045274294,0.03328783746565467,-0.005848105965450184,0.001106182728720784,0.038288709033330565,0.012918679541777521,-0.009163122314281959,-0.006479055707947516,-0.010102479585233082,-0.005195393909103127,-0.008339507446358578,-0.0009649315798677847,0.0009235655862944612,0.004256120607221702,-0.004361284680572621,-0.0047665430371969155,0.0014769222213209263,0.0026503478666605558,-0.0027444100007254545,0.005636703666314307,0.012106274461035502,0.025158690634789295,-0.007634128413812289,-0.00142469567790465,0.012918679541777521,0.03220406532149719,-0.01581894576973112,-0.008242359344319546,-0.0011635061859200302,-0.003140385604596424,0.01861359801764799,-0.00837805345763486,0.013542997736192608,0.004022614112474324,0.014015663497830413,0.0011528052350733278,-0.009166125405439086,-0.004435393377090645,0.004667085582482432,-0.006027251897469959,-0.008734557625660153,-0.012988640055049752,0.00603318504710403,0.003489126661611836,-0.009163122314281959,-0.01581894576973112,0.044759985044480165,-0.0074723702236730635,-0.0011764482771924835,0.0019037937713950411,-0.00781184662548542,0.011370979005331282,-0.0033486670252266407,-0.012610979358159252,-0.015208025646121089,0.01322784004667282,0.007432614299602448,0.01536768382900111,-0.005569046737672633,0.0037434688804995446,-0.0025888859800206237,-0.012124099675605992,-0.002187902032337963,0.003830612704341216,-0.006479055707947516,-0.008242359344319546,-0.0074723702236730635,0.04565161899146455,0.00878747212068528,0.008209263521525323,-0.005707636573120378,0.019743375336572676,-0.011727466100800513,-0.005624733903501192,0.011729450293949038,-0.0115855705912583,0.005258859499871434,-0.007186654633510127,0.0016045739392728424,-0.0008967485375445721,-0.008953852451896581,-0.009411911048316263,-0.0029386231211085702,-0.0039445154730573815,-0.010102479585233082,-0.0011635061859200302,-0.0011764482771924835,0.00878747212068528,0.03317681868124077
0.05577900017052751,0.005414894722231898,0.020250880698444426,-0.007457066220398701,-0.010348343638252702,-0.002500777357933012,0.0007435331194770028,0.00412328816985897,-0.009995071680926323,-0.007814758633895786,0.020530619839893478,-0.022604725532998252,-0.01607800981297897,-0.005839209467427785,0.004720066492524589,-0.025762101361866963,-0.016377682684282455,0.004609812424590746,0.009962678162178131,0.01702993464377029,0.005414894722231898,0.02633587595661663,0.0006690152927726735,-0.0006028329779972385,0.006404118583943682,-0.007434934108154025,0.005046753507034209,-0.002151237806076463,-2.7412289594547223e-5,0.003985045188265234,0.003055693039090453,-0.0038700407711873813,0.005297182072977247,0.010294821300402112,-0.003772807065468472,-0.004239047926705843,-0.011425286375908285,0.008646853167160719,0.008908954959232619,-0.005951077531471963,0.020250880698444426,0.0006690152927726735,0.042257887053317136,-0.0052511847143580734,-0.010655387741704984,0.0013733844683099046,0.009910785030092305,0.0029459758433360347,0.006356253930704283,-0.013912901607918981,0.0043613432083520025,-0.015637826181873017,-0.011525622452074656,-0.009781147396147216,0.005621576679687062,-0.007028489373677907,-0.008857383441125457,0.0050665353445099506,0.01355415424605404,0.01822610212884136,-0.007457066220398701,-0.0006028329779972385,-0.0052511847143580734,0.036384980120934114,0.009289539038194855,0.0012325376285666103,0.0021018838921636478,0.0024539312521246553,-0.011196669907049183,0.004411170583335787,-0.009607623682212945,-0.0009203790484900858,-0.0005428401169098656,0.0012560315583041608,-0.0028358660284489414,0.000980552930236671,0.0031243426069472824,0.0017498446794871926,-0.005978500237527605,-0.013316026457128066,-0.010348343638252702,0.006404118583943682,-0.010655387741704984,0.009289539038194855,0.057943556312573814,0.022003779377214157,-0.01324116063394382,0.006582475516961273,0.0019696810193599347,0.006860209996017257,-0.021980620247417273,0.026693512613996294,0.015072761137475205,0.02643787146446723,-0.014592012882122312,0.011848894907532765,0.0032933810228404433,-0.0096135499016015,-0.0018198855148456269,-0.005329921198488268,-0.002500777357933012,-0.007434934108154025,0.0013733844683099046,0.0012325376285666103,0.022003779377214157,0.0477459144532497,-0.009472551694348404,0.006881822720873488,-0.0054074675202399405,0.00129818345026577,-0.014459427705299899,0.013351987451523321,0.01094107333053437,-0.0003605617421890098,-0.002784749593592155,0.010900747807791957,0.012696984817447823,-0.011288342743207579,-0.006297767931713199,0.003574435584044106,0.0007435331194770028,0.005046753507034209,0.009910785030092305,0.0021018838921636478,-0.01324116063394382,-0.009472551694348404,0.02988612685267454,-0.010074530743315286,0.008237619935131796,-0.0049727549173561834,0.007068174791460162,-0.016360005906872487,-0.0010354488458493474,-0.012824461736419794,0.00649816569977114,0.008209908937491546,-0.002072975879058154,0.010724473211669586,0.006416834655227504,-0.0011113937563384778,0.00412328816985897,-0.002151237806076463,0.0029459758433360347,0.0024539312521246553,0.006582475516961273,0.006881822720873488,-0.010074530743315286,0.017556989855691065,-0.003337303680608335,-0.0005228106486230826,-0.009508726217834673,0.005086240363923704,0.005700238922952733,0.004287164442533966,-0.010689824811398515,0.0022151203458304295,-0.0014426812769414408,-0.01382388483352619,-0.0013247773264558908,-0.0025829651964466398,-0.009995071680926323,-2.7412289594547223e-5,0.006356253930704283,-0.011196669907049183,0.0019696810193599347,-0.0054074675202399405,0.008237619935131796,-0.003337303680608335,0.030195107301288274,-0.003400686248909236,0.0031142076902441387,0.012718244482474123,0.0005578958562190602,0.009927696691017831,0.009152880061341077,0.012713506034219222,0.0053799550720419476,0.01249119955297941,0.011102498794114835,0.006392048331202974,-0.007814758633895786,0.003985045188265234,-0.013912901607918981,0.004411170583335787,0.006860209996017257,0.00129818345026577,-0.0049727549173561834,-0.0005228106486230826,-0.003400686248909236,0.0267405839855751,-0.0003466545927914104,0.01073897940901782,0.01139075283601761,0.0024156770782368248,-0.00555350979151782,0.004542690238831421,0.011751777191861462,-0.00048309484442051083,-0.0036239988687275767,-0.008953489536924365,0.020530619839893478,0.003055693039090453,0.0043613432083520025,-0.009607623682212945,-0.021980620247417273,-0.014459427705299899,0.007068174791460162,-0.009508726217834673,0.0031142076902441387,-0.0003466545927914104,0.03830299591263865,-0.010962043916751199,-0.003967085418208014,-0.01039401627348449,0.016362072956009555,-0.02470748464660532,-0.0031210741599057286,0.013645906856965852,0.0037377277284982367,0.0042827569727774,-0.022604725532998252,-0.0038700407711873813,-0.015637826181873017,-0.0009203790484900858,0.026693512613996294,0.013351987451523321,-0.016360005906872487,0.005086240363923704,0.012718244482474123,0.01073897940901782,-0.010962043916751199,0.05775976929447432,0.026534381077427546,0.01941817933059663,-0.006024628292392282,0.01950313862433132,0.02375856960058563,-0.013463739122751301,-0.005308515443117926,-0.008915217291259204,-0.01607800981297897,0.005297182072977247,-0.011525622452074656,-0.0005428401169098656,0.015072761137475205,0.01094107333053437,-0.0010354488458493474,0.005700238922952733,0.0005578958562190602,0.01139075283601761,-0.003967085418208014,0.026534381077427546,0.052819052604874316,0.0007343530760672758,-0.01241063112256801,0.02470223636073864,0.021506420397260827,-0.015187789192098943,-0.006168522428488923,-0.02215267611529515,-0.005839209467427785,0.010294821300402112,-0.009781147396147216,0.0012560315583041608,0.02643787146446723,-0.0003605617421890098,-0.012824461736419794,0.004287164442533966,0.009927696691017831,0.0024156770782368248,-0.01039401627348449,0.01941817933059663,0.0007343530760672758,0.04293396353647657,-0.0077584424749171325,-0.004144970719228807,-0.009102103436602865,0.0006102777453696434,0.0021007824088451706,-0.0004019619933347338,0.004720066492524589,-0.003772807065468472,0.005621576679687062,-0.0028358660284489414,-0.014592012882122312,-0.002784749593592155,0.00649816569977114,-0.010689824811398515,0.009152880061341077,-0.00555350979151782,0.016362072956009555,-0.006024628292392282,-0.01241063112256801,-0.0077584424749171325,0.03588905199130292,-0.01434379220567858,-0.0025521871781082565,0.01192300192466703,0.00018857410355837948,0.013146398705909798,-0.025762101361866963,-0.004239047926705843,-0.007028489373677907,0.000980552930236671,0.011848894907532765,0.010900747807791957,0.008209908937491546,0.0022151203458304295,0.012713506034219222,0.004542690238831421,-0.02470748464660532,0.01950313862433132,0.02470223636073864,-0.004144970719228807,-0.01434379220567858,0.0611896971174768,0.022256293060342183,-0.010084833875403102,0.0018845168143381665,-0.01245498596260889,-0.016377682684282455,-0.011425286375908285,-0.008857383441125457,0.0031243426069472824,0.0032933810228404433,0.012696984817447823,-0.002072975879058154,-0.0014426812769414408,0.0053799550720419476,0.011751777191861462,-0.0031210741599057286,0.02375856960058563,0.021506420397260827,-0.009102103436602865,-0.0025521871781082565,0.022256293060342183,0.04917024404151356,-0.0065116184061881285,-0.014358693507994229,-0.0047746605251631855,0.004609812424590746,0.008646853167160719,0.0050665353445099506,0.0017498446794871926,-0.0096135499016015,-0.011288342743207579,0.010724473211669586,-0.01382388483352619,0.01249119955297941,-0.00048309484442051083,0.013645906856965852,-0.013463739122751301,-0.015187789192098943,0.0006102777453696434,0.01192300192466703,-0.010084833875403102,-0.0065116184061881285,0.04057922652107899,0.008899836595922458,0.0066098268719761155,0.009962678162178131,0.008908954959232619,0.01355415424605404,-0.005978500237527605,-0.0018198855148456269,-0.006297767931713199,0.006416834655227504,-0.0013247773264558908,0.011102498794114835,-0.0036239988687275767,0.0037377277284982367,-0.005308515443117926,-0.006168522428488923,0.0021007824088451706,0.00018857410355837948,0.0018845168143381665,-0.014358693507994229,0.008899836595922458,0.03301461059396932,0.00398928473654203,0.01702993464377029,-0.005951077531471963,0.01822610212884136,-0.013316026457128066,-0.005329921198488268,0.003574435584044106,-0.0011113937563384778,-0.0025829651964466398,0.006392048331202974,-0.008953489536924365,0.0042827569727774,-0.008915217291259204,-0.02215267611529515,-0.0004019619933347338,0.013146398705909798,-0.01245498596260889,-0.0047746605251631855,0.0066098268719761155,0.00398928473654203,0.04046276377890775
