0.09933819072095246,-0.006790928894320971,0.03649389327510384,-0.019767014432504504,-0.005425562106874179,-0.013504836606332327,0.0009078226273105425,-0.026451920789162982,-0.004039837985392506,0.032166265010074926,0.035652735030781764,0.02175464814493153,0.02353572156093587,-0.0032882927045696777,-0.06914567507058406,0.026889821408110096,-0.0072084865786049375,-0.011348712366350613,-0.0420564720186338,-0.04790797529378285,-0.006790928894320971,0.031618612713715334,-0.016375806572963614,-0.02801783601951952,-0.006348694564135598,-0.00236069324846337,0.0005005383943400953,-0.007587051769081662,0.0021875984672263954,-0.0044817111511638455,-0.0200637850294485,-0.013646874051096228,0.011581863291388978,0.021946192193086977,0.02560327485091844,0.02375943309249491,-0.002544387405131803,-0.011764265496342827,0.008551053149632865,0.014274199394925167,0.03649389327510384,-0.016375806572963614,0.09080704876913087,0.023703832677002067,0.023208911135851423,0.012574175797705076,-0.0016795598774026655,0.012530851551761748,-0.026807999917351222,0.02499405476099158,0.05032668076015903,0.024475878105184923,-0.021109309286634542,-0.04726335418958616,-0.06835091494138018,-0.03915026427853173,0.0060527553481306475,0.028498883601476368,-0.034761660446555084,-0.04546698221265844,-0.019767014432504504,-0.02801783601951952,0.023703832677002067,0.09317795042078503,0.026771023150787367,0.017864320502364466,-0.018177854938541918,0.04595247327727176,0.005467497754663998,-0.028594682121411044,0.02641370026572812,0.014313709026611547,-0.03180806477780401,-0.05796092459488929,-0.02182690122112676,-0.04501380975835558,0.03016153575675608,0.0314637889082089,-0.032711724843760726,-0.009158727969159721,-0.005425562106874179,-0.006348694564135598,0.023208911135851423,0.026771023150787367,0.03727685802106956,0.020480346658001934,-0.0059045053681320596,0.009414904633588536,0.0007004326946863282,-0.008863445175881174,0.005336442998824976,-0.005760353860055032,-0.023278937634388444,-0.02654231440594189,-0.021854048322999527,-0.018209034092394077,0.02280905196505323,0.02232964977702591,-0.009989834551993891,-0.007922357125101732,-0.013504836606332327,-0.00236069324846337,0.012574175797705076,0.017864320502364466,0.020480346658001934,0.05622351866501248,0.01213399054516466,0.013731879745136835,0.010255852431405872,-0.0048076764816973126,0.0024954639155810835,-0.021861084528333262,-0.030952594113871315,-0.007929937555833256,-0.01377811260542447,-0.043994270311330484,0.023694262760269556,0.029170802855820712,-0.005373353130184624,-0.015801446028503842,0.0009078226273105425,0.0005005383943400953,-0.0016795598774026655,-0.018177854938541918,-0.0059045053681320596,0.01213399054516466,0.04359018554375215,-0.014157329183855597,0.009422807408395439,0.015783464058205767,-0.011296850634783674,-0.011441379448098468,-0.005068113256988261,0.016656570280185756,-0.008788404007288943,-0.015200235572442395,0.0005582375730239192,0.00132309429587932,0.00610605892502095,-0.01164982132348097,-0.026451920789162982,-0.007587051769081662,0.012530851551761748,0.04595247327727176,0.009414904633588536,0.013731879745136835,-0.014157329183855597,0.07415262109211952,-0.008921145823628896,-0.02653882122948465,0.028144268271342324,0.013167944687037133,-0.020558033936735307,-0.03457125569799402,0.0018603662105917775,-0.04361932549508772,0.0076989548810353515,0.027158291280537726,-0.02292534340079476,-0.004541970187144992,-0.004039837985392506,0.0021875984672263954,-0.026807999917351222,0.005467497754663998,0.0007004326946863282,0.010255852431405872,0.009422807408395439,-0.008921145823628896,0.04263886957695926,-0.008608935024387074,-0.02962757406115244,-0.011297987264712286,-0.0026632159613532835,0.014251703535229192,0.008856071810327281,0.007638789111287501,0.0061355634909480115,-0.008712640387695193,0.008185212851671654,0.0018504270765091165,0.032166265010074926,-0.0044817111511638455,0.02499405476099158,-0.028594682121411044,-0.008863445175881174,-0.0048076764816973126,0.015783464058205767,-0.02653882122948465,-0.008608935024387074,0.05576145327299065,0.017457009701430652,-0.00015066906805175908,0.006149233437806225,0.009164963042468733,-0.03579067940557896,-0.007654930438923095,-0.01003234367497719,0.002881810952818236,-0.00408037762933976,-0.030598693292937993,0.035652735030781764,-0.0200637850294485,0.05032668076015903,0.02641370026572812,0.005336442998824976,0.0024954639155810835,-0.011296850634783674,0.028144268271342324,-0.02962757406115244,0.017457009701430652,0.11241942217325974,0.04079306407179173,-0.016921577064746614,-0.06371394600732597,-0.06154983929832698,-0.036194100177996444,-0.0007873241138306401,0.03427183940738586,-0.05880897273577239,-0.04754571059111139,0.02175464814493153,-0.013646874051096228,0.024475878105184923,0.014313709026611547,-0.005760353860055032,-0.021861084528333262,-0.011441379448098468,0.013167944687037133,-0.011297987264712286,-0.00015066906805175908,0.04079306407179173,0.06417784930421794,0.011983211440307529,-0.028668116061424713,-0.036811511299784855,0.0012355062510950841,0.0004036188650453289,0.0019854300425958754,-0.03981679361491561,-0.01610286957948146,0.02353572156093587,0.011581863291388978,-0.021109309286634542,-0.03180806477780401,-0.023278937634388444,-0.030952594113871315,-0.005068113256988261,-0.020558033936735307,-0.0026632159613532835,0.006149233437806225,-0.016921577064746614,0.011983211440307529,0.06112796857363877,0.02799204968865679,0.0024379810804787535,0.0528947380512203,-0.025652079120946854,-0.029835087861705682,0.007832740567953626,0.012466105001758685,-0.0032882927045696777,0.021946192193086977,-0.04726335418958616,-0.05796092459488929,-0.02654231440594189,-0.007929937555833256,0.016656570280185756,-0.03457125569799402,0.014251703535229192,0.009164963042468733,-0.06371394600732597,-0.028668116061424713,0.02799204968865679,0.09096027532442671,0.04899046293587962,0.03751191650799521,-0.020949800288545137,-0.035634418990842354,0.0497716965495976,0.03115847258193901,-0.06914567507058406,0.02560327485091844,-0.06835091494138018,-0.02182690122112676,-0.021854048322999527,-0.01377811260542447,-0.008788404007288943,0.0018603662105917775,0.008856071810327281,-0.03579067940557896,-0.06154983929832698,-0.036811511299784855,0.0024379810804787535,0.04899046293587962,0.13661273758043024,0.0212865275355646,-0.021324325377112693,-0.03627887081360005,0.06209755652861483,0.06986295930519604,0.026889821408110096,0.02375943309249491,-0.03915026427853173,-0.04501380975835558,-0.018209034092394077,-0.043994270311330484,-0.015200235572442395,-0.04361932549508772,0.007638789111287501,-0.007654930438923095,-0.036194100177996444,0.0012355062510950841,0.0528947380512203,0.03751191650799521,0.0212865275355646,0.11527299778445807,-0.01464232105711882,-0.05012691453036892,0.016926265252355348,0.03351165233011696,-0.0072084865786049375,-0.002544387405131803,0.0060527553481306475,0.03016153575675608,0.02280905196505323,0.023694262760269556,0.0005582375730239192,0.0076989548810353515,0.0061355634909480115,-0.01003234367497719,-0.0007873241138306401,0.0004036188650453289,-0.025652079120946854,-0.020949800288545137,-0.021324325377112693,-0.01464232105711882,0.051838740957446915,0.019023451547775933,-0.01272891298622297,-0.0006564373516968788,-0.011348712366350613,-0.011764265496342827,0.028498883601476368,0.0314637889082089,0.02232964977702591,0.029170802855820712,0.00132309429587932,0.027158291280537726,-0.008712640387695193,0.002881810952818236,0.03427183940738586,0.0019854300425958754,-0.029835087861705682,-0.035634418990842354,-0.03627887081360005,-0.05012691453036892,0.019023451547775933,0.060130388381747446,-0.028183619232468923,-0.02303342749283576,-0.0420564720186338,0.008551053149632865,-0.034761660446555084,-0.032711724843760726,-0.009989834551993891,-0.005373353130184624,0.00610605892502095,-0.02292534340079476,0.008185212851671654,-0.00408037762933976,-0.05880897273577239,-0.03981679361491561,0.007832740567953626,0.0497716965495976,0.06209755652861483,0.016926265252355348,-0.01272891298622297,-0.028183619232468923,0.0860143205345321,0.04206563292653674,-0.04790797529378285,0.014274199394925167,-0.04546698221265844,-0.009158727969159721,-0.007922357125101732,-0.015801446028503842,-0.01164982132348097,-0.004541970187144992,0.0018504270765091165,-0.030598693292937993,-0.04754571059111139,-0.01610286957948146,0.012466105001758685,0.03115847258193901,0.06986295930519604,0.03351165233011696,-0.0006564373516968788,-0.02303342749283576,0.04206563292653674,0.06792363724622384
0.21876045059359456,-0.024249719801806593,0.15113892789017008,-0.016838410237074528,-0.005324681120501013,-0.0292949724149647,-0.008200406309647676,-0.045603446827047006,-0.019288470343045646,0.08209015291608716,0.16717668224412152,0.04559676652142979,-0.0201560412568514,-0.05935004598305861,-0.18990516859762394,-0.010574222362126951,-0.022516045806554277,0.0005904314457630202,-0.07919690354215911,-0.16687136359536991,-0.024249719801806593,0.04568856057454028,-0.01806336598848251,-0.03604918481343343,-0.014315759132815764,-0.007798914665077327,0.0026285883933124398,0.02102128092590155,0.002230646169058356,-0.02102634579778109,0.02017042967086881,0.019823386866583463,0.026570675416148357,0.011179054569887634,0.027878737280143603,-0.002196287155988123,-0.02936525500441503,-0.019933123836968998,0.0021211836157521997,0.014462171455660871,0.15113892789017008,-0.01806336598848251,0.2170544135729882,0.015413158788233728,0.01936661128136461,-0.05121550773044982,-0.022885123355036195,-0.027659483708885692,-0.038302856801936264,0.062325699414630564,0.20121875504901537,0.09161085478325666,-0.043750077834298004,-0.10235613919156497,-0.20310395392084546,-0.03692728810150833,-0.025516436728178035,0.012931490686126488,-0.06690852975721778,-0.15575120141130128,-0.016838410237074528,-0.03604918481343343,0.015413158788233728,0.09241310330390932,0.015301145852833247,-0.009548173933699937,-0.02742213073270659,0.006567191952454395,-0.021494693053110546,-0.002922643153006911,0.00420843425616165,0.013339303396555518,-0.02882705048237382,-0.025002967875786045,-0.019908305860977367,0.011175680051041168,0.037689804577101846,0.013642026381988609,-0.02594243898914754,-0.01961939798313849,-0.005324681120501013,-0.014315759132815764,0.01936661128136461,0.015301145852833247,0.030523935479490637,0.0023914293483248946,-0.0032831418384645303,-0.0046093473212124765,0.0036562937772216504,0.012713886382156297,-0.0026794797866926453,-0.010931845402937013,-0.022846830689653482,-0.01119685500771059,-0.019513082612149433,-0.005755296021071336,0.01670435638375881,0.017658283910167674,0.008774565555409434,-0.00380633095917713,-0.0292949724149647,-0.007798914665077327,-0.05121550773044982,-0.009548173933699937,0.0023914293483248946,0.05525721947778316,0.024969657903093044,-0.014051420851216787,0.0294171809292025,0.007741642636231488,-0.1099710113634011,-0.07044610887965069,0.010314217086336078,0.045690531166271836,0.057618739981850096,-0.0027352602234769667,0.018086593758013247,0.010626626320946315,0.030999812071837458,0.04384530096631689,-0.008200406309647676,0.0026285883933124398,-0.022885123355036195,-0.02742213073270659,-0.0032831418384645303,0.024969657903093044,0.04835953024971832,-0.023496731507382636,0.01808991772369155,0.021319216468275067,-0.06891915167796163,-0.05596883389154016,0.005903250424894947,0.026573900662385564,0.035387804599877226,-0.010507353592704011,0.010076435095247499,0.004914345002077258,0.02167245449999989,0.025135955891896204,-0.045603446827047006,0.02102128092590155,-0.027659483708885692,0.006567191952454395,-0.0046093473212124765,-0.014051420851216787,-0.023496731507382636,0.0680583427287744,0.0007537470587961718,-0.04279543950356113,0.05296147833549923,0.06018823163157851,0.012105465951836956,-0.010889560968384386,0.012978636872849954,-0.007292496000121847,-0.01460071222842728,-0.015598493048561658,0.0032522777914208126,-0.0026801952820503794,-0.019288470343045646,0.002230646169058356,-0.038302856801936264,-0.021494693053110546,0.0036562937772216504,0.0294171809292025,0.01808991772369155,0.0007537470587961718,0.05371799651479429,0.0005025369689075272,-0.07658868682210301,-0.049491593080443534,0.0011531225230597495,0.021342231859384428,0.027109533240716216,-0.0029490599056201964,0.007354396253463301,0.008773481238610683,0.03465798245159566,0.03198444855663519,0.08209015291608716,-0.02102634579778109,0.062325699414630564,-0.002922643153006911,0.012713886382156297,0.007741642636231488,0.021319216468275067,-0.04279543950356113,0.0005025369689075272,0.0887005954242138,0.01998335447117352,-0.04304230079309179,-0.029895806411307502,-0.0015163100453323315,-0.07072340207878788,-0.01796653105157582,0.017027845898690434,0.020606502039580855,-0.014007407213544534,-0.06893542952357148,0.16717668224412152,0.02017042967086881,0.20121875504901537,0.00420843425616165,-0.0026794797866926453,-0.1099710113634011,-0.06891915167796163,0.05296147833549923,-0.07658868682210301,0.01998335447117352,0.45770787826146975,0.26636773006056347,0.007084273729851636,-0.13560560036100805,-0.23581080162403956,-0.021100341705934673,-0.09367069299896924,-0.03891859697400108,-0.10985987623958787,-0.23502478512724956,0.04559676652142979,0.019823386866583463,0.09161085478325666,0.013339303396555518,-0.010931845402937013,-0.07044610887965069,-0.05596883389154016,0.06018823163157851,-0.049491593080443534,-0.04304230079309179,0.26636773006056347,0.22296725868835723,0.04369496006522043,-0.08499873085782522,-0.09589594960890979,-0.00029821542006659447,-0.07418091231502759,-0.0432223424973169,-0.07020624547106383,-0.10247269607287011,-0.0201560412568514,0.026570675416148357,-0.043750077834298004,-0.02882705048237382,-0.022846830689653482,0.010314217086336078,0.005903250424894947,0.012105465951836956,0.0011531225230597495,-0.029895806411307502,0.007084273729851636,0.04369496006522043,0.09179327983361671,0.013945217986453306,0.056376610717809875,0.016902675413549638,-0.0501184943989354,-0.030303958301799484,-0.00225999976349338,0.02835244212599104,-0.05935004598305861,0.011179054569887634,-0.10235613919156497,-0.025002967875786045,-0.01119685500771059,0.045690531166271836,0.026573900662385564,-0.010889560968384386,0.021342231859384428,-0.0015163100453323315,-0.13560560036100805,-0.08499873085782522,0.013945217986453306,0.10916845867950258,0.12042516924483454,0.01497765221450981,0.013317317651895508,-0.00704403566689123,0.04945050735558286,0.0836509185757946,-0.18990516859762394,0.027878737280143603,-0.20310395392084546,-0.019908305860977367,-0.019513082612149433,0.057618739981850096,0.035387804599877226,0.012978636872849954,0.027109533240716216,-0.07072340207878788,-0.23581080162403956,-0.09589594960890979,0.056376610717809875,0.12042516924483454,0.2758429749745639,0.036511606083887274,0.017473648679660832,-0.01979463422954281,0.09220043446475282,0.20528814233803663,-0.010574222362126951,-0.002196287155988123,-0.03692728810150833,0.011175680051041168,-0.005755296021071336,-0.0027352602234769667,-0.010507353592704011,-0.007292496000121847,-0.0029490599056201964,-0.01796653105157582,-0.021100341705934673,-0.00029821542006659447,0.016902675413549638,0.01497765221450981,0.036511606083887274,0.04716377046600906,7.883045416596005e-5,-0.012143161145708306,-0.009852495834869095,0.028052603957177697,-0.022516045806554277,-0.02936525500441503,-0.025516436728178035,0.037689804577101846,0.01670435638375881,0.018086593758013247,0.010076435095247499,-0.01460071222842728,0.007354396253463301,0.017027845898690434,-0.09367069299896924,-0.07418091231502759,-0.0501184943989354,0.013317317651895508,0.017473648679660832,7.883045416596005e-5,0.07475559846528555,0.027385762879640237,0.019349887537063428,0.02922569513077182,0.0005904314457630202,-0.019933123836968998,0.012931490686126488,0.013642026381988609,0.017658283910167674,0.010626626320946315,0.004914345002077258,-0.015598493048561658,0.008773481238610683,0.020606502039580855,-0.03891859697400108,-0.0432223424973169,-0.030303958301799484,-0.00704403566689123,-0.01979463422954281,-0.012143161145708306,0.027385762879640237,0.04008577200990562,0.010809589903879844,0.002249063469661923,-0.07919690354215911,0.0021211836157521997,-0.06690852975721778,-0.02594243898914754,0.008774565555409434,0.030999812071837458,0.02167245449999989,0.0032522777914208126,0.03465798245159566,-0.014007407213544534,-0.10985987623958787,-0.07020624547106383,-0.00225999976349338,0.04945050735558286,0.09220043446475282,-0.009852495834869095,0.019349887537063428,0.010809589903879844,0.0887279227754246,0.08209728334798866,-0.16687136359536991,0.014462171455660871,-0.15575120141130128,-0.01961939798313849,-0.00380633095917713,0.04384530096631689,0.025135955891896204,-0.0026801952820503794,0.03198444855663519,-0.06893542952357148,-0.23502478512724956,-0.10247269607287011,0.02835244212599104,0.0836509185757946,0.20528814233803663,0.028052603957177697,0.02922569513077182,0.002249063469661923,0.08209728334798866,0.22437423131108514
