0.0558269965742189,-0.011424397168380594,0.002273107186218074,-0.011952178298189248,0.0011166855127571818,0.0008444546388800254,0.00043564280448873927,0.0029409001852413884,-0.019146520695690342,0.002706002858942961,0.005546768295115225,-0.003525382590829518,0.006441793627102356,0.019205735895224965,0.028019148510977303,0.003271830476241755,-0.0008085762544917654,-0.022771309083712186,-0.01629005670287516,-0.011416866069882079,-0.011424397168380594,0.03357096195838571,-0.003455451959385087,0.009063236784695599,-0.005689596450151606,-0.007701740035954986,-0.005197281362275645,0.01159486020754422,0.006793654377898804,-0.004245007370897745,0.0048429959554896415,-0.0007285323497731087,0.0027307926487175737,-0.002116033439348696,-0.023371673903399198,-0.006029639808887785,0.004074357890290366,0.0087433884998387,0.008783326796117489,0.008096873810914191,0.002273107186218074,-0.003455451959385087,0.0247912353746825,0.006577460638408999,-0.0004700267351922746,0.012920379013290618,-0.005790356267055,-0.0041680325695479924,-0.0034334410802399195,-0.00028330050083613624,-0.004659961846226935,0.008042988393724786,-0.006343531771564912,8.572841774686464e-5,0.003581612745021898,-0.001729966476769357,0.004364622980950155,-0.00480321746368105,0.0007355945801758141,-0.002154077198829503,-0.011952178298189248,0.009063236784695599,0.006577460638408999,0.02621397412287581,-0.003908654376210215,0.0016833443794188841,-0.005869447062528996,0.011543816710917209,0.005245968578933002,0.0009777453479031042,0.0014567308673039331,0.004712481772093325,-0.004433814624601535,-0.005821850795355498,-0.012067404696970327,-0.004624562305040216,0.00276147173484094,0.0006699168835406736,0.004200921868128142,0.010135249934010845,0.0011166855127571818,-0.005689596450151606,-0.0004700267351922746,-0.003908654376210215,0.015232816080864343,-0.001993994013381326,0.0020804186266272784,-0.008101104272133218,0.0014026449305039141,0.00010247331567283602,-0.0008224754882795258,0.002195255753419399,-0.0011842481515193922,0.0017629859816946586,0.0029130766224706502,0.005069548358857234,-0.0016333873506853534,0.005834563676657565,-0.0019064544814185126,0.0005291719179483336,0.0008444546388800254,-0.007701740035954986,0.012920379013290618,0.0016833443794188841,-0.001993994013381326,0.035519150439965015,0.004729365554147947,-0.006947486088084464,-0.00039398984085821376,-0.005001392528450361,-0.009318289523322781,0.001178096426428248,-0.001065051335478755,0.00046207353725707115,0.015787469168369206,-0.00014692245356248565,0.004239625164923077,-0.00224988034388451,-0.006364556102362003,-0.0011677430190200826,0.00043564280448873927,-0.005197281362275645,-0.005790356267055,-0.005869447062528996,0.0020804186266272784,0.004729365554147947,0.02315009322716898,-0.006119785383079017,0.004268996331300271,0.000501439632037374,-0.0009452389240094076,-0.003238894550079055,0.012909442887147567,-0.0053642095103683465,0.004774351376438023,0.002933412534139813,-0.004247407252158908,0.00013948454319877757,0.00023324342910372041,-0.003983297018326155,0.0029409001852413884,0.01159486020754422,-0.0041680325695479924,0.011543816710917209,-0.008101104272133218,-0.006947486088084464,-0.006119785383079017,0.034550081798656776,-0.004119890080591689,-0.0009534588680904309,0.006910782443564545,-0.0008403282069864581,-0.0007390157714183043,0.0011105394968185978,-0.005785428497628116,-0.0033488929092050394,-0.0004936841674285655,-0.004810863233970021,-0.0016672189511699026,0.011916620706714912,-0.019146520695690342,0.006793654377898804,-0.0034334410802399195,0.005245968578933002,0.0014026449305039141,-0.00039398984085821376,0.004268996331300271,-0.004119890080591689,0.03139885496788706,0.0014190195854527532,-0.003324225941732645,-0.0018944924109669538,0.008750312149556776,-0.00956574177235928,-0.010594614962270661,-0.0025031467349339344,0.004103489801368295,0.006337033216050244,0.009535153710827787,0.002697016012753745,0.002706002858942961,-0.004245007370897745,-0.00028330050083613624,0.0009777453479031042,0.00010247331567283602,-0.005001392528450361,0.000501439632037374,-0.0009534588680904309,0.0014190195854527532,0.020310909030503543,0.0002969722906036781,-0.0019091675732283394,-0.0010267186282024564,-0.003915890295159069,0.005959237238835515,-0.0010302976601560408,-0.004516264586659421,-0.005902673981097752,-0.003456601097668154,-0.0007518878725158012,0.005546768295115225,0.0048429959554896415,-0.004659961846226935,0.0014567308673039331,-0.0008224754882795258,-0.009318289523322781,-0.0009452389240094076,0.006910782443564545,-0.003324225941732645,0.0002969722906036781,0.016551043112022025,-0.0019483840012405646,-4.110658004840373e-5,0.00422203847425546,-0.004292459573087986,0.002496962353055472,-0.0021492240978390927,-0.0004917147274659302,-0.002183894061779541,0.0011402948719555612,-0.003525382590829518,-0.0007285323497731087,0.008042988393724786,0.004712481772093325,0.002195255753419399,0.001178096426428248,-0.003238894550079055,-0.0008403282069864581,-0.0018944924109669538,-0.0019091675732283394,-0.0019483840012405646,0.01759233340987298,-0.006587963271611431,-0.0007336088742951007,-0.0034085884822885573,0.0010807332543046684,-0.00024358983158159742,-0.0009691274242838797,0.003404034955785053,0.001544995580031407,0.006441793627102356,0.0027307926487175737,-0.006343531771564912,-0.004433814624601535,-0.0011842481515193922,-0.001065051335478755,0.012909442887147567,-0.0007390157714183043,0.008750312149556776,-0.0010267186282024564,-4.110658004840373e-5,-0.006587963271611431,0.03035871078101597,-0.0002214835684688528,0.0012464937483641482,0.00015323971625905456,-0.0029275904207123954,-0.002698429975231592,-0.004122663103358825,-0.0026465863217656803,0.019205735895224965,-0.002116033439348696,8.572841774686464e-5,-0.005821850795355498,0.0017629859816946586,0.00046207353725707115,-0.0053642095103683465,0.0011105394968185978,-0.00956574177235928,-0.003915890295159069,0.00422203847425546,-0.0007336088742951007,-0.0002214835684688528,0.028632344657835256,0.011093970159842603,0.004095776520423807,0.005749782774684115,-0.004669141198148182,-0.0031122714099414786,-0.007661993150963602,0.028019148510977303,-0.023371673903399198,0.003581612745021898,-0.012067404696970327,0.0029130766224706502,0.015787469168369206,0.004774351376438023,-0.005785428497628116,-0.010594614962270661,0.005959237238835515,-0.004292459573087986,-0.0034085884822885573,0.0012464937483641482,0.011093970159842603,0.053537465853663015,0.0040110601253779896,0.0007154150190781977,-0.014249276824258483,-0.01917123092404501,-0.01076875347773894,0.003271830476241755,-0.006029639808887785,-0.001729966476769357,-0.004624562305040216,0.005069548358857234,-0.00014692245356248565,0.002933412534139813,-0.0033488929092050394,-0.0025031467349339344,-0.0010302976601560408,0.002496962353055472,0.0010807332543046684,0.00015323971625905456,0.004095776520423807,0.0040110601253779896,0.0173106818313369,-0.003668297140762041,0.0024875304202076577,-0.00475508604643044,0.0004167621863752311,-0.0008085762544917654,0.004074357890290366,0.004364622980950155,0.00276147173484094,-0.0016333873506853534,0.004239625164923077,-0.004247407252158908,-0.0004936841674285655,0.004103489801368295,-0.004516264586659421,-0.0021492240978390927,-0.00024358983158159742,-0.0029275904207123954,0.005749782774684115,0.0007154150190781977,-0.003668297140762041,0.019370251832579153,-0.002182394385247924,0.004171446770969816,0.0006969668483631343,-0.022771309083712186,0.0087433884998387,-0.00480321746368105,0.0006699168835406736,0.005834563676657565,-0.00224988034388451,0.00013948454319877757,-0.004810863233970021,0.006337033216050244,-0.005902673981097752,-0.0004917147274659302,-0.0009691274242838797,-0.002698429975231592,-0.004669141198148182,-0.014249276824258483,0.0024875304202076577,-0.002182394385247924,0.03683675333998803,0.003481888413334526,0.010364422115963376,-0.01629005670287516,0.008783326796117489,0.0007355945801758141,0.004200921868128142,-0.0019064544814185126,-0.006364556102362003,0.00023324342910372041,-0.0016672189511699026,0.009535153710827787,-0.003456601097668154,-0.002183894061779541,0.003404034955785053,-0.004122663103358825,-0.0031122714099414786,-0.01917123092404501,-0.00475508604643044,0.004171446770969816,0.003481888413334526,0.01943019767711233,0.00528506202102266,-0.011416866069882079,0.008096873810914191,-0.002154077198829503,0.010135249934010845,0.0005291719179483336,-0.0011677430190200826,-0.003983297018326155,0.011916620706714912,0.002697016012753745,-0.0007518878725158012,0.0011402948719555612,0.001544995580031407,-0.0026465863217656803,-0.007661993150963602,-0.01076875347773894,0.0004167621863752311,0.0006969668483631343,0.010364422115963376,0.00528506202102266,0.021116393554123536
