0.030743950894024572,0.002346078428433645,0.008041989743760957,-0.009045139438891427,-0.005473106615676657,0.01043610340206197,-0.007805205785698882,0.007742973548689094,-0.010612583945203475,0.003605217838153147,0.0009529014500875895,-0.00852977353837429,-0.008891476809946121,0.0008916973663213325,-0.004095416169575727,-0.00797853792154702,-0.00798312130392086,-0.0015409883974576524,0.0013430149217821318,0.009650963294765624,0.002346078428433645,0.024340204904975172,0.003944648418729898,-0.009110699899111884,0.001403070934838374,0.001164781599933526,0.0073735983601658645,-0.00158805912144094,-0.0013397889816229621,0.006453183302292087,-0.0038101635430510036,-0.01078783355784195,-0.006193081061680046,0.003909371286675865,-0.002650905098410307,-0.001253557765522889,-0.01207986880419843,0.0036076028780328675,0.0014744863210328714,-0.0004392750668138759,0.008041989743760957,0.003944648418729898,0.024137818801975196,-0.0075569296590276116,-0.0030291569953687083,0.004121915960913643,2.8503833601518903e-5,0.005168026905435853,0.0006153744851578953,-0.0021222359492995262,-0.0005330354209641269,0.00026051339670908743,-0.005416488098355511,0.00194702006477032,-0.005126561359412286,-0.0071668090880980615,-0.0019729110016278215,-0.0070689714323831955,0.00240558257071457,0.009247808670623225,-0.009045139438891427,-0.009110699899111884,-0.0075569296590276116,0.03459114986774666,0.008180229746661142,-0.0043425279251857775,-1.1156370016048847e-6,0.0001397689903575919,-9.14569048771597e-5,-0.003576071719882362,-0.00026918728432121083,0.005726361390971251,0.0009247847903176214,0.002117315583794316,0.003910568955010659,0.00459311534351109,0.005963406784450193,0.006957613391839496,-0.00041337156867775815,-0.011327831662424667,-0.005473106615676657,0.001403070934838374,-0.0030291569953687083,0.008180229746661142,0.0267825816428195,0.005897151766505732,0.006545159842013933,0.0005363257490398918,0.006619658075566068,1.4641785324444368e-5,-0.006936420017331923,0.00682559741450604,0.0076746482385199235,0.008440829295544454,-0.005151927293927857,0.004990224283053567,0.0019154924662374748,0.008201366084609,-0.0037325346150019127,-0.004007305858742233,0.01043610340206197,0.001164781599933526,0.004121915960913643,-0.0043425279251857775,0.005897151766505732,0.03520430677108275,-0.009790200171476108,0.006027720155891769,-0.0025353069563080564,0.004440812318284968,0.005379800032240898,0.0037214509440683698,-0.001454332345788133,0.007020811336440827,-0.0013495102583425365,-0.008342829548399388,0.0017420092944193857,0.0021739954078550624,-0.0028170009620990897,0.008820240182218858,-0.007805205785698882,0.0073735983601658645,2.8503833601518903e-5,-1.1156370016048847e-6,0.006545159842013933,-0.009790200171476108,0.0249338916334366,-0.010367415139100764,0.011197503714122325,-0.0007969397913088857,-0.003729485451968686,-0.007249575650223195,-0.00022329957963624822,0.0036563056772656345,0.001654269385724721,0.010997284620261505,-0.005326494951939726,0.005818908979398166,0.0030508799281452085,-0.003389681712228004,0.007742973548689094,-0.00158805912144094,0.005168026905435853,0.0001397689903575919,0.0005363257490398918,0.006027720155891769,-0.010367415139100764,0.018817875327310375,-0.002838571009984382,0.0010482893581652874,-0.00028604464188237625,0.00893215156669193,0.0025025591087347544,-0.0016548738885651124,-0.007102713879851483,-0.009414343114980916,-0.002187505294605537,-0.007387939739838881,-0.0021740084694478645,0.0028716216137716715,-0.010612583945203475,-0.0013397889816229621,0.0006153744851578953,-9.14569048771597e-5,0.006619658075566068,-0.0025353069563080564,0.011197503714122325,-0.002838571009984382,0.027775220309948966,-0.00536389944744033,0.0087499464221146,0.009086831961857628,-0.002604925697440363,0.01263879197330385,0.009795797206358968,-0.0007234478410282686,0.006558754363029457,0.013954378815690923,0.0007515514467044166,0.0009533042307536376,0.003605217838153147,0.006453183302292087,-0.0021222359492995262,-0.003576071719882362,1.4641785324444368e-5,0.004440812318284968,-0.0007969397913088857,0.0010482893581652874,-0.00536389944744033,0.017294906803882657,-0.0012140112847183683,-0.004790767326812806,0.00044908929775759235,-0.0006951516611824844,-0.0027963872249588614,-0.001812961141508905,-0.0037072926639171847,-0.00017637458441846824,0.0020269620396866682,0.00015574317346809882,0.0009529014500875895,-0.0038101635430510036,-0.0005330354209641269,-0.00026918728432121083,-0.006936420017331923,0.005379800032240898,-0.003729485451968686,-0.00028604464188237625,0.0087499464221146,-0.0012140112847183683,0.028539031965529895,0.013207640365530467,0.0009930586390941927,0.00032819224069690744,0.009126113961303172,-0.011256773251354511,0.006953438734044195,0.0016962077439055096,-0.0018445034265645094,-0.000727036067068622,-0.00852977353837429,-0.01078783355784195,0.00026051339670908743,0.005726361390971251,0.00682559741450604,0.0037214509440683698,-0.007249575650223195,0.00893215156669193,0.009086831961857628,-0.004790767326812806,0.013207640365530467,0.04230388877584665,0.018040448115014117,0.0003507429073087219,-0.001848209146770244,-0.006897881518076453,0.014957290031269839,-0.008355920171311083,-0.007778085917141625,-0.009084910568726217,-0.008891476809946121,-0.006193081061680046,-0.005416488098355511,0.0009247847903176214,0.0076746482385199235,-0.001454332345788133,-0.00022329957963624822,0.0025025591087347544,-0.002604925697440363,0.00044908929775759235,0.0009930586390941927,0.018040448115014117,0.03729315194116819,-0.010142734387268912,-0.003202747329678477,0.00894792751199198,0.014883030442962668,-0.009942356244442374,-0.006302972739110798,-0.011545030866583542,0.0008916973663213325,0.003909371286675865,0.00194702006477032,0.002117315583794316,0.008440829295544454,0.007020811336440827,0.0036563056772656345,-0.0016548738885651124,0.01263879197330385,-0.0006951516611824844,0.00032819224069690744,0.0003507429073087219,-0.010142734387268912,0.026068336231098835,0.0029953870167013065,-0.005818960237210227,-0.004793860233395593,0.009124804860164013,-0.0007813837804114117,0.0019866795430423558,-0.004095416169575727,-0.002650905098410307,-0.005126561359412286,0.003910568955010659,-0.005151927293927857,-0.0013495102583425365,0.001654269385724721,-0.007102713879851483,0.009795797206358968,-0.0027963872249588614,0.009126113961303172,-0.001848209146770244,-0.003202747329678477,0.0029953870167013065,0.024974401686443926,-0.0017492437064965689,0.005171811346039103,0.006506597866079577,-0.0002592058267979914,0.001207156411406018,-0.00797853792154702,-0.001253557765522889,-0.0071668090880980615,0.00459311534351109,0.004990224283053567,-0.008342829548399388,0.010997284620261505,-0.009414343114980916,-0.0007234478410282686,-0.001812961141508905,-0.011256773251354511,-0.006897881518076453,0.00894792751199198,-0.005818960237210227,-0.0017492437064965689,0.02895813090439732,0.0014144458177100952,0.0009346319507794415,-0.0002994798080696107,-0.005259343598912202,-0.00798312130392086,-0.01207986880419843,-0.0019729110016278215,0.005963406784450193,0.0019154924662374748,0.0017420092944193857,-0.005326494951939726,-0.002187505294605537,0.006558754363029457,-0.0037072926639171847,0.006953438734044195,0.014957290031269839,0.014883030442962668,-0.004793860233395593,0.005171811346039103,0.0014144458177100952,0.03471653153263662,-0.003185618353820449,-0.007695677943712748,-0.0010272330913175518,-0.0015409883974576524,0.0036076028780328675,-0.0070689714323831955,0.006957613391839496,0.008201366084609,0.0021739954078550624,0.005818908979398166,-0.007387939739838881,0.013954378815690923,-0.00017637458441846824,0.0016962077439055096,-0.008355920171311083,-0.009942356244442374,0.009124804860164013,0.006506597866079577,0.0009346319507794415,-0.003185618353820449,0.03555367362980098,0.0008548480859721647,0.0004326047761387949,0.0013430149217821318,0.0014744863210328714,0.00240558257071457,-0.00041337156867775815,-0.0037325346150019127,-0.0028170009620990897,0.0030508799281452085,-0.0021740084694478645,0.0007515514467044166,0.0020269620396866682,-0.0018445034265645094,-0.007778085917141625,-0.006302972739110798,-0.0007813837804114117,-0.0002592058267979914,-0.0002994798080696107,-0.007695677943712748,0.0008548480859721647,0.020097337471497882,0.0016909729302290357,0.009650963294765624,-0.0004392750668138759,0.009247808670623225,-0.011327831662424667,-0.004007305858742233,0.008820240182218858,-0.003389681712228004,0.0028716216137716715,0.0009533042307536376,0.00015574317346809882,-0.000727036067068622,-0.009084910568726217,-0.011545030866583542,0.0019866795430423558,0.001207156411406018,-0.005259343598912202,-0.0010272330913175518,0.0004326047761387949,0.0016909729302290357,0.028238710321032354
0.04554570552212047,0.011343659448625712,-0.004204823039382211,-0.011462415564898068,0.007284450644636677,0.018030231486097514,-0.009598900974107013,0.01103818441222144,-0.009551199911775561,-0.002437059025915916,0.005048979314702289,-0.0032596224320514725,-0.01199436096085526,-0.0077391383420783305,-9.766771865401565e-5,-0.007778466305372744,0.00962136321070597,0.002147605012958821,-0.010403543670555116,0.013581976720974775,0.011343659448625712,0.030909063923112604,-0.014077064444972823,-0.001674665047253668,-0.003718405099425273,-0.008422562225334974,0.002278305253830242,-0.003930929312381748,-0.0040123170493953746,0.008806241750704265,0.002131977030134906,-0.017782276222821563,-0.007211492720980749,0.002150111387088263,-0.002498354941338251,0.0023721351096625477,-0.008879985614742448,0.026459057006179384,-5.2335026065365936e-5,0.014901566385549231,-0.004204823039382211,-0.014077064444972823,0.04692956888651584,-0.021122591277508946,0.007499564472637206,0.0015308063555696215,-0.0025102270895049506,0.00819592429386061,0.01818146537186046,-0.004212550742576171,-0.001028691659342442,0.016061639058972402,0.008897364280114596,-0.0031417350329423334,0.006944703104202716,-0.0027266085244412788,0.014217701298611024,-0.02639660177703167,0.0037177991288208758,-0.0036250919876894255,-0.011462415564898068,-0.001674665047253668,-0.021122591277508946,0.056947044228999426,-0.002321535191381187,-0.006702317803308428,0.0031341024109901522,0.0028844077786225877,-0.013638198676501555,0.007756432144254458,-0.013382576782855338,-0.007749177482095944,0.007789187633713523,0.01758273400260396,-0.010164134136752169,0.01734243108420672,-0.007596535273450174,0.013453535497153002,0.0026564038945260265,0.003670342983002076,0.007284450644636677,-0.003718405099425273,0.007499564472637206,-0.002321535191381187,0.04257036504049954,0.013382762688844156,-0.007186371802476187,0.02050493546581958,0.009065777325419714,-0.0036382320882887794,-0.01381605839552776,0.014633725350910641,0.0027155383843614675,0.012380677889252019,-0.0024844110233178847,0.0013870895179164747,0.005125056296205193,-0.019424860863104895,-0.005476075499062705,0.004792805233324961,0.018030231486097514,-0.008422562225334974,0.0015308063555696215,-0.006702317803308428,0.013382762688844156,0.04423768299534138,-0.011505978763847777,0.007779313390356965,-0.009401490879672578,-0.0037001151927567285,0.0038975918601300693,0.01136329401121219,-0.004287294577437678,-0.01198881990527648,0.0053671534801983155,-0.01508861720944733,0.008711861064092045,-0.012134380473602782,-0.006430148098981075,-0.0050803389165389535,-0.009598900974107013,0.002278305253830242,-0.0025102270895049506,0.0031341024109901522,-0.007186371802476187,-0.011505978763847777,0.024345209310491556,-0.014436474628559475,0.011090924795264419,-0.00470598406521973,0.003033879050065042,-0.0075786136363410125,-0.004347535847633247,0.0033280135406007676,0.006857231658949419,-0.0008564788723671385,-0.00583103968718455,0.006052004049169814,0.006920092180977578,-0.010182831563750137,0.01103818441222144,-0.003930929312381748,0.00819592429386061,0.0028844077786225877,0.02050493546581958,0.007779313390356965,-0.014436474628559475,0.03353621294012619,0.0072992695431032505,0.002554926594987764,-0.009796389701292095,0.01657468769841528,0.016458869977421815,0.0028784757163052635,-0.00820907110594383,0.014709060984227307,0.012349522097134821,-0.022424260550666437,-0.00903270904998377,0.005983060982217956,-0.009551199911775561,-0.0040123170493953746,0.01818146537186046,-0.013638198676501555,0.009065777325419714,-0.009401490879672578,0.011090924795264419,0.0072992695431032505,0.032033859123954046,-0.007265110565065291,-0.0015784723776881083,0.01006103456566173,0.00514590199968714,0.007359797222277273,0.010757616444695197,0.006198912080541282,0.002299083627600642,-0.011361873380380218,0.005970879156272728,-0.0050112050840637416,-0.002437059025915916,0.008806241750704265,-0.004212550742576171,0.007756432144254458,-0.0036382320882887794,-0.0037001151927567285,-0.00470598406521973,0.002554926594987764,-0.007265110565065291,0.027895247869725314,-0.004199796215750881,-0.00497311435266575,0.02058713553587465,-0.0005358869888978593,-0.006643681369524984,0.014191892595354017,0.002802076204133862,0.01078912300256464,-0.010952348556836047,0.001595143969458289,0.005048979314702289,0.002131977030134906,-0.001028691659342442,-0.013382576782855338,-0.01381605839552776,0.0038975918601300693,0.003033879050065042,-0.009796389701292095,-0.0015784723776881083,-0.004199796215750881,0.02813287620871834,-0.0006477361615220364,0.0014810165372297443,-0.015920865187111347,0.0066889496840708456,-0.01200232925442892,0.0018349399637882884,-0.0005123270551603123,0.0015824176160588958,-0.006903194465670486,-0.0032596224320514725,-0.017782276222821563,0.016061639058972402,-0.007749177482095944,0.014633725350910641,0.01136329401121219,-0.0075786136363410125,0.01657468769841528,0.01006103456566173,-0.00497311435266575,-0.0006477361615220364,0.04215108327793149,0.02058503548639415,-0.0059823877844405095,0.003108313581010755,0.005495690677437085,0.015542973854078069,-0.03721186004757574,-0.0019504797551012345,-0.007369824002539044,-0.01199436096085526,-0.007211492720980749,0.008897364280114596,0.007789187633713523,0.0027155383843614675,-0.004287294577437678,-0.004347535847633247,0.016458869977421815,0.00514590199968714,0.02058713553587465,0.0014810165372297443,0.02058503548639415,0.0609420778326356,-0.004630724553719276,-0.009358328297786385,0.031938819438850685,0.027655511892768943,-0.02131574629255504,-0.016411764013666497,-0.01418776168543054,-0.0077391383420783305,0.002150111387088263,-0.0031417350329423334,0.01758273400260396,0.012380677889252019,-0.01198881990527648,0.0033280135406007676,0.0028784757163052635,0.007359797222277273,-0.0005358869888978593,-0.015920865187111347,-0.0059823877844405095,-0.004630724553719276,0.029852207922932823,-0.004297674779608013,0.006365351039484452,-0.011054721140688756,0.01041028022810009,0.001254759212680521,0.008442176139246388,-9.766771865401565e-5,-0.002498354941338251,0.006944703104202716,-0.010164134136752169,-0.0024844110233178847,0.0053671534801983155,0.006857231658949419,-0.00820907110594383,0.010757616444695197,-0.006643681369524984,0.0066889496840708456,0.003108313581010755,-0.009358328297786385,-0.004297674779608013,0.02108529413778264,-0.011322833737460729,-0.005564503321804184,0.000126136637015031,0.008213307326551275,-0.002624348105665256,-0.007778466305372744,0.0023721351096625477,-0.0027266085244412788,0.01734243108420672,0.0013870895179164747,-0.01508861720944733,-0.0008564788723671385,0.014709060984227307,0.006198912080541282,0.014191892595354017,-0.01200232925442892,0.005495690677437085,0.031938819438850685,0.006365351039484452,-0.011322833737460729,0.04358370465632891,0.01372409116471289,-0.010138950314131784,-0.007573366483677586,0.0012305621907020411,0.00962136321070597,-0.008879985614742448,0.014217701298611024,-0.007596535273450174,0.005125056296205193,0.008711861064092045,-0.00583103968718455,0.012349522097134821,0.002299083627600642,0.002802076204133862,0.0018349399637882884,0.015542973854078069,0.027655511892768943,-0.011054721140688756,-0.005564503321804184,0.01372409116471289,0.04186278425538986,-0.023636617946293445,-0.022579114616631937,-0.014236022797152068,0.002147605012958821,0.026459057006179384,-0.02639660177703167,0.013453535497153002,-0.019424860863104895,-0.012134380473602782,0.006052004049169814,-0.022424260550666437,-0.011361873380380218,0.01078912300256464,-0.0005123270551603123,-0.03721186004757574,-0.02131574629255504,0.01041028022810009,0.000126136637015031,-0.010138950314131784,-0.023636617946293445,0.06482604783093303,0.00365927601892906,0.014195686459840774,-0.010403543670555116,-5.2335026065365936e-5,0.0037177991288208758,0.0026564038945260265,-0.005476075499062705,-0.006430148098981075,0.006920092180977578,-0.00903270904998377,0.005970879156272728,-0.010952348556836047,0.0015824176160588958,-0.0019504797551012345,-0.016411764013666497,0.001254759212680521,0.008213307326551275,-0.007573366483677586,-0.022579114616631937,0.00365927601892906,0.04208067505920706,0.01298706429842399,0.013581976720974775,0.014901566385549231,-0.0036250919876894255,0.003670342983002076,0.004792805233324961,-0.0050803389165389535,-0.010182831563750137,0.005983060982217956,-0.0050112050840637416,0.001595143969458289,-0.006903194465670486,-0.007369824002539044,-0.01418776168543054,0.008442176139246388,-0.002624348105665256,0.0012305621907020411,-0.014236022797152068,0.014195686459840774,0.01298706429842399,0.038143659037299875
0.03470070099715741,0.008133907569098896,0.015875714913660507,-0.02104593022630266,-0.008586394357892432,0.01248071036713214,0.006392270680848016,0.00242165700542,0.002284966289422808,-0.0030896939631611378,0.02364848959506892,-0.009320339823782076,0.007625361455335697,-0.007984530545921648,0.0033570659692028076,-0.00913701106424604,0.0025945964612563484,0.00043531898315309504,0.018282651245822654,0.009881800994693539,0.008133907569098896,0.04789159958082717,0.013654664090369646,-0.017861874347778143,-0.0009625384422796745,-0.008753584980469065,0.015137421431793053,-0.006645507958109636,0.009849706697577593,0.005231947506692575,0.010919508463578066,-0.0008383265981963435,0.005314560582011536,0.006901322546375807,-0.0048954043214644565,-0.006928152074836436,-0.01591476773561823,0.017135874431164176,0.02880106788357138,0.002015815151245446,0.015875714913660507,0.013654664090369646,0.061871054421265635,-0.004874619332689248,0.0013751781755225105,0.02312348349106644,0.010284236579494215,0.018293083454097653,0.01689010757138537,0.005013148093467007,0.003181984526053875,-0.006688283257175572,-0.007781110758095481,-5.89425891959347e-6,0.00553097258348809,-0.02109482573574703,-0.020649393904335032,0.007323785231212503,0.03854295426518983,0.026625699142324582,-0.02104593022630266,-0.017861874347778143,-0.004874619332689248,0.05173294855569901,0.0111274717501957,0.010378504586006402,-0.0040051786797797185,0.009477703695215549,-0.008528510229459881,0.009195369372194248,-0.02437557861083427,0.008695900395356334,-0.008041500690203283,0.0010808662874576447,0.004935813248356141,0.00587215465614275,0.014891693317260946,-0.003884716708364669,-0.03208411300631737,0.002970515743182878,-0.008586394357892432,-0.0009625384422796745,0.0013751781755225105,0.0111274717501957,0.03583786304209105,-0.003827603619475939,-0.0037952500685382784,-0.00024562197137048807,-0.000603076137334132,-0.0007074856193151524,-0.014604458140793856,-0.0040077293304658715,-0.012501584173990176,0.007924619443022547,-0.007725264210468117,0.009606540304073631,-0.01202353971234828,0.002789847232222527,-0.007454732587785423,-0.00237227449614942,0.01248071036713214,-0.008753584980469065,0.02312348349106644,0.010378504586006402,-0.003827603619475939,0.0476039098382422,-0.0019210717031641431,0.018521514317203065,-0.00801658846534536,0.002225142846627398,-0.0014546010488155191,3.731097006879269e-5,-0.004199204941706082,-0.015585360515624667,0.0037376683641795246,-0.011094218570762523,0.013169640526081512,-0.01183963481650913,-0.003410433571605494,0.022461868464914866,0.006392270680848016,0.015137421431793053,0.010284236579494215,-0.0040051786797797185,-0.0037952500685382784,-0.0019210717031641431,0.026197428971515543,-0.00745294247807469,0.008917699323809229,-0.005774723153893402,0.005719874793160015,-0.01157455846265232,-0.0010773222886980242,-0.001573249250597196,0.007465197949718562,-0.005160918846751395,-0.010261887573916958,0.011905009298634936,0.010563249561222555,0.0031908171249015395,0.00242165700542,-0.006645507958109636,0.018293083454097653,0.009477703695215549,-0.00024562197137048807,0.018521514317203065,-0.00745294247807469,0.03010786364054003,0.005785949535337972,0.010047853283601398,-0.008157100608343022,0.007916677723891874,0.002313086727707034,-0.002758660609303504,-0.002338448814357978,-0.009635390649556362,0.0006102947044551166,-0.010281504958478923,0.004789871272741525,0.012220757845425517,0.002284966289422808,0.009849706697577593,0.01689010757138537,-0.008528510229459881,-0.000603076137334132,-0.00801658846534536,0.008917699323809229,0.005785949535337972,0.021484374752189315,0.005898200229716455,0.007544861262119441,0.0009787744751800689,0.0037366593943753716,0.008111190859816028,0.005058318167464422,-0.005793898720499619,-0.011483984327282384,0.010238801254777571,0.021669691494517536,0.001571835135967945,-0.0030896939631611378,0.005231947506692575,0.005013148093467007,0.009195369372194248,-0.0007074856193151524,0.002225142846627398,-0.005774723153893402,0.010047853283601398,0.005898200229716455,0.031032626733596125,-0.001113500133934797,0.015741186127582706,0.007723901660632424,0.0032119233164995533,-0.0007354882123105063,-0.004075851791335088,0.00902487936734344,0.0019400355124056439,0.004035497214617905,0.0016582703972389395,0.02364848959506892,0.010919508463578066,0.003181984526053875,-0.02437557861083427,-0.014604458140793856,-0.0014546010488155191,0.005719874793160015,-0.008157100608343022,0.007544861262119441,-0.001113500133934797,0.044600981320327554,-0.0029560199241430093,0.01250956128879905,-0.006513988282673274,0.006376283213210522,-0.008520899191331532,0.005070033852327349,0.007298969085047308,0.017799280394538812,-0.005090672097082935,-0.009320339823782076,-0.0008383265981963435,-0.006688283257175572,0.008695900395356334,-0.0040077293304658715,3.731097006879269e-5,-0.01157455846265232,0.007916677723891874,0.0009787744751800689,0.015741186127582706,-0.0029560199241430093,0.03311985613658503,0.012094192601113378,0.004109112239074515,-0.006779696137772278,0.0005934810900703597,0.016067381631706068,-0.007809984924504852,-0.0021580548879686174,-0.00304076270744033,0.007625361455335697,0.005314560582011536,-0.007781110758095481,-0.008041500690203283,-0.012501584173990176,-0.004199204941706082,-0.0010773222886980242,0.002313086727707034,0.0037366593943753716,0.007723901660632424,0.01250956128879905,0.012094192601113378,0.035036685348356605,0.0009296738115259042,0.00028341959106871733,0.0005469605107546593,0.017124641556047163,-0.005380407067238583,0.0031935212139675507,-0.008012804520513402,-0.007984530545921648,0.006901322546375807,-5.89425891959347e-6,0.0010808662874576447,0.007924619443022547,-0.015585360515624667,-0.001573249250597196,-0.002758660609303504,0.008111190859816028,0.0032119233164995533,-0.006513988282673274,0.004109112239074515,0.0009296738115259042,0.025071560804128055,-0.002711966072995158,-0.0036334880084989813,-0.011943840798990663,0.004357017442764122,0.005796922302775452,-0.005334184561103223,0.0033570659692028076,-0.0048954043214644565,0.00553097258348809,0.004935813248356141,-0.007725264210468117,0.0037376683641795246,0.007465197949718562,-0.002338448814357978,0.005058318167464422,-0.0007354882123105063,0.006376283213210522,-0.006779696137772278,0.00028341959106871733,-0.002711966072995158,0.022058199399341647,-0.004102604224840545,0.005406517890441397,0.0016668431408122745,-0.007974693229027944,0.003323007644298266,-0.00913701106424604,-0.006928152074836436,-0.02109482573574703,0.00587215465614275,0.009606540304073631,-0.011094218570762523,-0.005160918846751395,-0.009635390649556362,-0.005793898720499619,-0.004075851791335088,-0.008520899191331532,0.0005934810900703597,0.0005469605107546593,-0.0036334880084989813,-0.004102604224840545,0.028987642609461954,0.007067641268272836,-0.0019020706296277216,-0.014954048634188173,-0.011498851387917376,0.0025945964612563484,-0.01591476773561823,-0.020649393904335032,0.014891693317260946,-0.01202353971234828,0.013169640526081512,-0.010261887573916958,0.0006102947044551166,-0.011483984327282384,0.00902487936734344,0.005070033852327349,0.016067381631706068,0.017124641556047163,-0.011943840798990663,0.005406517890441397,0.007067641268272836,0.04982466627349933,-0.015153515805928594,-0.02621882197777496,0.002901539540065954,0.00043531898315309504,0.017135874431164176,0.007323785231212503,-0.003884716708364669,0.002789847232222527,-0.01183963481650913,0.011905009298634936,-0.010281504958478923,0.010238801254777571,0.0019400355124056439,0.007298969085047308,-0.007809984924504852,-0.005380407067238583,0.004357017442764122,0.0016668431408122745,-0.0019020706296277216,-0.015153515805928594,0.02763573521652803,0.012663353614407392,-0.003347321801646069,0.018282651245822654,0.02880106788357138,0.03854295426518983,-0.03208411300631737,-0.007454732587785423,-0.003410433571605494,0.010563249561222555,0.004789871272741525,0.021669691494517536,0.004035497214617905,0.017799280394538812,-0.0021580548879686174,0.0031935212139675507,0.005796922302775452,-0.007974693229027944,-0.014954048634188173,-0.02621882197777496,0.012663353614407392,0.06955172865552478,0.009883966001518064,0.009881800994693539,0.002015815151245446,0.026625699142324582,0.002970515743182878,-0.00237227449614942,0.022461868464914866,0.0031908171249015395,0.012220757845425517,0.001571835135967945,0.0016582703972389395,-0.005090672097082935,-0.00304076270744033,-0.008012804520513402,-0.005334184561103223,0.003323007644298266,-0.011498851387917376,0.002901539540065954,-0.003347321801646069,0.009883966001518064,0.03499265230143576
