0.03759202303817765,0.023579704354325992,-0.0009729348664545198,0.012999261328606402,-0.005099811074853758,-0.02315806686022854,0.00708328230214595,0.023068087331938623,-0.003292624976114675,-0.003395351698871607,-0.011379760017526611,-0.023201836943201402,-0.01952290629914242,-0.010560451078772435,-0.006187059286092769,0.013091446838187935,-0.02633410387624501,-0.0014470114585390015,0.012296312936040187,0.01058691919849757,0.023579704354325992,0.07127556095369347,-0.0022807379787539855,0.009297213502862207,0.00026184077789894654,-0.011809284681301603,0.006091340404383987,0.03391035269188564,0.006485453167174341,-0.02106065192929183,-0.008794925334366165,-0.023479339071209,-0.008083998594266001,-0.006607987424861483,-0.007461228167896211,0.005969599052308228,-0.031763505403809296,0.02051287342513132,0.009361846323539706,0.014726692500787671,-0.0009729348664545198,-0.0022807379787539855,0.03762552544661486,-0.001008362150001589,-0.0026540147379229845,-0.002699572592196443,0.009433273805261993,0.0165290466781908,0.011877525344771517,0.0080256737941341,-0.002027189775527053,0.0044956167243759785,0.008902714023133166,0.0084676513922713,0.0031822206929390242,-0.004758814313683886,-0.010811331423401677,-0.00028577897309152943,-0.0034969205731309157,-0.0025930650422064582,0.012999261328606402,0.009297213502862207,-0.001008362150001589,0.037185825083422046,0.007968355787454548,0.00818258237048116,0.01536473694191045,-0.005318083784223396,0.0034514055084180865,0.005448289667017982,0.010324250312840604,0.008881875246078513,-0.0016075530333157892,0.004852613841511065,0.006982860288256155,0.022592242056428694,0.015146439794292255,0.0022785890326896064,0.004696795733941789,0.005580880917653506,-0.005099811074853758,0.00026184077789894654,-0.0026540147379229845,0.007968355787454548,0.022434985634477215,0.012615212635718617,0.00029466050891950677,-0.012838133924266023,0.008990780904701349,0.004039075564860798,0.009313325924857523,0.014698960921607555,0.003104154768970544,0.008189719801002813,0.007175189301521794,0.0003643217130065877,0.016038278225986146,0.008331638179096353,-0.000763214385417166,-0.008440594320029958,-0.02315806686022854,-0.011809284681301603,-0.002699572592196443,0.00818258237048116,0.012615212635718617,0.0718660975171243,-0.00941447657979897,-0.039935406544553465,0.0014676152568071322,-0.007190476876918241,0.026975718989381926,0.040537627780745975,0.011799373206030007,0.03140722638870134,0.023996660341418032,0.030240554914260906,0.06403611771673584,0.01231832551526426,-0.02258379321287799,-0.009051175029650985,0.00708328230214595,0.006091340404383987,0.009433273805261993,0.01536473694191045,0.00029466050891950677,-0.00941447657979897,0.03644676910980501,0.007698127229874735,0.006632844069813365,0.008900282106286576,-0.010063428937017388,-0.011081718679003226,-0.003209849746220147,0.010424005254937085,0.01609106365769058,0.011945131426582994,0.00046585967458875107,0.0008936341858782287,-0.007064936408907259,0.00031357871533475097,0.023068087331938623,0.03391035269188564,0.0165290466781908,-0.005318083784223396,-0.012838133924266023,-0.039935406544553465,0.007698127229874735,0.07791854941830795,0.009973045070142557,0.005409602923036253,-0.016664854058858695,-0.03526492070599046,-0.005639610521917164,-0.01669496803456267,-0.013501105142691702,-0.005309122354420127,-0.05305835562416296,0.0026769879251903337,0.016126209681813407,0.03500464641501215,-0.003292624976114675,0.006485453167174341,0.011877525344771517,0.0034514055084180865,0.008990780904701349,0.0014676152568071322,0.006632844069813365,0.009973045070142557,0.053755204293604336,0.013150683894699942,-0.011408867277384063,0.005863503797874764,0.03137300508835011,0.0054428493281391,0.01607659301973259,-0.032660671902390526,-0.0013732778379901183,0.012385208583870634,-0.0018346620305846038,-0.004464755371855314,-0.003395351698871607,-0.02106065192929183,0.0080256737941341,0.005448289667017982,0.004039075564860798,-0.007190476876918241,0.008900282106286576,0.005409602923036253,0.013150683894699942,0.05176156281920525,0.01130406105962824,0.0014520091211309165,0.002304933661928052,-0.0006777991766126723,0.013388663558213216,-0.0032305972249939722,0.011546120108719814,-0.022945139092722305,0.013732008612340474,-0.0022850658616465117,-0.011379760017526611,-0.008794925334366165,-0.002027189775527053,0.010324250312840604,0.009313325924857523,0.026975718989381926,-0.010063428937017388,-0.016664854058858695,-0.011408867277384063,0.01130406105962824,0.05001444913101977,0.02906278004108133,0.0007982206275897875,0.01004260971999879,0.009732753981589745,0.023896113612829183,0.03709197376206219,-0.003156709273713386,0.01123395603567222,-0.0013396199909197397,-0.023201836943201402,-0.023479339071209,0.0044956167243759785,0.008881875246078513,0.014698960921607555,0.040537627780745975,-0.011081718679003226,-0.03526492070599046,0.005863503797874764,0.0014520091211309165,0.02906278004108133,0.06169992409630404,0.01136511589004003,0.021521327016575893,0.010874231262295317,0.01624730659643065,0.05048058686190024,0.013000029899832923,-0.010377708440826588,-0.016028271502849502,-0.01952290629914242,-0.008083998594266001,0.008902714023133166,-0.0016075530333157892,0.003104154768970544,0.011799373206030007,-0.003209849746220147,-0.005639610521917164,0.03137300508835011,0.002304933661928052,0.0007982206275897875,0.01136511589004003,0.07412232982347321,0.017165192385372407,0.023993517376613815,-0.0420073430051316,0.01940989361278243,0.010141198658602888,-0.010865210260215832,-0.010726908525624313,-0.010560451078772435,-0.006607987424861483,0.0084676513922713,0.004852613841511065,0.008189719801002813,0.03140722638870134,0.010424005254937085,-0.01669496803456267,0.0054428493281391,-0.0006777991766126723,0.01004260971999879,0.021521327016575893,0.017165192385372407,0.045274617814071175,0.02358781742885554,0.01563316803258056,0.027368759384090786,0.014551271273742325,-0.023980113037372477,-0.0046468231467844835,-0.006187059286092769,-0.007461228167896211,0.0031822206929390242,0.006982860288256155,0.007175189301521794,0.023996660341418032,0.01609106365769058,-0.013501105142691702,0.01607659301973259,0.013388663558213216,0.009732753981589745,0.010874231262295317,0.023993517376613815,0.02358781742885554,0.05112061065825349,-0.0007927126089872826,0.03595888892944215,0.0035677057780456847,-0.010825889374973419,0.0005412174613607817,0.013091446838187935,0.005969599052308228,-0.004758814313683886,0.022592242056428694,0.0003643217130065877,0.030240554914260906,0.011945131426582994,-0.005309122354420127,-0.032660671902390526,-0.0032305972249939722,0.023896113612829183,0.01624730659643065,-0.0420073430051316,0.01563316803258056,-0.0007927126089872826,0.09482274557553602,0.027469328636870075,-0.00014019149796644023,-0.004012308056454163,0.013692481659064807,-0.02633410387624501,-0.031763505403809296,-0.010811331423401677,0.015146439794292255,0.016038278225986146,0.06403611771673584,0.00046585967458875107,-0.05305835562416296,-0.0013732778379901183,0.011546120108719814,0.03709197376206219,0.05048058686190024,0.01940989361278243,0.027368759384090786,0.03595888892944215,0.027469328636870075,0.10556523033918587,0.005423747711757026,-0.015758337338424317,-0.010423693278732429,-0.0014470114585390015,0.02051287342513132,-0.00028577897309152943,0.0022785890326896064,0.008331638179096353,0.01231832551526426,0.0008936341858782287,0.0026769879251903337,0.012385208583870634,-0.022945139092722305,-0.003156709273713386,0.013000029899832923,0.010141198658602888,0.014551271273742325,0.0035677057780456847,-0.00014019149796644023,0.005423747711757026,0.04342629700912988,-0.01506550080154103,0.008041741985588338,0.012296312936040187,0.009361846323539706,-0.0034969205731309157,0.004696795733941789,-0.000763214385417166,-0.02258379321287799,-0.007064936408907259,0.016126209681813407,-0.0018346620305846038,0.013732008612340474,0.01123395603567222,-0.010377708440826588,-0.010865210260215832,-0.023980113037372477,-0.010825889374973419,-0.004012308056454163,-0.015758337338424317,-0.01506550080154103,0.05779445539132464,0.009009347364150246,0.01058691919849757,0.014726692500787671,-0.0025930650422064582,0.005580880917653506,-0.008440594320029958,-0.009051175029650985,0.00031357871533475097,0.03500464641501215,-0.004464755371855314,-0.0022850658616465117,-0.0013396199909197397,-0.016028271502849502,-0.010726908525624313,-0.0046468231467844835,0.0005412174613607817,0.013692481659064807,-0.010423693278732429,0.008041741985588338,0.009009347364150246,0.0569094836871224
0.04962754536832672,0.025683952101894746,0.006723696164499925,0.018469261015695775,-0.001846137229397536,-0.0326249534296227,0.004197717584286371,0.04749248142461736,-0.005199741781285781,3.1344765705082446e-5,-0.010085146564216111,-0.030584669794495405,-0.024418934524507416,-0.02873379950499387,0.003667502620295933,0.0022839064662603494,-0.021948404258807886,-0.02396710021344858,0.013114089647348628,0.044520683200377886,0.025683952101894746,0.07138354495011187,-0.0045371864579068525,0.01620328687583212,-0.01369097322502287,-0.01761864968869741,0.0049228880382164025,0.043393208940666395,0.0005939770054150506,0.008286080590757715,-0.020189206614773855,-0.018378026112346707,-0.020855782706296733,-0.040981698537851004,0.01154047978622,0.009214288468527915,-0.030435361307766667,-0.01682225557021435,0.01871749717667373,0.028117451079938034,0.006723696164499925,-0.0045371864579068525,0.05764756122218047,-0.023386907464833347,0.008545172670313244,-0.016958073088638007,-0.012336885374109686,0.015142090257705156,0.012484932934988039,0.003321630764019475,0.0007238689027674649,0.018055123010206703,0.0007606367094597256,0.003644159469452399,-0.01128100966588642,-0.014575489124835935,-0.00391162516673965,0.02727561609886644,-0.005363059057812096,0.008597679759083307,0.018469261015695775,0.01620328687583212,-0.023386907464833347,0.05320885270816578,-0.008065414182338769,0.007115567108213383,0.01605089596639923,0.0026114258995252847,-0.011340913288672956,-0.012054745903093873,-0.0010293907547282754,-0.014162506039997374,-0.0050743756909400976,-0.011332844796416821,0.010395995306759435,0.0066405329713873276,-0.003237445028258854,-0.02741348736300115,0.0006240828012024306,0.015413124917464695,-0.001846137229397536,-0.01369097322502287,0.008545172670313244,-0.008065414182338769,0.024760025528726148,-0.004125989307761119,-0.0029690883649622813,-0.005960193254987555,0.006802694894942516,0.010211412686508218,0.0057867257813395395,-0.0028127012157194084,0.014524484597860704,0.004469149733471883,0.0012336361424808001,-0.0019960370436962983,0.005057953500597159,0.002480704793192983,0.0037337751203662356,-0.008813413151735089,-0.0326249534296227,-0.01761864968869741,-0.016958073088638007,0.007115567108213383,-0.004125989307761119,0.10009069972358445,-0.010105522440877366,-0.07672202376756981,0.0008567082490953172,-0.030118684942655613,0.01605367380019359,0.04538625769844641,0.007577621895990379,0.035703681636222284,0.010223275067674328,0.010787689223416542,0.06557726886163731,0.043201346221040826,-0.05488261090193709,-0.06535249779688876,0.004197717584286371,0.0049228880382164025,-0.012336885374109686,0.01605089596639923,-0.0029690883649622813,-0.010105522440877366,0.01931444532886329,0.006878744812204414,-0.005143696269898596,0.0018656197082385002,-0.002297987613847161,-0.014938484684735964,0.0002775866578913666,-0.007357151819248571,0.011896047376523555,0.004252330863516892,-0.0031660795155766287,-0.019830469497902917,0.009858045046511933,0.0028982483046385995,0.04749248142461736,0.043393208940666395,0.015142090257705156,0.0026114258995252847,-0.005960193254987555,-0.07672202376756981,0.006878744812204414,0.11173721732183294,1.4879661574928498e-5,0.02176189806707188,-0.028915327470970597,-0.04484435791737107,-0.027859104171058142,-0.04725703374694784,-0.0028675455976609216,-0.004553764246263969,-0.06518947702078337,-0.03879437617232241,0.05835006794997903,0.08640240187951219,-0.005199741781285781,0.0005939770054150506,0.012484932934988039,-0.011340913288672956,0.006802694894942516,0.0008567082490953172,-0.005143696269898596,1.4879661574928498e-5,0.0401159541719403,0.01627480944065962,0.005979865384557583,0.009540858758733419,0.006052797738843298,-0.0036274165431673623,0.011048759858430002,-0.01459518040688332,-0.013262056018702778,0.008459605100577264,-0.0021705482216833145,-0.007042116971027816,3.1344765705082446e-5,0.008286080590757715,0.003321630764019475,-0.012054745903093873,0.010211412686508218,-0.030118684942655613,0.0018656197082385002,0.02176189806707188,0.01627480944065962,0.05302184459532115,0.0030926346517411466,-0.01955814276196495,0.008011752304179831,-0.014693263144344774,0.010270008929920093,0.0012556744278630302,-0.022285224624238806,-0.019091635647131434,0.03259339408306164,0.005542039163792973,-0.010085146564216111,-0.020189206614773855,0.0007238689027674649,-0.0010293907547282754,0.0057867257813395395,0.01605367380019359,-0.002297987613847161,-0.028915327470970597,0.005979865384557583,0.0030926346517411466,0.0354598546117284,0.0023063613931524857,0.012789586712865246,0.015345753273105594,0.011308593461269592,-0.008091046495671519,0.024873275463281733,-0.0061933834515799525,-0.007366671313609064,-0.022551425716389142,-0.030584669794495405,-0.018378026112346707,0.018055123010206703,-0.014162506039997374,-0.0028127012157194084,0.04538625769844641,-0.014938484684735964,-0.04484435791737107,0.009540858758733419,-0.01955814276196495,0.0023063613931524857,0.0629567154764635,0.007102498001244696,0.03174657198514186,-0.011185001189013756,-0.0006926343402650084,0.02988110458406,0.05717921422682114,-0.03729629726083959,-0.03720762432975297,-0.024418934524507416,-0.020855782706296733,0.0007606367094597256,-0.0050743756909400976,0.014524484597860704,0.007577621895990379,0.0002775866578913666,-0.027859104171058142,0.006052797738843298,0.008011752304179831,0.012789586712865246,0.007102498001244696,0.04416995670407322,0.02675240802390317,0.0049999768787308396,-0.010091517740738243,0.014314056638604022,0.008009331085500645,-0.0018994960734397374,-0.029266641314279564,-0.02873379950499387,-0.040981698537851004,0.003644159469452399,-0.011332844796416821,0.004469149733471883,0.035703681636222284,-0.007357151819248571,-0.04725703374694784,-0.0036274165431673623,-0.014693263144344774,0.015345753273105594,0.03174657198514186,0.02675240802390317,0.06188032274539262,-0.009466288699319262,-0.00999224588060535,0.038796904042851035,0.03297553588983945,-0.024770761664607788,-0.03456311586990941,0.003667502620295933,0.01154047978622,-0.01128100966588642,0.010395995306759435,0.0012336361424808001,0.010223275067674328,0.011896047376523555,-0.0028675455976609216,0.011048759858430002,0.010270008929920093,0.011308593461269592,-0.011185001189013756,0.0049999768787308396,-0.009466288699319262,0.04094700036990795,-0.007440661781521847,0.005623602914426449,-0.023481932525787168,0.003542160663334776,-0.013662867560420728,0.0022839064662603494,0.009214288468527915,-0.014575489124835935,0.0066405329713873276,-0.0019960370436962983,0.010787689223416542,0.004252330863516892,-0.004553764246263969,-0.01459518040688332,0.0012556744278630302,-0.008091046495671519,-0.0006926343402650084,-0.010091517740738243,-0.00999224588060535,-0.007440661781521847,0.047892845592993824,0.004330636956566634,0.0041161814809039105,0.009858937004331277,-0.002131373287600302,-0.021948404258807886,-0.030435361307766667,-0.00391162516673965,-0.003237445028258854,0.005057953500597159,0.06557726886163731,-0.0031660795155766287,-0.06518947702078337,-0.013262056018702778,-0.022285224624238806,0.024873275463281733,0.02988110458406,0.014314056638604022,0.038796904042851035,0.005623602914426449,0.004330636956566634,0.08368590183193425,0.03222287877381434,-0.04869235229160186,-0.05385712526803707,-0.02396710021344858,-0.01682225557021435,0.02727561609886644,-0.02741348736300115,0.002480704793192983,0.043201346221040826,-0.019830469497902917,-0.03879437617232241,0.008459605100577264,-0.019091635647131434,-0.0061933834515799525,0.05717921422682114,0.008009331085500645,0.03297553588983945,-0.023481932525787168,0.0041161814809039105,0.03222287877381434,0.09779493479213552,-0.05122897381431008,-0.03157223988901175,0.013114089647348628,0.01871749717667373,-0.005363059057812096,0.0006240828012024306,0.0037337751203662356,-0.05488261090193709,0.009858045046511933,0.05835006794997903,-0.0021705482216833145,0.03259339408306164,-0.007366671313609064,-0.03729629726083959,-0.0018994960734397374,-0.024770761664607788,0.003542160663334776,0.009858937004331277,-0.04869235229160186,-0.05122897381431008,0.08351760994567514,0.04081726982795238,0.044520683200377886,0.028117451079938034,0.008597679759083307,0.015413124917464695,-0.008813413151735089,-0.06535249779688876,0.0028982483046385995,0.08640240187951219,-0.007042116971027816,0.005542039163792973,-0.022551425716389142,-0.03720762432975297,-0.029266641314279564,-0.03456311586990941,-0.013662867560420728,-0.002131373287600302,-0.05385712526803707,-0.03157223988901175,0.04081726982795238,0.10263267761666377
0.06508014381719292,0.01689224360299273,0.008880573395312664,0.03140471993161434,-0.0028457369890211685,-0.03323414376253435,-0.007734894419151762,0.01031435968423974,-0.015697728791689007,0.014557657946322312,-0.018664354915012525,-0.011429718240264605,-0.03703792943562705,-0.04059299180714929,-0.009422877222412349,0.015316266385606176,-0.02749564677516125,-0.005912022479378416,2.2591926861905125e-5,0.015785906928035078,0.01689224360299273,0.09333677368600746,-0.022397042846440014,0.03625452644044019,0.0014277662467049972,-0.016881665944100684,0.02140242677773947,0.0451961727502794,0.01328523636963037,0.010760167654342834,0.01571982496054234,-0.045884571152553594,0.0005314719514753785,-0.02260884184615342,0.020168898868394562,-0.018962741918608222,-0.009464457219499999,-0.02394431740328522,0.050925309580300636,0.03261242305414608,0.008880573395312664,-0.022397042846440014,0.0659522257813797,-0.014369043557212998,0.019114601203121508,-0.01846311017063225,-0.010993403836465358,-0.019448392705188063,-0.02115123691373849,0.003734096526059299,-0.010609242096263826,0.024754086689691056,-0.006401611520361693,0.006946108787310718,-0.023116750524950158,0.015007588984286259,-0.01117347408624534,0.017614933172917555,-0.041631807202973624,-0.022248552024770763,0.03140471993161434,0.03625452644044019,-0.014369043557212998,0.06046851443214932,0.00131173524425667,0.007940646334595207,0.011050880132218206,0.01808796269954522,0.02091238224406141,0.014591904957485895,0.006608223009306304,-0.01870805592955592,-0.001331061071451675,-0.01750352007753806,-0.007703395215293546,0.005874452934576124,0.0054339851753623285,-0.007008139968172339,0.01810169052015207,0.012642137558155147,-0.0028457369890211685,0.0014277662467049972,0.019114601203121508,0.00131173524425667,0.030037559517782017,-0.0007720939822032638,0.0019300885467032703,-0.0043355828984165,0.013576203807672844,0.0037907625581695133,0.0059143476772614235,-0.001240584235169764,0.026017498769332265,0.02036203628589161,-0.0031069348192727174,-0.0026761077536914327,0.004928229658360101,0.01137813822093552,-0.010662783249763127,-0.012878456864579703,-0.03323414376253435,-0.016881665944100684,-0.01846311017063225,0.007940646334595207,-0.0007720939822032638,0.07184322791825236,-0.002204774933053171,-0.01297510571265298,0.04250914364137423,-0.02057268389630886,0.020853615823748735,0.02067705046569547,0.03225696515790931,0.039196172102891155,-0.0013604527592926772,-0.0012510923886547072,0.04700443515796268,0.0032388131220468185,0.00852779776249996,-0.02454577511517544,-0.007734894419151762,0.02140242677773947,-0.010993403836465358,0.011050880132218206,0.0019300885467032703,-0.002204774933053171,0.026191819656556432,0.01827798329101753,0.008297499974957975,0.006062042632239743,0.010451612254001048,-0.03043705127225973,0.011848815637878953,0.0057544372816929045,0.014582996132698423,-0.005917113718353428,0.002253884311147585,-0.01077921578002455,0.017816546952431553,0.005740713483968081,0.01031435968423974,0.0451961727502794,-0.019448392705188063,0.01808796269954522,-0.0043355828984165,-0.01297510571265298,0.01827798329101753,0.05295421725871564,0.007910638021719584,-0.0010511126051736693,0.0020936133955374112,-0.04181497575054506,-0.008410676686841183,-0.028843478836108022,0.009569151090521862,-0.011917986100105929,-0.01806542908303781,-0.027278395673932778,0.04278524674433849,0.036467613423098746,-0.015697728791689007,0.01328523636963037,-0.02115123691373849,0.02091238224406141,0.013576203807672844,0.04250914364137423,0.008297499974957975,0.007910638021719584,0.0802916924619072,0.0031249397795912867,0.023041105669409957,-0.00497582571276377,0.04466555805088286,0.035435350063134155,0.01347226410046366,-0.03284503223583955,0.023491229717473677,-0.002931863456628482,0.03286543196907202,-0.012064336436159923,0.014557657946322312,0.010760167654342834,0.003734096526059299,0.014591904957485895,0.0037907625581695133,-0.02057268389630886,0.006062042632239743,-0.0010511126051736693,0.0031249397795912867,0.04723585195081644,-0.009240505252897747,-0.007854260204176084,-0.004468189576275544,-0.015227518744621561,0.010737524668503893,-0.01628579427059068,-0.0036379203974139527,0.006937531345150198,-0.00254540953100152,-0.0009747626419609474,-0.018664354915012525,0.01571982496054234,-0.010609242096263826,0.006608223009306304,0.0059143476772614235,0.020853615823748735,0.010451612254001048,0.0020936133955374112,0.023041105669409957,-0.009240505252897747,0.04016565720836165,-0.005990824870701119,0.027057178039128722,0.032404222791697634,0.012616796698327139,-0.0012650509611887677,0.01979923306128166,-0.005547027168785391,0.01832127721185749,-0.006390302777671383,-0.011429718240264605,-0.045884571152553594,0.024754086689691056,-0.01870805592955592,-0.001240584235169764,0.02067705046569547,-0.03043705127225973,-0.04181497575054506,-0.00497582571276377,-0.007854260204176084,-0.005990824870701119,0.07076313462965708,-0.006324421181109,0.01495746453258839,-0.0179825560080039,0.01024917068787895,0.020967641846262604,0.027456162467957457,-0.037500788909316615,-0.028494067996810035,-0.03703792943562705,0.0005314719514753785,-0.006401611520361693,-0.001331061071451675,0.026017498769332265,0.03225696515790931,0.011848815637878953,-0.008410676686841183,0.04466555805088286,-0.004468189576275544,0.027057178039128722,-0.006324421181109,0.09798612903505863,0.07688436124399879,0.016942465637282147,-0.01770098290925053,0.0353555391383112,0.01682812421097707,-0.004946083410532453,-0.02634060760533736,-0.04059299180714929,-0.02260884184615342,0.006946108787310718,-0.01750352007753806,0.02036203628589161,0.039196172102891155,0.0057544372816929045,-0.028843478836108022,0.035435350063134155,-0.015227518744621561,0.032404222791697634,0.01495746453258839,0.07688436124399879,0.10605005625035357,0.008681923641139998,-0.006145746916359975,0.037087644870188924,0.016767092885492677,-0.01811379815204383,-0.04394352260305184,-0.009422877222412349,0.020168898868394562,-0.023116750524950158,-0.007703395215293546,-0.0031069348192727174,-0.0013604527592926772,0.014582996132698423,0.009569151090521862,0.01347226410046366,0.010737524668503893,0.012616796698327139,-0.0179825560080039,0.016942465637282147,0.008681923641139998,0.05723033890008017,-0.03911520455920348,0.0038417470165185794,-0.012262330367327622,0.02917837307776775,0.003434783121816968,0.015316266385606176,-0.018962741918608222,0.015007588984286259,0.005874452934576124,-0.0026761077536914327,-0.0012510923886547072,-0.005917113718353428,-0.011917986100105929,-0.03284503223583955,-0.01628579427059068,-0.0012650509611887677,0.01024917068787895,-0.01770098290925053,-0.006145746916359975,-0.03911520455920348,0.07814333288086775,-0.0024741912372928596,0.006289060617686448,-0.025164853144528918,0.0018701532334256753,-0.02749564677516125,-0.009464457219499999,-0.01117347408624534,0.0054339851753623285,0.004928229658360101,0.04700443515796268,0.002253884311147585,-0.01806542908303781,0.023491229717473677,-0.0036379203974139527,0.01979923306128166,0.020967641846262604,0.0353555391383112,0.037087644870188924,0.0038417470165185794,-0.0024741912372928596,0.056395770686784086,0.013319960896999362,-0.0031465647767543086,-0.024705585447760615,-0.005912022479378416,-0.02394431740328522,0.017614933172917555,-0.007008139968172339,0.01137813822093552,0.0032388131220468185,-0.01077921578002455,-0.027278395673932778,-0.002931863456628482,0.006937531345150198,-0.005547027168785391,0.027456162467957457,0.01682812421097707,0.016767092885492677,-0.012262330367327622,0.006289060617686448,0.013319960896999362,0.04582224272524538,-0.03320580502888805,-0.015973414303996014,2.2591926861905125e-5,0.050925309580300636,-0.041631807202973624,0.01810169052015207,-0.010662783249763127,0.00852779776249996,0.017816546952431553,0.04278524674433849,0.03286543196907202,-0.00254540953100152,0.01832127721185749,-0.037500788909316615,-0.004946083410532453,-0.01811379815204383,0.02917837307776775,-0.025164853144528918,-0.0031465647767543086,-0.03320580502888805,0.08118384709039646,0.030032535377387485,0.015785906928035078,0.03261242305414608,-0.022248552024770763,0.012642137558155147,-0.012878456864579703,-0.02454577511517544,0.005740713483968081,0.036467613423098746,-0.012064336436159923,-0.0009747626419609474,-0.006390302777671383,-0.028494067996810035,-0.02634060760533736,-0.04394352260305184,0.003434783121816968,0.0018701532334256753,-0.024705585447760615,-0.015973414303996014,0.030032535377387485,0.05366343283523759
