0.01617522336896954,0.00300459553642578,0.007864729349045868,0.0037131249748197314,0.002405262561807727,0.0065316933505855206,0.002229730176017154,0.0006693938528022775,-0.0007742064753196097,-0.0020272490751902872,-6.369287552728402e-6,0.0039761696384563415,-0.00016691630766362003,0.0006275962234215551,0.0019048464556536628,-0.003336056268277529,-0.00496330278276343,-0.001953158321289691,-0.007319097610962273,-0.00395396833703498,0.00300459553642578,0.014443299689678136,0.0025342635193176706,-0.0031348512934931036,-0.0008485483435157054,0.001494720836084755,0.000925604676250721,0.001903427522403709,0.001591729084116924,0.003326113848898393,0.0007372301141148445,-0.004688086071131955,-0.004656443882567661,-0.001613803768897559,-0.003073050640321071,-0.003881981204566498,-0.0018579264727022627,-6.918282162492787e-6,0.0019748773617547007,-0.0022676635875303044,0.007864729349045868,0.0025342635193176706,0.02071525104204234,-0.0007415785856247597,0.0008403028536397401,0.003986073370934018,0.002668201411426369,-0.0034302640863307947,-0.003923384225409415,0.001536419688997829,0.000641756834485526,-0.0038223946382873186,0.0035192902094777793,-0.0013823450997805457,0.0005725304642012553,-0.004921432359037777,-0.004458136428518852,-0.0032498728705950414,0.001850012065555542,-0.007283679524453041,0.0037131249748197314,-0.0031348512934931036,-0.0007415785856247597,0.013038871770543786,-0.00037020922026324767,0.00029719349196036,0.0038394182468566226,-0.00041544125225076423,0.00020201233814103238,-0.0030407833001879613,-0.004072482750339036,0.0005400594056448346,0.006446356428633103,-0.0010830509618111467,-0.005583272693180072,0.0042590299503355526,0.0001612267440370599,-7.434004425027403e-5,-0.003660326562372758,-0.00534713766433588,0.002405262561807727,-0.0008485483435157054,0.0008403028536397401,-0.00037020922026324767,0.014604818725665629,-0.0005260873502790363,0.00421688602542767,-0.0009868982488648406,-0.0021316731634591114,-0.0007654215543909017,0.0007416959659076744,0.0014956538738150585,0.001515369797305815,-0.0017959889370137132,0.00013357192826046667,0.00014114187910045095,-0.0006359181620380165,-0.0003112670758194571,-0.005610300718848052,-0.006338291999923984,0.0065316933505855206,0.001494720836084755,0.003986073370934018,0.00029719349196036,-0.0005260873502790363,0.012307494113755289,0.001661663591666231,-0.0040633980075460725,-0.0001530350357000912,0.0001968438505759951,7.74797731625376e-5,0.0005510127688278942,-7.179225907582678e-5,-0.0016185266166278177,-0.001439206986626966,-0.0025097841724562526,-0.0007566821892929513,0.002407765032054924,-0.0005103667425924532,-0.002589581364391798,0.002229730176017154,0.000925604676250721,0.002668201411426369,0.0038394182468566226,0.00421688602542767,0.001661663591666231,0.023693758321593424,-0.0036850935189888636,0.0011882561966474366,0.002662290547525524,-0.0024328817244664374,0.001367344814223367,0.004305855462000388,-0.00407879692903753,-0.004930020701216686,-0.0023240544088596674,0.001059576612909658,-0.0016573241449708656,-0.005940151052405347,-0.006306110232539864,0.0006693938528022775,0.001903427522403709,-0.0034302640863307947,-0.00041544125225076423,-0.0009868982488648406,-0.0040633980075460725,-0.0036850935189888636,0.030169230326737254,-0.00022357383905944169,-0.009374000223268866,0.005778243000570182,0.002650508670257766,-0.00696711095874001,0.0014956865513279407,-0.0023287107762122827,0.0002703074330748786,0.00044252296547087733,-0.007198273779888526,-0.0026079765738866332,0.00422181175328831,-0.0007742064753196097,0.001591729084116924,-0.003923384225409415,0.00020201233814103238,-0.0021316731634591114,-0.0001530350357000912,0.0011882561966474366,-0.00022357383905944169,0.016573768443267214,0.0023925347566466325,0.0014580739727292073,0.0017828660048960195,-0.001822405398757093,-0.0006419916964997478,-0.00047913451747375426,0.0020149971815122637,-0.001330432137850424,-0.0004180867812197727,-0.003399446988270662,0.0033182206774627614,-0.0020272490751902872,0.003326113848898393,0.001536419688997829,-0.0030407833001879613,-0.0007654215543909017,0.0001968438505759951,0.002662290547525524,-0.009374000223268866,0.0023925347566466325,0.023264432900582957,0.0009507927001005909,-0.007123967789979493,-0.0004338793117744629,-0.0015996184103970505,-0.0006502907030229282,-0.005536847710098895,-0.0004393787333567978,0.0006661923593485901,0.006780155231707875,-0.0036589098434813283,-6.369287552728402e-6,0.0007372301141148445,0.000641756834485526,-0.004072482750339036,0.0007416959659076744,7.74797731625376e-5,-0.0024328817244664374,0.005778243000570182,0.0014580739727292073,0.0009507927001005909,0.025381974694708345,0.005853970306303703,0.00048352675006305286,0.0049335129386611914,0.0008759508674853235,-0.0018189567927710901,-0.0008057886342854758,-0.0035166769204399966,-0.003768855373825232,0.0007401872780701958,0.0039761696384563415,-0.004688086071131955,-0.0038223946382873186,0.0005400594056448346,0.0014956538738150585,0.0005510127688278942,0.001367344814223367,0.002650508670257766,0.0017828660048960195,-0.007123967789979493,0.005853970306303703,0.02357183320915773,0.003210754067282857,0.00013062786338518477,0.0017881661637180616,0.0015720618008959208,-0.0011532742788763642,-0.0005497819068475817,-0.008648378204724264,0.0027410051040420583,-0.00016691630766362003,-0.004656443882567661,0.0035192902094777793,0.006446356428633103,0.001515369797305815,-7.179225907582678e-5,0.004305855462000388,-0.00696711095874001,-0.001822405398757093,-0.0004338793117744629,0.00048352675006305286,0.003210754067282857,0.02751894369266896,0.0005957774480693487,0.00018455511976537908,0.0040752089078788505,3.7343406691322056e-5,0.0006229356767025582,-0.0058205493633986215,-0.004784747210806795,0.0006275962234215551,-0.001613803768897559,-0.0013823450997805457,-0.0010830509618111467,-0.0017959889370137132,-0.0016185266166278177,-0.00407879692903753,0.0014956865513279407,-0.0006419916964997478,-0.0015996184103970505,0.0049335129386611914,0.00013062786338518477,0.0005957774480693487,0.020524086050638532,0.002029820812922872,0.003653754500951549,-0.0041598794960338616,0.005130429605084473,-0.0010068529905573264,0.0049700580509713255,0.0019048464556536628,-0.003073050640321071,0.0005725304642012553,-0.005583272693180072,0.00013357192826046667,-0.001439206986626966,-0.004930020701216686,-0.0023287107762122827,-0.00047913451747375426,-0.0006502907030229282,0.0008759508674853235,0.0017881661637180616,0.00018455511976537908,0.002029820812922872,0.01812286705997394,0.001858269202695991,-0.0006345988143270307,0.003842002641412049,0.0010050298186773362,0.0012574831970458393,-0.003336056268277529,-0.003881981204566498,-0.004921432359037777,0.0042590299503355526,0.00014114187910045095,-0.0025097841724562526,-0.0023240544088596674,0.0002703074330748786,0.0020149971815122637,-0.005536847710098895,-0.0018189567927710901,0.0015720618008959208,0.0040752089078788505,0.003653754500951549,0.001858269202695991,0.01962796257035817,-0.002878629248272518,0.004459947838756032,-0.0034603800273805742,0.004205925906316452,-0.00496330278276343,-0.0018579264727022627,-0.004458136428518852,0.0001612267440370599,-0.0006359181620380165,-0.0007566821892929513,0.001059576612909658,0.00044252296547087733,-0.001330432137850424,-0.0004393787333567978,-0.0008057886342854758,-0.0011532742788763642,3.7343406691322056e-5,-0.0041598794960338616,-0.0006345988143270307,-0.002878629248272518,0.01708860143568704,0.00016295285434859904,0.0026605721173352495,-0.0016328898803369928,-0.001953158321289691,-6.918282162492787e-6,-0.0032498728705950414,-7.434004425027403e-5,-0.0003112670758194571,0.002407765032054924,-0.0016573241449708656,-0.007198273779888526,-0.0004180867812197727,0.0006661923593485901,-0.0035166769204399966,-0.0005497819068475817,0.0006229356767025582,0.005130429605084473,0.003842002641412049,0.004459947838756032,0.00016295285434859904,0.019221187803356757,-0.0007247848484277645,0.0031171328574732286,-0.007319097610962273,0.0019748773617547007,0.001850012065555542,-0.003660326562372758,-0.005610300718848052,-0.0005103667425924532,-0.005940151052405347,-0.0026079765738866332,-0.003399446988270662,0.006780155231707875,-0.003768855373825232,-0.008648378204724264,-0.0058205493633986215,-0.0010068529905573264,0.0010050298186773362,-0.0034603800273805742,0.0026605721173352495,-0.0007247848484277645,0.026068136765717488,0.00525606326651228,-0.00395396833703498,-0.0022676635875303044,-0.007283679524453041,-0.00534713766433588,-0.006338291999923984,-0.002589581364391798,-0.006306110232539864,0.00422181175328831,0.0033182206774627614,-0.0036589098434813283,0.0007401872780701958,0.0027410051040420583,-0.004784747210806795,0.0049700580509713255,0.0012574831970458393,0.004205925906316452,-0.0016328898803369928,0.0031171328574732286,0.00525606326651228,0.026681835048546657
