0.05145905722142,0.018037373513685482,-0.001631778701479901,0.01733911746386952,-0.005015815287394733,0.006526444547460694,0.011381507565891423,-0.03684653240504255,0.04314986681997715,-0.023266541718214517,0.03425600128827666,0.01738710846905319,-0.028443594824111705,-0.015464872626286312,-0.038470721191618776,0.04343073952981752,-0.005888457564538749,-0.0007592886419592987,-0.0070710213911777,0.043994334257361815,0.018037373513685482,0.0877008393525768,-0.023907347589028016,0.0531241557714255,0.06986989126428725,-0.025880052126045727,-0.033343358936183315,0.003747792979767008,0.0351266191397437,0.011860635308837622,0.009473956935203613,0.028486268015709276,0.04004953872609676,-0.09517145730812746,-0.028994144754529237,-0.007652689954981449,-0.013156140800205841,-0.02542484832321644,-0.014849813030489944,0.06174164316734571,-0.001631778701479901,-0.023907347589028016,0.058969255435932726,-0.01133960908289611,-0.03445443413170283,0.031584868237995126,0.014911286303111247,-0.006167836552831687,-0.012359112506041017,-0.008719004403601014,-0.016587664369459028,-0.018771279558987913,-0.030136734643062962,0.03556248978067608,0.0043896422703589046,0.011017682375593245,0.011130156388798926,0.019736146441596533,0.027668604886216468,-0.03430892018338194,0.01733911746386952,0.0531241557714255,-0.01133960908289611,0.06078057979996425,0.04375978443507674,-0.0015222574014212191,-0.022036652055359582,-0.018963456006626384,0.04363958788473304,-0.004011972109611871,0.0060336434563122284,0.022428737751387165,0.008357681077712547,-0.09301066461431402,-0.049847031892728315,0.015486202547410186,-0.018382121451811954,-0.016045116429807736,0.004675997225309092,0.061667663075877406,-0.005015815287394733,0.06986989126428725,-0.03445443413170283,0.04375978443507674,0.12747196719346682,-0.05502771795391694,-0.06523765356982722,0.05624868537763228,-0.002200539930612984,0.02272458374546647,0.00017557205853956613,0.03623155217085265,0.098938735501305,-0.10208482392213564,0.01637110840894586,-0.07800040841985442,-0.007195396584618196,-0.049272288017107854,-0.04151079040496658,0.04885041333127931,0.006526444547460694,-0.025880052126045727,0.031584868237995126,-0.0015222574014212191,-0.05502771795391694,0.0693122808876069,0.031166477763134692,-0.06059165670795326,0.02541687199156261,-0.016425932904089488,-0.010145694168960488,-0.019121449779062445,-0.07399618275740885,0.0037436916608296978,-0.04595959147416008,0.06703761576903274,-0.012511326732837138,0.04413222570077939,0.052892591356265145,-0.01602416863324834,0.011381507565891423,-0.033343358936183315,0.014911286303111247,-0.022036652055359582,-0.06523765356982722,0.031166477763134692,0.060538444406922756,-0.03839341127348335,0.016957966408133136,-0.005790394091405313,0.014081341099620101,-0.012902764414101367,-0.058311990856457774,0.05788466254890797,-0.006017231816809534,0.05443199201302813,0.009213485952459983,0.04036651002227454,0.029963086929772738,-0.01710544285789816,-0.03684653240504255,0.003747792979767008,-0.006167836552831687,-0.018963456006626384,0.05624868537763228,-0.06059165670795326,-0.03839341127348335,0.11428648895175772,-0.07497257841711782,0.026644253254518822,-0.028810852053044376,-0.0027464249449295547,0.09990110929710225,0.025105879874647095,0.09035100247700564,-0.11956414092733911,0.0290173432120537,-0.04343266403190208,-0.045185523528861925,-0.04014324020219398,0.04314986681997715,0.0351266191397437,-0.012359112506041017,0.04363958788473304,-0.002200539930612984,0.02541687199156261,0.016957966408133136,-0.07497257841711782,0.10191084772023801,-0.015263994782968294,0.04478240248651113,0.02865235832118595,-0.054662745364123994,-0.06657513571386238,-0.08827419802889083,0.09487134201429742,-0.025310245387289106,0.014934283609985279,0.010044703597812881,0.08330443267557913,-0.023266541718214517,0.011860635308837622,-0.008719004403601014,-0.004011972109611871,0.02272458374546647,-0.016425932904089488,-0.005790394091405313,0.026644253254518822,-0.015263994782968294,0.052446820089738555,-0.010307623602034282,0.005266266210427193,0.03779534755862232,0.002188007768016516,0.03203948602059409,-0.028560689406663134,0.012710559802289856,-0.005030354377420837,0.002136870342215068,-0.010017548701681367,0.03425600128827666,0.009473956935203613,-0.016587664369459028,0.0060336434563122284,0.00017557205853956613,-0.010145694168960488,0.014081341099620101,-0.028810852053044376,0.04478240248651113,-0.010307623602034282,0.065635296695193,0.024684800021290126,-0.03095325372794786,-0.013876649092399199,-0.027445768750803536,0.05830502829547085,-0.017386400632967126,0.004394080554687688,-0.028383070186160854,0.05587070566023828,0.01738710846905319,0.028486268015709276,-0.018771279558987913,0.022428737751387165,0.03623155217085265,-0.019121449779062445,-0.012902764414101367,-0.0027464249449295547,0.02865235832118595,0.005266266210427193,0.024684800021290126,0.03810699106290742,0.018895863644053518,-0.04543584025392628,-0.02067812754262025,0.004241415175422918,-0.004200922066405164,-0.016059721130000537,-0.01643605800713915,0.04930083325118391,-0.028443594824111705,0.04004953872609676,-0.030136734643062962,0.008357681077712547,0.098938735501305,-0.07399618275740885,-0.058311990856457774,0.09990110929710225,-0.054662745364123994,0.03779534755862232,-0.03095325372794786,0.018895863644053518,0.14434167698971473,-0.026739320525871794,0.07550127013577115,-0.14347847960354287,0.027080437960394894,-0.058130112675593336,-0.039033918272015355,-0.013158993332521733,-0.015464872626286312,-0.09517145730812746,0.03556248978067608,-0.09301066461431402,-0.10208482392213564,0.0037436916608296978,0.05788466254890797,0.025105879874647095,-0.06657513571386238,0.002188007768016516,-0.013876649092399199,-0.04543584025392628,-0.026739320525871794,0.19776170660628864,0.07895758257815529,-0.017406052508551206,0.04117023314240763,0.03423504293806112,0.00206252523693896,-0.11427145208085193,-0.038470721191618776,-0.028994144754529237,0.0043896422703589046,-0.049847031892728315,0.01637110840894586,-0.04595959147416008,-0.006017231816809534,0.09035100247700564,-0.08827419802889083,0.03203948602059409,-0.027445768750803536,-0.02067812754262025,0.07550127013577115,0.07895758257815529,0.13352383298562687,-0.10205047336692656,0.03333173896568921,-0.017757516013107506,-0.024562971775794546,-0.07030668493966022,0.04343073952981752,-0.007652689954981449,0.011017682375593245,0.015486202547410186,-0.07800040841985442,0.06703761576903274,0.05443199201302813,-0.11956414092733911,0.09487134201429742,-0.028560689406663134,0.05830502829547085,0.004241415175422918,-0.14347847960354287,-0.017406052508551206,-0.10205047336692656,0.20530675124389083,-0.04595757612776731,0.059558890659097224,0.03636081551150849,0.0754192871756087,-0.005888457564538749,-0.013156140800205841,0.011130156388798926,-0.018382121451811954,-0.007195396584618196,-0.012511326732837138,0.009213485952459983,0.0290173432120537,-0.025310245387289106,0.012710559802289856,-0.017386400632967126,-0.004200922066405164,0.027080437960394894,0.04117023314240763,0.03333173896568921,-0.04595757612776731,0.05140831330328002,-0.0028879194334746304,0.008797190304170291,-0.03684070560124067,-0.0007592886419592987,-0.02542484832321644,0.019736146441596533,-0.016045116429807736,-0.049272288017107854,0.04413222570077939,0.04036651002227454,-0.04343266403190208,0.014934283609985279,-0.005030354377420837,0.004394080554687688,-0.016059721130000537,-0.058130112675593336,0.03423504293806112,-0.017757516013107506,0.059558890659097224,-0.0028879194334746304,0.061522922347901146,0.04248065868534529,-0.02006986677018264,-0.0070710213911777,-0.014849813030489944,0.027668604886216468,0.004675997225309092,-0.04151079040496658,0.052892591356265145,0.029963086929772738,-0.045185523528861925,0.010044703597812881,0.002136870342215068,-0.028383070186160854,-0.01643605800713915,-0.039033918272015355,0.00206252523693896,-0.024562971775794546,0.03636081551150849,0.008797190304170291,0.04248065868534529,0.084379669660648,-0.023131768983932766,0.043994334257361815,0.06174164316734571,-0.03430892018338194,0.061667663075877406,0.04885041333127931,-0.01602416863324834,-0.01710544285789816,-0.04014324020219398,0.08330443267557913,-0.010017548701681367,0.05587070566023828,0.04930083325118391,-0.013158993332521733,-0.11427145208085193,-0.07030668493966022,0.0754192871756087,-0.03684070560124067,-0.02006986677018264,-0.023131768983932766,0.1356493888931948
0.03836037880370407,0.015836921998869782,-0.011857277664793343,0.013794185387606281,0.012446320424863173,0.003386032651197498,-0.006453073075474426,-0.02346820637654954,0.019839206883024138,-0.01713687832756357,0.0121690488600158,0.02079304881225835,-0.009866449990786869,-0.03482971652438662,-0.028042732586022127,0.009221476826676366,-0.014053664794988211,-0.010791838396079358,0.0009105010743726324,0.03901001369063936,0.015836921998869782,0.06769908344407846,0.0172249455409968,0.029205102851955343,0.04056518340910065,-0.0013816777148821493,-0.02634840580834381,-0.004764265175400082,-0.0014830650822094114,-0.004624669253103063,-0.020407423065856287,0.005967135815335145,0.01765346855171987,-0.053127856362850404,-0.012016253937888292,-0.028994405170915817,0.0019489160156042759,-0.0038383382082684487,0.01144988818078516,0.00200430205504464,-0.011857277664793343,0.0172249455409968,0.04315965049739517,0.003506020745698687,0.01849353985772082,-0.0014684541634782155,-0.0092933288288536,0.028017710980420406,-0.021420868715252957,0.013716140085114046,-0.026456260829304454,-0.012455241918387696,0.026204665103908092,0.014163207232213728,0.030582057244151473,-0.030057522619377747,0.014701372995462921,0.004843389355492951,0.013490238443567022,-0.03000408754586225,0.013794185387606281,0.029205102851955343,0.003506020745698687,0.046170580308279946,0.0326081513947878,-0.0023135748642532997,-0.014406383485840304,-0.010972198413138432,0.018543790059544006,-0.008487280606331471,-0.010282312213259124,0.012716545912651958,0.00882233937562722,-0.052439131818672824,-0.021197224432062192,-0.02558415422441079,0.0032866173284599376,-0.007121998210791805,0.007697339539440786,0.01579872440359246,0.012446320424863173,0.04056518340910065,0.01849353985772082,0.0326081513947878,0.06790219678755958,-0.011858020265639351,-0.03800159665503709,0.013903983274183584,0.00419817427466296,-0.005893288903804716,-0.013312600308098579,0.01570719015707997,0.029796560514575292,-0.052457080090004896,-0.007157753026342837,-0.04666408551928626,-0.0010439507103175963,-0.020933317973754764,-0.021250224770404898,0.013922964055083711,0.003386032651197498,-0.0013816777148821493,-0.0014684541634782155,-0.0023135748642532997,-0.011858020265639351,0.026423650840371456,0.017608922341372728,-0.012695116745227737,0.016067554176504864,0.0016494419560327774,-0.0035852946519784176,-0.001245459247115941,-0.008911367768958001,-0.008148794287492869,-0.005324227434015947,0.012723631738908201,0.005080166862084149,0.014607843725829319,0.015370544074216931,-0.0034611598469059977,-0.006453073075474426,-0.02634840580834381,-0.0092933288288536,-0.014406383485840304,-0.03800159665503709,0.017608922341372728,0.053976685360460776,-0.012053597067070432,0.007910510218729034,0.009830629179600385,0.0005837903367959103,-0.01413349325864061,-0.016998770562314205,0.03757792201090866,0.010547492467480962,0.028032603498298635,0.014299375150696066,0.022976361077260102,0.02847946001047781,-0.014734728468502475,-0.02346820637654954,-0.004764265175400082,0.028017710980420406,-0.010972198413138432,0.013903983274183584,-0.012695116745227737,-0.012053597067070432,0.06176082825052462,-0.03585446995070493,0.018056132090905317,-0.014102764594553717,-0.016604269740786028,0.030635976431859266,0.03479692013569351,0.042203916239093336,-0.03173502025584245,0.012537202950761817,-0.003190393030315761,-0.021453940746659884,-0.03365828180166207,0.019839206883024138,-0.0014830650822094114,-0.021420868715252957,0.018543790059544006,0.00419817427466296,0.016067554176504864,0.007910510218729034,-0.03585446995070493,0.06667529270417431,-0.013818000855669331,0.014429964731183619,0.02232133287226508,-0.01586743084191707,-0.04284067903764349,-0.032769284875590894,0.011769259230776416,-0.009225751458665693,-0.003557841577121526,-0.003189164354973053,0.04002868945930675,-0.01713687832756357,-0.004624669253103063,0.013716140085114046,-0.008487280606331471,-0.005893288903804716,0.0016494419560327774,0.009830629179600385,0.018056132090905317,-0.013818000855669331,0.033607208042181994,-0.010900669462134423,-0.018260351999744205,0.018741612542260085,0.02719622265972829,0.026273557754332967,-0.015177770849483994,0.014284034201781466,0.004927359034722716,0.005937954384951437,-0.02361392290447992,0.0121690488600158,-0.020407423065856287,-0.026456260829304454,-0.010282312213259124,-0.013312600308098579,-0.0035852946519784176,0.0005837903367959103,-0.014102764594553717,0.014429964731183619,-0.010900669462134423,0.051415346620885524,0.015726288980017288,-0.016246454513542855,-0.011492071202511391,-0.029068852036793106,0.03281454895055187,-0.026994330110922598,-0.011959183616018986,-0.034459585090644076,0.03952700256134254,0.02079304881225835,0.005967135815335145,-0.012455241918387696,0.012716545912651958,0.01570719015707997,-0.001245459247115941,-0.01413349325864061,-0.016604269740786028,0.02232133287226508,-0.018260351999744205,0.015726288980017288,0.035441838179432084,0.00013183189866770314,-0.038078945541113594,-0.024302588507566704,0.0024742154025498347,-0.014866466970044368,-0.012174500887904458,-0.019018440204674716,0.03474634100704834,-0.009866449990786869,0.01765346855171987,0.026204665103908092,0.00882233937562722,0.029796560514575292,-0.008911367768958001,-0.016998770562314205,0.030635976431859266,-0.01586743084191707,0.018741612542260085,-0.016246454513542855,0.00013183189866770314,0.05663412113257632,-0.007119882616878282,0.02526757972463809,-0.04781081487103278,0.013691610725129989,-0.005703510599228935,-0.013212483949799923,-0.013417505243945468,-0.03482971652438662,-0.053127856362850404,0.014163207232213728,-0.052439131818672824,-0.052457080090004896,-0.008148794287492869,0.03757792201090866,0.03479692013569351,-0.04284067903764349,0.02719622265972829,-0.011492071202511391,-0.038078945541113594,-0.007119882616878282,0.12657044097466014,0.06409651454565311,0.030466820349156834,0.013084553465400134,0.027834210680081024,0.023448044066521886,-0.05766616824627116,-0.028042732586022127,-0.012016253937888292,0.030582057244151473,-0.021197224432062192,-0.007157753026342837,-0.005324227434015947,0.010547492467480962,0.042203916239093336,-0.032769284875590894,0.026273557754332967,-0.029068852036793106,-0.024302588507566704,0.02526757972463809,0.06409651454565311,0.07561348495870636,-0.016993122013269003,0.02547997379248207,0.013011842005429299,0.011418771332347706,-0.05411053994031535,0.009221476826676366,-0.028994405170915817,-0.030057522619377747,-0.02558415422441079,-0.04666408551928626,0.012723631738908201,0.028032603498298635,-0.03173502025584245,0.011769259230776416,-0.015177770849483994,0.03281454895055187,0.0024742154025498347,-0.04781081487103278,0.030466820349156834,-0.016993122013269003,0.1032891448052692,-0.022610453624271984,0.01953425264330521,0.015657510807308365,0.017025384621545805,-0.014053664794988211,0.0019489160156042759,0.014701372995462921,0.0032866173284599376,-0.0010439507103175963,0.005080166862084149,0.014299375150696066,0.012537202950761817,-0.009225751458665693,0.014284034201781466,-0.026994330110922598,-0.014866466970044368,0.013691610725129989,0.013084553465400134,0.02547997379248207,-0.022610453624271984,0.04119428523713165,0.010444166975938625,0.026753468413395036,-0.03663126575585614,-0.010791838396079358,-0.0038383382082684487,0.004843389355492951,-0.007121998210791805,-0.020933317973754764,0.014607843725829319,0.022976361077260102,-0.003190393030315761,-0.003557841577121526,0.004927359034722716,-0.011959183616018986,-0.012174500887904458,-0.005703510599228935,0.027834210680081024,0.013011842005429299,0.01953425264330521,0.010444166975938625,0.03800536464322085,0.03220809814876213,-0.02022094264864998,0.0009105010743726324,0.01144988818078516,0.013490238443567022,0.007697339539440786,-0.021250224770404898,0.015370544074216931,0.02847946001047781,-0.021453940746659884,-0.003189164354973053,0.005937954384951437,-0.034459585090644076,-0.019018440204674716,-0.013212483949799923,0.023448044066521886,0.011418771332347706,0.015657510807308365,0.026753468413395036,0.03220809814876213,0.09010334983732741,-0.03836065267274838,0.03901001369063936,0.00200430205504464,-0.03000408754586225,0.01579872440359246,0.013922964055083711,-0.0034611598469059977,-0.014734728468502475,-0.03365828180166207,0.04002868945930675,-0.02361392290447992,0.03952700256134254,0.03474634100704834,-0.013417505243945468,-0.05766616824627116,-0.05411053994031535,0.017025384621545805,-0.03663126575585614,-0.02022094264864998,-0.03836065267274838,0.09345282848219175
0.05717418302472814,0.0141639934697009,-0.002165074142784121,0.021716853772085053,0.02348780163751686,0.016274692244962488,-0.009469288630786894,-0.029816147140380805,0.02275613755013125,-0.00494680805433116,0.024217421611900367,0.031386480144374486,-0.008447689954354024,-0.040898263521746844,-0.01938187416799722,0.0192507270520048,-0.016852450169646763,-0.009131414199614878,-0.011620456749097148,0.04230893063944932,0.0141639934697009,0.0414322039708415,-0.008513105800193387,0.03297143130187317,0.03137734423747051,-0.00047016024461114,-0.023360565327252232,-0.009214882387436256,0.0186119288134479,0.003899569835001677,-0.0003720597126157634,0.013933906810503199,-0.011178595749093644,-0.04155759566113,-0.010835732918960141,0.00016135718535731976,-0.009750504798416038,0.0022152337791207775,0.004532066671143091,0.007659650182690164,-0.002165074142784121,-0.008513105800193387,0.04495446835723017,-0.016934413187361948,0.009261689641501748,0.006322664659472442,-0.0041366944590644356,0.004253775033730941,-0.019014319642632498,0.0129172968808581,-0.007120251062475295,-0.0013404006895865036,0.029555915250786144,0.020142295992051383,0.0234010738260832,-0.016320851542064363,0.01290919851890203,0.0019863559296978465,0.013042804169625914,-0.021878068864851975,0.021716853772085053,0.03297143130187317,-0.016934413187361948,0.08553967981808913,0.06742312254823249,-0.011506888890593082,-0.025447125081635193,0.005092547728096869,0.03403103234253763,0.010825349624726335,0.010158497689245184,0.020213603795092013,0.01022821436989938,-0.06761197107581424,-0.006430377141716353,-0.0327547408545791,-0.022619641103369986,-0.0014997259582663813,0.004017349769669678,0.038342832914149985,0.02348780163751686,0.03137734423747051,0.009261689641501748,0.06742312254823249,0.11565607050572459,-0.016668842169583045,-0.04743543476549443,0.010718442019702257,0.010238586357062604,0.036031949712543664,-0.003467473528364529,0.019304841488191275,0.046348513192746243,-0.0429745910061196,0.025288408680955617,-0.07215731069783393,-0.0195853420689781,-0.0058528961856137915,-0.009924965096328175,0.012969125072617499,0.016274692244962488,-0.00047016024461114,0.006322664659472442,-0.011506888890593082,-0.016668842169583045,0.029759682276624146,-0.0075212393453898616,-0.02759938236556125,0.006129258484449877,-0.006245495305068209,-0.0015066827435741778,0.0031496945983210244,-0.012832511620411985,-0.010391327198047633,-0.01728763724810408,0.0334375103459902,-0.0065776230980762445,0.005073290143566074,0.017508824037820746,-0.0040988301036398,-0.009469288630786894,-0.023360565327252232,-0.0041366944590644356,-0.025447125081635193,-0.04743543476549443,-0.0075212393453898616,0.07510195922674617,0.022106027269550323,-0.0019308580533726936,-0.007338356044961887,0.010167625392778261,-0.005989908307617155,-0.012826068322042687,0.04528282321023117,0.009581656445826071,0.011132218482167295,0.0260644741721929,0.004759419518248936,-0.006610204726628309,0.002364020616267008,-0.029816147140380805,-0.009214882387436256,0.004253775033730941,0.005092547728096869,0.010718442019702257,-0.02759938236556125,0.022106027269550323,0.07746674245090208,-0.014704450647395737,0.006738911682350009,-0.003491076763549394,-0.0058166224087449715,0.030538669388254433,0.02354333826234397,0.04009680046084323,-0.04597934594349587,0.021998145722693832,-0.0016091452324579517,-0.021408857261962032,-0.015102024428511869,0.02275613755013125,0.0186119288134479,-0.019014319642632498,0.03403103234253763,0.010238586357062604,0.006129258484449877,-0.0019308580533726936,-0.014704450647395737,0.05820282630163515,-0.021141659793459423,0.026357062750028255,0.03062199477538692,-0.029100728667866615,-0.05184953830837004,-0.03624757268466674,0.02489254696306519,-0.02446451598548526,0.0033117535736234783,0.004682061482852674,0.042063587631269314,-0.00494680805433116,0.003899569835001677,0.0129172968808581,0.010825349624726335,0.036031949712543664,-0.006245495305068209,-0.007338356044961887,0.006738911682350009,-0.021141659793459423,0.05995028482800075,-0.016518991031136875,-0.026826672581058877,0.031219129047235582,0.039964339984249274,0.041485894468413456,-0.05273605238608409,0.01171719279489414,0.002611550608939241,0.004453185016428842,-0.0340080805755063,0.024217421611900367,-0.0003720597126157634,-0.007120251062475295,0.010158497689245184,-0.003467473528364529,-0.0015066827435741778,0.010167625392778261,-0.003491076763549394,0.026357062750028255,-0.016518991031136875,0.04300754505387702,0.021498824796463208,-0.019346097511118834,-0.02459405951010527,-0.01709987103222884,0.020365738136784356,-0.01813557032158586,-0.0029238063303557997,-0.014173166179536404,0.045961378334161626,0.031386480144374486,0.013933906810503199,-0.0013404006895865036,0.020213603795092013,0.019304841488191275,0.0031496945983210244,-0.005989908307617155,-0.0058166224087449715,0.03062199477538692,-0.026826672581058877,0.021498824796463208,0.058304242101188085,-0.004631275913289691,-0.05138539139442169,-0.023227738733937277,0.0171635054066415,-0.016849989824543908,-0.006048551537270725,-0.014897782787011149,0.03767616368977697,-0.008447689954354024,-0.011178595749093644,0.029555915250786144,0.01022821436989938,0.046348513192746243,-0.012832511620411985,-0.012826068322042687,0.030538669388254433,-0.029100728667866615,0.031219129047235582,-0.019346097511118834,-0.004631275913289691,0.08510442844181806,0.016813716559175285,0.05016613759835913,-0.06668475289269207,0.015977696828237103,-0.006748423479959667,-0.00977101086276555,-0.019064461143325235,-0.040898263521746844,-0.04155759566113,0.020142295992051383,-0.06761197107581424,-0.0429745910061196,-0.010391327198047633,0.04528282321023117,0.02354333826234397,-0.05184953830837004,0.039964339984249274,-0.02459405951010527,-0.05138539139442169,0.016813716559175285,0.13631191402954493,0.055618739596022884,-0.02118326140404269,0.035446999980640145,0.013632999821201865,-0.0005780748275154022,-0.07469563061173184,-0.01938187416799722,-0.010835732918960141,0.0234010738260832,-0.006430377141716353,0.025288408680955617,-0.01728763724810408,0.009581656445826071,0.04009680046084323,-0.03624757268466674,0.041485894468413456,-0.01709987103222884,-0.023227738733937277,0.05016613759835913,0.055618739596022884,0.07631883676367432,-0.06054025191424192,0.025176090304717014,0.0033941097035887486,-0.01244387615164299,-0.04293096918435131,0.0192507270520048,0.00016135718535731976,-0.016320851542064363,-0.0327547408545791,-0.07215731069783393,0.0334375103459902,0.011132218482167295,-0.04597934594349587,0.02489254696306519,-0.05273605238608409,0.020365738136784356,0.0171635054066415,-0.06668475289269207,-0.02118326140404269,-0.06054025191424192,0.12737087542951753,-0.021385439033302665,0.009416416455034729,0.01848057004666412,0.026703130911708665,-0.016852450169646763,-0.009750504798416038,0.01290919851890203,-0.022619641103369986,-0.0195853420689781,-0.0065776230980762445,0.0260644741721929,0.021998145722693832,-0.02446451598548526,0.01171719279489414,-0.01813557032158586,-0.016849989824543908,0.015977696828237103,0.035446999980640145,0.025176090304717014,-0.021385439033302665,0.049443797219442816,2.518813506878171e-5,-0.0012382633108756172,-0.02877400015623257,-0.009131414199614878,0.0022152337791207775,0.0019863559296978465,-0.0014997259582663813,-0.0058528961856137915,0.005073290143566074,0.004759419518248936,-0.0016091452324579517,0.0033117535736234783,0.002611550608939241,-0.0029238063303557997,-0.006048551537270725,-0.006748423479959667,0.013632999821201865,0.0033941097035887486,0.009416416455034729,2.518813506878171e-5,0.022327686542835443,0.020228099742512086,-0.011338358831311585,-0.011620456749097148,0.004532066671143091,0.013042804169625914,0.004017349769669678,-0.009924965096328175,0.017508824037820746,-0.006610204726628309,-0.021408857261962032,0.004682061482852674,0.004453185016428842,-0.014173166179536404,-0.014897782787011149,-0.00977101086276555,-0.0005780748275154022,-0.01244387615164299,0.01848057004666412,-0.0012382633108756172,0.020228099742512086,0.0669832620098054,-0.024596740523061666,0.04230893063944932,0.007659650182690164,-0.021878068864851975,0.038342832914149985,0.012969125072617499,-0.0040988301036398,0.002364020616267008,-0.015102024428511869,0.042063587631269314,-0.0340080805755063,0.045961378334161626,0.03767616368977697,-0.019064461143325235,-0.07469563061173184,-0.04293096918435131,0.026703130911708665,-0.02877400015623257,-0.011338358831311585,-0.024596740523061666,0.1027574681268634
