0.030169605969473563,-0.0001553637708107947,0.00077945477755684,-0.013014000360581087,-0.0037168215798411906,0.006031919823020222,0.006689373655705728,0.005661094705363404,0.011961964714034875,0.0037728111792960217,-0.002263313006827925,-0.009496870065734783,-0.00026052891761189326,0.00021261177523841537,0.004790307347411101,0.0009313866905997859,0.0013663590541550434,-0.002643603140841745,-0.003973721064120408,-0.0053264507267638955,-0.0001553637708107947,0.030321403569542615,0.010017278455741064,-0.001807474106882086,0.00023100206132766095,0.005410454658654366,0.002601476890583617,-0.014066161034731062,-0.004892049534811909,0.004307825375844338,0.00041243406310495484,-0.01011714871104032,0.0016792203554034904,0.005339348933340255,0.005675720545548291,0.01026919471397853,-0.0011813772436071515,-0.003867297373199856,0.0011893718667351132,-0.006361309273584384,0.00077945477755684,0.010017278455741064,0.04120710500214219,-0.002858066471990296,-0.007738040051406723,0.0026523568158563805,0.007342638942868085,-0.0044220718001728885,-0.002225452719731423,0.009468887956088058,-0.0010813858055262312,-0.011332973328361792,-0.003497760300643373,0.002972052723269172,0.009162142828864593,-0.004711496101871201,0.006167702575547959,0.00016020814581684494,-0.005555147313343334,-0.0014122202434124166,-0.013014000360581087,-0.001807474106882086,-0.002858066471990296,0.06771261447545382,0.013183673381854156,-0.009795740093074119,-0.003033195334913681,0.007424551760142589,-0.012505558579968169,-0.003138320785062175,-0.009278921894645367,0.013136501892323309,0.005588546917736255,0.003435250430670904,-0.019570418173522692,-0.014099464525719488,-0.0005712894839644523,0.005952267436363035,0.012320195863053123,0.0028021879239840584,-0.0037168215798411906,0.00023100206132766095,-0.007738040051406723,0.013183673381854156,0.02973751742856237,-0.010764791839537161,-0.00028758032577812253,0.009724364583351696,0.00366491386107377,-0.0069951907117266066,-0.00040459510128613876,0.005380127006754551,0.007051692612017039,0.003520901911953692,-0.009907604714408765,-0.011694538568610857,0.012063609792534298,0.0064111112416609176,0.004390786019274182,0.008142985447212873,0.006031919823020222,0.005410454658654366,0.0026523568158563805,-0.009795740093074119,-0.010764791839537161,0.046813491473814146,-0.0013285172170203387,-0.02480171550268462,0.006708991105495866,0.013970886047229951,0.006824022059628506,-0.00045709406898877786,-0.006616966309365307,-0.0027264678767996036,-0.0062610843968158095,0.028064981750247214,-0.024173400300654152,-0.010794154725997589,-0.0035222153144674933,-0.017514202584938906,0.006689373655705728,0.002601476890583617,0.007342638942868085,-0.003033195334913681,-0.00028758032577812253,-0.0013285172170203387,0.02924483119418667,0.010455266920718347,-0.00041663426348168844,0.007371597934981057,-0.010017038623980346,-0.010928568236179492,0.0006391200695665362,-0.004055126058340703,0.006436789784493531,-0.001615274048109302,0.0035599366211242407,0.0040851623608210725,-0.00967563728010806,-0.00232971181413673,0.005661094705363404,-0.014066161034731062,-0.0044220718001728885,0.007424551760142589,0.009724364583351696,-0.02480171550268462,0.010455266920718347,0.05169024552931675,0.00597053045056717,-0.004933125738741342,-0.01489009808357879,0.002805654052822864,0.004534009946463748,-0.0078134209321499,0.003232767622669799,-0.027000849007209362,0.018835615434562816,0.01207850722471615,0.00010523291896266139,-5.959394915363257e-6,0.011961964714034875,-0.004892049534811909,-0.002225452719731423,-0.012505558579968169,0.00366491386107377,0.006708991105495866,-0.00041663426348168844,0.00597053045056717,0.031431212632335684,-0.005894394920040246,-0.0036136905756128527,-0.00269462524028378,0.006328444756907426,0.0012358694002591796,-0.0028223523975648857,-0.008520662565467773,-0.004555307655609366,0.006708021900831036,-0.008933712924334517,-0.008400212811304278,0.0037728111792960217,0.004307825375844338,0.009468887956088058,-0.003138320785062175,-0.0069951907117266066,0.013970886047229951,0.007371597934981057,-0.004933125738741342,-0.005894394920040246,0.026952488219960963,-0.0031140959343267764,-0.005582929109144806,-0.003943248287222695,-0.005143312104892272,0.006003395083852265,0.015246168629382488,-0.0046070679331580155,-0.008584029292065141,-0.002454737548133514,-0.011493400207632785,-0.002263313006827925,0.00041243406310495484,-0.0010813858055262312,-0.009278921894645367,-0.00040459510128613876,0.006824022059628506,-0.010017038623980346,-0.01489009808357879,-0.0036136905756128527,-0.0031140959343267764,0.027665886061905304,0.00037956706438555026,-0.005117999120592512,-0.005759265079069486,-0.0028766013781900733,0.01051081474610675,-0.0014325827406682962,-0.0043573925437141794,-0.002967655237192378,0.003354500082988516,-0.009496870065734783,-0.01011714871104032,-0.011332973328361792,0.013136501892323309,0.005380127006754551,-0.00045709406898877786,-0.010928568236179492,0.002805654052822864,-0.00269462524028378,-0.005582929109144806,0.00037956706438555026,0.03316416930706628,-0.001797506403388146,0.0032852685781313753,-0.006925012272967247,-0.0075174755224864925,-0.005111035648217376,0.0074942838597575655,0.007881282915307477,0.0069695407578704675,-0.00026052891761189326,0.0016792203554034904,-0.003497760300643373,0.005588546917736255,0.007051692612017039,-0.006616966309365307,0.0006391200695665362,0.004534009946463748,0.006328444756907426,-0.003943248287222695,-0.005117999120592512,-0.001797506403388146,0.020986545579699208,0.005673550607751633,-0.0026816531205903784,-0.004494236886609337,0.0003880316036704249,0.00022325266806542282,0.0039856626773810185,0.0023119136609840514,0.00021261177523841537,0.005339348933340255,0.002972052723269172,0.003435250430670904,0.003520901911953692,-0.0027264678767996036,-0.004055126058340703,-0.0078134209321499,0.0012358694002591796,-0.005143312104892272,-0.005759265079069486,0.0032852685781313753,0.005673550607751633,0.025434049632686,0.0052295258657215436,-0.00567462360058589,0.002173907061521377,0.0024340520258349973,0.0007897464233232818,0.00476937241702416,0.004790307347411101,0.005675720545548291,0.009162142828864593,-0.019570418173522692,-0.009907604714408765,-0.0062610843968158095,0.006436789784493531,0.003232767622669799,-0.0028223523975648857,0.006003395083852265,-0.0028766013781900733,-0.006925012272967247,-0.0026816531205903784,0.0052295258657215436,0.03490223585444874,0.006244464484954953,0.0063354375846643544,-0.002017745662565089,-0.001150465332228936,-0.0057673968568886635,0.0009313866905997859,0.01026919471397853,-0.004711496101871201,-0.014099464525719488,-0.011694538568610857,0.028064981750247214,-0.001615274048109302,-0.027000849007209362,-0.008520662565467773,0.015246168629382488,0.01051081474610675,-0.0075174755224864925,-0.004494236886609337,-0.00567462360058589,0.006244464484954953,0.05708637335990801,-0.022556037932956085,-0.01804336794727724,0.0027113325379160185,-0.020957787558710115,0.0013663590541550434,-0.0011813772436071515,0.006167702575547959,-0.0005712894839644523,0.012063609792534298,-0.024173400300654152,0.0035599366211242407,0.018835615434562816,-0.004555307655609366,-0.0046070679331580155,-0.0014325827406682962,-0.005111035648217376,0.0003880316036704249,0.002173907061521377,0.0063354375846643544,-0.022556037932956085,0.04150665119476205,0.005729248268991051,-0.005094327018716994,0.018613005609368183,-0.002643603140841745,-0.003867297373199856,0.00016020814581684494,0.005952267436363035,0.0064111112416609176,-0.010794154725997589,0.0040851623608210725,0.01207850722471615,0.006708021900831036,-0.008584029292065141,-0.0043573925437141794,0.0074942838597575655,0.00022325266806542282,0.0024340520258349973,-0.002017745662565089,-0.01804336794727724,0.005729248268991051,0.03613473436680804,0.0005481380072389615,0.009793037326556807,-0.003973721064120408,0.0011893718667351132,-0.005555147313343334,0.012320195863053123,0.004390786019274182,-0.0035222153144674933,-0.00967563728010806,0.00010523291896266139,-0.008933712924334517,-0.002454737548133514,-0.002967655237192378,0.007881282915307477,0.0039856626773810185,0.0007897464233232818,-0.001150465332228936,0.0027113325379160185,-0.005094327018716994,0.0005481380072389615,0.017332386150901984,-0.0009621071611658734,-0.0053264507267638955,-0.006361309273584384,-0.0014122202434124166,0.0028021879239840584,0.008142985447212873,-0.017514202584938906,-0.00232971181413673,-5.959394915363257e-6,-0.008400212811304278,-0.011493400207632785,0.003354500082988516,0.0069695407578704675,0.0023119136609840514,0.00476937241702416,-0.0057673968568886635,-0.020957787558710115,0.018613005609368183,0.009793037326556807,-0.0009621071611658734,0.045933505865320315
0.031354095531935314,0.007472515394078918,0.01155781083241074,-0.011581214906315918,-0.009206557641381634,0.021215197361277395,0.006581259749419971,-0.012474527590553616,0.012738839589581233,-0.00012440112094205705,-0.0033816201506284725,-0.014854207823823212,0.001573078821161413,-0.008779487913899514,0.011185164509754592,0.013836724089688406,-0.007287457794618313,-0.01585852529291259,0.004513093045719598,-0.012531501252798257,0.007472515394078918,0.04080149545531808,0.021127069905533334,-0.010185871372931204,-0.022633937079595524,0.02343043860051342,0.0025899226020080646,-0.028991568944693936,0.00678457150919968,0.007701090153116229,-0.004911462268280444,-0.0076275969227807845,0.00020316265514838195,-0.0010821721161384584,0.005623362959422348,0.0113206831001628,-0.0071414786053600274,-0.01135276152543507,-0.006000544572117373,-0.02307245188962832,0.01155781083241074,0.021127069905533334,0.09678221796399039,-0.0237070510508293,-0.03074025830320852,0.020112125752078925,0.0050886101033950654,-0.014215307234160474,0.01700081260501326,0.02929645933731948,-0.007464814703870373,-0.008335955105873772,-0.007305471937820932,0.005517344455636109,0.01396367322264852,0.012135272775818016,-0.00757655879196081,-0.019759729917444672,-0.01713661449172866,-0.025224254148557633,-0.011581214906315918,-0.010185871372931204,-0.0237070510508293,0.08229388870703358,0.023737725001060278,-0.03322007563989453,-0.00964567738725897,0.010592121759125954,0.0003814785957935163,-0.005809658673388123,-0.010348072112286886,-0.007256643146991385,0.01079922274445181,0.0038304770942445407,-0.012319638222396578,-0.0018462176634105173,0.00539288073179932,0.003764571385997537,0.004557461751278311,-0.01164130645305322,-0.009206557641381634,-0.022633937079595524,-0.03074025830320852,0.023737725001060278,0.03567135083889363,-0.022209687801376346,-0.007540559779894626,0.022412406311525412,-0.005730316748887535,-0.01173260282543179,0.0035518927924804607,0.007266025995648052,-0.0004464477051707977,0.002092280142647595,-0.011529678211351136,-0.01205726485641799,0.009162244571379442,0.004003919251418839,0.00965222034049026,0.01704082623479771,0.021215197361277395,0.02343043860051342,0.020112125752078925,-0.03322007563989453,-0.022209687801376346,0.05528985636684867,0.012219291748861251,-0.03346625987115087,0.01494521992011624,-0.00027590739345851375,0.004158957021658347,-0.00809831151106712,0.0033583116582402467,-0.008661983419139428,0.018026686163403652,0.02212110361892274,-0.01411710148623746,-0.017203904838340923,0.0020349332851450214,-0.02895759062670652,0.006581259749419971,0.0025899226020080646,0.0050886101033950654,-0.00964567738725897,-0.007540559779894626,0.012219291748861251,0.03461030085432814,-0.013526016967358806,-0.005791958665528758,0.01492492474779317,-0.008648153964671234,-0.01157556492130538,0.005070137269448341,-0.0009928433300037337,0.009707516222792593,0.017566791548991434,0.003245562444008364,-0.0051101272588271246,-0.011521594182635164,-0.01793466554311693,-0.012474527590553616,-0.028991568944693936,-0.014215307234160474,0.010592121759125954,0.022412406311525412,-0.03346625987115087,-0.013526016967358806,0.06767314794025002,-0.0028746713967770345,-0.00874292913815352,-0.0014808650177930943,0.00955148130898324,-0.0003023763068469356,0.004741164481382773,-0.011673076079694856,-0.025999338359606536,0.01638216481939104,0.004707354170933109,-0.001097708728262113,0.03343162917842139,0.012738839589581233,0.00678457150919968,0.01700081260501326,0.0003814785957935163,-0.005730316748887535,0.01494521992011624,-0.005791958665528758,-0.0028746713967770345,0.025481056113951545,-0.003998050279451082,-0.001123648371487448,-0.008647985765450665,0.006739342296862711,-0.006615963868896575,0.00930357937095794,0.009630580024828424,-0.006685428966235347,-0.010353222737315843,0.0013931338768590103,-0.02329175467802176,-0.00012440112094205705,0.007701090153116229,0.02929645933731948,-0.005809658673388123,-0.01173260282543179,-0.00027590739345851375,0.01492492474779317,-0.00874292913815352,-0.003998050279451082,0.07349074442667067,-0.0028685489962657837,-0.020822803508802,-0.005393197471218214,0.004374634826191271,0.010773999349837842,0.02950109416934224,0.012227421922639297,-0.0020403071576445913,-0.03312300664747758,-0.027517335024879144,-0.0033816201506284725,-0.004911462268280444,-0.007464814703870373,-0.010348072112286886,0.0035518927924804607,0.004158957021658347,-0.008648153964671234,-0.0014808650177930943,-0.001123648371487448,-0.0028685489962657837,0.02433498842692188,0.003928969692682449,0.0025489124078546593,-0.005026147664406478,0.0014614782029247378,0.0024010487375182047,-0.004266979306780065,0.014899580347237713,0.006610114061398855,0.007344918156658017,-0.014854207823823212,-0.0076275969227807845,-0.008335955105873772,-0.007256643146991385,0.007266025995648052,-0.00809831151106712,-0.01157556492130538,0.00955148130898324,-0.008647985765450665,-0.020822803508802,0.003928969692682449,0.040488953149249975,-0.011429431400882727,0.010537195190115776,-0.012807458136527812,-0.028613694667670823,-0.004156770363982203,0.009765624602226252,0.00846656090808566,0.027710655631367757,0.001573078821161413,0.00020316265514838195,-0.007305471937820932,0.01079922274445181,-0.0004464477051707977,0.0033583116582402467,0.005070137269448341,-0.0003023763068469356,0.006739342296862711,-0.005393197471218214,0.0025489124078546593,-0.011429431400882727,0.021466853603029804,-0.00493835290189394,0.005614524913745483,0.013785742023334302,0.001793612401600645,0.005753558586747271,0.00588784000015361,-0.01622516071908911,-0.008779487913899514,-0.0010821721161384584,0.005517344455636109,0.0038304770942445407,0.002092280142647595,-0.008661983419139428,-0.0009928433300037337,0.004741164481382773,-0.006615963868896575,0.004374634826191271,-0.005026147664406478,0.010537195190115776,-0.00493835290189394,0.021425240117585367,-0.004087056188372703,-0.0036714762216519805,0.0038112943974224875,-0.0014037597398645612,-0.008960877718994648,-0.002537558494340929,0.011185164509754592,0.005623362959422348,0.01396367322264852,-0.012319638222396578,-0.011529678211351136,0.018026686163403652,0.009707516222792593,-0.011673076079694856,0.00930357937095794,0.010773999349837842,0.0014614782029247378,-0.012807458136527812,0.005614524913745483,-0.004087056188372703,0.03159968714823907,0.022802323539804395,-0.0026927431253919005,-0.005336830900969829,0.0011677179075384432,-0.021324175572094976,0.013836724089688406,0.0113206831001628,0.012135272775818016,-0.0018462176634105173,-0.01205726485641799,0.02212110361892274,0.017566791548991434,-0.025999338359606536,0.009630580024828424,0.02950109416934224,0.0024010487375182047,-0.028613694667670823,0.013785742023334302,-0.0036714762216519805,0.022802323539804395,0.06185659698986938,0.0007642380336500946,-0.004820291903053009,-0.009523642583294585,-0.05237579978631739,-0.007287457794618313,-0.0071414786053600274,-0.00757655879196081,0.00539288073179932,0.009162244571379442,-0.01411710148623746,0.003245562444008364,0.01638216481939104,-0.006685428966235347,0.012227421922639297,-0.004266979306780065,-0.004156770363982203,0.001793612401600645,0.0038112943974224875,-0.0026927431253919005,0.0007642380336500946,0.036772658535674005,0.007611326577297578,-0.010081503412503535,-0.0030739407183868403,-0.01585852529291259,-0.01135276152543507,-0.019759729917444672,0.003764571385997537,0.004003919251418839,-0.017203904838340923,-0.0051101272588271246,0.004707354170933109,-0.010353222737315843,-0.0020403071576445913,0.014899580347237713,0.009765624602226252,0.005753558586747271,-0.0014037597398645612,-0.005336830900969829,-0.004820291903053009,0.007611326577297578,0.047655305759838645,0.008987846535911333,0.019422655839554888,0.004513093045719598,-0.006000544572117373,-0.01713661449172866,0.004557461751278311,0.00965222034049026,0.0020349332851450214,-0.011521594182635164,-0.001097708728262113,0.0013931338768590103,-0.03312300664747758,0.006610114061398855,0.00846656090808566,0.00588784000015361,-0.008960877718994648,0.0011677179075384432,-0.009523642583294585,-0.010081503412503535,0.008987846535911333,0.030430495228730023,0.0166391664278351,-0.012531501252798257,-0.02307245188962832,-0.025224254148557633,-0.01164130645305322,0.01704082623479771,-0.02895759062670652,-0.01793466554311693,0.03343162917842139,-0.02329175467802176,-0.027517335024879144,0.007344918156658017,0.027710655631367757,-0.01622516071908911,-0.002537558494340929,-0.021324175572094976,-0.05237579978631739,-0.0030739407183868403,0.019422655839554888,0.0166391664278351,0.09939355593210683
