0.02586961505454246,0.010123261809850827,0.01897211382968785,0.004111140006727274,0.007760539688100157,0.007702443857043657,-0.0005631545919686044,-0.00650777735050164,-0.0017274226110501128,0.003313136754751637,-0.005952211888194079,0.0012280008700377627,0.008175095280025874,-0.002135284221959242,0.009214893100759581,-0.006623968582165029,-0.005656058860288319,-0.00997701250374633,-0.011031737115912823,-0.015775230140606764,0.010123261809850827,0.04290195405063823,0.015887364478234564,-0.00431348316102573,0.0022903476966090203,0.0011669825692177706,-0.007270257349155853,0.0013444378631922512,0.005211379348746815,0.012334674243073381,-0.010665009167314183,-0.024197788346714575,-0.006119424041703918,-0.01369407845091706,0.0015430272401141534,-0.036987668129468076,0.0068154052166256515,-0.009340605563563552,8.159748707810857e-5,-0.008811598881591057,0.01897211382968785,0.015887364478234564,0.059741272143855786,0.0035736594985341166,0.010828328031818685,0.0033088579563224627,0.017509622068303095,-0.023976230130822507,-0.012133044774511954,0.030090688638085776,-0.00429043146625999,-0.019588599304656902,0.018051192376830755,-0.011729727154281014,-0.005993291831562089,-0.017526760615683864,-0.0032819296505087856,-0.019693488827286217,-0.0007587128440491701,-0.03330470152281026,0.004111140006727274,-0.00431348316102573,0.0035736594985341166,0.01799503839332421,-0.006279099543492477,-0.0034377628317775596,0.004524899713726749,-0.003580019979378476,-0.0027490557237318655,0.0032340957863173088,-0.0022770377176540495,-0.00019074180858391746,0.010188334183265715,0.004464098876550889,-0.009928786286899046,0.006715971944507157,-0.005709833865603372,8.468079017135823e-5,-0.0009852936626463852,-0.009449968329498435,0.007760539688100157,0.0022903476966090203,0.010828328031818685,-0.006279099543492477,0.032901522813021146,0.0077186971206611435,0.010603150495694493,-0.00316157875158795,0.0047253042237795665,0.00452855187858678,-0.012492731359901199,0.0009208057363711412,-0.0016575441939262045,-0.014822802601024376,-0.0005100319167202273,-0.0023869444940156958,0.014068611851191612,-0.006617200274233544,-0.016322601731715666,-0.0124100500468356,0.007702443857043657,0.0011669825692177706,0.0033088579563224627,-0.0034377628317775596,0.0077186971206611435,0.015179482776516097,0.0028676820573669817,-0.0029581585403467593,0.003739209446076463,-0.001410389844968751,-0.0030226992921312027,0.00038089409343252767,-0.0012767322703211479,-0.009832504935815979,0.000595521222941574,-0.00018299640145360115,0.002242860977617881,-0.00030316900073914464,-0.00745046622728073,-0.005833289127786387,-0.0005631545919686044,-0.007270257349155853,0.017509622068303095,0.004524899713726749,0.010603150495694493,0.0028676820573669817,0.04106197209760191,-0.010333963376468015,-0.0028381036791800436,0.005726162633555194,0.006446742092174369,0.01023995364758664,0.010650659848176309,-0.008855796296954075,-0.022453557351911194,0.005755234308941138,-0.0055043795868554325,-0.012921784551402509,-0.007195396888414244,-0.01012625304841291,-0.00650777735050164,0.0013444378631922512,-0.023976230130822507,-0.003580019979378476,-0.00316157875158795,-0.0029581585403467593,-0.010333963376468015,0.046651942095189684,0.011872762860590753,-0.02902266922685456,0.005118744778277885,0.01309622294786461,-0.019401923860728476,0.0035912197593357936,-0.008059033355224829,-0.002469646308791734,0.0038326165341532998,-0.005862881102609667,-0.0014500190783252463,0.019580971961809638,-0.0017274226110501128,0.005211379348746815,-0.012133044774511954,-0.0027490557237318655,0.0047253042237795665,0.003739209446076463,-0.0028381036791800436,0.011872762860590753,0.031101135292995814,-0.014548449190834442,-0.00651637466936226,0.006079373856401853,-0.007453714488563878,-0.004827690938916825,-0.002265000095742334,-0.0015362114192225495,0.0009745548590435286,0.0034327827872928517,-0.015683759928035376,0.01308344911929309,0.003313136754751637,0.012334674243073381,0.030090688638085776,0.0032340957863173088,0.00452855187858678,-0.001410389844968751,0.005726162633555194,-0.02902266922685456,-0.014548449190834442,0.061697151514015676,-0.012140625409055406,-0.037322720089922476,0.0013039965619031472,-0.00413677541636975,-0.0009741938095326453,-0.023546773069082753,0.011767906241340187,0.002239729735616382,0.016423755443719767,-0.02643136307433501,-0.005952211888194079,-0.010665009167314183,-0.00429043146625999,-0.0022770377176540495,-0.012492731359901199,-0.0030226992921312027,0.006446742092174369,0.005118744778277885,-0.00651637466936226,-0.012140625409055406,0.039350010646561656,0.018622582912143144,0.003642721893277983,0.014099682718546856,-0.0072661901126572555,0.016716400546412113,-0.018957775540398784,-0.006016084409062412,0.010430387206267893,0.012015816518480759,0.0012280008700377627,-0.024197788346714575,-0.019588599304656902,-0.00019074180858391746,0.0009208057363711412,0.00038089409343252767,0.01023995364758664,0.01309622294786461,0.006079373856401853,-0.037322720089922476,0.018622582912143144,0.06054917859467556,0.008560452831539358,0.012447647879170892,-0.006743756764887993,0.03548190160643351,-0.02386306665442808,-0.007525715851880657,-0.011922804653639561,0.012233762538278816,0.008175095280025874,-0.006119424041703918,0.018051192376830755,0.010188334183265715,-0.0016575441939262045,-0.0012767322703211479,0.010650659848176309,-0.019401923860728476,-0.007453714488563878,0.0013039965619031472,0.003642721893277983,0.008560452831539358,0.03992998675492203,0.004363191132117646,0.0019259308259389507,0.016024591923384998,-0.013097386815392362,-0.003364916320786986,-0.008261884198094087,-0.012558174219757181,-0.002135284221959242,-0.01369407845091706,-0.011729727154281014,0.004464098876550889,-0.014822802601024376,-0.009832504935815979,-0.008855796296954075,0.0035912197593357936,-0.004827690938916825,-0.00413677541636975,0.014099682718546856,0.012447647879170892,0.004363191132117646,0.034727472036685365,0.0032247802401924154,0.01761543432654209,-0.014052913894196493,0.008709928302457728,0.007350129986975384,0.011996628780232582,0.009214893100759581,0.0015430272401141534,-0.005993291831562089,-0.009928786286899046,-0.0005100319167202273,0.000595521222941574,-0.022453557351911194,-0.008059033355224829,-0.002265000095742334,-0.0009741938095326453,-0.0072661901126572555,-0.006743756764887993,0.0019259308259389507,0.0032247802401924154,0.04451410529991338,-0.006304023896435617,0.006472703306353622,0.00920644471382625,0.0012821737111594136,0.003481121351671725,-0.006623968582165029,-0.036987668129468076,-0.017526760615683864,0.006715971944507157,-0.0023869444940156958,-0.00018299640145360115,0.005755234308941138,-0.002469646308791734,-0.0015362114192225495,-0.023546773069082753,0.016716400546412113,0.03548190160643351,0.016024591923384998,0.01761543432654209,-0.006304023896435617,0.07091372868551529,-0.0243707082785546,0.011983847020302828,-0.007648690068393971,0.011931797841587091,-0.005656058860288319,0.0068154052166256515,-0.0032819296505087856,-0.005709833865603372,0.014068611851191612,0.002242860977617881,-0.0055043795868554325,0.0038326165341532998,0.0009745548590435286,0.011767906241340187,-0.018957775540398784,-0.02386306665442808,-0.013097386815392362,-0.014052913894196493,0.006472703306353622,-0.0243707082785546,0.04510503701534871,0.0041498912825500955,-0.0007458595103167084,-0.004197967987978079,-0.00997701250374633,-0.009340605563563552,-0.019693488827286217,8.468079017135823e-5,-0.006617200274233544,-0.00030316900073914464,-0.012921784551402509,-0.005862881102609667,0.0034327827872928517,0.002239729735616382,-0.006016084409062412,-0.007525715851880657,-0.003364916320786986,0.008709928302457728,0.00920644471382625,0.011983847020302828,0.0041498912825500955,0.03266103010381125,0.0004472853799310932,0.015038401637044833,-0.011031737115912823,8.159748707810857e-5,-0.0007587128440491701,-0.0009852936626463852,-0.016322601731715666,-0.00745046622728073,-0.007195396888414244,-0.0014500190783252463,-0.015683759928035376,0.016423755443719767,0.010430387206267893,-0.011922804653639561,-0.008261884198094087,0.007350129986975384,0.0012821737111594136,-0.007648690068393971,-0.0007458595103167084,0.0004472853799310932,0.03856855545107866,0.002558693619368577,-0.015775230140606764,-0.008811598881591057,-0.03330470152281026,-0.009449968329498435,-0.0124100500468356,-0.005833289127786387,-0.01012625304841291,0.019580971961809638,0.01308344911929309,-0.02643136307433501,0.012015816518480759,0.012233762538278816,-0.012558174219757181,0.011996628780232582,0.003481121351671725,0.011931797841587091,-0.004197967987978079,0.015038401637044833,0.002558693619368577,0.0486642886249145
0.021673169188804547,0.01084362474119762,0.00750820833865066,0.0028362064167443213,0.004120780640252104,0.010426630149629582,0.00131265057314735,0.007201589562057645,0.006120765677862495,-0.007087463659336178,-0.0015068921320014804,-0.006248815302237221,-0.0020796162885895982,0.006299417413006655,0.004600264965851031,0.0029878877286194927,-0.007279001478671321,-0.006608268970851935,-0.004506655766708393,0.005933227238556988,0.01084362474119762,0.0337752242367717,-0.0027097316954984,0.0008943364670500765,0.016293581410796346,-0.0063839361191937475,0.014437925967467432,0.0046933636164491685,0.003804294190310564,0.0075162544933988305,0.006407640108038385,-0.02963797417155426,-0.0036700933413792314,0.0019424900507746925,0.00154578514015256,0.003618533060984453,-0.004184352953680855,0.0036124504234558283,-0.0004589096096001138,0.0030004159626242123,0.00750820833865066,-0.0027097316954984,0.02839822072976686,-0.0005360165243684387,-0.00780112924475646,0.012113204193268737,-0.0004115730410494318,0.003405221311706872,-0.0062657780881718115,-0.0045369342282135065,0.000857614554146562,0.0024746590058922022,0.0030644382096847614,-0.0017584840891368878,-0.010597222756630512,-0.006881916124298191,-0.007165376727817286,-0.0140504907437211,0.003968550172440402,-0.008699653868265843,0.0028362064167443213,0.0008943364670500765,-0.0005360165243684387,0.018935550228790808,0.0030833175710182218,-0.00450374702413418,0.009635805812732094,0.0024414539955569183,-0.001597636964210183,0.0043266706532905635,-0.002116766710803422,-0.0018123005044762882,0.00011357343932822813,-0.006400931229458045,-0.012680972840155088,0.0026403256961060315,0.004891397551380568,-0.0010218359523660268,0.003744566030119016,-0.00693504170895726,0.004120780640252104,0.016293581410796346,-0.00780112924475646,0.0030833175710182218,0.035851060122738754,-0.013697662951705509,0.01539767297699173,-0.004354873456055877,-0.00036074702068423077,0.007004151261913581,0.0018634462784364336,-0.02865698756922478,0.0071654388786859605,0.0026970497280589477,0.0008262926573340012,0.006386367697829253,-0.00283595914944651,0.013586391624752649,-0.009048693572040616,0.005868868805492929,0.010426630149629582,-0.0063839361191937475,0.012113204193268737,-0.00450374702413418,-0.013697662951705509,0.0253172126937055,-0.005919594645083497,0.00123957728668993,-0.0015593788334260553,-0.01711674052374077,-0.006721491111449888,0.008734460806023372,0.005807779865616007,0.0036070784814188697,-0.00035964805478977575,-0.003318157432586206,-0.007217052410969463,-0.013898530602685118,0.0002650800603483964,-0.0007833810591199575,0.00131265057314735,0.014437925967467432,-0.0004115730410494318,0.009635805812732094,0.01539767297699173,-0.005919594645083497,0.03565763419100613,-0.0010474458994016037,-0.008827668345125425,0.0057490025126315245,-0.004317852228185714,-0.021163566852145543,0.0069831259067756404,-0.004651047111690342,-0.012792413129652564,-0.0015223857915687448,0.004450932996697708,0.0005584323941417709,-0.0027310151550475805,-0.005105112173281601,0.007201589562057645,0.0046933636164491685,0.003405221311706872,0.0024414539955569183,-0.004354873456055877,0.00123957728668993,-0.0010474458994016037,0.04769023366199085,-0.00434883514459707,-0.01498453031651993,0.010229372671513784,0.003366489834286527,0.00014933575557600864,-0.0008264567684488076,0.003806726281378317,0.006535993481096397,0.0004224887290174709,-0.013153879134143972,-0.006197188963072163,-0.0012877259591868155,0.006120765677862495,0.003804294190310564,-0.0062657780881718115,-0.001597636964210183,-0.00036074702068423077,-0.0015593788334260553,-0.008827668345125425,-0.00434883514459707,0.035517545009462644,0.006339156075151693,-0.002706221173427575,0.0002461193638726045,-0.006587886732243049,0.0057211725453690165,0.008692934424803902,0.011592354138780313,-0.005607816902461406,0.002214183895701596,-0.0047490604135890305,0.016390082604217586,-0.007087463659336178,0.0075162544933988305,-0.0045369342282135065,0.0043266706532905635,0.007004151261913581,-0.01711674052374077,0.0057490025126315245,-0.01498453031651993,0.006339156075151693,0.042819874596448614,0.0012554819408168924,-0.007431865140844534,-0.013617846737788552,-0.005870165701040155,-0.004594726721789398,-0.006818153530010142,0.007394284964758996,0.013440161321440384,0.013285214446468525,-0.007051826569871737,-0.0015068921320014804,0.006407640108038385,0.000857614554146562,-0.002116766710803422,0.0018634462784364336,-0.006721491111449888,-0.004317852228185714,0.010229372671513784,-0.002706221173427575,0.0012554819408168924,0.052748559023949385,0.003735612207772564,0.001107999496093456,-0.0019304137890679169,0.002062040654716641,0.001492453048669505,-0.003173819040519871,-0.004952200789776737,-0.01688179226649137,-0.01774750815311412,-0.006248815302237221,-0.02963797417155426,0.0024746590058922022,-0.0018123005044762882,-0.02865698756922478,0.008734460806023372,-0.021163566852145543,0.003366489834286527,0.0002461193638726045,-0.007431865140844534,0.003735612207772564,0.0632594583605386,-0.007252376654652656,-0.011867212831066518,0.0001615986233842097,-0.008262322238897415,0.007550445321885827,-0.008282916132656137,-0.0006304401503236276,-0.01018591435822437,-0.0020796162885895982,-0.0036700933413792314,0.0030644382096847614,0.00011357343932822813,0.0071654388786859605,0.005807779865616007,0.0069831259067756404,0.00014933575557600864,-0.006587886732243049,-0.013617846737788552,0.001107999496093456,-0.007252376654652656,0.04344471144304502,0.0006786495087969279,-0.00044605558468685774,0.003449529084889837,-0.00944522298114771,-0.002506973664537741,-0.01086388980653254,-0.0016464079096239735,0.006299417413006655,0.0019424900507746925,-0.0017584840891368878,-0.006400931229458045,0.0026970497280589477,0.0036070784814188697,-0.004651047111690342,-0.0008264567684488076,0.0057211725453690165,-0.005870165701040155,-0.0019304137890679169,-0.011867212831066518,0.0006786495087969279,0.028330872760530208,0.007197333873564059,0.008644739644413195,-0.01059918759660624,0.0037874499801459544,-0.0020770883552838305,0.018523593733152217,0.004600264965851031,0.00154578514015256,-0.010597222756630512,-0.012680972840155088,0.0008262926573340012,-0.00035964805478977575,-0.012792413129652564,0.003806726281378317,0.008692934424803902,-0.004594726721789398,0.002062040654716641,0.0001615986233842097,-0.00044605558468685774,0.007197333873564059,0.038044864805367624,0.009225560206813348,0.00218649268906111,0.012861933675323955,-0.007526017653839663,0.0074661384732858885,0.0029878877286194927,0.003618533060984453,-0.006881916124298191,0.0026403256961060315,0.006386367697829253,-0.003318157432586206,-0.0015223857915687448,0.006535993481096397,0.011592354138780313,-0.006818153530010142,0.001492453048669505,-0.008262322238897415,0.003449529084889837,0.008644739644413195,0.009225560206813348,0.02764532472240906,-0.005068580635542296,0.0058103220841201585,-0.01170052154993454,0.01281222221764461,-0.007279001478671321,-0.004184352953680855,-0.007165376727817286,0.004891397551380568,-0.00283595914944651,-0.007217052410969463,0.004450932996697708,0.0004224887290174709,-0.005607816902461406,0.007394284964758996,-0.003173819040519871,0.007550445321885827,-0.00944522298114771,-0.01059918759660624,0.00218649268906111,-0.005068580635542296,0.026267520096239522,0.006244364759863487,0.004435644309312483,-0.009965027593362642,-0.006608268970851935,0.0036124504234558283,-0.0140504907437211,-0.0010218359523660268,0.013586391624752649,-0.013898530602685118,0.0005584323941417709,-0.013153879134143972,0.002214183895701596,0.013440161321440384,-0.004952200789776737,-0.008282916132656137,-0.002506973664537741,0.0037874499801459544,0.012861933675323955,0.0058103220841201585,0.006244364759863487,0.033749785524457274,-0.002539534914847449,0.006631742644186137,-0.004506655766708393,-0.0004589096096001138,0.003968550172440402,0.003744566030119016,-0.009048693572040616,0.0002650800603483964,-0.0027310151550475805,-0.006197188963072163,-0.0047490604135890305,0.013285214446468525,-0.01688179226649137,-0.0006304401503236276,-0.01086388980653254,-0.0020770883552838305,-0.007526017653839663,-0.01170052154993454,0.004435644309312483,-0.002539534914847449,0.03891478822773101,0.002519657865855799,0.005933227238556988,0.0030004159626242123,-0.008699653868265843,-0.00693504170895726,0.005868868805492929,-0.0007833810591199575,-0.005105112173281601,-0.0012877259591868155,0.016390082604217586,-0.007051826569871737,-0.01774750815311412,-0.01018591435822437,-0.0016464079096239735,0.018523593733152217,0.0074661384732858885,0.01281222221764461,-0.009965027593362642,0.006631742644186137,0.002519657865855799,0.04255347167094929
0.02374579032973132,0.008138112644109165,0.010466717524627127,0.005691671444507152,0.0015219363249426934,0.007830854607173384,0.0010880620067416607,0.003630696234113459,-0.0038109484569984822,-0.0038790266273526384,0.0024041798560208534,0.00707061132928392,-0.008300931288296148,0.0016534157252298197,0.001408135911704818,-0.0014912268092475806,-0.0038321999992912423,-2.8020803666332396e-5,-0.0021139852348825428,-0.001214778356595659,0.008138112644109165,0.019808391275778253,0.006471312436100593,-0.003177850109755077,0.0014019411426936545,0.004925294614499681,0.003358250384736139,0.006228463215340907,-0.0005692112561348809,0.0009032891877787716,0.002360370871894676,-7.020155205594825e-5,-0.009958324859914644,0.00035486642817068723,-0.007273629725643842,-0.003676988680945225,-0.0024869310081282216,0.0020223399384887274,0.006598244430847897,-0.0026511471226885264,0.010466717524627127,0.006471312436100593,0.04129201643196695,0.0014641906633924228,-0.007277158711924019,0.003470280418130225,0.0046420030840619506,-0.005493541188595776,-0.005794505365818624,-0.000264556092936333,0.002075697105607007,0.0024107205375844534,0.006618252351996642,-0.01189694249372049,-0.005865574868798306,-0.0004206595595595535,-0.0018187779392792075,-0.0144104244093471,0.019117965655682717,-0.003645211895687326,0.005691671444507152,-0.003177850109755077,0.0014641906633924228,0.014575868348924555,-0.005001952070089734,0.002860509754212635,-0.005528355666774017,-0.004713830058041411,-0.0021969680230841822,-0.004277886431373823,-0.003635153765959033,-0.0010113550902982962,0.00765575645041631,0.0007638467658988611,-0.00230413476115639,0.004295539646648769,0.00044403585210360275,0.004092134163849594,-0.0006391155691141013,-0.00567904458911166,0.0015219363249426934,0.0014019411426936545,-0.007277158711924019,-0.005001952070089734,0.029831365982266954,-0.0029681503309236332,0.006240923948811542,0.00490377455317813,0.002059970099866461,-0.0017506135779602975,0.0028421438475167557,0.005815698372017626,-0.006919698562832138,-0.004817416889564721,0.004948005095151042,-0.00784612803462582,0.0028040010282981377,-0.005444671681320085,-0.0043008720862979,-0.017325432019992114,0.007830854607173384,0.004925294614499681,0.003470280418130225,0.002860509754212635,-0.0029681503309236332,0.018893495069374593,0.0015064514179234988,-0.0030056530892692843,-0.003728150752304441,0.0010482113683248206,-0.0013089088122506675,-0.0058852319246568245,-0.005100646342963674,0.002687176895125298,-0.0035039513855911484,0.0007465059479684781,0.0010059970183550573,0.010677527793870455,0.004697888235542588,-0.004814000446458978,0.0010880620067416607,0.003358250384736139,0.0046420030840619506,-0.005528355666774017,0.006240923948811542,0.0015064514179234988,0.025503038254903163,0.004367662706319593,0.0034300271815543917,0.0003049642570953496,0.002098392496535372,0.007532276630432362,0.0003131828649314859,-0.00354275190199972,1.0339453839292533e-5,-0.0032144000116287484,0.00652185063522428,-0.005050643449342957,0.0012343831441492747,-0.0014410740116047205,0.003630696234113459,0.006228463215340907,-0.005493541188595776,-0.004713830058041411,0.00490377455317813,-0.0030056530892692843,0.004367662706319593,0.04260227935252678,-0.004930406280053656,-0.01375731562307447,0.009509885105500375,0.004835533503043448,-0.014358585151609822,0.002361334505904352,-0.0030976709157605753,-0.0022070450496987763,0.0024115398487914034,-0.009070655249850422,-0.003763558051850731,0.0071349373074575066,-0.0038109484569984822,-0.0005692112561348809,-0.005794505365818624,-0.0021969680230841822,0.002059970099866461,-0.003728150752304441,0.0034300271815543917,-0.004930406280053656,0.022913726575674323,0.007979228947402706,-0.0010982488108959767,0.0006921383283288796,-0.005980606839148191,-0.0028362360918582534,0.0027273654103660006,0.000626517276776565,-0.004758979323861495,-0.002326716328770956,-0.0030570841603706845,-0.0013749154936048109,-0.0038790266273526384,0.0009032891877787716,-0.000264556092936333,-0.004277886431373823,-0.0017506135779602975,0.0010482113683248206,0.0003049642570953496,-0.01375731562307447,0.007979228947402706,0.027793402650025455,-0.0013131194874755965,-0.008246913242530605,-0.0011091895286236626,0.0016362808167204603,-0.001094078907043022,-0.0003722700186537708,-0.00443866190486808,0.005415059589729721,0.005107181907039924,0.00032072960941421827,0.0024041798560208534,0.002360370871894676,0.002075697105607007,-0.003635153765959033,0.0028421438475167557,-0.0013089088122506675,0.002098392496535372,0.009509885105500375,-0.0010982488108959767,-0.0013131194874755965,0.03230276701002399,0.016340901033080363,0.0015494079693061835,-0.005490795726666645,-0.003181693781708114,-0.0027034469423293708,0.00012261811048008652,-0.012421472384542784,-0.005892600885691622,0.004497081474073036,0.00707061132928392,-7.020155205594825e-5,0.0024107205375844534,-0.0010113550902982962,0.005815698372017626,-0.0058852319246568245,0.007532276630432362,0.004835533503043448,0.0006921383283288796,-0.008246913242530605,0.016340901033080363,0.03864545068239135,0.008416084781788374,-0.012361767667703914,0.0016113086868718833,-0.002376349097737269,0.001571806636081708,-0.011927158882622208,-0.005896339267696808,0.0040649396542651265,-0.008300931288296148,-0.009958324859914644,0.006618252351996642,0.00765575645041631,-0.006919698562832138,-0.005100646342963674,0.0003131828649314859,-0.014358585151609822,-0.005980606839148191,-0.0011091895286236626,0.0015494079693061835,0.008416084781788374,0.05308648171602189,-0.005059231905579834,-0.0027408264652798216,-0.0009605276825971462,0.010224993754891092,-0.007253453420313042,-0.0019548112181259816,0.0008097016748741615,0.0016534157252298197,0.00035486642817068723,-0.01189694249372049,0.0007638467658988611,-0.004817416889564721,0.002687176895125298,-0.00354275190199972,0.002361334505904352,-0.0028362360918582534,0.0016362808167204603,-0.005490795726666645,-0.012361767667703914,-0.005059231905579834,0.03528803469595224,0.001148014954746597,0.0033212640571343714,-0.006863659178435045,0.025095547889879742,-0.011782044345098684,0.004329006749419537,0.001408135911704818,-0.007273629725643842,-0.005865574868798306,-0.00230413476115639,0.004948005095151042,-0.0035039513855911484,1.0339453839292533e-5,-0.0030976709157605753,0.0027273654103660006,-0.001094078907043022,-0.003181693781708114,0.0016113086868718833,-0.0027408264652798216,0.001148014954746597,0.023659567414954025,0.0008640284974503973,0.0011038911884623725,0.0071177399929283885,-0.002186537474561657,-0.00459789296815165,-0.0014912268092475806,-0.003676988680945225,-0.0004206595595595535,0.004295539646648769,-0.00784612803462582,0.0007465059479684781,-0.0032144000116287484,-0.0022070450496987763,0.000626517276776565,-0.0003722700186537708,-0.0027034469423293708,-0.002376349097737269,-0.0009605276825971462,0.0033212640571343714,0.0008640284974503973,0.019168770581725114,-0.001406647520660667,0.007672638264078888,-0.00102442861518265,0.0057066007581241755,-0.0038321999992912423,-0.0024869310081282216,-0.0018187779392792075,0.00044403585210360275,0.0028040010282981377,0.0010059970183550573,0.00652185063522428,0.0024115398487914034,-0.004758979323861495,-0.00443866190486808,0.00012261811048008652,0.001571806636081708,0.010224993754891092,-0.006863659178435045,0.0011038911884623725,-0.001406647520660667,0.024481526714280454,-0.006973128677975741,0.007642089936632485,-0.0022089121551968675,-2.8020803666332396e-5,0.0020223399384887274,-0.0144104244093471,0.004092134163849594,-0.005444671681320085,0.010677527793870455,-0.005050643449342957,-0.009070655249850422,-0.002326716328770956,0.005415059589729721,-0.012421472384542784,-0.011927158882622208,-0.007253453420313042,0.025095547889879742,0.0071177399929283885,0.007672638264078888,-0.006973128677975741,0.05062150209626021,-0.008189160821951438,7.273664522006588e-5,-0.0021139852348825428,0.006598244430847897,0.019117965655682717,-0.0006391155691141013,-0.0043008720862979,0.004697888235542588,0.0012343831441492747,-0.003763558051850731,-0.0030570841603706845,0.005107181907039924,-0.005892600885691622,-0.005896339267696808,-0.0019548112181259816,-0.011782044345098684,-0.002186537474561657,-0.00102442861518265,0.007642089936632485,-0.008189160821951438,0.03753618091715828,-0.002691546017805503,-0.001214778356595659,-0.0026511471226885264,-0.003645211895687326,-0.00567904458911166,-0.017325432019992114,-0.004814000446458978,-0.0014410740116047205,0.0071349373074575066,-0.0013749154936048109,0.00032072960941421827,0.004497081474073036,0.0040649396542651265,0.0008097016748741615,0.004329006749419537,-0.00459789296815165,0.0057066007581241755,-0.0022089121551968675,7.273664522006588e-5,-0.002691546017805503,0.042279535744496555
