0.016102371358976648,0.0037464150154525337,0.005809590270368386,0.003947614734725092,0.002533922866709424,0.0064122664775633454,-0.0008748393459744211,0.0008765445894164371,-0.00024637717974389787,-0.0009120557924325184,0.0010321553077101422,0.00299121869308882,0.0001682483288305122,0.0019137146114774984,0.0041827099685695125,-0.0005128500277853705,-0.0033333451014656967,-0.0016397982816010721,-0.0042689655203697096,-0.0021174452927407005,0.0037464150154525337,0.01330724346065773,0.003241509571433205,-0.0009522101910761495,-0.0014093278227638672,0.001754039276842187,0.0007496633788799823,0.002559008762049367,0.00020459903635839294,0.0008488996567001779,0.0026991001042323123,-0.0013006689806777797,-0.0029612736351280694,-0.003602215105236424,-0.0063822139043715805,-0.0024152318947857515,-0.0019927593098355983,-0.0035970190831412082,0.004351190325538618,-0.0008115629820932343,0.005809590270368386,0.003241509571433205,0.023212230756280025,-0.0015047197130229396,-0.0001264697586681051,0.0033365576272064122,0.0037271667056716917,-0.0020091207960704904,-0.0017513876419131998,0.0038614086219626973,0.0031416407443347655,-0.00241720185569145,0.004817734813523813,-0.0011373063859729362,-0.006395067513748596,-0.0018113748331070412,-0.005420103860839728,-0.008211348794210815,0.0037816563793918925,-0.0049543864099833015,0.003947614734725092,-0.0009522101910761495,-0.0015047197130229396,0.017944023173193907,-0.0009095446985241574,0.0011450008735732552,-0.00014694170495784187,-0.0021333490830740447,0.002321601022292208,-0.0018245151753236324,-0.002658990169252141,-0.0027751487484710415,0.0055529068467281275,8.41939570106656e-5,-0.007593748751293112,0.0043230262646368825,-0.002577676052904794,0.003796493961041344,0.00022128230784457546,-0.008334631720708382,0.002533922866709424,-0.0014093278227638672,-0.0001264697586681051,-0.0009095446985241574,0.01677756148187306,-0.0008096030367517467,0.004342682805437287,-0.002010233294798701,0.0018009918117034445,-0.000647814848614937,0.0004265620869256553,0.002048249168915949,0.0019584218899169285,-0.0010104835729935104,0.002464570971945726,0.00010481599312797923,0.0003026438517664975,4.663454147718285e-5,-0.005620546668901207,-0.004807815509827874,0.0064122664775633454,0.001754039276842187,0.0033365576272064122,0.0011450008735732552,-0.0008096030367517467,0.013676635947686915,0.0007351371853451816,-0.0027844647101487787,-0.0017170465278459025,-0.0009191356889915619,0.0023577817729245948,-0.002829467644524184,-0.0013843838786744198,-0.000789159702797041,-0.0021934230289630987,0.0009477729331489404,-0.0002053181097409351,0.0024406363162230655,7.677164652590416e-5,-0.0028259947599067903,-0.0008748393459744211,0.0007496633788799823,0.0037271667056716917,-0.00014694170495784187,0.004342682805437287,0.0007351371853451816,0.021873262081259896,-0.0010245512946214055,0.001019369033159271,-0.000171814723989262,0.000467510880863633,0.005934081342249658,0.006861241475195325,-0.005566768161315776,-0.006701940081799492,-0.002139682686912729,0.0024741865128716537,-0.006149110061980172,-0.0017404522426602222,-0.0008388263541916296,0.0008765445894164371,0.002559008762049367,-0.0020091207960704904,-0.0021333490830740447,-0.002010233294798701,-0.0027844647101487787,-0.0010245512946214055,0.035003373095543314,-0.008809943858646592,-0.016516156211112014,0.005101589546749014,0.00449215673401396,-0.00962719243245794,-0.0020511076155340655,-0.0010320812212816824,-0.0011819678192151208,0.004259070885993893,-0.011056339768011528,0.0002890014327952069,0.002981877332245328,-0.00024637717974389787,0.00020459903635839294,-0.0017513876419131998,0.002321601022292208,0.0018009918117034445,-0.0017170465278459025,0.001019369033159271,-0.008809943858646592,0.026295185113517812,0.008500051399291855,0.0012827748620068955,0.0014130518017527747,0.004727463900844083,0.0017592471801291375,-0.002207037427099918,0.0017619872425054298,-0.005309126735142139,0.0010418658415972566,-0.0038511851150284607,0.0041607223341623666,-0.0009120557924325184,0.0008488996567001779,0.0038614086219626973,-0.0018245151753236324,-0.000647814848614937,-0.0009191356889915619,-0.000171814723989262,-0.016516156211112014,0.008500051399291855,0.030094808263106447,-0.0011502099139460873,-0.006765529731598194,0.0017873203672792931,0.0030915868605745126,-0.0009792013557594808,-0.004469643524584124,-0.0033824893679407506,0.005083321522243287,0.007637777650057865,-0.0008494418163006588,0.0010321553077101422,0.0026991001042323123,0.0031416407443347655,-0.002658990169252141,0.0004265620869256553,0.0023577817729245948,0.000467510880863633,0.005101589546749014,0.0012827748620068955,-0.0011502099139460873,0.025056087023294715,0.004630949443168574,-0.0006875916301812529,0.0014794357387322445,-0.00268168539407886,-0.0007515946424489944,-0.0012344637896066777,-0.005262318258905024,-0.002594263985869571,0.0003967687948135156,0.00299121869308882,-0.0013006689806777797,-0.00241720185569145,-0.0027751487484710415,0.002048249168915949,-0.002829467644524184,0.005934081342249658,0.00449215673401396,0.0014130518017527747,-0.006765529731598194,0.004630949443168574,0.026094242231375058,0.006340718548731281,-0.0030133373822627133,0.004073061880713437,-0.0019741686583121766,-8.730392624456752e-5,-0.005575351860201153,-0.006001615049649814,0.0017188099027684708,0.0001682483288305122,-0.0029612736351280694,0.004817734813523813,0.0055529068467281275,0.0019584218899169285,-0.0013843838786744198,0.006861241475195325,-0.00962719243245794,0.004727463900844083,0.0017873203672792931,-0.0006875916301812529,0.006340718548731281,0.030725504552741152,0.002444988999001068,-0.00228844668165291,0.001381780596856541,-0.002069435649632252,-0.0005018259596571425,-0.004854270505851518,-0.0008882903457552989,0.0019137146114774984,-0.003602215105236424,-0.0011373063859729362,8.41939570106656e-5,-0.0010104835729935104,-0.000789159702797041,-0.005566768161315776,-0.0020511076155340655,0.0017592471801291375,0.0030915868605745126,0.0014794357387322445,-0.0030133373822627133,0.002444988999001068,0.02357116723274156,0.0028093177089982676,0.002565503206984826,-0.0033886834289033477,0.010078403549764024,-0.0047667732902076446,0.004038409274795162,0.0041827099685695125,-0.0063822139043715805,-0.006395067513748596,-0.007593748751293112,0.002464570971945726,-0.0021934230289630987,-0.006701940081799492,-0.0010320812212816824,-0.002207037427099918,-0.0009792013557594808,-0.00268168539407886,0.004073061880713437,-0.00228844668165291,0.0028093177089982676,0.029465308120565904,-0.0007492217044169094,0.004186611581258371,0.006572735378344783,-0.0033997584084874315,0.0021201354410464984,-0.0005128500277853705,-0.0024152318947857515,-0.0018113748331070412,0.0043230262646368825,0.00010481599312797923,0.0009477729331489404,-0.002139682686912729,-0.0011819678192151208,0.0017619872425054298,-0.004469643524584124,-0.0007515946424489944,-0.0019741686583121766,0.001381780596856541,0.002565503206984826,-0.0007492217044169094,0.019214629268960642,-0.002862738694456157,0.004159063089230378,-0.0051070136109661905,0.0018897961556175041,-0.0033333451014656967,-0.0019927593098355983,-0.005420103860839728,-0.002577676052904794,0.0003026438517664975,-0.0002053181097409351,0.0024741865128716537,0.004259070885993893,-0.005309126735142139,-0.0033824893679407506,-0.0012344637896066777,-8.730392624456752e-5,-0.002069435649632252,-0.0033886834289033477,0.004186611581258371,-0.002862738694456157,0.018951439958601376,-0.001184119440517984,0.002726124713152681,-0.00058970115895063,-0.0016397982816010721,-0.0035970190831412082,-0.008211348794210815,0.003796493961041344,4.663454147718285e-5,0.0024406363162230655,-0.006149110061980172,-0.011056339768011528,0.0010418658415972566,0.005083321522243287,-0.005262318258905024,-0.005575351860201153,-0.0005018259596571425,0.010078403549764024,0.006572735378344783,0.004159063089230378,-0.001184119440517984,0.030737208513007437,-0.006236794708833281,0.003268995817705258,-0.0042689655203697096,0.004351190325538618,0.0037816563793918925,0.00022128230784457546,-0.005620546668901207,7.677164652590416e-5,-0.0017404522426602222,0.0002890014327952069,-0.0038511851150284607,0.007637777650057865,-0.002594263985869571,-0.006001615049649814,-0.004854270505851518,-0.0047667732902076446,-0.0033997584084874315,-0.0051070136109661905,0.002726124713152681,-0.006236794708833281,0.027118503600583137,-0.001238727922528965,-0.0021174452927407005,-0.0008115629820932343,-0.0049543864099833015,-0.008334631720708382,-0.004807815509827874,-0.0028259947599067903,-0.0008388263541916296,0.002981877332245328,0.0041607223341623666,-0.0008494418163006588,0.0003967687948135156,0.0017188099027684708,-0.0008882903457552989,0.004038409274795162,0.0021201354410464984,0.0018897961556175041,-0.00058970115895063,0.003268995817705258,-0.001238727922528965,0.028341505781008018
