0.09039245666764688,-0.025913850844531124,-0.014354706804194779,-0.010688408717064786,0.003232147121335168,-0.019838458329741647,0.010913460265354395,-0.0028379186672727757,0.0005558967778967845,0.03280633773332001,0.018013057558141685,-0.005380799068152019,0.009714097214020383,0.040082269902501466,0.06243291678241747,0.021095418904499324,-0.008877118469745073,-0.05165060311426771,-0.005414550700075519,-0.005601196023685898,-0.025913850844531124,0.09554499500047159,0.004151926512399604,-0.02998140767935438,0.004898852068654318,0.007189365504539047,-0.01727086882428712,-0.0073216944050281795,-0.051988599566666,-0.056177102855070674,0.009056205559016449,-0.02984673260027449,-0.000467653753507654,0.014558789550363629,-0.0536020267175503,-0.024094825845726864,0.008607759698063544,0.05744570188695504,0.003995500877531448,-0.006794913545930848,-0.014354706804194779,0.004151926512399604,0.07567935564466342,-0.014986330044235684,-0.007545675907488492,0.06181562831616787,-0.02139415570115348,-0.02670845101163636,-0.02746933792902966,-0.0317100906165691,-0.03178585842047779,-0.01358123639834554,-0.020724312383500816,-0.019193469846967313,0.05716421437384925,-0.00993517740920144,0.0032097948537147085,0.012057403011596544,-0.0053460640503301595,-0.014276866228895575,-0.010688408717064786,-0.02998140767935438,-0.014986330044235684,0.09659274358964955,-0.01359194881975033,-0.016015507824707367,0.011019294766360793,0.0924625859432165,0.03188866658737716,0.03822883461866493,0.023888692664131253,0.05534878118393806,-0.020058743997961828,-0.0125503515410136,-0.03401764035362262,-0.0018903987105396837,-0.00708438321124201,-0.041473268102488206,-0.0009956795896944003,0.025389950859965312,0.003232147121335168,0.004898852068654318,-0.007545675907488492,-0.01359194881975033,0.035303938367023203,-0.017725913398407234,0.0021953436307975754,-0.014393524168118602,-0.0030512831406266567,-0.0034358656038799055,0.009979941222436348,-0.005928805841868678,0.0007820533563695051,0.019235303537495155,-0.01075527751223574,0.015240042432049735,0.0018271554306076112,0.011869117941450265,0.003758237393333988,0.0065750953111410534,-0.019838458329741647,0.007189365504539047,0.06181562831616787,-0.016015507824707367,-0.017725913398407234,0.14502681077435975,0.015643797939390705,-0.004332445120023157,-0.02441924086155203,-0.05937164749955538,-0.03727523015154722,-0.02372045774687663,-0.017460750451934515,-0.03811695237368576,0.06529291082909046,-0.008958290895407332,0.006453384939582961,0.011390406137203685,-0.024346299626028783,-0.005102379234801656,0.010913460265354395,-0.01727086882428712,-0.02139415570115348,0.011019294766360793,0.0021953436307975754,0.015643797939390705,0.054174302225587875,0.012912809537307408,0.02111106418566574,0.01413686947078353,0.014375645045963892,0.004329695537737746,0.009259942901512955,-0.0014754978450699646,0.0053374402042191535,0.017919241424195702,-0.01965488799986158,-0.009740562421073604,0.00574796065874644,0.006482428727631618,-0.0028379186672727757,-0.0073216944050281795,-0.02670845101163636,0.0924625859432165,-0.014393524168118602,-0.004332445120023157,0.012912809537307408,0.14380525726146268,0.012629576403509176,0.02165048070643065,0.041399193719246496,0.04758063943491117,-0.02494494671495731,-0.0036917576717654006,-0.03701956068114132,-0.005469992530063309,-0.0065830008789284425,-0.039325317033680085,-0.013738159227025903,0.03772181921992253,0.0005558967778967845,-0.051988599566666,-0.02746933792902966,0.03188866658737716,-0.0030512831406266567,-0.02441924086155203,0.02111106418566574,0.012629576403509176,0.08258997757308857,0.0431379115652847,-0.002560525040066645,0.019222660317214618,0.019424704275967167,-0.015218898375992652,0.00033257487129196737,0.004603175579967509,0.004317942239389671,-0.041685717229294636,0.017182934831958492,0.012141414043276542,0.03280633773332001,-0.056177102855070674,-0.0317100906165691,0.03822883461866493,-0.0034358656038799055,-0.05937164749955538,0.01413686947078353,0.02165048070643065,0.0431379115652847,0.08364261679723475,0.014138745069444228,0.030192037072628367,0.0018434247994045317,0.0068088631182696814,0.015650147613731617,0.015381543209953068,-0.016081818700341435,-0.053524182309032206,0.006275484347883932,0.009932816422547418,0.018013057558141685,0.009056205559016449,-0.03178585842047779,0.023888692664131253,0.009979941222436348,-0.03727523015154722,0.014375645045963892,0.041399193719246496,-0.002560525040066645,0.014138745069444228,0.05633899776924133,0.01646279665915347,-0.006500068812151464,0.027304689438075208,-0.03899937948405827,0.022323209003122662,-0.014987016241006814,-0.0013386340472415015,0.002780571204534946,0.017334418697725326,-0.005380799068152019,-0.02984673260027449,-0.01358123639834554,0.05534878118393806,-0.005928805841868678,-0.02372045774687663,0.004329695537737746,0.04758063943491117,0.019222660317214618,0.030192037072628367,0.01646279665915347,0.06068589799479916,-0.006119729862249875,-0.01119563959437625,-0.03756270140859945,0.00635807905367438,-0.009281327644201916,-0.02242863927209137,-0.008916831595494206,0.007788932632530925,0.009714097214020383,-0.000467653753507654,-0.020724312383500816,-0.020058743997961828,0.0007820533563695051,-0.017460750451934515,0.009259942901512955,-0.02494494671495731,0.019424704275967167,0.0018434247994045317,-0.006500068812151464,-0.006119729862249875,0.04649492459589487,-0.002752525305128325,-0.01927952955759192,-0.0006489491259671522,-0.0030995022565038152,-0.0008397361538528295,-0.003325088981877626,-0.012520270783841757,0.040082269902501466,0.014558789550363629,-0.019193469846967313,-0.0125503515410136,0.019235303537495155,-0.03811695237368576,-0.0014754978450699646,-0.0036917576717654006,-0.015218898375992652,0.0068088631182696814,0.027304689438075208,-0.01119563959437625,-0.002752525305128325,0.06867677503814365,0.01367434174669885,0.01631736725782595,-0.0017695602237974078,-0.0018514689527738722,0.014034579677874618,-0.003094735558972734,0.06243291678241747,-0.0536020267175503,0.05716421437384925,-0.03401764035362262,-0.01075527751223574,0.06529291082909046,0.0053374402042191535,-0.03701956068114132,0.00033257487129196737,0.015650147613731617,-0.03899937948405827,-0.03756270140859945,-0.01927952955759192,0.01367434174669885,0.19673557161954505,0.006488140999571736,-0.0024417226733222793,-0.06455975229132024,-0.00019092926098886534,-0.017742404447378454,0.021095418904499324,-0.024094825845726864,-0.00993517740920144,-0.0018903987105396837,0.015240042432049735,-0.008958290895407332,0.017919241424195702,-0.005469992530063309,0.004603175579967509,0.015381543209953068,0.022323209003122662,0.00635807905367438,-0.0006489491259671522,0.01631736725782595,0.006488140999571736,0.04101465485369558,-0.015501236271023736,-0.002189772809288005,-0.0029298086144493732,0.008576724472338641,-0.008877118469745073,0.008607759698063544,0.0032097948537147085,-0.00708438321124201,0.0018271554306076112,0.006453384939582961,-0.01965488799986158,-0.0065830008789284425,0.004317942239389671,-0.016081818700341435,-0.014987016241006814,-0.009281327644201916,-0.0030995022565038152,-0.0017695602237974078,-0.0024417226733222793,-0.015501236271023736,0.03852084050292923,0.0009289629651493246,0.0005208149561866798,0.0031836849323204144,-0.05165060311426771,0.05744570188695504,0.012057403011596544,-0.041473268102488206,0.011869117941450265,0.011390406137203685,-0.009740562421073604,-0.039325317033680085,-0.041685717229294636,-0.053524182309032206,-0.0013386340472415015,-0.02242863927209137,-0.0008397361538528295,-0.0018514689527738722,-0.06455975229132024,-0.002189772809288005,0.0009289629651493246,0.11637228982228454,0.0014495855167277066,-0.0012783254154955662,-0.005414550700075519,0.003995500877531448,-0.0053460640503301595,-0.0009956795896944003,0.003758237393333988,-0.024346299626028783,0.00574796065874644,-0.013738159227025903,0.017182934831958492,0.006275484347883932,0.002780571204534946,-0.008916831595494206,-0.003325088981877626,0.014034579677874618,-0.00019092926098886534,-0.0029298086144493732,0.0005208149561866798,0.0014495855167277066,0.03393107518803641,0.005316973897328148,-0.005601196023685898,-0.006794913545930848,-0.014276866228895575,0.025389950859965312,0.0065750953111410534,-0.005102379234801656,0.006482428727631618,0.03772181921992253,0.012141414043276542,0.009932816422547418,0.017334418697725326,0.007788932632530925,-0.012520270783841757,-0.003094735558972734,-0.017742404447378454,0.008576724472338641,0.0031836849323204144,-0.0012783254154955662,0.005316973897328148,0.033993428987904035
0.11114768938102923,0.005926469476766906,0.01875894596589947,-0.025408978114154573,0.0031464340190981337,0.0029907203112716097,-0.013363462213051243,0.01599368750913739,-0.03262033842458338,-0.008475745537465537,0.012256542355360805,-0.0005110237489225683,-0.0025124892521302122,0.06481877206728828,0.06272291585656425,0.006758356290743047,0.008804853745516025,-0.02756101376094397,-0.025140453599575643,-0.025513943059863868,0.005926469476766906,0.08979521967217641,-0.008340460125262461,0.018138840852998682,-0.0012049196284391345,-0.020060804671115724,-0.005773001081565949,0.055238144704764576,-0.004353370384818334,-0.006140444800115991,0.007475485580784046,0.00024164349745877268,-0.008264214631600306,-0.00964579738520735,-0.047035835930286964,-0.026803450904974272,-0.0004037358435401159,0.032175274710982,0.011626859783824491,0.030266956123461433,0.01875894596589947,-0.008340460125262461,0.06921902446109254,-0.007203836920638524,0.00395789591660386,0.021188588544894544,-0.030063244220991728,-0.013108861394442204,-0.0188242598602157,-0.021433720007620595,0.005717610202587183,0.015114051633611578,-0.0209383655483455,0.025641305889585096,0.016188564901784473,0.005597872164530185,0.03472715881390236,-0.012308056058727604,-0.002830275677225251,-0.013336500584113032,-0.025408978114154573,0.018138840852998682,-0.007203836920638524,0.058637035181023894,0.00035243329608418156,-0.014654554637758981,-0.006252035587760675,0.015048624190273863,0.012216646544468471,0.011819797697640872,0.0012690690910470539,0.008463514737907936,0.001618701972842711,-0.0352812537318034,-0.05286530014248515,-0.016415066636225113,-0.012725393615793591,0.002153498937587478,0.01311847351452361,0.030770722545415793,0.0031464340190981337,-0.0012049196284391345,0.00395789591660386,0.00035243329608418156,0.04542772157616036,-0.010565205196489964,-0.006062459092222728,-0.008574045304021269,-0.006188175648453729,-0.001080570712387901,0.0019810677105140677,0.012915790944357158,-0.010410778206960167,0.004997880770857643,0.006451955202259782,0.006471475363474212,-0.007998646938805292,0.008696542034071966,-0.01295874215259719,0.0010564481292665204,0.0029907203112716097,-0.020060804671115724,0.021188588544894544,-0.014654554637758981,-0.010565205196489964,0.057237812791858196,0.00861377279290449,-0.013275380765292485,0.003621038563311328,0.0020694956315798316,-0.011671854753225193,-0.00896401697401297,-0.0016325415641652045,0.007041359270420919,0.02693325903622909,0.009702661881505485,0.012433400628443766,-0.012837464556598373,-0.007285203050986455,-0.007446469798407136,-0.013363462213051243,-0.005773001081565949,-0.030063244220991728,-0.006252035587760675,-0.006062459092222728,0.00861377279290449,0.051925609457279746,-0.0067541842806909695,0.013715493981676721,0.010769140266330269,-0.008204082946879385,-0.016440144041994113,0.020959867132401354,-0.027399143029002596,-0.0060916560322519225,0.0026382827235695424,-0.016215782817715962,0.0019302410521602165,0.006428699608555211,-0.0019785655287186026,0.01599368750913739,0.055238144704764576,-0.013108861394442204,0.015048624190273863,-0.008574045304021269,-0.013275380765292485,-0.0067541842806909695,0.08010431573879738,-0.004615476081453512,0.0005770840525461187,0.0054967725506156,-0.006599951359757676,0.002951536804993545,-0.005425257985987727,-0.026069631955746395,-0.023267440983485113,-0.0086909715279071,0.018059246461478433,-0.005797601798109235,0.026607291225879834,-0.03262033842458338,-0.004353370384818334,-0.0188242598602157,0.012216646544468471,-0.006188175648453729,0.003621038563311328,0.013715493981676721,-0.004615476081453512,0.03397803910358328,0.01409832827133476,-0.00928654130975631,-0.0038034425552968135,0.012715350866437842,-0.024511160114829556,-0.02071005619678169,-0.0029793319799749658,-0.009803342630201356,0.003983923064574983,0.01423002980168932,0.011836012376870755,-0.008475745537465537,-0.006140444800115991,-0.021433720007620595,0.011819797697640872,-0.001080570712387901,0.0020694956315798316,0.010769140266330269,0.0005770840525461187,0.01409832827133476,0.055607610965138186,-0.005383485861593779,-0.0012036864794520608,-0.000384029809642636,-0.014180169127795024,-0.001586655331832474,0.004253132905730296,-0.013690831380934174,-0.009401796250694719,-0.0034654903700503895,0.009819263126574903,0.012256542355360805,0.007475485580784046,0.005717610202587183,0.0012690690910470539,0.0019810677105140677,-0.011671854753225193,-0.008204082946879385,0.0054967725506156,-0.00928654130975631,-0.005383485861593779,0.027804473238622472,-0.001790958560362593,-0.00713017388820117,0.004164354964885165,-0.0005255154352810854,-0.0051660284875934565,0.002923968896990337,-0.00029717422040021743,-0.00553890724736081,-0.002398071532272948,-0.0005110237489225683,0.00024164349745877268,0.015114051633611578,0.008463514737907936,0.012915790944357158,-0.00896401697401297,-0.016440144041994113,-0.006599951359757676,-0.0038034425552968135,-0.0012036864794520608,-0.001790958560362593,0.02927685443270036,-0.010609412830972822,0.008677702159627211,-0.009311455971435834,0.005333923618762546,0.004699244412043257,0.0028088632072803717,0.004475198024635052,0.004704163143426494,-0.0025124892521302122,-0.008264214631600306,-0.0209383655483455,0.001618701972842711,-0.010410778206960167,-0.0016325415641652045,0.020959867132401354,0.002951536804993545,0.012715350866437842,-0.000384029809642636,-0.00713017388820117,-0.010609412830972822,0.037940293495203795,-0.011926410057855802,-0.0056821964414963295,-0.004672871204159429,-0.012099930574730307,-0.0035640067969720693,0.00024222030011455362,0.002126530661839721,0.06481877206728828,-0.00964579738520735,0.025641305889585096,-0.0352812537318034,0.004997880770857643,0.007041359270420919,-0.027399143029002596,-0.005425257985987727,-0.024511160114829556,-0.014180169127795024,0.004164354964885165,0.008677702159627211,-0.011926410057855802,0.08867637030014278,0.06546530071648285,0.021489127364339007,0.028847722738253652,-0.010616600764003229,-0.013627978880081682,-0.02683926826329442,0.06272291585656425,-0.047035835930286964,0.016188564901784473,-0.05286530014248515,0.006451955202259782,0.02693325903622909,-0.0060916560322519225,-0.026069631955746395,-0.02071005619678169,-0.001586655331832474,-0.0005255154352810854,-0.009311455971435834,-0.0056821964414963295,0.06546530071648285,0.11691888646472465,0.026787744449688403,0.01774389501016533,-0.0335280991493537,-0.034568504129062344,-0.04489908341357297,0.006758356290743047,-0.026803450904974272,0.005597872164530185,-0.016415066636225113,0.006471475363474212,0.009702661881505485,0.0026382827235695424,-0.023267440983485113,-0.0029793319799749658,0.004253132905730296,-0.0051660284875934565,0.005333923618762546,-0.004672871204159429,0.021489127364339007,0.026787744449688403,0.03800452929024394,0.0019242853637079901,-0.00991345697013699,-0.0074830707451584285,-0.01239471719340797,0.008804853745516025,-0.0004037358435401159,0.03472715881390236,-0.012725393615793591,-0.007998646938805292,0.012433400628443766,-0.016215782817715962,-0.0086909715279071,-0.009803342630201356,-0.013690831380934174,0.002923968896990337,0.004699244412043257,-0.012099930574730307,0.028847722738253652,0.01774389501016533,0.0019242853637079901,0.04639724465203654,-0.004778460905927359,0.002849597187208123,-0.008729038705430648,-0.02756101376094397,0.032175274710982,-0.012308056058727604,0.002153498937587478,0.008696542034071966,-0.012837464556598373,0.0019302410521602165,0.018059246461478433,0.003983923064574983,-0.009401796250694719,-0.00029717422040021743,0.0028088632072803717,-0.0035640067969720693,-0.010616600764003229,-0.0335280991493537,-0.00991345697013699,-0.004778460905927359,0.06272118191696716,0.004276051651721735,0.02169888478185685,-0.025140453599575643,0.011626859783824491,-0.002830275677225251,0.01311847351452361,-0.01295874215259719,-0.007285203050986455,0.006428699608555211,-0.005797601798109235,0.01423002980168932,-0.0034654903700503895,-0.00553890724736081,0.004475198024635052,0.00024222030011455362,-0.013627978880081682,-0.034568504129062344,-0.0074830707451584285,0.002849597187208123,0.004276051651721735,0.03417451629157706,0.015910930549606846,-0.025513943059863868,0.030266956123461433,-0.013336500584113032,0.030770722545415793,0.0010564481292665204,-0.007446469798407136,-0.0019785655287186026,0.026607291225879834,0.011836012376870755,0.009819263126574903,-0.002398071532272948,0.004704163143426494,0.002126530661839721,-0.02683926826329442,-0.04489908341357297,-0.01239471719340797,-0.008729038705430648,0.02169888478185685,0.015910930549606846,0.0440190226308217
0.13912898806709822,-0.018941634869955218,0.005424633988258074,-0.04097593286109539,-0.010968734111998897,-0.011980773126658987,-0.016289979484126093,-0.04889510683066356,-0.0550875348110369,-0.03921804070314337,0.02947773382470567,-0.003558545824084074,0.00035263579757685744,0.038301395625032535,0.028610466565705813,-0.02397070220152828,0.026534457619281433,-0.032615636097166334,-0.026628684567628007,-0.042472571281897416,-0.018941634869955218,0.05468697466917219,-0.009863111277443421,0.01037960142408133,-0.025963267973198444,-0.016349976054748666,0.0027331640214856064,0.02687203563286073,0.010262945194511777,-0.020053151667554486,0.004229985559196035,0.012138749459528097,0.01971801210189609,0.009704052280366322,-0.053475289214364945,0.005743618083770309,-0.0016207938256998687,0.016034768462478487,0.049914486579213574,0.05033107186452583,0.005424633988258074,-0.009863111277443421,0.04204572278591604,0.022226373253160406,0.014966777025354826,0.02270400464023689,-0.008535034002421846,-0.018839220527489924,-0.014937768350541307,0.01690971714274999,-0.008575356127740383,-0.002356826064602678,-0.00820197559761425,-0.02702480553375704,0.018301244882124437,-0.015374400435593872,0.010694539581689366,-0.017291484059009127,-0.03346453335383001,-0.02377966130947876,-0.04097593286109539,0.01037960142408133,0.022226373253160406,0.06702031420179988,0.000656664510016617,-0.0004950813056995578,-0.002948151080683988,0.01083104300912918,0.014064723697601348,0.0095690159390521,-0.0066776390031045695,-0.014001830899643157,0.003423626282571335,-0.02237867942986473,-0.015330340043459387,0.009985658538148558,-0.0031787922873995444,-0.00841187994680921,-0.011992319674365025,-0.00631266969948516,-0.010968734111998897,-0.025963267973198444,0.014966777025354826,0.000656664510016617,0.06463291691515605,0.011957107546296971,0.017310590919543817,-0.022875033214491938,-0.013556126503965336,0.062356711159633024,-0.002943217370328325,-0.011600986217183636,-0.01678068546346542,-0.02480089971883072,0.03502574699956791,-0.004158632083687013,-0.004146527638650069,-0.017366411278573943,-0.04710016595692948,-0.0426398391664335,-0.011980773126658987,-0.016349976054748666,0.02270400464023689,-0.0004950813056995578,0.011957107546296971,0.06621594055817637,-0.005419400139701414,-0.01431267081863772,-0.01510045168663415,0.030778102411182357,-0.01566268811937658,0.007387665532973959,-0.01836401178589167,-0.04243116974127522,0.04290907517649385,-0.023166723154063235,0.00887681761872662,0.013898230121610601,-0.04505576212433679,-0.0054475613877572595,-0.016289979484126093,0.0027331640214856064,-0.008535034002421846,-0.002948151080683988,0.017310590919543817,-0.005419400139701414,0.046609486392359525,-0.0012469939181500868,0.0061774382501728585,0.019700454670792955,-0.0007222468668588713,-0.002647037265771579,0.02100461049460223,0.00450873170325904,-0.009878882223998367,0.011864488825150277,-0.003464542772034047,0.0026341857654908654,0.012222479268512491,-0.0038301619510095874,-0.04889510683066356,0.02687203563286073,-0.018839220527489924,0.01083104300912918,-0.022875033214491938,-0.01431267081863772,-0.0012469939181500868,0.06749685738951659,0.03211093069565999,-0.007997465639311765,-0.006789275712177309,-0.002185985955290244,0.012710769545412082,0.009639148811953385,-0.027501016896086236,0.016356477420784304,-0.014159619591299438,0.010961664012114253,0.040981133874807556,0.049288318708519296,-0.0550875348110369,0.010262945194511777,-0.014937768350541307,0.014064723697601348,-0.013556126503965336,-0.01510045168663415,0.0061774382501728585,0.03211093069565999,0.06398830589806215,-0.012618814234462792,-0.013470593540201825,-0.0011192343977830933,0.016459377405219966,-0.0005050524885575037,-0.028673319873808084,0.019753088133817723,-0.017057559837579325,0.0012879385489125731,0.034038717492481003,0.01370942945335537,-0.03921804070314337,-0.020053151667554486,0.01690971714274999,0.0095690159390521,0.062356711159633024,0.030778102411182357,0.019700454670792955,-0.007997465639311765,-0.012618814234462792,0.12142379117883492,-0.012191446743974103,-0.010304827370663901,-0.028432647746337268,-0.0547000030990764,0.05107627954970957,-0.008249090049083354,-0.00818122498341585,-0.010238584197373366,-0.05035301845834299,-0.019826239941373773,0.02947773382470567,0.004229985559196035,-0.008575356127740383,-0.0066776390031045695,-0.002943217370328325,-0.01566268811937658,-0.0007222468668588713,-0.006789275712177309,-0.013470593540201825,-0.012191446743974103,0.034694991887545906,0.0016530642202179592,-0.006621466586351407,0.013966724803763124,-0.0052780643729167164,-0.0008263092671918038,0.0038333137993836162,-0.004475667257153683,-0.002249719648805588,-0.007461963102824437,-0.003558545824084074,0.012138749459528097,-0.002356826064602678,-0.014001830899643157,-0.011600986217183636,0.007387665532973959,-0.002647037265771579,-0.002185985955290244,-0.0011192343977830933,-0.010304827370663901,0.0016530642202179592,0.038997900885290884,-0.009791759384189878,0.0014926311296505866,-0.014117165679346321,-0.004264813901017135,0.0012922310588047018,0.024486790418195035,0.024990920822358487,0.030726581621851948,0.00035263579757685744,0.01971801210189609,-0.00820197559761425,0.003423626282571335,-0.01678068546346542,-0.01836401178589167,0.02100461049460223,0.012710769545412082,0.016459377405219966,-0.028432647746337268,-0.006621466586351407,-0.009791759384189878,0.05366714948474443,0.024173838700244567,-0.03743213668169353,0.01028878548788088,-0.002720348053003449,-0.010079852578037014,0.028892934987632037,0.008387539208781322,0.038301395625032535,0.009704052280366322,-0.02702480553375704,-0.02237867942986473,-0.02480089971883072,-0.04243116974127522,0.00450873170325904,0.009639148811953385,-0.0005050524885575037,-0.0547000030990764,0.013966724803763124,0.0014926311296505866,0.024173838700244567,0.07952751178933738,-0.02665359193333343,0.020954866732936228,0.0049993189991131524,0.0108897242797083,0.05288866737120088,0.02019655090630321,0.028610466565705813,-0.053475289214364945,0.018301244882124437,-0.015330340043459387,0.03502574699956791,0.04290907517649385,-0.009878882223998367,-0.027501016896086236,-0.028673319873808084,0.05107627954970957,-0.0052780643729167164,-0.014117165679346321,-0.03743213668169353,-0.02665359193333343,0.11759668538198584,-0.009645746269430187,0.007375884284065973,-0.005100722752011675,-0.09328149180895076,-0.06152505474646926,-0.02397070220152828,0.005743618083770309,-0.015374400435593872,0.009985658538148558,-0.004158632083687013,-0.023166723154063235,0.011864488825150277,0.016356477420784304,0.019753088133817723,-0.008249090049083354,-0.0008263092671918038,-0.004264813901017135,0.01028878548788088,0.020954866732936228,-0.009645746269430187,0.04518955590735701,-0.012064511609584178,0.017666797295876748,0.013415200401333895,0.007571492620096069,0.026534457619281433,-0.0016207938256998687,0.010694539581689366,-0.0031787922873995444,-0.004146527638650069,0.00887681761872662,-0.003464542772034047,-0.014159619591299438,-0.017057559837579325,-0.00818122498341585,0.0038333137993836162,0.0012922310588047018,-0.002720348053003449,0.0049993189991131524,0.007375884284065973,-0.012064511609584178,0.026093579237818545,-0.002231078684851514,-0.0050705058572716,-0.0012530499710361686,-0.032615636097166334,0.016034768462478487,-0.017291484059009127,-0.00841187994680921,-0.017366411278573943,0.013898230121610601,0.0026341857654908654,0.010961664012114253,0.0012879385489125731,-0.010238584197373366,-0.004475667257153683,0.024486790418195035,-0.010079852578037014,0.0108897242797083,-0.005100722752011675,0.017666797295876748,-0.002231078684851514,0.08166878658236519,0.028259082336030403,0.056466876472266905,-0.026628684567628007,0.049914486579213574,-0.03346453335383001,-0.011992319674365025,-0.04710016595692948,-0.04505576212433679,0.012222479268512491,0.040981133874807556,0.034038717492481003,-0.05035301845834299,-0.002249719648805588,0.024990920822358487,0.028892934987632037,0.05288866737120088,-0.09328149180895076,0.013415200401333895,-0.0050705058572716,0.028259082336030403,0.14123781202368696,0.11036615856553077,-0.042472571281897416,0.05033107186452583,-0.02377966130947876,-0.00631266969948516,-0.0426398391664335,-0.0054475613877572595,-0.0038301619510095874,0.049288318708519296,0.01370942945335537,-0.019826239941373773,-0.007461963102824437,0.030726581621851948,0.008387539208781322,0.02019655090630321,-0.06152505474646926,0.007571492620096069,-0.0012530499710361686,0.056466876472266905,0.11036615856553077,0.1377811302191409
