0.02786100616404969,0.008175884561933574,-0.005824378980170318,0.016533831828622562,0.010100116768139633,0.0065028962091388184,-0.0013204275301386412,-0.015211540020434991,0.02102105339810156,-0.013239788316789786,0.015003838437254289,0.019027929414398237,-0.006222049035464022,-0.02934099085197426,-0.019676615533262526,0.015011323712167204,-0.006528873229770995,-0.004544806217754806,-0.0010310583445912109,0.028956901934981016,0.008175884561933574,0.03670001793413335,0.003103087557040284,0.017388645867450633,0.020104636754934742,0.0011165975072732503,-0.010396163345377733,-0.004683715459646845,0.008176991447674038,0.0011785240928315294,-0.0034349254906567003,0.004802275657631786,0.006751072592113654,-0.031012328472415723,-0.008831917459590274,-0.0016834736226214975,-0.001490724521400802,0.0025467446458385407,0.008508160060653889,0.005241275843279031,-0.005824378980170318,0.003103087557040284,0.03151287439201079,-0.0007227109435125588,0.010312132171373996,0.0020576065743833248,-0.005735233429289776,0.015931395293665357,-0.014677719520179402,0.01180883620458155,-0.01297098125014169,-0.006454234100360693,0.015635964638241996,0.008967443153996548,0.018215804036141554,-0.01839737127055881,0.010201740579885925,0.000597043254092355,0.00861096721678059,-0.01746418652143142,0.016533831828622562,0.017388645867450633,-0.0007227109435125588,0.03407715525871457,0.020508014262010932,0.0010597929966386756,-0.007608287918867451,-0.009062477691153401,0.01936943977279894,-0.008418627980782481,0.002814113783066638,0.014024618944294385,0.003765168192802399,-0.040678674141575416,-0.016240964833890613,-0.004244519652688707,-0.0015965366931940575,-0.0041035615366636115,0.007310968592493673,0.02318987892510419,0.010100116768139633,0.020104636754934742,0.010312132171373996,0.020508014262010932,0.05339434053705746,-0.0067147697834523635,-0.02609720830990378,0.011500244329850114,0.005398423713677516,-0.0011420215569250614,-0.006149141826566691,0.014947769862463978,0.023455748215858094,-0.0323118507359052,0.00408722575180224,-0.023420127729312422,-0.0014630285145611059,-0.009497769946027232,-0.012379739012928943,0.01004168126361481,0.0065028962091388184,0.0011165975072732503,0.0020576065743833248,0.0010597929966386756,-0.0067147697834523635,0.020638141697345715,0.006440950032440057,-0.01289263334166682,0.01077937137248622,-0.002981262162090992,-0.0031973082151420295,0.0006651248001307767,-0.011106699993006067,-0.010143391167277782,-0.010754269112314857,0.013640923307120661,-0.0003554727338670395,0.009878271668879461,0.015115521388215295,-5.077260622889107e-5,-0.0013204275301386412,-0.010396163345377733,-0.005735233429289776,-0.007608287918867451,-0.02609720830990378,0.006440950032440057,0.040408095945230725,-0.005395061939082246,0.0038445161611849943,0.00380184086663657,0.0047163614920156735,-0.007932904755779489,-0.011023249404769765,0.024809699094306713,0.0011588805243984129,0.012477176783407873,0.008613309618392863,0.012323392117064926,0.014171651362284612,-0.004571404249294076,-0.015211540020434991,-0.004683715459646845,0.015931395293665357,-0.009062477691153401,0.011500244329850114,-0.01289263334166682,-0.005395061939082246,0.04810023188274506,-0.029401384083795223,0.015377216896939955,-0.01096832205480791,-0.010588936641471775,0.02615044869348887,0.027994364177483473,0.03544226105102392,-0.02964078786465118,0.011841000713883828,-0.005522573681284183,-0.01699528170286449,-0.025383345181515887,0.02102105339810156,0.008176991447674038,-0.014677719520179402,0.01936943977279894,0.005398423713677516,0.01077937137248622,0.0038445161611849943,-0.029401384083795223,0.050317033643442775,-0.018583901092788492,0.01691415265867219,0.0177022114804366,-0.017949334766416733,-0.037262121580271604,-0.032085900023108065,0.020296664878963498,-0.010121201699461286,0.002495704921701861,0.006815309714317852,0.03594570972516228,-0.013239788316789786,0.0011785240928315294,0.01180883620458155,-0.008418627980782481,-0.0011420215569250614,-0.002981262162090992,0.00380184086663657,0.015377216896939955,-0.018583901092788492,0.030609889265508117,-0.011700830904112117,-0.014173502777286705,0.017896737667995388,0.02516708078643664,0.023533053426718922,-0.018307844203440823,0.011316765342849418,0.00152780144407239,0.005943192270431457,-0.0236422629736276,0.015003838437254289,-0.0034349254906567003,-0.01297098125014169,0.002814113783066638,-0.006149141826566691,-0.0031973082151420295,0.0047163614920156735,-0.01096832205480791,0.01691415265867219,-0.011700830904112117,0.03299791499496992,0.012315059407891854,-0.01287056501051171,-0.011174045711730517,-0.015132598584256944,0.02163047130889139,-0.013854058328638664,-0.002771070004277721,-0.011422669049353166,0.028673166096201713,0.019027929414398237,0.004802275657631786,-0.006454234100360693,0.014024618944294385,0.014947769862463978,0.0006651248001307767,-0.007932904755779489,-0.010588936641471775,0.0177022114804366,-0.014173502777286705,0.012315059407891854,0.03194347040385105,0.0005244237859026266,-0.029522514410527646,-0.01579650124092319,0.008976771189979716,-0.008059086473258082,-0.006717259498112759,-0.012074316912210923,0.02656768095086774,-0.006222049035464022,0.006751072592113654,0.015635964638241996,0.003765168192802399,0.023455748215858094,-0.011106699993006067,-0.011023249404769765,0.02615044869348887,-0.017949334766416733,0.017896737667995388,-0.01287056501051171,0.0005244237859026266,0.04207572047655816,0.0050308642359044265,0.02540997083790578,-0.033694003327039514,0.012289003849520658,-0.007385059642697475,-0.008180469953444403,-0.01375884760509231,-0.02934099085197426,-0.031012328472415723,0.008967443153996548,-0.040678674141575416,-0.0323118507359052,-0.010143391167277782,0.024809699094306713,0.027994364177483473,-0.037262121580271604,0.02516708078643664,-0.011174045711730517,-0.029522514410527646,0.0050308642359044265,0.08654926870538208,0.03893973658723246,-0.005462819410489088,0.011986410846193944,0.01027255119636179,-0.0014262684894831093,-0.04646204459266613,-0.019676615533262526,-0.008831917459590274,0.018215804036141554,-0.016240964833890613,0.00408722575180224,-0.010754269112314857,0.0011588805243984129,0.03544226105102392,-0.032085900023108065,0.023533053426718922,-0.015132598584256944,-0.01579650124092319,0.02540997083790578,0.03893973658723246,0.0513449986671311,-0.02909802612999493,0.01302795246425949,-0.0013226591708191317,-0.009119612182696586,-0.03480710898151784,0.015011323712167204,-0.0016834736226214975,-0.01839737127055881,-0.004244519652688707,-0.023420127729312422,0.013640923307120661,0.012477176783407873,-0.02964078786465118,0.020296664878963498,-0.018307844203440823,0.02163047130889139,0.008976771189979716,-0.033694003327039514,-0.005462819410489088,-0.02909802612999493,0.07151408905738456,-0.020452800439969353,0.013152314329548661,0.004727957583943916,0.028302705764338416,-0.006528873229770995,-0.001490724521400802,0.010201740579885925,-0.0015965366931940575,-0.0014630285145611059,-0.0003554727338670395,0.008613309618392863,0.011841000713883828,-0.010121201699461286,0.011316765342849418,-0.013854058328638664,-0.008059086473258082,0.012289003849520658,0.011986410846193944,0.01302795246425949,-0.020452800439969353,0.029107372447071272,0.002024073726953536,0.012004128881293086,-0.020749149621788733,-0.004544806217754806,0.0025467446458385407,0.000597043254092355,-0.0041035615366636115,-0.009497769946027232,0.009878271668879461,0.012323392117064926,-0.005522573681284183,0.002495704921701861,0.00152780144407239,-0.002771070004277721,-0.006717259498112759,-0.007385059642697475,0.01027255119636179,-0.0013226591708191317,0.013152314329548661,0.002024073726953536,0.023740724134029945,0.018220673551549847,-0.007625368143296004,-0.0010310583445912109,0.008508160060653889,0.00861096721678059,0.007310968592493673,-0.012379739012928943,0.015115521388215295,0.014171651362284612,-0.01699528170286449,0.006815309714317852,0.005943192270431457,-0.011422669049353166,-0.012074316912210923,-0.008180469953444403,-0.0014262684894831093,-0.009119612182696586,0.004727957583943916,0.012004128881293086,0.018220673551549847,0.05364876660018038,-0.013851869862679268,0.028956901934981016,0.005241275843279031,-0.01746418652143142,0.02318987892510419,0.01004168126361481,-5.077260622889107e-5,-0.004571404249294076,-0.025383345181515887,0.03594570972516228,-0.0236422629736276,0.028673166096201713,0.02656768095086774,-0.01375884760509231,-0.04646204459266613,-0.03480710898151784,0.028302705764338416,-0.020749149621788733,-0.007625368143296004,-0.013851869862679268,0.0660942123656577
