0.05993511682898862,-0.0049029877863776845,-0.004145397040007945,-0.017959022027389228,0.005055151423143912,-0.010837798278147744,-0.019431973811673428,-0.012700793238000748,-0.030834570718709178,-0.002167149829017727,0.015279954263766271,-0.0032627428428041007,0.0016419543414105322,0.044207147790113185,0.016221355749918905,0.01578508958963682,0.01438069910757975,0.00019155382301561672,-0.008952483157928664,0.007199458365479261,-0.0049029877863776845,0.05913015003544783,0.004969502610352797,0.022500955069682537,-0.008245108919846929,-0.010965314979665079,-0.02915882085650251,0.02045691153799769,-0.013090173535811211,-0.0014165195245463597,0.008202106704070157,0.009416156416460429,-0.0077963844330815706,0.006618547598076574,-0.03176134896027187,-0.012596463754707896,0.0050855681952796114,0.0187586168481059,0.004438843098066091,0.01479966258230572,-0.004145397040007945,0.004969502610352797,0.030770051323155415,0.017189708835833907,-0.008005570927828859,-0.003041417221061939,-0.01947434301988714,0.007514748638703841,-0.011889560190525285,0.004496958984993271,-0.004280241161424144,0.01027430158177798,-0.011130656677533048,-0.013161545014214654,-0.005592004811855804,-0.020641913497144674,0.007783990013038667,-0.005296934370059854,0.00013986545331670267,-0.001967116894062976,-0.017959022027389228,0.022500955069682537,0.017189708835833907,0.05510340242804018,-0.016318024723482573,0.006587741719569779,-0.019552532103106583,0.030020194872383672,0.004175105428163737,0.006175410762403272,-0.0013895477064798747,0.009818835053600592,-0.00876759533548806,-0.02144972449197798,-0.017570762166559346,-0.029641689858836993,0.0016638534286000871,-0.006318321631262736,-0.0021696747527387744,0.004897325902003504,0.005055151423143912,-0.008245108919846929,-0.008005570927828859,-0.016318024723482573,0.029085678290330954,0.009063836021622827,0.01431253191153301,-0.016727980838273426,-0.005302089147490296,-0.0009780883059209201,0.003364279020146907,0.0016515407365814633,0.004321871740515769,0.01803947596933122,0.002088299386226261,0.015423549880945965,-0.00049732698748935,0.013636097396456492,-0.007583848221122582,0.00014427540748893964,-0.010837798278147744,-0.010965314979665079,-0.003041417221061939,0.006587741719569779,0.009063836021622827,0.05249288375056155,0.023770573600354658,0.006290558540446925,0.015728182134349813,-0.008663523932827898,-0.00729224176852099,-0.0078061454925714676,0.0128464351433299,-0.0011947181953200605,0.018174713727901408,0.0006551528017043123,-0.0008464704983754135,0.006939070305825275,-0.01969994683670591,-0.002116021479854221,-0.019431973811673428,-0.02915882085650251,-0.01947434301988714,-0.019552532103106583,0.01431253191153301,0.023770573600354658,0.05956619784729211,-0.01432232525417613,0.035776382348903665,-0.003997641790790078,-0.009286562661861111,-0.012578181283591314,0.025123533894835362,-0.01689461966509843,0.018625430177917242,0.015425845582322396,-0.010812332538272325,-0.013725164746554521,-0.0005941596006659826,-0.018087230398317077,-0.012700793238000748,0.02045691153799769,0.007514748638703841,0.030020194872383672,-0.016727980838273426,0.006290558540446925,-0.01432232525417613,0.0512035496402534,0.007108707746443227,0.001515018535951809,-0.0002909591639220629,0.0001126275169794392,-0.002096682257140866,-0.011612072920820485,-0.005592913385309088,-0.025224529147283695,-0.00036908102623006115,-0.004199524432744362,-0.01176043718031703,-0.0011636045047345419,-0.030834570718709178,-0.013090173535811211,-0.011889560190525285,0.004175105428163737,-0.005302089147490296,0.015728182134349813,0.035776382348903665,0.007108707746443227,0.054381208156196806,-4.059083326997956e-5,-0.0113923490045421,-0.007657515189234217,0.017334819425648906,-0.029166621641699426,9.589585951288223e-5,0.0036259987314639294,-0.012111224440192993,-0.019513395599022754,0.008435185462783754,-0.012088934820900126,-0.002167149829017727,-0.0014165195245463597,0.004496958984993271,0.006175410762403272,-0.0009780883059209201,-0.008663523932827898,-0.003997641790790078,0.001515018535951809,-4.059083326997956e-5,0.019579586453868803,-0.0006128416492795152,0.0031333955201141806,-0.006130270429962566,-0.0026678312096758503,0.00022334880569903034,-0.007623170884078622,0.0002039726992008474,-0.0019343967720862627,0.0005627645598187652,-0.00046264541256755084,0.015279954263766271,0.008202106704070157,-0.004280241161424144,-0.0013895477064798747,0.003364279020146907,-0.00729224176852099,-0.009286562661861111,-0.0002909591639220629,-0.0113923490045421,-0.0006128416492795152,0.018782743502020097,0.0020960886214562834,-0.002901538770651454,0.018525088334674356,-0.001386883888918293,0.0058272913058087725,-0.0008418467104575815,0.009486721005662146,-0.002906848043357546,0.005505112053481518,-0.0032627428428041007,0.009416156416460429,0.01027430158177798,0.009818835053600592,0.0016515407365814633,-0.0078061454925714676,-0.012578181283591314,0.0001126275169794392,-0.007657515189234217,0.0031333955201141806,0.0020960886214562834,0.019169831470190232,-0.010493294070542133,-0.0019275485665529312,-0.011438891512823738,-0.004907454348746244,-0.0012693931539343086,0.006134331308731356,0.00324590942839041,0.00419193012431027,0.0016419543414105322,-0.0077963844330815706,-0.011130656677533048,-0.00876759533548806,0.004321871740515769,0.0128464351433299,0.025123533894835362,-0.002096682257140866,0.017334819425648906,-0.006130270429962566,-0.002901538770651454,-0.010493294070542133,0.033316405442358116,0.0019865235034036977,0.01257812516680359,0.00962669672268338,-0.006874582470209024,-0.01261703741415788,-0.005966526353570271,-0.006843912338410689,0.044207147790113185,0.006618547598076574,-0.013161545014214654,-0.02144972449197798,0.01803947596933122,-0.0011947181953200605,-0.01689461966509843,-0.011612072920820485,-0.029166621641699426,-0.0026678312096758503,0.018525088334674356,-0.0019275485665529312,0.0019865235034036977,0.08207823387703839,0.015794817579059758,0.02907940014145945,0.01972279225018568,0.02266474354416139,-0.010092341561697506,0.006440268015044417,0.016221355749918905,-0.03176134896027187,-0.005592004811855804,-0.017570762166559346,0.002088299386226261,0.018174713727901408,0.018625430177917242,-0.005592913385309088,9.589585951288223e-5,0.00022334880569903034,-0.001386883888918293,-0.011438891512823738,0.01257812516680359,0.015794817579059758,0.06009574922912629,0.008801244566521937,0.003128288440298654,-0.006768521774657178,-0.017884399845579164,-0.009924123871020653,0.01578508958963682,-0.012596463754707896,-0.020641913497144674,-0.029641689858836993,0.015423549880945965,0.0006551528017043123,0.015425845582322396,-0.025224529147283695,0.0036259987314639294,-0.007623170884078622,0.0058272913058087725,-0.004907454348746244,0.00962669672268338,0.02907940014145945,0.008801244566521937,0.03994134363010485,-0.00264088538444406,0.007373051897823741,0.0023354820054894707,0.0024946449194107622,0.01438069910757975,0.0050855681952796114,0.007783990013038667,0.0016638534286000871,-0.00049732698748935,-0.0008464704983754135,-0.010812332538272325,-0.00036908102623006115,-0.012111224440192993,0.0002039726992008474,-0.0008418467104575815,-0.0012693931539343086,-0.006874582470209024,0.01972279225018568,0.003128288440298654,-0.00264088538444406,0.030877211698761613,-0.0015459417734194937,-1.2088954360239433e-5,-0.0008191700098802331,0.00019155382301561672,0.0187586168481059,-0.005296934370059854,-0.006318321631262736,0.013636097396456492,0.006939070305825275,-0.013725164746554521,-0.004199524432744362,-0.019513395599022754,-0.0019343967720862627,0.009486721005662146,0.006134331308731356,-0.01261703741415788,0.02266474354416139,-0.006768521774657178,0.007373051897823741,-0.0015459417734194937,0.05867640993865523,-0.010074505068358549,0.019817682843016472,-0.008952483157928664,0.004438843098066091,0.00013986545331670267,-0.0021696747527387744,-0.007583848221122582,-0.01969994683670591,-0.0005941596006659826,-0.01176043718031703,0.008435185462783754,0.0005627645598187652,-0.002906848043357546,0.00324590942839041,-0.005966526353570271,-0.010092341561697506,-0.017884399845579164,0.0023354820054894707,-1.2088954360239433e-5,-0.010074505068358549,0.025242019427302847,0.0026485886485843766,0.007199458365479261,0.01479966258230572,-0.001967116894062976,0.004897325902003504,0.00014427540748893964,-0.002116021479854221,-0.018087230398317077,-0.0011636045047345419,-0.012088934820900126,-0.00046264541256755084,0.005505112053481518,0.00419193012431027,-0.006843912338410689,0.006440268015044417,-0.009924123871020653,0.0024946449194107622,-0.0008191700098802331,0.019817682843016472,0.0026485886485843766,0.024194560060407672
0.09131418794190178,0.0030620759040259106,0.02946974305689725,-0.014886874006674104,0.0022841863619466624,0.005907070364295736,-0.009212948202991454,0.012109344562114804,-0.011205815090668526,0.02529660614913579,0.0008069355289375515,0.005970104709125183,0.006757533930471845,0.02669600330420399,0.03971680906191827,-0.00618352162533908,0.011422349605097484,-0.04856464648401766,-0.021523285029884674,-0.02642079233884609,0.0030620759040259106,0.024963609895406396,-0.0006053114180681889,0.0031125100647284125,-0.004554780390099573,-0.00897751356710263,-0.0008953663869602081,0.015526762476668843,0.00033249156720536354,0.0006517169039653035,0.0053827705462798775,0.0011081059081164669,0.0018939762045905417,0.0009156490941245753,-0.014649948195483594,-0.002847778288176475,0.0057583666017362875,-0.0015118256620650756,0.006024487656601622,0.006106362338167212,0.02946974305689725,-0.0006053114180681889,0.03964211896525411,0.007467535060421705,0.0008145380829207775,0.010773828645574055,-0.0039954749059534075,0.006770475194844305,0.01337916186683612,0.012312787184207027,-0.012078229997795752,0.004385824367934474,0.0043812677615077695,0.005586731927180772,0.022061721929369615,-0.014277113351899157,0.005144409691388595,-0.023068501456259376,0.005164991934517573,-0.006981397505899874,-0.014886874006674104,0.0031125100647284125,0.007467535060421705,0.031006781423974564,-0.010482709906632115,0.004092734818473824,0.008947584751338881,0.009668771523911336,0.008318690428179282,0.0079815903226595,-0.007390788895167583,-0.0018953174983602794,0.005696249486790627,-0.00025299099876886885,-0.014478713997523762,-0.008039924276111578,-0.003046885944294516,0.003964925774308216,0.016623462355485265,0.01157919969359058,0.0022841863619466624,-0.004554780390099573,0.0008145380829207775,-0.010482709906632115,0.022970542963367573,-0.0050274809553019694,-0.00019358579783305572,-0.01928398470038826,0.0007869138755519924,-0.01128121261876454,-3.67395773808051e-5,0.009990017057418346,-0.0057306784218724375,4.497634287832313e-5,0.00858592390077094,0.004413559372254657,0.0003789973710424786,0.007470235629399595,-0.002707185948868935,-0.00394839858875594,0.005907070364295736,-0.00897751356710263,0.010773828645574055,0.004092734818473824,-0.0050274809553019694,0.032318166051078984,0.00042787519184092496,0.0035965166380746297,-0.004046625796711787,0.007474245332777869,-0.00668032535950697,-0.0026105827478097006,0.00023829053512687613,0.0017547992648551402,0.017420740270209168,-0.005023595773629847,-0.002555986241051261,-0.010058541187570165,-0.009373505957662957,-0.0037287640689627004,-0.009212948202991454,-0.0008953663869602081,-0.0039954749059534075,0.008947584751338881,-0.00019358579783305572,0.00042787519184092496,0.03204030578366816,-0.003954282379639192,0.0047331715681024214,0.0016100709324955824,-0.005075810206031759,0.004382641649911061,0.014389241891601491,-0.0031732388877694414,-0.0020711573848538776,0.009597464454163965,0.00023693531210504945,0.0159161788209564,0.00587371763797434,0.003285349629686859,0.012109344562114804,0.015526762476668843,0.006770475194844305,0.009668771523911336,-0.01928398470038826,0.0035965166380746297,-0.003954282379639192,0.06586007918055194,-0.001442042854868696,0.02792371180752585,0.005665479549640449,-0.008544451089088604,0.010130544546498914,0.012067769385188038,-0.005729730072039432,-0.003316270260034488,-0.001084511947554954,-0.030867058496630795,0.0011382476882226932,0.012689904795910784,-0.011205815090668526,0.00033249156720536354,0.01337916186683612,0.008318690428179282,0.0007869138755519924,-0.004046625796711787,0.0047331715681024214,-0.001442042854868696,0.04546638339641457,0.0021097842531111,-0.011272913341074135,-0.008263519067430584,0.013239452146705234,-0.012175945387612727,0.007446974063308056,-0.008254733889198562,0.006836163514222125,-0.020854128675053797,0.018406853769355316,0.0005192904715980193,0.02529660614913579,0.0006517169039653035,0.012312787184207027,0.0079815903226595,-0.01128121261876454,0.007474245332777869,0.0016100709324955824,0.02792371180752585,0.0021097842531111,0.05457583626049098,-4.282933632160043e-5,-0.010781897816956085,0.012433464415082467,0.011076360063236698,-0.0003694388305084378,-0.004321344553460494,-0.012320936763666628,-0.037905875259444693,0.000321928996826271,-0.0010715994571956445,0.0008069355289375515,0.0053827705462798775,-0.012078229997795752,-0.007390788895167583,-3.67395773808051e-5,-0.00668032535950697,-0.005075810206031759,0.005665479549640449,-0.011272913341074135,-4.282933632160043e-5,0.02151635690126951,-0.0013795158378128803,-0.007107413663639187,0.004380313205452848,-0.013026149140008774,0.00803290931324951,-0.0025438501647270257,0.006732300716340673,-0.0051896477557465785,0.005116448482998366,0.005970104709125183,0.0011081059081164669,0.004385824367934474,-0.0018953174983602794,0.009990017057418346,-0.0026105827478097006,0.004382641649911061,-0.008544451089088604,-0.008263519067430584,-0.010781897816956085,-0.0013795158378128803,0.028373043414708476,-0.009854670951135644,-0.00011253520960064498,0.005311672369088052,0.004496097079109579,0.001399079744761022,0.016884252033203557,-0.0034615956657232136,-0.0012512370213845214,0.006757533930471845,0.0018939762045905417,0.0043812677615077695,0.005696249486790627,-0.0057306784218724375,0.00023829053512687613,0.014389241891601491,0.010130544546498914,0.013239452146705234,0.012433464415082467,-0.007107413663639187,-0.009854670951135644,0.04164407023222959,0.0073148530158225165,-0.0005476276631607574,0.005450979321955117,0.005545672476902411,-0.014537059769788668,0.0030807713858389675,0.003983976551546759,0.02669600330420399,0.0009156490941245753,0.005586731927180772,-0.00025299099876886885,4.497634287832313e-5,0.0017547992648551402,-0.0031732388877694414,0.012067769385188038,-0.012175945387612727,0.011076360063236698,0.004380313205452848,-0.00011253520960064498,0.0073148530158225165,0.02886995377652064,0.002455612017266925,0.0018675382204228115,0.0030686130410050414,-0.006822723782925264,-0.0050720156140077926,-0.004863331416407457,0.03971680906191827,-0.014649948195483594,0.022061721929369615,-0.014478713997523762,0.00858592390077094,0.017420740270209168,-0.0020711573848538776,-0.005729730072039432,0.007446974063308056,-0.0003694388305084378,-0.013026149140008774,0.005311672369088052,-0.0005476276631607574,0.002455612017266925,0.0764437756732079,-0.005684359555082914,0.014927734675114985,-0.03418922208099362,-0.020568949349822466,-0.023758105453588738,-0.00618352162533908,-0.002847778288176475,-0.014277113351899157,-0.008039924276111578,0.004413559372254657,-0.005023595773629847,0.009597464454163965,-0.003316270260034488,-0.008254733889198562,-0.004321344553460494,0.00803290931324951,0.004496097079109579,0.005450979321955117,0.0018675382204228115,-0.005684359555082914,0.024176746519491418,-0.0008002836653678109,0.01602381972128411,-0.006949413658073338,0.0054990028090217335,0.011422349605097484,0.0057583666017362875,0.005144409691388595,-0.003046885944294516,0.0003789973710424786,-0.002555986241051261,0.00023693531210504945,-0.001084511947554954,0.006836163514222125,-0.012320936763666628,-0.0025438501647270257,0.001399079744761022,0.005545672476902411,0.0030686130410050414,0.014927734675114985,-0.0008002836653678109,0.025034418920964162,-0.0007387657018946835,-0.0013545103838123519,-0.0006106510608280555,-0.04856464648401766,-0.0015118256620650756,-0.023068501456259376,0.003964925774308216,0.007470235629399595,-0.010058541187570165,0.0159161788209564,-0.030867058496630795,-0.020854128675053797,-0.037905875259444693,0.006732300716340673,0.016884252033203557,-0.014537059769788668,-0.006822723782925264,-0.03418922208099362,0.01602381972128411,-0.0007387657018946835,0.0912661138577294,0.005306612304220897,0.02050158040672534,-0.021523285029884674,0.006024487656601622,0.005164991934517573,0.016623462355485265,-0.002707185948868935,-0.009373505957662957,0.00587371763797434,0.0011382476882226932,0.018406853769355316,0.000321928996826271,-0.0051896477557465785,-0.0034615956657232136,0.0030807713858389675,-0.0050720156140077926,-0.020568949349822466,-0.006949413658073338,-0.0013545103838123519,0.005306612304220897,0.026972847900105505,0.013941143656576078,-0.02642079233884609,0.006106362338167212,-0.006981397505899874,0.01157919969359058,-0.00394839858875594,-0.0037287640689627004,0.003285349629686859,0.012689904795910784,0.0005192904715980193,-0.0010715994571956445,0.005116448482998366,-0.0012512370213845214,0.003983976551546759,-0.004863331416407457,-0.023758105453588738,0.0054990028090217335,-0.0006106510608280555,0.02050158040672534,0.013941143656576078,0.029199410163363516
0.06684217373407036,0.006055668414640999,-0.01019259825099693,-0.018454280617220604,-0.011461969344170108,-0.004359334339454825,0.011392071414681187,0.015310365486411265,-0.018768478278801903,-0.0021738485739870835,0.01055032106946956,-0.010498570823783953,0.017289525321693276,0.013768972879395134,0.028007655469563783,-0.0023188443981880507,-0.00935939056628783,-0.025328589459348322,-0.013635319019719348,-0.012397545458842578,0.006055668414640999,0.04051247849953087,-0.019567206635745772,-0.0016443073052329745,-0.01584078854116973,-0.010513073853340365,0.002738361558240846,0.01966013285497089,-0.007307479245918014,-0.006723187616397762,0.010131437406335089,-0.013310089942595325,0.003360710195541904,0.004240575054468541,-0.017774840408969005,-0.02146106682703797,-0.0037720721517578775,0.0005752515045760745,0.009591290614849576,0.0010821897679302779,-0.01019259825099693,-0.019567206635745772,0.036918098255708576,0.009797023740528552,0.009685227988329555,0.02162990403001436,-0.009875814196769153,-0.01841396968377711,0.0038601100980285505,5.003544188183322e-6,-0.004767335856749857,0.01577194805659171,-0.011607217242353004,-0.004200277359775732,0.00393292506489962,0.014041788023552881,0.011351515883068071,0.0007425623935591057,-0.003311130574449491,-8.928650512714676e-5,-0.018454280617220604,-0.0016443073052329745,0.009797023740528552,0.029320845346647542,-0.0015016187837158237,4.495536343436285e-5,-0.00823154118898527,0.0058629984504499095,0.006319453540730344,0.005023310462711092,0.0054456824880868004,0.006310905972890804,-0.0074022331389791765,-0.008455585347621464,-0.014058043638181798,0.001099742553038741,0.004386441472520276,-0.0034616676912792854,0.00048049126833926215,0.006505797331202673,-0.011461969344170108,-0.01584078854116973,0.009685227988329555,-0.0015016187837158237,0.02583596603509174,0.0008438140708712243,-0.004101240062951862,-0.019403853981376378,0.0073181976449676125,0.0021402777137748503,-0.00602772216443458,0.008659519829086883,-0.002586546375573739,0.00011083579661263165,0.0038804967724061484,0.01357140102601109,0.0030207189465115874,0.007209142830205326,-0.003594417029371355,0.0023662880667152286,-0.004359334339454825,-0.010513073853340365,0.02162990403001436,4.495536343436285e-5,0.0008438140708712243,0.05119591901377089,0.005616431975066586,-0.014679202480838018,0.0011554026715388417,-0.004326817186536266,-0.016090556837065343,0.002409518637493566,-0.002611675201296812,-0.004594829965858938,0.016588695259364607,0.006299741341753115,0.00834209216676612,-0.0006274328921940624,-0.009368137248114385,0.003111078022986365,0.011392071414681187,0.002738361558240846,-0.009875814196769153,-0.00823154118898527,-0.004101240062951862,0.005616431975066586,0.02873834886315958,-0.0008394652009499132,0.0004916521539658622,0.00037890693257638665,-0.002162702036835502,-0.007529947851275578,0.014873100143701672,-0.004594712895401056,0.009013053521617225,-0.0013345925732954618,-0.010859414169407458,-0.0035063642038179878,0.0016518770806316888,-0.0061886894069434605,0.015310365486411265,0.01966013285497089,-0.01841396968377711,0.0058629984504499095,-0.019403853981376378,-0.014679202480838018,-0.0008394652009499132,0.050771451249946704,-0.007014986419126021,0.0036770904949491555,0.01217342665831915,-0.011036391675003556,0.0049367075895442245,-0.0005188976814607765,-0.0014477862098409553,-0.015998767346584467,-0.006160309855455262,-0.014196262788291383,0.0002052640955645153,0.012231420975625597,-0.018768478278801903,-0.007307479245918014,0.0038601100980285505,0.006319453540730344,0.0073181976449676125,0.0011554026715388417,0.0004916521539658622,-0.007014986419126021,0.03636312742376762,0.008888548722661552,-0.0068647856487437445,0.0014210320449086766,0.005900875587716266,-0.008486058276127369,-0.004671667656476246,-0.0023020685681027567,0.006529250932678004,0.006039970097994202,0.012490369072869257,0.008020734455112527,-0.0021738485739870835,-0.006723187616397762,5.003544188183322e-6,0.005023310462711092,0.0021402777137748503,-0.004326817186536266,0.00037890693257638665,0.0036770904949491555,0.008888548722661552,0.03221284301402545,0.0006401720364996704,0.0006064570061655408,-0.005271884089570406,-0.013300453253732244,0.00851975994195978,-0.00012732775993554147,-0.0033839986865941,-0.011861243199499888,-0.005640921440772574,0.004325296311315126,0.01055032106946956,0.010131437406335089,-0.004767335856749857,0.0054456824880868004,-0.00602772216443458,-0.016090556837065343,-0.002162702036835502,0.01217342665831915,-0.0068647856487437445,0.0006401720364996704,0.022758626860508727,-0.0035299990661666353,-0.00034578992765940626,0.004223147429651526,-0.008273382007780898,0.0013422238584881127,-0.0013768653263488417,-0.006951889913555822,-0.0028106755226697195,-0.0026989081209175345,-0.010498570823783953,-0.013310089942595325,0.01577194805659171,0.006310905972890804,0.008659519829086883,0.002409518637493566,-0.007529947851275578,-0.011036391675003556,0.0014210320449086766,0.0006064570061655408,-0.0035299990661666353,0.021147759314978604,-0.007876991568707359,-0.0030349182685424424,-0.0029768341458527997,0.009049662099905098,0.0021595933752425033,0.004118905832580851,-0.00017994082789785136,0.001619749226156823,0.017289525321693276,0.003360710195541904,-0.011607217242353004,-0.0074022331389791765,-0.002586546375573739,-0.002611675201296812,0.014873100143701672,0.0049367075895442245,0.005900875587716266,-0.005271884089570406,-0.00034578992765940626,-0.007876991568707359,0.031451087661425535,0.004051814377457798,0.004967093895948874,-0.003874288475549944,-0.006741994469200244,-0.007205349359106029,-0.0018863245054781637,-0.003467868989089883,0.013768972879395134,0.004240575054468541,-0.004200277359775732,-0.008455585347621464,0.00011083579661263165,-0.004594829965858938,-0.004594712895401056,-0.0005188976814607765,-0.008486058276127369,-0.013300453253732244,0.004223147429651526,-0.0030349182685424424,0.004051814377457798,0.02679604426119223,0.004522071725770455,0.001875735850975147,0.0039165075844889785,0.004626616113433773,0.0019990404396182816,-0.006303298954322396,0.028007655469563783,-0.017774840408969005,0.00393292506489962,-0.014058043638181798,0.0038804967724061484,0.016588695259364607,0.009013053521617225,-0.0014477862098409553,-0.004671667656476246,0.00851975994195978,-0.008273382007780898,-0.0029768341458527997,0.004967093895948874,0.004522071725770455,0.0540798907674485,0.008964482439875632,-0.0005524267327185499,-0.016174216152013456,-0.019734707613300803,-0.008388095436880141,-0.0023188443981880507,-0.02146106682703797,0.014041788023552881,0.001099742553038741,0.01357140102601109,0.006299741341753115,-0.0013345925732954618,-0.015998767346584467,-0.0023020685681027567,-0.00012732775993554147,0.0013422238584881127,0.009049662099905098,-0.003874288475549944,0.001875735850975147,0.008964482439875632,0.03528962295333433,-0.0010785300159284585,0.0014225808994550325,-0.013004643510784987,-0.0026553985180327562,-0.00935939056628783,-0.0037720721517578775,0.011351515883068071,0.004386441472520276,0.0030207189465115874,0.00834209216676612,-0.010859414169407458,-0.006160309855455262,0.006529250932678004,-0.0033839986865941,-0.0013768653263488417,0.0021595933752425033,-0.006741994469200244,0.0039165075844889785,-0.0005524267327185499,-0.0010785300159284585,0.022529781401200013,0.0004568051852833672,0.002508773451293506,0.0033667536441482205,-0.025328589459348322,0.0005752515045760745,0.0007425623935591057,-0.0034616676912792854,0.007209142830205326,-0.0006274328921940624,-0.0035063642038179878,-0.014196262788291383,0.006039970097994202,-0.011861243199499888,-0.006951889913555822,0.004118905832580851,-0.007205349359106029,0.004626616113433773,-0.016174216152013456,0.0014225808994550325,0.0004568051852833672,0.04069532401613036,0.011526507979098996,0.005919944773748389,-0.013635319019719348,0.009591290614849576,-0.003311130574449491,0.00048049126833926215,-0.003594417029371355,-0.009368137248114385,0.0016518770806316888,0.0002052640955645153,0.012490369072869257,-0.005640921440772574,-0.0028106755226697195,-0.00017994082789785136,-0.0018863245054781637,0.0019990404396182816,-0.019734707613300803,-0.013004643510784987,0.002508773451293506,0.011526507979098996,0.02756034522169109,0.00731721367654713,-0.012397545458842578,0.0010821897679302779,-8.928650512714676e-5,0.006505797331202673,0.0023662880667152286,0.003111078022986365,-0.0061886894069434605,0.012231420975625597,0.008020734455112527,0.004325296311315126,-0.0026989081209175345,0.001619749226156823,-0.003467868989089883,-0.006303298954322396,-0.008388095436880141,-0.0026553985180327562,0.0033667536441482205,0.005919944773748389,0.00731721367654713,0.02332513225069207
