0.1365031186334377,0.036672881615014016,-0.01413628081317308,0.09634372773203233,-0.06744159791701393,-0.09575798976685432,0.01386688427359049,-0.07785380569793698,0.02988757001202584,0.017908982703109554,0.013288575697959548,-0.0058936843763116925,-0.04777531525335031,-0.017173337168107223,0.03047991217456819,-0.0345538380588282,0.037692965046146165,0.06478679931472114,-0.030101659734666608,-0.02048885568912886,0.036672881615014016,0.05329780265559029,-0.012420987332732614,0.030033539360924108,-0.02487483832440389,-0.03920816504485222,0.0070901739764704,-0.016690535455301903,0.014145956856164345,-0.0019355828227343797,0.0003383449295055693,-0.00850256450616094,-0.025297204627671648,-0.0010843935515039186,0.011132967431253101,-0.0060162763456340865,0.011071113806901737,0.0270560124020284,-0.006348780571184747,-0.008070532546163016,-0.01413628081317308,-0.012420987332732614,0.0481518971713238,-0.019612340875396435,0.017865067559756934,0.0200165310750492,-0.022668780183761988,0.013410368560733864,-0.01688999688065202,0.008169897238568601,-0.00944629001221601,0.015706722751182026,0.011888058459402393,-0.0034104795298801954,0.01128002109692883,0.002327061241546269,-0.025908506059684915,-0.008950489069523788,0.0004900330854572505,-0.0074909542555858626,0.09634372773203233,0.030033539360924108,-0.019612340875396435,0.10103004758922703,-0.05305702621878716,-0.09144220107420434,0.008904758354842878,-0.05898607717056661,0.034592698334745,0.008515718309320026,0.008924833056873555,-0.005162676411255604,-0.04868174853693215,-0.009896729039670439,0.018156979473209225,-0.01910380713251305,0.027850627700294048,0.04467943137026302,-0.01671647827043872,-0.01086601758307881,-0.06744159791701393,-0.02487483832440389,0.017865067559756934,-0.05305702621878716,0.0834252794979391,0.07857142810962665,-0.02246307991464158,0.054167897376689325,-0.025022174123316126,-0.002686415149975494,-0.006697906559471686,0.026288140513854082,0.03505011313936827,-0.0004372188884634639,-0.003182688532778809,0.0009500855542479974,-0.03574171475754664,-0.049806306198471866,0.014772523957718173,-0.013429484888547404,-0.09575798976685432,-0.03920816504485222,0.0200165310750492,-0.09144220107420434,0.07857142810962665,0.15021886052743588,-0.022250326883840894,0.0731166552668567,-0.05423776187895334,-0.0028032622194736102,0.000664787381917427,0.01891583893298228,0.060407246740048326,0.010045854939645896,-0.013495352660681748,0.018771377987803626,-0.04686019840018496,-0.0681658902196161,0.01689969900194739,0.00047973670041149055,0.01386688427359049,0.0070901739764704,-0.022668780183761988,0.008904758354842878,-0.02246307991464158,-0.022250326883840894,0.0318315963224792,-0.01774445467346233,0.019457661686736197,-0.0014844633589545196,0.0014606494235318492,-0.019856111697636465,-0.01198920243303282,0.0037493033099845643,-0.00942302790324435,0.006714168878182972,0.01719976197979143,0.009406188551257251,0.0005757399443629271,0.009274393220634971,-0.07785380569793698,-0.016690535455301903,0.013410368560733864,-0.05898607717056661,0.054167897376689325,0.0731166552668567,-0.01774445467346233,0.0864904794959376,-0.011355665609079524,-0.01943110895855424,-0.02006897729480596,0.010476496078468551,0.03641100485476438,0.012401618101110444,-0.023041490295705118,0.02753407455179832,-0.0378882587756149,-0.05616055658160145,0.02256869778229286,-0.00634168965328741,0.02988757001202584,0.014145956856164345,-0.01688999688065202,0.034592698334745,-0.025022174123316126,-0.05423776187895334,0.019457661686736197,-0.011355665609079524,0.0682309832195562,-0.00938627971759804,-0.010460218389313495,-0.014050955898605963,-0.020655026009423157,0.0036760462531630032,-0.01093110662368731,0.007281145804744456,0.021116396628858145,0.0016178156556261448,0.005358654569551284,-0.008022432792803921,0.017908982703109554,-0.0019355828227343797,0.008169897238568601,0.008515718309320026,-0.002686415149975494,-0.0028032622194736102,-0.0014844633589545196,-0.01943110895855424,-0.00938627971759804,0.02727763750236383,0.0035065591589062673,0.0035095175676034185,-0.006896755013958131,-0.005726393074252092,0.015501251298367496,-0.007195378610396236,-0.007031456077599548,0.01805683888872757,-0.006264933411404884,-0.0009743655756579224,0.013288575697959548,0.0003383449295055693,-0.00944629001221601,0.008924833056873555,-0.006697906559471686,0.000664787381917427,0.0014606494235318492,-0.02006897729480596,-0.010460218389313495,0.0035065591589062673,0.025099473081661113,-0.00327249690643722,-0.00456524333174574,-0.004905307181980477,-0.0014553763580770485,-0.010392896326156725,0.011224544347428249,0.007420267072514255,-0.002628642423291142,0.010302285462690023,-0.0058936843763116925,-0.00850256450616094,0.015706722751182026,-0.005162676411255604,0.026288140513854082,0.01891583893298228,-0.019856111697636465,0.010476496078468551,-0.014050955898605963,0.0035095175676034185,-0.00327249690643722,0.046886036792268465,0.004696899737469406,-0.00209580800505718,0.012221457922542981,-0.005912813453065985,-0.011721543474242629,-0.020174361986214605,0.002680581956384232,-0.005226827805090652,-0.04777531525335031,-0.025297204627671648,0.011888058459402393,-0.04868174853693215,0.03505011313936827,0.060407246740048326,-0.01198920243303282,0.03641100485476438,-0.020655026009423157,-0.006896755013958131,-0.00456524333174574,0.004696899737469406,0.04385043468450318,0.00527680891132345,-0.010435465693883735,0.007704652743439248,-0.01788638720728508,-0.029587940188822118,0.00948034985229337,0.003693909636165275,-0.017173337168107223,-0.0010843935515039186,-0.0034104795298801954,-0.009896729039670439,-0.0004372188884634639,0.010045854939645896,0.0037493033099845643,0.012401618101110444,0.0036760462531630032,-0.005726393074252092,-0.004905307181980477,-0.00209580800505718,0.00527680891132345,0.018323054135028972,-0.006937723308349953,0.008778760669175423,0.004478244614650456,-0.005613083471195099,0.006797651096674523,0.0024116400558790016,0.03047991217456819,0.011132967431253101,0.01128002109692883,0.018156979473209225,-0.003182688532778809,-0.013495352660681748,-0.00942302790324435,-0.023041490295705118,-0.01093110662368731,0.015501251298367496,-0.0014553763580770485,0.012221457922542981,-0.010435465693883735,-0.006937723308349953,0.04518801094887082,-0.015571146516701943,-0.0007061772150681215,0.019557839918548987,-0.016910829836809953,-0.00944066343564206,-0.0345538380588282,-0.0060162763456340865,0.002327061241546269,-0.01910380713251305,0.0009500855542479974,0.018771377987803626,0.006714168878182972,0.02753407455179832,0.007281145804744456,-0.007195378610396236,-0.010392896326156725,-0.005912813453065985,0.007704652743439248,0.008778760669175423,-0.015571146516701943,0.04255485207795853,-0.020320040916600578,-0.019819122851888582,0.009724970244439232,8.871589390412342e-5,0.037692965046146165,0.011071113806901737,-0.025908506059684915,0.027850627700294048,-0.03574171475754664,-0.04686019840018496,0.01719976197979143,-0.0378882587756149,0.021116396628858145,-0.007031456077599548,0.011224544347428249,-0.011721543474242629,-0.01788638720728508,0.004478244614650456,-0.0007061772150681215,-0.020320040916600578,0.07301978973387745,0.018437373619126146,0.0005923070099103228,0.016237417407306262,0.06478679931472114,0.0270560124020284,-0.008950489069523788,0.04467943137026302,-0.049806306198471866,-0.0681658902196161,0.009406188551257251,-0.05616055658160145,0.0016178156556261448,0.01805683888872757,0.007420267072514255,-0.020174361986214605,-0.029587940188822118,-0.005613083471195099,0.019557839918548987,-0.019819122851888582,0.018437373619126146,0.08932209942246862,-0.02013600748117001,-0.005283625550623129,-0.030101659734666608,-0.006348780571184747,0.0004900330854572505,-0.01671647827043872,0.014772523957718173,0.01689969900194739,0.0005757399443629271,0.02256869778229286,0.005358654569551284,-0.006264933411404884,-0.002628642423291142,0.002680581956384232,0.00948034985229337,0.006797651096674523,-0.016910829836809953,0.009724970244439232,0.0005923070099103228,-0.02013600748117001,0.03354120055773804,0.0050722118008440075,-0.02048885568912886,-0.008070532546163016,-0.0074909542555858626,-0.01086601758307881,-0.013429484888547404,0.00047973670041149055,0.009274393220634971,-0.00634168965328741,-0.008022432792803921,-0.0009743655756579224,0.010302285462690023,-0.005226827805090652,0.003693909636165275,0.0024116400558790016,-0.00944066343564206,8.871589390412342e-5,0.016237417407306262,-0.005283625550623129,0.0050722118008440075,0.04460314199400675
0.12495695893615778,0.06179210188823636,-0.008123305670528939,0.06895971047642434,-0.038946255299601135,-0.07325444560222713,0.006830995894421181,-0.06515045384438536,0.00989858599296741,0.004618645131587326,0.013614034214059195,-0.011376377722508817,-0.039370824381694175,-0.024474973927481273,0.030743907723268286,-0.058063156770633714,0.015826087837656308,0.07840907524460079,-0.03427617801262206,-0.03615233007242037,0.06179210188823636,0.09369249401616242,-0.021065532104993213,0.07070518055725392,0.009185339219193147,-0.0512361230439915,0.004182376164188588,-0.01655027289003512,0.019812325832169984,-0.008033704903029338,-0.008129478645036516,-0.010572157964247767,-0.019971853773565428,-0.001055009318090684,0.012055787017468914,-0.023262173680392084,-0.004197071042988215,0.04069978104358414,-0.03244904004748461,-0.037471214902453205,-0.008123305670528939,-0.021065532104993213,0.06072920089380829,-0.03127899733383088,-0.010104100471351216,0.018437556905782,-0.01302173829197501,0.0011031852014115814,-0.01781379257447888,0.009412796372317171,-0.0038273480499677647,-0.005196287408886565,0.0010344496047633505,-0.01236877727036435,-0.002494971232843363,-0.0036655868876383905,-0.0006554552631721946,-0.0132982846377066,0.01677190521711964,0.011692501821839191,0.06895971047642434,0.07070518055725392,-0.03127899733383088,0.10259583877346726,0.006942548763218654,-0.053442662482167586,0.0008003896055991254,-0.026126801013751453,0.01311102776268556,-0.005613639898090144,-0.00719286644608499,-0.0065513152149616425,-0.019991191899430688,0.002319820852295279,0.014897472402819696,-0.029904971186711517,0.004185175630472088,0.05282699511228791,-0.031394177487136195,-0.03117568876567374,-0.038946255299601135,0.009185339219193147,-0.010104100471351216,0.006942548763218654,0.0657876960360673,0.010997175134475356,-0.002755793159573025,0.042509527814066236,0.010552265652885327,-0.006326890447153787,-0.020474529120448164,-0.0016717926469959849,0.022810470365025586,0.010554728314610701,-0.004093652798937067,0.012959182972377473,-0.01140326838029716,-0.0252680737958937,-0.0034860226608087394,-0.011954060119919393,-0.07325444560222713,-0.0512361230439915,0.018437556905782,-0.053442662482167586,0.010997175134475356,0.0732454464761333,-0.0048814213780767664,0.03280205674046385,-0.017086472879129094,0.0009188415088959043,-0.007002105573973956,0.013257112659550145,0.031050795353333563,0.009633405123424137,-0.015350522650171944,0.03687719668424336,-0.018734001653738817,-0.049452830955330276,0.022418801453653412,0.031391486351899554,0.006830995894421181,0.004182376164188588,-0.01302173829197501,0.0008003896055991254,-0.002755793159573025,-0.0048814213780767664,0.026665624685201443,-0.007792154445858573,0.0013405068813906304,0.0010008988898430262,-0.00020526679728173527,-0.007833063194075661,-0.002722335198456733,0.0032443740186474533,-0.002662654672544557,0.0039306009338292295,-0.0030189039065848626,-0.0008362417802698519,-0.0038301046792384883,0.002863087667597432,-0.06515045384438536,-0.01655027289003512,0.0011031852014115814,-0.026126801013751453,0.042509527814066236,0.03280205674046385,-0.007792154445858573,0.07381577635817262,0.004976742101456516,-0.009022992867623078,-0.028622415323750428,0.003047126265975884,0.028455213697409748,0.027734514004812576,-0.02102832711380468,0.02898035250645813,-0.005224167253634101,-0.05644295432922944,0.018832764315260042,0.0011993420918262414,0.00989858599296741,0.019812325832169984,-0.01781379257447888,0.01311102776268556,0.010552265652885327,-0.017086472879129094,0.0013405068813906304,0.004976742101456516,0.028797738081023337,-0.005671153494551063,-0.0006599510721164536,0.0002716132552222535,-0.005158247751728892,0.005479487134817109,-0.0010051144627541756,0.0020798414470452773,-0.0014041847007876932,0.001435385378036578,-0.007498881013511606,-0.017840863601973338,0.004618645131587326,-0.008033704903029338,0.009412796372317171,-0.005613639898090144,-0.006326890447153787,0.0009188415088959043,0.0010008988898430262,-0.009022992867623078,-0.005671153494551063,0.0228774284796959,-0.00038171494374105434,-0.008122585058621026,-0.0037683246532702764,-0.004672778968247678,0.004902984281973872,-0.0018466726127211103,-0.002997712023652326,0.007680808154662974,-0.0006049207821182247,0.004996196028537336,0.013614034214059195,-0.008129478645036516,-0.0038273480499677647,-0.00719286644608499,-0.020474529120448164,-0.007002105573973956,-0.00020526679728173527,-0.028622415323750428,-0.0006599510721164536,-0.00038171494374105434,0.044298464757343586,0.011163130476309832,-0.019258005089287804,-0.006598671855442026,0.0012396244438169421,0.0025430271695704464,-0.0022160185984671467,0.020328188267737177,-0.00901870050026226,0.01572361749559489,-0.011376377722508817,-0.010572157964247767,-0.005196287408886565,-0.0065513152149616425,-0.0016717926469959849,0.013257112659550145,-0.007833063194075661,0.003047126265975884,0.0002716132552222535,-0.008122585058621026,0.011163130476309832,0.03571958186292597,-0.004458809393788056,0.0028494190919903903,-0.007048100706242394,0.013743066644150197,-0.009136679568437642,-0.002427464189847172,-0.00396243747858801,0.008740635829620737,-0.039370824381694175,-0.019971853773565428,0.0010344496047633505,-0.019991191899430688,0.022810470365025586,0.031050795353333563,-0.002722335198456733,0.028455213697409748,-0.005158247751728892,-0.0037683246532702764,-0.019258005089287804,-0.004458809393788056,0.05063535370103775,0.010608538638386308,-0.0010272926836281972,0.014076327422342088,-0.005140137973685898,-0.03019981673226127,0.014176514973400384,0.01125914562134473,-0.024474973927481273,-0.001055009318090684,-0.01236877727036435,0.002319820852295279,0.010554728314610701,0.009633405123424137,0.0032443740186474533,0.027734514004812576,0.005479487134817109,-0.004672778968247678,-0.006598671855442026,0.0028494190919903903,0.010608538638386308,0.03523365858878247,-0.01060178426091665,0.01799734040962729,-0.003669622481582808,-0.018252954675474272,0.007891161114955712,-0.0019004378693425407,0.030743907723268286,0.012055787017468914,-0.002494971232843363,0.014897472402819696,-0.004093652798937067,-0.015350522650171944,-0.002662654672544557,-0.02102832711380468,-0.0010051144627541756,0.004902984281973872,0.0012396244438169421,-0.007048100706242394,-0.0010272926836281972,-0.01060178426091665,0.04018610225795915,-0.021389491378933225,0.0025143264843806076,0.027855900543614878,-0.016398995533021626,-0.0035541350805549108,-0.058063156770633714,-0.023262173680392084,-0.0036655868876383905,-0.029904971186711517,0.012959182972377473,0.03687719668424336,0.0039306009338292295,0.02898035250645813,0.0020798414470452773,-0.0018466726127211103,0.0025430271695704464,0.013743066644150197,0.014076327422342088,0.01799734040962729,-0.021389491378933225,0.05247843372274837,-0.019073101828088353,-0.03422009762123806,0.0103204391267014,0.017147715802560342,0.015826087837656308,-0.004197071042988215,-0.0006554552631721946,0.004185175630472088,-0.01140326838029716,-0.018734001653738817,-0.0030189039065848626,-0.005224167253634101,-0.0014041847007876932,-0.002997712023652326,-0.0022160185984671467,-0.009136679568437642,-0.005140137973685898,-0.003669622481582808,0.0025143264843806076,-0.019073101828088353,0.03731122386553075,0.00899110929129188,0.0035170982236612893,0.002443628811279152,0.07840907524460079,0.04069978104358414,-0.0132982846377066,0.05282699511228791,-0.0252680737958937,-0.049452830955330276,-0.0008362417802698519,-0.05644295432922944,0.001435385378036578,0.007680808154662974,0.020328188267737177,-0.002427464189847172,-0.03019981673226127,-0.018252954675474272,0.027855900543614878,-0.03422009762123806,0.00899110929129188,0.08728834682707767,-0.03338303670724026,-0.011167689143797652,-0.03427617801262206,-0.03244904004748461,0.01677190521711964,-0.031394177487136195,-0.0034860226608087394,0.022418801453653412,-0.0038301046792384883,0.018832764315260042,-0.007498881013511606,-0.0006049207821182247,-0.00901870050026226,-0.00396243747858801,0.014176514973400384,0.007891161114955712,-0.016398995533021626,0.0103204391267014,0.0035170982236612893,-0.03338303670724026,0.04073198066080253,0.002859417301842682,-0.03615233007242037,-0.037471214902453205,0.011692501821839191,-0.03117568876567374,-0.011954060119919393,0.031391486351899554,0.002863087667597432,0.0011993420918262414,-0.017840863601973338,0.004996196028537336,0.01572361749559489,0.008740635829620737,0.01125914562134473,-0.0019004378693425407,-0.0035541350805549108,0.017147715802560342,0.002443628811279152,-0.011167689143797652,0.002859417301842682,0.062118990215911093
