0.02559123685315491,0.0029002810936408848,-0.000366581538952101,-0.004869056982512011,0.015022869063197582,-0.00970836160474125,0.004597979908408337,-0.004605915804021173,0.0019041340518817066,0.013960342115954531,-0.007870318645887966,-0.006555102995514522,-0.004484697257388972,0.010128720108162369,-0.0050639770113315545,-0.01324545957592095,-0.006343718786404875,-0.0029945381948283025,0.02130972652843783,-0.0008814457985847879,0.0029002810936408848,0.026254042186587317,0.003304871564887556,0.0006542570550801983,0.010897045734649075,-0.00476991922452627,0.002075464912832094,0.002288262584336093,-0.005364071803800188,0.011187047173640935,-0.002616907876927506,-0.0077996430557952506,-0.0025748528235218005,0.006224831930672794,-0.02296795108874798,-0.002883982249633841,-0.00526075876455652,-0.0010383280561486546,0.00647518943452316,-0.011753947163727048,-0.000366581538952101,0.003304871564887556,0.015921756746207008,0.002228154310845728,-0.0073119031147440275,0.004012996023688473,0.0027544895457785965,0.0035448368333281894,0.00014497177856721073,-0.00408179993639992,0.0020683785411647285,0.00341209731455867,0.0029302569146433793,-0.004717763130341034,0.0017820906099098046,0.0076484669101692555,0.0017110848084261603,0.003943676417956366,-0.008301459120895829,-0.004027072631611422,-0.004869056982512011,0.0006542570550801983,0.002228154310845728,0.025672573785148815,0.005620980168921388,-0.004823327754541742,-0.007386974844772853,-0.0029299608764405335,0.00863759859463192,0.00014473950642503262,0.0008126191826892464,0.002399710915325636,0.005889619289518945,-0.0029087266929408743,0.01288963001666818,-0.006845713109562267,-0.0038793727256137963,0.0069890891044543805,0.0007730372274960024,-0.0024607376536460064,0.015022869063197582,0.010897045734649075,-0.0073119031147440275,0.005620980168921388,0.10925613419785792,-0.06076619169748092,-0.021742837364828536,-0.023590861740963455,0.014583579725120135,0.07225855565675263,-0.03706796904245132,-0.04481762747282891,-0.006048753809014955,0.051334161585625745,-0.03818834018071815,-0.08716514273127411,-0.031395213007429784,-0.006276171301033306,0.09916998996637338,-0.02958673235595495,-0.00970836160474125,-0.00476991922452627,0.004012996023688473,-0.004823327754541742,-0.06076619169748092,0.06146069523237864,0.012930535021938007,0.017228218103079312,-0.014162848437772026,-0.052857093621752255,0.029753860675556035,0.024218593949792075,0.0038827397539581195,-0.0327031461775901,0.015099536989618686,0.06819940062544647,0.021604294378611773,0.0036887024057204714,-0.07221194010461286,0.020095948462278346,0.004597979908408337,0.002075464912832094,0.0027544895457785965,-0.007386974844772853,-0.021742837364828536,0.012930535021938007,0.027186196312292056,0.00589145536968403,-0.00954691416097194,-0.01445792092244215,0.008293738410819766,0.004576219844342163,-0.0031370167829817583,-0.00723235782015132,-0.004166460254659761,0.018314306062847,0.007377279877787166,0.0007406848726172012,-0.014212214102322908,-0.0006168232507919634,-0.004605915804021173,0.002288262584336093,0.0035448368333281894,-0.0029299608764405335,-0.023590861740963455,0.017228218103079312,0.00589145536968403,0.019629761262814738,-0.004418788147642386,-0.010686477095524788,0.009561641492937891,0.007560987975313747,0.0022976035120046284,-0.008428790544590432,-0.004715506435489167,0.02763981736986061,0.0037659220858436366,-0.0025464296546210555,-0.024579383800372754,0.0034036118496768913,0.0019041340518817066,-0.005364071803800188,0.00014497177856721073,0.00863759859463192,0.014583579725120135,-0.014162848437772026,-0.00954691416097194,-0.004418788147642386,0.0201438683532289,0.006881394028387344,-0.003776684300015028,-0.003473741822679332,0.003380126977892246,0.003736324511140096,0.01099823346571095,-0.022247889942971433,-0.003123085182038945,0.007269142414248351,0.01649680742621923,-0.00561229387375729,0.013960342115954531,0.011187047173640935,-0.00408179993639992,0.00014473950642503262,0.07225855565675263,-0.052857093621752255,-0.01445792092244215,-0.010686477095524788,0.006881394028387344,0.08102821396345403,-0.03146283243074861,-0.03534408122905203,-0.007908865965471091,0.04387061461920441,-0.037611823994993215,-0.07146791211966425,-0.026914210499934026,-0.013488097944178599,0.08226473347036628,-0.023053637084634985,-0.007870318645887966,-0.002616907876927506,0.0020683785411647285,0.0008126191826892464,-0.03706796904245132,0.029753860675556035,0.008293738410819766,0.009561641492937891,-0.003776684300015028,-0.03146283243074861,0.03700155870558739,0.01702722599596065,0.004511421602896469,-0.019885192383847665,0.006979579306473193,0.042054459410240996,0.011052845165925373,0.006698850754755532,-0.04153576074697106,0.010891474304511924,-0.006555102995514522,-0.0077996430557952506,0.00341209731455867,0.002399710915325636,-0.04481762747282891,0.024218593949792075,0.004576219844342163,0.007560987975313747,-0.003473741822679332,-0.03534408122905203,0.01702722599596065,0.043648255925306134,0.006741417024833357,-0.026681845732706877,0.03174929825175592,0.03372981917259797,0.016105718750973906,0.006132444828325652,-0.04662471002674208,0.01518492223459735,-0.004484697257388972,-0.0025748528235218005,0.0029302569146433793,0.005889619289518945,-0.006048753809014955,0.0038827397539581195,-0.0031370167829817583,0.0022976035120046284,0.003380126977892246,-0.007908865965471091,0.004511421602896469,0.006741417024833357,0.01785300861152755,-0.009237336908618762,0.009904498357047806,0.005651316497860494,0.0022606019414249407,0.0053053427979049645,-0.009668977525830114,0.0016822523174959622,0.010128720108162369,0.006224831930672794,-0.004717763130341034,-0.0029087266929408743,0.051334161585625745,-0.0327031461775901,-0.00723235782015132,-0.008428790544590432,0.003736324511140096,0.04387061461920441,-0.019885192383847665,-0.026681845732706877,-0.009237336908618762,0.04589870371323721,-0.0316397276849776,-0.04396693372697755,-0.01734359894526762,-0.009792087279380895,0.058588171339216386,-0.01612091575239443,-0.0050639770113315545,-0.02296795108874798,0.0017820906099098046,0.01288963001666818,-0.03818834018071815,0.015099536989618686,-0.004166460254659761,-0.004715506435489167,0.01099823346571095,-0.037611823994993215,0.006979579306473193,0.03174929825175592,0.009904498357047806,-0.0316397276849776,0.08609054666388744,0.01050814471490169,0.01538703002733155,0.009718512505536493,-0.03418405392486367,0.028241858483337545,-0.01324545957592095,-0.002883982249633841,0.0076484669101692555,-0.006845713109562267,-0.08716514273127411,0.06819940062544647,0.018314306062847,0.02763981736986061,-0.022247889942971433,-0.07146791211966425,0.042054459410240996,0.03372981917259797,0.005651316497860494,-0.04396693372697755,0.01050814471490169,0.1123537820533602,0.03065041403476621,0.007429118564852731,-0.10236726220221264,0.01817363932351213,-0.006343718786404875,-0.00526075876455652,0.0017110848084261603,-0.0038793727256137963,-0.031395213007429784,0.021604294378611773,0.007377279877787166,0.0037659220858436366,-0.003123085182038945,-0.026914210499934026,0.011052845165925373,0.016105718750973906,0.0022606019414249407,-0.01734359894526762,0.01538703002733155,0.03065041403476621,0.0268666576380818,0.0028952326686120964,-0.03653344247862121,0.01211110123848554,-0.0029945381948283025,-0.0010383280561486546,0.003943676417956366,0.0069890891044543805,-0.006276171301033306,0.0036887024057204714,0.0007406848726172012,-0.0025464296546210555,0.007269142414248351,-0.013488097944178599,0.006698850754755532,0.006132444828325652,0.0053053427979049645,-0.009792087279380895,0.009718512505536493,0.007429118564852731,0.0028952326686120964,0.03013142760856065,-0.010528689055856223,-0.003699182547915178,0.02130972652843783,0.00647518943452316,-0.008301459120895829,0.0007730372274960024,0.09916998996637338,-0.07221194010461286,-0.014212214102322908,-0.024579383800372754,0.01649680742621923,0.08226473347036628,-0.04153576074697106,-0.04662471002674208,-0.009668977525830114,0.058588171339216386,-0.03418405392486367,-0.10236726220221264,-0.03653344247862121,-0.010528689055856223,0.12787657594022886,-0.026797255173321755,-0.0008814457985847879,-0.011753947163727048,-0.004027072631611422,-0.0024607376536460064,-0.02958673235595495,0.020095948462278346,-0.0006168232507919634,0.0034036118496768913,-0.00561229387375729,-0.023053637084634985,0.010891474304511924,0.01518492223459735,0.0016822523174959622,-0.01612091575239443,0.028241858483337545,0.01817363932351213,0.01211110123848554,-0.003699182547915178,-0.026797255173321755,0.03321041124796054
