0.07539739097852968,0.023090941981103542,-0.0019941498076105116,0.05089062305850771,-0.03459241040459061,-0.04552024017287909,8.949523159386459e-5,-0.0460411747287182,-0.003318529442503456,0.0085586734768507,0.012663059460966193,-0.004555240634754631,-0.02413956664068216,-0.010744755120423034,0.01513162467796972,-0.029679151097970993,0.01722269358731294,0.047372284476185036,-0.013956115168161545,-0.011908735997692828,0.023090941981103542,0.03253350444882216,-0.00510518397995594,0.022171395034559775,-0.013353920266096135,-0.02278129809868753,-0.0032540030839005142,-0.013529217346986668,0.00537372640181877,-0.004458972481475679,0.002852266464442454,-0.002124880473593111,-0.012301304305857512,-0.0023869830329065456,0.0052248976799617874,-0.006933845365254878,0.0039045288979707845,0.014330851640247139,-0.007999227133272942,-0.007827632002885717,-0.0019941498076105116,-0.00510518397995594,0.035875843140998356,-0.014578417762773603,0.0007840907112063411,0.009519727429042037,-0.010186584149702114,0.0016585099195280666,-0.010560404936007649,0.009451911902140888,-0.003370401385339025,0.0029312709628078583,0.004788419010284832,-0.0018141124306651536,0.0036484898527172948,0.0026490446800689583,-0.013362359345583007,0.00023045814001771336,0.0019451499765393353,-0.00010440491901892968,0.05089062305850771,0.022171395034559775,-0.014578417762773603,0.059367555658725826,-0.02399474464591088,-0.03964141169742143,-0.0014754474288861748,-0.0372175097499572,0.0006902970868078704,-0.0009680020911941144,0.013934702906415452,-0.0036597535698226404,-0.028501575320473326,-0.005635957823360394,0.008882087928176671,-0.022307378784883203,0.018438025304776236,0.03226339929240221,-0.01025398082170293,-0.00735828688124377,-0.03459241040459061,-0.013353920266096135,0.0007840907112063411,-0.02399474464591088,0.03867260752465274,0.024116811336834774,-0.000542275146755818,0.026599550517658416,0.00010894280062068284,-0.002460371691519197,-0.009097971866020923,0.004130810478833271,0.01587036916874754,0.0003256294538677065,-0.0053051252544614015,0.01075199446690336,-0.008731559436534933,-0.02547642296072846,0.007877337694326095,-0.006239868477875469,-0.04552024017287909,-0.02278129809868753,0.009519727429042037,-0.03964141169742143,0.024116811336834774,0.04766016221412656,-0.0004622891291995075,0.03387008854425922,-0.002856115004381981,0.0010457390300499885,-0.012235662651388491,0.002929488522494564,0.02402716618267213,0.006124607229110186,-0.008029249450709767,0.020481790035255795,-0.018720214875213526,-0.03292200993002258,0.010639177711674113,0.006643785275561772,8.949523159386459e-5,-0.0032540030839005142,-0.010186584149702114,-0.0014754474288861748,-0.000542275146755818,-0.0004622891291995075,0.020809534953095236,-0.005328416628833226,0.00450641680007391,-0.0020409165516649857,-0.0017682240918532083,-0.006736364574001617,0.00048058391331770253,0.0041468672074969366,-0.0020284504198561535,0.004008042147055529,0.0025551344554736325,-0.0036607201632024577,0.0006104280987988247,0.004762715712222708,-0.0460411747287182,-0.013529217346986668,0.0016585099195280666,-0.0372175097499572,0.026599550517658416,0.03387008854425922,-0.005328416628833226,0.04938104334807425,0.00445246509008923,-0.007779921561919026,-0.015328254774534256,0.0044206436937101745,0.020422074482627714,0.006553990680451269,-0.011673995027041122,0.020485307073665145,-0.0142808552601741,-0.03624996423296785,0.011632924178825044,-0.0006141139153453335,-0.003318529442503456,0.00537372640181877,-0.010560404936007649,0.0006902970868078704,0.00010894280062068284,-0.002856115004381981,0.00450641680007391,0.00445246509008923,0.022835735779560832,-0.007630121155046433,-0.006736966200285336,-0.002254871654057424,0.0030964862454780813,0.0018242607583935455,-0.00346859220725944,0.003909726554088337,0.0033281306884317945,-0.00886629499128214,9.53893158964229e-6,-0.0028795089912922126,0.0085586734768507,-0.004458972481475679,0.009451911902140888,-0.0009680020911941144,-0.002460371691519197,0.0010457390300499885,-0.0020409165516649857,-0.007779921561919026,-0.007630121155046433,0.019054219167926392,-0.00017462902018658,0.0012146179232121902,-0.0024750391856940236,-0.0019593643048269023,0.005243723490412182,-0.0017549204995470128,-0.0054229145645615425,0.010789257524459401,-0.0005002118131293871,-0.0012012920605653627,0.012663059460966193,0.002852266464442454,-0.003370401385339025,0.013934702906415452,-0.009097971866020923,-0.012235662651388491,-0.0017682240918532083,-0.015328254774534256,-0.006736966200285336,-0.00017462902018658,0.021236759274577747,-0.00029421779782916855,-0.010796670047242524,-0.0019335674186193809,-0.0007334917924212821,-0.006778922444062889,0.006679743376663508,0.011210474257973172,-0.0031632528039758395,0.00764529148800815,-0.004555240634754631,-0.002124880473593111,0.0029312709628078583,-0.0036597535698226404,0.004130810478833271,0.002929488522494564,-0.006736364574001617,0.0044206436937101745,-0.002254871654057424,0.0012146179232121902,-0.00029421779782916855,0.017916573122758777,-0.001369287166364855,-6.527010340857842e-5,-0.0018771283383311698,0.0027181225420298202,-0.007095650286329238,-0.003969749452375274,0.0023461575884943585,-0.0020095301527943837,-0.02413956664068216,-0.012301304305857512,0.004788419010284832,-0.028501575320473326,0.01587036916874754,0.02402716618267213,0.00048058391331770253,0.020422074482627714,0.0030964862454780813,-0.0024750391856940236,-0.010796670047242524,-0.001369287166364855,0.02998453683458459,0.0022120582679156344,-0.0011840432836465568,0.010299134046395127,-0.006494092291031703,-0.02275529391481894,0.006276038950751059,0.005863770111443521,-0.010744755120423034,-0.0023869830329065456,-0.0018141124306651536,-0.005635957823360394,0.0003256294538677065,0.006124607229110186,0.0041468672074969366,0.006553990680451269,0.0018242607583935455,-0.0019593643048269023,-0.0019335674186193809,-6.527010340857842e-5,0.0022120582679156344,0.014187572829185114,-0.0030161356860003373,0.005669385864200262,-0.00246840254396208,-0.0035734530348028506,0.002490872767820074,0.0008820626747629339,0.01513162467796972,0.0052248976799617874,0.0036484898527172948,0.008882087928176671,-0.0053051252544614015,-0.008029249450709767,-0.0020284504198561535,-0.011673995027041122,-0.00346859220725944,0.005243723490412182,-0.0007334917924212821,-0.0018771283383311698,-0.0011840432836465568,-0.0030161356860003373,0.02708209051576114,-0.007703634184238408,0.0009637544527935271,0.010287095165648744,-0.007084381769148246,0.0001507601334237934,-0.029679151097970993,-0.006933845365254878,0.0026490446800689583,-0.022307378784883203,0.01075199446690336,0.020481790035255795,0.004008042147055529,0.020485307073665145,0.003909726554088337,-0.0017549204995470128,-0.006778922444062889,0.0027181225420298202,0.010299134046395127,0.005669385864200262,-0.007703634184238408,0.026299510142634454,-0.013116989653684838,-0.02320747217313235,0.007902557654485633,-0.0003457256540571324,0.01722269358731294,0.0039045288979707845,-0.013362359345583007,0.018438025304776236,-0.008731559436534933,-0.018720214875213526,0.0025551344554736325,-0.0142808552601741,0.0033281306884317945,-0.0054229145645615425,0.006679743376663508,-0.007095650286329238,-0.006494092291031703,-0.00246840254396208,0.0009637544527935271,-0.013116989653684838,0.026864268212145156,0.012757873684051398,-0.00464684618602512,0.004742922441888089,0.047372284476185036,0.014330851640247139,0.00023045814001771336,0.03226339929240221,-0.02547642296072846,-0.03292200993002258,-0.0036607201632024577,-0.03624996423296785,-0.00886629499128214,0.010789257524459401,0.011210474257973172,-0.003969749452375274,-0.02275529391481894,-0.0035734530348028506,0.010287095165648744,-0.02320747217313235,0.012757873684051398,0.05831869718857146,-0.012363463893072883,-0.007194544986141423,-0.013956115168161545,-0.007999227133272942,0.0019451499765393353,-0.01025398082170293,0.007877337694326095,0.010639177711674113,0.0006104280987988247,0.011632924178825044,9.53893158964229e-6,-0.0005002118131293871,-0.0031632528039758395,0.0023461575884943585,0.006276038950751059,0.002490872767820074,-0.007084381769148246,0.007902557654485633,-0.00464684618602512,-0.012363463893072883,0.017672211646351695,-0.001995876251640244,-0.011908735997692828,-0.007827632002885717,-0.00010440491901892968,-0.00735828688124377,-0.006239868477875469,0.006643785275561772,0.004762715712222708,-0.0006141139153453335,-0.0028795089912922126,-0.0012012920605653627,0.00764529148800815,-0.0020095301527943837,0.005863770111443521,0.0008820626747629339,0.0001507601334237934,-0.0003457256540571324,0.004742922441888089,-0.007194544986141423,-0.001995876251640244,0.03261215042773684
