0.028076790593383867,0.001166950459126391,0.006760314076665081,-0.005683923348558091,-0.0031322487308630444,0.009730575257357786,-0.0023103508610286113,0.0043779214214980195,-0.005156503727746244,0.0002460446632996296,0.006630748154372622,-0.00725794160214123,-0.007205638773532018,-0.0030482713343992973,0.0009390110455706657,-0.00916219664128212,-0.0009203148935980525,0.0036107621390346943,0.001193776256276543,0.007866484216115875,0.001166950459126391,0.022898670100722267,0.0027160359503804275,-0.003129900885166837,0.004832507974897347,-0.0030942782389466747,0.0071752943590491945,-0.0057704872019478555,0.0020973404767150807,0.00511597195367591,-0.0008327641545503002,-0.006679793454642206,-0.0037901021192026773,0.004274216865112437,0.000676149577142046,0.00014673756020182436,-0.0056043629335976695,0.009160184256768698,0.0031964314376932493,-0.0009504395821115863,0.006760314076665081,0.0027160359503804275,0.0252805545585565,-0.006622214559397847,-0.0028062886736440725,0.0022609768380537614,0.0021289829038515463,0.002053302007906871,0.0049459124246748155,0.0003287953690993123,-0.001168865363538849,-0.00387524450939344,-0.0029299579918396195,-0.00019957051999694008,0.0005182950017435597,-0.0022723886192346525,-0.004579377903548298,0.001206114091762452,0.009069094492218866,0.00885317128377381,-0.005683923348558091,-0.003129900885166837,-0.006622214559397847,0.028305084872860597,0.006455331962703334,0.0007132668339800761,-0.0013715889727713608,0.002155078590430259,-0.004995675317945836,-0.0028094275876288546,-0.004868323031750112,0.003969230688614819,0.002272305722802167,0.0054472036923699585,-0.001067741794913602,0.004179776152370954,0.004678388866843986,0.0027154515698736836,-0.004183296349264176,-0.004463230617899891,-0.0031322487308630444,0.004832507974897347,-0.0028062886736440725,0.006455331962703334,0.026868418393574126,0.005297099912797698,0.0015633611534476913,-0.0006044966744427895,0.0039910053725565504,0.001580337235606777,-0.006724882631167108,0.006855270639725931,0.006389470764021906,0.011546975931823768,-0.005706412120658363,0.004675254433409699,0.005049470220901388,0.0029298997586992784,-0.006436819404834704,-0.005265820921137325,0.009730575257357786,-0.0030942782389466747,0.0022609768380537614,0.0007132668339800761,0.005297099912797698,0.028474751115548914,-0.008360681258702759,0.005422330642558175,-0.004493934219215079,0.0011710540932495077,0.002554803916542197,0.0022334965275818755,-0.0019608092414682534,0.0011278840825761005,-0.002188674569940892,-0.007842636561599465,0.005049652361608403,0.0029680853289636077,-0.00308077656216035,0.003242069999591494,-0.0023103508610286113,0.0071752943590491945,0.0021289829038515463,-0.0013715889727713608,0.0015633611534476913,-0.008360681258702759,0.01972163932481417,-0.008101999456599082,0.009855255756741996,-0.00012586404108196753,0.0009467216722456422,-0.0073807293676616415,-0.002165244069592536,0.002392936386672666,0.0023225005375246783,0.004666804606777484,-0.006226336328536846,0.006575758130094357,0.005262288332087138,-0.002172186384859458,0.0043779214214980195,-0.0057704872019478555,0.002053302007906871,0.002155078590430259,-0.0006044966744427895,0.005422330642558175,-0.008101999456599082,0.01869474117461785,-0.00032370498055445465,4.717313781443989e-5,-0.004103856132756386,0.007098784568516755,0.00627079426981656,-0.0013324913240213483,-0.005895560474110175,-0.0024466488578575203,0.0018109599164028158,-0.009713089217772867,-0.003040341958850678,0.0010519182271785444,-0.005156503727746244,0.0020973404767150807,0.0049459124246748155,-0.004995675317945836,0.0039910053725565504,-0.004493934219215079,0.009855255756741996,-0.00032370498055445465,0.02213977197207398,-0.00031864349291294307,0.0025531843003584525,0.005306758901903917,0.004193719722144774,0.009506835735065985,0.005139945793366147,0.006327519827388453,0.0013425220013460147,0.007735845166598639,0.005626181020872594,-0.0016206559259551213,0.0002460446632996296,0.00511597195367591,0.0003287953690993123,-0.0028094275876288546,0.001580337235606777,0.0011710540932495077,-0.00012586404108196753,4.717313781443989e-5,-0.00031864349291294307,0.017379556183324617,0.001315105304651158,0.0003714560992011225,0.004946667875306324,-0.0003264266753605185,-0.0005822127750960114,-0.00032623399123605455,0.0009250794044664949,0.0009494798748544428,-0.0007912891398335954,-0.0006638250052436612,0.006630748154372622,-0.0008327641545503002,-0.001168865363538849,-0.004868323031750112,-0.006724882631167108,0.002554803916542197,0.0009467216722456422,-0.004103856132756386,0.0025531843003584525,0.001315105304651158,0.02552261802895352,0.002731236150635754,0.002434862726632428,-0.00480806836956677,0.0071156099328567035,-0.007967278183897343,0.0014498867718550613,0.002882812655905795,0.0017771410708414797,-0.002251448800276641,-0.00725794160214123,-0.006679793454642206,-0.00387524450939344,0.003969230688614819,0.006855270639725931,0.0022334965275818755,-0.0073807293676616415,0.007098784568516755,0.005306758901903917,0.0003714560992011225,0.002731236150635754,0.034243632533682754,0.020469293435429102,0.004205690073267701,-0.0020707270576909844,0.005277050324796299,0.01323401013848646,-0.012327017145171305,-0.006365875127772116,-0.009161471800584738,-0.007205638773532018,-0.0037901021192026773,-0.0029299579918396195,0.002272305722802167,0.006389470764021906,-0.0019608092414682534,-0.002165244069592536,0.00627079426981656,0.004193719722144774,0.004946667875306324,0.002434862726632428,0.020469293435429102,0.03889434873413636,-0.0014680887370121572,-0.0030608932914354095,0.01312336771598142,0.015481789165103791,-0.01027958893751708,-0.006752654248633231,-0.013333424406450484,-0.0030482713343992973,0.004274216865112437,-0.00019957051999694008,0.0054472036923699585,0.011546975931823768,0.0011278840825761005,0.002392936386672666,-0.0013324913240213483,0.009506835735065985,-0.0003264266753605185,-0.00480806836956677,0.004205690073267701,-0.0014680887370121572,0.024106068803476547,-0.002419201221937045,-0.0018122276493912222,-0.0017320181219332902,0.007281744946565821,-0.0012646044349274117,-0.0011708386691702622,0.0009390110455706657,0.000676149577142046,0.0005182950017435597,-0.001067741794913602,-0.005706412120658363,-0.002188674569940892,0.0023225005375246783,-0.005895560474110175,0.005139945793366147,-0.0005822127750960114,0.0071156099328567035,-0.0020707270576909844,-0.0030608932914354095,-0.002419201221937045,0.02024833034254762,-0.0011744220641648302,-0.00029509369355897226,0.004852258655506338,0.0005802829440035115,0.001280603024652868,-0.00916219664128212,0.00014673756020182436,-0.0022723886192346525,0.004179776152370954,0.004675254433409699,-0.007842636561599465,0.004666804606777484,-0.0024466488578575203,0.006327519827388453,-0.00032623399123605455,-0.007967278183897343,0.005277050324796299,0.01312336771598142,-0.0018122276493912222,-0.0011744220641648302,0.03379098937253822,0.00829025239562269,-0.007342546456034828,-0.0004914448368586748,-0.006850112347803963,-0.0009203148935980525,-0.0056043629335976695,-0.004579377903548298,0.004678388866843986,0.005049470220901388,0.005049652361608403,-0.006226336328536846,0.0018109599164028158,0.0013425220013460147,0.0009250794044664949,0.0014498867718550613,0.01323401013848646,0.015481789165103791,-0.0017320181219332902,-0.00029509369355897226,0.00829025239562269,0.02835924732313476,-0.006660462683695281,-0.009273255904725905,-0.004286170624128043,0.0036107621390346943,0.009160184256768698,0.001206114091762452,0.0027154515698736836,0.0029298997586992784,0.0029680853289636077,0.006575758130094357,-0.009713089217772867,0.007735845166598639,0.0009494798748544428,0.002882812655905795,-0.012327017145171305,-0.01027958893751708,0.007281744946565821,0.004852258655506338,-0.007342546456034828,-0.006660462683695281,0.035970123912707375,0.004084095803379546,0.004709948943694224,0.001193776256276543,0.0031964314376932493,0.009069094492218866,-0.004183296349264176,-0.006436819404834704,-0.00308077656216035,0.005262288332087138,-0.003040341958850678,0.005626181020872594,-0.0007912891398335954,0.0017771410708414797,-0.006365875127772116,-0.006752654248633231,-0.0012646044349274117,0.0005802829440035115,-0.0004914448368586748,-0.009273255904725905,0.004084095803379546,0.0258861467198966,0.0048580395125493725,0.007866484216115875,-0.0009504395821115863,0.00885317128377381,-0.004463230617899891,-0.005265820921137325,0.003242069999591494,-0.002172186384859458,0.0010519182271785444,-0.0016206559259551213,-0.0006638250052436612,-0.002251448800276641,-0.009161471800584738,-0.013333424406450484,-0.0011708386691702622,0.001280603024652868,-0.006850112347803963,-0.004286170624128043,0.004709948943694224,0.0048580395125493725,0.02407829318545634
