0.10867211793622097,0.10329914590784549,0.005880627099421598,0.07881345426188274,-0.029722318766353444,-0.061459300871990696,0.044909237245900346,0.07825462563748767,0.04400499356568835,0.005548325762761616,-0.04304249495061141,-0.03062004752175907,-0.10098837416644049,-0.09933027689456247,0.04923316471507644,0.08238368023289773,-0.085178125086467,-0.07237325450497467,0.04613217994364666,0.09451152864587128,0.10329914590784549,0.21915027137606746,-0.0051287462858915145,0.09246244994905113,-0.05555616062587916,-0.07856573967326619,0.06166960962720339,0.1292291858239817,0.08395182561629982,0.04047674590068427,-0.06514742523672559,-0.03840273705550444,-0.15476519303621672,-0.19473970486595704,0.07876660955467603,0.13213627698905644,-0.13750370315859797,-0.1223526418279961,0.056167005522898064,0.14354414710196506,0.005880627099421598,-0.0051287462858915145,0.03600057101831894,0.009496986528519859,0.008665250608689137,-0.00865324181666801,0.007642215420017946,0.0029940417970056713,0.004595347792535836,-0.00047247955097149937,-0.0015645494021635196,0.01818702704799257,0.003528518097285925,0.0071696176900876325,-0.0009739980967746536,0.0028091489097327067,-0.004647130843646009,0.011560178384347844,0.0038366449308462765,0.0006232834390428963,0.07881345426188274,0.09246244994905113,0.009496986528519859,0.10121110667616422,-0.03293296505361827,-0.02286920186050358,0.04700809538582146,0.050088097829460304,0.05825265224968355,-0.011039827576942197,-0.028856348852043558,0.015406632768274923,-0.1069559785936477,-0.10596221178175647,0.06342813228316604,0.09642042702323914,-0.07203343946713006,-0.07691138920834019,0.02502674836586743,0.08972349914532785,-0.029722318766353444,-0.05555616062587916,0.008665250608689137,-0.03293296505361827,0.06029945801586398,-0.0037115886448476224,-0.011914633311584696,-0.030349178841322988,-0.03332158133546759,0.03271084797972135,0.013577645536074802,-0.0250394888897193,0.083058869703338,0.07798045390577793,-0.042522071261527516,-0.06338909604823922,0.041398569376809066,0.05904104796354148,-0.0013361840334395166,-0.06289021858259625,-0.061459300871990696,-0.07856573967326619,-0.00865324181666801,-0.02286920186050358,-0.0037115886448476224,0.11733929701834626,-0.04129493123288605,-0.07945408296131304,-0.0022768055378282444,-0.06141028002923705,0.03689135964472831,0.07303471612441337,0.01993281870208375,0.046455033060030466,0.0023970611952710483,-0.011344490230060768,0.07618807015167586,0.03643412753520703,-0.04864093290283098,-0.05236822621187032,0.044909237245900346,0.06166960962720339,0.007642215420017946,0.04700809538582146,-0.011914633311584696,-0.04129493123288605,0.053058581102484605,0.04492440666240245,0.0287704959494052,0.017430489931842957,-0.02637339310532432,-0.017330805917133832,-0.05872748462429891,-0.05176836764762904,0.03502015657543524,0.055740495966851704,-0.04118820363040201,-0.04448211289546705,0.02282134538410948,0.04454148314893174,0.07825462563748767,0.1292291858239817,0.0029940417970056713,0.050088097829460304,-0.030349178841322988,-0.07945408296131304,0.04492440666240245,0.12617017426823274,0.04524632748063473,0.04032950631816546,-0.0500320420765355,-0.04991611902419335,-0.09044326235640243,-0.11846080893968616,0.04416834238004297,0.06298342629942924,-0.0981607125238331,-0.08546073204942829,0.05167810619766179,0.10430950205795769,0.04400499356568835,0.08395182561629982,0.004595347792535836,0.05825265224968355,-0.03332158133546759,-0.0022768055378282444,0.0287704959494052,0.04524632748063473,0.10118562536536894,0.011090035402988575,-0.02899272077442068,0.031737095602945256,-0.10587059767429877,-0.1130312444993688,0.07903934458950718,0.07396443617851088,-0.07322082210660899,-0.07172081953268095,0.01193594121496118,0.07883695024492018,0.005548325762761616,0.04047674590068427,-0.00047247955097149937,-0.011039827576942197,0.03271084797972135,-0.06141028002923705,0.017430489931842957,0.04032950631816546,0.011090035402988575,0.11100782295290874,-0.01721113785752988,-0.06856080958940652,0.02679869891893416,-0.01227488808252461,-0.006671296880388628,-0.023591388483177933,-0.024296789070683368,-0.003813103295617464,0.0396658665798051,0.00030801852440310966,-0.04304249495061141,-0.06514742523672559,-0.0015645494021635196,-0.028856348852043558,0.013577645536074802,0.03689135964472831,-0.02637339310532432,-0.0500320420765355,-0.02899272077442068,-0.01721113785752988,0.0463844631382188,0.016666512498206942,0.05822649116159211,0.06583561340586755,-0.023318280991313667,-0.042132548535822184,0.056539984617151665,0.0333519488902477,-0.02007038468155188,-0.050997887058641556,-0.03062004752175907,-0.03840273705550444,0.01818702704799257,0.015406632768274923,-0.0250394888897193,0.07303471612441337,-0.017330805917133832,-0.04991611902419335,0.031737095602945256,-0.06856080958940652,0.016666512498206942,0.11751223733845925,-0.03569188288828959,-0.009724496905368002,0.037284118646986456,0.034002547693278276,0.015052707110001274,0.002485057023761026,-0.042398539287489434,0.004753167529583364,-0.10098837416644049,-0.15476519303621672,0.003528518097285925,-0.1069559785936477,0.083058869703338,0.01993281870208375,-0.05872748462429891,-0.09044326235640243,-0.10587059767429877,0.02679869891893416,0.05822649116159211,-0.03569188288828959,0.23269037061128175,0.213409096131496,-0.11866819076819982,-0.17787766000338567,0.12780673022228378,0.15130219082677543,-0.027787385763962613,-0.15940503092011543,-0.09933027689456247,-0.19473970486595704,0.0071696176900876325,-0.10596221178175647,0.07798045390577793,0.046455033060030466,-0.05176836764762904,-0.11846080893968616,-0.1130312444993688,-0.01227488808252461,0.06583561340586755,-0.009724496905368002,0.213409096131496,0.25479453956048753,-0.12175991885493472,-0.16186076806091565,0.15617838284034033,0.1628515766300142,-0.042480959623418524,-0.1753311453484811,0.04923316471507644,0.07876660955467603,-0.0009739980967746536,0.06342813228316604,-0.042522071261527516,0.0023970611952710483,0.03502015657543524,0.04416834238004297,0.07903934458950718,-0.006671296880388628,-0.023318280991313667,0.037284118646986456,-0.11866819076819982,-0.12175991885493472,0.10947697544315568,0.08330308206247342,-0.0660380938093709,-0.09408902540851796,0.01630872123721025,0.09028512189172053,0.08238368023289773,0.13213627698905644,0.0028091489097327067,0.09642042702323914,-0.06338909604823922,-0.011344490230060768,0.055740495966851704,0.06298342629942924,0.07396443617851088,-0.023591388483177933,-0.042132548535822184,0.034002547693278276,-0.17787766000338567,-0.16186076806091565,0.08330308206247342,0.20092048262270717,-0.0931057221163335,-0.10873188018716029,0.022852074963747426,0.12900910336319976,-0.085178125086467,-0.13750370315859797,-0.004647130843646009,-0.07203343946713006,0.041398569376809066,0.07618807015167586,-0.04118820363040201,-0.0981607125238331,-0.07322082210660899,-0.024296789070683368,0.056539984617151665,0.015052707110001274,0.12780673022228378,0.15617838284034033,-0.0660380938093709,-0.0931057221163335,0.13768310320181854,0.0992230444879467,-0.04354261389964492,-0.12470424643695173,-0.07237325450497467,-0.1223526418279961,0.011560178384347844,-0.07691138920834019,0.05904104796354148,0.03643412753520703,-0.04448211289546705,-0.08546073204942829,-0.07172081953268095,-0.003813103295617464,0.0333519488902477,0.002485057023761026,0.15130219082677543,0.1628515766300142,-0.09408902540851796,-0.10873188018716029,0.0992230444879467,0.15054233102166462,-0.03663976040904503,-0.11963821142763681,0.04613217994364666,0.056167005522898064,0.0038366449308462765,0.02502674836586743,-0.0013361840334395166,-0.04864093290283098,0.02282134538410948,0.05167810619766179,0.01193594121496118,0.0396658665798051,-0.02007038468155188,-0.042398539287489434,-0.027787385763962613,-0.042480959623418524,0.01630872123721025,0.022852074963747426,-0.04354261389964492,-0.03663976040904503,0.07531437761989149,0.041043299161171345,0.09451152864587128,0.14354414710196506,0.0006232834390428963,0.08972349914532785,-0.06289021858259625,-0.05236822621187032,0.04454148314893174,0.10430950205795769,0.07883695024492018,0.00030801852440310966,-0.050997887058641556,0.004753167529583364,-0.15940503092011543,-0.1753311453484811,0.09028512189172053,0.12900910336319976,-0.12470424643695173,-0.11963821142763681,0.041043299161171345,0.16057643608561387
0.03732119232012724,0.013257472656389404,-0.00502072563070232,0.018107978349399978,-0.0017660161177288423,-0.014084625312119308,0.004035962001335658,0.024781142711336218,-0.0020509479099691634,-0.0026785772431846527,-0.009903405801039673,-0.01374119872876707,-0.009971175035111246,-0.012925098700873685,0.0013211576668074624,0.01626912429433443,-0.008010859676087504,-0.0057074215366627375,0.0066456540767901315,0.019634555944462173,0.013257472656389404,0.06068155518974039,-0.017542312670946855,0.020835613280936187,-0.005546055625143028,-0.0021009251320907407,0.005312502313225211,0.03519877001492932,-0.0026557173174753222,0.0021390807026090614,-0.007170015004163206,-0.026608936889108554,-0.0024284838741691593,-0.015574584062008963,0.005267963802985356,4.825410488115624e-5,-0.014151460818580142,-0.0042880426643354085,0.014496901231108365,0.023759063879431653,-0.00502072563070232,-0.017542312670946855,0.04264385452325757,-0.01620677942504209,0.004620580439036594,0.0021084899072830532,-0.004604574477763507,-0.012305098822315345,0.005563553789554726,0.0014412690282464787,0.0020535168853985635,0.020401387525134214,-0.0027370529346554657,0.00854546822663382,0.0064134554500528615,-0.01555239593422814,0.004355764595698283,0.010016140311958209,-0.006475718196173449,-0.012380033457458875,0.018107978349399978,0.020835613280936187,-0.01620677942504209,0.04952892558453999,0.0015783939108716064,0.0028090304397339,0.016227354036826222,0.012689300666604151,-0.000992128828016965,0.00664742524419321,0.0007744424684658904,-0.013761509744918044,-0.0011214911049664425,-0.012309336563544923,-0.002872337448250977,0.011721204859438238,0.006104103700870254,-0.01121635507702171,0.006136192144457202,0.014898818406514771,-0.0017660161177288423,-0.005546055625143028,0.004620580439036594,0.0015783939108716064,0.0249660168335413,0.003209489515656973,0.00019323979107955332,-0.0017795419900440354,0.013213212129637077,0.0019326570246204814,0.0009680070831475743,0.008523115062642094,0.008340588116259214,0.0024883843737878385,0.0032108692845663174,-0.0028451037392352345,0.008165133189610834,0.0016785410232162817,-0.002327185368438571,-0.005181228504079761,-0.014084625312119308,-0.0021009251320907407,0.0021084899072830532,0.0028090304397339,0.003209489515656973,0.04946468998904753,-0.009659449738346688,-0.031066695527129585,0.002849050851053361,-0.010059369722185851,0.002491322226255669,0.025523893979329346,0.009894194904898224,0.02015689793369875,0.005671728090826854,0.00014763050442515675,0.0316754678170473,0.010415867170485524,-0.015693073296428748,-0.03070640843630265,0.004035962001335658,0.005312502313225211,-0.004604574477763507,0.016227354036826222,0.00019323979107955332,-0.009659449738346688,0.02877675297566342,0.014358349313525767,-0.003287510612302246,0.0072387723892184935,-0.0019407529988642004,-0.017747078765437338,-0.006988645956556195,-0.0020566837861473314,0.0053962061075488,0.01302561206990868,0.0038525438677954192,-0.010371164062545749,0.005111442423328843,0.0073649746673997525,0.024781142711336218,0.03519877001492932,-0.012305098822315345,0.012689300666604151,-0.0017795419900440354,-0.031066695527129585,0.014358349313525767,0.08617704984785074,0.0001792516366674276,0.005594645516703485,-0.010977374885059812,-0.03901140066203654,-0.014478368644910061,-0.023544371597995037,-0.006458317784005112,0.016235541872663795,-0.027579840264183947,-0.017140158420444654,0.030173879799786963,0.06320323093553926,-0.0020509479099691634,-0.0026557173174753222,0.005563553789554726,-0.000992128828016965,0.013213212129637077,0.002849050851053361,-0.003287510612302246,0.0001792516366674276,0.04018089971608544,0.00761046077710471,-0.0027875256786590113,0.006418892382607934,0.019608597938548255,0.0028946757616351714,0.008558510858458303,-0.025249617687679804,-0.00037214203125139134,0.003563786584572067,-0.003567332447171312,-0.0050210586947122,-0.0026785772431846527,0.0021390807026090614,0.0014412690282464787,0.00664742524419321,0.0019326570246204814,-0.010059369722185851,0.0072387723892184935,0.005594645516703485,0.00761046077710471,0.033127382525944014,0.009077628010636458,-0.012299891437595654,-0.004895177854028619,-0.006496280513103535,0.006197201237075104,-0.015542284674047412,-0.0013270460746112808,-0.007865252579131343,0.007593387497202855,0.0017735535317286385,-0.009903405801039673,-0.007170015004163206,0.0020535168853985635,0.0007744424684658904,0.0009680070831475743,0.002491322226255669,-0.0019407529988642004,-0.010977374885059812,-0.0027875256786590113,0.009077628010636458,0.03983937611288043,7.119512148344713e-5,0.004699692524697732,0.006468300968713773,0.009562706798544377,-0.009488878086002473,0.009976519967309895,-0.010226446778723575,0.01375780542011348,-0.004553800621887993,-0.01374119872876707,-0.026608936889108554,0.020401387525134214,-0.013761509744918044,0.008523115062642094,0.025523893979329346,-0.017747078765437338,-0.03901140066203654,0.006418892382607934,-0.012299891437595654,7.119512148344713e-5,0.062252202340088145,0.01053502681608545,0.021503268154999575,-0.0012975260212361162,0.009016827893670564,0.026533946216884048,0.02892646981239654,-0.022973676347718477,-0.03383353655928878,-0.009971175035111246,-0.0024284838741691593,-0.0027370529346554657,-0.0011214911049664425,0.008340588116259214,0.009894194904898224,-0.006988645956556195,-0.014478368644910061,0.019608597938548255,-0.004895177854028619,0.004699692524697732,0.01053502681608545,0.05943782010708506,0.023354696519156226,0.02298537396782157,-0.024180130289155458,0.00941885792489107,0.011394728948295293,-0.009979784425281853,-0.016039721414962627,-0.012925098700873685,-0.015574584062008963,0.00854546822663382,-0.012309336563544923,0.0024883843737878385,0.02015689793369875,-0.0020566837861473314,-0.023544371597995037,0.0028946757616351714,-0.006496280513103535,0.006468300968713773,0.021503268154999575,0.023354696519156226,0.050540576145208946,0.014110825509481735,-0.008626378498827282,0.018679624569856945,0.010949649341554565,-0.012376423756286366,-0.020257902280604523,0.0013211576668074624,0.005267963802985356,0.0064134554500528615,-0.002872337448250977,0.0032108692845663174,0.005671728090826854,0.0053962061075488,-0.006458317784005112,0.008558510858458303,0.006197201237075104,0.009562706798544377,-0.0012975260212361162,0.02298537396782157,0.014110825509481735,0.04806460652658171,-0.02747215281204378,0.008329786972331894,0.0010330933627119383,0.0022169224059127024,-0.01010280821061123,0.01626912429433443,4.825410488115624e-5,-0.01555239593422814,0.011721204859438238,-0.0028451037392352345,0.00014763050442515675,0.01302561206990868,0.016235541872663795,-0.025249617687679804,-0.015542284674047412,-0.009488878086002473,0.009016827893670564,-0.024180130289155458,-0.008626378498827282,-0.02747215281204378,0.08745693286805475,0.007354189747921009,0.0011699065793279628,0.0008285045767804865,0.0097186071238809,-0.008010859676087504,-0.014151460818580142,0.004355764595698283,0.006104103700870254,0.008165133189610834,0.0316754678170473,0.0038525438677954192,-0.027579840264183947,-0.00037214203125139134,-0.0013270460746112808,0.009976519967309895,0.026533946216884048,0.00941885792489107,0.018679624569856945,0.008329786972331894,0.007354189747921009,0.05935480107693073,0.00770667864154152,-0.018144291541644143,-0.020644640533377258,-0.0057074215366627375,-0.0042880426643354085,0.010016140311958209,-0.01121635507702171,0.0016785410232162817,0.010415867170485524,-0.010371164062545749,-0.017140158420444654,0.003563786584572067,-0.007865252579131343,-0.010226446778723575,0.02892646981239654,0.011394728948295293,0.010949649341554565,0.0010330933627119383,0.0011699065793279628,0.00770667864154152,0.049731800367343225,-0.024725417085279262,-0.012766081844748908,0.0066456540767901315,0.014496901231108365,-0.006475718196173449,0.006136192144457202,-0.002327185368438571,-0.015693073296428748,0.005111442423328843,0.030173879799786963,-0.003567332447171312,0.007593387497202855,0.01375780542011348,-0.022973676347718477,-0.009979784425281853,-0.012376423756286366,0.0022169224059127024,0.0008285045767804865,-0.018144291541644143,-0.024725417085279262,0.04986054807982523,0.023600770858474607,0.019634555944462173,0.023759063879431653,-0.012380033457458875,0.014898818406514771,-0.005181228504079761,-0.03070640843630265,0.0073649746673997525,0.06320323093553926,-0.0050210586947122,0.0017735535317286385,-0.004553800621887993,-0.03383353655928878,-0.016039721414962627,-0.020257902280604523,-0.01010280821061123,0.0097186071238809,-0.020644640533377258,-0.012766081844748908,0.023600770858474607,0.07737356288796426
