0.061271024208407784,0.015372767731543798,0.0010744322724498471,0.04060915232926786,-0.025684271293366284,-0.034053619379668526,-0.0001762409551594962,-0.03757431496945076,-0.00459831927725571,0.009855655947559636,0.011970986432786768,-0.0008945601005221032,-0.018078854303520527,-0.00884767461126229,0.01692044075427547,-0.02098817843439215,0.008413829214723608,0.03258338216982161,-0.011030824831216663,-0.012554384292307125,0.015372767731543798,0.023799088176498437,-0.004457225001448299,0.01573632181230734,-0.005567493769067263,-0.013961359850958106,-0.003556470693897442,-0.007998858986872713,0.0036181668231915773,-0.00160070587973937,-0.001310667539368204,0.0023697531406059336,-0.00792201349175972,-0.0014642447146533076,0.00725855925024638,-0.006485185599405443,-0.002387770233291969,0.009431974762367522,-0.006287882319628703,-0.00763156135713778,0.0010744322724498471,-0.004457225001448299,0.027708506377476527,-0.009154181708193475,-9.611661785912493e-5,0.004317857495442387,-0.005844848198642896,-0.0006276933290909941,-0.004524887493794469,0.005611512517254698,-0.00521193511388976,-0.00036569174197675425,0.005553049369688883,-0.0011720626670583246,0.0015331196360567866,0.0024589584066633833,-0.0059641700919216695,-0.0002712995216997505,0.0017992007261676507,-0.001681768401976893,0.04060915232926786,0.01573632181230734,-0.009154181708193475,0.04826609379648891,-0.016217374497235162,-0.026689118891456108,-0.003286450309044094,-0.026926728384003822,-0.0002674218185020205,0.004339477700965875,0.008258739055783507,-0.0009064420337551056,-0.019735208673320133,-0.005094162825268689,0.011795115526387555,-0.016699027381711085,0.006443629065819361,0.020188153365345643,-0.002550148841855394,-0.010016838976992973,-0.025684271293366284,-0.005567493769067263,-9.611661785912493e-5,-0.016217374497235162,0.030836902122515615,0.01667975525769846,0.0003486421219429563,0.01947120608541015,0.0028882849529983257,-0.0021518434532887412,-0.008744513400029325,0.00190169260484965,0.009579382249427667,0.003420231784488992,-0.0036293367231839783,0.00860414528943222,-0.0051238247780900975,-0.017119559632691548,0.006596489106513194,-0.008807682441695646,-0.034053619379668526,-0.013961359850958106,0.004317857495442387,-0.026689118891456108,0.01667975525769846,0.03282792434685805,0.0010349243972263156,0.02393418008248905,-0.002241436232002862,-0.0038794243184478334,-0.006725229948982579,0.0014875323890407785,0.015284228174753698,0.0051260952133991376,-0.012658030037600451,0.017090164819321987,-0.00835211336961778,-0.022096392217670804,0.007026369157394889,0.005244822333047088,-0.0001762409551594962,-0.003556470693897442,-0.005844848198642896,-0.003286450309044094,0.0003486421219429563,0.0010349243972263156,0.01694463475302934,-0.0031870866028169556,0.00014844813214785762,-0.002576654050317909,0.0016886862985156126,-0.003336992600923008,-0.0014023626498261908,0.002618817840750773,-0.00392209440829931,0.0035239764231858256,0.0012842837011259427,-0.004140449000632127,0.001163691574517137,0.004080008749514105,-0.03757431496945076,-0.007998858986872713,-0.0006276933290909941,-0.026926728384003822,0.01947120608541015,0.02393418008248905,-0.0031870866028169556,0.04142351906140273,0.004535734343717224,-0.01040022540811932,-0.013564903800096242,0.0011696339114262854,0.012439212163062907,0.007598070768140737,-0.012319079681793185,0.016760229876712628,-0.007011553144015513,-0.02814869951985028,0.00783288064567367,0.00020090559396077577,-0.00459831927725571,0.0036181668231915773,-0.004524887493794469,-0.0002674218185020205,0.0028882849529983257,-0.002241436232002862,0.00014844813214785762,0.004535734343717224,0.017337788460734447,-0.0036586281454263933,-0.006029502538354997,-0.0012189622358017643,-1.902484499293877e-5,-0.00044679131557437554,-0.002938822877160518,0.000507305207813429,0.001497573246244996,-0.005465083608175068,-0.00017689804799120998,-0.001267048391591332,0.009855655947559636,-0.00160070587973937,0.005611512517254698,0.004339477700965875,-0.0021518434532887412,-0.0038794243184478334,-0.002576654050317909,-0.01040022540811932,-0.0036586281454263933,0.015599484420530333,0.001587754818865318,0.0009823376675936908,-0.005711274739893175,-0.0034005915504013023,0.0035920703856251656,-0.0030261703526237946,-0.0020321119585736797,0.011395688190391488,-0.0035296960286113664,-0.003292692290725374,0.011970986432786768,-0.001310667539368204,-0.00521193511388976,0.008258739055783507,-0.008744513400029325,-0.006725229948982579,0.0016886862985156126,-0.013564903800096242,-0.006029502538354997,0.001587754818865318,0.01810449451332743,-0.00035976943557781743,-0.0050227926819382766,-0.002529488009193401,0.0013653287385836641,-0.003639408186583904,0.004756152304186953,0.008451105772693073,-0.0029607052910407827,0.007584157357111924,-0.0008945601005221032,0.0023697531406059336,-0.00036569174197675425,-0.0009064420337551056,0.00190169260484965,0.0014875323890407785,-0.003336992600923008,0.0011696339114262854,-0.0012189622358017643,0.0009823376675936908,-0.00035976943557781743,0.015605843194890771,-0.0003583849372156828,0.000995156233776082,0.0002909952060821126,0.002384252515601857,-0.006975861311721423,-0.0035397396404643513,-0.000286071137591775,-0.0021195094691729196,-0.018078854303520527,-0.00792201349175972,0.005553049369688883,-0.019735208673320133,0.009579382249427667,0.015284228174753698,-0.0014023626498261908,0.012439212163062907,-1.902484499293877e-5,-0.005711274739893175,-0.0050227926819382766,-0.0003583849372156828,0.024135939368786625,0.003860404259040355,-0.004542529077985549,0.007469190813086035,-0.0009170466351471299,-0.013627967262946555,0.003574008974880207,0.00766924824241492,-0.00884767461126229,-0.0014642447146533076,-0.0011720626670583246,-0.005094162825268689,0.003420231784488992,0.0051260952133991376,0.002618817840750773,0.007598070768140737,-0.00044679131557437554,-0.0034005915504013023,-0.002529488009193401,0.000995156233776082,0.003860404259040355,0.011560823383873656,-0.0030160992561664777,0.004118175560471382,-0.002362268950925832,-0.0046792380030498334,0.003031304236567902,-0.0017723418526719118,0.01692044075427547,0.00725855925024638,0.0015331196360567866,0.011795115526387555,-0.0036293367231839783,-0.012658030037600451,-0.00392209440829931,-0.012319079681793185,-0.002938822877160518,0.0035920703856251656,0.0013653287385836641,0.0002909952060821126,-0.004542529077985549,-0.0030160992561664777,0.024507493738743946,-0.008161168100697723,0.0012911078191441077,0.013598988462158514,-0.005600901770049822,-0.005772601368430522,-0.02098817843439215,-0.006485185599405443,0.0024589584066633833,-0.016699027381711085,0.00860414528943222,0.017090164819321987,0.0035239764231858256,0.016760229876712628,0.000507305207813429,-0.0030261703526237946,-0.003639408186583904,0.002384252515601857,0.007469190813086035,0.004118175560471382,-0.008161168100697723,0.022626731201227525,-0.008996937218968224,-0.016194805907317218,0.00504988829359611,-0.0008526810761332138,0.008413829214723608,-0.002387770233291969,-0.0059641700919216695,0.006443629065819361,-0.0051238247780900975,-0.00835211336961778,0.0012842837011259427,-0.007011553144015513,0.001497573246244996,-0.0020321119585736797,0.004756152304186953,-0.006975861311721423,-0.0009170466351471299,-0.002362268950925832,0.0012911078191441077,-0.008996937218968224,0.020441094585496856,0.008198041210790787,-0.0006776956171283515,0.007238576894087712,0.03258338216982161,0.009431974762367522,-0.0002712995216997505,0.020188153365345643,-0.017119559632691548,-0.022096392217670804,-0.004140449000632127,-0.02814869951985028,-0.005465083608175068,0.011395688190391488,0.008451105772693073,-0.0035397396404643513,-0.013627967262946555,-0.0046792380030498334,0.013598988462158514,-0.016194805907317218,0.008198041210790787,0.04240033489334879,-0.012522258981096653,-0.004883341957131511,-0.011030824831216663,-0.006287882319628703,0.0017992007261676507,-0.002550148841855394,0.006596489106513194,0.007026369157394889,0.001163691574517137,0.00783288064567367,-0.00017689804799120998,-0.0035296960286113664,-0.0029607052910407827,-0.000286071137591775,0.003574008974880207,0.003031304236567902,-0.005600901770049822,0.00504988829359611,-0.0006776956171283515,-0.012522258981096653,0.01972530087012443,-0.0030323846431562452,-0.012554384292307125,-0.00763156135713778,-0.001681768401976893,-0.010016838976992973,-0.008807682441695646,0.005244822333047088,0.004080008749514105,0.00020090559396077577,-0.001267048391591332,-0.003292692290725374,0.007584157357111924,-0.0021195094691729196,0.00766924824241492,-0.0017723418526719118,-0.005772601368430522,-0.0008526810761332138,0.007238576894087712,-0.004883341957131511,-0.0030323846431562452,0.03402619361743643
