0.2770822830163884,0.08122658185702741,-0.00583788819395072,0.15314935857563178,-0.11220212442332778,-0.18781329761064397,0.027792023857575683,-0.20043197695275072,0.00744340346029126,0.031679878230454046,0.072941507701097,-0.02557408670518979,-0.11831996202485538,-0.019949225331120424,0.10805150727680037,-0.13433303515268438,0.07427285614164578,0.24606724294951,-0.08114013507987142,-0.04659618510758627,0.08122658185702741,0.10951166456413913,-0.0294251002946863,0.06327347372887704,-0.054262387624882946,-0.07374783009965163,-0.005014270631059162,-0.04968059140622345,0.0035123749004925676,-0.00816297396418001,0.03424490995841588,-0.027642386115472428,-0.034844851613349506,0.001338114108936355,0.02773297236488651,-0.03260849363910304,0.04067329633665889,0.0653069755685826,-0.03737003008865025,-0.014902895928820877,-0.00583788819395072,-0.0294251002946863,0.056830002568906836,-0.019143006950289074,0.0067422769291629655,0.016836190072846938,0.000403557343911751,-0.010440235134689441,-0.012822877488201625,0.0206738025066675,-0.011190949584624518,-0.005740831209781066,-0.010700663351350427,-0.01307360580140951,0.009581748807045161,-0.001955811892433417,-0.011189654392210428,0.0038317291516089904,0.007913448704674881,0.0073553850320342475,0.15314935857563178,0.06327347372887704,-0.019143006950289074,0.13658296961233726,-0.06883428964095822,-0.12322217761688198,0.008801532430107655,-0.11903959746900938,0.026435944451106294,0.012421260990329381,0.03635909353751685,-0.02293439327446288,-0.06047995045283906,-0.008107146328184048,0.05241147303727652,-0.057500357911081545,0.042457247674285256,0.1278546667525211,-0.03479451601906501,-0.026686319705901587,-0.11220212442332778,-0.054262387624882946,0.0067422769291629655,-0.06883428964095822,0.09364938278833118,0.08499751989645084,-0.012603901153885336,0.08511810737870502,0.0021951349123311274,-0.005939662937108887,-0.03098845998903494,0.025163360656353037,0.05000362223754928,-0.0056452111357236535,-0.03772471851845286,0.040200221035248465,-0.0516535774203654,-0.09758415520197879,0.02944906216670352,0.0019919886565526283,-0.18781329761064397,-0.07374783009965163,0.016836190072846938,-0.12322217761688198,0.08499751989645084,0.18840580922701702,-0.013561212977121519,0.14126582426513928,-0.02712536325776577,-0.008165426645820255,-0.05281873047515048,0.013786251133658525,0.08743964142756577,0.013583934027669185,-0.07254392050070697,0.09408581017991378,-0.059755949108858675,-0.1746064921221063,0.05117914195136122,0.03490181110858692,0.027792023857575683,-0.005014270631059162,0.000403557343911751,0.008801532430107655,-0.012603901153885336,-0.013561212977121519,0.035837049871453086,-0.03344065641558082,0.0036560102566206938,-0.007888144392150628,0.009037600926523847,-0.00914747671852679,-0.016608167527877523,0.0010530086106118877,0.010375350593629467,0.0002808281600711242,0.007251412089617476,0.021143831018791092,0.0006785632166187005,0.004420450268329011,-0.20043197695275072,-0.04968059140622345,-0.010440235134689441,-0.11903959746900938,0.08511810737870502,0.14126582426513928,-0.03344065641558082,0.20139557139329534,0.0027697254665306347,-0.03575404898345218,-0.07512214904815481,0.02808884219217095,0.10208749979661202,0.029301950659070475,-0.0939417901213866,0.10474894785145959,-0.06253833674021883,-0.19470240776489958,0.05380424870176537,0.014637123080058038,0.00744340346029126,0.0035123749004925676,-0.012822877488201625,0.026435944451106294,0.0021951349123311274,-0.02712536325776577,0.0036560102566206938,0.0027697254665306347,0.05860721036110601,-0.004547148142024221,-0.015161071126601186,-0.0067035810833725815,0.003123084658881691,-5.362612999998276e-6,-0.012266770963900227,0.007293784756155277,-0.004463591850210681,-0.009762702756712371,0.01049238463109752,-0.01715796335210142,0.031679878230454046,-0.00816297396418001,0.0206738025066675,0.012421260990329381,-0.005939662937108887,-0.008165426645820255,-0.007888144392150628,-0.03575404898345218,-0.004547148142024221,0.04801205368316599,0.004203873659323083,-0.010787595773664848,-0.024894950419500933,-0.014910893689970249,0.021498280574261036,-0.030671907014825403,0.0015144132855700945,0.04098051266990718,-0.01462429301762176,-0.0058816677843925745,0.072941507701097,0.03424490995841588,-0.011190949584624518,0.03635909353751685,-0.03098845998903494,-0.05281873047515048,0.009037600926523847,-0.07512214904815481,-0.015161071126601186,0.004203873659323083,0.06638345889413635,-0.0009100096357352561,-0.04594457933503551,-0.006195482540099737,0.027839155989085537,-0.04159554960836162,0.027457185203011297,0.07493890215004997,-0.030569031211409227,0.0016032646566655527,-0.02557408670518979,-0.027642386115472428,-0.005740831209781066,-0.02293439327446288,0.025163360656353037,0.013786251133658525,-0.00914747671852679,0.02808884219217095,-0.0067035810833725815,-0.010787595773664848,-0.0009100096357352561,0.05044941060768656,0.013095904267038515,0.0009777673668417946,-0.01198874750217575,0.007020374246557911,-0.01929269672081172,-0.021978418805450383,0.005853886169685825,0.006768077300622026,-0.11831996202485538,-0.034844851613349506,-0.010700663351350427,-0.06047995045283906,0.05000362223754928,0.08743964142756577,-0.016608167527877523,0.10208749979661202,0.003123084658881691,-0.024894950419500933,-0.04594457933503551,0.013095904267038515,0.0876913770818854,0.01110232048369849,-0.05433351479491279,0.06690298990979943,-0.033941229668957074,-0.1258351205340889,0.04070260429194633,0.01629920334384985,-0.019949225331120424,0.001338114108936355,-0.01307360580140951,-0.008107146328184048,-0.0056452111357236535,0.013583934027669185,0.0010530086106118877,0.029301950659070475,-5.362612999998276e-6,-0.014910893689970249,-0.006195482540099737,0.0009777673668417946,0.01110232048369849,0.029543467631345396,-0.017466745795345157,0.016242468186631154,0.001337881121324967,-0.012985045427944205,0.005740079638860519,0.0008846619857255967,0.10805150727680037,0.02773297236488651,0.009581748807045161,0.05241147303727652,-0.03772471851845286,-0.07254392050070697,0.010375350593629467,-0.0939417901213866,-0.012266770963900227,0.021498280574261036,0.027839155989085537,-0.01198874750217575,-0.05433351479491279,-0.017466745795345157,0.074954138543446,-0.06566201765006544,0.028792929925225703,0.11050333878597593,-0.039160922505602276,-0.013677861312402544,-0.13433303515268438,-0.03260849363910304,-0.001955811892433417,-0.057500357911081545,0.040200221035248465,0.09408581017991378,0.0002808281600711242,0.10474894785145959,0.007293784756155277,-0.030671907014825403,-0.04159554960836162,0.007020374246557911,0.06690298990979943,0.016242468186631154,-0.06566201765006544,0.11206501340898926,-0.04611037583199731,-0.13608218087081345,0.04902459078710363,0.021557730631420483,0.07427285614164578,0.04067329633665889,-0.011189654392210428,0.042457247674285256,-0.0516535774203654,-0.059755949108858675,0.007251412089617476,-0.06253833674021883,-0.004463591850210681,0.0015144132855700945,0.027457185203011297,-0.01929269672081172,-0.033941229668957074,0.001337881121324967,0.028792929925225703,-0.04611037583199731,0.0673116393428434,0.06475273126117997,-0.01819856901900606,0.003953375695973781,0.24606724294951,0.0653069755685826,0.0038317291516089904,0.1278546667525211,-0.09758415520197879,-0.1746064921221063,0.021143831018791092,-0.19470240776489958,-0.009762702756712371,0.04098051266990718,0.07493890215004997,-0.021978418805450383,-0.1258351205340889,-0.012985045427944205,0.11050333878597593,-0.13608218087081345,0.06475273126117997,0.27987497395678307,-0.08474329077110218,-0.04019420141469092,-0.08114013507987142,-0.03737003008865025,0.007913448704674881,-0.03479451601906501,0.02944906216670352,0.05117914195136122,0.0006785632166187005,0.05380424870176537,0.01049238463109752,-0.01462429301762176,-0.030569031211409227,0.005853886169685825,0.04070260429194633,0.005740079638860519,-0.039160922505602276,0.04902459078710363,-0.01819856901900606,-0.08474329077110218,0.05003242731555957,0.014373145647561588,-0.04659618510758627,-0.014902895928820877,0.0073553850320342475,-0.026686319705901587,0.0019919886565526283,0.03490181110858692,0.004420450268329011,0.014637123080058038,-0.01715796335210142,-0.0058816677843925745,0.0016032646566655527,0.006768077300622026,0.01629920334384985,0.0008846619857255967,-0.013677861312402544,0.021557730631420483,0.003953375695973781,-0.04019420141469092,0.014373145647561588,0.04457535045107749
0.48209050930755953,0.16866842389864467,-0.04457875194795882,0.3747562162056094,-0.04813266254350331,-0.19964209154288942,0.15433314368215972,-0.18017694255670774,0.06290247525955608,0.0783315774080311,-0.030838676177560316,-0.085371192076034,-0.27768322484044083,-0.11155676319325522,0.0869400403149296,-0.13018319463307865,0.08865108871003603,0.1397402538385314,-0.11440614300510724,-0.14769128951443522,0.16866842389864467,0.11091367872152208,-0.018661847586194533,0.1593343023484543,0.020646450931812294,-0.06371793769615827,0.05283683444665166,-0.03866842434217575,0.040995088066632886,0.03212649194617268,-0.04073600990284177,-0.029415161567664654,-0.11236549285278306,-0.038162023447808655,0.040219763487767214,-0.040645419622018335,0.027423362576766155,0.04036012550534192,-0.05158003535225225,-0.0720406331603525,-0.04457875194795882,-0.018661847586194533,0.05867047251731738,-0.04579420613528597,-0.026510135188547737,0.01679904333778247,-0.022561801600444763,-0.004044722210177258,-0.0072053256429084845,0.00990773480953032,-0.0018463936236412098,0.0002384758734290973,0.01875720988617704,0.012795134990331488,-0.0023989487821928475,0.011109835419235096,-0.00564647874875332,-0.018507588381769937,0.028415272528167904,0.034319645062191886,0.3747562162056094,0.1593343023484543,-0.04579420613528597,0.3566470970086021,0.02424739621894978,-0.14540332835208403,0.11422998554500383,-0.09761533688300887,0.06025121493996008,0.057205509964908585,-0.05562326963756102,-0.07411488540217889,-0.24065893879868155,-0.0887881032486498,0.06369388037747634,-0.10297532783870933,0.07384682633738485,0.08363313715423627,-0.10249437998404382,-0.14784217754907378,-0.04813266254350331,0.020646450931812294,-0.026510135188547737,0.02424739621894978,0.1726573028502524,0.0668465619743566,-0.028611645800390814,0.11940267214430708,0.0032421010185823334,-0.005411023208094913,-0.039359651521913765,0.015498113972661928,0.013452605911385711,-0.01308241539988096,0.008664095932271491,0.022330105619426537,-0.023813038276585388,-0.04645648241460315,-0.047071388069907766,-0.06804049994212191,-0.19964209154288942,-0.06371793769615827,0.01679904333778247,-0.14540332835208403,0.0668465619743566,0.13199169199342428,-0.07633110133419131,0.1061336866254056,-0.03705842850088957,-0.020023216803149453,0.008045750896663059,0.04439749503288815,0.12239973517164976,0.03642569637016038,-0.011957656508745846,0.06583067261721826,-0.06528996081822713,-0.0637353441189091,0.015143857577370645,0.04338711328599176,0.15433314368215972,0.05283683444665166,-0.022561801600444763,0.11422998554500383,-0.028611645800390814,-0.07633110133419131,0.08454242135502245,-0.07597882590457916,0.025612576663849057,0.023681782643482658,-0.01841429464786275,-0.036997460346678876,-0.09008227369515655,-0.024776892083479957,0.016019456247768904,-0.03868264562237549,0.03478540608377066,0.03181277079520137,-0.027093447011766872,-0.044858897544639544,-0.18017694255670774,-0.03866842434217575,-0.004044722210177258,-0.09761533688300887,0.11940267214430708,0.1061336866254056,-0.07597882590457916,0.16259447576899763,-0.00944710982563366,-0.03892667461361658,-0.02191470991546811,0.03733951172823998,0.08313105448376684,0.027315337888619534,-0.04401389049688176,0.05539874458748452,-0.040463606583605156,-0.08406030552899901,0.014875519852648263,-0.00224904204092334,0.06290247525955608,0.040995088066632886,-0.0072053256429084845,0.06025121493996008,0.0032421010185823334,-0.03705842850088957,0.025612576663849057,-0.00944710982563366,0.05530693762348486,0.013802705298700278,-0.028826103003181787,-0.017518760344662848,-0.05292620183343248,-0.009107909310571293,0.016058871807157007,-0.015849092243120776,0.01727822598994133,-0.01018255462007323,-0.004168485737317479,-0.02699365263356276,0.0783315774080311,0.03212649194617268,0.00990773480953032,0.057205509964908585,-0.005411023208094913,-0.020023216803149453,0.023681782643482658,-0.03892667461361658,0.013802705298700278,0.04926750745108303,-0.018266407401984194,-0.016844020391373737,-0.04610912347687575,-0.009606187189192292,0.04622373359775844,-0.016616328334279607,0.008219811256187565,0.023625602399835043,-0.026613206102735654,-0.02047423560837352,-0.030838676177560316,-0.04073600990284177,-0.0018463936236412098,-0.05562326963756102,-0.039359651521913765,0.008045750896663059,-0.01841429464786275,-0.02191470991546811,-0.028826103003181787,-0.018266407401984194,0.0678010780599258,0.015416584426415324,0.03200639350647443,0.002695275938893677,-0.006776539021781298,0.006157932286877145,-0.013898032837325424,0.02707503255442366,0.008237884544247964,0.047815032305632846,-0.085371192076034,-0.029415161567664654,0.0002384758734290973,-0.07411488540217889,0.015498113972661928,0.04439749503288815,-0.036997460346678876,0.03733951172823998,-0.017518760344662848,-0.016844020391373737,0.015416584426415324,0.05302335560970776,0.06131628278577228,0.016504435501269076,-0.0027309949285871404,0.03093347008574742,-0.041689991174338706,-0.01712718086613072,0.0046804165634466675,0.026879320101447855,-0.27768322484044083,-0.11236549285278306,0.01875720988617704,-0.24065893879868155,0.013452605911385711,0.12239973517164976,-0.09008227369515655,0.08313105448376684,-0.05292620183343248,-0.04610912347687575,0.03200639350647443,0.06131628278577228,0.20368850705522212,0.0633500471788582,-0.032041009096724984,0.0791316150820939,-0.06879280098407234,-0.06561645158443873,0.05359097667128901,0.09284822171820756,-0.11155676319325522,-0.038162023447808655,0.012795134990331488,-0.0887881032486498,-0.01308241539988096,0.03642569637016038,-0.024776892083479957,0.027315337888619534,-0.009107909310571293,-0.009606187189192292,0.002695275938893677,0.016504435501269076,0.0633500471788582,0.05457780606587035,-0.016831037247184183,0.03233064622575049,-0.01607779332682925,-0.03259966302424937,0.03238577431519925,0.035586051300650526,0.0869400403149296,0.040219763487767214,-0.0023989487821928475,0.06369388037747634,0.008664095932271491,-0.011957656508745846,0.016019456247768904,-0.04401389049688176,0.016058871807157007,0.04622373359775844,-0.006776539021781298,-0.0027309949285871404,-0.032041009096724984,-0.016831037247184183,0.10325960698014996,-0.012896734872859002,-0.012405019382569608,0.03507303938127375,-0.06014759996400343,-0.01749452266537896,-0.13018319463307865,-0.040645419622018335,0.011109835419235096,-0.10297532783870933,0.022330105619426537,0.06583067261721826,-0.03868264562237549,0.05539874458748452,-0.015849092243120776,-0.016616328334279607,0.006157932286877145,0.03093347008574742,0.0791316150820939,0.03233064622575049,-0.012896734872859002,0.051629474460542585,-0.03746014179016703,-0.043491441244072254,0.02015118495562027,0.0329724503376697,0.08865108871003603,0.027423362576766155,-0.00564647874875332,0.07384682633738485,-0.023813038276585388,-0.06528996081822713,0.03478540608377066,-0.040463606583605156,0.01727822598994133,0.008219811256187565,-0.013898032837325424,-0.041689991174338706,-0.06879280098407234,-0.01607779332682925,-0.012405019382569608,-0.03746014179016703,0.07002334353149485,0.025276041495576235,0.004338084873088843,-0.01990882885217714,0.1397402538385314,0.04036012550534192,-0.018507588381769937,0.08363313715423627,-0.04645648241460315,-0.0637353441189091,0.03181277079520137,-0.08406030552899901,-0.01018255462007323,0.023625602399835043,0.02707503255442366,-0.01712718086613072,-0.06561645158443873,-0.03259966302424937,0.03507303938127375,-0.043491441244072254,0.025276041495576235,0.10954144843921852,-0.041110804672385426,-0.017925102442063412,-0.11440614300510724,-0.05158003535225225,0.028415272528167904,-0.10249437998404382,-0.047071388069907766,0.015143857577370645,-0.027093447011766872,0.014875519852648263,-0.004168485737317479,-0.026613206102735654,0.008237884544247964,0.0046804165634466675,0.05359097667128901,0.03238577431519925,-0.06014759996400343,0.02015118495562027,0.004338084873088843,-0.041110804672385426,0.09533063731718736,0.052450458190831196,-0.14769128951443522,-0.0720406331603525,0.034319645062191886,-0.14784217754907378,-0.06804049994212191,0.04338711328599176,-0.044858897544639544,-0.00224904204092334,-0.02699365263356276,-0.02047423560837352,0.047815032305632846,0.026879320101447855,0.09284822171820756,0.035586051300650526,-0.01749452266537896,0.0329724503376697,-0.01990882885217714,-0.017925102442063412,0.052450458190831196,0.12166245621016145
0.11609411323101723,0.03353890127932775,-0.02426198172958727,0.06891801531928472,-0.06967128288200616,-0.08445893441353633,-0.0010418152958427945,-0.039071566176130945,0.013300578367900684,0.014496961426228822,0.021670014321042666,-0.01744901066460054,-0.051046067278870455,-0.020782281723176504,0.029972468120140913,-0.04227419527917939,0.03901844103548055,0.07424935641376293,-0.01125024285524809,-0.007226718979778861,0.03353890127932775,0.07887875892795361,-0.01699122559887069,0.050031256948684745,-0.016427647978369028,-0.05018710829015198,0.003374363011973732,-0.014082386417128247,0.02213308950221481,-0.005480840112556272,-0.014998182508204233,-0.02839582891120449,-0.030484959462478436,0.0008215526220561422,0.004297296439476629,-0.005484052426168479,-0.0012041664897546093,0.030475835838939737,-0.008013443113200125,-0.04169191271334473,-0.02426198172958727,-0.01699122559887069,0.09900418248151448,-0.05631361895715,0.021091969146542634,0.03892104448315639,-0.03640754919115459,0.0328337307508695,-0.02250723887962552,0.004290559150855435,-0.011595749984206193,0.03841378439854237,0.010347219235485153,0.013301371504339521,0.00044519143772737935,-0.0034486360405720532,-0.041768426986670854,-0.018363772425249447,0.00207099742815227,0.007941146186094239,0.06891801531928472,0.050031256948684745,-0.05631361895715,0.12614497564053317,-0.06434203736350223,-0.08061061162793298,0.011968939965737425,-0.05350116649339848,0.009491963236167144,-0.0021533049596928226,0.006186044373723627,-0.04341526815425989,-0.058935258599143864,-0.01716195572760633,0.010713287718350742,-0.0017287072501362888,0.04065039112083613,0.06939035756705053,-0.018436758395589524,-0.01111266448532646,-0.06967128288200616,-0.016427647978369028,0.021091969146542634,-0.06434203736350223,0.1042273588385004,0.06641240346517571,-0.00012830497628165197,0.049960030957413845,-0.004081449976465045,-0.018034103891472864,-0.02062455162468023,0.014362786090110505,0.0612609789607748,0.01777509437482432,-0.009609460304731083,-0.00035243225928411714,-0.021274091257983227,-0.06534314463797028,0.015752741502849527,-0.023695650803431806,-0.08445893441353633,-0.05018710829015198,0.03892104448315639,-0.08061061162793298,0.06641240346517571,0.10941359794118614,-0.011267161269524928,0.0394270442355211,-0.027470664121219908,-0.015386966885839432,0.00655373860952423,0.045927119270133834,0.05970885114958499,0.021031994554401974,-0.026412047467794447,0.016884101635137774,-0.03202107124859099,-0.07744655353686594,0.010268610788377128,0.024344973283709298,-0.0010418152958427945,0.003374363011973732,-0.03640754919115459,0.011968939965737425,-0.00012830497628165197,-0.011267161269524928,0.049643167365416734,-0.010528282343084146,0.016198511782349392,0.006485264895269506,-0.015988747767954142,-0.03968995796421482,0.01026930465987618,-0.0017329145556285249,-0.010873763974632307,0.020882249255662275,0.007015457759187138,0.00021613268981387612,-0.0041394172546001945,0.006078617089941502,-0.039071566176130945,-0.014082386417128247,0.0328337307508695,-0.05350116649339848,0.049960030957413845,0.0394270442355211,-0.010528282343084146,0.06073286302217951,-0.005006405561625058,-0.011069920430431378,-0.017941144826030618,0.018797896258742213,0.03381707994181751,0.019007484204762393,-0.0072751550839444,0.004070979995041488,-0.01875556414277634,-0.038413722143560855,0.022136742730061786,-0.001765467443270014,0.013300578367900684,0.02213308950221481,-0.02250723887962552,0.009491963236167144,-0.004081449976465045,-0.027470664121219908,0.016198511782349392,-0.005006405561625058,0.0453114785756203,-0.0013195784771512942,-0.017214576041852375,-0.02572983980545554,-0.001228285919099082,-0.0017585243207066783,-0.0038447569360934874,0.004893633818338032,0.014645776092986323,0.0075156715115228525,-0.0063844829388449075,-0.0247469814455066,0.014496961426228822,-0.005480840112556272,0.004290559150855435,-0.0021533049596928226,-0.018034103891472864,-0.015386966885839432,0.006485264895269506,-0.011069920430431378,-0.0013195784771512942,0.03370861918288377,-0.004203067317613475,-0.010502571403631838,-0.011389921204750256,-0.0039496043751181716,0.012033569179252275,0.0029467316492105726,-0.014722583955365822,0.013736098766249384,-0.0016080837749803856,0.0020297666924910564,0.021670014321042666,-0.014998182508204233,-0.011595749984206193,0.006186044373723627,-0.02062455162468023,0.00655373860952423,-0.015988747767954142,-0.017941144826030618,-0.017214576041852375,-0.004203067317613475,0.06242774304580586,0.04003099613644037,-0.017959142896617722,0.004393274099637876,-0.00786280942333361,-0.022971333125965034,0.012287756564704055,-0.002258789893124736,0.008329951660236232,0.03354107448334788,-0.01744901066460054,-0.02839582891120449,0.03841378439854237,-0.04341526815425989,0.014362786090110505,0.045927119270133834,-0.03968995796421482,0.018797896258742213,-0.02572983980545554,-0.010502571403631838,0.04003099613644037,0.09259199077118138,-0.0003389412116588293,0.020587968882841,-0.02333926920334717,-0.020832261009059584,-0.010988677021824758,-0.0373812714762157,0.016507103919436678,0.032664753294277524,-0.051046067278870455,-0.030484959462478436,0.010347219235485153,-0.058935258599143864,0.0612609789607748,0.05970885114958499,0.01026930465987618,0.03381707994181751,-0.001228285919099082,-0.011389921204750256,-0.017959142896617722,-0.0003389412116588293,0.07426666507493666,0.010683010504094141,-0.009226008170355095,0.011545380978448124,-0.004933584618731992,-0.04555183478373069,0.00950200010919785,0.0028353248822906253,-0.020782281723176504,0.0008215526220561422,0.013301371504339521,-0.01716195572760633,0.01777509437482432,0.021031994554401974,-0.0017329145556285249,0.019007484204762393,-0.0017585243207066783,-0.0039496043751181716,0.004393274099637876,0.020587968882841,0.010683010504094141,0.03713047410258055,-0.016277694824646343,0.0040670372429247,-0.009079493476380655,-0.01696723509671707,0.021668254861031126,-0.0020093460118805885,0.029972468120140913,0.004297296439476629,0.00044519143772737935,0.010713287718350742,-0.009609460304731083,-0.026412047467794447,-0.010873763974632307,-0.0072751550839444,-0.0038447569360934874,0.012033569179252275,-0.00786280942333361,-0.02333926920334717,-0.009226008170355095,-0.016277694824646343,0.06038597606056442,-0.013912100689962743,0.0008772124854661311,0.02895042180099789,-0.011066313687344655,-0.023700675253254394,-0.04227419527917939,-0.005484052426168479,-0.0034486360405720532,-0.0017287072501362888,-0.00035243225928411714,0.016884101635137774,0.020882249255662275,0.004070979995041488,0.004893633818338032,0.0029467316492105726,-0.022971333125965034,-0.020832261009059584,0.011545380978448124,0.0040670372429247,-0.013912100689962743,0.058392711412669246,-0.017237266680094225,-0.015537105569566428,-0.009248584869715689,0.0007827644756719869,0.03901844103548055,-0.0012041664897546093,-0.041768426986670854,0.04065039112083613,-0.021274091257983227,-0.03202107124859099,0.007015457759187138,-0.01875556414277634,0.014645776092986323,-0.014722583955365822,0.012287756564704055,-0.010988677021824758,-0.004933584618731992,-0.009079493476380655,0.0008772124854661311,-0.017237266680094225,0.06663670349837851,0.029465957269592204,-0.0004186412232519874,0.006687616640645629,0.07424935641376293,0.030475835838939737,-0.018363772425249447,0.06939035756705053,-0.06534314463797028,-0.07744655353686594,0.00021613268981387612,-0.038413722143560855,0.0075156715115228525,0.013736098766249384,-0.002258789893124736,-0.0373812714762157,-0.04555183478373069,-0.01696723509671707,0.02895042180099789,-0.015537105569566428,0.029465957269592204,0.0945014352265798,-0.01189150844578971,-0.009581263393781054,-0.01125024285524809,-0.008013443113200125,0.00207099742815227,-0.018436758395589524,0.015752741502849527,0.010268610788377128,-0.0041394172546001945,0.022136742730061786,-0.0063844829388449075,-0.0016080837749803856,0.008329951660236232,0.016507103919436678,0.00950200010919785,0.021668254861031126,-0.011066313687344655,-0.009248584869715689,-0.0004186412232519874,-0.01189150844578971,0.0545229540128047,-0.007584292279215806,-0.007226718979778861,-0.04169191271334473,0.007941146186094239,-0.01111266448532646,-0.023695650803431806,0.024344973283709298,0.006078617089941502,-0.001765467443270014,-0.0247469814455066,0.0020297666924910564,0.03354107448334788,0.032664753294277524,0.0028353248822906253,-0.0020093460118805885,-0.023700675253254394,0.0007827644756719869,0.006687616640645629,-0.009581263393781054,-0.007584292279215806,0.09842264697996128
