0.021532338178005556,0.005504318210836072,0.0014270390348979237,-0.004177702464109621,0.021966070932982862,-0.010437096615053286,0.0014408176179487727,-0.004122129931145802,0.002384088391719063,0.0164429017108497,-0.008720774050837043,-0.009280526241058766,-0.002808865142331555,0.01727339924116455,-0.009278709112429099,-0.01697130694743027,-0.00903022047212056,-0.005388976184976383,0.026919208081645274,-0.003765641249091206,0.005504318210836072,0.023834853822725988,0.00456549711751396,-0.0036244299262851217,0.012461392506997768,-0.006794921687653237,0.0009881752923903734,0.003520569198166902,-0.0026955390083375336,0.012852251549745003,-0.002312372309912579,-0.007925573242873709,-0.002925640164748111,0.012007787752437507,-0.01974655688055977,-0.00484985929487491,-0.0029046508835688274,-0.00247479437567048,0.013040507345579678,-0.00900366934600936,0.0014270390348979237,0.00456549711751396,0.01816106151071857,0.0019308658169786923,-0.005554111725749733,0.005154520397524046,0.0030286522380203766,0.004843093430075585,-0.0035284476248963084,-0.00153665725177271,0.0017544874339313226,0.0011189625168367178,0.0013153769745782432,-0.0027265664711095356,-0.0007956020139657379,0.009731028942847959,0.0009085858344779316,-0.0006269368626676578,-0.007689496448778008,-0.0014303309680774993,-0.004177702464109621,-0.0036244299262851217,0.0019308658169786923,0.023542515642951914,-0.004074452227236097,0.002334057940634253,-0.004998642276570974,-0.0017654392412214898,0.0047584093471032055,-0.005220401700661697,0.0008436035144797633,0.0044415529682650026,0.004538453367796811,-0.00833071820287371,0.007648838205589695,0.005047523100420325,0.0014148935745321239,0.007539334274150824,-0.009957133694528025,-0.0009487583226855439,0.021966070932982862,0.012461392506997768,-0.005554111725749733,-0.004074452227236097,0.10488627610878372,-0.05436349734885186,-0.014415894475876715,-0.019782767244008,0.015756977426010232,0.06487664835420581,-0.031878040686934055,-0.04289315223147987,-0.004061347258855503,0.05363842583322384,-0.04192255850723305,-0.07768917242867752,-0.029842312207263133,-0.0018142986249317836,0.09904080228527133,-0.031541169739587496,-0.010437096615053286,-0.006794921687653237,0.005154520397524046,0.002334057940634253,-0.05436349734885186,0.057047798089387605,0.0063751627747826636,0.012764488200101856,-0.013204929845370483,-0.0458491334606789,0.029631158489365025,0.028069168882710334,0.006385210568649744,-0.03432470713874692,0.0230742545561001,0.05915296247161485,0.019627964184899163,0.0007557852181953405,-0.06757420524633362,0.023260866234673744,0.0014408176179487727,0.0009881752923903734,0.0030286522380203766,-0.004998642276570974,-0.014415894475876715,0.0063751627747826636,0.023376084149336156,0.006082724469619302,-0.007564799323852348,-0.00735007012298944,0.006593050661342858,0.0015051195350292063,-0.0017738585946785118,-0.002125216107680527,-0.004261239448641121,0.008543062962028315,0.0015085522321499271,-0.0023399336171063658,-0.004533833439697263,-0.0010152235359690747,-0.004122129931145802,0.003520569198166902,0.004843093430075585,-0.0017654392412214898,-0.019782767244008,0.012764488200101856,0.006082724469619302,0.017792997020659458,-0.00427874782783998,-0.00750553807156891,0.007672053383425569,0.007791066280097736,0.0018725180042852986,-0.008525294488779232,-0.000660523098602218,0.02065890721278369,0.0039001574793498866,-0.002740394407382376,-0.020628059797146263,0.003941579853696345,0.002384088391719063,-0.0026955390083375336,-0.0035284476248963084,0.0047584093471032055,0.015756977426010232,-0.013204929845370483,-0.007564799323852348,-0.00427874782783998,0.01676890248885854,0.006357648585665612,-0.006306899552372566,-0.004978319604418744,0.0004952141952884398,0.00490710089202181,0.003862592240192767,-0.019770636500162187,-0.0023981113382541656,0.007470087300172078,0.015477301133472952,-0.0077054597111312784,0.0164429017108497,0.012852251549745003,-0.00153665725177271,-0.005220401700661697,0.06487664835420581,-0.0458491334606789,-0.00735007012298944,-0.00750553807156891,0.006357648585665612,0.07272449551985641,-0.02438682734625819,-0.0355448616333713,-0.0074852153634675615,0.04395532657580292,-0.043817613400852926,-0.05688522418240023,-0.022672538451401183,-0.009655262971424761,0.07554864878044157,-0.026263056459441013,-0.008720774050837043,-0.002312372309912579,0.0017544874339313226,0.0008436035144797633,-0.031878040686934055,0.029631158489365025,0.006593050661342858,0.007672053383425569,-0.006306899552372566,-0.02438682734625819,0.03436387675189155,0.014095708141743938,0.0040871244243913165,-0.017955906566221622,0.003582886985654162,0.03638051144535778,0.009582220093985062,0.0038237563744254223,-0.03869969359139468,0.011548824828063247,-0.009280526241058766,-0.007925573242873709,0.0011189625168367178,0.0044415529682650026,-0.04289315223147987,0.028069168882710334,0.0015051195350292063,0.007791066280097736,-0.004978319604418744,-0.0355448616333713,0.014095708141743938,0.04162736603557788,0.003457093401587344,-0.027545374961638835,0.029338541144840594,0.034362997609489195,0.017541075127683672,0.004054199376845001,-0.05149150488595732,0.0170837682410859,-0.002808865142331555,-0.002925640164748111,0.0013153769745782432,0.004538453367796811,-0.004061347258855503,0.006385210568649744,-0.0017738585946785118,0.0018725180042852986,0.0004952141952884398,-0.0074852153634675615,0.0040871244243913165,0.003457093401587344,0.016018169345994045,-0.006840732392194619,0.004409391710021268,0.007580297923133979,0.0035672424303439367,0.002587292406373299,-0.009665366929913932,0.0022305376862584657,0.01727339924116455,0.012007787752437507,-0.0027265664711095356,-0.00833071820287371,0.05363842583322384,-0.03432470713874692,-0.002125216107680527,-0.008525294488779232,0.00490710089202181,0.04395532657580292,-0.017955906566221622,-0.027545374961638835,-0.006840732392194619,0.04900313659017659,-0.032475699459490484,-0.04828335834047028,-0.018770834131624572,-0.009272759527978836,0.06431881429155144,-0.016690315107379745,-0.009278709112429099,-0.01974655688055977,-0.0007956020139657379,0.007648838205589695,-0.04192255850723305,0.0230742545561001,-0.004261239448641121,-0.000660523098602218,0.003862592240192767,-0.043817613400852926,0.003582886985654162,0.029338541144840594,0.004409391710021268,-0.032475699459490484,0.0705800585743763,0.022156434628706437,0.015838548089018203,0.006115438759289982,-0.04706738044913121,0.025916176444078502,-0.01697130694743027,-0.00484985929487491,0.009731028942847959,0.005047523100420325,-0.07768917242867752,0.05915296247161485,0.008543062962028315,0.02065890721278369,-0.019770636500162187,-0.05688522418240023,0.03638051144535778,0.034362997609489195,0.007580297923133979,-0.04828335834047028,0.022156434628706437,0.0918053488773147,0.028523447135686397,0.004553632412875175,-0.09339393058756804,0.02214299113753322,-0.00903022047212056,-0.0029046508835688274,0.0009085858344779316,0.0014148935745321239,-0.029842312207263133,0.019627964184899163,0.0015085522321499271,0.0039001574793498866,-0.0023981113382541656,-0.022672538451401183,0.009582220093985062,0.017541075127683672,0.0035672424303439367,-0.018770834131624572,0.015838548089018203,0.028523447135686397,0.024128230088264778,0.0036952466989475527,-0.035236518751851464,0.011591631185542569,-0.005388976184976383,-0.00247479437567048,-0.0006269368626676578,0.007539334274150824,-0.0018142986249317836,0.0007557852181953405,-0.0023399336171063658,-0.002740394407382376,0.007470087300172078,-0.009655262971424761,0.0038237563744254223,0.004054199376845001,0.002587292406373299,-0.009272759527978836,0.006115438759289982,0.004553632412875175,0.0036952466989475527,0.03065597709900042,-0.008741200913517972,-0.002730656672668437,0.026919208081645274,0.013040507345579678,-0.007689496448778008,-0.009957133694528025,0.09904080228527133,-0.06757420524633362,-0.004533833439697263,-0.020628059797146263,0.015477301133472952,0.07554864878044157,-0.03869969359139468,-0.05149150488595732,-0.009665366929913932,0.06431881429155144,-0.04706738044913121,-0.09339393058756804,-0.035236518751851464,-0.008741200913517972,0.12833402374126143,-0.031280607680401584,-0.003765641249091206,-0.00900366934600936,-0.0014303309680774993,-0.0009487583226855439,-0.031541169739587496,0.023260866234673744,-0.0010152235359690747,0.003941579853696345,-0.0077054597111312784,-0.026263056459441013,0.011548824828063247,0.0170837682410859,0.0022305376862584657,-0.016690315107379745,0.025916176444078502,0.02214299113753322,0.011591631185542569,-0.002730656672668437,-0.031280607680401584,0.03118565724025651
