0.026711716061618256,0.008489455651180759,-0.0044708355065570925,0.012209386273442093,-0.0025778115029646293,-0.012997334681123077,0.006432588040013383,0.01586593466208997,-0.0035184288325386852,-0.0019449701316718911,-0.006720011648905644,-0.012188945119508871,-0.01162827848057398,-0.005546758073537914,0.001948975861841177,0.012021404585994253,-0.00684277468314319,-0.007434183415484826,0.008945278180011621,0.012903401790074903,0.008489455651180759,0.03601611257619321,-0.005032532968181189,0.004992571910807443,-0.0068323704152001095,-0.006951670942933483,-0.00034181462738375776,0.01494643524041939,-0.0017681989237677885,-0.005598174500892929,-0.008424989822902192,-0.003542526598903715,-0.012487480228866435,-0.011754423590872805,-0.0008395392700116465,0.005070086218115242,-0.013317393105376912,-0.003533038119202009,0.010907418282123774,0.010308674981467193,-0.0044708355065570925,-0.005032532968181189,0.03818743682828246,-0.00993182728128154,0.0033462027766917256,-0.0025247558056509874,-0.0018174941732881414,-0.0027450719269407698,-0.0025801817144609743,-0.0018864009052873745,0.004090376739725399,0.010648672047704547,0.0009909779258899186,0.006240342542791228,-0.0020304002016279504,-0.004276133648114477,-0.003990628620551249,0.008865992422059866,-0.007109792886889546,-0.0060181068090715654,0.012209386273442093,0.004992571910807443,-0.00993182728128154,0.037644541520300785,-0.009008827656999022,0.008426650323194054,0.005077779604970351,0.0027512243519563855,0.0024219500522808333,0.0025366004555030176,0.0019114328112021083,0.0003990144084311684,-0.00015162599860966405,-0.003417596493061753,-0.003647637828915427,0.011209737681785117,0.0019676182829444335,-0.005696162280793472,-0.0029109189586808727,0.010085144974835734,-0.0025778115029646293,-0.0068323704152001095,0.0033462027766917256,-0.009008827656999022,0.01859502362312575,-0.004029944479055647,-0.0020227760032378674,-0.004724501047264815,0.0035438269332326933,0.004423911129192911,0.003993109354676736,0.0016930385929112782,0.003358139379763732,0.001263415108749354,0.0035686678808651796,-0.00348442225049788,0.0047765790888346996,0.00046685598984329545,-0.0004810298758899978,-0.008308566440879144,-0.012997334681123077,-0.006951670942933483,-0.0025247558056509874,0.008426650323194054,-0.004029944479055647,0.03883220746625231,-0.011169559889441209,-0.018287370030939942,0.0043114234469086195,-0.005089270882242156,0.005615046596823547,0.01989959950321757,0.011402878352245464,0.012489846357889859,-0.0037823224191001464,-0.000517947710040008,0.022939612080176225,0.007288698895158636,-0.015384236147484178,-0.015155022443784973,0.006432588040013383,-0.00034181462738375776,-0.0018174941732881414,0.005077779604970351,-0.0020227760032378674,-0.011169559889441209,0.01902780399040437,0.00907902249731863,-0.0016019240947349688,0.005936496776191184,-0.002784454130640083,-0.015309013438956999,-0.002477620794181357,-0.0008641939125738031,0.008111186704987526,0.00577929047291622,-0.0018220502586569847,-0.00491083914320624,0.0020782851497338326,0.0024969479834219955,0.01586593466208997,0.01494643524041939,-0.0027450719269407698,0.0027512243519563855,-0.004724501047264815,-0.018287370030939942,0.00907902249731863,0.038107240749725865,-0.0007794222363021685,-0.0009191705244311991,-0.010658586700001605,-0.02014366615346557,-0.007979254983766945,-0.010827247038430906,0.00016019172622040042,0.004095697786661353,-0.01848246251607647,-0.007915516432353682,0.016238583142270627,0.022441120119964977,-0.0035184288325386852,-0.0017681989237677885,-0.0025801817144609743,0.0024219500522808333,0.0035438269332326933,0.0043114234469086195,-0.0016019240947349688,-0.0007794222363021685,0.024628937549811755,0.008187736893224336,0.00745299600989617,0.00553402871964288,0.00834294898419088,0.0010182828586326577,0.0012189708145469945,-0.006011320380616577,0.004244737961720334,0.003106090502287804,-0.0012800833350616468,-0.0021527272497193044,-0.0019449701316718911,-0.005598174500892929,-0.0018864009052873745,0.0025366004555030176,0.004423911129192911,-0.005089270882242156,0.005936496776191184,-0.0009191705244311991,0.008187736893224336,0.0270155801360022,0.007408037532749464,-0.00728100125500686,0.006596138610356694,0.0004273272860834278,0.010359684635945964,-0.002676203724125406,0.0011283410718109115,-0.010956792816373344,0.004559167259864485,-0.0038860588276269188,-0.006720011648905644,-0.008424989822902192,0.004090376739725399,0.0019114328112021083,0.003993109354676736,0.005615046596823547,-0.002784454130640083,-0.010658586700001605,0.00745299600989617,0.007408037532749464,0.024322331979559204,0.007748775014080518,0.006555164442840543,0.005997148027672056,0.005919288903489163,-0.0020512282322033134,0.012264739026498571,0.0012928041938037645,-0.0005162237245139931,-0.004653479433926163,-0.012188945119508871,-0.003542526598903715,0.010648672047704547,0.0003990144084311684,0.0016930385929112782,0.01989959950321757,-0.015309013438956999,-0.02014366615346557,0.00553402871964288,-0.00728100125500686,0.007748775014080518,0.036433562000164475,0.0036601753011520676,0.0070909440157219,-0.00631058231876591,0.0005570405561183154,0.01533927845312992,0.017755049808006247,-0.011479898603893712,-0.00963981368420326,-0.01162827848057398,-0.012487480228866435,0.0009909779258899186,-0.00015162599860966405,0.003358139379763732,0.011402878352245464,-0.002477620794181357,-0.007979254983766945,0.00834294898419088,0.006596138610356694,0.006555164442840543,0.0036601753011520676,0.03141006307143771,0.011973578336907195,0.004735664715002232,-0.011356847986455431,0.01578947290509805,0.002087106782078867,-0.012476590219728408,-0.013350126231666733,-0.005546758073537914,-0.011754423590872805,0.006240342542791228,-0.003417596493061753,0.001263415108749354,0.012489846357889859,-0.0008641939125738031,-0.010827247038430906,0.0010182828586326577,0.0004273272860834278,0.005997148027672056,0.0070909440157219,0.011973578336907195,0.025834878777463474,0.005975996190925438,-0.007326085238871792,0.01051287237461196,0.00562151711907081,-0.010339147828009536,-0.010055370377591586,0.001948975861841177,-0.0008395392700116465,-0.0020304002016279504,-0.003647637828915427,0.0035686678808651796,-0.0037823224191001464,0.008111186704987526,0.00016019172622040042,0.0012189708145469945,0.010359684635945964,0.005919288903489163,-0.00631058231876591,0.004735664715002232,0.005975996190925438,0.026217053830794815,-0.01142061995415592,0.005041498449151009,-0.008126548705902754,0.0027578262266350208,-0.0034964626915118748,0.012021404585994253,0.005070086218115242,-0.004276133648114477,0.011209737681785117,-0.00348442225049788,-0.000517947710040008,0.00577929047291622,0.004095697786661353,-0.006011320380616577,-0.002676203724125406,-0.0020512282322033134,0.0005570405561183154,-0.011356847986455431,-0.007326085238871792,-0.01142061995415592,0.045725586726848205,-0.001196559307199621,0.0023695833029085,0.008006012828529635,0.0064253130775647465,-0.00684277468314319,-0.013317393105376912,-0.003990628620551249,0.0019676182829444335,0.0047765790888346996,0.022939612080176225,-0.0018220502586569847,-0.01848246251607647,0.004244737961720334,0.0011283410718109115,0.012264739026498571,0.01533927845312992,0.01578947290509805,0.01051287237461196,0.005041498449151009,-0.001196559307199621,0.04562934194446786,0.0070080404871906326,-0.011715798888082284,-0.017300831587303098,-0.007434183415484826,-0.003533038119202009,0.008865992422059866,-0.005696162280793472,0.00046685598984329545,0.007288698895158636,-0.00491083914320624,-0.007915516432353682,0.003106090502287804,-0.010956792816373344,0.0012928041938037645,0.017755049808006247,0.002087106782078867,0.00562151711907081,-0.008126548705902754,0.0023695833029085,0.0070080404871906326,0.029962492066621525,-0.0072325088012032855,-7.480577926946702e-5,0.008945278180011621,0.010907418282123774,-0.007109792886889546,-0.0029109189586808727,-0.0004810298758899978,-0.015384236147484178,0.0020782851497338326,0.016238583142270627,-0.0012800833350616468,0.004559167259864485,-0.0005162237245139931,-0.011479898603893712,-0.012476590219728408,-0.010339147828009536,0.0027578262266350208,0.008006012828529635,-0.011715798888082284,-0.0072325088012032855,0.03511574499949069,0.017579950006328893,0.012903401790074903,0.010308674981467193,-0.0060181068090715654,0.010085144974835734,-0.008308566440879144,-0.015155022443784973,0.0024969479834219955,0.022441120119964977,-0.0021527272497193044,-0.0038860588276269188,-0.004653479433926163,-0.00963981368420326,-0.013350126231666733,-0.010055370377591586,-0.0034964626915118748,0.0064253130775647465,-0.017300831587303098,-7.480577926946702e-5,0.017579950006328893,0.038794134079855366
0.05758957016201593,0.03248445034572342,0.006344449648373679,0.022583320032263425,0.0023288376794675446,-0.030245485303147017,0.002090381989738932,0.029196785340997802,-0.0035861443244290508,0.008934035449552957,-0.014792293129084444,-0.02708200653676282,-0.022094351870581286,-0.01920377434686839,-0.0005447123159816182,0.014273802232485906,-0.02272695963012808,-0.012717733980859862,0.0028243559132937967,0.024319979114688025,0.03248445034572342,0.07122025357185927,0.003564956575219329,0.01896990470753223,-0.0053547969298530515,-0.027663123463725767,0.004404002499916222,0.035024143421171106,-0.010016718619219366,0.005259043992345948,0.0026964787794240726,-0.025505441394676708,-0.017592650311786674,-0.02733736636202143,-0.005627832194541467,0.018576987322887484,-0.022461416089544044,-0.021116038794382543,0.022169869238385258,0.028388950575410014,0.006344449648373679,0.003564956575219329,0.026667102867617178,0.0017915889635969687,0.0022724517285694808,-0.0010699567305860963,-0.0005147713140003292,0.008522393399178475,0.010431604566665923,0.004268820437750136,-0.002118627066514067,0.011226049919567244,-0.004920533561827142,-0.0029835950798554815,0.000866268591905019,-0.001800288542351306,-0.004925006222288289,-0.0034574804911181997,0.008354100368995513,0.0013938961508270188,0.022583320032263425,0.01896990470753223,0.0017915889635969687,0.0308063376630756,0.0039190866971205215,-0.0038640789395774223,0.009651768852676249,0.01179408054496934,0.0002336861905812977,0.004597023776473778,-0.005293871020131936,-0.00727494917666319,-0.005080835615641968,-0.006970815878897214,-0.0012840471715812032,0.014778470270974134,-0.0015675365444154554,-0.00554839669767669,0.004166839279134387,0.011823211073982445,0.0023288376794675446,-0.0053547969298530515,0.0022724517285694808,0.0039190866971205215,0.020483679560863763,0.00600102666290221,-0.0031683076261305315,-0.007522969148859279,0.011500976573117164,0.0025100268686746524,-0.0025697251487410695,0.0013205264857225852,0.017070524130710786,0.012506723398773067,0.004787616257738854,-0.009728960514974343,0.003395478587399978,0.007195074535754089,-0.0018768882085487305,-0.009496637377911572,-0.030245485303147017,-0.027663123463725767,-0.0010699567305860963,-0.0038640789395774223,0.00600102666290221,0.0533334401321557,-0.003736071336840664,-0.02539378422663567,0.006381566487986814,-0.00858829525013844,0.009187672913165131,0.019748276765588012,0.013981242803541544,0.021125357195927685,0.007345190962125378,0.0020180948686910013,0.039260305435965,0.014881458448468124,-0.007011027607037997,-0.017801585785885768,0.002090381989738932,0.004404002499916222,-0.0005147713140003292,0.009651768852676249,-0.0031683076261305315,-0.003736071336840664,0.014614679170703021,0.00791680937902281,-0.0018344692236029157,0.003628250525863179,-0.003612739411521953,-0.00708828743108636,-0.0069229597630922745,-0.006866556948030028,0.002210008542236187,0.01052137656481432,0.000179257486669862,-0.004936571343945635,0.0033178380468992567,0.0026890801874358073,0.029196785340997802,0.035024143421171106,0.008522393399178475,0.01179408054496934,-0.007522969148859279,-0.02539378422663567,0.00791680937902281,0.05480964354420965,-0.003252106138462667,0.005525623323445495,-0.011824683238236405,-0.022690897497304442,-0.025985716746513232,-0.03244291020006007,-0.0025481469040263566,0.012842898097019655,-0.02589501411339587,-0.022856381653065014,0.016761811774614763,0.03822426492170554,-0.0035861443244290508,-0.010016718619219366,0.010431604566665923,0.0002336861905812977,0.011500976573117164,0.006381566487986814,-0.0018344692236029157,-0.003252106138462667,0.033640817914667435,0.00937187716861958,-0.0035691649195182043,0.0163677080249196,0.013942140986205586,0.011131374373826743,0.012521847012316812,-0.020316793023860004,-0.003794843161092831,0.008066197054557172,0.0014294229685729667,-0.008531250280418661,0.008934035449552957,0.005259043992345948,0.004268820437750136,0.004597023776473778,0.0025100268686746524,-0.00858829525013844,0.003628250525863179,0.005525623323445495,0.00937187716861958,0.032791111633527895,-0.0009185813495213836,-0.0037839635138732434,-0.008875836004438049,-0.006975841922110046,0.01014305622173301,0.004290352771825344,-0.004440235812597266,-0.005776681776747543,-0.0009575835977160445,-0.0005348648167820822,-0.014792293129084444,0.0026964787794240726,-0.002118627066514067,-0.005293871020131936,-0.0025697251487410695,0.009187672913165131,-0.003612739411521953,-0.011824683238236405,-0.0035691649195182043,-0.0009185813495213836,0.02831767764021698,0.006630314709833701,0.015195785589005898,0.011508497754516728,0.007527519030248235,-0.003642403216357507,0.012059545905638569,0.0019065979591802958,0.00466173747605644,-0.00828534360318381,-0.02708200653676282,-0.025505441394676708,0.011226049919567244,-0.00727494917666319,0.0013205264857225852,0.019748276765588012,-0.00708828743108636,-0.022690897497304442,0.0163677080249196,-0.0037839635138732434,0.006630314709833701,0.04579348903899014,0.010790621859471987,0.019446339848407535,0.0019658377651467244,-0.013173943518923294,0.013437713967226667,0.014454004017952693,-0.0025375410606736336,-0.020087842509575238,-0.022094351870581286,-0.017592650311786674,-0.004920533561827142,-0.005080835615641968,0.017070524130710786,0.013981242803541544,-0.0069229597630922745,-0.025985716746513232,0.013942140986205586,-0.008875836004438049,0.015195785589005898,0.010790621859471987,0.06326072113996158,0.03758264157412102,0.016170618542424964,-0.029527826086057557,0.011486478576203697,0.019076208506837708,-0.0029337943568555815,-0.02201515978690807,-0.01920377434686839,-0.02733736636202143,-0.0029835950798554815,-0.006970815878897214,0.012506723398773067,0.021125357195927685,-0.006866556948030028,-0.03244291020006007,0.011131374373826743,-0.006975841922110046,0.011508497754516728,0.019446339848407535,0.03758264157412102,0.04723509532313399,0.006376014369221571,-0.018810693715367886,0.017446232784243218,0.024823097255622265,-0.008742774224508401,-0.02661372125312758,-0.0005447123159816182,-0.005627832194541467,0.000866268591905019,-0.0012840471715812032,0.004787616257738854,0.007345190962125378,0.002210008542236187,-0.0025481469040263566,0.012521847012316812,0.01014305622173301,0.007527519030248235,0.0019658377651467244,0.016170618542424964,0.006376014369221571,0.033745276834932156,-0.012308059945017161,0.004229728768390572,0.0020862646086546107,-0.0002036478892383188,-0.0034349157924493546,0.014273802232485906,0.018576987322887484,-0.001800288542351306,0.014778470270974134,-0.009728960514974343,0.0020180948686910013,0.01052137656481432,0.012842898097019655,-0.020316793023860004,0.004290352771825344,-0.003642403216357507,-0.013173943518923294,-0.029527826086057557,-0.018810693715367886,-0.012308059945017161,0.051917668685463866,0.008792815607898918,-0.01283261011929325,0.004224468678149358,0.016880441421121502,-0.02272695963012808,-0.022461416089544044,-0.004925006222288289,-0.0015675365444154554,0.003395478587399978,0.039260305435965,0.000179257486669862,-0.02589501411339587,-0.003794843161092831,-0.004440235812597266,0.012059545905638569,0.013437713967226667,0.011486478576203697,0.017446232784243218,0.004229728768390572,0.008792815607898918,0.045301975179106946,0.010663248892727522,-0.00993188816845618,-0.01640144359491303,-0.012717733980859862,-0.021116038794382543,-0.0034574804911181997,-0.00554839669767669,0.007195074535754089,0.014881458448468124,-0.004936571343945635,-0.022856381653065014,0.008066197054557172,-0.005776681776747543,0.0019065979591802958,0.014454004017952693,0.019076208506837708,0.024823097255622265,0.0020862646086546107,-0.01283261011929325,0.010663248892727522,0.03158648790071192,-0.011137220959352467,-0.015354066946133144,0.0028243559132937967,0.022169869238385258,0.008354100368995513,0.004166839279134387,-0.0018768882085487305,-0.007011027607037997,0.0033178380468992567,0.016761811774614763,0.0014294229685729667,-0.0009575835977160445,0.00466173747605644,-0.0025375410606736336,-0.0029337943568555815,-0.008742774224508401,-0.0002036478892383188,0.004224468678149358,-0.00993188816845618,-0.011137220959352467,0.03171713137237494,0.008715844410249127,0.024319979114688025,0.028388950575410014,0.0013938961508270188,0.011823211073982445,-0.009496637377911572,-0.017801585785885768,0.0026890801874358073,0.03822426492170554,-0.008531250280418661,-0.0005348648167820822,-0.00828534360318381,-0.020087842509575238,-0.02201515978690807,-0.02661372125312758,-0.0034349157924493546,0.016880441421121502,-0.01640144359491303,-0.015354066946133144,0.008715844410249127,0.04729125713087467
