0.029982012429169768,0.01436373941677033,-0.00014158172353117497,0.014933616926452675,-0.003098367875052345,-0.01583692555436433,0.004343224558839472,0.016500723847365673,-0.005439402663929413,-0.0018354356691283572,-0.008070921497291883,-0.01506191649994274,-0.011863872427366907,-0.00873239825765817,-0.00019771245752235454,0.009344872398249434,-0.014478661874171472,-0.006165163468545246,0.007960611001819499,0.015304899172940579,0.01436373941677033,0.03992853148825658,-0.0006591150466246677,0.011331443775618746,-0.006499195846737757,-0.013019728471738228,0.0051052664230374755,0.02023499947017913,-0.004298085137485834,0.002123798784673556,-0.0035527050894589127,-0.012569814319331473,-0.012522222686604231,-0.015236927127848224,-0.0014533428842424846,0.009253543815725544,-0.012513106330921418,-0.005835713798769404,0.013878292661611632,0.01663654981433153,-0.00014158172353117497,-0.0006591150466246677,0.0244455274631368,-0.0054714342331687775,0.0046016163591411224,0.0013645968329516404,-0.0025603637735825686,0.0015677732322467897,0.00546398656691378,0.0017087213206090543,0.001023592281068256,0.008589787696683455,0.0022970905154037226,0.003056835264333005,0.000973894986741633,-0.0038694427150448045,-0.00016418701194965556,0.0024754492635438233,0.0022995705449879358,-0.005002973316825447,0.014933616926452675,0.011331443775618746,-0.0054714342331687775,0.03023856334744869,-0.0022011450704697098,-0.00022473176930531125,0.007659311148730905,0.002239955649383226,-0.001472079294588364,0.005799710503549626,0.0004591900295069657,-0.004649998834856776,-0.0016652399048828184,-0.004928934091498801,-0.0006118177769690411,0.012473671139479382,0.0004008013118437444,-0.0043275388893851945,-0.00013612007026745602,0.009206976069558026,-0.003098367875052345,-0.006499195846737757,0.0046016163591411224,-0.0022011450704697098,0.01666459638496296,0.0025136748702297134,-0.0026784756362467294,-0.006865311644769369,0.007486720435617099,0.004932708546633057,0.0025550944134379054,0.002136047411800998,0.010367318026520453,0.005819403703210586,0.0037025527884164975,-0.006248576424654452,0.003994198598831033,0.0006873391912202937,-0.0016782187794410664,-0.008483350630560074,-0.01583692555436433,-0.013019728471738228,0.0013645968329516404,-0.00022473176930531125,0.0025136748702297134,0.03905684446833355,-0.009934783755043385,-0.022119789175950033,0.0067670437148185224,-0.003582578036372435,0.008580689623911696,0.0202666542522354,0.01004105556548747,0.012987650344256562,0.0013789190978050108,0.0018527442379819151,0.026250869190357934,0.010027582912955217,-0.01037034423953161,-0.018578093294477967,0.004343224558839472,0.0051052664230374755,-0.0025603637735825686,0.007659311148730905,-0.0026784756362467294,-0.009934783755043385,0.014811178634602717,0.007868799475937343,-0.003605260047761543,0.005294256206948409,-0.0023751268150937026,-0.011612953726466597,-0.0032961150287398435,-0.00490082117947692,0.005626304920393677,0.00516614487951194,-0.0017623592457509264,-0.00461299262505227,0.0036144119341563015,0.004440277228794514,0.016500723847365673,0.02023499947017913,0.0015677732322467897,0.002239955649383226,-0.006865311644769369,-0.022119789175950033,0.007868799475937343,0.043575205764936925,-0.001341127528187058,1.971527874062361e-5,-0.011843676781273169,-0.01914107572694946,-0.012261528426951532,-0.017540232731158574,0.001106902514171349,0.0002332217755257706,-0.02190147735663415,-0.008834394156410023,0.019906306428082988,0.027981266329862926,-0.005439402663929413,-0.004298085137485834,0.00546398656691378,-0.001472079294588364,0.007486720435617099,0.0067670437148185224,-0.003605260047761543,-0.001341127528187058,0.03091318064723051,0.011196237000168,0.003844296070225386,0.010203655407396546,0.01207902086242477,0.006140442814292012,0.0069040755156098595,-0.016589546857009127,0.0001507945058688886,0.00457677398290293,-1.3156693139627334e-7,-0.0049433902858016816,-0.0018354356691283572,0.002123798784673556,0.0017087213206090543,0.005799710503549626,0.004932708546633057,-0.003582578036372435,0.005294256206948409,1.971527874062361e-5,0.011196237000168,0.025714637566297747,0.006990667258036954,-0.0028601808715724504,0.006319222623891561,-0.0006485959165772558,0.008253680195558947,-0.00227263673439468,0.0036883473416305605,-0.004912141278041231,0.003249651060465853,-0.0023181049760015995,-0.008070921497291883,-0.0035527050894589127,0.001023592281068256,0.0004591900295069657,0.0025550944134379054,0.008580689623911696,-0.0023751268150937026,-0.011843676781273169,0.003844296070225386,0.006990667258036954,0.019430948257106888,0.006611874936595819,0.008167632161138022,0.006551416320084749,0.004127316399262333,-0.00027579246557371507,0.014696137201179373,0.0021554802315929896,-0.0032558814321857824,-0.007664456540805945,-0.01506191649994274,-0.012569814319331473,0.008589787696683455,-0.004649998834856776,0.002136047411800998,0.0202666542522354,-0.011612953726466597,-0.01914107572694946,0.010203655407396546,-0.0028601808715724504,0.006611874936595819,0.036368500946144425,0.005602917791145629,0.014117488306196692,-0.00120883986686002,-0.004707655128518616,0.015556180643441931,0.013192609239274514,-0.009265006101563156,-0.015374498426995665,-0.011863872427366907,-0.012522222686604231,0.0022970905154037226,-0.0016652399048828184,0.010367318026520453,0.01004105556548747,-0.0032961150287398435,-0.012261528426951532,0.01207902086242477,0.006319222623891561,0.008167632161138022,0.005602917791145629,0.03423753557370492,0.015112629112701916,0.007423565555517348,-0.009804151136156493,0.012511290443037342,0.005807927822228557,-0.00779389696433327,-0.014062780005384934,-0.00873239825765817,-0.015236927127848224,0.003056835264333005,-0.004928934091498801,0.005819403703210586,0.012987650344256562,-0.00490082117947692,-0.017540232731158574,0.006140442814292012,-0.0006485959165772558,0.006551416320084749,0.014117488306196692,0.015112629112701916,0.03044022740651938,0.0014165673600790836,-0.003043380122891501,0.010528812735630815,0.008988389814029312,-0.007613787379137937,-0.013482012542737773,-0.00019771245752235454,-0.0014533428842424846,0.000973894986741633,-0.0006118177769690411,0.0037025527884164975,0.0013789190978050108,0.005626304920393677,0.001106902514171349,0.0069040755156098595,0.008253680195558947,0.004127316399262333,-0.00120883986686002,0.007423565555517348,0.0014165673600790836,0.023466126739676615,-0.009720563897300593,0.004673390884601015,-0.003041153102380836,0.0019712846575124397,-0.002265695833406102,0.009344872398249434,0.009253543815725544,-0.0038694427150448045,0.012473671139479382,-0.006248576424654452,0.0018527442379819151,0.00516614487951194,0.0002332217755257706,-0.016589546857009127,-0.00227263673439468,-0.00027579246557371507,-0.004707655128518616,-0.009804151136156493,-0.003043380122891501,-0.009720563897300593,0.04070032819962603,0.0014281960115802967,-0.0006744701950049512,0.005905243949652519,0.006021808764430036,-0.014478661874171472,-0.012513106330921418,-0.00016418701194965556,0.0004008013118437444,0.003994198598831033,0.026250869190357934,-0.0017623592457509264,-0.02190147735663415,0.0001507945058688886,0.0036883473416305605,0.014696137201179373,0.015556180643441931,0.012511290443037342,0.010528812735630815,0.004673390884601015,0.0014281960115802967,0.04109084834698391,0.00643948022161472,-0.010990116805490549,-0.01822009882418965,-0.006165163468545246,-0.005835713798769404,0.0024754492635438233,-0.0043275388893851945,0.0006873391912202937,0.010027582912955217,-0.00461299262505227,-0.008834394156410023,0.00457677398290293,-0.004912141278041231,0.0021554802315929896,0.013192609239274514,0.005807927822228557,0.008988389814029312,-0.003041153102380836,-0.0006744701950049512,0.00643948022161472,0.02246442067816196,-0.006379141215406161,-0.005527315343212078,0.007960611001819499,0.013878292661611632,0.0022995705449879358,-0.00013612007026745602,-0.0016782187794410664,-0.01037034423953161,0.0036144119341563015,0.019906306428082988,-1.3156693139627334e-7,0.003249651060465853,-0.0032558814321857824,-0.009265006101563156,-0.00779389696433327,-0.007613787379137937,0.0019712846575124397,0.005905243949652519,-0.010990116805490549,-0.006379141215406161,0.031054223324172965,0.013783534013379955,0.015304899172940579,0.01663654981433153,-0.005002973316825447,0.009206976069558026,-0.008483350630560074,-0.018578093294477967,0.004440277228794514,0.027981266329862926,-0.0049433902858016816,-0.0023181049760015995,-0.007664456540805945,-0.015374498426995665,-0.014062780005384934,-0.013482012542737773,-0.002265695833406102,0.006021808764430036,-0.01822009882418965,-0.005527315343212078,0.013783534013379955,0.038800311488041916
