0.1308544124008077,0.03652334726057675,-0.004850751005969755,0.08115841590082981,-0.04871991677033159,-0.057765279862200265,-0.008943502063749751,-0.07662286608399711,-0.023248348655348715,0.02313367702708484,0.03220684869464619,-0.0047371088387237435,-0.03399578601066426,-0.007790703003333492,0.046239071834448864,-0.05911234165837597,0.004593204948448127,0.097940162236546,-0.020797964802847665,-0.030698905356605053,0.03652334726057675,0.0700326287374114,-0.026963480920645003,0.05156253343738668,-0.013863010271177614,-0.04160468616187288,-0.004860893976191374,-0.039621620966253525,0.01785858264907938,-0.002919123745498832,0.000832060556465122,-0.005099256298269178,-0.009410192937204517,-0.008313071325407383,0.03186404447345556,-0.00959662540769501,0.0013729604653756904,0.02718244493137549,-0.018192037573944386,-0.008550782007160121,-0.004850751005969755,-0.026963480920645003,0.0922801180971094,-0.0512354623334335,0.022289657805413962,0.01706778528210947,-0.041088216105181166,0.03851078353632696,-0.03193368301409698,0.010933452975438025,-0.02843608611539771,0.014974756883078928,0.024711994766540075,-0.005643475343000829,0.012906322000277021,-0.00920940519522833,-0.0216606999159375,-0.014626665051377427,0.009002716014777843,-0.025900647784415025,0.08115841590082981,0.05156253343738668,-0.0512354623334335,0.10547826273873628,-0.04529789727521956,-0.04901809804630752,0.008044365092691505,-0.07267717812055097,0.005885909463217462,0.012284984153179659,0.020840446049047223,-0.016412547189392043,-0.03359002348097018,0.000522648257255242,0.025328515144515798,-0.02356134823491573,0.015171607424014574,0.07026864725243952,-0.013810799904757991,-0.006279452758777675,-0.04871991677033159,-0.013863010271177614,0.022289657805413962,-0.04529789727521956,0.05322308302357532,0.027144556462489117,-0.003935042025648684,0.03768693089501281,0.0028646955156064,-0.004890329349438924,-0.015218484322322954,0.0080216585862353,0.017527884528530227,-0.005973989055922455,-0.004301886479745144,0.020544623377562736,-0.008947622530339799,-0.05004171556883536,0.00977071804048263,-0.014950375458322975,-0.057765279862200265,-0.04160468616187288,0.01706778528210947,-0.04901809804630752,0.027144556462489117,0.05415192356462816,0.0005075649092548293,0.04547466611671969,-0.007104396380385303,-5.395352557413683e-6,-0.014060108453455514,0.005703160529712106,0.018815304407051064,0.008584583778351087,-0.03402155550587502,0.029330582267651163,-0.007224495417949703,-0.0337892383071655,0.016250387438618164,0.005201908306548006,-0.008943502063749751,-0.004860893976191374,-0.041088216105181166,0.008044365092691505,-0.003935042025648684,0.0005075649092548293,0.044547628952468936,-0.016201773503171382,0.02026672248765336,-0.00971032268465213,0.016865782407908286,-0.012786216378893994,-0.011846520506882473,0.002614347227097428,-0.020911469096477606,0.01623341797526854,0.012190379870185872,-0.020303419954553557,0.0003299606024513785,0.019236460387577304,-0.07662286608399711,-0.039621620966253525,0.03851078353632696,-0.07267717812055097,0.03768693089501281,0.04547466611671969,-0.016201773503171382,0.07901648843264608,-0.004423319690979878,-0.013101237168707647,-0.03131706198015037,0.01004563629628839,0.030239350418887215,0.007212557129839502,-0.023324424583968432,0.027456781048586787,-0.011906747941710802,-0.062497588532364645,0.01734936322536874,0.002957780548837629,-0.023248348655348715,0.01785858264907938,-0.03193368301409698,0.005885909463217462,0.0028646955156064,-0.007104396380385303,0.02026672248765336,-0.004423319690979878,0.04662202487996715,-0.016947914843969566,-0.0006753993570041021,-0.009632439673721672,0.003916611162260075,-0.0068574202701114275,-0.01872250496176221,0.018936717026628767,0.01298209241303824,-0.040776497598796146,-0.0004065433280790933,0.01913450411116379,0.02313367702708484,-0.002919123745498832,0.010933452975438025,0.012284984153179659,-0.004890329349438924,-5.395352557413683e-6,-0.00971032268465213,-0.013101237168707647,-0.016947914843969566,0.026212061723852365,-0.002052124664948648,0.0038252752933734765,-0.008203713493763344,0.0013187453734833502,0.005728542777863981,-0.007780514773398781,-0.006571765681129356,0.03645632385264453,3.570900917641308e-5,-0.014915085644505943,0.03220684869464619,0.000832060556465122,-0.02843608611539771,0.020840446049047223,-0.015218484322322954,-0.014060108453455514,0.016865782407908286,-0.03131706198015037,-0.0006753993570041021,-0.002052124664948648,0.03945346164104256,-0.004648553986504606,-0.019723931673632476,-0.0038010808541843978,0.003160679972450329,-0.014360540758546064,0.009605706763720367,0.020419706879514665,-0.006213709200817567,0.007156802023338679,-0.0047371088387237435,-0.005099256298269178,0.014974756883078928,-0.016412547189392043,0.0080216585862353,0.005703160529712106,-0.012786216378893994,0.01004563629628839,-0.009632439673721672,0.0038252752933734765,-0.004648553986504606,0.02198697320079153,0.0034910889836800747,0.0002331274791066419,0.004141232976706382,-0.00480264660002329,-0.012344997440432333,-0.0003501380789272099,-0.002021027029126608,-0.006682469665315147,-0.03399578601066426,-0.009410192937204517,0.024711994766540075,-0.03359002348097018,0.017527884528530227,0.018815304407051064,-0.011846520506882473,0.030239350418887215,0.003916611162260075,-0.008203713493763344,-0.019723931673632476,0.0034910889836800747,0.03827998210028699,0.0030458316504884337,-0.010972429231233535,0.012112775614944477,-0.0017423819455024685,-0.03489384237108753,0.00865285401472055,0.010250602420385627,-0.007790703003333492,-0.008313071325407383,-0.005643475343000829,0.000522648257255242,-0.005973989055922455,0.008584583778351087,0.002614347227097428,0.007212557129839502,-0.0068574202701114275,0.0013187453734833502,-0.0038010808541843978,0.0002331274791066419,0.0030458316504884337,0.01827556996831962,-0.008012911712807233,0.002793118501902377,-0.001486897146721195,0.010763871846327587,0.003957773561328702,0.00333171670382279,0.046239071834448864,0.03186404447345556,0.012906322000277021,0.025328515144515798,-0.004301886479745144,-0.03402155550587502,-0.020911469096477606,-0.023324424583968432,-0.01872250496176221,0.005728542777863981,0.003160679972450329,0.004141232976706382,-0.010972429231233535,-0.008012911712807233,0.06261757314637756,-0.027619548761428636,-0.010427418548732416,0.03771901702799701,-0.01504816165586703,-0.02694678240548391,-0.05911234165837597,-0.00959662540769501,-0.00920940519522833,-0.02356134823491573,0.020544623377562736,0.029330582267651163,0.01623341797526854,0.027456781048586787,0.018936717026628767,-0.007780514773398781,-0.014360540758546064,-0.00480264660002329,0.012112775614944477,0.002793118501902377,-0.027619548761428636,0.05084748029002452,-0.0010276139099534187,-0.05108445009608707,0.007978287587845787,0.01010002877033435,0.004593204948448127,0.0013729604653756904,-0.0216606999159375,0.015171607424014574,-0.008947622530339799,-0.007224495417949703,0.012190379870185872,-0.011906747941710802,0.01298209241303824,-0.006571765681129356,0.009605706763720367,-0.012344997440432333,-0.0017423819455024685,-0.001486897146721195,-0.010427418548732416,-0.0010276139099534187,0.024700725748714354,-0.00028303191383617133,0.00029435450345564364,0.017813311539914913,0.097940162236546,0.02718244493137549,-0.014626665051377427,0.07026864725243952,-0.05004171556883536,-0.0337892383071655,-0.020303419954553557,-0.062497588532364645,-0.040776497598796146,0.03645632385264453,0.020419706879514665,-0.0003501380789272099,-0.03489384237108753,0.010763871846327587,0.03771901702799701,-0.05108445009608707,-0.00028303191383617133,0.14277231404109755,-0.017241497878515956,-0.023146798857814795,-0.020797964802847665,-0.018192037573944386,0.009002716014777843,-0.013810799904757991,0.00977071804048263,0.016250387438618164,0.0003299606024513785,0.01734936322536874,-0.0004065433280790933,3.570900917641308e-5,-0.006213709200817567,-0.002021027029126608,0.00865285401472055,0.003957773561328702,-0.01504816165586703,0.007978287587845787,0.00029435450345564364,-0.017241497878515956,0.024667111743281147,0.0017901626137579725,-0.030698905356605053,-0.008550782007160121,-0.025900647784415025,-0.006279452758777675,-0.014950375458322975,0.005201908306548006,0.019236460387577304,0.002957780548837629,0.01913450411116379,-0.014915085644505943,0.007156802023338679,-0.006682469665315147,0.010250602420385627,0.00333171670382279,-0.02694678240548391,0.01010002877033435,0.017813311539914913,-0.023146798857814795,0.0017901626137579725,0.05240011369549936
0.06849089920066105,0.017019850525074286,-0.0025302867079764523,0.044564212791116525,-0.0334467950152264,-0.04590234940510632,-5.7801428231990434e-5,-0.04132573811032582,-0.003951434674351807,0.011848903269408188,0.013480848427052442,-0.0017203977483484358,-0.023975801947161014,-0.013078753762579835,0.01358583580602082,-0.02341606361560894,0.018438255160198074,0.04380460222293965,-0.011889374781912775,-0.010968191338134179,0.017019850525074286,0.026102394110747114,-0.006436839504534706,0.01875012719578488,-0.008687156982263754,-0.017334194913955527,-0.0014150735501864905,-0.00514165367130581,0.0040992037572989345,-0.0038006514782201895,0.0012958726201460946,0.0015745350789862886,-0.014288474387855625,0.00150832728997281,-0.0002080431545781491,-0.004577877859061781,0.0005055270572110955,0.012553867004243357,-0.006130049877118828,-0.009161960992401456,-0.0025302867079764523,-0.006436839504534706,0.029225970266278795,-0.011406401680584637,-0.0031826400372753187,0.007568942644967628,-0.00601850363716902,-0.0017990254420611781,-0.00471631707731905,0.005633292398166505,-0.0026232514821105954,0.002855493812454163,0.0036551295989330733,-4.7264573810616034e-5,0.0020155563007305845,0.003800238149677735,-0.005579765976880674,-0.0008506784622237039,0.0009469639140722973,0.005133034063807116,0.044564212791116525,0.01875012719578488,-0.011406401680584637,0.05377148220352498,-0.016821314888719213,-0.036186985988137695,-0.004785472486453673,-0.026725410078540835,-0.001293192674539423,0.0010886667001039426,0.013323207206120525,4.653198888361221e-5,-0.026775518527138185,-0.007210616858917721,0.005215404865645104,-0.0179874204825655,0.011489779977582798,0.02810016332042438,-0.005582965019031558,-0.010541920742635044,-0.0334467950152264,-0.008687156982263754,-0.0031826400372753187,-0.016821314888719213,0.04226016961922128,0.025220671016708766,0.0016050044124701337,0.028382121593241785,0.004972362727524448,-0.007167708895495088,-0.01158291147709489,-0.0011926975948665097,0.01584566510938152,0.0036347563655614165,-0.0056559522959709,0.007789946187981256,-0.012257599797528856,-0.02601153376310074,0.005522340070270396,-0.008477336138184922,-0.04590234940510632,-0.017334194913955527,0.007568942644967628,-0.036186985988137695,0.025220671016708766,0.050621003555683976,0.00041313284963536237,0.033122697470437966,-0.0019645131383428946,-0.0040937750200470465,-0.012845665565018233,0.0014288797989711615,0.0253595734753514,0.007310659908739215,-0.00878087630378643,0.018158588696651767,-0.018956093119791965,-0.039414634376491106,0.007214574170463287,0.008421804178798939,-5.7801428231990434e-5,-0.0014150735501864905,-0.00601850363716902,-0.004785472486453673,0.0016050044124701337,0.00041313284963536237,0.018320968413432896,-0.0024833022827305414,0.0019267178613568373,-0.0006005869066921272,-0.0020707012629275104,-0.005292378606078796,0.0009201949451778672,0.0037831255053382053,1.5614254308783684e-5,0.0031998363273208633,-0.00011412641003781337,-0.0023001678580142756,-4.1577403089979484e-5,0.004217394764096391,-0.04132573811032582,-0.00514165367130581,-0.0017990254420611781,-0.026725410078540835,0.028382121593241785,0.033122697470437966,-0.0024833022827305414,0.053408142443518804,0.007712515355195179,-0.014146069539988346,-0.01971179620415712,0.005744708663405328,0.015079474600973178,0.0097094215853836,-0.013402643255273319,0.019798160768015667,-0.016995730128244145,-0.04204413275958751,0.010047473607535405,-0.005141975413845398,-0.003951434674351807,0.0040992037572989345,-0.00471631707731905,-0.001293192674539423,0.004972362727524448,-0.0019645131383428946,0.0019267178613568373,0.007712515355195179,0.021082401994047147,-0.005000176190569814,-0.008462571834077509,-0.002388958121147236,0.001706962148676789,0.004297723994666443,0.0002841233140837909,0.001973784286667591,0.0016438697941219774,-0.005230052618621252,0.0007780982787369016,-0.007444576437228725,0.011848903269408188,-0.0038006514782201895,0.005633292398166505,0.0010886667001039426,-0.007167708895495088,-0.0040937750200470465,-0.0006005869066921272,-0.014146069539988346,-0.005000176190569814,0.0191967891497289,0.0037431604611740353,-0.0014208824998707382,-0.0029798770319208676,-0.0030334185619845713,0.0077030872412938425,-0.005345862821995616,0.0013302241731135943,0.013396457041909579,-0.005729761088238609,0.003694553965700162,0.013480848427052442,0.0012958726201460946,-0.0026232514821105954,0.013323207206120525,-0.01158291147709489,-0.012845665565018233,-0.0020707012629275104,-0.01971179620415712,-0.008462571834077509,0.0037431604611740353,0.02249750795855158,0.000449098532504773,-0.010944507965946652,-0.0035775778431316415,0.00019161631812180822,-0.005203706801903943,0.0065092649961531,0.015151507900358956,-0.0037680531705686117,0.009750393928930961,-0.0017203977483484358,0.0015745350789862886,0.002855493812454163,4.653198888361221e-5,-0.0011926975948665097,0.0014288797989711615,-0.005292378606078796,0.005744708663405328,-0.002388958121147236,-0.0014208824998707382,0.000449098532504773,0.02376781747912469,-0.004351219469687435,0.0023342978896509574,-0.0019222268512252335,0.007091408955813129,-0.008468411196607416,-0.008232821782258554,0.0035488614954086815,0.0016284080303606585,-0.023975801947161014,-0.014288474387855625,0.0036551295989330733,-0.026775518527138185,0.01584566510938152,0.0253595734753514,0.0009201949451778672,0.015079474600973178,0.001706962148676789,-0.0029798770319208676,-0.010944507965946652,-0.004351219469687435,0.03198538363219868,0.0012000093284713193,-0.0005756075655247673,0.0071794265195434985,-0.005179608295071674,-0.0209335084353453,0.004485697961644381,0.006261833774192599,-0.013078753762579835,0.00150832728997281,-4.7264573810616034e-5,-0.007210616858917721,0.0036347563655614165,0.007310659908739215,0.0037831255053382053,0.0097094215853836,0.004297723994666443,-0.0030334185619845713,-0.0035775778431316415,0.0023342978896509574,0.0012000093284713193,0.01738632456774852,-0.0010387846108659803,0.006470992123183032,-0.004094654364868463,-0.008239939245256742,0.0027441134213813797,-0.000757049782250702,0.01358583580602082,-0.0002080431545781491,0.0020155563007305845,0.005215404865645104,-0.0056559522959709,-0.00878087630378643,1.5614254308783684e-5,-0.013402643255273319,0.0002841233140837909,0.0077030872412938425,0.00019161631812180822,-0.0019222268512252335,-0.0005756075655247673,-0.0010387846108659803,0.02747511229574983,-0.006802985677962352,0.005295740387887664,0.012524256043454383,-0.00528067650643989,0.0025679476609258116,-0.02341606361560894,-0.004577877859061781,0.003800238149677735,-0.0179874204825655,0.007789946187981256,0.018158588696651767,0.0031998363273208633,0.019798160768015667,0.001973784286667591,-0.005345862821995616,-0.005203706801903943,0.007091408955813129,0.0071794265195434985,0.006470992123183032,-0.006802985677962352,0.024347923522469336,-0.01435940607374658,-0.020652649764712025,0.007200963376649069,0.00032550515140759926,0.018438255160198074,0.0005055270572110955,-0.005579765976880674,0.011489779977582798,-0.012257599797528856,-0.018956093119791965,-0.00011412641003781337,-0.016995730128244145,0.0016438697941219774,0.0013302241731135943,0.0065092649961531,-0.008468411196607416,-0.005179608295071674,-0.004094654364868463,0.005295740387887664,-0.01435940607374658,0.02926698284895254,0.0178202752393931,-0.001015384716558316,0.004880213325277258,0.04380460222293965,0.012553867004243357,-0.0008506784622237039,0.02810016332042438,-0.02601153376310074,-0.039414634376491106,-0.0023001678580142756,-0.04204413275958751,-0.005230052618621252,0.013396457041909579,0.015151507900358956,-0.008232821782258554,-0.0209335084353453,-0.008239939245256742,0.012524256043454383,-0.020652649764712025,0.0178202752393931,0.05908775646019642,-0.014842986903886121,-0.004888655791603136,-0.011889374781912775,-0.006130049877118828,0.0009469639140722973,-0.005582965019031558,0.005522340070270396,0.007214574170463287,-4.1577403089979484e-5,0.010047473607535405,0.0007780982787369016,-0.005729761088238609,-0.0037680531705686117,0.0035488614954086815,0.004485697961644381,0.0027441134213813797,-0.00528067650643989,0.007200963376649069,-0.001015384716558316,-0.014842986903886121,0.018776732993112204,-0.0026800074634656308,-0.010968191338134179,-0.009161960992401456,0.005133034063807116,-0.010541920742635044,-0.008477336138184922,0.008421804178798939,0.004217394764096391,-0.005141975413845398,-0.007444576437228725,0.003694553965700162,0.009750393928930961,0.0016284080303606585,0.006261833774192599,-0.000757049782250702,0.0025679476609258116,0.00032550515140759926,0.004880213325277258,-0.004888655791603136,-0.0026800074634656308,0.04000202403052012
