0.04525811043629558,-0.00296429933087372,-0.013148179911808519,0.01411322245715133,0.003672253893611207,0.009022748739536741,0.0022968879348696384,-0.024897377052930915,0.03557612983924635,-0.017283903230604015,0.02608966879922893,0.027122308160570048,-0.03110186516334399,-0.03013448013094166,-0.03213324326617634,0.030676334857601517,-0.017208511670740667,-0.015192741766265797,-0.007108618554507115,0.04914780423110093,-0.00296429933087372,0.07209041751498518,0.015291541235974346,0.02415947643867406,0.06160594247204816,-0.012247963255575606,-0.030092763855250646,9.762922029056629e-5,0.005136367804521291,-0.0014525184873238873,-0.006997256040841839,0.007383775660198983,0.033356348800353916,-0.05590338629719974,-0.013826103305638316,-0.020974612516310807,-0.00314477992362002,-0.0008339916027999576,0.0012875692202252251,0.007896503437502716,-0.013148179911808519,0.015291541235974346,0.045919253504732804,-0.001110012092675981,0.02682537845932122,-0.0035093566177631834,-0.00034916010292377004,0.020936014323424644,-0.009876817600362785,0.01759146190288296,-0.013935411723615915,-0.011392749981556196,0.02922279012338328,0.01950898995805136,0.022452614351245296,-0.02875977757994145,0.014141923563392247,0.007359851620807946,0.006474749338150256,-0.025645012062849394,0.01411322245715133,0.02415947643867406,-0.001110012092675981,0.035857752931682585,0.03149306228504953,-0.0013987781579812317,-0.012778205313020024,-0.013368714677371041,0.025055796294495673,-0.004923538510920547,-0.0032880278021529415,0.011961891384982576,0.003346690861650412,-0.04255389813714397,-0.017690247404642992,-0.005340007076339083,0.0007028881270702861,-0.006088999868446929,0.010146482317627194,0.01773919920949177,0.003672253893611207,0.06160594247204816,0.02682537845932122,0.03149306228504953,0.10373954590805382,-0.022813801846546918,-0.03538705767447482,0.022709365467326468,0.011284407380293206,0.003399397167223494,-0.011365719638943114,0.009960458153222291,0.0488934782036156,-0.04631876662383569,0.006271755576933482,-0.04997423829330483,0.003208637345689808,-0.009914069072432266,-0.007953596595203663,0.003717838634016783,0.009022748739536741,-0.012247963255575606,-0.0035093566177631834,-0.0013987781579812317,-0.022813801846546918,0.02582150894812941,0.014547883634143622,-0.015408828976232476,0.010634300670534638,-0.006040257457901346,-0.0058208848891307076,-0.0030499061242645494,-0.02533323308746104,0.0033551539333887374,-0.009468686198564558,0.02117894257631501,0.0032391365734888247,0.012885745153202767,0.024492844174826004,-0.012972281903475335,0.0022968879348696384,-0.030092763855250646,-0.00034916010292377004,-0.012778205313020024,-0.03538705767447482,0.014547883634143622,0.042009526138733634,0.005504237221416987,0.0027379436570863338,0.0031284215639895497,-0.0018208166394927002,-0.011169416775261542,-0.021022293756947245,0.045850401916093714,0.011046159241597266,0.017313247041274814,0.010786612890407145,0.01525323987921225,0.01628867380911375,-0.022914991619105436,-0.024897377052930915,9.762922029056629e-5,0.020936014323424644,-0.013368714677371041,0.022709365467326468,-0.015408828976232476,0.005504237221416987,0.06607554288751007,-0.023621968484419782,0.01944173440886439,-0.02017894342558057,-0.01993458380896892,0.03573502066301995,0.04877429243824659,0.051409633990909115,-0.03886462971310263,0.022233217622769145,0.003213843291450965,-0.004109819184668207,-0.05123512402082951,0.03557612983924635,0.005136367804521291,-0.009876817600362785,0.025055796294495673,0.011284407380293206,0.010634300670534638,0.0027379436570863338,-0.023621968484419782,0.05352889196168009,-0.01878551068004912,0.010145310694013795,0.01955747484146371,-0.02660266583232676,-0.03362293595509485,-0.02907625542036202,0.02242951579240767,-0.0035794138897253048,-0.01203060200357526,0.012731173206874294,0.02959645931122696,-0.017283903230604015,-0.0014525184873238873,0.01759146190288296,-0.004923538510920547,0.003399397167223494,-0.006040257457901346,0.0031284215639895497,0.01944173440886439,-0.01878551068004912,0.03918010691597831,-0.010148723380360863,-0.01657145556669868,0.02600148052738218,0.031349645824972176,0.029714242366414546,-0.020876125384040576,0.008718876503083926,0.0025901665275939174,0.00022928792830903847,-0.019098851088545962,0.02608966879922893,-0.006997256040841839,-0.013935411723615915,-0.0032880278021529415,-0.011365719638943114,-0.0058208848891307076,-0.0018208166394927002,-0.02017894342558057,0.010145310694013795,-0.010148723380360863,0.04914577491830692,0.02845618957485002,-0.017233969110437265,-0.022905053764374246,-0.03138989576531774,0.029669052383189363,-0.03094168140495143,-0.013903232487267447,-0.03848609734508869,0.06705313660467047,0.027122308160570048,0.007383775660198983,-0.011392749981556196,0.011961891384982576,0.009960458153222291,-0.0030499061242645494,-0.011169416775261542,-0.01993458380896892,0.01955747484146371,-0.01657145556669868,0.02845618957485002,0.04152265940065755,-0.008246128169636723,-0.044005249370534474,-0.0336215861719629,0.01654932510428752,-0.025848468036835597,-0.015984050810624626,-0.02695065209649746,0.059211759391170626,-0.03110186516334399,0.033356348800353916,0.02922279012338328,0.003346690861650412,0.0488934782036156,-0.02533323308746104,-0.021022293756947245,0.03573502066301995,-0.02660266583232676,0.02600148052738218,-0.017233969110437265,-0.008246128169636723,0.08162719671241771,-0.0006177509996370296,0.0361712004882084,-0.05823740192159548,0.013822182111300946,0.0006053096683084588,-0.015938107374103394,-0.018799782001049477,-0.03013448013094166,-0.05590338629719974,0.01950898995805136,-0.04255389813714397,-0.04631876662383569,0.0033551539333887374,0.045850401916093714,0.04877429243824659,-0.03362293595509485,0.031349645824972176,-0.022905053764374246,-0.044005249370534474,-0.0006177509996370296,0.12595814027314448,0.06415179156194759,-0.005971104138615171,0.028525752246690274,0.02688663834904341,0.020647672445044396,-0.08567240319864594,-0.03213324326617634,-0.013826103305638316,0.022452614351245296,-0.017690247404642992,0.006271755576933482,-0.009468686198564558,0.011046159241597266,0.051409633990909115,-0.02907625542036202,0.029714242366414546,-0.03138989576531774,-0.0336215861719629,0.0361712004882084,0.06415179156194759,0.07811471684990126,-0.035841602101333116,0.030676429154898384,0.006707266630795215,0.005211552259403191,-0.06895535500034179,0.030676334857601517,-0.020974612516310807,-0.02875977757994145,-0.005340007076339083,-0.04997423829330483,0.02117894257631501,0.017313247041274814,-0.03886462971310263,0.02242951579240767,-0.020876125384040576,0.029669052383189363,0.01654932510428752,-0.05823740192159548,-0.005971104138615171,-0.035841602101333116,0.0925652467562396,-0.026353595070156176,0.0007083227969781299,0.0038984882038104597,0.04320070893000928,-0.017208511670740667,-0.00314477992362002,0.014141923563392247,0.0007028881270702861,0.003208637345689808,0.0032391365734888247,0.010786612890407145,0.022233217622769145,-0.0035794138897253048,0.008718876503083926,-0.03094168140495143,-0.025848468036835597,0.013822182111300946,0.028525752246690274,0.030676429154898384,-0.026353595070156176,0.042111340462065924,0.012984754306520515,0.033250266035514675,-0.05870283322301753,-0.015192741766265797,-0.0008339916027999576,0.007359851620807946,-0.006088999868446929,-0.009914069072432266,0.012885745153202767,0.01525323987921225,0.003213843291450965,-0.01203060200357526,0.0025901665275939174,-0.013903232487267447,-0.015984050810624626,0.0006053096683084588,0.02688663834904341,0.006707266630795215,0.0007083227969781299,0.012984754306520515,0.03871777604938372,0.030093277383907113,-0.04206648749069988,-0.007108618554507115,0.0012875692202252251,0.006474749338150256,0.010146482317627194,-0.007953596595203663,0.024492844174826004,0.01628867380911375,-0.004109819184668207,0.012731173206874294,0.00022928792830903847,-0.03848609734508869,-0.02695065209649746,-0.015938107374103394,0.020647672445044396,0.005211552259403191,0.0038984882038104597,0.033250266035514675,0.030093277383907113,0.08450291278873359,-0.06893077769047704,0.04914780423110093,0.007896503437502716,-0.025645012062849394,0.01773919920949177,0.003717838634016783,-0.012972281903475335,-0.022914991619105436,-0.05123512402082951,0.02959645931122696,-0.019098851088545962,0.06705313660467047,0.059211759391170626,-0.018799782001049477,-0.08567240319864594,-0.06895535500034179,0.04320070893000928,-0.05870283322301753,-0.04206648749069988,-0.06893077769047704,0.15553579039942206
0.07320974944615802,0.018444709668370987,-0.02465227465960257,0.029540250048552832,-0.021463956066217753,0.016362867089625102,0.04831367856005069,-0.05183177251803024,0.05737805879500055,-0.023640639171460705,0.04226386993940827,0.020113412202654994,-0.03292757197675007,-0.014643935009680399,-0.04711889333239313,0.05621355535719289,0.006260365380924563,0.006988695040064015,0.016157872851599434,0.03661773017672078,0.018444709668370987,0.050565171872901125,0.00405522552671418,0.029056039324196217,0.017247997039467673,0.0016507410553713454,-0.016155839877937624,0.0030897138845985238,0.002071687909933156,0.004895573378216436,-0.01982840628979654,0.009376981531564715,0.020315631486766014,-0.02526596962222309,-0.007788881813980415,-0.022761431078451223,-0.017427874055295473,-0.002568779307937032,0.005584988811892906,0.012054247466820541,-0.02465227465960257,0.00405522552671418,0.09922800579606399,-0.000781760033803286,0.03343662731868981,0.009780941895431276,-0.0371631055948312,0.08825461394660297,-0.06802978204287094,0.05385092223925461,-0.04613092665524487,-0.027373020370739493,0.06440374029575496,0.039110535534629204,0.08282677550272653,-0.07475248085064529,0.03794579884406362,-0.02076355909366412,0.0011111843260601898,-0.0978193745033914,0.029540250048552832,0.029056039324196217,-0.000781760033803286,0.046361520633042115,0.006652925505730556,0.0009375024833851216,0.009563848854014557,0.007842676683457048,0.013011892057323645,-0.004341814806009859,-0.0041758188716513114,0.010715194521657758,0.0108625884065912,-0.027497894228597324,-0.001979641024930498,-0.015119600511277835,0.0017471392816944193,-0.0130965355164922,0.0032833542783228054,0.007467345997198265,-0.021463956066217753,0.017247997039467673,0.03343662731868981,0.006652925505730556,0.10978833894698758,-0.014203186024940553,-0.10205735815480478,0.05166782789235351,-0.034416741647868385,0.023747167828834164,-0.021454187490379563,-0.00024299470030370726,0.055334592195643496,-0.05291581483443327,0.043010084202988165,-0.06400874637258575,0.0022042332895008034,-0.01886738277583925,-0.03989887103349654,-0.02478471065876774,0.016362867089625102,0.0016507410553713454,0.009780941895431276,0.0009375024833851216,-0.014203186024940553,0.02682635900120717,0.015508409201117526,-0.024058887788342434,0.018457812308330355,0.0023006086935306626,0.0036463486927642876,-0.00018455982160620922,-0.015604248691269917,-0.000562146195195575,-0.015195977416156,0.025095550013056474,0.007105236253401622,0.014629215503568925,0.02258917875212821,-0.001812315636810525,0.04831367856005069,-0.016155839877937624,-0.0371631055948312,0.009563848854014557,-0.10205735815480478,0.015508409201117526,0.141725722007785,-0.05481680903693022,0.05473563304935104,-0.02620238166167911,0.03226127199144879,0.002588469743206794,-0.05852249874475905,0.06144746232104567,-0.04505151891558572,0.06682055387741904,0.02170514378335074,0.017199605626396306,0.04164685812870688,0.020604467589564503,-0.05183177251803024,0.0030897138845985238,0.08825461394660297,0.007842676683457048,0.05166782789235351,-0.024058887788342434,-0.05481680903693022,0.16593257290630706,-0.10736276041074702,0.05983028334110353,-0.06461997189834442,-0.037608130620611344,0.10269928435026662,0.04794959542538936,0.1358787621286951,-0.13206574127993526,0.037418107173469536,-0.05472401300233537,-0.05004103967511643,-0.11970037859390306,0.05737805879500055,0.002071687909933156,-0.06802978204287094,0.013011892057323645,-0.034416741647868385,0.018457812308330355,0.05473563304935104,-0.10736276041074702,0.10615368785843553,-0.05748193574789319,0.06634518817145839,0.029681429495360935,-0.07736938409329902,-0.04986227504045587,-0.0989846273105909,0.09932635610574392,-0.017618637089361573,0.025478954811138023,0.017355087965765188,0.09135646653120355,-0.023640639171460705,0.004895573378216436,0.05385092223925461,-0.004341814806009859,0.023747167828834164,0.0023006086935306626,-0.02620238166167911,0.05983028334110353,-0.05748193574789319,0.06780444487621044,-0.044452809104965234,-0.017526598487788037,0.053211082507104206,0.0510155494673943,0.07074405798210154,-0.06263654974427701,0.022220319275622916,-0.009190457626877372,-0.0036277857083917477,-0.07334282654591674,0.04226386993940827,-0.01982840628979654,-0.04613092665524487,-0.0041758188716513114,-0.021454187490379563,0.0036463486927642876,0.03226127199144879,-0.06461997189834442,0.06634518817145839,-0.044452809104965234,0.0791927115786705,0.01775997865247472,-0.058675912017106965,-0.028545999537676926,-0.06337230845690242,0.08398352924388641,-0.004392987657085491,0.010034473825034865,-0.006787134504265552,0.05683200330954258,0.020113412202654994,0.009376981531564715,-0.027373020370739493,0.010715194521657758,-0.00024299470030370726,-0.00018455982160620922,0.002588469743206794,-0.037608130620611344,0.029681429495360935,-0.017526598487788037,0.01775997865247472,0.03354983149085071,-0.013457574551239922,-0.02754581935581321,-0.03505922607535844,0.025093233263279648,-0.022012428087532433,0.01103093243675554,0.003208657358561061,0.04722747680386714,-0.03292757197675007,0.020315631486766014,0.06440374029575496,0.0108625884065912,0.055334592195643496,-0.015604248691269917,-0.05852249874475905,0.10269928435026662,-0.07736938409329902,0.053211082507104206,-0.058675912017106965,-0.013457574551239922,0.0926134755306317,0.02109950487501644,0.08922725346896945,-0.10129812754669718,0.0126556560727175,-0.02745921149328019,-0.022410486599087454,-0.07047614127429808,-0.014643935009680399,-0.02526596962222309,0.039110535534629204,-0.027497894228597324,-0.05291581483443327,-0.000562146195195575,0.06144746232104567,0.04794959542538936,-0.04986227504045587,0.0510155494673943,-0.028545999537676926,-0.02754581935581321,0.02109950487501644,0.13825678330224003,0.0619714730951914,-0.024747453470604995,0.03452718364588639,0.0024028031093557417,0.011290853718244905,-0.08183162643104776,-0.04711889333239313,-0.007788881813980415,0.08282677550272653,-0.001979641024930498,0.043010084202988165,-0.015195977416156,-0.04505151891558572,0.1358787621286951,-0.0989846273105909,0.07074405798210154,-0.06337230845690242,-0.03505922607535844,0.08922725346896945,0.0619714730951914,0.14666167723738527,-0.10623986447766762,0.0407330805026717,-0.037421666345786656,-0.0384798273201725,-0.11700763344716586,0.05621355535719289,-0.022761431078451223,-0.07475248085064529,-0.015119600511277835,-0.06400874637258575,0.025095550013056474,0.06682055387741904,-0.13206574127993526,0.09932635610574392,-0.06263654974427701,0.08398352924388641,0.025093233263279648,-0.10129812754669718,-0.024747453470604995,-0.10623986447766762,0.16640212326665538,-0.023308205683327275,0.042844333782213195,0.027177340173681126,0.09808452666568365,0.006260365380924563,-0.017427874055295473,0.03794579884406362,0.0017471392816944193,0.0022042332895008034,0.007105236253401622,0.02170514378335074,0.037418107173469536,-0.017618637089361573,0.022220319275622916,-0.004392987657085491,-0.022012428087532433,0.0126556560727175,0.03452718364588639,0.0407330805026717,-0.023308205683327275,0.06498745180171736,-0.01370994985982972,0.002021095790961499,-0.07119346104796781,0.006988695040064015,-0.002568779307937032,-0.02076355909366412,-0.0130965355164922,-0.01886738277583925,0.014629215503568925,0.017199605626396306,-0.05472401300233537,0.025478954811138023,-0.009190457626877372,0.010034473825034865,0.01103093243675554,-0.02745921149328019,0.0024028031093557417,-0.037421666345786656,0.042844333782213195,-0.01370994985982972,0.0407876967797779,0.03165327842859461,0.0321747366482395,0.016157872851599434,0.005584988811892906,0.0011111843260601898,0.0032833542783228054,-0.03989887103349654,0.02258917875212821,0.04164685812870688,-0.05004103967511643,0.017355087965765188,-0.0036277857083917477,-0.006787134504265552,0.003208657358561061,-0.022410486599087454,0.011290853718244905,-0.0384798273201725,0.027177340173681126,0.002021095790961499,0.03165327842859461,0.07469226396711998,0.011590255532779734,0.03661773017672078,0.012054247466820541,-0.0978193745033914,0.007467345997198265,-0.02478471065876774,-0.001812315636810525,0.020604467589564503,-0.11970037859390306,0.09135646653120355,-0.07334282654591674,0.05683200330954258,0.04722747680386714,-0.07047614127429808,-0.08183162643104776,-0.11700763344716586,0.09808452666568365,-0.07119346104796781,0.0321747366482395,0.011590255532779734,0.15399066625754929
0.027188139062829627,0.0077708666529745,-0.006402250960053638,0.011441282178150219,0.006341879599097317,0.004265341150596106,0.0019496028492152935,-0.009583925270301509,0.013678636868820288,-0.005222657387001535,0.014158789546716104,0.012216528882016617,-0.00269858370784941,-0.018532316045987235,-0.011915185288141825,0.0072979470084747365,-0.005978302913219681,-0.003510306961404016,-0.0029708748393985525,0.02822551267525048,0.0077708666529745,0.04397582660773735,-0.0005881785635087893,0.014516162619970296,0.009568512155088187,0.004520267701473516,-0.004713047381047842,-0.0013214246490349498,0.010268354625040933,0.002078621844898226,-0.0010074699222731587,0.0033476927292800662,-0.007868501420628112,-0.028900892590308855,-0.007426338186656115,0.007543453878685282,-0.0027233796605535933,0.009038955796955133,0.0037961040852340614,0.00663170911310304,-0.006402250960053638,-0.0005881785635087893,0.03162265546031406,-0.008341357587198277,0.008384287656699001,0.004095720592676619,-0.0053724082901946725,0.01994959257251991,-0.01618834651429567,0.004684091491387148,-0.015441149139755223,-0.004765514767128242,0.011366329382076542,0.014343159112622423,0.02576635114781492,-0.013620232662286411,0.006848194061196366,0.005380206591596797,0.00856213920397211,-0.020236988000815963,0.011441282178150219,0.014516162619970296,-0.008341357587198277,0.033939171466407264,0.013937464333779705,-0.002482975906550534,-0.002798209540004092,-0.010399041005849916,0.019925686229794973,-0.003423421704582749,0.006879117173733361,0.01285630489576835,0.00032876136313780336,-0.04125589782389359,-0.019836805617944805,-0.0062842444366757195,0.00023231585125404845,-0.004889926812975068,0.0006207672628864467,0.028256192859167,0.006341879599097317,0.009568512155088187,0.008384287656699001,0.013937464333779705,0.03793224566097458,-0.005627416031773235,-0.016788262972494243,0.011297239028093542,0.004312114391089145,-0.001156330392619544,-0.0035894024687794573,0.0155138474952403,0.017470483538326816,-0.02304770520146184,0.006186900059207568,-0.015547558792874852,0.0008870678433689886,-0.00622170110245988,-0.012937450583255617,0.014017124823868157,0.004265341150596106,0.004520267701473516,0.004095720592676619,-0.002482975906550534,-0.005627416031773235,0.023995607417530995,0.011802680244379905,-0.006589037517981811,0.011181167384380927,0.004365082866306368,-0.0037851745750989586,-0.006185942421723354,-0.007101238741834182,-0.009263397992158907,-0.00458425985901984,0.003599170783168363,-0.0011861376715295502,0.013962513908952435,0.01741550591868759,-0.003662504274153792,0.0019496028492152935,-0.004713047381047842,-0.0053724082901946725,-0.002798209540004092,-0.016788262972494243,0.011802680244379905,0.04253849929265498,-0.008723026780778733,0.010881920985680457,0.010409743114317374,-0.000924205973178997,-0.006852782401421865,-0.008881514391177382,0.01580861018763117,0.004796621906797088,0.0015007584945478983,0.012374094558518355,0.010891871893357588,0.019744618007078985,-0.007237844112448101,-0.009583925270301509,-0.0013214246490349498,0.01994959257251991,-0.010399041005849916,0.011297239028093542,-0.006589037517981811,-0.008723026780778733,0.05106791942845321,-0.032005257800483085,0.004558098135911813,-0.017748340978471448,-0.006522452901038403,0.019053339186607367,0.025821215129340644,0.03826529279116812,-0.022053212956360566,0.02020644878871397,0.008236425153528504,-0.008188913013623525,-0.02416615470896496,0.013678636868820288,0.010268354625040933,-0.01618834651429567,0.019925686229794973,0.004312114391089145,0.011181167384380927,0.010881920985680457,-0.032005257800483085,0.06986438832711321,0.0002892648113958865,0.022309133440911916,0.0159483977214284,-0.01578724244077405,-0.04020726683979249,-0.03559018038592955,0.008678060834606583,-0.013773532515821913,0.00014654400968324745,0.0020757850819207225,0.04270324710232945,-0.005222657387001535,0.002078621844898226,0.004684091491387148,-0.003423421704582749,-0.001156330392619544,0.004365082866306368,0.010409743114317374,0.004558098135911813,0.0002892648113958865,0.023248256143329152,-0.006396932509621629,-0.007361882668589862,0.012639463395854002,0.011139847455126839,0.010196364495905108,-0.011552210593259903,0.011380932332926115,0.002327888384645318,0.008582118847263263,-0.013431495082296949,0.014158789546716104,-0.0010074699222731587,-0.015441149139755223,0.006879117173733361,-0.0035894024687794573,-0.0037851745750989586,-0.000924205973178997,-0.017748340978471448,0.022309133440911916,-0.006396932509621629,0.03696246417662866,0.01205682948740046,-0.01481346548315349,-0.020660722814845645,-0.026633542092775672,0.023204570627151873,-0.019335750883732804,-0.009923062200554889,-0.013641964021053152,0.03397606856676508,0.012216528882016617,0.0033476927292800662,-0.004765514767128242,0.01285630489576835,0.0155138474952403,-0.006185942421723354,-0.006852782401421865,-0.006522452901038403,0.0159483977214284,-0.007361882668589862,0.01205682948740046,0.02927325607107749,0.0020322609599371373,-0.02053897800643211,-0.013932055595034944,0.007847351575629276,-0.004217778795302936,-0.007716362482041512,-0.011375319104555501,0.024775589848408636,-0.00269858370784941,-0.007868501420628112,0.011366329382076542,0.00032876136313780336,0.017470483538326816,-0.007101238741834182,-0.008881514391177382,0.019053339186607367,-0.01578724244077405,0.012639463395854002,-0.01481346548315349,0.0020322609599371373,0.04594924515837498,0.007783985673706539,0.023274909011394028,-0.030212614772974218,0.01895932087524198,-0.008545861429420043,-0.005319036939223749,-0.009976233778287717,-0.018532316045987235,-0.028900892590308855,0.014343159112622423,-0.04125589782389359,-0.02304770520146184,-0.009263397992158907,0.01580861018763117,0.025821215129340644,-0.04020726683979249,0.011139847455126839,-0.020660722814845645,-0.02053897800643211,0.007783985673706539,0.09202706894663122,0.04544364104239877,-0.0037523099784082786,0.012217270410525612,0.011865669131398866,0.004641353431041438,-0.0534521008571167,-0.011915185288141825,-0.007426338186656115,0.02576635114781492,-0.019836805617944805,0.006186900059207568,-0.00458425985901984,0.004796621906797088,0.03826529279116812,-0.03559018038592955,0.010196364495905108,-0.026633542092775672,-0.013932055595034944,0.023274909011394028,0.04544364104239877,0.06416887774588619,-0.03013858256252227,0.022098772387768972,0.010998111375698703,0.006947304819360097,-0.040960784802285016,0.0072979470084747365,0.007543453878685282,-0.013620232662286411,-0.0062842444366757195,-0.015547558792874852,0.003599170783168363,0.0015007584945478983,-0.022053212956360566,0.008678060834606583,-0.011552210593259903,0.023204570627151873,0.007847351575629276,-0.030212614772974218,-0.0037523099784082786,-0.03013858256252227,0.07859921081762716,-0.02583041230851829,0.00788140103341227,0.0004108227989573956,0.02365359145041061,-0.005978302913219681,-0.0027233796605535933,0.006848194061196366,0.00023231585125404845,0.0008870678433689886,-0.0011861376715295502,0.012374094558518355,0.02020644878871397,-0.013773532515821913,0.011380932332926115,-0.019335750883732804,-0.004217778795302936,0.01895932087524198,0.012217270410525612,0.022098772387768972,-0.02583041230851829,0.0443139559764065,0.0035049649412100623,0.010086198616935755,-0.022838905384170924,-0.003510306961404016,0.009038955796955133,0.005380206591596797,-0.004889926812975068,-0.00622170110245988,0.013962513908952435,0.010891871893357588,0.008236425153528504,0.00014654400968324745,0.002327888384645318,-0.009923062200554889,-0.007716362482041512,-0.008545861429420043,0.011865669131398866,0.010998111375698703,0.00788140103341227,0.0035049649412100623,0.03243081455471632,0.01838695534341239,-0.010521570534407824,-0.0029708748393985525,0.0037961040852340614,0.00856213920397211,0.0006207672628864467,-0.012937450583255617,0.01741550591868759,0.019744618007078985,-0.008188913013623525,0.0020757850819207225,0.008582118847263263,-0.013641964021053152,-0.011375319104555501,-0.005319036939223749,0.004641353431041438,0.006947304819360097,0.0004108227989573956,0.010086198616935755,0.01838695534341239,0.0479073516506342,-0.018589653945844036,0.02822551267525048,0.00663170911310304,-0.020236988000815963,0.028256192859167,0.014017124823868157,-0.003662504274153792,-0.007237844112448101,-0.02416615470896496,0.04270324710232945,-0.013431495082296949,0.03397606856676508,0.024775589848408636,-0.009976233778287717,-0.0534521008571167,-0.040960784802285016,0.02365359145041061,-0.022838905384170924,-0.010521570534407824,-0.018589653945844036,0.07887047062930821
