0.021308208739138038,0.005088734738996187,-0.00019883809503829896,-0.003612059088313874,0.01766934306903374,-0.012281819979526331,0.0023885101531203774,-0.002256170356271641,0.0026583740288176204,0.018305095401426427,-0.009383393246796939,-0.008005276406204291,-0.004087657486723935,0.013843459549080707,-0.0086179754478985,-0.015327586291455031,-0.007492796465770958,-0.006060065881463266,0.0232932401951191,-0.003348729110797942,0.005088734738996187,0.023965497683755395,0.002473514050898712,-0.000979335766103963,0.009550228775491599,-0.0058647928833667345,0.0023267253899057604,0.0038444008847615865,-0.003481903302374241,0.012025926357010941,-0.002063413925444451,-0.0054873349820476446,-0.0024266857038497593,0.007368683971608937,-0.01936924855696434,-0.0018906052740789085,-0.0034831608905244327,-0.0023820401791601917,0.009074123365169233,-0.010387256391729705,-0.00019883809503829896,0.002473514050898712,0.01812989416417659,0.0020492950343255073,-0.0057023782937337085,0.006312228370293546,0.0027368494921712425,0.0038237039330134624,-0.0010521529655269707,-0.003719642288869536,0.003851084864685542,0.0002520277309759219,0.0024362934795713973,-0.0031917357659862295,-0.0018498190179912926,0.009003948252427552,0.001337075061181785,0.0016584736470741544,-0.007122213583658839,-0.0019682874766977477,-0.003612059088313874,-0.000979335766103963,0.0020492950343255073,0.021956404269396892,0.0021087818108616835,-0.00037675262526994265,-0.006998218099364441,-0.0023517946168579483,0.005901675915768706,-0.0017225431103710513,0.0006392244141761531,0.0016819299033687955,0.004221301120392316,-0.004415192617743687,0.010287769947056588,-0.00038099791478067384,-0.0016339905613300028,0.00456830974508087,-0.0036984878447789285,-0.0020200657296435354,0.01766934306903374,0.009550228775491599,-0.0057023782937337085,0.0021087818108616835,0.10335637343389656,-0.05971826959679698,-0.021945036589048325,-0.019985413627141332,0.016112574243439464,0.06918239483909139,-0.03708149736773149,-0.03693409810203707,-0.00275592057132127,0.05224907807150861,-0.03401162117186669,-0.08080742981814198,-0.02892953804046397,-0.0036707963485351266,0.09703416829537867,-0.030742045051097795,-0.012281819979526331,-0.0058647928833667345,0.006312228370293546,-0.00037675262526994265,-0.05971826959679698,0.06287621360723668,0.010855412336881542,0.013544882150694786,-0.014021165999409273,-0.05270215437066937,0.034356415912155894,0.02329891119054291,0.004236879575904174,-0.03617396960946073,0.020251835456973157,0.06542323915287848,0.019215890173539082,0.006311840428375258,-0.07109636126189588,0.023516990423944818,0.0023885101531203774,0.0023267253899057604,0.0027368494921712425,-0.006998218099364441,-0.021945036589048325,0.010855412336881542,0.027810154942382946,0.007616320448043855,-0.010908545114073739,-0.012560188230346037,0.0070634499907981626,0.004109834359385405,-0.0038171373641484253,-0.005654989940993002,-0.007340572373228254,0.01728649851104476,0.0052214838990721,-0.0019081906378382273,-0.012527395427987998,0.0005040625950071668,-0.002256170356271641,0.0038444008847615865,0.0038237039330134624,-0.0023517946168579483,-0.019985413627141332,0.013544882150694786,0.007616320448043855,0.01751931083744865,-0.004295520100209858,-0.008801873054870863,0.008682134908103354,0.006443067661290048,0.0014749290183235855,-0.00879334788209631,-0.003909038333076912,0.023644737974565684,0.0023204579699658526,-0.0025325045764198807,-0.019973363695076782,0.002203148546572971,0.0026583740288176204,-0.003481903302374241,-0.0010521529655269707,0.005901675915768706,0.016112574243439464,-0.014021165999409273,-0.010908545114073739,-0.004295520100209858,0.019129143935837683,0.007146592660632865,-0.005253538299301922,-0.004842424817760574,0.0023237121600246944,0.006043366324835231,0.0056627214267525785,-0.02020298507990098,-0.0022743609684490007,0.006942200724120472,0.015542597171488984,-0.007865029205357525,0.018305095401426427,0.012025926357010941,-0.003719642288869536,-0.0017225431103710513,0.06918239483909139,-0.05270215437066937,-0.012560188230346037,-0.008801873054870863,0.007146592660632865,0.08039727216844854,-0.030189271830137067,-0.03138910760049429,-0.006734809612006216,0.044379411589874795,-0.03817859594231318,-0.06637944787498276,-0.023639866608081643,-0.01397830304649494,0.08133055079588672,-0.02389711555262378,-0.009383393246796939,-0.002063413925444451,0.003851084864685542,0.0006392244141761531,-0.03708149736773149,0.034356415912155894,0.0070634499907981626,0.008682134908103354,-0.005253538299301922,-0.030189271830137067,0.03897876982097749,0.01346702539534636,0.004001500200009135,-0.019599693878645977,0.003995192545573375,0.04454322025973555,0.011914453308466494,0.006872537677295108,-0.044686911895134705,0.012146442930530927,-0.008005276406204291,-0.0054873349820476446,0.0002520277309759219,0.0016819299033687955,-0.03693409810203707,0.02329891119054291,0.004109834359385405,0.006443067661290048,-0.004842424817760574,-0.03138910760049429,0.01346702539534636,0.03999167968943248,0.003656383724875538,-0.02407710380166097,0.027562038232754656,0.028725831878885843,0.014872099156964753,0.0035816961943602537,-0.04382778226877344,0.01344396187821774,-0.004087657486723935,-0.0024266857038497593,0.0024362934795713973,0.004221301120392316,-0.00275592057132127,0.004236879575904174,-0.0038171373641484253,0.0014749290183235855,0.0023237121600246944,-0.006734809612006216,0.004001500200009135,0.003656383724875538,0.01698211527543996,-0.0072760952779031395,0.005154512235147864,0.006239781198839273,0.003613331046838861,0.0041314297231020815,-0.009183367249618716,0.0010758312369526003,0.013843459549080707,0.007368683971608937,-0.0031917357659862295,-0.004415192617743687,0.05224907807150861,-0.03617396960946073,-0.005654989940993002,-0.00879334788209631,0.006043366324835231,0.044379411589874795,-0.019599693878645977,-0.02407710380166097,-0.0072760952779031395,0.049184736657080126,-0.03241473982657317,-0.04654167106637437,-0.016293920284961246,-0.00754786735583143,0.06314313968965099,-0.017461829016452025,-0.0086179754478985,-0.01936924855696434,-0.0018498190179912926,0.010287769947056588,-0.03401162117186669,0.020251835456973157,-0.007340572373228254,-0.003909038333076912,0.0056627214267525785,-0.03817859594231318,0.003995192545573375,0.027562038232754656,0.005154512235147864,-0.03241473982657317,0.0766307299708449,0.013226204960115494,0.013609248744690059,0.005424583665774805,-0.04062810946599974,0.0276405777077844,-0.015327586291455031,-0.0018906052740789085,0.009003948252427552,-0.00038099791478067384,-0.08080742981814198,0.06542323915287848,0.01728649851104476,0.023644737974565684,-0.02020298507990098,-0.06637944787498276,0.04454322025973555,0.028725831878885843,0.006239781198839273,-0.04654167106637437,0.013226204960115494,0.10348075339627293,0.025970352030465667,0.008942451203586879,-0.0972575304999651,0.018042110322680598,-0.007492796465770958,-0.0034831608905244327,0.001337075061181785,-0.0016339905613300028,-0.02892953804046397,0.019215890173539082,0.0052214838990721,0.0023204579699658526,-0.0022743609684490007,-0.023639866608081643,0.011914453308466494,0.014872099156964753,0.003613331046838861,-0.016293920284961246,0.013609248744690059,0.025970352030465667,0.024023971395583998,0.004275162713080443,-0.033271497580832726,0.012166412943149846,-0.006060065881463266,-0.0023820401791601917,0.0016584736470741544,0.00456830974508087,-0.0036707963485351266,0.006311840428375258,-0.0019081906378382273,-0.0025325045764198807,0.006942200724120472,-0.01397830304649494,0.006872537677295108,0.0035816961943602537,0.0041314297231020815,-0.00754786735583143,0.005424583665774805,0.008942451203586879,0.004275162713080443,0.029558811216922085,-0.010755744543186663,-0.003403037724102704,0.0232932401951191,0.009074123365169233,-0.007122213583658839,-0.0036984878447789285,0.09703416829537867,-0.07109636126189588,-0.012527395427987998,-0.019973363695076782,0.015542597171488984,0.08133055079588672,-0.044686911895134705,-0.04382778226877344,-0.009183367249618716,0.06314313968965099,-0.04062810946599974,-0.0972575304999651,-0.033271497580832726,-0.010755744543186663,0.12717049981985568,-0.029028242728519074,-0.003348729110797942,-0.010387256391729705,-0.0019682874766977477,-0.0020200657296435354,-0.030742045051097795,0.023516990423944818,0.0005040625950071668,0.002203148546572971,-0.007865029205357525,-0.02389711555262378,0.012146442930530927,0.01344396187821774,0.0010758312369526003,-0.017461829016452025,0.0276405777077844,0.018042110322680598,0.012166412943149846,-0.003403037724102704,-0.029028242728519074,0.033419387731733384
