0.043080671938791316,0.021313679216992603,0.0007555330321675001,0.022010061008176717,-0.0056615695490877405,-0.016693754517715452,0.007020845994659026,0.021931702998925766,-0.006193254430149248,0.0009205627384720584,-0.009485135534543608,-0.018679725681517247,-0.01847797543047799,-0.012232539732218144,0.004194786398934837,0.011308435377098157,-0.011756539670509773,-0.00875589864605476,0.008525711523648179,0.013712760252443768,0.021313679216992603,0.05946999503900118,-0.009722248509106765,0.021368301701518794,-0.0014181374912558436,-0.007911939753278802,0.012650407276688397,0.030913319569579482,0.001770237143988991,0.0004100263968327229,-0.0026007623665447862,-0.028048730277048912,0.003872352993339376,-0.013500968009146151,0.017058849154548417,-0.0049768188227851395,-0.006771399022509892,-0.0064592269031336115,0.015807811198556735,0.0179716401052656,0.0007555330321675001,-0.009722248509106765,0.04686767860148706,-0.010593611402174744,0.004857788348326534,-0.0004069069580627797,-0.00625755020761303,-0.007148633928736285,0.009816025077313752,7.878347718472744e-5,-0.004564983020805295,0.02449641959413976,0.0025532284806639633,0.01273386276715931,0.0059254419859770344,-0.021138726987462487,-0.0014788084328718478,0.010871210833673105,-0.01311718229808274,-0.011925768022496343,0.022010061008176717,0.021368301701518794,-0.010593611402174744,0.035136440910654,-0.00293477473166989,-0.0013060758509914274,0.012639702910455856,0.015632479757706652,-0.0013064688235922134,0.002795327999869812,-0.0013521819635643048,-0.015930394198594017,-0.0027679130728385038,-0.010415932525613328,0.0024517603489602356,0.01214431565373475,-0.000608264144599487,-0.00898557242336111,0.008068117910717302,0.01445499800297113,-0.0056615695490877405,-0.0014181374912558436,0.004857788348326534,-0.00293477473166989,0.019348154787687973,0.0003384997153783897,0.00023756861510401754,-0.0018321265881850392,0.012225055143938743,0.006072858815265208,0.0034734046031345634,0.0015658455829863538,0.009969093056398284,0.0064026853369546655,0.0035946659903240957,-0.010999622332736643,0.0027444819001982953,0.004732014688744333,-0.0013239475483413391,-0.006966255832362838,-0.016693754517715452,-0.007911939753278802,-0.0004069069580627797,-0.0013060758509914274,0.0003384997153783897,0.03847203379073107,-0.011571405083777133,-0.021100043776448085,0.003200471870043728,-0.012084556909916281,0.004098612355065976,0.019168915601755848,0.00843191081259699,0.008787113786228972,0.0014593297570130103,0.002645822663754973,0.019768847966719447,0.005591045717406825,-0.010436392872489977,-0.01299708401392469,0.007020845994659026,0.012650407276688397,-0.00625755020761303,0.012639702910455856,0.00023756861510401754,-0.011571405083777133,0.02241309151617769,0.014419928585400057,0.0041567169965148094,0.00946013954444892,-0.0010031181949450912,-0.02045312397994326,0.0009204217700070664,-0.004558183742694066,0.011324649690885483,0.0002540196844350084,-5.99937651210723e-5,-0.005812106840121361,0.009086199789508191,0.0043479203912514044,0.021931702998925766,0.030913319569579482,-0.007148633928736285,0.015632479757706652,-0.0018321265881850392,-0.021100043776448085,0.014419928585400057,0.05917361593488737,-0.0019306537574589812,0.011398852942753194,-0.00039598863272181256,-0.03547595282004658,-0.003908459197142576,-0.01434286248948655,0.007210848653000224,0.0014827474821521498,-0.01606250263944032,-0.010939038345634651,0.030983625796137254,0.03814259785952219,-0.006193254430149248,0.001770237143988991,0.009816025077313752,-0.0013064688235922134,0.012225055143938743,0.003200471870043728,0.0041567169965148094,-0.0019306537574589812,0.03914716823323102,0.01101104141014544,-0.0011714502403211932,0.005134515898556501,0.01972121377527071,0.006836736442512398,0.012576711641191889,-0.025884122891443144,0.0010611084636842406,0.00927672769166479,-0.0070743686060337685,-0.009565799101678714,0.0009205627384720584,0.0004100263968327229,7.878347718472744e-5,0.002795327999869812,0.006072858815265208,-0.012084556909916281,0.00946013954444892,0.011398852942753194,0.01101104141014544,0.03692800892481339,0.0040069758201229655,-0.012617800007741473,0.0009535639561940102,-0.0035874628675959816,0.007353243724969731,-0.0065969866667973664,-0.0015211174886232467,-0.007019735233287196,0.010348518286999894,-0.00020294581604937212,-0.009485135534543608,-0.0026007623665447862,-0.004564983020805295,-0.0013521819635643048,0.0034734046031345634,0.004098612355065976,-0.0010031181949450912,-0.00039598863272181256,-0.0011714502403211932,0.0040069758201229655,0.027011559729583967,0.00023932123978787675,0.0075131121648757595,0.003717501938623027,0.003439930559233552,0.0065066719834673825,0.007730751475474081,-0.0030593773840853827,0.010517608026921733,0.0007247082880713481,-0.018679725681517247,-0.028048730277048912,0.02449641959413976,-0.015930394198594017,0.0015658455829863538,0.019168915601755848,-0.02045312397994326,-0.03547595282004658,0.005134515898556501,-0.012617800007741473,0.00023932123978787675,0.055639465656779546,0.0012382563814086326,0.018166642399123308,-0.010488014161532784,-0.0021106966817866224,0.014473303664694188,0.020638262049307025,-0.02119115271255926,-0.022656109326779333,-0.01847797543047799,0.003872352993339376,0.0025532284806639633,-0.0027679130728385038,0.009969093056398284,0.00843191081259699,0.0009204217700070664,-0.003908459197142576,0.01972121377527071,0.0009535639561940102,0.0075131121648757595,0.0012382563814086326,0.06510847259466218,0.02215494030973822,0.025240806801235194,-0.034154930041427875,0.015161784254424888,0.008428077481199349,-0.003963045276656018,-0.011511976134364662,-0.012232539732218144,-0.013500968009146151,0.01273386276715931,-0.010415932525613328,0.0064026853369546655,0.008787113786228972,-0.004558183742694066,-0.01434286248948655,0.006836736442512398,-0.0035874628675959816,0.003717501938623027,0.018166642399123308,0.02215494030973822,0.03922474644163917,0.007563049337777733,-0.01696664956416094,0.007108470192226761,0.01568023155952558,-0.007478643783046295,-0.009775099917597585,0.004194786398934837,0.017058849154548417,0.0059254419859770344,0.0024517603489602356,0.0035946659903240957,0.0014593297570130103,0.011324649690885483,0.007210848653000224,0.012576711641191889,0.007353243724969731,0.003439930559233552,-0.010488014161532784,0.025240806801235194,0.007563049337777733,0.04557891623435794,-0.029763907154322596,0.004544475680489218,-0.006393139457790907,0.006857942683807222,-0.005004208717416751,0.011308435377098157,-0.0049768188227851395,-0.021138726987462487,0.01214431565373475,-0.010999622332736643,0.002645822663754973,0.0002540196844350084,0.0014827474821521498,-0.025884122891443144,-0.0065969866667973664,0.0065066719834673825,-0.0021106966817866224,-0.034154930041427875,-0.01696664956416094,-0.029763907154322596,0.06741148728829495,0.0030222115123617007,-0.0071151871791574894,0.012535119066914093,0.014469490932893266,-0.011756539670509773,-0.006771399022509892,-0.0014788084328718478,-0.000608264144599487,0.0027444819001982953,0.019768847966719447,-5.99937651210723e-5,-0.01606250263944032,0.0010611084636842406,-0.0015211174886232467,0.007730751475474081,0.014473303664694188,0.015161784254424888,0.007108470192226761,0.004544475680489218,0.0030222115123617007,0.03891648785621742,0.006524536943867858,-0.008701896248302126,-0.011893949388857603,-0.00875589864605476,-0.0064592269031336115,0.010871210833673105,-0.00898557242336111,0.004732014688744333,0.005591045717406825,-0.005812106840121361,-0.010939038345634651,0.00927672769166479,-0.007019735233287196,-0.0030593773840853827,0.020638262049307025,0.008428077481199349,0.01568023155952558,-0.006393139457790907,-0.0071151871791574894,0.006524536943867858,0.03359464156472554,-0.013633774336383037,-0.0024068253698439086,0.008525711523648179,0.015807811198556735,-0.01311718229808274,0.008068117910717302,-0.0013239475483413391,-0.010436392872489977,0.009086199789508191,0.030983625796137254,-0.0070743686060337685,0.010348518286999894,0.010517608026921733,-0.02119115271255926,-0.003963045276656018,-0.007478643783046295,0.006857942683807222,0.012535119066914093,-0.008701896248302126,-0.013633774336383037,0.04797060627395428,0.021478883703368715,0.013712760252443768,0.0179716401052656,-0.011925768022496343,0.01445499800297113,-0.006966255832362838,-0.01299708401392469,0.0043479203912514044,0.03814259785952219,-0.009565799101678714,-0.00020294581604937212,0.0007247082880713481,-0.022656109326779333,-0.011511976134364662,-0.009775099917597585,-0.005004208717416751,0.014469490932893266,-0.011893949388857603,-0.0024068253698439086,0.021478883703368715,0.05437017756385942
0.041852362608888485,0.03897620567047486,8.666966713889253e-5,0.021420063584532214,0.011034979145866135,-0.0418843749381399,0.0046403725872377075,0.03225345218683774,-0.0034987639202656,0.01781318748765637,-0.012886789749384415,-0.035180100635296516,-0.0024543707799458167,-0.02824583747026472,-0.002970812195263348,0.019667370037349287,-0.03768437399647832,-0.005795762592572172,0.011951539825680273,0.037113210116864165,0.03897620567047486,0.11356213412744837,0.01162715898071194,0.03692661158332832,0.004184451098757275,-0.0849372453298213,0.006152123658653943,0.06737562185940221,-0.016961183004729152,0.026136051632051654,-0.02125836403780383,-0.05587408494417424,-0.005591260945752103,-0.06156062972657479,-0.04390148390728675,0.034692570157828485,-0.07983099602591837,0.0008523371968457868,0.03141705589386082,0.06250979307810317,8.666966713889253e-5,0.01162715898071194,0.039671747907656686,0.005906472134879536,0.008992522669881117,-0.019314559927531276,0.012351332155238245,0.018099103141617584,-0.0053667832699014935,0.004421578021305484,-0.0063987147780854734,-0.003999340621668636,0.0033935847991548745,-0.006874379285180506,-0.01244563808704808,0.006010006444664618,-0.017020447025009697,0.006805832958756764,-0.005015902074920076,0.00020078108496386502,0.021420063584532214,0.03692661158332832,0.005906472134879536,0.045001345185337153,0.015830308711892165,-0.008349370031109377,0.01020720182680938,0.01268414944978303,0.006616636222115414,0.015840448892212852,0.0021498094587467627,-0.011789608877872122,0.012918079973466355,-0.004525683216510423,-0.007044214428305709,0.02396014936582674,-0.010420553500326491,0.00999153322041425,-0.0010940150647552834,0.014981007741713223,0.011034979145866135,0.004184451098757275,0.008992522669881117,0.015830308711892165,0.04009468405446467,0.015694226472751104,0.003546472238128957,-0.0074807943763241505,0.015465736732785073,0.015737140906288534,0.005337986818759712,-0.0013923390699761965,0.026982246186685863,0.021912722025178757,0.013949429980992311,0.011660317987350084,0.01704776198884171,0.01984910991556485,-0.014646032814592666,-0.006765925959534966,-0.0418843749381399,-0.0849372453298213,-0.019314559927531276,-0.008349370031109377,0.015694226472751104,0.17157779005770568,-0.018739094885223764,-0.10323891673284324,0.042834857505053336,-0.028772638770809274,0.04719694527145908,0.0854597987266632,0.024682966741901177,0.10616128663349828,0.051950634792667996,-0.009982626148588587,0.15026055703441515,0.02277279442366976,-0.02799982936578309,-0.09960141826973747,0.0046403725872377075,0.006152123658653943,0.012351332155238245,0.01020720182680938,0.003546472238128957,-0.018739094885223764,0.027426720830221858,0.014452195945917505,-0.008547918579286025,0.013354630976841012,-0.00677078686330723,-0.010760047973662593,0.0001693468598136301,-0.008459609987719132,0.012612568000538232,0.015681934426470576,-0.008737125023449597,-0.0031404087343336416,-0.009986768969189657,0.0024834144398601715,0.03225345218683774,0.06737562185940221,0.018099103141617584,0.01268414944978303,-0.0074807943763241505,-0.10323891673284324,0.014452195945917505,0.09777571107508672,-0.016960445544584025,0.01716359363216189,-0.03315397039529749,-0.05661725183354139,-0.01952319668835529,-0.08205393339984268,-0.03298790738410131,0.009785340886380289,-0.09765425187181392,-0.015887464430396,0.03493893258351169,0.07248525292122085,-0.0034987639202656,-0.016961183004729152,-0.0053667832699014935,0.006616636222115414,0.015465736732785073,0.042834857505053336,-0.008547918579286025,-0.016960445544584025,0.06416047799463336,0.009920282245715987,0.016533038549703477,0.03745347990848438,0.015006000021852766,0.025451186354491742,0.03659265123099695,-0.026538639611902497,0.025393296328398863,-0.0031464369169583056,0.019546441282199352,-0.00890878851407663,0.01781318748765637,0.026136051632051654,0.004421578021305484,0.015840448892212852,0.015737140906288534,-0.028772638770809274,0.013354630976841012,0.01716359363216189,0.009920282245715987,0.053397208825366825,0.0007815160680716584,-0.021593743386027223,0.014355139002226014,-0.009315055126034734,0.022467898649773818,0.00969319259982376,-0.021441384835535315,-0.004738498154029172,-0.00198386319493852,0.02176108087173788,-0.012886789749384415,-0.02125836403780383,-0.0063987147780854734,0.0021498094587467627,0.005337986818759712,0.04719694527145908,-0.00677078686330723,-0.03315397039529749,0.016533038549703477,0.0007815160680716584,0.03246003962062762,0.025820050165322364,0.016479847325899057,0.04353033752507242,0.01996071751389953,-0.008956984039159612,0.045686156282351606,0.005970547063219785,-0.009536016893444223,-0.0300520079035543,-0.035180100635296516,-0.05587408494417424,-0.003999340621668636,-0.011789608877872122,-0.0013923390699761965,0.0854597987266632,-0.010760047973662593,-0.05661725183354139,0.03745347990848438,-0.021593743386027223,0.025820050165322364,0.08346138143581458,0.0038670880320939177,0.05270306117691842,0.041781394931106296,-0.020709387821840022,0.07363545479106112,0.004343528961306141,-0.002770401745017995,-0.044382759426806855,-0.0024543707799458167,-0.005591260945752103,0.0033935847991548745,0.012918079973466355,0.026982246186685863,0.024682966741901177,0.0001693468598136301,-0.01952319668835529,0.015006000021852766,0.014355139002226014,0.016479847325899057,0.0038670880320939177,0.046108337042532144,0.041245523632311515,0.014138012224004595,-0.0006815868171836867,0.027949353691539263,0.024708466205590522,-0.02620363740273511,-0.019318925569822593,-0.02824583747026472,-0.06156062972657479,-0.006874379285180506,-0.004525683216510423,0.021912722025178757,0.10616128663349828,-0.008459609987719132,-0.08205393339984268,0.025451186354491742,-0.009315055126034734,0.04353033752507242,0.05270306117691842,0.041245523632311515,0.11556292333183335,0.03568415691515309,-0.014424168100232383,0.10229286075278149,0.025683467000421983,-0.04210672342646206,-0.0752908524844437,-0.002970812195263348,-0.04390148390728675,-0.01244563808704808,-0.007044214428305709,0.013949429980992311,0.051950634792667996,0.012612568000538232,-0.03298790738410131,0.03659265123099695,0.022467898649773818,0.01996071751389953,0.041781394931106296,0.014138012224004595,0.03568415691515309,0.09550201706402037,-0.010126717086022745,0.04976961511330939,-0.01612927402746902,-0.005486302234696431,-0.016757021362848713,0.019667370037349287,0.034692570157828485,0.006010006444664618,0.02396014936582674,0.011660317987350084,-0.009982626148588587,0.015681934426470576,0.009785340886380289,-0.026538639611902497,0.00969319259982376,-0.008956984039159612,-0.020709387821840022,-0.0006815868171836867,-0.014424168100232383,-0.010126717086022745,0.06262037978256124,-0.0009512381779467486,0.010310558246475577,-0.00908397196375291,0.00956192820244055,-0.03768437399647832,-0.07983099602591837,-0.017020447025009697,-0.010420553500326491,0.01704776198884171,0.15026055703441515,-0.008737125023449597,-0.09765425187181392,0.025393296328398863,-0.021441384835535315,0.045686156282351606,0.07363545479106112,0.027949353691539263,0.10229286075278149,0.04976961511330939,-0.0009512381779467486,0.15473891587821165,0.022153324321620774,-0.037292865382592605,-0.09648352630160018,-0.005795762592572172,0.0008523371968457868,0.006805832958756764,0.00999153322041425,0.01984910991556485,0.02277279442366976,-0.0031404087343336416,-0.015887464430396,-0.0031464369169583056,-0.004738498154029172,0.005970547063219785,0.004343528961306141,0.024708466205590522,0.025683467000421983,-0.01612927402746902,0.010310558246475577,0.022153324321620774,0.05238878917401509,-0.0334484428676239,-0.018396213900394788,0.011951539825680273,0.03141705589386082,-0.005015902074920076,-0.0010940150647552834,-0.014646032814592666,-0.02799982936578309,-0.009986768969189657,0.03493893258351169,0.019546441282199352,-0.00198386319493852,-0.009536016893444223,-0.002770401745017995,-0.02620363740273511,-0.04210672342646206,-0.005486302234696431,-0.00908397196375291,-0.037292865382592605,-0.0334484428676239,0.07459740982675403,0.0385511059617519,0.037113210116864165,0.06250979307810317,0.00020078108496386502,0.014981007741713223,-0.006765925959534966,-0.09960141826973747,0.0024834144398601715,0.07248525292122085,-0.00890878851407663,0.02176108087173788,-0.0300520079035543,-0.044382759426806855,-0.019318925569822593,-0.0752908524844437,-0.016757021362848713,0.00956192820244055,-0.09648352630160018,-0.018396213900394788,0.0385511059617519,0.09822578779854547
