0.03030109719282298,0.009312627257143682,-0.008632854227981837,0.01190009660434747,0.008024585963435082,0.004740292221151798,-0.0005106695461237431,-0.018357171294842975,0.021379792100555104,-0.011431744005229633,0.015479802310724704,0.01706678353203343,-0.009983526876055925,-0.024594386889728773,-0.01819395339864975,0.01810518181936076,-0.012262392068082259,-0.006428990007834157,-0.0029443490652234553,0.033043194547545916,0.009312627257143682,0.042247908676007175,0.003946338017106543,0.017853295218396598,0.02265834987765125,0.0011433999993751176,-0.01476705869369526,-0.0068617765400682115,0.006644220982929546,-0.0011190911816284332,-0.00767960376102645,0.0038916926420999357,0.003373571752565829,-0.03286364072350402,-0.010826756162673205,-0.0020325978281377005,-0.0014838427637282963,0.0012556184184209292,0.008748369652023826,0.0056956037429855225,-0.008632854227981837,0.003946338017106543,0.03702969177102368,-0.00370977548717805,0.009890199871412788,0.0020549973546505305,-0.00437894717460709,0.01577725496534363,-0.01813620522150544,0.010911404090176706,-0.01853597711638525,-0.009300497870918578,0.017518660955694203,0.018191032691636255,0.023252433020640263,-0.02189340035898067,0.015841949019086754,0.005360705703053178,0.0136566498413531,-0.026928989798611618,0.01190009660434747,0.017853295218396598,-0.00370977548717805,0.03725853711888997,0.021670026599802657,0.0006719833097631622,-0.006861891749364057,-0.0121710395652391,0.0214893668876663,-0.0062013838541519085,-0.0018357178865397344,0.01044253845613462,-0.0019152029777507926,-0.04253601269509791,-0.018135798745531416,-0.003946798194790999,-0.0038911509946755103,-0.006951386943390935,0.0033874081072633715,0.020734118946451316,0.008024585963435082,0.02265834987765125,0.009890199871412788,0.021670026599802657,0.05217703056303576,-0.007895815792361578,-0.028027929468272234,0.0075514592497646785,0.004407028275773437,-0.00610004002338318,-0.006580728704244291,0.012729758722109954,0.01823317373963853,-0.03918422972192558,-0.005623664468059746,-0.025100187280296955,-0.00047679771186464064,-0.013385843291249271,-0.012755912930955692,0.012676981339009324,0.004740292221151798,0.0011433999993751176,0.0020549973546505305,0.0006719833097631622,-0.007895815792361578,0.01979565533574924,0.009053502867165435,-0.008924827449877442,0.008751669066332419,0.0018629364575124992,-0.004097128625101715,-0.002104419086039534,-0.008180683255213227,-0.005381895385199169,-0.006160943652773646,0.010050265451964241,0.0008978147597208561,0.011140081968119043,0.012724455859827427,-0.004657249048504767,-0.0005106695461237431,-0.01476705869369526,-0.00437894717460709,-0.006861891749364057,-0.028027929468272234,0.009053502867165435,0.04615717701039622,-0.003753009234658315,0.002996847482211298,0.011071197262143884,0.0017697403113262553,-0.010589468839844685,-0.009443433818207336,0.030300423939326075,0.010365928222425116,0.008991239910452468,0.011555944907026557,0.015253143644482416,0.019895159407938658,-0.00897960458267099,-0.018357171294842975,-0.0068617765400682115,0.01577725496534363,-0.0121710395652391,0.0075514592497646785,-0.008924827449877442,-0.003753009234658315,0.05034053308185165,-0.03160669146715829,0.012766147913424685,-0.012134761734000646,-0.011692567804171935,0.026638120604339503,0.026850344882399048,0.035915777242070394,-0.030106771554167522,0.017807165153704032,0.0005475838302094957,-0.010671877237951141,-0.029291942876236408,0.021379792100555104,0.006644220982929546,-0.01813620522150544,0.0214893668876663,0.004407028275773437,0.008751669066332419,0.002996847482211298,-0.03160669146715829,0.057718363210807165,-0.012708157909173219,0.019816845075660075,0.0204537627927003,-0.02149178054096465,-0.0377485513789014,-0.03421263091348127,0.02379477509030077,-0.017324247202538008,-0.0061720114210015945,-0.004743251328950827,0.040518162473046834,-0.011431744005229633,-0.0011190911816284332,0.010911404090176706,-0.0062013838541519085,-0.00610004002338318,0.0018629364575124992,0.011071197262143884,0.012766147913424685,-0.012708157909173219,0.030898126786508776,-0.011104280912203984,-0.015129022180755777,0.014992575035445509,0.026136720827598586,0.023057998809937134,-0.01785207489376136,0.013952536980608067,0.006031156702141629,0.010465102930482143,-0.023475578682359968,0.015479802310724704,-0.00767960376102645,-0.01853597711638525,-0.0018357178865397344,-0.006580728704244291,-0.004097128625101715,0.0017697403113262553,-0.012134761734000646,0.019816845075660075,-0.011104280912203984,0.03764264226057065,0.016651603865234545,-0.014075968318191141,-0.015286432046046718,-0.02043645623893133,0.025439593852379865,-0.02226382158197733,-0.0120947738624281,-0.02408417495846327,0.03786418539646729,0.01706678353203343,0.0038916926420999357,-0.009300497870918578,0.01044253845613462,0.012729758722109954,-0.002104419086039534,-0.010589468839844685,-0.011692567804171935,0.0204537627927003,-0.015129022180755777,0.016651603865234545,0.030747157743399974,-0.002016980467939917,-0.029626075698447833,-0.02164208083880845,0.013456943629479138,-0.015383817947401629,-0.010552514823171735,-0.015656541386493937,0.03307095371499559,-0.009983526876055925,0.003373571752565829,0.017518660955694203,-0.0019152029777507926,0.01823317373963853,-0.008180683255213227,-0.009443433818207336,0.026638120604339503,-0.02149178054096465,0.014992575035445509,-0.014075968318191141,-0.002016980467939917,0.045179302697291535,0.006191042829049698,0.025202093063563764,-0.0367770006131586,0.01760046226848966,-0.003063696338674716,-0.003120752121722004,-0.01620002177986989,-0.024594386889728773,-0.03286364072350402,0.018191032691636255,-0.04253601269509791,-0.03918422972192558,-0.005381895385199169,0.030300423939326075,0.026850344882399048,-0.0377485513789014,0.026136720827598586,-0.015286432046046718,-0.029626075698447833,0.006191042829049698,0.10250147509700577,0.052466789318022754,-0.004452303125069884,0.019293337936946077,0.0243317086344536,0.017371647700544383,-0.055743394549757824,-0.01819395339864975,-0.010826756162673205,0.023252433020640263,-0.018135798745531416,-0.005623664468059746,-0.006160943652773646,0.010365928222425116,0.035915777242070394,-0.03421263091348127,0.023057998809937134,-0.02043645623893133,-0.02164208083880845,0.025202093063563764,0.052466789318022754,0.06358218116491313,-0.027703924217598864,0.02621295034359833,0.010468189740091432,0.009801920814495746,-0.04654415600249019,0.01810518181936076,-0.0020325978281377005,-0.02189340035898067,-0.003946798194790999,-0.025100187280296955,0.010050265451964241,0.008991239910452468,-0.030106771554167522,0.02379477509030077,-0.01785207489376136,0.025439593852379865,0.013456943629479138,-0.0367770006131586,-0.004452303125069884,-0.027703924217598864,0.07821859148752618,-0.029182427085469777,0.007086556863763839,0.0010964843001613211,0.03315787807777737,-0.012262392068082259,-0.0014838427637282963,0.015841949019086754,-0.0038911509946755103,-0.00047679771186464064,0.0008978147597208561,0.011555944907026557,0.017807165153704032,-0.017324247202538008,0.013952536980608067,-0.02226382158197733,-0.015383817947401629,0.01760046226848966,0.019293337936946077,0.02621295034359833,-0.029182427085469777,0.04115182625880767,0.008240106760312699,0.022700861949757695,-0.03635650027270669,-0.006428990007834157,0.0012556184184209292,0.005360705703053178,-0.006951386943390935,-0.013385843291249271,0.011140081968119043,0.015253143644482416,0.0005475838302094957,-0.0061720114210015945,0.006031156702141629,-0.0120947738624281,-0.010552514823171735,-0.003063696338674716,0.0243317086344536,0.010468189740091432,0.007086556863763839,0.008240106760312699,0.03237569549533951,0.023590775413528383,-0.01871333381576559,-0.0029443490652234553,0.008748369652023826,0.0136566498413531,0.0033874081072633715,-0.012755912930955692,0.012724455859827427,0.019895159407938658,-0.010671877237951141,-0.004743251328950827,0.010465102930482143,-0.02408417495846327,-0.015656541386493937,-0.003120752121722004,0.017371647700544383,0.009801920814495746,0.0010964843001613211,0.022700861949757695,0.023590775413528383,0.06134712077386964,-0.03137198789378784,0.033043194547545916,0.0056956037429855225,-0.026928989798611618,0.020734118946451316,0.012676981339009324,-0.004657249048504767,-0.00897960458267099,-0.029291942876236408,0.040518162473046834,-0.023475578682359968,0.03786418539646729,0.03307095371499559,-0.01620002177986989,-0.055743394549757824,-0.04654415600249019,0.03315787807777737,-0.03635650027270669,-0.01871333381576559,-0.03137198789378784,0.08744964037209804
