0.07333190467486146,-0.026275704845969913,0.00990758863580932,0.002836293983277615,0.0011528965348537531,0.03392580454785947,-0.014633160944586915,0.027934714153279524,-0.0022672994405841876,-0.0005024770147553986,0.027308376695373088,0.02195845205163499,0.03540036132061051,-0.009838733758057707,-0.009250717732607184,0.003854187913597959,0.051124722060935546,0.014355010472755687,-0.01695915307135945,0.003946917323173079,-0.026275704845969913,0.07575873917288509,0.03144610239585048,-0.008901977176713212,0.007795955647666311,-0.024133131112001542,0.004155113797623504,-0.006465259387497024,-0.016281149515539203,0.03637347580931951,-0.003581909697494951,-0.018283490145310905,-0.019811273951506385,0.02774474811405709,-0.006759696146603492,-0.015473561535862546,-0.06100551960974689,-0.031404870912195584,0.01009900528326636,0.009304662271211673,0.00990758863580932,0.03144610239585048,0.059437356546665536,-0.00022905632281074607,0.00030714686411719783,0.0013173684232904016,-0.007859844675742458,0.013867200846369299,-0.005431054339161471,0.011315065066178739,0.005582726863189214,0.001935776104054231,0.0032289362052935157,0.009911158494370883,0.0012773678620089477,-0.010438904683385342,-0.020774434818849483,-0.013184485785524619,0.009660687623589095,0.02039427363932351,0.002836293983277615,-0.008901977176713212,-0.00022905632281074607,0.05536522232434379,-0.014901012265004586,-0.019750724516094578,-0.006475090565559801,-0.005582238229724593,-0.02078730626635705,-0.009646163745763787,-0.006274113276861331,-0.03180275293695267,-0.019091159580463674,0.02061885643057371,-0.008609745801407016,-0.022525634250987935,0.007340095011773315,0.03620540961779163,-0.002587185073527449,0.01616336960099324,0.0011528965348537531,0.007795955647666311,0.00030714686411719783,-0.014901012265004586,0.0706299272815598,0.04089530919127086,-0.013834944142948547,0.02386717680113664,-0.007108422332794084,0.015724926343733174,-0.021967826497954937,0.03643546711996262,0.028251937071307177,-0.009751044566182726,-0.0114375686404486,0.033516000618166626,-0.0011542114824191047,-0.06474299187290233,-0.006940306139342722,-0.012635047382824751,0.03392580454785947,-0.024133131112001542,0.0013173684232904016,-0.019750724516094578,0.04089530919127086,0.08521770058596866,-0.02453387341664797,0.030152038640947884,-0.012223853212174531,0.014672517014006452,-0.0032420929299217505,0.055176884785588576,0.04446286091206436,-0.03710500088826243,-0.004106587137961701,0.03578199570408534,0.03328421855476308,-0.048479942197793814,-0.016434956064032,-0.0028565529907306165,-0.014633160944586915,0.004155113797623504,-0.007859844675742458,-0.006475090565559801,-0.013834944142948547,-0.02453387341664797,0.04042139722421106,-0.027722348014895107,0.029766505156412264,-0.018765955313517733,0.00641980404805094,-0.017079878266588633,-0.015902993617555733,0.01087050310070099,0.01749575988832961,0.00098366690371079,-0.012745037017876664,0.02718704606378096,0.012764497151697567,0.0004894861935438011,0.027934714153279524,-0.006465259387497024,0.013867200846369299,-0.005582238229724593,0.02386717680113664,0.030152038640947884,-0.027722348014895107,0.04515561320478608,-0.00863094546147598,0.01746055522335907,-0.0017717649874643103,0.03773246996785787,0.0392012076558399,-0.014618152819949513,-0.015767906670660865,0.019446034431644055,0.018584092841413873,-0.04125436062109422,-0.012623250707134288,-0.01060195919008357,-0.0022672994405841876,-0.016281149515539203,-0.005431054339161471,-0.02078730626635705,-0.007108422332794084,-0.012223853212174531,0.029766505156412264,-0.00863094546147598,0.057986955618308356,-0.03924922354011158,0.004264667913051098,0.00477341844659683,-0.0024933976299688293,-0.002397802845567414,0.031062562519648305,0.016746793010054318,0.008750462152316243,0.03454720000043186,0.01624706597305591,-0.010870069565373473,-0.0005024770147553986,0.03637347580931951,0.011315065066178739,-0.009646163745763787,0.015724926343733174,0.014672517014006452,-0.018765955313517733,0.01746055522335907,-0.03924922354011158,0.07703295795399764,0.007455429861097505,0.023032875856071586,0.021766179034646255,0.007755003880881829,-0.03222198045896691,0.0055068964515540015,-0.020775543552972696,-0.06254182226673333,-0.0225515833026236,0.00013824308102769757,0.027308376695373088,-0.003581909697494951,0.005582726863189214,-0.006274113276861331,-0.021967826497954937,-0.0032420929299217505,0.00641980404805094,-0.0017717649874643103,0.004264667913051098,0.007455429861097505,0.04395907452674392,0.003107253340597842,0.010308635635883278,0.0031793496239394623,-0.0021798481040419997,-0.018084955353054693,0.012290959661645121,0.021269266863987443,-0.0072399599231183125,0.0017764463354457078,0.02195845205163499,-0.018283490145310905,0.001935776104054231,-0.03180275293695267,0.03643546711996262,0.055176884785588576,-0.017079878266588633,0.03773246996785787,0.00477341844659683,0.023032875856071586,0.003107253340597842,0.08436800378752787,0.06765005482402962,-0.031426234883432505,-0.005902022897919999,0.05060733173947148,0.029477559516954195,-0.06870394768541366,-0.018192802089955357,-0.025940284503119637,0.03540036132061051,-0.019811273951506385,0.0032289362052935157,-0.019091159580463674,0.028251937071307177,0.04446286091206436,-0.015902993617555733,0.0392012076558399,-0.0024933976299688293,0.021766179034646255,0.010308635635883278,0.06765005482402962,0.08911887965334508,-0.030509232288336432,-0.013550639097014913,0.0489175545433,0.045819548754634135,-0.05480108828702787,-0.021420114764631393,-0.026250819054350564,-0.009838733758057707,0.02774474811405709,0.009911158494370883,0.02061885643057371,-0.009751044566182726,-0.03710500088826243,0.01087050310070099,-0.014618152819949513,-0.002397802845567414,0.007755003880881829,0.0031793496239394623,-0.031426234883432505,-0.030509232288336432,0.05320139490497635,-0.005135730090380935,-0.027893494633307998,-0.03238343769492324,0.019886975821823926,0.000470679272370336,0.020718363705773714,-0.009250717732607184,-0.006759696146603492,0.0012773678620089477,-0.008609745801407016,-0.0114375686404486,-0.004106587137961701,0.01749575988832961,-0.015767906670660865,0.031062562519648305,-0.03222198045896691,-0.0021798481040419997,-0.005902022897919999,-0.013550639097014913,-0.005135730090380935,0.03665120585841963,0.0020364538621600774,-0.0032143947762602095,0.027484424367219727,0.013581293091399004,0.0008471413019454268,0.003854187913597959,-0.015473561535862546,-0.010438904683385342,-0.022525634250987935,0.033516000618166626,0.03578199570408534,0.00098366690371079,0.019446034431644055,0.016746793010054318,0.0055068964515540015,-0.018084955353054693,0.05060733173947148,0.0489175545433,-0.027893494633307998,0.0020364538621600774,0.0784692861459472,0.019944852748550127,-0.05214412630977969,-0.006019140210575502,-0.023520328210233258,0.051124722060935546,-0.06100551960974689,-0.020774434818849483,0.007340095011773315,-0.0011542114824191047,0.03328421855476308,-0.012745037017876664,0.018584092841413873,0.008750462152316243,-0.020775543552972696,0.012290959661645121,0.029477559516954195,0.045819548754634135,-0.03238343769492324,-0.0032143947762602095,0.019944852748550127,0.08899660495033801,0.022828425230062552,-0.02073263843470265,-0.013443362536417168,0.014355010472755687,-0.031404870912195584,-0.013184485785524619,0.03620540961779163,-0.06474299187290233,-0.048479942197793814,0.02718704606378096,-0.04125436062109422,0.03454720000043186,-0.06254182226673333,0.021269266863987443,-0.06870394768541366,-0.05480108828702787,0.019886975821823926,0.027484424367219727,-0.05214412630977969,0.022828425230062552,0.15087032628445923,0.013551814736076168,0.021725183942227583,-0.01695915307135945,0.01009900528326636,0.009660687623589095,-0.002587185073527449,-0.006940306139342722,-0.016434956064032,0.012764497151697567,-0.012623250707134288,0.01624706597305591,-0.0225515833026236,-0.0072399599231183125,-0.018192802089955357,-0.021420114764631393,0.000470679272370336,0.013581293091399004,-0.006019140210575502,-0.02073263843470265,0.013551814736076168,0.03776898479708674,0.00495677532627346,0.003946917323173079,0.009304662271211673,0.02039427363932351,0.01616336960099324,-0.012635047382824751,-0.0028565529907306165,0.0004894861935438011,-0.01060195919008357,-0.010870069565373473,0.00013824308102769757,0.0017764463354457078,-0.025940284503119637,-0.026250819054350564,0.020718363705773714,0.0008471413019454268,-0.023520328210233258,-0.013443362536417168,0.021725183942227583,0.00495677532627346,0.042832206710890504
0.03953784939811352,-0.0006257014931298807,0.017343225120089907,-0.007711984613776986,-0.0003794092367430013,0.010569237509251966,-0.004436073954235148,0.007196682290203868,-0.006823544891772797,0.0017463561208027048,0.010767447205418713,-0.013512574515005161,-0.01400318936381689,-0.002772992497609868,-0.0030099988707189143,-0.013090080056044106,-0.011742352723965135,0.0023894278314510594,0.0030744379888775573,0.003918239245041415,-0.0006257014931298807,0.027909833631488374,-0.008925253941416703,0.0023283608004801997,0.009486362575941387,0.002263907447075694,0.0036281270956338954,-0.006364109817041335,-0.0008823131882208166,0.002664304354508252,-0.0016249131514371358,-0.0018135478117954176,0.0002310111307717252,0.007789883349198363,0.0027173124932827614,0.0010094019862040783,-0.005670114891046003,0.01701648706454905,-0.0020130468063356798,-0.004058977530256696,0.017343225120089907,-0.008925253941416703,0.04136604452997683,-0.013507499308854958,-0.008762383493285637,-0.0036349636166574037,0.005657871442558882,0.007800277665190105,0.006805295990742368,0.0005551718029444662,0.0045845722812556215,-0.007246014866536869,-0.009095345791855704,-0.00749030725926908,-0.0012960677850338033,-0.008352189767986717,-0.007360436653560717,-0.01097343765723862,0.011127866283916116,0.014825976012092129,-0.007711984613776986,0.0023283608004801997,-0.013507499308854958,0.03960778974787099,0.008207315448075417,0.002317019515116504,0.0065398148204105,0.002894198919314599,-0.0017382561297177562,0.00012843170521628893,-0.004100195422838772,0.01189318065737113,0.003433981359587386,0.008557349968306177,0.0015790706648901537,-0.00037316837481508034,-0.000548041135663343,0.010686039544636563,-0.0028817349345567627,-0.012903762100230328,-0.0003794092367430013,0.009486362575941387,-0.008762383493285637,0.008207315448075417,0.031048216607074786,0.010589754248656522,-0.003768163008262584,-0.002369876091004264,-0.0018915145809305254,0.0013601211410276775,-0.008167276890802846,0.011095265797611723,0.001946491371385168,0.010985784642825552,-0.008464725087257305,0.004441297131046221,0.0007632619722472174,0.011948476547942757,-0.00869599757487884,-0.006179136917843793,0.010569237509251966,0.002263907447075694,-0.0036349636166574037,0.002317019515116504,0.010589754248656522,0.04668783772771684,-0.012750381295030491,0.00629704532304619,-0.008271095507060743,0.001861620412752287,0.0020536046248843965,-0.005497783478954268,-0.01361705891729255,0.0088548075196394,-0.0020465106227970462,-0.011145753310410216,0.00018933575032276844,0.00699180551223119,-0.01450569126797072,-0.0011851249123487617,-0.004436073954235148,0.0036281270956338954,0.005657871442558882,0.0065398148204105,-0.003768163008262584,-0.012750381295030491,0.028326829863718577,-0.002326328407313537,0.011700919148279736,-0.0021693900428084107,0.002394597223057078,-0.0032231045034050746,0.00429725829845524,-0.0018333482950336774,0.004845838820986911,0.004239454454569726,-0.003475726980015885,-0.0014283811251219582,0.006564233962978687,-0.0006752113623707773,0.007196682290203868,-0.006364109817041335,0.007800277665190105,0.002894198919314599,-0.002369876091004264,0.00629704532304619,-0.002326328407313537,0.023404825449623343,0.004555362239116128,-0.0011700914433922971,0.002283828608916738,-0.00047615374471812017,0.003165730521294691,-0.0010495157043325597,-0.00671834720186006,-0.009496925903781829,-0.0009335632930395884,-0.01124528431439134,-0.0028090809428546453,0.0026711675342038057,-0.006823544891772797,-0.0008823131882208166,0.006805295990742368,-0.0017382561297177562,-0.0018915145809305254,-0.008271095507060743,0.011700919148279736,0.004555362239116128,0.023688181426246957,1.5654729861112665e-5,0.007519408186620955,0.006966864176343175,0.006337964627142377,0.0050260138162904686,0.007672182473119464,0.0014393583368816408,0.005293980461081026,0.0027775249726987913,0.00228403701715,0.0013093792241481066,0.0017463561208027048,0.002664304354508252,0.0005551718029444662,0.00012843170521628893,0.0013601211410276775,0.001861620412752287,-0.0021693900428084107,-0.0011700914433922971,1.5654729861112665e-5,0.01725110170658062,-0.000504312300640112,0.0016953641904408879,-0.00017640269399128066,0.0017005453215504446,-0.0015150041486149542,-0.0027386702181924146,0.0008711535242425649,0.007854285359280313,-0.0016842577573888378,0.0010095691741319388,0.010767447205418713,-0.0016249131514371358,0.0045845722812556215,-0.004100195422838772,-0.008167276890802846,0.0020536046248843965,0.002394597223057078,0.002283828608916738,0.007519408186620955,-0.000504312300640112,0.03474295731709463,-0.0021551865670022853,0.009910196694503222,-0.0075442770643888496,0.009946437562952595,-0.009284689091115267,0.0068335700135468466,-0.0011124708882991267,-0.003426430831535203,-0.0030995399442662695,-0.013512574515005161,-0.0018135478117954176,-0.007246014866536869,0.01189318065737113,0.011095265797611723,-0.005497783478954268,-0.0032231045034050746,-0.00047615374471812017,0.006966864176343175,0.0016953641904408879,-0.0021551865670022853,0.047439887186452055,0.020365389922102756,0.002160412523471585,0.00026036603528028113,0.008156287822314978,0.01621032949753078,-0.003192682386535748,-0.002731995186476326,-0.006615031126526374,-0.01400318936381689,0.0002310111307717252,-0.009095345791855704,0.003433981359587386,0.001946491371385168,-0.01361705891729255,0.00429725829845524,0.003165730521294691,0.006337964627142377,-0.00017640269399128066,0.009910196694503222,0.020365389922102756,0.06240960218645371,-0.009865709049428994,0.001532865855724479,0.020897897475664992,0.028807260548810255,-0.013291867511520929,-0.003094269305658508,-0.007823769497495761,-0.002772992497609868,0.007789883349198363,-0.00749030725926908,0.008557349968306177,0.010985784642825552,0.0088548075196394,-0.0018333482950336774,-0.0010495157043325597,0.0050260138162904686,0.0017005453215504446,-0.0075442770643888496,0.002160412523471585,-0.009865709049428994,0.028807690577968673,-0.0030114309168590408,-0.007471499720056353,-0.010015929760189758,0.011349709005277367,-0.006861509752924211,-0.006495343274978494,-0.0030099988707189143,0.0027173124932827614,-0.0012960677850338033,0.0015790706648901537,-0.008464725087257305,-0.0020465106227970462,0.004845838820986911,-0.00671834720186006,0.007672182473119464,-0.0015150041486149542,0.009946437562952595,0.00026036603528028113,0.001532865855724479,-0.0030114309168590408,0.026589028326523895,0.0004403772403634949,0.005462153073590976,0.0047147548198503515,0.0005841035517937087,0.00037719362383416787,-0.013090080056044106,0.0010094019862040783,-0.008352189767986717,-0.00037316837481508034,0.004441297131046221,-0.011145753310410216,0.004239454454569726,-0.009496925903781829,0.0014393583368816408,-0.0027386702181924146,-0.009284689091115267,0.008156287822314978,0.020897897475664992,-0.007471499720056353,0.0004403772403634949,0.03679901293126922,0.01305177714969187,-0.005279931754552493,0.005750133726679584,-0.0020840404052445073,-0.011742352723965135,-0.005670114891046003,-0.007360436653560717,-0.000548041135663343,0.0007632619722472174,0.00018933575032276844,-0.003475726980015885,-0.0009335632930395884,0.005293980461081026,0.0008711535242425649,0.0068335700135468466,0.01621032949753078,0.028807260548810255,-0.010015929760189758,0.005462153073590976,0.01305177714969187,0.045630397825464145,-0.013616542666464794,-0.012952343402888724,-0.000317484442365181,0.0023894278314510594,0.01701648706454905,-0.01097343765723862,0.010686039544636563,0.011948476547942757,0.00699180551223119,-0.0014283811251219582,-0.01124528431439134,0.0027775249726987913,0.007854285359280313,-0.0011124708882991267,-0.003192682386535748,-0.013291867511520929,0.011349709005277367,0.0047147548198503515,-0.005279931754552493,-0.013616542666464794,0.05020639278609627,-0.00017044338295160312,-0.002911679079310718,0.0030744379888775573,-0.0020130468063356798,0.011127866283916116,-0.0028817349345567627,-0.00869599757487884,-0.01450569126797072,0.006564233962978687,-0.0028090809428546453,0.00228403701715,-0.0016842577573888378,-0.003426430831535203,-0.002731995186476326,-0.003094269305658508,-0.006861509752924211,0.0005841035517937087,0.005750133726679584,-0.012952343402888724,-0.00017044338295160312,0.03464388663938746,0.005722021529907447,0.003918239245041415,-0.004058977530256696,0.014825976012092129,-0.012903762100230328,-0.006179136917843793,-0.0011851249123487617,-0.0006752113623707773,0.0026711675342038057,0.0013093792241481066,0.0010095691741319388,-0.0030995399442662695,-0.006615031126526374,-0.007823769497495761,-0.006495343274978494,0.00037719362383416787,-0.0020840404052445073,-0.000317484442365181,-0.002911679079310718,0.005722021529907447,0.028867681188070246
