0.07397214978236487,0.04710916194051856,0.001748270919210475,0.03567600105152982,0.012896270083070049,-0.0470633153733547,0.018272213259583815,0.05792573177055812,-0.002505523512245983,0.003644969159613773,-0.028254808146502684,-0.04453584440075665,-0.03925712310601129,-0.033792961348288006,0.016776292976735177,0.022303230543078676,-0.041199679313110915,-0.0396301103312533,0.05721275174930167,0.04931058601214994,0.04710916194051856,0.13081669986076042,-0.025798915175903523,0.043833953072536284,0.0042964824614787605,-0.04741430500857956,0.030263787772739865,0.06776633027828488,-0.0012982285576992004,0.0001786024630568905,-0.02208410704018272,-0.061708788642395915,-0.011032294957950004,-0.033159944065392244,0.03161404775161032,0.0022457225109621588,-0.06993248757552101,-0.042545447918761664,0.06695603410698045,0.05602940197201103,0.001748270919210475,-0.025798915175903523,0.06339390147819528,-0.021722813940821192,-0.0005339428260840678,-0.02063723678569833,0.001984249289018287,0.010305137614094483,0.006391655035512426,-0.004721987003043878,-0.0011919497950294861,0.02319134135626221,-0.009386587167695191,0.004288652489178623,-0.007312803309683301,-0.008112117566737265,-0.013228703164358296,0.014590284775198178,-0.008584941095702969,-0.01519670051057427,0.03567600105152982,0.043833953072536284,-0.021722813940821192,0.08307316042664906,0.00879463956366843,0.01391137981204383,0.02033380778579283,0.01924073899309673,-0.004369102368878247,-0.00035919310178827334,-0.007816442168361921,-0.01691464296390484,0.00904026937114732,-0.015870998899392086,0.007993707911519113,0.021865003400609654,0.007177519934914315,-0.019596835943257063,0.005374534080681913,0.024024500040943093,0.012896270083070049,0.0042964824614787605,-0.0005339428260840678,0.00879463956366843,0.040809024061457394,-0.003900020703711841,-0.007381942196141508,0.008527756001272695,0.009427223361810587,0.01604254280009532,-0.006850049817663592,-0.0017507680257025518,0.009010993851947403,0.0027200650303808764,0.014808353477963141,-0.012125250670157193,0.009286297751788346,-0.018636438290130345,0.006623128440978957,0.013837940399237752,-0.0470633153733547,-0.04741430500857956,-0.02063723678569833,0.01391137981204383,-0.003900020703711841,0.13372017586321502,-0.03461423594730975,-0.08659744798820226,-0.005342082953522395,-0.0156836693505316,0.027972749081323904,0.061699789984311665,0.04615030933724853,0.04543798425851115,-0.0031174587609969356,0.012175214159294023,0.11605487183680638,0.05043005239460141,-0.05607074828605284,-0.06158478873212578,0.018272213259583815,0.030263787772739865,0.001984249289018287,0.02033380778579283,-0.007381942196141508,-0.03461423594730975,0.04258933179985319,0.037095120838949176,-0.0018617309027301444,0.005641573986290975,-0.011283168325010497,-0.03805472531298852,-0.022887108885561606,-0.02170507891629538,0.009934776976950107,0.015947970749473066,-0.029351427646463826,-0.02252212463014684,0.023004417763556953,0.015520135786933897,0.05792573177055812,0.06776633027828488,0.010305137614094483,0.01924073899309673,0.008527756001272695,-0.08659744798820226,0.037095120838949176,0.10846930153305198,-0.002683475953230925,0.0004923305641310136,-0.03013037392064638,-0.06595953113003429,-0.042650820684460466,-0.049678238600925476,0.015334187107351023,0.009649430501486844,-0.08667188361308686,-0.05573360521173744,0.07285061127744824,0.07334294024567392,-0.002505523512245983,-0.0012982285576992004,0.006391655035512426,-0.004369102368878247,0.009427223361810587,-0.005342082953522395,-0.0018617309027301444,-0.002683475953230925,0.052674432536584,0.032427335214610824,0.010200040124268561,0.008092322885698878,0.01874065356140679,0.006532495983439298,0.018529931617930095,-0.024526480808076925,-0.004501731280862691,0.00563192500975429,-0.0008503728255086191,-0.008336450748878135,0.003644969159613773,0.0001786024630568905,-0.004721987003043878,-0.00035919310178827334,0.01604254280009532,-0.0156836693505316,0.005641573986290975,0.0004923305641310136,0.032427335214610824,0.06644175657689098,0.00911832485504422,-0.014676904909552393,0.005894401329415261,-0.003753852582050565,0.026448563524374108,-0.017029048668031226,0.011154437622624237,-0.02105308078844717,0.004585602183424246,-0.007510643459700506,-0.028254808146502684,-0.02208410704018272,-0.0011919497950294861,-0.007816442168361921,-0.006850049817663592,0.027972749081323904,-0.011283168325010497,-0.03013037392064638,0.010200040124268561,0.00911832485504422,0.03587382753184814,0.022124982236386967,0.028713243834991135,0.023227026275058328,0.004509054223274614,-0.013639812065144872,0.028365237714563687,0.020729920956201263,-0.026665959397860792,-0.03046470480342729,-0.04453584440075665,-0.061708788642395915,0.02319134135626221,-0.01691464296390484,-0.0017507680257025518,0.061699789984311665,-0.03805472531298852,-0.06595953113003429,0.008092322885698878,-0.014676904909552393,0.022124982236386967,0.09988213231020229,0.043553045577036084,0.055389768917198566,-0.016371193214526694,-0.00384907096226254,0.06421904548511399,0.057909258032387,-0.06494045888369757,-0.05216529461967878,-0.03925712310601129,-0.011032294957950004,-0.009386587167695191,0.00904026937114732,0.009010993851947403,0.04615030933724853,-0.022887108885561606,-0.042650820684460466,0.01874065356140679,0.005894401329415261,0.028713243834991135,0.043553045577036084,0.08406789383046927,0.04737710185566167,0.010599322191836177,-0.038488763600392314,0.04721040372494112,0.0342824745895343,-0.04840626904894924,-0.033080727152735065,-0.033792961348288006,-0.033159944065392244,0.004288652489178623,-0.015870998899392086,0.0027200650303808764,0.04543798425851115,-0.02170507891629538,-0.049678238600925476,0.006532495983439298,-0.003753852582050565,0.023227026275058328,0.055389768917198566,0.04737710185566167,0.07244982812061464,0.00041474688278513093,-0.017554613375023686,0.04930471794200485,0.04561849963832232,-0.039358335396957364,-0.039021565648796476,0.016776292976735177,0.03161404775161032,-0.007312803309683301,0.007993707911519113,0.014808353477963141,-0.0031174587609969356,0.009934776976950107,0.015334187107351023,0.018529931617930095,0.026448563524374108,0.004509054223274614,-0.016371193214526694,0.010599322191836177,0.00041474688278513093,0.056126814970030074,-0.013014322664012562,0.0018336560211396225,-0.020506449730561253,0.027937822310371414,0.004885905851345543,0.022303230543078676,0.0022457225109621588,-0.008112117566737265,0.021865003400609654,-0.012125250670157193,0.012175214159294023,0.015947970749473066,0.009649430501486844,-0.024526480808076925,-0.017029048668031226,-0.013639812065144872,-0.00384907096226254,-0.038488763600392314,-0.017554613375023686,-0.013014322664012562,0.07487862437995516,0.011158569377647412,-0.010777066036395883,0.02008808828696326,0.014438594906696689,-0.041199679313110915,-0.06993248757552101,-0.013228703164358296,0.007177519934914315,0.009286297751788346,0.11605487183680638,-0.029351427646463826,-0.08667188361308686,-0.004501731280862691,0.011154437622624237,0.028365237714563687,0.06421904548511399,0.04721040372494112,0.04930471794200485,0.0018336560211396225,0.011158569377647412,0.15452843341852124,0.03417477670554059,-0.056403604937805614,-0.061841613058766884,-0.0396301103312533,-0.042545447918761664,0.014590284775198178,-0.019596835943257063,-0.018636438290130345,0.05043005239460141,-0.02252212463014684,-0.05573360521173744,0.00563192500975429,-0.02105308078844717,0.020729920956201263,0.057909258032387,0.0342824745895343,0.04561849963832232,-0.020506449730561253,-0.010777066036395883,0.03417477670554059,0.09069442360088283,-0.06065232201798447,-0.05098671072457127,0.05721275174930167,0.06695603410698045,-0.008584941095702969,0.005374534080681913,0.006623128440978957,-0.05607074828605284,0.023004417763556953,0.07285061127744824,-0.0008503728255086191,0.004585602183424246,-0.026665959397860792,-0.06494045888369757,-0.04840626904894924,-0.039358335396957364,0.027937822310371414,0.02008808828696326,-0.056403604937805614,-0.06065232201798447,0.12123702871262201,0.06756816170592768,0.04931058601214994,0.05602940197201103,-0.01519670051057427,0.024024500040943093,0.013837940399237752,-0.06158478873212578,0.015520135786933897,0.07334294024567392,-0.008336450748878135,-0.007510643459700506,-0.03046470480342729,-0.05216529461967878,-0.033080727152735065,-0.039021565648796476,0.004885905851345543,0.014438594906696689,-0.061841613058766884,-0.05098671072457127,0.06756816170592768,0.09185029257579662
0.08021455798466331,0.03692054710844336,-0.0035177085590707537,0.027404903337882244,-0.037632710983233515,-0.0322231204341427,0.027473196164741295,0.0641929068047764,-0.01495429630931829,-0.018953799999772925,-0.039746769522522304,-0.043310144527562544,-0.03802897401778855,-0.026419703155477328,0.002306569796608324,0.0396732829463241,-0.019642939453753634,-0.02685598901791967,0.0006963014041903824,0.03174097796028992,0.03692054710844336,0.08183637168002214,-0.017017465080287335,0.027753796789983236,-0.013944012743674763,-0.021110615876622607,0.0009341909815472494,0.03965998086152234,0.0010754374855796774,-0.007561170628038111,-0.017625991276826,-0.03146083842896762,-0.017520743814888183,-0.04576210830996427,0.00382840726163942,0.0015464743906764438,-0.011540579710544207,-0.03037754747482736,0.026683573994856845,0.029888965658145195,-0.0035177085590707537,-0.017017465080287335,0.08905173165978521,-0.01140304131342407,0.008168041243422686,0.006451343615515525,0.011959826258898762,-0.0032203369954417133,-0.004688711427065631,0.007733841813512909,0.005410523281666122,0.036970843062189125,0.010446026034884068,0.017008099107854807,0.02014168317967622,0.008842480922312018,-0.006566644708790682,0.031060345410782307,-0.023173217399262397,-0.019245150690344916,0.027404903337882244,0.027753796789983236,-0.01140304131342407,0.06920238688731484,0.008479027573481042,0.010186732684038826,0.026741070370021894,0.03180481006221019,0.016567044306616423,0.01875388493367671,0.015655073597893553,-0.02138463060482037,0.021253188448051723,-0.0014765113630001736,0.024460931446254837,0.005125165771598588,0.030312568599010437,0.015242562268249656,0.0003570636729666045,0.025127967301463907,-0.037632710983233515,-0.013944012743674763,0.008168041243422686,0.008479027573481042,0.06786321270480497,0.030579196537921384,-0.01870349319261177,-0.04160793301691236,0.03251594742470493,0.03475216338808094,0.03821745575497644,0.036474213159881155,0.02969274542524267,0.015458695211279624,0.003811134929624908,-0.020819771007687424,0.02954572834522893,0.03182463480178807,0.005121868666154942,-0.0266219099057949,-0.0322231204341427,-0.021110615876622607,0.006451343615515525,0.010186732684038826,0.030579196537921384,0.07861661418062368,-0.006462976300194947,-0.051111721241381046,0.03009897229708641,0.0022987327267875823,0.012652487677863863,0.05286009476625216,0.025734482824558265,0.03647531258758116,0.017618361499456323,-0.0036266478994030175,0.06321493926908472,0.028158635260937138,-0.019406265886537766,-0.055997850653132106,0.027473196164741295,0.0009341909815472494,0.011959826258898762,0.026741070370021894,-0.01870349319261177,-0.006462976300194947,0.06521255904994967,0.05016999975511101,-0.01227970939572461,0.005106001924384393,-0.013397991706561401,-0.03931981930827207,0.022986011192500058,0.0241540570057108,0.04505932772202119,0.025721034473067724,0.0263219387598918,0.022329743426561348,-0.027773724164614613,0.01534660618747009,0.0641929068047764,0.03965998086152234,-0.0032203369954417133,0.03180481006221019,-0.04160793301691236,-0.051111721241381046,0.05016999975511101,0.12638677562474865,-0.014711690639043248,0.009795795766330787,-0.030751308244974514,-0.06935575346993245,-0.018381883651642922,-0.027843688440293002,0.025878691869119695,0.01741617395287271,-0.042139047234026894,-0.015131990462729134,0.01899615806565228,0.0795200065369864,-0.01495429630931829,0.0010754374855796774,-0.004688711427065631,0.016567044306616423,0.03251594742470493,0.03009897229708641,-0.01227970939572461,-0.014711690639043248,0.05927678212561643,0.023130811448939713,0.011085727452106198,0.024976059580839354,0.03262856569885311,0.006638060687841804,0.025702979675343927,-0.04730962388083097,0.017993751624022607,0.006943011110241838,0.009977403123099872,-0.013942287738575629,-0.018953799999772925,-0.007561170628038111,0.007733841813512909,0.01875388493367671,0.03475216338808094,0.0022987327267875823,0.005106001924384393,0.009795795766330787,0.023130811448939713,0.06360129781442934,0.030533588034912157,-0.002183459877810282,0.020573370003237466,-0.0025400559292783524,0.026040112912262575,-0.02726233535488963,-0.0010038299006851744,0.01602669970343535,0.014660184336470731,0.01072105946190982,-0.039746769522522304,-0.017625991276826,0.005410523281666122,0.015655073597893553,0.03821745575497644,0.012652487677863863,-0.013397991706561401,-0.030751308244974514,0.011085727452106198,0.030533588034912157,0.08636960217975555,0.01860430592919862,0.02335147996046197,0.013163743313530296,0.008252556065452641,-0.020542419117530263,0.019841401992419794,0.022759127301600436,0.021804253025591816,0.00755469596271509,-0.043310144527562544,-0.03146083842896762,0.036970843062189125,-0.02138463060482037,0.036474213159881155,0.05286009476625216,-0.03931981930827207,-0.06935575346993245,0.024976059580839354,-0.002183459877810282,0.01860430592919862,0.09931565942369114,-0.004028081770648983,0.01971486730783363,-0.012584933883800067,-0.0075755662552184026,0.02103213678900754,0.027278585929147524,-0.0010239830970785024,-0.05154497039094119,-0.03802897401778855,-0.017520743814888183,0.010446026034884068,0.021253188448051723,0.02969274542524267,0.025734482824558265,0.022986011192500058,-0.018381883651642922,0.03262856569885311,0.020573370003237466,0.02335147996046197,-0.004028081770648983,0.14231008108932752,0.07197540283462811,0.06616492019368594,-0.05152857045930437,0.0541714584855782,0.05816962466568203,-0.05192561230749679,-0.019210397321908892,-0.026419703155477328,-0.04576210830996427,0.017008099107854807,-0.0014765113630001736,0.015458695211279624,0.03647531258758116,0.0241540570057108,-0.027843688440293002,0.006638060687841804,-0.0025400559292783524,0.013163743313530296,0.01971486730783363,0.07197540283462811,0.08672352825639315,0.026775922869583635,0.002942891538608815,0.05417904793028905,0.05443147309873436,-0.05347628899973904,-0.03141859830243107,0.002306569796608324,0.00382840726163942,0.02014168317967622,0.024460931446254837,0.003811134929624908,0.017618361499456323,0.04505932772202119,0.025878691869119695,0.025702979675343927,0.026040112912262575,0.008252556065452641,-0.012584933883800067,0.06616492019368594,0.026775922869583635,0.10228064669352203,-0.04268517761735141,0.035563988302486055,0.02013281134457688,-0.015952275552034635,0.004339909858278136,0.0396732829463241,0.0015464743906764438,0.008842480922312018,0.005125165771598588,-0.020819771007687424,-0.0036266478994030175,0.025721034473067724,0.01741617395287271,-0.04730962388083097,-0.02726233535488963,-0.020542419117530263,-0.0075755662552184026,-0.05152857045930437,0.002942891538608815,-0.04268517761735141,0.1159935966564942,0.006170141673405492,0.007650208961335545,-0.018999498292579048,-0.0005799596666590082,-0.019642939453753634,-0.011540579710544207,-0.006566644708790682,0.030312568599010437,0.02954572834522893,0.06321493926908472,0.0263219387598918,-0.042139047234026894,0.017993751624022607,-0.0010038299006851744,0.019841401992419794,0.02103213678900754,0.0541714584855782,0.05417904793028905,0.035563988302486055,0.006170141673405492,0.11388897818650452,0.04862503611441344,-0.043622924898169296,-0.04214954617506157,-0.02685598901791967,-0.03037754747482736,0.031060345410782307,0.015242562268249656,0.03182463480178807,0.028158635260937138,0.022329743426561348,-0.015131990462729134,0.006943011110241838,0.01602669970343535,0.022759127301600436,0.027278585929147524,0.05816962466568203,0.05443147309873436,0.02013281134457688,0.007650208961335545,0.04862503611441344,0.09017847878471179,-0.04488844525324147,-0.009832203887851831,0.0006963014041903824,0.026683573994856845,-0.023173217399262397,0.0003570636729666045,0.005121868666154942,-0.019406265886537766,-0.027773724164614613,0.01899615806565228,0.009977403123099872,0.014660184336470731,0.021804253025591816,-0.0010239830970785024,-0.05192561230749679,-0.05347628899973904,-0.015952275552034635,-0.018999498292579048,-0.043622924898169296,-0.04488844525324147,0.08618277140347969,0.032633022748418936,0.03174097796028992,0.029888965658145195,-0.019245150690344916,0.025127967301463907,-0.0266219099057949,-0.055997850653132106,0.01534660618747009,0.0795200065369864,-0.013942287738575629,0.01072105946190982,0.00755469596271509,-0.05154497039094119,-0.019210397321908892,-0.03141859830243107,0.004339909858278136,-0.0005799596666590082,-0.04214954617506157,-0.009832203887851831,0.032633022748418936,0.10397848119090525
0.1599613119931556,0.038128011661192424,0.04020033916126373,0.026997988880605193,-0.07837554306863373,-0.07415223067465829,0.0014016256502141322,0.2112266163224899,-0.01757456380614442,0.05554652715436563,-0.01353511119436426,-0.13704548955849902,0.0008238847422301649,-0.038529735686099326,0.0043228893992738795,0.014513749733662443,-0.012177142729103488,-0.058987424103372696,0.03949761817946264,0.18459754215262644,0.038128011661192424,0.10330938028568173,0.006956264459562108,0.024242992316718885,-0.019846373983771783,0.007067012031876832,0.02208706318643916,0.10176936227400954,0.007531895415529605,0.01057513106895188,-0.03156453711201495,-0.06969835736096214,-0.00927016673422985,-0.020114251241441432,-0.02532206173843244,0.040066344193640996,-0.009927958359259182,-0.012679513837134174,0.0077781694578156835,0.07039408245883075,0.04020033916126373,0.006956264459562108,0.06817290423338868,-0.025883971089869347,-0.03370540579076577,-0.033250647775469974,-0.015200134734241762,0.09805196863317542,0.002213534398208189,0.05221086896707311,-0.006865764459083665,-0.0394256565503851,0.0021157242633320405,-0.012402317151861023,-0.006432338884906538,-0.018905474360242668,-0.010260340853669843,0.0008439084837767937,0.012415960313212104,0.07012544265007815,0.026997988880605193,0.024242992316718885,-0.025883971089869347,0.06956402364790033,0.01341524213976248,0.029710394080479124,0.040015907969981626,-0.008168090180552222,0.01048562308446741,-0.030391221916984602,-0.0025356344245236065,-0.02159770900345174,0.016042100433771554,0.009653125765509965,0.012287779225030947,0.03724129639648767,0.019304623476276185,-0.030449334868705737,-0.008865481585606492,0.006118883491848859,-0.07837554306863373,-0.019846373983771783,-0.03370540579076577,0.01341524213976248,0.09271560258933395,0.059045529265745786,0.01779872159554524,-0.14965737686621186,0.023472521898039625,-0.07308668363622842,-0.0021921005549184083,0.08795123601816016,0.010506625818468358,0.03615771485808691,0.01784475475755952,0.011989183537883304,0.009628662959317153,0.017622551910333437,-0.03144920108722687,-0.13743101936105487,-0.07415223067465829,0.007067012031876832,-0.033250647775469974,0.029710394080479124,0.059045529265745786,0.1366923920404347,0.009569154418595821,-0.16126396563208736,0.0036897197378227223,-0.09155924962123671,0.017516664900977266,0.08684424075556796,-0.0070109485687231375,0.04990034675695785,0.010557001893297419,0.05155730200955884,0.05276373149290328,0.0231691074345802,-0.05775704587693774,-0.11771940071987405,0.0014016256502141322,0.02208706318643916,-0.015200134734241762,0.040015907969981626,0.01779872159554524,0.009569154418595821,0.061693707410229864,0.008900252670979188,0.027429076954764046,-0.00533958383355552,-0.01651299228349076,-0.03064271203874691,0.02932712171426373,0.018496475745367325,0.01466699441773571,0.029497457069227843,0.01670164006484528,-0.021097622310744406,-0.006158848745200351,-0.007656997869750607,0.2112266163224899,0.10176936227400954,0.09805196863317542,-0.008168090180552222,-0.14965737686621186,-0.16126396563208736,0.008900252670979188,0.49015996198126843,0.00035250961749635004,0.16378034871442765,-0.05522741457425365,-0.2542165696931953,0.017001611768012705,-0.0751062878104724,-0.045647461264664305,0.016967277940526965,-0.05045475416786547,-0.0659964771664101,0.12124626660693794,0.37508875637416406,-0.01757456380614442,0.007531895415529605,0.002213534398208189,0.01048562308446741,0.023472521898039625,0.0036897197378227223,0.027429076954764046,0.00035250961749635004,0.058468178734039825,0.004002090984765145,-0.017268610907359806,0.005103243051334881,0.026420607458813132,0.009126113560475177,-0.0016815071526532048,-0.0005337880985306891,-0.0034190102162531943,0.016927155332334985,-0.005644246073493512,-0.021167717492798242,0.05554652715436563,0.01057513106895188,0.05221086896707311,-0.030391221916984602,-0.07308668363622842,-0.09155924962123671,-0.00533958383355552,0.16378034871442765,0.004002090984765145,0.13393591377374708,-0.006250389702926665,-0.09644359605953208,0.008034615149524603,-0.03547015457205174,-0.011671517591181967,-0.050330562138084185,-0.01943279200892751,-0.00963126491507535,0.04252281606224935,0.12349227627123524,-0.01353511119436426,-0.03156453711201495,-0.006865764459083665,-0.0025356344245236065,-0.0021921005549184083,0.017516664900977266,-0.01651299228349076,-0.05522741457425365,-0.017268610907359806,-0.006250389702926665,0.04978165752828925,0.02994689385096909,-0.0017199961484001204,-0.0011302665149336881,0.022018393377899105,-0.005111016326123237,0.02637643591615365,-0.0006086761173683386,-0.003837000805193143,-0.024531162518455184,-0.13704548955849902,-0.06969835736096214,-0.0394256565503851,-0.02159770900345174,0.08795123601816016,0.08684424075556796,-0.03064271203874691,-0.2542165696931953,0.005103243051334881,-0.09644359605953208,0.02994689385096909,0.19715470393899462,-0.016195957170328353,0.05135291452347219,0.010533784803480398,-0.00022201948678393646,0.021830001937477167,0.07311483656785916,-0.0478677774355985,-0.19688238601565045,0.0008238847422301649,-0.00927016673422985,0.0021157242633320405,0.016042100433771554,0.010506625818468358,-0.0070109485687231375,0.02932712171426373,0.017001611768012705,0.026420607458813132,0.008034615149524603,-0.0017199961484001204,-0.016195957170328353,0.058919068838259786,0.015929458418707798,0.018949701046682164,0.0006679661360603061,0.014014667761956527,-0.00991013829390117,0.006314767037071548,-0.0024374014387302653,-0.038529735686099326,-0.020114251241441432,-0.012402317151861023,0.009653125765509965,0.03615771485808691,0.04990034675695785,0.018496475745367325,-0.0751062878104724,0.009126113560475177,-0.03547015457205174,-0.0011302665149336881,0.05135291452347219,0.015929458418707798,0.06999858968163679,0.01214464247084851,0.019757019431944738,0.026475057249525626,0.01525711818595165,-0.02681197899957488,-0.05555144755197744,0.0043228893992738795,-0.02532206173843244,-0.006432338884906538,0.012287779225030947,0.01784475475755952,0.010557001893297419,0.01466699441773571,-0.045647461264664305,-0.0016815071526532048,-0.011671517591181967,0.022018393377899105,0.010533784803480398,0.018949701046682164,0.01214464247084851,0.05387985295024621,-0.0076158476128990425,0.023815204410486405,-0.02253073553119251,-0.006438156685793122,-0.03614907498765453,0.014513749733662443,0.040066344193640996,-0.018905474360242668,0.03724129639648767,0.011989183537883304,0.05155730200955884,0.029497457069227843,0.016967277940526965,-0.0005337880985306891,-0.050330562138084185,-0.005111016326123237,-0.00022201948678393646,0.0006679661360603061,0.019757019431944738,-0.0076158476128990425,0.11052680398105885,0.024884193329088942,-0.008498305868701928,-0.0042085618030274705,0.02101377339343274,-0.012177142729103488,-0.009927958359259182,-0.010260340853669843,0.019304623476276185,0.009628662959317153,0.05276373149290328,0.01670164006484528,-0.05045475416786547,-0.0034190102162531943,-0.01943279200892751,0.02637643591615365,0.021830001937477167,0.014014667761956527,0.026475057249525626,0.023815204410486405,0.024884193329088942,0.061394399572361896,-0.0009487959076442743,-0.026201016137747057,-0.026510328367327647,-0.058987424103372696,-0.012679513837134174,0.0008439084837767937,-0.030449334868705737,0.017622551910333437,0.0231691074345802,-0.021097622310744406,-0.0659964771664101,0.016927155332334985,-0.00963126491507535,-0.0006086761173683386,0.07311483656785916,-0.00991013829390117,0.01525711818595165,-0.02253073553119251,-0.008498305868701928,-0.0009487959076442743,0.07440061061453612,-0.019953292479818877,-0.05480139488782187,0.03949761817946264,0.0077781694578156835,0.012415960313212104,-0.008865481585606492,-0.03144920108722687,-0.05775704587693774,-0.006158848745200351,0.12124626660693794,-0.005644246073493512,0.04252281606224935,-0.003837000805193143,-0.0478677774355985,0.006314767037071548,-0.02681197899957488,-0.006438156685793122,-0.0042085618030274705,-0.026201016137747057,-0.019953292479818877,0.08697139930360433,0.08982501493813128,0.18459754215262644,0.07039408245883075,0.07012544265007815,0.006118883491848859,-0.13743101936105487,-0.11771940071987405,-0.007656997869750607,0.37508875637416406,-0.021167717492798242,0.12349227627123524,-0.024531162518455184,-0.19688238601565045,-0.0024374014387302653,-0.05555144755197744,-0.03614907498765453,0.02101377339343274,-0.026510328367327647,-0.05480139488782187,0.08982501493813128,0.328734374442355
