0.21825112808300967,-0.021244659130657234,0.046163218135517076,-0.07307869672373549,0.03596926182555875,0.024928726654516866,0.012924749700790177,-0.06821550525911317,0.05993183685840929,0.05203943568472941,0.10372921824790318,-0.0032685064167198574,-0.0178789586825512,-0.0387263651154491,-0.1976610929911446,0.04669968903099743,-0.007771706892337883,0.047425205684452236,-0.09614866803245123,-0.12392027676849962,-0.021244659130657234,0.06290583208436125,-0.03285474774245757,-0.041256202103099354,-0.011682678600124648,-0.03088569341162434,0.004964475979028188,0.008556802684324061,-0.010058074707537761,0.006736961964541617,-0.01480107642156511,-0.012807903609180073,0.033275695329173904,0.03367316292919529,0.0666297390972117,0.03943290307873465,-0.005179704201525463,-0.02542368382698431,0.0008355784350398421,0.03928947186927587,0.046163218135517076,-0.03285474774245757,0.12394546327809501,0.03350921419968904,0.031047070730234994,-0.0347358290279281,-0.030106806785800237,-0.0010580803962539458,-0.037770538698232776,-0.0009933117304750142,0.04739828647227971,0.041115666530259984,-0.009721871192812719,-0.07752385357268478,-0.06929277000887205,-0.025366151637687007,-0.011428014855385128,0.02849014949249754,-0.011915893686235739,-0.019372589548676877,-0.07307869672373549,-0.041256202103099354,0.03350921419968904,0.15918616610101818,0.029388724124823264,-0.03190083765671203,-0.06098228848498792,0.06180126424500375,-0.0015981415350321507,-0.06190424040993427,-0.014728025713936454,0.03587278495294338,-0.03453430616679887,-0.08945489203060107,0.040526255079889065,-0.03149324191676495,0.0363234667622692,-0.009268040014288648,0.01147539157223226,0.025637886884162426,0.03596926182555875,-0.011682678600124648,0.031047070730234994,0.029388724124823264,0.07351089364227162,-0.01367530551094623,-0.033701477503199836,0.015582164361006066,0.04265280837488287,-0.022202829165748977,0.03799262017207605,0.01875059382607095,-0.04776645979658616,-0.08671575345351548,-0.06926216766769264,0.023847957341976964,0.03514979456060055,0.030570808818709945,-0.03345186850111996,-0.025211836281142503,0.024928726654516866,-0.03088569341162434,-0.0347358290279281,-0.03190083765671203,-0.01367530551094623,0.14660075361239344,0.05461846974902925,-0.062323180346094444,0.023352058990038442,0.06321513009919928,-0.06253024610823,-0.07971058437783984,-0.0029382478797208783,0.11666792750372004,-0.07935643851112759,-0.08435351188437329,-0.01693854783882322,0.035242440380890354,0.0045560260466920325,-0.09694491389124682,0.012924749700790177,0.004964475979028188,-0.030106806785800237,-0.06098228848498792,-0.033701477503199836,0.05461846974902925,0.06741279817375835,-0.048378435992143656,-0.001898154499684123,0.04600907746527458,-0.027546561664941304,-0.04932655224822649,0.017476712492985165,0.0787173205227353,-0.016405992967554336,-0.0367980224010646,-0.01904024494511314,0.006300304162316414,0.014732677870027511,-0.03183153870545767,-0.06821550525911317,0.008556802684324061,-0.0010580803962539458,0.06180126424500375,0.015582164361006066,-0.062323180346094444,-0.048378435992143656,0.11855266979946238,0.0007246444688297216,-0.06696146832260033,0.0252017099779184,0.05830507303392473,-0.02567044878310689,-0.08454888650834015,0.06396370997888964,0.01801443907522576,0.02107039764329688,-0.019371396877101335,-0.0029285821658184105,0.042274772849354436,0.05993183685840929,-0.010058074707537761,-0.037770538698232776,-0.0015981415350321507,0.04265280837488287,0.023352058990038442,-0.001898154499684123,0.0007246444688297216,0.11569094535012088,-0.022601084098523183,0.033619406990737837,0.006039984549592592,-0.0651543965502839,-0.06380164805532566,-0.07673987325322926,0.04371939920272133,0.04193933526031528,0.015733227562884755,-0.04797406733923581,-0.04661642098912115,0.05203943568472941,0.006736961964541617,-0.0009933117304750142,-0.06190424040993427,-0.022202829165748977,0.06321513009919928,0.04600907746527458,-0.06696146832260033,-0.022601084098523183,0.11339686224459655,-0.03426078266881134,-0.08016504413694552,0.061041458730016374,0.12427053758465506,-0.052513284343091084,-0.054022626910844786,-0.05279893143121431,0.01909964058737306,0.010546580332636158,-0.07176028588017949,0.10372921824790318,-0.01480107642156511,0.04739828647227971,-0.014728025713936454,0.03799262017207605,-0.06253024610823,-0.027546561664941304,0.0252017099779184,0.033619406990737837,-0.03426078266881134,0.17766275964020523,0.10108717628592989,-0.05099673775135527,-0.14107515606471932,-0.09452637980389124,0.08359898612305607,0.03725475254897258,0.02523146742589874,-0.06729925444967001,-0.020061358089623345,-0.0032685064167198574,-0.012807903609180073,0.041115666530259984,0.03587278495294338,0.01875059382607095,-0.07971058437783984,-0.04932655224822649,0.05830507303392473,0.006039984549592592,-0.08016504413694552,0.10108717628592989,0.1494811905535663,-0.04074227483689195,-0.12718534660974967,0.013092215678163273,0.07471105996793756,0.05033951897782636,-0.01854997136596835,-0.046159090054784066,0.060211257302635185,-0.0178789586825512,0.033275695329173904,-0.009721871192812719,-0.03453430616679887,-0.04776645979658616,-0.0029382478797208783,0.017476712492985165,-0.02567044878310689,-0.0651543965502839,0.061041458730016374,-0.05099673775135527,-0.04074227483689195,0.11107159308359776,0.11631367929545015,0.06633022775842626,-0.019868650417702326,-0.06728087679364964,-0.024607846998202707,0.03917196603890087,0.019145394438048028,-0.0387263651154491,0.03367316292919529,-0.07752385357268478,-0.08945489203060107,-0.08671575345351548,0.11666792750372004,0.0787173205227353,-0.08454888650834015,-0.06380164805532566,0.12427053758465506,-0.14107515606471932,-0.12718534660974967,0.11631367929545015,0.29187440268384174,0.07473312275424199,-0.07692346093854187,-0.08531567166491373,-0.016525422100455312,0.07023494398059346,-0.01786675815159255,-0.1976610929911446,0.0666297390972117,-0.06929277000887205,0.040526255079889065,-0.06926216766769264,-0.07935643851112759,-0.016405992967554336,0.06396370997888964,-0.07673987325322926,-0.052513284343091084,-0.09452637980389124,0.013092215678163273,0.06633022775842626,0.07473312275424199,0.2956679642297658,0.02631703390812032,-0.006217641446238017,-0.09708451833956253,0.09477960204013525,0.18204436375998084,0.04669968903099743,0.03943290307873465,-0.025366151637687007,-0.03149324191676495,0.023847957341976964,-0.08435351188437329,-0.0367980224010646,0.01801443907522576,0.04371939920272133,-0.054022626910844786,0.08359898612305607,0.07471105996793756,-0.019868650417702326,-0.07692346093854187,0.02631703390812032,0.1763201229008141,0.04759139073540848,-0.015407756048674476,-0.06045546296535078,0.07016498935506676,-0.007771706892337883,-0.005179704201525463,-0.011428014855385128,0.0363234667622692,0.03514979456060055,-0.01693854783882322,-0.01904024494511314,0.02107039764329688,0.04193933526031528,-0.05279893143121431,0.03725475254897258,0.05033951897782636,-0.06728087679364964,-0.08531567166491373,-0.006217641446238017,0.04759139073540848,0.08158345477250105,-0.00024745636049652045,-0.028730129582762654,0.024006985241280532,0.047425205684452236,-0.02542368382698431,0.02849014949249754,-0.009268040014288648,0.030570808818709945,0.035242440380890354,0.006300304162316414,-0.019371396877101335,0.015733227562884755,0.01909964058737306,0.02523146742589874,-0.01854997136596835,-0.024607846998202707,-0.016525422100455312,-0.09708451833956253,-0.015407756048674476,-0.00024745636049652045,0.0710395219353297,-0.017928348593323217,-0.057699421117301225,-0.09614866803245123,0.0008355784350398421,-0.011915893686235739,0.01147539157223226,-0.03345186850111996,0.0045560260466920325,0.014732677870027511,-0.0029285821658184105,-0.04797406733923581,0.010546580332636158,-0.06729925444967001,-0.046159090054784066,0.03917196603890087,0.07023494398059346,0.09477960204013525,-0.06045546296535078,-0.028730129582762654,-0.017928348593323217,0.1075449351124565,0.0471992508582708,-0.12392027676849962,0.03928947186927587,-0.019372589548676877,0.025637886884162426,-0.025211836281142503,-0.09694491389124682,-0.03183153870545767,0.042274772849354436,-0.04661642098912115,-0.07176028588017949,-0.020061358089623345,0.060211257302635185,0.019145394438048028,-0.01786675815159255,0.18204436375998084,0.07016498935506676,0.024006985241280532,-0.057699421117301225,0.0471992508582708,0.1707822200575024
0.15397477378980537,-0.03677676117232362,0.1286644211398011,-0.02727444313271949,0.022758710790786146,0.039251648313059766,0.005525870006334147,-0.05483073775195868,-0.008497726931418374,0.11700027662684681,0.0663106074588859,-0.013533641312293962,-0.01981380446017865,-0.028965556237948165,-0.14475416475480213,-0.0654939323339773,0.0008273229370184297,-0.013010436207662762,-0.022145605056532285,-0.11286736004979955,-0.03677676117232362,0.04522034798617658,-0.04076243437386634,-0.025457589614216743,-0.01946635809793805,-0.027730431401150283,-0.000328244212140972,-0.001139871289368515,0.00814085427472953,-0.01963224019424148,-0.02844281925180947,-0.01713398309006978,0.01673656338627246,0.0315514475142077,0.060088353358307575,0.034371043028997,-0.013953102720197116,0.0034789130782137516,0.013397132795153466,0.04211230633754395,0.1286644211398011,-0.04076243437386634,0.2565088476964532,0.00204999216506766,0.07817017446111019,0.022049032368802294,-0.03519036688523683,-0.06060272932656008,-0.04627754583823024,0.11326156031471797,0.10710919639043362,0.05565151277495188,-0.049029523790610645,-0.12630539655207823,-0.19161948440067494,-0.12548833393646705,0.017894821496043455,0.0433831845400519,-0.023164256925952243,-0.11584194827285453,-0.02727444313271949,-0.025457589614216743,0.00204999216506766,0.08703144544375764,0.014436909285088837,-0.0171057067807663,-0.008553347622313436,0.03831864027168623,-0.006753962193518832,-0.05176415875328251,0.02892866452026449,0.04488611896846324,-0.008848031703971613,-0.04428321998872772,-0.019145625369585133,0.007125768920101886,0.020802432605762426,0.019887162846523733,-0.03987815995756802,0.004110130112380929,0.022758710790786146,-0.01946635809793805,0.07817017446111019,0.014436909285088837,0.06286692449651438,0.04489256315792735,-0.0048923046628045665,-0.025832480311610864,-0.01246569801586253,0.02211431132963253,0.014740125021665672,0.0018519475646679648,-0.03071739700961022,-0.051781775433970625,-0.05079748449738086,-0.053942341311847025,0.04047843024831876,0.013634102178398142,0.003817657754237984,-0.023398887224681787,0.039251648313059766,-0.027730431401150283,0.022049032368802294,-0.0171057067807663,0.04489256315792735,0.1623303423442872,0.046868452895407385,-0.02378688047673551,0.01268961187411475,0.06290144395368147,-0.04889942192400423,-0.09272638309955296,-0.04738440514331005,0.022316754849205256,-0.01742035666849516,-0.07562445178016185,0.059829640995700664,-0.037070112274199866,0.016071418031301007,-0.04147224830496465,0.005525870006334147,-0.000328244212140972,-0.03519036688523683,-0.008553347622313436,-0.0048923046628045665,0.046868452895407385,0.09611158538062863,-0.006086509304106272,0.026665079768168884,0.039122956630984154,-0.03528431734584033,-0.07289742580042852,-0.011950127505082401,0.0531352528854259,0.027233159072442677,-0.03268465552913255,0.00246505330758599,-0.03682889195609031,0.006761042228987291,-0.015501208110004619,-0.05483073775195868,-0.001139871289368515,-0.06060272932656008,0.03831864027168623,-0.025832480311610864,-0.02378688047673551,-0.006086509304106272,0.08291346947874341,0.00362990290102505,-0.08344481389974664,0.011899547002414444,0.055884379500403494,0.015943249772631254,0.0021953152732013155,0.03779201506684189,0.031227755907521124,-0.009565159964686303,-0.006263592083587325,-0.02587191205150155,0.03632150518479843,-0.008497726931418374,0.00814085427472953,-0.04627754583823024,-0.006753962193518832,-0.01246569801586253,0.01268961187411475,0.026665079768168884,0.00362990290102505,0.04328050801311949,-0.010711898302756626,-0.04155016040440544,-0.029313988722740856,0.004444505390291294,0.03774889408674036,0.025282744158846637,0.022090238210787677,-0.0029547638104605927,-0.017868673860279627,0.008986102903658517,0.013555878250556756,0.11700027662684681,-0.01963224019424148,0.11326156031471797,-0.05176415875328251,0.02211431132963253,0.06290144395368147,0.039122956630984154,-0.08344481389974664,-0.010711898302756626,0.17962236343650717,0.012708522395822439,-0.08788549377930174,-0.03141023627994232,0.00482346736999357,-0.09976062733008018,-0.0942966435981716,0.006685762802377348,-0.004001575137023017,0.012677556911504864,-0.10250939395043313,0.0663106074588859,-0.02844281925180947,0.10710919639043362,0.02892866452026449,0.014740125021665672,-0.04889942192400423,-0.03528431734584033,0.011899547002414444,-0.04155016040440544,0.012708522395822439,0.1744275052002186,0.11297087622170987,-0.006062847103356441,-0.11055534916610454,-0.12338459745508795,-0.0446476292415906,-0.01911447897194733,0.038455048354131965,-0.0637268599478701,-0.0728176174403583,-0.013533641312293962,-0.01713398309006978,0.05565151277495188,0.04488611896846324,0.0018519475646679648,-0.09272638309955296,-0.07289742580042852,0.055884379500403494,-0.029313988722740856,-0.08788549377930174,0.11297087622170987,0.1927465953440639,0.021534494214005134,-0.09801291268198467,-0.04835679083967639,0.011852597287076237,-0.01631735824008551,0.032024203796412104,-0.057253649731267106,0.011302210821991824,-0.01981380446017865,0.01673656338627246,-0.049029523790610645,-0.008848031703971613,-0.03071739700961022,-0.04738440514331005,-0.011950127505082401,0.015943249772631254,0.004444505390291294,-0.03141023627994232,-0.006062847103356441,0.021534494214005134,0.05936254963619669,0.008804029972514595,0.031664438336303266,0.049612998104537835,-0.02967494580917563,-0.009187739040818793,0.002569689300547401,0.03662536096516716,-0.028965556237948165,0.0315514475142077,-0.12630539655207823,-0.04428321998872772,-0.051781775433970625,0.022316754849205256,0.0531352528854259,0.0021953152732013155,0.03774889408674036,0.00482346736999357,-0.11055534916610454,-0.09801291268198467,0.008804029972514595,0.1591600336707319,0.11568738567486253,0.05201389821215294,-0.01729475313042772,-0.05640404152227,0.03900042789962514,0.045969964378877154,-0.14475416475480213,0.060088353358307575,-0.19161948440067494,-0.019145625369585133,-0.05079748449738086,-0.01742035666849516,0.027233159072442677,0.03779201506684189,0.025282744158846637,-0.09976062733008018,-0.12338459745508795,-0.04835679083967639,0.031664438336303266,0.11568738567486253,0.2426433059262285,0.09194902215500919,-0.012128012551281334,-0.0393870155822483,0.048183695645048055,0.14485330122913997,-0.0654939323339773,0.034371043028997,-0.12548833393646705,0.007125768920101886,-0.053942341311847025,-0.07562445178016185,-0.03268465552913255,0.031227755907521124,0.022090238210787677,-0.0942966435981716,-0.0446476292415906,0.011852597287076237,0.049612998104537835,0.05201389821215294,0.09194902215500919,0.15232325333046448,-0.03374616459208521,-0.009028637730393394,-0.011811676871072796,0.07928048766047865,0.0008273229370184297,-0.013953102720197116,0.017894821496043455,0.020802432605762426,0.04047843024831876,0.059829640995700664,0.00246505330758599,-0.009565159964686303,-0.0029547638104605927,0.006685762802377348,-0.01911447897194733,-0.01631735824008551,-0.02967494580917563,-0.01729475313042772,-0.012128012551281334,-0.03374616459208521,0.06981867647007174,0.0065263731809166465,0.009389381399234998,0.0015707313800474723,-0.013010436207662762,0.0034789130782137516,0.0433831845400519,0.019887162846523733,0.013634102178398142,-0.037070112274199866,-0.03682889195609031,-0.006263592083587325,-0.017868673860279627,-0.004001575137023017,0.038455048354131965,0.032024203796412104,-0.009187739040818793,-0.05640404152227,-0.0393870155822483,-0.009028637730393394,0.0065263731809166465,0.07385635250479344,-0.01306880376965318,-0.00875172479551118,-0.022145605056532285,0.013397132795153466,-0.023164256925952243,-0.03987815995756802,0.003817657754237984,0.016071418031301007,0.006761042228987291,-0.02587191205150155,0.008986102903658517,0.012677556911504864,-0.0637268599478701,-0.057253649731267106,0.002569689300547401,0.03900042789962514,0.048183695645048055,-0.011811676871072796,0.009389381399234998,-0.01306880376965318,0.08456282817397742,0.028515944387114446,-0.11286736004979955,0.04211230633754395,-0.11584194827285453,0.004110130112380929,-0.023398887224681787,-0.04147224830496465,-0.015501208110004619,0.03632150518479843,0.013555878250556756,-0.10250939395043313,-0.0728176174403583,0.011302210821991824,0.03662536096516716,0.045969964378877154,0.14485330122913997,0.07928048766047865,0.0015707313800474723,-0.00875172479551118,0.028515944387114446,0.1334572940646249
0.11354480594701923,-0.01783692475732737,0.05927811750662591,0.0029108659193050274,-0.02180158411557429,-0.006093913980338858,-0.012859484084277676,-0.03411028226297501,-0.012343210776583659,0.039340875914018775,0.05601015532194559,0.017362770190786605,0.017624890489826447,-0.028117062768143516,-0.08362599078732094,0.042165678834698316,-0.00022124371518001247,-0.019883825602924926,-0.041900315123649126,-0.06740148566814455,-0.01783692475732737,0.060900523834015556,-0.030282901636761755,-0.03882618871233431,-0.0033370250092534326,0.005475842883974046,-0.004212936866271957,0.015681218032493456,0.010074469006054442,-0.009154098953230286,-0.019947908412353017,-0.035998477986556116,0.016958652354387933,0.031275877743954766,0.040350408584311326,0.020374007200954548,-0.014747842645804773,-0.017255969717551254,0.006850969028562456,0.0024474372574830455,0.05927811750662591,-0.030282901636761755,0.1826922328626989,0.07092247520936643,0.016263551414674553,0.005327545155892404,0.017252874993816166,-0.032473902758982445,-0.06354817780910184,0.03372392863296156,0.0858148064242651,0.06668034581350611,-0.011522250734892228,-0.11320506558608755,-0.14550877995548622,-0.008435617910399418,0.03855332492002361,0.00703608553934421,-0.05958532500110807,-0.07422331822272987,0.0029108659193050274,-0.03882618871233431,0.07092247520936643,0.08739482992236579,0.013359865681804287,-0.0011473501398351316,-0.006579998749895597,-0.0014078775245370753,-0.012422340712300656,-0.010489278702752037,0.026758823560235033,0.05678435424009047,-0.01721696007510965,-0.07215814897565588,-0.07412741022825853,-0.006629868796965886,0.035801358336666464,0.021122527119207972,-0.038578625549160396,-0.020039436028884493,-0.02180158411557429,-0.0033370250092534326,0.016263551414674553,0.013359865681804287,0.05636031568589062,0.016119143329590385,0.01383921196840503,0.025251413787189602,0.006822032700018812,0.006642190321239411,-0.012828086731953374,-0.002186085660058791,-0.028729720269020376,-0.010627482546876028,-0.013175192342298234,-0.061322186403827736,0.022566509767237723,0.03179225307429842,-0.008965112695322745,-0.009466833920578661,-0.006093913980338858,0.005475842883974046,0.005327545155892404,-0.0011473501398351316,0.016119143329590385,0.04370536129894531,0.022552701759664544,0.02655065249581016,0.025207744012384452,-0.002182666662811701,-0.019406394549676752,-0.011529399385892852,-0.013336076502170623,0.010732377012492198,-0.00035529292373552524,-0.041382210018362627,0.008778388058299901,0.012751470728354437,-0.008057798367106841,-0.017809653981219926,-0.012859484084277676,-0.004212936866271957,0.017252874993816166,-0.006579998749895597,0.01383921196840503,0.022552701759664544,0.08443354457558645,0.010006440295689914,0.0205810285813756,0.021845409513486427,-0.019393136460496348,0.010096684070396269,-0.014992136809004915,0.002180733159791704,-0.029661326561928724,-0.06106231773861577,0.0326872290965025,0.016791050536435898,-0.006787415550989986,-0.022200432817723548,-0.03411028226297501,0.015681218032493456,-0.032473902758982445,-0.0014078775245370753,0.025251413787189602,0.02655065249581016,0.010006440295689914,0.1033353978901275,0.043433950013031346,-0.012415569227995724,-0.009009782004967708,0.0005873529439246817,-0.028590508322224255,0.012127112090692099,0.017955068696842647,-0.07345102545363891,0.0032133030600706974,0.03115617623107902,-0.013531385699523144,-0.024332655123827637,-0.012343210776583659,0.010074469006054442,-0.06354817780910184,-0.012422340712300656,0.006822032700018812,0.025207744012384452,0.0205810285813756,0.043433950013031346,0.0905922082407847,-0.011014974151525355,-0.06422857542844934,-0.008216981037199974,-0.010198414321943934,0.050066125720027665,0.015239662383536901,-0.026901358729772493,-0.00021206719571419184,0.014261230358081052,0.0020894287560134805,-0.013653223826211106,0.039340875914018775,-0.009154098953230286,0.03372392863296156,-0.010489278702752037,0.006642190321239411,-0.002182666662811701,0.021845409513486427,-0.012415569227995724,-0.011014974151525355,0.06439830132329868,0.054881564360612645,0.00046101790214335734,-0.015367403130335933,-0.012168482222013981,-0.05364182603471042,-0.03834349970372669,0.014446573131578308,0.009803879983105043,-0.015674580642286867,-0.05466460461265823,0.05601015532194559,-0.019947908412353017,0.0858148064242651,0.026758823560235033,-0.012828086731953374,-0.019406394549676752,-0.019393136460496348,-0.009009782004967708,-0.06422857542844934,0.054881564360612645,0.20413068912072474,0.049943784660965884,-0.0012733463285452603,-0.1024760882291317,-0.11598856594629373,0.010088721485066988,0.003732316619326651,0.012443376579257058,-0.045300438392009555,-0.086053052470082,0.017362770190786605,-0.035998477986556116,0.06668034581350611,0.05678435424009047,-0.002186085660058791,-0.011529399385892852,0.010096684070396269,0.0005873529439246817,-0.008216981037199974,0.00046101790214335734,0.049943784660965884,0.09051351513738075,0.004134057455758462,-0.0741202762421338,-0.10090315771653396,0.0035636565168230393,0.026545307366340015,0.021763745590896413,-0.049418634984739085,-0.03899311425275949,0.017624890489826447,0.016958652354387933,-0.011522250734892228,-0.01721696007510965,-0.028729720269020376,-0.013336076502170623,-0.014992136809004915,-0.028590508322224255,-0.010198414321943934,-0.015367403130335933,-0.0012733463285452603,0.004134057455758462,0.0689429392017998,-0.0033727829228525448,-0.00398561631409408,0.07581156238672004,-0.03324560885354913,-0.024526585417478534,-0.0017002093458433872,0.014404160955092813,-0.028117062768143516,0.031275877743954766,-0.11320506558608755,-0.07215814897565588,-0.010627482546876028,0.010732377012492198,0.002180733159791704,0.012127112090692099,0.050066125720027665,-0.012168482222013981,-0.1024760882291317,-0.0741202762421338,-0.0033727829228525448,0.13395925885441032,0.12709680990755906,-0.01253054357529042,-0.03021325600451373,-0.019554007212216756,0.06186903691299565,0.05911026016745377,-0.08362599078732094,0.040350408584311326,-0.14550877995548622,-0.07412741022825853,-0.013175192342298234,-0.00035529292373552524,-0.029661326561928724,0.017955068696842647,0.015239662383536901,-0.05364182603471042,-0.11598856594629373,-0.10090315771653396,-0.00398561631409408,0.12709680990755906,0.2411340963048979,-0.004075944756234332,-0.055795324943662745,-0.030057762742047453,0.0927633916759095,0.12331120597918928,0.042165678834698316,0.020374007200954548,-0.008435617910399418,-0.006629868796965886,-0.061322186403827736,-0.041382210018362627,-0.06106231773861577,-0.07345102545363891,-0.026901358729772493,-0.03834349970372669,0.010088721485066988,0.0035636565168230393,0.07581156238672004,-0.01253054357529042,-0.004075944756234332,0.20643240167440963,-0.030612244649069222,-0.060507966226835436,0.006523116983953077,0.038891283733980514,-0.00022124371518001247,-0.014747842645804773,0.03855332492002361,0.035801358336666464,0.022566509767237723,0.008778388058299901,0.0326872290965025,0.0032133030600706974,-0.00021206719571419184,0.014446573131578308,0.003732316619326651,0.026545307366340015,-0.03324560885354913,-0.03021325600451373,-0.055795324943662745,-0.030612244649069222,0.0656324703587732,0.02005888772570541,-0.021146857278198004,-0.02063497031791294,-0.019883825602924926,-0.017255969717551254,0.00703608553934421,0.021122527119207972,0.03179225307429842,0.012751470728354437,0.016791050536435898,0.03115617623107902,0.014261230358081052,0.009803879983105043,0.012443376579257058,0.021763745590896413,-0.024526585417478534,-0.019554007212216756,-0.030057762742047453,-0.060507966226835436,0.02005888772570541,0.054741576489719265,-0.018793481285383412,-0.01920175673579269,-0.041900315123649126,0.006850969028562456,-0.05958532500110807,-0.038578625549160396,-0.008965112695322745,-0.008057798367106841,-0.006787415550989986,-0.013531385699523144,0.0020894287560134805,-0.015674580642286867,-0.045300438392009555,-0.049418634984739085,-0.0017002093458433872,0.06186903691299565,0.0927633916759095,0.006523116983953077,-0.021146857278198004,-0.018793481285383412,0.07939431806169762,0.0643398176602826,-0.06740148566814455,0.0024474372574830455,-0.07422331822272987,-0.020039436028884493,-0.009466833920578661,-0.017809653981219926,-0.022200432817723548,-0.024332655123827637,-0.013653223826211106,-0.05466460461265823,-0.086053052470082,-0.03899311425275949,0.014404160955092813,0.05911026016745377,0.12331120597918928,0.038891283733980514,-0.02063497031791294,-0.01920175673579269,0.0643398176602826,0.13535695977615947
