0.17798074467497138,-0.009111608921778439,0.1032213983965293,-0.07564175238756937,-0.001617226644355007,0.05011365703479036,0.04443144818835285,-0.04549272609637082,0.01741485226343134,0.13175617997483915,0.047997141002735375,-0.01595780680887677,-0.013807813558113564,0.03301695832512477,-0.12113901793176127,-0.06384681296938519,-0.024206715546148942,-0.019558772373643358,-0.05526003020371979,-0.12224561583817273,-0.009111608921778439,0.05135100794773734,-0.027708731686454095,-0.03267918358998052,-0.0026624572138350486,0.004499185795457121,0.010532278464040833,-0.02077019644503758,0.020667159561003318,-0.00474377822320548,-0.03137274239684126,-0.03531594113619703,0.017065444256686952,0.03172214760907115,0.019879910853615464,0.023373373831417694,-0.009228562528896034,-0.009833202654523632,0.0060530297677020735,0.007355397975114579,0.1032213983965293,-0.027708731686454095,0.18847017475702327,0.00394970746981792,0.031493303410708065,0.046030017568807605,0.025916028290769832,0.0039034150980319614,-0.026834726528476356,0.11291810437737014,0.07631887368518306,0.033109954935035504,-0.05815293792713587,-0.03488030056638612,-0.12627767841791795,-0.12877396675725578,-0.0012456158749139653,0.024940173056438347,-0.05978587143206136,-0.12106344039621232,-0.07564175238756937,-0.03267918358998052,0.00394970746981792,0.14574877624327737,0.0280218053362823,-0.012408389698904053,-0.032365222068447594,0.06531284810261512,0.01071132821062994,-0.09040537440198222,-0.0027508365634063346,0.07378487220945427,-0.026801899890217303,-0.11233646830595072,-0.020754324623067744,0.016329284122065912,0.07445838161346269,0.02295281767760063,-0.038603858754323365,0.006822304013746712,-0.001617226644355007,-0.0026624572138350486,0.031493303410708065,0.0280218053362823,0.03621170594235364,0.021485665340259315,0.005550930382856258,0.004175224828613568,0.009291618981224773,-0.0019142193368246263,-0.003911251563359922,0.004510597771372941,-0.029267442666017884,-0.02309840785911306,-0.027562609876133088,-0.02870010247442705,0.030668565761490366,0.01178040162717402,-0.013795247202283794,-0.022587383162026554,0.05011365703479036,0.004499185795457121,0.046030017568807605,-0.012408389698904053,0.021485665340259315,0.060650296020969705,0.03385214677224732,-0.017520381608569648,0.03677774496634205,0.04494223015672532,-0.007502054705869813,-0.022945624442317715,-0.02615037290579294,0.005414067239706043,-0.05643702107715701,-0.04801294393806919,0.014382091770314142,0.0006205662607822915,-0.018276755198663206,-0.062346148694380946,0.04443144818835285,0.010532278464040833,0.025916028290769832,-0.032365222068447594,0.005550930382856258,0.03385214677224732,0.0663656876431118,-0.021114415934865703,0.03855491625821014,0.05201173961391194,-0.016189825421287087,-0.032789783847229595,-0.018663632404879574,0.02384466860377442,-0.041286299563520826,-0.047411295930059785,0.003242163034699795,-0.01131353478628862,-0.0035835836024221863,-0.05398149278479715,-0.04549272609637082,-0.02077019644503758,0.0039034150980319614,0.06531284810261512,0.004175224828613568,-0.017520381608569648,-0.021114415934865703,0.06587431781840844,-0.010443745246124545,-0.0409711328919765,0.003234811635563139,0.04632364048339119,-0.013080296933917396,-0.050959053249197236,0.006472543022952519,-0.005758549184078244,0.026302562989481523,0.012871768279003576,-0.01492924186596162,0.008042864029659418,0.01741485226343134,0.020667159561003318,-0.026834726528476356,0.01071132821062994,0.009291618981224773,0.03677774496634205,0.03855491625821014,-0.010443745246124545,0.09713626222656507,-0.012917531734526415,-0.055023398456810556,-0.014121574916244412,-0.008822215380938503,-0.005848451638775346,-0.04465947337776989,0.0237728372455865,0.030338715881861985,-0.020155681431618985,-0.016745812439898634,-0.042571004228557856,0.13175617997483915,-0.00474377822320548,0.11291810437737014,-0.09040537440198222,-0.0019142193368246263,0.04494223015672532,0.05201173961391194,-0.0409711328919765,-0.012917531734526415,0.16968887159901858,0.049153917925202815,-0.039720382308570085,-0.02543242473307097,0.06368954009216518,-0.07901399854279695,-0.1167046189640453,-0.041154758761127216,-0.00864609538436381,-0.018828773766870366,-0.10170430291450772,0.047997141002735375,-0.03137274239684126,0.07631887368518306,-0.0027508365634063346,-0.003911251563359922,-0.007502054705869813,-0.016189825421287087,0.003234811635563139,-0.055023398456810556,0.049153917925202815,0.10970353505162,0.040773897713643426,-0.013459816568551938,-0.027899359783499476,-0.0451959889514329,-0.038736630451043426,-0.015393424642387812,0.02005254295791418,-0.026222824420994037,-0.03650495163477195,-0.01595780680887677,-0.03531594113619703,0.033109954935035504,0.07378487220945427,0.004510597771372941,-0.022945624442317715,-0.032789783847229595,0.04632364048339119,-0.014121574916244412,-0.039720382308570085,0.040773897713643426,0.10516847884187079,-0.005187781418695865,-0.08562575166396255,-0.04542515775119982,0.02199945233012968,0.032714847265045845,0.017812348728372396,-0.055782833812355805,-0.013590376508704717,-0.013807813558113564,0.017065444256686952,-0.05815293792713587,-0.026801899890217303,-0.029267442666017884,-0.02615037290579294,-0.018663632404879574,-0.013080296933917396,-0.008822215380938503,-0.02543242473307097,-0.013459816568551938,-0.005187781418695865,0.08148331490680748,0.01823057785175811,0.03177784344225493,0.07496117110518229,-0.044232971947088195,-0.010594471878214261,0.010194709315771698,0.04754188015220427,0.03301695832512477,0.03172214760907115,-0.03488030056638612,-0.11233646830595072,-0.02309840785911306,0.005414067239706043,0.02384466860377442,-0.050959053249197236,-0.005848451638775346,0.06368954009216518,-0.027899359783499476,-0.08562575166396255,0.01823057785175811,0.1317363508684863,0.06258552462528702,-0.017423952228960066,-0.05961404647187846,-0.02661022537643843,0.06412307960234188,0.02415426201131411,-0.12113901793176127,0.019879910853615464,-0.12627767841791795,-0.020754324623067744,-0.027562609876133088,-0.05643702107715701,-0.041286299563520826,0.006472543022952519,-0.04465947337776989,-0.07901399854279695,-0.0451959889514329,-0.04542515775119982,0.03177784344225493,0.06258552462528702,0.19587543118486442,0.05222752107873861,-0.03142615147920095,-0.0028321557715523926,0.09787412707854568,0.14657209465030824,-0.06384681296938519,0.023373373831417694,-0.12877396675725578,0.016329284122065912,-0.02870010247442705,-0.04801294393806919,-0.047411295930059785,-0.005758549184078244,0.0237728372455865,-0.1167046189640453,-0.038736630451043426,0.02199945233012968,0.07496117110518229,-0.017423952228960066,0.05222752107873861,0.18483118682459526,0.0031204175820529253,-0.015151924563097583,0.007225365330172568,0.09241957641905847,-0.024206715546148942,-0.009228562528896034,-0.0012456158749139653,0.07445838161346269,0.030668565761490366,0.014382091770314142,0.003242163034699795,0.026302562989481523,0.030338715881861985,-0.041154758761127216,-0.015393424642387812,0.032714847265045845,-0.044232971947088195,-0.05961404647187846,-0.03142615147920095,0.0031204175820529253,0.08787550555232862,0.006751593686283688,-0.030492968564872366,-0.014089823736719988,-0.019558772373643358,-0.009833202654523632,0.024940173056438347,0.02295281767760063,0.01178040162717402,0.0006205662607822915,-0.01131353478628862,0.012871768279003576,-0.020155681431618985,-0.00864609538436381,0.02005254295791418,0.017812348728372396,-0.010594471878214261,-0.02661022537643843,-0.0028321557715523926,-0.015151924563097583,0.006751593686283688,0.03303421568286866,-0.007182502245813973,0.0005957144282926763,-0.05526003020371979,0.0060530297677020735,-0.05978587143206136,-0.038603858754323365,-0.013795247202283794,-0.018276755198663206,-0.0035835836024221863,-0.01492924186596162,-0.016745812439898634,-0.018828773766870366,-0.026222824420994037,-0.055782833812355805,0.010194709315771698,0.06412307960234188,0.09787412707854568,0.007225365330172568,-0.030492968564872366,-0.007182502245813973,0.09497414968619991,0.07363466065572645,-0.12224561583817273,0.007355397975114579,-0.12106344039621232,0.006822304013746712,-0.022587383162026554,-0.062346148694380946,-0.05398149278479715,0.008042864029659418,-0.042571004228557856,-0.10170430291450772,-0.03650495163477195,-0.013590376508704717,0.04754188015220427,0.02415426201131411,0.14657209465030824,0.09241957641905847,-0.014089823736719988,0.0005957144282926763,0.07363466065572645,0.16362630544152917
0.14486617289499706,-0.017027296233231806,0.07826626277280951,0.0043740602634311865,0.013619693712573747,-0.037775829411594804,-0.019386515221712836,-0.02853893871832321,-0.002196677897040024,0.039296931467943996,0.09320623667500724,0.04262998793712658,0.02901880137776114,-0.03488448049870506,-0.10126653933620261,0.03901020297787482,-0.013011886639300035,0.003051071743393122,-0.06247781273497615,-0.058423243068411734,-0.017027296233231806,0.03494344732237141,-0.02341267410339979,-0.01799516065106241,-0.007473285791674199,-0.02030700979217373,-0.0052693011528382365,0.01167744486720225,0.0027988239177756135,-0.016430307791656627,-0.002360967815314566,0.0032458299710284334,0.011766198775799028,0.006396447395884127,0.04404552918807213,0.028847741666014257,-0.0014197481112261689,-0.017241230521461218,0.0004243198620686136,0.02893279738061489,0.07826626277280951,-0.02341267410339979,0.1245719712915404,0.019232683697752356,0.03964674909144045,-0.019047984213885722,-0.022049883146429368,-0.01240586179036236,-0.030041009676768198,0.032884641412737003,0.06673200741133689,0.03665473243614592,-0.004220450556366735,-0.060624535166170807,-0.10301830415684057,-0.010399714235349937,0.0018725809524068903,0.022500802083600703,-0.023990981964062803,-0.0485912803496929,0.0043740602634311865,-0.01799516065106241,0.019232683697752356,0.07604875730994252,0.01734057368575734,-0.018514161562511688,-0.02583058009304782,0.0006680095975271326,0.003806672802791696,-0.017197874459296235,0.02406418901361269,0.026134807938122645,-0.005326390944578497,-0.04074270850469059,-0.023420862853751168,0.013900385569286126,0.021060273902702834,0.015766557986787562,-0.032598760122794695,0.011105832567973439,0.013619693712573747,-0.007473285791674199,0.03964674909144045,0.01734057368575734,0.043784811837182504,-0.014209433549726206,-0.019238429937160635,-0.0032770240893808837,-0.007237132338063222,-0.0003924976542138673,0.02814757740725231,0.014155195153224324,-0.010925103553701618,-0.04398612029850432,-0.03645035154234563,0.002926119666148296,0.017735561518428263,0.013549463463234364,-0.0027818953618351967,-0.004465792735849218,-0.037775829411594804,-0.02030700979217373,-0.019047984213885722,-0.018514161562511688,-0.014209433549726206,0.09644750899844318,0.041222318878127606,-0.008253273982507118,0.011514915892694839,0.01752584873118678,-0.0782012217171871,-0.06459833918060001,-0.03205825673683328,0.05766015616803703,-0.008889021055474943,-0.07948158963092636,0.0006153815239731165,0.027218172664516007,0.031170079007495424,-0.03308430171195702,-0.019386515221712836,-0.0052693011528382365,-0.022049883146429368,-0.02583058009304782,-0.019238429937160635,0.041222318878127606,0.050901321856513686,-0.007716954385093669,0.004874154315380408,0.016617852020642795,-0.03545866740488572,-0.038078975830169476,-0.008420727540467516,0.032607607122756954,0.00021216705213525193,-0.04371083785696721,-0.005363893445043899,0.007569251553544911,0.017629786990489015,-0.02168132640127563,-0.02853893871832321,0.01167744486720225,-0.01240586179036236,0.0006680095975271326,-0.0032770240893808837,-0.008253273982507118,-0.007716954385093669,0.0625464294259352,-0.009070106097434846,-0.025595925440004795,0.018912614526388125,0.017083257418979474,0.00780974329694694,-0.011418784412524124,0.00585861166577539,-0.011238279564761706,-0.006719306110289114,-0.0001704399297256956,0.006170554981472886,0.003807100240380579,-0.002196677897040024,0.0027988239177756135,-0.030041009676768198,0.003806672802791696,-0.007237132338063222,0.011514915892694839,0.004874154315380408,-0.009070106097434846,0.05190736401492195,-0.010732574103361255,-0.03224423733437704,-0.020100666389527337,-0.009625713917447421,0.007699984670361731,0.019081177558848653,0.00871736085667425,0.0011619695948251255,-0.0030611683957454203,0.004756243832554572,0.008532508707840848,0.039296931467943996,-0.016430307791656627,0.032884641412737003,-0.017197874459296235,-0.0003924976542138673,0.01752584873118678,0.016617852020642795,-0.025595925440004795,-0.010732574103361255,0.0786844853354985,0.008489817887460747,-0.025033773913326746,-0.004223201336263924,0.020188291736865226,-0.046257854984611976,-0.017930446662223407,-0.0016840090599428933,0.01146369672758439,-0.005778551177772415,-0.050307788790464325,0.09320623667500724,-0.002360967815314566,0.06673200741133689,0.02406418901361269,0.02814757740725231,-0.0782012217171871,-0.03545866740488572,0.018912614526388125,-0.03224423733437704,0.008489817887460747,0.19167879979111763,0.10977802926476574,0.03433099117860271,-0.08887591748971027,-0.11178385898371163,0.04319102013461628,0.003903253689987421,0.013696904035188653,-0.06849190314016469,-0.033768999319623925,0.04262998793712658,0.0032458299710284334,0.03665473243614592,0.026134807938122645,0.014155195153224324,-0.06459833918060001,-0.038078975830169476,0.017083257418979474,-0.020100666389527337,-0.025033773913326746,0.10977802926476574,0.12334393165292301,0.037013842541833264,-0.05071679496391888,-0.04894192662435838,0.038488928112732156,0.010368905766348635,-0.008099399966586464,-0.054915330042746735,0.008647284943184725,0.02901880137776114,0.011766198775799028,-0.004220450556366735,-0.005326390944578497,-0.010925103553701618,-0.03205825673683328,-0.008420727540467516,0.00780974329694694,-0.009625713917447421,-0.004223201336263924,0.03433099117860271,0.037013842541833264,0.050331245679015604,0.0025265456721702243,-0.0003639324278117339,0.03617290608565203,-0.014172571873745599,-0.01442998758969494,-0.02102951770724823,0.009759287986530175,-0.03488448049870506,0.006396447395884127,-0.060624535166170807,-0.04074270850469059,-0.04398612029850432,0.05766015616803703,0.032607607122756954,-0.011418784412524124,0.007699984670361731,0.020188291736865226,-0.08887591748971027,-0.05071679496391888,0.0025265456721702243,0.11873084822238235,0.06381570967479111,-0.02673216846491456,-0.019175529211396647,-0.012691494287666548,0.027192463832407372,0.008073962269891105,-0.10126653933620261,0.04404552918807213,-0.10301830415684057,-0.023420862853751168,-0.03645035154234563,-0.008889021055474943,0.00021216705213525193,0.00585861166577539,0.019081177558848653,-0.046257854984611976,-0.11178385898371163,-0.04894192662435838,-0.0003639324278117339,0.06381570967479111,0.21236510562379401,0.04584462845729048,-0.007236960526681259,-0.06340544521606403,0.05923036505931003,0.10376223932224386,0.03901020297787482,0.028847741666014257,-0.010399714235349937,0.013900385569286126,0.002926119666148296,-0.07948158963092636,-0.04371083785696721,-0.011238279564761706,0.00871736085667425,-0.017930446662223407,0.04319102013461628,0.038488928112732156,0.03617290608565203,-0.02673216846491456,0.04584462845729048,0.12157509416154516,-0.0012608011229217945,-0.040474959944438504,-0.037688853456114405,0.05165444669890222,-0.013011886639300035,-0.0014197481112261689,0.0018725809524068903,0.021060273902702834,0.017735561518428263,0.0006153815239731165,-0.005363893445043899,-0.006719306110289114,0.0011619695948251255,-0.0016840090599428933,0.003903253689987421,0.010368905766348635,-0.014172571873745599,-0.019175529211396647,-0.007236960526681259,-0.0012608011229217945,0.041096725394094515,0.008627297499088237,-0.000895719853604794,0.010739680925963443,0.003051071743393122,-0.017241230521461218,0.022500802083600703,0.015766557986787562,0.013549463463234364,0.027218172664516007,0.007569251553544911,-0.0001704399297256956,-0.0030611683957454203,0.01146369672758439,0.013696904035188653,-0.008099399966586464,-0.01442998758969494,-0.012691494287666548,-0.06340544521606403,-0.040474959944438504,0.008627297499088237,0.05157254500129031,-0.006855769131248415,-0.030575015896668944,-0.06247781273497615,0.0004243198620686136,-0.023990981964062803,-0.032598760122794695,-0.0027818953618351967,0.031170079007495424,0.017629786990489015,0.006170554981472886,0.004756243832554572,-0.005778551177772415,-0.06849190314016469,-0.054915330042746735,-0.02102951770724823,0.027192463832407372,0.05923036505931003,-0.037688853456114405,-0.000895719853604794,-0.006855769131248415,0.08566317881572406,0.01690889485828422,-0.058423243068411734,0.02893279738061489,-0.0485912803496929,0.011105832567973439,-0.004465792735849218,-0.03308430171195702,-0.02168132640127563,0.003807100240380579,0.008532508707840848,-0.050307788790464325,-0.033768999319623925,0.008647284943184725,0.009759287986530175,0.008073962269891105,0.10376223932224386,0.05165444669890222,0.010739680925963443,-0.030575015896668944,0.01690889485828422,0.09457097163606171
0.15217559268153433,-0.006210310924467776,0.08179672104677532,-0.0021443383804686357,0.001288939499825499,-0.01820331745105399,-0.010797476863884402,-0.021682435735388788,-0.027313493603706582,0.04761861283218552,0.09134770951196824,0.03312172429328396,0.03801472043140294,-0.045737147626126504,-0.12026455169043906,-0.0053763347470870545,-0.01325326841670884,-0.003916303214060833,-0.07660182781051644,-0.08311983339466432,-0.006210310924467776,0.06651803675670441,-0.01366960792531379,-0.05808174848761632,-0.008337366153381862,0.007965023484857479,0.0004951580187531938,-0.008097895074432806,-0.013734161824511384,-0.003413128246486441,-0.03378392138429702,-0.03731187096840513,0.0539800525490379,0.026756387757977868,0.03881246901800883,0.02345031429271236,-0.017209538791249444,-0.03225550741526639,0.010136391479579291,0.015017488650755115,0.08179672104677532,-0.01366960792531379,0.1418543823585121,0.029283185241521868,0.0477825676112829,-0.019844330522794187,-0.0018745004937852977,-0.028350971726809726,-0.027105550741828743,0.04416785252864011,0.06811723468392404,0.0501367269280394,0.012957340842312447,-0.07481964214556835,-0.13292332225245646,-0.03141757615398048,-0.017651906419301398,0.03556566629624851,-0.08225972243738014,-0.06498994603834501,-0.0021443383804686357,-0.05808174848761632,0.029283185241521868,0.09699829011945726,0.01855683352344335,0.008802025927094635,-0.008442938888000975,0.012530344442587065,0.014131386774558144,-0.011929655620907668,0.017841823505428095,0.02228930247735745,-0.06508272312515925,-0.034287338253752145,-0.03369620658015282,-0.011335256149691629,0.034263910781014234,0.036730408951157784,-0.03865142913898223,-0.016766272981166862,0.001288939499825499,-0.008337366153381862,0.0477825676112829,0.01855683352344335,0.05522171810738485,-0.014900954929490916,0.000808419569003461,-0.023959872503308197,-0.0008502584520800496,0.017459689029096517,0.024040171848214945,0.006576161161961384,-0.010257008401838326,-0.033973555228510824,-0.053522066682276395,0.003970638306163288,-0.003217429503787182,0.03158254574405941,-0.03172441502157668,-0.01286286485584556,-0.01820331745105399,0.007965023484857479,-0.019844330522794187,0.008802025927094635,-0.014900954929490916,0.0944807363482292,-0.0038476655916022734,0.02252600370810101,0.011888650598048365,-0.02970490054994585,-0.06449981559182054,-0.03642619578386315,0.01493101437248665,0.026186948716654966,0.032840502238693246,-0.004819611002203843,0.02304803172799244,-0.014598532282721581,0.007746235884859073,-0.017595234904655158,-0.010797476863884402,0.0004951580187531938,-0.0018745004937852977,-0.008442938888000975,0.000808419569003461,-0.0038476655916022734,0.03888252391302918,-0.007423283077534945,0.009084816229320372,0.014709984747063367,-0.003762251507979169,-0.008187440575619927,-0.01477127512500092,0.008261552465819194,0.010847497311987519,-0.01703308876166005,0.002859698425433422,-0.002413831389910674,0.0137974793994655,0.004989436984025496,-0.021682435735388788,-0.008097895074432806,-0.028350971726809726,0.012530344442587065,-0.023959872503308197,0.02252600370810101,-0.007423283077534945,0.05179162932872489,0.002559612997328818,-0.03450593006664473,-0.003584942794543348,0.012953569132722205,-0.016824520607432038,0.003548205152144218,0.0391174246999999,-0.01150540417453264,0.01605806226772126,-0.004288553592140228,0.014784008917860197,0.012191271830953587,-0.027313493603706582,-0.013734161824511384,-0.027105550741828743,0.014131386774558144,-0.0008502584520800496,0.011888650598048365,0.009084816229320372,0.002559612997328818,0.037537628717108334,-0.010146799019368692,-0.027949067377954554,-0.009306619686440108,-0.029188771870608265,0.025876039760039868,0.02571040983156824,0.010276017879457672,0.007344969449492847,-0.0034729661993420226,0.018579214449693758,0.013472994985606812,0.04761861283218552,-0.003413128246486441,0.04416785252864011,-0.011929655620907668,0.017459689029096517,-0.02970490054994585,0.014709984747063367,-0.03450593006664473,-0.010146799019368692,0.06140507680056595,0.034619892650943035,-0.0004740862956983554,0.007330337199485734,-0.010544784590689927,-0.058251684090292646,-0.021456113714384255,-0.010675049540018782,0.011361479376809975,-0.011856407544339974,-0.033874845008262745,0.09134770951196824,-0.03378392138429702,0.06811723468392404,0.017841823505428095,0.024040171848214945,-0.06449981559182054,-0.003762251507979169,-0.003584942794543348,-0.027949067377954554,0.034619892650943035,0.1929106426724392,0.07946574935214289,-0.021772765573365535,-0.08571634022956498,-0.11054651740255295,-0.011496920022818474,-0.022664017506681608,0.039649940615958376,-0.06256909478358838,-0.06624278388425997,0.03312172429328396,-0.03731187096840513,0.0501367269280394,0.02228930247735745,0.006576161161961384,-0.03642619578386315,-0.008187440575619927,0.012953569132722205,-0.009306619686440108,-0.0004740862956983554,0.07946574935214289,0.09832081087496064,-0.0023163152552542177,-0.056447535569333254,-0.0705847011591764,-0.02214977687023209,-0.01289527294386306,0.0285913914368102,-0.04409347015371615,-0.017973124701442977,0.03801472043140294,0.0539800525490379,0.012957340842312447,-0.06508272312515925,-0.010257008401838326,0.01493101437248665,-0.01477127512500092,-0.016824520607432038,-0.029188771870608265,0.007330337199485734,-0.021772765573365535,-0.0023163152552542177,0.12925133441404593,-0.005836358423448742,-0.021546541159300853,0.00689362108938356,-0.038762371017411965,-0.030425941428739535,-0.004911141492176561,-0.014372218616793529,-0.045737147626126504,0.026756387757977868,-0.07481964214556835,-0.034287338253752145,-0.033973555228510824,0.026186948716654966,0.008261552465819194,0.003548205152144218,0.025876039760039868,-0.010544784590689927,-0.08571634022956498,-0.056447535569333254,-0.005836358423448742,0.10505100910757449,0.1003510807855246,0.02133771866443612,0.005269080831046585,-0.050086473445341076,0.06662092978193833,0.04869556407631685,-0.12026455169043906,0.03881246901800883,-0.13292332225245646,-0.03369620658015282,-0.053522066682276395,0.032840502238693246,0.010847497311987519,0.0391174246999999,0.02571040983156824,-0.058251684090292646,-0.11054651740255295,-0.0705847011591764,-0.021546541159300853,0.1003510807855246,0.21553123912166744,0.028600347876382767,0.016028936220521754,-0.048680084173011236,0.11100346352338805,0.09259414536055219,-0.0053763347470870545,0.02345031429271236,-0.03141757615398048,-0.011335256149691629,0.003970638306163288,-0.004819611002203843,-0.01703308876166005,-0.01150540417453264,0.010276017879457672,-0.021456113714384255,-0.011496920022818474,-0.02214977687023209,0.00689362108938356,0.02133771866443612,0.028600347876382767,0.07497927303344769,-0.004904367711238473,-0.02547736500643562,-0.011231295898090965,0.02231071491118135,-0.01325326841670884,-0.017209538791249444,-0.017651906419301398,0.034263910781014234,-0.003217429503787182,0.02304803172799244,0.002859698425433422,0.01605806226772126,0.007344969449492847,-0.010675049540018782,-0.022664017506681608,-0.01289527294386306,-0.038762371017411965,0.005269080831046585,0.016028936220521754,-0.004904367711238473,0.04571345936955191,0.007041048399541649,-0.0013560322681356056,0.005432442788339714,-0.003916303214060833,-0.03225550741526639,0.03556566629624851,0.036730408951157784,0.03158254574405941,-0.014598532282721581,-0.002413831389910674,-0.004288553592140228,-0.0034729661993420226,0.011361479376809975,0.039649940615958376,0.0285913914368102,-0.030425941428739535,-0.050086473445341076,-0.048680084173011236,-0.02547736500643562,0.007041048399541649,0.0781788483815848,-0.03080327890110389,-0.022945859032500744,-0.07660182781051644,0.010136391479579291,-0.08225972243738014,-0.03865142913898223,-0.03172441502157668,0.007746235884859073,0.0137974793994655,0.014784008917860197,0.018579214449693758,-0.011856407544339974,-0.06256909478358838,-0.04409347015371615,-0.004911141492176561,0.06662092978193833,0.11100346352338805,-0.011231295898090965,-0.0013560322681356056,-0.03080327890110389,0.11774357678676652,0.05056905023184405,-0.08311983339466432,0.015017488650755115,-0.06498994603834501,-0.016766272981166862,-0.01286286485584556,-0.017595234904655158,0.004989436984025496,0.012191271830953587,0.013472994985606812,-0.033874845008262745,-0.06624278388425997,-0.017973124701442977,-0.014372218616793529,0.04869556407631685,0.09259414536055219,0.02231071491118135,0.005432442788339714,-0.022945859032500744,0.05056905023184405,0.09764972074419154
