0.06605784505930347,0.012531178072632246,-0.006995851085170229,0.04065230471843937,-0.029760647551274895,-0.038508523841984714,-0.0011693153022519934,-0.04452507055340216,-0.0040875675582307865,0.014295823152713265,0.016442490950442076,-0.010395950727094469,-0.015423917224201309,-0.012536119935101363,0.013814159001382002,-0.033153686884712846,0.017717836866334748,0.049011234410377115,-0.01121487618697332,0.0008540062585121273,0.012531178072632246,0.06156481489916779,0.014126259619813805,0.024846003688278488,0.008027107769641917,-0.016980231626585185,-0.018333325276893866,-0.007885549451114537,-0.010566425432988337,-0.01371063866810532,0.011293029475763106,0.004400811460809765,-0.025827835836112742,-0.0016640442436636244,0.014879266454114946,-0.009952652352199734,-0.012408764525823662,0.016528781127613364,-0.012514433552883987,-0.025503824289056388,-0.006995851085170229,0.014126259619813805,0.09332706847532975,-0.005371270955706218,0.003051445474345527,0.007693327837232734,-0.06923538318818007,0.013411441238986986,-0.02488966865991102,0.001770914911371642,-0.015060650559583968,0.02409320589325478,0.0158748844408523,-0.01081679605965009,0.011953368377969708,-0.00908959079767404,-0.019084838886073957,-0.004836135061400078,0.022511909993261362,-0.0240156530463264,0.04065230471843937,0.024846003688278488,-0.005371270955706218,0.06491799601365074,-0.004660838977458797,-0.03075272290865154,-0.017686506630983145,-0.03197541900501552,-0.01204418552223033,-0.006741743347226295,0.014571526535378392,-0.0019418943397231905,-0.015747929004683962,-0.0043293140548127645,0.012768995738949613,-0.032040363329674165,0.023172236331824244,0.04421376583589278,-0.008732555140401159,0.0021957657394593537,-0.029760647551274895,0.008027107769641917,0.003051445474345527,-0.004660838977458797,0.05303670106536578,0.016431323149986268,9.098279188183688e-5,0.022025133480646476,-0.002983382793078077,-0.017944597250065038,-0.00014765518314878824,0.004405038752424305,-0.0023424159173819595,0.003340145711588494,0.0040095299857368216,0.003953096112478049,-0.014255138756221093,-0.016621886813665068,-0.006741703844021136,-0.016691606145572295,-0.038508523841984714,-0.016980231626585185,0.007693327837232734,-0.03075272290865154,0.016431323149986268,0.04777026006025144,0.009056157217845934,0.03392083745731636,-0.0007495584710433731,-0.0030704730747054287,-0.013037560016325502,0.008822326772162072,0.013218008571576484,0.013309258849597272,-0.011864361487842225,0.02823461911455355,-0.018819399489901474,-0.035937296958999915,0.0023006975131336237,0.006019940422825654,-0.0011693153022519934,-0.018333325276893866,-0.06923538318818007,-0.017686506630983145,9.098279188183688e-5,0.009056157217845934,0.0876669195863132,-0.007697916727817616,0.02063631578260392,-0.0005583771782863259,0.011955706612194462,-0.027600481760394834,-0.016614208581499052,0.010466919758801815,-0.008236197333323075,0.02879673342548565,-0.004136287541981464,-0.012915864162948284,-0.02582456689407144,0.023729418490047706,-0.04452507055340216,-0.007885549451114537,0.013411441238986986,-0.03197541900501552,0.022025133480646476,0.03392083745731636,-0.007697916727817616,0.06294951716197228,0.0056681615225580885,-0.010853389965750426,-0.02768513377098515,0.018677439939072817,0.017209545551483962,0.019313429901743843,-0.020530527630228324,0.02502708886974441,-0.007899378885133064,-0.05011404167038072,0.009031868552527465,-0.0026427767714471235,-0.0040875675582307865,-0.010566425432988337,-0.02488966865991102,-0.01204418552223033,-0.002983382793078077,-0.0007495584710433731,0.02063631578260392,0.0056681615225580885,0.028957906682684588,0.003200951019561498,-0.007062177500164815,-0.007747195441903864,0.003442099709936959,0.006233704630530399,-0.009415404015916111,0.011403815559850391,0.0054978120774863476,-0.014600730015936196,-0.001828340517290358,0.0010623737766390817,0.014295823152713265,-0.01371063866810532,0.001770914911371642,-0.006741743347226295,-0.017944597250065038,-0.0030704730747054287,-0.0005583771782863259,-0.010853389965750426,0.003200951019561498,0.027662577503884553,-0.004140866741961041,-0.0039920974937307264,-0.00013364149160495335,-0.004962564996145332,-0.00011217515885297434,-0.0018609923382636882,-0.0037138745025563826,0.012475800230035253,-0.00028530105887404015,0.0012775834864132234,0.016442490950442076,0.011293029475763106,-0.015060650559583968,0.014571526535378392,-0.00014765518314878824,-0.013037560016325502,0.011955706612194462,-0.02768513377098515,-0.007062177500164815,-0.004140866741961041,0.036437792891556214,-0.007975978687767126,-0.021997767848490668,-0.008452202751204087,0.009382747790948111,-0.008024253634803384,-0.006157935134330746,0.0199147352727661,-0.013407704328466087,0.003822922431042969,-0.010395950727094469,0.004400811460809765,0.02409320589325478,-0.0019418943397231905,0.004405038752424305,0.008822326772162072,-0.027600481760394834,0.018677439939072817,-0.007747195441903864,-0.0039920974937307264,-0.007975978687767126,0.03406062823014557,0.004630006446153766,0.003447305986364432,-0.01170820493265216,0.00037402749416911,-0.00023853570471395213,-0.01416264584672253,0.009344499344808516,-0.003822946967400846,-0.015423917224201309,-0.025827835836112742,0.0158748844408523,-0.015747929004683962,-0.0023424159173819595,0.013218008571576484,-0.016614208581499052,0.017209545551483962,0.003442099709936959,-0.00013364149160495335,-0.021997767848490668,0.004630006446153766,0.045241757624793814,0.003272361296735879,-0.005633317558089288,0.001483527466953931,0.014291460985074758,-0.018483383938296655,0.025958107508599546,0.013061308408580894,-0.012536119935101363,-0.0016640442436636244,-0.01081679605965009,-0.0043293140548127645,0.003340145711588494,0.013309258849597272,0.010466919758801815,0.019313429901743843,0.006233704630530399,-0.004962564996145332,-0.008452202751204087,0.003447305986364432,0.003272361296735879,0.02204996467451504,-0.008600126854818708,0.009656038169484224,0.003127412757479536,-0.015492737496120087,0.001061912351467592,0.0015393911542276478,0.013814159001382002,0.014879266454114946,0.011953368377969708,0.012768995738949613,0.0040095299857368216,-0.011864361487842225,-0.008236197333323075,-0.020530527630228324,-0.009415404015916111,-0.00011217515885297434,0.009382747790948111,-0.01170820493265216,-0.005633317558089288,-0.008600126854818708,0.04467668587594267,-0.014001457379383502,-0.013258888425206429,0.020292575543843533,-0.005748062287796991,-0.00948168335206617,-0.033153686884712846,-0.009952652352199734,-0.00908959079767404,-0.032040363329674165,0.003953096112478049,0.02823461911455355,0.02879673342548565,0.02502708886974441,0.011403815559850391,-0.0018609923382636882,-0.008024253634803384,0.00037402749416911,0.001483527466953931,0.009656038169484224,-0.014001457379383502,0.04672710184685567,-0.019256639066055056,-0.036624050275958046,-0.003615134309658239,0.0033977755344781167,0.017717836866334748,-0.012408764525823662,-0.019084838886073957,0.023172236331824244,-0.014255138756221093,-0.018819399489901474,-0.004136287541981464,-0.007899378885133064,0.0054978120774863476,-0.0037138745025563826,-0.006157935134330746,-0.00023853570471395213,0.014291460985074758,0.003127412757479536,-0.013258888425206429,-0.019256639066055056,0.05281679596413843,0.013294725962380589,0.010363433345381593,0.019871409231006637,0.049011234410377115,0.016528781127613364,-0.004836135061400078,0.04421376583589278,-0.016621886813665068,-0.035937296958999915,-0.012915864162948284,-0.05011404167038072,-0.014600730015936196,0.012475800230035253,0.0199147352727661,-0.01416264584672253,-0.018483383938296655,-0.015492737496120087,0.020292575543843533,-0.036624050275958046,0.013294725962380589,0.07998582497028667,-0.014249303993898045,0.00495744343732862,-0.01121487618697332,-0.012514433552883987,0.022511909993261362,-0.008732555140401159,-0.006741703844021136,0.0023006975131336237,-0.02582456689407144,0.009031868552527465,-0.001828340517290358,-0.00028530105887404015,-0.013407704328466087,0.009344499344808516,0.025958107508599546,0.001061912351467592,-0.005748062287796991,-0.003615134309658239,0.010363433345381593,-0.014249303993898045,0.0402113213612399,-0.007843232450243537,0.0008540062585121273,-0.025503824289056388,-0.0240156530463264,0.0021957657394593537,-0.016691606145572295,0.006019940422825654,0.023729418490047706,-0.0026427767714471235,0.0010623737766390817,0.0012775834864132234,0.003822922431042969,-0.003822946967400846,0.013061308408580894,0.0015393911542276478,-0.00948168335206617,0.0033977755344781167,0.019871409231006637,0.00495744343732862,-0.007843232450243537,0.05771949613489935
0.1607295266515548,0.04501176688034758,-0.01671967300732953,0.11712645116915774,-0.0832891568003863,-0.10451384584367565,0.029714420634886173,-0.10429856058606252,0.027577810180937384,0.01958000487165506,0.004431257013313487,-0.016782044202608357,-0.07018168101095404,-0.016065493917395923,0.038262316399429674,-0.05443851637823351,0.03569185454526938,0.08605675845313558,-0.029126834896597294,-0.034257408024356034,0.04501176688034758,0.0483969895028684,-0.014104489898639137,0.041151286276118054,-0.030880764855065967,-0.045626625258606696,0.009876508265546112,-0.02688081583788872,0.02976232329694744,-0.012614727506363737,-0.00394248397047266,-0.005913166312241084,-0.029453732948762194,-0.004015619232739041,0.0028213909670750078,-0.00974934489141888,0.01042548765736057,0.020120912818872766,-0.002912474150391289,-0.018160139233397408,-0.01671967300732953,-0.014104489898639137,0.036580949157424845,-0.022898859161314546,0.011333790258373106,0.01953788946952011,-0.011786846753277815,0.011126184860144599,-0.014651244633153579,0.0090654441795835,0.0002699608754367284,-0.004327942892820523,0.011414266609791363,0.00041333641801249207,-0.0031930487473820005,0.004512911148448198,-0.009651464876803626,-0.005324931032181441,0.009190168193977347,0.00500386592219926,0.11712645116915774,0.041151286276118054,-0.022898859161314546,0.12018408109498814,-0.058904932687404474,-0.09162907212979654,0.019389455143782784,-0.07862206587484315,0.027753350195885665,0.005375381277128577,0.0037243785324101624,-0.011236632862234943,-0.0684700540816219,-0.007106818873637836,0.024648741270152486,-0.043308171399558726,0.03166190542253389,0.06340381679326053,-0.01756922962659858,-0.02923919151665686,-0.0832891568003863,-0.030880764855065967,0.011333790258373106,-0.058904932687404474,0.07365167076862515,0.061250474137849314,-0.020972000132759756,0.06771425583558884,-0.016551362648853915,-0.0009229118403697801,-0.008082554060962687,0.013609638295011321,0.040462835083908015,0.003751671419700054,-0.016727458578044106,0.025928116899634028,-0.02446444842756364,-0.050072037639236816,0.014019126407383852,0.0019353768799444102,-0.10451384584367565,-0.045626625258606696,0.01953788946952011,-0.09162907212979654,0.061250474137849314,0.10348693810555315,-0.02215336005165941,0.0740075189534859,-0.040298050926879214,0.0013367175826470555,-0.00613547506870119,0.009208219616791784,0.061143186163705725,0.003205797089131979,-0.017513367122042482,0.039383682101499284,-0.03613292334651741,-0.058863208981253426,0.010933687441353333,0.023758541340096154,0.029714420634886173,0.009876508265546112,-0.011786846753277815,0.019389455143782784,-0.020972000132759756,-0.02215336005165941,0.02762917126173418,-0.025102958919804443,0.012672577370236957,-0.00035340304312531665,-0.002630581683417778,-0.005212842572216769,-0.01349943441173747,0.0011483525647263994,0.004195890848944329,-0.00259971606128122,0.004628646364170163,0.010431653829666519,-0.004167737195733698,-0.000137389920156981,-0.10429856058606252,-0.02688081583788872,0.011126184860144599,-0.07862206587484315,0.06771425583558884,0.0740075189534859,-0.025102958919804443,0.09824519729795475,-0.009917921376799945,-0.015908817297427467,-0.01698892764403272,0.01685570335864161,0.049194311894032686,0.008437272603426946,-0.031613886743751304,0.04209462373922898,-0.031613850494216666,-0.06783540672504872,0.025184503284042654,0.0064488967949021155,0.027577810180937384,0.02976232329694744,-0.014651244633153579,0.027753350195885665,-0.016551362648853915,-0.040298050926879214,0.012672577370236957,-0.009917921376799945,0.060732097150895246,-0.015192485476204366,-0.012461297092842258,-0.000775691774228349,-0.01723233862212294,-0.0003922558234362803,-0.00670311489583026,-0.0031542811567190757,0.010373322106750259,-0.007935031092737441,0.0038000880249005158,-0.016334777151566185,0.01958000487165506,-0.012614727506363737,0.0090654441795835,0.005375381277128577,-0.0009229118403697801,0.0013367175826470555,-0.00035340304312531665,-0.015908817297427467,-0.015192485476204366,0.035924100139530804,0.0020782190339231526,-0.0019626139910288954,-0.006894093026705935,0.0020861715208719935,0.01599620853043904,-0.009370372497879753,-0.00015088787164065196,0.025564422317549337,-0.007258812736964428,-0.0019061949395951868,0.004431257013313487,-0.00394248397047266,0.0002699608754367284,0.0037243785324101624,-0.008082554060962687,-0.00613547506870119,-0.002630581683417778,-0.01698892764403272,-0.012461297092842258,0.0020782190339231526,0.02226641819295936,-0.0026210735193896496,-0.004878519329460958,-0.00030220535218233413,0.00031224276947267976,-0.008706620007339388,0.007585182129462161,0.009798141245661286,-0.0037154923469913067,0.013041287032579629,-0.016782044202608357,-0.005913166312241084,-0.004327942892820523,-0.011236632862234943,0.013609638295011321,0.009208219616791784,-0.005212842572216769,0.01685570335864161,-0.000775691774228349,-0.0019626139910288954,-0.0026210735193896496,0.03135757129244237,0.00524152204693501,0.00458513922933732,-0.0034990511584589387,0.011466418924933757,-0.014516525428898183,-0.01774631651277713,0.003222647325105726,0.00012067990431614519,-0.07018168101095404,-0.029453732948762194,0.011414266609791363,-0.0684700540816219,0.040462835083908015,0.061143186163705725,-0.01349943441173747,0.049194311894032686,-0.01723233862212294,-0.006894093026705935,-0.004878519329460958,0.00524152204693501,0.057671866424149974,0.0008299828429275359,-0.014553895507784256,0.02411335868815541,-0.02005345600576954,-0.049246113547169415,0.005194398226581211,0.020200010945814084,-0.016065493917395923,-0.004015619232739041,0.00041333641801249207,-0.007106818873637836,0.003751671419700054,0.003205797089131979,0.0011483525647263994,0.008437272603426946,-0.0003922558234362803,0.0020861715208719935,-0.00030220535218233413,0.00458513922933732,0.0008299828429275359,0.023511340278579356,0.0003285603048730065,0.00759709030847463,0.00042683297863082545,0.004179012919615328,0.004296691869860498,0.0006688965464110978,0.038262316399429674,0.0028213909670750078,-0.0031930487473820005,0.024648741270152486,-0.016727458578044106,-0.017513367122042482,0.004195890848944329,-0.031613886743751304,-0.00670311489583026,0.01599620853043904,0.00031224276947267976,-0.0034990511584589387,-0.014553895507784256,0.0003285603048730065,0.041938915496455426,-0.016032256335329453,0.010955849980513493,0.02978294882380881,-0.020204239304257004,-0.004662056135578254,-0.05443851637823351,-0.00974934489141888,0.004512911148448198,-0.043308171399558726,0.025928116899634028,0.039383682101499284,-0.00259971606128122,0.04209462373922898,-0.0031542811567190757,-0.009370372497879753,-0.008706620007339388,0.011466418924933757,0.02411335868815541,0.00759709030847463,-0.016032256335329453,0.038841990698129596,-0.021980803648759824,-0.03476596372301965,0.014497028544535892,0.0015012777338912044,0.03569185454526938,0.01042548765736057,-0.009651464876803626,0.03166190542253389,-0.02446444842756364,-0.03613292334651741,0.004628646364170163,-0.031613850494216666,0.010373322106750259,-0.00015088787164065196,0.007585182129462161,-0.014516525428898183,-0.02005345600576954,0.00042683297863082545,0.010955849980513493,-0.021980803648759824,0.0365940699400797,0.030752797832704227,-0.006164882255183689,0.001496629455301823,0.08605675845313558,0.020120912818872766,-0.005324931032181441,0.06340381679326053,-0.050072037639236816,-0.058863208981253426,0.010431653829666519,-0.06783540672504872,-0.007935031092737441,0.025564422317549337,0.009798141245661286,-0.01774631651277713,-0.049246113547169415,0.004179012919615328,0.02978294882380881,-0.03476596372301965,0.030752797832704227,0.10005693519198605,-0.016125799603130753,-0.02012335085434651,-0.029126834896597294,-0.002912474150391289,0.009190168193977347,-0.01756922962659858,0.014019126407383852,0.010933687441353333,-0.004167737195733698,0.025184503284042654,0.0038000880249005158,-0.007258812736964428,-0.0037154923469913067,0.003222647325105726,0.005194398226581211,0.004296691869860498,-0.020204239304257004,0.014497028544535892,-0.006164882255183689,-0.016125799603130753,0.029419178553120765,0.0007971927253847459,-0.034257408024356034,-0.018160139233397408,0.00500386592219926,-0.02923919151665686,0.0019353768799444102,0.023758541340096154,-0.000137389920156981,0.0064488967949021155,-0.016334777151566185,-0.0019061949395951868,0.013041287032579629,0.00012067990431614519,0.020200010945814084,0.0006688965464110978,-0.004662056135578254,0.0015012777338912044,0.001496629455301823,-0.02012335085434651,0.0007971927253847459,0.04633656017144599
0.19730295331609396,0.11457262013133399,0.0005609547610013572,0.10563533529315039,-0.06934161558707905,-0.11112925957386197,-0.021606237366008814,-0.11225862253497648,0.0046841734785686385,0.028800360944235416,0.016292402164877425,-0.01862348178789762,-0.006691765074336203,-0.0342869781477554,0.0867837965163478,-0.06330086974647217,0.013735440292228777,0.1428234633263225,-0.08264846650017124,-0.05758530189684055,0.11457262013133399,0.1238359697857736,-0.0193630791937238,0.08730611698980155,-0.0340656241437987,-0.0750189866307566,-0.010400809261258442,-0.06371020065597421,0.025369217672057902,0.005529329277905713,0.008222520577621587,-0.028578804813778416,-0.0027734633038317296,-0.011252875453450878,0.05475349069913309,-0.028063744180632955,-0.0011239937786021923,0.08021063257019917,-0.05857266370239579,-0.0415426828833531,0.0005609547610013572,-0.0193630791937238,0.05168923937449388,-0.025414941169967918,-0.009170536062634856,-0.001958039539045262,-0.0062106825424688384,-0.015410340504728531,-0.01918835094608727,0.019098071134924025,-0.005689072830712957,0.013402740975126348,-0.004762285349575881,0.0003087254605325198,0.007934097684769492,-0.0019686370627547607,-0.010049874378084432,0.026463743918033522,-0.006752199159075956,0.011606379526938798,0.10563533529315039,0.08730611698980155,-0.025414941169967918,0.10154775703343724,-0.03720726508075323,-0.06185342865985288,-0.016731690983498998,-0.06215796842135851,0.016271891549368103,0.004079618250370362,0.02171484045519885,-0.014744696387288526,-0.01025782955724008,-0.019039122240623613,0.042777645020011336,-0.02132973955761313,-0.0008853385792153485,0.06017221262939866,-0.04040376995429477,-0.03232497182769424,-0.06934161558707905,-0.0340656241437987,-0.009170536062634856,-0.03720726508075323,0.07013509300569287,0.04394781485737811,0.008281812191445857,0.04869779586415601,0.002208454201706552,-0.006509994368333553,-0.01991329270500518,0.0021383580124495175,0.01607444016275729,0.004108111871867829,-0.016728990297875765,0.01638683990071524,-0.00933469840193651,-0.061232303937702445,0.027238105235748204,-0.008833664357587966,-0.11112925957386197,-0.0750189866307566,-0.001958039539045262,-0.06185342865985288,0.04394781485737811,0.10359700753886009,-0.0031012466161279826,0.08718285560129418,0.0035091617823138402,-0.026389708966395885,-0.015981495517691884,0.009323997729323664,0.022528427253481066,0.014452424807793606,-0.05298618786854216,0.034058185490223325,-0.014944826611990534,-0.09550923867185829,0.053855197617774034,0.013887616439238418,-0.021606237366008814,-0.010400809261258442,-0.0062106825424688384,-0.016731690983498998,0.008281812191445857,-0.0031012466161279826,0.03490422779159512,-0.0007923296946741054,0.0011100939581257128,-0.0012681866830780524,0.004018302185604351,-0.010877924391104413,-0.006958442341385694,0.014164041899000793,-0.01180955434191859,0.006805248752610352,0.014334161803618971,-0.012220914466430567,0.011676376352277425,0.02216070960675067,-0.11225862253497648,-0.06371020065597421,-0.015410340504728531,-0.06215796842135851,0.04869779586415601,0.08718285560129418,-0.0007923296946741054,0.11784086963588337,0.011842197887784092,-0.04277324089314989,-0.029760479527538672,0.0020820095235174496,0.016143234116080152,0.016028815962197292,-0.06278371761083304,0.029903238213911332,-0.0066052097646949965,-0.10831367835470027,0.05775180729252073,0.006358398316324501,0.0046841734785686385,0.025369217672057902,-0.01918835094608727,0.016271891549368103,0.002208454201706552,0.0035091617823138402,0.0011100939581257128,0.011842197887784092,0.03657406352653016,-0.0145636704316731,-0.007667253827874026,-0.01925035321558355,0.009394113923450232,0.0005164932488873504,0.005146010155369441,0.0017175532090302325,0.003442381471070971,-0.006616005485128031,0.00013170515344894862,-0.01122412806493013,0.028800360944235416,0.005529329277905713,0.019098071134924025,0.004079618250370362,-0.006509994368333553,-0.026389708966395885,-0.0012681866830780524,-0.04277324089314989,-0.0145636704316731,0.03722154532279326,-0.0017001520048474325,0.0058826761918679945,-0.004748582573690176,-0.010594088268212055,0.029498197083200013,-0.009369167118063832,-0.004300570787020241,0.042728441586838875,-0.021866568724968057,-0.0026367243358637804,0.016292402164877425,0.008222520577621587,-0.005689072830712957,0.02171484045519885,-0.01991329270500518,-0.015981495517691884,0.004018302185604351,-0.029760479527538672,-0.007667253827874026,-0.0017001520048474325,0.051264862010082526,0.008519302604606246,-0.013386408869578191,0.009203853147872077,-0.009604405427931619,0.010483149279287476,7.746256010227439e-6,0.010594996251550113,-0.002877572362186335,0.02321985978650019,-0.01862348178789762,-0.028578804813778416,0.013402740975126348,-0.014744696387288526,0.0021383580124495175,0.009323997729323664,-0.010877924391104413,0.0020820095235174496,-0.01925035321558355,0.0058826761918679945,0.008519302604606246,0.034600222709939454,-0.004974940184492831,4.743737995177013e-5,-0.010142401213827396,0.011882338497168715,-0.01376268797418618,-0.013327658093151208,0.010569512106456572,0.011304652048950554,-0.006691765074336203,-0.0027734633038317296,-0.004762285349575881,-0.01025782955724008,0.01607444016275729,0.022528427253481066,-0.006958442341385694,0.016143234116080152,0.009394113923450232,-0.004748582573690176,-0.013386408869578191,-0.004974940184492831,0.031219352188378104,0.0006223125842456717,0.0036439618917795836,0.00250936272027997,-0.003920022217965941,-0.01877329995957262,0.0029427145689077394,-0.016796110034125015,-0.0342869781477554,-0.011252875453450878,0.0003087254605325198,-0.019039122240623613,0.004108111871867829,0.014452424807793606,0.014164041899000793,0.016028815962197292,0.0005164932488873504,-0.010594088268212055,0.009203853147872077,4.743737995177013e-5,0.0006223125842456717,0.027630152916043343,-0.024246130741490898,0.017444617652459155,-0.0009495771630199227,-0.02386638824201329,0.017242380553728006,0.01678332915213004,0.0867837965163478,0.05475349069913309,0.007934097684769492,0.042777645020011336,-0.016728990297875765,-0.05298618786854216,-0.01180955434191859,-0.06278371761083304,0.005146010155369441,0.029498197083200013,-0.009604405427931619,-0.010142401213827396,0.0036439618917795836,-0.024246130741490898,0.07705797212779572,-0.030711234111473536,0.002183845715655407,0.0773131442366643,-0.04911769753818156,-0.032333518799908506,-0.06330086974647217,-0.028063744180632955,-0.0019686370627547607,-0.02132973955761313,0.01638683990071524,0.034058185490223325,0.006805248752610352,0.029903238213911332,0.0017175532090302325,-0.009369167118063832,0.010483149279287476,0.011882338497168715,0.00250936272027997,0.017444617652459155,-0.030711234111473536,0.0460839700430967,-0.015240701688406171,-0.05505303705812495,0.028520913674797928,0.020968300083706738,0.013735440292228777,-0.0011239937786021923,-0.010049874378084432,-0.0008853385792153485,-0.00933469840193651,-0.014944826611990534,0.014334161803618971,-0.0066052097646949965,0.003442381471070971,-0.004300570787020241,7.746256010227439e-6,-0.01376268797418618,-0.003920022217965941,-0.0009495771630199227,0.002183845715655407,-0.015240701688406171,0.04365267737864213,0.0060208090914637665,0.0025018195502152975,0.009448745771818265,0.1428234633263225,0.08021063257019917,0.026463743918033522,0.06017221262939866,-0.061232303937702445,-0.09550923867185829,-0.012220914466430567,-0.10831367835470027,-0.006616005485128031,0.042728441586838875,0.010594996251550113,-0.013327658093151208,-0.01877329995957262,-0.02386638824201329,0.0773131442366643,-0.05505303705812495,0.0060208090914637665,0.16160343146509007,-0.0810411183381842,-0.023700424291509876,-0.08264846650017124,-0.05857266370239579,-0.006752199159075956,-0.04040376995429477,0.027238105235748204,0.053855197617774034,0.011676376352277425,0.05775180729252073,0.00013170515344894862,-0.021866568724968057,-0.002877572362186335,0.010569512106456572,0.0029427145689077394,0.017242380553728006,-0.04911769753818156,0.028520913674797928,0.0025018195502152975,-0.0810411183381842,0.06108993524018859,0.020718545985266422,-0.05758530189684055,-0.0415426828833531,0.011606379526938798,-0.03232497182769424,-0.008833664357587966,0.013887616439238418,0.02216070960675067,0.006358398316324501,-0.01122412806493013,-0.0026367243358637804,0.02321985978650019,0.011304652048950554,-0.016796110034125015,0.01678332915213004,-0.032333518799908506,0.020968300083706738,0.009448745771818265,-0.023700424291509876,0.020718545985266422,0.06930102446600712
