0.03319094805769453,0.004462205840025579,-0.0007057237655872634,-0.024129539374998253,-0.0006858200481636087,0.016102121842892506,0.002865274078394259,-0.002278820911296881,0.007323750709190547,0.02604403259448333,-0.00045082391568111214,0.001972680836355713,-0.00800818610039557,0.002284347296349968,0.015766482587885447,0.025240541828928213,-0.0071327033289161484,-0.007638307545808669,0.0002497581167942712,-0.02114557775229866,0.004462205840025579,0.04444288585190915,0.013731478342307386,-0.011545500280605185,0.00779325870060015,0.013558967066746617,-0.0009312414553416398,-0.02194804233182691,0.009174994105925746,0.023607424385267174,-0.009042434369545702,-0.011252195392263282,0.016960903047757686,0.009998185078677425,0.006520196583360786,0.033315346279553223,-0.00735637769159277,-0.0017234139481138416,0.002971441850976626,-0.022432879291163138,-0.0007057237655872634,0.013731478342307386,0.04703405625757331,-0.01155247491641228,-0.014460997453572398,0.013072705561890371,0.007430554120613454,-0.013382646460574231,0.009384708385145196,0.014187977073383914,-0.0035726538291775915,-0.013983109411713436,0.0019488076055897935,0.0007370849367835642,0.010892940120411452,0.00678015839995133,0.0032421545910839332,-0.0031378007875365417,-0.011814657695063454,-0.008178793059113187,-0.024129539374998253,-0.011545500280605185,-0.01155247491641228,0.07107036183318284,0.008235142455656173,-0.005522723467990993,0.000970266823986191,0.0012581260876053726,-0.002787752016487119,-0.027759196158680804,0.003242350689311501,0.007474562621248175,0.003064216486718474,-0.00869536431889973,-0.036789430983084744,-0.026317844744688818,-0.00968143722049316,0.01034448447602395,0.0010300573973794594,0.011745809923107736,-0.0006858200481636087,0.00779325870060015,-0.014460997453572398,0.008235142455656173,0.039576342160193304,-0.0036332923284905882,0.003105296947974139,-0.0018445695305501116,-0.0015159892775190819,-0.0036117713835714335,0.0005118721520288099,-9.527842587995687e-5,0.011080165343664343,0.009509006342962872,-0.015623755644149688,-2.4708806558442018e-5,0.008319354022788994,0.002765371514789362,0.008151910119392789,0.0036146651081397736,0.016102121842892506,0.013558967066746617,0.013072705561890371,-0.005522723467990993,-0.0036332923284905882,0.04443959261395792,0.012474039970167487,-0.020176987235279144,0.013229132128019995,0.029498278018533053,-0.0050274485243330825,-0.0047969667004886625,-0.005672983532884324,-0.0060293216117361685,0.0009312683376592391,0.031372148838611946,-0.015072286126668388,-0.00655739610155433,-0.007160942953867629,-0.02090728292424877,0.002865274078394259,-0.0009312414553416398,0.007430554120613454,0.000970266823986191,0.003105296947974139,0.012474039970167487,0.02777958051527314,-0.0036679174579436606,0.004079357227586081,0.010573436876753451,-0.008096896045395253,-0.009179636243239362,-0.0002299439867369145,-0.0037095007691911727,-0.0037109599054004254,0.0061355716974808416,0.0009462679233169717,-0.003692245695953729,-0.013231645495030543,-0.0008830304731063682,-0.002278820911296881,-0.02194804233182691,-0.013382646460574231,0.0012581260876053726,-0.0018445695305501116,-0.020176987235279144,-0.0036679174579436606,0.049031824955479315,-0.005830079655026955,-0.016880872538186195,0.0010298380090845206,0.014385076162294237,-0.006475264269428221,-0.010393326017096367,-0.0024614950145255485,-0.027379887291584193,0.009182436771391852,-0.006368444569619802,0.0016792949403153707,0.0030528659846323406,0.007323750709190547,0.009174994105925746,0.009384708385145196,-0.002787752016487119,-0.0015159892775190819,0.013229132128019995,0.004079357227586081,-0.005830079655026955,0.021920063845561694,0.012934311875211761,-0.005217305235471201,-0.0005957519248373306,9.235150804703268e-5,-0.00046797472175967255,0.002751635388918837,0.012661825545693622,-0.008713858489879791,-0.0027291093129874714,-0.011311419759031192,-0.01832359690276067,0.02604403259448333,0.023607424385267174,0.014187977073383914,-0.027759196158680804,-0.0036117713835714335,0.029498278018533053,0.010573436876753451,-0.016880872538186195,0.012934311875211761,0.0683787169195282,-0.014921565569230046,-0.009703493976209406,0.0021895683876996088,-0.00014958054348450112,0.020396139662513826,0.05261965734529012,-0.013562062019843762,-0.01045498813184892,-0.007906136242464473,-0.035819367098785554,-0.00045082391568111214,-0.009042434369545702,-0.0035726538291775915,0.003242350689311501,0.0005118721520288099,-0.0050274485243330825,-0.008096896045395253,0.0010298380090845206,-0.005217305235471201,-0.014921565569230046,0.017261074959970008,0.004510792243338448,-0.003767593945284583,-0.003362856527268054,-0.0013206798213342941,-0.012152237248868943,0.00046508743752805766,0.0034697683154629394,0.004752379258427603,0.008062369723406975,0.001972680836355713,-0.011252195392263282,-0.013983109411713436,0.007474562621248175,-9.527842587995687e-5,-0.0047969667004886625,-0.009179636243239362,0.014385076162294237,-0.0005957519248373306,-0.009703493976209406,0.004510792243338448,0.03362913553555339,-0.012596957854116513,-0.004086400729291855,-0.0030051280793519752,-0.016777477648499517,-0.006708216366145691,0.0006317475300288699,0.005219437049105079,0.0018154657063658112,-0.00800818610039557,0.016960903047757686,0.0019488076055897935,0.003064216486718474,0.011080165343664343,-0.005672983532884324,-0.0002299439867369145,-0.006475264269428221,9.235150804703268e-5,0.0021895683876996088,-0.003767593945284583,-0.012596957854116513,0.02951319912965972,0.009054188375544638,-0.006666270685327843,0.005669667957248486,0.0027631711220834545,-0.001222049342859785,0.005118402779806477,-0.0005571024736926704,0.002284347296349968,0.009998185078677425,0.0007370849367835642,-0.00869536431889973,0.009509006342962872,-0.0060293216117361685,-0.0037095007691911727,-0.010393326017096367,-0.00046797472175967255,-0.00014958054348450112,-0.003362856527268054,-0.004086400729291855,0.009054188375544638,0.029418031955834607,0.009164217023055863,0.006996669920046713,0.009167693652720394,0.004563871510748529,-0.0004123464864016434,0.00035372293249840336,0.015766482587885447,0.006520196583360786,0.010892940120411452,-0.036789430983084744,-0.015623755644149688,0.0009312683376592391,-0.0037109599054004254,-0.0024614950145255485,0.002751635388918837,0.020396139662513826,-0.0013206798213342941,-0.0030051280793519752,-0.006666270685327843,0.009164217023055863,0.04241998959453903,0.0188595331633465,-0.001143695709673231,-0.004487215209462022,-0.0007313322375704234,-0.013528611453701147,0.025240541828928213,0.033315346279553223,0.00678015839995133,-0.026317844744688818,-2.4708806558442018e-5,0.031372148838611946,0.0061355716974808416,-0.027379887291584193,0.012661825545693622,0.05261965734529012,-0.012152237248868943,-0.016777477648499517,0.005669667957248486,0.006996669920046713,0.0188595331633465,0.0768021162657492,-0.018596110492215656,-0.01077357785658,-0.001920086695036203,-0.0461418935391574,-0.0071327033289161484,-0.00735637769159277,0.0032421545910839332,-0.00968143722049316,0.008319354022788994,-0.015072286126668388,0.0009462679233169717,0.009182436771391852,-0.008713858489879791,-0.013562062019843762,0.00046508743752805766,-0.006708216366145691,0.0027631711220834545,0.009167693652720394,-0.001143695709673231,-0.018596110492215656,0.03581784200061045,0.0026263332125059497,-0.004505127771941439,0.02067513824334393,-0.007638307545808669,-0.0017234139481138416,-0.0031378007875365417,0.01034448447602395,0.002765371514789362,-0.00655739610155433,-0.003692245695953729,-0.006368444569619802,-0.0027291093129874714,-0.01045498813184892,0.0034697683154629394,0.0006317475300288699,-0.001222049342859785,0.004563871510748529,-0.004487215209462022,-0.01077357785658,0.0026263332125059497,0.026840469830539355,0.004340542315710381,0.014268690172421154,0.0002497581167942712,0.002971441850976626,-0.011814657695063454,0.0010300573973794594,0.008151910119392789,-0.007160942953867629,-0.013231645495030543,0.0016792949403153707,-0.011311419759031192,-0.007906136242464473,0.004752379258427603,0.005219437049105079,0.005118402779806477,-0.0004123464864016434,-0.0007313322375704234,-0.001920086695036203,-0.004505127771941439,0.004340542315710381,0.021932980644603788,0.0007982534547385,-0.02114557775229866,-0.022432879291163138,-0.008178793059113187,0.011745809923107736,0.0036146651081397736,-0.02090728292424877,-0.0008830304731063682,0.0030528659846323406,-0.01832359690276067,-0.035819367098785554,0.008062369723406975,0.0018154657063658112,-0.0005571024736926704,0.00035372293249840336,-0.013528611453701147,-0.0461418935391574,0.02067513824334393,0.014268690172421154,0.0007982534547385,0.06716177212001417
0.025544418029658986,0.00422756935726878,0.004934951512086894,-0.0056610849053366896,-0.0018743750215428636,0.007958954747734844,-0.00016711372313930688,-0.002267097680777184,0.008830582536129606,0.0004144895620064168,0.0017401902233019047,-0.010291151014354426,0.0006089108010931008,-0.005099363699976687,0.002339976823772293,0.00335929252272274,-0.001269016104629123,-0.010088570675923027,0.004001517006628898,-0.00491384022830132,0.00422756935726878,0.022372645431022655,0.012727102122459845,-0.009140024863039718,-0.007137660416433428,0.010105812105415604,0.0003947385038018166,-0.011456567712535799,0.0034810179057107446,0.004475643015741521,0.0009194523435837002,-0.00543758968014989,-0.0009913678927281715,-0.0005486132278855642,0.004710889879448732,0.0058629073335643815,-0.004670937078786072,-0.009544409813224122,-0.0021918969459047907,-0.007783172945283444,0.004934951512086894,0.012727102122459845,0.06681644751050328,-0.017606775478724163,-0.014793421402654064,0.014014052538400936,0.0046670509304572935,-0.01787837840267491,0.005314581345701346,0.016465375695581236,0.0026044002074898757,-0.008001879173278298,-0.00532572521171886,0.0017065046808291012,0.001659372952657313,-0.0012286697728273353,-0.007906608606659371,-0.008968941045709177,-0.0061243171227396195,-0.010710471935375781,-0.0056610849053366896,-0.009140024863039718,-0.017606775478724163,0.05829811401222245,0.020192759977593434,-0.020304442572791348,-0.006612079389331493,0.011515000885404195,-0.004924710176199495,-0.007072759447993977,-0.011496901427563834,0.003874266053363198,0.00526392654420551,0.0020133512308893233,-0.009981855825770627,-0.01365461780161729,0.004611448808009661,0.0006763750997125542,0.01159642166236903,-0.0007837643401287879,-0.0018743750215428636,-0.007137660416433428,-0.014793421402654064,0.020192759977593434,0.025833359346537094,-0.010217233759817163,-0.005325378882996641,0.008738713355561931,0.0008931710338500728,-0.009249026668193022,0.00026163084347865216,0.0009707468333288029,0.002042496431715882,0.0017688859045662802,-0.0047256021639957,-0.004817653382343281,0.006560692057630985,-0.001273096352461877,0.009022922286267634,0.002138781098341161,0.007958954747734844,0.010105812105415604,0.014014052538400936,-0.020304442572791348,-0.010217233759817163,0.02869066333372343,0.0011720320796550388,-0.008649980426922322,0.005890775626414019,0.006384946482960714,0.00592885221479214,-0.006591696784138264,-0.0005555978931291664,-0.001540153050086712,0.004992104981422182,0.011853127597824704,-0.004253175504637836,-0.011493744483170719,-0.004376141372808948,-0.006838124425418715,-0.00016711372313930688,0.0003947385038018166,0.0046670509304572935,-0.006612079389331493,-0.005325378882996641,0.0011720320796550388,0.030770261915643655,-0.0016127245496514557,-0.006148804788792909,0.007577524036730558,-0.012380218688757766,-0.008023557278689673,0.0017456708640790444,-0.0023052503615225736,0.006645866651902482,0.0033597239095858704,-0.0028065759029991784,-0.006123208588394215,-0.01083443699649694,-0.006609398787454882,-0.002267097680777184,-0.011456567712535799,-0.01787837840267491,0.011515000885404195,0.008738713355561931,-0.008649980426922322,-0.0016127245496514557,0.03776858514994125,0.002298748649975833,-0.0028441214390137384,-0.005431128219744593,-0.0018710414143368478,0.004048734501462115,0.0009464502525864912,0.00035344034679049097,-0.013716621205929517,0.009996585700244127,-0.0011379009314364408,-0.0012883237269964267,-0.002476700017204833,0.008830582536129606,0.0034810179057107446,0.005314581345701346,-0.004924710176199495,0.0008931710338500728,0.005890775626414019,-0.006148804788792909,0.002298748649975833,0.021581410055357853,0.000441270118633176,0.004621222919399863,-0.00590866147899655,0.00307357402012424,-0.0036162324617463634,0.0037299203904685337,-0.000707540871768548,-0.00412275724746572,-0.004705708940304207,-0.0028564689974018057,-0.013216765942263235,0.0004144895620064168,0.004475643015741521,0.016465375695581236,-0.007072759447993977,-0.009249026668193022,0.006384946482960714,0.007577524036730558,-0.0028441214390137384,0.000441270118633176,0.023352080919085895,-0.0029021809704286106,-0.00480842978737917,-0.0018436702903593051,0.0009246515149932447,0.006260123569591753,0.0015213393029441039,-0.003516955841322412,-0.003940674120920673,-0.00845862526017989,-0.010394260175460145,0.0017401902233019047,0.0009194523435837002,0.0026044002074898757,-0.011496901427563834,0.00026163084347865216,0.00592885221479214,-0.012380218688757766,-0.005431128219744593,0.004621222919399863,-0.0029021809704286106,0.02975827034391037,0.004128778171241514,-0.00031443162437195724,-0.00388142398782297,-0.0029678907431416155,0.007843051300265518,-0.003365559763666767,0.011214489233432639,0.0008411043515894928,0.00487336250029057,-0.010291151014354426,-0.00543758968014989,-0.008001879173278298,0.003874266053363198,0.0009707468333288029,-0.006591696784138264,-0.008023557278689673,-0.0018710414143368478,-0.00590866147899655,-0.00480842978737917,0.004128778171241514,0.02896144376569552,-0.004467982108742658,0.0048921516132761945,-0.005862217873534881,-0.005509184385713243,0.0007319683239359475,0.013258949369665967,0.0033880618142035188,0.012337530986692026,0.0006089108010931008,-0.0009913678927281715,-0.00532572521171886,0.00526392654420551,0.002042496431715882,-0.0005555978931291664,0.0017456708640790444,0.004048734501462115,0.00307357402012424,-0.0018436702903593051,-0.00031443162437195724,-0.004467982108742658,0.01267118561303127,-0.0006000540996314356,-0.0014265051489447522,0.001510794529494689,-0.0004703172372606084,-0.0017256822383059796,0.0020276809693810863,-0.0054324002553528695,-0.005099363699976687,-0.0005486132278855642,0.0017065046808291012,0.0020133512308893233,0.0017688859045662802,-0.001540153050086712,-0.0023052503615225736,0.0009464502525864912,-0.0036162324617463634,0.0009246515149932447,-0.00388142398782297,0.0048921516132761945,-0.0006000540996314356,0.017100020534626673,0.0029855087119022936,-0.004592905755503425,0.003111624721202762,-0.00291464546739919,-0.0025828496332236687,-0.003151559287456599,0.002339976823772293,0.004710889879448732,0.001659372952657313,-0.009981855825770627,-0.0047256021639957,0.004992104981422182,0.006645866651902482,0.00035344034679049097,0.0037299203904685337,0.006260123569591753,-0.0029678907431416155,-0.005862217873534881,-0.0014265051489447522,0.0029855087119022936,0.026951616297184074,0.005318580319795719,-0.001642914166773884,-0.010274680407632564,-0.002577120361162228,-0.01470405818800722,0.00335929252272274,0.0058629073335643815,-0.0012286697728273353,-0.01365461780161729,-0.004817653382343281,0.011853127597824704,0.0033597239095858704,-0.013716621205929517,-0.000707540871768548,0.0015213393029441039,0.007843051300265518,-0.005509184385713243,0.001510794529494689,-0.004592905755503425,0.005318580319795719,0.03931320484013902,-0.008280389396553064,-0.0007058844509056053,-0.00033961115546770807,-0.005529682181434866,-0.001269016104629123,-0.004670937078786072,-0.007906608606659371,0.004611448808009661,0.006560692057630985,-0.004253175504637836,-0.0028065759029991784,0.009996585700244127,-0.00412275724746572,-0.003516955841322412,-0.003365559763666767,0.0007319683239359475,-0.0004703172372606084,0.003111624721202762,-0.001642914166773884,-0.008280389396553064,0.0236618148208187,-0.0009315601496531418,-0.0010115843151634538,0.0036645519947259234,-0.010088570675923027,-0.009544409813224122,-0.008968941045709177,0.0006763750997125542,-0.001273096352461877,-0.011493744483170719,-0.006123208588394215,-0.0011379009314364408,-0.004705708940304207,-0.003940674120920673,0.011214489233432639,0.013258949369665967,-0.0017256822383059796,-0.00291464546739919,-0.010274680407632564,-0.0007058844509056053,-0.0009315601496531418,0.04106106968190036,0.005292252123640756,0.01532454838813714,0.004001517006628898,-0.0021918969459047907,-0.0061243171227396195,0.01159642166236903,0.009022922286267634,-0.004376141372808948,-0.01083443699649694,-0.0012883237269964267,-0.0028564689974018057,-0.00845862526017989,0.0008411043515894928,0.0033880618142035188,0.0020276809693810863,-0.0025828496332236687,-0.002577120361162228,-0.00033961115546770807,-0.0010115843151634538,0.005292252123640756,0.01850668998101379,0.004803111380357253,-0.00491384022830132,-0.007783172945283444,-0.010710471935375781,-0.0007837643401287879,0.002138781098341161,-0.006838124425418715,-0.006609398787454882,-0.002476700017204833,-0.013216765942263235,-0.010394260175460145,0.00487336250029057,0.012337530986692026,-0.0054324002553528695,-0.003151559287456599,-0.01470405818800722,-0.005529682181434866,0.0036645519947259234,0.01532454838813714,0.004803111380357253,0.043872378403903504
