0.03345958281172564,0.007539485841469939,-0.006444756663843481,0.00874310562047934,0.011117358770524133,0.007292655320481655,-0.004161996584561022,-0.02092407713339327,0.023566439224781383,-0.01155165044508149,0.020614250419424135,0.022022584774264557,-0.011935624325514982,-0.02585830132251726,-0.025516993689017463,0.02247302921702367,-0.013921258896263472,-0.008742023129740543,-0.004386013838020252,0.035375638496659936,0.007539485841469939,0.0521714905492669,0.004986723938039529,0.02731035776793854,0.034550188419482056,0.0002738587573058753,-0.024211622923827898,-0.007357060962161111,0.014299090677698596,-0.0010250886669127533,-0.0069675290130903015,0.011333770785882262,0.009930413116993674,-0.05167483602653632,-0.02247011420544319,-0.004766059514277507,-0.008043853348989286,-0.003864471995777088,0.0012849639746078576,0.013979991194570347,-0.006444756663843481,0.004986723938039529,0.0435277936079466,-0.00011322254593008461,0.014374141778236713,0.0019317017789362376,-0.003789683040082946,0.0209622527626075,-0.016517995353762117,0.010896862115760237,-0.019548402484914205,-0.005005990627133375,0.021257005215635484,0.015336361946468048,0.024670851727542863,-0.030907798307001303,0.014834935816429147,0.0022735154423668873,0.012768877710630521,-0.02645004066566402,0.00874310562047934,0.02731035776793854,-0.00011322254593008461,0.04095349895779142,0.02741161137630968,-0.0006051009187002707,-0.017371416072749706,-0.01371796177109456,0.022377467249326558,-0.005605675186592843,-0.008166890378092859,0.00904887145485826,0.011954244893103403,-0.049969812180520115,-0.019318947215543322,-0.013373003231044242,-0.0028836810147966655,-0.005873993541829985,0.00624502285707937,0.020735479376416444,0.011117358770524133,0.034550188419482056,0.014374141778236713,0.02741161137630968,0.06347513412898274,-0.008715014611863551,-0.033811662517687524,0.007176682968058912,0.009355956802753428,-0.0029958923542093892,-0.00629911240565263,0.019204283683204405,0.026696789083793263,-0.05243914267779927,-0.0097942753113501,-0.032856616049884775,-0.007871311250473969,-0.019646100217379572,-0.01920674784312732,0.023514044662656754,0.007292655320481655,0.0002738587573058753,0.0019317017789362376,-0.0006051009187002707,-0.008715014611863551,0.024068693949593153,0.008658940841128348,-0.01484696369418886,0.014149949123404545,-0.003785609559820874,-0.0023504592612412474,-0.0013235537280424127,-0.014146898890490034,-0.007260605438113161,-0.012304705060882788,0.01520910429694251,-0.00011514453546640474,0.014120205113383587,0.019127276943339284,-0.005356366949463324,-0.004161996584561022,-0.024211622923827898,-0.003789683040082946,-0.017371416072749706,-0.033811662517687524,0.008658940841128348,0.044367193140772074,-0.0027384336943996183,-0.0004420123778887796,0.004128978758702493,0.0017036667635395924,-0.012287624692366496,-0.015270610377620484,0.04065722379178503,0.012219622394828593,0.011609791581133,0.01579956939048388,0.017302327566545837,0.01943576324863215,-0.018876507992013125,-0.02092407713339327,-0.007357060962161111,0.0209622527626075,-0.01371796177109456,0.007176682968058912,-0.01484696369418886,-0.0027384336943996183,0.057159095932545805,-0.03700932241185557,0.01647811888930984,-0.013581098639329436,-0.010879118572438031,0.024141751698001247,0.03284168201185819,0.04367709587837101,-0.033361885206895675,0.013829915141750627,-0.005708801821055272,-0.01863351749524684,-0.028287112102775534,0.023566439224781383,0.014299090677698596,-0.016517995353762117,0.022377467249326558,0.009355956802753428,0.014149949123404545,-0.0004420123778887796,-0.03700932241185557,0.05753969484607496,-0.013898920532551609,0.01583753374575217,0.017004340361378063,-0.017034569479998568,-0.04397194953494363,-0.03904624107444859,0.024585550931712587,-0.014538694487450645,-0.0018794949844630955,0.003682993364933812,0.03818260119426268,-0.01155165044508149,-0.0010250886669127533,0.010896862115760237,-0.005605675186592843,-0.0029958923542093892,-0.003785609559820874,0.004128978758702493,0.01647811888930984,-0.013898920532551609,0.032302208708017845,-0.010639155050866286,-0.0091275505470645,0.018827337166760126,0.023148594102122926,0.022121188316630534,-0.021908940823895003,0.011097732212043653,-0.0028488234549958425,0.0014471212916453663,-0.019896621881936336,0.020614250419424135,-0.0069675290130903015,-0.019548402484914205,-0.008166890378092859,-0.00629911240565263,-0.0023504592612412474,0.0017036667635395924,-0.013581098639329436,0.01583753374575217,-0.010639155050866286,0.04238913749425433,0.018234846580718663,-0.02186422670607388,-0.008886083067189892,-0.02420010872326958,0.0375548307032582,-0.023221086204008583,-0.007603257121640016,-0.02620042012881653,0.04027332170196013,0.022022584774264557,0.011333770785882262,-0.005005990627133375,0.00904887145485826,0.019204283683204405,-0.0013235537280424127,-0.012287624692366496,-0.010879118572438031,0.017004340361378063,-0.0091275505470645,0.018234846580718663,0.03303109685023462,-0.00153594255644842,-0.029938198100209264,-0.0222892544020296,0.012928248570553259,-0.015602827000697431,-0.0128906542621607,-0.014821416973534103,0.03273918670541348,-0.011935624325514982,0.009930413116993674,0.021257005215635484,0.011954244893103403,0.026696789083793263,-0.014146898890490034,-0.015270610377620484,0.024141751698001247,-0.017034569479998568,0.018827337166760126,-0.02186422670607388,-0.00153594255644842,0.05580589660513999,-0.0015608535911464856,0.02738358766609964,-0.05234395143713376,0.01532555465586247,-0.009744621505805243,-0.0038076880825461644,-0.014304263578055178,-0.02585830132251726,-0.05167483602653632,0.015336361946468048,-0.049969812180520115,-0.05243914267779927,-0.007260605438113161,0.04065722379178503,0.03284168201185819,-0.04397194953494363,0.023148594102122926,-0.008886083067189892,-0.029938198100209264,-0.0015608535911464856,0.11476638606146092,0.05756018986810372,0.0011525597757890155,0.021946545925571388,0.019198578136510717,0.012806217507418862,-0.06105335730258665,-0.025516993689017463,-0.02247011420544319,0.024670851727542863,-0.019318947215543322,-0.0097942753113501,-0.012304705060882788,0.012219622394828593,0.04367709587837101,-0.03904624107444859,0.022121188316630534,-0.02420010872326958,-0.0222892544020296,0.02738358766609964,0.05756018986810372,0.07126020169073617,-0.038966681783845866,0.027691691380663224,0.0015513459148651554,0.004405957111311491,-0.05140794591124131,0.02247302921702367,-0.004766059514277507,-0.030907798307001303,-0.013373003231044242,-0.032856616049884775,0.01520910429694251,0.011609791581133,-0.033361885206895675,0.024585550931712587,-0.021908940823895003,0.0375548307032582,0.012928248570553259,-0.05234395143713376,0.0011525597757890155,-0.038966681783845866,0.1078498219570013,-0.03024990066968186,0.01650266990102373,0.0032145161984388562,0.037127215499140706,-0.013921258896263472,-0.008043853348989286,0.014834935816429147,-0.0028836810147966655,-0.007871311250473969,-0.00011514453546640474,0.01579956939048388,0.013829915141750627,-0.014538694487450645,0.011097732212043653,-0.023221086204008583,-0.015602827000697431,0.01532555465586247,0.021946545925571388,0.027691691380663224,-0.03024990066968186,0.04247011483665014,0.008478158271188902,0.02856217879594619,-0.039905757432985085,-0.008742023129740543,-0.003864471995777088,0.0022735154423668873,-0.005873993541829985,-0.019646100217379572,0.014120205113383587,0.017302327566545837,-0.005708801821055272,-0.0018794949844630955,-0.0028488234549958425,-0.007603257121640016,-0.0128906542621607,-0.009744621505805243,0.019198578136510717,0.0015513459148651554,0.01650266990102373,0.008478158271188902,0.033324665837526475,0.029246518036681317,-0.022129763033698267,-0.004386013838020252,0.0012849639746078576,0.012768877710630521,0.00624502285707937,-0.01920674784312732,0.019127276943339284,0.01943576324863215,-0.01863351749524684,0.003682993364933812,0.0014471212916453663,-0.02620042012881653,-0.014821416973534103,-0.0038076880825461644,0.012806217507418862,0.004405957111311491,0.0032145161984388562,0.02856217879594619,0.029246518036681317,0.07342687030474858,-0.04033684786766584,0.035375638496659936,0.013979991194570347,-0.02645004066566402,0.020735479376416444,0.023514044662656754,-0.005356366949463324,-0.018876507992013125,-0.028287112102775534,0.03818260119426268,-0.019896621881936336,0.04027332170196013,0.03273918670541348,-0.014304263578055178,-0.06105335730258665,-0.05140794591124131,0.037127215499140706,-0.039905757432985085,-0.022129763033698267,-0.04033684786766584,0.09340734306939846
0.05742771705927484,0.025467135150054332,-0.033778900780106674,0.04888462100347933,0.011443731316854389,0.0035088826791334618,0.010842655039941834,-0.03011750754861251,0.040615731926276835,-0.03122322152246995,0.022177121798127558,0.04881208649154777,-0.002361306508953257,-0.06346790074860897,-0.035534610481298606,0.0088446570007121,-0.015083081676415755,0.002269057247104356,-0.002361966926988701,0.06468805780402667,0.025467135150054332,0.04563920613751168,-0.006847217597008721,0.03385072215548396,0.015602007570430523,0.0004158315215938823,0.0031393372617312177,-0.012234017810617788,0.0174355548387568,-0.0004856541480553614,0.005273872591032335,0.011187186631678798,0.0026689786438507676,-0.036479479502575754,-0.011508274313530825,-0.009592682269090675,-0.0018068593329129451,0.004458592294658334,0.0058455091175568675,0.017132097043666923,-0.033778900780106674,-0.006847217597008721,0.05548844974194751,-0.026160790611332224,0.011686916123148663,0.0020864030826913686,-0.01337697962516771,0.03997376337827872,-0.03864350179393967,0.039171385316824875,-0.018486052603160778,-0.04688805283618304,0.014800692616497135,0.05057481141952004,0.0404829833598981,-0.017658753182692603,0.01964540920486239,-0.0032801022470623597,0.007833665926170252,-0.058161365505935106,0.04888462100347933,0.03385072215548396,-0.026160790611332224,0.07723489930250707,0.0328905143862165,-0.003258264048720986,0.008599168393400166,-0.026305860894025465,0.04652966765758253,-0.022666052938520947,0.02158732743675582,0.04816965665666857,0.0037250729102461175,-0.07852682609037538,-0.03267598365418335,-0.007930766635462634,-0.014037321247883202,0.0029945921766198237,0.004353589656361435,0.06363516828886782,0.011443731316854389,0.015602007570430523,0.011686916123148663,0.0328905143862165,0.07391932804628996,-0.018063261544938695,-0.02422076722827436,0.0369837525808188,0.0015508596870440665,0.012439400491558459,0.0012743419044293413,0.017445324261490994,0.04020072705787768,-0.01641250915147773,0.01982068724397678,-0.040734638345883936,0.0004676859357896857,-0.00865627766519025,-0.02960112331850851,0.009103985454561571,0.0035088826791334618,0.0004158315215938823,0.0020864030826913686,-0.003258264048720986,-0.018063261544938695,0.025231972607429633,0.011131776778551176,-0.01875862770179197,0.0034435387358603565,0.000437223540003386,-0.006872016463104853,-0.004792633380270028,-0.01148646598688874,-0.008562387413701182,-0.007059455693944487,0.020692328187480555,-0.0005096380678259627,0.015907138675040816,0.027956594258510055,-0.0031769872797729323,0.010842655039941834,0.0031393372617312177,-0.01337697962516771,0.008599168393400166,-0.02422076722827436,0.011131776778551176,0.04690471508243535,-0.024013724061134025,0.015219313605387072,0.003860426447684834,0.003223255210893451,-0.0008340805664852535,-0.014452612048257119,0.00875374478032603,-0.0034428290749874096,0.010610081164192962,0.006777870147604191,0.017029222057630522,0.02570499952360187,0.0021233445640895993,-0.03011750754861251,-0.012234017810617788,0.03997376337827872,-0.026305860894025465,0.0369837525808188,-0.01875862770179197,-0.024013724061134025,0.10036496441642763,-0.05082799412209796,0.04267729877671911,-0.02175489887011836,-0.03925734329523292,0.04507557154122283,0.07067939386432076,0.06273966749549939,-0.05601747027187468,0.03048466811828901,-0.012488952816088195,-0.036575602128357754,-0.05998776935007624,0.040615731926276835,0.0174355548387568,-0.03864350179393967,0.04652966765758253,0.0015508596870440665,0.0034435387358603565,0.015219313605387072,-0.05082799412209796,0.06660635946300104,-0.03858086859653442,0.028397990779276037,0.052740654712427185,-0.01765299632735162,-0.0692185922200815,-0.05209537895038786,0.01979680714590898,-0.023199153921770792,0.004771653940851141,0.0041712724385862265,0.07042959622171019,-0.03122322152246995,-0.0004856541480553614,0.039171385316824875,-0.022666052938520947,0.012439400491558459,0.000437223540003386,0.003860426447684834,0.04267729877671911,-0.03858086859653442,0.06564930476010224,-0.02087993432820958,-0.05483388843282193,0.019961017295542678,0.06884448153617795,0.056969008948872565,-0.035445582039838816,0.0314069683069342,0.008601298030962202,0.01232539478253189,-0.06590141481320853,0.022177121798127558,0.005273872591032335,-0.018486052603160778,0.02158732743675582,0.0012743419044293413,-0.006872016463104853,0.003223255210893451,-0.02175489887011836,0.028397990779276037,-0.02087993432820958,0.0428555592381738,0.02332117379528385,-0.013200813172450303,-0.03910236860050358,-0.02250342848723151,0.023641676229385143,-0.027430821523459957,-0.0029555590554833666,-0.004157363749716999,0.049626146886779396,0.04881208649154777,0.011187186631678798,-0.04688805283618304,0.04816965665666857,0.017445324261490994,-0.004792633380270028,-0.0008340805664852535,-0.03925734329523292,0.052740654712427185,-0.05483388843282193,0.02332117379528385,0.08538667391554962,0.003113584117218816,-0.08397281535931922,-0.05397371885910288,0.017167817227356535,-0.026803027503252683,-0.006331343191059741,-0.022382638357442836,0.08240823771514535,-0.002361306508953257,0.0026689786438507676,0.014800692616497135,0.0037250729102461175,0.04020072705787768,-0.01148646598688874,-0.014452612048257119,0.04507557154122283,-0.01765299632735162,0.019961017295542678,-0.013200813172450303,0.003113584117218816,0.048901020629613094,0.013423760568956397,0.030092326891302874,-0.038589660257465526,0.014197841135705458,-0.008555000301817089,-0.022593878877563894,-0.01690519652964976,-0.06346790074860897,-0.036479479502575754,0.05057481141952004,-0.07852682609037538,-0.01641250915147773,-0.008562387413701182,0.00875374478032603,0.07067939386432076,-0.0692185922200815,0.06884448153617795,-0.03910236860050358,-0.08397281535931922,0.013423760568956397,0.1549859539174356,0.08031262091001098,-0.03476547983965789,0.042850605127071485,0.006384359491184629,-0.006961599442912298,-0.1166580890042605,-0.035534610481298606,-0.011508274313530825,0.0404829833598981,-0.03267598365418335,0.01982068724397678,-0.007059455693944487,-0.0034428290749874096,0.06273966749549939,-0.05209537895038786,0.056969008948872565,-0.02250342848723151,-0.05397371885910288,0.030092326891302874,0.08031262091001098,0.0872565293521724,-0.042098087073853055,0.02653798142394756,0.010883195098539215,-0.0017440740025987164,-0.07131770591586215,0.0088446570007121,-0.009592682269090675,-0.017658753182692603,-0.007930766635462634,-0.040734638345883936,0.020692328187480555,0.010610081164192962,-0.05601747027187468,0.01979680714590898,-0.035445582039838816,0.023641676229385143,0.017167817227356535,-0.038589660257465526,-0.03476547983965789,-0.042098087073853055,0.09818213303339361,-0.037781983728179314,0.009743147033346854,0.026795819153621465,0.042849009444455397,-0.015083081676415755,-0.0018068593329129451,0.01964540920486239,-0.014037321247883202,0.0004676859357896857,-0.0005096380678259627,0.006777870147604191,0.03048466811828901,-0.023199153921770792,0.0314069683069342,-0.027430821523459957,-0.026803027503252683,0.014197841135705458,0.042850605127071485,0.02653798142394756,-0.037781983728179314,0.052139817072720626,-0.00064678850704476,-6.0716729265616326e-5,-0.04859286068817163,0.002269057247104356,0.004458592294658334,-0.0032801022470623597,0.0029945921766198237,-0.00865627766519025,0.015907138675040816,0.017029222057630522,-0.012488952816088195,0.004771653940851141,0.008601298030962202,-0.0029555590554833666,-0.006331343191059741,-0.008555000301817089,0.006384359491184629,0.010883195098539215,0.009743147033346854,-0.00064678850704476,0.03621442375790932,0.031222755832321796,-0.002226472049600482,-0.002361966926988701,0.0058455091175568675,0.007833665926170252,0.004353589656361435,-0.02960112331850851,0.027956594258510055,0.02570499952360187,-0.036575602128357754,0.0041712724385862265,0.01232539478253189,-0.004157363749716999,-0.022382638357442836,-0.022593878877563894,-0.006961599442912298,-0.0017440740025987164,0.026795819153621465,-6.0716729265616326e-5,0.031222755832321796,0.07523168002433414,-0.007805785096371138,0.06468805780402667,0.017132097043666923,-0.058161365505935106,0.06363516828886782,0.009103985454561571,-0.0031769872797729323,0.0021233445640895993,-0.05998776935007624,0.07042959622171019,-0.06590141481320853,0.049626146886779396,0.08240823771514535,-0.01690519652964976,-0.1166580890042605,-0.07131770591586215,0.042849009444455397,-0.04859286068817163,-0.002226472049600482,-0.007805785096371138,0.13172929072054726
