0.06833456846645924,0.012105565634784848,-0.054106178334243915,0.027479478043863442,-0.0222479242830141,0.009608043524685462,0.007899819139854384,-0.06059924128725322,0.048372490353239525,-0.03714324125843184,0.06127955785109929,0.06256975001575657,-0.0336208540584869,-0.07720822610178499,-0.06987403032180112,0.0614305424377482,-0.026329538721162955,-0.013314847702615994,-0.01849612027970704,0.09305582007683635,0.012105565634784848,0.07739834975104644,0.021076043444169648,0.033943008544592895,0.061922298764003125,-0.018907628417597078,-0.06183048814512819,-0.013546509733214675,-0.004332907393535543,-0.012398272875811293,-0.005588197590271446,0.0158678441567626,0.023425637260883543,-0.08402382846030937,-0.012454702384737955,-0.05618514467279134,0.004888530839494792,-0.019690710248232483,0.012902933874515816,0.025000921921043966,-0.054106178334243915,0.021076043444169648,0.10519171343190607,-0.011709234907193942,0.06212068593062082,-0.02413766247502154,-0.04356917630252482,0.06301506537609201,-0.062442391048734044,0.030311882078686264,-0.07000121050820911,-0.05342367087501907,0.05173290825575804,0.06499545273487257,0.07398213389904332,-0.0976861525017091,0.04113982762626753,0.010388664408014201,0.039687371293966045,-0.0938637909185476,0.027479478043863442,0.033943008544592895,-0.011709234907193942,0.0741251706433574,0.03517019697189319,0.0017838154414265895,-0.022400093107581034,-0.030196615479574473,0.024000718085626826,-0.021065193346598024,-0.022125029291977336,0.024604607343636814,0.0036899422631618164,-0.09915010538303137,-0.036464910300012504,-0.05172562674357595,-0.0037779513545938975,-0.03557700310617701,0.008581776371608814,0.021385926046074755,-0.0222479242830141,0.061922298764003125,0.06212068593062082,0.03517019697189319,0.13985123049604278,-0.036165469533531204,-0.10532517450421693,0.0474586940350734,-0.03857207606626663,0.010866984675151858,-0.05121278031909958,-0.010812379976326189,0.0761548246665087,-0.05923323511283751,0.04618798186023565,-0.12044808705481946,0.023337088339865836,-0.0310013556732946,-0.004463457049951115,-0.02169833973124995,0.009608043524685462,-0.018907628417597078,-0.02413766247502154,0.0017838154414265895,-0.036165469533531204,0.036654866975381485,0.04113382671551564,-0.01265778335625449,0.027688946365412706,0.005078927183417167,-0.0040958365569365,-0.0020477229260591305,-0.021589009500486013,-0.0008344656588749133,-0.01747716293092868,0.03975560321117112,-0.01274387138193221,0.00912400652719392,0.008465575909045907,-0.003531594737438882,0.007899819139854384,-0.06183048814512819,-0.04356917630252482,-0.022400093107581034,-0.10532517450421693,0.04113382671551564,0.12842511643841892,-0.012219225385736547,0.030362589271380733,0.017089181112905277,0.012764018351600188,-0.010541612477375034,-0.04037975187034006,0.07846566354171283,-0.009427169000767998,0.0820319216435478,-0.002843044412972554,0.02632097077599501,0.009268898928866582,-0.02111529097948084,-0.06059924128725322,-0.013546509733214675,0.06301506537609201,-0.030196615479574473,0.0474586940350734,-0.01265778335625449,-0.012219225385736547,0.11017240449905255,-0.05602560694547662,0.048879216670673215,-0.06489913128250063,-0.06140227859744003,0.06481831017841944,0.09354166234934638,0.0979929998240816,-0.07099396213234789,0.03176766568259275,0.008676818167656784,0.0012794013272518553,-0.09584435820002898,0.048372490353239525,-0.004332907393535543,-0.062442391048734044,0.024000718085626826,-0.03857207606626663,0.027688946365412706,0.030362589271380733,-0.05602560694547662,0.08635598836224966,-0.03036558859529703,0.04851152885529878,0.050325708473432665,-0.0479532778056876,-0.061367435936972026,-0.07849149617878234,0.07833669696150755,-0.0418188901498745,0.0005149407898380266,-0.012582195457625369,0.0794850959864109,-0.03714324125843184,-0.012398272875811293,0.030311882078686264,-0.021065193346598024,0.010866984675151858,0.005078927183417167,0.017089181112905277,0.048879216670673215,-0.03036558859529703,0.057597051870908564,-0.03980264333127862,-0.04663257500594295,0.037263366667731765,0.06720134191591684,0.05802842682785332,-0.02853703704340213,0.026437055155849105,0.007214218430311692,0.014174011470059977,-0.06776148928658907,0.06127955785109929,-0.005588197590271446,-0.07000121050820911,-0.022125029291977336,-0.05121278031909958,-0.0040958365569365,0.012764018351600188,-0.06489913128250063,0.04851152885529878,-0.03980264333127862,0.15061406489867984,0.07882821851713462,-0.047552696302792616,-0.056671272707034794,-0.07769976372025696,0.12508536329434788,-0.03676279736208528,0.004492487522215518,-0.06665407600522875,0.143762964341369,0.06256975001575657,0.0158678441567626,-0.05342367087501907,0.024604607343636814,-0.010812379976326189,-0.0020477229260591305,-0.010541612477375034,-0.06140227859744003,0.050325708473432665,-0.04663257500594295,0.07882821851713462,0.0854031162988651,-0.02755786818423664,-0.09487344341137027,-0.07660967950332795,0.0577948340656509,-0.03013687550984696,-0.015695554114347386,-0.038738064820087154,0.11263957654983148,-0.0336208540584869,0.023425637260883543,0.05173290825575804,0.0036899422631618164,0.0761548246665087,-0.021589009500486013,-0.04037975187034006,0.06481831017841944,-0.0479532778056876,0.037263366667731765,-0.047552696302792616,-0.02755786818423664,0.08377477202833823,0.008862204483358834,0.06852400673195466,-0.09760093422162398,0.03402767915021572,-0.016484060626396423,-0.004609914636934165,-0.0470602000486145,-0.07720822610178499,-0.08402382846030937,0.06499545273487257,-0.09915010538303137,-0.05923323511283751,-0.0008344656588749133,0.07846566354171283,0.09354166234934638,-0.061367435936972026,0.06720134191591684,-0.056671272707034794,-0.09487344341137027,0.008862204483358834,0.2617762894900682,0.11009911910809024,0.03832793393149625,0.03531540495766499,0.07188265361672937,0.04375310645690751,-0.14872673933158514,-0.06987403032180112,-0.012454702384737955,0.07398213389904332,-0.036464910300012504,0.04618798186023565,-0.01747716293092868,-0.009427169000767998,0.0979929998240816,-0.07849149617878234,0.05802842682785332,-0.07769976372025696,-0.07660967950332795,0.06852400673195466,0.11009911910809024,0.12851238851800806,-0.08057346104227592,0.04830707283454928,0.011672163887944313,0.01753545980549167,-0.11879651708391155,0.0614305424377482,-0.05618514467279134,-0.0976861525017091,-0.05172562674357595,-0.12044808705481946,0.03975560321117112,0.0820319216435478,-0.07099396213234789,0.07833669696150755,-0.02853703704340213,0.12508536329434788,0.0577948340656509,-0.09760093422162398,0.03832793393149625,-0.08057346104227592,0.29009103559057414,-0.06516941655784511,0.06037143646503998,-0.019649028200430775,0.11785311552164557,-0.026329538721162955,0.004888530839494792,0.04113982762626753,-0.0037779513545938975,0.023337088339865836,-0.01274387138193221,-0.002843044412972554,0.03176766568259275,-0.0418188901498745,0.026437055155849105,-0.03676279736208528,-0.03013687550984696,0.03402767915021572,0.03531540495766499,0.04830707283454928,-0.06516941655784511,0.055533661166010134,-0.0015590641228067483,0.02242984599010629,-0.06190400668275495,-0.013314847702615994,-0.019690710248232483,0.010388664408014201,-0.03557700310617701,-0.0310013556732946,0.00912400652719392,0.02632097077599501,0.008676818167656784,0.0005149407898380266,0.007214218430311692,0.004492487522215518,-0.015695554114347386,-0.016484060626396423,0.07188265361672937,0.011672163887944313,0.06037143646503998,-0.0015590641228067483,0.05171889303970327,0.025703677437774367,-0.01786332050739068,-0.01849612027970704,0.012902933874515816,0.039687371293966045,0.008581776371608814,-0.004463457049951115,0.008465575909045907,0.009268898928866582,0.0012794013272518553,-0.012582195457625369,0.014174011470059977,-0.06665407600522875,-0.038738064820087154,-0.004609914636934165,0.04375310645690751,0.01753545980549167,-0.019649028200430775,0.02242984599010629,0.025703677437774367,0.0940622825507137,-0.072867215846976,0.09305582007683635,0.025000921921043966,-0.0938637909185476,0.021385926046074755,-0.02169833973124995,-0.003531594737438882,-0.02111529097948084,-0.09584435820002898,0.0794850959864109,-0.06776148928658907,0.143762964341369,0.11263957654983148,-0.0470602000486145,-0.14872673933158514,-0.11879651708391155,0.11785311552164557,-0.06190400668275495,-0.01786332050739068,-0.072867215846976,0.214785654339005
0.06382052151165078,-0.016868654987284938,-0.0055509995620478736,0.030313162653419434,0.01121185809814034,0.028516895879947095,0.021201330556896953,-0.047415257754854404,0.04086738974078676,-0.01658202123993867,0.024444410827753504,0.0200213791543733,-0.01633766893962596,-0.03540405750671397,-0.019636852760874915,0.022185435923262626,-0.003774237689671403,-0.011229105867025628,0.01532382077122207,0.03947599512078939,-0.016868654987284938,0.11729671947110556,-0.0010531849922648553,0.04070288988509788,0.07444266973280204,-0.03661348108144285,-0.07288466939973018,0.03508818839500056,0.023525271845712202,-0.01488353769630141,-0.007109296134170289,0.044207362408329454,0.02746867930773974,-0.05639897289213225,-0.05978033582655842,0.008100888255246193,-0.02547273246770269,0.004236419267413793,-0.022163010668408853,0.0200826249402581,-0.0055509995620478736,-0.0010531849922648553,0.0363095394460941,0.0029092132683355377,0.005874308932604057,0.004796800124383212,-0.008426150432869555,0.006996344537986726,-0.009013701847936515,0.018416251828052444,-0.010235546957053858,-0.0019100658731016217,0.017770420773857834,-0.000953910240428519,0.020342084460596925,-0.017989988048262948,0.0074252865246123515,-0.0015929821205137207,0.011949348234909913,-0.009223731498670163,0.030313162653419434,0.04070288988509788,0.0029092132683355377,0.08044466300067465,0.03958149237105651,0.007507672284017023,-0.01696458971567981,-0.026558043613560327,0.056449918372886085,-0.007583827161028806,0.014035928386339637,0.042131660781779295,-0.00042514508363689085,-0.07732278158457509,-0.04279936079256515,0.015033332409569009,-0.012524484309757711,-0.002560003829149965,0.03134173273382247,0.039264779277372555,0.01121185809814034,0.07444266973280204,0.005874308932604057,0.03958149237105651,0.10522330152202207,-0.03315552481571674,-0.07319016801855735,0.03727344450741177,0.026477831680794504,-0.022477755314035126,0.005222335028254924,0.054654742670000346,0.05057543062757709,-0.06774192817163573,-0.04446227660035908,-0.0152617480453213,-0.022479599223202796,-0.020931235230890154,-0.03333011671377005,0.04324511299076922,0.028516895879947095,-0.03661348108144285,0.004796800124383212,0.007507672284017023,-0.03315552481571674,0.05682172914842971,0.03624865617873512,-0.06634657932725925,0.02394218525990361,-0.00033238930014676,-0.0006915371902785881,-0.007452635384898327,-0.04045717992026257,-0.016329006956370712,-0.004485573278592366,0.027317303719322363,0.001104108345110972,0.01662893961042163,0.040606657257978865,-0.006595791967757886,0.021201330556896953,-0.07288466939973018,-0.008426150432869555,-0.01696458971567981,-0.07319016801855735,0.03624865617873512,0.1092420320115679,-0.0266831242167335,-0.010215761928444873,0.022570066148510984,0.003119236963692836,-0.05151067657626018,-0.035951049902498464,0.061919320969624686,0.058715915848964524,0.0030544678123682403,0.03760465448565386,0.01831442762161252,0.049535880654448805,-0.02741114514839691,-0.047415257754854404,0.03508818839500056,0.006996344537986726,-0.026558043613560327,0.03727344450741177,-0.06634657932725925,-0.0266831242167335,0.14762469036048886,-0.05127436588299173,0.018999699598325828,-0.006471929222305086,-0.02086794802025692,0.07240070269240634,0.06551769311995442,0.052582813694372475,-0.0557244222615771,0.019893352233442213,0.00010504249471454804,-0.03573355432787277,-0.020506921719413575,0.04086738974078676,0.023525271845712202,-0.009013701847936515,0.056449918372886085,0.026477831680794504,0.02394218525990361,-0.010215761928444873,-0.05127436588299173,0.10356206517644784,-0.031619176829317135,0.03384605564146892,0.04673884576290538,-0.02884202243886342,-0.07020244434395284,-0.0674049498119336,0.05570140500245008,-0.024840535627142044,0.0025572931590383437,0.012386382867859796,0.05339457323094807,-0.01658202123993867,-0.01488353769630141,0.018416251828052444,-0.007583827161028806,-0.022477755314035126,-0.00033238930014676,0.022570066148510984,0.018999699598325828,-0.031619176829317135,0.050124808904004434,-0.01557591132271165,-0.02868416433018332,0.015054080580251795,0.03378649664057981,0.05181816636603677,-0.03238170847015093,0.02206399555467707,0.0037868569242423752,0.023035094093204235,-0.025332292116730985,0.024444410827753504,-0.007109296134170289,-0.010235546957053858,0.014035928386339637,0.005222335028254924,-0.0006915371902785881,0.003119236963692836,-0.006471929222305086,0.03384605564146892,-0.01557591132271165,0.03828333676094979,0.013258840541005259,-0.011771297230016475,-0.01745109397242308,-0.021484641061104606,0.025462278516956045,-0.013299736967502994,-0.009002555712181963,-0.014191068077867339,0.03947002811316805,0.0200213791543733,0.044207362408329454,-0.0019100658731016217,0.042131660781779295,0.054654742670000346,-0.007452635384898327,-0.05151067657626018,-0.02086794802025692,0.04673884576290538,-0.02868416433018332,0.013258840541005259,0.07575682186161721,0.015881643379672905,-0.07046251111022023,-0.06514012467136199,0.024785671502996917,-0.03160021649628828,-0.013695563256089248,-0.015348976955267463,0.044915376810128804,-0.01633766893962596,0.02746867930773974,0.017770420773857834,-0.00042514508363689085,0.05057543062757709,-0.04045717992026257,-0.035951049902498464,0.07240070269240634,-0.02884202243886342,0.015054080580251795,-0.011771297230016475,0.015881643379672905,0.08648899561682141,0.00909481240063488,0.026852650671673327,-0.05604331615020013,0.013717435416815357,-0.010412669451972865,-0.012085204539933853,0.0009394331038301922,-0.03540405750671397,-0.05639897289213225,-0.000953910240428519,-0.07732278158457509,-0.06774192817163573,-0.016329006956370712,0.061919320969624686,0.06551769311995442,-0.07020244434395284,0.03378649664057981,-0.01745109397242308,-0.07046251111022023,0.00909481240063488,0.14754141409617022,0.0885865501832304,-0.028172809058821552,0.04028382754212838,0.02152439178785105,0.002348895766766869,-0.07039024438432825,-0.019636852760874915,-0.05978033582655842,0.020342084460596925,-0.04279936079256515,-0.04446227660035908,-0.004485573278592366,0.058715915848964524,0.052582813694372475,-0.0674049498119336,0.05181816636603677,-0.021484641061104606,-0.06514012467136199,0.026852650671673327,0.0885865501832304,0.12522617632280117,-0.06307156601667213,0.05217890420671019,0.005334434809562737,0.02818343114601002,-0.055275877848416144,0.022185435923262626,0.008100888255246193,-0.017989988048262948,0.015033332409569009,-0.0152617480453213,0.027317303719322363,0.0030544678123682403,-0.0557244222615771,0.05570140500245008,-0.03238170847015093,0.025462278516956045,0.024785671502996917,-0.05604331615020013,-0.028172809058821552,-0.06307156601667213,0.10528881929049264,-0.039240983342355845,0.016509495176851446,-0.005570004480128494,0.035078080015192706,-0.003774237689671403,-0.02547273246770269,0.0074252865246123515,-0.012524484309757711,-0.022479599223202796,0.001104108345110972,0.03760465448565386,0.019893352233442213,-0.024840535627142044,0.02206399555467707,-0.013299736967502994,-0.03160021649628828,0.013717435416815357,0.04028382754212838,0.05217890420671019,-0.039240983342355845,0.04859968358967742,0.00631749874072192,0.032273921793910705,-0.03268982679279884,-0.011229105867025628,0.004236419267413793,-0.0015929821205137207,-0.002560003829149965,-0.020931235230890154,0.01662893961042163,0.01831442762161252,0.00010504249471454804,0.0025572931590383437,0.0037868569242423752,-0.009002555712181963,-0.013695563256089248,-0.010412669451972865,0.02152439178785105,0.005334434809562737,0.016509495176851446,0.00631749874072192,0.042659014794151115,0.03455512823571247,-0.023311292680903657,0.01532382077122207,-0.022163010668408853,0.011949348234909913,0.03134173273382247,-0.03333011671377005,0.040606657257978865,0.049535880654448805,-0.03573355432787277,0.012386382867859796,0.023035094093204235,-0.014191068077867339,-0.015348976955267463,-0.012085204539933853,0.002348895766766869,0.02818343114601002,-0.005570004480128494,0.032273921793910705,0.03455512823571247,0.11350187337376663,-0.03132860740140518,0.03947599512078939,0.0200826249402581,-0.009223731498670163,0.039264779277372555,0.04324511299076922,-0.006595791967757886,-0.02741114514839691,-0.020506921719413575,0.05339457323094807,-0.025332292116730985,0.03947002811316805,0.044915376810128804,0.0009394331038301922,-0.07039024438432825,-0.055275877848416144,0.035078080015192706,-0.03268982679279884,-0.023311292680903657,-0.03132860740140518,0.08815756844274221
0.055035741917122245,0.015701294270974192,-0.0016177402155877975,0.0271416121092173,0.02336890231397476,0.00533202577053267,-0.011265691903516808,-0.02182994654101243,0.03114052047734858,-0.02158104066121791,0.03149016690847346,0.02898513543469139,-0.03198938725912244,-0.050077862157583086,-0.04407112842848318,0.030836383268928395,-0.03970203776551677,-0.017237196357011222,-0.027247628958830067,0.08352607886157745,0.015701294270974192,0.07081464822172365,0.02147193451673965,0.021109318998907556,0.04056408726295696,-0.006570275473051438,-0.031140583025938563,0.017243652369413137,-0.01609832801710268,-0.0073751292794277164,-0.01331219190470749,0.0015902983823028753,0.022144405463671156,-0.03725084088011856,0.010335159384018985,-0.005686139416201546,-0.00018830656829692694,0.0003944756739790332,0.00017008333499112004,-0.00443020745722597,-0.0016177402155877975,0.02147193451673965,0.08446882795083899,-0.008389373649939424,0.04068758954541546,-0.0014075328103571438,-0.015211382751713569,0.07384064600138596,-0.044493619165645204,0.012355387883641898,-0.032355136438756336,-0.00045602674327270836,0.03880867967267707,0.03481258089044689,0.07351246104257192,-0.05373768359714613,0.034133999892647524,0.004248587708111649,0.0014812207482131114,-0.06481852155911208,0.0271416121092173,0.021109318998907556,-0.008389373649939424,0.06446900717084794,0.042120742303886294,0.0010659354278942355,-0.021682820229361386,-0.01895827051337997,0.042985258978613855,-0.011103161468247576,0.004483971282746984,0.013440612794943536,-0.01589645325226278,-0.07448217716509972,-0.04478005975931397,-0.013558961636167679,-0.024277458961494407,-0.008804339503159474,-0.026786147864000947,0.07421603608241001,0.02336890231397476,0.04056408726295696,0.04068758954541546,0.042120742303886294,0.11112034542599508,-0.023888594775496645,-0.056803275876751116,0.04899101470939836,0.004370073177177499,0.0002903777786079833,-0.017213236031881008,0.018621692640067636,0.05237784158904918,-0.040290419480176726,0.038513744844087816,-0.08260508002268784,-0.009491915778053127,-0.026958703556129393,-0.053098217288832655,0.025146165612535756,0.00533202577053267,-0.006570275473051438,-0.0014075328103571438,0.0010659354278942355,-0.023888594775496645,0.0284211019541332,0.015744478063849272,-0.026335044417991088,0.021231759058725395,-0.002276254395153012,0.0035616098142560743,-6.530493289144164e-5,-0.026632894332704035,-0.012019203139462881,-0.03096578285497755,0.026103872078756273,-0.0035472266666265826,0.013167760108513515,0.020005478399932768,0.002861777456004821,-0.011265691903516808,-0.031140583025938563,-0.015211382751713569,-0.021682820229361386,-0.056803275876751116,0.015744478063849272,0.0634605523763383,-0.013030453374413897,-0.007177501409704199,0.0027936953507456067,0.009298056355779445,-0.012419093053813349,-0.032049004485730545,0.038742361924358766,-0.006395275820562391,0.04604487512528571,0.02144533668840283,0.026764718992856113,0.04573535476016356,-0.021386826906546468,-0.02182994654101243,0.017243652369413137,0.07384064600138596,-0.01895827051337997,0.04899101470939836,-0.026335044417991088,-0.013030453374413897,0.1467443843126489,-0.09150982526254711,0.022120254786902292,-0.050277128731791264,-0.011396055989934107,0.06407301524413386,0.06721116054853697,0.12457080950536889,-0.09154885238637891,0.06860323657096337,0.0019421021548691937,-0.015624706666021473,-0.10690553048634055,0.03114052047734858,-0.01609832801710268,-0.044493619165645204,0.042985258978613855,0.004370073177177499,0.021231759058725395,-0.007177501409704199,-0.09150982526254711,0.12350676756087396,-0.01837501939463964,0.042077733438210016,0.026395352428894625,-0.047955593182677156,-0.08182181577334695,-0.09857577868274478,0.02687833606918979,-0.05908976820522484,-0.020502111658388236,-0.03080753257177953,0.11374219038978854,-0.02158104066121791,-0.0073751292794277164,0.012355387883641898,-0.011103161468247576,0.0002903777786079833,-0.002276254395153012,0.0027936953507456067,0.022120254786902292,-0.01837501939463964,0.03853864877729103,-0.02162483773064565,-0.016342681231636378,0.02829877632968711,0.03657919129313786,0.04028417205397823,-0.04080382285360318,0.025400205374266738,0.00041063839166981475,0.009604050689164938,-0.05272437865291785,0.03149016690847346,-0.01331219190470749,-0.032355136438756336,0.004483971282746984,-0.017213236031881008,0.0035616098142560743,0.009298056355779445,-0.050277128731791264,0.042077733438210016,-0.02162483773064565,0.065334049668992,0.024344664398629624,-0.043419885393353334,-0.03581846608282496,-0.06164978594316524,0.07276210417608542,-0.05818430379562538,-0.01221066881995306,-0.022248683425648265,0.0945535913494808,0.02898513543469139,0.0015902983823028753,-0.00045602674327270836,0.013440612794943536,0.018621692640067636,-6.530493289144164e-5,-0.012419093053813349,-0.011396055989934107,0.026395352428894625,-0.016342681231636378,0.024344664398629624,0.03738636013449472,-0.012126116564239434,-0.034443752478397455,-0.03045381827097922,0.01252252707507752,-0.026157412714912887,-0.013936934677150258,-0.02671976354614992,0.058574968036502986,-0.03198938725912244,0.022144405463671156,0.03880867967267707,-0.01589645325226278,0.05237784158904918,-0.026632894332704035,-0.032049004485730545,0.06407301524413386,-0.047955593182677156,0.02829877632968711,-0.043419885393353334,-0.012126116564239434,0.11344952100795697,0.03731025332235694,0.09561116569402012,-0.09637041880794081,0.041300173194495214,-0.010032428061302757,-0.0021775101695068345,-0.08597739874124094,-0.050077862157583086,-0.03725084088011856,0.03481258089044689,-0.07448217716509972,-0.040290419480176726,-0.012019203139462881,0.038742361924358766,0.06721116054853697,-0.08182181577334695,0.03657919129313786,-0.03581846608282496,-0.034443752478397455,0.03731025332235694,0.14767895699194594,0.10932384972307554,-0.026294208334947815,0.05872098902519589,0.025683973206316886,0.03989448751427936,-0.14621870894070535,-0.04407112842848318,0.010335159384018985,0.07351246104257192,-0.04478005975931397,0.038513744844087816,-0.03096578285497755,-0.006395275820562391,0.12457080950536889,-0.09857577868274478,0.04028417205397823,-0.06164978594316524,-0.03045381827097922,0.09561116569402012,0.10932384972307554,0.1703306521092725,-0.09779994129214535,0.07803686651353811,0.008837358899643353,0.0158181290745103,-0.15453439718092737,0.030836383268928395,-0.005686139416201546,-0.05373768359714613,-0.013558961636167679,-0.08260508002268784,0.026103872078756273,0.04604487512528571,-0.09154885238637891,0.02687833606918979,-0.04080382285360318,0.07276210417608542,0.01252252707507752,-0.09637041880794081,-0.026294208334947815,-0.09779994129214535,0.1897587351866752,-0.06369648261260266,0.022226312997713486,0.03473315980620879,0.09278425542231851,-0.03970203776551677,-0.00018830656829692694,0.034133999892647524,-0.024277458961494407,-0.009491915778053127,-0.0035472266666265826,0.02144533668840283,0.06860323657096337,-0.05908976820522484,0.025400205374266738,-0.05818430379562538,-0.026157412714912887,0.041300173194495214,0.05872098902519589,0.07803686651353811,-0.06369648261260266,0.10202977820696323,0.02143086503015058,0.0490537566174688,-0.12846754140782682,-0.017237196357011222,0.0003944756739790332,0.004248587708111649,-0.008804339503159474,-0.026958703556129393,0.013167760108513515,0.026764718992856113,0.0019421021548691937,-0.020502111658388236,0.00041063839166981475,-0.01221066881995306,-0.013936934677150258,-0.010032428061302757,0.025683973206316886,0.008837358899643353,0.022226312997713486,0.02143086503015058,0.04120579877187357,0.04106521099871463,-0.03850007651590888,-0.027247628958830067,0.00017008333499112004,0.0014812207482131114,-0.026786147864000947,-0.053098217288832655,0.020005478399932768,0.04573535476016356,-0.015624706666021473,-0.03080753257177953,0.009604050689164938,-0.022248683425648265,-0.02671976354614992,-0.0021775101695068345,0.03989448751427936,0.0158181290745103,0.03473315980620879,0.0490537566174688,0.04106521099871463,0.10138839819247399,-0.08416829458501773,0.08352607886157745,-0.00443020745722597,-0.06481852155911208,0.07421603608241001,0.025146165612535756,0.002861777456004821,-0.021386826906546468,-0.10690553048634055,0.11374219038978854,-0.05272437865291785,0.0945535913494808,0.058574968036502986,-0.08597739874124094,-0.14621870894070535,-0.15453439718092737,0.09278425542231851,-0.12846754140782682,-0.03850007651590888,-0.08416829458501773,0.2735405882869316
