0.055812421139867785,0.004120040322295321,0.0006821986427544505,-0.010108902434568313,-0.00034833575904193945,-0.0016114524663895903,-0.003962995376940859,0.00664292851990248,-0.017668334399822676,0.007839069075404392,0.010286364523186192,0.0068283871875868,0.0007006634567355288,0.015238292221131395,0.0236739396931107,-0.0014972372761956816,0.005801578962010329,-0.023094653311843346,-0.016727303296613927,-0.011381031969006031,0.004120040322295321,0.030607166164261363,-0.0028125827478618533,0.009878786002869035,-0.0075201594387820595,-0.010725342647034408,-0.013480064514993572,0.022147254324525512,-0.0021779673065692342,-0.004444415936311671,0.016328871559487486,0.0012131797570645933,-0.004339794407663493,0.0017794045752302656,-0.014200017553348192,-0.007211389359371878,0.0014106823609364794,-0.006786445568259856,0.0009122488898515886,0.0027298060666690535,0.0006821986427544505,-0.0028125827478618533,0.030823884988295698,0.01732021919534224,-0.0019107567558620349,0.017107912386732996,-0.017012449334712264,0.0055078526513273815,-0.010085622208379705,0.0012560281176866126,-0.009147078233526246,0.007483011766966053,-0.001799769166132153,-0.007438809913333809,0.004325816678923189,-0.003292862663126144,-0.004904331249286182,-0.0028367266417377674,-0.012936193246985347,0.0024383553675024717,-0.010108902434568313,0.009878786002869035,0.01732021919534224,0.04127888917701153,-0.012241919665762147,0.009702027730321555,-0.018627694308625493,0.020898179399288282,-0.000346998074185555,-0.0012770466451784775,-0.000875472417491996,0.0015894315734402645,0.0002350795744701518,-0.006341324085801255,-0.010800467562501338,-0.009524185830857628,-0.005508242041707384,-0.0056937455660983,-0.007833467419551259,0.004917310039727334,-0.00034833575904193945,-0.0075201594387820595,-0.0019107567558620349,-0.012241919665762147,0.01737999483878281,-0.0027601449697870336,0.007091487632365386,-0.01683192783549843,-0.002482820309384119,0.0006681483014372152,0.0013985478009918484,0.006000831696077988,0.000927366496801029,0.008380344844782322,-0.0002016513223235844,0.008532826063366115,0.0003988418332127546,0.009432641440973158,0.0009729634922045303,-0.0010849625128866434,-0.0016114524663895903,-0.010725342647034408,0.017107912386732996,0.009702027730321555,-0.0027601449697870336,0.041745830045593284,0.005366871036082988,0.001863911795687983,0.001404334201109779,0.001084608408187702,-0.022179808212120036,-0.001411495974034564,0.012603064029410927,-0.012731867932344244,0.021413782816950604,-0.003992988867669658,-0.002362619743658396,-0.007179520351957328,-0.016363996032708245,0.001115549037116365,-0.003962995376940859,-0.013480064514993572,-0.017012449334712264,-0.018627694308625493,0.007091487632365386,0.005366871036082988,0.039291992831803534,-0.02213107817505256,0.015344660382056934,0.004851994878830812,-0.006121389748266632,-0.005076311722165919,0.016806896692080867,-0.001223840745467946,0.015181503609269814,0.005809928763503892,0.0008060203436757698,0.0014111451733277236,0.010062375361137708,-0.007293680871397928,0.00664292851990248,0.022147254324525512,0.0055078526513273815,0.020898179399288282,-0.01683192783549843,0.001863911795687983,-0.02213107817505256,0.049977738881992834,-0.0016298024688881597,-0.005425693432880706,0.01171025398366261,-0.004971412312732548,-0.004852501192937968,-0.0026654973502992533,-0.0049430963978659365,-0.013909796383140792,0.0007006676883636123,-0.021295023762540284,-0.010425277567264135,0.003599513283997209,-0.017668334399822676,-0.0021779673065692342,-0.010085622208379705,-0.000346998074185555,-0.002482820309384119,0.001404334201109779,0.015344660382056934,-0.0016298024688881597,0.028268553621204204,-0.0002865330818038218,-0.0006449012921718373,-0.010646895493170924,0.011490116489391269,-0.006265398813034685,-0.0012739296599674171,-0.0013316705458380465,0.002619216074644495,0.0010030923906868242,0.012279897388667586,0.0026438842415217392,0.007839069075404392,-0.004444415936311671,0.0012560281176866126,-0.0012770466451784775,0.0006681483014372152,0.001084608408187702,0.004851994878830812,-0.005425693432880706,-0.0002865330818038218,0.022987133618454343,-0.006651665946309424,0.006893356757700066,0.0003662336664151798,0.00016695169124931246,0.013437240628970152,0.00011598092181589113,-0.002914066464506075,-0.003737164538697202,-0.002566845058242359,5.430240532704801e-6,0.010286364523186192,0.016328871559487486,-0.009147078233526246,-0.000875472417491996,0.0013985478009918484,-0.022179808212120036,-0.006121389748266632,0.01171025398366261,-0.0006449012921718373,-0.006651665946309424,0.03577903144521919,-0.004540531686554022,-0.004902688100416662,0.015035445750455484,-0.012224023832613664,0.0018565297295160422,0.005253097404165066,-0.005766257086539918,0.0033955344299642113,-0.001848499035727303,0.0068283871875868,0.0012131797570645933,0.007483011766966053,0.0015894315734402645,0.006000831696077988,-0.001411495974034564,-0.005076311722165919,-0.004971412312732548,-0.010646895493170924,0.006893356757700066,-0.004540531686554022,0.027426483843735406,-0.00749023378338088,0.0016786508321624725,-0.0007183153319423148,0.0015477585700158104,-0.004372415919614404,0.0015231188926503026,-0.003517196099877047,-0.0016057843218291227,0.0007006634567355288,-0.004339794407663493,-0.001799769166132153,0.0002350795744701518,0.000927366496801029,0.012603064029410927,0.016806896692080867,-0.004852501192937968,0.011490116489391269,0.0003662336664151798,-0.004902688100416662,-0.00749023378338088,0.03555956400006193,0.0024096327569894964,0.015982916022398354,0.0006467263732646503,-0.0024727399290720388,-0.004274210559872374,-0.004574512530656501,-0.0011393878483376182,0.015238292221131395,0.0017794045752302656,-0.007438809913333809,-0.006341324085801255,0.008380344844782322,-0.012731867932344244,-0.001223840745467946,-0.0026654973502992533,-0.006265398813034685,0.00016695169124931246,0.015035445750455484,0.0016786508321624725,0.0024096327569894964,0.03329220479826406,0.001005037282236223,0.004605708878020557,0.007863346106128336,0.0028482015434809476,0.0016068373372799816,-0.005305927544588038,0.0236739396931107,-0.014200017553348192,0.004325816678923189,-0.010800467562501338,-0.0002016513223235844,0.021413782816950604,0.015181503609269814,-0.0049430963978659365,-0.0012739296599674171,0.013437240628970152,-0.012224023832613664,-0.0007183153319423148,0.015982916022398354,0.001005037282236223,0.06261397200928676,0.0005664244792242233,0.0041409970502182085,-0.011458895538121051,-0.01758003464716521,-0.0046548776054149595,-0.0014972372761956816,-0.007211389359371878,-0.003292862663126144,-0.009524185830857628,0.008532826063366115,-0.003992988867669658,0.005809928763503892,-0.013909796383140792,-0.0013316705458380465,0.00011598092181589113,0.0018565297295160422,0.0015477585700158104,0.0006467263732646503,0.004605708878020557,0.0005664244792242233,0.019944872037536823,-0.0026955052951076752,0.007251925752230577,-0.0010211022451858645,-8.955344511778635e-5,0.005801578962010329,0.0014106823609364794,-0.004904331249286182,-0.005508242041707384,0.0003988418332127546,-0.002362619743658396,0.0008060203436757698,0.0007006676883636123,0.002619216074644495,-0.002914066464506075,0.005253097404165066,-0.004372415919614404,-0.0024727399290720388,0.007863346106128336,0.0041409970502182085,-0.0026955052951076752,0.01632490937214658,-0.00297952245327897,0.0027266301912698674,-0.0009972366819524258,-0.023094653311843346,-0.006786445568259856,-0.0028367266417377674,-0.0056937455660983,0.009432641440973158,-0.007179520351957328,0.0014111451733277236,-0.021295023762540284,0.0010030923906868242,-0.003737164538697202,-0.005766257086539918,0.0015231188926503026,-0.004274210559872374,0.0028482015434809476,-0.011458895538121051,0.007251925752230577,-0.00297952245327897,0.04553299395739963,0.009684959343696679,0.0115865691366126,-0.016727303296613927,0.0009122488898515886,-0.012936193246985347,-0.007833467419551259,0.0009729634922045303,-0.016363996032708245,0.010062375361137708,-0.010425277567264135,0.012279897388667586,-0.002566845058242359,0.0033955344299642113,-0.003517196099877047,-0.004574512530656501,0.0016068373372799816,-0.01758003464716521,-0.0010211022451858645,0.0027266301912698674,0.009684959343696679,0.02446357201328031,0.003012627898343467,-0.011381031969006031,0.0027298060666690535,0.0024383553675024717,0.004917310039727334,-0.0010849625128866434,0.001115549037116365,-0.007293680871397928,0.003599513283997209,0.0026438842415217392,5.430240532704801e-6,-0.001848499035727303,-0.0016057843218291227,-0.0011393878483376182,-0.005305927544588038,-0.0046548776054149595,-8.955344511778635e-5,-0.0009972366819524258,0.0115865691366126,0.003012627898343467,0.014746236763365839
0.04555541204990726,-0.006926329491262209,0.002217124119591788,-0.009443691565604786,-0.000588856827851719,-0.007340107465719049,-0.004435409329541177,0.003023148033976203,-0.010993748380926675,-0.0021862488913299847,0.004942069589023999,-0.001274967203736108,0.008664423272875778,0.01875467233389775,0.019065400548438256,0.005037175151296272,0.0063393009919350644,-0.01940808398075128,-0.00808551266478413,-0.005031200402881224,-0.006926329491262209,0.02703531769703553,-0.007734531341276801,0.004252376032766474,-0.006127305290115757,-0.005520970078563418,-0.003117190778327122,0.010787374644200431,-0.002007826046578683,-0.0036530184975978623,0.0019722025986502723,-0.004997451820782252,-0.0016833679400143312,-0.00030197111446922435,-0.017534322809411414,-0.00966582189362893,0.0027314572084091164,0.003155097917797162,0.006316904099986434,0.004614678249928372,0.002217124119591788,-0.007734531341276801,0.026679582447265395,0.003743572393679475,0.00307743305638807,0.011645387530649295,-0.002749325491485423,-0.006368521410216281,0.008513883453689409,-0.0014399586926685114,-0.006102691891624604,0.010766098577473323,8.85110132642357e-5,-0.0016165971238286019,0.006712000502892182,-0.0031687630239200805,0.009041245523453565,-0.005409764025638067,0.005615485724021884,-0.0022022555526509083,-0.009443691565604786,0.004252376032766474,0.003743572393679475,0.023213042588946752,-0.0032169317919937606,-0.000978478543890247,0.00044121866858844985,0.010147106647021481,0.008837004175484952,0.004971030729838157,-0.0018770039721254512,0.0039847532428526,-0.00042815115200511665,-0.009364267676319487,-0.010606964123786967,-0.006994532240531799,0.0022740662776694134,-0.006122502046684723,0.009222497426978206,0.010525576220101106,-0.000588856827851719,-0.006127305290115757,0.00307743305638807,-0.0032169317919937606,0.022601319027336628,-0.002083161366383801,0.005319043800239688,-0.012360051692570175,0.0036042253833473573,0.004245264321878521,-0.00279870834519691,0.003669298053788471,-0.00040300211354329474,-0.0008366846378321794,0.0034764958075176764,0.005792906688210232,-0.0033825412089160773,0.0028370291098678098,0.00030216472886595864,0.001550764311319823,-0.007340107465719049,-0.005520970078563418,0.011645387530649295,-0.000978478543890247,-0.002083161366383801,0.03409711621703914,0.0029528837145320137,-0.011797331222079394,0.006559973293598056,-0.0082760460360882,-0.007556702211810901,0.0008082417607958709,0.0004661237011872163,0.00022928069851848698,0.010395283414060406,-0.00032879832716299417,0.005457598521656261,0.006185245881809933,-0.0031505861382614703,-0.0024179368477922373,-0.004435409329541177,-0.003117190778327122,-0.002749325491485423,0.00044121866858844985,0.005319043800239688,0.0029528837145320137,0.02277159929098374,-0.006855809669768608,0.01032841975019818,0.004879723070598734,-0.002585420909727496,-0.00225956959611612,0.010229968195900089,-0.008944312047368522,0.002126854300610483,0.006745620294272235,-0.0031803141464190393,0.00022192850062407028,0.0013096532723593597,-0.0017758870853557761,0.003023148033976203,0.010787374644200431,-0.006368521410216281,0.010147106647021481,-0.012360051692570175,-0.011797331222079394,-0.006855809669768608,0.04117470907735546,-0.005755478989461485,0.002107877171524541,0.006369414690433498,-0.001953306789862043,-0.002274161938667382,0.0004749843055750583,-0.004624927638479921,-0.007299640700014654,0.0015145277542156508,-0.007214500931216195,0.0005166531627913363,0.013274990287240326,-0.010993748380926675,-0.002007826046578683,0.008513883453689409,0.008837004175484952,0.0036042253833473573,0.006559973293598056,0.01032841975019818,-0.005755478989461485,0.03242193837102637,0.009758722670485016,-0.006399651788018604,0.00034449794671405354,0.009613652781727699,-0.011024001335828431,-0.0036793954388282648,-0.00031539740677723893,0.004697973283307194,-0.008540478902080447,0.01077020444250816,0.001205572259993213,-0.0021862488913299847,-0.0036530184975978623,-0.0014399586926685114,0.004971030729838157,0.004245264321878521,-0.0082760460360882,0.004879723070598734,0.002107877171524541,0.009758722670485016,0.03112937545285647,0.002133769150312267,-0.0018825734840581172,-0.002109985351070827,-0.011358686439353092,0.0029118489362692564,-0.0033130967179360936,-0.005709673783871433,-0.011726742107569813,-0.001026673950094126,0.0012566915888918206,0.004942069589023999,0.0019722025986502723,-0.006102691891624604,-0.0018770039721254512,-0.00279870834519691,-0.007556702211810901,-0.002585420909727496,0.006369414690433498,-0.006399651788018604,0.002133769150312267,0.01384226701798733,-0.0020440538855582046,-0.0019125260509457649,0.003774071491484594,-0.00415041158576964,0.002954997801471802,-0.004641129255003609,0.0018495427034109105,-0.004134328084673766,0.0006575933777359565,-0.001274967203736108,-0.004997451820782252,0.010766098577473323,0.0039847532428526,0.003669298053788471,0.0008082417607958709,-0.00225956959611612,-0.001953306789862043,0.00034449794671405354,-0.0018825734840581172,-0.0020440538855582046,0.017830655022459212,-0.0033417531287012205,-0.0018809287626533827,-0.0002569117742242087,0.0003930522866986216,0.00023706864725962353,0.0009458962749126492,0.003533492611448039,0.002520713597759427,0.008664423272875778,-0.0016833679400143312,8.85110132642357e-5,-0.00042815115200511665,-0.00040300211354329474,0.0004661237011872163,0.010229968195900089,-0.002274161938667382,0.009613652781727699,-0.002109985351070827,-0.0019125260509457649,-0.0033417531287012205,0.02606790848883713,0.0026541596440414796,5.9329647872971865e-5,0.005630443161949241,0.002948533701828908,-0.009231439885954935,-0.0007195796735262219,-0.0014257403528537063,0.01875467233389775,-0.00030197111446922435,-0.0016165971238286019,-0.009364267676319487,-0.0008366846378321794,0.00022928069851848698,-0.008944312047368522,0.0004749843055750583,-0.011024001335828431,-0.011358686439353092,0.003774071491484594,-0.0018809287626533827,0.0026541596440414796,0.03021034359868424,0.01129167407502371,0.005709705522691014,0.006532797947669564,-0.001114953122681569,-0.004534308303001915,-0.007138989517631506,0.019065400548438256,-0.017534322809411414,0.006712000502892182,-0.010606964123786967,0.0034764958075176764,0.010395283414060406,0.002126854300610483,-0.004624927638479921,-0.0036793954388282648,0.0029118489362692564,-0.00415041158576964,-0.0002569117742242087,5.9329647872971865e-5,0.01129167407502371,0.04684696676053551,0.005991630295190028,0.0031730284607681884,-0.012733457352916528,-0.014668015461831524,-0.012339825219244005,0.005037175151296272,-0.00966582189362893,-0.0031687630239200805,-0.006994532240531799,0.005792906688210232,-0.00032879832716299417,0.006745620294272235,-0.007299640700014654,-0.00031539740677723893,-0.0033130967179360936,0.002954997801471802,0.0003930522866986216,0.005630443161949241,0.005709705522691014,0.005991630295190028,0.021144322279457842,-0.003800472709640964,0.004187430330987685,-0.004709755427740622,-0.0011130763654754417,0.0063393009919350644,0.0027314572084091164,0.009041245523453565,0.0022740662776694134,-0.0033825412089160773,0.005457598521656261,-0.0031803141464190393,0.0015145277542156508,0.004697973283307194,-0.005709673783871433,-0.004641129255003609,0.00023706864725962353,0.002948533701828908,0.006532797947669564,0.0031730284607681884,-0.003800472709640964,0.021839183691801656,-0.007776659304524992,0.005326852386520444,0.0006940592737561093,-0.01940808398075128,0.003155097917797162,-0.005409764025638067,-0.006122502046684723,0.0028370291098678098,0.006185245881809933,0.00022192850062407028,-0.007214500931216195,-0.008540478902080447,-0.011726742107569813,0.0018495427034109105,0.0009458962749126492,-0.009231439885954935,-0.001114953122681569,-0.012733457352916528,0.004187430330987685,-0.007776659304524992,0.03898962699295688,-0.0023937606516124367,0.004054207226344467,-0.00808551266478413,0.006316904099986434,0.005615485724021884,0.009222497426978206,0.00030216472886595864,-0.0031505861382614703,0.0013096532723593597,0.0005166531627913363,0.01077020444250816,-0.001026673950094126,-0.004134328084673766,0.003533492611448039,-0.0007195796735262219,-0.004534308303001915,-0.014668015461831524,-0.004709755427740622,0.005326852386520444,-0.0023937606516124367,0.017886978134012636,0.008783848978960104,-0.005031200402881224,0.004614678249928372,-0.0022022555526509083,0.010525576220101106,0.001550764311319823,-0.0024179368477922373,-0.0017758870853557761,0.013274990287240326,0.001205572259993213,0.0012566915888918206,0.0006575933777359565,0.002520713597759427,-0.0014257403528537063,-0.007138989517631506,-0.012339825219244005,-0.0011130763654754417,0.0006940592737561093,0.004054207226344467,0.008783848978960104,0.02313912580015536
