0.019172176704651652,0.0023016949249519375,-0.0013361849381829487,-0.002578346279086778,0.00716803984098092,-0.002152557162103206,0.004731228020683858,0.00028135588248219204,0.0008158789183235085,0.008429930208877999,-0.002249683230332771,-0.002736063229847146,-0.0035878973118091116,0.006798104189591715,-0.004023811430120754,-0.0066251452559135116,-0.005618684142187563,-0.003293900451352803,0.012164960764251775,0.004480786432137059,0.0023016949249519375,0.024655056850860304,0.004034728280790071,0.001486533785285763,-0.002531459443815455,0.0028909419231490266,-0.000886669104423771,0.007389517751665069,-0.007779945106133324,0.00463297322982121,0.0058492668600745295,-0.00033032709268371546,-0.004319617505037177,0.003907530348090724,-0.019224285334616578,0.014023764321591574,-0.0018452177194968275,0.0019564032059764857,-0.00700632665386196,-0.005308126010794747,-0.0013361849381829487,0.004034728280790071,0.010578369957791251,0.002252384654914925,-0.005152738202164527,0.005886653967236732,-0.0005071417318304472,0.0031436065226775733,-0.0015817588559475875,-0.004023261894079474,0.003401677737551798,0.0022017764938370384,0.0007042662344225922,-0.004867533426931047,-0.0012005759379878171,0.00980237269091303,0.0010346279478678395,0.002320017966142271,-0.009260874879958829,-0.0008383842614426468,-0.002578346279086778,0.001486533785285763,0.002252384654914925,0.025621819294940586,-0.002090903224696199,0.007380307222042936,-0.011155963111441241,0.0006771921501879786,0.005767129791956742,-0.006662292061137225,0.0026438580765359896,0.0037095555181392258,0.007221145142960719,-0.010935666860820752,0.014124661128017923,0.008310196737135442,7.157543917561579e-5,0.005537208694653741,-0.01584532879094188,0.0008043170991227848,0.00716803984098092,-0.002531459443815455,-0.005152738202164527,-0.002090903224696199,0.07118501209289815,-0.03832242455684257,-0.013765356234808542,-0.018725889209744884,0.012338438705234099,0.03752356116088984,-0.017794127299688628,-0.021027853416688516,-0.0016134310335465306,0.027957975188290782,-0.02354983713364412,-0.05537859693070722,-0.017499559077321123,0.00034126628179510186,0.060671155252898415,-0.018619366705481036,-0.002152557162103206,0.0028909419231490266,0.005886653967236732,0.007380307222042936,-0.03832242455684257,0.05068496729432243,0.0024138269760664763,0.01491881632327141,-0.00835112323521247,-0.02796777640284654,0.02407720968021835,0.013698843772820199,0.0032461769498494755,-0.022761381787728383,0.013747147786766728,0.05287790482126943,0.014955950127941202,-0.00044899583593932394,-0.050618531025699326,0.016819725835226566,0.004731228020683858,-0.000886669104423771,-0.0005071417318304472,-0.011155963111441241,-0.013765356234808542,0.0024138269760664763,0.027497529950140376,0.006039324824178935,-0.009944624324209813,-0.0048671643712419254,-0.0016696544016310815,0.0007354299890664411,-0.00704699371543464,0.005337930637103367,-0.008543888458244768,0.00276016469327785,-6.667271903529445e-5,-0.0037242183545370434,0.0036541189580250656,0.0001982656213342881,0.00028135588248219204,0.007389517751665069,0.0031436065226775733,0.0006771921501879786,-0.018725889209744884,0.01491881632327141,0.006039324824178935,0.018105221078931116,-0.004476831216777208,-0.008707840039223438,0.0072018313996646596,0.006714173370994588,0.0003851474037750739,-0.005667143670111701,-0.00488706366663892,0.024184128087837216,0.0011257195565593033,-0.0005443027395375668,-0.021019090469891144,0.002307732159035413,0.0008158789183235085,-0.007779945106133324,-0.0015817588559475875,0.005767129791956742,0.012338438705234099,-0.00835112323521247,-0.009944624324209813,-0.004476831216777208,0.01792293584767751,0.002064822720986936,-0.004137874710275125,-0.003255793829050028,0.00629220147695091,-0.0031280235077927134,0.011920675208790478,-0.01566653747614665,0.0006733471339330213,0.002836741373784594,0.00644157708603583,-0.00562918133262648,0.008429930208877999,0.00463297322982121,-0.004023261894079474,-0.006662292061137225,0.03752356116088984,-0.02796777640284654,-0.0048671643712419254,-0.008707840039223438,0.002064822720986936,0.045648720097331855,-0.012315028210082879,-0.020559576686194663,-0.005459862802653301,0.02843591981256502,-0.031705609794477306,-0.038252562405723924,-0.015861515200025888,-0.004544396716057693,0.04670934814579786,-0.014824599781167458,-0.002249683230332771,0.0058492668600745295,0.003401677737551798,0.0026438580765359896,-0.017794127299688628,0.02407720968021835,-0.0016696544016310815,0.0072018313996646596,-0.004137874710275125,-0.012315028210082879,0.029357191219825936,0.005322963908472365,0.007435892468230076,-0.012690888191379961,-0.001655248730308255,0.03588606272150979,0.007849298109125175,0.0020450361065799992,-0.03409533424340958,0.006575209137425016,-0.002736063229847146,-0.00033032709268371546,0.0022017764938370384,0.0037095555181392258,-0.021027853416688516,0.013698843772820199,0.0007354299890664411,0.006714173370994588,-0.003255793829050028,-0.020559576686194663,0.005322963908472365,0.031815189069208556,-0.0015166137190424703,-0.01442300281384961,0.01895481140908646,0.02101418575580942,0.010568106869124953,0.00805244901778287,-0.026053833137982128,0.008196181959088372,-0.0035878973118091116,-0.004319617505037177,0.0007042662344225922,0.007221145142960719,-0.0016134310335465306,0.0032461769498494755,-0.00704699371543464,0.0003851474037750739,0.00629220147695091,-0.005459862802653301,0.007435892468230076,-0.0015166137190424703,0.02118212143385722,-0.010519307656096993,0.0067242087803608365,0.0075520793324052125,0.0035767414920895428,0.0019865572527498192,-0.012086199949623157,-0.000793035808471212,0.006798104189591715,0.003907530348090724,-0.004867533426931047,-0.010935666860820752,0.027957975188290782,-0.022761381787728383,0.005337930637103367,-0.005667143670111701,-0.0031280235077927134,0.02843591981256502,-0.012690888191379961,-0.01442300281384961,-0.010519307656096993,0.0382229379807665,-0.029468149683464628,-0.0345353828411003,-0.01147358613213741,-0.004681501355822754,0.04531281839259915,-0.00750426700405352,-0.004023811430120754,-0.019224285334616578,-0.0012005759379878171,0.014124661128017923,-0.02354983713364412,0.013747147786766728,-0.008543888458244768,-0.00488706366663892,0.011920675208790478,-0.031705609794477306,-0.001655248730308255,0.01895481140908646,0.0067242087803608365,-0.029468149683464628,0.08097898828347969,0.0023465604338481468,0.013863359285848562,0.004274256166949609,-0.02720131961176496,0.02668740751013421,-0.0066251452559135116,0.014023764321591574,0.00980237269091303,0.008310196737135442,-0.05537859693070722,0.05287790482126943,0.00276016469327785,0.024184128087837216,-0.01566653747614665,-0.038252562405723924,0.03588606272150979,0.02101418575580942,0.0075520793324052125,-0.0345353828411003,0.0023465604338481468,0.09635427252402103,0.023414411728130184,0.006873043408770202,-0.08388646651800155,0.0082127046828094,-0.005618684142187563,-0.0018452177194968275,0.0010346279478678395,7.157543917561579e-5,-0.017499559077321123,0.014955950127941202,-6.667271903529445e-5,0.0011257195565593033,0.0006733471339330213,-0.015861515200025888,0.007849298109125175,0.010568106869124953,0.0035767414920895428,-0.01147358613213741,0.013863359285848562,0.023414411728130184,0.025759689785513535,0.002714776782638345,-0.024072310651563948,0.008716233333207854,-0.003293900451352803,0.0019564032059764857,0.002320017966142271,0.005537208694653741,0.00034126628179510186,-0.00044899583593932394,-0.0037242183545370434,-0.0005443027395375668,0.002836741373784594,-0.004544396716057693,0.0020450361065799992,0.00805244901778287,0.0019865572527498192,-0.004681501355822754,0.004274256166949609,0.006873043408770202,0.002714776782638345,0.019031710433320366,-0.008056681460753709,-0.004586167179136265,0.012164960764251775,-0.00700632665386196,-0.009260874879958829,-0.01584532879094188,0.060671155252898415,-0.050618531025699326,0.0036541189580250656,-0.021019090469891144,0.00644157708603583,0.04670934814579786,-0.03409533424340958,-0.026053833137982128,-0.012086199949623157,0.04531281839259915,-0.02720131961176496,-0.08388646651800155,-0.024072310651563948,-0.008056681460753709,0.10056526569025276,-0.013634630604112557,0.004480786432137059,-0.005308126010794747,-0.0008383842614426468,0.0008043170991227848,-0.018619366705481036,0.016819725835226566,0.0001982656213342881,0.002307732159035413,-0.00562918133262648,-0.014824599781167458,0.006575209137425016,0.008196181959088372,-0.000793035808471212,-0.00750426700405352,0.02668740751013421,0.0082127046828094,0.008716233333207854,-0.004586167179136265,-0.013634630604112557,0.03208023430766449
0.024904956336881435,0.01259804499514564,-0.0012481665862637498,-0.011356915136887562,0.015561751315789692,-0.011030168081242443,0.007749571986450775,-0.002547924013550638,5.787645879227044e-5,0.02061334656402536,-0.011472345047490364,-0.008585044358680991,-0.0017042354727582795,0.015045807067542263,-0.01598937012280697,-0.02009799352739738,-0.007604499595162492,-0.011219208341623387,0.026186802444594363,-0.009766955571070138,0.01259804499514564,0.02508888112123663,-0.0030458968836427243,-0.014135539988698282,0.013015143768252831,-8.486251938684801e-5,0.003110003437679837,-0.0007582237982663907,-0.0008713390857492236,0.01717728804764638,-0.00546030058345167,-0.013143959709237384,-0.0031895077034140695,0.014999326984792557,-0.021471187590009086,-0.011737549286102262,-0.0009371662866238567,-0.008027051615032074,0.020221946577575655,-0.011624635763476988,-0.0012481665862637498,-0.0030458968836427243,0.02400763179308538,0.004627575921146416,-0.005049404030496054,-0.001938586828105464,0.0028765170402093466,0.002813495135255797,0.0011149257073894293,-0.002804849606241254,0.003480780301504567,0.0046170580776793944,-0.0037171946443098148,-0.0023246352027496,-0.0009070716082330674,0.004420036889148451,-0.0010481237974560062,0.004379869904360749,-0.013552258643108854,-0.005130878548600058,-0.011356915136887562,-0.014135539988698282,0.004627575921146416,0.026031712488537355,-0.006354090273811671,-0.006801083618866156,-0.007104083906752897,0.0025400793463010544,0.006056279400129181,-0.006345569915415933,-0.0033498661678210344,0.00907936479163133,0.0020603945309596635,-0.008638917132114355,0.01653713001656383,0.0007194448227054526,-0.0005490126067943644,0.0024218184379221526,-0.01242964842686381,0.006134125669650839,0.015561751315789692,0.013015143768252831,-0.005049404030496054,-0.006354090273811671,0.06804978566038289,-0.03548752062450944,-0.006767056206790857,-0.017098973382831083,0.010554524470300558,0.040489982390457424,-0.027470401425129007,-0.0251984386841052,-0.0022142339596818413,0.03580865304210403,-0.021027096998104487,-0.06603256483044204,-0.01834387043252305,-0.006511904806620343,0.06526366918285359,-0.017092075836467907,-0.011030168081242443,-8.486251938684801e-5,-0.001938586828105464,-0.006801083618866156,-0.03548752062450944,0.06558870263399408,0.006152746637564039,0.004156418697536132,-0.012583869801812638,-0.04395103408566629,0.04701079506693644,0.008851214958595689,0.012246483017677973,-0.029331929341904643,0.007674749387356765,0.06963919488101533,0.02325478536853725,0.03443934738836385,-0.056175575407026605,0.01114589625624712,0.007749571986450775,0.003110003437679837,0.0028765170402093466,-0.007104083906752897,-0.006767056206790857,0.006152746637564039,0.019349700548953394,0.005486887906345085,-0.008623060557281154,0.004343542540539999,0.005460752635108745,-0.004258939444259085,-0.0020365150289608823,0.00021545791728014361,-0.00944840294536258,0.006625496121025918,0.002663892350857995,-0.0015843231476298913,-0.007730818720691658,-0.003696893612307596,-0.002547924013550638,-0.0007582237982663907,0.002813495135255797,0.0025400793463010544,-0.017098973382831083,0.004156418697536132,0.005486887906345085,0.026700853560023684,-0.00016214212730150792,0.0021413701996971565,-0.002224063363130668,0.004980530249412578,0.002242756115133182,-0.0017479921248275685,-0.00021292969239469382,0.014452417920077714,0.0022774096454128397,-0.013418908208025581,-0.020424969086172404,0.00263446069542415,5.787645879227044e-5,-0.0008713390857492236,0.0011149257073894293,0.006056279400129181,0.010554524470300558,-0.012583869801812638,-0.008623060557281154,-0.00016214212730150792,0.016896171729867987,0.002008832343252119,-0.00819378699649921,0.00022996685329517615,-0.0005931617287491468,0.006298841096539479,0.009993346327469564,-0.01839713332163623,-0.0030083310647236383,0.0026986868725730603,0.009555275439170388,-0.0045567085270333905,0.02061334656402536,0.01717728804764638,-0.002804849606241254,-0.006345569915415933,0.040489982390457424,-0.04395103408566629,0.004343542540539999,0.0021413701996971565,0.002008832343252119,0.06933876146664172,-0.047340648165454496,-0.026665379003756387,-0.010832461322158388,0.03792224305686796,-0.034320854568699904,-0.0636985358190208,-0.01841640895639613,-0.03908723342999337,0.058014015635144495,-0.023992675600734276,-0.011472345047490364,-0.00546030058345167,0.003480780301504567,-0.0033498661678210344,-0.027470401425129007,0.04701079506693644,0.005460752635108745,-0.002224063363130668,-0.00819378699649921,-0.047340648165454496,0.06331390682927951,0.01061579978451806,0.009493086619439425,-0.02799364714567689,0.003745163798023055,0.06301603388909147,0.016626522032674784,0.03472914519272263,-0.04770525561298797,0.011202907542795012,-0.008585044358680991,-0.013143959709237384,0.0046170580776793944,0.00907936479163133,-0.0251984386841052,0.008851214958595689,-0.004258939444259085,0.004980530249412578,0.00022996685329517615,-0.026665379003756387,0.01061579978451806,0.03124102790039462,0.004685151403160929,-0.019961488914525902,0.02528835395781679,0.02379084592482738,0.005587203221422537,0.008011211377507637,-0.02906409910933771,0.01167469891102193,-0.0017042354727582795,-0.0031895077034140695,-0.0037171946443098148,0.0020603945309596635,-0.0022142339596818413,0.012246483017677973,-0.0020365150289608823,0.002242756115133182,-0.0005931617287491468,-0.010832461322158388,0.009493086619439425,0.004685151403160929,0.019810414084513624,-0.006708821726084356,0.005993663188559678,0.014409723376010621,0.0036917612957236556,0.012258307237227515,-0.007558394735368158,0.003760442870233323,0.015045807067542263,0.014999326984792557,-0.0023246352027496,-0.008638917132114355,0.03580865304210403,-0.029331929341904643,0.00021545791728014361,-0.0017479921248275685,0.006298841096539479,0.03792224305686796,-0.02799364714567689,-0.019961488914525902,-0.006708821726084356,0.047463277164646135,-0.019736060865290058,-0.04965690991128048,-0.014977108624429306,-0.026091032593167827,0.04650353160954037,-0.014956525310769317,-0.01598937012280697,-0.021471187590009086,-0.0009070716082330674,0.01653713001656383,-0.021027096998104487,0.007674749387356765,-0.00944840294536258,-0.00021292969239469382,0.009993346327469564,-0.034320854568699904,0.003745163798023055,0.02528835395781679,0.005993663188559678,-0.019736060865290058,0.06130672252814721,0.01605286234052951,0.010129791729290741,0.023982797804910798,-0.03105402652051525,0.018537094471508784,-0.02009799352739738,-0.011737549286102262,0.004420036889148451,0.0007194448227054526,-0.06603256483044204,0.06963919488101533,0.006625496121025918,0.014452417920077714,-0.01839713332163623,-0.0636985358190208,0.06301603388909147,0.02379084592482738,0.014409723376010621,-0.04965690991128048,0.01605286234052951,0.11005237152798271,0.029776894027722295,0.03549872135989851,-0.08587913737344538,0.01764012540267125,-0.007604499595162492,-0.0009371662866238567,-0.0010481237974560062,-0.0005490126067943644,-0.01834387043252305,0.02325478536853725,0.002663892350857995,0.0022774096454128397,-0.0030083310647236383,-0.01841640895639613,0.016626522032674784,0.005587203221422537,0.0036917612957236556,-0.014977108624429306,0.010129791729290741,0.029776894027722295,0.019014083725484972,0.014066351216208847,-0.026760094000094103,0.0071985411731506615,-0.011219208341623387,-0.008027051615032074,0.004379869904360749,0.0024218184379221526,-0.006511904806620343,0.03443934738836385,-0.0015843231476298913,-0.013418908208025581,0.0026986868725730603,-0.03908723342999337,0.03472914519272263,0.008011211377507637,0.012258307237227515,-0.026091032593167827,0.023982797804910798,0.03549872135989851,0.014066351216208847,0.07268637513384264,-0.036011267869025365,0.005062526552944627,0.026186802444594363,0.020221946577575655,-0.013552258643108854,-0.01242964842686381,0.06526366918285359,-0.056175575407026605,-0.007730818720691658,-0.020424969086172404,0.009555275439170388,0.058014015635144495,-0.04770525561298797,-0.02906409910933771,-0.007558394735368158,0.04650353160954037,-0.03105402652051525,-0.08587913737344538,-0.026760094000094103,-0.036011267869025365,0.11323384445983287,-0.01780594931780717,-0.009766955571070138,-0.011624635763476988,-0.005130878548600058,0.006134125669650839,-0.017092075836467907,0.01114589625624712,-0.003696893612307596,0.00263446069542415,-0.0045567085270333905,-0.023992675600734276,0.011202907542795012,0.01167469891102193,0.003760442870233323,-0.014956525310769317,0.018537094471508784,0.01764012540267125,0.0071985411731506615,0.005062526552944627,-0.01780594931780717,0.02775645264707578
