0.08857608795354802,-0.01684528922512697,0.05023909889946973,0.0008473545155435382,0.002380037862139653,0.0034895972998914763,-0.0006164067505270077,-0.018152151977136877,0.0005661493330727482,0.036914635408654334,0.0409466653501556,0.014832198417838248,0.008416804562787206,-0.01108798412526902,-0.06493289170035149,0.0025563720462658483,-0.007313329212012075,-0.005124490388265368,-0.03764185892245399,-0.05660607052619793,-0.01684528922512697,0.02880296005173424,-0.013878757635593864,-0.017297219581850758,-0.005634594899522551,-0.003920723192376411,-0.0015828278581344803,0.003930289603182771,-0.001572942901040563,-0.005950623346824589,-0.016480973407685152,-0.014079648831179816,0.007976966080199935,0.011009377693721158,0.028667703981339998,0.00890302887294997,-0.0036108358848213453,-0.00549879036329069,0.003443762318402107,0.01484987081468235,0.05023909889946973,-0.013878757635593864,0.09349412489292377,0.007285422383304631,0.019507525857552284,0.008935883380011302,-0.003284750958570418,-0.0060824156724504025,-0.016575438139902678,0.032284182818558715,0.03817389420758126,0.022619908568863624,-0.003233309022577396,-0.031229730303365295,-0.07368187652218447,-0.020207169137476368,-0.0048295961422415,0.015761533839081916,-0.021901247157037604,-0.04406764436847421,0.0008473545155435382,-0.017297219581850758,0.007285422383304631,0.037891724644125435,0.007727804908071059,0.0024800242063356113,-0.007737836246045264,0.00306462348691867,0.004263086020458516,-0.008016850765936282,0.002798531158749887,0.01087655342796302,-0.004976479154400271,-0.015380053254475475,-0.015024387556360957,-0.0016557963678847341,0.011417302225537895,0.008212494340136475,-0.013217302035645908,-0.003093718369543681,0.002380037862139653,-0.005634594899522551,0.019507525857552284,0.007727804908071059,0.02325282065802002,0.004059609755646688,-0.0017920724430759499,-0.00222588533514583,-0.0029631171628647828,0.0054438917752945145,0.002427009933976821,-0.0003953510612834556,-0.006666153908637009,-0.010512115405034493,-0.01959249478822555,-0.0026802768489732984,0.00830284943298707,0.010215335201644679,-0.0027271466377654773,-0.004616308526867142,0.0034895972998914763,-0.003920723192376411,0.008935883380011302,0.0024800242063356113,0.004059609755646688,0.02862499867765621,0.007016663257855356,0.004463515220839955,0.007343650077544832,0.0037162566764502624,-0.004959367416981501,-0.010299063766182963,-0.008607309900243148,0.002432891452261652,-0.009119425214167223,-0.015910290909019652,0.009567238166409335,0.005728603820238697,0.0029518488513433803,-0.013754795375566967,-0.0006164067505270077,-0.0015828278581344803,-0.003284750958570418,-0.007737836246045264,-0.0017920724430759499,0.007016663257855356,0.03442722364815911,-0.007258332038253295,0.009165111041295745,0.012032119259673024,-0.004979812825934933,-0.010533201760359451,-0.007734791335109637,0.0015255865976561418,-0.00309000114561763,-0.01891830526088352,0.003889549585478701,1.1811660367171848e-5,0.0034176000095747783,-0.01281187898413889,-0.018152151977136877,0.003930289603182771,-0.0060824156724504025,0.00306462348691867,-0.00222588533514583,0.004463515220839955,-0.007258332038253295,0.03209849535465659,0.000571636147211677,-0.015929308095660497,-0.0023181896256444156,0.005392662043632325,-0.0029603055640133515,-0.0008833672775187394,0.012665667500993669,-0.006775023477864128,0.001806524618609137,-0.000500267415941081,0.008346174200406262,0.00659993703563976,0.0005661493330727482,-0.001572942901040563,-0.016575438139902678,0.004263086020458516,-0.0029631171628647828,0.007343650077544832,0.009165111041295745,0.000571636147211677,0.02797253902368306,-0.0005156812281380996,-0.011757528390877518,-0.004561492830672987,-0.005497870522221464,0.00411082027441808,-0.00010566487300301733,-0.0007109970059373143,0.0041410446986759565,-0.0016303845337212212,-0.0006558809480537023,-0.0068683313029772675,0.036914635408654334,-0.005950623346824589,0.032284182818558715,-0.008016850765936282,0.0054438917752945145,0.0037162566764502624,0.012032119259673024,-0.015929308095660497,-0.0005156812281380996,0.048186159422020265,0.018060754223624256,-0.006492539742663483,-0.0024081061300197113,-0.00033366521408289564,-0.04095455065164813,-0.014599481086391388,0.0005784672118120428,0.002497098632717725,-0.010770064721181263,-0.03753664024880596,0.0409466653501556,-0.016480973407685152,0.03817389420758126,0.002798531158749887,0.002427009933976821,-0.004959367416981501,-0.004979812825934933,-0.0023181896256444156,-0.011757528390877518,0.018060754223624256,0.07172073949250249,0.027126061943856784,-0.004062981424241439,-0.026503727300197094,-0.04798244194069793,-0.003212753503331049,-0.007332104744339906,0.006471482449322132,-0.015107887840798166,-0.03226212437661349,0.014832198417838248,-0.014079648831179816,0.022619908568863624,0.01087655342796302,-0.0003953510612834556,-0.010299063766182963,-0.010533201760359451,0.005392662043632325,-0.004561492830672987,-0.006492539742663483,0.027126061943856784,0.053156339889914694,0.008838254239947985,-0.023453394472918915,-0.030811753877525137,0.003680926147127596,-0.0054496770654499345,0.002885154977960444,-0.02744469151673167,-0.01224417018301646,0.008416804562787206,0.007976966080199935,-0.003233309022577396,-0.004976479154400271,-0.006666153908637009,-0.008607309900243148,-0.007734791335109637,-0.0029603055640133515,-0.005497870522221464,-0.0024081061300197113,-0.004062981424241439,0.008838254239947985,0.033287171159567606,0.0023051495145638414,0.005429486909352662,0.01740190406413645,-0.012691376217872353,-0.008278768344381217,-0.00955347663012939,0.008005415008241562,-0.01108798412526902,0.011009377693721158,-0.031229730303365295,-0.015380053254475475,-0.010512115405034493,0.002432891452261652,0.0015255865976561418,-0.0008833672775187394,0.00411082027441808,-0.00033366521408289564,-0.026503727300197094,-0.023453394472918915,0.0023051495145638414,0.04543900179834823,0.039489554393122364,0.001158265838717533,-0.004880904843452524,-0.012228645836775649,0.023516633884678166,0.014342877511488716,-0.06493289170035149,0.028667703981339998,-0.07368187652218447,-0.015024387556360957,-0.01959249478822555,-0.009119425214167223,-0.00309000114561763,0.012665667500993669,-0.00010566487300301733,-0.04095455065164813,-0.04798244194069793,-0.030811753877525137,0.005429486909352662,0.039489554393122364,0.11189419091046651,0.0163438924929773,-0.003517926246250854,-0.017567615675440434,0.0405775866190209,0.06577945214789294,0.0025563720462658483,0.00890302887294997,-0.020207169137476368,-0.0016557963678847341,-0.0026802768489732984,-0.015910290909019652,-0.01891830526088352,-0.006775023477864128,-0.0007109970059373143,-0.014599481086391388,-0.003212753503331049,0.003680926147127596,0.01740190406413645,0.001158265838717533,0.0163438924929773,0.05449130886869174,-0.003800899773336114,-0.010166269153934426,-0.014626249103145791,0.023787303285421953,-0.007313329212012075,-0.0036108358848213453,-0.0048295961422415,0.011417302225537895,0.00830284943298707,0.009567238166409335,0.003889549585478701,0.001806524618609137,0.0041410446986759565,0.0005784672118120428,-0.007332104744339906,-0.0054496770654499345,-0.012691376217872353,-0.004880904843452524,-0.003517926246250854,-0.003800899773336114,0.027822655212732885,0.007253313400133673,0.0005161428363605956,0.002287050684912601,-0.005124490388265368,-0.00549879036329069,0.015761533839081916,0.008212494340136475,0.010215335201644679,0.005728603820238697,1.1811660367171848e-5,-0.000500267415941081,-0.0016303845337212212,0.002497098632717725,0.006471482449322132,0.002885154977960444,-0.008278768344381217,-0.012228645836775649,-0.017567615675440434,-0.010166269153934426,0.007253313400133673,0.0274033867258146,-0.0015274727538588991,-0.003726820665891311,-0.03764185892245399,0.003443762318402107,-0.021901247157037604,-0.013217302035645908,-0.0027271466377654773,0.0029518488513433803,0.0034176000095747783,0.008346174200406262,-0.0006558809480537023,-0.010770064721181263,-0.015107887840798166,-0.02744469151673167,-0.00955347663012939,0.023516633884678166,0.0405775866190209,-0.014626249103145791,0.0005161428363605956,-0.0015274727538588991,0.06084450859412493,0.02656772257080779,-0.05660607052619793,0.01484987081468235,-0.04406764436847421,-0.003093718369543681,-0.004616308526867142,-0.013754795375566967,-0.01281187898413889,0.00659993703563976,-0.0068683313029772675,-0.03753664024880596,-0.03226212437661349,-0.01224417018301646,0.008005415008241562,0.014342877511488716,0.06577945214789294,0.023787303285421953,0.002287050684912601,-0.003726820665891311,0.02656772257080779,0.07325785985606362
