0.04389806698544581,0.0075919742595359115,-0.015344582947202387,0.02177746278244801,0.024865198039867607,-0.005765801892074863,-0.01625097548944611,-0.02767914491169539,0.025302238359352868,-0.02995130123148059,0.0295997344501744,0.028283269668882973,-0.005146074082951051,-0.05391343635389765,-0.03358568197581451,0.016008044474236788,-0.014445084647119744,-0.012180198138167675,-0.015697966839489784,0.07551876700480178,0.0075919742595359115,0.06896074745265318,-0.002082204395277355,0.028974542925555707,0.0338903145748011,-0.013977490133103239,-0.022232483163274787,-0.011615323603601185,0.007338948201867967,-0.010642751771921605,-0.008319272262801828,0.019750730644984796,0.0038803832516115227,-0.052226608955837764,-0.028347982880011204,0.005012414750788021,-0.008660201483477781,7.207727954125932e-5,0.0003203363575777976,0.022155896429730308,-0.015344582947202387,-0.002082204395277355,0.044958139088231916,-0.012762780580415838,0.006671225880193035,0.011041305350770197,0.005875867275126072,0.025665350699002165,-0.011937164799078808,0.0278876794236892,-0.018981188709390973,-0.015578110888024941,0.025792690171930734,0.028212564461115277,0.03314877276727283,-0.03260574644023169,0.018144389538704186,0.0008141431989926354,0.01361416221724341,-0.04342475223992205,0.02177746278244801,0.028974542925555707,-0.012762780580415838,0.047729841761318864,0.02675703734846771,-0.006418269532389023,-0.018115026046226883,-0.033354186738712356,0.033472580550365595,-0.02248105984052596,0.003977133558187422,0.02636794444197119,-0.006659756182503541,-0.05964869126312006,-0.04017224466277319,0.012408223129067274,-0.007890350445189912,-0.00613960034500615,0.005180738562963462,0.043003976699376945,0.024865198039867607,0.0338903145748011,0.006671225880193035,0.02675703734846771,0.07733097485137029,-0.017141977848092925,-0.04539746140341379,-0.0037312842605873604,0.018431004865471473,-0.02223694736798135,0.014249182731421287,0.03205378016000394,0.02913186690108749,-0.07700770796828749,-0.029034783376032994,-0.020873651023016703,-0.010124713678543987,-0.024927835316265263,-0.0320887341759121,0.06517129567277653,-0.005765801892074863,-0.013977490133103239,0.011041305350770197,-0.006418269532389023,-0.017141977848092925,0.04342132110525677,0.020929222765356616,-0.017554640494513156,0.027633312333782946,0.01587790629656678,-0.017567350319728045,-0.015672439545629163,-0.018247838499222683,0.011727561213576583,0.006555573086237301,0.006318292449959509,0.010458231842922572,0.016864635094083626,0.037797812170678444,-0.04751080172705688,-0.01625097548944611,-0.022232483163274787,0.005875867275126072,-0.018115026046226883,-0.04539746140341379,0.020929222765356616,0.05607835980336247,0.01054913882314822,-0.008396001135270486,0.028747261055324894,-0.01775869060532783,-0.029078700991233553,-0.01170389977285615,0.05844925507985298,0.03895131913551744,-0.0013107434850078438,0.017714974869881536,0.01899210051613929,0.03054110360454959,-0.05659195027703204,-0.02767914491169539,-0.011615323603601185,0.025665350699002165,-0.033354186738712356,-0.0037312842605873604,-0.017554640494513156,0.01054913882314822,0.08483933420252093,-0.060226047906707325,0.028196056946837633,-0.010328969150497297,-0.020743549869493845,0.03937877012401669,0.05854762175913414,0.051940701270244596,-0.04165819671362784,0.014880264342012204,-0.010316768440038811,-0.027660995901111787,-0.04308313626444425,0.025302238359352868,0.007338948201867967,-0.011937164799078808,0.033472580550365595,0.018431004865471473,0.027633312333782946,-0.008396001135270486,-0.060226047906707325,0.10320428988865525,-0.018065485262742105,0.009784123216009953,0.02859085782641538,-0.025955203012082255,-0.05154582323571211,-0.050580814613048225,0.04269057080104444,-0.012450070469052929,0.00032313188345604047,0.017759344800047143,0.03377013698520502,-0.02995130123148059,-0.010642751771921605,0.0278876794236892,-0.02248105984052596,-0.02223694736798135,0.01587790629656678,0.028747261055324894,0.028196056946837633,-0.018065485262742105,0.06694703002212135,-0.03120861106166346,-0.036075521543102264,0.012070503919423534,0.06010893726127854,0.05523136362616081,-0.03684262435188263,0.021444723658348493,0.005987334952900936,0.0262997826192083,-0.07427968626677858,0.0295997344501744,-0.008319272262801828,-0.018981188709390973,0.003977133558187422,0.014249182731421287,-0.017567350319728045,-0.01775869060532783,-0.010328969150497297,0.009784123216009953,-0.03120861106166346,0.05522493042858867,0.02726381500288859,-0.0023557674522671056,-0.043603035967799894,-0.03241684457347488,0.02648162594948987,-0.027511075632757582,-0.016460783319019283,-0.04419981642465665,0.08743601284855268,0.028283269668882973,0.019750730644984796,-0.015578110888024941,0.02636794444197119,0.03205378016000394,-0.015672439545629163,-0.029078700991233553,-0.020743549869493845,0.02859085782641538,-0.036075521543102264,0.02726381500288859,0.05015810762770859,0.0036351308048748225,-0.06128766524388397,-0.04696310103158554,0.02432623004396814,-0.021216859719802333,-0.012961451999561686,-0.02902313694086391,0.07167876681304583,-0.005146074082951051,0.0038803832516115227,0.025792690171930734,-0.006659756182503541,0.02913186690108749,-0.018247838499222683,-0.01170389977285615,0.03937877012401669,-0.025955203012082255,0.012070503919423534,-0.0023557674522671056,0.0036351308048748225,0.07401237181105061,0.0069966350906614,0.028207741243834267,-0.04234625898301349,0.015478703051786313,-0.007013189562889264,-0.02040813718239389,0.005483099582784454,-0.05391343635389765,-0.052226608955837764,0.028212564461115277,-0.05964869126312006,-0.07700770796828749,0.011727561213576583,0.05844925507985298,0.05854762175913414,-0.05154582323571211,0.06010893726127854,-0.043603035967799894,-0.06128766524388397,0.0069966350906614,0.17097122721225133,0.09050308642647598,-0.014810062942716529,0.03511962596560955,0.033397176293132616,0.03735139174239972,-0.14273057901521474,-0.03358568197581451,-0.028347982880011204,0.03314877276727283,-0.04017224466277319,-0.029034783376032994,0.006555573086237301,0.03895131913551744,0.051940701270244596,-0.050580814613048225,0.05523136362616081,-0.03241684457347488,-0.04696310103158554,0.028207741243834267,0.09050308642647598,0.09511563701956927,-0.04762665030215209,0.030187306376876173,0.01034500627325768,0.018262548071082817,-0.08646646929228455,0.016008044474236788,0.005012414750788021,-0.03260574644023169,0.012408223129067274,-0.020873651023016703,0.006318292449959509,-0.0013107434850078438,-0.04165819671362784,0.04269057080104444,-0.03684262435188263,0.02648162594948987,0.02432623004396814,-0.04234625898301349,-0.014810062942716529,-0.04762665030215209,0.10809908689610595,-0.02742847475146312,0.02187776800423323,0.006923037167949293,0.03921776337827023,-0.014445084647119744,-0.008660201483477781,0.018144389538704186,-0.007890350445189912,-0.010124713678543987,0.010458231842922572,0.017714974869881536,0.014880264342012204,-0.012450070469052929,0.021444723658348493,-0.027511075632757582,-0.021216859719802333,0.015478703051786313,0.03511962596560955,0.030187306376876173,-0.02742847475146312,0.03800629338596435,0.008890051168277804,0.028413181787760738,-0.05475512293449946,-0.012180198138167675,7.207727954125932e-5,0.0008141431989926354,-0.00613960034500615,-0.024927835316265263,0.016864635094083626,0.01899210051613929,-0.010316768440038811,0.00032313188345604047,0.005987334952900936,-0.016460783319019283,-0.012961451999561686,-0.007013189562889264,0.033397176293132616,0.01034500627325768,0.02187776800423323,0.008890051168277804,0.043142590127977415,0.035909934151620464,-0.03599192536552253,-0.015697966839489784,0.0003203363575777976,0.01361416221724341,0.005180738562963462,-0.0320887341759121,0.037797812170678444,0.03054110360454959,-0.027660995901111787,0.017759344800047143,0.0262997826192083,-0.04419981642465665,-0.02902313694086391,-0.02040813718239389,0.03735139174239972,0.018262548071082817,0.006923037167949293,0.028413181787760738,0.035909934151620464,0.08693531307176745,-0.08157142915959356,0.07551876700480178,0.022155896429730308,-0.04342475223992205,0.043003976699376945,0.06517129567277653,-0.04751080172705688,-0.05659195027703204,-0.04308313626444425,0.03377013698520502,-0.07427968626677858,0.08743601284855268,0.07167876681304583,0.005483099582784454,-0.14273057901521474,-0.08646646929228455,0.03921776337827023,-0.05475512293449946,-0.03599192536552253,-0.08157142915959356,0.22576200853198483
0.057383289354186705,0.03488711177772522,-0.017548412625942263,0.029120950803329076,0.022625270113485325,0.008310534921229283,-0.016194780403253856,-0.030639333458921905,0.03986697792523579,-0.021099566239167263,0.027356306153502277,0.03587398668352665,-0.012507176442594808,-0.06286161752250574,-0.04470515727056744,0.039015410008165906,-0.0369578594524366,-0.02006275827859672,-0.022999512514806572,0.06308411275280676,0.03488711177772522,0.07477610735442802,-0.007690538946148963,0.03946260338558008,0.03852021333509705,0.01400019934122623,-0.040479818910837864,-0.0011619722612043323,0.03210323697997467,-0.008375908242614073,-0.008232377251256338,0.027761567040469247,0.018199933369540906,-0.08031603986176603,-0.04449959520374241,0.010987108466837637,-0.03821244857793561,-0.0069346669677123884,-0.009025121028291987,0.040947392757839096,-0.017548412625942263,-0.007690538946148963,0.05291916177146285,-0.021654173584209492,0.008018278733498752,-0.011773792798366978,-0.00560994510377663,0.03688283566698061,-0.04621870463025739,0.012851077528710123,-0.025515736135038318,-0.022825835655193784,0.02062316949722351,0.05676936992564583,0.0582602824333375,-0.03841374071533257,0.028970378254912194,0.0032571244071920445,0.012301597866133263,-0.056984931149645104,0.029120950803329076,0.03946260338558008,-0.021654173584209492,0.0963482273969242,0.04746988234201309,0.013641336230830064,-0.035024224559326717,-0.017599121470821724,0.0670264102687829,-0.02377709004013327,0.009413345985331521,0.03534080189825578,-0.004650135346825401,-0.12921077447032017,-0.07395110446070474,-0.020743130323285324,-0.036614192938773785,-0.006802329506702913,-0.005215712069971137,0.07160030345916167,0.022625270113485325,0.03852021333509705,0.008018278733498752,0.04746988234201309,0.10150941909131561,-0.029658445756608684,-0.0690240102912244,0.03120071688384831,0.012112533681741694,-0.0065181958094391755,0.0019291446987487633,0.027232157257156227,0.0392124755722672,-0.07235142380112497,-0.00038049521109345777,-0.0686012203619662,-0.015754999038869982,-0.039362898711854444,-0.05054618905134204,0.03027791966196021,0.008310534921229283,0.01400019934122623,-0.011773792798366978,0.013641336230830064,-0.029658445756608684,0.04593790295360084,0.023622381280533657,-0.030986524811137214,0.032235628579190566,-0.006362697318534391,-0.011643791185738718,0.004427206463330847,-0.019763022275072276,-0.03175112459678356,-0.05074120723742682,0.05089603659236087,-0.01820327164452772,0.03254248085848428,0.03908546059075912,0.023249508492999036,-0.016194780403253856,-0.040479818910837864,-0.00560994510377663,-0.035024224559326717,-0.0690240102912244,0.023622381280533657,0.09619503519705858,-0.030038998065260912,-0.002142598766169736,0.0059407744366598795,-0.005550960562194883,-0.020171626113865693,-0.02610970886810868,0.07359803199927975,0.0031419251101661837,0.05791802977323793,0.026618215125119124,0.04487613875430645,0.0644838754495322,-0.02073165825895685,-0.030639333458921905,-0.0011619722612043323,0.03688283566698061,-0.017599121470821724,0.03120071688384831,-0.030986524811137214,-0.030038998065260912,0.0932586629153954,-0.05898915589524427,0.0261134731211272,-0.026549321741127223,-0.021285046125888222,0.05644830722034608,0.05023911030860943,0.08080579633723015,-0.08048855998406605,0.03573240845389087,-0.005857757030282303,-0.007369423336276531,-0.06518409029367628,0.03986697792523579,0.03210323697997467,-0.04621870463025739,0.0670264102687829,0.012112533681741694,0.032235628579190566,-0.002142598766169736,-0.05898915589524427,0.10767595730255361,-0.028448330100614136,0.03388170235959781,0.04590231693887846,-0.03649594305390576,-0.1167259477740884,-0.10502613564765689,0.04923278926858901,-0.05205315178541745,0.006962737884055546,-0.0022241733165878743,0.10062963730308014,-0.021099566239167263,-0.008375908242614073,0.012851077528710123,-0.02377709004013327,-0.0065181958094391755,-0.006362697318534391,0.0059407744366598795,0.0261134731211272,-0.028448330100614136,0.037761920225264145,-0.016286456586258827,-0.020863390621530406,0.024003218198413504,0.046970038451502945,0.04278960885790965,-0.02501222058542495,0.025089288454922455,0.0019409404514569568,0.0089028691034118,-0.03739211395867143,0.027356306153502277,-0.008232377251256338,-0.025515736135038318,0.009413345985331521,0.0019291446987487633,-0.011643791185738718,-0.005550960562194883,-0.026549321741127223,0.03388170235959781,-0.016286456586258827,0.05986374836922186,0.022062811804812878,-0.028854762150606693,-0.03252968106332445,-0.02528791141853147,0.02991005867939113,-0.020494872970281408,-0.02282726433707779,-0.03997213866788501,0.04808580440389269,0.03587398668352665,0.027761567040469247,-0.022825835655193784,0.03534080189825578,0.027232157257156227,0.004427206463330847,-0.020171626113865693,-0.021285046125888222,0.04590231693887846,-0.020863390621530406,0.022062811804812878,0.05440494592303593,0.0021957131231506322,-0.07228739371805051,-0.05060430602666556,0.024173325334906057,-0.0333083558017407,-0.013930503450212975,-0.021312541819764184,0.060636159787943206,-0.012507176442594808,0.018199933369540906,0.02062316949722351,-0.004650135346825401,0.0392124755722672,-0.019763022275072276,-0.02610970886810868,0.05644830722034608,-0.03649594305390576,0.024003218198413504,-0.028854762150606693,0.0021957131231506322,0.06935772958570555,0.012270685984307953,0.046256118257250615,-0.060449071581852545,0.021425669932899835,-0.011857234913942836,-0.0047206312982601435,-0.03325325301512979,-0.06286161752250574,-0.08031603986176603,0.05676936992564583,-0.12921077447032017,-0.07235142380112497,-0.03175112459678356,0.07359803199927975,0.05023911030860943,-0.1167259477740884,0.046970038451502945,-0.03252968106332445,-0.07228739371805051,0.012270685984307953,0.24437453016501332,0.1452470852138461,-0.004710954731035985,0.07768142664332114,0.03118078005802581,0.04058750735680343,-0.14669800138161349,-0.04470515727056744,-0.04449959520374241,0.0582602824333375,-0.07395110446070474,-0.00038049521109345777,-0.05074120723742682,0.0031419251101661837,0.08080579633723015,-0.10502613564765689,0.04278960885790965,-0.02528791141853147,-0.05060430602666556,0.046256118257250615,0.1452470852138461,0.16095781419648805,-0.07960402213498396,0.07592470155479289,-0.009192443664163703,0.0064949460654048115,-0.11814283092085962,0.039015410008165906,0.010987108466837637,-0.03841374071533257,-0.020743130323285324,-0.0686012203619662,0.05089603659236087,0.05791802977323793,-0.08048855998406605,0.04923278926858901,-0.02501222058542495,0.02991005867939113,0.024173325334906057,-0.060449071581852545,-0.004710954731035985,-0.07960402213498396,0.1908429022824914,-0.05512000872778426,0.03709818035725053,0.02671447994788488,0.06937333151608877,-0.0369578594524366,-0.03821244857793561,0.028970378254912194,-0.036614192938773785,-0.015754999038869982,-0.01820327164452772,0.026618215125119124,0.03573240845389087,-0.05205315178541745,0.025089288454922455,-0.020494872970281408,-0.0333083558017407,0.021425669932899835,0.07768142664332114,0.07592470155479289,-0.05512000872778426,0.07196672698382373,0.007907260442596913,0.030965732796663707,-0.07532700153082886,-0.02006275827859672,-0.0069346669677123884,0.0032571244071920445,-0.006802329506702913,-0.039362898711854444,0.03254248085848428,0.04487613875430645,-0.005857757030282303,0.006962737884055546,0.0019409404514569568,-0.02282726433707779,-0.013930503450212975,-0.011857234913942836,0.03118078005802581,-0.009192443664163703,0.03709818035725053,0.007907260442596913,0.06558341358743924,0.07278258256524071,-0.013741627881302523,-0.022999512514806572,-0.009025121028291987,0.012301597866133263,-0.005215712069971137,-0.05054618905134204,0.03908546059075912,0.0644838754495322,-0.007369423336276531,-0.0022241733165878743,0.0089028691034118,-0.03997213866788501,-0.021312541819764184,-0.0047206312982601435,0.04058750735680343,0.0064949460654048115,0.02671447994788488,0.030965732796663707,0.07278258256524071,0.13110765075242758,-0.036497412573263596,0.06308411275280676,0.040947392757839096,-0.056984931149645104,0.07160030345916167,0.03027791966196021,0.023249508492999036,-0.02073165825895685,-0.06518409029367628,0.10062963730308014,-0.03739211395867143,0.04808580440389269,0.060636159787943206,-0.03325325301512979,-0.14669800138161349,-0.11814283092085962,0.06937333151608877,-0.07532700153082886,-0.013741627881302523,-0.036497412573263596,0.15253639572373073
0.04465282961550544,0.0023707660112303173,-0.03043022553318194,0.01887135059524961,0.0019716380351629346,0.008054639702925977,0.0051687519197346375,-0.026111014898016247,0.03088598530889063,-0.013830700169316971,0.01977012490348197,0.00938723954116483,-0.02045542362309865,-0.032224319561143494,-0.02796423623145134,0.016289300927237786,0.0009350827787368132,-0.0163689913653274,0.004798794419299826,0.0252709534361329,0.0023707660112303173,0.15187725229140733,-0.006111015574898213,0.0682891034763379,0.05006236543433501,0.008133066820361324,-0.058663651866787875,-0.052298263212231716,0.0029981037582995007,0.007764194507371086,0.006215412785471499,0.0025378417725325448,0.05043206743624819,-0.1409909550273041,-0.0734156508070088,0.005316807514057481,-0.007387533484222064,0.008535736614371476,0.02422192924409297,0.03909643979468888,-0.03043022553318194,-0.006111015574898213,0.11926592742766581,-0.023914486443418037,0.037522683809963854,0.0069897810959048,0.016437270558559258,0.06041873750510224,-0.02203341271659239,-0.0020408724426968783,-0.03201248389172435,0.018718410985835654,0.03584059112542223,0.05475378441666498,0.06588556637432513,-0.02559890986171902,0.01026940532067507,0.037599484649567805,0.01249042602732479,-0.06774595621323473,0.01887135059524961,0.0682891034763379,-0.023914486443418037,0.0776106364858637,0.03534166125435031,0.0030190527840770866,-0.04165320489165873,-0.04163171829586507,0.019171728804455238,0.0017547278350854615,0.0006031390587936569,-0.0009284712916936807,0.024750310646289415,-0.10808538454370972,-0.06204110900571273,-0.004755356044323833,-0.006805432603997999,-0.013652766460319191,0.028307146776905608,0.04558937196827708,0.0019716380351629346,0.05006236543433501,0.037522683809963854,0.03534166125435031,0.09072142802995338,-0.005808412427440863,-0.027604048753487417,0.028580422678405406,-0.0016946356165391174,0.0050369768055485,-0.017369551565872592,0.021047092092853527,0.05460965737640579,-0.03247706883858087,0.023705292350462735,-0.036372269737630136,-0.01562666597843283,0.005682947186939026,-0.022064793776754042,-0.008054645431037715,0.008054639702925977,0.008133066820361324,0.0069897810959048,0.0030190527840770866,-0.005808412427440863,0.033250653145528906,0.00429825997422933,-0.021606338879179995,0.00887401774214176,-0.008379913441271054,-0.012573175432143771,0.0018793766017017157,-0.018519367860581667,-0.01820819923168252,-0.022502271660977017,0.026156503699481953,-0.0042857748232914255,0.017658461697758657,0.025235574414863335,-0.0019316814820207844,0.0051687519197346375,-0.058663651866787875,0.016437270558559258,-0.04165320489165873,-0.027604048753487417,0.00429825997422933,0.08883747308091888,0.038943529105223626,0.012241854126006932,-0.005975091214685549,0.0016146715278995364,0.0006419961206773277,-0.030995281531539534,0.09543277716584209,0.05946825080673811,-0.004992719733981629,0.03804021615782421,0.02212998315350522,-0.002534480442892293,-0.05974260474633465,-0.026111014898016247,-0.052298263212231716,0.06041873750510224,-0.04163171829586507,0.028580422678405406,-0.021606338879179995,0.038943529105223626,0.12147279724912566,-0.036221028210613224,0.01015475835652797,-0.018590630206839202,0.0012872123187613292,0.03209769671657615,0.11223667253179825,0.1293180172814014,-0.05627225336747504,0.030604296450126654,0.0165971260878151,-0.052131897983002294,-0.082958876231666,0.03088598530889063,0.0029981037582995007,-0.02203341271659239,0.019171728804455238,-0.0016946356165391174,0.00887401774214176,0.012241854126006932,-0.036221028210613224,0.06235306380127169,-0.022148090060133623,0.016958931075566862,0.00941250596636942,-0.02540768521981327,-0.029913669252297402,-0.03111442148691549,0.013015419493239677,0.0005302664486788664,-0.005876457422039101,0.016277160926544396,0.014464597037146063,-0.013830700169316971,0.007764194507371086,-0.0020408724426968783,0.0017547278350854615,0.0050369768055485,-0.008379913441271054,-0.005975091214685549,0.01015475835652797,-0.022148090060133623,0.03209312997215477,-0.003441871080613455,-0.008104717014188328,0.02232933172861782,0.010508393737469793,0.012098086648546773,-0.015017290703167378,-0.0026948135736503485,-0.00464757826716925,-0.012411361483223242,0.004679784001276641,0.01977012490348197,0.006215412785471499,-0.03201248389172435,0.0006031390587936569,-0.017369551565872592,-0.012573175432143771,0.0016146715278995364,-0.018590630206839202,0.016958931075566862,-0.003441871080613455,0.045772736329702045,0.0002954604897480958,-0.00884094410935459,-0.0168809703165595,-0.020250629048597084,0.019550430152955336,-0.0048113733188358135,-0.017690162203280006,-0.011916425419621832,0.030322539457119692,0.00938723954116483,0.0025378417725325448,0.018718410985835654,-0.0009284712916936807,0.021047092092853527,0.0018793766017017157,0.0006419961206773277,0.0012872123187613292,0.00941250596636942,-0.008104717014188328,0.0002954604897480958,0.03207331749706896,0.007513698113275936,-0.0033868279082558727,0.002974326001200304,-0.005291408961256993,-0.008248414818294376,0.003215125954544875,-0.0041246390938581646,0.0012165300530963359,-0.02045542362309865,0.05043206743624819,0.03584059112542223,0.024750310646289415,0.05460965737640579,-0.018519367860581667,-0.030995281531539534,0.03209769671657615,-0.02540768521981327,0.02232933172861782,-0.00884094410935459,0.007513698113275936,0.08261528479075111,-0.02534325433057416,0.028744615904430566,-0.0474147529050086,0.003958009678184819,-0.0001564391968815526,-0.013633924539333738,-0.00820385670053891,-0.032224319561143494,-0.1409909550273041,0.05475378441666498,-0.10808538454370972,-0.03247706883858087,-0.01820819923168252,0.09543277716584209,0.11223667253179825,-0.029913669252297402,0.010508393737469793,-0.0168809703165595,-0.0033868279082558727,-0.02534325433057416,0.22704182815899246,0.14923561095494656,-0.02606609334990435,0.020938324750792756,0.028342865202447626,-0.05472223495823211,-0.10662051628813382,-0.02796423623145134,-0.0734156508070088,0.06588556637432513,-0.06204110900571273,0.023705292350462735,-0.022502271660977017,0.05946825080673811,0.1293180172814014,-0.03111442148691549,0.012098086648546773,-0.020250629048597084,0.002974326001200304,0.028744615904430566,0.14923561095494656,0.16987280045811232,-0.0629951843447508,0.037373309291127935,0.021935692680243174,-0.058328668736810654,-0.10863304252512358,0.016289300927237786,0.005316807514057481,-0.02559890986171902,-0.004755356044323833,-0.036372269737630136,0.026156503699481953,-0.004992719733981629,-0.05627225336747504,0.013015419493239677,-0.015017290703167378,0.019550430152955336,-0.005291408961256993,-0.0474147529050086,-0.02606609334990435,-0.0629951843447508,0.0926870551136707,-0.034226371259030025,0.00858811226587836,0.02495536822581026,0.038012388964159094,0.0009350827787368132,-0.007387533484222064,0.01026940532067507,-0.006805432603997999,-0.01562666597843283,-0.0042857748232914255,0.03804021615782421,0.030604296450126654,0.0005302664486788664,-0.0026948135736503485,-0.0048113733188358135,-0.008248414818294376,0.003958009678184819,0.020938324750792756,0.037373309291127935,-0.034226371259030025,0.07158159679584795,0.006703532382324122,0.019578723534201793,-0.05090085808844426,-0.0163689913653274,0.008535736614371476,0.037599484649567805,-0.013652766460319191,0.005682947186939026,0.017658461697758657,0.02212998315350522,0.0165971260878151,-0.005876457422039101,-0.00464757826716925,-0.017690162203280006,0.003215125954544875,-0.0001564391968815526,0.028342865202447626,0.021935692680243174,0.00858811226587836,0.006703532382324122,0.04563825864898063,0.016410752694330757,-0.040559775118292646,0.004798794419299826,0.02422192924409297,0.01249042602732479,0.028307146776905608,-0.022064793776754042,0.025235574414863335,-0.002534480442892293,-0.052131897983002294,0.016277160926544396,-0.012411361483223242,-0.011916425419621832,-0.0041246390938581646,-0.013633924539333738,-0.05472223495823211,-0.058328668736810654,0.02495536822581026,0.019578723534201793,0.016410752694330757,0.09617390630594139,-0.0060750197184458255,0.0252709534361329,0.03909643979468888,-0.06774595621323473,0.04558937196827708,-0.008054645431037715,-0.0019316814820207844,-0.05974260474633465,-0.082958876231666,0.014464597037146063,0.004679784001276641,0.030322539457119692,0.0012165300530963359,-0.00820385670053891,-0.10662051628813382,-0.10863304252512358,0.038012388964159094,-0.05090085808844426,-0.040559775118292646,-0.0060750197184458255,0.1336008436284653
