0.1569335066629565,-0.012393748289926829,0.042839297287089594,-0.02294576460856822,-0.018434550518181353,0.00853077891632631,0.020071059673801704,-0.03511342424733409,0.006575074737975259,0.05925577425137851,0.07643189616957005,0.004926390294619695,0.018258307494869327,-0.016714249716278294,-0.08683836695281241,0.006605388460487909,-0.01976289924804213,-0.011814354857139856,-0.0750081255259451,-0.10415362577199408,-0.012393748289926829,0.05127994803992966,-0.006780089143823297,-0.022228307450391227,-0.00989112880053657,-0.009383979622523325,-0.001541579105681114,0.022499436517800044,-0.008781856682415483,0.0027761040804558526,0.01201185251602872,-0.004134508288994837,0.0019606868046563993,0.011568358982433025,0.015831216276740986,-0.010223735113355316,-0.01748542870083941,-0.003932195141905806,-0.020763768505918857,-0.020584528726171003,0.042839297287089594,-0.006780089143823297,0.08281605380461858,0.015605427708828997,0.005323429439392564,-0.007131411347803087,-0.004903618346594307,0.0006936986644692162,-0.007096157140209193,0.01467208055008985,0.05100541634606699,0.03859016281699365,-0.009387265656797351,-0.03702656478522722,-0.06496106099741564,-0.022624299253144072,-0.011092460329128483,0.015076448437740479,-0.027936952472932965,-0.04571729570279188,-0.02294576460856822,-0.022228307450391227,0.015605427708828997,0.06181576329014907,0.004907058842504114,-0.008539518157723521,-0.022671085056316553,0.0136997072074044,0.010451482904214625,-0.025613075558528924,-0.004912794334204331,0.03260914091879955,-0.003774978510498674,-0.01523463783175589,-0.014007571033096569,-0.00248280288561131,0.01755526908429737,0.013201596377570988,0.0026347862363807406,0.017526092889797687,-0.018434550518181353,-0.00989112880053657,0.005323429439392564,0.004907058842504114,0.02749589921333241,0.010302976996481639,-0.00040566699654393857,-0.00153373448986062,-0.005684922264718614,-0.005593535712075135,-0.017418826598226807,-0.016802893645194945,-0.008249392100705027,-0.000623048282529675,0.004304297479036742,0.0024993239543334325,0.01563438130823682,0.006699071745673812,0.02586592978110947,0.021734327510672856,0.00853077891632631,-0.009383979622523325,-0.007131411347803087,-0.008539518157723521,0.010302976996481639,0.046769554857572206,0.015052765044994983,-0.012363687392605545,0.009273652579363714,0.005682684480391758,-0.02728434115494679,-0.029994336192246535,0.004799169276028776,0.006402493334453372,0.0009285157917997408,-0.000502920066324357,0.010085937526962137,-0.00404264294042418,0.004763919367136504,-0.007448278271299696,0.020071059673801704,-0.001541579105681114,-0.004903618346594307,-0.022671085056316553,-0.00040566699654393857,0.015052765044994983,0.040999292397196616,-0.01480290285945066,-0.0007064039104668967,0.025559003119359547,-0.005384230493779166,-0.027259658787750773,-0.00038614909092436306,0.01079505058948502,-0.0046938807489459436,-0.013377182188021319,0.002852876194867489,-0.004734931109180634,-0.0003646083167872056,-0.02413858891742969,-0.03511342424733409,0.022499436517800044,0.0006936986644692162,0.0136997072074044,-0.00153373448986062,-0.012363687392605545,-0.01480290285945066,0.05040279493590933,0.0008740774944834382,-0.01573396568833338,0.009682926687300595,0.021888006028654115,-0.007829975284503281,-0.004025773542973346,0.0032091255057316533,-0.015210281885431356,-0.002823071779431121,0.0047015845495121285,-0.005705754924798169,-0.0068494119826018,0.006575074737975259,-0.008781856682415483,-0.007096157140209193,0.010451482904214625,-0.005684922264718614,0.009273652579363714,-0.0007064039104668967,0.0008740774944834382,0.06399807632805161,-0.005294921146503343,-0.025119730532945212,0.02183015406220606,0.0002114120378638102,0.0019815059817097167,-0.01626407872107529,0.011995572698456358,-0.0027988771541027795,0.0018526068154997495,-0.01241150750752997,-0.014416528764673038,0.05925577425137851,0.0027761040804558526,0.01467208055008985,-0.025613075558528924,-0.005593535712075135,0.005682684480391758,0.025559003119359547,-0.01573396568833338,-0.005294921146503343,0.06784456611167766,0.03393783603667211,-0.018107392964472082,-0.0029138503465687892,0.009749886099740687,-0.04076636819707241,-0.01979308919039752,0.0005072790527205334,7.395846962221863e-5,-0.02877142938990384,-0.06605073131745631,0.07643189616957005,0.01201185251602872,0.05100541634606699,-0.004912794334204331,-0.017418826598226807,-0.02728434115494679,-0.005384230493779166,0.009682926687300595,-0.025119730532945212,0.03393783603667211,0.12569989997860131,0.039724758482884544,-0.004268004229174371,-0.0346238084299622,-0.06845648642892013,-0.018130902575212948,-0.023820026259658896,0.007454149415419919,-0.05153149888596889,-0.0831954429570988,0.004926390294619695,-0.004134508288994837,0.03859016281699365,0.03260914091879955,-0.016802893645194945,-0.029994336192246535,-0.027259658787750773,0.021888006028654115,0.02183015406220606,-0.018107392964472082,0.039724758482884544,0.10214574736810127,-0.000586567121595427,-0.02691168820166826,-0.03886855476638797,-0.012213298265827597,-0.01752966797718466,0.011275545579037077,-0.05241087437938277,-0.02929936436642218,0.018258307494869327,0.0019606868046563993,-0.009387265656797351,-0.003774978510498674,-0.008249392100705027,0.004799169276028776,-0.00038614909092436306,-0.007829975284503281,0.0002114120378638102,-0.0029138503465687892,-0.004268004229174371,-0.000586567121595427,0.036051939205550235,0.0017295953058650598,0.0068921475348572925,0.013963874743416097,-0.015448596181742477,-0.011816446262949361,-0.008832711848953088,0.0032104741757234536,-0.016714249716278294,0.011568358982433025,-0.03702656478522722,-0.01523463783175589,-0.000623048282529675,0.006402493334453372,0.01079505058948502,-0.004025773542973346,0.0019815059817097167,0.009749886099740687,-0.0346238084299622,-0.02691168820166826,0.0017295953058650598,0.05303981808587599,0.030625196971845008,-0.004401605463447663,0.006021499572183553,-0.004596034020446567,0.015362316339088073,0.011451881641758263,-0.08683836695281241,0.015831216276740986,-0.06496106099741564,-0.014007571033096569,0.004304297479036742,0.0009285157917997408,-0.0046938807489459436,0.0032091255057316533,-0.01626407872107529,-0.04076636819707241,-0.06845648642892013,-0.03886855476638797,0.0068921475348572925,0.030625196971845008,0.11160536881110036,0.02014525067602431,0.005479204034117429,-0.01618154432768478,0.05844259434525581,0.09147458427040503,0.006605388460487909,-0.010223735113355316,-0.022624299253144072,-0.00248280288561131,0.0024993239543334325,-0.000502920066324357,-0.013377182188021319,-0.015210281885431356,0.011995572698456358,-0.01979308919039752,-0.018130902575212948,-0.012213298265827597,0.013963874743416097,-0.004401605463447663,0.02014525067602431,0.060962134313257615,0.0023992669204810947,-0.015578059046038583,0.009582067451986045,0.0393498843409664,-0.01976289924804213,-0.01748542870083941,-0.011092460329128483,0.01755526908429737,0.01563438130823682,0.010085937526962137,0.002852876194867489,-0.002823071779431121,-0.0027988771541027795,0.0005072790527205334,-0.023820026259658896,-0.01752966797718466,-0.015448596181742477,0.006021499572183553,0.005479204034117429,0.0023992669204810947,0.043250709430998215,0.006134642282261193,0.02383624612583523,0.024496211918819184,-0.011814354857139856,-0.003932195141905806,0.015076448437740479,0.013201596377570988,0.006699071745673812,-0.00404264294042418,-0.004734931109180634,0.0047015845495121285,0.0018526068154997495,7.395846962221863e-5,0.007454149415419919,0.011275545579037077,-0.011816446262949361,-0.004596034020446567,-0.01618154432768478,-0.015578059046038583,0.006134642282261193,0.02773828590899824,0.003149521389774041,-0.002032469580392932,-0.0750081255259451,-0.020763768505918857,-0.027936952472932965,0.0026347862363807406,0.02586592978110947,0.004763919367136504,-0.0003646083167872056,-0.005705754924798169,-0.01241150750752997,-0.02877142938990384,-0.05153149888596889,-0.05241087437938277,-0.008832711848953088,0.015362316339088073,0.05844259434525581,0.009582067451986045,0.02383624612583523,0.003149521389774041,0.10718695220122834,0.08955634021038532,-0.10415362577199408,-0.020584528726171003,-0.04571729570279188,0.017526092889797687,0.021734327510672856,-0.007448278271299696,-0.02413858891742969,-0.0068494119826018,-0.014416528764673038,-0.06605073131745631,-0.0831954429570988,-0.02929936436642218,0.0032104741757234536,0.011451881641758263,0.09147458427040503,0.0393498843409664,0.024496211918819184,-0.002032469580392932,0.08955634021038532,0.15483915312489505
0.1284696474157116,-0.03398847942069806,0.09499828342114744,-0.0030798639163484697,0.024851511771637337,0.007879910573404297,0.006870947151269327,-0.05447728465475238,-0.007965964335022271,0.09153670578580542,0.06866377351905187,0.008528243138419832,0.001435037552443562,-0.016618193197833017,-0.12465950861275835,0.008330167692310124,-0.0014665474562559682,0.012787034444943727,-0.048048373026889996,-0.08532378162882423,-0.03398847942069806,0.03989527127244352,-0.03730336133312011,-0.035549748405650936,-0.02697948424006205,-0.012719160801808104,-0.0031292528103006303,0.009635800468988605,0.0010986501218552044,-0.02420954350748043,-0.03381774609196993,-0.009041573274335999,0.019434539008992405,0.030820026607863107,0.04990609826560656,0.023351641332471605,-0.011341655393131516,-0.018965715141919436,0.022386124398228707,0.036751597497656704,0.09499828342114744,-0.03730336133312011,0.1656779670181084,0.01561247164355908,0.0582511239513195,0.030599766489096188,0.027443006458603487,-0.046647068612251666,-0.029936425871777715,0.09779746817304634,0.06901143104313673,0.015611132209020561,-0.024628828966053378,-0.050146904450314014,-0.14661186967224,-0.053865573548170564,0.0037349876011178004,0.046761001175148864,-0.05355187156248781,-0.08703192838093404,-0.0030798639163484697,-0.035549748405650936,0.01561247164355908,0.08815976900304147,0.03998523390131968,0.01245592648886468,-0.011833074810249486,0.0043153484039857165,0.009714633831067854,-0.012290451026702568,0.01880302033037233,-0.0015488304169149311,-0.029190545345467646,-0.05270883579572814,-0.029235233005114734,-0.018594155203716066,0.034089755136809605,0.03946925445404529,-0.032752981450969124,-0.013516252099293665,0.024851511771637337,-0.02697948424006205,0.0582511239513195,0.03998523390131968,0.05883567282586885,0.01640122860785484,0.009594308714681515,-0.028728440948431973,-0.004662368432048916,0.0275764989875437,0.02484154079934152,-0.003047962675776757,-0.022223154614512818,-0.04225438064711447,-0.0684379045505794,-0.021897282547825372,0.02558361649167403,0.04384110248073486,-0.028323365272275025,-0.030086963153245213,0.007879910573404297,-0.012719160801808104,0.030599766489096188,0.01245592648886468,0.01640122860785484,0.03724730534440794,0.01842767371020934,-0.0019529048284947306,0.0065446638740875585,0.013294128060528525,0.0017544785124709176,-0.012022727970887246,-0.02625427719058286,-0.004087476338285842,-0.0194996573021921,-0.032819918688210326,0.015223020120243184,0.018204338041469738,6.712134426894566e-5,-0.01987497028814441,0.006870947151269327,-0.0031292528103006303,0.027443006458603487,-0.011833074810249486,0.009594308714681515,0.01842767371020934,0.05858050800566445,-0.012984360966303145,0.004764668695806083,0.032483033914061744,0.008189698008569305,-0.005078439064618958,-0.0071260209036992424,-0.009990800936998032,-0.026985601605196904,-0.039922294038745164,0.0094600961731557,0.012108761605276727,-0.004238475763251325,-0.017988560284123226,-0.05447728465475238,0.009635800468988605,-0.046647068612251666,0.0043153484039857165,-0.028728440948431973,-0.0019529048284947306,-0.012984360966303145,0.07698326057499603,0.006790436835708044,-0.05900440202268836,-0.02342102987307685,0.012004670834685302,-0.004051733760358578,0.016204939243005086,0.06321609646020598,-0.01919946976462969,-0.0071383231000015255,-0.019119639504728746,0.026558710474066598,0.03051781940172967,-0.007965964335022271,0.0010986501218552044,-0.029936425871777715,0.009714633831067854,-0.004662368432048916,0.0065446638740875585,0.004764668695806083,0.006790436835708044,0.03519388462307841,-0.011670947265679067,-0.017941535578282035,-0.00731904417624287,-0.006769774707971224,0.004381949055173002,0.009458283579134917,0.00910947574512325,0.01775002269840854,-0.0012419030032106335,0.012241867095900841,0.004216241826028979,0.09153670578580542,-0.02420954350748043,0.09779746817304634,-0.012290451026702568,0.0275764989875437,0.013294128060528525,0.032483033914061744,-0.05900440202268836,-0.011670947265679067,0.12358334791693648,0.06296076459488584,0.0029482666805486246,-0.003850443551913653,-0.01864326400630905,-0.10807153990618848,-0.01901845993672769,-0.0022932264327963563,0.021843283724151875,-0.04845292108367484,-0.0772282769429732,0.06866377351905187,-0.03381774609196993,0.06901143104313673,0.01880302033037233,0.02484154079934152,0.0017544785124709176,0.008189698008569305,-0.02342102987307685,-0.017941535578282035,0.06296076459488584,0.0972533603725351,0.03132561002124977,-0.002312575135902175,-0.04314460201207821,-0.09627046750475704,-0.017643365273642256,-0.003601967229450613,0.027030995071182815,-0.05170927506426683,-0.06428859668109213,0.008528243138419832,-0.009041573274335999,0.015611132209020561,-0.0015488304169149311,-0.003047962675776757,-0.012022727970887246,-0.005078439064618958,0.012004670834685302,-0.00731904417624287,0.0029482666805486246,0.03132561002124977,0.05819991825586225,0.02013345088697918,-0.01666138878595138,-0.02811346014578853,-0.007027638252945308,-0.006728910075359604,-0.0050008422312288504,-0.017544936867798865,-0.011460584943361404,0.001435037552443562,0.019434539008992405,-0.024628828966053378,-0.029190545345467646,-0.022223154614512818,-0.02625427719058286,-0.0071260209036992424,-0.004051733760358578,-0.006769774707971224,-0.003850443551913653,-0.002312575135902175,0.02013345088697918,0.05735367327567693,0.013920751211339458,0.011991219106982925,0.033918003445340315,-0.025415463246395698,-0.02295672926298241,0.0012514529213377198,0.018964345976074302,-0.016618193197833017,0.030820026607863107,-0.050146904450314014,-0.05270883579572814,-0.04225438064711447,-0.004087476338285842,-0.009990800936998032,0.016204939243005086,0.004381949055173002,-0.01864326400630905,-0.04314460201207821,-0.01666138878595138,0.013920751211339458,0.07808533264922919,0.06825027763623687,0.026837423515764923,-0.022828753092159034,-0.03868713478462184,0.043942898102013676,0.031453853043084304,-0.12465950861275835,0.04990609826560656,-0.14661186967224,-0.029235233005114734,-0.0684379045505794,-0.0194996573021921,-0.026985601605196904,0.06321609646020598,0.009458283579134917,-0.10807153990618848,-0.09627046750475704,-0.02811346014578853,0.011991219106982925,0.06825027763623687,0.21606515849187752,0.024876724403481414,-0.021841649477792983,-0.06491615924257421,0.07553773934758215,0.11483338660483211,0.008330167692310124,0.023351641332471605,-0.053865573548170564,-0.018594155203716066,-0.021897282547825372,-0.032819918688210326,-0.039922294038745164,-0.01919946976462969,0.00910947574512325,-0.01901845993672769,-0.017643365273642256,-0.007027638252945308,0.033918003445340315,0.026837423515764923,0.024876724403481414,0.1068373629645794,-0.0038731808060477038,-0.022249645780688155,0.005795821445524525,0.026776541755951594,-0.0014665474562559682,-0.011341655393131516,0.0037349876011178004,0.034089755136809605,0.02558361649167403,0.015223020120243184,0.0094600961731557,-0.0071383231000015255,0.01775002269840854,-0.0022932264327963563,-0.003601967229450613,-0.006728910075359604,-0.025415463246395698,-0.022828753092159034,-0.021841649477792983,-0.0038731808060477038,0.049275758986952675,0.02364457879667297,-0.0015604160377500065,-0.0037049716808196615,0.012787034444943727,-0.018965715141919436,0.046761001175148864,0.03946925445404529,0.04384110248073486,0.018204338041469738,0.012108761605276727,-0.019119639504728746,-0.0012419030032106335,0.021843283724151875,0.027030995071182815,-0.0050008422312288504,-0.02295672926298241,-0.03868713478462184,-0.06491615924257421,-0.022249645780688155,0.02364457879667297,0.060471350014937426,-0.031097510796538243,-0.029756960679467148,-0.048048373026889996,0.022386124398228707,-0.05355187156248781,-0.032752981450969124,-0.028323365272275025,6.712134426894566e-5,-0.004238475763251325,0.026558710474066598,0.012241867095900841,-0.04845292108367484,-0.05170927506426683,-0.017544936867798865,0.0012514529213377198,0.043942898102013676,0.07553773934758215,0.005795821445524525,-0.0015604160377500065,-0.031097510796538243,0.07467183631468083,0.04323601446944108,-0.08532378162882423,0.036751597497656704,-0.08703192838093404,-0.013516252099293665,-0.030086963153245213,-0.01987497028814441,-0.017988560284123226,0.03051781940172967,0.004216241826028979,-0.0772282769429732,-0.06428859668109213,-0.011460584943361404,0.018964345976074302,0.031453853043084304,0.11483338660483211,0.026776541755951594,-0.0037049716808196615,-0.029756960679467148,0.04323601446944108,0.09665214660349548
0.2513711139413887,0.05509687194768464,0.15401480263339468,-0.043385011509648894,0.003998918541145457,0.001627404434853126,-0.06671084289659526,-0.04003656281721118,-0.06746020336601974,0.07130693590274223,0.08730890912318484,0.07363704310113396,0.12262708553117202,-0.0425601983702681,-0.16186429242545902,0.036461397164327815,-0.013263351073690963,-0.022062210018566016,-0.17699144754689008,-0.14266650729073038,0.05509687194768464,0.07866516657924777,0.02050699425557938,-0.06127088581724817,-0.00833679908495794,-0.00702511916398957,-0.0026684110445453877,-0.03078095373868399,-0.024884397918089815,0.0318630237563409,0.017187009477324357,-0.005554521622159313,0.06818248506316649,0.01878949921598655,-0.014874712569638616,0.04281096122323427,-0.011021664880549993,-0.027404593569533498,-0.056995202456145755,-0.02087338246607292,0.15401480263339468,0.02050699425557938,0.17164185744311156,-0.0017985492450862516,0.021185068637782765,0.010245347526952952,-0.056008151211032524,-0.02169283055026852,-0.07002435247436076,0.0606704021982524,0.0784961345936005,0.08779809728214927,0.08557913661027294,-0.06562303823403337,-0.15737632960616663,-0.009580369417968101,-0.0011524779021919208,0.015613628770320326,-0.13237945290713488,-0.10796084426740421,-0.043385011509648894,-0.06127088581724817,-0.0017985492450862516,0.08119032481134558,0.014700801550313732,0.008254742276185585,-0.010727741928467663,0.03830883377948447,0.02173768590927664,-0.04199549833595731,-0.00891300599194156,0.010275667995577826,-0.06589989793945358,-0.035303831368126135,0.01627237577211213,-0.03286249913074049,0.021061239317236465,0.022861187680989194,0.027821022467204505,0.012051092534451253,0.003998918541145457,-0.00833679908495794,0.021185068637782765,0.014700801550313732,0.02846107253584125,0.0105241894858386,-0.00014691256473024338,-0.0007105700152947242,0.007214222580263347,0.0016306069658978159,-0.0033384717624302387,-0.00040290203613381785,-0.014167017446709687,-0.017138762841604368,-0.02238655114239383,-0.016763181639022566,0.007719282087115669,0.0058012980104292415,-0.0054506667339683365,-0.01702308414835539,0.001627404434853126,-0.00702511916398957,0.010245347526952952,0.008254742276185585,0.0105241894858386,0.049924795054101814,0.0020445390941283698,0.0011683221048177888,0.01559821223650681,-0.0015970415245007276,-0.0348430092165895,-0.013067061196645137,0.0033945780395838497,0.006198730657651329,-0.014563586338227415,-0.031832714615515526,0.008646358700936512,0.016506164700955603,4.670234637650422e-5,-0.027967099643985974,-0.06671084289659526,-0.0026684110445453877,-0.056008151211032524,-0.010727741928467663,-0.00014691256473024338,0.0020445390941283698,0.07233844976321901,-0.010616510625518421,0.041150773418605985,0.0032632934789171963,-0.04946451277178615,-0.056829538468790505,-0.04315685802294381,0.03330043274554101,0.04484525205043378,-0.03379700381155917,-0.0007064578445478965,-0.014530694280228434,0.06536184338490056,0.02591439558098091,-0.04003656281721118,-0.03078095373868399,-0.02169283055026852,0.03830883377948447,-0.0007105700152947242,0.0011683221048177888,-0.010616510625518421,0.05058497672383595,0.008469436893986815,-0.04082707382324957,-0.009064700912540743,0.0008543636557827058,-0.04698281718281784,-0.01466268187249405,0.040950334661803964,-0.013688018225839786,0.010890521623770012,0.007033535376263618,0.028752071672297652,0.025542496806147213,-0.06746020336601974,-0.024884397918089815,-0.07002435247436076,0.02173768590927664,0.007214222580263347,0.01559821223650681,0.041150773418605985,0.008469436893986815,0.07311993430609387,-0.029845226973811954,-0.057739918461206935,-0.053957764637977315,-0.06921636931008393,0.03094561963378352,0.05990558981243621,-0.02294479991176876,-0.0006332344910364178,-0.012347425692777263,0.0704451387468818,0.026327390989489337,0.07130693590274223,0.0318630237563409,0.0606704021982524,-0.04199549833595731,0.0016306069658978159,-0.0015970415245007276,0.0032632934789171963,-0.04082707382324957,-0.029845226973811954,0.07771293430802945,0.02672732941822321,0.005946539695796135,0.0527983177370573,0.007876613189285907,-0.07963000055543545,-0.014871643056617128,-0.0025556523948493184,-0.0044885649819130236,-0.04313894018547455,-0.049271562448709685,0.08730890912318484,0.017187009477324357,0.0784961345936005,-0.00891300599194156,-0.0033384717624302387,-0.0348430092165895,-0.04946451277178615,-0.009064700912540743,-0.057739918461206935,0.02672732941822321,0.14851938214649135,0.08750318567948326,0.05028045056630367,-0.04881247523052447,-0.08598044567871568,0.047414838418179034,-0.013813165756522292,-0.0005768661768564111,-0.09302941046235808,-0.04033101110634516,0.07363704310113396,-0.005554521622159313,0.08779809728214927,0.010275667995577826,-0.00040290203613381785,-0.013067061196645137,-0.056829538468790505,0.0008543636557827058,-0.053957764637977315,0.005946539695796135,0.08750318567948326,0.11914782395633548,0.07094260714471418,-0.06443409519042564,-0.09507973242016374,0.032013839301146305,-0.0021867896648255286,0.026068307252735564,-0.09766612108166606,-0.04588605560031969,0.12262708553117202,0.06818248506316649,0.08557913661027294,-0.06589989793945358,-0.014167017446709687,0.0033945780395838497,-0.04315685802294381,-0.04698281718281784,-0.06921636931008393,0.0527983177370573,0.05028045056630367,0.07094260714471418,0.17035354918687107,-0.01859030363439631,-0.10365050479405584,0.05560250378574831,-0.02351773361524473,0.01333551281288162,-0.123003874399966,-0.06728546856515068,-0.0425601983702681,0.01878949921598655,-0.06562303823403337,-0.035303831368126135,-0.017138762841604368,0.006198730657651329,0.03330043274554101,-0.01466268187249405,0.03094561963378352,0.007876613189285907,-0.04881247523052447,-0.06443409519042564,-0.01859030363439631,0.08707792930749456,0.07081461525254981,-0.0029114710172570227,-0.013141264898023877,-0.02859188105396742,0.06303608349204406,0.042942297794301615,-0.16186429242545902,-0.014874712569638616,-0.15737632960616663,0.01627237577211213,-0.02238655114239383,-0.014563586338227415,0.04484525205043378,0.040950334661803964,0.05990558981243621,-0.07963000055543545,-0.08598044567871568,-0.09507973242016374,-0.10365050479405584,0.07081461525254981,0.2109353955227668,0.011046418152595614,0.002179472599545365,-0.022579681691979835,0.14265151727489864,0.13230312691184765,0.036461397164327815,0.04281096122323427,-0.009580369417968101,-0.03286249913074049,-0.016763181639022566,-0.031832714615515526,-0.03379700381155917,-0.013688018225839786,-0.02294479991176876,-0.014871643056617128,0.047414838418179034,0.032013839301146305,0.05560250378574831,-0.0029114710172570227,0.011046418152595614,0.11021352773502748,-0.018394962296069392,-0.013440583194419594,-0.05999525645601805,0.01522011013484616,-0.013263351073690963,-0.011021664880549993,-0.0011524779021919208,0.021061239317236465,0.007719282087115669,0.008646358700936512,-0.0007064578445478965,0.010890521623770012,-0.0006332344910364178,-0.0025556523948493184,-0.013813165756522292,-0.0021867896648255286,-0.02351773361524473,-0.013141264898023877,0.002179472599545365,-0.018394962296069392,0.03745080627882155,0.010852595389141528,0.009053774195872052,0.0035407082859106737,-0.022062210018566016,-0.027404593569533498,0.015613628770320326,0.022861187680989194,0.0058012980104292415,0.016506164700955603,-0.014530694280228434,0.007033535376263618,-0.012347425692777263,-0.0044885649819130236,-0.0005768661768564111,0.026068307252735564,0.01333551281288162,-0.02859188105396742,-0.022579681691979835,-0.013440583194419594,0.010852595389141528,0.06874311019791703,-0.0029719849614207204,-0.004219411307743181,-0.17699144754689008,-0.056995202456145755,-0.13237945290713488,0.027821022467204505,-0.0054506667339683365,4.670234637650422e-5,0.06536184338490056,0.028752071672297652,0.0704451387468818,-0.04313894018547455,-0.09302941046235808,-0.09766612108166606,-0.123003874399966,0.06303608349204406,0.14265151727489864,-0.05999525645601805,0.009053774195872052,-0.0029719849614207204,0.19005846533263915,0.10922253895148192,-0.14266650729073038,-0.02087338246607292,-0.10796084426740421,0.012051092534451253,-0.01702308414835539,-0.027967099643985974,0.02591439558098091,0.025542496806147213,0.026327390989489337,-0.049271562448709685,-0.04033101110634516,-0.04588605560031969,-0.06728546856515068,0.042942297794301615,0.13230312691184765,0.01522011013484616,0.0035407082859106737,-0.004219411307743181,0.10922253895148192,0.1253058391620173
