0.059416551189590855,-0.008315597129756776,0.003420911853096897,-0.010930888984654347,-0.0018959091580105125,-0.00048415539489726636,-0.003530731572570398,0.0023337697848231044,-0.017795607350008315,0.0027049065408049295,0.003077748382202027,-0.004666573933233434,0.005160241173299943,0.018038718939977785,0.02892842358338827,0.0045446413046258995,0.0014516258127147087,-0.027939737431042735,-0.01635445727210672,-0.013687066719427017,-0.008315597129756776,0.030303380572527197,-0.006378306442720505,0.0050159792219724945,-0.006640568210846793,-0.010535786153280864,-0.0015638484459954602,0.011483214048275944,0.00476898290792099,-0.004862870149920047,0.006831691343176665,-0.000630609681133581,0.003778304631446888,-0.002093704335410107,-0.021013327893032036,-0.004342577016444318,0.0014744583460324441,0.006212237155440139,0.007811997815240324,0.004043184100886738,0.003420911853096897,-0.006378306442720505,0.020293019527967145,0.002759104712176284,0.0028177030322465066,0.00884308445051701,-0.004345384181283898,-0.003327245573836755,-0.001131275718019493,8.119944320668138e-5,-0.005372877827158911,0.0060299523693361735,-0.0057295955894842085,-0.002091877690130836,0.006716459414055563,-0.0018106043681570439,0.005726381974273236,-0.0016083873287703935,-0.0008909621408711799,-0.0014012804999619934,-0.010930888984654347,0.0050159792219724945,0.002759104712176284,0.021402269857073514,-0.0036859868812553166,-0.0009143661697276733,-0.0016431591993914599,0.008455478563091617,0.005806400101045701,0.001390775918685311,0.0017179065279501581,0.004134530820537303,-0.004929114890081923,-0.006952699192601079,-0.012190428623031477,-0.0032620810360660503,0.0011639090084211697,-0.0023688455152608007,0.007123601893732529,0.008619246649781987,-0.0018959091580105125,-0.006640568210846793,0.0028177030322465066,-0.0036859868812553166,0.015672987029083013,0.0011891718033139398,0.0018275104827540451,-0.011487008637393353,0.0014208507035380765,0.00019288011020535969,-0.0033394100917495603,0.0049233096387010095,-0.0013382320262181459,0.0011551719232459567,0.0020254983715329022,0.004645701905702624,-0.0009662736654841108,0.005485571176566484,-0.00033378267965029456,0.0010602340715026473,-0.00048415539489726636,-0.010535786153280864,0.00884308445051701,-0.0009143661697276733,0.0011891718033139398,0.03184261593534604,0.00674162511144466,-0.004724412429265768,0.0022942497639372467,-0.003493556146412742,-0.009994930809861174,-0.002718869482689662,0.003224093751545498,-0.005042322188005103,0.016863632036855928,-0.0015815638234990294,0.003318137218830195,-0.00014015007318882373,-0.009987535437105037,-0.0005780054479419767,-0.003530731572570398,-0.0015638484459954602,-0.004345384181283898,-0.0016431591993914599,0.0018275104827540451,0.00674162511144466,0.02259934068461161,-0.0043358026478056595,0.007429868372914313,0.001775683508455596,-0.002390510093906139,-0.004138238548559386,0.012064720302020656,-0.007762204872367476,0.0034921262061911405,0.004161505951526848,-0.004050185979154258,0.0010665030924560937,7.88728157923593e-5,-0.0022669087477546947,0.0023337697848231044,0.011483214048275944,-0.003327245573836755,0.008455478563091617,-0.011487008637393353,-0.004724412429265768,-0.0043358026478056595,0.034345129003734126,-0.004048703715565094,-0.0036566360290214203,0.007492199408180175,-0.002228476362136529,7.603626642401066e-5,3.1209359691325585e-5,-0.006119346024856081,-0.0032170435991441433,0.0005668321250689894,-0.007371626626012593,-4.238133888110063e-5,0.01034820118477699,-0.017795607350008315,0.00476898290792099,-0.001131275718019493,0.005806400101045701,0.0014208507035380765,0.0022942497639372467,0.007429868372914313,-0.004048703715565094,0.028724951506822662,0.0033161545469646957,-0.003339815806784643,0.000750406355477686,0.009439642299996848,-0.010382617793983856,-0.010529820879269545,-0.0017677254723523555,0.0016767438046472035,0.0026917089358481157,0.009747830773706256,0.003740914011937723,0.0027049065408049295,-0.004862870149920047,8.119944320668138e-5,0.001390775918685311,0.00019288011020535969,-0.003493556146412742,0.001775683508455596,-0.0036566360290214203,0.0033161545469646957,0.02074088178620557,-0.0016091676937823353,-0.00026911361970338797,-0.0017142110060970714,-0.003676330544499844,0.004280450372833092,-0.0005177724582870712,-0.0037909174356951436,-0.00946210059652821,-0.0006573143745074323,-0.0016839176356205233,0.003077748382202027,0.006831691343176665,-0.005372877827158911,0.0017179065279501581,-0.0033394100917495603,-0.009994930809861174,-0.002390510093906139,0.007492199408180175,-0.003339815806784643,-0.0016091676937823353,0.017482030675440935,-0.0017412181575981128,-0.0020250591577048007,0.004996903596762804,-0.0074269043909787474,0.0027416399396355505,-0.002935190862020891,0.0013554704909608025,0.0003472320414479496,0.0018507592652411125,-0.004666573933233434,-0.000630609681133581,0.0060299523693361735,0.004134530820537303,0.0049233096387010095,-0.002718869482689662,-0.004138238548559386,-0.002228476362136529,0.000750406355477686,-0.00026911361970338797,-0.0017412181575981128,0.017908416756575344,-0.006311109538101958,-0.001279053267047579,-0.005500864880921691,-0.0007672189824590729,3.08151310737777e-6,0.003467920493330692,0.004144355234578318,0.002645550472890974,0.005160241173299943,0.003778304631446888,-0.0057295955894842085,-0.004929114890081923,-0.0013382320262181459,0.003224093751545498,0.012064720302020656,7.603626642401066e-5,0.009439642299996848,-0.0017142110060970714,-0.0020250591577048007,-0.006311109538101958,0.030294213235577915,0.0031262042340405964,0.0006216220064279559,0.0005946986470448276,-0.0031394000261527936,-0.0045961133346802355,-0.003685304763625312,-0.003732695576650193,0.018038718939977785,-0.002093704335410107,-0.002091877690130836,-0.006952699192601079,0.0011551719232459567,-0.005042322188005103,-0.007762204872367476,3.1209359691325585e-5,-0.010382617793983856,-0.003676330544499844,0.004996903596762804,-0.001279053267047579,0.0031262042340405964,0.0283245004156934,0.009406920438843726,0.0024720261618606035,0.003312087429323803,-0.003549160092981762,-0.003587391195768469,-0.00849681526120332,0.02892842358338827,-0.021013327893032036,0.006716459414055563,-0.012190428623031477,0.0020254983715329022,0.016863632036855928,0.0034921262061911405,-0.006119346024856081,-0.010529820879269545,0.004280450372833092,-0.0074269043909787474,-0.005500864880921691,0.0006216220064279559,0.009406920438843726,0.05121774510430971,0.0020787111717839703,0.0040804131001842036,-0.01592220295636164,-0.019189179974975892,-0.013636162804322227,0.0045446413046258995,-0.004342577016444318,-0.0018106043681570439,-0.0032620810360660503,0.004645701905702624,-0.0015815638234990294,0.004161505951526848,-0.0032170435991441433,-0.0017677254723523555,-0.0005177724582870712,0.0027416399396355505,-0.0007672189824590729,0.0005946986470448276,0.0024720261618606035,0.0020787111717839703,0.017874770414149116,-0.0049760074463826905,0.002890027516943316,-0.004034327771580904,0.0007667439541048039,0.0014516258127147087,0.0014744583460324441,0.005726381974273236,0.0011639090084211697,-0.0009662736654841108,0.003318137218830195,-0.004050185979154258,0.0005668321250689894,0.0016767438046472035,-0.0037909174356951436,-0.002935190862020891,3.08151310737777e-6,-0.0031394000261527936,0.003312087429323803,0.0040804131001842036,-0.0049760074463826905,0.02010319040904592,-0.0025475477756605244,0.00199277942202515,0.0007326159128049407,-0.027939737431042735,0.006212237155440139,-0.0016083873287703935,-0.0023688455152608007,0.005485571176566484,-0.00014015007318882373,0.0010665030924560937,-0.007371626626012593,0.0026917089358481157,-0.00946210059652821,0.0013554704909608025,0.003467920493330692,-0.0045961133346802355,-0.003549160092981762,-0.01592220295636164,0.002890027516943316,-0.0025475477756605244,0.04099271984437462,0.004715316613541784,0.008477091885062012,-0.01635445727210672,0.007811997815240324,-0.0008909621408711799,0.007123601893732529,-0.00033378267965029456,-0.009987535437105037,7.88728157923593e-5,-4.238133888110063e-5,0.009747830773706256,-0.0006573143745074323,0.0003472320414479496,0.004144355234578318,-0.003685304763625312,-0.003587391195768469,-0.019189179974975892,-0.004034327771580904,0.00199277942202515,0.004715316613541784,0.018452452816696715,0.008247690730852726,-0.013687066719427017,0.004043184100886738,-0.0014012804999619934,0.008619246649781987,0.0010602340715026473,-0.0005780054479419767,-0.0022669087477546947,0.01034820118477699,0.003740914011937723,-0.0016839176356205233,0.0018507592652411125,0.002645550472890974,-0.003732695576650193,-0.00849681526120332,-0.013636162804322227,0.0007667439541048039,0.0007326159128049407,0.008477091885062012,0.008247690730852726,0.021370357075358417
