0.07421640934594867,0.021776593419946873,-0.004384516771124682,0.045689621714056904,-0.03794256030457361,-0.046314532429589605,0.006601864997038666,-0.04800831082938323,-0.002031830072051347,0.010671687109504257,0.00998537071374996,-0.007067994493866277,-0.024080174689392057,-0.009755495217355751,0.016239855307054567,-0.028205619482922696,0.01992092342563488,0.04602279351799039,-0.016882486225955576,-0.009504954634970052,0.021776593419946873,0.035161188604797784,-0.009800542573090675,0.021975676534420743,-0.01022558619058218,-0.021608908495299346,0.00012879684025241239,-0.010572096519762767,0.007521159314297865,-0.00461106556150781,0.0007779344686298687,-0.0015933477768794412,-0.012962497810039997,-0.00032690851208293855,0.0041429378647535944,-0.004013962745848491,0.004191900448400988,0.01394990006505158,-0.005344267368715661,-0.012365273742611942,-0.004384516771124682,-0.009800542573090675,0.0363954551856639,-0.013537741646305869,0.0016636824128774398,0.010543449415400329,-0.012098986733011376,0.0030291345540568557,-0.009624953816734897,0.008312698396098696,-0.005561761127776495,0.004305095721946492,0.005903338215422639,-0.0007023527628725586,0.0019794383985190893,0.002262985955984637,-0.013458179513093608,0.00035188780663129306,0.004602130026658834,-0.0003711453246913548,0.045689621714056904,0.021975676534420743,-0.013537741646305869,0.053504676215439834,-0.020307048970843025,-0.03642512567754651,0.0004635524958579176,-0.03231514006416199,0.0003989007421922175,8.843133058503537e-5,0.012403891560226987,-0.0045755332659885755,-0.025741746195674698,-0.00445823400161457,0.006744543350069061,-0.019555370255875393,0.014960193388092954,0.02697361366046272,-0.009824991626416575,-0.007231415275447791,-0.03794256030457361,-0.01022558619058218,0.0016636824128774398,-0.020307048970843025,0.04404321911178925,0.027204605137116124,-0.004192421541517801,0.028499939564157237,-0.000874601606134381,-0.003412268691967778,-0.006221067327699906,0.0033686787578159636,0.015205096615381108,-0.0005857544417041181,-0.006055124022578854,0.009933273662954448,-0.014700716641012763,-0.025449368883977475,0.0092495416903243,-0.006758036434281592,-0.046314532429589605,-0.021608908495299346,0.010543449415400329,-0.03642512567754651,0.027204605137116124,0.05260923589864344,-0.004551474906452415,0.032983344361807616,-0.006357284309529941,-0.0003311108468280285,-0.009799623209271979,0.005520112075721186,0.0248047052815401,0.003012154071989572,-0.006747203407631879,0.019516297878344156,-0.024133811141511433,-0.03097120417848854,0.010320301719892608,0.007468193765482613,0.006601864997038666,0.00012879684025241239,-0.012098986733011376,0.0004635524958579176,-0.004192421541517801,-0.004551474906452415,0.023025950597687358,-0.008365732658193407,0.005592931854584399,-0.0009896491395976178,-0.0002052705649827038,-0.0068806143477805086,-0.00318273407104009,0.002764455773249929,-0.0002585549040523494,0.0023304055395427293,0.004695004793198685,-0.0013283141014024484,-0.0022134124738351956,0.005061108860051363,-0.04800831082938323,-0.010572096519762767,0.0030291345540568557,-0.03231514006416199,0.028499939564157237,0.032983344361807616,-0.008365732658193407,0.05610385216937164,0.005651160576014393,-0.011073816531700868,-0.01666686836197157,0.009357178176817936,0.01865435327300763,0.007714887979289616,-0.01593961784211691,0.022992661715205975,-0.0166908570388521,-0.04162660354047829,0.01822685946330516,-0.0017203665083545768,-0.002031830072051347,0.007521159314297865,-0.009624953816734897,0.0003989007421922175,-0.000874601606134381,-0.006357284309529941,0.005592931854584399,0.005651160576014393,0.02379409819899693,-0.007228029297936596,-0.0064029194103834225,-0.003802329321108895,-0.00037137277108227173,0.005410116051261288,-0.004560990139930429,0.00366533454082773,0.005727086941152466,-0.007861094769825083,0.0026125211781653397,-0.00542554280657811,0.010671687109504257,-0.00461106556150781,0.008312698396098696,8.843133058503537e-5,-0.003412268691967778,-0.0003311108468280285,-0.0009896491395976178,-0.011073816531700868,-0.007228029297936596,0.01839063740872243,0.0007440395708189038,-0.0012307922254246764,-0.0016521978156494653,-0.0016563825273199872,0.007367295062231374,-0.004700282942441488,-0.0029518814567784067,0.014368273113258948,-0.004387802591347573,-0.00011952320589421396,0.00998537071374996,0.0007779344686298687,-0.005561761127776495,0.012403891560226987,-0.006221067327699906,-0.009799623209271979,-0.0002052705649827038,-0.01666686836197157,-0.0064029194103834225,0.0007440395708189038,0.021439549926630417,-0.0014239845866796112,-0.008879662498788516,-0.0020133448495534053,-0.00048525542165491316,-0.005957913084410455,0.006731777660941418,0.011766358174999283,-0.005029383611404609,0.008284240883650908,-0.007067994493866277,-0.0015933477768794412,0.004305095721946492,-0.0045755332659885755,0.0033686787578159636,0.005520112075721186,-0.0068806143477805086,0.009357178176817936,-0.003802329321108895,-0.0012307922254246764,-0.0014239845866796112,0.021671192949352675,-0.00011900513306871083,0.00015379804686962894,-0.004385807180961939,0.005792052129679136,-0.01040579629360782,-0.008895541119738146,0.00548486200851578,0.0016262033466204427,-0.024080174689392057,-0.012962497810039997,0.005903338215422639,-0.025741746195674698,0.015205096615381108,0.0248047052815401,-0.00318273407104009,0.01865435327300763,-0.00037137277108227173,-0.0016521978156494653,-0.008879662498788516,-0.00011900513306871083,0.02745146072463473,0.0002732387655685545,-0.00210096396773086,0.008879225772309549,-0.008215225621927325,-0.0202710678068588,0.006250047839965701,0.004826931041936795,-0.009755495217355751,-0.00032690851208293855,-0.0007023527628725586,-0.00445823400161457,-0.0005857544417041181,0.003012154071989572,0.002764455773249929,0.007714887979289616,0.005410116051261288,-0.0016563825273199872,-0.0020133448495534053,0.00015379804686962894,0.0002732387655685545,0.017062712785203705,-0.001969044772891485,0.00647584019917999,0.0006157537494758102,-0.0025988106530109908,0.004188547203305788,-0.000836077209440775,0.016239855307054567,0.0041429378647535944,0.0019794383985190893,0.006744543350069061,-0.006055124022578854,-0.006747203407631879,-0.0002585549040523494,-0.01593961784211691,-0.004560990139930429,0.007367295062231374,-0.00048525542165491316,-0.004385807180961939,-0.00210096396773086,-0.001969044772891485,0.030461610537573888,-0.007724162425190804,0.002943980266163667,0.01623521065235336,-0.011372758644163643,-0.0019713165278205354,-0.028205619482922696,-0.004013962745848491,0.002262985955984637,-0.019555370255875393,0.009933273662954448,0.019516297878344156,0.0023304055395427293,0.022992661715205975,0.00366533454082773,-0.004700282942441488,-0.005957913084410455,0.005792052129679136,0.008879225772309549,0.00647584019917999,-0.007724162425190804,0.026085133738422927,-0.012853894818804248,-0.024075551514046258,0.009539505351549854,0.00030691547935750437,0.01992092342563488,0.004191900448400988,-0.013458179513093608,0.014960193388092954,-0.014700716641012763,-0.024133811141511433,0.004695004793198685,-0.0166908570388521,0.005727086941152466,-0.0029518814567784067,0.006731777660941418,-0.01040579629360782,-0.008215225621927325,0.0006157537494758102,0.002943980266163667,-0.012853894818804248,0.03342363775708135,0.015894183632335235,-0.006014076787908584,0.004156081911128094,0.04602279351799039,0.01394990006505158,0.00035188780663129306,0.02697361366046272,-0.025449368883977475,-0.03097120417848854,-0.0013283141014024484,-0.04162660354047829,-0.007861094769825083,0.014368273113258948,0.011766358174999283,-0.008895541119738146,-0.0202710678068588,-0.0025988106530109908,0.01623521065235336,-0.024075551514046258,0.015894183632335235,0.06378330678524251,-0.017116765501165213,-0.0062950268238404945,-0.016882486225955576,-0.005344267368715661,0.004602130026658834,-0.009824991626416575,0.0092495416903243,0.010320301719892608,-0.0022134124738351956,0.01822685946330516,0.0026125211781653397,-0.004387802591347573,-0.005029383611404609,0.00548486200851578,0.006250047839965701,0.004188547203305788,-0.011372758644163643,0.009539505351549854,-0.006014076787908584,-0.017116765501165213,0.02284619490537289,-0.0031058011290961973,-0.009504954634970052,-0.012365273742611942,-0.0003711453246913548,-0.007231415275447791,-0.006758036434281592,0.007468193765482613,0.005061108860051363,-0.0017203665083545768,-0.00542554280657811,-0.00011952320589421396,0.008284240883650908,0.0016262033466204427,0.004826931041936795,-0.000836077209440775,-0.0019713165278205354,0.00030691547935750437,0.004156081911128094,-0.0062950268238404945,-0.0031058011290961973,0.03235207801548936
