0.036717133214991385,0.015745514329334475,0.0017636343302930308,0.01670356366311672,-0.0005361814119682509,-0.014990220007188818,0.002661314264654573,0.02139809681309393,0.0010586270242889137,-0.0018145411807029195,-0.013247679302171779,-0.01210064422106323,-0.010150099037769655,-0.00926835875708517,0.004256083846130518,0.008852197892186471,-0.012175744015233862,-0.006769708582707239,0.009660933273697287,0.01700909033118328,0.015745514329334475,0.05360123025439399,-0.012704696227664198,0.014842186441227619,-0.0019733014934708868,-0.007601375298682387,0.0036680618509632766,0.02762984563390248,0.002333705270675156,-0.002421938784042432,-0.011506811711986961,-0.022585960086880765,-0.00012883570614388024,-0.015371224594307228,0.005727461197909413,-0.002935000340170123,-0.01575713987891434,-0.005167905557642961,0.010357372003353332,0.019978073893786384,0.0017636343302930308,-0.012704696227664198,0.04037416920218229,-0.004867119368455977,0.002843432036148594,0.0035051470739934244,0.0006294882411293631,-0.00939816048693785,0.0058374866392741625,0.0018068472226123158,0.002754371804927388,0.02121541302914804,0.0019441490621209623,0.007047223129776699,0.005091946295472631,-0.000539334207417674,0.005772314730209694,0.013002815892219065,-0.0055752901025924815,-0.017737462544582035,0.01670356366311672,0.014842186441227619,-0.004867119368455977,0.04285239241991212,0.005877403164594242,0.0015018833794302015,0.016317248174100588,0.008399591223835406,0.0023624316915327537,0.0017193467109019038,0.001702337741123831,-0.01084458563685052,0.005942365186518785,-0.0042840008250252665,0.01024808640860059,0.0035969311300698167,-0.001140814019798138,-0.0114921732762132,-0.0004762544316554071,0.01151906473384168,-0.0005361814119682509,-0.0019733014934708868,0.002843432036148594,0.005877403164594242,0.02163620494486629,0.006399949277999846,0.003738686625890831,-0.004725493551773257,0.006766257612553388,0.0028616674199739536,0.004518099772976887,0.004746099322164863,0.0055734486492521745,0.009387271000804477,0.007885994697874547,-0.001272401045557191,0.008417757585015763,0.0036304882930051335,-0.0025555035145566453,-0.003341539427082007,-0.014990220007188818,-0.007601375298682387,0.0035051470739934244,0.0015018833794302015,0.006399949277999846,0.05232573666866857,-0.007764234182115822,-0.040199574352062915,0.003598650420893095,-0.012139595392305335,0.006662926363811048,0.028097720936306518,0.006194802818791751,0.016710406960849293,0.008980877479436513,0.009667943628367169,0.03388701176300822,0.016776258449443752,-0.02043305582051095,-0.03198517324705074,0.002661314264654573,0.0036680618509632766,0.0006294882411293631,0.016317248174100588,0.003738686625890831,-0.007764234182115822,0.026990495008005717,0.010648330827467021,-9.292773659590908e-5,0.008284032531282223,0.004690801149164434,-0.014475070632721215,0.0018640820684806686,0.0036602840812611495,0.013586099438470363,0.00584283189768544,0.004978825334115817,-0.00712458419682074,0.0005708370759725098,0.004917632660451889,0.02139809681309393,0.02762984563390248,-0.00939816048693785,0.008399591223835406,-0.004725493551773257,-0.040199574352062915,0.010648330827467021,0.09164820043947353,-0.0010762826171851819,0.006283390001893563,-0.0194219619339993,-0.0352087347711101,-0.008122322378931124,-0.016412077328543835,-0.009779228080036364,-9.053447633264582e-5,-0.03418814627324834,-0.015468546716229107,0.026429901240423524,0.06372059477796008,0.0010586270242889137,0.002333705270675156,0.0058374866392741625,0.0023624316915327537,0.006766257612553388,0.003598650420893095,-9.292773659590908e-5,-0.0010762826171851819,0.03788097852344091,0.012990038841643447,0.0013886091791946002,0.0026704398638639332,0.016038778699523464,0.0019095551512899325,0.012105306526908596,-0.017847319570424125,-0.0037036181736825654,0.005479889385642362,0.0039053851014979194,-0.007074929405223081,-0.0018145411807029195,-0.002421938784042432,0.0018068472226123158,0.0017193467109019038,0.0028616674199739536,-0.012139595392305335,0.008284032531282223,0.006283390001893563,0.012990038841643447,0.033997841006282385,0.008394983711120185,-0.012060971536636902,0.003335223803626236,-0.004537431632905113,0.00932040288912999,-0.009253478597720282,-0.003517367506591992,-0.009295039445176392,0.01006347344519688,-0.001777385861338068,-0.013247679302171779,-0.011506811711986961,0.002754371804927388,0.001702337741123831,0.004518099772976887,0.006662926363811048,0.004690801149164434,-0.0194219619339993,0.0013886091791946002,0.008394983711120185,0.03727872720471337,0.0022314420016597072,0.01100312129757331,0.004030735553603964,0.009169680219978302,0.004182532189650961,0.01662542714309994,0.0013818123138668978,0.001504810383307855,-0.011942059863556839,-0.01210064422106323,-0.022585960086880765,0.02121541302914804,-0.01084458563685052,0.004746099322164863,0.028097720936306518,-0.014475070632721215,-0.0352087347711101,0.0026704398638639332,-0.012060971536636902,0.0022314420016597072,0.06350440265560815,-0.0027238137647518056,0.024137492771557467,-0.005313737509523596,0.02201953699147478,0.02640112770785286,0.031530289456044774,-0.01714765810237212,-0.02522151712430526,-0.010150099037769655,-0.00012883570614388024,0.0019441490621209623,0.005942365186518785,0.0055734486492521745,0.006194802818791751,0.0018640820684806686,-0.008122322378931124,0.016038778699523464,0.003335223803626236,0.01100312129757331,-0.0027238137647518056,0.053079559114088855,0.015483478863947957,0.022936252702508722,-0.02849130664740439,0.007667693148611136,0.0027271127649968418,-0.005958670710518973,-0.012825385998632774,-0.00926835875708517,-0.015371224594307228,0.007047223129776699,-0.0042840008250252665,0.009387271000804477,0.016710406960849293,0.0036602840812611495,-0.016412077328543835,0.0019095551512899325,-0.004537431632905113,0.004030735553603964,0.024137492771557467,0.015483478863947957,0.040104989026261355,0.008129016527928887,0.006719420907601645,0.021511870719952707,0.0168959317993548,-0.016093001292392918,-0.011798740857442414,0.004256083846130518,0.005727461197909413,0.005091946295472631,0.01024808640860059,0.007885994697874547,0.008980877479436513,0.013586099438470363,-0.009779228080036364,0.012105306526908596,0.00932040288912999,0.009169680219978302,-0.005313737509523596,0.022936252702508722,0.008129016527928887,0.046606125129408725,-0.01874783195498609,0.013539895748901668,-0.002442372525919507,-0.0004238449574197017,-0.012041422821835752,0.008852197892186471,-0.002935000340170123,-0.000539334207417674,0.0035969311300698167,-0.001272401045557191,0.009667943628367169,0.00584283189768544,-9.053447633264582e-5,-0.017847319570424125,-0.009253478597720282,0.004182532189650961,0.02201953699147478,-0.02849130664740439,0.006719420907601645,-0.01874783195498609,0.08048029765711123,0.016151733512118814,0.014165881937468787,-0.0009645753081645642,0.010000116244216825,-0.012175744015233862,-0.01575713987891434,0.005772314730209694,-0.001140814019798138,0.008417757585015763,0.03388701176300822,0.004978825334115817,-0.03418814627324834,-0.0037036181736825654,-0.003517367506591992,0.01662542714309994,0.02640112770785286,0.007667693148611136,0.021511870719952707,0.013539895748901668,0.016151733512118814,0.05079554015844216,0.014234847519398484,-0.01577302094000226,-0.026425365630464395,-0.006769708582707239,-0.005167905557642961,0.013002815892219065,-0.0114921732762132,0.0036304882930051335,0.016776258449443752,-0.00712458419682074,-0.015468546716229107,0.005479889385642362,-0.009295039445176392,0.0013818123138668978,0.031530289456044774,0.0027271127649968418,0.0168959317993548,-0.002442372525919507,0.014165881937468787,0.014234847519398484,0.04660660781261486,-0.009381789691044366,-0.009519571695640001,0.009660933273697287,0.010357372003353332,-0.0055752901025924815,-0.0004762544316554071,-0.0025555035145566453,-0.02043305582051095,0.0005708370759725098,0.026429901240423524,0.0039053851014979194,0.01006347344519688,0.001504810383307855,-0.01714765810237212,-0.005958670710518973,-0.016093001292392918,-0.0004238449574197017,-0.0009645753081645642,-0.01577302094000226,-0.009381789691044366,0.0403463345224002,0.021427341878860272,0.01700909033118328,0.019978073893786384,-0.017737462544582035,0.01151906473384168,-0.003341539427082007,-0.03198517324705074,0.004917632660451889,0.06372059477796008,-0.007074929405223081,-0.001777385861338068,-0.011942059863556839,-0.02522151712430526,-0.012825385998632774,-0.011798740857442414,-0.012041422821835752,0.010000116244216825,-0.026425365630464395,-0.009519571695640001,0.021427341878860272,0.07050921765734132
0.08823852825687381,0.007334367821956539,-0.026546451133048696,0.06779496390976487,-0.0023897347343012207,-0.03036329324560024,0.013453519575451926,0.028310519608518006,-0.02472913156504747,0.039014757489061844,-0.020235673078086686,-0.0505450399391617,-0.044185113393511,-0.057030929512048696,-0.02947123551468201,0.05863537528366642,-0.01704043736250526,-0.014036077393451123,0.008532871426390054,0.013059216477438542,0.007334367821956539,0.0822926926970054,-0.028370529182062468,0.0442558608567081,0.023253643261103765,-0.017450383265493488,0.023528664815390465,0.04088623190169132,0.006493970495827756,0.029765907395782144,0.010331363619248728,-0.03692106280720707,0.009646273402137681,-0.030965300372617924,-0.000571747448822984,0.010101006340037792,0.005371695321733705,-0.011214403510407749,0.03311822613928417,0.01842847654252347,-0.026546451133048696,-0.028370529182062468,0.08330387138465443,-0.059341929396622146,-0.018000241249055852,0.005895897110434532,-0.020628332136393188,-0.02798108000204079,0.0014270667294446276,-0.03796068130603055,-0.005856260758751462,0.057587078354407385,0.01832928153375262,0.05226661544130676,0.018252684288601467,-0.049213583727328786,-0.006965550203287295,0.01938834862995667,-0.02607136473418719,-0.01706459796459831,0.06779496390976487,0.0442558608567081,-0.059341929396622146,0.12011691526077303,0.02246759643330986,-0.01432688901804436,0.03198701801882202,0.0411315498582171,-0.0083092701188032,0.06422450300886456,-0.006179607799071635,-0.06496031893081314,-0.036442594119483876,-0.07770017504341117,-0.041113348473991174,0.07689743577174106,0.0034505494431336494,-0.01954731653989794,0.028041219261318896,0.02908543319581634,-0.0023897347343012207,0.023253643261103765,-0.018000241249055852,0.02246759643330986,0.05918195681259267,-0.004945661872612498,0.009075522521703887,0.02059887277700819,0.026475453775968383,0.02989175457251315,0.007283456843270198,-0.031505861674582095,0.007212418849685734,-0.013844557977811117,-0.0055424465048358705,-0.0051838183187639005,-0.005601056979653802,-0.0038375582138028383,0.02292936996031072,-0.0010816553898269853,-0.03036329324560024,-0.017450383265493488,0.005895897110434532,-0.01432688901804436,-0.004945661872612498,0.051354059590373556,-0.01516417902340891,-0.021277737987872705,0.00927413150218569,-0.031671846326312994,0.012042812032587781,0.0298521736698092,0.004810671502481534,0.02615313853106557,0.003064916214522286,0.002814736343329037,0.022773083921004002,0.0019826229672807207,-0.00614144399012609,-0.006555976061968036,0.013453519575451926,0.023528664815390465,-0.020628332136393188,0.03198701801882202,0.009075522521703887,-0.01516417902340891,0.027834951398936356,0.020056309996749847,0.0033625936804025204,0.0220250376511693,-0.0005834250287182199,-0.026843470158477635,-0.002867045280044384,-0.018089935783569176,-0.00016803882178576332,0.012697267792642346,0.004883488355353024,-0.006335679689412654,0.015555861701137758,0.0008221616334328514,0.028310519608518006,0.04088623190169132,-0.02798108000204079,0.0411315498582171,0.02059887277700819,-0.021277737987872705,0.020056309996749847,0.06188228384590516,0.0034651450401306056,0.02937635270189036,0.006683313790458797,-0.0509095717553264,-0.014040216513980155,-0.041053713018491644,-0.006613772096167711,0.02338152945695504,-0.017234863546279393,-0.02216202545551724,0.04634268675729836,0.0326083648573621,-0.02472913156504747,0.006493970495827756,0.0014270667294446276,-0.0083092701188032,0.026475453775968383,0.00927413150218569,0.0033625936804025204,0.0034651450401306056,0.0461055125780761,0.0012860079357698674,0.009715855671896825,0.003752790181090701,0.0186183707664219,0.018687128237124543,0.010032433422824009,-0.03142207564870228,-0.003960803110352183,0.0030795517630338616,0.010102235363338135,-0.006714621227682099,0.039014757489061844,0.029765907395782144,-0.03796068130603055,0.06422450300886456,0.02989175457251315,-0.031671846326312994,0.0220250376511693,0.02937635270189036,0.0012860079357698674,0.08606353850318553,-0.005422527312024679,-0.05134697351117826,-0.019755649530216902,-0.061039164254308075,-0.013954799020179754,0.027776388276129025,-0.007651496746157255,-0.018089179158967815,0.026017089943772623,0.006491394103005383,-0.020235673078086686,0.010331363619248728,-0.005856260758751462,-0.006179607799071635,0.007283456843270198,0.012042812032587781,-0.0005834250287182199,0.006683313790458797,0.009715855671896825,-0.005422527312024679,0.03650220779875192,0.0017135507623791332,0.013838425283788095,0.01875344761340468,0.014916133882258698,-0.011116208423522036,0.010965629751367709,-0.010112508594672264,0.019099683108852853,-0.00015688710728375358,-0.0505450399391617,-0.03692106280720707,0.057587078354407385,-0.06496031893081314,-0.031505861674582095,0.0298521736698092,-0.026843470158477635,-0.0509095717553264,0.003752790181090701,-0.05134697351117826,0.0017135507623791332,0.09060646610491216,0.02312848347822053,0.06109547884279737,0.017883627190255817,-0.04120528036541428,0.024199674718528488,0.032704596816038795,-0.03884978134525584,-0.025358079140987873,-0.044185113393511,0.009646273402137681,0.01832928153375262,-0.036442594119483876,0.007212418849685734,0.004810671502481534,-0.002867045280044384,-0.014040216513980155,0.0186183707664219,-0.019755649530216902,0.013838425283788095,0.02312848347822053,0.06723674836883939,0.046872165685037506,0.0271853078212953,-0.047677754695808136,0.019860036640326595,0.015272639058626108,-0.011914141796539015,-0.017267548615496307,-0.057030929512048696,-0.030965300372617924,0.05226661544130676,-0.07770017504341117,-0.013844557977811117,0.02615313853106557,-0.018089935783569176,-0.041053713018491644,0.018687128237124543,-0.061039164254308075,0.01875344761340468,0.06109547884279737,0.046872165685037506,0.11511770039964071,0.03118961855095945,-0.07095854342824233,0.016344664103898326,0.02902398141097671,-0.027510415375181674,-0.026228491163664894,-0.02947123551468201,-0.000571747448822984,0.018252684288601467,-0.041113348473991174,-0.0055424465048358705,0.003064916214522286,-0.00016803882178576332,-0.006613772096167711,0.010032433422824009,-0.013954799020179754,0.014916133882258698,0.017883627190255817,0.0271853078212953,0.03118961855095945,0.04736485846204185,-0.04238034640198833,0.003188696926220952,-0.008376447611264975,0.007092229139435533,-0.012441291119002065,0.05863537528366642,0.010101006340037792,-0.049213583727328786,0.07689743577174106,-0.0051838183187639005,0.002814736343329037,0.012697267792642346,0.02338152945695504,-0.03142207564870228,0.027776388276129025,-0.011116208423522036,-0.04120528036541428,-0.047677754695808136,-0.07095854342824233,-0.04238034640198833,0.10168936203650837,0.005765776223669667,-0.019017332898473502,0.017415355232038795,0.02463515703319693,-0.01704043736250526,0.005371695321733705,-0.006965550203287295,0.0034505494431336494,-0.005601056979653802,0.022773083921004002,0.004883488355353024,-0.017234863546279393,-0.003960803110352183,-0.007651496746157255,0.010965629751367709,0.024199674718528488,0.019860036640326595,0.016344664103898326,0.003188696926220952,0.005765776223669667,0.055973324241782994,0.013224312509937644,-0.01351773998681614,-0.015041334789796655,-0.014036077393451123,-0.011214403510407749,0.01938834862995667,-0.01954731653989794,-0.0038375582138028383,0.0019826229672807207,-0.006335679689412654,-0.02216202545551724,0.0030795517630338616,-0.018089179158967815,-0.010112508594672264,0.032704596816038795,0.015272639058626108,0.02902398141097671,-0.008376447611264975,-0.019017332898473502,0.013224312509937644,0.04772645986782315,-0.03693473690162739,-0.00962898830201367,0.008532871426390054,0.03311822613928417,-0.02607136473418719,0.028041219261318896,0.02292936996031072,-0.00614144399012609,0.015555861701137758,0.04634268675729836,0.010102235363338135,0.026017089943772623,0.019099683108852853,-0.03884978134525584,-0.011914141796539015,-0.027510415375181674,0.007092229139435533,0.017415355232038795,-0.01351773998681614,-0.03693473690162739,0.07286792305859587,0.019712420703790957,0.013059216477438542,0.01842847654252347,-0.01706459796459831,0.02908543319581634,-0.0010816553898269853,-0.006555976061968036,0.0008221616334328514,0.0326083648573621,-0.006714621227682099,0.006491394103005383,-0.00015688710728375358,-0.025358079140987873,-0.017267548615496307,-0.026228491163664894,-0.012441291119002065,0.02463515703319693,-0.015041334789796655,-0.00962898830201367,0.019712420703790957,0.060315071359916726
