0.022468264131236815,0.003596681507530194,0.003996005981095339,-0.011768040515467953,-0.003486787076062357,0.006943532073312102,0.003495305304748635,-0.0032370785800524917,0.004758556607419006,0.004455857024435085,-0.0009368561439267664,-0.007322403785203031,-0.0014589059501193984,-0.0022934780363044515,0.0069403112773270305,0.008701976925559692,0.0008195635797296593,-0.009711680674706243,0.0004054935583402535,-0.004692186851016838,0.003596681507530194,0.02347806402657608,0.009678353943927413,-0.004605394102940093,-0.004823024703038829,0.011218362644778204,-0.0006713697958306912,-0.010694337297607482,0.003920251467446789,0.0049882255465222985,-0.0005495394599270182,-0.00447986378591028,0.0006445446482697459,0.0008396159669956215,0.003913690148502592,0.006861219656904081,-0.005294798949422662,-0.008564223882145205,-0.0011788617983812617,-0.009533466627392856,0.003996005981095339,0.009678353943927413,0.047655538967770805,-0.011882745557837101,-0.011062814513093499,0.01228215386593062,0.007381613688923428,-0.009605843640872573,0.007462957007032256,0.013707992905236045,-0.0012977262772263442,-0.008836839552987428,-0.001587034745436968,0.00031156136586771234,0.007666889949754287,-0.0007545682026616415,-0.0006159778619353727,-0.010840479717057979,-0.008145782504164789,-0.011572469117388864,-0.011768040515467953,-0.004605394102940093,-0.011882745557837101,0.053205692186686866,0.013551960049043523,-0.012616630283492834,-0.006573622004576793,0.004296756011401616,-0.004921709066636768,-0.006077093224603421,-0.0012770067382175242,0.007393818951815441,0.003733640041714223,0.00013614615764369044,-0.01793910998341137,-0.007585879380723908,-0.0012259059333471563,0.008025484547858557,0.005305033729578892,0.0006768517400744637,-0.003486787076062357,-0.004823024703038829,-0.011062814513093499,0.013551960049043523,0.020602116170323807,-0.007600801158445419,-0.0008024584446044679,0.005824158900604878,-0.0023764256098661504,-0.007295515068253825,0.0012147238787139926,0.001986777429606728,0.0011368931099424357,0.0009853176089223432,-0.008891317796522805,-0.00563389057246058,0.005552844694912726,0.0028718786424739885,0.005233001213447497,0.004703720920212529,0.006943532073312102,0.011218362644778204,0.01228215386593062,-0.012616630283492834,-0.007600801158445419,0.027093351834489167,0.005184307262690666,-0.012391081126827823,0.00479180520383341,0.010134691022637976,-0.00025791578393576575,-0.007232087853266342,-0.0008216779406815857,-0.00224013107103599,0.0038170565326755375,0.011827737329041792,-0.004583232797332535,-0.011508066532398905,-0.004218176695087088,-0.009264968023476783,0.003495305304748635,-0.0006713697958306912,0.007381613688923428,-0.006573622004576793,-0.0008024584446044679,0.005184307262690666,0.022671144421555975,-0.0009720613519680719,9.181789387181446e-5,0.00734751120007306,-0.006538311301773096,-0.00748160337175835,0.001609310185048978,-0.0022524961233841333,0.005034156285109635,0.004950775206882502,-0.0013773629866867805,-0.00825811700638576,-0.008121363679418826,-0.005167626436015949,-0.0032370785800524917,-0.010694337297607482,-0.009605843640872573,0.004296756011401616,0.005824158900604878,-0.012391081126827823,-0.0009720613519680719,0.030524322853310366,-0.0013549550612948218,-0.004147336006683013,-0.002867953595252898,0.0031155107140151206,0.0003132187878685656,-0.0003018697521749265,-0.0026547605600985994,-0.01265091387834998,0.008646159082499678,0.00398516078966436,-0.0012394993385036789,0.004375309306729835,0.004758556607419006,0.003920251467446789,0.007462957007032256,-0.004921709066636768,-0.0023764256098661504,0.00479180520383341,9.181789387181446e-5,-0.0013549550612948218,0.016348121322079766,0.0032394808541161496,-0.0013628219638722055,-0.002514704093395548,0.002634391888938449,-0.001921172673090234,0.004039987074643853,0.0015820405207139189,-0.0037944795583712055,-0.004251200811560087,-0.0061216362489303205,-0.010729279372827333,0.004455857024435085,0.0049882255465222985,0.013707992905236045,-0.006077093224603421,-0.007295515068253825,0.010134691022637976,0.00734751120007306,-0.004147336006683013,0.0032394808541161496,0.02922073521382039,-0.0045818303002526815,-0.009394218435512273,0.0009287924679319017,-0.0034945300172568835,0.008333871223794514,0.010879742455142099,-0.00408266034544032,-0.006361961908563064,-0.007172260885178092,-0.014010494736064723,-0.0009368561439267664,-0.0005495394599270182,-0.0012977262772263442,-0.0012770067382175242,0.0012147238787139926,-0.00025791578393576575,-0.006538311301773096,-0.002867953595252898,-0.0013628219638722055,-0.0045818303002526815,0.016305484155456566,0.0025522169100911027,-0.001043023494080286,-0.001275898523874967,-0.0024209017278211276,-0.0006891502866280277,-0.001651811407537819,0.007175584776039936,0.0010198241623802964,0.0037569757257370317,-0.007322403785203031,-0.00447986378591028,-0.008836839552987428,0.007393818951815441,0.001986777429606728,-0.007232087853266342,-0.00748160337175835,0.0031155107140151206,-0.002514704093395548,-0.009394218435512273,0.0025522169100911027,0.025250118363414675,-0.00414301732613331,0.0032356737288315135,-0.005939831256233591,-0.010771093997980222,-0.0011178208843718963,0.009342447335261407,0.003434793446843005,0.00948111344720718,-0.0014589059501193984,0.0006445446482697459,-0.001587034745436968,0.003733640041714223,0.0011368931099424357,-0.0008216779406815857,0.001609310185048978,0.0003132187878685656,0.002634391888938449,0.0009287924679319017,-0.001043023494080286,-0.00414301732613331,0.013173590709765974,0.0008690117401705896,-0.0008959015649496074,0.004391854802894473,-0.0030901883372936173,-0.002370302855852217,0.0015244151975631363,-0.006133811770141237,-0.0022934780363044515,0.0008396159669956215,0.00031156136586771234,0.00013614615764369044,0.0009853176089223432,-0.00224013107103599,-0.0022524961233841333,-0.0003018697521749265,-0.001921172673090234,-0.0034945300172568835,-0.001275898523874967,0.0032356737288315135,0.0008690117401705896,0.01646705038880015,0.0019644903247819905,-0.0014357273810483837,0.0016932991145030818,0.001906692801522079,-0.0009799174888808445,-0.0007748708466556505,0.0069403112773270305,0.003913690148502592,0.007666889949754287,-0.01793910998341137,-0.008891317796522805,0.0038170565326755375,0.005034156285109635,-0.0026547605600985994,0.004039987074643853,0.008333871223794514,-0.0024209017278211276,-0.005939831256233591,-0.0008959015649496074,0.0019644903247819905,0.027793641554810542,0.009524108483885615,-0.003214208402502014,-0.006768267182562028,-0.00041440248974830286,-0.009283283448751562,0.008701976925559692,0.006861219656904081,-0.0007545682026616415,-0.007585879380723908,-0.00563389057246058,0.011827737329041792,0.004950775206882502,-0.01265091387834998,0.0015820405207139189,0.010879742455142099,-0.0006891502866280277,-0.010771093997980222,0.004391854802894473,-0.0014357273810483837,0.009524108483885615,0.044215597852608354,-0.010764929543846063,-0.00574143165632554,0.001101176199733857,-0.017572710847159854,0.0008195635797296593,-0.005294798949422662,-0.0006159778619353727,-0.0012259059333471563,0.005552844694912726,-0.004583232797332535,-0.0013773629866867805,0.008646159082499678,-0.0037944795583712055,-0.00408266034544032,-0.001651811407537819,-0.0011178208843718963,-0.0030901883372936173,0.0016932991145030818,-0.003214208402502014,-0.010764929543846063,0.023885221460353677,0.0014608372015080932,-0.0019103945177830583,0.008723091268143319,-0.009711680674706243,-0.008564223882145205,-0.010840479717057979,0.008025484547858557,0.0028718786424739885,-0.011508066532398905,-0.00825811700638576,0.00398516078966436,-0.004251200811560087,-0.006361961908563064,0.007175584776039936,0.009342447335261407,-0.002370302855852217,0.001906692801522079,-0.006768267182562028,-0.00574143165632554,0.0014608372015080932,0.03189064413104211,0.005072270870298367,0.01219830907358676,0.0004054935583402535,-0.0011788617983812617,-0.008145782504164789,0.005305033729578892,0.005233001213447497,-0.004218176695087088,-0.008121363679418826,-0.0012394993385036789,-0.0061216362489303205,-0.007172260885178092,0.0010198241623802964,0.003434793446843005,0.0015244151975631363,-0.0009799174888808445,-0.00041440248974830286,0.001101176199733857,-0.0019103945177830583,0.005072270870298367,0.01436918037112573,0.0042997735524008575,-0.004692186851016838,-0.009533466627392856,-0.011572469117388864,0.0006768517400744637,0.004703720920212529,-0.009264968023476783,-0.005167626436015949,0.004375309306729835,-0.010729279372827333,-0.014010494736064723,0.0037569757257370317,0.00948111344720718,-0.006133811770141237,-0.0007748708466556505,-0.009283283448751562,-0.017572710847159854,0.008723091268143319,0.01219830907358676,0.0042997735524008575,0.04004439876114698
