0.03096490746261581,0.001476400673664258,0.00592281035824644,-0.00980458233714665,-0.012614488922436476,0.00437229933453601,-0.009348084960312189,0.00910653185054832,-0.0017073399915890552,-0.007855116131077339,0.009473507540763648,0.0003729078360944063,-0.014805106443372058,0.001494928771033669,0.004318070742148072,-0.019530213505480086,0.0008494730980678424,0.0037779959274543765,-0.0016872442275470273,0.017732304376632327,0.001476400673664258,0.018036078104070746,0.0026896225780073894,-0.006255434760872546,-0.001832827184015931,-0.0013583595277419035,0.006616865202350179,-0.0012637651812111728,0.0036043009348289134,-7.858101604865748e-5,0.002440149628357562,-0.007455015410175203,-0.005189487330242645,0.0024499319772122354,0.0008823517492971877,-0.0028210486197064854,-0.005397479029836675,0.00750166089415199,0.0013513987723612554,0.001987037313996183,0.00592281035824644,0.0026896225780073894,0.03581562619189405,-0.013549650981602117,-0.009567912795539243,0.0027631719987676827,0.003345619330396496,0.006169904761813201,0.018586482263516106,0.0022479843718596383,0.003156849700889551,0.011397149290926596,-0.011523951822820181,0.001226597225712385,0.0020619655292881166,-0.010752674864131322,-0.00601885654364443,0.004893436576293755,0.024525369462910958,0.02038853066342795,-0.00980458233714665,-0.006255434760872546,-0.013549650981602117,0.05855973518492943,0.035237802113779436,0.011377877298083854,0.0034666577707065296,0.0023643270148238525,-0.02033942383156489,0.011875240291023884,-0.013268332063325419,-0.013906633177262394,0.006750271500834284,0.0116974540097762,-0.0070516159735017426,0.005460078352990804,-0.0002922022318143106,0.00979276608786863,-0.01328875562915964,-0.027263033882060493,-0.012614488922436476,-0.001832827184015931,-0.009567912795539243,0.035237802113779436,0.042472664885364844,0.009959653022574524,0.005773910240036069,0.00047610418088912576,-0.010876144453785071,0.01598101992741982,-0.012879451319120659,-0.011680233976078258,0.01454279326167257,0.007998394452213087,-0.008339602880942956,0.013416098051536988,-0.0015160345902967072,0.002993238929359849,-0.006824226526327111,-0.02946437449558279,0.00437229933453601,-0.0013583595277419035,0.0027631719987676827,0.011377877298083854,0.009959653022574524,0.04340584279680125,-0.016201551182483273,0.011479320714122738,-0.024829220490550804,0.011838849986709175,-0.010386248408677388,0.000739012880000044,0.004435654960013637,-0.006241871794729733,-0.008748136523142132,-0.0074133046634618175,0.0021854857255008703,-0.019131602172452,-0.003435473442387129,-0.002600813846311935,-0.009348084960312189,0.006616865202350179,0.003345619330396496,0.0034666577707065296,0.005773910240036069,-0.016201551182483273,0.030922563430089638,-0.016014178452097558,0.020728339446325843,0.0009937492739493065,0.0008392249488798726,-0.00747753734141295,0.0038277747973970095,0.007335585295380979,0.004440617886884696,0.016984039171807457,-0.004328102258991199,0.019456044862283965,0.013407219751324527,-0.009010668850555022,0.00910653185054832,-0.0012637651812111728,0.006169904761813201,0.0023643270148238525,0.00047610418088912576,0.011479320714122738,-0.016014178452097558,0.023048902705306466,-0.00511751567995869,0.002824670882770251,0.003666296112085271,0.009495242636861759,-0.0019826083815263126,-0.002669134761644783,-0.005144592165318839,-0.011015019611720288,-0.002334489805233042,-0.012160854483756037,-0.003960399518632961,0.004498167794519321,-0.0017073399915890552,0.0036043009348289134,0.018586482263516106,-0.02033942383156489,-0.010876144453785071,-0.024829220490550804,0.020728339446325843,-0.00511751567995869,0.04894486376908764,-0.00134288396567947,0.014466530233683522,0.005563009504593299,-0.006188539475521164,0.010570621837746319,0.016499693438420057,0.007944792166646798,0.0047577070450167906,0.02914319144212485,0.02112516362227977,0.01228487007085514,-0.007855116131077339,-7.858101604865748e-5,0.0022479843718596383,0.011875240291023884,0.01598101992741982,0.011838849986709175,0.0009937492739493065,0.002824670882770251,-0.00134288396567947,0.031082986687746877,-0.0021564303770873505,0.00370082600078749,0.018578159725577914,-0.004631309652470281,-0.004682391600591978,0.014601220030547209,0.002714122624361032,-0.0028859667521744627,0.010672354891919787,-0.01715692072857144,0.009473507540763648,0.002440149628357562,0.003156849700889551,-0.013268332063325419,-0.012879451319120659,-0.010386248408677388,0.0008392249488798726,0.003666296112085271,0.014466530233683522,-0.0021564303770873505,0.0416869504839835,0.006629052037974271,0.009408771802270607,-0.009228208530739381,0.010903717774399363,0.0025650844341346384,0.0037759200272534377,0.003914664218335624,-0.0035984989282636893,-0.005428311992723131,0.0003729078360944063,-0.007455015410175203,0.011397149290926596,-0.013906633177262394,-0.011680233976078258,0.000739012880000044,-0.00747753734141295,0.009495242636861759,0.005563009504593299,0.00370082600078749,0.006629052037974271,0.038233300143277964,0.009931201630979611,-0.011433053174422954,-0.0060006694516078676,0.0028853447489087386,6.100235876845238e-5,-0.022179025911936337,0.01582943581536046,0.008774446140600571,-0.014805106443372058,-0.005189487330242645,-0.011523951822820181,0.006750271500834284,0.01454279326167257,0.004435654960013637,0.0038277747973970095,-0.0019826083815263126,-0.006188539475521164,0.018578159725577914,0.009408771802270607,0.009931201630979611,0.05356012416574709,-0.017168186673022598,-0.007992742205728938,0.03909722760290216,0.011642247342392262,-0.020265536424890672,0.0011362646216886408,-0.03777515289816191,0.001494928771033669,0.0024499319772122354,0.001226597225712385,0.0116974540097762,0.007998394452213087,-0.006241871794729733,0.007335585295380979,-0.002669134761644783,0.010570621837746319,-0.004631309652470281,-0.009228208530739381,-0.011433053174422954,-0.017168186673022598,0.027387443416441223,0.005940549397236306,-0.010712796342553548,-0.005091531032020868,0.021461451226897715,-0.0009365606749499263,0.004259332255216287,0.004318070742148072,0.0008823517492971877,0.0020619655292881166,-0.0070516159735017426,-0.008339602880942956,-0.008748136523142132,0.004440617886884696,-0.005144592165318839,0.016499693438420057,-0.004682391600591978,0.010903717774399363,-0.0060006694516078676,-0.007992742205728938,0.005940549397236306,0.02079767133645144,-0.0066909654462024935,0.0067241697439192295,0.015807871007000512,-0.0052880387879379025,0.007237056602151827,-0.019530213505480086,-0.0028210486197064854,-0.010752674864131322,0.005460078352990804,0.013416098051536988,-0.0074133046634618175,0.016984039171807457,-0.011015019611720288,0.007944792166646798,0.014601220030547209,0.0025650844341346384,0.0028853447489087386,0.03909722760290216,-0.010712796342553548,-0.0066909654462024935,0.06069052918125649,0.0026709640111357794,-0.009330127494320124,0.013190598996332945,-0.03572857752545379,0.0008494730980678424,-0.005397479029836675,-0.00601885654364443,-0.0002922022318143106,-0.0015160345902967072,0.0021854857255008703,-0.004328102258991199,-0.002334489805233042,0.0047577070450167906,0.002714122624361032,0.0037759200272534377,6.100235876845238e-5,0.011642247342392262,-0.005091531032020868,0.0067241697439192295,0.0026709640111357794,0.03603955112780511,0.005140301713034126,-0.014371125717057648,0.0026671056132601895,0.0037779959274543765,0.00750166089415199,0.004893436576293755,0.00979276608786863,0.002993238929359849,-0.019131602172452,0.019456044862283965,-0.012160854483756037,0.02914319144212485,-0.0028859667521744627,0.003914664218335624,-0.022179025911936337,-0.020265536424890672,0.021461451226897715,0.015807871007000512,-0.009330127494320124,0.005140301713034126,0.06124353919647166,0.0026424652105454917,0.006525567000408671,-0.0016872442275470273,0.0013513987723612554,0.024525369462910958,-0.01328875562915964,-0.006824226526327111,-0.003435473442387129,0.013407219751324527,-0.003960399518632961,0.02112516362227977,0.010672354891919787,-0.0035984989282636893,0.01582943581536046,0.0011362646216886408,-0.0009365606749499263,-0.0052880387879379025,0.013190598996332945,-0.014371125717057648,0.0026424652105454917,0.051831903444534845,0.008884474186928466,0.017732304376632327,0.001987037313996183,0.02038853066342795,-0.027263033882060493,-0.02946437449558279,-0.002600813846311935,-0.009010668850555022,0.004498167794519321,0.01228487007085514,-0.01715692072857144,-0.005428311992723131,0.008774446140600571,-0.03777515289816191,0.004259332255216287,0.007237056602151827,-0.03572857752545379,0.0026671056132601895,0.006525567000408671,0.008884474186928466,0.062439834131353546
0.02757988233236464,0.0034287413543917958,0.004881579207984196,-0.008003894684283915,0.0012908111883891643,0.012970246493283363,-0.002933898361541623,0.002985814754582603,-0.00431648776539098,-0.0004689141336770062,0.007807043779406407,-0.004250128859897252,-0.0016240617034869176,-0.0026630584165882694,0.00034309636046084247,-0.002126019312847373,0.004444282759499547,0.002896383701112555,-0.0014839242899826496,0.007166158070940815,0.0034287413543917958,0.02917572415972742,0.004419551555053116,-0.003408591880561292,0.0050982543842401145,-0.0034980924679007814,0.005808040363795839,-0.008225623208376363,0.0011340547828494877,0.008180555530161336,0.0001835685353294298,-0.007283387093331478,-0.0030863310635963455,0.006770312976518088,0.002375052929373076,-0.0014410699680826849,-0.004466100456963025,0.013937506985466967,0.004355559434870772,0.0055771267051204455,0.004881579207984196,0.004419551555053116,0.027954760579835897,-0.005319657426695179,-0.0035706363016170368,-0.0002868507741406351,0.0032289835120176344,0.00164353050888428,0.006026737232230899,-7.707176040877973e-6,0.0009044686605888465,-0.0030076623760609484,4.0898061473338424e-5,0.001726570699749685,0.003338121308356027,-0.0034198312004547747,-0.002424124418773787,-0.0019003547986237977,0.006754088510240658,0.00833182356803243,-0.008003894684283915,-0.003408591880561292,-0.005319657426695179,0.031572984500318965,0.0004433459466242168,-0.0021284918038414202,-0.001888217557500509,0.0026624294837294437,-0.0037560273462330313,-0.001190681013453944,-0.006805858611989648,0.004405578817289685,0.0027885389529169443,0.0035514021339725504,0.001999572551872767,0.005057508333322799,0.004433273169101458,0.002147445537496186,-0.00044443128941086215,-0.006435613638669312,0.0012908111883891643,0.0050982543842401145,-0.0035706363016170368,0.0004433459466242168,0.026227798756564558,0.006942895601523794,-0.0012921087592907342,0.0005098101726466512,0.0010555862065617244,-0.0005136234454948517,-0.0047024464300931875,0.005175375789601037,-0.00021926472946116762,0.010108446418419416,-0.004660441945986754,-5.940705117997639e-5,0.002593245578873398,0.000744721533387783,-0.003974630272927642,-0.0002242314116941391,0.012970246493283363,-0.0034980924679007814,-0.0002868507741406351,-0.0021284918038414202,0.006942895601523794,0.03386289397525604,-0.009602361927504563,0.0061290369102498955,-0.00546763457126847,0.0011563867027484043,0.006201242901190108,0.005433792540207522,-0.0026329708919459035,-0.00035959174036584625,-0.0038222582390535324,-0.006058301748969848,0.005118347981871531,0.0028497984704745237,-0.005138171697964584,0.007416764163445364,-0.002933898361541623,0.005808040363795839,0.0032289835120176344,-0.001888217557500509,-0.0012921087592907342,-0.009602361927504563,0.021108674033796543,-0.005334330110985598,0.010506448646324811,-0.001321060620130341,-0.0001920436024776523,-0.006478361383994359,-0.000522586531300437,0.003003450338190802,0.003509267891068489,0.000465936222535506,-0.006134213725017023,0.0024541403613417574,0.0033739061509143317,-0.0015200365483049982,0.002985814754582603,-0.008225623208376363,0.00164353050888428,0.0026624294837294437,0.0005098101726466512,0.0061290369102498955,-0.005334330110985598,0.01912919136315631,0.0026626897504977414,-0.0019507814610681081,-0.00462107450192141,0.0066357632347824845,0.007003044736922247,-0.003676940552325663,-0.0038588692759722334,0.0013308813456064132,0.0016677149707497595,-0.010078307500269359,-0.0023608784436527923,-0.0014878259206478127,-0.00431648776539098,0.0011340547828494877,0.006026737232230899,-0.0037560273462330313,0.0010555862065617244,-0.00546763457126847,0.010506448646324811,0.0026626897504977414,0.017721259599964533,-0.0036367558599100826,0.002642576377257038,0.0014265160136173875,0.0020221461739578736,0.0074516230801549115,0.00571396617147894,-0.000517131868780394,-0.005423957087531232,0.0025601426490670254,0.004158461547913128,-0.00047331594971113605,-0.0004689141336770062,0.008180555530161336,-7.707176040877973e-6,-0.001190681013453944,-0.0005136234454948517,0.0011563867027484043,-0.001321060620130341,-0.0019507814610681081,-0.0036367558599100826,0.017868043492417836,0.00013000048073116014,-0.0006811647313306514,0.006703831116019564,-0.0012748162274685078,-0.0013510807933231092,0.001251152313879438,0.0014267450124407412,0.005198602304313302,-0.0037997592041637434,0.004179696948019554,0.007807043779406407,0.0001835685353294298,0.0009044686605888465,-0.006805858611989648,-0.0047024464300931875,0.006201242901190108,-0.0001920436024776523,-0.00462107450192141,0.002642576377257038,0.00013000048073116014,0.02315769445568221,0.0021892027507292534,0.0032219062288495804,-0.0019281625525221268,0.004813036866742381,-0.008110261864913192,0.0006159666408928931,0.005666800960925299,-0.00023409950123420365,0.0008940045448635306,-0.004250128859897252,-0.007283387093331478,-0.0030076623760609484,0.004405578817289685,0.005175375789601037,0.005433792540207522,-0.006478361383994359,0.0066357632347824845,0.0014265160136173875,-0.0006811647313306514,0.0021892027507292534,0.027890412994602515,0.016390586968391033,-8.038130737451424e-5,-0.001431092925193244,0.004197100818527812,0.01033653086174404,-0.011511083475651631,-0.007224950671623744,-0.008213269177243292,-0.0016240617034869176,-0.0030863310635963455,4.0898061473338424e-5,0.0027885389529169443,-0.00021926472946116762,-0.0026329708919459035,-0.000522586531300437,0.007003044736922247,0.0020221461739578736,0.006703831116019564,0.0032219062288495804,0.016390586968391033,0.042868277494607455,-0.006117597890567256,-0.000264996899824251,0.011488786491314497,0.015011554013635287,-0.008237562834117286,-0.006496208102022392,-0.009621002300667699,-0.0026630584165882694,0.006770312976518088,0.001726570699749685,0.0035514021339725504,0.010108446418419416,-0.00035959174036584625,0.003003450338190802,-0.003676940552325663,0.0074516230801549115,-0.0012748162274685078,-0.0019281625525221268,-8.038130737451424e-5,-0.006117597890567256,0.021039396942561902,0.0008135510573147607,-0.004125535923704388,-0.005696544805513143,0.00627407140399463,0.0007769905651432614,0.0027482552273700375,0.00034309636046084247,0.002375052929373076,0.003338121308356027,0.001999572551872767,-0.004660441945986754,-0.0038222582390535324,0.003509267891068489,-0.0038588692759722334,0.00571396617147894,-0.0013510807933231092,0.004813036866742381,-0.001431092925193244,-0.000264996899824251,0.0008135510573147607,0.015771964000728198,-0.0017015365726593431,-0.0037032651133164307,0.005157978273564422,0.0020608034793618765,0.0005510387526539402,-0.002126019312847373,-0.0014410699680826849,-0.0034198312004547747,0.005057508333322799,-5.940705117997639e-5,-0.006058301748969848,0.000465936222535506,0.0013308813456064132,-0.000517131868780394,0.001251152313879438,-0.008110261864913192,0.004197100818527812,0.011488786491314497,-0.004125535923704388,-0.0017015365726593431,0.02490131780953687,0.006545761653479559,-0.009834475967104624,-0.0011319788090979463,-0.00415939513061075,0.004444282759499547,-0.004466100456963025,-0.002424124418773787,0.004433273169101458,0.002593245578873398,0.005118347981871531,-0.006134213725017023,0.0016677149707497595,-0.005423957087531232,0.0014267450124407412,0.0006159666408928931,0.01033653086174404,0.015011554013635287,-0.005696544805513143,-0.0037032651133164307,0.006545761653479559,0.02739289822592999,-0.010645327925016396,-0.007162738245271942,-0.004528563586422629,0.002896383701112555,0.013937506985466967,-0.0019003547986237977,0.002147445537496186,0.000744721533387783,0.0028497984704745237,0.0024541403613417574,-0.010078307500269359,0.0025601426490670254,0.005198602304313302,0.005666800960925299,-0.011511083475651631,-0.008237562834117286,0.00627407140399463,0.005157978273564422,-0.009834475967104624,-0.010645327925016396,0.036126180720184024,0.0017933778846675507,0.007874174282830566,-0.0014839242899826496,0.004355559434870772,0.006754088510240658,-0.00044443128941086215,-0.003974630272927642,-0.005138171697964584,0.0033739061509143317,-0.0023608784436527923,0.004158461547913128,-0.0037997592041637434,-0.00023409950123420365,-0.007224950671623744,-0.006496208102022392,0.0007769905651432614,0.0020608034793618765,-0.0011319788090979463,-0.007162738245271942,0.0017933778846675507,0.026185762718908857,0.00534648404143755,0.007166158070940815,0.0055771267051204455,0.00833182356803243,-0.006435613638669312,-0.0002242314116941391,0.007416764163445364,-0.0015200365483049982,-0.0014878259206478127,-0.00047331594971113605,0.004179696948019554,0.0008940045448635306,-0.008213269177243292,-0.009621002300667699,0.0027482552273700375,0.0005510387526539402,-0.00415939513061075,-0.004528563586422629,0.007874174282830566,0.00534648404143755,0.02498938784584581
