0.030691692175802462,0.00954980697746325,0.007763369653953306,-0.010690535124099391,0.023386634574520542,-0.002026184212277707,0.005850400068700394,0.008718946150407945,-0.0005500423396791478,0.021193299157912765,0.003699670820753403,-0.015008179008935378,-0.003476078092297735,0.017669981457846574,-0.01604373895551023,-0.006770092251555168,-0.013305011329655538,-0.008708169445076942,0.025823747331665998,0.004272915324312593,0.00954980697746325,0.03276083426806024,0.005753180727247301,-0.003848671251351012,0.024634265826443034,-0.007788155763856575,-3.80921475200283e-5,0.010311158477424873,-0.001271097307073373,0.01934747770048599,0.0019093202552711798,-0.012022194555116576,0.004548974055359673,0.015189703152047526,-0.03060052203229706,-0.010958628026023477,-0.010829609247748962,-0.002210363707406531,0.012943484979159908,-0.010606388115717034,0.007763369653953306,0.005753180727247301,0.049824771354123505,-0.014754372869461421,0.009225984441317748,0.034585399227510805,0.014230190477886612,0.0405599289046313,0.0036186938730558586,0.012834213591125427,0.030078123088756854,-0.004140198960361056,-0.004085819191777381,0.006041650206330634,-0.027789953264004852,0.01834830970017032,0.007037987818916269,-0.00556549951438421,-0.013464158067255011,0.0027662104058258676,-0.010690535124099391,-0.003848671251351012,-0.014754372869461421,0.040255940941723765,0.00040124970968017574,-0.01793750874051829,-0.014630244917984446,-0.02780150197683541,0.0006900335296562738,-0.008428737526049026,-0.0036481713002899786,0.0004174986462346262,0.011390203480208416,0.001644911461062435,0.024348620413686073,-0.0054954730109743055,0.0029670673423740517,0.015833305348901452,-0.009710453569631107,3.57040926060982e-5,0.023386634574520542,0.024634265826443034,0.009225984441317748,0.00040124970968017574,0.23143997357053792,-0.042078107736367346,-0.023883782567592982,-0.003222424864051327,0.030546906786562848,0.13298489237138816,0.0027663963073551426,-0.06900114012816518,-0.013353406849860703,0.0786126984397704,-0.04445954547882212,-0.14638952207370742,-0.0498628144038084,0.03223537802875031,0.12490294377263168,-0.03425643372599407,-0.002026184212277707,-0.007788155763856575,0.034585399227510805,-0.01793750874051829,-0.042078107736367346,0.11380907137478377,0.01665265016613877,0.05067798383481961,-0.0073312047949138925,-0.02708852773115257,0.05865363973172888,0.018982619005055167,-0.02266524648037724,-0.027443456228981453,0.0010449105018998737,0.07169044035307814,0.023197558931487606,0.013436525240652485,-0.08237010269064211,0.04136198555697247,0.005850400068700394,-3.80921475200283e-5,0.014230190477886612,-0.014630244917984446,-0.023883782567592982,0.01665265016613877,0.038870291417772526,0.018779934125205483,-0.01023444021589844,-0.010640283200315662,0.008892219049600221,0.0067978944669625525,-0.0028680928847877704,-0.008675454091802846,-0.0057546846990899035,0.014447332219407,0.004679651449224317,-0.008418176048972395,-0.011033697446336851,0.00803001509068817,0.008718946150407945,0.010311158477424873,0.0405599289046313,-0.02780150197683541,-0.003222424864051327,0.05067798383481961,0.018779934125205483,0.07137369614904227,0.006857629141152484,0.010790459629216702,0.030441835583289514,0.003172217612155054,-0.009431559324998099,-0.001568740063429467,-0.039333422293351177,0.030244929127988096,-0.005472676558112944,-0.009131540964073672,-0.022924305639394623,0.00011163769609703889,-0.0005500423396791478,-0.001271097307073373,0.0036186938730558586,0.0006900335296562738,0.030546906786562848,-0.0073312047949138925,-0.01023444021589844,0.006857629141152484,0.023000890297278417,0.015279857944382875,-0.004579239466183239,-0.007299013356456866,-0.009437678807778028,0.007248751118061645,-0.00022487439950712542,-0.030208048371477416,-0.007382918903469991,0.004171448857476572,0.015287947955782345,-0.014190897143170686,0.021193299157912765,0.01934747770048599,0.012834213591125427,-0.008428737526049026,0.13298489237138816,-0.02708852773115257,-0.010640283200315662,0.010790459629216702,0.015279857944382875,0.10321652172124915,0.001292995232282647,-0.04084623970781533,-0.011871098368573805,0.05186803272345024,-0.04186692088854837,-0.08680401442566855,-0.030067787571951474,0.008029766782920212,0.08488697277304955,-0.021750151863800027,0.003699670820753403,0.0019093202552711798,0.030078123088756854,-0.0036481713002899786,0.0027663963073551426,0.05865363973172888,0.008892219049600221,0.030441835583289514,-0.004579239466183239,0.001292995232282647,0.06101244798750782,0.0030036943665072086,-0.0019529857986496366,-3.937793599103007e-5,-0.014658508423449148,0.038843359636231575,0.011833786575865484,0.020069029936078106,-0.04100858900268016,0.023476185894194264,-0.015008179008935378,-0.012022194555116576,-0.004140198960361056,0.0004174986462346262,-0.06900114012816518,0.018982619005055167,0.0067978944669625525,0.003172217612155054,-0.007299013356456866,-0.04084623970781533,0.0030036943665072086,0.057883755856687674,-0.0043425413809539595,-0.03595093679254755,0.029220021907590953,0.04560345060291819,0.026774259091562638,-0.002475515316556167,-0.053004245200664546,0.005308602318120728,-0.003476078092297735,0.004548974055359673,-0.004085819191777381,0.011390203480208416,-0.013353406849860703,-0.02266524648037724,-0.0028680928847877704,-0.009431559324998099,-0.009437678807778028,-0.011871098368573805,-0.0019529857986496366,-0.0043425413809539595,0.04498962067743428,0.00018515297447136732,-0.010900114469328679,0.011756514373823627,-0.0025640847168007467,-0.0010084682639459562,-0.001829101002702355,-0.005980360274394398,0.017669981457846574,0.015189703152047526,0.006041650206330634,0.001644911461062435,0.0786126984397704,-0.027443456228981453,-0.008675454091802846,-0.001568740063429467,0.007248751118061645,0.05186803272345024,-3.937793599103007e-5,-0.03595093679254755,0.00018515297447136732,0.05409086060088807,-0.03130796920288753,-0.04917615599662382,-0.022379150176380248,0.0026536123064732327,0.05438225595467254,-0.014249806215307314,-0.01604373895551023,-0.03060052203229706,-0.027789953264004852,0.024348620413686073,-0.04445954547882212,0.0010449105018998737,-0.0057546846990899035,-0.039333422293351177,-0.00022487439950712542,-0.04186692088854837,-0.014658508423449148,0.029220021907590953,-0.010900114469328679,-0.03130796920288753,0.11002973043611108,-0.003981545049326773,0.02457398035390288,0.020198302069721424,-0.029089936070412874,0.040309033543919875,-0.006770092251555168,-0.010958628026023477,0.01834830970017032,-0.0054954730109743055,-0.14638952207370742,0.07169044035307814,0.014447332219407,0.030244929127988096,-0.030208048371477416,-0.08680401442566855,0.038843359636231575,0.04560345060291819,0.011756514373823627,-0.04917615599662382,-0.003981545049326773,0.16080225840535659,0.04238588614805838,-0.01215327131201849,-0.11461192733253253,0.023665506133785062,-0.013305011329655538,-0.010829609247748962,0.007037987818916269,0.0029670673423740517,-0.0498628144038084,0.023197558931487606,0.004679651449224317,-0.005472676558112944,-0.007382918903469991,-0.030067787571951474,0.011833786575865484,0.026774259091562638,-0.0025640847168007467,-0.022379150176380248,0.02457398035390288,0.04238588614805838,0.04179649898485226,0.0034858884253663337,-0.04668402603768208,0.017727049603134575,-0.008708169445076942,-0.002210363707406531,-0.00556549951438421,0.015833305348901452,0.03223537802875031,0.013436525240652485,-0.008418176048972395,-0.009131540964073672,0.004171448857476572,0.008029766782920212,0.020069029936078106,-0.002475515316556167,-0.0010084682639459562,0.0026536123064732327,0.020198302069721424,-0.01215327131201849,0.0034858884253663337,0.0486222054898482,-0.010193917122447146,0.010390601824177448,0.025823747331665998,0.012943484979159908,-0.013464158067255011,-0.009710453569631107,0.12490294377263168,-0.08237010269064211,-0.011033697446336851,-0.022924305639394623,0.015287947955782345,0.08488697277304955,-0.04100858900268016,-0.053004245200664546,-0.001829101002702355,0.05438225595467254,-0.029089936070412874,-0.11461192733253253,-0.04668402603768208,-0.010193917122447146,0.15351164868435255,-0.03083275458866362,0.004272915324312593,-0.010606388115717034,0.0027662104058258676,3.57040926060982e-5,-0.03425643372599407,0.04136198555697247,0.00803001509068817,0.00011163769609703889,-0.014190897143170686,-0.021750151863800027,0.023476185894194264,0.005308602318120728,-0.005980360274394398,-0.014249806215307314,0.040309033543919875,0.023665506133785062,0.017727049603134575,0.010390601824177448,-0.03083275458866362,0.05904874629003895
0.04208537840393265,0.007647191397564301,0.000920090558684432,-0.008595205709187823,0.007032621891671939,-0.004331201498708358,0.01531336426992962,-0.0005104419417710372,-0.0036308616842337686,0.01767232073964571,-0.027561672199990058,-0.010630046110679253,-0.007613918564915714,0.008248273680550512,-0.028772767667771256,0.004420015757233566,0.007831042173100357,-0.010019248104163884,0.02364951087543967,-0.006504409252477039,0.007647191397564301,0.05089464225010305,0.011169155933915162,-0.012724684373861109,0.03041019698807943,-0.03229243804407793,0.005608481643588941,-0.016104596380369,0.0007824700120839263,0.050716295621339225,-0.018731821042861196,-0.017411568873704934,-0.009590966674572536,0.027932537435352654,-0.026730106862969776,-0.06340353259734122,-0.023577532780541022,-0.011313164747309255,0.07266422570218233,-0.04131239035684875,0.000920090558684432,0.011169155933915162,0.04731256309510352,-0.005270458116371768,0.012519296925032876,-0.0005162465372110286,-0.0011647974544172592,-0.023768240570745683,-0.006983881579506923,0.0009700467401352629,-0.0103540196143905,0.004621876926161445,-0.004260340898252592,0.0048292274527771215,0.006483114880709394,-0.029896823375641906,-0.005660419327266422,-0.009028856205054489,0.041145496952154276,-0.01722418804829107,-0.008595205709187823,-0.012724684373861109,-0.005270458116371768,0.037847648962845024,-0.036741929867174825,0.008833065365193071,-0.006254136145173283,0.021159229853703332,0.0185970876902891,-0.030053975610377523,0.022110380052656323,0.030071180698871443,0.01748522012452807,-0.020352448497178384,0.030172055752788265,0.034193256537190866,0.006320218782343993,0.012205501744895627,-0.06158492678500564,0.014815638777989457,0.007032621891671939,0.03041019698807943,0.012519296925032876,-0.036741929867174825,0.2192338715897313,-0.0915197421203712,-0.025708864603177502,-0.06905975517550207,0.004946544823206203,0.13891158779127888,-0.10686208508271067,-0.0878028852802508,-0.016927064965619465,0.10964815678945208,-0.07308708694512846,-0.19411017942840475,-0.039975533896965926,-0.03249754832124616,0.25517025486480077,-0.0827933955260945,-0.004331201498708358,-0.03229243804407793,-0.0005162465372110286,0.008833065365193071,-0.0915197421203712,0.08404714361331714,0.007163228136179597,0.034136981476133796,-0.019300884536830296,-0.09028597529533912,0.05608276554651268,0.03624439917536086,0.008710565850409666,-0.0662456009989259,0.026092741863737674,0.13051177303236633,0.0319034793023846,0.017413406409324903,-0.13729376811406213,0.056524612496022836,0.01531336426992962,0.005608481643588941,-0.0011647974544172592,-0.006254136145173283,-0.025708864603177502,0.007163228136179597,0.03324749182521627,0.00206855329301204,-0.007697545572297449,-0.0010320383802981056,-0.0009278852956322808,-0.0007945585853223092,-0.004727984852831999,-0.0005816493211047095,-0.0019981317422388912,0.010507210637711765,0.011172477284531874,0.002143765725557604,-0.007765446331156265,-0.0050137944286983566,-0.0005104419417710372,-0.016104596380369,-0.023768240570745683,0.021159229853703332,-0.06905975517550207,0.034136981476133796,0.00206855329301204,0.06828830516575637,0.005754345191856116,-0.050414813640311626,0.030305071792909873,0.04049226038279264,0.025430573849236696,-0.03883129762761081,-0.0005066507305082346,0.10839239399469494,0.015516598963240981,0.01592884254954407,-0.12513348296579616,0.034418191669087626,-0.0036308616842337686,0.0007824700120839263,-0.006983881579506923,0.0185970876902891,0.004946544823206203,-0.019300884536830296,-0.007697545572297449,0.005754345191856116,0.033783657573245925,0.003337036934044443,-0.00436010226175775,0.009403320072154785,0.01444482393757071,0.008290782544460303,0.007629988870410579,-0.020615974509864313,0.001567894975666218,0.015304847798594822,-0.001250478221625561,-0.01490619232121239,0.01767232073964571,0.050716295621339225,0.0009700467401352629,-0.030053975610377523,0.13891158779127888,-0.09028597529533912,-0.0010320383802981056,-0.050414813640311626,0.003337036934044443,0.15127295305626393,-0.07682992409395843,-0.07545624924121594,-0.020560394501697603,0.09536061829833448,-0.06446608574604125,-0.16765337414187864,-0.03999950384994704,-0.0337860997358122,0.2070853258340048,-0.07766905029147345,-0.027561672199990058,-0.018731821042861196,-0.0103540196143905,0.022110380052656323,-0.10686208508271067,0.05608276554651268,-0.0009278852956322808,0.030305071792909873,-0.00436010226175775,-0.07682992409395843,0.1119521048842583,0.045677091337441425,0.002200554278059248,-0.050436145898662965,0.03348996222764151,0.09860536537216052,-0.0015278918100482246,0.01820080016205139,-0.14059122524042705,0.05061617825120452,-0.010630046110679253,-0.017411568873704934,0.004621876926161445,0.030071180698871443,-0.0878028852802508,0.03624439917536086,-0.0007945585853223092,0.04049226038279264,0.009403320072154785,-0.07545624924121594,0.045677091337441425,0.09000325999819926,0.021929571854827072,-0.046708623579567204,0.04846464522420913,0.07662792620122585,0.01488665865717856,0.011831377154625143,-0.12055422612849936,0.03310918734831535,-0.007613918564915714,-0.009590966674572536,-0.004260340898252592,0.01748522012452807,-0.016927064965619465,0.008710565850409666,-0.004727984852831999,0.025430573849236696,0.01444482393757071,-0.020560394501697603,0.002200554278059248,0.021929571854827072,0.035751175627251636,-0.017605251218315708,0.015469187224953706,0.03156619446940903,0.006935309735645911,0.017860783825109423,-0.04407451506109411,-5.246943804372269e-5,0.008248273680550512,0.027932537435352654,0.0048292274527771215,-0.020352448497178384,0.10964815678945208,-0.0662456009989259,-0.0005816493211047095,-0.03883129762761081,0.008290782544460303,0.09536061829833448,-0.050436145898662965,-0.046708623579567204,-0.017605251218315708,0.09138890145610849,-0.05060480078727326,-0.13123505851784079,-0.02920043857771551,-0.0245157405687094,0.1543011162025046,-0.05519406354763817,-0.028772767667771256,-0.026730106862969776,0.006483114880709394,0.030172055752788265,-0.07308708694512846,0.026092741863737674,-0.0019981317422388912,-0.0005066507305082346,0.007629988870410579,-0.06446608574604125,0.03348996222764151,0.04846464522420913,0.015469187224953706,-0.05060480078727326,0.13580529635070426,0.01669683704334218,0.009679196858868538,0.0020189827451269574,-0.07652023593590092,0.046058094248048895,0.004420015757233566,-0.06340353259734122,-0.029896823375641906,0.034193256537190866,-0.19411017942840475,0.13051177303236633,0.010507210637711765,0.10839239399469494,-0.020615974509864313,-0.16765337414187864,0.09860536537216052,0.07662792620122585,0.03156619446940903,-0.13123505851784079,0.01669683704334218,0.30562791501149755,0.0666140606069809,0.04445985064281993,-0.31565369755678296,0.10158959801024282,0.007831042173100357,-0.023577532780541022,-0.005660419327266422,0.006320218782343993,-0.039975533896965926,0.0319034793023846,0.011172477284531874,0.015516598963240981,0.001567894975666218,-0.03999950384994704,-0.0015278918100482246,0.01488665865717856,0.006935309735645911,-0.02920043857771551,0.009679196858868538,0.0666140606069809,0.04974718004683192,0.016275036594883455,-0.06826016871967641,0.02236998069506035,-0.010019248104163884,-0.011313164747309255,-0.009028856205054489,0.012205501744895627,-0.03249754832124616,0.017413406409324903,0.002143765725557604,0.01592884254954407,0.015304847798594822,-0.0337860997358122,0.01820080016205139,0.011831377154625143,0.017860783825109423,-0.0245157405687094,0.0020189827451269574,0.04445985064281993,0.016275036594883455,0.05396563484030802,-0.06388851692846087,0.0010040612864533273,0.02364951087543967,0.07266422570218233,0.041145496952154276,-0.06158492678500564,0.25517025486480077,-0.13729376811406213,-0.007765446331156265,-0.12513348296579616,-0.001250478221625561,0.2070853258340048,-0.14059122524042705,-0.12055422612849936,-0.04407451506109411,0.1543011162025046,-0.07652023593590092,-0.31565369755678296,-0.06826016871967641,-0.06388851692846087,0.40071107087969793,-0.12426655995755495,-0.006504409252477039,-0.04131239035684875,-0.01722418804829107,0.014815638777989457,-0.0827933955260945,0.056524612496022836,-0.0050137944286983566,0.034418191669087626,-0.01490619232121239,-0.07766905029147345,0.05061617825120452,0.03310918734831535,-5.246943804372269e-5,-0.05519406354763817,0.046058094248048895,0.10158959801024282,0.02236998069506035,0.0010040612864533273,-0.12426655995755495,0.08602765252235353
0.05337674577283046,0.003315927135107629,-0.002309685488087702,0.003062772742512399,0.06342925752096436,-0.04047791924389041,-0.006291164161270122,-0.025485073359057295,0.01273014435194638,0.05429032071400536,-0.03792072452003317,-0.019951385807932,0.0037774131354879953,0.03992933348926568,-0.024693541081871443,-0.08201698695139906,-0.01675871927255486,-0.009609147522300666,0.07223651915423895,-0.0036448164962187986,0.003315927135107629,0.026061885099217332,0.004234592742664484,0.006886448328462391,0.0026409954764205264,-0.001005788023677178,-0.004944898557012185,0.0034231968523943885,-0.0007190528542027107,0.003448625200313361,0.0012839700683232055,-0.0019117256643344154,-0.004948913175899603,0.007920726841897954,-0.005274901121035675,-0.0004954343297601674,3.262433542345266e-5,0.005459408751581539,0.0003744887599186203,-0.0007794970919251291,-0.002309685488087702,0.004234592742664484,0.022227641031182563,-0.007775758738598827,-0.02510663400806148,0.009699032184844327,0.008715124290333238,0.011325625007861552,-0.010528099288018414,-0.01073824940362603,0.006143430854451116,0.0076567128406647145,-0.00613348906554559,-0.01871873894940676,0.004760931469459509,0.0240899226697725,-0.00122000391597827,-0.0031231409637210742,-0.026377154166257532,0.002182914598137072,0.003062772742512399,0.006886448328462391,-0.007775758738598827,0.07139677628268931,0.008005734173127343,0.012393993823635176,-0.04336705962251167,-0.008669080180152122,0.025460803940143564,-0.013758552096910362,0.0037215976192308195,0.04510661837139256,0.016933529740427805,-0.0022194750512414783,0.0664472629970685,-0.01907501107990187,0.0021532769494635434,0.024654387768439437,-0.0353666419919827,0.01690464165715079,0.06342925752096436,0.0026409954764205264,-0.02510663400806148,0.008005734173127343,0.23839240350229404,-0.14051595578666604,-0.004547159620007801,-0.0803976321491014,0.05065698270805406,0.14356830160796868,-0.08175804287512214,-0.08111685578942718,-0.008240737371245465,0.09857806229896762,-0.09737081629371618,-0.20458534860652638,-0.017568242422015247,-0.013746499844633789,0.24172437990092133,-0.0862446143404336,-0.04047791924389041,-0.001005788023677178,0.009699032184844327,0.012393993823635176,-0.14051595578666604,0.1268701819452507,-0.012386732536138268,0.04396284001885112,-0.03044662063289085,-0.1254236519163393,0.06517461817522674,0.07405367724841655,0.016372319591549625,-0.05999809409709163,0.08637866658476345,0.15483239494066364,0.020138765961689994,0.029055502700041744,-0.18764221660161362,0.06588716096932645,-0.006291164161270122,-0.004944898557012185,0.008715124290333238,-0.04336705962251167,-0.004547159620007801,-0.012386732536138268,0.06467759442069439,0.006653472447960062,-0.02169996531246883,0.006675407013195495,0.0055397399732234325,-0.0453486666452553,-0.022453117336821128,-0.015212810477050226,-0.061994483485109275,0.02273335960741545,0.004610918591934158,-0.01803414723632838,0.03400696809377982,-0.030452942235691623,-0.025485073359057295,0.0034231968523943885,0.011325625007861552,-0.008669080180152122,-0.0803976321491014,0.04396284001885112,0.006653472447960062,0.04259529340670415,-0.018681281257935403,-0.0377719002838172,0.024203499823616643,0.018076836814259832,-0.0020501826460092585,-0.030956627807597694,0.018373192192778345,0.07440831580742066,0.0010867448685238483,0.0002477737147940349,-0.07619173248642064,0.020453781867787194,0.01273014435194638,-0.0007190528542027107,-0.010528099288018414,0.025460803940143564,0.05065698270805406,-0.03044662063289085,-0.02169996531246883,-0.018681281257935403,0.03500989945004797,0.02364213372074978,-0.01304030685656464,-0.0027534782036553983,0.005840225410957916,0.018304178236296473,0.013705441845271374,-0.05618918976030189,0.0031050082329177222,0.007371269869138363,0.03876401021607308,-0.014788999237519085,0.05429032071400536,0.003448625200313361,-0.01073824940362603,-0.013758552096910362,0.14356830160796868,-0.1254236519163393,0.006675407013195495,-0.0377719002838172,0.02364213372074978,0.17796074783823132,-0.07980951173349024,-0.09378521517029852,-0.016399879704174586,0.07753919142160864,-0.11922615390873284,-0.1754965530041857,-0.04302568511811332,-0.03923695508359708,0.21486189372862363,-0.07138453848651691,-0.03792072452003317,0.0012839700683232055,0.006143430854451116,0.0037215976192308195,-0.08175804287512214,0.06517461817522674,0.0055397399732234325,0.024203499823616643,-0.01304030685656464,-0.07980951173349024,0.07415702525805729,0.04416933240166952,0.0006356446917178274,-0.054119517420974594,0.045413371033125156,0.11191081723035803,0.026373631755020853,0.013784601525288823,-0.11141760657279742,0.023642078901997727,-0.019951385807932,-0.0019117256643344154,0.0076567128406647145,0.04510661837139256,-0.08111685578942718,0.07405367724841655,-0.0453486666452553,0.018076836814259832,-0.0027534782036553983,-0.09378521517029852,0.04416933240166952,0.12442728201324872,0.01600332780587023,-0.04553262446801863,0.13263996148606572,0.08056903793327466,0.0182402029958215,0.03157856923460501,-0.15208182601650494,0.0600528439939633,0.0037774131354879953,-0.004948913175899603,-0.00613348906554559,0.016933529740427805,-0.008240737371245465,0.016372319591549625,-0.022453117336821128,-0.0020501826460092585,0.005840225410957916,-0.016399879704174586,0.0006356446917178274,0.01600332780587023,0.03886366142537264,0.011920837497645175,0.0233141977394874,-0.004923309685547251,0.006079490993657103,0.0035279292378229974,-0.021424519664992696,0.023900933134561424,0.03992933348926568,0.007920726841897954,-0.01871873894940676,-0.0022194750512414783,0.09857806229896762,-0.05999809409709163,-0.015212810477050226,-0.030956627807597694,0.018304178236296473,0.07753919142160864,-0.054119517420974594,-0.04553262446801863,0.011920837497645175,0.09731696176273873,-0.06500131970549446,-0.11518805083020053,-0.017649234133281972,-0.0028040631596416192,0.1293341753864633,-0.016783977464499555,-0.024693541081871443,-0.005274901121035675,0.004760931469459509,0.0664472629970685,-0.09737081629371618,0.08637866658476345,-0.061994483485109275,0.018373192192778345,0.013705441845271374,-0.11922615390873284,0.045413371033125156,0.13263996148606572,0.0233141977394874,-0.06500131970549446,0.20886969761575497,0.08564166586330182,0.023113529195460697,0.04773655828411784,-0.1882065491870128,0.07617950704080037,-0.08201698695139906,-0.0004954343297601674,0.0240899226697725,-0.01907501107990187,-0.20458534860652638,0.15483239494066364,0.02273335960741545,0.07440831580742066,-0.05618918976030189,-0.1754965530041857,0.11191081723035803,0.08056903793327466,-0.004923309685547251,-0.11518805083020053,0.08564166586330182,0.26839574942573385,0.039286774431057735,0.03246019866926609,-0.2541133642789223,0.053832745225166095,-0.01675871927255486,3.262433542345266e-5,-0.00122000391597827,0.0021532769494635434,-0.017568242422015247,0.020138765961689994,0.004610918591934158,0.0010867448685238483,0.0031050082329177222,-0.04302568511811332,0.026373631755020853,0.0182402029958215,0.006079490993657103,-0.017649234133281972,0.023113529195460697,0.039286774431057735,0.04196563614248469,0.007091997616694301,-0.038897791428976605,0.01136499224799058,-0.009609147522300666,0.005459408751581539,-0.0031231409637210742,0.024654387768439437,-0.013746499844633789,0.029055502700041744,-0.01803414723632838,0.0002477737147940349,0.007371269869138363,-0.03923695508359708,0.013784601525288823,0.03157856923460501,0.0035279292378229974,-0.0028040631596416192,0.04773655828411784,0.03246019866926609,0.007091997616694301,0.058947986103748184,-0.04208703382679968,0.012641099503333853,0.07223651915423895,0.0003744887599186203,-0.026377154166257532,-0.0353666419919827,0.24172437990092133,-0.18764221660161362,0.03400696809377982,-0.07619173248642064,0.03876401021607308,0.21486189372862363,-0.11141760657279742,-0.15208182601650494,-0.021424519664992696,0.1293341753864633,-0.1882065491870128,-0.2541133642789223,-0.038897791428976605,-0.04208703382679968,0.34821120282762863,-0.11020983640701273,-0.0036448164962187986,-0.0007794970919251291,0.002182914598137072,0.01690464165715079,-0.0862446143404336,0.06588716096932645,-0.030452942235691623,0.020453781867787194,-0.014788999237519085,-0.07138453848651691,0.023642078901997727,0.0600528439939633,0.023900933134561424,-0.016783977464499555,0.07617950704080037,0.053832745225166095,0.01136499224799058,0.012641099503333853,-0.11020983640701273,0.08152907163255714
