0.055364346861006906,-0.0064301164800983635,0.001156283515882776,-0.0117459005297789,-0.0005929806055180586,-0.0021024785525812183,0.0004420866888852543,-0.00023655346483012114,-0.01860581981765615,0.0024700466442695145,0.004595284795276254,-0.00320442078538997,0.006522631154483821,0.01857251553378094,0.023684981443699026,0.004371964510140632,-0.0028476811697828383,-0.02482718621688284,-0.013503081798677541,-0.013548929321977501,-0.0064301164800983635,0.029543247439792142,-0.0017209138565749318,0.009368089982952816,-0.006061016023574241,-0.009117600296617234,-0.00549113267293066,0.011638382127841929,0.003871398193645214,-0.0028686286157292833,0.00565939698872785,-0.0013532571568138706,0.001249143073189277,-0.00024280542158197768,-0.019662451043335864,-0.005689968475285039,0.0020993725456669894,0.0034323764397519285,0.009096500834458895,0.005443542133795618,0.001156283515882776,-0.0017209138565749318,0.024105238843532727,0.009273609244391277,0.00392193167149292,0.008296573991674584,-0.008976729852708747,0.005367595046085944,-0.0012392580066768375,0.0008041427417197342,-0.004872831632162941,0.0059964752411837356,-0.009620787111469041,-0.0016516608390549287,0.004116913308167696,-0.002707151960740933,0.005822895621897509,-0.0023709946101443755,-0.0002302193388893666,0.0023146088831408973,-0.0117459005297789,0.009368089982952816,0.009273609244391277,0.033161288584775184,-0.0043167958879060464,-0.0007505128876251143,-0.010060907268140348,0.01623498085144437,0.007150009888246135,0.00495389742650949,0.0007360578484873957,0.004819052597814126,-0.007929396546536847,-0.008339555119446711,-0.013838901756387516,-0.01054393815554289,0.004517525191062518,-0.006317913253696432,0.007599389828156571,0.011267354569052056,-0.0005929806055180586,-0.006061016023574241,0.00392193167149292,-0.0043167958879060464,0.0190698531646798,-0.0018827164240254209,-0.0003897092164288887,-0.006878784748693738,0.001239975131131824,5.285377668457476e-6,-0.0033807992987291667,0.002813172084962144,-0.0039998652738242055,0.002807092017188207,0.004851351520659167,0.00521028998485336,0.0014661356848358655,0.004447637734214784,-0.0016600080460901917,0.001417411036162722,-0.0021024785525812183,-0.009117600296617234,0.008296573991674584,-0.0007505128876251143,-0.0018827164240254209,0.03494927898752994,0.007119434553426019,-0.003932060781796101,0.003336676370390977,-0.006043692969391085,-0.010701269755803612,-0.00083704633669405,0.0014048921136963835,-0.002813668713390242,0.015893438800879872,-0.0011796920037551511,0.0063541680137576325,0.003964389117333499,-0.009919600308542373,-0.002280499120879512,0.0004420866888852543,-0.00549113267293066,-0.008976729852708747,-0.010060907268140348,-0.0003897092164288887,0.007119434553426019,0.029065486887486787,-0.010824095061265089,0.006017837006867841,0.00010759290347015743,-0.0017037318682560647,-0.003983372476029683,0.01620261105870785,-0.005000167842130228,0.008628212702510468,0.006044417530583593,-0.0052973012342752935,0.0013746034493566572,-0.0011893280652814145,-0.0086859804474698,-0.00023655346483012114,0.011638382127841929,0.005367595046085944,0.01623498085144437,-0.006878784748693738,-0.003932060781796101,-0.010824095061265089,0.040909778242705,-0.0011088548763004604,0.0007609303718188419,0.004493159580585704,-0.002703897927240402,-0.0074339955737767315,0.00034583106939659915,-0.006158836549827388,-0.006877293501185993,0.004314686694875216,-0.0017151593768648817,0.0011247634392988284,0.014398200422873996,-0.01860581981765615,0.003871398193645214,-0.0012392580066768375,0.007150009888246135,0.001239975131131824,0.003336676370390977,0.006017837006867841,-0.0011088548763004604,0.029123575320316633,0.003482175735564118,-0.004459678402784323,0.00012628406965642077,0.008016362780154643,-0.010060007192092473,-0.006777160224180633,-0.0020771947709654045,0.004465514851674991,0.004646616123011139,0.008443223487130017,0.004472100584399971,0.0024700466442695145,-0.0028686286157292833,0.0008041427417197342,0.00495389742650949,5.285377668457476e-6,-0.006043692969391085,0.00010759290347015743,0.0007609303718188419,0.003482175735564118,0.02214486296589821,0.000892447973459611,0.0012664367921399562,-0.0029764057226942557,-0.004594106945879653,0.003936735000099569,-0.000963963677745622,-0.004031884733497791,-0.009183113721551728,-0.0003574788974450889,0.0006696652016917936,0.004595284795276254,0.00565939698872785,-0.004872831632162941,0.0007360578484873957,-0.0033807992987291667,-0.010701269755803612,-0.0017037318682560647,0.004493159580585704,-0.004459678402784323,0.000892447973459611,0.017432020123729505,-0.00259981697919882,3.936664406985549e-5,0.005253845661840977,-0.00702977423724165,0.002372172009913195,-0.0038824938004461177,0.0015676482387446135,0.0007678062647251435,0.001643834725570788,-0.00320442078538997,-0.0013532571568138706,0.0059964752411837356,0.004819052597814126,0.002813172084962144,-0.00083704633669405,-0.003983372476029683,-0.002703897927240402,0.00012628406965642077,0.0012664367921399562,-0.00259981697919882,0.01618100164515322,-0.004692922687696357,-0.0010915195373702425,-0.0023141688425237436,-0.0007527599900161494,-0.0010837968922435993,0.0002919207389601942,0.00132546348131539,-0.000198713897708835,0.006522631154483821,0.001249143073189277,-0.009620787111469041,-0.007929396546536847,-0.0039998652738242055,0.0014048921136963835,0.01620261105870785,-0.0074339955737767315,0.008016362780154643,-0.0029764057226942557,3.936664406985549e-5,-0.004692922687696357,0.03327685090675038,0.0027858917703316,0.0004797445976971579,0.001276714116720058,-0.005303414214824221,-0.006870842874588031,-0.003705468874494528,-0.008865488042211832,0.01857251553378094,-0.00024280542158197768,-0.0016516608390549287,-0.008339555119446711,0.002807092017188207,-0.002813668713390242,-0.005000167842130228,0.00034583106939659915,-0.010060007192092473,-0.004594106945879653,0.005253845661840977,-0.0010915195373702425,0.0027858917703316,0.02772311122841011,0.008411997013578542,0.005521003590299153,0.0021969199348786934,9.549373439860648e-5,-0.002821992196178939,-0.00568940255047793,0.023684981443699026,-0.019662451043335864,0.004116913308167696,-0.013838901756387516,0.004851351520659167,0.015893438800879872,0.008628212702510468,-0.006158836549827388,-0.006777160224180633,0.003936735000099569,-0.00702977423724165,-0.0023141688425237436,0.0004797445976971579,0.008411997013578542,0.04902292022612669,0.006483142441426367,0.0036412063608682564,-0.010351096203618848,-0.01826594046111919,-0.012786836965742713,0.004371964510140632,-0.005689968475285039,-0.002707151960740933,-0.01054393815554289,0.00521028998485336,-0.0011796920037551511,0.006044417530583593,-0.006877293501185993,-0.0020771947709654045,-0.000963963677745622,0.002372172009913195,-0.0007527599900161494,0.001276714116720058,0.005521003590299153,0.006483142441426367,0.02081804481169393,-0.005603852534452806,0.005428967151081036,-0.0049716843134949874,-0.0022424302455539232,-0.0028476811697828383,0.0020993725456669894,0.005822895621897509,0.004517525191062518,0.0014661356848358655,0.0063541680137576325,-0.0052973012342752935,0.004314686694875216,0.004465514851674991,-0.004031884733497791,-0.0038824938004461177,-0.0010837968922435993,-0.005303414214824221,0.0021969199348786934,0.0036412063608682564,-0.005603852534452806,0.022936963908637593,0.002447967293010037,0.0006763652967945032,0.003872579222393575,-0.02482718621688284,0.0034323764397519285,-0.0023709946101443755,-0.006317913253696432,0.004447637734214784,0.003964389117333499,0.0013746034493566572,-0.0017151593768648817,0.004646616123011139,-0.009183113721551728,0.0015676482387446135,0.0002919207389601942,-0.006870842874588031,9.549373439860648e-5,-0.010351096203618848,0.005428967151081036,0.002447967293010037,0.0482073952117838,0.0016509315501356393,0.009937989325892599,-0.013503081798677541,0.009096500834458895,-0.0002302193388893666,0.007599389828156571,-0.0016600080460901917,-0.009919600308542373,-0.0011893280652814145,0.0011247634392988284,0.008443223487130017,-0.0003574788974450889,0.0007678062647251435,0.00132546348131539,-0.003705468874494528,-0.002821992196178939,-0.01826594046111919,-0.0049716843134949874,0.0006763652967945032,0.0016509315501356393,0.020653276545555734,0.009698876856130013,-0.013548929321977501,0.005443542133795618,0.0023146088831408973,0.011267354569052056,0.001417411036162722,-0.002280499120879512,-0.0086859804474698,0.014398200422873996,0.004472100584399971,0.0006696652016917936,0.001643834725570788,-0.000198713897708835,-0.008865488042211832,-0.00568940255047793,-0.012786836965742713,-0.0022424302455539232,0.003872579222393575,0.009937989325892599,0.009698876856130013,0.022083097056129538
