0.08307557292641138,-0.016780550391900628,0.007780373351596679,-0.01632298885313356,0.0018772125857239748,0.009593602438850116,-0.003004252314938146,-0.008935053435313131,-0.03127908259841272,0.002323274925366035,0.0028231197120098936,0.0036195439244495033,0.008951541737612671,0.033300918965280646,0.040600246619959854,0.016558042118960455,-0.011499943434340378,-0.027760056699468343,-0.019290028659640024,-0.01085405576483919,-0.016780550391900628,0.03813353079941429,0.004146381480214266,0.011308678081503636,-0.007096129167830037,-0.010815942189814024,-0.01583703551278929,0.02165971573004218,0.0013147654552762861,-0.005357438689263168,0.007407866803453905,-0.004977909858377325,-0.00558796276212971,0.005913076823716112,-0.025133097953144747,-0.007110661849836016,0.009179350066416122,0.017620194034943644,0.008008682924478976,0.007861359202490054,0.007780373351596679,0.004146381480214266,0.02581471344535416,0.003932052162603481,-0.0012037895034027165,0.013379565518753782,-0.007647113597566053,0.00467821759469161,-0.0055897413013647965,-0.0029102832942221766,-0.0005312076210940421,0.0017300040383719723,-0.007317367445585251,0.0044789045942058205,0.0004943875240704376,0.002487310882751642,0.00015115840997797933,0.004522817120785228,-6.411439703591977e-5,0.001842892917320757,-0.01632298885313356,0.011308678081503636,0.003932052162603481,0.02941315752126215,-0.0009262245026460147,-0.0038574604090660823,-0.006121525097327343,0.020457126170772177,0.005693554049981604,0.0066273051905397385,0.0005983847259436775,0.0033418879810849234,-0.008578104760645737,-0.006613995722639307,-0.01199892945405195,-0.011049861075655724,0.006057290847928297,0.007059311901894013,0.004998722711301348,0.012770294056726805,0.0018772125857239748,-0.007096129167830037,-0.0012037895034027165,-0.0009262245026460147,0.020431880249123638,-0.00694955987609849,0.0035516368837383233,-0.009517270482600251,-0.002156430107333603,-0.001324546368141626,0.0007370343044029651,0.004731007509882257,-0.0013561780175320249,0.004440463045712588,0.005425827187648037,0.006174713109289848,-0.00024799373073556403,0.007644912309950753,-0.0020786392639403043,0.00061600775776161,0.009593602438850116,-0.010815942189814024,0.013379565518753782,-0.0038574604090660823,-0.00694955987609849,0.04647803960911208,0.005104158827175069,-0.014597962343517807,-0.0008926350954462643,-0.0027954741200321084,-0.011741472900303626,0.002983452273041029,-0.002265549420650409,-0.0006447599046346416,0.01733749385272202,0.005621011804240062,-0.003273076115986643,-0.005392245012174885,-0.006766324854419104,-0.0015858617670875402,-0.003004252314938146,-0.01583703551278929,-0.007647113597566053,-0.006121525097327343,0.0035516368837383233,0.005104158827175069,0.033415593025165946,-0.016548408612055317,0.009380054766879965,0.0030444608674347244,0.0011058834981872378,-0.001752489790974291,0.016676303764155367,-0.01688945114768009,0.005152301781413937,0.005227320283949705,-0.006811103237032252,-0.0037244214599265356,-0.001073310597123896,-0.0071687097766852574,-0.008935053435313131,0.02165971573004218,0.00467821759469161,0.020457126170772177,-0.009517270482600251,-0.014597962343517807,-0.016548408612055317,0.05316396624967456,-0.0011157934776036605,0.0012773301915189454,0.008524422130678177,-0.006260902875929963,-0.006161884798585981,-0.0008388320805685361,-0.015630032675264624,-0.013680284415804224,0.006360893593195903,0.0011739658156306632,0.0015315639385391094,0.01590941895414262,-0.03127908259841272,0.0013147654552762861,-0.0055897413013647965,0.005693554049981604,-0.002156430107333603,-0.0008926350954462643,0.009380054766879965,-0.0011157934776036605,0.03598450467608785,0.00322030518426938,-0.0036760219544914553,-0.0019726441146882025,0.006885732415775118,-0.020468320775573194,-0.013438563059842971,-0.007831218253501917,0.0035941153490940403,0.005342134179072136,0.01209679435349393,0.0022419961780070063,0.002323274925366035,-0.005357438689263168,-0.0029102832942221766,0.0066273051905397385,-0.001324546368141626,-0.0027954741200321084,0.0030444608674347244,0.0012773301915189454,0.00322030518426938,0.031042898997758955,-0.0034721257864596283,-0.0008040154758755549,-0.0032253582980281597,-0.007303763914853893,0.007329458218835663,-0.006473532165539704,-0.001543343348859744,-0.015409479949875692,-0.002669367967379604,9.14149012099055e-5,0.0028231197120098936,0.007407866803453905,-0.0005312076210940421,0.0005983847259436775,0.0007370343044029651,-0.011741472900303626,0.0011058834981872378,0.008524422130678177,-0.0036760219544914553,-0.0034721257864596283,0.020697244186986753,-0.007439656275938181,0.0032786309644673335,0.0026711743010690864,-0.00705860903186928,0.0017168348560152222,0.0026662901124862243,0.003358066178161138,-0.003660863142982188,0.0005424912588769184,0.0036195439244495033,-0.004977909858377325,0.0017300040383719723,0.0033418879810849234,0.004731007509882257,0.002983452273041029,-0.001752489790974291,-0.006260902875929963,-0.0019726441146882025,-0.0008040154758755549,-0.007439656275938181,0.02294113643007856,-0.006757461758769068,0.0009447262740179476,0.0006044069157537942,0.0037999979128848166,-0.0058752925878874694,0.00017360713327592008,0.0034276263827472103,0.0013355737586572111,0.008951541737612671,-0.00558796276212971,-0.007317367445585251,-0.008578104760645737,-0.0013561780175320249,-0.002265549420650409,0.016676303764155367,-0.006161884798585981,0.006885732415775118,-0.0032253582980281597,0.0032786309644673335,-0.006757461758769068,0.03304343940913987,-0.00664209784004935,0.003053176245924394,0.003253120549538036,-0.006175451192337289,-0.010263087275224715,-0.007776754020852035,-0.006348160521361276,0.033300918965280646,0.005913076823716112,0.0044789045942058205,-0.006613995722639307,0.004440463045712588,-0.0006447599046346416,-0.01688945114768009,-0.0008388320805685361,-0.020468320775573194,-0.007303763914853893,0.0026711743010690864,0.0009447262740179476,-0.00664209784004935,0.05441718255015522,0.02149011161944578,0.011947441056319012,0.008945038973578772,0.003973436629918537,-0.002678380009144862,-0.007482170370046732,0.040600246619959854,-0.025133097953144747,0.0004943875240704376,-0.01199892945405195,0.005425827187648037,0.01733749385272202,0.005152301781413937,-0.015630032675264624,-0.013438563059842971,0.007329458218835663,-0.00705860903186928,0.0006044069157537942,0.003053176245924394,0.02149011161944578,0.062420292649975596,0.009491784572371598,0.002068361408887989,-0.021940948917458944,-0.019618117946510843,-0.01233751383938956,0.016558042118960455,-0.007110661849836016,0.002487310882751642,-0.011049861075655724,0.006174713109289848,0.005621011804240062,0.005227320283949705,-0.013680284415804224,-0.007831218253501917,-0.006473532165539704,0.0017168348560152222,0.0037999979128848166,0.003253120549538036,0.011947441056319012,0.009491784572371598,0.025452352963875793,-0.008236250102212022,0.004717823736676637,-0.005435934313691169,-0.0018413418379804461,-0.011499943434340378,0.009179350066416122,0.00015115840997797933,0.006057290847928297,-0.00024799373073556403,-0.003273076115986643,-0.006811103237032252,0.006360893593195903,0.0035941153490940403,-0.001543343348859744,0.0026662901124862243,-0.0058752925878874694,-0.006175451192337289,0.008945038973578772,0.002068361408887989,-0.008236250102212022,0.025232520240757617,0.00360249300397224,0.0028021358909121477,0.001383770470589286,-0.027760056699468343,0.017620194034943644,0.004522817120785228,0.007059311901894013,0.007644912309950753,-0.005392245012174885,-0.0037244214599265356,0.0011739658156306632,0.005342134179072136,-0.015409479949875692,0.003358066178161138,0.00017360713327592008,-0.010263087275224715,0.003973436629918537,-0.021940948917458944,0.004717823736676637,0.00360249300397224,0.059742598034069894,0.0108915665553664,0.01574786160099398,-0.019290028659640024,0.008008682924478976,-6.411439703591977e-5,0.004998722711301348,-0.0020786392639403043,-0.006766324854419104,-0.001073310597123896,0.0015315639385391094,0.01209679435349393,-0.002669367967379604,-0.003660863142982188,0.0034276263827472103,-0.007776754020852035,-0.002678380009144862,-0.019618117946510843,-0.005435934313691169,0.0028021358909121477,0.0108915665553664,0.021665561477488417,0.007911446267477756,-0.01085405576483919,0.007861359202490054,0.001842892917320757,0.012770294056726805,0.00061600775776161,-0.0015858617670875402,-0.0071687097766852574,0.01590941895414262,0.0022419961780070063,9.14149012099055e-5,0.0005424912588769184,0.0013355737586572111,-0.006348160521361276,-0.007482170370046732,-0.01233751383938956,-0.0018413418379804461,0.001383770470589286,0.01574786160099398,0.007911446267477756,0.02492938743393582
0.04805082553034401,0.003824800672489338,-0.009276817950274043,-0.013314747151052193,-0.004610756774033435,-0.004067592437071015,0.0016600087330341567,0.009056098234523108,-0.015061840297006466,0.0011602559859938944,0.0056536296698386414,-0.007876368247195871,0.0027016819887288,0.013034172696366395,0.016248410414334467,-0.0007322265264256911,0.00036824197611539717,-0.018110768175819074,-0.011474676062048082,-0.010021774104837261,0.003824800672489338,0.03989581321410112,-0.018313090636705442,-0.005883874345367536,-0.0050231465686273805,-0.005431909828479317,0.005420233474076731,0.01808803453041507,-0.009389257302874075,-0.010345483712287523,0.0019861564734017212,-0.011059892073210932,0.002585132251140753,-0.001204206084149463,-0.021786399433404748,-0.01359254142223738,-0.004406335192765622,0.0038473709745304907,0.004946919908727039,0.0034520363155622403,-0.009276817950274043,-0.018313090636705442,0.0519792088350538,0.015694674689530834,0.013374728567182788,0.02123887851662748,-0.01364850179823102,-0.01865321641389478,0.011028668841842212,-0.00493680138906172,-0.02109308804594074,0.022938090018191304,-0.0045682919678252405,-0.004447365055895568,0.018880322106817567,-0.00988121276188441,0.018553272096340855,-0.010389459022555017,0.002479874717533132,-0.00672193821480095,-0.013314747151052193,-0.005883874345367536,0.015694674689530834,0.04479650860227422,-0.012073135235679117,0.013281272833588584,-0.011152726311621492,0.006849519972277104,0.010611554543680464,-0.005093391453828965,-0.0069315192607843894,-0.0004331432502569048,-0.007619104178378681,-0.017954153440121117,-0.007859777703606153,-0.003751231506074506,0.00839430473565222,-0.01721073365994666,0.0019633907399283185,0.006030599982797828,-0.004610756774033435,-0.0050231465686273805,0.013374728567182788,-0.012073135235679117,0.03516857357873209,-0.0006132135208194857,2.1507316246426008e-5,-0.014976252623509895,0.003974417404673759,0.0006647187882991654,-0.006775411073359551,0.011715869983016328,-0.006238725292001105,0.003553134029171552,0.0036637140390883283,0.008249797355875544,0.002918897281446544,0.009349627142949193,0.0007270971039334242,0.004925057977791441,-0.004067592437071015,-0.005431909828479317,0.02123887851662748,0.013281272833588584,-0.0006132135208194857,0.05650627479392674,0.0053136896503451474,0.0017829024356913249,0.012370825562385904,-0.025644403070368745,-0.03197272020432778,-0.0061747666570814794,0.0029238110075787463,-0.015031733993325545,0.01245503618161238,-0.012306441467003607,0.024323489714485096,-0.004495444522234102,-0.010613483052452754,-0.0010754230723655216,0.0016600087330341567,0.005420233474076731,-0.01364850179823102,-0.011152726311621492,2.1507316246426008e-5,0.0053136896503451474,0.028408009416818616,-0.0005322190464798551,0.0032215118600213643,-0.002562546892405904,-0.005432973925838832,-0.005395059784102608,0.019978865485762137,0.002399610408999586,0.0007478314261894824,-0.0008363002362439875,-0.004909888881397154,0.0034367645488263578,0.002087573134038331,-0.005353879972111012,0.009056098234523108,0.01808803453041507,-0.01865321641389478,0.006849519972277104,-0.014976252623509895,0.0017829024356913249,-0.0005322190464798551,0.04878689198056184,-0.011852837328392695,-0.005882475765235831,0.0042037548905216,-0.02356120766268066,-0.008315054274551774,-0.006163206878892049,0.0006470709444634663,-0.00369577402418945,-0.002748479306366623,-0.0071721955262836826,-0.007665837379160522,0.012584315411579632,-0.015061840297006466,-0.009389257302874075,0.011028668841842212,0.010611554543680464,0.003974417404673759,0.012370825562385904,0.0032215118600213643,-0.011852837328392695,0.0350235896564884,0.002323477241695203,-0.009284677480065466,0.0045623439905720965,0.012711443467609431,-0.008431228692175219,-0.004199920037460115,0.0020899935275284507,0.00905463281291521,-0.002737814539043403,0.0074251188161000865,0.003207905527188004,0.0011602559859938944,-0.010345483712287523,-0.00493680138906172,-0.005093391453828965,0.0006647187882991654,-0.025644403070368745,-0.002562546892405904,-0.005882475765235831,0.002323477241695203,0.03709606801498504,0.017079375687209936,0.00580827789202403,-0.0020009050373288673,0.005533360980543867,0.007976105712536118,0.011221759045991049,-0.017071113903427863,-0.001740854760227637,0.002074487765590243,0.0010543641113468288,0.0056536296698386414,0.0019861564734017212,-0.02109308804594074,-0.0069315192607843894,-0.006775411073359551,-0.03197272020432778,-0.005432973925838832,0.0042037548905216,-0.009284677480065466,0.017079375687209936,0.03787371710962049,-0.0015940509394862098,-0.004499391796684881,0.011458011127821063,-0.009437360944082561,0.017387523867215413,-0.018130522445388632,0.007529477263977617,-0.001549476379741916,0.003937427996054916,-0.007876368247195871,-0.011059892073210932,0.022938090018191304,-0.0004331432502569048,0.011715869983016328,-0.0061747666570814794,-0.005395059784102608,-0.02356120766268066,0.0045623439905720965,0.00580827789202403,-0.0015940509394862098,0.037149512715268805,0.0035815517191592986,0.00910453250763504,-0.00013457918672250488,-0.005995737597810226,0.001633310242775493,0.0030943197932921628,0.008095773113347587,-0.007481510371105431,0.0027016819887288,0.002585132251140753,-0.0045682919678252405,-0.007619104178378681,-0.006238725292001105,0.0029238110075787463,0.019978865485762137,-0.008315054274551774,0.012711443467609431,-0.0020009050373288673,-0.004499391796684881,0.0035815517191592986,0.04595717768653093,0.012881564126378066,-0.0015664025729228827,-0.009886705511061713,-0.0023923624791148514,-0.006557423089171824,0.0056023106471944605,-0.011355509399151795,0.013034172696366395,-0.001204206084149463,-0.004447365055895568,-0.017954153440121117,0.003553134029171552,-0.015031733993325545,0.002399610408999586,-0.006163206878892049,-0.008431228692175219,0.005533360980543867,0.011458011127821063,0.00910453250763504,0.012881564126378066,0.035365092882241524,0.008510484903698204,0.0006172153403020413,-0.002674062363889923,0.001450584559011155,0.005465344699090744,-0.01011703698703375,0.016248410414334467,-0.021786399433404748,0.018880322106817567,-0.007859777703606153,0.0036637140390883283,0.01245503618161238,0.0007478314261894824,0.0006470709444634663,-0.004199920037460115,0.007976105712536118,-0.009437360944082561,-0.00013457918672250488,-0.0015664025729228827,0.008510484903698204,0.061375811507225965,0.002511621443789195,0.0042551220964724586,-0.013691133753535575,-0.013747236956477952,-0.011419936009778614,-0.0007322265264256911,-0.01359254142223738,-0.00988121276188441,-0.003751231506074506,0.008249797355875544,-0.012306441467003607,-0.0008363002362439875,-0.00369577402418945,0.0020899935275284507,0.011221759045991049,0.017387523867215413,-0.005995737597810226,-0.009886705511061713,0.0006172153403020413,0.002511621443789195,0.03910746755755706,-0.00917050835214249,0.010164087044391524,-0.009616891252118417,0.008369049587206578,0.00036824197611539717,-0.004406335192765622,0.018553272096340855,0.00839430473565222,0.002918897281446544,0.024323489714485096,-0.004909888881397154,-0.002748479306366623,0.00905463281291521,-0.017071113903427863,-0.018130522445388632,0.001633310242775493,-0.0023923624791148514,-0.002674062363889923,0.0042551220964724586,-0.00917050835214249,0.03312001000109096,-0.005060717808300509,0.00048370750313902805,0.0015739273233809302,-0.018110768175819074,0.0038473709745304907,-0.010389459022555017,-0.01721073365994666,0.009349627142949193,-0.004495444522234102,0.0034367645488263578,-0.0071721955262836826,-0.002737814539043403,-0.001740854760227637,0.007529477263977617,0.0030943197932921628,-0.006557423089171824,0.001450584559011155,-0.013691133753535575,0.010164087044391524,-0.005060717808300509,0.04570575491796667,-0.0021331906750485853,0.010922778882056696,-0.011474676062048082,0.004946919908727039,0.002479874717533132,0.0019633907399283185,0.0007270971039334242,-0.010613483052452754,0.002087573134038331,-0.007665837379160522,0.0074251188161000865,0.002074487765590243,-0.001549476379741916,0.008095773113347587,0.0056023106471944605,0.005465344699090744,-0.013747236956477952,-0.009616891252118417,0.00048370750313902805,-0.0021331906750485853,0.02342696918536759,0.00404325505353346,-0.010021774104837261,0.0034520363155622403,-0.00672193821480095,0.006030599982797828,0.004925057977791441,-0.0010754230723655216,-0.005353879972111012,0.012584315411579632,0.003207905527188004,0.0010543641113468288,0.003937427996054916,-0.007481510371105431,-0.011355509399151795,-0.01011703698703375,-0.011419936009778614,0.008369049587206578,0.0015739273233809302,0.010922778882056696,0.00404325505353346,0.026063866605953504
