0.014155936619180543,3.67595745893623e-5,0.0021117060937625894,-0.006574973457303691,-0.0011014840664303831,0.0037752621640156883,0.003515106543052561,0.0011315727070154876,0.0017136342771776997,0.0029920492969452758,0.0008285334984306815,-0.005696790529724749,-0.0005968683627718078,-0.0017587502474737194,-0.00026332847802120537,0.004455205678407563,0.0028220245107236485,-0.005597788047751389,-0.0019763409574291005,-0.0029813242912222655,3.67595745893623e-5,0.018750860694870676,0.009362360738344637,-0.0051294347695312655,-0.006325110358214795,0.007753709735233246,-0.0011866263236765318,-0.010648670863826001,0.0015626021829476234,0.00034910016891491783,0.0005180437020808422,-0.003576251150989569,5.6618919013535335e-5,0.0014223149951397463,0.007545863869001326,0.009172544125312071,-0.005167601391812164,-0.003999134865432434,-0.0009369554239892819,-0.004238955462235834,0.0021117060937625894,0.009362360738344637,0.03708860995173254,-0.011422339944486722,-0.014683706813094232,0.011672228526628935,0.005531940026014905,-0.011277363341812209,0.0046476394466200294,0.010260760064753691,0.00028464746731242033,-0.005358293464721255,-0.004293132786324448,-0.0027062787287295987,0.011024974455209644,0.008771593180641666,-0.004562784219467569,-0.0069865067834512205,-0.007914143359695244,-0.006539903237403586,-0.006574973457303691,-0.0051294347695312655,-0.011422339944486722,0.02853154807945052,0.009237738021097557,-0.007779010483359532,-0.0020205025328065445,0.007080412292613681,-0.004336650758405383,-0.0023772145277218028,-0.001680966167940669,0.0033500535089262557,0.0022598583866365526,2.946364194541646e-5,-0.0077983472495654176,-0.007440536951654066,0.0020444650438690764,0.005097081539498588,0.0038048129217306747,-0.000674505307719726,-0.0011014840664303831,-0.006325110358214795,-0.014683706813094232,0.009237738021097557,0.018875569993065583,-0.009154241576262767,0.00036357433603521406,0.009294840696590074,-0.0009361070343371677,-0.005820992002796881,0.0012972012551951174,0.0017630451792090681,0.0022209652363472314,0.0010884960603106024,-0.007578815248498698,-0.00954791323388403,0.006629172419130765,0.004430635845492071,0.004092289741693449,0.004358692250481815,0.0037752621640156883,0.007753709735233246,0.011672228526628935,-0.007779010483359532,-0.009154241576262767,0.024764403477417485,0.002283081537036922,-0.007126617271219873,0.0045292861376012,0.0057042291355851055,0.0011769929470895266,-0.0039639467097402105,-0.0014811109004056106,-0.0039907533882682835,0.005380942756155546,0.013361627823404141,-0.005076962843063102,-0.006049550576949123,-0.0037420385931039935,-0.00516998367136493,0.003515106543052561,-0.0011866263236765318,0.005531940026014905,-0.0020205025328065445,0.00036357433603521406,0.002283081537036922,0.016535413986978224,0.004077154397043311,-0.0010548698552193124,0.006645150891549294,-0.002862361929853923,-0.004269804710776403,-0.0002215917667539923,-0.0034746243273272095,0.001406562663370098,0.0010602074418533574,0.002953042381899758,-0.0048984308951161275,-0.0076301680154722005,-0.0036650440273988567,0.0011315727070154876,-0.010648670863826001,-0.011277363341812209,0.007080412292613681,0.009294840696590074,-0.007126617271219873,0.004077154397043311,0.026807345291533894,2.2553527813055282e-5,-0.0013374289178999495,-0.002634729032384873,0.0023859431636679617,0.003161822779370536,-0.001104412331321537,-0.005298208963657127,-0.012728131049454916,0.008237793523087867,0.000719156835218051,-0.0018349117468394226,-0.0008300174875907681,0.0017136342771776997,0.0015626021829476234,0.0046476394466200294,-0.004336650758405383,-0.0009361070343371677,0.0045292861376012,-0.0010548698552193124,2.2553527813055282e-5,0.012570829083919646,0.0020659278243173695,-0.00030646030018274676,-0.001937799353046578,-0.00027092058097683507,-0.002595746724680307,0.005369620877414024,0.0007185033159000375,-0.0025206357997803585,-0.0026347842748850638,-0.004545840472579252,-0.00803936857183684,0.0029920492969452758,0.00034910016891491783,0.010260760064753691,-0.0023772145277218028,-0.005820992002796881,0.0057042291355851055,0.006645150891549294,-0.0013374289178999495,0.0020659278243173695,0.019504623926999583,-0.0032183377101807843,-0.004206848469538833,0.0003937917031577457,-0.0022694890528252906,0.0030086194638906548,0.005534541794709207,-0.0013881232929234756,-0.00662462691213863,-0.007856791305798503,-0.006518455179079632,0.0008285334984306815,0.0005180437020808422,0.00028464746731242033,-0.001680966167940669,0.0012972012551951174,0.0011769929470895266,-0.002862361929853923,-0.002634729032384873,-0.00030646030018274676,-0.0032183377101807843,0.011451475704648268,-0.0013289469894502367,0.001230738630106408,-0.0033783548385371348,-0.003002857445248734,0.0010493987060082124,-0.001643282495959,0.0038086087649772246,0.0014056440904854648,0.001636081519227085,-0.005696790529724749,-0.003576251150989569,-0.005358293464721255,0.0033500535089262557,0.0017630451792090681,-0.0039639467097402105,-0.004269804710776403,0.0023859431636679617,-0.001937799353046578,-0.004206848469538833,-0.0013289469894502367,0.021422348836402483,-0.00034401240037058747,0.004575728891804432,-0.004489840468758211,-0.009854013302358423,-0.0007227519713360181,0.008453378669187338,0.004038886024236569,0.010123302207688449,-0.0005968683627718078,5.6618919013535335e-5,-0.004293132786324448,0.0022598583866365526,0.0022209652363472314,-0.0014811109004056106,-0.0002215917667539923,0.003161822779370536,-0.00027092058097683507,0.0003937917031577457,0.001230738630106408,-0.00034401240037058747,0.009951869973441997,-0.0006868709520597629,-0.0019878177030756327,-0.0013614579921497868,0.00026500287981724604,-0.00024628970417148166,0.0032355983858026434,-0.0012564447449938086,-0.0017587502474737194,0.0014223149951397463,-0.0027062787287295987,2.946364194541646e-5,0.0010884960603106024,-0.0039907533882682835,-0.0034746243273272095,-0.001104412331321537,-0.002595746724680307,-0.0022694890528252906,-0.0033783548385371348,0.004575728891804432,-0.0006868709520597629,0.01443751550847742,0.003530174095362615,-0.0027743735900165453,0.0013407705972394608,-0.00034147643841980855,-0.0009588950696803253,0.0029572315768841926,-0.00026332847802120537,0.007545863869001326,0.011024974455209644,-0.0077983472495654176,-0.007578815248498698,0.005380942756155546,0.001406562663370098,-0.005298208963657127,0.005369620877414024,0.0030086194638906548,-0.003002857445248734,-0.004489840468758211,-0.0019878177030756327,0.003530174095362615,0.02420934305168146,0.006624069814761755,-0.003137913278070453,-0.00645307968043035,-0.003087800314149353,-0.0075102555289131715,0.004455205678407563,0.009172544125312071,0.008771593180641666,-0.007440536951654066,-0.00954791323388403,0.013361627823404141,0.0010602074418533574,-0.012728131049454916,0.0007185033159000375,0.005534541794709207,0.0010493987060082124,-0.009854013302358423,-0.0013614579921497868,-0.0027743735900165453,0.006624069814761755,0.029705302918451186,-0.007302941066185116,-0.006698454669095206,-0.0019852563055811007,-0.008198078654593599,0.0028220245107236485,-0.005167601391812164,-0.004562784219467569,0.0020444650438690764,0.006629172419130765,-0.005076962843063102,0.002953042381899758,0.008237793523087867,-0.0025206357997803585,-0.0013881232929234756,-0.001643282495959,-0.0007227519713360181,0.00026500287981724604,0.0013407705972394608,-0.003137913278070453,-0.007302941066185116,0.01890632844378641,-0.0007308319920275799,-0.002878843942199739,0.002051385786517512,-0.005597788047751389,-0.003999134865432434,-0.0069865067834512205,0.005097081539498588,0.004430635845492071,-0.006049550576949123,-0.0048984308951161275,0.000719156835218051,-0.0026347842748850638,-0.00662462691213863,0.0038086087649772246,0.008453378669187338,-0.00024628970417148166,-0.00034147643841980855,-0.00645307968043035,-0.006698454669095206,-0.0007308319920275799,0.02004634492469049,0.007109866492795684,0.013440044804668986,-0.0019763409574291005,-0.0009369554239892819,-0.007914143359695244,0.0038048129217306747,0.004092289741693449,-0.0037420385931039935,-0.0076301680154722005,-0.0018349117468394226,-0.004545840472579252,-0.007856791305798503,0.0014056440904854648,0.004038886024236569,0.0032355983858026434,-0.0009588950696803253,-0.003087800314149353,-0.0019852563055811007,-0.002878843942199739,0.007109866492795684,0.01326266140413783,0.006190521288717285,-0.0029813242912222655,-0.004238955462235834,-0.006539903237403586,-0.000674505307719726,0.004358692250481815,-0.00516998367136493,-0.0036650440273988567,-0.0008300174875907681,-0.00803936857183684,-0.006518455179079632,0.001636081519227085,0.010123302207688449,-0.0012564447449938086,0.0029572315768841926,-0.0075102555289131715,-0.008198078654593599,0.002051385786517512,0.013440044804668986,0.006190521288717285,0.031171874925260128
