0.10152792300243792,0.0639217683246549,0.05929278471900665,0.039160655027247256,0.05690883549312971,-0.0016583501060130706,0.042325455482026174,0.04201882355468658,-0.020431362750042245,0.08104829676220962,0.05650004619574585,0.05525434304988755,0.03492097966935156,0.02990712385907892,0.009626446976426888,0.03451663748636872,0.05896218731518513,-0.0219094287723176,0.05358789023300985,0.02216698792142345,0.0639217683246549,0.07014952692671297,0.057777143374166104,0.030760713104455422,0.04958213380358764,0.010600685554799046,0.026102291900280974,0.04203050174773217,-0.005624121453553571,0.07328925987367332,0.028891390985523957,0.04132019829758466,0.029038830459732316,0.030110571790158813,0.0034884357293767875,0.03264015041781858,0.04712418242298484,-0.01308900307809949,0.036186200787365966,0.01826205150754257,0.05929278471900665,0.057777143374166104,0.1422194589245461,0.08859209006037372,0.04313759003436815,-0.02867024048457687,0.06382469089938977,-0.005888166586197844,-0.00941621028896786,0.0715583051767533,0.043173044156255426,0.06870485047547994,0.08068695086393772,0.03168032979476919,0.013779718520075264,0.042845655134802076,0.08046093539050869,-0.010703790346855088,0.05342000392315478,0.00548666693612484,0.039160655027247256,0.030760713104455422,0.08859209006037372,0.13826793882682284,0.019437445674538284,-0.036063202574351964,-0.007096326346024219,-0.012992142611222203,0.0306069127943596,0.03902376193978816,0.024093986295960424,0.06719498946263255,0.04581354925247051,0.029449151949080824,0.021065500522280175,0.02382487378455897,0.04252647985962918,-0.009266137475361532,0.030663543290039567,0.0318373615768812,0.05690883549312971,0.04958213380358764,0.04313759003436815,0.019437445674538284,0.06619410983449758,-0.003022706638293922,0.04132719021908584,0.03345585210909857,-0.015585901256281906,0.07479789785921731,0.04901869129261778,0.038682600636471776,0.031854672246561425,0.019525885633040363,0.0025744633514800954,0.01709626001935802,0.05722513794405242,-0.011709525852978004,0.030853469351010666,0.006436152076197355,-0.0016583501060130706,0.010600685554799046,-0.02867024048457687,-0.036063202574351964,-0.003022706638293922,0.09650184890758443,-0.052367886634960156,0.044011417530898794,0.058658311847746114,0.018385733063617307,-0.0467647427356435,-0.009888301280554967,-0.06208954783937275,0.01760912754260526,-0.040481304003918764,-0.0038617020754596995,-0.0752612813969446,0.00805498314393333,-0.029381539550994724,0.029490417229011932,0.042325455482026174,0.026102291900280974,0.06382469089938977,-0.007096326346024219,0.04132719021908584,-0.052367886634960156,0.14370615949577273,-0.01131915666309979,-0.05610457812451031,0.06042387947526058,0.06938935342914879,0.03815535796509267,0.08091616213705255,0.001848698235752207,0.01359886780247168,0.013870665032677004,0.09776333433181422,-0.002235086809170034,0.057423373004360165,-0.03167190864203145,0.04201882355468658,0.04203050174773217,-0.005888166586197844,-0.012992142611222203,0.03345585210909857,0.044011417530898794,-0.01131915666309979,0.08505312399417451,0.02138859326788118,0.03955672854489749,0.005590741049694996,0.011071561707344399,-0.02026472059565458,0.014589789561566648,-0.004479629239169692,0.02781728788296186,0.0019531985111262296,-0.002927053594311492,0.006620219221033326,0.035290317645243055,-0.020431362750042245,-0.005624121453553571,-0.00941621028896786,0.0306069127943596,-0.015585901256281906,0.058658311847746114,-0.05610457812451031,0.02138859326788118,0.1837565645073192,0.010846553489006644,-0.07329063611053682,0.0354220201651033,-0.046001819211581814,0.022997602267040812,-0.01823807905165852,-0.015592709505736851,-0.07327698027537109,0.062242335782252925,-0.03659487157774788,0.026456945615372075,0.08104829676220962,0.07328925987367332,0.0715583051767533,0.03902376193978816,0.07479789785921731,0.018385733063617307,0.06042387947526058,0.03955672854489749,0.010846553489006644,0.13516682996830415,0.03985171945375047,0.06204278874227957,0.03319804629994942,0.04154627807447618,-0.008020447984592257,0.029146875855925465,0.059740837664224736,-0.0036835972331562914,0.044339667043661365,0.017051499349171613,0.05650004619574585,0.028891390985523957,0.043173044156255426,0.024093986295960424,0.04901869129261778,-0.0467647427356435,0.06938935342914879,0.005590741049694996,-0.07329063611053682,0.03985171945375047,0.11556861174212182,0.028988741060132245,0.06701440575376826,0.015160573721635082,0.02981782023580877,0.009766074363070323,0.08586921677925556,-0.022144795460578,0.056048606154512084,-0.003871959473550894,0.05525434304988755,0.04132019829758466,0.06870485047547994,0.06719498946263255,0.038682600636471776,-0.009888301280554967,0.03815535796509267,0.011071561707344399,0.0354220201651033,0.06204278874227957,0.028988741060132245,0.08155559690765218,0.04342418244801946,0.025015067983553352,0.01026130869316201,0.015213751351474392,0.042636189317772466,0.0024270573201850623,0.0401325070749529,0.009338422847555927,0.03492097966935156,0.029038830459732316,0.08068695086393772,0.04581354925247051,0.031854672246561425,-0.06208954783937275,0.08091616213705255,-0.02026472059565458,-0.046001819211581814,0.03319804629994942,0.06701440575376826,0.04342418244801946,0.10145239576612647,0.0009769824420587103,0.032816128182490786,0.01637558606501646,0.09120244910374972,-0.008325821282007314,0.05096341364649794,-0.021326662852108387,0.02990712385907892,0.030110571790158813,0.03168032979476919,0.029449151949080824,0.019525885633040363,0.01760912754260526,0.001848698235752207,0.014589789561566648,0.022997602267040812,0.04154627807447618,0.015160573721635082,0.025015067983553352,0.0009769824420587103,0.06438778579224735,-0.006683061569003041,0.007810771403103238,0.0020235469479658093,-0.005114883247551251,0.013130637617725836,0.022485181193157313,0.009626446976426888,0.0034884357293767875,0.013779718520075264,0.021065500522280175,0.0025744633514800954,-0.040481304003918764,0.01359886780247168,-0.004479629239169692,-0.01823807905165852,-0.008020447984592257,0.02981782023580877,0.01026130869316201,0.032816128182490786,-0.006683061569003041,0.0445830904199116,0.006346471356233032,0.032699144827565904,-0.010192277712872354,0.02050974855897668,-0.009021415222023425,0.03451663748636872,0.03264015041781858,0.042845655134802076,0.02382487378455897,0.01709626001935802,-0.0038617020754596995,0.013870665032677004,0.02781728788296186,-0.015592709505736851,0.029146875855925465,0.009766074363070323,0.015213751351474392,0.01637558606501646,0.007810771403103238,0.006346471356233032,0.04682758718112108,0.033383238765690944,-0.01575599365479334,0.021177355198947607,0.018140742219218457,0.05896218731518513,0.04712418242298484,0.08046093539050869,0.04252647985962918,0.05722513794405242,-0.0752612813969446,0.09776333433181422,0.0019531985111262296,-0.07327698027537109,0.059740837664224736,0.08586921677925556,0.042636189317772466,0.09120244910374972,0.0020235469479658093,0.032699144827565904,0.033383238765690944,0.13867258358915338,-0.023929873332034522,0.06044088016889654,-0.01693219338685687,-0.0219094287723176,-0.01308900307809949,-0.010703790346855088,-0.009266137475361532,-0.011709525852978004,0.00805498314393333,-0.002235086809170034,-0.002927053594311492,0.062242335782252925,-0.0036835972331562914,-0.022144795460578,0.0024270573201850623,-0.008325821282007314,-0.005114883247551251,-0.010192277712872354,-0.01575599365479334,-0.023929873332034522,0.04850650984554169,-0.014350824795191059,-0.001981694225640114,0.05358789023300985,0.036186200787365966,0.05342000392315478,0.030663543290039567,0.030853469351010666,-0.029381539550994724,0.057423373004360165,0.006620219221033326,-0.03659487157774788,0.044339667043661365,0.056048606154512084,0.0401325070749529,0.05096341364649794,0.013130637617725836,0.02050974855897668,0.021177355198947607,0.06044088016889654,-0.014350824795191059,0.059994679111900144,0.0027269691206026434,0.02216698792142345,0.01826205150754257,0.00548666693612484,0.0318373615768812,0.006436152076197355,0.029490417229011932,-0.03167190864203145,0.035290317645243055,0.026456945615372075,0.017051499349171613,-0.003871959473550894,0.009338422847555927,-0.021326662852108387,0.022485181193157313,-0.009021415222023425,0.018140742219218457,-0.01693219338685687,-0.001981694225640114,0.0027269691206026434,0.06272527980268025
0.12166422597188631,0.11651112096695893,0.14138397871223746,0.05917597227778204,0.07260449273331429,-0.012518074524939011,0.08928147366341624,0.04539857385776887,0.04315121100855048,0.11790729432414326,0.06212809693420868,0.06856157707977034,0.06333655663837962,0.061574942581794884,0.03859480226421001,0.03395950742412686,0.12640339949852497,0.00594839953010682,0.02087759043015508,-0.014740616105863778,0.11651112096695893,0.14737598256996262,0.16527567035352725,0.05383365793476204,0.08737721576807057,-0.006278028867697419,0.09916217837976862,0.05876572940706411,0.02395485406329998,0.12845510988065878,0.06643018724129796,0.06620157231024089,0.06432087462888653,0.05379995215371629,0.03397459843518347,0.05147376530896498,0.14437197206179797,0.004790194440678923,0.019432885232928087,-0.019796604491677527,0.14138397871223746,0.16527567035352725,0.26574223425282295,0.08437993341352948,0.11881840428683625,-0.02555751248841959,0.1416014494456435,0.054032848147356156,0.0041197727360689045,0.18386344691268405,0.09147621783001465,0.08422827767822469,0.10021999451723601,0.07791765084818977,0.050000651931746895,0.06841185400604541,0.23989589248065607,-0.018264009548071905,0.045644849708623134,-0.05403337853507509,0.05917597227778204,0.05383365793476204,0.08437993341352948,0.11717008135408749,0.04285409661627848,-0.03403828213506815,0.047101785989593366,-0.00809592313300958,0.05255624797591957,0.08857689164039292,0.04474614134046406,0.07973196610861095,0.05306439117553548,0.05879639516743265,0.026445328752474292,0.011113892326807708,0.08511632772338966,-0.006929182338615229,0.02728941016472155,-0.000783010749251601,0.07260449273331429,0.08737721576807057,0.11881840428683625,0.04285409661627848,0.07848633502682084,-0.01976492249676978,0.07571465042701324,0.03163091842007938,0.025783517403073344,0.08955573852018284,0.04698289214315511,0.04874723686719136,0.0609265730006045,0.03551400070781889,0.021903227838679394,0.037700864819336884,0.11136696047715838,-5.109109248438177e-5,0.03009216672775806,-0.009922116192585147,-0.012518074524939011,-0.006278028867697419,-0.02555751248841959,-0.03403828213506815,-0.01976492249676978,0.08843094351654657,-0.06551019979935263,0.046501845052544094,-0.01918432826619815,-0.005939109612126892,-0.021702665756423982,-0.02453229546722449,-0.06207938595966128,-0.008329195171816711,-0.028595802443122237,-0.027268128238271495,-0.06519094137556666,0.004003278790064967,-0.041965727362993865,0.011107888726223716,0.08928147366341624,0.09916217837976862,0.1416014494456435,0.047101785989593366,0.07571465042701324,-0.06551019979935263,0.15069462792327387,0.006247942289521864,0.027224443112251372,0.10371053368981908,0.07839240362426253,0.06850395631299061,0.10558273306919916,0.04180850409936563,0.0468636378880526,0.054161826327008354,0.17452164721486704,-0.002431807919859273,0.04397723529524287,-0.027094796885603796,0.04539857385776887,0.05876572940706411,0.054032848147356156,-0.00809592313300958,0.03163091842007938,0.046501845052544094,0.006247942289521864,0.08080891653394898,0.0033163021571551293,0.051008271552976964,0.01123806307532485,0.00681188264624414,0.00023768165989130827,0.015706225944043736,-0.0018074607098648053,0.018834761206305044,0.023957286953486385,0.01176047518152305,-0.008984451330456614,0.008568329728526572,0.04315121100855048,0.02395485406329998,0.0041197727360689045,0.05255624797591957,0.025783517403073344,-0.01918432826619815,0.027224443112251372,0.0033163021571551293,0.11472232686285727,0.024868314491813426,0.028410696810258762,0.05071790826915394,0.05859707392998369,0.037772873646860564,0.01798908549081822,0.004257837015152078,0.009348808477405171,0.03438686290910359,0.02100463292282948,0.048477166850493705,0.11790729432414326,0.12845510988065878,0.18386344691268405,0.08857689164039292,0.08955573852018284,-0.005939109612126892,0.10371053368981908,0.051008271552976964,0.024868314491813426,0.17097874789302564,0.07557659549063647,0.09275108506803853,0.07458137744392909,0.07391893050661835,0.039201260521388386,0.04192525927948036,0.17265763600221937,-0.008616027105682055,0.02776812622741049,-0.03021462579718595,0.06212809693420868,0.06643018724129796,0.09147621783001465,0.04474614134046406,0.04698289214315511,-0.021702665756423982,0.07839240362426253,0.01123806307532485,0.028410696810258762,0.07557659549063647,0.07448298092939487,0.05256243925871967,0.05669972893080313,0.038938186857746596,0.030751025186361032,0.026814712864613493,0.10878334463549197,0.0104658474369787,0.025661693206437658,-0.0041188894737676255,0.06856157707977034,0.06620157231024089,0.08422827767822469,0.07973196610861095,0.04874723686719136,-0.02453229546722449,0.06850395631299061,0.00681188264624414,0.05071790826915394,0.09275108506803853,0.05256243925871967,0.09541846531190157,0.06942715958948524,0.0562463629825201,0.029902227635049357,0.022912326474879483,0.08992741123258217,0.003874546383953962,0.020816506282607034,0.0033917223502648655,0.06333655663837962,0.06432087462888653,0.10021999451723601,0.05306439117553548,0.0609265730006045,-0.06207938595966128,0.10558273306919916,0.00023768165989130827,0.05859707392998369,0.07458137744392909,0.05669972893080313,0.06942715958948524,0.13137188030616465,0.03849687442406948,0.037996632172888026,0.046828196665846936,0.11640260971569816,0.016679879819279268,0.05015294301650372,0.004470900530184978,0.061574942581794884,0.05379995215371629,0.07791765084818977,0.05879639516743265,0.03551400070781889,-0.008329195171816711,0.04180850409936563,0.015706225944043736,0.037772873646860564,0.07391893050661835,0.038938186857746596,0.0562463629825201,0.03849687442406948,0.06735742271027947,0.021732613332373345,0.008107791613655504,0.06876044504036602,0.0057804464608966575,0.016079285992418806,0.0036204433406921664,0.03859480226421001,0.03397459843518347,0.050000651931746895,0.026445328752474292,0.021903227838679394,-0.028595802443122237,0.0468636378880526,-0.0018074607098648053,0.01798908549081822,0.039201260521388386,0.030751025186361032,0.029902227635049357,0.037996632172888026,0.021732613332373345,0.03538036321458839,0.015206484990024527,0.051714751200452325,0.001005163634415196,0.016777516014904452,-0.005468494295758239,0.03395950742412686,0.05147376530896498,0.06841185400604541,0.011113892326807708,0.037700864819336884,-0.027268128238271495,0.054161826327008354,0.018834761206305044,0.004257837015152078,0.04192525927948036,0.026814712864613493,0.022912326474879483,0.046828196665846936,0.008107791613655504,0.015206484990024527,0.05974395489292503,0.07466779298636983,-0.00282569400960022,0.023031237459478562,-0.007981454562365688,0.12640339949852497,0.14437197206179797,0.23989589248065607,0.08511632772338966,0.11136696047715838,-0.06519094137556666,0.17452164721486704,0.023957286953486385,0.009348808477405171,0.17265763600221937,0.10878334463549197,0.08992741123258217,0.11640260971569816,0.06876044504036602,0.051714751200452325,0.07466779298636983,0.3043356420535459,-0.02670526191656285,0.06330377620045022,-0.06554964145016859,0.00594839953010682,0.004790194440678923,-0.018264009548071905,-0.006929182338615229,-5.109109248438177e-5,0.004003278790064967,-0.002431807919859273,0.01176047518152305,0.03438686290910359,-0.008616027105682055,0.0104658474369787,0.003874546383953962,0.016679879819279268,0.0057804464608966575,0.001005163634415196,-0.00282569400960022,-0.02670526191656285,0.04044484563054456,0.0019532394129457265,0.03459752424747205,0.02087759043015508,0.019432885232928087,0.045644849708623134,0.02728941016472155,0.03009216672775806,-0.041965727362993865,0.04397723529524287,-0.008984451330456614,0.02100463292282948,0.02776812622741049,0.025661693206437658,0.020816506282607034,0.05015294301650372,0.016079285992418806,0.016777516014904452,0.023031237459478562,0.06330377620045022,0.0019532394129457265,0.05511130115634687,-0.0057099372973336395,-0.014740616105863778,-0.019796604491677527,-0.05403337853507509,-0.000783010749251601,-0.009922116192585147,0.011107888726223716,-0.027094796885603796,0.008568329728526572,0.048477166850493705,-0.03021462579718595,-0.0041188894737676255,0.0033917223502648655,0.004470900530184978,0.0036204433406921664,-0.005468494295758239,-0.007981454562365688,-0.06554964145016859,0.03459752424747205,-0.0057099372973336395,0.06762660643190387
0.07860621276714266,0.05097681229129841,0.065128664546755,0.08254293347688044,0.06081514843720576,-0.009788647024541247,0.03256877237420118,0.04133284297481849,0.05341452543871471,0.07884612273706829,0.03116312814332549,0.0592602480749435,0.05421730309854732,0.04064609412793746,0.019790551368346357,0.008257690259653255,0.04337371914092446,-0.0029137404333309256,0.026651563560773358,0.029915937625086472,0.05097681229129841,0.11269592177778937,0.07716211551261133,0.08775427206324299,0.08251810213898378,0.030244914934442126,0.004315671633017515,0.08828281911656734,0.08485959202398126,0.11524380815362328,0.05035345823482589,0.0913134176784684,0.05684159809826586,0.06735605262521001,0.02488491264991096,0.030192453842239377,0.02279752567123183,0.026183372547846313,0.05904415332973159,0.052648142487527666,0.065128664546755,0.07716211551261133,0.14445899901804515,0.11944082412975335,0.09372510510341732,-0.03644394716354221,0.05651767756019872,0.01551526904230567,0.035167132245313946,0.12413479600990243,0.049727746126353174,0.06758637715499798,0.06382061691765761,0.04292274368998221,0.03512263743255721,0.03957984784905433,0.08164668450579067,-0.02276818117107754,0.04865017702123378,-0.010673901993157833,0.08254293347688044,0.08775427206324299,0.11944082412975335,0.21780365904669852,0.09506285835773398,-0.044463311835943306,0.04852683874143892,0.009826058813137778,0.1348737411748997,0.13241897833746696,0.07146776799171298,0.12581306041627344,0.06988245230805734,0.08913874036208483,0.04472848400247714,0.016054782027989965,0.08078166362357558,-0.029364211825165867,0.06775523881171089,0.02760570387175842,0.06081514843720576,0.08251810213898378,0.09372510510341732,0.09506285835773398,0.1056889158536372,-0.0010340315241828438,0.014459087609895754,0.05782368052389597,0.06328060906707701,0.10806852851869539,0.03957468556794673,0.06814860484354088,0.05362269381163608,0.044525994443512684,0.024093882150861032,0.017354111621009423,0.03647739451795391,-0.0015834957647834352,0.04409180026801623,0.03276983760633177,-0.009788647024541247,0.030244914934442126,-0.03644394716354221,-0.044463311835943306,-0.0010340315241828438,0.0913834488148358,-0.048762897922195875,0.09125944028435842,0.01798892084176402,0.012685873766700152,-5.208982435065193e-5,0.015128482794963113,0.010428937902567716,0.007445858788915618,-0.018398280917459042,-0.0019552857226116807,-0.06527469854417955,0.040248960102598395,0.013085495639826535,0.04900386522811724,0.03256877237420118,0.004315671633017515,0.05651767756019872,0.04852683874143892,0.014459087609895754,-0.048762897922195875,0.09476920953839815,-0.02282627370861244,-0.007271593182895098,0.03436992358619141,0.03160823827574977,0.021478218379056266,0.03348299437385891,0.009206256609301354,0.015189051883541393,0.015062839619883398,0.08724472226431657,-0.030561488148822175,0.015243828095987871,-0.028835557633848378,0.04133284297481849,0.08828281911656734,0.01551526904230567,0.009826058813137778,0.05782368052389597,0.09125944028435842,-0.02282627370861244,0.1999982207614794,0.06383420474456561,0.08751377629184771,0.05530370746582168,0.06879887634779272,0.07012293183512341,0.05145516570309579,0.0004064743979210247,0.008645557562698324,-0.027305195199640878,0.0917929977545622,0.04387554697871328,0.09207573996249588,0.05341452543871471,0.08485959202398126,0.035167132245313946,0.1348737411748997,0.06328060906707701,0.01798892084176402,-0.007271593182895098,0.06383420474456561,0.17121518613660125,0.0863543987204726,0.05313417816329405,0.1146064154118622,0.033706814581544314,0.09865490308978676,0.02940184674055689,-0.001691728324736564,0.014489510773976718,0.026241188676372134,0.05601078145313018,0.0811907785229751,0.07884612273706829,0.11524380815362328,0.12413479600990243,0.13241897833746696,0.10806852851869539,0.012685873766700152,0.03436992358619141,0.08751377629184771,0.0863543987204726,0.17066798265977334,0.07155219705435434,0.11037612806482819,0.09027221604090775,0.07539245846896707,0.03506443652288854,0.040401462868587854,0.05451315568280901,0.015788161867238394,0.07320411442765212,0.0309618859807415,0.03116312814332549,0.05035345823482589,0.049727746126353174,0.07146776799171298,0.03957468556794673,-5.208982435065193e-5,0.03160823827574977,0.05530370746582168,0.05313417816329405,0.07155219705435434,0.08296639506357323,0.051768770920289225,0.057767649586320996,0.04577567553157549,0.02149975996890165,0.016537377736201956,0.03655910318611068,0.03138021621980722,0.03620703982714474,0.013022972005153826,0.0592602480749435,0.0913134176784684,0.06758637715499798,0.12581306041627344,0.06814860484354088,0.015128482794963113,0.021478218379056266,0.06879887634779272,0.1146064154118622,0.11037612806482819,0.051768770920289225,0.1315948699720031,0.058259424896890157,0.08302330583507143,0.027375956654539072,0.018494668947436774,0.03337803574856505,0.012143945734684702,0.06413396148983241,0.05214326685777592,0.05421730309854732,0.05684159809826586,0.06382061691765761,0.06988245230805734,0.05362269381163608,0.010428937902567716,0.03348299437385891,0.07012293183512341,0.033706814581544314,0.09027221604090775,0.057767649586320996,0.058259424896890157,0.08950558257870618,0.03766275185662102,0.01757323809750326,0.013102566025977987,0.04388359288923602,0.013738116802008536,0.037025414458609684,0.015789044882541958,0.04064609412793746,0.06735605262521001,0.04292274368998221,0.08913874036208483,0.044525994443512684,0.007445858788915618,0.009206256609301354,0.05145516570309579,0.09865490308978676,0.07539245846896707,0.04577567553157549,0.08302330583507143,0.03766275185662102,0.08111460504479097,0.025126934233073404,0.007869866719086634,0.02546652134667425,0.02538230695768068,0.042341567850283646,0.049406823299101885,0.019790551368346357,0.02488491264991096,0.03512263743255721,0.04472848400247714,0.024093882150861032,-0.018398280917459042,0.015189051883541393,0.0004064743979210247,0.02940184674055689,0.03506443652288854,0.02149975996890165,0.027375956654539072,0.01757323809750326,0.025126934233073404,0.028386099493130226,0.0043288790816556465,0.02885299058770872,-0.004704470642010169,0.013730752606100995,0.004755666156650094,0.008257690259653255,0.030192453842239377,0.03957984784905433,0.016054782027989965,0.017354111621009423,-0.0019552857226116807,0.015062839619883398,0.008645557562698324,-0.001691728324736564,0.040401462868587854,0.016537377736201956,0.018494668947436774,0.013102566025977987,0.007869866719086634,0.0043288790816556465,0.044009385138191755,0.014109832819673148,0.002270063396590126,0.021744823670755285,-0.0067539903843629595,0.04337371914092446,0.02279752567123183,0.08164668450579067,0.08078166362357558,0.03647739451795391,-0.06527469854417955,0.08724472226431657,-0.027305195199640878,0.014489510773976718,0.05451315568280901,0.03655910318611068,0.03337803574856505,0.04388359288923602,0.02546652134667425,0.02885299058770872,0.014109832819673148,0.12648433569585887,-0.04171468129082963,0.026404957767848597,-0.02798455628361973,-0.0029137404333309256,0.026183372547846313,-0.02276818117107754,-0.029364211825165867,-0.0015834957647834352,0.040248960102598395,-0.030561488148822175,0.0917929977545622,0.026241188676372134,0.015788161867238394,0.03138021621980722,0.012143945734684702,0.013738116802008536,0.02538230695768068,-0.004704470642010169,0.002270063396590126,-0.04171468129082963,0.09020421936493932,0.00560612609035384,0.04469223757572097,0.026651563560773358,0.05904415332973159,0.04865017702123378,0.06775523881171089,0.04409180026801623,0.013085495639826535,0.015243828095987871,0.04387554697871328,0.05601078145313018,0.07320411442765212,0.03620703982714474,0.06413396148983241,0.037025414458609684,0.042341567850283646,0.013730752606100995,0.021744823670755285,0.026404957767848597,0.00560612609035384,0.0566742053325241,0.02639921395122964,0.029915937625086472,0.052648142487527666,-0.010673901993157833,0.02760570387175842,0.03276983760633177,0.04900386522811724,-0.028835557633848378,0.09207573996249588,0.0811907785229751,0.0309618859807415,0.013022972005153826,0.05214326685777592,0.015789044882541958,0.049406823299101885,0.004755666156650094,-0.0067539903843629595,-0.02798455628361973,0.04469223757572097,0.02639921395122964,0.10678764682211841
