0.047593794190898535,0.04076191286911126,0.03931170878149341,0.052094459961121574,0.0243055343020287,-0.017987378877370473,0.013285461612633994,0.009426428608850929,0.026852245617053155,0.05326268923297889,0.03621254085872316,0.04319712618281657,0.03428006761470126,0.023642721254761037,0.011947394114265951,0.025842183810978914,0.028937755075852844,0.005795158636336876,0.01968444872765555,-0.005405812307508324,0.04076191286911126,0.06380362570536283,0.039246731660425166,0.05688137675450938,0.039486986440111005,-0.01881570420739207,0.01775253331676795,0.014501667855458446,0.03409913374011636,0.05935545118042811,0.045801046826027356,0.04922628734984197,0.04033189499042386,0.02252377365689359,0.002216817614024742,0.03633276042503187,0.03321619782454528,0.009521067459619007,0.015187640546548493,-0.00445481632254098,0.03931170878149341,0.039246731660425166,0.10131158009527515,0.09918118800988737,0.03520285894685565,-0.04354373681173429,0.05036732409130544,-0.00709884923027468,0.034380145962565514,0.08613445153962779,0.0765020221849411,0.0630814254631232,0.062103487405526445,0.050359251644453,0.04488415205200348,0.03237587716710277,0.05836096742400547,0.0027227510754894496,0.05897510460489039,-0.013139293895485064,0.052094459961121574,0.05688137675450938,0.09918118800988737,0.20893751629805796,0.03617821312120796,-0.058653658565018495,0.027622630391998994,-0.022338929089906846,0.10519094625377973,0.1210962040607182,0.10616171989950127,0.10745714153473675,0.08808022176022236,0.08768700840871589,0.05073174832177091,0.02600963679885106,0.0365543368003075,0.008768174382553997,0.07213286927836712,-0.00448010284041471,0.0243055343020287,0.039486986440111005,0.03520285894685565,0.03617821312120796,0.05351789482066249,-0.020546486795780125,0.03010730603353054,0.013091247127557642,0.03386534918383017,0.04785752272173707,0.04631844930765114,0.035332965719901896,0.038883687618532684,0.01637628108632987,0.00029633639528370975,0.026373487604741383,0.03504883816554672,0.010843931017559096,0.01633606336584187,0.0028130398580782485,-0.017987378877370473,-0.01881570420739207,-0.04354373681173429,-0.058653658565018495,-0.020546486795780125,0.07747122926688144,-0.06507375579673355,0.04298286260870383,-0.01054289898340512,-0.03238727894122233,-0.0678829242142232,-0.04204246436437052,-0.04978153211527015,-0.011879479067159589,-0.015407394774251341,-0.029478882544283068,-0.06520207735658001,0.0022454514556997157,-0.030230042357850522,0.05064474032400496,0.013285461612633994,0.01775253331676795,0.05036732409130544,0.027622630391998994,0.03010730603353054,-0.06507375579673355,0.09858281594149988,-0.027593606290261023,0.007072176214138148,0.026613119831135186,0.08332032730473424,0.043130835223183124,0.056451066313226536,0.009233262140802305,0.00651776101283799,0.03435514051424879,0.07975051996391744,0.005469386500422314,0.03496293282279123,-0.03541037063787565,0.009426428608850929,0.014501667855458446,-0.00709884923027468,-0.022338929089906846,0.013091247127557642,0.04298286260870383,-0.027593606290261023,0.05792651619936367,0.012149921606517566,0.007214490132122467,-0.016846220799299445,-0.010063797463669404,-0.00926320152428613,0.0020775216790289226,-0.005149988192964718,0.0025858732134390783,-0.022603931826760532,0.017983935576865062,-0.003911828289888148,0.04505204401019265,0.026852245617053155,0.03409913374011636,0.034380145962565514,0.10519094625377973,0.03386534918383017,-0.01054289898340512,0.007072176214138148,0.012149921606517566,0.1106413630835141,0.06160903936489576,0.06221342158392944,0.05721210537191676,0.04667222344565991,0.05502918771101206,0.021488475096557148,0.012512087192099354,-0.005107611102981309,0.02886338923774292,0.03259509788789414,0.034940580592411605,0.05326268923297889,0.05935545118042811,0.08613445153962779,0.1210962040607182,0.04785752272173707,-0.03238727894122233,0.026613119831135186,0.007214490132122467,0.06160903936489576,0.11591080073145912,0.07881331038099645,0.0750834310764256,0.07207954085964349,0.056725954987379874,0.03375394898673252,0.03529155295189103,0.04860121482757572,0.012027055830335634,0.056558348241394885,-0.005591666862226093,0.03621254085872316,0.045801046826027356,0.0765020221849411,0.10616171989950127,0.04631844930765114,-0.0678829242142232,0.08332032730473424,-0.016846220799299445,0.06221342158392944,0.07881331038099645,0.1467014031922268,0.08960992527858758,0.08983671099286579,0.04228366767202135,0.022535351706458675,0.04847612342297722,0.07049482736471627,0.02769156740182587,0.06549403697974808,-0.028520349234372643,0.04319712618281657,0.04922628734984197,0.0630814254631232,0.10745714153473675,0.035332965719901896,-0.04204246436437052,0.043130835223183124,-0.010063797463669404,0.05721210537191676,0.0750834310764256,0.08960992527858758,0.09847664416824697,0.06436498156519313,0.044908486502294745,0.013907587189003668,0.031234457309039884,0.04464679653657767,0.010723502240387438,0.042919333418211,-0.024443062876887668,0.03428006761470126,0.04033189499042386,0.062103487405526445,0.08808022176022236,0.038883687618532684,-0.04978153211527015,0.056451066313226536,-0.00926320152428613,0.04667222344565991,0.07207954085964349,0.08983671099286579,0.06436498156519313,0.08797185452236507,0.03388593425981903,0.016823057423047034,0.03412629739985565,0.059692046727251355,0.017350321100005547,0.046639979057965755,-0.01075524572269261,0.023642721254761037,0.02252377365689359,0.050359251644453,0.08768700840871589,0.01637628108632987,-0.011879479067159589,0.009233262140802305,0.0020775216790289226,0.05502918771101206,0.056725954987379874,0.04228366767202135,0.044908486502294745,0.03388593425981903,0.05804545601997953,0.03139819216834106,0.00530933601204059,0.006892729721411025,0.007626811217047604,0.03647610054862155,0.020204014380103188,0.011947394114265951,0.002216817614024742,0.04488415205200348,0.05073174832177091,0.00029633639528370975,-0.015407394774251341,0.00651776101283799,-0.005149988192964718,0.021488475096557148,0.03375394898673252,0.022535351706458675,0.013907587189003668,0.016823057423047034,0.03139819216834106,0.04990585105940392,-0.0005914795256276089,0.00458096648236619,6.48335055270532e-5,0.03380820662123647,0.009602419279833636,0.025842183810978914,0.03633276042503187,0.03237587716710277,0.02600963679885106,0.026373487604741383,-0.029478882544283068,0.03435514051424879,0.0025858732134390783,0.012512087192099354,0.03529155295189103,0.04847612342297722,0.031234457309039884,0.03412629739985565,0.00530933601204059,-0.0005914795256276089,0.045997395774220684,0.04189200743598333,0.007305205597585411,0.016256729167526532,-0.021805137301596295,0.028937755075852844,0.03321619782454528,0.05836096742400547,0.0365543368003075,0.03504883816554672,-0.06520207735658001,0.07975051996391744,-0.022603931826760532,-0.005107611102981309,0.04860121482757572,0.07049482736471627,0.04464679653657767,0.059692046727251355,0.006892729721411025,0.00458096648236619,0.04189200743598333,0.10470027911907998,-0.003304730126882413,0.03559020621547349,-0.044566340911740006,0.005795158636336876,0.009521067459619007,0.0027227510754894496,0.008768174382553997,0.010843931017559096,0.0022454514556997157,0.005469386500422314,0.017983935576865062,0.02886338923774292,0.012027055830335634,0.02769156740182587,0.010723502240387438,0.017350321100005547,0.007626811217047604,6.48335055270532e-5,0.007305205597585411,-0.003304730126882413,0.0284232458146843,0.010981772727917314,0.02047008692391971,0.01968444872765555,0.015187640546548493,0.05897510460489039,0.07213286927836712,0.01633606336584187,-0.030230042357850522,0.03496293282279123,-0.003911828289888148,0.03259509788789414,0.056558348241394885,0.06549403697974808,0.042919333418211,0.046639979057965755,0.03647610054862155,0.03380820662123647,0.016256729167526532,0.03559020621547349,0.010981772727917314,0.06190842001293559,-0.0026854714627764184,-0.005405812307508324,-0.00445481632254098,-0.013139293895485064,-0.00448010284041471,0.0028130398580782485,0.05064474032400496,-0.03541037063787565,0.04505204401019265,0.034940580592411605,-0.005591666862226093,-0.028520349234372643,-0.024443062876887668,-0.01075524572269261,0.020204014380103188,0.009602419279833636,-0.021805137301596295,-0.044566340911740006,0.02047008692391971,-0.0026854714627764184,0.09612132138738622
0.06325791618446105,0.05116326534830474,0.0372932992595416,0.06701711221888397,0.03855255290832506,0.012594535363378841,0.005641426359998161,0.056707703605328466,0.07386177040360124,0.06445457634246213,0.01942734159529466,0.05180437847978411,0.0368246852510358,0.038043889726851854,-0.0031615303234692567,0.02544785145695535,-0.0016613594407080532,0.03271392415029849,0.029779481001923666,0.04571727733940463,0.05116326534830474,0.07169385388006663,0.050969322618133715,0.05311935235220478,0.046445988402480945,0.023660437113071572,0.002693095163066316,0.06726387668639336,0.06127181561420012,0.07240604573931764,0.012586171824514058,0.04712924782521285,0.03339185149117849,0.03522171696466943,-0.009508521190014815,0.028695981974093888,-0.001172174352500673,0.03932280136254996,0.023360530213083083,0.0404195844441219,0.0372932992595416,0.050969322618133715,0.1121399293659008,0.0745297765931612,0.046857499394495794,-0.04353528481226664,0.03505366187692081,-0.013498249846413797,0.01581536023829537,0.061176316739689804,0.025357353155067874,0.029916912953636396,0.052281188319130825,0.05197759737616391,0.026050332900591416,0.03983113052133955,0.09005154163326712,-0.02030929694033827,0.03136525348406737,-0.010017894521115477,0.06701711221888397,0.05311935235220478,0.0745297765931612,0.17595078300224576,0.050113065414341657,-0.04439079307283561,0.01305374473387468,0.010506400055414575,0.08918845482484208,0.0864734246176736,0.0318738340230351,0.08235246963356443,0.0649551798491991,0.06309581211137208,0.016772871530270475,0.03872560846870951,0.05139907089148535,-0.008454003661707397,0.04853385799222689,0.036353280927032064,0.03855255290832506,0.046445988402480945,0.046857499394495794,0.050113065414341657,0.047441562742770726,0.006322014710918516,0.002719738267279217,0.039162215391129324,0.05074983688456359,0.057809406233507506,0.0075567494831455025,0.036708938964249246,0.024957382590927946,0.034509549077074084,-0.003749438174183841,0.016929131492877815,0.013185120630770144,0.018783518954243947,0.019874135356670784,0.02330983902411815,0.012594535363378841,0.023660437113071572,-0.04353528481226664,-0.04439079307283561,0.006322014710918516,0.12029035755340589,-0.05373986361877836,0.1101925034501113,0.06381541980733993,0.01618451007385653,-0.019269780403046572,0.017727507814541583,-0.029912737928167427,-0.010569017619902341,-0.057990645330419685,-0.013600337658893586,-0.1275890765397801,0.07569436370711952,-0.009495753837529573,0.07512204805653021,0.005641426359998161,0.002693095163066316,0.03505366187692081,0.01305374473387468,0.002719738267279217,-0.05373986361877836,0.068608137062626,-0.03907575224591039,-0.03748928828455762,0.005400191195943876,0.026319024812034603,0.0017018154813561559,0.03795614466300193,0.0026686331260935064,0.02814683364685746,0.00586022159480302,0.07678969814196385,-0.03279741832715822,0.013304859401115574,-0.04201801605555541,0.056707703605328466,0.06726387668639336,-0.013498249846413797,0.010506400055414575,0.039162215391129324,0.1101925034501113,-0.03907575224591039,0.17822668820505788,0.10981326343893642,0.07119447644949686,-0.0053145960126417535,0.04903073136621811,0.004247988382652414,0.01585745865890928,-0.05667833011777896,0.01604444215507033,-0.11565599095563148,0.1150548496699893,0.010537420854587847,0.10495919585445004,0.07386177040360124,0.06127181561420012,0.01581536023829537,0.08918845482484208,0.05074983688456359,0.06381541980733993,-0.03748928828455762,0.10981326343893642,0.1812621229603869,0.08732232883076364,0.012529749135310995,0.0743876662362373,0.026902128830360368,0.06606594434148175,-0.020478451762302702,0.01778708454469486,-0.054783455721114094,0.07676519710068574,0.032381940912846116,0.10867792824322858,0.06445457634246213,0.07240604573931764,0.061176316739689804,0.0864734246176736,0.057809406233507506,0.01618451007385653,0.005400191195943876,0.07119447644949686,0.08732232883076364,0.10447965186164986,0.016853994105214785,0.06126327976739052,0.0444167487640528,0.04943762947708773,-0.0051960897753211156,0.02993681642110568,0.009255803361657614,0.04538182097638728,0.029291188137960073,0.04609943672726268,0.01942734159529466,0.012586171824514058,0.025357353155067874,0.0318738340230351,0.0075567494831455025,-0.019269780403046572,0.026319024812034603,-0.0053145960126417535,0.012529749135310995,0.016853994105214785,0.0357585076180472,0.017613485015514345,0.028015219647654938,0.019168087763676383,0.0189250907824577,0.015927230146078497,0.036722348812856846,-0.009233879945174524,0.016719250124539335,0.004240994223637332,0.05180437847978411,0.04712924782521285,0.029916912953636396,0.08235246963356443,0.036708938964249246,0.017727507814541583,0.0017018154813561559,0.04903073136621811,0.0743876662362373,0.06126327976739052,0.017613485015514345,0.07249936305133386,0.03676424619208274,0.032289377812008434,-0.008092990034163248,0.01341820883280896,-0.012174990910080898,0.025512331656170978,0.030062650354958448,0.04354840921618897,0.0368246852510358,0.03339185149117849,0.052281188319130825,0.0649551798491991,0.024957382590927946,-0.029912737928167427,0.03795614466300193,0.004247988382652414,0.026902128830360368,0.0444167487640528,0.028015219647654938,0.03676424619208274,0.06350069496482152,0.027751316702500993,0.017625381864822744,0.0195553019782662,0.0505348595063947,-0.001998399710486448,0.02808567146805704,0.002640099892951638,0.038043889726851854,0.03522171696466943,0.05197759737616391,0.06309581211137208,0.034509549077074084,-0.010569017619902341,0.0026686331260935064,0.01585745865890928,0.06606594434148175,0.04943762947708773,0.019168087763676383,0.032289377812008434,0.027751316702500993,0.063124355227443,0.011828295478261353,0.02450366308164318,0.03314502131251097,0.007860503789672308,0.02664617117928896,0.0334060448596755,-0.0031615303234692567,-0.009508521190014815,0.026050332900591416,0.016772871530270475,-0.003749438174183841,-0.057990645330419685,0.02814683364685746,-0.05667833011777896,-0.020478451762302702,-0.0051960897753211156,0.0189250907824577,-0.008092990034163248,0.017625381864822744,0.011828295478261353,0.04456110430030371,0.0068793278305862085,0.07148923634163878,-0.03955765236811172,0.005293602026339226,-0.033915843656013536,0.02544785145695535,0.028695981974093888,0.03983113052133955,0.03872560846870951,0.016929131492877815,-0.013600337658893586,0.00586022159480302,0.01604444215507033,0.01778708454469486,0.02993681642110568,0.015927230146078497,0.01341820883280896,0.0195553019782662,0.02450366308164318,0.0068793278305862085,0.05295969250686236,0.02687586824566131,-0.004473053119787031,0.016044748550452653,0.01770987260107391,-0.0016613594407080532,-0.001172174352500673,0.09005154163326712,0.05139907089148535,0.013185120630770144,-0.1275890765397801,0.07678969814196385,-0.11565599095563148,-0.054783455721114094,0.009255803361657614,0.036722348812856846,-0.012174990910080898,0.0505348595063947,0.03314502131251097,0.07148923634163878,0.02687586824566131,0.1858061834785107,-0.09170090064567318,0.01646636137959622,-0.08432617365394432,0.03271392415029849,0.03932280136254996,-0.02030929694033827,-0.008454003661707397,0.018783518954243947,0.07569436370711952,-0.03279741832715822,0.1150548496699893,0.07676519710068574,0.04538182097638728,-0.009233879945174524,0.025512331656170978,-0.001998399710486448,0.007860503789672308,-0.03955765236811172,-0.004473053119787031,-0.09170090064567318,0.10177113406873753,0.0006949150867907178,0.07154202818888916,0.029779481001923666,0.023360530213083083,0.03136525348406737,0.04853385799222689,0.019874135356670784,-0.009495753837529573,0.013304859401115574,0.010537420854587847,0.032381940912846116,0.029291188137960073,0.016719250124539335,0.030062650354958448,0.02808567146805704,0.02664617117928896,0.005293602026339226,0.016044748550452653,0.01646636137959622,0.0006949150867907178,0.03499871347571212,0.01765224957634456,0.04571727733940463,0.0404195844441219,-0.010017894521115477,0.036353280927032064,0.02330983902411815,0.07512204805653021,-0.04201801605555541,0.10495919585445004,0.10867792824322858,0.04609943672726268,0.004240994223637332,0.04354840921618897,0.002640099892951638,0.0334060448596755,-0.033915843656013536,0.01770987260107391,-0.08432617365394432,0.07154202818888916,0.01765224957634456,0.10769825397200816
0.06830052601925375,0.05668526509839719,0.06747597282159387,0.04571126415527134,0.04095163219575427,-0.003621130266142969,0.006672099661654839,0.027751042982218362,0.025493725310192835,0.05634095724436003,0.005149833900990743,0.05636050444434659,0.03183486746002441,0.02989766337488535,0.014771895943669025,0.023565094528470183,0.041519029125654416,-0.006730939849775124,0.024361699669721022,0.0006428504546802422,0.05668526509839719,0.07964825722711033,0.08422491704982449,0.06091489629021936,0.04678386468333028,0.003717931514109221,0.008736505526989716,0.03497241736054531,0.029547813047330063,0.06994200614654675,0.008687565144821344,0.06137627663176237,0.04277132333925836,0.035814440702972156,0.015482900507463284,0.026889809445262303,0.04901021759722171,-0.00518876613073474,0.033523097159603235,0.000971023073525324,0.06747597282159387,0.08422491704982449,0.14960374682229863,0.07896959071133075,0.0609995158675178,-0.006043101781375893,0.032039154725255585,0.028185528581056454,0.014020126538953355,0.09860124861131245,0.010235184485087047,0.06642462296512128,0.06230679853417857,0.04170843840603482,0.013479152641876137,0.043812284553664524,0.08714470564609274,-0.01627540131193525,0.04511704844138887,-0.00996707355419077,0.04571126415527134,0.06091489629021936,0.07896959071133075,0.11844250600568434,0.040620667299079094,-0.014703986082878812,-0.0017926140079544683,0.018081410726894072,0.06126546346700857,0.06392840901564856,0.021354769073774323,0.07477628472567646,0.04414039671987863,0.04464594857161649,0.018990947363122346,0.00561990700912319,0.059208776179796294,-0.005067299544994866,0.035791228916890835,0.005308443917827198,0.04095163219575427,0.04678386468333028,0.0609995158675178,0.040620667299079094,0.04916208564330765,-0.005955509165305289,0.01424939774256195,0.018375450511358787,0.01085925483356951,0.05530920327974063,0.01200537566587884,0.04138473798098728,0.0327051641102224,0.0222781984945813,0.00998107181627179,0.01898642115886235,0.03737958785356672,-0.009701432060018892,0.021379856843424225,-1.279878349919549e-5,-0.003621130266142969,0.003717931514109221,-0.006043101781375893,-0.014703986082878812,-0.005955509165305289,0.048570350348268905,-0.0238108779692608,0.01879734985069928,0.011143237236693016,0.005511591213774059,-0.009095209853940984,-0.010655402750830668,-0.020997385435187525,0.0023130911459985962,-0.01334286233941294,-0.007306368078823781,-0.028975731826060714,-0.0013914743317495308,-0.003965018033056186,0.01288301952101201,0.006672099661654839,0.008736505526989716,0.032039154725255585,-0.0017926140079544683,0.01424939774256195,-0.0238108779692608,0.06126009663459075,-0.004826341534331059,-0.02498407868184488,0.027077816152793834,0.02154653363896228,0.00028771240714334234,0.02903698557008507,0.00012557635364653617,0.005031213887361056,0.020202490377917437,0.04937499234683528,-0.0050020877618132155,0.011918065296565144,-0.007455465574679639,0.027751042982218362,0.03497241736054531,0.028185528581056454,0.018081410726894072,0.018375450511358787,0.01879734985069928,-0.004826341534331059,0.04834652953237972,0.019899034830474626,0.030045949546680373,0.0018982663019228617,0.023234818689145842,0.01056255517818345,0.013333613830266744,0.0038664520063706465,0.021824240134335753,0.010909610051521523,0.004097850014326271,0.014469784582598805,0.018373735904112367,0.025493725310192835,0.029547813047330063,0.014020126538953355,0.06126546346700857,0.01085925483356951,0.011143237236693016,-0.02498407868184488,0.019899034830474626,0.07558962063541513,0.01908400475134488,0.0059492087019735185,0.04403838804674057,0.006247646823606311,0.030326846075957748,0.008239103991115531,-0.007704581355989194,0.008260331255579102,0.010828600858949277,0.012152616486219896,0.019227829639410686,0.05634095724436003,0.06994200614654675,0.09860124861131245,0.06392840901564856,0.05530920327974063,0.005511591213774059,0.027077816152793834,0.030045949546680373,0.01908400475134488,0.0973384425727474,0.01829885391588885,0.05688332461959614,0.0463451509140811,0.03662161485053672,0.012070602004160177,0.0326469259229664,0.06255455139565017,-0.010504122480151055,0.03597684179592667,-0.002559454157377641,0.005149833900990743,0.008687565144821344,0.010235184485087047,0.021354769073774323,0.01200537566587884,-0.009095209853940984,0.02154653363896228,0.0018982663019228617,0.0059492087019735185,0.01829885391588885,0.04214434447276696,0.008867804419392115,0.020194074347788925,0.01016084116510969,0.012503551122150364,6.7097793681452494e-6,0.02877917609894254,0.001919225921263007,0.00760828695264741,-8.914672797281491e-5,0.05636050444434659,0.06137627663176237,0.06642462296512128,0.07477628472567646,0.04138473798098728,-0.010655402750830668,0.00028771240714334234,0.023234818689145842,0.04403838804674057,0.05688332461959614,0.008867804419392115,0.08082815467984955,0.039862126020913324,0.0367911687474927,0.019788403550972618,0.019837582910130595,0.04447143997940261,-0.0025821866408507507,0.03004073200132585,0.0014807654904710576,0.03183486746002441,0.04277132333925836,0.06230679853417857,0.04414039671987863,0.0327051641102224,-0.020997385435187525,0.02903698557008507,0.01056255517818345,0.006247646823606311,0.0463451509140811,0.020194074347788925,0.039862126020913324,0.0607969291362539,0.01730747296128888,0.019331070103370717,0.018670385661171622,0.05451437144953129,-0.0021302933382355647,0.021240721890395515,-0.011686061602084116,0.02989766337488535,0.035814440702972156,0.04170843840603482,0.04464594857161649,0.0222781984945813,0.0023130911459985962,0.00012557635364653617,0.013333613830266744,0.030326846075957748,0.03662161485053672,0.01016084116510969,0.0367911687474927,0.01730747296128888,0.043747052121814525,0.005761217393673081,0.009284107199434864,0.028664792264165753,-0.007958411568953227,0.01813231923199673,0.010145278022078087,0.014771895943669025,0.015482900507463284,0.013479152641876137,0.018990947363122346,0.00998107181627179,-0.01334286233941294,0.005031213887361056,0.0038664520063706465,0.008239103991115531,0.012070602004160177,0.012503551122150364,0.019788403550972618,0.019331070103370717,0.005761217393673081,0.024311702348230844,0.0033119608988488114,0.016568916411822884,-0.0013845369161798581,0.0061692024503396375,-0.005425140701037409,0.023565094528470183,0.026889809445262303,0.043812284553664524,0.00561990700912319,0.01898642115886235,-0.007306368078823781,0.020202490377917437,0.021824240134335753,-0.007704581355989194,0.0326469259229664,6.7097793681452494e-6,0.019837582910130595,0.018670385661171622,0.009284107199434864,0.0033119608988488114,0.04656182032253642,0.027471130486276987,-0.004284010259680874,0.01643405399314072,0.0029936048604207186,0.041519029125654416,0.04901021759722171,0.08714470564609274,0.059208776179796294,0.03737958785356672,-0.028975731826060714,0.04937499234683528,0.010909610051521523,0.008260331255579102,0.06255455139565017,0.02877917609894254,0.04447143997940261,0.05451437144953129,0.028664792264165753,0.016568916411822884,0.027471130486276987,0.09818062939182134,-0.01275470534021782,0.03516100374740064,-0.007688067136540267,-0.006730939849775124,-0.00518876613073474,-0.01627540131193525,-0.005067299544994866,-0.009701432060018892,-0.0013914743317495308,-0.0050020877618132155,0.004097850014326271,0.010828600858949277,-0.010504122480151055,0.001919225921263007,-0.0025821866408507507,-0.0021302933382355647,-0.007958411568953227,-0.0013845369161798581,-0.004284010259680874,-0.01275470534021782,0.02505290630683401,-0.008651080610047275,0.0011328103163573328,0.024361699669721022,0.033523097159603235,0.04511704844138887,0.035791228916890835,0.021379856843424225,-0.003965018033056186,0.011918065296565144,0.014469784582598805,0.012152616486219896,0.03597684179592667,0.00760828695264741,0.03004073200132585,0.021240721890395515,0.01813231923199673,0.0061692024503396375,0.01643405399314072,0.03516100374740064,-0.008651080610047275,0.032950366269234525,0.004479854779718547,0.0006428504546802422,0.000971023073525324,-0.00996707355419077,0.005308443917827198,-1.279878349919549e-5,0.01288301952101201,-0.007455465574679639,0.018373735904112367,0.019227829639410686,-0.002559454157377641,-8.914672797281491e-5,0.0014807654904710576,-0.011686061602084116,0.010145278022078087,-0.005425140701037409,0.0029936048604207186,-0.007688067136540267,0.0011328103163573328,0.004479854779718547,0.04062649732125285
