0.09900084122421915,-0.018399349116975633,0.05604068394623817,-0.003294173737895767,-0.0008965268103859599,0.008600929961869438,-0.006086936885693341,-0.02372217734238299,-0.0007636901983950675,0.050486128268263236,0.04465549785110699,0.0134284510284747,0.005854180482440876,-0.009238303619810675,-0.08411860325802949,0.00029583208090121563,-0.008113655299835173,-0.003284050723307593,-0.04489956172923977,-0.07104560979535354,-0.018399349116975633,0.02356952415249077,-0.013843951940678768,-0.014366962839809155,-0.005314877897933945,-0.004573991193111415,-0.00028870759370171737,0.005637031715964027,-0.0021158702729049553,-0.007939459141752748,-0.013867806812871487,-0.011454292261196639,0.004536541105273407,0.01341889059556028,0.03237752677293976,0.007360575695834245,-0.0016077635521307612,-0.00444124926912993,0.008791632457004492,0.018461731749467816,0.05604068394623817,-0.013843951940678768,0.1070225623023615,0.013336016106246596,0.01546812098657604,0.0020075196540026304,0.002931822383161961,-0.012994912177546843,-0.018406590078670276,0.047542080374755616,0.05063998968703974,0.03432493763693133,-0.009405587708787678,-0.04168154256195172,-0.08613563750515119,-0.023616722636118463,-0.011560288917409827,0.012832855744272259,-0.04657664858061128,-0.06532668797734209,-0.003294173737895767,-0.014366962839809155,0.013336016106246596,0.04841751035318373,0.010401166946902648,-0.003453756681876069,-0.010339039733131786,0.004974304444089528,-0.002316567512137984,-0.011706450922583347,0.011755797828948523,0.016109725685586024,-0.0032518869371880527,-0.027079742652914567,-0.018732104004596517,0.0044618470106779495,0.013612235564003589,0.007025630021370446,-0.02095402203503437,-0.0006836509641147525,-0.0008965268103859599,-0.005314877897933945,0.01546812098657604,0.010401166946902648,0.019751340231189848,0.003873951590269985,-0.001962238939058554,-0.00025230467716731144,-0.0005092301961635922,0.00128477456410537,0.003740289384667389,0.006529779678796624,-0.0071180395790737235,-0.009038946528779252,-0.013759214146624819,-0.004323370102975659,0.005506290460144269,0.007282941429962434,-0.006460112769016701,-0.004780686517152789,0.008600929961869438,-0.004573991193111415,0.0020075196540026304,-0.003453756681876069,0.003873951590269985,0.03482781504767148,0.005939352297789562,5.7793429406648254e-5,0.00973402823838285,0.004482829787827934,-0.00964427790238327,-0.012073171093213233,-0.007928368980813779,0.006908714571087705,-0.00875391859113288,-0.01684920686409824,0.010123658130663623,0.008547285543812245,-0.0029037919084364946,-0.0161538678795323,-0.006086936885693341,-0.00028870759370171737,0.002931822383161961,-0.010339039733131786,-0.001962238939058554,0.005939352297789562,0.03163991558219833,-0.009970767199725993,0.007557451198166301,0.009750189095827288,-0.0076804193587980095,-0.010719609215292226,-0.006385143147461541,-0.0016547370804117054,-0.0009568875820040353,-0.01459244638017119,-0.0018981313992052179,0.0014815214896862381,0.008120553427545602,-0.00964171614759015,-0.02372217734238299,0.005637031715964027,-0.012994912177546843,0.004974304444089528,-0.00025230467716731144,5.7793429406648254e-5,-0.009970767199725993,0.03616933094686993,-0.004020025659461314,-0.017407505147816672,0.0007560219458090261,0.005968283010974745,-0.003125248317898994,-6.777958408385931e-5,0.020835284858466314,-0.008536115126626762,0.004317731360325337,0.0006866800302215603,0.006086617743687438,0.015416450416742094,-0.0007636901983950675,-0.0021158702729049553,-0.018406590078670276,-0.002316567512137984,-0.0005092301961635922,0.00973402823838285,0.007557451198166301,-0.004020025659461314,0.031915433195052946,-0.00409445657349903,-0.021930111790153792,-0.009801929222385134,-0.0047648929433064665,0.016408507130050827,0.007142749746430352,0.004297098463066598,0.0015141966403670695,-0.00037300430840365854,0.01152676096429222,0.0013830011609299283,0.050486128268263236,-0.007939459141752748,0.047542080374755616,-0.011706450922583347,0.00128477456410537,0.004482829787827934,0.009750189095827288,-0.017407505147816672,-0.00409445657349903,0.06511321729588836,0.026271545860643265,-0.0018316527268727447,-0.003369682916979798,-0.00021349822140981383,-0.057972079790798596,-0.018956596958036663,-0.005668854697014913,0.00741010534327788,-0.02110174348293815,-0.056192386187945004,0.04465549785110699,-0.013867806812871487,0.05063998968703974,0.011755797828948523,0.003740289384667389,-0.00964427790238327,-0.0076804193587980095,0.0007560219458090261,-0.021930111790153792,0.026271545860643265,0.09362690995542267,0.03500675569484088,-0.00501783229062145,-0.04631369935629363,-0.06644109687865299,-0.004792692686618661,-0.008344444045020178,0.010587976155768855,-0.03458093883432449,-0.05182982568735605,0.0134284510284747,-0.011454292261196639,0.03432493763693133,0.016109725685586024,0.006529779678796624,-0.012073171093213233,-0.010719609215292226,0.005968283010974745,-0.009801929222385134,-0.0018316527268727447,0.03500675569484088,0.05095645762954821,0.0044120343585065305,-0.031285907548028985,-0.03602316965253677,0.001910293803492304,-0.0028983318601471563,-0.001072314095640629,-0.029679920855134396,-0.0165829303608288,0.005854180482440876,0.004536541105273407,-0.009405587708787678,-0.0032518869371880527,-0.0071180395790737235,-0.007928368980813779,-0.006385143147461541,-0.003125248317898994,-0.0047648929433064665,-0.003369682916979798,-0.00501783229062145,0.0044120343585065305,0.031908131273167814,0.0015018732520005091,0.005818027893281858,0.017835344767532384,-0.009430736377795405,-0.009488225908942185,-0.00048584842217769546,0.008351726334465643,-0.009238303619810675,0.01341889059556028,-0.04168154256195172,-0.027079742652914567,-0.009038946528779252,0.006908714571087705,-0.0016547370804117054,-6.777958408385931e-5,0.016408507130050827,-0.00021349822140981383,-0.04631369935629363,-0.031285907548028985,0.0015018732520005091,0.06361193262167278,0.04804109527983337,0.005852696603032103,-0.001206614442645909,-0.009581075044455566,0.03009800642351796,0.026911289541742024,-0.08411860325802949,0.03237752677293976,-0.08613563750515119,-0.018732104004596517,-0.013759214146624819,-0.00875391859113288,-0.0009568875820040353,0.020835284858466314,0.007142749746430352,-0.057972079790798596,-0.06644109687865299,-0.03602316965253677,0.005818027893281858,0.04804109527983337,0.13690464957329074,0.020042319508313707,0.002695491954182078,-0.017719790587602938,0.06105717889623048,0.09334636349142643,0.00029583208090121563,0.007360575695834245,-0.023616722636118463,0.0044618470106779495,-0.004323370102975659,-0.01684920686409824,-0.01459244638017119,-0.008536115126626762,0.004297098463066598,-0.018956596958036663,-0.004792692686618661,0.001910293803492304,0.017835344767532384,0.005852696603032103,0.020042319508313707,0.059635926022793016,-0.00281984711895587,-0.01750692264576319,-0.005546995066724094,0.02573883051239724,-0.008113655299835173,-0.0016077635521307612,-0.011560288917409827,0.013612235564003589,0.005506290460144269,0.010123658130663623,-0.0018981313992052179,0.004317731360325337,0.0015141966403670695,-0.005668854697014913,-0.008344444045020178,-0.0028983318601471563,-0.009430736377795405,-0.001206614442645909,0.002695491954182078,-0.00281984711895587,0.031796735381081895,0.005092859921445621,-0.0011150134226069989,0.008428014916740455,-0.003284050723307593,-0.00444124926912993,0.012832855744272259,0.007025630021370446,0.007282941429962434,0.008547285543812245,0.0014815214896862381,0.0006866800302215603,-0.00037300430840365854,0.00741010534327788,0.010587976155768855,-0.001072314095640629,-0.009488225908942185,-0.009581075044455566,-0.017719790587602938,-0.01750692264576319,0.005092859921445621,0.030737518511488076,-0.0024775538290621024,-0.01119747750664266,-0.04489956172923977,0.008791632457004492,-0.04657664858061128,-0.02095402203503437,-0.006460112769016701,-0.0029037919084364946,0.008120553427545602,0.006086617743687438,0.01152676096429222,-0.02110174348293815,-0.03458093883432449,-0.029679920855134396,-0.00048584842217769546,0.03009800642351796,0.06105717889623048,-0.005546995066724094,-0.0011150134226069989,-0.0024775538290621024,0.0650249341946597,0.041716306214095555,-0.07104560979535354,0.018461731749467816,-0.06532668797734209,-0.0006836509641147525,-0.004780686517152789,-0.0161538678795323,-0.00964171614759015,0.015416450416742094,0.0013830011609299283,-0.056192386187945004,-0.05182982568735605,-0.0165829303608288,0.008351726334465643,0.026911289541742024,0.09334636349142643,0.02573883051239724,0.008428014916740455,-0.01119747750664266,0.041716306214095555,0.09382736954829421
0.16175171481825754,-0.024416599325388436,0.12318246748958703,-0.012291487775015309,-0.0009386193915729328,-0.02593256851916929,0.0118427409430659,-0.05946455267332527,-0.03753143435664096,0.07461129936308315,0.11377545827739045,0.016780055127669082,-0.019868767734400338,-0.04017703754409883,-0.12223283006038879,0.007925820691106316,-0.013670443348112581,-0.008344979837923441,-0.07107125847244172,-0.09455931286597585,-0.024416599325388436,0.05025218047041415,-0.029041388514872736,-0.03587502729505117,-0.02533432645450811,-0.002877419110621977,0.010496391731321136,-0.01828327080068106,-0.0014444928777075866,-0.004638531943652667,-0.053732873472472686,-0.03155030564150403,0.024178419155283494,0.01492138323046486,0.05426138334542485,0.014599662426969586,-0.007805048620592381,-0.00573857099464308,-0.014078219146362397,0.04380394309917998,0.12318246748958703,-0.029041388514872736,0.2567767135735575,0.027841131129018693,0.05618809466065859,-0.035310762706701346,0.026133841311245427,-0.03548666732826938,-0.10964848164484323,0.0753216661090231,0.18260168140946675,0.11225099393192493,-0.0017611125414314088,-0.10515535785226628,-0.1484368039986948,-0.06562225608673507,-0.032086427801567216,0.053102541692790495,-0.08544327380169878,-0.11283364745847703,-0.012291487775015309,-0.03587502729505117,0.027841131129018693,0.06656797122362035,0.030022904944936313,-0.0007088114514883915,-0.025150737658269882,0.03307578851114368,0.0019443414647320554,-0.021217624791769394,0.043978162452903424,0.04848282397557088,0.00471739845686737,-0.03171960142729306,-0.03211612669772629,-0.011245021823179595,0.00040140172971147496,0.023643928609931027,0.006066903260743949,-0.0220410411285277,-0.0009386193915729328,-0.02533432645450811,0.05618809466065859,0.030022904944936313,0.05745605393374015,-0.0029507731681603037,0.0033159397219479597,0.02442368698276416,-0.017550226014390866,0.017123091716070543,0.04373545336944649,0.026600328667530815,-0.02672851727672382,-0.020445041695112756,-0.04538936888523225,-0.023372858954495864,0.015191196493863846,0.029521435637816805,0.013983257903278205,-0.048603703769093384,-0.02593256851916929,-0.002877419110621977,-0.035310762706701346,-0.0007088114514883915,-0.0029507731681603037,0.039175503005506075,8.574731082804316e-5,0.016299492993849064,0.02997189520319052,-0.02209288394964703,-0.0328138586585565,-0.019382324747931175,-0.0025699410939289892,0.02578702936388997,0.020450012735543102,-0.01707080511962598,0.009510819976294601,0.0025408574403861265,0.02947306448619071,0.01843658019582553,0.0118427409430659,0.010496391731321136,0.026133841311245427,-0.025150737658269882,0.0033159397219479597,8.574731082804316e-5,0.05179830123801887,-0.004018877164721796,-0.017753890194415027,0.023788559494893887,-0.00791780437122536,-0.018991310364437707,-0.00794664610738874,0.006070308194677089,-0.002954304710390177,-0.03182935023282371,0.004985322114250831,0.0005517773373327267,0.002688623163924055,-0.01927200328024474,-0.05946455267332527,-0.01828327080068106,-0.03548666732826938,0.03307578851114368,0.02442368698276416,0.016299492993849064,-0.004018877164721796,0.07295547364041263,0.02175537633351869,-0.03782848270458179,-0.027872330470841256,0.005677184319166419,-0.007165779254689791,0.00951509511086781,0.014644346101992303,-0.017494903738931165,0.020067374195539014,0.010794130862018725,0.04641379445401227,-0.0005749598543369817,-0.03753143435664096,-0.0014444928777075866,-0.10964848164484323,0.0019443414647320554,-0.017550226014390866,0.02997189520319052,-0.017753890194415027,0.02175537633351869,0.08757817104535906,-0.03382196888104087,-0.07945558955922641,-0.058891705986316614,-0.009944870173488272,0.047079132012307116,0.03999806150202538,0.028692781552998696,0.01843467367112535,-0.02512118996793025,0.04906729357438912,0.040463655265228334,0.07461129936308315,-0.004638531943652667,0.0753216661090231,-0.021217624791769394,0.017123091716070543,-0.02209288394964703,0.023788559494893887,-0.03782848270458179,-0.03382196888104087,0.09119730977211452,0.0547383265882225,-0.010940957836037631,-0.04729562230449112,-0.009382570552094682,-0.06747909691902484,-0.006662707207567787,0.009300666639275585,0.00826119491699287,-0.030868619418178367,-0.08799825535867214,0.11377545827739045,-0.053732873472472686,0.18260168140946675,0.043978162452903424,0.04373545336944649,-0.0328138586585565,-0.00791780437122536,-0.027872330470841256,-0.07945558955922641,0.0547383265882225,0.21702558034543756,0.12894239204244237,0.002687046301700113,-0.08698565060495642,-0.14859031990285454,-0.03187638427130493,-0.04371522858801345,0.035237615618524926,-0.07547765049269232,-0.11427401001038956,0.016780055127669082,-0.03155030564150403,0.11225099393192493,0.04848282397557088,0.026600328667530815,-0.019382324747931175,-0.018991310364437707,0.005677184319166419,-0.058891705986316614,-0.010940957836037631,0.12894239204244237,0.14664789443915652,0.0454313562122716,-0.07470742248130745,-0.06024867623655568,-0.027792955997718746,-0.040331662440181645,0.03810495266239275,-0.05562500588003633,-0.027097017109712705,-0.019868767734400338,0.024178419155283494,-0.0017611125414314088,0.00471739845686737,-0.02672851727672382,-0.0025699410939289892,-0.00794664610738874,-0.007165779254689791,-0.009944870173488272,-0.04729562230449112,0.002687046301700113,0.0454313562122716,0.09615380926881165,-0.02157161877682847,0.03186174698425308,0.007465085606529862,-0.047338572142113844,-0.0025898268234606243,-0.028787721083265806,0.06642326957958772,-0.04017703754409883,0.01492138323046486,-0.10515535785226628,-0.03171960142729306,-0.020445041695112756,0.02578702936388997,0.006070308194677089,0.00951509511086781,0.047079132012307116,-0.009382570552094682,-0.08698565060495642,-0.07470742248130745,-0.02157161877682847,0.079854381970606,0.05593776432995688,0.012584703949093333,0.017858899443031324,-0.027507952611917866,0.053257723974616374,0.02929028296066544,-0.12223283006038879,0.05426138334542485,-0.1484368039986948,-0.03211612669772629,-0.04538936888523225,0.020450012735543102,-0.002954304710390177,0.014644346101992303,0.03999806150202538,-0.06747909691902484,-0.14859031990285454,-0.06024867623655568,0.03186174698425308,0.05593776432995688,0.17463305772222537,0.02053194494582159,0.011820754933043496,-0.023435552963901832,0.05111020059009358,0.13339405332870774,0.007925820691106316,0.014599662426969586,-0.06562225608673507,-0.011245021823179595,-0.023372858954495864,-0.01707080511962598,-0.03182935023282371,-0.017494903738931165,0.028692781552998696,-0.006662707207567787,-0.03187638427130493,-0.027792955997718746,0.007465085606529862,0.012584703949093333,0.02053194494582159,0.08736493279365413,0.0020705658541557413,-0.020721638310284524,-0.01917263547169707,0.019383235451958428,-0.013670443348112581,-0.007805048620592381,-0.032086427801567216,0.00040140172971147496,0.015191196493863846,0.009510819976294601,0.004985322114250831,0.020067374195539014,0.01843467367112535,0.009300666639275585,-0.04371522858801345,-0.040331662440181645,-0.047338572142113844,0.017858899443031324,0.011820754933043496,0.0020705658541557413,0.05491916909538509,0.004265426236956749,0.034145629637203974,-0.012532777126625988,-0.008344979837923441,-0.00573857099464308,0.053102541692790495,0.023643928609931027,0.029521435637816805,0.0025408574403861265,0.0005517773373327267,0.010794130862018725,-0.02512118996793025,0.00826119491699287,0.035237615618524926,0.03810495266239275,-0.0025898268234606243,-0.027507952611917866,-0.023435552963901832,-0.020721638310284524,0.004265426236956749,0.04995168468709417,-0.013504639577625918,-0.030732343435226073,-0.07107125847244172,-0.014078219146362397,-0.08544327380169878,0.006066903260743949,0.013983257903278205,0.02947306448619071,0.002688623163924055,0.04641379445401227,0.04906729357438912,-0.030868619418178367,-0.07547765049269232,-0.05562500588003633,-0.028787721083265806,0.053257723974616374,0.05111020059009358,-0.01917263547169707,0.034145629637203974,-0.013504639577625918,0.09876036087530758,0.030449635269023622,-0.09455931286597585,0.04380394309917998,-0.11283364745847703,-0.0220410411285277,-0.048603703769093384,0.01843658019582553,-0.01927200328024474,-0.0005749598543369817,0.040463655265228334,-0.08799825535867214,-0.11427401001038956,-0.027097017109712705,0.06642326957958772,0.02929028296066544,0.13339405332870774,0.019383235451958428,-0.012532777126625988,-0.030732343435226073,0.030449635269023622,0.16706942637192315
0.19540818141332816,-0.03624525179671198,0.1215438328428132,0.0064504896630342475,0.02037321160888588,-0.01154690745555045,-0.018905655184047132,-0.03601588514517885,-0.025618334334323135,0.04580852879729951,0.054117951363685926,0.050949930949194505,0.052101810213674715,-0.012976337214929728,-0.10244369681850415,0.012018837785335693,-0.024849638167205722,-0.004901940491483573,-0.07623105121868345,-0.08577356194586983,-0.03624525179671198,0.09370611914988344,-0.041487387831024264,-0.05082414879480609,-0.013605844733775938,0.011770875485172392,0.02840521188764316,-0.01433447181124263,0.004985373944945977,0.001356998513759121,-0.04175215108098759,-0.06430139153431774,0.017321125218449494,0.05132287495138714,0.05222215033347399,0.012149075698092917,0.012151362851291078,-0.04155379494959098,0.0181354882597979,0.031238455528303604,0.1215438328428132,-0.041487387831024264,0.20715878941583585,0.0735659615405185,0.06490890585919984,0.03953236171378618,-0.03440805339564337,-0.01966918609504502,-0.017051064710412,0.03921614051941758,0.02403712165353973,0.06958560609437367,0.013531400609783728,-0.0436602705030444,-0.13412017792000303,-0.08800739348705244,0.012957224768118562,0.03951886543149757,-0.0556019325120167,-0.10862157326195859,0.0064504896630342475,-0.05082414879480609,0.0735659615405185,0.09395789928989946,0.04543100556811843,0.03367527554549053,-0.04258807123109915,0.013726647476291516,0.012558126060585262,-0.028452429682800543,-0.018132604105845974,0.03929122580763343,-0.04329532219303773,-0.04162523961705079,-0.041861928396914196,-0.03335266112670657,0.03207903963372731,0.03867781411301145,-0.010563922981249151,-0.03927664461653406,0.02037321160888588,-0.013605844733775938,0.06490890585919984,0.04543100556811843,0.05160053319426389,0.0270702119020182,-0.0284010883140723,-0.0065315781540474255,-0.003723203517295521,-0.015752901143677632,-0.03487022754515033,0.00836883417943479,-0.021860849838039396,-0.01500938090338767,-0.029106344360635694,-0.01664107660642103,0.025404952133731902,0.01657641392357964,-0.008563744187556982,-0.02356830291463993,-0.01154690745555045,0.011770875485172392,0.03953236171378618,0.03367527554549053,0.0270702119020182,0.07151735401638293,0.013355061562856102,-0.0013932174564374354,0.03876778194258931,0.0018953643422571502,-0.04359364397829521,-0.015935759507164957,-0.032319928357432304,0.008999837592104955,-0.028414227883897254,-0.057160050723886,0.042813345202653466,0.014328981821039297,0.003475521239738863,-0.0447920357523075,-0.018905655184047132,0.02840521188764316,-0.03440805339564337,-0.04258807123109915,-0.0284010883140723,0.013355061562856102,0.07318263425746267,-0.005588883410941831,0.02484608365179681,0.038949575662037605,0.005399823741090947,-0.022756159741825502,0.00814207376497604,0.027375165610914104,-0.0015264990985149078,-0.036939252901921016,0.005148557450559921,-0.01102206793051723,0.0015735716361509554,-0.012823888156300586,-0.03601588514517885,-0.01433447181124263,-0.01966918609504502,0.013726647476291516,-0.0065315781540474255,-0.0013932174564374354,-0.005588883410941831,0.03630564637028157,0.005464387824732081,-0.02229416010809196,0.007984781936788931,0.015388199355460028,-0.018761157685658343,-0.017583684611995748,0.010314408954027968,-0.010983472646115783,0.0010072883653788867,0.008174450310122035,0.009026741136407446,0.007630957648847639,-0.025618334334323135,0.004985373944945977,-0.017051064710412,0.012558126060585262,-0.003723203517295521,0.03876778194258931,0.02484608365179681,0.005464387824732081,0.0580955934351309,0.013938516690398918,-0.007680631184344956,-0.011239031046580299,-0.03151287886977104,0.005015299301114763,-0.00880800317783477,-0.036912739878414424,0.03200171495847338,0.0029277899744137,0.013306412837971036,-0.028910902752499634,0.04580852879729951,0.001356998513759121,0.03921614051941758,-0.028452429682800543,-0.015752901143677632,0.0018953643422571502,0.038949575662037605,-0.02229416010809196,0.013938516690398918,0.09565913315827569,0.0644068337637721,0.007843476575444274,0.03170068736451613,0.007182202821568002,-0.06319503930712494,-0.05310470505430001,-0.0003643340250411033,0.0012563486854115992,-0.01352410805072847,-0.045749440914760076,0.054117951363685926,-0.04175215108098759,0.02403712165353973,-0.018132604105845974,-0.03487022754515033,-0.04359364397829521,0.005399823741090947,0.007984781936788931,-0.007680631184344956,0.0644068337637721,0.15177865701603013,0.06117166541596443,0.03160305480522036,-0.0418422495557296,-0.05911183537512388,-0.02013071861520296,-0.030671586993070564,0.01053914918364994,-0.01594623968015019,-0.03318370706832942,0.050949930949194505,-0.06430139153431774,0.06958560609437367,0.03929122580763343,0.00836883417943479,-0.015935759507164957,-0.022756159741825502,0.015388199355460028,-0.011239031046580299,0.007843476575444274,0.06117166541596443,0.08670226431792137,0.009731194998420704,-0.04699051108550109,-0.06411306441524356,-0.031423679591659016,-0.017311304880798892,0.03046280704215188,-0.03725812988551446,-0.04495982034509336,0.052101810213674715,0.017321125218449494,0.013531400609783728,-0.04329532219303773,-0.021860849838039396,-0.032319928357432304,0.00814207376497604,-0.018761157685658343,-0.03151287886977104,0.03170068736451613,0.03160305480522036,0.009731194998420704,0.09601332790987419,0.016807936803501265,-0.016330458012187566,0.02347049866882952,-0.04868868035013743,-0.010081718313506065,-0.024544206232968477,0.007593842253190686,-0.012976337214929728,0.05132287495138714,-0.0436602705030444,-0.04162523961705079,-0.01500938090338767,0.008999837592104955,0.027375165610914104,-0.017583684611995748,0.005015299301114763,0.007182202821568002,-0.0418422495557296,-0.04699051108550109,0.016807936803501265,0.0694849647549753,0.03968338077953154,0.014406086677775747,-0.002783402937636531,-0.028773103714999033,0.011718716277614567,0.026474242759855594,-0.10244369681850415,0.05222215033347399,-0.13412017792000303,-0.041861928396914196,-0.029106344360635694,-0.028414227883897254,-0.0015264990985149078,0.010314408954027968,-0.00880800317783477,-0.06319503930712494,-0.05911183537512388,-0.06411306441524356,-0.016330458012187566,0.03968338077953154,0.14624016756392227,0.07905471543039025,-0.00664705825876852,-0.03531083475742451,0.05511198641453709,0.10309988490493674,0.012018837785335693,0.012149075698092917,-0.08800739348705244,-0.03335266112670657,-0.01664107660642103,-0.057160050723886,-0.036939252901921016,-0.010983472646115783,-0.036912739878414424,-0.05310470505430001,-0.02013071861520296,-0.031423679591659016,0.02347049866882952,0.014406086677775747,0.07905471543039025,0.14979548264067247,-0.02794734680138332,-0.03429361842398944,0.0033596813688927985,0.08012122882096048,-0.024849638167205722,0.012151362851291078,0.012957224768118562,0.03207903963372731,0.025404952133731902,0.042813345202653466,0.005148557450559921,0.0010072883653788867,0.03200171495847338,-0.0003643340250411033,-0.030671586993070564,-0.017311304880798892,-0.04868868035013743,-0.002783402937636531,-0.00664705825876852,-0.02794734680138332,0.0614008014317506,0.001957741697745718,0.014333575535654905,-0.018558609261858094,-0.004901940491483573,-0.04155379494959098,0.03951886543149757,0.03867781411301145,0.01657641392357964,0.014328981821039297,-0.01102206793051723,0.008174450310122035,0.0029277899744137,0.0012563486854115992,0.01053914918364994,0.03046280704215188,-0.010081718313506065,-0.028773103714999033,-0.03531083475742451,-0.03429361842398944,0.001957741697745718,0.05295451020049202,-0.008158116072133787,-0.023437458115567793,-0.07623105121868345,0.0181354882597979,-0.0556019325120167,-0.010563922981249151,-0.008563744187556982,0.003475521239738863,0.0015735716361509554,0.009026741136407446,0.013306412837971036,-0.01352410805072847,-0.01594623968015019,-0.03725812988551446,-0.024544206232968477,0.011718716277614567,0.05511198641453709,0.0033596813688927985,0.014333575535654905,-0.008158116072133787,0.05791553419523365,0.04117912383352664,-0.08577356194586983,0.031238455528303604,-0.10862157326195859,-0.03927664461653406,-0.02356830291463993,-0.0447920357523075,-0.012823888156300586,0.007630957648847639,-0.028910902752499634,-0.045749440914760076,-0.03318370706832942,-0.04495982034509336,0.007593842253190686,0.026474242759855594,0.10309988490493674,0.08012122882096048,-0.018558609261858094,-0.023437458115567793,0.04117912383352664,0.11167078689492994
