0.06272273255932331,0.0020059091168310294,-0.04198319779174202,0.026168585473548785,-0.011333189333779529,0.011624239773395325,-0.0027688835766755977,-0.06821703857795587,0.05271327307752104,-0.02870509562233988,0.047555496112780996,0.05171891751454683,-0.04785183787571503,-0.065543348895054,-0.0793142732340277,0.05703139117488145,-0.030414761334636095,-0.012354052384656694,-0.01654291410329669,0.09982875191824064,0.0020059091168310294,0.06929095016384021,0.03122963743082064,0.019543721127508996,0.06500787395675967,-0.0068218192490000565,-0.04723998804049001,0.02183619048213855,-0.015667374369530022,-0.0016994011493708433,-0.03514317885453834,0.00020588309192570708,0.0405641631709852,-0.04600080856279723,0.009831570215137553,-0.04456123304520559,0.0005032117030177412,-0.010547470490374284,0.006216278876893885,-0.015857357863578003,-0.04198319779174202,0.03122963743082064,0.09627868316509008,-0.013425051578128825,0.04864971789658361,-0.012081553082721451,-0.030577281302663427,0.07984718864458556,-0.06748942562637775,0.019031793820685813,-0.06671818479015945,-0.047628599445043426,0.06656063619633817,0.053155348286223696,0.08483845846013263,-0.07556759356333204,0.03016432224174366,0.015780919969752352,0.03375179442209826,-0.10552003581730193,0.026168585473548785,0.019543721127508996,-0.013425051578128825,0.0607760778057612,0.03253918147552276,-0.007538882289855676,-0.024117416602025397,-0.027829449202761574,0.03847622203992258,-0.018642255133162335,0.006097304217259035,0.02097075439220561,-0.01421555072698546,-0.07046120359553046,-0.044143919998936895,-0.029738421508557156,-0.011197901747808783,-0.01732539230475911,-0.0034925691516855713,0.04998875079054218,-0.011333189333779529,0.06500787395675967,0.04864971789658361,0.03253918147552276,0.1444729495644284,-0.032070818134033244,-0.0963076129412819,0.058330947817374884,-0.01822692695190428,0.0022045691101383975,-0.03167025047708201,-0.0014914795942414405,0.0838939936139931,-0.0734381087934166,0.03285164082825545,-0.1203354125730436,-0.0020420099233807035,-0.036844655298656964,-0.04743705967638183,-0.003102283594517517,0.011624239773395325,-0.0068218192490000565,-0.012081553082721451,-0.007538882289855676,-0.032070818134033244,0.04095449932216251,0.03619978783858839,-0.03949198690932465,0.028742283533585322,0.0008785785577746433,0.0041367554290105985,0.0034706727455215453,-0.028180587557625113,-0.00894139681111629,-0.025850967992127202,0.04556603354434345,-0.008818256516293602,0.020548446198299812,0.030181766127767323,0.005252975480038488,-0.0027688835766755977,-0.04723998804049001,-0.030577281302663427,-0.024117416602025397,-0.0963076129412819,0.03619978783858839,0.11466267600390502,-0.041073640384712465,0.025103933547430006,0.012270716781696465,0.01081250674326626,-0.01509563242437769,-0.0537617966954394,0.06743583590539559,-0.007807920365129528,0.0619430820351524,0.01925587186210221,0.04214316489154789,0.06352447711076309,-0.023716751327180464,-0.06821703857795587,0.02183619048213855,0.07984718864458556,-0.027829449202761574,0.058330947817374884,-0.03949198690932465,-0.041073640384712465,0.16087302380927382,-0.08586983748352447,0.03800297856432116,-0.054781064068701237,-0.0559949813733813,0.10911484832366036,0.07395606921804002,0.12414519680042337,-0.12269224951448798,0.03900804177093121,-0.006222903945233281,-0.023435523925728632,-0.11661415407002182,0.05271327307752104,-0.015667374369530022,-0.06748942562637775,0.03847622203992258,-0.01822692695190428,0.028742283533585322,0.025103933547430006,-0.08586983748352447,0.13182259076963654,-0.01700269997849396,0.0746937121585542,0.06191796999976904,-0.05879054436358934,-0.0894098719242412,-0.1099088406591535,0.044585660089030546,-0.04572351960257581,-0.011679674585768117,-0.028889033041374683,0.13607379223440674,-0.02870509562233988,-0.0016994011493708433,0.019031793820685813,-0.018642255133162335,0.0022045691101383975,0.0008785785577746433,0.012270716781696465,0.03800297856432116,-0.01700269997849396,0.044718705304337886,-0.015540272642296175,-0.03067987510428468,0.03472881835943778,0.04055649559924885,0.04914688917797493,-0.046875519769371515,0.021081920044130457,0.001446173006220199,0.0009205231503028165,-0.049806223361786056,0.047555496112780996,-0.03514317885453834,-0.06671818479015945,0.006097304217259035,-0.03167025047708201,0.0041367554290105985,0.01081250674326626,-0.054781064068701237,0.0746937121585542,-0.015540272642296175,0.10551432261033172,0.06021070015424444,-0.04749196620673998,-0.05718848671329086,-0.08204228619588423,0.06499008573914972,-0.037293980753482114,-0.020714934683588943,-0.06780584250261826,0.1334586610185431,0.05171891751454683,0.00020588309192570708,-0.047628599445043426,0.02097075439220561,-0.0014914795942414405,0.0034706727455215453,-0.01509563242437769,-0.0559949813733813,0.06191796999976904,-0.03067987510428468,0.06021070015424444,0.07521645796876775,-0.031786333787159456,-0.07669710906425092,-0.08351457845405044,0.055040534416454054,-0.03737450999573959,-0.01939772677714254,-0.04686859568458977,0.11544013396496214,-0.04785183787571503,0.0405641631709852,0.06656063619633817,-0.01421555072698546,0.0838939936139931,-0.028180587557625113,-0.0537617966954394,0.10911484832366036,-0.05879054436358934,0.03472881835943778,-0.04749196620673998,-0.031786333787159456,0.11707976372571659,0.018714073367244066,0.09502156951666192,-0.11928668214382993,0.029978196721969115,-0.011840854430874098,-0.022567239841489443,-0.0774011085923213,-0.065543348895054,-0.04600080856279723,0.053155348286223696,-0.07046120359553046,-0.0734381087934166,-0.00894139681111629,0.06743583590539559,0.07395606921804002,-0.0894098719242412,0.04055649559924885,-0.05718848671329086,-0.07669710906425092,0.018714073367244066,0.19399942839888848,0.11601510556998482,0.003449542231856786,0.05311454414474219,0.052356781337595,0.0677770746818231,-0.16111248155751937,-0.0793142732340277,0.009831570215137553,0.08483845846013263,-0.044143919998936895,0.03285164082825545,-0.025850967992127202,-0.007807920365129528,0.12414519680042337,-0.1099088406591535,0.04914688917797493,-0.08204228619588423,-0.08351457845405044,0.09502156951666192,0.11601510556998482,0.16221992349884795,-0.09877261478658186,0.06003208812992093,0.016140219916379244,0.02978419332998469,-0.16939090331649548,0.05703139117488145,-0.04456123304520559,-0.07556759356333204,-0.029738421508557156,-0.1203354125730436,0.04556603354434345,0.0619430820351524,-0.12269224951448798,0.044585660089030546,-0.046875519769371515,0.06499008573914972,0.055040534416454054,-0.11928668214382993,0.003449542231856786,-0.09877261478658186,0.2549099291371207,-0.05054801746147496,0.03621411443069475,0.029140783136332563,0.0902986964487685,-0.030414761334636095,0.0005032117030177412,0.03016432224174366,-0.011197901747808783,-0.0020420099233807035,-0.008818256516293602,0.01925587186210221,0.03900804177093121,-0.04572351960257581,0.021081920044130457,-0.037293980753482114,-0.03737450999573959,0.029978196721969115,0.05311454414474219,0.06003208812992093,-0.05054801746147496,0.05877546937114278,0.014649566912209115,0.04179290717764435,-0.0869617396654181,-0.012354052384656694,-0.010547470490374284,0.015780919969752352,-0.01732539230475911,-0.036844655298656964,0.020548446198299812,0.04214316489154789,-0.006222903945233281,-0.011679674585768117,0.001446173006220199,-0.020714934683588943,-0.01939772677714254,-0.011840854430874098,0.052356781337595,0.016140219916379244,0.03621411443069475,0.014649566912209115,0.05023410434571234,0.06516269698159131,-0.04686054317920452,-0.01654291410329669,0.006216278876893885,0.03375179442209826,-0.0034925691516855713,-0.04743705967638183,0.030181766127767323,0.06352447711076309,-0.023435523925728632,-0.028889033041374683,0.0009205231503028165,-0.06780584250261826,-0.04686859568458977,-0.022567239841489443,0.0677770746818231,0.02978419332998469,0.029140783136332563,0.04179290717764435,0.06516269698159131,0.15487243583956553,-0.10677428850179815,0.09982875191824064,-0.015857357863578003,-0.10552003581730193,0.04998875079054218,-0.003102283594517517,0.005252975480038488,-0.023716751327180464,-0.11661415407002182,0.13607379223440674,-0.049806223361786056,0.1334586610185431,0.11544013396496214,-0.0774011085923213,-0.16111248155751937,-0.16939090331649548,0.0902986964487685,-0.0869617396654181,-0.04686054317920452,-0.10677428850179815,0.26920192574228735
0.05830183698689936,0.002864397351026572,0.011885996886340667,0.024173123913085064,0.033371185327912514,0.018996767940951884,0.01414572674342975,-0.011808638922172683,0.01666863428371305,-0.011805728343208158,0.00853750593340721,0.025211236922115535,0.00043251553673633383,-0.029588724501232344,-0.01981030481839119,0.018173612652331535,-0.0017546761369014387,-0.008547185225213968,0.010132442209120265,0.039555475951242196,0.002864397351026572,0.08914052402704785,-0.028498349977387958,0.06715440075499277,0.032861874176889586,-0.014591110849172853,-0.0499489503961156,-0.038042407386504454,0.022165176148935706,-0.019353038990676176,-0.01570649579613465,0.010592118702394408,0.01598231178494265,-0.1312206583981455,-0.041132515197368234,-0.05012630584220958,0.026095263830720722,-0.040462924518109754,0.018117269029780475,-0.0020838669825121474,0.011885996886340667,-0.028498349977387958,0.09384179987313261,-0.014133434660774866,0.03633970537868163,0.01745437584824603,0.02108236008897474,0.052381977095843774,-0.0356274677303825,0.03539756808728193,-0.016151315970612826,0.01627164005471983,0.034664590334863875,0.06595178014347983,0.042802868579675316,-0.0029978841780302096,-0.0033431336676220252,0.03183548745326538,0.0114411579772179,0.008348921454297456,0.024173123913085064,0.06715440075499277,-0.014133434660774866,0.09511633678075557,0.045608684811438045,-0.006892129250560427,-0.03546672939518535,-0.03754760161943718,0.019555670879306687,-0.02151216727603698,-0.014221509092302641,0.02220924460545673,0.022765564886444507,-0.13921838936820197,-0.047602160545569094,-0.042420182296147135,0.025119034904792323,-0.039965408992264397,0.024617147446528473,0.029543013978296555,0.033371185327912514,0.032861874176889586,0.03633970537868163,0.045608684811438045,0.10862595707726566,-0.005906649651103274,-0.026084757459848833,0.030690771372205862,-0.006926152973937268,-0.002134522936690147,-0.02008284911875228,0.04396159249494565,0.05591635332805718,-0.05576116976054851,-0.007340691172602347,-0.03933216174168181,-0.0068694967303186815,-0.020302885937590748,-0.005089411640433689,0.036672560414421504,0.018996767940951884,-0.014591110849172853,0.01745437584824603,-0.006892129250560427,-0.005906649651103274,0.043361614790621575,0.013339175728294933,-0.005115858307825513,0.012132844159233132,0.009080806147879702,-0.006681368373048529,-0.010830636455245037,-0.016655433525290884,-0.0008015962408329818,-0.003395974614985085,0.004086087790572484,0.011203477821469979,0.011650048711531108,0.028204066328087182,-0.02066861926473537,0.01414572674342975,-0.0499489503961156,0.02108236008897474,-0.03546672939518535,-0.026084757459848833,0.013339175728294933,0.0762582784131769,0.012056132899227537,-0.003269852657838153,0.012897666769312852,0.0044263900457539584,-0.0044307379533821845,-0.014019648646290997,0.09384674160938328,0.029383016096636516,0.05844168286575471,-0.00417118495592179,0.038281976256862374,0.004113243676929563,0.01478611327680059,-0.011808638922172683,-0.038042407386504454,0.052381977095843774,-0.03754760161943718,0.030690771372205862,-0.005115858307825513,0.012056132899227537,0.08951399701278953,-0.05018305678395818,0.02881587564691287,-0.008198009526392972,0.008280338585757786,0.03320415099171764,0.09169587970824988,0.05691442387812673,-0.01081219884014175,-0.01415192630619539,0.026775028660527615,-0.02046381535751996,-0.008358034210977939,0.01666863428371305,0.022165176148935706,-0.0356274677303825,0.019555670879306687,-0.006926152973937268,0.012132844159233132,-0.003269852657838153,-0.05018305678395818,0.06668756367986708,-0.0144621788829962,0.0024744355851812863,-0.0008880603076539774,-0.010980539144117236,-0.055322900908170825,-0.031056961512042448,0.004293934690634318,0.0077720377331231575,-0.01858426497939682,0.006836681409631465,0.006982232227100569,-0.011805728343208158,-0.019353038990676176,0.03539756808728193,-0.02151216727603698,-0.002134522936690147,0.009080806147879702,0.012897666769312852,0.02881587564691287,-0.0144621788829962,0.050316774890277215,-0.015325929075544661,-0.017062735349924522,0.02469964096894329,0.05899242273042524,0.03662309197153149,-0.01858231302517696,0.0036732372473063267,0.016656664481997947,0.0010671905833137783,-0.01128332714331843,0.00853750593340721,-0.01570649579613465,-0.016151315970612826,-0.014221509092302641,-0.02008284911875228,-0.006681368373048529,0.0044263900457539584,-0.008198009526392972,0.0024744355851812863,-0.015325929075544661,0.04085539277337667,0.012520142000685124,-0.024688538889151228,0.0072079443007456445,-0.011378417027486817,0.034469522241310335,-0.023643911442584917,0.0007770938054815183,-0.02361181214817962,0.025359171748679243,0.025211236922115535,0.010592118702394408,0.01627164005471983,0.02220924460545673,0.04396159249494565,-0.010830636455245037,-0.0044307379533821845,0.008280338585757786,-0.0008880603076539774,-0.017062735349924522,0.012520142000685124,0.054022900366147736,0.024432420389602277,-0.024186318005394843,-0.009885284220955323,0.008748302288407332,-0.01486406238520373,-0.0010067747964583795,-0.010522970940938542,0.044698647797432045,0.00043251553673633383,0.01598231178494265,0.034664590334863875,0.022765564886444507,0.05591635332805718,-0.016655433525290884,-0.014019648646290997,0.03320415099171764,-0.010980539144117236,0.02469964096894329,-0.024688538889151228,0.024432420389602277,0.09258254998646165,-0.005811268345534821,0.01911157852638204,-0.056957375320008614,0.011565194237256847,-0.008663717336800714,-0.0028559187103449333,0.022613611293905496,-0.029588724501232344,-0.1312206583981455,0.06595178014347983,-0.13921838936820197,-0.05576116976054851,-0.0008015962408329818,0.09384674160938328,0.09169587970824988,-0.055322900908170825,0.05899242273042524,0.0072079443007456445,-0.024186318005394843,-0.005811268345534821,0.3013091131095432,0.10727376310249784,0.09056264203028792,-0.05295907794424409,0.09672582480640893,-0.03300136369619072,-0.015956237529131702,-0.01981030481839119,-0.041132515197368234,0.042802868579675316,-0.047602160545569094,-0.007340691172602347,-0.003395974614985085,0.029383016096636516,0.05691442387812673,-0.031056961512042448,0.03662309197153149,-0.011378417027486817,-0.009885284220955323,0.01911157852638204,0.10727376310249784,0.07972413929274479,0.0015041172874843273,0.0010807392032508639,0.032235718797987395,-0.013857417749806998,-0.021748352422507358,0.018173612652331535,-0.05012630584220958,-0.0029978841780302096,-0.042420182296147135,-0.03933216174168181,0.004086087790572484,0.05844168286575471,-0.01081219884014175,0.004293934690634318,-0.01858231302517696,0.034469522241310335,0.008748302288407332,-0.056957375320008614,0.09056264203028792,0.0015041172874843273,0.13271624639524032,-0.05101031264240693,0.043516641372754634,-0.019861151515015295,0.04309435774727734,-0.0017546761369014387,0.026095263830720722,-0.0033431336676220252,0.025119034904792323,-0.0068694967303186815,0.011203477821469979,-0.00417118495592179,-0.01415192630619539,0.0077720377331231575,0.0036732372473063267,-0.023643911442584917,-0.01486406238520373,0.011565194237256847,-0.05295907794424409,0.0010807392032508639,-0.05101031264240693,0.06807324747033128,-0.015058212088204865,0.039393235963114684,-0.03531713357741326,-0.008547185225213968,-0.040462924518109754,0.03183548745326538,-0.039965408992264397,-0.020302885937590748,0.011650048711531108,0.038281976256862374,0.026775028660527615,-0.01858426497939682,0.016656664481997947,0.0007770938054815183,-0.0010067747964583795,-0.008663717336800714,0.09672582480640893,0.032235718797987395,0.043516641372754634,-0.015058212088204865,0.05576125830013216,0.0076975193098936965,-0.004264331112240811,0.010132442209120265,0.018117269029780475,0.0114411579772179,0.024617147446528473,-0.005089411640433689,0.028204066328087182,0.004113243676929563,-0.02046381535751996,0.006836681409631465,0.0010671905833137783,-0.02361181214817962,-0.010522970940938542,-0.0028559187103449333,-0.03300136369619072,-0.013857417749806998,-0.019861151515015295,0.039393235963114684,0.0076975193098936965,0.08123884601209146,-0.04142790390112777,0.039555475951242196,-0.0020838669825121474,0.008348921454297456,0.029543013978296555,0.036672560414421504,-0.02066861926473537,0.01478611327680059,-0.008358034210977939,0.006982232227100569,-0.01128332714331843,0.025359171748679243,0.044698647797432045,0.022613611293905496,-0.015956237529131702,-0.021748352422507358,0.04309435774727734,-0.03531713357741326,-0.004264331112240811,-0.04142790390112777,0.12610192774344856
0.056118594622931985,0.02432781346811324,-0.006363241724446622,0.02403538812137282,0.04721850872074882,-0.004428504022906578,-0.026880278680115752,-0.0013666301139848708,0.02505652317621132,-0.014539238265288483,0.019038912964714334,0.03371287269723197,0.010490358882347785,-0.05866999100191546,-0.009961005590695685,0.0018467239228646716,-0.029333315081141235,-0.034408553691929356,-0.028158387856586236,0.0785025778953317,0.02432781346811324,0.10211598067061307,-0.026742150198686497,0.02185280321594356,0.03164053707621421,-0.011276245603819995,-0.032353807009176484,0.0031105588264202094,0.002928437510145587,0.026012842359850255,0.030474399973865633,-3.4736359643855984e-5,0.010264237094576103,-0.055080429845917225,-0.024607048502942094,0.04876980218523007,-0.03302152386221096,0.010879821861599848,-0.015310210338093287,0.03827600893892622,-0.006363241724446622,-0.026742150198686497,0.1304307681905783,-0.016497831253611622,0.09030030237918354,-0.007589689740538826,-0.033109944590423795,0.07692010450120737,-0.04948175043355054,-0.017235567990875094,-0.07420965803137729,0.012802413923159579,0.08494458904703137,0.06535931113344993,0.12155806905941977,-0.13331776180753518,0.017372359949056414,-0.02548758860872038,-0.02289276207969021,-0.07012263903135842,0.02403538812137282,0.02185280321594356,-0.016497831253611622,0.056724507907336665,0.04249559789397809,-0.006467098389890444,-0.013170170766974465,-0.008019061485260291,0.04374715308822147,-0.004594553082392972,0.01673361940586731,0.030212270242923434,0.002777850051115012,-0.07152212756779358,-0.03941948075988047,0.009229018815059189,-0.01504777502394647,-0.021609172295482697,-0.01701542998960319,0.06618731716159668,0.04721850872074882,0.03164053707621421,0.09030030237918354,0.04249559789397809,0.21154209389260642,-0.05075473877978202,-0.09780405346486404,0.10675315664945723,-0.00963435109960981,-0.007162641499729841,-0.03518452706430712,0.06817750407776454,0.13441164658353782,-0.03310887925737569,0.11099937843865343,-0.14194197435868627,-0.0220778918496485,-0.08247802410982949,-0.10380984674221216,0.03650450376726898,-0.004428504022906578,-0.011276245603819995,-0.007589689740538826,-0.006467098389890444,-0.05075473877978202,0.03934015687241415,0.026454756615201365,-0.042493665543562424,0.02460851888759784,-0.015685233512553583,-0.005282080545267442,-0.01485493136504212,-0.04152426604199586,-0.008291466532862505,-0.032750203701545105,0.03426630079887184,0.0032244475090877182,0.03683834609888638,0.040196079624927786,-2.176796698607217e-5,-0.026880278680115752,-0.032353807009176484,-0.033109944590423795,-0.013170170766974465,-0.09780405346486404,0.026454756615201365,0.0734762622714627,-0.044144648377506236,0.014247954940261499,0.0030544467725896573,0.012990531479738839,-0.02856049652904203,-0.06903382187340873,0.028549793650389014,-0.04713302510573676,0.06193685510549379,0.02117596785335099,0.03841755916779572,0.05412548270382532,-0.02092789384830384,-0.0013666301139848708,0.0031105588264202094,0.07692010450120737,-0.008019061485260291,0.10675315664945723,-0.042493665543562424,-0.044144648377506236,0.12566487162188644,-0.0685601382325356,0.01821464961771735,-0.0381449971046264,0.017011447500432746,0.09468476488553178,0.054952802182196135,0.11723225485266506,-0.10839151344451654,0.009813778598870903,-0.04224827950309512,-0.06758402183535617,-0.0465941265025933,0.02505652317621132,0.002928437510145587,-0.04948175043355054,0.04374715308822147,-0.00963435109960981,0.02460851888759784,0.014247954940261499,-0.0685601382325356,0.11782047923978596,-0.023932177991253495,0.040616228395696376,0.02700128018355101,-0.05310447111258301,-0.08977247011616937,-0.08831198918836647,0.0627809537635724,-0.019575851359719648,0.002422436898177678,0.002496130125480449,0.09824259455503585,-0.014539238265288483,0.026012842359850255,-0.017235567990875094,-0.004594553082392972,-0.007162641499729841,-0.015685233512553583,0.0030544467725896573,0.01821464961771735,-0.023932177991253495,0.05558768696774012,0.016746313626397145,-0.010647129032036304,0.01577576412376901,0.023275564699169964,0.0007160300672364381,0.025082315375379992,0.005479411314773168,0.0024602439341030497,0.0015961546408139581,-0.02548500640660379,0.019038912964714334,0.030474399973865633,-0.07420965803137729,0.01673361940586731,-0.03518452706430712,-0.005282080545267442,0.012990531479738839,-0.0381449971046264,0.040616228395696376,0.016746313626397145,0.0822060033848195,0.009623855483621862,-0.04008721536264563,-0.05942270232394824,-0.08671491068950944,0.1073757872765563,-0.03255273201371549,-0.006317916219561907,-0.013472274300180873,0.07806357719114249,0.03371287269723197,-3.4736359643855984e-5,0.012802413923159579,0.030212270242923434,0.06817750407776454,-0.01485493136504212,-0.02856049652904203,0.017011447500432746,0.02700128018355101,-0.010647129032036304,0.009623855483621862,0.06755363043194773,0.02401612909096377,-0.04784808990076686,-0.010380706388807188,-0.013926145108682923,-0.01911299130255619,-0.05634332292027401,-0.04603336792801861,0.060054961118205075,0.010490358882347785,0.010264237094576103,0.08494458904703137,0.002777850051115012,0.13441164658353782,-0.04152426604199586,-0.06903382187340873,0.09468476488553178,-0.05310447111258301,0.01577576412376901,-0.04008721536264563,0.02401612909096377,0.1580885148239883,0.023222129901049753,0.12162475629166061,-0.14209313902672266,0.010326549768012956,-0.046386032409409444,-0.06314309079304543,-0.031540903671768525,-0.05866999100191546,-0.055080429845917225,0.06535931113344993,-0.07152212756779358,-0.03310887925737569,-0.008291466532862505,0.028549793650389014,0.054952802182196135,-0.08977247011616937,0.023275564699169964,-0.05942270232394824,-0.04784808990076686,0.023222129901049753,0.16971383370978885,0.11161894319103281,-0.06840500172207115,0.04373081336090656,0.02994021029816776,0.026401020385241353,-0.15980570414860923,-0.009961005590695685,-0.024607048502942094,0.12155806905941977,-0.03941948075988047,0.11099937843865343,-0.032750203701545105,-0.04713302510573676,0.11723225485266506,-0.08831198918836647,0.0007160300672364381,-0.08671491068950944,-0.010380706388807188,0.12162475629166061,0.11161894319103281,0.20437280401642247,-0.18280017310914276,0.028894249954319478,-0.013776896388002937,-0.03812862487285329,-0.10620969705058667,0.0018467239228646716,0.04876980218523007,-0.13331776180753518,0.009229018815059189,-0.14194197435868627,0.03426630079887184,0.06193685510549379,-0.10839151344451654,0.0627809537635724,0.025082315375379992,0.1073757872765563,-0.013926145108682923,-0.14209313902672266,-0.06840500172207115,-0.18280017310914276,0.2578401307472508,-0.04355772710636677,0.04716619649095451,0.0469971086756031,0.08626208941308804,-0.029333315081141235,-0.03302152386221096,0.017372359949056414,-0.01504777502394647,-0.0220778918496485,0.0032244475090877182,0.02117596785335099,0.009813778598870903,-0.019575851359719648,0.005479411314773168,-0.03255273201371549,-0.01911299130255619,0.010326549768012956,0.04373081336090656,0.028894249954319478,-0.04355772710636677,0.054532036952091065,0.016843820991451257,0.029620029693431554,-0.06087994573557176,-0.034408553691929356,0.010879821861599848,-0.02548758860872038,-0.021609172295482697,-0.08247802410982949,0.03683834609888638,0.03841755916779572,-0.04224827950309512,0.002422436898177678,0.0024602439341030497,-0.006317916219561907,-0.05634332292027401,-0.046386032409409444,0.02994021029816776,-0.013776896388002937,0.04716619649095451,0.016843820991451257,0.10348972446469486,0.06673713767372044,-0.04247009401691379,-0.028158387856586236,-0.015310210338093287,-0.02289276207969021,-0.01701542998960319,-0.10380984674221216,0.040196079624927786,0.05412548270382532,-0.06758402183535617,0.002496130125480449,0.0015961546408139581,-0.013472274300180873,-0.04603336792801861,-0.06314309079304543,0.026401020385241353,-0.03812862487285329,0.0469971086756031,0.029620029693431554,0.06673713767372044,0.10312383690110738,-0.049034870209526696,0.0785025778953317,0.03827600893892622,-0.07012263903135842,0.06618731716159668,0.03650450376726898,-2.176796698607217e-5,-0.02092789384830384,-0.0465941265025933,0.09824259455503585,-0.02548500640660379,0.07806357719114249,0.060054961118205075,-0.031540903671768525,-0.15980570414860923,-0.10620969705058667,0.08626208941308804,-0.06087994573557176,-0.04247009401691379,-0.049034870209526696,0.21207112026447444
