0.0900678011753153,0.01691796644256862,-0.047019686013035154,0.024742350790686055,-0.04019973762946903,-0.11192269440829375,0.04640909640503797,0.04476037979841142,-0.012736595188616705,-0.018594602856214483,-0.04008071479599376,-0.0499643218343819,-0.060403445226288585,0.027239426321768588,0.0007684568284954312,-0.006936480655276946,-0.04941392020040675,0.0017701441059893774,0.018411069742458368,0.05001478566657542,0.01691796644256862,0.08327817357970227,0.040866732597787295,0.0329039097188237,0.00949351725387664,-0.014946732138591306,0.013716354636162546,0.07087994957228808,-0.04299295186666846,-0.007944793282454924,0.009057884494475909,-0.0417072636657746,0.048600424080789156,-0.04687107028115229,0.0017929339045155424,4.1804676569659124e-5,-0.02764495087740511,-0.03185527613366436,0.04368928267314946,0.009827515651202916,-0.047019686013035154,0.040866732597787295,0.11742486715965889,0.008822672423538569,0.059449755724766726,0.06171617332941532,-0.015068012391715103,0.04524811263362878,-0.018102655129071006,0.017886715747135167,0.04338582003023663,-0.0037018716062889897,0.09418378192818955,-0.061951027379918186,0.002387776152904848,-0.011607105848330064,0.010647040664652092,-0.04185199056241477,0.037407929274130315,-0.03834625466025897,0.024742350790686055,0.0329039097188237,0.008822672423538569,0.06642885977810263,-0.010846560478433909,-0.006363341864283367,0.032953276852466115,0.03283789840909728,-0.029842435112097394,-0.007406938862696218,-0.005198268589598232,-0.025040686176897912,0.026330793920860313,-0.007033900069484074,-0.013473867363480704,0.012365132835102216,0.0035004392160957196,0.011138227533762729,-0.0024013562878690484,0.0038610389165424437,-0.04019973762946903,0.00949351725387664,0.059449755724766726,-0.010846560478433909,0.08845324632105828,0.06703363294550767,-0.04254292667889391,0.011919604248852113,-0.013260590675591901,0.0291247388181282,0.034083781196767665,-0.01530140314161112,0.06656979637042264,-0.0516864587147102,-0.019543786327582843,0.019246548185981576,0.04239011548169751,-0.04405802952745007,0.01968884713175325,-0.027119037133317137,-0.11192269440829375,-0.014946732138591306,0.06171617332941532,-0.006363341864283367,0.06703363294550767,0.22117111847814291,-0.07523034088195568,-0.07431541313490536,-0.001540259683799499,0.008625727189686646,0.06449953367330871,0.054915668794208505,0.10146897674857414,-0.046335405330118665,-0.007026056265329852,0.04194240895267269,0.11575361729261285,0.011586347976392661,-0.05767946540268221,-0.0894031852468844,0.04640909640503797,0.013716354636162546,-0.015068012391715103,0.032953276852466115,-0.04254292667889391,-0.07523034088195568,0.06163183857955968,0.03694561189402223,0.0013949020390802694,-0.007131942071055254,-0.024623394363489204,-0.02589120642909119,-0.02268739589905162,0.030050063492719055,0.021379817701432498,-0.02933281947406497,-0.03652521139633488,0.01818954601478004,0.011083549697281116,0.01696917055734363,0.04476037979841142,0.07087994957228808,0.04524811263362878,0.03283789840909728,0.011919604248852113,-0.07431541313490536,0.03694561189402223,0.13062382006874995,-0.04031537612342535,0.003915980805598802,-0.00012661194923231384,-0.07489119136196931,0.036676716828355584,-0.039309483270512216,0.010583897845842207,-0.023680264422150675,-0.04220015491894469,-0.05402523390014565,0.07361001945380269,0.04784769086939859,-0.012736595188616705,-0.04299295186666846,-0.018102655129071006,-0.029842435112097394,-0.013260590675591901,-0.001540259683799499,0.0013949020390802694,-0.04031537612342535,0.07581637516097706,0.024457204695483264,-0.002523589152755551,0.039764130236231654,-0.030910895969796667,0.03923907636256942,0.031704821971681965,-0.038527874943931846,-0.006452048755723838,0.02835602059838182,-0.01911486787328583,-0.017534752041143235,-0.018594602856214483,-0.007944793282454924,0.017886715747135167,-0.007406938862696218,0.0291247388181282,0.008625727189686646,-0.007131942071055254,0.003915980805598802,0.024457204695483264,0.05841170418658217,0.012477678495448417,-0.005488359001854523,0.014603574992098883,-0.01697100503872803,0.0065530645087373465,-0.005503937257435507,0.014294242103809796,-0.022493880627261296,0.0148805022788417,-0.006450569183189902,-0.04008071479599376,0.009057884494475909,0.04338582003023663,-0.005198268589598232,0.034083781196767665,0.06449953367330871,-0.024623394363489204,-0.00012661194923231384,-0.002523589152755551,0.012477678495448417,0.044980955051414945,0.00933636831752188,0.05094038282727263,-0.023689040870473438,0.013392378461837183,-0.0036807387350919645,0.03177066413967444,-0.022310214776980107,0.00721236623734836,-0.031158035642422272,-0.0499643218343819,-0.0417072636657746,-0.0037018716062889897,-0.025040686176897912,-0.01530140314161112,0.054915668794208505,-0.02589120642909119,-0.07489119136196931,0.039764130236231654,-0.005488359001854523,0.00933636831752188,0.08667829237634225,-0.0119854151438155,0.028821873279940676,0.004785070499327194,-0.0045291749963703495,0.014463380928998987,0.04128106673164299,-0.03996407932342237,-0.03455522000208443,-0.060403445226288585,0.048600424080789156,0.09418378192818955,0.026330793920860313,0.06656979637042264,0.10146897674857414,-0.02268739589905162,0.036676716828355584,-0.030910895969796667,0.014603574992098883,0.05094038282727263,-0.0119854151438155,0.14483069162689274,-0.05553516830785721,0.0034941613462853177,-0.003295892126084057,0.04536534109718122,-0.023551431761989407,0.01656467024786802,-0.05057906009056176,0.027239426321768588,-0.04687107028115229,-0.061951027379918186,-0.007033900069484074,-0.0516864587147102,-0.046335405330118665,0.030050063492719055,-0.039309483270512216,0.03923907636256942,-0.01697100503872803,-0.023689040870473438,0.028821873279940676,-0.05553516830785721,0.101903668534787,0.018063336448903056,-0.03263826821736748,-0.012500932967809679,0.061053756754875746,-0.028857053170999087,-0.0015682224659283378,0.0007684568284954312,0.0017929339045155424,0.002387776152904848,-0.013473867363480704,-0.019543786327582843,-0.007026056265329852,0.021379817701432498,0.010583897845842207,0.031704821971681965,0.0065530645087373465,0.013392378461837183,0.004785070499327194,0.0034941613462853177,0.018063336448903056,0.07518570323424438,-0.054588093119971245,-0.016313415785999208,0.0001610254341181728,0.006624999052303857,-0.009929107867512367,-0.006936480655276946,4.1804676569659124e-5,-0.011607105848330064,0.012365132835102216,0.019246548185981576,0.04194240895267269,-0.02933281947406497,-0.023680264422150675,-0.038527874943931846,-0.005503937257435507,-0.0036807387350919645,-0.0045291749963703495,-0.003295892126084057,-0.03263826821736748,-0.054588093119971245,0.09328235342379168,0.048279269720916396,-0.018498776409239352,-0.010719796704535333,0.01659689139552402,-0.04941392020040675,-0.02764495087740511,0.010647040664652092,0.0035004392160957196,0.04239011548169751,0.11575361729261285,-0.03652521139633488,-0.04220015491894469,-0.006452048755723838,0.014294242103809796,0.03177066413967444,0.014463380928998987,0.04536534109718122,-0.012500932967809679,-0.016313415785999208,0.048279269720916396,0.12919425257741052,7.932612417708724e-5,-0.040736373891438485,-0.026005482043004177,0.0017701441059893774,-0.03185527613366436,-0.04185199056241477,0.011138227533762729,-0.04405802952745007,0.011586347976392661,0.01818954601478004,-0.05402523390014565,0.02835602059838182,-0.022493880627261296,-0.022310214776980107,0.04128106673164299,-0.023551431761989407,0.061053756754875746,0.0001610254341181728,-0.018498776409239352,7.932612417708724e-5,0.10166071061436849,-0.0673904231456986,-0.021683660999579156,0.018411069742458368,0.04368928267314946,0.037407929274130315,-0.0024013562878690484,0.01968884713175325,-0.05767946540268221,0.011083549697281116,0.07361001945380269,-0.01911486787328583,0.0148805022788417,0.00721236623734836,-0.03996407932342237,0.01656467024786802,-0.028857053170999087,0.006624999052303857,-0.010719796704535333,-0.040736373891438485,-0.0673904231456986,0.09312473009543815,0.029019507114169927,0.05001478566657542,0.009827515651202916,-0.03834625466025897,0.0038610389165424437,-0.027119037133317137,-0.0894031852468844,0.01696917055734363,0.04784769086939859,-0.017534752041143235,-0.006450569183189902,-0.031158035642422272,-0.03455522000208443,-0.05057906009056176,-0.0015682224659283378,-0.009929107867512367,0.01659689139552402,-0.026005482043004177,-0.021683660999579156,0.029019507114169927,0.09124220000732718
0.04752100910066745,0.021662120554786966,0.0003827715167570169,0.018405342235565905,-0.008581984689320588,-0.01954277000856183,-0.0007474480223211117,0.0399295455638292,-0.010461865537201914,-0.002319517803771866,-0.006360376351498479,-0.025977202215050933,-0.024621573480252228,-0.019196490508368455,-0.0017464605392601465,0.020599993845093853,-0.0164680812001311,-0.017481334773684964,0.01674666547408509,0.04020899405894012,0.021662120554786966,0.06623474828798354,-0.019198358202005914,0.024284341107926665,-0.009050372859109207,0.004976883027541329,-0.0011450199266323418,0.031952446715692376,-0.0050415074396441655,-0.006436382874066766,-0.009476784754719716,-0.017743830371186674,-0.011792294289103892,-0.01849313894189933,-0.004136887073178393,0.016258788229501477,-0.01034440044881988,0.0009319335577358368,0.005588518270896359,0.02641817404959883,0.0003827715167570169,-0.019198358202005914,0.04750706170821327,-0.026600860190866757,-8.962085152951042e-7,-0.010732556286340195,-0.011993838454327005,0.0024319697373458276,-0.0010210437946935476,-0.0034034085796535696,0.0035367816787803827,0.015288014490068422,-0.0068767604654179654,0.0021368893118196347,-0.00012707842240487944,-0.015419107265262511,-0.00870878013901668,0.00848699426814254,0.002727648594775455,-0.0020861340747968015,0.018405342235565905,0.024284341107926665,-0.026600860190866757,0.06522625304265023,0.011037850191336258,0.007428839595566861,0.024126622946115023,0.010276721450531445,0.007448318988281159,0.00859866413071489,-0.003994701989420519,-0.015770862835203077,0.011674073969392528,-0.005256341995014034,0.005115418591102856,0.016498584414365216,0.014436637718862574,-0.020794506502966856,0.005125123409273502,0.01927260879910763,-0.008581984689320588,-0.009050372859109207,-8.962085152951042e-7,0.011037850191336258,0.025347171831713356,0.005775556465466909,0.011490120528505265,-0.011573807635355605,0.013742018582397063,0.009220523024078844,0.005913822428168899,0.003177215499185908,0.01707489093767795,0.010301035010988785,0.01263001885995699,-0.00696999464968657,0.014840606693497491,-0.0030350164424123786,0.0033485735725189425,-0.013328581639959662,-0.01954277000856183,0.004976883027541329,-0.010732556286340195,0.007428839595566861,0.005775556465466909,0.062167339930139225,-0.012468464186886387,-0.04533258581957793,0.007455346053917894,-0.015595247586666949,0.0006507981916163394,0.03254627171886551,0.01609079533104505,0.024234138309314052,0.00803933685537934,0.0009625328828333037,0.03895958182488453,0.02416808069255868,-0.03310660615632332,-0.03132022567708233,-0.0007474480223211117,-0.0011450199266323418,-0.011993838454327005,0.024126622946115023,0.011490120528505265,-0.012468464186886387,0.035002404963200964,0.005946627420522194,0.0060722062486827455,0.017065042418694068,-0.003152067334591146,-0.01546264877083823,0.005449509527865731,0.002735794055115529,0.009433075885635293,0.011465617471210998,0.007995954042480076,-0.01894315761906105,0.008255021262796055,-0.0032350942265303977,0.0399295455638292,0.031952446715692376,0.0024319697373458276,0.010276721450531445,-0.011573807635355605,-0.04533258581957793,0.005946627420522194,0.0968780045122656,-0.012423498411350233,0.009548792610250142,-0.012185456939383523,-0.04439202777927898,-0.036806233539694075,-0.03666010511900802,-0.018559477293954067,0.020675909918911023,-0.0411168843192542,-0.025174391770853358,0.045839959123016735,0.07383173678306049,-0.010461865537201914,-0.0050415074396441655,-0.0010210437946935476,0.007448318988281159,0.013742018582397063,0.007455346053917894,0.0060722062486827455,-0.012423498411350233,0.04480661313840572,0.017869608590124528,0.003983233241224335,0.0072404886820307615,0.02859118867711389,0.004167829958740821,0.012585563199129887,-0.024301374856962602,0.01072551577855183,0.009032636921254776,-0.012346625066787095,-0.015945061943985164,-0.002319517803771866,-0.006436382874066766,-0.0034034085796535696,0.00859866413071489,0.009220523024078844,-0.015595247586666949,0.017065042418694068,0.009548792610250142,0.017869608590124528,0.0484929238395351,0.011818906505470815,-0.012291848738859426,0.002913695285104951,-0.005956047645453384,0.011285874643065515,-0.002064258643651594,0.005779822762909435,-0.013650899757116069,0.012144100044215487,-0.002341301002249158,-0.006360376351498479,-0.009476784754719716,0.0035367816787803827,-0.003994701989420519,0.005913822428168899,0.0006507981916163394,-0.003152067334591146,-0.012185456939383523,0.003983233241224335,0.011818906505470815,0.041025441627039846,-0.0001452163336003503,0.007761796133682003,-0.0018615766855199327,0.017309178931957943,-0.005374374804019011,0.012011166899470026,-0.004609733243780103,0.01560981067783666,-0.0059953474037725725,-0.025977202215050933,-0.017743830371186674,0.015288014490068422,-0.015770862835203077,0.003177215499185908,0.03254627171886551,-0.01546264877083823,-0.04439202777927898,0.0072404886820307615,-0.012291848738859426,-0.0001452163336003503,0.05816369904444852,0.01430969776340102,0.025711774559331723,-0.000860617121740122,-0.0038339763448745363,0.02651295254993924,0.037381825817211625,-0.030595487472823014,-0.03840370418684014,-0.024621573480252228,-0.011792294289103892,-0.0068767604654179654,0.011674073969392528,0.01707489093767795,0.01609079533104505,0.005449509527865731,-0.036806233539694075,0.02859118867711389,0.002913695285104951,0.007761796133682003,0.01430969776340102,0.06884439509828798,0.02563880088149037,0.023088111432895714,-0.03615209172632031,0.025214281908310203,0.011290254786156792,-0.01875286956799414,-0.03475290288535299,-0.019196490508368455,-0.01849313894189933,0.0021368893118196347,-0.005256341995014034,0.010301035010988785,0.024234138309314052,0.002735794055115529,-0.03666010511900802,0.004167829958740821,-0.005956047645453384,-0.0018615766855199327,0.025711774559331723,0.02563880088149037,0.05089114055255574,0.008579260166054845,-0.010604753719673631,0.02326709677095412,0.017514914085238083,-0.030791104811777766,-0.027223262916127408,-0.0017464605392601465,-0.004136887073178393,-0.00012707842240487944,0.005115418591102856,0.01263001885995699,0.00803933685537934,0.009433075885635293,-0.018559477293954067,0.012585563199129887,0.011285874643065515,0.017309178931957943,-0.000860617121740122,0.023088111432895714,0.008579260166054845,0.04219872172849908,-0.015677509089748444,0.016493860893606074,-0.0085936955728847,0.005374555086919589,-0.018597426700761886,0.020599993845093853,0.016258788229501477,-0.015419107265262511,0.016498584414365216,-0.00696999464968657,0.0009625328828333037,0.011465617471210998,0.020675909918911023,-0.024301374856962602,-0.002064258643651594,-0.005374374804019011,-0.0038339763448745363,-0.03615209172632031,-0.010604753719673631,-0.015677509089748444,0.07498070328107803,0.004516097391203115,-0.008829804467597657,0.01537329010186805,0.020299067062654642,-0.0164680812001311,-0.01034440044881988,-0.00870878013901668,0.014436637718862574,0.014840606693497491,0.03895958182488453,0.007995954042480076,-0.0411168843192542,0.01072551577855183,0.005779822762909435,0.012011166899470026,0.02651295254993924,0.025214281908310203,0.02326709677095412,0.016493860893606074,0.004516097391203115,0.06563012867296258,0.012301260709605799,-0.023805085139363972,-0.028713177448145458,-0.017481334773684964,0.0009319335577358368,0.00848699426814254,-0.020794506502966856,-0.0030350164424123786,0.02416808069255868,-0.01894315761906105,-0.025174391770853358,0.009032636921254776,-0.013650899757116069,-0.004609733243780103,0.037381825817211625,0.011290254786156792,0.017514914085238083,-0.0085936955728847,-0.008829804467597657,0.012301260709605799,0.05572764647214292,-0.030294455029590495,-0.020543977854211585,0.01674666547408509,0.005588518270896359,0.002727648594775455,0.005125123409273502,0.0033485735725189425,-0.03310660615632332,0.008255021262796055,0.045839959123016735,-0.012346625066787095,0.012144100044215487,0.01560981067783666,-0.030595487472823014,-0.01875286956799414,-0.030791104811777766,0.005374555086919589,0.01537329010186805,-0.023805085139363972,-0.030294455029590495,0.08351394977046736,0.03241288033607833,0.04020899405894012,0.02641817404959883,-0.0020861340747968015,0.01927260879910763,-0.013328581639959662,-0.03132022567708233,-0.0032350942265303977,0.07383173678306049,-0.015945061943985164,-0.002341301002249158,-0.0059953474037725725,-0.03840370418684014,-0.03475290288535299,-0.027223262916127408,-0.018597426700761886,0.020299067062654642,-0.028713177448145458,-0.020543977854211585,0.03241288033607833,0.0942510685484058
0.05837079206942957,0.007431123446064036,-0.002569208196292988,0.02945301616589449,-0.005280063810486458,-0.030652162510609607,8.765125105113258e-5,0.013310738444327664,-0.003915362397983738,0.004952218113986237,-0.008029698283210306,-0.01746874630492144,-0.019800513868527277,-0.012141564508313274,0.0016856584859933845,0.0004192598731256375,-0.02426853087672217,0.0016740316169134258,0.010998787866899604,0.014643915652627317,0.007431123446064036,0.10311627537336512,-0.007941291031662474,0.010999051467265257,0.02322038045907754,-0.023272881484076226,0.011806019641213817,0.03321111940787331,0.0029837672157222088,0.024700794210891597,-0.01435347434280294,-0.04512038941861278,-0.024771469169857886,-0.04838499326041218,0.0004963115485568002,-0.011119256524149433,-0.018173962802385885,-0.022893293391103096,0.043550434986753844,0.017191693149604496,-0.002569208196292988,-0.007941291031662474,0.06286572272111152,-0.0013717619736517538,0.008032086409105873,0.009233949323567003,-0.001806460880233016,-0.002023930619964266,0.007076179813294182,-0.0006377075993059712,-0.011207205291429443,0.028176002482140174,0.0006117680650204356,0.018396076541901972,-0.00836178443048376,-0.002031041755375624,-0.006582629927985601,0.015147754420381687,-0.018284102146342948,-0.010248912287402785,0.02945301616589449,0.010999051467265257,-0.0013717619736517538,0.04526488995281496,0.0091385248259667,-0.0037031941182719403,0.005253175943354197,0.008175619705073175,0.005171085122353759,0.006147647964244969,0.007815734796079034,-0.012478237551152254,0.001257080625985698,-0.006724602542519434,-0.014506422983369323,0.013857408595918474,-0.0035402173310300784,0.00585307488717156,0.00038559945881793886,0.007591117531548245,-0.005280063810486458,0.02322038045907754,0.008032086409105873,0.0091385248259667,0.049546823478255925,0.011241230697358731,-0.005662418616377161,-0.0006785932732884577,0.024271004635642093,0.006641977241708013,-0.004060624077768325,-0.00471427082289119,0.005998605510043016,-0.004936693629879587,-0.022127343039948847,-0.0009239203020015001,0.0050531654656833635,0.0051215366058321565,-0.000887368577480808,-0.008820984767670311,-0.030652162510609607,-0.023272881484076226,0.009233949323567003,-0.0037031941182719403,0.011241230697358731,0.07532444393473141,-0.010816717039227944,-0.02478739625234975,0.028290000852002704,-0.02242993626137281,0.007064208167874348,0.041200439911499576,0.014793327371438781,0.031214165962186173,-0.007905452212535614,0.01430736747956979,0.04503068953579153,0.0020728389334899048,-0.013313774625001482,-0.032917827249591525,8.765125105113258e-5,0.011806019641213817,-0.001806460880233016,0.005253175943354197,-0.005662418616377161,-0.010816717039227944,0.024555210738821498,0.013610820637869172,-0.00369829257597779,0.009401935944498835,0.005696912673534095,-0.01647053476580177,-0.0018332606344458415,-0.00295270232735589,0.020999199228068973,-0.0015322370845948772,0.0032101378524975396,-0.007251819087530619,0.011712172045594564,0.006817335303781964,0.013310738444327664,0.03321111940787331,-0.002023930619964266,0.008175619705073175,-0.0006785932732884577,-0.02478739625234975,0.013610820637869172,0.04203351681135265,-0.000651820279831016,0.008998536333646834,-0.00319801398826961,-0.026859956085023264,-0.011316198052414033,-0.023052420235583904,0.008018644825560126,-0.0026291297747952046,-0.02322133621249612,-0.007317172154415946,0.02637681493201737,0.027285691776751008,-0.003915362397983738,0.0029837672157222088,0.007076179813294182,0.005171085122353759,0.024271004635642093,0.028290000852002704,-0.00369829257597779,-0.000651820279831016,0.06487596087445625,-0.0026649267378999067,0.0057554095191616715,0.015332821739779495,0.01524498726943534,0.021584310410683923,0.008291299835236503,-0.03193844739152995,0.0056733459089175105,-0.005518207130512512,0.01937582218776622,-0.01223375436988022,0.004952218113986237,0.024700794210891597,-0.0006377075993059712,0.006147647964244969,0.006641977241708013,-0.02242993626137281,0.009401935944498835,0.008998536333646834,-0.0026649267378999067,0.03774667546206319,-0.01008300616888727,-0.019195071021028964,-0.00677377636273742,-0.02202405824303212,0.009282666194244137,-0.011843285889896416,-0.008885799516099704,-0.008088804245161164,0.007935873168227376,0.005294274973872054,-0.008029698283210306,-0.01435347434280294,-0.011207205291429443,0.007815734796079034,-0.004060624077768325,0.007064208167874348,0.005696912673534095,-0.00319801398826961,0.0057554095191616715,-0.01008300616888727,0.05435062550749378,0.004220891117120831,0.02307747209499366,0.028019504378278035,0.014957363715950583,0.0006324633443467063,0.023895152268508673,0.0034834086089991292,0.007844536010422697,0.006526151054700079,-0.01746874630492144,-0.04512038941861278,0.028176002482140174,-0.012478237551152254,-0.00471427082289119,0.041200439911499576,-0.01647053476580177,-0.026859956085023264,0.015332821739779495,-0.019195071021028964,0.004220891117120831,0.07107214921006554,0.008197227055879067,0.0364880528643275,0.009217730503915847,-0.0030527874445320053,0.026553169423252428,0.017918483257794913,-0.019583502346492487,-0.01893838179285257,-0.019800513868527277,-0.024771469169857886,0.0006117680650204356,0.001257080625985698,0.005998605510043016,0.014793327371438781,-0.0018332606344458415,-0.011316198052414033,0.01524498726943534,-0.00677377636273742,0.02307747209499366,0.008197227055879067,0.06533764372981325,0.04510159753218039,0.0018702695254358265,0.00044310764927050963,0.01663047775451538,0.017259692127176065,-0.025937112618333837,-0.01060787887712086,-0.012141564508313274,-0.04838499326041218,0.018396076541901972,-0.006724602542519434,-0.004936693629879587,0.031214165962186173,-0.00295270232735589,-0.023052420235583904,0.021584310410683923,-0.02202405824303212,0.028019504378278035,0.0364880528643275,0.04510159753218039,0.08601961725583848,0.014011148169940112,-0.00870267323417204,0.026889272150299168,0.019709942737875137,-0.025587556878311414,-0.02012999096277162,0.0016856584859933845,0.0004963115485568002,-0.00836178443048376,-0.014506422983369323,-0.022127343039948847,-0.007905452212535614,0.020999199228068973,0.008018644825560126,0.008291299835236503,0.009282666194244137,0.014957363715950583,0.009217730503915847,0.0018702695254358265,0.014011148169940112,0.08472433336074815,-0.043417550537366435,0.010973969775772627,-0.015013927519214518,0.033045606906175244,0.013676276768408394,0.0004192598731256375,-0.011119256524149433,-0.002031041755375624,0.013857408595918474,-0.0009239203020015001,0.01430736747956979,-0.0015322370845948772,-0.0026291297747952046,-0.03193844739152995,-0.011843285889896416,0.0006324633443467063,-0.0030527874445320053,0.00044310764927050963,-0.00870267323417204,-0.043417550537366435,0.08272557590922872,0.007125431528371954,0.014316600249866005,-0.02844734779416374,-0.0017503921560767287,-0.02426853087672217,-0.018173962802385885,-0.006582629927985601,-0.0035402173310300784,0.0050531654656833635,0.04503068953579153,0.0032101378524975396,-0.02322133621249612,0.0056733459089175105,-0.008885799516099704,0.023895152268508673,0.026553169423252428,0.01663047775451538,0.026889272150299168,0.010973969775772627,0.007125431528371954,0.06361851431285245,-0.0001762042878511007,-0.0076863105048185654,-0.021200446705283024,0.0016740316169134258,-0.022893293391103096,0.015147754420381687,0.00585307488717156,0.0051215366058321565,0.0020728389334899048,-0.007251819087530619,-0.007317172154415946,-0.005518207130512512,-0.008088804245161164,0.0034834086089991292,0.017918483257794913,0.017259692127176065,0.019709942737875137,-0.015013927519214518,0.014316600249866005,-0.0001762042878511007,0.04394871361676712,-0.02801471686716457,0.0011758346723928907,0.010998787866899604,0.043550434986753844,-0.018284102146342948,0.00038559945881793886,-0.000887368577480808,-0.013313774625001482,0.011712172045594564,0.02637681493201737,0.01937582218776622,0.007935873168227376,0.007844536010422697,-0.019583502346492487,-0.025937112618333837,-0.025587556878311414,0.033045606906175244,-0.02844734779416374,-0.0076863105048185654,-0.02801471686716457,0.07109574962273021,0.021371001645689405,0.014643915652627317,0.017191693149604496,-0.010248912287402785,0.007591117531548245,-0.008820984767670311,-0.032917827249591525,0.006817335303781964,0.027285691776751008,-0.01223375436988022,0.005294274973872054,0.006526151054700079,-0.01893838179285257,-0.01060787887712086,-0.02012999096277162,0.013676276768408394,-0.0017503921560767287,-0.021200446705283024,0.0011758346723928907,0.021371001645689405,0.046715921037954945
