0.050852577589202454,0.009909178670511458,-0.0371618756235674,0.011144001587469959,-0.0190307074270005,0.005540460357519986,0.010857762568250854,-0.04419754282689645,0.017312253102992902,-0.021998248608148085,0.03475618133239047,0.024498567828660733,-0.022914713318668265,-0.029081686773542274,-0.04470066221781492,0.05771901232531894,-0.01827360034332513,0.002962431207753961,0.0064349160468507,0.059416068806172145,0.009909178670511458,0.07407486443657729,-0.006739889327370035,0.02867783105418282,0.04055319448994254,-0.007521314606834599,-0.04615708484779006,-0.014372173210048703,-0.015254966871940723,-0.0176702540792135,-0.023645094887105624,0.0070998730580889525,0.028999460819814256,-0.07853495816046058,-0.009696374170870707,0.0027236406193428373,-0.0030823912619679875,-0.010073726013226095,0.012245376608947249,0.023886850568056325,-0.0371618756235674,-0.006739889327370035,0.09887861606654295,-0.019602518578841422,0.0385395032620625,-0.0006418291359219699,-0.02137080142607596,0.039955133610209685,-0.0323186513861671,0.02605278435731108,-0.04137633534436479,-0.024958304569478,0.03331144361802707,0.047467841219903065,0.05025883573923606,-0.07056626045929368,0.03675376116754663,0.003555594285343382,0.01492708925088236,-0.08310946976992159,0.011144001587469959,0.02867783105418282,-0.019602518578841422,0.05652444247181979,0.034326572701612594,-0.0029755310456459176,-0.02704039198224091,-0.017330407040244435,0.025561040961393815,-0.013009242301229228,-0.009911280266029937,0.014482140234849072,-0.0023811320052408583,-0.08148035720023641,-0.02517800728102823,-0.027198424288090318,-0.011852894441698113,-0.02212226085014149,-0.0018518221125823063,0.035162289287724136,-0.0190307074270005,0.04055319448994254,0.0385395032620625,0.034326572701612594,0.14066356054284299,-0.023119422561910612,-0.09960604522601013,0.04587194312767052,-0.0017781393978539709,0.00475863959580086,-0.037053682998093654,0.0057120477004288465,0.06729493139809344,-0.08115346737927609,0.012378035666697075,-0.11025101613889421,-0.006975741829878896,-0.038938895514489646,-0.04689277793510099,0.0035872000044730565,0.005540460357519986,-0.007521314606834599,-0.0006418291359219699,-0.0029755310456459176,-0.023119422561910612,0.031227140382751387,0.019147840583152886,-0.01872814283775384,0.020862167552191044,0.0020695032235273835,-0.0032218984071214467,-0.0031914629285439903,-0.01895101196986478,-0.005158501247338917,-0.01301944876412747,0.031094419156600155,-0.003922862119807045,0.012653171813981005,0.023451648341975447,-0.005351667164890063,0.010857762568250854,-0.04615708484779006,-0.02137080142607596,-0.02704039198224091,-0.09960604522601013,0.019147840583152886,0.11012676663753469,-0.019872839128194007,0.013205758305176934,0.01589930604504665,0.029733616328590416,-0.00833042507530633,-0.04394895239841143,0.08865072702721513,0.012281649356155005,0.05818894074065554,0.017411164276425896,0.036379317190493705,0.03352194770845779,-0.016730168581705326,-0.04419754282689645,-0.014372173210048703,0.039955133610209685,-0.017330407040244435,0.04587194312767052,-0.01872814283775384,-0.019872839128194007,0.10216056883676414,-0.030901013599840307,0.029532929847648538,-0.030293496398704337,-0.02039823305054312,0.055230694894258706,0.04693432655858887,0.06598031348301821,-0.08985867306023132,0.026950022741015496,-0.01169521643818447,-0.04742009829131178,-0.062203246941553596,0.017312253102992902,-0.015254966871940723,-0.0323186513861671,0.025561040961393815,-0.0017781393978539709,0.020862167552191044,0.013205758305176934,-0.030901013599840307,0.10147863462497968,-0.000657812347783651,0.04060726844264924,0.03139259234934248,-0.03338346903173295,-0.05253522856162052,-0.06380282077352854,0.004931458550738468,-0.03903884058970446,-0.0037208098849895333,-0.023027144126547938,0.07216906248269828,-0.021998248608148085,-0.0176702540792135,0.02605278435731108,-0.013009242301229228,0.00475863959580086,0.0020695032235273835,0.01589930604504665,0.029532929847648538,-0.000657812347783651,0.044031914431747116,-0.011294202517048449,-0.015007446470787954,0.021775588430356263,0.03995092044345685,0.044933267875596074,-0.048187746272769214,0.024406504909072084,-0.0039015502172178316,-0.002143556121529798,-0.04427730424337703,0.03475618133239047,-0.023645094887105624,-0.04137633534436479,-0.009911280266029937,-0.037053682998093654,-0.0032218984071214467,0.029733616328590416,-0.030293496398704337,0.04060726844264924,-0.011294202517048449,0.0970301374657763,0.027758635904935276,-0.032830161754902505,-0.002905056272114378,-0.05371219222203473,0.04907545200121226,-0.03151221016385421,0.012122158894337697,-0.037486021082363444,0.08503964461352602,0.024498567828660733,0.0070998730580889525,-0.024958304569478,0.014482140234849072,0.0057120477004288465,-0.0031914629285439903,-0.00833042507530633,-0.02039823305054312,0.03139259234934248,-0.015007446470787954,0.027758635904935276,0.042994608625215286,-0.00658532071457499,-0.04466824603801697,-0.04022250148235536,0.012480725660552708,-0.02141086366979475,-0.009330628613178642,-0.020975810150211,0.058216918279984015,-0.022914713318668265,0.028999460819814256,0.03331144361802707,-0.0023811320052408583,0.06729493139809344,-0.01895101196986478,-0.04394895239841143,0.055230694894258706,-0.03338346903173295,0.021775588430356263,-0.032830161754902505,-0.00658532071457499,0.08435864130804982,-0.013266396621411158,0.054715396824865356,-0.07744222353049074,0.024704863197452902,-0.01960063678946542,-0.02512143124347571,-0.028664916130987168,-0.029081686773542274,-0.07853495816046058,0.047467841219903065,-0.08148035720023641,-0.08115346737927609,-0.005158501247338917,0.08865072702721513,0.04693432655858887,-0.05253522856162052,0.03995092044345685,-0.002905056272114378,-0.04466824603801697,-0.013266396621411158,0.21340368695640397,0.08206736320816631,0.018792553352961497,0.04417523806509613,0.04819025589708671,0.024464336045982776,-0.11869017260535623,-0.04470066221781492,-0.009696374170870707,0.05025883573923606,-0.02517800728102823,0.012378035666697075,-0.01301944876412747,0.012281649356155005,0.06598031348301821,-0.06380282077352854,0.044933267875596074,-0.05371219222203473,-0.04022250148235536,0.054715396824865356,0.08206736320816631,0.12764930871596702,-0.06447629233432858,0.05944695680098647,-0.0014582878251102613,0.01306084399939754,-0.11334871337018967,0.05771901232531894,0.0027236406193428373,-0.07056626045929368,-0.027198424288090318,-0.11025101613889421,0.031094419156600155,0.05818894074065554,-0.08985867306023132,0.004931458550738468,-0.048187746272769214,0.04907545200121226,0.012480725660552708,-0.07744222353049074,0.018792553352961497,-0.06447629233432858,0.23159223879526256,-0.03965856691895112,0.05075558834375345,0.05996088075296034,0.061762440213015475,-0.01827360034332513,-0.0030823912619679875,0.03675376116754663,-0.011852894441698113,-0.006975741829878896,-0.003922862119807045,0.017411164276425896,0.026950022741015496,-0.03903884058970446,0.024406504909072084,-0.03151221016385421,-0.02141086366979475,0.024704863197452902,0.04417523806509613,0.05944695680098647,-0.03965856691895112,0.06517336192586679,-0.0010145249054175453,0.02517434760730261,-0.07472694446339644,0.002962431207753961,-0.010073726013226095,0.003555594285343382,-0.02212226085014149,-0.038938895514489646,0.012653171813981005,0.036379317190493705,-0.01169521643818447,-0.0037208098849895333,-0.0039015502172178316,0.012122158894337697,-0.009330628613178642,-0.01960063678946542,0.04819025589708671,-0.0014582878251102613,0.05075558834375345,-0.0010145249054175453,0.04511234162903145,0.027654663562464453,-0.011192141365544282,0.0064349160468507,0.012245376608947249,0.01492708925088236,-0.0018518221125823063,-0.04689277793510099,0.023451648341975447,0.03352194770845779,-0.04742009829131178,-0.023027144126547938,-0.002143556121529798,-0.037486021082363444,-0.020975810150211,-0.02512143124347571,0.024464336045982776,0.01306084399939754,0.05996088075296034,0.02517434760730261,0.027654663562464453,0.10410229405182256,-0.049780703867773723,0.059416068806172145,0.023886850568056325,-0.08310946976992159,0.035162289287724136,0.0035872000044730565,-0.005351667164890063,-0.016730168581705326,-0.062203246941553596,0.07216906248269828,-0.04427730424337703,0.08503964461352602,0.058216918279984015,-0.028664916130987168,-0.11869017260535623,-0.11334871337018967,0.061762440213015475,-0.07472694446339644,-0.011192141365544282,-0.049780703867773723,0.18516338869412735
0.056836579230122704,0.005934013291811808,0.0006619129067054665,0.031268064315853536,0.027168385290401706,0.014383619711884033,-0.007301680393574128,-0.015932343798079108,0.020407112570407872,-0.014246848159920347,0.016242427946119138,0.026182016849214774,0.0016071222223033193,-0.03912760955827458,-0.020208486811605125,0.0015523916447590987,-0.01011148644583552,-0.012973195081895782,-0.006421158001554706,0.05174365164080476,0.005934013291811808,0.0900329988763382,0.009832931901039947,0.04636351797362466,0.06337809070818887,-0.01600724041575538,-0.04574612916462038,0.00951237530628849,-0.016088332528797468,0.00449370114910178,-0.03798148233078669,-0.000554009030789818,0.02755313603275663,-0.05389954148581862,-0.008798195077344285,-0.03449235096630433,0.005979089323894882,0.0018637312084553471,-0.002263371027655723,0.005235996676585732,0.0006619129067054665,0.009832931901039947,0.07438556807160465,0.031058127807954382,0.031053219633615597,0.011692235006608804,0.006998209023293511,0.04873453407577175,-0.04152065071406376,0.021149659546179235,-0.04169935365488218,-0.015032670066876967,0.01709238090767652,0.03677386621229746,0.03419392762539076,-0.03825619563796997,0.026362752449025962,0.003458944302414093,0.031108526268288243,-0.04395682945144401,0.031268064315853536,0.04636351797362466,0.031058127807954382,0.09858460734765923,0.0622540174855742,0.008899359865858403,-0.025005912534860043,0.0092528996495621,-0.013315715700547114,0.010411941731467395,-0.04173152134572421,0.008587309162606558,0.025604064237793385,-0.056248817664424175,-0.01671294653910757,-0.050776716986884685,0.028949632671641422,-0.02184102063361272,0.006950762495103397,0.029174280743696736,0.027168385290401706,0.06337809070818887,0.031053219633615597,0.0622540174855742,0.10058688602668103,-0.01520164632863209,-0.04424099807075767,0.03521027086274718,-0.016753787929500934,-0.00086216710428551,-0.03105564785960517,0.017454648978231048,0.04726386171065288,-0.05782636151541871,0.004532133966035906,-0.06946159731304805,0.014571060490249158,-0.025599256287653596,-0.007125289783994255,0.01928094072477888,0.014383619711884033,-0.01600724041575538,0.011692235006608804,0.008899359865858403,-0.01520164632863209,0.03328409317559928,0.014744736735335318,-0.013498072977929949,0.0060698304313658285,0.006043382241156575,-0.003772301971788859,-0.004389261445486254,-0.01793352668381658,0.00532210171068639,-0.00858706238103078,0.019014805347600725,0.0015706153001754323,0.015893208700270646,0.017827599474595286,-0.004365266474584836,-0.007301680393574128,-0.04574612916462038,0.006998209023293511,-0.025005912534860043,-0.04424099807075767,0.014744736735335318,0.07588700231685326,0.015431108617062584,-0.00388606772778213,0.008241737130841701,0.010032574839341026,-0.01667523985788933,-0.021473952115034698,0.07078866050994509,0.016281271070424187,0.01435313071776703,0.012931919757230084,0.009636770399502129,0.027012880649721897,-0.036936924793966375,-0.015932343798079108,0.00951237530628849,0.04873453407577175,0.0092528996495621,0.03521027086274718,-0.013498072977929949,0.015431108617062584,0.09121920557580307,-0.05507776973175974,0.01745072522479838,-0.034454149235015996,-0.01760287797144678,0.03725455380003388,0.053021238867939,0.050379308820884344,-0.06809564095440768,0.035559887338094676,-0.015430646146184446,0.011787125658783969,-0.06235692675580462,0.020407112570407872,-0.016088332528797468,-0.04152065071406376,-0.013315715700547114,-0.016753787929500934,0.0060698304313658285,-0.00388606772778213,-0.05507776973175974,0.0808131748802177,-0.027622934931987555,0.04973549636268719,0.02618385754369249,-0.020805953696683817,-0.04960330272585335,-0.030906644936875012,0.04110503955501871,-0.028630684891497754,0.0016747793241064643,-0.011826088311358285,0.04401950420132228,-0.014246848159920347,0.00449370114910178,0.021149659546179235,0.010411941731467395,-0.00086216710428551,0.006043382241156575,0.008241737130841701,0.01745072522479838,-0.027622934931987555,0.04002831003702097,-0.030790092334661158,-0.02137469583913855,0.013167403643722379,0.03143961425482392,0.022209564417450152,-0.016234465539566846,0.015223337829392876,0.008075485459067042,0.008719986528757549,-0.015566488456524506,0.016242427946119138,-0.03798148233078669,-0.04169935365488218,-0.04173152134572421,-0.03105564785960517,-0.003772301971788859,0.010032574839341026,-0.034454149235015996,0.04973549636268719,-0.030790092334661158,0.07674569758038823,0.02705607834100384,-0.022648635923747298,-0.02744006483318945,-0.024066795559616175,0.04527418038009028,-0.03391423591282762,-0.013739926845601678,-0.020649476706221873,0.037971629991211314,0.026182016849214774,-0.000554009030789818,-0.015032670066876967,0.008587309162606558,0.017454648978231048,-0.004389261445486254,-0.01667523985788933,-0.01760287797144678,0.02618385754369249,-0.02137469583913855,0.02705607834100384,0.04090813216388758,0.012187177240367306,-0.04718803623597166,-0.02177507698822534,0.00019091392488961392,-0.013361281178660587,-0.017215703869906354,-0.025010275057936182,0.04662398160954549,0.0016071222223033193,0.02755313603275663,0.01709238090767652,0.025604064237793385,0.04726386171065288,-0.01793352668381658,-0.021473952115034698,0.03725455380003388,-0.020805953696683817,0.013167403643722379,-0.022648635923747298,0.012187177240367306,0.07927718634501225,-0.020912302377936877,0.026150962156251716,-0.06104342227741048,0.02045028477802098,-0.015900664405458217,-0.01034879346242874,0.0006861195196452832,-0.03912760955827458,-0.05389954148581862,0.03677386621229746,-0.056248817664424175,-0.05782636151541871,0.00532210171068639,0.07078866050994509,0.053021238867939,-0.04960330272585335,0.03143961425482392,-0.02744006483318945,-0.04718803623597166,-0.020912302377936877,0.16781605378062714,0.06226970415067949,0.014649984030187965,0.016503121857155897,0.034592179734252895,0.0285928699696668,-0.08986813392484988,-0.020208486811605125,-0.008798195077344285,0.03419392762539076,-0.01671294653910757,0.004532133966035906,-0.00858706238103078,0.016281271070424187,0.050379308820884344,-0.030906644936875012,0.022209564417450152,-0.024066795559616175,-0.02177507698822534,0.026150962156251716,0.06226970415067949,0.07294133314451498,-0.029736650385767026,0.019083296570651748,0.008980744059905673,0.019366987032765473,-0.05101233616356446,0.0015523916447590987,-0.03449235096630433,-0.03825619563796997,-0.050776716986884685,-0.06946159731304805,0.019014805347600725,0.01435313071776703,-0.06809564095440768,0.04110503955501871,-0.016234465539566846,0.04527418038009028,0.00019091392488961392,-0.06104342227741048,0.014649984030187965,-0.029736650385767026,0.13786296714203924,-0.054711448603825506,0.046864181326573745,-0.0051086203182290684,0.04308463369449274,-0.01011148644583552,0.005979089323894882,0.026362752449025962,0.028949632671641422,0.014571060490249158,0.0015706153001754323,0.012931919757230084,0.035559887338094676,-0.028630684891497754,0.015223337829392876,-0.03391423591282762,-0.013361281178660587,0.02045028477802098,0.016503121857155897,0.019083296570651748,-0.054711448603825506,0.05809046574723516,-0.009341170899902971,0.03022666242025547,-0.05381912973049724,-0.012973195081895782,0.0018637312084553471,0.003458944302414093,-0.02184102063361272,-0.025599256287653596,0.015893208700270646,0.009636770399502129,-0.015430646146184446,0.0016747793241064643,0.008075485459067042,-0.013739926845601678,-0.017215703869906354,-0.015900664405458217,0.034592179734252895,0.008980744059905673,0.046864181326573745,-0.009341170899902971,0.061904247340426155,0.02424078448967232,-0.022183098413265233,-0.006421158001554706,-0.002263371027655723,0.031108526268288243,0.006950762495103397,-0.007125289783994255,0.017827599474595286,0.027012880649721897,0.011787125658783969,-0.011826088311358285,0.008719986528757549,-0.020649476706221873,-0.025010275057936182,-0.01034879346242874,0.0285928699696668,0.019366987032765473,-0.0051086203182290684,0.03022666242025547,0.02424078448967232,0.08075829829406961,-0.07255568776664836,0.05174365164080476,0.005235996676585732,-0.04395682945144401,0.029174280743696736,0.01928094072477888,-0.004365266474584836,-0.036936924793966375,-0.06235692675580462,0.04401950420132228,-0.015566488456524506,0.037971629991211314,0.04662398160954549,0.0006861195196452832,-0.08986813392484988,-0.05101233616356446,0.04308463369449274,-0.05381912973049724,-0.022183098413265233,-0.07255568776664836,0.1864460945028669
0.09721032168362922,0.10151174351212246,0.014760508123510272,0.04442699053837401,0.05602759614771252,-0.016484332363996823,-0.025774996240194626,0.002940238157536858,0.03058693564893753,0.008750595969726258,0.029508310474762378,0.024396944009261623,0.005225619372568664,-0.08095030519978663,-0.009835687325462372,0.050735980659786496,-0.004130760541776438,-0.07597143382010174,-0.019720018800426953,0.05996244334878217,0.10151174351212246,0.21174541630417867,0.03889082061323923,0.08706640079116953,0.11026807828921133,-0.02583188115488523,-0.0442750311593753,0.03747819132055709,0.025530646958386895,0.032201242861314414,0.011944799064738706,0.05004817000510915,0.03408226953193062,-0.12235993616697147,-0.04075606498162764,0.06320015250927855,-0.003478484825073692,-0.06436311382341628,-0.006193909626479009,0.06385949710174177,0.014760508123510272,0.03889082061323923,0.06831104654056852,0.02918959725804946,0.05812997174439045,-0.005605398532273827,-0.022338951988770582,0.04235944352914801,0.020417616324347666,0.013242671368314623,-0.01902384585156191,0.012423392242021158,0.06344241190528971,-0.01055199776718491,0.019738913778711918,-0.038262126128175686,0.009137795130770357,-0.011344143403559877,0.006965497685489885,0.008089685649621849,0.04442699053837401,0.08706640079116953,0.02918959725804946,0.10659241629762539,0.07336725245157869,-0.005148717714379504,-0.014127175537491335,0.004195998185309285,0.04641414350236217,0.005229947826145198,-0.007936116712416844,0.03934330522334051,0.04308441010011832,-0.09242805196030729,-0.05315854567776929,0.006531323706698869,-0.00212360909728171,-0.006106171509690879,0.029324161677944716,0.06472776389004606,0.05602759614771252,0.11026807828921133,0.05812997174439045,0.07336725245157869,0.15814560206127193,-0.044684867886219753,-0.0651522079873083,0.09158281412083302,0.038451597068140636,0.019469715176866062,0.000673118020111873,0.049406984430641385,0.11351722856876766,-0.06858470169980915,0.011679558438794075,-0.0620290608782003,-0.002504859969253254,-0.05475460919810173,-0.058888602604508185,0.05023215687574544,-0.016484332363996823,-0.02583188115488523,-0.005605398532273827,-0.005148717714379504,-0.044684867886219753,0.06192042915661902,0.03960723025742914,-0.06447897610291743,0.010857168280789042,-0.001719848230733743,-0.03083057826850351,-0.003729198678624046,-0.030880988622738345,-0.010942865268892238,-0.030441105307732086,0.017177911990835383,0.012235004300517011,0.050415440567220055,0.09393648023020994,-0.02429811765143903,-0.025774996240194626,-0.0442750311593753,-0.022338951988770582,-0.014127175537491335,-0.0651522079873083,0.03960723025742914,0.063600829842912,-0.05473201862239195,0.004802769902059266,-0.002945568611907333,-0.011653431439575049,-0.015532303807031753,-0.04811297946598417,0.022824359849942515,-0.020218327122702467,0.029388630953234882,0.01720163121007181,0.05046282254164865,0.06707559372228294,-0.018924517070333338,0.002940238157536858,0.03747819132055709,0.04235944352914801,0.004195998185309285,0.09158281412083302,-0.06447897610291743,-0.05473201862239195,0.14662722752228474,-0.01847133705152867,0.005106754316722632,0.009762773686389574,0.011039901229477182,0.0803960619724627,0.03402612329104027,0.06283121186114266,-0.06299866555349987,-0.005165212013396241,-0.031137537663306642,-0.11208563620765156,0.00021745956975093537,0.03058693564893753,0.025530646958386895,0.020417616324347666,0.04641414350236217,0.038451597068140636,0.010857168280789042,0.004802769902059266,-0.01847133705152867,0.0832000713520509,0.00467060559002948,0.0056725710387050925,0.022554124021935764,0.026075542838323165,-0.04348905827154125,-0.02767177736836905,-0.014244847101313674,-0.005893603144109583,-0.014335039115635998,0.011710552991689098,0.04678153695701727,0.008750595969726258,0.032201242861314414,0.013242671368314623,0.005229947826145198,0.019469715176866062,-0.001719848230733743,-0.002945568611907333,0.005106754316722632,0.00467060559002948,0.0577514183579046,-0.008034005654628428,0.006466026026509614,0.04433863052707872,-0.0021559018871185934,0.005165048904209378,-0.0254122871198611,0.02062737464585529,-0.024132667651309177,0.01885937608071331,-0.008202974313408523,0.029508310474762378,0.011944799064738706,-0.01902384585156191,-0.007936116712416844,0.000673118020111873,-0.03083057826850351,-0.011653431439575049,0.009762773686389574,0.0056725710387050925,-0.008034005654628428,0.06230845155663286,0.008641212145058077,-0.02512316955793569,-0.005623137616883647,-0.0063768593421887655,0.05107970222666505,-0.03187959582073975,-0.04105650735734166,-0.07233296870085468,0.04616811865010359,0.024396944009261623,0.05004817000510915,0.012423392242021158,0.03934330522334051,0.049406984430641385,-0.003729198678624046,-0.015532303807031753,0.011039901229477182,0.022554124021935764,0.006466026026509614,0.008641212145058077,0.048362446188621455,0.026435311102879104,-0.04333024182953481,-0.03206902904550957,0.011239723592634965,-0.013809589658791144,-0.005821663648806385,0.0013252594696788057,0.036308708535216505,0.005225619372568664,0.03408226953193062,0.06344241190528971,0.04308441010011832,0.11351722856876766,-0.030880988622738345,-0.04811297946598417,0.0803960619724627,0.026075542838323165,0.04433863052707872,-0.02512316955793569,0.026435311102879104,0.1666821319376804,-0.012927455430376725,0.03510336672221466,-0.13309407882047997,0.024634589819830903,-0.03342108989522679,-0.019822278546118958,0.0016347351909985538,-0.08095030519978663,-0.12235993616697147,-0.01055199776718491,-0.09242805196030729,-0.06858470169980915,-0.010942865268892238,0.022824359849942515,0.03402612329104027,-0.04348905827154125,-0.0021559018871185934,-0.005623137616883647,-0.04333024182953481,-0.012927455430376725,0.15182837502882796,0.06718484947846516,-0.042504174765054054,0.0025827437795441625,0.045783470014947064,-0.037517508853786394,-0.07164135324347376,-0.009835687325462372,-0.04075606498162764,0.019738913778711918,-0.05315854567776929,0.011679558438794075,-0.030441105307732086,-0.020218327122702467,0.06283121186114266,-0.02767177736836905,0.005165048904209378,-0.0063768593421887655,-0.03206902904550957,0.03510336672221466,0.06718484947846516,0.1032862692147852,-0.06950715993628859,0.021163714869129435,-0.03182730209905603,-0.06008725375231997,-0.04665633697457337,0.050735980659786496,0.06320015250927855,-0.038262126128175686,0.006531323706698869,-0.0620290608782003,0.017177911990835383,0.029388630953234882,-0.06299866555349987,-0.014244847101313674,-0.0254122871198611,0.05107970222666505,0.011239723592634965,-0.13309407882047997,-0.042504174765054054,-0.06950715993628859,0.20735315210521246,-0.03998690318170116,0.0063884890293441805,0.019079092536982388,0.05616314936942668,-0.004130760541776438,-0.003478484825073692,0.009137795130770357,-0.00212360909728171,-0.002504859969253254,0.012235004300517011,0.01720163121007181,-0.005165212013396241,-0.005893603144109583,0.02062737464585529,-0.03187959582073975,-0.013809589658791144,0.024634589819830903,0.0025827437795441625,0.021163714869129435,-0.03998690318170116,0.054785560231451716,0.0019697957653060216,0.04670124130501564,-0.03489843960379367,-0.07597143382010174,-0.06436311382341628,-0.011344143403559877,-0.006106171509690879,-0.05475460919810173,0.050415440567220055,0.05046282254164865,-0.031137537663306642,-0.014335039115635998,-0.024132667651309177,-0.04105650735734166,-0.005821663648806385,-0.03342108989522679,0.045783470014947064,-0.03182730209905603,0.0063884890293441805,0.0019697957653060216,0.12912643188801134,0.08422465081698396,-0.03429138493305271,-0.019720018800426953,-0.006193909626479009,0.006965497685489885,0.029324161677944716,-0.058888602604508185,0.09393648023020994,0.06707559372228294,-0.11208563620765156,0.011710552991689098,0.01885937608071331,-0.07233296870085468,0.0013252594696788057,-0.019822278546118958,-0.037517508853786394,-0.06008725375231997,0.019079092536982388,0.04670124130501564,0.08422465081698396,0.22354531781509346,-0.04349809078997198,0.05996244334878217,0.06385949710174177,0.008089685649621849,0.06472776389004606,0.05023215687574544,-0.02429811765143903,-0.018924517070333338,0.00021745956975093537,0.04678153695701727,-0.008202974313408523,0.04616811865010359,0.036308708535216505,0.0016347351909985538,-0.07164135324347376,-0.04665633697457337,0.05616314936942668,-0.03489843960379367,-0.03429138493305271,-0.04349809078997198,0.11226923030750699
