0.11586080080297376,0.010733764262709269,-0.017084960509889127,0.05743075646116044,-0.04327482219640324,-0.06252492965273747,0.012495658178822472,-0.05916382079233056,0.0195187395928533,0.030743108573085973,0.008414487618432994,-0.02092768105807082,-0.018353915615380936,-0.02252690155059333,0.008119544983179312,-0.041069881639099484,0.0309798546394119,0.08358135036576489,-0.019706650306300855,-0.02136371280592462,0.010733764262709269,0.04922596560307674,-0.0018992926028919884,0.01668454146093123,-0.017696793610182185,-0.01740931001331129,-0.0010212184493916033,-0.0025893855796045237,0.009343455870234899,-0.014615320912095126,-0.0024738807053360564,-0.006131485898302175,-0.01275848622213211,0.008070147985344198,0.004253349933484342,0.002086404469126638,4.170855815884651e-5,0.013687034835709481,-0.009024794456855573,-0.007261148012787832,-0.017084960509889127,-0.0018992926028919884,0.07968147887713055,-0.00864485630574084,-0.008807697868809005,0.01005477706343156,-0.044180088434350076,-0.0018972359381761415,-0.038732725408686566,0.01412649024841887,0.0021988288441793357,0.005828600017631599,-0.004022654668553055,-0.004574969447637949,0.019460288093768967,-0.002522900844293953,-0.023351691343306884,-0.00010803939883950687,0.0034740052739398557,0.007353497180750353,0.05743075646116044,0.01668454146093123,-0.00864485630574084,0.05588758633865507,-0.016764524151232217,-0.0393375989132956,-0.005446090151785958,-0.02919222171853382,0.008072990449388712,0.0064116304245160904,0.00859429990964017,-0.0041399863897944,-0.013106801565831456,-0.009444105959209024,0.002123524062304292,-0.020556553528439735,0.008289513634263904,0.04168517975282606,-0.013271235858936638,-0.011334589298038048,-0.04327482219640324,-0.017696793610182185,-0.008807697868809005,-0.016764524151232217,0.06505096287171666,0.02414464825860453,-0.01105170753482628,0.030758832437192955,-0.004087324433865168,-0.009977395398033839,-0.005336953058945441,0.01899134546321322,0.020649100704473174,0.0004266860848028415,-0.010956815212343587,0.0017159636091232382,-0.028406245221975275,-0.031212531174032145,0.011548277537098077,-0.01636464247764334,-0.06252492965273747,-0.01740931001331129,0.01005477706343156,-0.0393375989132956,0.02414464825860453,0.059167493100687904,-0.0016932837887595677,0.0350610172592114,-0.013098221328631383,-0.008698777975685256,-0.009965579857201078,0.007834345215683634,0.01838226716884996,0.011307022384369314,-0.002566777425436582,0.02452925166545722,-0.021063156015259515,-0.05070840757014263,0.011056447679117074,0.013430136792953773,0.012495658178822472,-0.0010212184493916033,-0.044180088434350076,-0.005446090151785958,-0.01105170753482628,-0.0016932837887595677,0.05888372828835581,-0.009761107464443256,0.018187341742827885,-0.005055147719544297,0.0041037251349801945,-0.01304446481740471,-0.011362084669509947,0.0068003738726260185,-0.008237775094899473,0.01506684229670887,0.026583891962658708,-0.0017007507132339,-0.006610454579516043,0.01664102625698944,-0.05916382079233056,-0.0025893855796045237,-0.0018972359381761415,-0.02919222171853382,0.030758832437192955,0.0350610172592114,-0.009761107464443256,0.05876231146819069,0.003515418512822796,-0.023930536801801662,-0.015306113089218464,0.014959167248569202,0.018151347638470795,0.016569288646587965,-0.013510013905636104,0.024760302469394316,-0.019953734053512303,-0.05312861449460443,0.01184381939787283,-0.0007781479779462175,0.0195187395928533,0.009343455870234899,-0.038732725408686566,0.008072990449388712,-0.004087324433865168,-0.013098221328631383,0.018187341742827885,0.003515418512822796,0.04710405904429644,-0.00462599761459591,-0.012701775618431495,-0.007997959867028104,0.005659889578112002,0.006576620739093081,-0.010751068418275755,0.0025885676882831153,0.012064327649139922,0.007793148458381489,0.0009074402551069226,-0.017567026427408476,0.030743108573085973,-0.014615320912095126,0.01412649024841887,0.0064116304245160904,-0.009977395398033839,-0.008698777975685256,-0.005055147719544297,-0.023930536801801662,-0.00462599761459591,0.038418245915878925,-0.0010391074118374605,-0.010647324761429575,-0.0038506178230051954,-0.011493581894886536,0.011086839865548054,-0.021026487224665526,0.0048246222072647685,0.028978041957475862,-0.003907699408862262,0.0005788150372864915,0.008414487618432994,-0.0024738807053360564,0.0021988288441793357,0.00859429990964017,-0.005336953058945441,-0.009965579857201078,0.0041037251349801945,-0.015306113089218464,-0.012701775618431495,-0.0010391074118374605,0.03056935056932014,0.008888532691588284,-0.012469277843215346,-0.0026418220531395295,-0.0029472042903233246,0.0029638670329673704,0.001999683837638807,0.006063855714539075,-0.004656208068456923,0.016105400287718195,-0.02092768105807082,-0.006131485898302175,0.005828600017631599,-0.0041399863897944,0.01899134546321322,0.007834345215683634,-0.01304446481740471,0.014959167248569202,-0.007997959867028104,-0.010647324761429575,0.008888532691588284,0.03944270455025261,0.004209967246214899,0.0029221726528886873,-0.005854574334540025,0.014627363880741203,-0.02599228546434299,-0.022169304357568358,0.004333959944509382,0.0008353076048104682,-0.018353915615380936,-0.01275848622213211,-0.004022654668553055,-0.013106801565831456,0.020649100704473174,0.01838226716884996,-0.011362084669509947,0.018151347638470795,0.005659889578112002,-0.0038506178230051954,-0.012469277843215346,0.004209967246214899,0.031037838003667995,0.0023835815845301145,-0.005389367831474806,0.0008984725722771146,-0.011621741224704373,-0.01801319225029386,0.009146471991526088,-0.008267032752327142,-0.02252690155059333,0.008070147985344198,-0.004574969447637949,-0.009444105959209024,0.0004266860848028415,0.011307022384369314,0.0068003738726260185,0.016569288646587965,0.006576620739093081,-0.011493581894886536,-0.0026418220531395295,0.0029221726528886873,0.0023835815845301145,0.022548600331282805,-0.0008486507596121625,0.014281542464089561,-0.002736627653649619,-0.017050391869113647,0.0010232306319483103,0.006392923513612293,0.008119544983179312,0.004253349933484342,0.019460288093768967,0.002123524062304292,-0.010956815212343587,-0.002566777425436582,-0.008237775094899473,-0.013510013905636104,-0.010751068418275755,0.011086839865548054,-0.0029472042903233246,-0.005854574334540025,-0.005389367831474806,-0.0008486507596121625,0.030158959495562257,-0.010142890548134411,-6.012382452407714e-5,0.014440028460102098,-0.007001178688576535,0.004032919091709953,-0.041069881639099484,0.002086404469126638,-0.002522900844293953,-0.020556553528439735,0.0017159636091232382,0.02452925166545722,0.01506684229670887,0.024760302469394316,0.0025885676882831153,-0.021026487224665526,0.0029638670329673704,0.014627363880741203,0.0008984725722771146,0.014281542464089561,-0.010142890548134411,0.051063911676778,-0.011216478608519237,-0.037926158339849914,0.004116243667897853,0.010213228751868336,0.0309798546394119,4.170855815884651e-5,-0.023351691343306884,0.008289513634263904,-0.028406245221975275,-0.021063156015259515,0.026583891962658708,-0.019953734053512303,0.012064327649139922,0.0048246222072647685,0.001999683837638807,-0.02599228546434299,-0.011621741224704373,-0.002736627653649619,-6.012382452407714e-5,-0.011216478608519237,0.05393483752458817,0.017498047262291913,-0.006438984776465271,0.014205631585459856,0.08358135036576489,0.013687034835709481,-0.00010803939883950687,0.04168517975282606,-0.031212531174032145,-0.05070840757014263,-0.0017007507132339,-0.05312861449460443,0.007793148458381489,0.028978041957475862,0.006063855714539075,-0.022169304357568358,-0.01801319225029386,-0.017050391869113647,0.014440028460102098,-0.037926158339849914,0.017498047262291913,0.0934598403034765,-0.01921016028317411,-0.019981518400232753,-0.019706650306300855,-0.009024794456855573,0.0034740052739398557,-0.013271235858936638,0.011548277537098077,0.011056447679117074,-0.006610454579516043,0.01184381939787283,0.0009074402551069226,-0.003907699408862262,-0.004656208068456923,0.004333959944509382,0.009146471991526088,0.0010232306319483103,-0.007001178688576535,0.004116243667897853,-0.006438984776465271,-0.01921016028317411,0.024250525202610777,-0.008635176357259893,-0.02136371280592462,-0.007261148012787832,0.007353497180750353,-0.011334589298038048,-0.01636464247764334,0.013430136792953773,0.01664102625698944,-0.0007781479779462175,-0.017567026427408476,0.0005788150372864915,0.016105400287718195,0.0008353076048104682,-0.008267032752327142,0.006392923513612293,0.004032919091709953,0.010213228751868336,0.014205631585459856,-0.019981518400232753,-0.008635176357259893,0.05838921240906378
0.09889026015828048,0.035604427030086316,-0.01212717677852335,0.06698101669526851,-0.04525404304673425,-0.06829119699881914,0.011474891769876889,-0.06564491700587632,0.006040110647145177,0.012776662871458878,0.008558946060305456,-0.004010008560809696,-0.038821290501296915,-0.007984596667672775,0.021832666256373316,-0.040489278932628256,0.027764677228915007,0.06192981903348588,-0.020160839075800904,-0.02427109185394237,0.035604427030086316,0.0458738504257173,-0.012092116262605482,0.036069532953049516,-0.013481821898511947,-0.034172125762920905,0.00493249623215997,-0.01952557730713255,0.008522365889244581,-0.00028176603462858,-0.0024837269885888474,-0.0058400693375709346,-0.021245681478834502,0.0014284022058990628,0.005160678548135723,-0.011924937961325283,0.004466367764772998,0.02811701617653288,-0.008699387217617052,-0.01818023315633607,-0.01212717677852335,-0.012092116262605482,0.04038657626206655,-0.02307783383736963,0.013080334953601221,0.0201105125832386,-0.009198007995922934,0.010920022674302327,-0.0023948752342679404,0.005117857774337493,-0.007991270930003264,0.006616442543805461,0.010507477542751512,-0.0014472486571215821,0.002313326416468084,0.00861644859736347,-0.012507352602384867,-0.014535620262972983,0.003483921640550721,0.0004938164059403846,0.06698101669526851,0.036069532953049516,-0.02307783383736963,0.08815758158262953,-0.02706566345884907,-0.06342001458955743,0.0033132425739730974,-0.04684906168550823,0.00535151516700654,0.007810347487219364,0.009191124589068053,-0.01045443317505507,-0.04389508984347161,-0.002870965228407339,0.019337375471082555,-0.025830872014851965,0.012852648971408608,0.05554173032686417,-0.00926881363183678,-0.019885580848369305,-0.04525404304673425,-0.013481821898511947,0.013080334953601221,-0.02706566345884907,0.06456688118352695,0.03429910401961321,-0.01128641273147497,0.042484790228358646,0.012008860638680674,-0.0028051417634462174,-0.0111421532544117,0.006433030303975869,0.024902829836205627,-0.006231880667559475,0.003120813063034124,0.015958376120374575,-0.018808123620717675,-0.04015519350145562,0.007161869550589446,-0.007575930058910067,-0.06829119699881914,-0.034172125762920905,0.0201105125832386,-0.06342001458955743,0.03429910401961321,0.08128905921401408,-0.009010167251564016,0.044302056532982505,-0.019273327364843856,-0.0020411382784271386,-0.004066504092287969,0.005729411577637011,0.04276075647728704,0.0024127503322136476,-0.007199448036116312,0.03189926688450974,-0.028839676646045663,-0.052064284448674183,0.006996044416914682,0.018470574414956746,0.011474891769876889,0.00493249623215997,-0.009198007995922934,0.0033132425739730974,-0.01128641273147497,-0.009010167251564016,0.025936272728313683,-0.009442241420038942,0.002110042911776605,-0.0010294264246128546,-0.0005321142886888376,-0.011277959652878918,-0.0042574491589996806,0.008208309153095047,-0.006973965235806966,0.001043472265064674,0.0038600026567179972,0.0008801772678481627,0.0005330045875805876,0.0013478339341546374,-0.06564491700587632,-0.01952557730713255,0.010920022674302327,-0.04684906168550823,0.042484790228358646,0.044302056532982505,-0.009442241420038942,0.07698057288391431,0.007581038584144524,-0.014588611941230487,-0.020139913494277364,0.007045123164377382,0.024936368983643483,0.009501958645701192,-0.021455843660206017,0.031208006615235886,-0.023626294373720172,-0.059943040208421894,0.02182111668784907,0.0050261117025155524,0.006040110647145177,0.008522365889244581,-0.0023948752342679404,0.00535151516700654,0.012008860638680674,-0.019273327364843856,0.002110042911776605,0.007581038584144524,0.04456892029137649,-0.009113929420157402,-0.010754814031341334,0.003072770556779392,-0.003916161094487641,-0.004443195710218558,-0.006479932970450565,-0.0028736109846728085,0.00644491008391075,-0.015109253881274286,0.0029808309903713143,-0.011167351734090338,0.012776662871458878,-0.00028176603462858,0.005117857774337493,0.007810347487219364,-0.0028051417634462174,-0.0020411382784271386,-0.0010294264246128546,-0.014588611941230487,-0.009113929420157402,0.023703807918132,0.0007020538183876762,-0.0022204424905787664,-0.003950174335317776,-0.002897246331040194,0.01572196741455366,-0.0035123621592656677,-0.005897201388343163,0.017316616412335735,-0.004365615950186896,-0.0011524334274674902,0.008558946060305456,-0.0024837269885888474,-0.007991270930003264,0.009191124589068053,-0.0111421532544117,-0.004066504092287969,-0.0005321142886888376,-0.020139913494277364,-0.010754814031341334,0.0007020538183876762,0.02418688947480332,-0.004480826872819334,-0.004812274025307989,-0.0018129897438073678,0.0010029235974456704,-0.006187810940825147,0.006267099190443824,0.01394250572524373,-0.004577460123145149,0.009191904036007139,-0.004010008560809696,-0.0058400693375709346,0.006616442543805461,-0.01045443317505507,0.006433030303975869,0.005729411577637011,-0.011277959652878918,0.007045123164377382,0.003072770556779392,-0.0022204424905787664,-0.004480826872819334,0.03071006862263986,-0.0006674472198649115,-0.0034676119971461124,-0.005614047184325618,-0.00016582067896531416,0.0024005795422001406,-0.009292906190956584,0.0002226507933872621,-0.0002219389209461279,-0.038821290501296915,-0.021245681478834502,0.010507477542751512,-0.04389508984347161,0.024902829836205627,0.04276075647728704,-0.0042574491589996806,0.024936368983643483,-0.003916161094487641,-0.003950174335317776,-0.004812274025307989,-0.0006674472198649115,0.04706286515077836,-0.0009031906149019296,-0.0011805258000042122,0.017401599337936613,-0.012883895271658855,-0.03259149868706235,0.005711201767168574,0.011994727573810711,-0.007984596667672775,0.0014284022058990628,-0.0014472486571215821,-0.002870965228407339,-0.006231880667559475,0.0024127503322136476,0.008208309153095047,0.009501958645701192,-0.004443195710218558,-0.002897246331040194,-0.0018129897438073678,-0.0034676119971461124,-0.0009031906149019296,0.02585824977114768,-0.0113789451231065,0.00640399230237344,0.0018930075718505206,-0.0006737896881689547,0.008859271233155958,-0.001173459771280629,0.021832666256373316,0.005160678548135723,0.002313326416468084,0.019337375471082555,0.003120813063034124,-0.007199448036116312,-0.006973965235806966,-0.021455843660206017,-0.006479932970450565,0.01572196741455366,0.0010029235974456704,-0.005614047184325618,-0.0011805258000042122,-0.0113789451231065,0.04775851750039111,-0.008082713673536024,-0.002413295185888024,0.021638042087962796,-0.01706758662492175,-0.0045010856980945025,-0.040489278932628256,-0.011924937961325283,0.00861644859736347,-0.025830872014851965,0.015958376120374575,0.03189926688450974,0.001043472265064674,0.031208006615235886,-0.0028736109846728085,-0.0035123621592656677,-0.006187810940825147,-0.00016582067896531416,0.017401599337936613,0.00640399230237344,-0.008082713673536024,0.03553802139241781,-0.024032918524338573,-0.030797218745419602,0.008286533847045724,0.0068952747732464615,0.027764677228915007,0.004466367764772998,-0.012507352602384867,0.012852648971408608,-0.018808123620717675,-0.028839676646045663,0.0038600026567179972,-0.023626294373720172,0.00644491008391075,-0.005897201388343163,0.006267099190443824,0.0024005795422001406,-0.012883895271658855,0.0018930075718505206,-0.002413295185888024,-0.024032918524338573,0.045315897027200916,0.020916514617521524,-0.0029613470058701026,0.0006775860993989183,0.06192981903348588,0.02811701617653288,-0.014535620262972983,0.05554173032686417,-0.04015519350145562,-0.052064284448674183,0.0008801772678481627,-0.059943040208421894,-0.015109253881274286,0.017316616412335735,0.01394250572524373,-0.009292906190956584,-0.03259149868706235,-0.0006737896881689547,0.021638042087962796,-0.030797218745419602,0.020916514617521524,0.086212814196421,-0.014496909306595938,-0.009126309399191929,-0.020160839075800904,-0.008699387217617052,0.003483921640550721,-0.00926881363183678,0.007161869550589446,0.006996044416914682,0.0005330045875805876,0.02182111668784907,0.0029808309903713143,-0.004365615950186896,-0.004577460123145149,0.0002226507933872621,0.005711201767168574,0.008859271233155958,-0.01706758662492175,0.008286533847045724,-0.0029613470058701026,-0.014496909306595938,0.02932250119678654,0.002819068299425325,-0.02427109185394237,-0.01818023315633607,0.0004938164059403846,-0.019885580848369305,-0.007575930058910067,0.018470574414956746,0.0013478339341546374,0.0050261117025155524,-0.011167351734090338,-0.0011524334274674902,0.009191904036007139,-0.0002219389209461279,0.011994727573810711,-0.001173459771280629,-0.0045010856980945025,0.0068952747732464615,0.0006775860993989183,-0.009126309399191929,0.002819068299425325,0.03707799423523147
