0.024840729565355577,0.0031190736657656995,0.004449260248260135,-0.010573235399431415,0.0004072721271793319,-0.002596042192182137,0.011842048577299723,-0.002604536450450899,-0.003271355578913594,0.006025853596329708,-0.007202828144695769,-0.006709376493881204,0.0014296019270842886,0.009492672308711158,-0.0033067158833462182,-0.005538800307957594,-0.0025439893974235394,-0.009752727300313735,0.014371979968374242,0.004666276353864565,0.0031190736657656995,0.02642191570110973,0.0013026064913408387,-0.0029343233847669613,-0.0009174616173124085,-0.0029462764884730826,0.002504353498438712,0.008609953851490793,-0.001661668899704433,0.005579202991354726,-0.008509283970908624,0.004055162930507861,0.0006590634269224161,0.0011672971609806703,-0.009031798366029575,-0.0009507447500479486,0.004060706944238454,-0.006329515168970183,-0.0021565944573093826,-0.009761148746407771,0.004449260248260135,0.0013026064913408387,0.022953170604137624,0.0017195405896874827,-0.017592159596452557,0.00708646473179496,-0.00013449308242919483,0.004524316432576375,-0.0014567536716098791,-0.008749641952311777,-0.0015987695076477753,0.00393124154543884,0.007495424185101098,-0.00733326175717338,0.010348598133136388,0.010849925553281098,0.0026651289663838875,-0.00514630560234575,-0.011161673939435294,0.008239031585751923,-0.010573235399431415,-0.0029343233847669613,0.0017195405896874827,0.0512972819641404,0.020091468392693823,-0.0064875961377083005,-0.017133336913085044,-0.008583967239495432,0.021367133429107656,0.0023328915525904323,0.009665418499805465,0.011640272569382406,-0.005113283565804108,0.00700799924444954,0.009882976445353136,-0.020351742180675526,-0.0022328346005004644,0.01108951059143832,0.01053151646373572,-0.009926269576570454,0.0004072721271793319,-0.0009174616173124085,-0.017592159596452557,0.020091468392693823,0.14214466017563665,-0.047496529234033025,-0.04084563328525914,-0.032735677509396814,0.026864666820483402,0.06166422524707922,-0.01588564832920896,-0.035868328957722725,-0.017938536456126232,0.058832146648174224,-0.06604790417232148,-0.08134377416049934,-0.03371797979201567,0.02870056626802807,0.0996025950069375,-0.04933507571179917,-0.002596042192182137,-0.0029462764884730826,0.00708646473179496,-0.0064875961377083005,-0.047496529234033025,0.049544819940691286,0.004851750551602127,0.009283118691318724,-0.014622341590603485,-0.03604253919516741,0.028133606244823813,0.007652538841122587,0.0043852673893620235,-0.025541463227154594,0.013981181883328534,0.05673119809091399,0.019851753421676367,0.00443828580751875,-0.05506364747408818,0.029266801151332233,0.011842048577299723,0.002504353498438712,-0.00013449308242919483,-0.017133336913085044,-0.04084563328525914,0.004851750551602127,0.048836706954449624,0.0100927166605231,-0.014538320978442557,-0.010880891409475756,0.0008770815629111327,0.007753165787879419,0.0013590089610613885,-0.006525082644113742,0.010109035139043855,0.0161450924129001,0.010841147171441096,-0.01751010469651461,-0.012595724295455399,0.0030810513012184014,-0.002604536450450899,0.008609953851490793,0.004524316432576375,-0.008583967239495432,-0.032735677509396814,0.009283118691318724,0.0100927166605231,0.02331591450868991,-0.007505243803225051,-0.009277370747702098,-0.0024976989130503827,0.011288824115847234,0.007489125101421209,-0.012969063247011869,0.006816943724508461,0.02528876873553014,0.006824098391705011,-0.011096226335079937,-0.027730715804642876,0.00462503062126713,-0.003271355578913594,-0.001661668899704433,-0.0014567536716098791,0.021367133429107656,0.026864666820483402,-0.014622341590603485,-0.014538320978442557,-0.007505243803225051,0.02436682681012907,0.006462937904422728,-0.0005933539146617552,0.000716312870930727,-0.003781329974238874,0.011113648520868491,0.0005981066730565807,-0.03327369902711386,-0.008618990821841263,0.011849342404249293,0.021716083699129994,-0.01377833041543795,0.006025853596329708,0.005579202991354726,-0.008749641952311777,0.0023328915525904323,0.06166422524707922,-0.03604253919516741,-0.010880891409475756,-0.009277370747702098,0.006462937904422728,0.05923221447372504,-0.02657621929356098,-0.01665070858697402,-0.006829343999044099,0.03507898244591927,-0.031027962846044838,-0.05189764698863033,-0.01690817302793275,-0.006559355265073452,0.0633219363512687,-0.029283533762790186,-0.007202828144695769,-0.008509283970908624,-0.0015987695076477753,0.009665418499805465,-0.01588564832920896,0.028133606244823813,0.0008770815629111327,-0.0024976989130503827,-0.0005933539146617552,-0.02657621929356098,0.05282706136491931,0.0063001616594037975,-0.0102510314574533,-0.0030488962372755943,-0.0066627086749960675,0.036267488714072954,0.009776578380537537,0.01645974028348693,-0.03125746541837481,0.018029587557366646,-0.006709376493881204,0.004055162930507861,0.00393124154543884,0.011640272569382406,-0.035868328957722725,0.007652538841122587,0.007753165787879419,0.011288824115847234,0.000716312870930727,-0.01665070858697402,0.0063001616594037975,0.05095514417865458,0.0033123107469651774,-0.016061706700845953,0.02774670634163119,0.018252751661237465,0.012928953448587608,-0.0017375203876009873,-0.03491326164297006,-0.0011779728224174928,0.0014296019270842886,0.0006590634269224161,0.007495424185101098,-0.005113283565804108,-0.017938536456126232,0.0043852673893620235,0.0013590089610613885,0.007489125101421209,-0.003781329974238874,-0.006829343999044099,-0.0102510314574533,0.0033123107469651774,0.023613955607472138,-0.012819452020386663,0.014054885855694635,0.00949077478343489,0.0015932045789587876,-0.006762747017051731,-0.01122502252156329,0.004134394144732442,0.009492672308711158,0.0011672971609806703,-0.00733326175717338,0.00700799924444954,0.058832146648174224,-0.025541463227154594,-0.006525082644113742,-0.012969063247011869,0.011113648520868491,0.03507898244591927,-0.0030488962372755943,-0.016061706700845953,-0.012819452020386663,0.050313727494056465,-0.034892730320028785,-0.044925509328220696,-0.014391845353953981,0.0017328107169979348,0.05711651178954204,-0.018344987170517503,-0.0033067158833462182,-0.009031798366029575,0.010348598133136388,0.009882976445353136,-0.06604790417232148,0.013981181883328534,0.010109035139043855,0.006816943724508461,0.0005981066730565807,-0.031027962846044838,-0.0066627086749960675,0.02774670634163119,0.014054885855694635,-0.034892730320028785,0.09865876023127834,0.007945272763184998,0.01567461415313178,-0.01735160160511929,-0.03953371176244318,0.035600224190081436,-0.005538800307957594,-0.0009507447500479486,0.010849925553281098,-0.020351742180675526,-0.08134377416049934,0.05673119809091399,0.0161450924129001,0.02528876873553014,-0.03327369902711386,-0.05189764698863033,0.036267488714072954,0.018252751661237465,0.00949077478343489,-0.044925509328220696,0.007945272763184998,0.11883934928582683,0.035303331689275824,0.006546893636259446,-0.0962456593081917,0.030383929069048417,-0.0025439893974235394,0.004060706944238454,0.0026651289663838875,-0.0022328346005004644,-0.03371797979201567,0.019851753421676367,0.010841147171441096,0.006824098391705011,-0.008618990821841263,-0.01690817302793275,0.009776578380537537,0.012928953448587608,0.0015932045789587876,-0.014391845353953981,0.01567461415313178,0.035303331689275824,0.030915240073110042,-0.0022490350754966948,-0.03468368245750358,0.014218591023720419,-0.009752727300313735,-0.006329515168970183,-0.00514630560234575,0.01108951059143832,0.02870056626802807,0.00443828580751875,-0.01751010469651461,-0.011096226335079937,0.011849342404249293,-0.006559355265073452,0.01645974028348693,-0.0017375203876009873,-0.006762747017051731,0.0017328107169979348,-0.01735160160511929,0.006546893636259446,-0.0022490350754966948,0.05070229993355778,-0.0004643630390781415,-0.013346580542960496,0.014371979968374242,-0.0021565944573093826,-0.011161673939435294,0.01053151646373572,0.0996025950069375,-0.05506364747408818,-0.012595724295455399,-0.027730715804642876,0.021716083699129994,0.0633219363512687,-0.03125746541837481,-0.03491326164297006,-0.01122502252156329,0.05711651178954204,-0.03953371176244318,-0.0962456593081917,-0.03468368245750358,-0.0004643630390781415,0.11923892886331483,-0.033840427697723593,0.004666276353864565,-0.009761148746407771,0.008239031585751923,-0.009926269576570454,-0.04933507571179917,0.029266801151332233,0.0030810513012184014,0.00462503062126713,-0.01377833041543795,-0.029283533762790186,0.018029587557366646,-0.0011779728224174928,0.004134394144732442,-0.018344987170517503,0.035600224190081436,0.030383929069048417,0.014218591023720419,-0.013346580542960496,-0.033840427697723593,0.05305820288792982
0.06650009909371615,0.02704874685818505,0.014836771707457268,0.013826163049830153,0.0499741812791088,-0.037826226339466335,0.010114506394455497,0.017156683673598364,0.005036571824419224,0.04235984970110554,-0.003305566509471912,0.005055420650056137,0.014775016802949473,0.029968351326662424,-0.031546663816586946,-0.02817117942879456,-0.017774611117253633,-0.013046541563479773,0.027370131465454903,-0.003095809209028089,0.02704874685818505,0.047984961661606686,0.017398961658582825,0.004798698981224541,0.02967575258014614,-0.015306220432231862,0.004704430088841459,0.0161540465547914,-0.009345992465306915,0.044947160583647484,0.010262157372365898,-0.012163407713568719,-0.001494256787346862,0.019205984993026972,-0.04997991880816592,-0.001910748365107036,-0.020346123955330038,-0.005650259643951041,0.01351666305511531,-0.016986539449338423,0.014836771707457268,0.017398961658582825,0.025808244022691985,0.007859387872073,0.01339097983659331,-0.005591824500417756,0.0015794726078895785,0.01276204625969709,0.0003362764762869122,0.011237355144106417,0.005621292331988017,0.0009415481423483705,0.0066096311973790735,0.01010935444238524,-0.02153205166943583,0.0016469586056873326,-0.005446705056238886,0.003599225459238851,-0.00026810717574639624,-0.004814868458590293,0.013826163049830153,0.004798698981224541,0.007859387872073,0.054087937186080716,0.018611626170656814,-0.004359154065244357,-0.01931278713579617,-0.00422467066811044,0.014332955005200773,-0.015081789644342234,0.011221743306258457,0.017506661365969692,0.023978865196833815,0.003909936278592305,0.016806745614851987,-0.0009722640980787424,-0.0017636699181583456,0.005613321697321158,-0.024507398870139148,0.007697063756548347,0.0499741812791088,0.02967575258014614,0.01339097983659331,0.018611626170656814,0.12764520028374102,-0.09155394601493971,-0.0031416420803910437,-0.020866407561496367,0.018632630149122857,0.07293829449256334,-0.02754502123613774,-0.014773080044098554,0.011936332562509675,0.04826218327974012,-0.02024015795654454,-0.10204781472790847,-0.010239696657108936,0.009188784083431389,0.09773659972672327,-0.008942213116447438,-0.037826226339466335,-0.015306220432231862,-0.005591824500417756,-0.004359154065244357,-0.09155394601493971,0.1000365723734589,-0.006552013387234548,0.024171015747409576,-0.01663463841758009,-0.06144484025252815,0.034372733030635705,0.012779108257582543,-0.002093549008408277,-0.03828586400762806,0.001043135146552396,0.09568237504368995,-0.0005854917610833166,-0.009058542594236121,-0.0955486313608541,0.0074663709434163155,0.010114506394455497,0.004704430088841459,0.0015794726078895785,-0.01931278713579617,-0.0031416420803910437,-0.006552013387234548,0.03459951162861631,0.015178193881189066,-0.014346232798273894,0.015997850179673125,-0.005932931088938499,-0.0121826925448674,-0.006066990871626722,0.008613326080868036,-0.026342507570053245,-0.0019787606952053824,-0.004687538010950813,-0.006752336808634228,0.023849478038448325,-0.005241283930912166,0.017156683673598364,0.0161540465547914,0.01276204625969709,-0.00422467066811044,-0.020866407561496367,0.024171015747409576,0.015178193881189066,0.04956010865032092,-0.008824831813456776,0.013687413756796961,0.01452670460277157,0.0029932932188785266,0.006996833415834715,0.0020310044854778856,-0.05169973998859347,0.03917088439622991,-0.017008974924040764,-0.015319526915462168,-0.028039925855992326,-0.008948216195462742,0.005036571824419224,-0.009345992465306915,0.0003362764762869122,0.014332955005200773,0.018632630149122857,-0.01663463841758009,-0.014346232798273894,-0.008824831813456776,0.02290383467851913,-0.004731130102604446,-0.003750485223697459,0.009184419514890744,0.009560386435024456,0.00034819846169702645,0.02013320824297036,-0.023090437540613535,0.009271539562326084,0.009176619729115086,0.0035873332099584376,0.0027529742605095072,0.04235984970110554,0.044947160583647484,0.011237355144106417,-0.015081789644342234,0.07293829449256334,-0.06144484025252815,0.015997850179673125,0.013687413756796961,-0.004731130102604446,0.1138999541101838,-0.018403182907860857,-0.036943304806734786,-0.012703684417081676,0.04491558533873183,-0.07480700039766014,-0.06273393237855121,-0.030710372270383517,-0.013691434687350922,0.07835766628323268,-0.03280450180143889,-0.003305566509471912,0.010262157372365898,0.005621292331988017,0.011221743306258457,-0.02754502123613774,0.034372733030635705,-0.005932931088938499,0.01452670460277157,-0.003750485223697459,-0.018403182907860857,0.042694028373806286,0.00939302738394136,0.010242657698657703,-0.01103288402403363,-0.013012664034350804,0.05018894754260005,-0.005056988024568785,-0.0017444958781257691,-0.04518072685891611,-0.0020771941410355934,0.005055420650056137,-0.012163407713568719,0.0009415481423483705,0.017506661365969692,-0.014773080044098554,0.012779108257582543,-0.0121826925448674,0.0029932932188785266,0.009184419514890744,-0.036943304806734786,0.00939302738394136,0.045160293071529176,0.016697221472634506,-0.02064864704211029,0.03712577389921855,0.014089079270592567,0.014210050107456807,0.0035741578139468805,-0.04040871812689863,0.01862609946249287,0.014775016802949473,-0.001494256787346862,0.0066096311973790735,0.023978865196833815,0.011936332562509675,-0.002093549008408277,-0.006066990871626722,0.006996833415834715,0.009560386435024456,-0.012703684417081676,0.010242657698657703,0.016697221472634506,0.03518669397254934,-0.0012271006464903904,0.002085219711634031,0.0029470315624834154,0.001564913714800497,0.001821683976783105,-0.012064564487470626,0.007433155027178645,0.029968351326662424,0.019205984993026972,0.01010935444238524,0.003909936278592305,0.04826218327974012,-0.03828586400762806,0.008613326080868036,0.0020310044854778856,0.00034819846169702645,0.04491558533873183,-0.01103288402403363,-0.02064864704211029,-0.0012271006464903904,0.04982425267529549,-0.03916556225796208,-0.04026012892464463,-0.01611744298365876,-0.006285434767966912,0.050914989579413344,-0.011304259334707138,-0.031546663816586946,-0.04997991880816592,-0.02153205166943583,0.016806745614851987,-0.02024015795654454,0.001043135146552396,-0.026342507570053245,-0.05169973998859347,0.02013320824297036,-0.07480700039766014,-0.013012664034350804,0.03712577389921855,0.002085219711634031,-0.03916556225796208,0.14944254894213105,-0.014961374533612133,0.03825488846779149,0.025152301255627313,-0.028409456556228216,0.03963654288088057,-0.02817117942879456,-0.001910748365107036,0.0016469586056873326,-0.0009722640980787424,-0.10204781472790847,0.09568237504368995,-0.0019787606952053824,0.03917088439622991,-0.023090437540613535,-0.06273393237855121,0.05018894754260005,0.014089079270592567,0.0029470315624834154,-0.04026012892464463,-0.014961374533612133,0.14014605112771364,-0.005263290794502079,-0.005356580717382807,-0.10639810384085266,-0.006584849125183449,-0.017774611117253633,-0.020346123955330038,-0.005446705056238886,-0.0017636699181583456,-0.010239696657108936,-0.0005854917610833166,-0.004687538010950813,-0.017008974924040764,0.009271539562326084,-0.030710372270383517,-0.005056988024568785,0.014210050107456807,0.001564913714800497,-0.01611744298365876,0.03825488846779149,-0.005263290794502079,0.03243652854188962,0.014468874013288958,-0.0071518807294808015,0.016375566425411908,-0.013046541563479773,-0.005650259643951041,0.003599225459238851,0.005613321697321158,0.009188784083431389,-0.009058542594236121,-0.006752336808634228,-0.015319526915462168,0.009176619729115086,-0.013691434687350922,-0.0017444958781257691,0.0035741578139468805,0.001821683976783105,-0.006285434767966912,0.025152301255627313,-0.005356580717382807,0.014468874013288958,0.03778402754918052,0.004798753645009439,0.0007757700656339499,0.027370131465454903,0.01351666305511531,-0.00026810717574639624,-0.024507398870139148,0.09773659972672327,-0.0955486313608541,0.023849478038448325,-0.028039925855992326,0.0035873332099584376,0.07835766628323268,-0.04518072685891611,-0.04040871812689863,-0.012064564487470626,0.050914989579413344,-0.028409456556228216,-0.10639810384085266,-0.0071518807294808015,0.004798753645009439,0.1500031132982067,-0.01516181798096226,-0.003095809209028089,-0.016986539449338423,-0.004814868458590293,0.007697063756548347,-0.008942213116447438,0.0074663709434163155,-0.005241283930912166,-0.008948216195462742,0.0027529742605095072,-0.03280450180143889,-0.0020771941410355934,0.01862609946249287,0.007433155027178645,-0.011304259334707138,0.03963654288088057,-0.006584849125183449,0.016375566425411908,0.0007757700656339499,-0.01516181798096226,0.03372294609015737
0.042405648500543645,-0.007493851941349926,-0.00013209473878516198,0.0018354801256521113,0.03717301852819899,-0.02691997816431252,-0.002361871899864789,-0.013377569859145962,0.01760870246320754,0.0425509834062337,-0.02013527993156071,-0.019941571810425253,-0.006629589185023261,0.017419914219630024,-0.006895202676439547,-0.034637008283816495,-0.026809765112312783,0.004621364699188908,0.04466195310781107,-0.014304875628115898,-0.007493851941349926,0.025644555864426797,0.009003578593252234,-0.0016891172819379818,-0.009224277417557051,0.007079005148773987,0.003999080835499835,0.013200246819680204,-0.014887014850550464,0.0009262292669961165,0.006422832261034279,0.005224042639804478,0.0035199259357876394,0.0002816570522072772,-0.015304658689258566,0.013166161301231438,0.002322846578754645,-0.0048781083535882515,-0.010104720707105611,-0.004245865509670781,-0.00013209473878516198,0.009003578593252234,0.032122194230950626,-0.010405162151961658,-0.013207287358988335,0.005340840164338567,0.029101802545487204,0.021338217356993323,-0.01944821149404994,0.0008197153849583559,0.005011323211650761,0.004134582684339154,0.00667271157914898,-0.008417679097425463,-0.007719563556790206,0.02482625629630413,0.010462345362999639,0.008589354586251917,-0.024732472774589315,-0.0019987635495841453,0.0018354801256521113,-0.0016891172819379818,-0.010405162151961658,0.03268491625471542,-0.007320221595581475,0.005622049772059764,-0.015221600390070991,-0.01152111697570181,0.006901084186079844,0.00034396892726310175,0.00286209995060118,0.010842903901399335,0.0001652946835714725,-0.008011088095878246,0.009964581116449343,0.0034886287192406494,-0.002744764561703951,0.007543069064363272,-0.005501721795095848,3.606898410651372e-5,0.03717301852819899,-0.009224277417557051,-0.013207287358988335,-0.007320221595581475,0.16325667950176637,-0.09013940001812187,-0.04090833032428791,-0.03869226835536414,0.03779751552899627,0.10436627263377604,-0.06805252551431158,-0.05813463033548919,-0.014929373461239714,0.08151007236064786,-0.03991893359011747,-0.1408888698835039,-0.06581420838639976,-0.03199673842652727,0.15212170468806374,-0.050699137313769654,-0.02691997816431252,0.007079005148773987,0.005340840164338567,0.005622049772059764,-0.09013940001812187,0.08730947739675035,0.01762431711467837,0.026516257094334576,-0.0194035799780872,-0.08085443270958681,0.04802018717318937,0.034053299162613244,0.0099058997795951,-0.06102088961120759,0.02759653517877725,0.10163924066662232,0.05333113260066364,0.017538648852130925,-0.1083965038890581,0.03703913931896319,-0.002361871899864789,0.003999080835499835,0.029101802545487204,-0.015221600390070991,-0.04090833032428791,0.01762431711467837,0.058946685099912285,0.02780241640839866,-0.03428447975058964,-0.015271694477523953,0.017066244590334116,0.008733325008218277,0.013411360600667053,-0.021112706022441374,-0.013232800240714293,0.05140842512423595,0.028759822516767942,0.0225654607423636,-0.0537898126318301,0.010413364866045823,-0.013377569859145962,0.013200246819680204,0.021338217356993323,-0.01152111697570181,-0.03869226835536414,0.026516257094334576,0.02780241640839866,0.04950340132618537,-0.028721897344424735,-0.01582480203307714,0.018914032266672327,0.013533646745275053,0.008637344842116304,-0.021321004855745784,-0.0004441993665053234,0.053543934150698275,0.017657483837606895,-0.003392436633424638,-0.04805210458277917,0.02004681459049029,0.01760870246320754,-0.014887014850550464,-0.01944821149404994,0.006901084186079844,0.03779751552899627,-0.0194035799780872,-0.03428447975058964,-0.028721897344424735,0.05728167225786234,0.007572927533888354,-0.016674564334355768,-0.0235858313397209,-0.012602061354637435,0.017822082845833448,0.02172834370568416,-0.05208273166122879,-0.012640689971385625,-0.005702535666273383,0.047666830669039574,-0.017514210744823726,0.0425509834062337,0.0009262292669961165,0.0008197153849583559,0.00034396892726310175,0.10436627263377604,-0.08085443270958681,-0.015271694477523953,-0.01582480203307714,0.007572927533888354,0.1557018283046451,-0.03692471528941618,-0.03867059182468685,-0.00786583188087375,0.07487502826019214,-0.07603009809356093,-0.10450119952547489,-0.06521882569486576,-0.006999951353227159,0.1296546162914189,-0.04720823136905694,-0.02013527993156071,0.006422832261034279,0.005011323211650761,0.00286209995060118,-0.06805252551431158,0.04802018717318937,0.017066244590334116,0.018914032266672327,-0.016674564334355768,-0.03692471528941618,0.06117453500133906,0.024281661052844173,0.017045966912726383,-0.03262720804495504,-0.0025234326415061368,0.0742445379102045,0.031843322831588,0.025814333019373997,-0.07432142900774348,0.020169130013278212,-0.019941571810425253,0.005224042639804478,0.004134582684339154,0.010842903901399335,-0.05813463033548919,0.034053299162613244,0.008733325008218277,0.013533646745275053,-0.0235858313397209,-0.03867059182468685,0.024281661052844173,0.04912339870330725,0.003909747661768892,-0.0343396505649963,0.024114680243064776,0.05275593477496629,0.023132389962090896,0.010497484227145552,-0.06197849895753901,0.018787230297662744,-0.006629589185023261,0.0035199259357876394,0.00667271157914898,0.0001652946835714725,-0.014929373461239714,0.0099058997795951,0.013411360600667053,0.008637344842116304,-0.012602061354637435,-0.00786583188087375,0.017045966912726383,0.003909747661768892,0.02745299054947411,-0.0053860897999066975,-0.011604887637406771,0.028065636189080846,0.014068183354134949,0.0169799172129158,-0.02666234293775436,0.0006208434400817365,0.017419914219630024,0.0002816570522072772,-0.008417679097425463,-0.008011088095878246,0.08151007236064786,-0.06102088961120759,-0.021112706022441374,-0.021321004855745784,0.017822082845833448,0.07487502826019214,-0.03262720804495504,-0.0343396505649963,-0.0053860897999066975,0.07043055294192883,-0.04549522509692906,-0.08407921351940659,-0.041046795600343314,-0.013017039163147564,0.09638298431832908,-0.03579222453603173,-0.006895202676439547,-0.015304658689258566,-0.007719563556790206,0.009964581116449343,-0.03991893359011747,0.02759653517877725,-0.013232800240714293,-0.0004441993665053234,0.02172834370568416,-0.07603009809356093,-0.0025234326415061368,0.024114680243064776,-0.011604887637406771,-0.04549522509692906,0.10568450280387551,0.017406769657992233,0.016085617175615942,-0.00974982585010251,-0.04396216413866108,0.03323327420592956,-0.034637008283816495,0.013166161301231438,0.02482625629630413,0.0034886287192406494,-0.1408888698835039,0.10163924066662232,0.05140842512423595,0.053543934150698275,-0.05208273166122879,-0.10450119952547489,0.0742445379102045,0.05275593477496629,0.028065636189080846,-0.08407921351940659,0.017406769657992233,0.17315170716602077,0.07844183356938307,0.040311560105543945,-0.1698559233459286,0.0481229862883907,-0.026809765112312783,0.002322846578754645,0.010462345362999639,-0.002744764561703951,-0.06581420838639976,0.05333113260066364,0.028759822516767942,0.017657483837606895,-0.012640689971385625,-0.06521882569486576,0.031843322831588,0.023132389962090896,0.014068183354134949,-0.041046795600343314,0.016085617175615942,0.07844183356938307,0.07319771826171431,0.02417152464791461,-0.08712883456442992,0.027361785621025224,0.004621364699188908,-0.0048781083535882515,0.008589354586251917,0.007543069064363272,-0.03199673842652727,0.017538648852130925,0.0225654607423636,-0.003392436633424638,-0.005702535666273383,-0.006999951353227159,0.025814333019373997,0.010497484227145552,0.0169799172129158,-0.013017039163147564,-0.00974982585010251,0.040311560105543945,0.02417152464791461,0.05404494915046759,-0.040706453038743595,0.0007026901065593782,0.04466195310781107,-0.010104720707105611,-0.024732472774589315,-0.005501721795095848,0.15212170468806374,-0.1083965038890581,-0.0537898126318301,-0.04805210458277917,0.047666830669039574,0.1296546162914189,-0.07432142900774348,-0.06197849895753901,-0.02666234293775436,0.09638298431832908,-0.04396216413866108,-0.1698559233459286,-0.08712883456442992,-0.040706453038743595,0.19709398499114328,-0.05412309095490744,-0.014304875628115898,-0.004245865509670781,-0.0019987635495841453,3.606898410651372e-5,-0.050699137313769654,0.03703913931896319,0.010413364866045823,0.02004681459049029,-0.017514210744823726,-0.04720823136905694,0.020169130013278212,0.018787230297662744,0.0006208434400817365,-0.03579222453603173,0.03323327420592956,0.0481229862883907,0.027361785621025224,0.0007026901065593782,-0.05412309095490744,0.04466783586510972
