0.018613731533016528,0.002925413174164624,0.0047560292518663665,-0.012297535487034012,-0.003993675690830048,0.006741369534382275,0.0034637806898302056,-0.0014335845447726934,0.004912014338855209,0.004914139936545783,0.003206274470142684,-0.007129606809695654,-0.0012138319990713815,-0.001503752974631329,0.004071575693177015,0.008583445282961247,-0.0014617700334899285,-0.0036029982652959684,-0.002153032325768198,-0.004259623316439649,0.002925413174164624,0.022063366899604326,0.010493893887029641,-0.009358046874320536,-0.004401796044218498,0.011152144914797293,0.00030292110459485686,-0.009293950959165676,0.004131109636635242,0.005595184609032115,-0.000778373677562675,-0.006474540136849867,0.0015873021568041522,0.0015703369847775957,0.004871122086784292,0.012015714015466432,-0.0067555917005264286,-0.00630347513300547,-0.0008858279996913835,-0.010675687168210109,0.0047560292518663665,0.010493893887029641,0.044893406651626944,-0.012829350925035692,-0.011730134857824799,0.012077597589686698,0.0068492158331401294,-0.008525440063293716,0.007874512437315781,0.013371560632376461,-0.0012281364143183673,-0.011256045944087998,-0.0009259772615404494,-0.0012568145427504116,0.005263210646496756,0.0023504626123544807,-0.001989836302134277,-0.0056797173082109645,-0.008760244390711592,-0.008202999618371839,-0.012297535487034012,-0.009358046874320536,-0.012829350925035692,0.04325957083129117,0.013648761684310094,-0.014631177578596862,-0.007842138425941728,0.005864208488004749,-0.007429287797112409,-0.0073838434392984095,-0.0008240644189386763,0.009028313383365641,-0.00041571862166079677,-0.000610081767173203,-0.010583089397831879,-0.015167529025543438,0.0015506073921970867,0.005330503976362185,0.00742061461229325,0.0054440774427918,-0.003993675690830048,-0.004401796044218498,-0.011730134857824799,0.013648761684310094,0.02113048160156839,-0.007153305529468393,-0.0018174129686823498,0.00499279731291285,-0.001681825369360204,-0.007240194904462096,0.001899861884252324,0.0038166553829027524,-0.0010245994012251809,-4.3767656038431725e-5,-0.00657568257494039,-0.006141441067224426,0.0054426756477765,0.0009353205967938464,0.005881319386943141,0.0047222363129126015,0.006741369534382275,0.011152144914797293,0.012077597589686698,-0.014631177578596862,-0.007153305529468393,0.025598235205397713,0.007086616109600238,-0.008833347632150074,0.0049130442132533925,0.008305503261967585,0.0006458236593958439,-0.009510536068638626,0.002839436250207156,-0.0017856964312339047,0.004232688963488719,0.016252846663399163,-0.006413473864262208,-0.009088427691088526,-0.004249898019189292,-0.009702296973757341,0.0034637806898302056,0.00030292110459485686,0.0068492158331401294,-0.007842138425941728,-0.0018174129686823498,0.007086616109600238,0.02491499237148382,0.001066838451881857,0.00013990753160277508,0.008059285634362045,-0.005718852381804411,-0.008655920270654625,0.0036313633384852714,-0.003075856344961532,0.002144932149317936,0.0073013769668174005,-0.0021461975901404893,-0.006007598786473115,-0.010341188244504189,-0.005719646944781113,-0.0014335845447726934,-0.009293950959165676,-0.008525440063293716,0.005864208488004749,0.00499279731291285,-0.008833347632150074,0.001066838451881857,0.031629719344845354,0.0009350193188718504,-0.003914096929753366,-0.004860611367246553,0.0020670203838626115,0.00015676691463255407,-0.002488316734228704,-0.003827752792680291,-0.01180334358491741,0.009100144748868076,0.0018150440391536639,-0.0027248150150770913,0.0014049065654639034,0.004912014338855209,0.004131109636635242,0.007874512437315781,-0.007429287797112409,-0.001681825369360204,0.0049130442132533925,0.00013990753160277508,0.0009350193188718504,0.016069371368775356,0.0024184586468505385,-0.0018975120846659514,-0.0020915853828316396,0.0013269436967956153,-0.0019564570675509392,0.003675554482678041,-0.00036678064650861567,-0.0021614590934399313,-0.0034597257217647195,-0.006121022715445346,-0.00834558372280583,0.004914139936545783,0.005595184609032115,0.013371560632376461,-0.0073838434392984095,-0.007240194904462096,0.008305503261967585,0.008059285634362045,-0.003914096929753366,0.0024184586468505385,0.022032345991235977,-0.004961267865069242,-0.008057430152351367,0.0009848945185352476,-0.002534775797929356,0.0037802874260048636,0.009532630986432613,-0.003578150523403145,-0.005031549578985732,-0.0070107746111959975,-0.00840888409614321,0.003206274470142684,-0.000778373677562675,-0.0012281364143183673,-0.0008240644189386763,0.001899861884252324,0.0006458236593958439,-0.005718852381804411,-0.004860611367246553,-0.0018975120846659514,-0.004961267865069242,0.015994489619752084,0.0003477141469962922,-0.00036915086957071405,-0.001615002583611312,-0.00017558374528640625,0.001121992200841191,-0.0009913003906747968,0.0040323966471292666,0.0032181345298361932,0.002919050436779988,-0.007129606809695654,-0.006474540136849867,-0.011256045944087998,0.009028313383365641,0.0038166553829027524,-0.009510536068638626,-0.008655920270654625,0.0020670203838626115,-0.0020915853828316396,-0.008057430152351367,0.0003477141469962922,0.02789752154867746,-0.005103644509986334,0.0033745367615182946,-0.0023757185098140458,-0.01130719215184905,-0.000404210555025588,0.005526216689991626,0.004649659819185013,0.00862814920542294,-0.0012138319990713815,0.0015873021568041522,-0.0009259772615404494,-0.00041571862166079677,-0.0010245994012251809,0.002839436250207156,0.0036313633384852714,0.00015676691463255407,0.0013269436967956153,0.0009848945185352476,-0.00036915086957071405,-0.005103644509986334,0.012511044917083462,8.241036776117386e-5,-0.0001428802254576306,0.0034236234756473277,-0.0016988494380776376,-0.002839594755216417,0.0007375877653222117,-0.0038613642490582067,-0.001503752974631329,0.0015703369847775957,-0.0012568145427504116,-0.000610081767173203,-4.3767656038431725e-5,-0.0017856964312339047,-0.003075856344961532,-0.002488316734228704,-0.0019564570675509392,-0.002534775797929356,-0.001615002583611312,0.0033745367615182946,8.241036776117386e-5,0.01388708055344992,0.004149022658650912,0.00025872648867546254,-0.0008315571116652371,-0.00028767928700879086,4.224375602631231e-5,-0.0010810510506341455,0.004071575693177015,0.004871122086784292,0.005263210646496756,-0.010583089397831879,-0.00657568257494039,0.004232688963488719,0.002144932149317936,-0.003827752792680291,0.003675554482678041,0.0037802874260048636,-0.00017558374528640625,-0.0023757185098140458,-0.0001428802254576306,0.004149022658650912,0.019632870270796705,0.006863113296450155,-0.00441661808340102,-0.0027493680572510133,-0.0006985285812682598,-0.00708441022328459,0.008583445282961247,0.012015714015466432,0.0023504626123544807,-0.015167529025543438,-0.006141441067224426,0.016252846663399163,0.0073013769668174005,-0.01180334358491741,-0.00036678064650861567,0.009532630986432613,0.001121992200841191,-0.01130719215184905,0.0034236234756473277,0.00025872648867546254,0.006863113296450155,0.03814248281080679,-0.009495611369648237,-0.011639938740935303,-0.00227294377807964,-0.015214369618652105,-0.0014617700334899285,-0.0067555917005264286,-0.001989836302134277,0.0015506073921970867,0.0054426756477765,-0.006413473864262208,-0.0021461975901404893,0.009100144748868076,-0.0021614590934399313,-0.003578150523403145,-0.0009913003906747968,-0.000404210555025588,-0.0016988494380776376,-0.0008315571116652371,-0.00441661808340102,-0.009495611369648237,0.023268059987721985,0.0032012669648121333,-0.0022960647610457833,0.007071264427055534,-0.0036029982652959684,-0.00630347513300547,-0.0056797173082109645,0.005330503976362185,0.0009353205967938464,-0.009088427691088526,-0.006007598786473115,0.0018150440391536639,-0.0034597257217647195,-0.005031549578985732,0.0040323966471292666,0.005526216689991626,-0.002839594755216417,-0.00028767928700879086,-0.0027493680572510133,-0.011639938740935303,0.0032012669648121333,0.02463813085721539,0.006534335417004844,0.013412152773554396,-0.002153032325768198,-0.0008858279996913835,-0.008760244390711592,0.00742061461229325,0.005881319386943141,-0.004249898019189292,-0.010341188244504189,-0.0027248150150770913,-0.006121022715445346,-0.0070107746111959975,0.0032181345298361932,0.004649659819185013,0.0007375877653222117,4.224375602631231e-5,-0.0006985285812682598,-0.00227294377807964,-0.0022960647610457833,0.006534335417004844,0.014832502055095,0.004861550062346787,-0.004259623316439649,-0.010675687168210109,-0.008202999618371839,0.0054440774427918,0.0047222363129126015,-0.009702296973757341,-0.005719646944781113,0.0014049065654639034,-0.00834558372280583,-0.00840888409614321,0.002919050436779988,0.00862814920542294,-0.0038613642490582067,-0.0010810510506341455,-0.00708441022328459,-0.015214369618652105,0.007071264427055534,0.013412152773554396,0.004861550062346787,0.03607300042793278
