0.048891787154528056,0.013442555662604824,-0.007737003325264011,0.00959203240770513,0.007991804873412917,-0.05334600324540273,0.006690017810533258,0.057947262619623394,0.00431993038966161,0.007517420666824181,-0.032531048918832836,-0.03725275103535894,-0.014268020562014861,-0.02076424582740711,-0.0014715976424662953,0.0033741836428204924,-0.04638492930619918,-0.02419091645501176,0.025532459738856962,0.0467452761271064,0.013442555662604824,0.08039398299740284,-0.02120357056440337,-0.0018279828698524094,-0.004456128288673037,-0.03954115640706059,0.005553228241187839,0.02952157428717199,-0.0005313612442675217,-0.0012207462254620785,-0.01859625785266676,-0.03335839993803566,-0.020362248203923725,-0.05399311504480359,0.015908511157476005,-0.006030692212028826,-0.03905429154277295,-0.03609162374746371,0.019275776039006227,0.011906777553623876,-0.007737003325264011,-0.02120357056440337,0.05346776671880614,-0.002563579426864767,-0.0019998259898486377,0.02761626682841951,-0.009019133109946977,-0.01823819121804326,0.0016314282543671824,-0.00882244372659555,0.023632983685591333,0.03661340194707069,-0.00016027323344153645,0.030538132997422,-0.0037731964861207824,-0.008164110852353707,0.021948777333473543,0.023554598473290875,-0.016496014441257804,-0.00380427021534817,0.00959203240770513,-0.0018279828698524094,-0.002563579426864767,0.03197616701159846,-0.0024797771061404036,0.005112585446508667,0.007455599971163709,0.01182057656439642,0.0010247536574117947,0.006248151678945854,-0.0028694692848539177,0.0007676144424393844,-0.0004324704172385071,0.003398453257597923,-0.009599791851286494,0.020026584246963124,0.000601172441619233,0.0012146962605707862,0.007844416836185416,0.012229320877493271,0.007991804873412917,-0.004456128288673037,-0.0019998259898486377,-0.0024797771061404036,0.022259346739933423,-0.013437360265792366,0.0031734728304661816,0.009716182687161134,0.002307956318421672,0.003470789568174575,-0.007106244118263907,-0.006224480431071792,0.007268660593002407,0.0011385869636603755,0.00920292117968603,-0.0015124952420281891,-0.0070785380322548165,-0.008784185118350489,-0.00636527740584843,0.002728152349021579,-0.05334600324540273,-0.03954115640706059,0.02761626682841951,0.005112585446508667,-0.013437360265792366,0.1205130987058281,-0.009632083665039749,-0.10004256582321697,-0.010101278070278682,-0.017747226455338848,0.04754974422014728,0.0846256356527883,0.010863430314209745,0.05152245087616611,-0.0005798897653005533,0.02417732217355974,0.10768062398966817,0.051476123050432844,-0.05772230460299527,-0.08983100070545329,0.006690017810533258,0.005553228241187839,-0.009019133109946977,0.007455599971163709,0.0031734728304661816,-0.009632083665039749,0.019330227807246463,0.012489998913260834,-0.006989515605800704,0.0050472873240385175,-0.013795087651636477,-0.013169282073478426,-0.0003808909694819492,-0.002846490931569565,0.006394209272567669,0.017761993979620076,0.0006375976400984748,-0.007648849020393833,-0.00012527136315625327,-0.0023306005563474546,0.057947262619623394,0.02952157428717199,-0.01823819121804326,0.01182057656439642,0.009716182687161134,-0.10004256582321697,0.012489998913260834,0.13149043664354257,0.014088520446282664,0.01966835845358169,-0.04541361639577981,-0.07953068324557944,-0.010646393617694875,-0.035842649687082145,-0.007955468858010808,-0.006834470733727841,-0.09490019696532477,-0.04683642500873227,0.07034607357301846,0.11627359982984416,0.00431993038966161,-0.0005313612442675217,0.0016314282543671824,0.0010247536574117947,0.002307956318421672,-0.010101278070278682,-0.006989515605800704,0.014088520446282664,0.02722255965310073,-0.000683575500163128,0.001858095429252398,-0.0021989031482045514,0.004936532933168321,-0.00020441941720636576,-0.001271894628049749,-0.024185929105135708,-0.019491233689210418,0.0023751680011303185,0.005306142011464304,0.018420409187403723,0.007517420666824181,-0.0012207462254620785,-0.00882244372659555,0.006248151678945854,0.003470789568174575,-0.017747226455338848,0.0050472873240385175,0.01966835845358169,-0.000683575500163128,0.033287734214733695,-0.005894878687026998,-0.013548795580134037,-0.002964875755506249,-0.003999221319248217,0.0021138310319733828,0.012768351639006234,-0.0068999658327745204,-0.014769843150428577,0.01879087847811413,0.0145254193088858,-0.032531048918832836,-0.01859625785266676,0.023632983685591333,-0.0028694692848539177,-0.007106244118263907,0.04754974422014728,-0.013795087651636477,-0.04541361639577981,0.001858095429252398,-0.005894878687026998,0.0659034893891809,0.03086968819012586,0.011020755919202522,0.019194982533418614,0.009743641102681368,-0.01331684645030648,0.0418768818438115,0.012082450066928666,-0.008475268738689336,-0.029642300075027807,-0.03725275103535894,-0.03335839993803566,0.03661340194707069,0.0007676144424393844,-0.006224480431071792,0.0846256356527883,-0.013169282073478426,-0.07953068324557944,-0.0021989031482045514,-0.013548795580134037,0.03086968819012586,0.08560451692633426,0.002685857582753224,0.04391268262170226,-0.0008222068477374984,0.012519533430129726,0.07427844561849188,0.05090248303689575,-0.05501158083425738,-0.06249983772290732,-0.014268020562014861,-0.020362248203923725,-0.00016027323344153645,-0.0004324704172385071,0.007268660593002407,0.010863430314209745,-0.0003808909694819492,-0.010646393617694875,0.004936532933168321,-0.002964875755506249,0.011020755919202522,0.002685857582753224,0.03419164369595593,0.022984518603571605,0.0021485797486700126,-0.012795366107671236,0.014874512931825262,0.007139426495608848,-0.01187115916723681,-0.008764743259181904,-0.02076424582740711,-0.05399311504480359,0.030538132997422,0.003398453257597923,0.0011385869636603755,0.05152245087616611,-0.002846490931569565,-0.035842649687082145,-0.00020441941720636576,-0.003999221319248217,0.019194982533418614,0.04391268262170226,0.022984518603571605,0.07632164055241758,-0.011494715292373081,0.0018839252363012974,0.05072560707952241,0.040697964161229186,-0.03618178622326981,-0.01598552015505223,-0.0014715976424662953,0.015908511157476005,-0.0037731964861207824,-0.009599791851286494,0.00920292117968603,-0.0005798897653005533,0.006394209272567669,-0.007955468858010808,-0.001271894628049749,0.0021138310319733828,0.009743641102681368,-0.0008222068477374984,0.0021485797486700126,-0.011494715292373081,0.040664663514846926,-0.008909225512135889,0.0070144218229226726,-0.01798530474014052,-0.013515690057073506,-0.01787595786132873,0.0033741836428204924,-0.006030692212028826,-0.008164110852353707,0.020026584246963124,-0.0015124952420281891,0.02417732217355974,0.017761993979620076,-0.006834470733727841,-0.024185929105135708,0.012768351639006234,-0.01331684645030648,0.012519533430129726,-0.012795366107671236,0.0018839252363012974,-0.008909225512135889,0.07031453517478642,0.03125225861400649,0.00816981376519986,-0.0006429062582994308,-0.02453642506744257,-0.04638492930619918,-0.03905429154277295,0.021948777333473543,0.000601172441619233,-0.0070785380322548165,0.10768062398966817,0.0006375976400984748,-0.09490019696532477,-0.019491233689210418,-0.0068999658327745204,0.0418768818438115,0.07427844561849188,0.014874512931825262,0.05072560707952241,0.0070144218229226726,0.03125225861400649,0.12503974888991234,0.035409914683233484,-0.05816622478514107,-0.09457995274626438,-0.02419091645501176,-0.03609162374746371,0.023554598473290875,0.0012146962605707862,-0.008784185118350489,0.051476123050432844,-0.007648849020393833,-0.04683642500873227,0.0023751680011303185,-0.014769843150428577,0.012082450066928666,0.05090248303689575,0.007139426495608848,0.040697964161229186,-0.01798530474014052,0.00816981376519986,0.035409914683233484,0.06163678008050019,-0.032352918859755386,-0.02697350816860465,0.025532459738856962,0.019275776039006227,-0.016496014441257804,0.007844416836185416,-0.00636527740584843,-0.05772230460299527,-0.00012527136315625327,0.07034607357301846,0.005306142011464304,0.01879087847811413,-0.008475268738689336,-0.05501158083425738,-0.01187115916723681,-0.03618178622326981,-0.013515690057073506,-0.0006429062582994308,-0.05816622478514107,-0.032352918859755386,0.08926021293659395,0.06976919654909383,0.0467452761271064,0.011906777553623876,-0.00380427021534817,0.012229320877493271,0.002728152349021579,-0.08983100070545329,-0.0023306005563474546,0.11627359982984416,0.018420409187403723,0.0145254193088858,-0.029642300075027807,-0.06249983772290732,-0.008764743259181904,-0.01598552015505223,-0.01787595786132873,-0.02453642506744257,-0.09457995274626438,-0.02697350816860465,0.06976919654909383,0.14568301224866462
0.044887364863845966,0.01903963940292789,-0.00666026781782706,0.020946091245456218,-0.010460683960982264,-0.014455759153814822,0.008894342338616305,0.011548709575486602,-0.016024669813058244,-0.008758942575501655,-0.001229937672106394,-0.014565858164246784,-0.02902903358203874,-0.00318345960077359,0.0021818625049351654,0.034549849353083556,-0.004846718663613026,-0.008680799757165205,0.00354616470484455,0.021706232266501285,0.01903963940292789,0.08464756472826192,0.025728868595784868,0.024729118017709176,-0.016547856681250757,-0.011007857029420153,-0.003413345230692852,0.04575859851281863,-0.0036979177621588094,0.002029173348300364,0.00846928832967256,-0.011605212664076825,-0.004104519191386529,-0.03138845067491008,-0.004727796351309766,0.026559082529727177,-0.031185324416437142,-0.021705423614831968,0.048632509990637215,0.037351419278597295,-0.00666026781782706,0.025728868595784868,0.05454058113085455,0.0031405053748456858,0.0024910456155667997,0.007841194123412746,-0.0074471511939701585,0.027896339687065536,0.022509872747576286,0.024095677646326197,0.013855113345074737,-0.000774668366639386,0.03174893182339811,-0.0075878961096727884,0.0025185195176058548,-0.0075713822110099,-0.023195564813708693,-0.014667312809984028,0.02453138926069384,0.004504900029335543,0.020946091245456218,0.024729118017709176,0.0031405053748456858,0.040649877122492045,-0.0032493266012836594,0.003925556510883827,0.009266292269483294,0.0022994025887966797,1.6029130295880725e-5,0.009966161203876521,0.01115808537808458,0.0033511810795072146,-0.004999120548257012,-0.009908563545947345,0.010913899160681272,0.026973112214052956,0.005770698190206732,-0.013532876060023354,0.013613216693357069,0.01733195582617092,-0.010460683960982264,-0.016547856681250757,0.0024910456155667997,-0.0032493266012836594,0.03329096083506761,0.013488924123884773,-0.007468869379808741,-0.011459546970421295,0.021733574226024486,0.018661660839907168,0.006832138591021756,0.006345999213992107,0.022849238140438287,0.005797258053555991,0.014912675119961836,-0.03048993331503584,0.01721652727259117,0.006647986462270347,0.0031150309361972894,-0.014371261416151509,-0.014455759153814822,-0.011007857029420153,0.007841194123412746,0.003925556510883827,0.013488924123884773,0.042978912492843815,-0.010133619085885517,-0.021454824415604652,0.00871621826587356,0.0048508154024624476,0.01607809803602566,0.013060816196420659,0.01875312076293264,0.01180996090254877,0.008163634183369045,-0.0003884665235387736,0.03234123668998085,0.007556431131847131,0.0006794876416377389,-0.012009194579129617,0.008894342338616305,-0.003413345230692852,-0.0074471511939701585,0.009266292269483294,-0.007468869379808741,-0.010133619085885517,0.022872929157907573,-0.003151233372088138,-0.0006181309130227438,0.004222229571205783,-0.0053045885428896706,-0.006830925903898758,-0.005039389168824862,0.00413795981510857,0.012909370709806762,0.014906323074797438,7.21871779138278e-5,-0.004954182840792247,-0.0115302770971554,-0.007441115538048529,0.011548709575486602,0.04575859851281863,0.027896339687065536,0.0022994025887966797,-0.011459546970421295,-0.021454824415604652,-0.003151233372088138,0.0778003987296993,0.007848045865858645,0.01135569791814885,-0.003218845643400658,-0.028373103059882058,0.015395806268372912,-0.0229202092558228,-0.0030682972301231794,-0.005737065496175908,-0.04914116175331637,-0.0173180624772708,0.02910007876546916,0.03756388426088202,-0.016024669813058244,-0.0036979177621588094,0.022509872747576286,1.6029130295880725e-5,0.021733574226024486,0.00871621826587356,-0.0006181309130227438,0.007848045865858645,0.05180003272787725,0.03552937802680265,0.008188141705463966,0.011579092957606788,0.04275146318326919,0.005786249837692738,0.022529428740257314,-0.03724916342764291,-0.005496613558605024,-0.001098531090559692,0.00960642822973928,-0.014273950418753168,-0.008758942575501655,0.002029173348300364,0.024095677646326197,0.009966161203876521,0.018661660839907168,0.0048508154024624476,0.004222229571205783,0.01135569791814885,0.03552937802680265,0.05325640541096823,0.01283162778939646,-0.004591678619502718,0.037795979111161046,-0.004397532532503691,0.02764713715296009,-0.022816835331704123,-0.0073440029746679875,-0.01458268327727362,0.011159841548539443,-0.01059783406129986,-0.001229937672106394,0.00846928832967256,0.013855113345074737,0.01115808537808458,0.006832138591021756,0.01607809803602566,-0.0053045885428896706,-0.003218845643400658,0.008188141705463966,0.01283162778939646,0.03964701451672354,0.013663927674390397,0.015268673655579846,0.007056426766810191,0.011046997291309079,0.010106252669282601,0.017269175360072664,-0.004377140649017647,0.02030730801696555,0.00369676640721901,-0.014565858164246784,-0.011605212664076825,-0.000774668366639386,0.0033511810795072146,0.006345999213992107,0.013060816196420659,-0.006830925903898758,-0.028373103059882058,0.011579092957606788,-0.004591678619502718,0.013663927674390397,0.04863778864896827,-0.0020281233331987027,0.014950645354513735,-0.004588095408200385,-0.003569637657428946,0.02675643964349791,0.016846239571681708,0.0010913241978175868,-0.011668890592555518,-0.02902903358203874,-0.004104519191386529,0.03174893182339811,-0.004999120548257012,0.022849238140438287,0.01875312076293264,-0.005039389168824862,0.015395806268372912,0.04275146318326919,0.037795979111161046,0.015268673655579846,-0.0020281233331987027,0.08088184922064892,0.00868473755911582,0.03060272973151029,-0.04060737449191853,-0.003685977517649541,-0.006988374553910905,0.005721198080087595,-0.018789822808222008,-0.00318345960077359,-0.03138845067491008,-0.0075878961096727884,-0.009908563545947345,0.005797258053555991,0.01180996090254877,0.00413795981510857,-0.0229202092558228,0.005786249837692738,-0.004397532532503691,0.007056426766810191,0.014950645354513735,0.00868473755911582,0.041142682915427546,0.005018324142208061,-0.002953288385294989,0.02313883300153661,0.017972133669712443,-0.02172786347626643,-0.023797540570730906,0.0021818625049351654,-0.004727796351309766,0.0025185195176058548,0.010913899160681272,0.014912675119961836,0.008163634183369045,0.012909370709806762,-0.0030682972301231794,0.022529428740257314,0.02764713715296009,0.011046997291309079,-0.004588095408200385,0.03060272973151029,0.005018324142208061,0.04665014780646181,-0.012688756849971188,0.010207046409450665,-0.010570674920015004,-0.0014477795898195944,-0.009993271014017664,0.034549849353083556,0.026559082529727177,-0.0075713822110099,0.026973112214052956,-0.03048993331503584,-0.0003884665235387736,0.014906323074797438,-0.005737065496175908,-0.03724916342764291,-0.022816835331704123,0.010106252669282601,-0.003569637657428946,-0.04060737449191853,-0.002953288385294989,-0.012688756849971188,0.09548315505630844,0.006656625528123197,-0.010009774534991921,0.008556346677098642,0.022147200510134496,-0.004846718663613026,-0.031185324416437142,-0.023195564813708693,0.005770698190206732,0.01721652727259117,0.03234123668998085,7.21871779138278e-5,-0.04914116175331637,-0.005496613558605024,-0.0073440029746679875,0.017269175360072664,0.02675643964349791,-0.003685977517649541,0.02313883300153661,0.010207046409450665,0.006656625528123197,0.06755666365132296,0.02000883391726091,-0.01673670934430289,-0.020527546717829158,-0.008680799757165205,-0.021705423614831968,-0.014667312809984028,-0.013532876060023354,0.006647986462270347,0.007556431131847131,-0.004954182840792247,-0.0173180624772708,-0.001098531090559692,-0.01458268327727362,-0.004377140649017647,0.016846239571681708,-0.006988374553910905,0.017972133669712443,-0.010570674920015004,-0.010009774534991921,0.02000883391726091,0.036931150136602704,-0.014962903216749663,-0.009117083105316278,0.00354616470484455,0.048632509990637215,0.02453138926069384,0.013613216693357069,0.0031150309361972894,0.0006794876416377389,-0.0115302770971554,0.02910007876546916,0.00960642822973928,0.011159841548539443,0.02030730801696555,0.0010913241978175868,0.005721198080087595,-0.02172786347626643,-0.0014477795898195944,0.008556346677098642,-0.01673670934430289,-0.014962903216749663,0.060211991189882214,0.026583894901684772,0.021706232266501285,0.037351419278597295,0.004504900029335543,0.01733195582617092,-0.014371261416151509,-0.012009194579129617,-0.007441115538048529,0.03756388426088202,-0.014273950418753168,-0.01059783406129986,0.00369676640721901,-0.011668890592555518,-0.018789822808222008,-0.023797540570730906,-0.009993271014017664,0.022147200510134496,-0.020527546717829158,-0.009117083105316278,0.026583894901684772,0.05464477650980136
0.047392392833677105,0.02839691008411632,-0.004834221753511722,0.036611723984336486,-0.0022203164533754396,-0.015411434925740018,0.012566973307329855,0.026215103375899558,-0.010462713168762922,-0.0015084107973094,-0.007993650210251727,-0.03055238129575091,-0.021084764012929927,-0.02122620937362978,-0.003389619837784695,0.022812825784070345,-0.012664812992613121,-0.011319911494207828,0.011971000407766948,0.020273373802904646,0.02839691008411632,0.053375501862902734,-0.00905685945068042,0.024902640424491772,0.0005911427148315167,-0.009096208360407866,0.010712727890326203,0.026033079957214114,-0.004206446732357346,0.004140801265279291,-0.0002544652120760419,-0.028084248052246588,-0.02028544874055165,-0.022235057838312748,-0.0019257376966221298,0.018068590411056518,-0.011906395579045676,-0.006591795800476705,0.017101501738695003,0.015162702022217658,-0.004834221753511722,-0.00905685945068042,0.04530935755095444,-0.014374489935873999,0.008992388029929684,-0.006702922669659703,-0.00012085518674673917,-0.0015872714161564204,0.004602713915596385,0.0030316124732985743,0.00014628655254779992,0.014872515230583189,0.0034092633279526373,0.003385992689519464,0.004419923087022248,-0.012529693627295994,0.0006844289717029698,0.011653159039732871,-0.005134225594618336,-0.010728564339625636,0.036611723984336486,0.024902640424491772,-0.014374489935873999,0.05336449893618313,-0.0016630644254995428,0.00014018878371922436,0.01549245361210844,0.016278920392493772,-0.0036133994383338803,0.0007013737969800196,-0.006743947063524286,-0.02347060935889258,-0.01360350267942683,-0.018325862657612976,-0.010740806210986463,0.027395426289051804,-0.005797804414129098,-0.008211697202507667,0.004433486983805806,0.018208441671439726,-0.0022203164533754396,0.0005911427148315167,0.008992388029929684,-0.0016630644254995428,0.0202318207070082,0.0030334814271728142,-0.0007207807130025566,-0.003372746296162449,0.007350197042911783,-0.0006817978265138739,0.000817121324709324,0.00024800888635046376,0.004059253345495286,0.0016604897931409516,-0.0020087799026589897,-0.0009182392915819985,0.00377693556773339,0.005793714778185353,-0.005671569147933631,-0.009137966428190668,-0.015411434925740018,-0.009096208360407866,-0.006702922669659703,0.00014018878371922436,0.0030334814271728142,0.045962500717473286,-0.013552545843571183,-0.024565646598750657,0.011460238050077986,-0.008388338871045564,0.00455834541979177,0.024000859712042355,0.012042170105248795,0.01614796474140027,0.005662800825469273,0.0005143664151610503,0.026394577192445152,0.00934911427901082,-0.011844994119544532,-0.021010364227799602,0.012566973307329855,0.010712727890326203,-0.00012085518674673917,0.01549245361210844,-0.0007207807130025566,-0.013552545843571183,0.02731625845019396,0.020850454194478195,0.002223438841107332,0.01015576893079712,-0.00511454433637232,-0.0321024944478554,-0.01667271000248625,-0.01643399955531486,0.0072941016264056,0.006172498149818921,-0.009161759319344202,-0.013297129133203127,0.010166683909738034,0.011682421963920178,0.026215103375899558,0.026033079957214114,-0.0015872714161564204,0.016278920392493772,-0.003372746296162449,-0.024565646598750657,0.020850454194478195,0.05176130649580264,-0.005675753835679939,0.00348739683885773,-0.010736825044137623,-0.04171551113766782,-0.027462030422990582,-0.0290910858996858,-0.003582750433817996,0.009081675191650795,-0.023901963789672385,-0.01868542644857072,0.02080786975925717,0.03155977303082521,-0.010462713168762922,-0.004206446732357346,0.004602713915596385,-0.0036133994383338803,0.007350197042911783,0.011460238050077986,0.002223438841107332,-0.005675753835679939,0.0342226664281136,0.010605938515635759,0.003996660894967676,0.005196021053022107,0.00846608616553657,0.004045769724303001,0.00948441830498982,-0.013792406154889502,0.0051969882049379,0.005165877524042003,-0.00497154358052891,-0.009007537732462774,-0.0015084107973094,0.004140801265279291,0.0030316124732985743,0.0007013737969800196,-0.0006817978265138739,-0.008388338871045564,0.01015576893079712,0.00348739683885773,0.010605938515635759,0.032062940016590206,0.006494180400248881,-0.008375698834809965,0.002639952006496767,-2.2927157557023166e-5,0.017179172197902777,-0.013089773774062043,0.00017837169431512273,-0.0071764646227852995,0.009984775342828977,-0.0036296240594411167,-0.007993650210251727,-0.0002544652120760419,0.00014628655254779992,-0.006743947063524286,0.000817121324709324,0.00455834541979177,-0.00511454433637232,-0.010736825044137623,0.003996660894967676,0.006494180400248881,0.02239489404404073,0.00992686354855118,0.008208491453100016,0.011183551244691097,0.009169662324175973,-0.006097982864364464,0.012308077310352578,0.0031531762274613325,0.0007502898619243352,-0.010135167958299978,-0.03055238129575091,-0.028084248052246588,0.014872515230583189,-0.02347060935889258,0.00024800888635046376,0.024000859712042355,-0.0321024944478554,-0.04171551113766782,0.005196021053022107,-0.008375698834809965,0.00992686354855118,0.07241842701269408,0.027505295554862242,0.03190003141478902,0.0007027237394999954,-0.011383043537544997,0.023384808297907796,0.028402326159680504,-0.01735183370583286,-0.02758265331940061,-0.021084764012929927,-0.02028544874055165,0.0034092633279526373,-0.01360350267942683,0.004059253345495286,0.012042170105248795,-0.01667271000248625,-0.027462030422990582,0.00846608616553657,0.002639952006496767,0.008208491453100016,0.027505295554862242,0.051075913872687194,0.032188313403639826,0.007333305681724357,-0.02044204855857231,0.02102030743196409,0.020078639038003124,-0.011714672858355712,-0.018723318599410024,-0.02122620937362978,-0.022235057838312748,0.003385992689519464,-0.018325862657612976,0.0016604897931409516,0.01614796474140027,-0.01643399955531486,-0.0290910858996858,0.004045769724303001,-2.2927157557023166e-5,0.011183551244691097,0.03190003141478902,0.032188313403639826,0.043973785905531436,0.007301946484829838,-0.014939829804323276,0.017861561641385214,0.015157289560887785,-0.006889072944536672,-0.01973128321754427,-0.003389619837784695,-0.0019257376966221298,0.004419923087022248,-0.010740806210986463,-0.0020087799026589897,0.005662800825469273,0.0072941016264056,-0.003582750433817996,0.00948441830498982,0.017179172197902777,0.009169662324175973,0.0007027237394999954,0.007333305681724357,0.007301946484829838,0.047525016479019876,-0.02178394263501407,0.009946011505963692,-0.007222747313347778,0.013597862004887405,-0.012038584502660411,0.022812825784070345,0.018068590411056518,-0.012529693627295994,0.027395426289051804,-0.0009182392915819985,0.0005143664151610503,0.006172498149818921,0.009081675191650795,-0.013792406154889502,-0.013089773774062043,-0.006097982864364464,-0.011383043537544997,-0.02044204855857231,-0.014939829804323276,-0.02178394263501407,0.05236701118756358,-0.004982872935081661,-0.0035597155482539273,0.002281839050626493,0.01876118002704766,-0.012664812992613121,-0.011906395579045676,0.0006844289717029698,-0.005797804414129098,0.00377693556773339,0.026394577192445152,-0.009161759319344202,-0.023901963789672385,0.0051969882049379,0.00017837169431512273,0.012308077310352578,0.023384808297907796,0.02102030743196409,0.017861561641385214,0.009946011505963692,-0.004982872935081661,0.03949727133858284,0.011786034648465577,-0.009679860616231115,-0.019372738673169417,-0.011319911494207828,-0.006591795800476705,0.011653159039732871,-0.008211697202507667,0.005793714778185353,0.00934911427901082,-0.013297129133203127,-0.01868542644857072,0.005165877524042003,-0.0071764646227852995,0.0031531762274613325,0.028402326159680504,0.020078639038003124,0.015157289560887785,-0.007222747313347778,-0.0035597155482539273,0.011786034648465577,0.03762932250579175,-0.01654342532990314,-0.007900223589248391,0.011971000407766948,0.017101501738695003,-0.005134225594618336,0.004433486983805806,-0.005671569147933631,-0.011844994119544532,0.010166683909738034,0.02080786975925717,-0.00497154358052891,0.009984775342828977,0.0007502898619243352,-0.01735183370583286,-0.011714672858355712,-0.006889072944536672,0.013597862004887405,0.002281839050626493,-0.009679860616231115,-0.01654342532990314,0.035252399242403816,0.011450968658002547,0.020273373802904646,0.015162702022217658,-0.010728564339625636,0.018208441671439726,-0.009137966428190668,-0.021010364227799602,0.011682421963920178,0.03155977303082521,-0.009007537732462774,-0.0036296240594411167,-0.010135167958299978,-0.02758265331940061,-0.018723318599410024,-0.01973128321754427,-0.012038584502660411,0.01876118002704766,-0.019372738673169417,-0.007900223589248391,0.011450968658002547,0.04615736739738152
