0.0725285160603305,0.02082887478360472,-0.0007927347918153054,0.04153604406156845,-0.04023571839192876,-0.047622994631332474,0.007273459331666748,-0.048165333767711815,0.0009771627208704186,0.011543523547006298,0.008838873169379898,-0.010147621201837308,-0.02543457515261275,-0.011439667144146477,0.015551422170510299,-0.02985278746506711,0.02162250365314884,0.04249061727297675,-0.0130056414351387,-0.007084757883630528,0.02082887478360472,0.040175735295913895,-0.004992618521115182,0.017886812953198675,-0.015153888915728376,-0.020926485743144475,0.0017565351509888122,-0.014540445644141135,0.003781311244503157,-0.005745068553964174,0.001501499688507824,-0.005325354847076294,-0.015592854019415753,-0.002416755378519091,0.006129333623931338,-0.003991620363429243,0.002407835441623942,0.0158652349333457,-0.0075568421157015155,-0.009987926903933686,-0.0007927347918153054,-0.004992618521115182,0.03697028392029566,-0.011170055081246747,-0.0002828376877012724,0.004211495983439941,-0.010222221656319096,-0.0011993619352066499,-0.008178107137909535,0.009447348156597495,-0.0033591908474885374,0.0012264860511311372,0.001883265366575327,-0.0017303938766105834,0.004851360324880307,-8.083493017144365e-5,-0.010337181549895599,0.000656434390884786,0.0021185206979755736,-0.0003887627079408719,0.04153604406156845,0.017886812953198675,-0.011170055081246747,0.049628138926525484,-0.02227970850289962,-0.034165607568747716,0.002042638933723126,-0.03173242345102885,0.00030836244261803723,-0.0006672816795411212,0.00990614238323128,-0.006582527891277638,-0.0245683081251203,-0.004322184605536139,0.005077279735656895,-0.01975543355914015,0.01702120115831205,0.025629055371558997,-0.0055586533841005675,-0.003010863163648931,-0.04023571839192876,-0.015153888915728376,-0.0002828376877012724,-0.02227970850289962,0.050778943359098015,0.03156251576909359,-0.007304443939780376,0.035934377598703326,-0.0003030217372145892,-0.004746734794068315,-0.008147265923525548,0.006932935008311533,0.020541851168862882,0.0011294919447350663,-0.00562253726747013,0.008886543768710505,-0.01859577984693609,-0.027296397442301765,0.005368667786857679,-0.009621619406412499,-0.047622994631332474,-0.020926485743144475,0.004211495983439941,-0.034165607568747716,0.03156251576909359,0.052945528448982454,-0.006182548332705535,0.038348253159678644,-0.003669788638426468,-0.0024173319964547503,-0.009731252616508822,0.008523538205326218,0.026463354511562596,0.007514581192545238,-0.005927049970586035,0.022689279990373554,-0.024679820529435716,-0.033888441939971446,0.005343359079709102,0.00331199733496379,0.007273459331666748,0.0017565351509888122,-0.010222221656319096,0.002042638933723126,-0.007304443939780376,-0.006182548332705535,0.023281895581635056,-0.011155512078818975,0.004144739299123604,0.0002829928904300676,0.0002993499301611743,-0.008917627464737482,-0.004702311140959578,0.000799645480642216,5.16277029384006e-6,0.0030335783487957114,0.00506337852754919,0.00042814143629950677,-0.002081660094525744,0.007400881564577487,-0.048165333767711815,-0.014540445644141135,-0.0011993619352066499,-0.03173242345102885,0.035934377598703326,0.038348253159678644,-0.011155512078818975,0.06067515700273639,0.004960069499246898,-0.011033904458499205,-0.017528295440004005,0.013829767983211415,0.023674922925355706,0.01095366023738463,-0.014126939148438735,0.022598797341382603,-0.020321980937981023,-0.041567730516509166,0.013151506467568082,-0.006198928179401413,0.0009771627208704186,0.003781311244503157,-0.008178107137909535,0.00030836244261803723,-0.0003030217372145892,-0.003669788638426468,0.004144739299123604,0.004960069499246898,0.02162149685408694,-0.004426447737497225,-0.004689177537875885,-0.002261873932660047,0.0021250418515296804,0.0029667285555081474,-0.0035402794310900438,0.003384583755660042,0.0034265090793894858,-0.00656543333974567,0.00017031545903790744,-0.003869829691684643,0.011543523547006298,-0.005745068553964174,0.009447348156597495,-0.0006672816795411212,-0.004746734794068315,-0.0024173319964547503,0.0002829928904300676,-0.011033904458499205,-0.004426447737497225,0.021072602512869795,0.0005305495936177445,-0.0023937701842465225,-0.004221472377569307,-0.0018208911240238594,0.007257120583548675,-0.005294686432735482,-0.0014675783850447094,0.012002575998967424,-0.005001669539939482,0.0007275135799129056,0.008838873169379898,0.001501499688507824,-0.0033591908474885374,0.00990614238323128,-0.008147265923525548,-0.009731252616508822,0.0002993499301611743,-0.017528295440004005,-0.004689177537875885,0.0005305495936177445,0.021365682796402514,-0.0014361322836870458,-0.008946797668733956,-0.0017519000343900395,-0.002453027467676361,-0.0049379232960258,0.0053737666665823625,0.010223484753971647,-0.0016716855244458058,0.007954703424412268,-0.010147621201837308,-0.005325354847076294,0.0012264860511311372,-0.006582527891277638,0.006932935008311533,0.008523538205326218,-0.008917627464737482,0.013829767983211415,-0.002261873932660047,-0.0023937701842465225,-0.0014361322836870458,0.024496566064145412,0.002362140517880175,0.0031777644047117927,-0.005094541611684632,0.0078027850901824115,-0.008917271648023056,-0.009683457096958475,0.0048355515509911585,-0.0005118029297849357,-0.02543457515261275,-0.015592854019415753,0.001883265366575327,-0.0245683081251203,0.020541851168862882,0.026463354511562596,-0.004702311140959578,0.023674922925355706,0.0021250418515296804,-0.004221472377569307,-0.008946797668733956,0.002362140517880175,0.031022899208294232,0.0025823472988392247,-0.0026897213308397783,0.011025267760034513,-0.007762925671821854,-0.0212586209689494,0.00413353973368961,0.001890650927491787,-0.011439667144146477,-0.002416755378519091,-0.0017303938766105834,-0.004322184605536139,0.0011294919447350663,0.007514581192545238,0.000799645480642216,0.01095366023738463,0.0029667285555081474,-0.0018208911240238594,-0.0017519000343900395,0.0031777644047117927,0.0025823472988392247,0.017375018662996376,-0.0020831464616391546,0.007514885383744245,-0.0024029660830548047,-0.004305397437160527,0.004038145094099455,0.0006391595556537054,0.015551422170510299,0.006129333623931338,0.004851360324880307,0.005077279735656895,-0.00562253726747013,-0.005927049970586035,5.16277029384006e-6,-0.014126939148438735,-0.0035402794310900438,0.007257120583548675,-0.002453027467676361,-0.005094541611684632,-0.0026897213308397783,-0.0020831464616391546,0.030126245448832727,-0.008732336912785039,0.0007181494289076036,0.014411372371846134,-0.010762078773293542,-0.0016520853422515767,-0.02985278746506711,-0.003991620363429243,-8.083493017144365e-5,-0.01975543355914015,0.008886543768710505,0.022689279990373554,0.0030335783487957114,0.022598797341382603,0.003384583755660042,-0.005294686432735482,-0.0049379232960258,0.0078027850901824115,0.011025267760034513,0.007514885383744245,-0.008732336912785039,0.0305922604322454,-0.013033466822352666,-0.02362758308443363,0.0059452361480112756,0.0026358151435973646,0.02162250365314884,0.002407835441623942,-0.010337181549895599,0.01702120115831205,-0.01859577984693609,-0.024679820529435716,0.00506337852754919,-0.020321980937981023,0.0034265090793894858,-0.0014675783850447094,0.0053737666665823625,-0.008917271648023056,-0.007762925671821854,-0.0024029660830548047,0.0007181494289076036,-0.013033466822352666,0.035098670848732236,0.017928568966322354,0.0004795417229666131,0.008414756603988776,0.04249061727297675,0.0158652349333457,0.000656434390884786,0.025629055371558997,-0.027296397442301765,-0.033888441939971446,0.00042814143629950677,-0.041567730516509166,-0.00656543333974567,0.012002575998967424,0.010223484753971647,-0.009683457096958475,-0.0212586209689494,-0.004305397437160527,0.014411372371846134,-0.02362758308443363,0.017928568966322354,0.05906747744207315,-0.012924794420320844,-0.0031154141673488704,-0.0130056414351387,-0.0075568421157015155,0.0021185206979755736,-0.0055586533841005675,0.005368667786857679,0.005343359079709102,-0.002081660094525744,0.013151506467568082,0.00017031545903790744,-0.005001669539939482,-0.0016716855244458058,0.0048355515509911585,0.00413353973368961,0.004038145094099455,-0.010762078773293542,0.0059452361480112756,0.0004795417229666131,-0.012924794420320844,0.021533789337613192,-0.0005956177571769473,-0.007084757883630528,-0.009987926903933686,-0.0003887627079408719,-0.003010863163648931,-0.009621619406412499,0.00331199733496379,0.007400881564577487,-0.006198928179401413,-0.003869829691684643,0.0007275135799129056,0.007954703424412268,-0.0005118029297849357,0.001890650927491787,0.0006391595556537054,-0.0016520853422515767,0.0026358151435973646,0.008414756603988776,-0.0031154141673488704,-0.0005956177571769473,0.030782096794697424
