0.07819038939792315,-0.013071510641717323,-0.004372723324670996,-0.03309132168494555,0.011136725791769447,-0.015464919200845782,-0.00735522747701535,-0.004437103099453846,-0.02162889388342243,0.0030385737840933004,-0.0028308200794156975,-0.006867751092708294,0.007835683273007418,0.03556538757753486,0.059143051004878155,0.014774673572554603,-0.0020013007721986277,-0.03424151168116364,-0.02152170640562827,-0.021744242532802695,-0.013071510641717323,0.04664400847836162,-0.01592963812716261,0.018073422978070887,-0.02610226088656604,-0.005734204300412192,0.0037107615226109726,0.03347442186705575,-0.0013211126156072546,-0.0121503193628207,0.01034666461343025,-0.012905704206512283,0.009589626267362199,-0.011062529706199777,-0.04265305571746614,-0.017808430376875975,-0.01228504532168185,0.012121263038441887,0.009919007794098374,0.00916458768812391,-0.004372723324670996,-0.01592963812716261,0.03912997102778468,0.015085710250175001,0.01421506692075778,0.015700623704020693,-0.011151246839059529,-0.009520560194452457,0.006833121745485804,0.005371397442615113,-0.008291330959868434,0.013981696130333534,-0.01332722539840459,-0.007899069820150156,0.004644994477458454,0.004316105403033694,0.01912927354042329,-0.00931784646583729,-0.003497368203166984,0.0007855707420873726,-0.03309132168494555,0.018073422978070887,0.015085710250175001,0.06211537405861593,-0.012058279125213605,0.012730487658452413,-0.01042313666893176,0.03750606363306622,0.010180236701345324,-0.0018120551136644068,0.00778639248201823,0.0030268908466752602,-0.011817869874914132,-0.04568844989067198,-0.05084807709113573,-0.017455336268982175,-0.0005413739397645212,-0.0004851619642571249,-0.0026183583521821137,0.02536000219313405,0.011136725791769447,-0.02610226088656604,0.01421506692075778,-0.012058279125213605,0.03817211334021558,-0.00039746591492089794,-0.005378796934670575,-0.023514823340102596,0.0048738818366185705,0.009023050680226153,-0.009298158598499822,0.008203789054081288,-0.004873058125228853,0.0067917520543587994,0.028913309750098627,0.015531491792943882,0.009553973375782673,-0.006313491886163678,-0.010441450741079716,-0.0012879962414722383,-0.015464919200845782,-0.005734204300412192,0.015700623704020693,0.012730487658452413,-0.00039746591492089794,0.05731482254317324,-0.0006617683684316802,-0.0069409350686614095,0.010725430909295123,-0.00887573581966538,-0.012180544637963007,0.003167142644605795,0.0013409809139777826,-0.00961850118612205,0.004250825939698798,0.004026305525033012,0.010143165928889756,-0.000905812797431828,-0.01488979419153501,0.010976142285039764,-0.00735522747701535,0.0037107615226109726,-0.011151246839059529,-0.01042313666893176,-0.005378796934670575,-0.0006617683684316802,0.03211481639607451,-0.009653543223882628,0.00477347179081428,0.001976560710395336,-0.00030474064911400827,-0.0031530625977464538,0.01915859970981923,-0.0011890587006519397,-0.0048642749892092675,-0.000189127313014981,-0.005086639967774109,0.01022765309069672,0.012498139530727216,-0.004120498526845989,-0.004437103099453846,0.03347442186705575,-0.009520560194452457,0.03750606363306622,-0.023514823340102596,-0.0069409350686614095,-0.009653543223882628,0.07385106708963012,-0.004979771554669478,-0.008334326413736833,0.012331224964728344,-0.015397942008862657,-0.003268346091406003,-0.02904042154539736,-0.032689353782638965,-0.020996244301623376,-0.01605076815993106,-0.008986493875345255,-0.007500917703130351,0.02008047885082078,-0.02162889388342243,-0.0013211126156072546,0.006833121745485804,0.010180236701345324,0.0048738818366185705,0.010725430909295123,0.00477347179081428,-0.004979771554669478,0.035760621543265605,0.0017749337243370767,-0.006830291763730897,0.002796490698396042,0.01135234280117317,-0.012851016713674196,-0.012325785528785988,-0.0036677233115836663,0.010455145358775324,0.003539559066708679,0.010692235851889791,0.009052445584009501,0.0030385737840933004,-0.0121503193628207,0.005371397442615113,-0.0018120551136644068,0.009023050680226153,-0.00887573581966538,0.001976560710395336,-0.008334326413736833,0.0017749337243370767,0.026130398238175884,-0.0013194331045018868,0.0019022919136890692,-0.001227986813394768,-0.0013148377850270186,0.011414180895364227,0.001734865908501322,0.005974359339574761,-0.009734130167155516,-0.0003993810353701794,9.022327165891764e-5,-0.0028308200794156975,0.01034666461343025,-0.008291330959868434,0.00778639248201823,-0.009298158598499822,-0.012180544637963007,-0.00030474064911400827,0.012331224964728344,-0.006830291763730897,-0.0013194331045018868,0.0177829694452231,-0.0037697387309891433,-0.001596111047581116,-0.006250488283514519,-0.016241328697101574,-0.0031723965563739704,-0.010041090873400146,0.005829405690229783,-0.0003720936936982486,0.002850604468823569,-0.006867751092708294,-0.012905704206512283,0.013981696130333534,0.0030268908466752602,0.008203789054081288,0.003167142644605795,-0.0031530625977464538,-0.015397942008862657,0.002796490698396042,0.0019022919136890692,-0.0037697387309891433,0.022255042356180466,-0.0038751143764529164,0.00041089956359462447,-0.0018706696227253385,0.005556500236853383,0.005506478519357354,0.000363420212220262,0.002829687000772441,-0.00047865186816265415,0.007835683273007418,0.009589626267362199,-0.01332722539840459,-0.011817869874914132,-0.004873058125228853,0.0013409809139777826,0.01915859970981923,-0.003268346091406003,0.01135234280117317,-0.001227986813394768,-0.001596111047581116,-0.0038751143764529164,0.04927224066734733,0.007809509748838088,0.0006872624857370739,0.0005161020384709449,-0.005595842690179146,-0.004055054307906548,0.00015666965261084635,0.0018206379686420999,0.03556538757753486,-0.011062529706199777,-0.007899069820150156,-0.04568844989067198,0.0067917520543587994,-0.00961850118612205,-0.0011890587006519397,-0.02904042154539736,-0.012851016713674196,-0.0013148377850270186,-0.006250488283514519,0.00041089956359462447,0.007809509748838088,0.06522782644455537,0.04461468389832242,0.019146966414800102,0.009181722323856339,-0.005318064866451877,0.006646713018406608,-0.02387967186637059,0.059143051004878155,-0.04265305571746614,0.004644994477458454,-0.05084807709113573,0.028913309750098627,0.004250825939698798,-0.0048642749892092675,-0.032689353782638965,-0.012325785528785988,0.011414180895364227,-0.016241328697101574,-0.0018706696227253385,0.0006872624857370739,0.04461468389832242,0.10691118456823302,0.02471629606127159,0.010409250528455125,-0.032721275526544746,-0.02662208521090371,-0.027522768052919828,0.014774673572554603,-0.017808430376875975,0.004316105403033694,-0.017455336268982175,0.015531491792943882,0.004026305525033012,-0.000189127313014981,-0.020996244301623376,-0.0036677233115836663,0.001734865908501322,-0.0031723965563739704,0.005556500236853383,0.0005161020384709449,0.019146966414800102,0.02471629606127159,0.031829514548051024,-0.0011114048920338683,-0.003607696299920115,-0.01254461566036395,-0.008367349273987742,-0.0020013007721986277,-0.01228504532168185,0.01912927354042329,-0.0005413739397645212,0.009553973375782673,0.010143165928889756,-0.005086639967774109,-0.01605076815993106,0.010455145358775324,0.005974359339574761,-0.010041090873400146,0.005506478519357354,-0.005595842690179146,0.009181722323856339,0.010409250528455125,-0.0011114048920338683,0.03388127035791627,-0.007754129566978735,0.007165788434296355,0.0004405283520627026,-0.03424151168116364,0.012121263038441887,-0.00931784646583729,-0.0004851619642571249,-0.006313491886163678,-0.000905812797431828,0.01022765309069672,-0.008986493875345255,0.003539559066708679,-0.009734130167155516,0.005829405690229783,0.000363420212220262,-0.004055054307906548,-0.005318064866451877,-0.032721275526544746,-0.003607696299920115,-0.007754129566978735,0.05392721734712922,0.017045833894338037,0.011007165391998041,-0.02152170640562827,0.009919007794098374,-0.003497368203166984,-0.0026183583521821137,-0.010441450741079716,-0.01488979419153501,0.012498139530727216,-0.007500917703130351,0.010692235851889791,-0.0003993810353701794,-0.0003720936936982486,0.002829687000772441,0.00015666965261084635,0.006646713018406608,-0.02662208521090371,-0.01254461566036395,0.007165788434296355,0.017045833894338037,0.03834093948299575,0.0012153640046963618,-0.021744242532802695,0.00916458768812391,0.0007855707420873726,0.02536000219313405,-0.0012879962414722383,0.010976142285039764,-0.004120498526845989,0.02008047885082078,0.009052445584009501,9.022327165891764e-5,0.002850604468823569,-0.00047865186816265415,0.0018206379686420999,-0.02387967186637059,-0.027522768052919828,-0.008367349273987742,0.0004405283520627026,0.011007165391998041,0.0012153640046963618,0.03239232063357904
0.07817234349019657,-0.0011737619460038438,0.011342106938964844,-0.020056579106038787,-0.010430388745241617,0.013869255006860988,-0.00713661518869601,0.004613503244179974,-0.02814949432847516,0.001044107659379403,0.0096642300419657,-0.00831581839114199,0.01261996926257598,0.026350185757007302,0.018372008994293913,-0.012727454692331535,0.011641510136211699,-0.027073376967389352,-0.024554551951414944,-0.024821079741242175,-0.0011737619460038438,0.03820560163230832,-0.008637666441060957,0.0037008532139547468,-0.002556829166358828,-0.00948658509640862,-0.0021232528025371686,0.0093401068811674,0.005525295926589834,0.009513066307789447,0.008963156174535062,0.0038323043120239778,-0.00711089464607571,-0.0043372894781647225,-0.016190912658072765,-0.009459293337408524,-0.0009834822537335447,0.008852369067545909,0.008052090103487182,0.007951566251074231,0.011342106938964844,-0.008637666441060957,0.04246529187277346,0.0055142799903173416,-0.008699470076687522,0.018596493715421922,-0.0120689633183137,-0.009888774266406605,-0.027842918344517346,-0.017874028040319324,-0.006067709047150416,-0.0014639949355375328,-0.0036000363938430554,-0.009164332035822665,0.017651048502664267,-0.0011859162925538938,0.011345450358327066,-0.005181950734529806,-0.0068284749741439705,-0.0032628943766105957,-0.020056579106038787,0.0037008532139547468,0.0055142799903173416,0.045124483025291554,-0.0075272499073182255,0.0016544273792022835,-0.001527176112075138,0.0024853739295098874,0.012845690689699055,0.016288148899572016,0.002363384182617251,-0.0015106778381043877,-0.006785775371994964,-0.014005210240440488,-0.0055477918619951825,-0.007913521333559765,0.00018533037333862105,-0.007393620464906211,0.014833916431242855,0.019070187356426002,-0.010430388745241617,-0.002556829166358828,-0.008699470076687522,-0.0075272499073182255,0.0220075146139974,-0.011461009713837983,0.007419768102889312,-0.004268041241047073,0.010352709902655221,0.0009712986839612886,0.0038262067003362365,0.004904382936590929,-0.007717255595274157,0.004351486982463117,-0.0026177075564913915,0.012000231656909707,-0.010052267557148525,0.012627342054624022,0.005272059548098975,0.0033775585191703796,0.013869255006860988,-0.00948658509640862,0.018596493715421922,0.0016544273792022835,-0.011461009713837983,0.041880648538155305,0.0016594327367399399,-0.008144340046043402,-0.014848921850407721,-0.002704370179645009,-0.017668246576135305,-0.007951799914617638,0.011983381017134353,-0.010977089676685262,0.019625610251220935,-0.00659707667953013,0.011945369812836237,-0.008772456573250816,-0.01815305397528332,-0.004827881667159279,-0.00713661518869601,-0.0021232528025371686,-0.0120689633183137,-0.001527176112075138,0.007419768102889312,0.0016594327367399399,0.030967673175245188,-0.004524361698234055,0.0156698206649208,0.01239567418503592,-0.0032367730758951483,-5.165352910222083e-5,0.007826788271068117,-0.007660666368006776,0.002510617250461062,0.013507012772473221,-0.012866767423094219,0.005430617849442384,0.0020701875211518415,-0.0034332293257850325,0.004613503244179974,0.0093401068811674,-0.009888774266406605,0.0024853739295098874,-0.004268041241047073,-0.008144340046043402,-0.004524361698234055,0.03220914023099128,0.010955659450438783,0.004508278070393668,0.01367247253237001,-0.00013365417093634486,0.002296851682114777,0.007189243971224813,-0.009147825249581108,-0.0066370567657415055,-0.0013298603760306814,-0.008548351037551485,-0.0020762843419256253,0.005384036576139249,-0.02814949432847516,0.005525295926589834,-0.027842918344517346,0.012845690689699055,0.010352709902655221,-0.014848921850407721,0.0156698206649208,0.010955659450438783,0.0595048690000856,0.027676255122771963,0.005397898950010386,0.0004431125357697611,0.006814739886646168,-0.0037904604602447766,-0.01924847719624706,0.0011775258665328412,-0.018136956333166816,-0.005291211396913507,0.01668192808382897,0.008162578256295905,0.001044107659379403,0.009513066307789447,-0.017874028040319324,0.016288148899572016,0.0009712986839612886,-0.002704370179645009,0.01239567418503592,0.004508278070393668,0.027676255122771963,0.06093032607251631,0.0016906287159274612,0.0031096153469748057,-0.0060002280070100816,-0.006732992635556926,-0.008344748927070274,-0.0097978015071471,-0.014289104777474412,-0.013416956581329749,0.008838082373899051,0.01065794643037542,0.0096642300419657,0.008963156174535062,-0.006067709047150416,0.002363384182617251,0.0038262067003362365,-0.017668246576135305,-0.0032367730758951483,0.01367247253237001,0.005397898950010386,0.0016906287159274612,0.03134978807901776,-0.00043191815834332217,-0.006522089309963333,0.015684385312711706,-0.011164845762191643,-0.00027237276105954476,-0.003890827931202951,6.11509723626065e-5,0.006793939160706145,0.006628979335972446,-0.00831581839114199,0.0038323043120239778,-0.0014639949355375328,-0.0015106778381043877,0.004904382936590929,-0.007951799914617638,-5.165352910222083e-5,-0.00013365417093634486,0.0004431125357697611,0.0031096153469748057,-0.00043191815834332217,0.02175010878423982,-0.011051420957688815,-0.00031106710232097867,-0.006580244726644648,0.0021720222281618132,-0.005881685281483041,0.007421033044840687,0.007228170105439479,0.00463338206248965,0.01261996926257598,-0.00711089464607571,-0.0036000363938430554,-0.006785775371994964,-0.007717255595274157,0.011983381017134353,0.007826788271068117,0.002296851682114777,0.006814739886646168,-0.0060002280070100816,-0.006522089309963333,-0.011051420957688815,0.04522980252608674,0.007549975605571406,-0.005715607625368392,-0.005038065517324913,0.007537269100522142,-0.013141497982383475,-0.014524230420992545,-0.012098039491864557,0.026350185757007302,-0.0043372894781647225,-0.009164332035822665,-0.014005210240440488,0.004351486982463117,-0.010977089676685262,-0.007660666368006776,0.007189243971224813,-0.0037904604602447766,-0.006732992635556926,0.015684385312711706,-0.00031106710232097867,0.007549975605571406,0.0415623060119387,-0.004366967118189444,-0.0046174128827075,0.00682319096480748,-0.004996158845780289,5.6103652078941246e-5,-0.009568421550752493,0.018372008994293913,-0.016190912658072765,0.017651048502664267,-0.0055477918619951825,-0.0026177075564913915,0.019625610251220935,0.002510617250461062,-0.009147825249581108,-0.01924847719624706,-0.008344748927070274,-0.011164845762191643,-0.006580244726644648,-0.005715607625368392,-0.004366967118189444,0.05105943095425402,0.0035830948801659906,0.005399644020425659,-0.00429970268329352,-0.015850794338513354,-0.012384451808941939,-0.012727454692331535,-0.009459293337408524,-0.0011859162925538938,-0.007913521333559765,0.012000231656909707,-0.00659707667953013,0.013507012772473221,-0.0066370567657415055,0.0011775258665328412,-0.0097978015071471,-0.00027237276105954476,0.0021720222281618132,-0.005038065517324913,-0.0046174128827075,0.0035830948801659906,0.04174296371460946,-0.012530460310116079,0.013732160426038455,-0.003452249065107472,-0.0019055022370858346,0.011641510136211699,-0.0009834822537335447,0.011345450358327066,0.00018533037333862105,-0.010052267557148525,0.011945369812836237,-0.012866767423094219,-0.0013298603760306814,-0.018136956333166816,-0.014289104777474412,-0.003890827931202951,-0.005881685281483041,0.007537269100522142,0.00682319096480748,0.005399644020425659,-0.012530460310116079,0.029496252364414825,-0.0004236168119501952,-0.005821720771268269,0.001101394895566651,-0.027073376967389352,0.008852369067545909,-0.005181950734529806,-0.007393620464906211,0.012627342054624022,-0.008772456573250816,0.005430617849442384,-0.008548351037551485,-0.005291211396913507,-0.013416956581329749,6.11509723626065e-5,0.007421033044840687,-0.013141497982383475,-0.004996158845780289,-0.00429970268329352,0.013732160426038455,-0.0004236168119501952,0.061884568246973,0.004182478029255115,0.01786770534604894,-0.024554551951414944,0.008052090103487182,-0.0068284749741439705,0.014833916431242855,0.005272059548098975,-0.01815305397528332,0.0020701875211518415,-0.0020762843419256253,0.01668192808382897,0.008838082373899051,0.006793939160706145,0.007228170105439479,-0.014524230420992545,5.6103652078941246e-5,-0.015850794338513354,-0.003452249065107472,-0.005821720771268269,0.004182478029255115,0.03200239797584141,0.01865895971639777,-0.024821079741242175,0.007951566251074231,-0.0032628943766105957,0.019070187356426002,0.0033775585191703796,-0.004827881667159279,-0.0034332293257850325,0.005384036576139249,0.008162578256295905,0.01065794643037542,0.006628979335972446,0.00463338206248965,-0.012098039491864557,-0.009568421550752493,-0.012384451808941939,-0.0019055022370858346,0.001101394895566651,0.01786770534604894,0.01865895971639777,0.03584062750275829
0.10832807408017502,-0.03976949810533485,0.0023833352366844987,-0.011397610440916653,0.01054404424789552,-0.0044223532918696885,0.0076771241784510105,0.01238880963953024,-0.02881434141198351,0.02302069953003853,0.007341112473732913,-0.0009274116756156619,0.02474843908671537,0.02948506904629545,0.07290874457813612,0.016533834671885246,-0.015438927954436328,-0.05864328090377047,-0.037902169762468574,-0.013920455917115833,-0.03976949810533485,0.12211554477055528,-0.0068095526372605585,0.0295388523654908,-0.015455158904617275,-0.05638011952847946,-0.07206350622160623,0.039568846517270426,-0.014870002498957643,-0.016913085670200948,0.046706436564468365,0.03425678595388885,-0.034854934830191545,0.013699431580669394,-0.11061286884102262,-0.011154855492267211,0.01789164458703471,0.031087730241091918,0.030906446101877108,0.026062529757098732,0.0023833352366844987,-0.0068095526372605585,0.03507538036712419,-0.0024098799700593213,0.0016433579057460864,0.021990974281066375,0.002909526232538904,-0.007421278655286164,0.0064408441274343515,0.008331646704818972,-0.01697878677593963,0.0016108035187399304,-0.0071717052499273345,0.0003692707105014052,0.02871827635743966,-0.003645168164029652,0.010813736632470938,-0.01122119933956092,-0.0015887215206326036,-0.010916907532914376,-0.011397610440916653,0.0295388523654908,-0.0024098799700593213,0.03856590317383046,-0.0022370169749527003,-0.03140703341344123,-0.026616672095143398,0.025905107091994548,-0.006538613260527477,0.004803115159565266,0.012430768610085616,0.028308101033313635,-0.008020756560554518,-0.006180259029078187,-0.03473245342621742,-0.00827186727202087,-0.013169053298464475,-0.0031555896434372274,0.01358291483990635,0.022195983168364332,0.01054404424789552,-0.015455158904617275,0.0016433579057460864,-0.0022370169749527003,0.03115560541531594,-0.008952557175278736,0.011441992999370779,-0.015635541492563035,-0.00339522738861444,0.0008947754437535573,-0.003205740479581912,0.015809033805821646,0.003302366022188555,-0.006444219563105301,0.013927689123624727,0.012449519831347042,-0.012901384076459509,-0.012030325961062188,-0.00020364731178163648,0.005449409139144944,-0.0044223532918696885,-0.05638011952847946,0.021990974281066375,-0.03140703341344123,-0.008952557175278736,0.11021577134809075,0.07136495563492198,-0.03203192532178849,0.027939617545373663,-0.025498343522548574,-0.041629128559936404,-0.06061078952333834,0.026348231407371775,0.014324586476636352,0.08685777857851408,-0.002356537933004687,0.04726418491399176,0.00406108753939348,-0.02515412154068941,-0.03930211529477338,0.0076771241784510105,-0.07206350622160623,0.002909526232538904,-0.026616672095143398,0.011441992999370779,0.07136495563492198,0.09816873298412601,-0.04821149692794728,0.0374084399244405,-0.014560797101542419,-0.031425936191319705,-0.04746992408723494,0.038587708293272946,-0.005283517159715683,0.09626936769102054,0.014418620477823604,0.02523178900908668,-0.01666577472692267,-0.012289275508625937,-0.02896329063056071,0.01238880963953024,0.039568846517270426,-0.007421278655286164,0.025905107091994548,-0.015635541492563035,-0.03203192532178849,-0.04821149692794728,0.0691435355411134,-0.031278291125820534,0.0019019101112443264,0.023986487369920526,0.016578385241593642,-0.008720554227304528,0.01954368601669765,-0.03807455626456373,-0.016038102132499128,-0.009074650659129633,-0.004639995807108339,-0.005806039618843751,0.01585543553606865,-0.02881434141198351,-0.014870002498957643,0.0064408441274343515,-0.006538613260527477,-0.00339522738861444,0.027939617545373663,0.0374084399244405,-0.031278291125820534,0.055193558664794175,0.0031770412215039747,-0.014463910504947611,-0.015897025614721998,0.010186898843082859,-0.02059626236206387,0.01980184942050307,0.0022239141448992493,0.022731549181875532,0.003209263712167056,0.013000453676263294,-0.00882983378228916,0.02302069953003853,-0.016913085670200948,0.008331646704818972,0.004803115159565266,0.0008947754437535573,-0.025498343522548574,-0.014560797101542419,0.0019019101112443264,0.0031770412215039747,0.05160063602856662,-0.006221127794837348,0.021565153582044014,-0.0056700728206503905,-0.01687179966297784,0.009815376888788108,-0.0019590150328362343,-0.03337636659557937,-0.02577257726259833,-0.0027402470863507004,0.0009297932277407826,0.007341112473732913,0.046706436564468365,-0.01697878677593963,0.012430768610085616,-0.003205740479581912,-0.041629128559936404,-0.031425936191319705,0.023986487369920526,-0.014463910504947611,-0.006221127794837348,0.053675775032009855,0.014327278556363364,-0.01285269722315356,0.02063684114078331,-0.04316941401855509,0.008968933973350315,0.007572975024134626,0.010629719484288001,0.0010599491046770146,0.010591180009177286,-0.0009274116756156619,0.03425678595388885,0.0016108035187399304,0.028308101033313635,0.015809033805821646,-0.06061078952333834,-0.04746992408723494,0.016578385241593642,-0.015897025614721998,0.021565153582044014,0.014327278556363364,0.0675095395141362,-0.022104902570417723,-0.021264504827102706,-0.04874851078966789,-0.0008420865768167753,-0.03486197689261932,-0.008574216078819896,0.016659359547333594,0.02979394870384481,0.02474843908671537,-0.034854934830191545,-0.0071717052499273345,-0.008020756560554518,0.003302366022188555,0.026348231407371775,0.038587708293272946,-0.008720554227304528,0.010186898843082859,-0.0056700728206503905,-0.01285269722315356,-0.022104902570417723,0.04035059149938444,0.007293975905518503,0.04140319771021028,0.005118288271139002,0.001404606407071266,-0.018925570621032534,-0.01661350087638286,-0.014731880370655061,0.02948506904629545,0.013699431580669394,0.0003692707105014052,-0.006180259029078187,-0.006444219563105301,0.014324586476636352,-0.005283517159715683,0.01954368601669765,-0.02059626236206387,-0.01687179966297784,0.02063684114078331,-0.021264504827102706,0.007293975905518503,0.05634837419024754,0.015051270929791891,0.005286564478211358,0.028515272459251645,0.0021134020165755564,-0.02313844677340801,-0.021249520066187945,0.07290874457813612,-0.11061286884102262,0.02871827635743966,-0.03473245342621742,0.013927689123624727,0.08685777857851408,0.09626936769102054,-0.03807455626456373,0.01980184942050307,0.009815376888788108,-0.04316941401855509,-0.04874851078966789,0.04140319771021028,0.015051270929791891,0.19769547345740493,0.02636754721725348,0.028651409269552203,-0.05564286396477575,-0.04886891835792745,-0.04086849123803667,0.016533834671885246,-0.011154855492267211,-0.003645168164029652,-0.00827186727202087,0.012449519831347042,-0.002356537933004687,0.014418620477823604,-0.016038102132499128,0.0022239141448992493,-0.0019590150328362343,0.008968933973350315,-0.0008420865768167753,0.005118288271139002,0.005286564478211358,0.02636754721725348,0.0304089894578079,0.003877174987228003,-0.006215494149656807,-0.007315311213082576,0.0008038541824026842,-0.015438927954436328,0.01789164458703471,0.010813736632470938,-0.013169053298464475,-0.012901384076459509,0.04726418491399176,0.02523178900908668,-0.009074650659129633,0.022731549181875532,-0.03337636659557937,0.007572975024134626,-0.03486197689261932,0.001404606407071266,0.028515272459251645,0.028651409269552203,0.003877174987228003,0.07500705431681286,0.019595949533165027,-0.005442797039815746,-0.018780924830137942,-0.05864328090377047,0.031087730241091918,-0.01122119933956092,-0.0031555896434372274,-0.012030325961062188,0.00406108753939348,-0.01666577472692267,-0.004639995807108339,0.003209263712167056,-0.02577257726259833,0.010629719484288001,-0.008574216078819896,-0.018925570621032534,0.0021134020165755564,-0.05564286396477575,-0.006215494149656807,0.019595949533165027,0.07295255452832147,0.009079527204503375,0.007939217483482643,-0.037902169762468574,0.030906446101877108,-0.0015887215206326036,0.01358291483990635,-0.00020364731178163648,-0.02515412154068941,-0.012289275508625937,-0.005806039618843751,0.013000453676263294,-0.0027402470863507004,0.0010599491046770146,0.016659359547333594,-0.01661350087638286,-0.02313844677340801,-0.04886891835792745,-0.007315311213082576,-0.005442797039815746,0.009079527204503375,0.03885681490284002,0.023687980774400545,-0.013920455917115833,0.026062529757098732,-0.010916907532914376,0.022195983168364332,0.005449409139144944,-0.03930211529477338,-0.02896329063056071,0.01585543553606865,-0.00882983378228916,0.0009297932277407826,0.010591180009177286,0.02979394870384481,-0.014731880370655061,-0.021249520066187945,-0.04086849123803667,0.0008038541824026842,-0.018780924830137942,0.007939217483482643,0.023687980774400545,0.04419424848863486
