0.026221491012077623,-0.00032476905557681266,0.003954211884160511,-0.005060471920309005,-0.0034608319244146426,0.00732508732720318,-0.00253984846694721,0.004941738526900479,-0.003443303927681862,-0.0013453410427408643,0.0066203531597827745,-0.004509272149001653,-0.0029556586025215187,-0.0028415522033189205,-0.0006045635542182616,-0.004290331035079308,0.005110043865543479,0.0011993520472601106,7.192068387243388e-5,0.006550843942228057,-0.00032476905557681266,0.022870035089563368,-0.0002577615561933335,-0.0035791808898673633,0.003315534276494509,-0.003694265084038014,0.007919171671917542,-0.006378336358590588,0.001793786987419078,0.005395659188186325,0.0009755037555772084,-0.006751621314852302,-0.0020721065541110064,0.0032880037819915846,0.00039329565502998023,-0.0013908068752239472,-0.004224315268473583,0.010228157051257767,0.0030795209825524045,0.0006135983160069738,0.003954211884160511,-0.0002577615561933335,0.02143733136490927,-0.004568307992506546,-0.004868908744026911,0.002470043837647356,0.0019610736112156187,0.003130240018319362,0.005785798890694116,-0.00042553480538998315,0.0008411833841882102,0.00015479722626111792,-0.0007035962263571554,-0.0009616562875611908,0.0017202710185820714,-0.0030402664855175288,0.0004330809887928354,-0.0019006684981097619,0.006013813774315694,0.006788982640218639,-0.005060471920309005,-0.0035791808898673633,-0.004568307992506546,0.030527467013699197,0.005570924924014431,0.0007372475427441346,-0.0009292792465427676,0.0012150098455451864,-0.005957831249491525,-0.0022890294876355237,-0.00692937505930916,0.00022269619487403614,-0.0037731102028848618,0.004628369246796799,0.0009088614908032574,0.00396223720762189,0.0011786174584231517,0.0065035517433992916,-0.0036479441462449512,-0.0028872888676158334,-0.0034608319244146426,0.003315534276494509,-0.004868908744026911,0.005570924924014431,0.0238511898111202,0.0035370320543950578,0.0019498452357835567,-0.0010320438196750334,0.0024408724827866372,0.002318178427318454,-0.004563675692926456,0.004230649883153132,0.0051089815601685585,0.0097063369836778,-0.0035416400172557025,0.002877868398405768,0.0031493526293834262,0.0020837661341986478,-0.003884701620929064,-0.0034019799097432524,0.00732508732720318,-0.003694265084038014,0.002470043837647356,0.0007372475427441346,0.0035370320543950578,0.02938855426090085,-0.008964167167011393,0.004847032344471879,-0.005518011856191671,0.0012779114969886736,0.0019424452703955789,0.0007293955306981914,-0.002179129375096114,-0.00025726957117388105,-0.0013951951292830423,-0.006360100509601865,0.005532966884694922,0.0009210289338254976,-0.0018499150549089241,0.005931179409337043,-0.00253984846694721,0.007919171671917542,0.0019610736112156187,-0.0009292792465427676,0.0019498452357835567,-0.008964167167011393,0.02339605354877717,-0.008986434169337278,0.01118277948413276,0.0006072386853284973,0.0014689431570210883,-0.007315964727603993,-0.0008245282934618164,0.0018490565468939728,0.002897903276514277,0.00380817145556946,-0.005937267400286569,0.008410442806795008,0.0050674556951270065,-0.002252960569024403,0.004941738526900479,-0.006378336358590588,0.003130240018319362,0.0012150098455451864,-0.0010320438196750334,0.004847032344471879,-0.008986434169337278,0.018240388730537044,-0.00034135283491378335,-0.0007842224311430266,-0.0030365624009467862,0.007902503157646745,0.005351736227851346,-0.0026499261113393877,-0.0027347182304152656,-0.0011311948687918422,0.00173711003956213,-0.011891876964190294,-0.004514417282897596,0.0014179967332395317,-0.003443303927681862,0.001793786987419078,0.005785798890694116,-0.005957831249491525,0.0024408724827866372,-0.005518011856191671,0.01118277948413276,-0.00034135283491378335,0.0197625175192326,-0.0007198667294320731,0.004618049584281006,0.0036742996656209644,0.0035499648722855702,0.006828874122662153,0.005295440294547812,0.0028621563441462525,-0.0017996436690796468,0.005115354702458892,0.006237641894950321,-0.0010951805473414277,-0.0013453410427408643,0.005395659188186325,-0.00042553480538998315,-0.0022890294876355237,0.002318178427318454,0.0012779114969886736,0.0006072386853284973,-0.0007842224311430266,-0.0007198667294320731,0.016508133980427726,0.0007907506504315676,0.0004283792330904822,0.005916412448109315,-0.0013073613687436618,-0.0012499045154208744,0.0001516809670801274,0.0017944122231566845,0.0015679636128327046,-0.0009615688147377758,-0.00034673858199061003,0.0066203531597827745,0.0009755037555772084,0.0008411833841882102,-0.00692937505930916,-0.004563675692926456,0.0019424452703955789,0.0014689431570210883,-0.0030365624009467862,0.004618049584281006,0.0007907506504315676,0.02189948349052899,0.003002718348023351,0.004998385437772906,-0.0031731843484460814,0.0028277600356466925,-0.005778737971597092,0.0007703310709440532,0.004963368058083482,0.0021878331021040988,-0.0012663438967888364,-0.004509272149001653,-0.006751621314852302,0.00015479722626111792,0.00022269619487403614,0.004230649883153132,0.0007293955306981914,-0.007315964727603993,0.007902503157646745,0.0036742996656209644,0.0004283792330904822,0.003002718348023351,0.03254375310431617,0.018956386988389497,3.05205026237578e-5,-0.001304702089982851,0.004351151892851953,0.00929280403245648,-0.014738035932699903,-0.005249172788340403,-0.005900878282702415,-0.0029556586025215187,-0.0020721065541110064,-0.0007035962263571554,-0.0037731102028848618,0.0051089815601685585,-0.002179129375096114,-0.0008245282934618164,0.005351736227851346,0.0035499648722855702,0.005916412448109315,0.004998385437772906,0.018956386988389497,0.03772793579449517,-0.0049766722916113676,-0.0018483526862461705,0.01323036432404319,0.014006022526940443,-0.012306272553172667,-0.0062049795232058304,-0.010588795998209749,-0.0028415522033189205,0.0032880037819915846,-0.0009616562875611908,0.004628369246796799,0.0097063369836778,-0.00025726957117388105,0.0018490565468939728,-0.0026499261113393877,0.006828874122662153,-0.0013073613687436618,-0.0031731843484460814,3.05205026237578e-5,-0.0049766722916113676,0.02132129546964153,-0.00020432836023746484,-0.003874138060292749,-0.0038042103262009956,0.006501676449511341,0.0003122011006998078,0.0017457231316760325,-0.0006045635542182616,0.00039329565502998023,0.0017202710185820714,0.0009088614908032574,-0.0035416400172557025,-0.0013951951292830423,0.002897903276514277,-0.0027347182304152656,0.005295440294547812,-0.0012499045154208744,0.0028277600356466925,-0.001304702089982851,-0.0018483526862461705,-0.00020432836023746484,0.015023897095415595,-0.0022040119535622323,-0.002652885902090945,0.004839643215764043,-0.00029199371372945644,0.00036938884848237573,-0.004290331035079308,-0.0013908068752239472,-0.0030402664855175288,0.00396223720762189,0.002877868398405768,-0.006360100509601865,0.00380817145556946,-0.0011311948687918422,0.0028621563441462525,0.0001516809670801274,-0.005778737971597092,0.004351151892851953,0.01323036432404319,-0.003874138060292749,-0.0022040119535622323,0.030415785044892504,0.0063154442859695,-0.008956678436006648,0.001126903803604253,-0.008018773650544226,0.005110043865543479,-0.004224315268473583,0.0004330809887928354,0.0011786174584231517,0.0031493526293834262,0.005532966884694922,-0.005937267400286569,0.00173711003956213,-0.0017996436690796468,0.0017944122231566845,0.0007703310709440532,0.00929280403245648,0.014006022526940443,-0.0038042103262009956,-0.002652885902090945,0.0063154442859695,0.026763155093268286,-0.007666935922114022,-0.0060987440725376995,-0.001468192656008623,0.0011993520472601106,0.010228157051257767,-0.0019006684981097619,0.0065035517433992916,0.0020837661341986478,0.0009210289338254976,0.008410442806795008,-0.011891876964190294,0.005115354702458892,0.0015679636128327046,0.004963368058083482,-0.014738035932699903,-0.012306272553172667,0.006501676449511341,0.004839643215764043,-0.008956678436006648,-0.007666935922114022,0.03629553784683691,0.0034552703039687116,0.0048051745602519565,7.192068387243388e-5,0.0030795209825524045,0.006013813774315694,-0.0036479441462449512,-0.003884701620929064,-0.0018499150549089241,0.0050674556951270065,-0.004514417282897596,0.006237641894950321,-0.0009615688147377758,0.0021878331021040988,-0.005249172788340403,-0.0062049795232058304,0.0003122011006998078,-0.00029199371372945644,0.001126903803604253,-0.0060987440725376995,0.0034552703039687116,0.02331130866556702,0.0037324449460375037,0.006550843942228057,0.0006135983160069738,0.006788982640218639,-0.0028872888676158334,-0.0034019799097432524,0.005931179409337043,-0.002252960569024403,0.0014179967332395317,-0.0010951805473414277,-0.00034673858199061003,-0.0012663438967888364,-0.005900878282702415,-0.010588795998209749,0.0017457231316760325,0.00036938884848237573,-0.008018773650544226,-0.001468192656008623,0.0048051745602519565,0.0037324449460375037,0.023113397636695437
