0.04583140735853357,0.003922539473994581,0.008235225595037237,-0.005114127972424671,-0.0028333611919066277,0.007895310312181856,-0.008489421477621991,0.011893728744765839,-0.008268417814767047,-0.00414541404863689,0.011793619473370077,-0.008710809537607243,-0.008937044528497334,-0.0025854026857351914,-0.0046757727109245665,-0.004060942319204758,-0.0016633232735762935,-0.0020776930982287223,-0.003017392315197269,0.012614532319259974,0.003922539473994581,0.03342519461531457,-0.015775269886511553,0.01610682858689509,0.008714128343488212,0.010663476963813447,0.004599194968466139,-0.0016729123806413799,-0.006071385298936802,0.0037882198627222814,-0.00388115582437593,-0.01039180160810534,-0.0053888299015764024,0.009203914557202555,0.0031405025624348638,-0.0030016722478613126,-0.01548702242305507,0.0244025288632254,0.002926010729697129,-0.002342970710801519,0.008235225595037237,-0.015775269886511553,0.053165305481228824,-0.028477526112246312,-0.007339996333490377,-0.017338541949339967,0.001095004851505843,0.006266273848876187,0.01376721485410659,-0.00020963262943046257,-0.003400764585837027,0.007623248665975408,-0.0010161009914259433,-0.0065851240532451725,0.0015084809028124277,-0.008338960780287789,0.009101405129345663,-0.0260877492324591,0.008135320271695685,0.00724202950262304,-0.005114127972424671,0.01610682858689509,-0.028477526112246312,0.05792114478267461,0.01024858570277357,0.022888770539754938,0.008248672138960862,0.0027126055734493747,-0.014794781574434921,0.007081764960360086,-0.014359271639923187,0.0033733385964985064,-0.00509531014199411,0.012958952436771885,0.0020638069928572977,-0.0015794031817790502,-0.011682894229964257,0.021545920289714228,-0.0007084838219315201,-0.000751685436244031,-0.0028333611919066277,0.008714128343488212,-0.007339996333490377,0.01024858570277357,0.026517591544250263,0.008217657804019545,-0.000452878597950943,-0.0031309281755313913,-0.0002819653774625893,0.0012583257230512836,-0.0067521328902077436,0.007250283255110815,0.0012964345937679137,0.009258219953866397,-0.0030952734969777046,0.005726943606501836,-0.0043326313121874425,0.01245018964966889,-0.00739199835912821,-0.004945626144736123,0.007895310312181856,0.010663476963813447,-0.017338541949339967,0.022888770539754938,0.008217657804019545,0.06626431619461934,-0.0070925515326561855,0.010866174889029067,-0.015169754729793209,0.0058474419478151156,-0.006496558754262362,-0.005420358057238409,-0.01172514617187112,0.007978326207673182,-0.0035850746294709005,-0.018206604257514074,-0.013137065580141789,0.014601790112368009,0.004933596631242527,0.004227413411827738,-0.008489421477621991,0.004599194968466139,0.001095004851505843,0.008248672138960862,-0.000452878597950943,-0.0070925515326561855,0.031894680539882724,-0.007178835451225362,0.008906397815290852,0.004700913214310826,-0.004470706333641859,-0.006612429251190517,0.004153066824796694,0.0006845789442415444,0.0037711803758884183,0.0032120793054994934,-0.001634756727469289,0.001320267743866925,0.0017642655479688954,0.0017675178386328794,0.011893728744765839,-0.0016729123806413799,0.006266273848876187,0.0027126055734493747,-0.0031309281755313913,0.010866174889029067,-0.007178835451225362,0.03328392878020483,0.008639856804035503,-0.0019127452195735607,-0.000128447506781082,0.005900356436639672,0.007137462405146913,-0.0007507065403323833,-0.005938018709739985,-0.01311141939915982,0.0025199792649510267,-0.011025918203390866,0.001337494392149891,0.0020867849715424866,-0.008268417814767047,-0.006071385298936802,0.01376721485410659,-0.014794781574434921,-0.0002819653774625893,-0.015169754729793209,0.008906397815290852,0.008639856804035503,0.03379812269378609,-0.0022809922104743184,0.007421676457610188,0.008966060406030752,0.006875057743168905,0.006408388076315908,0.007666426219107461,-0.0001051533407254461,0.002790743452156715,0.0020117094316964373,0.0045411102129878575,-0.0036676777013823787,-0.00414541404863689,0.0037882198627222814,-0.00020963262943046257,0.007081764960360086,0.0012583257230512836,0.0058474419478151156,0.004700913214310826,-0.0019127452195735607,-0.0022809922104743184,0.024521506699380673,-0.01078176925875854,-0.0036398932120789962,-0.004099086899912563,0.0047441002108642456,-0.0008878059134295845,-0.009032937681813225,-0.0093079130779802,0.011061046912454228,0.0037309975264877586,-0.0015893462005691947,0.011793619473370077,-0.00388115582437593,-0.003400764585837027,-0.014359271639923187,-0.0067521328902077436,-0.006496558754262362,-0.004470706333641859,-0.000128447506781082,0.007421676457610188,-0.01078176925875854,0.03828201756827399,-0.004807170722200794,0.008106597567714853,-0.006966697504352871,0.0027367330821240947,6.636885773355917e-5,0.009425844212420337,0.0005406379412262405,-0.009241617458691485,0.0005918718396514381,-0.008710809537607243,-0.01039180160810534,0.007623248665975408,0.0033733385964985064,0.007250283255110815,-0.005420358057238409,-0.006612429251190517,0.005900356436639672,0.008966060406030752,-0.0036398932120789962,-0.004807170722200794,0.05294765552613892,0.014036946081945468,0.0011891327116270414,0.0012280280752626181,0.006587285615997538,0.012846003389328245,-0.013083087052119765,-0.002346756620334062,0.00743451197204977,-0.008937044528497334,-0.0053888299015764024,-0.0010161009914259433,-0.00509531014199411,0.0012964345937679137,-0.01172514617187112,0.004153066824796694,0.007137462405146913,0.006875057743168905,-0.004099086899912563,0.008106597567714853,0.014036946081945468,0.05548707133918903,-0.013453362160056968,0.001081511805247152,0.016991776202796682,0.02866848769695194,-0.01978105962043103,-0.006639361312521524,-0.007744579532259653,-0.0025854026857351914,0.009203914557202555,-0.0065851240532451725,0.012958952436771885,0.009258219953866397,0.007978326207673182,0.0006845789442415444,-0.0007507065403323833,0.006408388076315908,0.0047441002108642456,-0.006966697504352871,0.0011891327116270414,-0.013453362160056968,0.0311924239716172,-0.00030534587899187413,-0.008705948401302437,-0.014773774124793426,0.01479855440017875,-0.0015038719480181205,-0.0014372809219441542,-0.0046757727109245665,0.0031405025624348638,0.0015084809028124277,0.0020638069928572977,-0.0030952734969777046,-0.0035850746294709005,0.0037711803758884183,-0.005938018709739985,0.007666426219107461,-0.0008878059134295845,0.0027367330821240947,0.0012280280752626181,0.001081511805247152,-0.00030534587899187413,0.023431181808909508,0.000199602117530108,-0.000442148691842147,0.00705865299613084,0.0037602178228437946,-0.0036791062257538294,-0.004060942319204758,-0.0030016722478613126,-0.008338960780287789,-0.0015794031817790502,0.005726943606501836,-0.018206604257514074,0.0032120793054994934,-0.01311141939915982,-0.0001051533407254461,-0.009032937681813225,6.636885773355917e-5,0.006587285615997538,0.016991776202796682,-0.008705948401302437,0.000199602117530108,0.045637454313782924,0.01689902933378537,-0.007390376443838623,-0.006871508046947415,0.00236296570143041,-0.0016633232735762935,-0.01548702242305507,0.009101405129345663,-0.011682894229964257,-0.0043326313121874425,-0.013137065580141789,-0.001634756727469289,0.0025199792649510267,0.002790743452156715,-0.0093079130779802,0.009425844212420337,0.012846003389328245,0.02866848769695194,-0.014773774124793426,-0.000442148691842147,0.01689902933378537,0.057647742639271526,-0.03243843481205529,-0.02420226596667498,0.004840815508580801,-0.0020776930982287223,0.0244025288632254,-0.0260877492324591,0.021545920289714228,0.01245018964966889,0.014601790112368009,0.001320267743866925,-0.011025918203390866,0.0020117094316964373,0.011061046912454228,0.0005406379412262405,-0.013083087052119765,-0.01978105962043103,0.01479855440017875,0.00705865299613084,-0.007390376443838623,-0.03243843481205529,0.06132684214722393,0.007494353654818391,-0.007100619863137847,-0.003017392315197269,0.002926010729697129,0.008135320271695685,-0.0007084838219315201,-0.00739199835912821,0.004933596631242527,0.0017642655479688954,0.001337494392149891,0.0045411102129878575,0.0037309975264877586,-0.009241617458691485,-0.002346756620334062,-0.006639361312521524,-0.0015038719480181205,0.0037602178228437946,-0.006871508046947415,-0.02420226596667498,0.007494353654818391,0.04700506623951931,-0.002293825495498108,0.012614532319259974,-0.002342970710801519,0.00724202950262304,-0.000751685436244031,-0.004945626144736123,0.004227413411827738,0.0017675178386328794,0.0020867849715424866,-0.0036676777013823787,-0.0015893462005691947,0.0005918718396514381,0.00743451197204977,-0.007744579532259653,-0.0014372809219441542,-0.0036791062257538294,0.00236296570143041,0.004840815508580801,-0.007100619863137847,-0.002293825495498108,0.040215555636505314
0.07327518539835101,-0.010408155559820772,0.013624223619163368,-0.018753442062773965,0.012978369732727181,0.0520299088823306,-0.002406749574118499,0.017458043131531667,-0.00017771879379994276,0.01244851508358296,0.04195720168202385,0.009648957042701441,0.002920383897022891,0.003408740149349175,0.024362098000235,-0.023531030033680324,-0.0010140341453895912,-0.00989094420880446,0.0075598396419817495,0.025102295398801357,-0.010408155559820772,0.05906490247464091,0.016853137335645342,0.010021962461958543,-0.012473044645353336,-0.019863327885456385,0.020651795120810418,-0.01441697787721499,0.010200501315500925,-0.0027598696697538677,0.005799139506276251,-0.01710019530449758,-0.006754190120563596,0.02045167975423756,-0.00207483721214764,0.003933769168889871,-0.02698210424651119,0.028942451022376275,-0.0014333372189979181,-0.010014593403766568,0.013624223619163368,0.016853137335645342,0.049951458101296836,0.009203695479653936,-0.0017535929456546162,0.023695100769354598,0.006303976990677805,0.009667196908341308,0.004599855041253563,-0.012975904902232436,0.0017862668156819923,-0.007546537742737228,-0.00179620886261088,0.005920738283397307,-0.016102970064457513,0.008142713524668286,-0.01293260699733276,0.013934731895205128,0.0004092456173132756,0.010127610285842019,-0.018753442062773965,0.010021962461958543,0.009203695479653936,0.06256810246614859,-0.029750200110677024,-0.0037552500722468412,0.01413107707915421,0.013936636130949724,0.0020087092282930438,0.0032468877315595954,0.02023050620621524,0.005095566243943697,0.0388573360499779,-0.0011943345974225312,-0.016841877611320194,0.029069605343220357,-0.00213656684551735,0.014578870589130412,-0.017059849635894034,-0.021744578341143097,0.012978369732727181,-0.012473044645353336,-0.0017535929456546162,-0.029750200110677024,0.05489159482201662,0.016325921649570467,-0.019429593451534027,-0.0014249325897006887,-0.005863504998302727,9.419851421926443e-5,-0.029677057425003824,0.003989455718381847,-0.030415734546379084,0.006899070313497639,0.009685340869479635,-0.019967392344982723,0.00044157760006290027,-0.011138674852703642,0.004980451278082355,0.023835576205962973,0.0520299088823306,-0.019863327885456385,0.023695100769354598,-0.0037552500722468412,0.016325921649570467,0.0856973923181695,-0.007292694652671583,0.022418250185061765,-0.00407868097724637,-0.0008415758649227896,0.030225210619626956,0.010278501729718196,-0.0007586109908917886,-0.002232917723740274,0.014888907046690693,-0.015608984114350091,-0.005316993994400063,-0.006910218549646815,0.0074102155983536465,0.02179749989225638,-0.002406749574118499,0.020651795120810418,0.006303976990677805,0.01413107707915421,-0.019429593451534027,-0.007292694652671583,0.03489871494139573,-0.005198219771015431,0.019602855129365555,-0.005218690029145302,0.024278320072537003,-0.010879400268536652,-0.002138260251717981,0.01111065370709876,0.009049404656796396,-0.0007887685312927965,-0.016469598457916432,0.003996213811705056,0.014078479709010692,-0.014027353580796001,0.017458043131531667,-0.01441697787721499,0.009667196908341308,0.013936636130949724,-0.0014249325897006887,0.022418250185061765,-0.005198219771015431,0.040216241203650166,-0.003305409984952514,0.010542182787739518,0.01244229334028614,0.017535187678400187,0.026514197099138076,0.0007805329952345452,-0.01053153055446103,0.0014594756792603884,-0.007518581144943898,-0.0235307069183212,-0.006447576518024342,0.011015921682762109,-0.00017771879379994276,0.010200501315500925,0.004599855041253563,0.0020087092282930438,-0.005863504998302727,-0.00407868097724637,0.019602855129365555,-0.003305409984952514,0.028218830595785938,-0.010760305480701931,0.023814324183955807,0.0006623638645188534,-0.003229291443061049,0.01313838986222363,0.0187878256951137,-0.0030856371888987413,-0.00694312024294993,0.0009569878240036555,0.02069927837448883,-0.005685570596392962,0.01244851508358296,-0.0027598696697538677,-0.012975904902232436,0.0032468877315595954,9.419851421926443e-5,-0.0008415758649227896,-0.005218690029145302,0.010542182787739518,-0.010760305480701931,0.0467100069086539,0.014742364059459417,0.011679648869149222,0.02052621692554883,-0.00024187559944123253,-0.0006188825216941792,0.0008421407373307014,0.006484863422925074,-0.012706315306611676,-0.020367873112030983,0.003059806975349839,0.04195720168202385,0.005799139506276251,0.0017862668156819923,0.02023050620621524,-0.029677057425003824,0.030225210619626956,0.024278320072537003,0.01244229334028614,0.023814324183955807,0.014742364059459417,0.11078762920795981,0.023974378666935088,0.04503920585998396,0.0034261930345237225,0.045631854107721345,-0.018612420565271612,-0.005060728428294883,-0.014689975586475234,0.01527404948993433,-0.014318988232160337,0.009648957042701441,-0.01710019530449758,-0.007546537742737228,0.005095566243943697,0.003989455718381847,0.010278501729718196,-0.010879400268536652,0.017535187678400187,0.0006623638645188534,0.011679648869149222,0.023974378666935088,0.05740860460363651,0.05956604376981522,-0.010326195968730063,-0.0006459634813888689,0.011280276170045477,0.02992866207929829,-0.017363895456127293,-0.024590309357065868,-0.008904787188672731,0.002920383897022891,-0.006754190120563596,-0.00179620886261088,0.0388573360499779,-0.030415734546379084,-0.0007586109908917886,-0.002138260251717981,0.026514197099138076,-0.003229291443061049,0.02052621692554883,0.04503920585998396,0.05956604376981522,0.1350293403892665,-0.021784774986057458,-0.025923565926765084,0.05260939400406681,0.04955894207072676,0.008012930733841832,-0.05617910534266351,-0.02691706911641473,0.003408740149349175,0.02045167975423756,0.005920738283397307,-0.0011943345974225312,0.006899070313497639,-0.002232917723740274,0.01111065370709876,0.0007805329952345452,0.01313838986222363,-0.00024187559944123253,0.0034261930345237225,-0.010326195968730063,-0.021784774986057458,0.03510062548274108,0.007554106971126997,-0.008782067282107628,-0.03355141520323486,0.002950467977042698,0.008996285345437671,0.006178799812102835,0.024362098000235,-0.00207483721214764,-0.016102970064457513,-0.016841877611320194,0.009685340869479635,0.014888907046690693,0.009049404656796396,-0.01053153055446103,0.0187878256951137,-0.0006188825216941792,0.045631854107721345,-0.0006459634813888689,-0.025923565926765084,0.007554106971126997,0.0834224894342593,-0.04919868486162902,-0.021258941347976977,-0.02472831637451526,0.04595869116598901,0.005425811939942851,-0.023531030033680324,0.003933769168889871,0.008142713524668286,0.029069605343220357,-0.019967392344982723,-0.015608984114350091,-0.0007887685312927965,0.0014594756792603884,-0.0030856371888987413,0.0008421407373307014,-0.018612420565271612,0.011280276170045477,0.05260939400406681,-0.008782067282107628,-0.04919868486162902,0.07016800018451623,0.03124526539097979,0.02976662761387798,-0.04191593428824953,-0.01748478505230075,-0.0010140341453895912,-0.02698210424651119,-0.01293260699733276,-0.00213656684551735,0.00044157760006290027,-0.005316993994400063,-0.016469598457916432,-0.007518581144943898,-0.00694312024294993,0.006484863422925074,-0.005060728428294883,0.02992866207929829,0.04955894207072676,-0.03355141520323486,-0.021258941347976977,0.03124526539097979,0.07696286199604749,0.007407545000273025,-0.03367661748724991,-0.009163590686773145,-0.00989094420880446,0.028942451022376275,0.013934731895205128,0.014578870589130412,-0.011138674852703642,-0.006910218549646815,0.003996213811705056,-0.0235307069183212,0.0009569878240036555,-0.012706315306611676,-0.014689975586475234,-0.017363895456127293,0.008012930733841832,0.002950467977042698,-0.02472831637451526,0.02976662761387798,0.007407545000273025,0.0760016471187619,-0.030983759653806557,-0.007232450419572954,0.0075598396419817495,-0.0014333372189979181,0.0004092456173132756,-0.017059849635894034,0.004980451278082355,0.0074102155983536465,0.014078479709010692,-0.006447576518024342,0.02069927837448883,-0.020367873112030983,0.01527404948993433,-0.024590309357065868,-0.05617910534266351,0.008996285345437671,0.04595869116598901,-0.04191593428824953,-0.03367661748724991,-0.030983759653806557,0.08288863504914089,0.008094700593845348,0.025102295398801357,-0.010014593403766568,0.010127610285842019,-0.021744578341143097,0.023835576205962973,0.02179749989225638,-0.014027353580796001,0.011015921682762109,-0.005685570596392962,0.003059806975349839,-0.014318988232160337,-0.008904787188672731,-0.02691706911641473,0.006178799812102835,0.005425811939942851,-0.01748478505230075,-0.009163590686773145,-0.007232450419572954,0.008094700593845348,0.04031570646617337
0.06088129738066629,0.00035274922568924016,0.030844506014022506,0.006999501298120978,0.017139043896656776,0.005000054769692808,0.001843113717295594,0.01313527618220799,0.00010921444753157934,-0.0032793986966917245,0.019427718471082874,-0.01711506385014507,0.01246074880318762,0.01487926878227333,-0.008216057769617403,-0.022326919221743343,-0.006848495645439861,0.02069174972636611,0.0011121799508547257,-0.002788086887143439,0.00035274922568924016,0.025921528471254444,0.006403680641010597,-0.005223022543219564,0.006933040997094582,-0.0012981112234028804,0.007486140479657345,-0.00786511034600116,0.0028047544477181772,0.009057548573614533,0.001998070152548869,-0.002244706911383773,0.006181089263405474,0.002670636044327379,0.0019001300940532048,0.004591591213411983,-0.0035897859948342253,0.005560019447610838,0.0003756982459277589,-0.0036902957290088764,0.030844506014022506,0.006403680641010597,0.07073847442010937,-0.0066155568786708295,-0.012692987984637813,-0.01514732792569537,0.008745581332863685,0.00519631448921894,0.017863986426118254,-0.005385214118074958,0.024379918010398918,-0.009229545831292933,0.015558844234153813,-0.0010328576759445498,0.008037841235944889,-0.011016858900017478,-0.010298813215532313,0.01845323340354456,0.027988652549171024,0.013069621361335973,0.006999501298120978,-0.005223022543219564,-0.0066155568786708295,0.10756630422506996,0.0694545543406645,0.012083641784397265,-0.004883636265258501,0.016360804652672836,-0.000825204283670858,-0.0063839121611380025,-0.02619922953772958,0.0002019147018001256,0.0009895091217341744,0.06883987265331122,-0.018112031064058145,-0.024984230385501554,0.024956245762660808,0.03520215557875171,-0.03974326121051944,-0.022949852108674992,0.017139043896656776,0.006933040997094582,-0.012692987984637813,0.0694545543406645,0.12726193367121513,0.02012471968022561,0.00482816540470683,0.023091838279368098,0.006604470304399722,0.002081423147412699,-0.030568555177346576,-0.007785195505182909,0.016176962975370485,0.07658909750789317,-0.04217269318730332,-0.013578527952097285,0.023906350279889233,0.0279748052973115,-0.051221038509454406,-0.02183709438645212,0.005000054769692808,-0.0012981112234028804,-0.01514732792569537,0.012083641784397265,0.02012471968022561,0.03419747242091759,-0.009681788401189335,0.0035900259902557335,-0.013556670788793872,0.013310676943086564,-0.005942477756285454,0.004575567437820454,0.001834625708495238,0.006559525391002892,-0.009154046161961468,-0.002698446213198111,0.010327335021576395,-0.0005469235180701195,-0.021842901570270565,-0.005117190965012026,0.001843113717295594,0.007486140479657345,0.008745581332863685,-0.004883636265258501,0.00482816540470683,-0.009681788401189335,0.03645930632903385,-0.012163310817973026,0.013518709664364047,-0.010033597492817271,0.0002361231614988464,-0.011868139103454238,0.0008572302601357168,-0.00458536779580278,0.007456792250622391,0.009358139808504123,-0.008159110251929887,0.006017548247017779,0.015517864801747555,0.005254608621440192,0.01313527618220799,-0.00786511034600116,0.00519631448921894,0.016360804652672836,0.023091838279368098,0.0035900259902557335,-0.012163310817973026,0.02936573027865646,0.0077056159092716535,0.001349541408975008,-0.00455147461301671,0.002641400820382933,0.009408157538088827,0.019430565803565236,-0.017095587273774377,-0.0029260408779336593,0.0005607770517634418,0.004946875005582966,-0.011338166309216562,-0.009194861437232135,0.00010921444753157934,0.0028047544477181772,0.017863986426118254,-0.000825204283670858,0.006604470304399722,-0.013556670788793872,0.013518709664364047,0.0077056159092716535,0.04043669133861583,-0.003049979681568043,0.006052242953230562,0.002908686367583578,0.0030997152550015245,0.008273446829966509,0.009492994792464564,0.016710169256314626,0.0005784501616984939,0.014391741129671941,0.005015256947587235,-0.006763885580964655,-0.0032793986966917245,0.009057548573614533,-0.005385214118074958,-0.0063839121611380025,0.002081423147412699,0.013310676943086564,-0.010033597492817271,0.001349541408975008,-0.003049979681568043,0.050194045824519196,0.010642951191384645,0.01877652531460807,0.013097452896251324,-0.01217894752044346,-0.006130792917527313,0.016029625292513387,0.008984255521241657,-0.005071468392926072,-0.009892577259533793,-0.010165977306948355,0.019427718471082874,0.001998070152548869,0.024379918010398918,-0.02619922953772958,-0.030568555177346576,-0.005942477756285454,0.0002361231614988464,-0.00455147461301671,0.006052242953230562,0.010642951191384645,0.04798694373432687,0.009457123140008664,0.015675012216850297,-0.03534476416753466,0.018693623794623974,-0.008487222078245725,0.008272396516262758,-0.0009104194856744581,0.011714001275402692,0.0036011959097046933,-0.01711506385014507,-0.002244706911383773,-0.009229545831292933,0.0002019147018001256,-0.007785195505182909,0.004575567437820454,-0.011868139103454238,0.002641400820382933,0.002908686367583578,0.01877652531460807,0.009457123140008664,0.05024327644493998,0.019943923285113484,-0.014714899954193145,0.0068541535374064405,0.010038087407567644,0.02611264918810876,-0.022508349830406484,-0.00924602301326047,-0.010868839612825395,0.01246074880318762,0.006181089263405474,0.015558844234153813,0.0009895091217341744,0.016176962975370485,0.001834625708495238,0.0008572302601357168,0.009408157538088827,0.0030997152550015245,0.013097452896251324,0.015675012216850297,0.019943923285113484,0.06222258267973059,-0.0018698953286052887,-0.007739916804386954,0.00839983520631106,0.025593464586525817,-0.0059958412409769155,-0.01471681039777344,-0.009208920713274116,0.01487926878227333,0.002670636044327379,-0.0010328576759445498,0.06883987265331122,0.07658909750789317,0.006559525391002892,-0.00458536779580278,0.019430565803565236,0.008273446829966509,-0.01217894752044346,-0.03534476416753466,-0.014714899954193145,-0.0018698953286052887,0.09215577814558584,-0.03400004866301923,-0.020360268653151683,-0.005251096091122743,0.03696816225559159,-0.03064885855263963,-0.019949245296158623,-0.008216057769617403,0.0019001300940532048,0.008037841235944889,-0.018112031064058145,-0.04217269318730332,-0.009154046161961468,0.007456792250622391,-0.017095587273774377,0.009492994792464564,-0.006130792917527313,0.018693623794623974,0.0068541535374064405,-0.007739916804386954,-0.03400004866301923,0.04310524872895202,-0.0016257679105094109,0.006465867473015538,-0.00837742933399718,0.01064595875425424,0.011383020258570489,-0.022326919221743343,0.004591591213411983,-0.011016858900017478,-0.024984230385501554,-0.013578527952097285,-0.002698446213198111,0.009358139808504123,-0.0029260408779336593,0.016710169256314626,0.016029625292513387,-0.008487222078245725,0.010038087407567644,0.00839983520631106,-0.020360268653151683,-0.0016257679105094109,0.06152737053730898,-0.0029753230939085587,-0.017126430679974484,0.008009274242440892,-0.009987664648218547,-0.006848495645439861,-0.0035897859948342253,-0.010298813215532313,0.024956245762660808,0.023906350279889233,0.010327335021576395,-0.008159110251929887,0.0005607770517634418,0.0005784501616984939,0.008984255521241657,0.008272396516262758,0.02611264918810876,0.025593464586525817,-0.005251096091122743,0.006465867473015538,-0.0029753230939085587,0.059965464388905494,-0.010475829529270307,-0.03383512274203268,-0.0023355498820264737,0.02069174972636611,0.005560019447610838,0.01845323340354456,0.03520215557875171,0.0279748052973115,-0.0005469235180701195,0.006017548247017779,0.004946875005582966,0.014391741129671941,-0.005071468392926072,-0.0009104194856744581,-0.022508349830406484,-0.0059958412409769155,0.03696816225559159,-0.00837742933399718,-0.017126430679974484,-0.010475829529270307,0.05604080442140022,-0.006708999154661529,-0.007430814309675817,0.0011121799508547257,0.0003756982459277589,0.027988652549171024,-0.03974326121051944,-0.051221038509454406,-0.021842901570270565,0.015517864801747555,-0.011338166309216562,0.005015256947587235,-0.009892577259533793,0.011714001275402692,-0.00924602301326047,-0.01471681039777344,-0.03064885855263963,0.01064595875425424,0.008009274242440892,-0.03383512274203268,-0.006708999154661529,0.06656438181133092,0.01807015782461279,-0.002788086887143439,-0.0036902957290088764,0.013069621361335973,-0.022949852108674992,-0.02183709438645212,-0.005117190965012026,0.005254608621440192,-0.009194861437232135,-0.006763885580964655,-0.010165977306948355,0.0036011959097046933,-0.010868839612825395,-0.009208920713274116,-0.019949245296158623,0.011383020258570489,-0.009987664648218547,-0.0023355498820264737,-0.007430814309675817,0.01807015782461279,0.0387327336975619
