0.12898181974012438,0.025377406965064762,-0.010953177575918025,0.06787200004757613,-0.05558823578538245,-0.07673268608811651,0.015066416108420461,-0.07039611717912592,0.021014518605273955,0.01999520493747091,0.019357597667811092,-0.01283834321925615,-0.02898088642897926,-0.01860543769806101,0.017127406629669432,-0.04734293472850552,0.03364007798548821,0.09052197531443054,-0.029026127985804007,-0.017664508443051063,0.025377406965064762,0.058174084929820714,-0.013881183172770477,0.02635677607039675,-0.02477780847267016,-0.02920042516919899,0.009827679139264526,-0.012415764244020576,0.023871884666332287,-0.010213036611630094,-0.0031082032853433066,-0.014692977149668305,-0.02183391250972124,0.011363830991495317,0.0016372806976605184,0.002266567936696513,0.005539939037935519,0.025649559315886767,-0.006451360327456869,-0.013599905737946932,-0.010953177575918025,-0.013881183172770477,0.06896671910215502,-0.010083294626044077,0.0137736185412725,0.015072741819106962,-0.03964088910405828,0.006032590740356471,-0.02973674680970427,0.01506549879817564,-0.006808793481269605,0.005098785279145534,0.009998374431616231,-0.012311127423897898,0.0090348566667027,-0.008696926380202514,-0.013429239999710497,0.001383611422539276,0.005917684735981681,-0.0011316377964936037,0.06787200004757613,0.02635677607039675,-0.010083294626044077,0.07170561799833021,-0.026924685979724243,-0.051172182423339777,-0.0018908639140671197,-0.042106871993514386,0.01212216952228812,0.00642626298152458,0.013262458293268537,-0.005394464842951216,-0.02511453159948498,-0.003135198208362284,0.005911836668427986,-0.020186524692234798,0.015534479102598756,0.055369823280528835,-0.011328990065961272,-0.01656848963744822,-0.05558823578538245,-0.02477780847267016,0.0137736185412725,-0.026924685979724243,0.0646710515312169,0.046258891934907106,-0.02666079877988079,0.04822959354869785,-0.017661979857054838,-0.005036286080571404,-0.009311800005198753,0.020061460551641888,0.02984791045624434,0.0020375312941201163,-0.010132011385793664,0.007201385483745786,-0.03075402666728036,-0.048630365244705355,0.011851744350090787,-0.009740921911768435,-0.07673268608811651,-0.02920042516919899,0.015072741819106962,-0.051172182423339777,0.046258891934907106,0.0858622000195338,-0.016655440460733528,0.06310160775667915,-0.02210142972785286,-0.011165768021703507,-0.015513426969317321,0.011962889090613833,0.03729485583170222,0.007044910824897454,-0.011436373373483048,0.02712641647703065,-0.03654147730966474,-0.07539265361686429,0.01023120037664526,0.008455995160465373,0.015066416108420461,0.009827679139264526,-0.03964088910405828,-0.0018908639140671197,-0.02666079877988079,-0.016655440460733528,0.05880494080109056,-0.026925543799866822,0.026090780341596318,-0.0034482698086991735,0.006046775812194821,-0.018908161903574094,-0.019946362040208884,0.009138094837450563,-0.0016009492321613391,0.009485742712400855,0.018941647974100605,0.006752736303188774,-0.006178068017945189,0.019017455591343067,-0.07039611717912592,-0.012415764244020576,0.006032590740356471,-0.042106871993514386,0.04822959354869785,0.06310160775667915,-0.026925543799866822,0.08963137513952005,-0.006826482603545669,-0.024204035890602976,-0.027144057895552777,0.017598885575548,0.03398219914573197,0.016006388174572936,-0.020519764772547286,0.027725068683855734,-0.03341602545968085,-0.07691240012193523,0.013581268900583018,-0.01135086649228234,0.021014518605273955,0.023871884666332287,-0.02973674680970427,0.01212216952228812,-0.017661979857054838,-0.02210142972785286,0.026090780341596318,-0.006826482603545669,0.05204285035402125,-0.008381443416976785,-0.005293610643506428,-0.010045682805562907,-0.010906490369739327,0.013936886290125673,-0.008772732610905287,0.008321937559443516,0.01288575657257142,0.011234784861071653,-0.002831641086514203,-0.010695088037605955,0.01999520493747091,-0.010213036611630094,0.01506549879817564,0.00642626298152458,-0.005036286080571404,-0.011165768021703507,-0.0034482698086991735,-0.024204035890602976,-0.008381443416976785,0.030061497067993662,0.00493793075675772,-0.0017356037065976069,-0.0038623885017960596,-0.01007529507593451,0.010159517828923537,-0.01189443637931194,-5.377987361714998e-6,0.02788803985592691,-0.007131891037780013,0.006491026822276683,0.019357597667811092,-0.0031082032853433066,-0.006808793481269605,0.013262458293268537,-0.009311800005198753,-0.015513426969317321,0.006046775812194821,-0.027144057895552777,-0.005293610643506428,0.00493793075675772,0.025948542985549713,0.00022067186263837195,-0.00868852998727112,-0.005836790263856104,0.0015015823159683435,-0.009043714491939192,0.00999450172742726,0.017001178228567313,-0.0052134607612214475,0.011011969788182531,-0.01283834321925615,-0.014692977149668305,0.005098785279145534,-0.005394464842951216,0.020061460551641888,0.011962889090613833,-0.018908161903574094,0.017598885575548,-0.010045682805562907,-0.0017356037065976069,0.00022067186263837195,0.03271162745809998,0.010239620021169809,0.0008146733195078788,-0.0038148960267859336,0.0031101901763901313,-0.01568465339290384,-0.019021119739475345,0.0052830054570564885,-0.003907327160907808,-0.02898088642897926,-0.02183391250972124,0.009998374431616231,-0.02511453159948498,0.02984791045624434,0.03729485583170222,-0.019946362040208884,0.03398219914573197,-0.010906490369739327,-0.0038623885017960596,-0.00868852998727112,0.010239620021169809,0.0385459571079686,-0.00016013299528918343,-0.006994236262798742,0.005349162882080434,-0.014803156736526877,-0.03482145425224821,0.006354837265057041,-0.0015853884937280058,-0.01860543769806101,0.011363830991495317,-0.012311127423897898,-0.003135198208362284,0.0020375312941201163,0.007044910824897454,0.009138094837450563,0.016006388174572936,0.013936886290125673,-0.01007529507593451,-0.005836790263856104,0.0008146733195078788,-0.00016013299528918343,0.026647623530534334,-0.008668776118548847,0.017796307772532383,-0.002826345315223763,-0.013947570370031543,0.0058708145178877885,-0.003170694651946345,0.017127406629669432,0.0016372806976605184,0.0090348566667027,0.005911836668427986,-0.010132011385793664,-0.011436373373483048,-0.0016009492321613391,-0.020519764772547286,-0.008772732610905287,0.010159517828923537,0.0015015823159683435,-0.0038148960267859336,-0.006994236262798742,-0.008668776118548847,0.02605214110267978,-0.010303324903887778,0.0005622852300020624,0.022650938009067118,-0.009103548109632886,0.0024440365161107844,-0.04734293472850552,0.002266567936696513,-0.008696926380202514,-0.020186524692234798,0.007201385483745786,0.02712641647703065,0.009485742712400855,0.027725068683855734,0.008321937559443516,-0.01189443637931194,-0.009043714491939192,0.0031101901763901313,0.005349162882080434,0.017796307772532383,-0.010303324903887778,0.04536820325112719,-0.019802528089614694,-0.037637143611123205,0.006640373940038058,0.0028098650297171185,0.03364007798548821,0.005539939037935519,-0.013429239999710497,0.015534479102598756,-0.03075402666728036,-0.03654147730966474,0.018941647974100605,-0.03341602545968085,0.01288575657257142,-5.377987361714998e-6,0.00999450172742726,-0.01568465339290384,-0.014803156736526877,-0.002826345315223763,0.0005622852300020624,-0.019802528089614694,0.05671479207208149,0.03158245628346294,0.0036123486600231104,0.0153588869414281,0.09052197531443054,0.025649559315886767,0.001383611422539276,0.055369823280528835,-0.048630365244705355,-0.07539265361686429,0.006752736303188774,-0.07691240012193523,0.011234784861071653,0.02788803985592691,0.017001178228567313,-0.019021119739475345,-0.03482145425224821,-0.013947570370031543,0.022650938009067118,-0.037637143611123205,0.03158245628346294,0.1184205616733227,-0.02329406609746125,-0.008883820451415406,-0.029026127985804007,-0.006451360327456869,0.005917684735981681,-0.011328990065961272,0.011851744350090787,0.01023120037664526,-0.006178068017945189,0.013581268900583018,-0.002831641086514203,-0.007131891037780013,-0.0052134607612214475,0.0052830054570564885,0.006354837265057041,0.0058708145178877885,-0.009103548109632886,0.006640373940038058,0.0036123486600231104,-0.02329406609746125,0.02730628272993823,-0.0006972655016257245,-0.017664508443051063,-0.013599905737946932,-0.0011316377964936037,-0.01656848963744822,-0.009740921911768435,0.008455995160465373,0.019017455591343067,-0.01135086649228234,-0.010695088037605955,0.006491026822276683,0.011011969788182531,-0.003907327160907808,-0.0015853884937280058,-0.003170694651946345,0.0024440365161107844,0.0028098650297171185,0.0153588869414281,-0.008883820451415406,-0.0006972655016257245,0.05335875768210323
0.1095986615108523,0.04139616085866417,-0.00967331541628477,0.07243112565684033,-0.03231197520295746,-0.051361898097360914,0.017638306460820194,-0.059586803621146836,-0.02234013155328206,0.02513143278266863,0.001452566443923956,-0.029809093762798937,-0.031950327788323955,-0.004220887354678696,0.041153378279546446,-0.03769207148968277,0.013804989798040443,0.0732054581520376,-0.022474064944562354,-0.042842889873056234,0.04139616085866417,0.06791047999544339,-0.016729877717048532,0.041155535407025795,0.002927419829263524,-0.042152351093718315,0.005778249299057471,-0.01794100769616196,0.010699314553969044,-0.010118766867406228,-0.012607698427771052,-0.016255169580512,-0.01637639975655789,-0.00493162911125516,0.022991269040494332,-0.024109037515011568,0.008130861737034575,0.02785988366182903,-0.024592650154376332,-0.02702979405289197,-0.00967331541628477,-0.016729877717048532,0.04067170751434965,-0.02610946076961766,0.005967145480421359,0.02002169731002567,-0.010837909439757558,0.013891507146308407,-0.002445062827822547,0.012127509660271506,-0.005421942839165599,0.008980682364370052,0.005122693664675535,-0.0039008527846732285,-0.0021892986179006734,0.015414417175042753,-0.017617768337200627,-0.018604168924545354,0.008729713401595141,-0.002176601386953258,0.07243112565684033,0.041155535407025795,-0.02610946076961766,0.09292838601429115,-0.01680451513443752,-0.04946466746163903,0.008099950379256515,-0.04475991579523317,-0.011731497289193392,0.011424041770757863,-0.000350807014969651,-0.030551437102477187,-0.034353683297929816,-0.001239203422637739,0.03218149430447785,-0.03621325196057042,0.014630094429474274,0.05706151926899568,-0.02131570387487733,-0.025087983716912156,-0.03231197520295746,0.002927419829263524,0.005967145480421359,-0.01680451513443752,0.06546648870815673,0.014006976206214723,-0.00854962532544407,0.034350117615406545,0.022266409470389104,-0.0020975898585324157,-0.021200286069607784,0.0015294513631963227,0.01665744003846701,-0.006428575209609311,0.016182154881321145,0.006635045819847486,-0.0057825997811764545,-0.03527396128020054,-0.01407363266835466,-0.016992392334851794,-0.051361898097360914,-0.042152351093718315,0.02002169731002567,-0.04946466746163903,0.014006976206214723,0.06427280554394814,-0.009849941974162939,0.020552145980264766,-0.010187459905988681,0.009605088014118364,0.0012673171945078647,0.014086310418490674,0.027694505490546518,0.0015606332153604175,-0.010401153821149403,0.02726038904121912,-0.0214357802901321,-0.035175237013723784,0.007622383937196451,0.01819073697921418,0.017638306460820194,0.005778249299057471,-0.010837909439757558,0.008099950379256515,-0.00854962532544407,-0.009849941974162939,0.022681982288683122,-0.012227633766927426,-0.0021844815540009973,0.0002660347058425686,-0.000196993479633036,-0.007880773867776662,-0.005114050813160872,0.004224956430136631,-0.0017984198534086284,-0.00029138906286862575,0.002260780815937942,0.008507477305504694,-0.001457442984101821,-0.004872350349739095,-0.059586803621146836,-0.01794100769616196,0.013891507146308407,-0.04475991579523317,0.034350117615406545,0.020552145980264766,-0.012227633766927426,0.070176715684913,0.031160054711734993,-0.016927330287904586,-0.01806639394463479,0.023038307832180464,0.012152209734461884,0.007559385510134694,-0.03146898300520262,0.03283426727616751,-0.008520020815816976,-0.06056925606438591,0.022819984616092547,0.004515987239986035,-0.02234013155328206,0.010699314553969044,-0.002445062827822547,-0.011731497289193392,0.022266409470389104,-0.010187459905988681,-0.0021844815540009973,0.031160054711734993,0.053791150651181945,-0.01524891904819042,-0.021412538830759456,0.009362080379233164,0.00041261665015947723,-0.005868336708452911,-0.012606607955513358,0.013881786334779368,0.0027262300133315603,-0.040082048526492636,-0.0017808059832467717,-0.006219632666113781,0.02513143278266863,-0.010118766867406228,0.012127509660271506,0.011424041770757863,-0.0020975898585324157,0.009605088014118364,0.0002660347058425686,-0.016927330287904586,-0.01524891904819042,0.04089861865301253,-0.004218417241430956,-0.01488674636001945,-0.0052141954548312625,-0.001097122518200178,0.024519430898471174,-0.00012647191967143245,-0.0064455344254569155,0.016953802975276763,-0.003874586681473245,-0.016410478868998962,0.001452566443923956,-0.012607698427771052,-0.005421942839165599,-0.000350807014969651,-0.021200286069607784,0.0012673171945078647,-0.000196993479633036,-0.01806639394463479,-0.021412538830759456,-0.004218417241430956,0.03832923173301145,0.006244850589770364,-0.008234094430986742,0.0033382337874567087,-0.013788611969758974,-0.0054426961131850615,-0.0006881944344421834,0.016608313654858518,0.01274863660409797,0.021055473403768232,-0.029809093762798937,-0.016255169580512,0.008980682364370052,-0.030551437102477187,0.0015294513631963227,0.014086310418490674,-0.007880773867776662,0.023038307832180464,0.009362080379233164,-0.01488674636001945,0.006244850589770364,0.04159709140909323,0.0007259955008809479,-0.003753357114428362,-0.031373463986732485,0.020446206458330805,-0.01168607932489037,-0.027870804859762878,0.014793889246700661,0.016772997782492485,-0.031950327788323955,-0.01637639975655789,0.005122693664675535,-0.034353683297929816,0.01665744003846701,0.027694505490546518,-0.005114050813160872,0.012152209734461884,0.00041261665015947723,-0.0052141954548312625,-0.008234094430986742,0.0007259955008809479,0.045077806355157825,0.0006021121964015667,0.01097426792424713,0.00780562704495507,-0.0046010784492741645,-0.021490412876621734,-0.004155226854308646,0.01562605671586185,-0.004220887354678696,-0.00493162911125516,-0.0039008527846732285,-0.001239203422637739,-0.006428575209609311,0.0015606332153604175,0.004224956430136631,0.007559385510134694,-0.005868336708452911,-0.001097122518200178,0.0033382337874567087,-0.003753357114428362,0.0006021121964015667,0.02590745895910361,-0.0037716661194211114,0.0017212881278054894,0.004302375232065045,0.0010645902033783725,0.007751727927390076,-0.0026494485916608926,0.041153378279546446,0.022991269040494332,-0.0021892986179006734,0.03218149430447785,0.016182154881321145,-0.010401153821149403,-0.0017984198534086284,-0.03146898300520262,-0.012606607955513358,0.024519430898471174,-0.013788611969758974,-0.031373463986732485,0.01097426792424713,-0.0037716661194211114,0.08561928979541004,-0.02695818014118348,0.004043868596766655,0.0323967007820377,-0.038772882861658614,-0.022442942799560855,-0.03769207148968277,-0.024109037515011568,0.015414417175042753,-0.03621325196057042,0.006635045819847486,0.02726038904121912,-0.00029138906286862575,0.03283426727616751,0.013881786334779368,-0.00012647191967143245,-0.0054426961131850615,0.020446206458330805,0.00780562704495507,0.0017212881278054894,-0.02695818014118348,0.04834413368117364,-0.019024117039198173,-0.040958161453512665,0.017506555130184037,0.002325430854657153,0.013804989798040443,0.008130861737034575,-0.017617768337200627,0.014630094429474274,-0.0057825997811764545,-0.0214357802901321,0.002260780815937942,-0.008520020815816976,0.0027262300133315603,-0.0064455344254569155,-0.0006881944344421834,-0.01168607932489037,-0.0046010784492741645,0.004302375232065045,0.004043868596766655,-0.019024117039198173,0.037585424011268825,0.014628563264964652,-0.005335470323596723,0.0032905424716754717,0.0732054581520376,0.02785988366182903,-0.018604168924545354,0.05706151926899568,-0.03527396128020054,-0.035175237013723784,0.008507477305504694,-0.06056925606438591,-0.040082048526492636,0.016953802975276763,0.016608313654858518,-0.027870804859762878,-0.021490412876621734,0.0010645902033783725,0.0323967007820377,-0.040958161453512665,0.014628563264964652,0.08953209427693973,-0.014909146350100135,-0.014181512131539845,-0.022474064944562354,-0.024592650154376332,0.008729713401595141,-0.02131570387487733,-0.01407363266835466,0.007622383937196451,-0.001457442984101821,0.022819984616092547,-0.0017808059832467717,-0.003874586681473245,0.01274863660409797,0.014793889246700661,-0.004155226854308646,0.007751727927390076,-0.038772882861658614,0.017506555130184037,-0.005335470323596723,-0.014909146350100135,0.0542113463666032,0.015470276268232157,-0.042842889873056234,-0.02702979405289197,-0.002176601386953258,-0.025087983716912156,-0.016992392334851794,0.01819073697921418,-0.004872350349739095,0.004515987239986035,-0.006219632666113781,-0.016410478868998962,0.021055473403768232,0.016772997782492485,0.01562605671586185,-0.0026494485916608926,-0.022442942799560855,0.002325430854657153,0.0032905424716754717,-0.014181512131539845,0.015470276268232157,0.0649541753641454
