0.08643921046101641,-0.014327369998900292,0.04945207023256529,0.0011158984009733953,-0.0025122785380588776,0.0002772636298543532,-0.00905754026788845,-0.020396867467514835,-0.004733655074931808,0.030824834641135057,0.046042501552589724,0.014943253420465045,0.0038686616993270128,-0.014743643077633487,-0.06275836098389688,0.004634448444322234,-0.006065759032700005,-0.006895501477582943,-0.03934548661668007,-0.05042145607425219,-0.014327369998900292,0.02231728874514248,-0.013004139487495927,-0.013819039972766341,-0.005202028039814333,-0.002573757822474188,0.0036772727291410658,-0.0007145983566274299,-0.0013042798374487208,-0.0024321164962743795,-0.015787000102276426,-0.014480150354757339,0.007170526518447129,0.012166383471523785,0.02238067942021322,0.007750345847586786,-0.002531686159879326,-0.0019803848076684043,0.0033452082260957096,0.011988676285579463,0.04945207023256529,-0.013004139487495927,0.07981883392518607,0.010101753161510563,0.013620791843595471,0.0010031051011916573,-0.004087647362653464,-0.010305340102787972,-0.014392280529231175,0.02360072002454147,0.03530503632281358,0.027075098874819223,-0.00962582052506602,-0.02797867415749767,-0.06070339814344058,-0.022102543380818362,-0.004649365439345154,0.010676928388951982,-0.02966782217802244,-0.039923561378312905,0.0011158984009733953,-0.013819039972766341,0.010101753161510563,0.032293260736514444,0.006848675975788149,0.0001349448444652501,-0.012314026435505611,0.007092683892304537,0.0010647765406652464,-0.00853856808369358,0.009442883902809972,0.013386458134776208,-0.004809865779336454,-0.015333393236073729,-0.01373327971063721,-0.003969134563779529,0.00828323500594973,0.007978842518340534,-0.007806287942218538,-0.0052202549533148825,-0.0025122785380588776,-0.005202028039814333,0.013620791843595471,0.006848675975788149,0.01839263490812255,0.0029799921264025463,-0.0011354338825777643,0.0006815926561787524,0.0009638917526376786,0.0009871468824473306,-0.0003370075991766288,0.004384959340253163,-0.0078985285450613,-0.0045885313515654814,-0.009378965170821752,-0.005106059165820085,0.007012436151494965,0.006921403009658836,0.002277299259233076,-0.0012400754982042407,0.0002772636298543532,-0.002573757822474188,0.0010031051011916573,0.0001349448444652501,0.0029799921264025463,0.027981358288303875,0.007353025292309516,0.0009583800801822499,0.013481799356003223,0.00029148405320434604,-0.012765751669243852,-0.012688593993227467,-0.0033217072906885537,0.00688857198825303,-0.004239662138553366,-0.015311335038198304,0.0032236833640477006,0.0071026198657767135,0.005910212448525107,-0.01238834457230829,-0.00905754026788845,0.0036772727291410658,-0.004087647362653464,-0.012314026435505611,-0.0011354338825777643,0.007353025292309516,0.03201174706136917,-0.006113168438284055,0.006637950250211749,0.007269190586037179,-0.015645707581091454,-0.013606247939686747,-0.0009175178510464521,0.0067126892790911495,0.007904441800846485,-0.015151870551918151,-0.0005780961382097197,-0.002545219833273096,0.008848217165876342,-0.00298943276688051,-0.020396867467514835,-0.0007145983566274299,-0.010305340102787972,0.007092683892304537,0.0006815926561787524,0.0009583800801822499,-0.006113168438284055,0.028984935068473997,0.00020819389193777694,-0.014662298347778123,-0.00381300957063726,0.004297550597527508,-0.004541905998795616,-0.0010778124882895996,0.010971804406500533,-0.0060627837981566245,0.003069255730495139,0.0022824245469705365,0.007980536324696735,0.007671899655214366,-0.004733655074931808,-0.0013042798374487208,-0.014392280529231175,0.0010647765406652464,0.0009638917526376786,0.013481799356003223,0.006637950250211749,0.00020819389193777694,0.027146922258437234,-0.0015687059932598852,-0.018074469851096127,-0.009943278758202886,-0.0010141475115658125,0.010028631213316635,0.0020702142494060773,-0.0010442035033878905,0.0025514494919685266,0.0007902349283086823,0.01005023946946925,-0.002315784229336726,0.030824834641135057,-0.0024321164962743795,0.02360072002454147,-0.00853856808369358,0.0009871468824473306,0.00029148405320434604,0.007269190586037179,-0.014662298347778123,-0.0015687059932598852,0.03556801132521292,0.012482198661603711,-0.003993058924429022,-0.005426075852284095,0.00225218437859509,-0.027503534424113928,-0.009698042735008136,0.0007936148241606702,-0.0013870036446606013,-0.012411365114618184,-0.025469991615998694,0.046042501552589724,-0.015787000102276426,0.03530503632281358,0.009442883902809972,-0.0003370075991766288,-0.012765751669243852,-0.015645707581091454,-0.00381300957063726,-0.018074469851096127,0.012482198661603711,0.08538084524817095,0.035027788640744725,-0.005269814020321693,-0.03309047960065939,-0.04791694079424741,0.0067407900775441195,-0.004484627491294147,0.003176140411914854,-0.02665119911188965,-0.03008243035993395,0.014943253420465045,-0.014480150354757339,0.027075098874819223,0.013386458134776208,0.004384959340253163,-0.012688593993227467,-0.013606247939686747,0.004297550597527508,-0.009943278758202886,-0.003993058924429022,0.035027788640744725,0.04930896156614156,0.003310791189641958,-0.02585959125192832,-0.03259788055629532,0.0023907838308597123,-0.0013692888153009313,0.0026396400859770614,-0.02486855007341375,-0.008326160068408354,0.0038686616993270128,0.007170526518447129,-0.00962582052506602,-0.004809865779336454,-0.0078985285450613,-0.0033217072906885537,-0.0009175178510464521,-0.004541905998795616,-0.0010141475115658125,-0.005426075852284095,-0.005269814020321693,0.003310791189641958,0.03464063664686843,0.002213449282216996,0.005517267254398495,0.014949031124897622,-0.013558100785327733,-0.0067454456521178026,-0.004775926695048865,0.00853180791139784,-0.014743643077633487,0.012166383471523785,-0.02797867415749767,-0.015333393236073729,-0.0045885313515654814,0.00688857198825303,0.0067126892790911495,-0.0010778124882895996,0.010028631213316635,0.00225218437859509,-0.03309047960065939,-0.02585959125192832,0.002213449282216996,0.038105256280303534,0.028825134978675164,0.0011636578039051098,-0.0008373159989967477,-0.006286448062382051,0.018603985552066885,0.014034806571838379,-0.06275836098389688,0.02238067942021322,-0.06070339814344058,-0.01373327971063721,-0.009378965170821752,-0.004239662138553366,0.007904441800846485,0.010971804406500533,0.0020702142494060773,-0.027503534424113928,-0.04791694079424741,-0.03259788055629532,0.005517267254398495,0.028825134978675164,0.09088274239160056,0.012403329033455032,-0.0005359691113889739,-0.008031068402029527,0.038964308467407754,0.05389150152470491,0.004634448444322234,0.007750345847586786,-0.022102543380818362,-0.003969134563779529,-0.005106059165820085,-0.015311335038198304,-0.015151870551918151,-0.0060627837981566245,-0.0010442035033878905,-0.009698042735008136,0.0067407900775441195,0.0023907838308597123,0.014949031124897622,0.0011636578039051098,0.012403329033455032,0.05303294995748744,-0.0008904616604271407,-0.0071904954810443,-0.007551514146961401,0.01740834404589238,-0.006065759032700005,-0.002531686159879326,-0.004649365439345154,0.00828323500594973,0.007012436151494965,0.0032236833640477006,-0.0005780961382097197,0.003069255730495139,0.0025514494919685266,0.0007936148241606702,-0.004484627491294147,-0.0013692888153009313,-0.013558100785327733,-0.0008373159989967477,-0.0005359691113889739,-0.0008904616604271407,0.02409400172633726,0.004562063499716825,0.00367731007746789,0.0023975566739574085,-0.006895501477582943,-0.0019803848076684043,0.010676928388951982,0.007978842518340534,0.006921403009658836,0.0071026198657767135,-0.002545219833273096,0.0022824245469705365,0.0007902349283086823,-0.0013870036446606013,0.003176140411914854,0.0026396400859770614,-0.0067454456521178026,-0.006286448062382051,-0.008031068402029527,-0.0071904954810443,0.004562063499716825,0.02407543099830812,-0.001354336865412405,-0.00444072203737077,-0.03934548661668007,0.0033452082260957096,-0.02966782217802244,-0.007806287942218538,0.002277299259233076,0.005910212448525107,0.008848217165876342,0.007980536324696735,0.01005023946946925,-0.012411365114618184,-0.02665119911188965,-0.02486855007341375,-0.004775926695048865,0.018603985552066885,0.038964308467407754,-0.007551514146961401,0.00367731007746789,-0.001354336865412405,0.04826192620708094,0.025027510112018442,-0.05042145607425219,0.011988676285579463,-0.039923561378312905,-0.0052202549533148825,-0.0012400754982042407,-0.01238834457230829,-0.00298943276688051,0.007671899655214366,-0.002315784229336726,-0.025469991615998694,-0.03008243035993395,-0.008326160068408354,0.00853180791139784,0.014034806571838379,0.05389150152470491,0.01740834404589238,0.0023975566739574085,-0.00444072203737077,0.025027510112018442,0.05791395551397003
