0.03993751202207206,0.03729852018788693,0.04248415379765455,0.032182331283644984,0.02744598006374612,-0.003505739921160574,0.014401442800911731,0.019251903010933477,0.018133932801644652,0.0386905229873757,0.01736818265800899,0.031973000544241584,0.025634527381273225,0.023659919158178253,0.011055281370868355,0.016753771207123305,0.031219790187717453,-0.0006365337673283308,0.01588772648720454,0.006511008804881801,0.03729852018788693,0.06197795379027494,0.05691447052194598,0.038750056457916446,0.03713442170452677,0.0034451823591897953,0.016080863072863175,0.030498554692940327,0.019646637519335222,0.053575556664726354,0.01848864511038374,0.039057311771130906,0.035189618528816274,0.028567502547201334,0.009945207800310486,0.024792836366609488,0.038395653971468977,0.0021860252524144213,0.021634720152756626,0.009397152283076082,0.04248415379765455,0.05691447052194598,0.0974096436444117,0.057563159463513786,0.04672398698867116,-0.012173501163829212,0.03512760783227481,0.019841591718141594,0.009357757127257667,0.07096886689412699,0.0288814365796579,0.04667339039128268,0.051066709834002855,0.036633571084637384,0.017981768275500735,0.02843122508628966,0.06547139769266566,-0.005287344118946416,0.030107763318787794,-0.003863898197180949,0.032182331283644984,0.038750056457916446,0.057563159463513786,0.09547896455054744,0.03490968654602741,-0.019241464744527786,0.011868868793245547,0.004505126921472154,0.038258751345640676,0.05464147856486408,0.023702586107501998,0.057208667958799496,0.03926021212325455,0.038058740959114094,0.015271330895247577,0.005134254297469394,0.04350543933967304,-0.008855641307467143,0.02683606469918951,0.008381570479252417,0.02744598006374612,0.03713442170452677,0.04672398698867116,0.03490968654602741,0.042733860162230734,-0.005144889937849364,0.015205253764187927,0.018359284758927702,0.015881951793526944,0.04361755735810038,0.017613910908818326,0.032302484107624777,0.026721225133094908,0.020607328293001107,0.006711259230919704,0.012846462012316604,0.03252452395421375,-0.0016967615733134195,0.015239523728685598,0.004331296979600672,-0.003505739921160574,0.0034451823591897953,-0.012173501163829212,-0.019241464744527786,-0.005144889937849364,0.038969015551399616,-0.023532223148189015,0.021542665884706946,0.009907061902668114,-0.0016636475720754967,-0.012096323803981748,-0.007252294410516551,-0.01541536753325052,-0.005999380055494349,-0.012175317828768056,-0.00012138886368456196,-0.03437860993772314,0.006540376142038949,-0.007610019527918197,0.013657718642819072,0.014401442800911731,0.016080863072863175,0.03512760783227481,0.011868868793245547,0.015205253764187927,-0.023532223148189015,0.04886068396337594,-0.0019279407512315383,-0.007426906223999849,0.023531996752200246,0.02279639277448958,0.012259347408961332,0.027091554140250978,0.01178942371424074,0.00851709121088786,0.013247623647797375,0.052046896674601884,-0.0033614530855895107,0.014151672531920775,-0.006879034758165904,0.019251903010933477,0.030498554692940327,0.019841591718141594,0.004505126921472154,0.018359284758927702,0.021542665884706946,-0.0019279407512315383,0.0512805119315671,0.01499650801245463,0.026560284552070816,0.006652843079838613,0.01425466450405935,0.007320221706300846,0.011980079313334826,-0.002779838094861944,0.023031873167075265,0.0029011962474580003,0.013835903382302285,0.009668312262848477,0.021182666544300715,0.018133932801644652,0.019646637519335222,0.009357757127257667,0.038258751345640676,0.015881951793526944,0.009907061902668114,-0.007426906223999849,0.01499650801245463,0.05941802783745454,0.01918058301237167,0.006731030856458237,0.027537140852717343,0.008832459715463759,0.022041160520091814,0.0019990347350290634,-0.0007276206364344511,0.001804982498877037,0.008569652322412753,0.008164585772359484,0.02387759048627061,0.0386905229873757,0.053575556664726354,0.07096886689412699,0.05464147856486408,0.04361755735810038,-0.0016636475720754967,0.023531996752200246,0.026560284552070816,0.01918058301237167,0.07625397089123513,0.025408958951102872,0.04625287886350595,0.04219007664017496,0.034949431200551204,0.011943447693841935,0.025266928027875522,0.04961466317539751,0.0009255617898790034,0.027422013242895255,0.0021943620369064415,0.01736818265800899,0.01848864511038374,0.0288814365796579,0.023702586107501998,0.017613910908818326,-0.012096323803981748,0.02279639277448958,0.006652843079838613,0.006731030856458237,0.025408958951102872,0.03600670657407778,0.018375103245408662,0.025198463848349714,0.01846133783883438,0.012265974880875555,0.010726426092885571,0.0351888332817869,0.0026761075239085707,0.016182173068548404,0.001802369152009979,0.031973000544241584,0.039057311771130906,0.04667339039128268,0.057208667958799496,0.032302484107624777,-0.007252294410516551,0.012259347408961332,0.01425466450405935,0.027537140852717343,0.04625287886350595,0.018375103245408662,0.05515106506359399,0.0308354800215474,0.031191360197218992,0.01026591622189185,0.00982383154171337,0.03463211655608529,-0.001634427361937554,0.019960495483461807,0.005627915520207149,0.025634527381273225,0.035189618528816274,0.051066709834002855,0.03926021212325455,0.026721225133094908,-0.01541536753325052,0.027091554140250978,0.007320221706300846,0.008832459715463759,0.04219007664017496,0.025198463848349714,0.0308354800215474,0.053131983761902,0.022679677427472858,0.013438664193733345,0.014627172723602365,0.04964526499864453,-0.0017292252357658492,0.02011652281837179,-0.005078533582120033,0.023659919158178253,0.028567502547201334,0.036633571084637384,0.038058740959114094,0.020607328293001107,-0.005999380055494349,0.01178942371424074,0.011980079313334826,0.022041160520091814,0.034949431200551204,0.01846133783883438,0.031191360197218992,0.022679677427472858,0.03911860723979505,0.009736859681616403,0.010609275979290494,0.029575228940265257,-0.0005801280013052349,0.01552775593124635,0.00611792029635397,0.011055281370868355,0.009945207800310486,0.017981768275500735,0.015271330895247577,0.006711259230919704,-0.012175317828768056,0.00851709121088786,-0.002779838094861944,0.0019990347350290634,0.011943447693841935,0.012265974880875555,0.01026591622189185,0.013438664193733345,0.009736859681616403,0.02078337909638323,0.0028205218315397757,0.017451797247771926,-0.005500653419149527,0.008821387769925755,-0.0019077527637814833,0.016753771207123305,0.024792836366609488,0.02843122508628966,0.005134254297469394,0.012846462012316604,-0.00012138886368456196,0.013247623647797375,0.023031873167075265,-0.0007276206364344511,0.025266928027875522,0.010726426092885571,0.00982383154171337,0.014627172723602365,0.010609275979290494,0.0028205218315397757,0.03421440507401646,0.021095472588705526,0.003749567912350601,0.010051420544353743,0.005784098050305309,0.031219790187717453,0.038395653971468977,0.06547139769266566,0.04350543933967304,0.03252452395421375,-0.03437860993772314,0.052046896674601884,0.0029011962474580003,0.001804982498877037,0.04961466317539751,0.0351888332817869,0.03463211655608529,0.04964526499864453,0.029575228940265257,0.017451797247771926,0.021095472588705526,0.09279504183943485,-0.008881403456786285,0.026466780462729073,-0.010030944217979697,-0.0006365337673283308,0.0021860252524144213,-0.005287344118946416,-0.008855641307467143,-0.0016967615733134195,0.006540376142038949,-0.0033614530855895107,0.013835903382302285,0.008569652322412753,0.0009255617898790034,0.0026761075239085707,-0.001634427361937554,-0.0017292252357658492,-0.0005801280013052349,-0.005500653419149527,0.003749567912350601,-0.008881403456786285,0.02220547900865829,2.034782370638122e-5,0.01013148345536933,0.01588772648720454,0.021634720152756626,0.030107763318787794,0.02683606469918951,0.015239523728685598,-0.007610019527918197,0.014151672531920775,0.009668312262848477,0.008164585772359484,0.027422013242895255,0.016182173068548404,0.019960495483461807,0.02011652281837179,0.01552775593124635,0.008821387769925755,0.010051420544353743,0.026466780462729073,2.034782370638122e-5,0.02653013333298087,0.001790609427459656,0.006511008804881801,0.009397152283076082,-0.003863898197180949,0.008381570479252417,0.004331296979600672,0.013657718642819072,-0.006879034758165904,0.021182666544300715,0.02387759048627061,0.0021943620369064415,0.001802369152009979,0.005627915520207149,-0.005078533582120033,0.00611792029635397,-0.0019077527637814833,0.005784098050305309,-0.010030944217979697,0.01013148345536933,0.001790609427459656,0.03854149241088316
