0.10120115238029975,0.04530145326849604,0.003509277163775696,0.06624087611792225,-0.061718218798774295,-0.06640977787722299,0.01691968761528981,-0.03902801708617157,0.011255138040100929,0.02440596695631896,-0.00962671059651757,-0.0402976814783753,-0.051010853831801414,-0.018503633320648125,0.017589107909930797,-0.0305318610785505,0.01480004449869886,0.0633198039125254,-0.029812885792999608,-0.005448571322576571,0.04530145326849604,0.060064400873954295,-0.011245774172379736,0.03915833723576976,-0.018735700458266173,-0.04012956427013037,0.015631750758321825,-0.009702302678879109,0.015463417353593922,0.004139491043418639,-0.0071214493827917915,-0.01964569917050214,-0.034842881394466195,-0.00840793866053308,0.004197938459764213,-0.005370247156145342,-0.015585055998145936,0.030178311608174167,-0.01980185121926773,-0.011388394299678143,0.003509277163775696,-0.011245774172379736,0.06771369736568439,-0.007455860699534738,-0.005604395474722386,0.01746912492294195,-0.01973491274455784,-0.0020900629608472266,-0.027409881405002882,0.009730034540239501,-0.01763231711794445,-0.01479899592228135,0.0026088052355114225,-0.007968591577088981,0.005391549529340444,-0.006968167091467467,-0.0015144035285943709,-0.005107847884331032,0.004095902316447287,-0.0121656859271224,0.06624087611792225,0.03915833723576976,-0.007455860699534738,0.07581132778628974,-0.04171964152288965,-0.05002380077889308,0.005376385434447226,-0.022655798369307943,0.008632140687542481,0.012023997605404974,-0.011293706570265002,-0.032499250412102866,-0.05334254560477911,-0.01915848412040062,0.010486687745396107,-0.02015276199588295,0.00414108828797234,0.04648209364187998,-0.026279322889765484,-0.0031409632340664503,-0.061718218798774295,-0.018735700458266173,-0.005604395474722386,-0.04171964152288965,0.08101117673680225,0.039964962995224756,-0.016670518712972288,0.030964993740111336,-0.0025811525505197155,-0.013928876346343882,0.0029149548370467505,0.026925109697227646,0.04888606613640784,0.013070585675540152,-0.010375568265501458,0.008670625855057958,-0.01283201531403889,-0.04243835439027275,0.02720993021076399,-0.028173163477779307,-0.06640977787722299,-0.04012956427013037,0.01746912492294195,-0.05002380077889308,0.039964962995224756,0.0802953030697552,-0.014463033556007806,0.02510607243028907,-0.0211238633571113,-0.0059151588669955,0.002477044601622893,0.020246108439217297,0.0368113271611786,0.01299656389383885,-0.006911438931242495,0.016421598340022665,-0.014300224708572644,-0.04279199208505263,0.009901468202619081,0.009393169103119103,0.01691968761528981,0.015631750758321825,-0.01973491274455784,0.005376385434447226,-0.016670518712972288,-0.014463033556007806,0.03940179432778581,-0.015887797910343678,0.013998802745390379,0.0020425555578651505,0.008169849847763472,-0.010090702797264107,-0.023082691623421976,0.0022372185605261316,-0.005499250826309469,0.009175007835681452,-0.010925249016418809,0.008985229730002531,-0.013666567074689323,0.014052879671105044,-0.03902801708617157,-0.009702302678879109,-0.0020900629608472266,-0.022655798369307943,0.030964993740111336,0.02510607243028907,-0.015887797910343678,0.07684178946547796,-0.006787201590857687,-0.027773914079239508,-0.03421186070562737,0.023214487759064446,0.02678867449400068,0.012853158939121943,-0.020278304805058985,0.006998783301311498,-0.012217616231803835,-0.06395150906808632,0.030642828380584942,-0.017303055815878127,0.011255138040100929,0.015463417353593922,-0.027409881405002882,0.008632140687542481,-0.0025811525505197155,-0.0211238633571113,0.013998802745390379,-0.006787201590857687,0.04305263295352878,0.0042795829118644655,0.006356597684641429,-0.003120237077545475,-0.003686758764612947,0.007354119554049814,-0.0008204632912448572,0.009671603158596085,0.003802404071867654,0.014549703736579713,-0.010239327921870163,0.0019942469605857744,0.02440596695631896,0.004139491043418639,0.009730034540239501,0.012023997605404974,-0.013928876346343882,-0.0059151588669955,0.0020425555578651505,-0.027773914079239508,0.0042795829118644655,0.039749846543482396,0.0038892438315700434,-0.01916788840792382,-0.010635073165194674,-0.004199735384861924,0.021781554428995202,-0.00702638160289305,0.004863054774690366,0.03705381560261563,-0.026517470706519053,0.021403303954461377,-0.00962671059651757,-0.0071214493827917915,-0.01763231711794445,-0.011293706570265002,0.0029149548370467505,0.002477044601622893,0.008169849847763472,-0.03421186070562737,0.006356597684641429,0.0038892438315700434,0.06017144495699798,0.01689547391436385,-0.0023579134703452546,0.008170721007734654,-0.000660842978245927,0.007945705193921009,-0.001411164344760729,0.0231508193738598,-0.003193117796216238,0.03149500224782431,-0.0402976814783753,-0.01964569917050214,-0.01479899592228135,-0.032499250412102866,0.026925109697227646,0.020246108439217297,-0.010090702797264107,0.023214487759064446,-0.003120237077545475,-0.01916788840792382,0.01689547391436385,0.056888883357558484,0.024090744509871767,0.012950961966368118,-0.013372973342007197,0.021474011678277366,-0.01727839025771754,-0.030206804245691582,0.020027160074192266,0.005403675301705111,-0.051010853831801414,-0.034842881394466195,0.0026088052355114225,-0.05334254560477911,0.04888606613640784,0.0368113271611786,-0.023082691623421976,0.02678867449400068,-0.003686758764612947,-0.010635073165194674,-0.0023579134703452546,0.024090744509871767,0.08441943848715544,0.02046352015795631,-0.0020695756315004146,0.0019117849552374054,0.021311324534071346,-0.047124349341372544,0.04472103451104744,-0.008056696720104532,-0.018503633320648125,-0.00840793866053308,-0.007968591577088981,-0.01915848412040062,0.013070585675540152,0.01299656389383885,0.0022372185605261316,0.012853158939121943,0.007354119554049814,-0.004199735384861924,0.008170721007734654,0.012950961966368118,0.02046352015795631,0.02532479658580126,-0.005804701401540387,0.004536642430693425,0.0060625315103142495,-0.014791989747891233,0.013843892062046267,0.005748601892827183,0.017589107909930797,0.004197938459764213,0.005391549529340444,0.010486687745396107,-0.010375568265501458,-0.006911438931242495,-0.005499250826309469,-0.020278304805058985,-0.0008204632912448572,0.021781554428995202,-0.000660842978245927,-0.013372973342007197,-0.0020695756315004146,-0.005804701401540387,0.04026738485714533,-0.006125388888447955,0.0038737764350172833,0.028772257679981116,-0.022583185768003937,0.012104285707414512,-0.0305318610785505,-0.005370247156145342,-0.006968167091467467,-0.02015276199588295,0.008670625855057958,0.016421598340022665,0.009175007835681452,0.006998783301311498,0.009671603158596085,-0.00702638160289305,0.007945705193921009,0.021474011678277366,0.0019117849552374054,0.004536642430693425,-0.006125388888447955,0.04261369956621164,-0.02739372766460932,-0.01795508858455134,-0.008358593773273922,0.006378443859060657,0.01480004449869886,-0.015585055998145936,-0.0015144035285943709,0.00414108828797234,-0.01283201531403889,-0.014300224708572644,-0.010925249016418809,-0.012217616231803835,0.003802404071867654,0.004863054774690366,-0.001411164344760729,-0.01727839025771754,0.021311324534071346,0.0060625315103142495,0.0038737764350172833,-0.02739372766460932,0.07127612297069345,0.008925747822762672,0.017372370267762158,0.005009649866973653,0.0633198039125254,0.030178311608174167,-0.005107847884331032,0.04648209364187998,-0.04243835439027275,-0.04279199208505263,0.008985229730002531,-0.06395150906808632,0.014549703736579713,0.03705381560261563,0.0231508193738598,-0.030206804245691582,-0.047124349341372544,-0.014791989747891233,0.028772257679981116,-0.01795508858455134,0.008925747822762672,0.10204606121572221,-0.048455366584433224,0.019994675109867507,-0.029812885792999608,-0.01980185121926773,0.004095902316447287,-0.026279322889765484,0.02720993021076399,0.009901468202619081,-0.013666567074689323,0.030642828380584942,-0.010239327921870163,-0.026517470706519053,-0.003193117796216238,0.020027160074192266,0.04472103451104744,0.013843892062046267,-0.022583185768003937,-0.008358593773273922,0.017372370267762158,-0.048455366584433224,0.06566189614018116,-0.021668385963535555,-0.005448571322576571,-0.011388394299678143,-0.0121656859271224,-0.0031409632340664503,-0.028173163477779307,0.009393169103119103,0.014052879671105044,-0.017303055815878127,0.0019942469605857744,0.021403303954461377,0.03149500224782431,0.005403675301705111,-0.008056696720104532,0.005748601892827183,0.012104285707414512,0.006378443859060657,0.005009649866973653,0.019994675109867507,-0.021668385963535555,0.08557080635861194
0.20901310552836738,0.09844332334444059,0.013741103936066191,0.13257859800259075,-0.103742602802779,-0.1662933979639415,-0.004457743486729267,-0.12262573584812395,0.04168748867913287,0.010756486625130977,0.04093473959161982,-0.009829239027164222,-0.06002319219629851,0.006163368550450273,0.02033957092661732,-0.118587117120942,0.10302304691610138,0.16570089354325968,-0.030930840110757002,-0.022764653484307264,0.09844332334444059,0.18002720812419892,-0.027330142652255314,0.11538355833452643,-0.09971019480047072,-0.11875513907547054,-0.022453839574957897,-0.037796432432585084,0.04588119143920823,-0.035702714703620006,0.03196324966443209,-0.03903749682727166,-0.0474246531196028,0.071149120392345,-0.02941462147130635,-0.04064811839376398,0.019899232648154595,0.06727314349831383,-0.03034929176034557,-0.038931635195801624,0.013741103936066191,-0.027330142652255314,0.07480976760958036,-0.015300651318017909,0.013797952823298928,1.4783121454909481e-5,-0.010815047964665337,-0.013283032293061115,-0.010194775320723451,0.020019408040219514,-0.00433594664861652,0.017610682653370107,-0.0007849999829039451,-0.014262955682059666,0.02256145916093092,-0.015395828827263897,0.01760700766077494,0.019788410861536133,0.009361725271186415,0.005291551355004595,0.13257859800259075,0.11538355833452643,-0.015300651318017909,0.139098035311741,-0.08308433025610798,-0.1387854875343795,-0.014302758260294899,-0.08333339895953358,0.03329459082048954,-0.011572715008280547,0.037571297175231486,-0.015124455423274879,-0.054715374318184296,0.03376763518844819,-0.008672062400693558,-0.07214092041947873,0.06361838197482358,0.11527563356829751,-0.02148549563943261,-0.020990095454309486,-0.103742602802779,-0.09971019480047072,0.013797952823298928,-0.08308433025610798,0.11186770157465614,0.09298695700571777,0.004105179422493877,0.06475409436858674,-0.0258816527844158,0.008801185851867305,-0.03390563360367148,0.025483837445450713,0.046819338288559505,-0.03455019329767206,0.005895688374254726,0.037565373180152455,-0.04282312138556431,-0.08202946955241588,0.020198868196671577,0.006019052835288225,-0.1662933979639415,-0.11875513907547054,1.4783121454909481e-5,-0.1387854875343795,0.09298695700571777,0.18779396468436632,0.01728826315093015,0.10641643676746748,-0.06151205053897972,0.004653946035537881,-0.03982871694220656,0.014610120371087398,0.06150789329883206,-0.025341289846829793,0.006127701639512533,0.1127928487001674,-0.09188583868592234,-0.14764321124727497,0.02283356232491932,0.021993811470749344,-0.004457743486729267,-0.022453839574957897,-0.010815047964665337,-0.014302758260294899,0.004105179422493877,0.01728826315093015,0.029082537761724567,-0.00677024209985195,-0.00755793571575462,0.005521615867030003,-0.0024204203015589657,-0.006090763523532435,0.0014468095027972995,-0.01169853496833588,0.00616890282130213,0.013193581703378261,0.009498715785051475,-0.003993298321344303,0.002615389683271326,0.017160125260981318,-0.12262573584812395,-0.037796432432585084,-0.013283032293061115,-0.08333339895953358,0.06475409436858674,0.10641643676746748,-0.00677024209985195,0.1161008556506854,-0.014796415838832486,-0.020356841109178833,-0.033566235532568225,0.001930971885986426,0.04453402920458395,0.014840894970364895,-0.02348268341742527,0.07300640013655092,-0.08448307291742897,-0.1235217231223032,0.012088072098844806,-0.005184367503974535,0.04168748867913287,0.04588119143920823,-0.010194775320723451,0.03329459082048954,-0.0258816527844158,-0.06151205053897972,-0.00755793571575462,-0.014796415838832486,0.06024367500834944,-0.011318359507944933,0.008083583982492402,-0.012625762387358581,-0.009220051303467912,0.02233509133604914,-0.018638923427540092,-0.04023745932879527,0.02476113236800756,0.02689956182593324,-0.0017956069627261637,-0.011619267878514042,0.010756486625130977,-0.035702714703620006,0.020019408040219514,-0.011572715008280547,0.008801185851867305,0.004653946035537881,0.005521615867030003,-0.020356841109178833,-0.011318359507944933,0.03222955032614935,-0.0017113306824089725,0.011916104529424845,-0.003940700637911697,-0.02305830336820547,0.017379626847452746,-0.008198271048886045,0.005662404192288426,0.015098598542989554,0.0009333747076193764,0.007671202343115829,0.04093473959161982,0.03196324966443209,-0.00433594664861652,0.037571297175231486,-0.03390563360367148,-0.03982871694220656,-0.0024204203015589657,-0.033566235532568225,0.008083583982492402,-0.0017113306824089725,0.02904003887150878,-0.00728450342376465,-0.019845762951991572,0.009119731985729103,-0.00964672134254849,-0.02001248115871662,0.01778441503070278,0.035057262450036236,-0.006881157232968959,0.003048060509701655,-0.009829239027164222,-0.03903749682727166,0.017610682653370107,-0.015124455423274879,0.025483837445450713,0.014610120371087398,-0.006090763523532435,0.001930971885986426,-0.012625762387358581,0.011916104529424845,-0.00728450342376465,0.037868014061910045,0.0007158536148470597,-0.01985904436393488,0.012013474728825236,0.0005804846308035058,0.00895075309815995,0.0037985052411611663,0.0110968273674814,0.006159204006445717,-0.06002319219629851,-0.0474246531196028,-0.0007849999829039451,-0.054715374318184296,0.046819338288559505,0.06150789329883206,0.0014468095027972995,0.04453402920458395,-0.009220051303467912,-0.003940700637911697,-0.019845762951991572,0.0007158536148470597,0.047801510179390674,-0.010463585395119922,-0.0018549443598909771,0.02892050411609753,-0.037622951043879777,-0.065849124308065,0.007539778920579271,0.000556652852953827,0.006163368550450273,0.071149120392345,-0.014262955682059666,0.03376763518844819,-0.03455019329767206,-0.025341289846829793,-0.01169853496833588,0.014840894970364895,0.02233509133604914,-0.02305830336820547,0.009119731985729103,-0.01985904436393488,-0.010463585395119922,0.059473940382898355,-0.026375189446207863,0.0022016192568973325,-0.013120065615728023,-0.0012435493174445958,-0.003587853422325433,-0.018631118990414912,0.02033957092661732,-0.02941462147130635,0.02256145916093092,-0.008672062400693558,0.005895688374254726,0.006127701639512533,0.00616890282130213,-0.02348268341742527,-0.018638923427540092,0.017379626847452746,-0.00964672134254849,0.012013474728825236,-0.0018549443598909771,-0.026375189446207863,0.05060740745617613,-0.009565160511975923,0.025013492144865035,0.024857214198998293,-0.0027752170663441107,0.006114624643576505,-0.118587117120942,-0.04064811839376398,-0.015395828827263897,-0.07214092041947873,0.037565373180152455,0.1127928487001674,0.013193581703378261,0.07300640013655092,-0.04023745932879527,-0.008198271048886045,-0.02001248115871662,0.0005804846308035058,0.02892050411609753,0.0022016192568973325,-0.009565160511975923,0.10631519129356079,-0.0662511922413834,-0.09698162023798458,0.012676228306855126,0.016834557604776743,0.10302304691610138,0.019899232648154595,0.01760700766077494,0.06361838197482358,-0.04282312138556431,-0.09188583868592234,0.009498715785051475,-0.08448307291742897,0.02476113236800756,0.005662404192288426,0.01778441503070278,0.00895075309815995,-0.037622951043879777,-0.013120065615728023,0.025013492144865035,-0.0662511922413834,0.13118546402979875,0.1181905063852968,0.010639453979046457,0.018822685810181063,0.16570089354325968,0.06727314349831383,0.019788410861536133,0.11527563356829751,-0.08202946955241588,-0.14764321124727497,-0.003993298321344303,-0.1235217231223032,0.02689956182593324,0.015098598542989554,0.035057262450036236,0.0037985052411611663,-0.065849124308065,-0.0012435493174445958,0.024857214198998293,-0.09698162023798458,0.1181905063852968,0.19812327955202608,-0.018143596048537755,0.0012849858568095736,-0.030930840110757002,-0.03034929176034557,0.009361725271186415,-0.02148549563943261,0.020198868196671577,0.02283356232491932,0.002615389683271326,0.012088072098844806,-0.0017956069627261637,0.0009333747076193764,-0.006881157232968959,0.0110968273674814,0.007539778920579271,-0.003587853422325433,-0.0027752170663441107,0.012676228306855126,0.010639453979046457,-0.018143596048537755,0.03100761924106882,0.006863889582408413,-0.022764653484307264,-0.038931635195801624,0.005291551355004595,-0.020990095454309486,0.006019052835288225,0.021993811470749344,0.017160125260981318,-0.005184367503974535,-0.011619267878514042,0.007671202343115829,0.003048060509701655,0.006159204006445717,0.000556652852953827,-0.018631118990414912,0.006114624643576505,0.016834557604776743,0.018822685810181063,0.0012849858568095736,0.006863889582408413,0.049033455054221915
0.19933698279986953,0.04324941126231681,-0.008311093511024001,0.1373690845726161,-0.09904997394210634,-0.0794539283895365,0.021144552521124425,-0.1416276389103729,-0.04095436243194657,0.042764167981184764,0.024510245389837648,-0.018372868837347178,-0.045902832137954055,-0.030539671507564516,0.06747368093074918,-0.0675218392719538,0.009783667920811246,0.11638806635577972,-0.03564788949194321,-0.0349348784530234,0.04324941126231681,0.0674792282707417,-0.00869577201204017,0.0457563785358398,-0.00878733497467507,-0.03313047454782727,-0.00043966833547047523,-0.012171187702412866,0.019713037723259025,-0.009206870861525936,-0.0038913067864500893,0.00024169302025744185,-0.030858266964833722,-0.0060972040302136625,0.013961164963826891,-0.020634824443415876,2.0458145810735013e-5,0.013677983991825581,-0.014614169030126023,-0.020684825047445683,-0.008311093511024001,-0.00869577201204017,0.11023310107928362,-0.025897268164045438,-0.02788363901939249,0.03899061402210874,-0.047524144396261334,0.01716231109706552,-0.03139972191609489,0.01626497327897681,-0.024687975681639756,-0.013239953540207863,0.0215459036985673,-0.011123177454280889,-0.007437496580113064,0.007025143931745143,-0.04531945427052446,0.0069520280163662546,0.04444837537435664,0.019776400593748474,0.1373690845726161,0.0457563785358398,-0.025897268164045438,0.1551466388949116,-0.050739084865731594,-0.07160239757070577,0.015495919698603476,-0.08954155569339002,-0.010299452305305094,0.017441411513228946,0.023391150636953878,-0.011792562693536832,-0.05463616226166805,-0.011841026313569956,0.050738596734126964,-0.05059192319157516,0.011304183653160459,0.06932680653423576,-0.0367495467440126,-0.01911838633336545,-0.09904997394210634,-0.00878733497467507,-0.02788363901939249,-0.050739084865731594,0.10267016749778267,0.016761207032888567,-0.0029514216341069957,0.08679244176550077,0.06339987970845315,-0.0279339167571415,-0.010854330889514405,0.013791020796344547,0.000325800890197998,0.00894281188391137,-0.025715675131405644,0.026588317470801415,0.007104521370118682,-0.07771358994637761,-0.0002347722125261364,-0.017487919146003134,-0.0794539283895365,-0.03313047454782727,0.03899061402210874,-0.07160239757070577,0.016761207032888567,0.08054170510722779,-0.023093033723210116,0.04635379155216527,-0.030682358449390535,0.000599271966862315,-0.01066088249172788,0.0029556036248070397,0.047056189571324666,0.009670269078976845,-0.017838006671228743,0.029713934540276918,-0.03072816101181782,-0.027431008448881536,0.02511569749282616,0.035989198698820585,0.021144552521124425,-0.00043966833547047523,-0.047524144396261334,0.015495919698603476,-0.0029514216341069957,-0.023093033723210116,0.04202205824666428,-0.025883982141403663,0.010302925001414494,-0.003634662431250705,0.011225490449397253,-0.0063941982091799176,-0.010052462866589463,0.004057117431230148,0.0006549579038835049,0.00048724619747632044,0.01723064670546577,0.007895678119094036,-0.015230413839096762,-0.00810579791308624,-0.1416276389103729,-0.012171187702412866,0.01716231109706552,-0.08954155569339002,0.08679244176550077,0.04635379155216527,-0.025883982141403663,0.1427077055232017,0.058302256131866896,-0.041761092495468305,-0.03329648174430595,0.0167134084232657,0.017207724165670023,0.02421928494954472,-0.06387821647799943,0.051253087446698764,-0.006634204084648959,-0.1077921132459046,0.0336386759886554,0.006434556119475998,-0.04095436243194657,0.019713037723259025,-0.03139972191609489,-0.010299452305305094,0.06339987970845315,-0.030682358449390535,0.010302925001414494,0.058302256131866896,0.10799351992474282,-0.02714371475117406,-0.01928366359189452,0.009895535600048144,-0.02779697552731675,-0.0014618250637658328,-0.029673671514577102,0.027638825021624618,0.01589667796296947,-0.06821641727468516,0.010724777536156131,-0.03825020440631349,0.042764167981184764,-0.009206870861525936,0.01626497327897681,0.017441411513228946,-0.0279339167571415,0.000599271966862315,-0.003634662431250705,-0.041761092495468305,-0.02714371475117406,0.04303148373799578,-0.003953682845524815,-0.006732784277233337,-0.001800679705644777,-0.011710799840556445,0.02859981016793695,-0.012927130554391634,-0.012495257248335242,0.04130019396287477,-0.0015503808560598429,-0.004837734813173632,0.024510245389837648,-0.0038913067864500893,-0.024687975681639756,0.023391150636953878,-0.010854330889514405,-0.01066088249172788,0.011225490449397253,-0.03329648174430595,-0.01928366359189452,-0.003953682845524815,0.03742032844350544,0.003724702286197843,-0.0029754322282765904,-0.001583709415735083,0.006852624750382047,-0.01020734474753585,0.012082316578052853,0.01605657199058237,-0.016598259524873496,0.011747674322911114,-0.018372868837347178,0.00024169302025744185,-0.013239953540207863,-0.011792562693536832,0.013791020796344547,0.0029556036248070397,-0.0063941982091799176,0.0167134084232657,0.009895535600048144,-0.006732784277233337,0.003724702286197843,0.04490354507587574,-0.0006030307282525165,0.008550254057567083,-0.006329622007318914,0.011654518371395424,0.003995975391796247,-0.027147783430097626,-0.00386663098629825,0.0061169180689159205,-0.045902832137954055,-0.030858266964833722,0.0215459036985673,-0.05463616226166805,0.000325800890197998,0.047056189571324666,-0.010052462866589463,0.017207724165670023,-0.02779697552731675,-0.001800679705644777,-0.0029754322282765904,-0.0006030307282525165,0.051285907508537065,0.0056837028471079815,-0.01165424050968493,0.01696459684525172,-0.015555499602708054,-0.009822977378044249,0.013744743875991238,0.031450626449588015,-0.030539671507564516,-0.0060972040302136625,-0.011123177454280889,-0.011841026313569956,0.00894281188391137,0.009670269078976845,0.004057117431230148,0.02421928494954472,-0.0014618250637658328,-0.011710799840556445,-0.001583709415735083,0.008550254057567083,0.0056837028471079815,0.02774221063905433,-0.013516113243499685,0.007484048912918298,0.006588828549389442,-0.01671516484630148,-0.00020016258103474748,0.009824378005153706,0.06747368093074918,0.013961164963826891,-0.007437496580113064,0.050738596734126964,-0.025715675131405644,-0.017838006671228743,0.0006549579038835049,-0.06387821647799943,-0.029673671514577102,0.02859981016793695,0.006852624750382047,-0.006329622007318914,-0.01165424050968493,-0.013516113243499685,0.06843387980923273,-0.0383074730038027,-0.0021803300390648116,0.05751264732152607,-0.02927644371388456,-0.006885209226541553,-0.0675218392719538,-0.020634824443415876,0.007025143931745143,-0.05059192319157516,0.026588317470801415,0.029713934540276918,0.00048724619747632044,0.051253087446698764,0.027638825021624618,-0.012927130554391634,-0.01020734474753585,0.011654518371395424,0.01696459684525172,0.007484048912918298,-0.0383074730038027,0.055531472198053045,-0.013239636924320128,-0.048061933214999464,0.026104811501663466,0.007102346558753976,0.009783667920811246,2.0458145810735013e-5,-0.04531945427052446,0.011304183653160459,0.007104521370118682,-0.03072816101181782,0.01723064670546577,-0.006634204084648959,0.01589667796296947,-0.012495257248335242,0.012082316578052853,0.003995975391796247,-0.015555499602708054,0.006588828549389442,-0.0021803300390648116,-0.013239636924320128,0.04929963627715083,-0.007126578560699391,-0.01876327656055387,-0.00634857033031938,0.11638806635577972,0.013677983991825581,0.0069520280163662546,0.06932680653423576,-0.07771358994637761,-0.027431008448881536,0.007895678119094036,-0.1077921132459046,-0.06821641727468516,0.04130019396287477,0.01605657199058237,-0.027147783430097626,-0.009822977378044249,-0.01671516484630148,0.05751264732152607,-0.048061933214999464,-0.007126578560699391,0.1217056553343823,-0.02068955157825382,-0.00524420437507517,-0.03564788949194321,-0.014614169030126023,0.04444837537435664,-0.0367495467440126,-0.0002347722125261364,0.02511569749282616,-0.015230413839096762,0.0336386759886554,0.010724777536156131,-0.0015503808560598429,-0.016598259524873496,-0.00386663098629825,0.013744743875991238,-0.00020016258103474748,-0.02927644371388456,0.026104811501663466,-0.01876327656055387,-0.02068955157825382,0.06338385459903494,0.008040468816841805,-0.0349348784530234,-0.020684825047445683,0.019776400593748474,-0.01911838633336545,-0.017487919146003134,0.035989198698820585,-0.00810579791308624,0.006434556119475998,-0.03825020440631349,-0.004837734813173632,0.011747674322911114,0.0061169180689159205,0.031450626449588015,0.009824378005153706,-0.006885209226541553,0.007102346558753976,-0.00634857033031938,-0.00524420437507517,0.008040468816841805,0.06798594785772512
