0.08386418389848456,0.006023333009207068,0.00046138588414226626,-0.02336802061044407,-0.006458029655858613,0.011418675302165868,-0.015507575529651346,0.006214351944299359,-0.034052117808841334,0.0027315004263426842,0.015193536269655479,0.0006448526492820604,0.019854977192767926,0.036394622630416956,0.011634891263267739,-0.017486339303543753,0.03109297446992712,-0.010960254268500603,-0.027355307355062017,-0.009379602559276579,0.006023333009207068,0.028271825173591586,0.0008346015099784411,0.014789461101142879,-0.006000712464890286,-0.006983018273647831,-0.008114605899677167,0.013953950597916015,-0.004026457814168434,0.008126153804240496,0.010849460077525156,0.002111341739272518,-0.006978649364705488,0.0023696485473847615,-0.014007272650660969,-0.006435659193313151,-0.0011466640279788913,-0.0043054416140656925,-9.108490321779489e-5,-0.0014126734281239136,0.00046138588414226626,0.0008346015099784411,0.03496301210578941,0.01952574845952776,-0.0042041796014123944,0.013484812180305318,-0.013091766484642026,0.016454741027844208,-0.008816305026081696,0.004689939756206857,-0.011625556199465276,0.0009300357252641598,-0.005417141051157898,-0.008055259157173722,0.003495121017286614,-0.0020976751583360745,-0.007387376594603942,-0.002251916347437653,-0.008855553386288288,0.0023914131498882735,-0.02336802061044407,0.014789461101142879,0.01952574845952776,0.05300872014618849,-0.010384890058351262,0.004109786142394403,-0.003032631615956385,0.026673715057895266,0.010715330677013565,0.020054741661299273,-0.007074841089300588,7.212880033323303e-5,-0.010468127504856197,-0.01828052775713828,-0.009642217809266562,-0.0027467002516576074,-0.018989461369054314,-0.008476120696567679,-0.0010784487072649984,0.0020365214996327045,-0.006458029655858613,-0.006000712464890286,-0.0042041796014123944,-0.010384890058351262,0.04181766042616908,-0.023254733168136844,0.0054959227188570055,-0.019427191123503842,-0.033594333333401144,-0.01776965167257174,0.019493836963962397,0.012162619278124384,-0.02107750785962198,0.013692810170218101,-0.008113229765237843,0.02655151072189374,-0.015055835764223615,0.03554923569117232,0.0025554721365369792,0.007194221191714839,0.011418675302165868,-0.006983018273647831,0.013484812180305318,0.004109786142394403,-0.023254733168136844,0.05304098514768201,-0.002087919451965678,0.009686765790504126,0.01847793941646779,0.0069362237882473025,-0.027846335338324528,-0.011273840095853449,0.028604457751957676,-0.012122362156879871,0.016127612366574166,-0.01971834128338908,0.01926694816319842,-0.018541138355082656,-0.018639644947023984,1.0491001691041626e-5,-0.015507575529651346,-0.008114605899677167,-0.013091766484642026,-0.003032631615956385,0.0054959227188570055,-0.002087919451965678,0.0367621977236654,-0.011965682824593787,0.01632355842624482,0.0050034895804637065,0.001679077027034581,-0.008303501939031382,0.011313786662779955,-0.0027642204183155133,0.01121520019727849,0.008933973567302241,-0.003952240372151689,-0.008394827251047333,0.006819799288444293,-0.011936807989426656,0.006214351944299359,0.013953950597916015,0.016454741027844208,0.026673715057895266,-0.019427191123503842,0.009686765790504126,-0.011965682824593787,0.04942093910170116,0.00744176049452165,0.01208669561021533,-0.005598015901026867,-0.004247599961869469,0.006402290102157075,-0.0011834038667493517,-0.0038055848849220617,-0.01272153582936322,-0.0018820847637372562,-0.020932656751906194,-0.009493838010730407,0.0008596586747768155,-0.034052117808841334,-0.004026457814168434,-0.008816305026081696,0.010715330677013565,-0.033594333333401144,0.01847793941646779,0.01632355842624482,0.00744176049452165,0.08435912517770887,0.02565411773895302,-0.028221141878789692,-0.00993005517385432,0.03467992267405012,-0.02558981229625864,0.006724911382579331,-0.01883909796747501,0.007475043242208931,-0.05106303832065778,0.018535340256845355,-0.00692142903848115,0.0027315004263426842,0.008126153804240496,0.004689939756206857,0.020054741661299273,-0.01776965167257174,0.0069362237882473025,0.0050034895804637065,0.01208669561021533,0.02565411773895302,0.047564711491388904,-0.007470272540300804,-0.006360633659177405,0.011606678641370102,-0.007906555996721909,0.005733148054414277,-0.01361246456953587,-0.0038898304066514846,-0.03493730544118054,-0.005476654946999136,-0.010362527625796793,0.015193536269655479,0.010849460077525156,-0.011625556199465276,-0.007074841089300588,0.019493836963962397,-0.027846335338324528,0.001679077027034581,-0.005598015901026867,-0.028221141878789692,-0.007470272540300804,0.04303221453984028,0.006032817100986483,-0.022742938449523582,0.021596253837061135,-0.007772106377111596,0.011952238287024308,-0.005488060119090851,0.01319438371090911,-0.0005996456247980651,-0.006327558185677956,0.0006448526492820604,0.002111341739272518,0.0009300357252641598,7.212880033323303e-5,0.012162619278124384,-0.011273840095853449,-0.008303501939031382,-0.004247599961869469,-0.00993005517385432,-0.006360633659177405,0.006032817100986483,0.02150575225531731,-0.009088929806255818,0.005793773696328048,-0.010089581073609423,0.004252063758345578,-0.0050225942584922224,0.013504304722135176,0.006411923443714659,0.008892988317855064,0.019854977192767926,-0.006978649364705488,-0.005417141051157898,-0.010468127504856197,-0.02107750785962198,0.028604457751957676,0.011313786662779955,0.006402290102157075,0.03467992267405012,0.011606678641370102,-0.022742938449523582,-0.009088929806255818,0.07398182760478754,0.01766013397549682,0.0037630431911440635,-0.021728189468793884,0.03250516242365975,-0.03560176352262402,-0.008140220008855984,-0.006383049722088637,0.036394622630416956,0.0023696485473847615,-0.008055259157173722,-0.01828052775713828,0.013692810170218101,-0.012122362156879871,-0.0027642204183155133,-0.0011834038667493517,-0.02558981229625864,-0.007906555996721909,0.021596253837061135,0.005793773696328048,0.01766013397549682,0.051431254587120334,-0.006820766682386332,0.0015525997968876201,0.021298286904436914,0.005731297777981528,-0.006017071701962962,-0.0057962558537683236,0.011634891263267739,-0.014007272650660969,0.003495121017286614,-0.009642217809266562,-0.008113229765237843,0.016127612366574166,0.01121520019727849,-0.0038055848849220617,0.006724911382579331,0.005733148054414277,-0.007772106377111596,-0.010089581073609423,0.0037630431911440635,-0.006820766682386332,0.05569569580338262,-0.005337439798374019,0.010581576423491371,-0.013762194124300988,-0.013350338928927577,-0.009837149004242464,-0.017486339303543753,-0.006435659193313151,-0.0020976751583360745,-0.0027467002516576074,0.02655151072189374,-0.01971834128338908,0.008933973567302241,-0.01272153582936322,-0.01883909796747501,-0.01361246456953587,0.011952238287024308,0.004252063758345578,-0.021728189468793884,0.0015525997968876201,-0.005337439798374019,0.037566548487496645,-0.023514226238062493,0.02540356184679827,0.004276570608002976,0.0044784861921354745,0.03109297446992712,-0.0011466640279788913,-0.007387376594603942,-0.018989461369054314,-0.015055835764223615,0.01926694816319842,-0.003952240372151689,-0.0018820847637372562,0.007475043242208931,-0.0038898304066514846,-0.005488060119090851,-0.0050225942584922224,0.03250516242365975,0.021298286904436914,0.010581576423491371,-0.023514226238062493,0.05045788033965844,-0.008115911344719598,-0.006715235411305542,0.0006686530704532749,-0.010960254268500603,-0.0043054416140656925,-0.002251916347437653,-0.008476120696567679,0.03554923569117232,-0.018541138355082656,-0.008394827251047333,-0.020932656751906194,-0.05106303832065778,-0.03493730544118054,0.01319438371090911,0.013504304722135176,-0.03560176352262402,0.005731297777981528,-0.013762194124300988,0.02540356184679827,-0.008115911344719598,0.08372478994060571,0.0018713659870931098,0.027864964205653885,-0.027355307355062017,-9.108490321779489e-5,-0.008855553386288288,-0.0010784487072649984,0.0025554721365369792,-0.018639644947023984,0.006819799288444293,-0.009493838010730407,0.018535340256845355,-0.005476654946999136,-0.0005996456247980651,0.006411923443714659,-0.008140220008855984,-0.006017071701962962,-0.013350338928927577,0.004276570608002976,-0.006715235411305542,0.0018713659870931098,0.028187678957632824,0.007278608510231578,-0.009379602559276579,-0.0014126734281239136,0.0023914131498882735,0.0020365214996327045,0.007194221191714839,1.0491001691041626e-5,-0.011936807989426656,0.0008596586747768155,-0.00692142903848115,-0.010362527625796793,-0.006327558185677956,0.008892988317855064,-0.006383049722088637,-0.0057962558537683236,-0.009837149004242464,0.0044784861921354745,0.0006686530704532749,0.027864964205653885,0.007278608510231578,0.028723119226256585
0.10825844227922542,-0.03808439106463732,0.013170472803363064,-0.004647142980527999,0.015305542014555749,-0.007908739052654372,0.0013661495221514793,0.002702281621471519,-0.02186034502029806,0.014277355115724467,0.005224132495611249,0.00781955416309555,0.016126227067386093,0.03524257522138596,0.06234148726860057,0.025404128765960324,0.00097253947047166,-0.05434241265615209,-0.030305628966399545,-0.01376816451645975,-0.03808439106463732,0.046293730674600186,-0.013878431237264706,0.009254910417524806,-0.014975335916942008,-0.00802080870428279,-0.0019429414266821142,0.0066659732603843395,0.006168196064516825,-0.010612251083402378,0.004827904083164364,-0.006399477085193812,-0.0019378694510636093,-0.00994972725663354,-0.04417784245070313,-0.01755758328146643,0.0019750104057482364,0.022445833423507575,0.018700774508703215,0.005572017597559799,0.013170472803363064,-0.013878431237264706,0.03232353385006329,0.005631935299492714,0.005699889449219241,0.013620362650105546,-0.00032998594901716854,-0.0018892996953026146,0.004660791157504097,0.0033016942964196774,-0.002375252948836044,0.009352718133574443,-0.010436954973358665,-0.0004139996519282247,0.018099963139500783,0.003190625876929797,0.0056731492232176325,-0.011600341316421344,0.003717410628422443,0.0005350022206147026,-0.004647142980527999,0.009254910417524806,0.005631935299492714,0.04219323330726587,-0.005867198513873606,-0.010925372005450483,-0.0009722422326225062,0.02534988242525131,0.006751047624870727,0.005497677408375982,0.009930582568565788,0.008856804784737025,-0.014905033238053315,-0.005972127612375,-0.008812296413408334,-0.00812960304175335,0.006103403882341151,-0.010006437200792726,0.015964878697132354,0.01714600720573258,0.015305542014555749,-0.014975335916942008,0.005699889449219241,-0.005867198513873606,0.02854972033923932,-0.0011563999467450016,0.007160730656858847,-0.011652299051834332,0.0031341658212488423,0.0008051899495256496,-0.011294397224648823,0.007134052280664794,0.0017801766097249364,0.004523305670430322,0.021597861793191342,0.00909491255686374,0.0025356005798992487,-0.0036776432237463222,-0.005850439300286746,-0.0011170354264354323,-0.007908739052654372,-0.00802080870428279,0.013620362650105546,-0.010925372005450483,-0.0011563999467450016,0.050251945056123036,0.0031428274173309306,-0.015560332049763257,-0.0010713431665658325,-0.00792561497592224,-0.018191283892381848,0.004402743402471962,-0.004834430752769421,0.0037727320292076393,0.020727416645122874,-0.0008879022036624274,0.009134939824295765,0.008327573039389923,-0.011051312955881302,-0.00459328337690245,0.0013661495221514793,-0.0019429414266821142,-0.00032998594901716854,-0.0009722422326225062,0.007160730656858847,0.0031428274173309306,0.0224353139587032,-0.005036921751084639,0.0048507104760361144,0.0008133687969617788,-0.003087728776405149,-0.00023790633814833916,0.009346873166990649,-0.005371943961422282,0.004837153535049874,0.0029814168987427913,-0.0010498905002909458,0.0012241089332774696,0.0010859704693659872,-0.002104501746248759,0.002702281621471519,0.0066659732603843395,-0.0018892996953026146,0.02534988242525131,-0.011652299051834332,-0.015560332049763257,-0.005036921751084639,0.05093614378422504,-0.004572362097354982,0.0038740566150673736,0.016452517303748117,-0.0023735664172924833,-0.011570925437488087,-0.0005375774516832726,-0.006562528333700672,-0.00870217976264159,0.002704721740907418,-0.0050709342450535756,0.0049174027438806875,0.018782623222101738,-0.02186034502029806,0.006168196064516825,0.004660791157504097,0.006751047624870727,0.0031341658212488423,-0.0010713431665658325,0.0048507104760361144,-0.004572362097354982,0.03511212144453091,0.005314276695400666,-0.003862482624425189,-0.0026961916030428636,0.003052858968609075,-0.014993136648705847,-0.010171548893892388,-0.0026788771167207378,0.004070286791499944,0.006163845747778419,0.014053559327343043,0.0029868491814974123,0.014277355115724467,-0.010612251083402378,0.0033016942964196774,0.005497677408375982,0.0008051899495256496,-0.00792561497592224,0.0008133687969617788,0.0038740566150673736,0.005314276695400666,0.03247264141615503,0.001151952917646307,0.0009114898706661614,-0.003975491861206123,-0.0060720426071774365,0.013875837207104565,0.002794197940287339,-0.009044896202976434,-0.01753666429566836,-0.002899012367948657,0.0012291958549474004,0.005224132495611249,0.004827904083164364,-0.002375252948836044,0.009930582568565788,-0.011294397224648823,-0.018191283892381848,-0.003087728776405149,0.016452517303748117,-0.003862482624425189,0.001151952917646307,0.03298031915406362,-0.009190821513816772,-0.00044238643596384826,0.0009428947209335964,-0.018706377516714612,0.004320905432781587,-0.010367648368863008,-0.002721543438314787,0.006056616968110299,0.007267944244324824,0.00781955416309555,-0.006399477085193812,0.009352718133574443,0.008856804784737025,0.007134052280664794,0.004402743402471962,-0.00023790633814833916,-0.0023735664172924833,-0.0026961916030428636,0.0009114898706661614,-0.009190821513816772,0.028961291549636774,-0.009617632475470372,0.002453316278689869,0.012202152205261638,0.005847190033638103,0.006839837236000981,-0.0036663548773866257,-0.0010162638466110702,0.002778021747966433,0.016126227067386093,-0.0019378694510636093,-0.010436954973358665,-0.014905033238053315,0.0017801766097249364,-0.004834430752769421,0.009346873166990649,-0.011570925437488087,0.003052858968609075,-0.003975491861206123,-0.00044238643596384826,-0.009617632475470372,0.03607530575754364,0.0042844452272013354,0.00407158696884312,0.006113343310338976,-0.004580874677690961,-0.011171532789554506,-0.009779922138850716,-0.011334452581800398,0.03524257522138596,-0.00994972725663354,-0.0004139996519282247,-0.005972127612375,0.004523305670430322,0.0037727320292076393,-0.005371943961422282,-0.0005375774516832726,-0.014993136648705847,-0.0060720426071774365,0.0009428947209335964,0.002453316278689869,0.0042844452272013354,0.0341193481750689,0.022511018700504024,0.010090448627088498,0.007326259984529888,-0.007596166635049061,-0.013753666346010983,-0.009555581003065219,0.06234148726860057,-0.04417784245070313,0.018099963139500783,-0.008812296413408334,0.021597861793191342,0.020727416645122874,0.004837153535049874,-0.006562528333700672,-0.010171548893892388,0.013875837207104565,-0.018706377516714612,0.012202152205261638,0.00407158696884312,0.022511018700504024,0.08781798012603531,0.01737413642511343,0.009235555484551345,-0.04174709534194605,-0.030778172030460252,-0.01149000875642784,0.025404128765960324,-0.01755758328146643,0.003190625876929797,-0.00812960304175335,0.00909491255686374,-0.0008879022036624274,0.0029814168987427913,-0.00870217976264159,-0.0026788771167207378,0.002794197940287339,0.004320905432781587,0.005847190033638103,0.006113343310338976,0.010090448627088498,0.01737413642511343,0.028901843125606966,-0.0035110352187271324,-0.009654281240541747,-0.010575105622467119,-0.0026006384670908813,0.00097253947047166,0.0019750104057482364,0.0056731492232176325,0.006103403882341151,0.0025356005798992487,0.009134939824295765,-0.0010498905002909458,0.002704721740907418,0.004070286791499944,-0.009044896202976434,-0.010367648368863008,0.006839837236000981,-0.004580874677690961,0.007326259984529888,0.009235555484551345,-0.0035110352187271324,0.024956197547333817,0.0015793638112205134,-0.00010790466563253374,-0.0002144059162702927,-0.05434241265615209,0.022445833423507575,-0.011600341316421344,-0.010006437200792726,-0.0036776432237463222,0.008327573039389923,0.0012241089332774696,-0.0050709342450535756,0.006163845747778419,-0.01753666429566836,-0.002721543438314787,-0.0036663548773866257,-0.011171532789554506,-0.007596166635049061,-0.04174709534194605,-0.009654281240541747,0.0015793638112205134,0.06958654962047921,0.007991186101236107,0.0046157602043463645,-0.030305628966399545,0.018700774508703215,0.003717410628422443,0.015964878697132354,-0.005850439300286746,-0.011051312955881302,0.0010859704693659872,0.0049174027438806875,0.014053559327343043,-0.002899012367948657,0.006056616968110299,-0.0010162638466110702,-0.009779922138850716,-0.013753666346010983,-0.030778172030460252,-0.010575105622467119,-0.00010790466563253374,0.007991186101236107,0.02905065430494432,0.013168562354721462,-0.01376816451645975,0.005572017597559799,0.0005350022206147026,0.01714600720573258,-0.0011170354264354323,-0.00459328337690245,-0.002104501746248759,0.018782623222101738,0.0029868491814974123,0.0012291958549474004,0.007267944244324824,0.002778021747966433,-0.011334452581800398,-0.009555581003065219,-0.01149000875642784,-0.0026006384670908813,-0.0002144059162702927,0.0046157602043463645,0.013168562354721462,0.024789194611310406
0.06250391379447252,-0.0011489518939905847,-0.011701901691639444,-0.0251220045942274,-0.004309898817955971,-0.006507610878461488,-0.0016812724703176626,0.007001768864782883,-0.01565026512066382,-0.0030185420355737383,0.007528022189234914,-0.004995188028588158,0.005791442500849866,0.02631882420064586,0.04149773012514239,-0.0007119977782193824,-0.0024572810769702877,-0.02103871120848797,-0.014864280802528381,-0.01763479958457683,-0.0011489518939905847,0.052176036299700086,-0.021204135230442386,0.0043813658086600225,-0.017516419901639158,-0.0019001819178524968,-0.0038479216760709733,0.03844900924506792,-0.00612238874435035,-0.010868966280170773,0.011114527071812132,-0.018269437323706658,0.012068110726892725,-0.0033982833503067144,-0.026488949389692845,-0.023894936963719193,-0.008870126901087997,0.004265815582117955,0.00414552894517976,0.017807230427277276,-0.011701901691639444,-0.021204135230442386,0.04543604413055083,0.01990528538852807,0.010598873399939087,0.015796447850356103,-0.01032648347364297,-0.026914280108770533,0.0026700263527271663,0.00403963432587187,-0.009992607210068064,0.020932145541875335,-0.007285974888979288,-0.016250071909427954,-0.0013225547908258125,0.007916603536803958,0.015443306184648961,-0.003518960116261871,-0.007117446111989905,-0.0016473084703517204,-0.0251220045942274,0.0043813658086600225,0.01990528538852807,0.04489687421241475,-0.004029480033573394,0.015934599892415885,-0.008658040472324269,0.0025039311830030503,0.00561793381916138,-0.0016210712312651982,-0.004264555981427313,0.003959786843586562,0.0013232150565289395,-0.02701871615729701,-0.02828099590802005,-0.004349486225434513,0.002162173437264402,-0.0013681940514431962,-0.006259624577197398,0.015715374836467587,-0.004309898817955971,-0.017516419901639158,0.010598873399939087,-0.004029480033573394,0.030655625372239113,-0.001900794190565127,0.002237659595133104,-0.021252782752202694,0.006391193677699342,0.011057987698317014,-9.397965764660466e-5,0.014531691038849166,-0.013429391516230526,0.004508222606986716,0.0008592622932416852,0.014946910929033302,0.010109906053900788,0.0006038582824466937,0.0017107595527260675,-0.0017903089336275958,-0.006507610878461488,-0.0019001819178524968,0.015796447850356103,0.015934599892415885,-0.001900794190565127,0.03863392222116747,0.00242208461686439,-0.008044570504849715,0.002142644883779029,-0.010221426014897582,-0.01185737274437636,-0.0010518431940797343,0.0008603094377282285,-0.01586012452617852,0.0005672497479295821,0.00211693457597178,0.0014605589669810575,0.00226964757489591,-0.014704501887501853,0.003918845315870048,-0.0016812724703176626,-0.0038479216760709733,-0.01032648347364297,-0.008658040472324269,0.002237659595133104,0.00242208461686439,0.02859224643911837,-0.007259112438827374,0.010016226475240725,0.0046511961432834144,-0.0023182895665311218,-0.0039610940192285355,0.007763804527469255,-0.0014191467847593188,0.0018075578814201344,0.007606772433767078,-0.0005584228227502219,-0.000603292331768362,0.007436799680108922,-0.0057362037440923,0.007001768864782883,0.03844900924506792,-0.026914280108770533,0.0025039311830030503,-0.021252782752202694,-0.008044570504849715,-0.007259112438827374,0.061374805626398084,-0.0077703077137658855,-0.006318531417604235,0.011650119159674718,-0.020521416442598382,0.010819282349969699,0.0016120103757737612,-0.007910696162235466,-0.025216062934299954,-0.012579860751270076,-0.007796565925431516,0.0010197455102384024,0.01829820897317184,-0.01565026512066382,-0.00612238874435035,0.0026700263527271663,0.00561793381916138,0.006391193677699342,0.002142644883779029,0.010016226475240725,-0.0077703077137658855,0.025014155146498757,0.00453053811154887,-0.003902544233945287,0.0021430136620914095,0.0015377650978752838,-0.0077641160945526,-0.011588603537767944,0.005469436690549483,0.00647442430441713,-0.0026044037699731667,0.013263521645580267,0.00408510944257181,-0.0030185420355737383,-0.010868966280170773,0.00403963432587187,-0.0016210712312651982,0.011057987698317014,-0.010221426014897582,0.0046511961432834144,-0.006318531417604235,0.00453053811154887,0.032049191238938124,0.0015661705256483026,0.005242415369434109,-0.006098118639340419,-0.004762121397262767,0.0031230031935174023,0.00540595225785972,0.003387306969840082,-6.638910392862501e-5,-0.00023858637613558041,0.002866439524509271,0.007528022189234914,0.011114527071812132,-0.009992607210068064,-0.004264555981427313,-9.397965764660466e-5,-0.01185737274437636,-0.0023182895665311218,0.011650119159674718,-0.003902544233945287,0.0015661705256483026,0.02051907248423366,-0.0014717661097229835,0.000451731138506303,0.009974893670646922,-0.003054796819450015,-0.00207998689548825,-0.0008184373307378314,-0.001552553964704394,-0.0013271734002453877,0.0014495302417408674,-0.004995188028588158,-0.018269437323706658,0.020932145541875335,0.003959786843586562,0.014531691038849166,-0.0010518431940797343,-0.0039610940192285355,-0.020521416442598382,0.0021430136620914095,0.005242415369434109,-0.0014717661097229835,0.033581319894535486,-0.010097448603940377,-0.0027826623559137737,-0.001287025145228631,0.0069453838427229846,0.004425834549898387,-0.005023393235405551,-0.00037471019299613285,-0.008413819778412287,0.005791442500849866,0.012068110726892725,-0.007285974888979288,0.0013232150565289395,-0.013429391516230526,0.0008603094377282285,0.007763804527469255,0.010819282349969699,0.0015377650978752838,-0.006098118639340419,0.000451731138506303,-0.010097448603940377,0.03207387712417479,0.0019193005696820844,-0.0027895931450380813,-0.0123243098490271,-0.010403365368779612,-0.0010339605604769674,-5.2538438049378215e-5,0.0017603473641355188,0.02631882420064586,-0.0033982833503067144,-0.016250071909427954,-0.02701871615729701,0.004508222606986716,-0.01586012452617852,-0.0014191467847593188,0.0016120103757737612,-0.0077641160945526,-0.004762121397262767,0.009974893670646922,-0.0027826623559137737,0.0019193005696820844,0.052705330158655354,0.028038046564859767,0.0063416493929822956,0.005277012543827529,-0.00040490118346022823,0.007612585785361829,-0.013488329785910125,0.04149773012514239,-0.026488949389692845,-0.0013225547908258125,-0.02828099590802005,0.0008592622932416852,0.0005672497479295821,0.0018075578814201344,-0.007910696162235466,-0.011588603537767944,0.0031230031935174023,-0.003054796819450015,-0.001287025145228631,-0.0027895931450380813,0.028038046564859767,0.07667153234496085,0.011073812096176094,-0.00039870165612530643,-0.01313744424589449,-0.01818925065269803,-0.02794682204815106,-0.0007119977782193824,-0.023894936963719193,0.007916603536803958,-0.004349486225434513,0.014946910929033302,0.00211693457597178,0.007606772433767078,-0.025216062934299954,0.005469436690549483,0.00540595225785972,-0.00207998689548825,0.0069453838427229846,-0.0123243098490271,0.0063416493929822956,0.011073812096176094,0.03959462828809392,0.01114313156925228,5.753776167814794e-5,-0.004482132804612452,-0.005917732932457595,-0.0024572810769702877,-0.008870126901087997,0.015443306184648961,0.002162173437264402,0.010109906053900788,0.0014605589669810575,-0.0005584228227502219,-0.012579860751270076,0.00647442430441713,0.003387306969840082,-0.0008184373307378314,0.004425834549898387,-0.010403365368779612,0.005277012543827529,-0.00039870165612530643,0.01114313156925228,0.030164708438054112,-0.007027905066890076,0.005990019108480033,0.0013066485603198418,-0.02103871120848797,0.004265815582117955,-0.003518960116261871,-0.0013681940514431962,0.0006038582824466937,0.00226964757489591,-0.000603292331768362,-0.007796565925431516,-0.0026044037699731667,-6.638910392862501e-5,-0.001552553964704394,-0.005023393235405551,-0.0010339605604769674,-0.00040490118346022823,-0.01313744424589449,5.753776167814794e-5,-0.007027905066890076,0.04193119374810319,0.0010877232626780476,0.011638829256708966,-0.014864280802528381,0.00414552894517976,-0.007117446111989905,-0.006259624577197398,0.0017107595527260675,-0.014704501887501853,0.007436799680108922,0.0010197455102384024,0.013263521645580267,-0.00023858637613558041,-0.0013271734002453877,-0.00037471019299613285,-5.2538438049378215e-5,0.007612585785361829,-0.01818925065269803,-0.004482132804612452,0.005990019108480033,0.0010877232626780476,0.033298672485078284,0.008082447552879141,-0.01763479958457683,0.017807230427277276,-0.0016473084703517204,0.015715374836467587,-0.0017903089336275958,0.003918845315870048,-0.0057362037440923,0.01829820897317184,0.00408510944257181,0.002866439524509271,0.0014495302417408674,-0.008413819778412287,0.0017603473641355188,-0.013488329785910125,-0.02794682204815106,-0.005917732932457595,0.0013066485603198418,0.011638829256708966,0.008082447552879141,0.03299378540183555
