0.07518747505863756,0.015938595654174006,-0.008399453928630283,0.020197112290190465,0.010843928805403365,0.004451257493451527,-0.0025023157318846967,-0.032779930923479784,0.03385474829004691,-0.02529631082093583,0.028125857177080067,0.02717309546874429,-0.02546947933486546,-0.0360483370668058,-0.005547017179988151,0.03786647692732392,-0.01167970081700267,-0.03110986971448044,-0.029392946231126423,0.06607717148494924,0.015938595654174006,0.2008062266920583,0.0248861652418488,0.03565141014592117,0.08231067645722569,-0.01431348308336038,-0.08542434505430904,-0.0011621064506974624,-0.0269815229776493,0.015653177633783447,-0.04911050561505684,0.0024281497990716293,0.06256765544314083,-0.14325126079046746,-0.03445213684748168,-0.10075305952247306,0.011992240124507744,0.007351651181906176,0.05495649444739012,-0.011216664459196153,-0.008399453928630283,0.0248861652418488,0.040271868749701456,-0.007364918074267363,0.025555833568440656,-0.005677891410247435,-0.026407467803764826,0.036363117383690566,-0.026523781786270385,0.013886143306592824,-0.018014098474974205,-0.004431378467779051,0.03430722098381733,0.0051117529112747594,0.032917610474187856,-0.03627216373568822,0.006275443350468606,-0.0005615984079242673,0.0025122558235926304,-0.026670426910678335,0.020197112290190465,0.03565141014592117,-0.007364918074267363,0.03755678403377938,0.016930094292305693,-0.0031359896201184406,-0.009918896298972092,-0.025657166781829117,0.025988260135167286,-0.002309796121465702,-0.0016562695850850624,0.014600217152973645,-0.002420079283417428,-0.05532737493662526,-0.02774527928868973,-0.007438667714205744,0.0024315446901955967,-0.0091629006839563,0.008688825350728482,0.02987420561716492,0.010843928805403365,0.08231067645722569,0.025555833568440656,0.016930094292305693,0.09700179445034403,-0.01330083439186899,-0.07765558411161605,0.035041637944000927,-0.0076106818789097785,0.0024890892719596847,-0.03292594312708323,0.018263460109258337,0.06726957558077831,-0.07706941780701776,0.010597714956251765,-0.09421024673706108,0.0062421245860971135,-0.007609677694301428,-0.005658899937953209,-0.006097787515716435,0.004451257493451527,-0.01431348308336038,-0.005677891410247435,-0.0031359896201184406,-0.01330083439186899,0.026535003574020076,0.02008737428779586,-0.021631037353313558,0.019256302214022795,-0.00401318175495778,-0.0015910322904017465,-0.0040222210161561175,-0.02248940053121981,-0.0032578611520674206,-0.010126944915080118,0.019969312180763775,0.0033608314352361105,0.007703595024568865,0.019026293230880315,-0.007430145274368574,-0.0025023157318846967,-0.08542434505430904,-0.026407467803764826,-0.009918896298972092,-0.07765558411161605,0.02008737428779586,0.10283558781026761,-0.02883281805188928,0.022942488108487875,0.0027036047843783553,0.02910501924334817,-0.019313321387036238,-0.06348447077030456,0.07401766082384739,0.009710790449132936,0.08066676408098132,0.010380365451977826,0.002163755462547823,0.0053067686884713736,-0.0012421187146763818,-0.032779930923479784,-0.0011621064506974624,0.036363117383690566,-0.025657166781829117,0.035041637944000927,-0.021631037353313558,-0.02883281805188928,0.09641286446670061,-0.057520624102086346,0.02542765751144335,-0.0177963404128334,-0.006686787625411003,0.06693682961673111,0.04790928124469497,0.06857302979956026,-0.05910698759095681,0.009535054431452153,0.001954213936318714,-0.02999121090164551,-0.05000853755340448,0.03385474829004691,-0.0269815229776493,-0.026523781786270385,0.025988260135167286,-0.0076106818789097785,0.019256302214022795,0.022942488108487875,-0.057520624102086346,0.09067645423030722,-0.021934113038388013,0.020616455382455677,0.021434563665961425,-0.0443700423641393,-0.03779069401380307,-0.0382861969334865,0.03663497302580933,0.0012980355454574836,-0.014795927906854186,0.0005717274398371781,0.047211064494620245,-0.02529631082093583,0.015653177633783447,0.013886143306592824,-0.002309796121465702,0.0024890892719596847,-0.00401318175495778,0.0027036047843783553,0.02542765751144335,-0.021934113038388013,0.040395851975712126,-0.013588147862529248,-0.013309198387045737,0.02553557324743378,0.014848358784844206,0.018884345451360692,-0.016968822546984015,0.012693603010221863,0.004123607702564655,0.011992774091554028,-0.030006937046491825,0.028125857177080067,-0.04911050561505684,-0.018014098474974205,-0.0016562695850850624,-0.03292594312708323,-0.0015910322904017465,0.02910501924334817,-0.0177963404128334,0.020616455382455677,-0.013588147862529248,0.0569895428682607,0.017917428418866094,-0.03906297760743722,0.027827559818867198,-0.0051810459519502925,0.07974848094187564,-0.022983843752917087,-0.017762807277986667,-0.04485576348582887,0.05160278514110223,0.02717309546874429,0.0024281497990716293,-0.004431378467779051,0.014600217152973645,0.018263460109258337,-0.0040222210161561175,-0.019313321387036238,-0.006686787625411003,0.021434563665961425,-0.013309198387045737,0.017917428418866094,0.042846235489539294,0.004927215136368197,-0.019515745008716157,-0.015592182998238047,0.01670097049231386,-0.016244618439681578,-0.006660444661519658,-0.0259157692792898,0.04470127428210116,-0.02546947933486546,0.06256765544314083,0.03430722098381733,-0.002420079283417428,0.06726957558077831,-0.02248940053121981,-0.06348447077030456,0.06693682961673111,-0.0443700423641393,0.02553557324743378,-0.03906297760743722,0.004927215136368197,0.10114642347974907,-0.018300048941183242,0.03137150430703463,-0.10023471743123316,0.013361762149329909,0.0160972913793129,0.008164703675388135,-0.040633375850968705,-0.0360483370668058,-0.14325126079046746,0.0051117529112747594,-0.05532737493662526,-0.07706941780701776,-0.0032578611520674206,0.07401766082384739,0.04790928124469497,-0.03779069401380307,0.014848358784844206,0.027827559818867198,-0.019515745008716157,-0.018300048941183242,0.18084307349576345,0.07298315926759813,0.07275644765862967,-0.0071795587535572174,0.01376639350770063,-0.04216368352575445,-0.03239440892823835,-0.005547017179988151,-0.03445213684748168,0.032917610474187856,-0.02774527928868973,0.010597714956251765,-0.010126944915080118,0.009710790449132936,0.06857302979956026,-0.0382861969334865,0.018884345451360692,-0.0051810459519502925,-0.015592182998238047,0.03137150430703463,0.07298315926759813,0.10203733067804263,-0.01904051865498021,0.014562012804136229,-0.011700890805764832,-0.03861320579488149,-0.03892610452841709,0.03786647692732392,-0.10075305952247306,-0.03627216373568822,-0.007438667714205744,-0.09421024673706108,0.019969312180763775,0.08066676408098132,-0.05910698759095681,0.03663497302580933,-0.016968822546984015,0.07974848094187564,0.01670097049231386,-0.10023471743123316,0.07275644765862967,-0.01904051865498021,0.19785899208776256,-0.03413471539186315,-0.013728663409954297,-0.040439922960076743,0.07245283794716545,-0.01167970081700267,0.011992240124507744,0.006275443350468606,0.0024315446901955967,0.0062421245860971135,0.0033608314352361105,0.010380365451977826,0.009535054431452153,0.0012980355454574836,0.012693603010221863,-0.022983843752917087,-0.016244618439681578,0.013361762149329909,-0.0071795587535572174,0.014562012804136229,-0.03413471539186315,0.03498544471150718,0.0050111550825567555,0.029428511794128615,-0.03455382571831235,-0.03110986971448044,0.007351651181906176,-0.0005615984079242673,-0.0091629006839563,-0.007609677694301428,0.007703595024568865,0.002163755462547823,0.001954213936318714,-0.014795927906854186,0.004123607702564655,-0.017762807277986667,-0.006660444661519658,0.0160972913793129,0.01376639350770063,-0.011700890805764832,-0.013728663409954297,0.0050111550825567555,0.04936097502522479,0.04027972353645397,-0.029848398815766106,-0.029392946231126423,0.05495649444739012,0.0025122558235926304,0.008688825350728482,-0.005658899937953209,0.019026293230880315,0.0053067686884713736,-0.02999121090164551,0.0005717274398371781,0.011992774091554028,-0.04485576348582887,-0.0259157692792898,0.008164703675388135,-0.04216368352575445,-0.03861320579488149,-0.040439922960076743,0.029428511794128615,0.04027972353645397,0.11327742400759994,-0.052371112945699835,0.06607717148494924,-0.011216664459196153,-0.026670426910678335,0.02987420561716492,-0.006097787515716435,-0.007430145274368574,-0.0012421187146763818,-0.05000853755340448,0.047211064494620245,-0.030006937046491825,0.05160278514110223,0.04470127428210116,-0.040633375850968705,-0.03239440892823835,-0.03892610452841709,0.07245283794716545,-0.03455382571831235,-0.029848398815766106,-0.052371112945699835,0.11587923392103916
0.07481013744988352,-0.015339442184048044,0.003072692079058343,-0.010045724657755746,0.0002183342198232058,0.029908569099105446,0.039547937382724316,-0.008406360811444928,0.01411638669326119,0.011837816280122922,0.03733844149943202,0.0019380525462321758,-0.006826509822931578,0.02749393515089626,0.006303577559363391,0.007173280071536673,0.021274590574385063,0.022281282733608642,0.025929417222723586,0.02074026871542612,-0.015339442184048044,0.04967166079377083,0.0029422806545320304,0.04075144478177585,0.02990971134676007,-0.017625574078315782,-0.04501402163598407,-0.012439890696634086,0.019368530592272164,-0.010304239779042709,-0.004384255603288737,0.019568069558088565,0.0011163004872549566,-0.06859272254105399,-0.016887026756344924,-0.007737011952605336,-0.029007321595807954,-0.016406475043819493,-0.01693912253729826,0.016432904708048632,0.003072692079058343,0.0029422806545320304,0.07057584088685424,-0.016018020114824554,0.015291781148387223,0.022768761876470617,-0.02200567317558009,0.0368075244856859,-0.02194399210151793,0.029077005670645906,-0.03210557702982,-0.013429137191631288,0.02544369451247574,0.031997986329364986,0.025412125688385124,-0.0416149658867731,0.027874673854319916,0.00045054440190216106,0.00040877324496025116,-0.0356362296528131,-0.010045724657755746,0.04075144478177585,-0.016018020114824554,0.09537220353957211,0.05096144675977832,-0.02808329702821388,-0.046610170533865146,-0.02317791674507188,0.036760521325274936,-0.027132163058935777,0.010009815419552055,0.023241633137076816,-0.006621844169741034,-0.11511574877126526,-0.02820524794415146,-0.013755416426083997,-0.045923815979942884,-0.009428870790651042,0.008562589613891693,0.056068068375921924,0.0002183342198232058,0.02990971134676007,0.015291781148387223,0.05096144675977832,0.0806902829468142,-0.018054129398309457,-0.04481580785724427,-0.0008165513177730002,0.015707699195779856,-0.009092498600843775,-0.00964306770906812,0.012814348119158773,0.01539333936749238,-0.06353813647061128,-0.012898570466158107,-0.03148978214196982,-0.031201489440891905,-0.015747536472223593,-0.019755093856400688,0.03489995731090402,0.029908569099105446,-0.017625574078315782,0.022768761876470617,-0.02808329702821388,-0.018054129398309457,0.043033869770579346,0.027293793463716343,0.011129433463590263,-0.007922194659853887,0.016526781235894045,-0.005871956636348295,-0.014922506467503663,-2.731877452172369e-5,0.04115696499960776,0.006661644655387049,0.007500803538736851,0.03143668584410743,0.029042460463813657,0.03928723043694475,-0.018907608678914216,0.039547937382724316,-0.04501402163598407,-0.02200567317558009,-0.046610170533865146,-0.04481580785724427,0.027293793463716343,0.0964670002088322,-0.009559478356788803,-0.0033448736644894014,0.01240399631607058,0.023430795995650608,-0.020236520425077478,-0.014422843993103222,0.08171588071355709,0.013674110767576842,0.0266787608444874,0.03997593517955618,0.034691708892842524,0.041808594059494567,-0.013497841140803764,-0.008406360811444928,-0.012439890696634086,0.0368075244856859,-0.02317791674507188,-0.0008165513177730002,0.011129433463590263,-0.009559478356788803,0.0879287430068306,-0.04783686264885401,0.046933689304263074,-0.029811107030251034,-0.027404972417687527,0.04549419409800336,0.05626658456290046,0.052449397239056623,-0.05300747545494468,0.04809341064066851,0.0038776341606175475,0.004477941054273434,-0.04921574806248759,0.01411638669326119,0.019368530592272164,-0.02194399210151793,0.036760521325274936,0.015707699195779856,-0.007922194659853887,-0.0033448736644894014,-0.04783686264885401,0.05747716229043571,-0.034382902858527555,0.03191412285656192,0.027693888456707897,-0.03141062111253132,-0.0602102148238621,-0.03351393101257613,0.02976939125245382,-0.032053978097016364,0.005285054255565929,0.010758948427459752,0.042550832572896914,0.011837816280122922,-0.010304239779042709,0.029077005670645906,-0.027132163058935777,-0.009092498600843775,0.016526781235894045,0.01240399631607058,0.046933689304263074,-0.034382902858527555,0.06681577829573596,-0.013154779172181249,-0.027924886014644414,0.033922179748979375,0.06928745234760798,0.044846218586142815,-0.0470776137295343,0.04374857721998157,0.004489049079175225,0.009541278375167802,-0.039348860411646217,0.03733844149943202,-0.004384255603288737,-0.03210557702982,0.010009815419552055,-0.00964306770906812,-0.005871956636348295,0.023430795995650608,-0.029811107030251034,0.03191412285656192,-0.013154779172181249,0.06270253259059587,0.019282753805197228,-0.025671329720510505,-0.01815506108277417,-0.009074586905127389,0.03014024227091207,-0.012565235965910564,0.006403662117519492,0.007054728381373627,0.0383943881393329,0.0019380525462321758,0.019568069558088565,-0.013429137191631288,0.023241633137076816,0.012814348119158773,-0.014922506467503663,-0.020236520425077478,-0.027404972417687527,0.027693888456707897,-0.027924886014644414,0.019282753805197228,0.04828434486944494,-0.007250472430882579,-0.05680269908296295,-0.026103460952687726,0.028802494115328717,-0.028607228572342998,-0.013729028553371086,-0.019962858005359296,0.030762135180623713,-0.006826509822931578,0.0011163004872549566,0.02544369451247574,-0.006621844169741034,0.01539333936749238,-2.731877452172369e-5,-0.014422843993103222,0.04549419409800336,-0.03141062111253132,0.033922179748979375,-0.025671329720510505,-0.007250472430882579,0.050313571096587094,0.020061381651405107,0.029023813965820003,-0.040246183379884434,0.022876131254697306,-0.01024495955546061,-0.014189259376585606,-0.019859632061795057,0.02749393515089626,-0.06859272254105399,0.031997986329364986,-0.11511574877126526,-0.06353813647061128,0.04115696499960776,0.08171588071355709,0.05626658456290046,-0.0602102148238621,0.06928745234760798,-0.01815506108277417,-0.05680269908296295,0.020061381651405107,0.19880123101594355,0.06764504581326786,-0.019871358929573434,0.08391477781187401,0.03009232578863235,0.01904490051165956,-0.09283629656774635,0.006303577559363391,-0.016887026756344924,0.025412125688385124,-0.02820524794415146,-0.012898570466158107,0.006661644655387049,0.013674110767576842,0.052449397239056623,-0.03351393101257613,0.044846218586142815,-0.009074586905127389,-0.026103460952687726,0.029023813965820003,0.06764504581326786,0.06952111492007818,-0.05198728997775019,0.044818283237702886,0.00873287313933791,0.008812330367566765,-0.0489834436306962,0.007173280071536673,-0.007737011952605336,-0.0416149658867731,-0.013755416426083997,-0.03148978214196982,0.007500803538736851,0.0266787608444874,-0.05300747545494468,0.02976939125245382,-0.0470776137295343,0.03014024227091207,0.028802494115328717,-0.040246183379884434,-0.019871358929573434,-0.05198728997775019,0.11162185947603599,-0.02756911194780861,0.016220063854829117,0.014965977275875826,0.033868085218735355,0.021274590574385063,-0.029007321595807954,0.027874673854319916,-0.045923815979942884,-0.031201489440891905,0.03143668584410743,0.03997593517955618,0.04809341064066851,-0.032053978097016364,0.04374857721998157,-0.012565235965910564,-0.028607228572342998,0.022876131254697306,0.08391477781187401,0.044818283237702886,-0.02756911194780861,0.08556625740296203,0.026787329552015553,0.03635722307146966,-0.05837480006954547,0.022281282733608642,-0.016406475043819493,0.00045054440190216106,-0.009428870790651042,-0.015747536472223593,0.029042460463813657,0.034691708892842524,0.0038776341606175475,0.005285054255565929,0.004489049079175225,0.006403662117519492,-0.013729028553371086,-0.01024495955546061,0.03009232578863235,0.00873287313933791,0.016220063854829117,0.026787329552015553,0.051129040463297505,0.06625007387300197,-0.011930073486433702,0.025929417222723586,-0.01693912253729826,0.00040877324496025116,0.008562589613891693,-0.019755093856400688,0.03928723043694475,0.041808594059494567,0.004477941054273434,0.010758948427459752,0.009541278375167802,0.007054728381373627,-0.019962858005359296,-0.014189259376585606,0.01904490051165956,0.008812330367566765,0.014965977275875826,0.03635722307146966,0.06625007387300197,0.12262628786461804,-0.01688554657101842,0.02074026871542612,0.016432904708048632,-0.0356362296528131,0.056068068375921924,0.03489995731090402,-0.018907608678914216,-0.013497841140803764,-0.04921574806248759,0.042550832572896914,-0.039348860411646217,0.0383943881393329,0.030762135180623713,-0.019859632061795057,-0.09283629656774635,-0.0489834436306962,0.033868085218735355,-0.05837480006954547,-0.011930073486433702,-0.01688554657101842,0.1016798267724823
0.0459664862519725,0.02142435284411587,-0.010530264190177493,0.04199265421076036,0.017415061021428042,0.016108768274990814,-0.004980417989051146,-0.03451680755227145,0.028392813472667228,-0.022369891418840646,0.011773535652547159,0.02566853319999471,-0.02126848989235508,-0.06884857691126363,-0.050430401099177416,0.028590907830945297,-0.02004990756185321,-0.0069668539642231,0.0020349810698203743,0.05935833286981311,0.02142435284411587,0.06943665093219561,0.016356158964214926,0.0520272834867138,0.05055155058681364,0.0045087736095706515,-0.023103100958774256,-0.01647397870566765,0.007834838439188647,-0.008402743601797437,-0.022474724543104136,0.008614881757847382,0.015842052151927445,-0.06774405007886523,-0.027594406731262747,-0.002119417930849881,0.004252491814226856,0.001656934345148649,0.02132867906652794,0.014200971760655434,-0.010530264190177493,0.016356158964214926,0.05262307097546741,0.005266903077759389,0.026866351905157522,-0.002953886028923783,0.0005409526998155561,0.0223971353427133,-0.027781114972268296,0.01700608758108853,-0.026471699085687958,-0.01016102234896223,0.028434691674563004,0.020850404021502723,0.033918465589224206,-0.026604871414880212,0.030283658926371068,0.007726454413384782,0.0247690167520902,-0.03511649547906927,0.04199265421076036,0.0520272834867138,0.005266903077759389,0.0833889749392116,0.04962157674918835,0.015422727455134616,-0.018748476555873746,-0.03140697174290506,0.03133669699750592,-0.023892807681107145,-0.005973653467252546,0.02339779742047912,-0.008384148527775352,-0.10435286771530002,-0.05922950453132311,0.009741975573705266,-0.011185228483559925,-0.0034274677691875305,0.014727763055186752,0.055544299629814144,0.017415061021428042,0.05055155058681364,0.026866351905157522,0.04962157674918835,0.09221102248351945,-0.015068384796303678,-0.04013279129572609,0.01553787882453252,0.00032092486782354804,-0.006460611849769999,-0.01401896132893949,0.019957570752051484,0.03670971924092248,-0.06525524558129185,-0.012577791104413967,-0.04178902620962263,0.007893821518622241,-0.01725438020469061,-0.013752165960116655,0.021628792412604736,0.016108768274990814,0.0045087736095706515,-0.002953886028923783,0.015422727455134616,-0.015068384796303678,0.0375438857694505,0.017574065481071842,-0.027986448781073904,0.02196151499935009,-0.008822168712863326,-0.005482269201624655,0.003987675534177668,-0.023967348702982984,-0.029454750953905623,-0.0251554450352056,0.03485798966187835,-0.011664726055793936,0.01992106068198144,0.023838817555126325,0.012349340025966011,-0.004980417989051146,-0.023103100958774256,0.0005409526998155561,-0.018748476555873746,-0.04013279129572609,0.017574065481071842,0.05410991313002226,0.00021552332670026918,0.004599498970082764,0.010398525940679105,0.0018063062363417959,-0.008413355652676216,-0.012331172221986892,0.04397940849492986,0.019492239964303267,0.023516508080755345,0.008350186694503365,0.023912613832831338,0.02263370285284284,-0.015828193349391645,-0.03451680755227145,-0.01647397870566765,0.0223971353427133,-0.03140697174290506,0.01553787882453252,-0.027986448781073904,0.00021552332670026918,0.07329727557823418,-0.03839177383369812,0.01703574638712517,-0.0071252883953223855,-0.011588463303120872,0.03882765689507031,0.060960537749580365,0.05517792585275695,-0.05025837674664757,0.02486320272701526,-0.005283630727116014,-0.025545083102691435,-0.0458107673252778,0.028392813472667228,0.007834838439188647,-0.027781114972268296,0.03133669699750592,0.00032092486782354804,0.02196151499935009,0.004599498970082764,-0.03839177383369812,0.0880380410813289,-0.016731161020424164,0.03445302936480578,0.020980016940023577,-0.02267098713792972,-0.06287645738578793,-0.0620175896423141,0.026699308483799294,-0.03614061265447098,-0.00205750862543669,-0.015415793275506663,0.07014047645172079,-0.022369891418840646,-0.008402743601797437,0.01700608758108853,-0.023892807681107145,-0.006460611849769999,-0.008822168712863326,0.010398525940679105,0.01703574638712517,-0.016731161020424164,0.04162143987762803,-0.010319813580791645,-0.022909566962202317,0.02446123384533813,0.054634665514184916,0.043049238666441926,-0.029951923494406545,0.024924249628803546,0.0027112030766926723,0.012210253861768054,-0.040558985808134496,0.011773535652547159,-0.022474724543104136,-0.026471699085687958,-0.005973653467252546,-0.01401896132893949,-0.005482269201624655,0.0018063062363417959,-0.0071252883953223855,0.03445302936480578,-0.010319813580791645,0.05729389669033774,0.013682920408409585,-0.020466049117692987,-0.014103479877100686,-0.03165251989256154,0.01961060424210517,-0.03470811759332281,-0.013748506114650182,-0.043542935891325005,0.051910110977744645,0.02566853319999471,0.008614881757847382,-0.01016102234896223,0.02339779742047912,0.019957570752051484,0.003987675534177668,-0.008413355652676216,-0.011588463303120872,0.020980016940023577,-0.022909566962202317,0.013682920408409585,0.040168507364309845,-0.004626493505749825,-0.049556627907852535,-0.03112010768132805,0.015490505793334941,-0.019489435517537727,-0.008372426746484862,-0.017767030551667753,0.04386867399110313,-0.02126848989235508,0.015842052151927445,0.028434691674563004,-0.008384148527775352,0.03670971924092248,-0.023967348702982984,-0.012331172221986892,0.03882765689507031,-0.02267098713792972,0.02446123384533813,-0.020466049117692987,-0.004626493505749825,0.07133831232267403,0.02140276388904428,0.04446546243882174,-0.058261574282386375,0.03233159524403986,-0.011639325114369083,-0.004424643409945111,-0.033405532040122914,-0.06884857691126363,-0.06774405007886523,0.020850404021502723,-0.10435286771530002,-0.06525524558129185,-0.029454750953905623,0.04397940849492986,0.060960537749580365,-0.06287645738578793,0.054634665514184916,-0.014103479877100686,-0.049556627907852535,0.02140276388904428,0.19701054058153739,0.1205394800755536,-0.0255547715790274,0.0390802587088681,0.023354045262328423,0.011164261723696979,-0.12178764940168652,-0.050430401099177416,-0.027594406731262747,0.033918465589224206,-0.05922950453132311,-0.012577791104413967,-0.0251554450352056,0.019492239964303267,0.05517792585275695,-0.0620175896423141,0.043049238666441926,-0.03165251989256154,-0.03112010768132805,0.04446546243882174,0.1205394800755536,0.12040040256537568,-0.03868249365772035,0.046303562349289076,0.013839745225071932,0.01845802503682272,-0.09881443560861258,0.028590907830945297,-0.002119417930849881,-0.026604871414880212,0.009741975573705266,-0.04178902620962263,0.03485798966187835,0.023516508080755345,-0.05025837674664757,0.026699308483799294,-0.029951923494406545,0.01961060424210517,0.015490505793334941,-0.058261574282386375,-0.0255547715790274,-0.03868249365772035,0.11684630790912748,-0.047746067921556085,0.024581518992826533,0.014346576002240912,0.041881078684302825,-0.02004990756185321,0.004252491814226856,0.030283658926371068,-0.011185228483559925,0.007893821518622241,-0.011664726055793936,0.008350186694503365,0.02486320272701526,-0.03614061265447098,0.024924249628803546,-0.03470811759332281,-0.019489435517537727,0.03233159524403986,0.0390802587088681,0.046303562349289076,-0.047746067921556085,0.06323587930011024,0.003573776989631669,0.03280409438534648,-0.054839598182555155,-0.0069668539642231,0.001656934345148649,0.007726454413384782,-0.0034274677691875305,-0.01725438020469061,0.01992106068198144,0.023912613832831338,-0.005283630727116014,-0.00205750862543669,0.0027112030766926723,-0.013748506114650182,-0.008372426746484862,-0.011639325114369083,0.023354045262328423,0.013839745225071932,0.024581518992826533,0.003573776989631669,0.03949156139870746,0.03172516109430139,-0.024375472531756773,0.0020349810698203743,0.02132867906652794,0.0247690167520902,0.014727763055186752,-0.013752165960116655,0.023838817555126325,0.02263370285284284,-0.025545083102691435,-0.015415793275506663,0.012210253861768054,-0.043542935891325005,-0.017767030551667753,-0.004424643409945111,0.011164261723696979,0.01845802503682272,0.014346576002240912,0.03280409438534648,0.03172516109430139,0.08788317308017052,-0.043117260476744274,0.05935833286981311,0.014200971760655434,-0.03511649547906927,0.055544299629814144,0.021628792412604736,0.012349340025966011,-0.015828193349391645,-0.0458107673252778,0.07014047645172079,-0.040558985808134496,0.051910110977744645,0.04386867399110313,-0.033405532040122914,-0.12178764940168652,-0.09881443560861258,0.041881078684302825,-0.054839598182555155,-0.024375472531756773,-0.043117260476744274,0.14251528038559616
