0.08906931511529469,0.07091655098224421,0.12507976104254792,0.06370083689198539,0.06342055436462207,0.008890961986180796,0.0363703241230009,0.028107005227436956,0.02326409496698847,0.11052347663699472,0.030073859918976226,0.07903144680893219,0.0677274088832241,0.046297974009346855,0.003113324862915309,0.05073869509736954,0.07092097974720545,0.0043904131631355425,0.029780634708563486,-0.0029001255843319703,0.07091655098224421,0.08328631777701248,0.11361607023137404,0.06506808625033891,0.06033364662624156,0.012959341019742797,0.03513960829747104,0.02973274109045706,0.026086932211547294,0.10068462742178345,0.029239750675636063,0.06858556084395409,0.06302961609442811,0.045660843383498184,0.005137645315787086,0.041895906901772306,0.06466249825401088,-0.002640382426514403,0.0328034796531584,-0.0030983622560336994,0.12507976104254792,0.11361607023137404,0.24498475588111174,0.1070866642148882,0.10852057415019825,0.01581384236007098,0.06300142366498299,0.031903945086033156,0.018327190313010555,0.18136420492473873,0.05125186876148323,0.12038403880332367,0.11611976822876743,0.07714798425137603,0.0059325974585722335,0.077937593314989,0.12154239890436859,0.0009980321731991385,0.04589323636079877,-0.017149710557566155,0.06370083689198539,0.06506808625033891,0.1070866642148882,0.13662923461502177,0.0643631377856479,-0.01989847525345273,0.021530464074286708,0.004699429778564801,0.06479582973089398,0.08751671388593438,0.04045227983425233,0.08326766109883293,0.06384022098788304,0.05949442903136187,0.01667049904892299,0.009843262626907833,0.08051544105152894,-0.013899910057288762,0.029618747783342746,0.000116030394434221,0.06342055436462207,0.06033364662624156,0.10852057415019825,0.0643631377856479,0.07281337482305247,0.001515785823264549,0.02675838338798505,0.02076731716094516,0.01964731495764014,0.09153430359423717,0.031934290376916,0.06711363410627379,0.0557304158378064,0.041208367648744096,0.005660923276707781,0.03027569538512681,0.05878423194952104,-0.004965381735361251,0.022153544591668517,-0.003911987350585264,0.008890961986180796,0.012959341019742797,0.01581384236007098,-0.01989847525345273,0.001515785823264549,0.06476069064508382,-0.018770021675900077,0.031768148115141906,0.011950532028308546,0.023006733575899472,-0.0018288606732887289,0.007447218961055671,-0.018254897023727595,0.00298146762519483,-0.016641496720768402,0.006527786242536122,-0.03693067354401004,0.010157970326357207,-0.00040221555093768093,0.018486614834570293,0.0363703241230009,0.03513960829747104,0.06300142366498299,0.021530464074286708,0.02675838338798505,-0.018770021675900077,0.07047470661357405,-0.005177959730606738,-0.012416082195253367,0.05574285657664365,0.022573808757428537,0.025083675587898674,0.05859800069956461,0.015371715593292062,0.004385297543144908,0.02814641051275918,0.05998055960162196,-0.004790798463724048,0.018609182197787243,-0.02227037263320357,0.028107005227436956,0.02973274109045706,0.031903945086033156,0.004699429778564801,0.02076731716094516,0.031768148115141906,-0.005177959730606738,0.04923103442268476,0.01667310836923888,0.03770937673600894,0.013546198165083564,0.02480935096589241,0.005981073539016424,0.016816325964187105,-0.0032606327519465765,0.02640526856129912,0.0024896217018087327,0.011721515072488368,0.00953370584600008,0.019978849171022453,0.02326409496698847,0.026086932211547294,0.018327190313010555,0.06479582973089398,0.01964731495764014,0.011950532028308546,-0.012416082195253367,0.01667310836923888,0.08214225999759306,0.02470977914853375,0.013287890775349316,0.045274012908764774,0.003807358421424765,0.029992735727561635,0.0046097523014259085,-0.010390826845900246,0.01415249897087556,0.004187300465589664,0.019348242479559914,0.02772214118793538,0.11052347663699472,0.10068462742178345,0.18136420492473873,0.08751671388593438,0.09153430359423717,0.023006733575899472,0.05574285657664365,0.03770937673600894,0.02470977914853375,0.17064300835942608,0.04469872885616932,0.10313505130889541,0.09757423541965733,0.06405452608645958,0.0019237513068372579,0.06939885998081834,0.09585428869600746,0.004366415674238191,0.04410400774109451,-0.011197222244241307,0.030073859918976226,0.029239750675636063,0.05125186876148323,0.04045227983425233,0.031934290376916,-0.0018288606732887289,0.022573808757428537,0.013546198165083564,0.013287890775349316,0.04469872885616932,0.04803657327492226,0.030886897465817912,0.03823401675488587,0.02990899584416353,0.011866974089636537,0.012368244768294732,0.04329709665695381,-0.00041950820722665746,0.007566117789403765,-0.0020448389807162185,0.07903144680893219,0.06858556084395409,0.12038403880332367,0.08326766109883293,0.06711363410627379,0.007447218961055671,0.025083675587898674,0.02480935096589241,0.045274012908764774,0.10313505130889541,0.030886897465817912,0.1008836301943914,0.05950737216422561,0.05158856658029797,0.005299837848520736,0.03642939032690405,0.06955149086088791,0.0011237303404085207,0.03755424870570559,0.005916521554855593,0.0677274088832241,0.06302961609442811,0.11611976822876743,0.06384022098788304,0.0557304158378064,-0.018254897023727595,0.05859800069956461,0.005981073539016424,0.003807358421424765,0.09757423541965733,0.03823401675488587,0.05950737216422561,0.09798795561136042,0.03855112039868158,0.009201928312580453,0.04157198712545262,0.08594134635645137,0.0014319036113596452,0.028384287988173287,-0.022967902687581553,0.046297974009346855,0.045660843383498184,0.07714798425137603,0.05949442903136187,0.041208367648744096,0.00298146762519483,0.015371715593292062,0.016816325964187105,0.029992735727561635,0.06405452608645958,0.02990899584416353,0.05158856658029797,0.03855112039868158,0.052475351339549496,0.004318465711656038,0.022929667605707048,0.051755508911309,-0.003151406636461046,0.016935932839545198,0.006129332903996034,0.003113324862915309,0.005137645315787086,0.0059325974585722335,0.01667049904892299,0.005660923276707781,-0.016641496720768402,0.004385297543144908,-0.0032606327519465765,0.0046097523014259085,0.0019237513068372579,0.011866974089636537,0.005299837848520736,0.009201928312580453,0.004318465711656038,0.019844621095328613,-0.003636162855767654,0.014900538315506251,-0.00544591933205797,0.0025172381387510994,-0.0028430168802874188,0.05073869509736954,0.041895906901772306,0.077937593314989,0.009843262626907833,0.03027569538512681,0.006527786242536122,0.02814641051275918,0.02640526856129912,-0.010390826845900246,0.06939885998081834,0.012368244768294732,0.03642939032690405,0.04157198712545262,0.022929667605707048,-0.003636162855767654,0.06711679486756342,0.0441126229188676,0.0029879556431367795,0.018946783513393538,-0.005099754720096187,0.07092097974720545,0.06466249825401088,0.12154239890436859,0.08051544105152894,0.05878423194952104,-0.03693067354401004,0.05998055960162196,0.0024896217018087327,0.01415249897087556,0.09585428869600746,0.04329709665695381,0.06955149086088791,0.08594134635645137,0.051755508911309,0.014900538315506251,0.0441126229188676,0.12890653007077657,-0.011933148809439336,0.03211513335291913,-0.02424129306255714,0.0043904131631355425,-0.002640382426514403,0.0009980321731991385,-0.013899910057288762,-0.004965381735361251,0.010157970326357207,-0.004790798463724048,0.011721515072488368,0.004187300465589664,0.004366415674238191,-0.00041950820722665746,0.0011237303404085207,0.0014319036113596452,-0.003151406636461046,-0.00544591933205797,0.0029879556431367795,-0.011933148809439336,0.02468816368954511,0.0013443134497821895,0.008650167205465785,0.029780634708563486,0.0328034796531584,0.04589323636079877,0.029618747783342746,0.022153544591668517,-0.00040221555093768093,0.018609182197787243,0.00953370584600008,0.019348242479559914,0.04410400774109451,0.007566117789403765,0.03755424870570559,0.028384287988173287,0.016935932839545198,0.0025172381387510994,0.018946783513393538,0.03211513335291913,0.0013443134497821895,0.03536765515172189,-0.0009508242480710102,-0.0029001255843319703,-0.0030983622560336994,-0.017149710557566155,0.000116030394434221,-0.003911987350585264,0.018486614834570293,-0.02227037263320357,0.019978849171022453,0.02772214118793538,-0.011197222244241307,-0.0020448389807162185,0.005916521554855593,-0.022967902687581553,0.006129332903996034,-0.0028430168802874188,-0.005099754720096187,-0.02424129306255714,0.008650167205465785,-0.0009508242480710102,0.03761201341569551
0.06295465896583913,0.047024115790744545,0.044191970775503644,0.04033029071707438,0.027925848416400348,-0.004434512521215501,0.017534098434657218,0.026466171350821927,0.03591271106880857,0.047294177867409665,0.018468599744980635,0.03410456533453264,0.026311006555156207,0.028106580226514542,0.01326036032013176,0.0193117729599904,0.0259325137996836,0.0029871346185342176,0.020478680398411157,0.011851421310862248,0.047024115790744545,0.0651440096170651,0.05034697399601401,0.03744556843493917,0.03542668179633129,0.004105946180743939,0.015960991822138223,0.038114137434907595,0.025938937436994762,0.05355227184347995,0.016317835839152604,0.036255291944199186,0.028403761603506026,0.027451150879853038,0.006022506914664311,0.02761313088469827,0.02762845499437247,0.008541856268399674,0.02113022996299853,0.017552993775450138,0.044191970775503644,0.05034697399601401,0.08109446754486124,0.050579000399743425,0.035540716791089014,-0.01247139494015698,0.03416980063924141,0.019239058183070486,0.008284765471078693,0.06223252443800677,0.02305897192760143,0.03527352499124838,0.04080231146212554,0.025717364939839595,0.01595555479042689,0.02708338504093371,0.05388848154691796,-0.009319316856396191,0.030007287992204736,-0.006363906136265777,0.04033029071707438,0.03744556843493917,0.050579000399743425,0.10922942549803447,0.02379321607417373,-0.022529883912119658,0.004211675161156424,0.0008109538771445008,0.04901950082548799,0.06217336890241322,0.025837066672023883,0.060563951855858,0.03391367046629228,0.04246462634539705,0.01874758618021763,0.009511144986697712,0.01868260388302462,-0.0022677461696458566,0.027899118242428383,0.008132195123103677,0.027925848416400348,0.03542668179633129,0.035540716791089014,0.02379321607417373,0.04023259960829939,-0.0009114488199652988,0.013921670368403504,0.02369812702240912,0.019887199519404083,0.03915645581883856,0.009759229033469543,0.024080976638546952,0.018885072473585993,0.018376282689199306,0.002459295984130583,0.014085336144452332,0.024400878061684308,-0.0009210123491731646,0.010206199407991876,0.0072591473842219464,-0.004434512521215501,0.004105946180743939,-0.01247139494015698,-0.022529883912119658,-0.0009114488199652988,0.04197837323695515,-0.023297250441800837,0.030742401587796304,0.007219599807267043,-0.0047636096352422375,-0.010654950655003565,-0.005249870469518381,-0.007365422681303912,-0.006219952602072086,-0.014711487972616557,-0.0018789817493780744,-0.02929874920689472,0.008295348275048738,-0.007063104343510558,0.020808515845391017,0.017534098434657218,0.015960991822138223,0.03416980063924141,0.004211675161156424,0.013921670368403504,-0.023297250441800837,0.05399233836909534,-0.004612916151080161,-0.00865633618119413,0.01925964212690131,0.020250396364369157,0.005638516786182858,0.022341575425522946,0.005779094498439657,0.008800789187571904,0.014596376034428513,0.05422634253523349,-0.010695764212668785,0.0145966414578495,-0.01344637630731115,0.026466171350821927,0.038114137434907595,0.019239058183070486,0.0008109538771445008,0.02369812702240912,0.030742401587796304,-0.004612916151080161,0.06781611849351779,0.018867484510301746,0.025756001991572776,0.0018848157868459172,0.01356395811364041,0.016492854583057125,0.008253646786635671,-0.007393095820284952,0.022745304710192975,-0.0002847047799111107,0.017036829389271757,0.010903831755911031,0.033324955177911134,0.03591271106880857,0.025938937436994762,0.008284765471078693,0.04901950082548799,0.019887199519404083,0.007219599807267043,-0.00865633618119413,0.018867484510301746,0.08864913480156632,0.028045968211437712,0.013322826918580163,0.035281463163763245,0.011530198048210342,0.0385464694907533,0.011300900639122865,-0.0018727163982112096,-0.008657963092648494,0.01948671738815731,0.005069183042085079,0.03786581591429573,0.047294177867409665,0.05355227184347995,0.06223252443800677,0.06217336890241322,0.03915645581883856,-0.0047636096352422375,0.01925964212690131,0.025756001991572776,0.028045968211437712,0.07670808310835767,0.01917691571975331,0.045003200443291445,0.03554569487429937,0.03505273606803084,0.012267659484887328,0.023862115952476688,0.0347261809053912,-0.00021190881484359594,0.02665596669339235,0.005212252646883984,0.018468599744980635,0.016317835839152604,0.02305897192760143,0.025837066672023883,0.009759229033469543,-0.010654950655003565,0.020250396364369157,0.0018848157868459172,0.013322826918580163,0.01917691571975331,0.03875758399861106,0.013723180356718444,0.01875469854442765,0.010792916461844023,0.012412768238662691,0.01478794390806151,0.02293643218045152,0.0043796397489177,0.01713073982802212,0.00595310646820375,0.03410456533453264,0.036255291944199186,0.03527352499124838,0.060563951855858,0.024080976638546952,-0.005249870469518381,0.005638516786182858,0.01356395811364041,0.035281463163763245,0.045003200443291445,0.013723180356718444,0.05759248401149106,0.027667106613195398,0.03564920286642518,0.010373723178119637,0.00653019818979328,0.014106753887593249,0.0018201177098194406,0.016628974552159965,0.008533016768675662,0.026311006555156207,0.028403761603506026,0.04080231146212554,0.03391367046629228,0.018885072473585993,-0.007365422681303912,0.022341575425522946,0.016492854583057125,0.011530198048210342,0.03554569487429937,0.01875469854442765,0.027667106613195398,0.05157837679286342,0.017499210210547733,0.01029951260239821,0.011869279387566746,0.03603367072752105,-0.0010695445030896773,0.019812061296393745,7.360008247036826e-5,0.028106580226514542,0.027451150879853038,0.025717364939839595,0.04246462634539705,0.018376282689199306,-0.006219952602072086,0.005779094498439657,0.008253646786635671,0.0385464694907533,0.03505273606803084,0.010792916461844023,0.03564920286642518,0.017499210210547733,0.045546382235336885,0.012164691643079194,0.0015436462009035439,0.012700302890100107,0.004064108730386186,0.009831472483152326,0.012156792515960201,0.01326036032013176,0.006022506914664311,0.01595555479042689,0.01874758618021763,0.002459295984130583,-0.014711487972616557,0.008800789187571904,-0.007393095820284952,0.011300900639122865,0.012267659484887328,0.012412768238662691,0.010373723178119637,0.01029951260239821,0.012164691643079194,0.02304616334471452,0.0010772268150660554,0.012043438711870162,-0.002104312559762389,0.007977474528044533,-0.0009483443639383183,0.0193117729599904,0.02761313088469827,0.02708338504093371,0.009511144986697712,0.014085336144452332,-0.0018789817493780744,0.014596376034428513,0.022745304710192975,-0.0018727163982112096,0.023862115952476688,0.01478794390806151,0.00653019818979328,0.011869279387566746,0.0015436462009035439,0.0010772268150660554,0.03503554275072037,0.02062770078505243,0.004031606367536886,0.014120454773003117,0.007669272284930674,0.0259325137996836,0.02762845499437247,0.05388848154691796,0.01868260388302462,0.024400878061684308,-0.02929874920689472,0.05422634253523349,-0.0002847047799111107,-0.008657963092648494,0.0347261809053912,0.02293643218045152,0.014106753887593249,0.03603367072752105,0.012700302890100107,0.012043438711870162,0.02062770078505243,0.08573558274386484,-0.018614245037008127,0.02217169461579195,-0.018945403179853063,0.0029871346185342176,0.008541856268399674,-0.009319316856396191,-0.0022677461696458566,-0.0009210123491731646,0.008295348275048738,-0.010695764212668785,0.017036829389271757,0.01948671738815731,-0.00021190881484359594,0.0043796397489177,0.0018201177098194406,-0.0010695445030896773,0.004064108730386186,-0.002104312559762389,0.004031606367536886,-0.018614245037008127,0.029088279901873137,0.00019560412962176584,0.025340282567066615,0.020478680398411157,0.02113022996299853,0.030007287992204736,0.027899118242428383,0.010206199407991876,-0.007063104343510558,0.0145966414578495,0.010903831755911031,0.005069183042085079,0.02665596669339235,0.01713073982802212,0.016628974552159965,0.019812061296393745,0.009831472483152326,0.007977474528044533,0.014120454773003117,0.02217169461579195,0.00019560412962176584,0.02738272361523641,0.0035654027854518182,0.011851421310862248,0.017552993775450138,-0.006363906136265777,0.008132195123103677,0.0072591473842219464,0.020808515845391017,-0.01344637630731115,0.033324955177911134,0.03786581591429573,0.005212252646883984,0.00595310646820375,0.008533016768675662,7.360008247036826e-5,0.012156792515960201,-0.0009483443639383183,0.007669272284930674,-0.018945403179853063,0.025340282567066615,0.0035654027854518182,0.054049954480019057
