0.03742772646401918,-0.002713189284855873,0.05004793398420003,-0.004480613535098352,-0.004536309041066564,0.027074497679048702,-0.002077868501043644,-0.011537970999641833,0.0026727499097609717,-0.012985780091482229,0.005944593559332252,-0.0022445171581702977,0.0019877724082465005,-0.01071893174517753,0.01288331326704117,-0.01677917400922952,-0.008362068031422646,-0.017250142091694697,-0.004711399990307843,0.00026803206180173395,-0.002713189284855873,0.03821370838792126,0.002568610314165852,-0.005006341221176625,-0.008312093553009206,0.0066936963654907235,0.0036974204994468522,0.021737015334657835,0.0008542274541979956,-0.003211336114899423,-0.010052908849442658,-0.011490292042331034,0.004606794639761813,-0.006472429463673855,-0.03151577208240917,0.0031169776102830506,-0.0049120699566703035,-0.014905108612317818,0.016612220039827034,0.0039030964069381975,0.05004793398420003,0.002568610314165852,0.12013541869512212,-0.007810295293781037,-0.02316631515445263,0.05662693466248961,0.0037717200533304855,-0.013633560462807864,-0.006593884037141562,-0.023823620554916502,0.0013264731831316703,-0.02433290422139068,0.002952154138963454,-0.03262660140576683,-0.014428059107517217,-0.024542741058879793,-0.01892843823547783,-0.03874288320092087,0.025795519813399406,0.00583569131898847,-0.004480613535098352,-0.005006341221176625,-0.007810295293781037,0.025454958621099647,-0.007344191449941024,-0.009378895734340545,-0.011129089574784184,0.005773360212397484,0.00831958161751,-0.009205513634130826,-0.006482892712475901,-0.0012204946430672578,0.0019170615237249272,0.014838213978161794,-0.014602948252621067,0.014653106972608203,-0.00775478207164335,0.0053325153389815775,0.0065556372853298375,-0.0036266416995543497,-0.004536309041066564,-0.008312093553009206,-0.02316631515445263,-0.007344191449941024,0.03139268006244357,-0.009111234400994877,0.0031707143783826237,-0.017850591684585703,-0.006550989283979817,0.01764095272072652,0.005378967600367331,0.006998505800509491,-0.004803915413828696,-0.006815362049808953,0.015979712787938548,-0.000717457675757534,0.014072219171697015,0.013066312605588014,-0.018651637314976856,-0.008525782376327349,0.027074497679048702,0.0066936963654907235,0.05662693466248961,-0.009378895734340545,-0.009111234400994877,0.06034649241345023,0.01090195111050776,-0.00529925979320062,-0.024274204652448724,-0.011317621522746731,0.0011755762160540481,-0.024065465069224787,0.003493900067907457,-0.03851998436158742,-0.022424511685974244,-0.010237294951580655,0.018570196800214565,-0.009820544152358647,0.013985604082795824,0.008661067977456128,-0.002077868501043644,0.0036974204994468522,0.0037717200533304855,-0.011129089574784184,0.0031707143783826237,0.01090195111050776,0.026427626797114755,0.007100150778953048,-0.014663347172383226,0.0047262634279456655,0.0005145242065156375,-0.001157581295310242,0.010466689895032685,-0.016894825137218954,-0.004562541532739215,-0.0037389606709031546,0.01743942895002175,-0.0029747237467123975,-0.0006365754643567194,0.006026916841469939,-0.011537970999641833,0.021737015334657835,-0.013633560462807864,0.005773360212397484,-0.017850591684585703,-0.00529925979320062,0.007100150778953048,0.07372841583726267,0.0021756298171022505,-0.027590281888888984,-0.0034908962091752664,-0.007467606405553509,0.009354311552571833,0.010383973580671479,-0.02311600023836742,0.013657384798330468,0.0015585808811594557,-0.01841799089650064,0.016684812063076745,0.011231875247244383,0.0026727499097609717,0.0008542274541979956,-0.006593884037141562,0.00831958161751,-0.006550989283979817,-0.024274204652448724,-0.014663347172383226,0.0021756298171022505,0.05318886418053912,-0.0021953605733980395,0.004680503649486356,0.00435507782348548,0.007405100554656719,0.030592592981770445,0.015030193152787035,0.003765013821528408,-0.03357502980780855,-0.0032293303197821355,-0.016763615438990416,0.0050925002592413175,-0.012985780091482229,-0.003211336114899423,-0.023823620554916502,-0.009205513634130826,0.01764095272072652,-0.011317621522746731,0.0047262634279456655,-0.027590281888888984,-0.0021953605733980395,0.048276216397736736,0.0024166742989710235,-8.51353778760813e-5,0.00129405419342732,-0.006260793981276689,0.006635858211060562,-0.0036889844996478493,0.011014613406281525,0.019730115503853222,-0.006221388437245588,0.002295071773789266,0.005944593559332252,-0.010052908849442658,0.0013264731831316703,-0.006482892712475901,0.005378967600367331,0.0011755762160540481,0.0005145242065156375,-0.0034908962091752664,0.004680503649486356,0.0024166742989710235,0.03962390403669249,0.009097773719045965,0.012830912851885375,0.011450694125930427,0.019864624199925535,-0.006653333859292011,-0.0023666192959280966,0.0019153585061417106,-0.02015264760372243,0.002747024820678723,-0.0022445171581702977,-0.011490292042331034,-0.02433290422139068,-0.0012204946430672578,0.006998505800509491,-0.024065465069224787,-0.001157581295310242,-0.007467606405553509,0.00435507782348548,-8.51353778760813e-5,0.009097773719045965,0.04602853013014364,0.008422032063619616,0.018882464751324716,0.02115218935498308,-0.004607270453266083,-0.009905881115386471,-0.0013993097041918898,-0.01602471757462954,-0.005887586091806643,0.0019877724082465005,0.004606794639761813,0.002952154138963454,0.0019170615237249272,-0.004803915413828696,0.003493900067907457,0.010466689895032685,0.009354311552571833,0.007405100554656719,0.00129405419342732,0.012830912851885375,0.008422032063619616,0.05826991446365016,0.008299814625174675,-0.0037489864024807624,0.0010985700209818448,0.0013489420151230728,-0.0021668991829492585,-0.009666616216678551,0.01277017082675105,-0.01071893174517753,-0.006472429463673855,-0.03262660140576683,0.014838213978161794,-0.006815362049808953,-0.03851998436158742,-0.016894825137218954,0.010383973580671479,0.030592592981770445,-0.006260793981276689,0.011450694125930427,0.018882464751324716,0.008299814625174675,0.0617903242825175,0.016514079887205012,0.009269332651058965,-0.030251186375753233,0.009200902786410527,-0.013217199707966764,-0.0028812503732907825,0.01288331326704117,-0.03151577208240917,-0.014428059107517217,-0.014602948252621067,0.015979712787938548,-0.022424511685974244,-0.004562541532739215,-0.02311600023836742,0.015030193152787035,0.006635858211060562,0.019864624199925535,0.02115218935498308,-0.0037489864024807624,0.016514079887205012,0.08505407059829907,-0.017973946241082124,-0.0041899905376773135,0.0144240217419231,-0.04192740408963815,-0.012340013058555359,-0.01677917400922952,0.0031169776102830506,-0.024542741058879793,0.014653106972608203,-0.000717457675757534,-0.010237294951580655,-0.0037389606709031546,0.013657384798330468,0.003765013821528408,-0.0036889844996478493,-0.006653333859292011,-0.004607270453266083,0.0010985700209818448,0.009269332651058965,-0.017973946241082124,0.03360211560742341,-0.002413705789324744,0.01177183952982775,0.003232045592246784,0.004236836117695416,-0.008362068031422646,-0.0049120699566703035,-0.01892843823547783,-0.00775478207164335,0.014072219171697015,0.018570196800214565,0.01743942895002175,0.0015585808811594557,-0.03357502980780855,0.011014613406281525,-0.0023666192959280966,-0.009905881115386471,0.0013489420151230728,-0.030251186375753233,-0.0041899905376773135,-0.002413705789324744,0.05808565338585872,0.015833504967072125,-0.0008749516719236338,0.0022063102261997416,-0.017250142091694697,-0.014905108612317818,-0.03874288320092087,0.0053325153389815775,0.013066312605588014,-0.009820544152358647,-0.0029747237467123975,-0.01841799089650064,-0.0032293303197821355,0.019730115503853222,0.0019153585061417106,-0.0013993097041918898,-0.0021668991829492585,0.009200902786410527,0.0144240217419231,0.01177183952982775,0.015833504967072125,0.04897865934567406,-0.016137042539443675,0.002485498571606763,-0.004711399990307843,0.016612220039827034,0.025795519813399406,0.0065556372853298375,-0.018651637314976856,0.013985604082795824,-0.0006365754643567194,0.016684812063076745,-0.016763615438990416,-0.006221388437245588,-0.02015264760372243,-0.01602471757462954,-0.009666616216678551,-0.013217199707966764,-0.04192740408963815,0.003232045592246784,-0.0008749516719236338,-0.016137042539443675,0.056801714394951935,0.009992567817068452,0.00026803206180173395,0.0039030964069381975,0.00583569131898847,-0.0036266416995543497,-0.008525782376327349,0.008661067977456128,0.006026916841469939,0.011231875247244383,0.0050925002592413175,0.002295071773789266,0.002747024820678723,-0.005887586091806643,0.01277017082675105,-0.0028812503732907825,-0.012340013058555359,0.004236836117695416,0.0022063102261997416,0.002485498571606763,0.009992567817068452,0.034920050961367285
0.04764583007034261,0.021063980332125844,0.001106969123467754,0.03652391491207138,-0.005039983605407745,0.009847611936710306,-0.003013640171845262,-0.027223126085823876,0.005838848623434949,-0.0021065953975049788,0.006830573116858052,0.013112732968865417,-0.008903410482295007,0.009874408549389695,0.004191346839281081,-0.01231082410003873,-0.007259759743816591,0.017634965521537926,-0.01231791075440768,-0.04046689958681153,0.021063980332125844,0.027664378177676408,0.0010832776030747524,0.02034648484896517,-0.007570012469922245,0.0049359877264386585,-0.0009170894238885944,-0.006372663753380034,0.005961013323375272,0.0076877489700390225,0.011364461390238997,-0.00038575781470099745,-0.017887582871983367,0.0007183551243022032,-0.013305495898886431,-0.010573659684830303,0.0026457887781421354,0.011415372801952399,0.003533306179725387,-0.0278790189626101,0.001106969123467754,0.0010832776030747524,0.027715157137706503,-0.006943461286364868,0.007913073162575172,0.001889142429274062,0.006380942367663616,-0.0019856546035926944,-0.003089843598293192,0.002203929504361188,0.0013183490843927477,-0.004814235018473348,0.0023280222479435137,0.0005146191100243431,-0.004771569640571323,0.004694316644142902,0.00150425277792085,-0.0069108097545017115,0.00470290249393461,-0.002081470578801942,0.03652391491207138,0.02034648484896517,-0.006943461286364868,0.05238579621816909,-0.016853797632320828,0.004555753420554271,-0.003939941514405597,-0.0209546474626219,0.009014370329337489,-0.0007480097036883103,0.011212057326068815,0.0032817721308175496,-0.010306409576043167,0.007254542305101591,-0.012761306052583899,-0.013345312271001592,-0.014108110053790982,0.022822341320237062,-0.007790514203483647,-0.047444316977683434,-0.005039983605407745,-0.007570012469922245,0.007913073162575172,-0.016853797632320828,0.03842279765954967,0.0016402881003427811,0.008776223082835197,-0.0027045887194115724,-0.001495150618432025,-0.002299432993941317,-0.008967899693059347,0.0020020177719320418,0.006008780838153996,-0.004910161723776531,0.004130970629802383,0.006373688200050937,0.011178879620156165,-0.005845733180116641,-0.009197073839399057,0.0040355274412648134,0.009847611936710306,0.0049359877264386585,0.001889142429274062,0.004555753420554271,0.0016402881003427811,0.017870286532989527,0.002227745212202183,-0.012194416820512852,-0.0025796749795866354,-0.0019185989220695003,-0.0064145992941300484,-0.001159943416523221,-0.006945708685450883,-0.009616356977629852,-0.002866723283978104,-0.0016526009468493588,0.0074353197541987895,0.00531009431899452,0.005093882631486409,-0.009239258869575544,-0.003013640171845262,-0.0009170894238885944,0.006380942367663616,-0.003939941514405597,0.008776223082835197,0.002227745212202183,0.032303566324500814,0.005391731579276067,2.2443949106096912e-5,0.0032676862061916043,-0.0019502914368347002,0.011825844461083933,-0.0030925878540101633,-0.011770707959960675,-0.005374686450675656,-0.00048613445992750325,0.022973741890979206,-0.012609249357261999,0.006317120733154533,0.00016137459085008516,-0.027223126085823876,-0.006372663753380034,-0.0019856546035926944,-0.0209546474626219,-0.0027045887194115724,-0.012194416820512852,0.005391731579276067,0.10434623997030618,-0.0010684732639189055,-0.008394348454853326,0.007645377566407522,-0.003829425340090037,-0.012637271057732852,-0.009120118288566391,-0.020298893077936506,0.015164372902385016,0.0035459666596182812,-0.027283181757760455,0.009301791124985345,0.056915916754656404,0.005838848623434949,0.005961013323375272,-0.003089843598293192,0.009014370329337489,-0.001495150618432025,-0.0025796749795866354,2.2443949106096912e-5,-0.0010684732639189055,0.03046076757689239,0.0060629643977150646,0.006675432168510749,0.006901905244192864,0.003480876566359362,0.004919094548714087,0.0011520815627034458,0.008256342084274611,-0.0027544123626557335,0.011751838095780598,-0.01744527864185967,-0.0071342315121339876,-0.0021065953975049788,0.0076877489700390225,0.002203929504361188,-0.0007480097036883103,-0.002299432993941317,-0.0019185989220695003,0.0032676862061916043,-0.008394348454853326,0.0060629643977150646,0.03166445407902759,0.008699654683379802,-0.0103101859656866,-0.006461423144639879,0.009202507334258161,-0.006502553498871274,-0.004925050354749553,0.0010327739151927721,0.002756056650924883,0.009477352448871393,-0.012515580989242141,0.006830573116858052,0.011364461390238997,0.0013183490843927477,0.011212057326068815,-0.008967899693059347,-0.0064145992941300484,-0.0019502914368347002,0.007645377566407522,0.006675432168510749,0.008699654683379802,0.031143806074462755,0.002251363707533521,-0.009360269950991533,0.009468681468282048,-0.011782272508392394,-0.004914737010480652,-0.010579050590605037,0.002199954561250229,-0.004779313892891909,-0.013409276954886834,0.013112732968865417,-0.00038575781470099745,-0.004814235018473348,0.0032817721308175496,0.0020020177719320418,-0.001159943416523221,0.011825844461083933,-0.003829425340090037,0.006901905244192864,-0.0103101859656866,0.002251363707533521,0.042983026312842114,0.002656068995478055,-0.0033962173729613315,0.014467488181002262,0.0016125223561917206,0.01539183652639513,-0.004309733555027638,-0.005091751237785258,-0.0014781830992933614,-0.008903410482295007,-0.017887582871983367,0.0023280222479435137,-0.010306409576043167,0.006008780838153996,-0.006945708685450883,-0.0030925878540101633,-0.012637271057732852,0.003480876566359362,-0.006461423144639879,-0.009360269950991533,0.002656068995478055,0.05031093978954367,0.015025736297683064,0.020488919063945045,0.00955107305859206,-0.018418108335088817,0.0019460162084171798,-0.017283012103298183,0.013832856640299462,0.009874408549389695,0.0007183551243022032,0.0005146191100243431,0.007254542305101591,-0.004910161723776531,-0.009616356977629852,-0.011770707959960675,-0.009120118288566391,0.004919094548714087,0.009202507334258161,0.009468681468282048,-0.0033962173729613315,0.015025736297683064,0.043045088167098663,0.008705260986466918,-0.00035149520794034166,-0.029752801455612446,0.014526309634294736,-0.011740464664339697,-0.00795002548221716,0.004191346839281081,-0.013305495898886431,-0.004771569640571323,-0.012761306052583899,0.004130970629802383,-0.002866723283978104,-0.005374686450675656,-0.020298893077936506,0.0011520815627034458,-0.006502553498871274,-0.011782272508392394,0.014467488181002262,0.020488919063945045,0.008705260986466918,0.043758912411032656,0.006778912357208241,0.0015038629561616207,0.005184125996516239,-0.009001330719655098,0.006978056564290845,-0.01231082410003873,-0.010573659684830303,0.004694316644142902,-0.013345312271001592,0.006373688200050937,-0.0016526009468493588,-0.00048613445992750325,0.015164372902385016,0.008256342084274611,-0.004925050354749553,-0.004914737010480652,0.0016125223561917206,0.00955107305859206,-0.00035149520794034166,0.006778912357208241,0.027966965489869385,0.003308335698990293,-0.00044549786757233385,-0.007715387928616131,0.02327124714308759,-0.007259759743816591,0.0026457887781421354,0.00150425277792085,-0.014108110053790982,0.011178879620156165,0.0074353197541987895,0.022973741890979206,0.0035459666596182812,-0.0027544123626557335,0.0010327739151927721,-0.010579050590605037,0.01539183652639513,-0.018418108335088817,-0.029752801455612446,0.0015038629561616207,0.003308335698990293,0.07969835792853269,-0.011323407531131577,0.013172303042021313,-0.002703263825998323,0.017634965521537926,0.011415372801952399,-0.0069108097545017115,0.022822341320237062,-0.005845733180116641,0.00531009431899452,-0.012609249357261999,-0.027283181757760455,0.011751838095780598,0.002756056650924883,0.002199954561250229,-0.004309733555027638,0.0019460162084171798,0.014526309634294736,0.005184125996516239,-0.00044549786757233385,-0.011323407531131577,0.045576192367484426,-0.019239921563996072,-0.023570157761550498,-0.01231791075440768,0.003533306179725387,0.00470290249393461,-0.007790514203483647,-0.009197073839399057,0.005093882631486409,0.006317120733154533,0.009301791124985345,-0.01744527864185967,0.009477352448871393,-0.004779313892891909,-0.005091751237785258,-0.017283012103298183,-0.011740464664339697,-0.009001330719655098,-0.007715387928616131,0.013172303042021313,-0.019239921563996072,0.0562854661726574,0.01080204879338577,-0.04046689958681153,-0.0278790189626101,-0.002081470578801942,-0.047444316977683434,0.0040355274412648134,-0.009239258869575544,0.00016137459085008516,0.056915916754656404,-0.0071342315121339876,-0.012515580989242141,-0.013409276954886834,-0.0014781830992933614,0.013832856640299462,-0.00795002548221716,0.006978056564290845,0.02327124714308759,-0.002703263825998323,-0.023570157761550498,0.01080204879338577,0.09015362911876017
0.0372230794024796,0.007175620033282971,0.006771633697937698,0.014244894676456586,0.006906003988481916,0.016612958064993633,-0.0017603500671433186,0.007503216276936252,0.0009429716093144957,-0.002169909433246048,-0.0037354062476353655,-0.0007545260802158727,-0.0024347556373722954,0.014399144717289234,0.000923386433012407,-0.0036579440762276177,-0.008035735826577338,-0.0011967368311573555,-0.017290921718727453,-0.005430728160222236,0.007175620033282971,0.030263563967007752,0.010973302941063742,-0.006721073766373023,0.0064982834998825855,-0.0030077316477866095,0.008876338790088305,0.0061742754721777204,-0.007272563105168366,0.0022269880177559743,0.006344426918092568,-0.007791437717488357,-0.006848134983525763,0.0010385974972530066,-0.00694828466397989,-0.019669395236319775,0.0028238912108129463,0.0005112032103814536,0.015054356339743441,-0.004989185649721164,0.006771633697937698,0.010973302941063742,0.041357142803839855,-0.006967948547470539,0.003335529816756701,0.0010435334410171188,0.005748516479660478,0.0006920087281025155,0.0015853239471894016,0.001979644415320288,0.00296589751468781,0.0023490864091304684,0.006020579844929656,-0.005318506141095006,-0.004037663461866058,-0.01337192704900039,-0.0083726046125168,-0.013868932997865482,0.019393459269354957,-0.01942398226905457,0.014244894676456586,-0.006721073766373023,-0.006967948547470539,0.033119286958958154,-0.0012245676573676262,0.009157635878769915,0.003461766440734913,-0.013095509245319985,0.006150668383350795,0.007467572794527276,-0.00856061960838754,-0.014017369087260648,0.02203239603885701,0.008876124487507102,-0.010184133291112849,0.0052343821864484115,0.0028594054989278025,0.004408427179509171,-0.009875168017127508,-0.0065234768242911365,0.006906003988481916,0.0064982834998825855,0.003335529816756701,-0.0012245676573676262,0.02901390022764308,-0.003979624699200798,0.009497786664869237,0.003664955031920742,-0.002725185838271721,0.0008402755957671042,-0.00608355592091891,-0.005089891393460281,-0.001856214975565052,-0.001205468543088526,0.0036737509572338325,-0.005997154491026323,-0.002616527657054839,0.0031136057877323283,0.005564773367559384,-0.010150833109832162,0.016612958064993633,-0.0030077316477866095,0.0010435334410171188,0.009157635878769915,-0.003979624699200798,0.023443180673775918,-0.004249168065008999,0.00011829580019908693,0.006970517516587228,-0.004559890076552979,-0.0034513017418698194,-0.003488934103657983,0.003644573215275287,0.005663682741726101,-0.004809050805068945,0.005356960046332146,-0.0007515149926466977,-0.004996296924259263,-0.00954011337544186,-0.0011840947587797356,-0.0017603500671433186,0.008876338790088305,0.005748516479660478,0.003461766440734913,0.009497786664869237,-0.004249168065008999,0.0375150090042859,-0.007239457419970639,0.0030630794929132213,0.0028499287264240796,0.005232333856209019,0.0022706660485855333,0.010347112383247883,-0.006597706778100841,-0.011485552263159917,-0.010852596212189624,0.00025462919924177784,-0.0035584365579594884,0.0076279233796185016,-0.006594386743511692,0.007503216276936252,0.0061742754721777204,0.0006920087281025155,-0.013095509245319985,0.003664955031920742,0.00011829580019908693,-0.007239457419970639,0.05366305748658982,-0.017034588798851176,-0.03537789972373165,0.007551045203494097,0.019751447928544448,-0.019311891998923542,0.0011772841153703834,-0.0017336490468045427,0.0030380678146605233,0.0017286416274856868,-0.015160035797210656,-0.014874698275353603,0.006457970499461308,0.0009429716093144957,-0.007272563105168366,0.0015853239471894016,0.006150668383350795,-0.002725185838271721,0.006970517516587228,0.0030630794929132213,-0.017034588798851176,0.043968576245327025,0.0031635466020887588,-0.0005495552895277057,-0.0006862515853937975,0.008313278823886786,-0.008531701786579558,-0.004964388102027869,0.003608097712011078,-0.010417225663167981,-0.00938993954969193,-0.0038427704217284635,0.005684486891623105,-0.002169909433246048,0.0022269880177559743,0.001979644415320288,0.007467572794527276,0.0008402755957671042,-0.004559890076552979,0.0028499287264240796,-0.03537789972373165,0.0031635466020887588,0.055410809273786776,-0.004311095752472848,-0.018765030052369396,0.0052102874087932806,0.004426506579886193,0.0034388437934909787,-0.016762336160800993,-0.0026360888365116347,0.022452071491019222,0.020935641536523067,-0.011358193810961653,-0.0037354062476353655,0.006344426918092568,0.00296589751468781,-0.00856061960838754,-0.00608355592091891,-0.0034513017418698194,0.005232333856209019,0.007551045203494097,-0.0005495552895277057,-0.004311095752472848,0.03834526607472113,0.0182529517916675,-0.006413671408826932,-0.0064612877889154985,-0.0006208691332752947,-0.004759269693073444,-0.0034000914764223712,-0.007471009992345844,-0.00047599416174056374,0.003743979684280579,-0.0007545260802158727,-0.007791437717488357,0.0023490864091304684,-0.014017369087260648,-0.005089891393460281,-0.003488934103657983,0.0022706660485855333,0.019751447928544448,-0.0006862515853937975,-0.018765030052369396,0.0182529517916675,0.050326735771066985,-0.010179759851349533,-0.015119011182544167,0.00509192672625614,0.004305399041008951,-0.014812551187730894,-0.011437534956303664,-0.015495799569597596,0.004854338562644263,-0.0024347556373722954,-0.006848134983525763,0.006020579844929656,0.02203239603885701,-0.001856214975565052,0.003644573215275287,0.010347112383247883,-0.019311891998923542,0.008313278823886786,0.0052102874087932806,-0.006413671408826932,-0.010179759851349533,0.04753201561245255,0.00045752917905733746,-0.012840203420596451,-0.0020826793531026943,0.003627125293592743,-0.001811359562626297,0.0010120570549368205,-0.008150622720973565,0.014399144717289234,0.0010385974972530066,-0.005318506141095006,0.008876124487507102,-0.001205468543088526,0.005663682741726101,-0.006597706778100841,0.0011772841153703834,-0.008531701786579558,0.004426506579886193,-0.0064612877889154985,-0.015119011182544167,0.00045752917905733746,0.042388706874053377,0.0006797268436257427,-0.0017303236254534752,0.0024532246494408353,0.01604799357691546,-0.008410297305395671,0.00120838415136541,0.000923386433012407,-0.00694828466397989,-0.004037663461866058,-0.010184133291112849,0.0036737509572338325,-0.004809050805068945,-0.011485552263159917,-0.0017336490468045427,-0.004964388102027869,0.0034388437934909787,-0.0006208691332752947,0.00509192672625614,-0.012840203420596451,0.0006797268436257427,0.02994744060179516,0.005390165675217139,-0.0010546587938028667,0.010316015462398076,-0.0013225776404465056,-0.0019407067845102332,-0.0036579440762276177,-0.019669395236319775,-0.01337192704900039,0.0052343821864484115,-0.005997154491026323,0.005356960046332146,-0.010852596212189624,0.0030380678146605233,0.003608097712011078,-0.016762336160800993,-0.004759269693073444,0.004305399041008951,-0.0020826793531026943,-0.0017303236254534752,0.005390165675217139,0.04407967563533076,0.0022950035402547935,-0.0038916176905817858,-0.017762053232756606,0.011882912316608558,-0.008035735826577338,0.0028238912108129463,-0.0083726046125168,0.0028594054989278025,-0.002616527657054839,-0.0007515149926466977,0.00025462919924177784,0.0017286416274856868,-0.010417225663167981,-0.0026360888365116347,-0.0034000914764223712,-0.014812551187730894,0.003627125293592743,0.0024532246494408353,-0.0010546587938028667,0.0022950035402547935,0.029626547855697353,0.0010601982638032378,0.009881541622045988,-0.00043762865272051714,-0.0011967368311573555,0.0005112032103814536,-0.013868932997865482,0.004408427179509171,0.0031136057877323283,-0.004996296924259263,-0.0035584365579594884,-0.015160035797210656,-0.00938993954969193,0.022452071491019222,-0.007471009992345844,-0.011437534956303664,-0.001811359562626297,0.01604799357691546,0.010316015462398076,-0.0038916176905817858,0.0010601982638032378,0.03663629983042655,0.0006606979137713106,0.002569849798859058,-0.017290921718727453,0.015054356339743441,0.019393459269354957,-0.009875168017127508,0.005564773367559384,-0.00954011337544186,0.0076279233796185016,-0.014874698275353603,-0.0038427704217284635,0.020935641536523067,-0.00047599416174056374,-0.015495799569597596,0.0010120570549368205,-0.008410297305395671,-0.0013225776404465056,-0.017762053232756606,0.009881541622045988,0.0006606979137713106,0.054945688299990525,-0.014414894111158016,-0.005430728160222236,-0.004989185649721164,-0.01942398226905457,-0.0065234768242911365,-0.010150833109832162,-0.0011840947587797356,-0.006594386743511692,0.006457970499461308,0.005684486891623105,-0.011358193810961653,0.003743979684280579,0.004854338562644263,-0.008150622720973565,0.00120838415136541,-0.0019407067845102332,0.011882912316608558,-0.00043762865272051714,0.002569849798859058,-0.014414894111158016,0.03896240981589188
