0.1810240796791994,0.04866781204108162,-0.010306630561816412,0.12065685539727418,-0.10029517734697223,-0.1283416433063056,0.031652309047156726,-0.12006694907784192,0.01646708124896962,0.008504806245391145,0.021955763708299596,-0.01871079346778297,-0.05800218248947176,-0.008751944577508466,0.01983508618475681,-0.061538649497677955,0.05417999333517387,0.0943344374558048,-0.021043783844105268,-0.02871513673379652,0.04866781204108162,0.04693035289893996,-0.007410751044398417,0.047907777619235564,-0.03150301838865566,-0.0412540661236981,0.014202908270924736,-0.02775234340356465,0.004768821171650888,-0.009649982527554859,0.0031911142114085314,-0.0093504497618787,-0.025283371137692995,0.006798770363898182,-0.002781880938269375,-0.016385664913421694,0.016370053433758577,0.019879970151543032,-0.0021179590342418355,-0.01373752710450218,-0.010306630561816412,-0.007410751044398417,0.09037650758454156,-0.033145131663857116,-0.009494903242608186,-0.0029218497105406487,-0.0281482772877895,-0.023467168834662374,-0.04198097218623878,-0.0015720518780109076,0.002676224963236139,-0.006690429870956572,-0.00295752907707811,-0.024381345199467747,0.005165036229737603,0.0006707354726750098,-0.023055986572583585,0.008042825688251744,0.019854605838450536,-0.015120002650599273,0.12065685539727418,0.047907777619235564,-0.033145131663857116,0.13270724350167779,-0.060861501007539995,-0.09901583896553212,0.0309988257052365,-0.06511331776407056,0.03068172887289978,-0.01002608603195101,0.010386442018157681,-0.01281653714222865,-0.05453545508144547,0.01983968666792396,0.011294069843940567,-0.03381051214102796,0.048291456177321584,0.03786468406820423,-0.0058722789288742794,-0.026772621570519625,-0.10029517734697223,-0.03150301838865566,-0.009494903242608186,-0.060861501007539995,0.08327522261971047,0.07552037085093125,-0.01961424765028935,0.08041600122463335,0.003839296115975123,-0.0016002205139310386,-0.018692392204166998,0.01894922720513098,0.035070959766700105,0.00023408381920114654,-0.0022290621089280367,0.02866298474529639,-0.03378799817879725,-0.05492272889600251,0.008450981976337193,0.007103086414499625,-0.1283416433063056,-0.0412540661236981,-0.0029218497105406487,-0.09901583896553212,0.07552037085093125,0.12773098455618936,-0.024216809581265705,0.09459293727220133,-0.015554367177062184,0.01139990727183508,-0.0274435922966065,0.016019505612551433,0.06057120496981419,0.0005706914103376203,-0.005405527042409309,0.04485824897898562,-0.05296300949956023,-0.06667537092952597,-0.0018863167809651958,0.028003666295112063,0.031652309047156726,0.014202908270924736,-0.0281482772877895,0.0309988257052365,-0.01961424765028935,-0.024216809581265705,0.050175359934750384,-0.03199517860030588,0.016218661329610404,0.0037300621367492136,0.0022402205719471184,-0.023065650208463934,-0.015338448247228537,0.011911750421641394,-0.004933142121780958,-0.012300394039535366,0.03197512776045488,0.007637692514335948,0.004148702633040817,0.013182055797005508,-0.12006694907784192,-0.02775234340356465,-0.023467168834662374,-0.06511331776407056,0.08041600122463335,0.09459293727220133,-0.03199517860030588,0.14730094558413506,0.009072307045538745,-0.013682142405366474,-0.04250528654312507,0.030109209304466287,0.04342159176494027,0.03235120359808798,-0.019660473533662196,0.048379903374798076,-0.044401166309663495,-0.08282776200286411,0.007035616920841682,0.0007952444108118943,0.01646708124896962,0.004768821171650888,-0.04198097218623878,0.03068172887289978,0.003839296115975123,-0.015554367177062184,0.016218661329610404,0.009072307045538745,0.054591795449993416,0.0008420488223399278,-0.012369464700407312,-0.0003738886464216438,-0.0014650326787407721,0.011296898067855138,0.0039311793039185534,0.0011197734458804952,0.015710986068726125,-0.01011463994272032,0.0013221662629545336,-0.002447458324300348,0.008504806245391145,-0.009649982527554859,-0.0015720518780109076,-0.01002608603195101,-0.0016002205139310386,0.01139990727183508,0.0037300621367492136,-0.013682142405366474,0.0008420488223399278,0.03698399073094548,-0.01641254629680238,-0.001250956853414138,0.0036530183833133924,-0.010669129469301462,0.019088827520912153,-0.007202396154438881,-4.488747913614762e-5,0.016349173084112236,-0.013723331624964558,0.008100095601167485,0.021955763708299596,0.0031911142114085314,0.002676224963236139,0.010386442018157681,-0.018692392204166998,-0.0274435922966065,0.0022402205719471184,-0.04250528654312507,-0.012369464700407312,-0.01641254629680238,0.053544295789742374,-0.005289626127158152,-0.009631399531021082,-0.007422756120873768,-0.015298575619012593,-0.004008480963211377,0.009726889259245669,0.023434517951531376,0.0009738334758203935,0.00762664267149854,-0.01871079346778297,-0.0093504497618787,-0.006690429870956572,-0.01281653714222865,0.01894922720513098,0.016019505612551433,-0.023065650208463934,0.030109209304466287,-0.0003738886464216438,-0.001250956853414138,-0.005289626127158152,0.041857623285583304,0.009674206429993453,-0.0010002202561346578,0.0012628314475787777,0.011660678441700895,-0.023402577792265372,-0.011631712091369421,-0.011042403881489868,0.0035077936640053797,-0.05800218248947176,-0.025283371137692995,-0.00295752907707811,-0.05453545508144547,0.035070959766700105,0.06057120496981419,-0.015338448247228537,0.04342159176494027,-0.0014650326787407721,0.0036530183833133924,-0.009631399531021082,0.009674206429993453,0.04591070134214544,-0.005470880443626329,-0.004766574440370696,0.023559742389688776,-0.0288917787200823,-0.031682219543402806,-0.004262771310068511,0.016771744632167518,-0.008751944577508466,0.006798770363898182,-0.024381345199467747,0.01983968666792396,0.00023408381920114654,0.0005706914103376203,0.011911750421641394,0.03235120359808798,0.011296898067855138,-0.010669129469301462,-0.007422756120873768,-0.0010002202561346578,-0.005470880443626329,0.04237858536279493,-0.012212387792802537,0.01343563860205292,0.010781814972843844,-0.016661299413057405,0.0035158937343089383,-0.005684975078241384,0.01983508618475681,-0.002781880938269375,0.005165036229737603,0.011294069843940567,-0.0022290621089280367,-0.005405527042409309,-0.004933142121780958,-0.019660473533662196,0.0039311793039185534,0.019088827520912153,-0.015298575619012593,0.0012628314475787777,-0.004766574440370696,-0.012212387792802537,0.04922083129817576,-0.01654974804182356,0.008242543487379163,0.00992344238085778,-0.012705987618718339,0.002339550021427379,-0.061538649497677955,-0.016385664913421694,0.0006707354726750098,-0.03381051214102796,0.02866298474529639,0.04485824897898562,-0.012300394039535366,0.048379903374798076,0.0011197734458804952,-0.007202396154438881,-0.004008480963211377,0.011660678441700895,0.023559742389688776,0.01343563860205292,-0.01654974804182356,0.04601758919680659,-0.029390135738899308,-0.03819388298191593,0.00788506649451489,0.0013800537072781334,0.05417999333517387,0.016370053433758577,-0.023055986572583585,0.048291456177321584,-0.03378799817879725,-0.05296300949956023,0.03197512776045488,-0.044401166309663495,0.015710986068726125,-4.488747913614762e-5,0.009726889259245669,-0.023402577792265372,-0.0288917787200823,0.010781814972843844,0.008242543487379163,-0.029390135738899308,0.058991661332463294,0.02531682051943516,-0.0031297591764214722,0.008390419783454745,0.0943344374558048,0.019879970151543032,0.008042825688251744,0.03786468406820423,-0.05492272889600251,-0.06667537092952597,0.007637692514335948,-0.08282776200286411,-0.01011463994272032,0.016349173084112236,0.023434517951531376,-0.011631712091369421,-0.031682219543402806,-0.016661299413057405,0.00992344238085778,-0.03819388298191593,0.02531682051943516,0.10070186704374245,-0.023072685523960232,-0.01487869759638392,-0.021043783844105268,-0.0021179590342418355,0.019854605838450536,-0.0058722789288742794,0.008450981976337193,-0.0018863167809651958,0.004148702633040817,0.007035616920841682,0.0013221662629545336,-0.013723331624964558,0.0009738334758203935,-0.011042403881489868,-0.004262771310068511,0.0035158937343089383,-0.012705987618718339,0.00788506649451489,-0.0031297591764214722,-0.023072685523960232,0.041362022452235296,-0.01263736056813262,-0.02871513673379652,-0.01373752710450218,-0.015120002650599273,-0.026772621570519625,0.007103086414499625,0.028003666295112063,0.013182055797005508,0.0007952444108118943,-0.002447458324300348,0.008100095601167485,0.00762664267149854,0.0035077936640053797,0.016771744632167518,-0.005684975078241384,0.002339550021427379,0.0013800537072781334,0.008390419783454745,-0.01487869759638392,-0.01263736056813262,0.05472081394999398
0.08953561103227871,0.030550715381979766,0.006943221506097117,0.053063493762482906,-0.028506108050820118,-0.04998094400952832,0.004859824669139607,-0.037388436088205315,0.009722968918414992,0.01098962437554538,0.0077193258306051445,-0.015537249738257701,-0.02215034726595419,-0.013088061636617184,0.007329899234169246,-0.03368108503195362,0.037339059106759095,0.06603283221783171,-0.022807461907982114,-0.008335044633626405,0.030550715381979766,0.08395803384058036,-0.026642052690804705,0.04296918843232875,-0.007820543036723046,-0.051717585370935876,0.003953814205070976,-0.02440771171015637,0.024713074600366695,-0.01594092082464356,0.01195506375524502,-0.011561153014824958,-0.03850229569636393,0.0012816617984654165,-0.024623771968567618,-0.013171931015177336,0.03386228207976953,0.03180112901769943,-0.021257903190216948,-0.012572837985393225,0.006943221506097117,-0.026642052690804705,0.0813123908445302,-0.011969318909859533,0.006432366845380207,0.026531538457334337,-0.025682208219506224,0.018547769058349498,-0.017708722580603548,0.016742632355486328,-0.014494852420124053,0.015766773491700668,0.016663748409285382,0.0018917615849662365,0.011672792611310961,0.008572042727293155,-0.03014124029251604,-0.008272625066740867,0.004743393188846463,-0.006438770544300325,0.053063493762482906,0.04296918843232875,-0.011969318909859533,0.06755352848726899,-0.0073737682031986985,-0.04501376612602999,-0.004491569794651934,-0.03887657319443655,0.004979789034591448,-0.0034256951962676934,0.015313907845519954,-0.009595644606059866,-0.030963212336261148,-0.010685643152539587,-0.007671531019389548,-0.030702804345303154,0.03273276892511041,0.05708228997373703,-0.018524711600914096,-0.004323338248870525,-0.028506108050820118,-0.007820543036723046,0.006432366845380207,-0.0073737682031986985,0.06922182047343092,0.02889340404075258,-0.006110579116925268,0.018759083417511396,-0.015717213395527015,-0.007519671237515495,-0.008512647893346673,0.010178149344441587,0.017613326328755653,-0.008499223645768094,-0.01266625974801909,-0.00034050743780857475,-0.015268907972906066,-0.022985561355293616,-0.0033141863940739083,-0.018495419269651994,-0.04998094400952832,-0.051717585370935876,0.026531538457334337,-0.04501376612602999,0.02889340404075258,0.07171836638737994,-0.005776181454919777,0.03457446180571115,-0.025940909790515228,0.007787534380065192,-0.012337448721164695,0.01926584890888943,0.03428470450671202,0.00291016256699837,0.010440228013421924,0.02478240690541819,-0.046533361147017276,-0.05480023958242979,0.012490749097515618,0.0050525040390243135,0.004859824669139607,0.003953814205070976,-0.025682208219506224,-0.004491569794651934,-0.006110579116925268,-0.005776181454919777,0.03754605764590764,-0.009964493311721027,0.005567259147625594,0.001057674237466359,0.0017439427069374665,-0.013765974235166862,-0.008874247964945525,0.0024139540352909033,0.001766707476519565,0.00951092526684675,0.0038929705497367643,-0.002644191489280881,-0.015056021172446922,0.012950830215549117,-0.037388436088205315,-0.02440771171015637,0.018547769058349498,-0.03887657319443655,0.018759083417511396,0.03457446180571115,-0.009964493311721027,0.058714940642756404,-0.00038296574705553763,-0.007820868412292969,-0.024027259997799623,0.016653190918436103,0.028618404196349145,0.01477360345086528,-0.0016976361781006208,0.022302133265806292,-0.020693515889136843,-0.0589443345196239,0.023752802609521298,-0.010385710312045042,0.009722968918414992,0.024713074600366695,-0.017708722580603548,0.004979789034591448,-0.015717213395527015,-0.025940909790515228,0.005567259147625594,-0.00038296574705553763,0.04622930078643399,-0.005302087946729802,-0.0014631436247299866,-0.010758656082118588,-0.0065231824735495995,0.013491307272135678,-0.01022336984669755,0.00127647637777713,0.026735423255854866,0.007983992981432621,0.00168183504668143,-0.008512059890669374,0.01098962437554538,-0.01594092082464356,0.016742632355486328,-0.0034256951962676934,-0.007519671237515495,0.007787534380065192,0.001057674237466359,-0.007820868412292969,-0.005302087946729802,0.02864746959606312,-0.0002990887719775319,-0.0007710699785619169,-0.0005517256575075343,-0.001059780530012305,0.01443834986139789,-0.00048393748635314936,-0.023057557783772317,0.01132771114373109,-0.007865102454111096,0.008664848399696754,0.0077193258306051445,0.01195506375524502,-0.014494852420124053,0.015313907845519954,-0.008512647893346673,-0.012337448721164695,0.0017439427069374665,-0.024027259997799623,-0.0014631436247299866,-0.0002990887719775319,0.024103399635848084,-0.007424171522772173,-0.01597233869938907,-0.005881004421250814,-0.006281148509988428,-0.008272141203190458,0.01246844772258929,0.020212352303313502,-0.007814590559869281,0.011573202123813884,-0.015537249738257701,-0.011561153014824958,0.015766773491700668,-0.009595644606059866,0.010178149344441587,0.01926584890888943,-0.013765974235166862,0.016653190918436103,-0.010758656082118588,-0.0007710699785619169,-0.007424171522772173,0.034960919778675006,0.004129138674925395,0.0035430090216492017,-0.0035923232230850935,0.01354475181570245,-0.024005242965312805,-0.02286287160743658,0.010685849085835863,-0.007762238567552758,-0.02215034726595419,-0.03850229569636393,0.016663748409285382,-0.030963212336261148,0.017613326328755653,0.03428470450671202,-0.008874247964945525,0.028618404196349145,-0.0065231824735495995,-0.0005517256575075343,-0.01597233869938907,0.004129138674925395,0.04564629748572985,0.004166528314143406,0.012137229796440108,0.002650169536190352,-0.01014924363538858,-0.03420374512954304,0.018663578473930957,-0.0033140853402479882,-0.013088061636617184,0.0012816617984654165,0.0018917615849662365,-0.010685643152539587,-0.008499223645768094,0.00291016256699837,0.0024139540352909033,0.01477360345086528,0.013491307272135678,-0.001059780530012305,-0.005881004421250814,0.0035430090216492017,0.004166528314143406,0.02644649937509516,0.0019822823908790814,0.009981196233148464,-0.0038214019029972897,-0.019231627336873426,0.006106044112892171,-0.00021164953065281873,0.007329899234169246,-0.024623771968567618,0.011672792611310961,-0.007671531019389548,-0.01266625974801909,0.010440228013421924,0.001766707476519565,-0.0016976361781006208,-0.01022336984669755,0.01443834986139789,-0.006281148509988428,-0.0035923232230850935,0.012137229796440108,0.0019822823908790814,0.04152193195220059,-0.004067189137060679,-0.01702118357200358,0.001372953719940753,-0.005892797147301643,0.011988754958851173,-0.03368108503195362,-0.013171931015177336,0.008572042727293155,-0.030702804345303154,-0.00034050743780857475,0.02478240690541819,0.00951092526684675,0.022302133265806292,0.00127647637777713,-0.00048393748635314936,-0.008272141203190458,0.01354475181570245,0.002650169536190352,0.009981196233148464,-0.004067189137060679,0.04491985007745487,-0.026460026988590863,-0.03675598889355956,0.0063728914483345105,0.0007471136432443604,0.037339059106759095,0.03386228207976953,-0.03014124029251604,0.03273276892511041,-0.015268907972906066,-0.046533361147017276,0.0038929705497367643,-0.020693515889136843,0.026735423255854866,-0.023057557783772317,0.01246844772258929,-0.024005242965312805,-0.01014924363538858,-0.0038214019029972897,-0.01702118357200358,-0.026460026988590863,0.08824908724738785,0.0395585573767611,-0.00013757875805917003,-0.006271725717352922,0.06603283221783171,0.03180112901769943,-0.008272625066740867,0.05708228997373703,-0.022985561355293616,-0.05480023958242979,-0.002644191489280881,-0.0589443345196239,0.007983992981432621,0.01132771114373109,0.020212352303313502,-0.02286287160743658,-0.03420374512954304,-0.019231627336873426,0.001372953719940753,-0.03675598889355956,0.0395585573767611,0.1181098704208982,-0.027014769497918305,0.007011108797139284,-0.022807461907982114,-0.021257903190216948,0.004743393188846463,-0.018524711600914096,-0.0033141863940739083,0.012490749097515618,-0.015056021172446922,0.023752802609521298,0.00168183504668143,-0.007865102454111096,-0.007814590559869281,0.010685849085835863,0.018663578473930957,0.006106044112892171,-0.005892797147301643,0.0063728914483345105,-0.00013757875805917003,-0.027014769497918305,0.04524251043993302,-0.012039972372539395,-0.008335044633626405,-0.012572837985393225,-0.006438770544300325,-0.004323338248870525,-0.018495419269651994,0.0050525040390243135,0.012950830215549117,-0.010385710312045042,-0.008512059890669374,0.008664848399696754,0.011573202123813884,-0.007762238567552758,-0.0033140853402479882,-0.00021164953065281873,0.011988754958851173,0.0007471136432443604,-0.006271725717352922,0.007011108797139284,-0.012039972372539395,0.04666830388338914
0.14236875592903186,0.0572178380223495,-0.014361235489365723,0.07181203681046097,-0.08291224687028606,-0.09360208628885122,0.034338602959456926,-0.10657640022937695,-0.007730557647552651,0.015420075210695886,0.01971456971753992,-0.036772111223518276,-0.05531131529233972,-0.03236316397692632,0.0528901537724621,-0.05378009237154571,0.02650871692429388,0.0900468034899363,-0.03547271871656447,-0.01831754964534876,0.0572178380223495,0.10231760649568543,-0.028993878723588374,0.04472735149780085,-0.022480606185449573,-0.058129044680906225,0.02071949593054377,-0.024947099364961388,0.011490003332081413,-0.01674742774356612,-0.020670206194409485,-0.037871505557107325,-0.02049177030704471,-0.011016248829799045,0.0322390684002025,-0.019302276405482766,0.013434764552588727,0.047010679067931146,-0.01489685571338278,-0.024831542495258655,-0.014361235489365723,-0.028993878723588374,0.056517624627965155,-0.02932480983120178,0.0106909282809715,0.03457826516233363,-0.012411682866608561,0.004994661059638895,-0.004300355804186975,0.013373122083172677,0.001841568296540565,0.01517178884792525,-0.003058811247900394,-0.005345410776174035,-0.005104471139008665,0.004200946385134145,-0.022433635299903085,-0.025583198777096187,-0.0015073528728769365,0.005943720943768339,0.07181203681046097,0.04472735149780085,-0.02932480983120178,0.07791902958045172,-0.04655266565098659,-0.06582189434693278,0.01634519926869686,-0.04857751190814506,-0.002509400125751968,0.002290026929294941,0.00790253554556926,-0.031297583837049565,-0.03893652096181635,-0.01590804798529334,0.017549041123719578,-0.022755530087798174,0.022030119102489802,0.054805198009639185,-0.00778269106807361,-0.003133189693052915,-0.08291224687028606,-0.022480606185449573,0.0106909282809715,-0.04655266565098659,0.10016636113156104,0.0518960580779588,-0.024333985428055455,0.07742774225661878,0.009786292109266657,-0.006614150144217058,-0.02293699421991965,0.020581003759810174,0.042692922768479434,0.011320042710529235,-0.015892492551497106,0.019155127232687606,-0.015557107331016489,-0.061767628696783344,0.013100035203502149,-0.016017393111880298,-0.09360208628885122,-0.058129044680906225,0.03457826516233363,-0.06582189434693278,0.0518960580779588,0.11070582499208731,-0.029741111393295723,0.07129501476806277,-0.006241897143514058,0.0006577116655785861,-0.012373145321302625,0.03234422177069547,0.042815842974075896,0.022787686564519086,-0.037458958139873204,0.03788054572076795,-0.030941808924806285,-0.07224303958031798,0.019204875074993674,0.011681978000754012,0.034338602959456926,0.02071949593054377,-0.012411682866608561,0.01634519926869686,-0.024333985428055455,-0.029741111393295723,0.03706312136686851,-0.032727724482276226,0.006243546888486449,-0.004371231735704381,0.0033205558652060927,-0.022186789857496943,-0.021235800544917825,-0.007291074163480659,0.0091076703972497,-0.007172218286291794,0.0005123313371866935,0.019962629778268664,-0.006177474591823421,-2.413168961719671e-6,-0.10657640022937695,-0.024947099364961388,0.004994661059638895,-0.04857751190814506,0.07742774225661878,0.07129501476806277,-0.032727724482276226,0.11356216379148636,0.010853048282304188,-0.017937939370171664,-0.03468475028162722,0.021194802778887,0.049695033272955366,0.025629852789037857,-0.04295180296297593,0.04005056340008161,-0.016800518714711308,-0.07583418262764499,0.030453718761487454,0.0005786439450793543,-0.007730557647552651,0.011490003332081413,-0.004300355804186975,-0.002509400125751968,0.009786292109266657,-0.006241897143514058,0.006243546888486449,0.010853048282304188,0.028938320271752253,-0.013444328709698656,-0.010359077750316121,-0.0017844143932177834,-0.0026236958582863436,-0.003957961720081117,-0.004759132267585885,0.004247203069518726,-0.005516760607818863,-0.015396384274921779,-0.0021249733659109435,-0.006288595032641006,0.015420075210695886,-0.01674742774356612,0.013373122083172677,0.002290026929294941,-0.006614150144217058,0.0006577116655785861,-0.004371231735704381,-0.017937939370171664,-0.013444328709698656,0.03221869262907051,0.004984865384968486,-0.0009992286673818087,-0.00520714330705389,-0.003600151558269304,0.009491503098651944,-0.005506583348174525,0.0022948841563885445,0.011248867810268405,-0.002383985225548435,0.0014536059131199134,0.01971456971753992,-0.020670206194409485,0.001841568296540565,0.00790253554556926,-0.02293699421991965,-0.012373145321302625,0.0033205558652060927,-0.03468475028162722,-0.010359077750316121,0.004984865384968486,0.043421188045139135,0.009110603159805528,-0.019987404230332302,-0.0033877677693392428,-0.00031953252479350236,-0.0061788871672012625,-0.0006168219780327297,0.01578841740561371,-0.0039596714215785166,0.014268092654044292,-0.036772111223518276,-0.037871505557107325,0.01517178884792525,-0.031297583837049565,0.020581003759810174,0.03234422177069547,-0.022186789857496943,0.021194802778887,-0.0017844143932177834,-0.0009992286673818087,0.009110603159805528,0.04587446075878743,0.009515259184240041,0.006055272207851336,-0.012929776819392561,0.012915623273206802,-0.012666005652058101,-0.027434410146196672,0.005733203213957965,0.005921413676630773,-0.05531131529233972,-0.02049177030704471,-0.003058811247900394,-0.03893652096181635,0.042692922768479434,0.042815842974075896,-0.021235800544917825,0.049695033272955366,-0.0026236958582863436,-0.00520714330705389,-0.019987404230332302,0.009515259184240041,0.06704676729144256,0.02273736160106641,-0.012168634836393546,0.018944107585979194,0.002531389664718714,-0.03295560714524816,0.011678928344475037,0.0012070494041026703,-0.03236316397692632,-0.011016248829799045,-0.005345410776174035,-0.01590804798529334,0.011320042710529235,0.022787686564519086,-0.007291074163480659,0.025629852789037857,-0.003957961720081117,-0.003600151558269304,-0.0033877677693392428,0.006055272207851336,0.02273736160106641,0.033526670721807046,-0.012382302062497805,0.010760231215957865,-0.0005720876680061046,-0.01014474948968518,0.01215256011486476,0.0010732093088706488,0.0528901537724621,0.0322390684002025,-0.005104471139008665,0.017549041123719578,-0.015892492551497106,-0.037458958139873204,0.0091076703972497,-0.04295180296297593,-0.004759132267585885,0.009491503098651944,-0.00031953252479350236,-0.012929776819392561,-0.012168634836393546,-0.012382302062497805,0.05376165669177165,-0.02521313859684151,0.009307599148786205,0.037499605500952354,-0.027293406575415333,-0.015986629486344505,-0.05378009237154571,-0.019302276405482766,0.004200946385134145,-0.022755530087798174,0.019155127232687606,0.03788054572076795,-0.007172218286291794,0.04005056340008161,0.004247203069518726,-0.005506583348174525,-0.0061788871672012625,0.012915623273206802,0.018944107585979194,0.010760231215957865,-0.02521313859684151,0.03978794999992078,-0.015595693120813577,-0.03422297307099853,0.016495460947534776,0.012117549691523342,0.02650871692429388,0.013434764552588727,-0.022433635299903085,0.022030119102489802,-0.015557107331016489,-0.030941808924806285,0.0005123313371866935,-0.016800518714711308,-0.005516760607818863,0.0022948841563885445,-0.0006168219780327297,-0.012666005652058101,0.002531389664718714,-0.0005720876680061046,0.009307599148786205,-0.015595693120813577,0.04066184910272375,0.02572401407478571,0.0010616562580469326,0.0035302363323226546,0.0900468034899363,0.047010679067931146,-0.025583198777096187,0.054805198009639185,-0.061767628696783344,-0.07224303958031798,0.019962629778268664,-0.07583418262764499,-0.015396384274921779,0.011248867810268405,0.01578841740561371,-0.027434410146196672,-0.03295560714524816,-0.01014474948968518,0.037499605500952354,-0.03422297307099853,0.02572401407478571,0.09202767592357654,-0.02091160487468189,-0.008945199958235707,-0.03547271871656447,-0.01489685571338278,-0.0015073528728769365,-0.00778269106807361,0.013100035203502149,0.019204875074993674,-0.006177474591823421,0.030453718761487454,-0.0021249733659109435,-0.002383985225548435,-0.0039596714215785166,0.005733203213957965,0.011678928344475037,0.01215256011486476,-0.027293406575415333,0.016495460947534776,0.0010616562580469326,-0.02091160487468189,0.03444317627410376,0.009741649885891287,-0.01831754964534876,-0.024831542495258655,0.005943720943768339,-0.003133189693052915,-0.016017393111880298,0.011681978000754012,-2.413168961719671e-6,0.0005786439450793543,-0.006288595032641006,0.0014536059131199134,0.014268092654044292,0.005921413676630773,0.0012070494041026703,0.0010732093088706488,-0.015986629486344505,0.012117549691523342,0.0035302363323226546,-0.008945199958235707,0.009741649885891287,0.04135590526544587
