0.01737062987583375,0.00372790094334933,0.0072805706329593725,0.004565448457994873,0.0021473511556169243,0.007513798592342413,0.001010953153778686,-0.0028918755730826984,0.0029368845986697634,-0.0018985220993325692,0.0018666235393544196,0.0035211720582694547,-0.00034213828613080055,0.0010353795955854058,0.004036701597001717,-0.0009272234442676394,-0.004720515816757746,-0.0019306272546998978,-0.006072326297668757,-0.0019527630052395347,0.00372790094334933,0.015207918129440407,0.0009870871678125284,-0.001769283474235849,-0.0019385524689354123,0.0018256314207707428,0.000622278891916219,0.0022774316613433324,0.00047568143795290586,0.002565475797496563,0.0005914318856756835,-0.005510895128681504,-0.003361721677697076,0.00019444342833952225,-0.003542781729617189,-0.00446026376077429,0.0011692736107497363,-0.0009813568184622208,0.0031653538421175164,-0.002263931583952156,0.0072805706329593725,0.0009870871678125284,0.028883752737216526,-0.000286799999423847,-0.0003006573224314629,0.0017916139537089675,0.005005676135350892,-0.005020298079074663,-0.0014567887842760825,0.002649878128339142,0.0027125334674025048,-0.001241483392102236,0.007240360834059845,-0.0008491498530798689,-0.007090424653712763,-0.0022495320351944067,-0.011111243653656566,-0.010427204544979238,0.00393533342687801,-0.0027112601498959607,0.004565448457994873,-0.001769283474235849,-0.000286799999423847,0.016542362095347637,-0.0005712785471111953,0.00044482358967546894,0.0007182862756215263,-0.0013391968234598432,0.0022725790883152087,-0.0021786014444647207,-0.004244002461736125,-0.0012462411974089884,0.005113831247873096,0.0005077966336172434,-0.006093738447810465,0.005111595222481486,-0.0029048507876415774,0.004508180248007573,-0.000555518521594784,-0.006609645517440839,0.0021473511556169243,-0.0019385524689354123,-0.0003006573224314629,-0.0005712785471111953,0.01815159468114347,-0.00036541990912550336,0.004358181326850746,-0.0019214304953794237,0.000931499943337109,-0.0019040485297901115,0.0014092363124400345,0.00211376626919056,0.000685441944177311,-0.003216663573340923,0.000791622178580625,-0.0009265719552881096,0.00033615972138950737,-0.0017868329698536231,-0.003930872565785672,-0.0041895432573146076,0.007513798592342413,0.0018256314207707428,0.0017916139537089675,0.00044482358967546894,-0.00036541990912550336,0.016481790132268137,0.0008087878281095892,0.00024630668118288306,-0.0005411607408616387,-0.003664516306348834,0.002839683375835159,-0.003920789949935106,-0.0034254995578668766,-0.0015648412935194678,-0.0010622178239182174,0.00018930624451595423,0.0022525942015137537,0.0007242742795740633,-0.00227365565921183,-0.00407408404905845,0.001010953153778686,0.000622278891916219,0.005005676135350892,0.0007182862756215263,0.004358181326850746,0.0008087878281095892,0.0203538731792499,-0.0025465562641402706,0.001463808404419541,0.002031466693480053,-0.0007629162548688328,0.00213677628866212,0.006330767770127654,-0.002670272257092707,-0.005687414546444246,-0.004426827772454198,0.0019596570492117927,-0.005024747174291556,-0.003223682888074804,-0.0020487247429606488,-0.0028918755730826984,0.0022774316613433324,-0.005020298079074663,-0.0013391968234598432,-0.0019214304953794237,0.00024630668118288306,-0.0025465562641402706,0.03966790295429845,-0.008748575729562745,-0.015938702852584585,0.0075579518375339,-0.0010365722701336489,-0.011820330193103516,-0.0016507712168035461,-0.003698004904222313,0.00201219039536403,0.011214448504169647,-0.008481384210837512,0.003497646844568082,0.0029653452574707143,0.0029368845986697634,0.00047568143795290586,-0.0014567887842760825,0.0022725790883152087,0.000931499943337109,-0.0005411607408616387,0.001463808404419541,-0.008748575729562745,0.025179885597208823,0.004954279561564682,-0.0021132239571969836,0.003767705789369694,0.004988934069523643,0.0009720440523016831,0.0010080463665402674,0.0011175546841561872,-0.006112344638981049,0.004451567648901401,-0.00790865475312883,0.0039020065222202223,-0.0018985220993325692,0.002565475797496563,0.002649878128339142,-0.0021786014444647207,-0.0019040485297901115,-0.003664516306348834,0.002031466693480053,-0.015938702852584585,0.004954279561564682,0.02968167603621464,-0.004438712309236157,-0.006968959468462646,0.0005737636457465606,0.0030923389590456576,-0.002027894344272889,-0.006223464165323069,-0.0016914714368288495,0.005779694274417371,0.006660127469198507,-0.00024129804637447076,0.0018666235393544196,0.0005914318856756835,0.0027125334674025048,-0.004244002461736125,0.0014092363124400345,0.002839683375835159,-0.0007629162548688328,0.0075579518375339,-0.0021132239571969836,-0.004438712309236157,0.025414897413308043,0.005620867875344661,-0.0011940235102520244,0.001368405688649102,0.0006249942024275854,-0.0002907151835001646,0.0011887736184631242,-0.006987967934279299,-0.004092943820933323,-0.00023114069737519466,0.0035211720582694547,-0.005510895128681504,-0.001241483392102236,-0.0012462411974089884,0.00211376626919056,-0.003920789949935106,0.00213677628866212,-0.0010365722701336489,0.003767705789369694,-0.006968959468462646,0.005620867875344661,0.02774771190505694,0.007140872141214422,-0.003929911940498066,0.006113144433443572,0.0008943504455580934,-0.004132896394362439,-0.004739485081640128,-0.006783911391854026,0.00333283424809863,-0.00034213828613080055,-0.003361721677697076,0.007240360834059845,0.005113831247873096,0.000685441944177311,-0.0034254995578668766,0.006330767770127654,-0.011820330193103516,0.004988934069523643,0.0005737636457465606,-0.0011940235102520244,0.007140872141214422,0.03295861846566488,0.002634110494504709,-0.0023019999638799324,0.0005272908437984118,-0.006978490153613548,0.00021893573507667733,-0.006658851258966929,-0.0009932043330575092,0.0010353795955854058,0.00019444342833952225,-0.0008491498530798689,0.0005077966336172434,-0.003216663573340923,-0.0015648412935194678,-0.002670272257092707,-0.0016507712168035461,0.0009720440523016831,0.0030923389590456576,0.001368405688649102,-0.003929911940498066,0.002634110494504709,0.023241217070915803,0.0003663130923003058,0.0008201785194377796,-0.0038553969468350987,0.009653679607495748,-0.002046978577298124,0.0033266892087727516,0.004036701597001717,-0.003542781729617189,-0.007090424653712763,-0.006093738447810465,0.000791622178580625,-0.0010622178239182174,-0.005687414546444246,-0.003698004904222313,0.0010080463665402674,-0.002027894344272889,0.0006249942024275854,0.006113144433443572,-0.0023019999638799324,0.0003663130923003058,0.025971507197151508,0.0005580614916810163,0.002824277510686717,0.005896411577619858,-0.0035799224472667338,0.0009870962412725534,-0.0009272234442676394,-0.00446026376077429,-0.0022495320351944067,0.005111595222481486,-0.0009265719552881096,0.00018930624451595423,-0.004426827772454198,0.00201219039536403,0.0011175546841561872,-0.006223464165323069,-0.0002907151835001646,0.0008943504455580934,0.0005272908437984118,0.0008201785194377796,0.0005580614916810163,0.020654599746762713,-0.0046983361639265035,0.005287388644530222,-0.0031005239257824264,0.0026568980297312613,-0.004720515816757746,0.0011692736107497363,-0.011111243653656566,-0.0029048507876415774,0.00033615972138950737,0.0022525942015137537,0.0019596570492117927,0.011214448504169647,-0.006112344638981049,-0.0016914714368288495,0.0011887736184631242,-0.004132896394362439,-0.006978490153613548,-0.0038553969468350987,0.002824277510686717,-0.0046983361639265035,0.027817181552613916,-0.0013794188618725181,0.003008323885937825,-0.0018280179453922358,-0.0019306272546998978,-0.0009813568184622208,-0.010427204544979238,0.004508180248007573,-0.0017868329698536231,0.0007242742795740633,-0.005024747174291556,-0.008481384210837512,0.004451567648901401,0.005779694274417371,-0.006987967934279299,-0.004739485081640128,0.00021893573507667733,0.009653679607495748,0.005896411577619858,0.005287388644530222,-0.0013794188618725181,0.03061999923347811,-0.006039995581169149,0.0039382750159748245,-0.006072326297668757,0.0031653538421175164,0.00393533342687801,-0.000555518521594784,-0.003930872565785672,-0.00227365565921183,-0.003223682888074804,0.003497646844568082,-0.00790865475312883,0.006660127469198507,-0.004092943820933323,-0.006783911391854026,-0.006658851258966929,-0.002046978577298124,-0.0035799224472667338,-0.0031005239257824264,0.003008323885937825,-0.006039995581169149,0.030086257315578784,0.0007344219702556079,-0.0019527630052395347,-0.002263931583952156,-0.0027112601498959607,-0.006609645517440839,-0.0041895432573146076,-0.00407408404905845,-0.0020487247429606488,0.0029653452574707143,0.0039020065222202223,-0.00024129804637447076,-0.00023114069737519466,0.00333283424809863,-0.0009932043330575092,0.0033266892087727516,0.0009870962412725534,0.0026568980297312613,-0.0018280179453922358,0.0039382750159748245,0.0007344219702556079,0.02828849176171338
