0.030055689870034593,0.007544466098424596,-0.005642993149479662,0.014228994522370364,0.008031739538829463,0.0055621811315395685,-0.002837423674492237,-0.019953372404422333,0.016037449590427903,-0.0125811355790351,0.015183549895965888,0.014630586304773492,-0.012405872548916841,-0.026824323373822956,-0.019641927076612147,0.015579353483426412,-0.012260712224228788,-0.009312811807901758,-0.001935969915782191,0.027363208956556945,0.007544466098424596,0.04355394978852981,0.004186161933069909,0.01725269540777582,0.022091502250176243,-0.0001612154251844911,-0.014106797742560191,-0.003350374529784737,0.0004091086773291086,-0.002765615926905567,-0.008532156138656277,0.0056893619356512045,0.002840130665273449,-0.03261294068671738,-0.010677133006086997,-0.001472005271748916,-0.004056757879510073,-5.593140721355925e-5,0.0041693045194818,0.0027518327265081775,-0.005642993149479662,0.004186161933069909,0.04359543656343939,-0.012487841663220665,0.01507791002259019,0.0010629014271510114,-0.010153394559703523,0.021449895811831203,-0.019098636982047872,0.010295455685148055,-0.016391834879032424,-0.00731759564978093,0.02614465017379805,0.020489906330977664,0.02966670263848578,-0.017271116694873686,0.010136740029899644,-1.3720911733817402e-5,0.0042979508845536795,-0.022870037206734216,0.014228994522370364,0.01725269540777582,-0.012487841663220665,0.050530700131998986,0.020044906066079032,-0.002061115079391992,-0.007045277657881261,-0.02039196600830366,0.02761830945619042,-0.011689656691487997,0.007176518861831771,0.01969357668452324,-0.005859050178684002,-0.05717217079012472,-0.033058132973884324,-0.004667759919901359,-0.009360317789562384,-0.008955198556292504,0.0021045149174468277,0.034067930670693386,0.008031739538829463,0.022091502250176243,0.01507791002259019,0.020044906066079032,0.06255298886655228,-0.016540758548501105,-0.03428805914216707,0.01818124423844663,-0.002011224738333084,-0.005821551569133811,-0.004145614755794766,0.020869385350713695,0.032401108907517844,-0.03539639292782443,0.0025210125818337726,-0.03310314583020632,-0.006999352656478865,-0.01978253828777666,-0.02554752830700918,0.015151866618486389,0.0055621811315395685,-0.0001612154251844911,0.0010629014271510114,-0.002061115079391992,-0.016540758548501105,0.024950162376913013,0.012220561396456584,-0.018078023731248276,0.014306560423374696,0.000893778400815245,-0.00554081459513126,-0.00416385531183153,-0.015269242317479712,-0.0037069675858201505,-0.008100757150077562,0.016270034703052938,0.002170998710542553,0.01491222561141863,0.022320396495644136,-0.00634438412231276,-0.002837423674492237,-0.014106797742560191,-0.010153394559703523,-0.007045277657881261,-0.03428805914216707,0.012220561396456584,0.04399842703338291,-0.01088657122771668,0.010383207627420461,0.007062499111989323,0.0002523967332852963,-0.012130597200922064,-0.018003282343347984,0.02603427397306622,0.0029199903187380133,0.017378228980686063,0.011862563977593199,0.016891814355637032,0.023739130321192847,-0.00791320099373731,-0.019953372404422333,-0.003350374529784737,0.021449895811831203,-0.02039196600830366,0.01818124423844663,-0.018078023731248276,-0.01088657122771668,0.06438838315953894,-0.03998005127552044,0.013995825346857203,-0.01427385135135548,-0.009841501895686076,0.03561053443816696,0.03682296924872874,0.04757569990428184,-0.03563369894982801,0.01668576675329686,-0.003677997382229647,-0.017872293977078298,-0.03310424805855647,0.016037449590427903,0.0004091086773291086,-0.019098636982047872,0.02761830945619042,-0.002011224738333084,0.014306560423374696,0.010383207627420461,-0.03998005127552044,0.06378026672186814,-0.011649697021852213,0.019171362103494134,0.018349211353663332,-0.022640999612230137,-0.04147668525546419,-0.039490833202201425,0.016833752612574363,-0.013483215302257802,-0.0006835113030594848,0.0024341901781176926,0.03923790168089082,-0.0125811355790351,-0.002765615926905567,0.010295455685148055,-0.011689656691487997,-0.005821551569133811,0.000893778400815245,0.007062499111989323,0.013995825346857203,-0.011649697021852213,0.028752013914935825,-0.012816050443400496,-0.01353692737074016,0.018964118583839028,0.0262927952777048,0.02248030724117747,-0.01736133996774706,0.01479352174448139,0.0029610447220918623,0.0076404120014938615,-0.01932755248901024,0.015183549895965888,-0.008532156138656277,-0.016391834879032424,0.007176518861831771,-0.004145614755794766,-0.00554081459513126,0.0002523967332852963,-0.01427385135135548,0.019171362103494134,-0.012816050443400496,0.04044286285544728,0.012635962844783646,-0.015299290528064962,-0.022138485436017638,-0.022778174339115456,0.023372979940541883,-0.019481986611264983,-0.013054178426270316,-0.01951802032894286,0.037965615101773965,0.014630586304773492,0.0056893619356512045,-0.00731759564978093,0.01969357668452324,0.020869385350713695,-0.00416385531183153,-0.012130597200922064,-0.009841501895686076,0.018349211353663332,-0.01353692737074016,0.012635962844783646,0.03434785120415711,0.0010970389257013947,-0.03353709426794266,-0.018802381147813928,0.0010639153101831343,-0.014783013749329107,-0.010190495384288395,-0.013576162242282936,0.02835876472421771,-0.012405872548916841,0.002840130665273449,0.02614465017379805,-0.005859050178684002,0.032401108907517844,-0.015269242317479712,-0.018003282343347984,0.03561053443816696,-0.022640999612230137,0.018964118583839028,-0.015299290528064962,0.0010970389257013947,0.07280255247743188,0.005755448617911622,0.032847840343828885,-0.05122928882342327,0.017305108295735203,-0.01429839327196276,-0.01351360476440248,-0.008158688108994182,-0.026824323373822956,-0.03261294068671738,0.020489906330977664,-0.05717217079012472,-0.03539639292782443,-0.0037069675858201505,0.02603427397306622,0.03682296924872874,-0.04147668525546419,0.0262927952777048,-0.022138485436017638,-0.03353709426794266,0.005755448617911622,0.1154846630503866,0.05959679306633456,0.002240446014148186,0.020070331723929746,0.02721745471665022,0.01056963939342994,-0.06625679961094486,-0.019641927076612147,-0.010677133006086997,0.02966670263848578,-0.033058132973884324,0.0025210125818337726,-0.008100757150077562,0.0029199903187380133,0.04757569990428184,-0.039490833202201425,0.02248030724117747,-0.022778174339115456,-0.018802381147813928,0.032847840343828885,0.05959679306633456,0.07006068116893625,-0.028203907632796357,0.024411906229930985,0.006888889407893187,-0.0004650147591348752,-0.048353662229773435,0.015579353483426412,-0.001472005271748916,-0.017271116694873686,-0.004667759919901359,-0.03310314583020632,0.016270034703052938,0.017378228980686063,-0.03563369894982801,0.016833752612574363,-0.01736133996774706,0.023372979940541883,0.0010639153101831343,-0.05122928882342327,0.002240446014148186,-0.028203907632796357,0.08595774512498042,-0.02502041556807401,0.01878555819127737,0.01329441234183654,0.019341940432127572,-0.012260712224228788,-0.004056757879510073,0.010136740029899644,-0.009360317789562384,-0.006999352656478865,0.002170998710542553,0.011862563977593199,0.01668576675329686,-0.013483215302257802,0.01479352174448139,-0.019481986611264983,-0.014783013749329107,0.017305108295735203,0.020070331723929746,0.024411906229930985,-0.02502041556807401,0.03700271623246143,0.006466295293711555,0.01746980041646464,-0.03020368553635229,-0.009312811807901758,-5.593140721355925e-5,-1.3720911733817402e-5,-0.008955198556292504,-0.01978253828777666,0.01491222561141863,0.016891814355637032,-0.003677997382229647,-0.0006835113030594848,0.0029610447220918623,-0.013054178426270316,-0.010190495384288395,-0.01429839327196276,0.02721745471665022,0.006888889407893187,0.01878555819127737,0.006466295293711555,0.038786687712285044,0.027889448928644964,-0.02290599508506741,-0.001935969915782191,0.0041693045194818,0.0042979508845536795,0.0021045149174468277,-0.02554752830700918,0.022320396495644136,0.023739130321192847,-0.017872293977078298,0.0024341901781176926,0.0076404120014938615,-0.01951802032894286,-0.013576162242282936,-0.01351360476440248,0.01056963939342994,-0.0004650147591348752,0.01329441234183654,0.01746980041646464,0.027889448928644964,0.07062060306470083,-0.027324966215722935,0.027363208956556945,0.0027518327265081775,-0.022870037206734216,0.034067930670693386,0.015151866618486389,-0.00634438412231276,-0.00791320099373731,-0.03310424805855647,0.03923790168089082,-0.01932755248901024,0.037965615101773965,0.02835876472421771,-0.008158688108994182,-0.06625679961094486,-0.048353662229773435,0.019341940432127572,-0.03020368553635229,-0.02290599508506741,-0.027324966215722935,0.0881504479933574
