0.05331574553130277,0.05226635903596355,0.05492067597721331,0.04138527612995401,0.040513517924405724,-0.0023995644146179353,0.020995887423111377,0.027899168770177278,0.025027757169161224,0.05291707172605418,0.023382546244056925,0.03367558788918424,0.03015431885533203,0.02842334500210905,0.010432593557806886,0.01978672197910581,0.04062541353634459,0.0004390950684518123,0.020507960624501578,0.013001004387095798,0.05226635903596355,0.07741665381876542,0.07133876238909226,0.04693239231822052,0.05222567355442856,0.004020435006452835,0.02326831747263048,0.03891125307287144,0.026074501415526925,0.06933422710860697,0.025195281951359342,0.039818604838801466,0.03586386600008189,0.03454565999842964,0.00850083848527787,0.029268558425247712,0.05017708198926831,0.0030153441135292456,0.02709361630235796,0.017181659541006568,0.05492067597721331,0.07133876238909226,0.11086987595534356,0.06734157566107851,0.062433257260820836,-0.015707558366611665,0.04078716154898554,0.02008915581932338,0.01473495062293658,0.0820797745501805,0.03435109576970026,0.04378178156020136,0.04961053757339101,0.040050739278408215,0.017813522178024142,0.03160879186889442,0.07697384490409404,-0.009227582216314534,0.03057290551844959,0.00331541625277242,0.04138527612995401,0.04693239231822052,0.06734157566107851,0.11496133715549904,0.04293088003089993,-0.025204693753334586,0.015214190786609084,-0.0006401632775720721,0.05288081779130511,0.06939944704074542,0.027019819854847058,0.06206339005366485,0.03776085073560179,0.04721081329889426,0.022317219707515455,0.006234286613931288,0.04586905862670664,-0.0075567428327524885,0.026782268728929123,0.013083156477893633,0.040513517924405724,0.05222567355442856,0.062433257260820836,0.04293088003089993,0.05743601769834248,-0.006933226134315681,0.021572529551619254,0.022618442826495912,0.02215241340241229,0.05782802955231203,0.02398324617744601,0.030784071883819954,0.02800966787475659,0.027900788681452734,0.00733893949321943,0.01811421012299055,0.046288535278757925,-0.003963066585452719,0.018938188692212976,0.009205518003148533,-0.0023995644146179353,0.004020435006452835,-0.015707558366611665,-0.025204693753334586,-0.006933226134315681,0.05224917799732071,-0.027941568444292134,0.031684781025793717,0.00953206017903183,-0.0012078013927113262,-0.011634349909467722,-0.0029073680296879756,-0.012511072312276642,-0.004466369344211098,-0.016775228690805256,-0.0016725442498770609,-0.03944351154676768,0.007194351390757903,0.0008552301394215946,0.018742647524480616,0.020995887423111377,0.02326831747263048,0.04078716154898554,0.015214190786609084,0.021572529551619254,-0.027941568444292134,0.05781118576846207,-0.004409049394311674,-0.00828926404768484,0.028430455637751158,0.027017224039618155,0.013802899632132822,0.030760779018533007,0.010604265270975476,0.011495847948128909,0.015172123293533612,0.06057442958708391,-0.0077847054420679285,0.012956219387351819,-0.012196241083399059,0.027899168770177278,0.03891125307287144,0.02008915581932338,-0.0006401632775720721,0.022618442826495912,0.031684781025793717,-0.004409049394311674,0.06093936082362891,0.016549420809867522,0.02969056933702946,0.00848190778166386,0.012466544212971303,0.013020293555177283,0.012832800637515008,-0.007649944484195136,0.021167394692745672,0.001907698358277054,0.015383690521813546,0.014607407778250286,0.025487928635825392,0.025027757169161224,0.026074501415526925,0.01473495062293658,0.05288081779130511,0.02215241340241229,0.00953206017903183,-0.00828926404768484,0.016549420809867522,0.07624301248844298,0.03231554566106887,0.010507243280436998,0.03574856955723099,0.006547241673215139,0.03498090611931928,0.008066620473660076,-0.003616104559294205,0.0015043065704408486,0.013155961527366054,0.01106457147674805,0.029195606113021,0.05291707172605418,0.06933422710860697,0.0820797745501805,0.06939944704074542,0.05782802955231203,-0.0012078013927113262,0.028430455637751158,0.02969056933702946,0.03231554566106887,0.09183632752439175,0.02946326339903499,0.05033755196849478,0.043340677921610685,0.041403824284109235,0.012975394969068126,0.027611710494455016,0.058002727923333344,-0.0011952022751070578,0.03120360183926516,0.011737534474307844,0.023382546244056925,0.025195281951359342,0.03435109576970026,0.027019819854847058,0.02398324617744601,-0.011634349909467722,0.027017224039618155,0.00848190778166386,0.010507243280436998,0.02946326339903499,0.038742080490042075,0.02016809719180968,0.028757980363055068,0.018898565130615046,0.014232936919617292,0.009465657304646588,0.03923259409566886,0.0019204526165055766,0.015103137941498385,0.0045505278923205165,0.03367558788918424,0.039818604838801466,0.04378178156020136,0.06206339005366485,0.030784071883819954,-0.0029073680296879756,0.013802899632132822,0.012466544212971303,0.03574856955723099,0.05033755196849478,0.02016809719180968,0.06006012024454832,0.029680689403550398,0.03610309736393997,0.01153630880732985,0.007412719158888114,0.02985382955483768,-0.0008692345964986655,0.02219421609791987,0.009725258346690148,0.03015431885533203,0.03586386600008189,0.04961053757339101,0.03776085073560179,0.02800966787475659,-0.012511072312276642,0.030760779018533007,0.013020293555177283,0.006547241673215139,0.043340677921610685,0.028757980363055068,0.029680689403550398,0.05397745588606561,0.01941412031259878,0.0130583867780887,0.014430718534932876,0.048284529137226945,-0.0014563856976337513,0.019698402949204136,-0.0014177715031205812,0.02842334500210905,0.03454565999842964,0.040050739278408215,0.04721081329889426,0.027900788681452734,-0.004466369344211098,0.010604265270975476,0.012832800637515008,0.03498090611931928,0.041403824284109235,0.018898565130615046,0.03610309736393997,0.01941412031259878,0.04456397758746274,0.01060063442612805,0.007442370285484732,0.027389984660562385,0.0024453822711957584,0.016118119644386877,0.014444665572284594,0.010432593557806886,0.00850083848527787,0.017813522178024142,0.022317219707515455,0.00733893949321943,-0.016775228690805256,0.011495847948128909,-0.007649944484195136,0.008066620473660076,0.012975394969068126,0.014232936919617292,0.01153630880732985,0.0130583867780887,0.01060063442612805,0.023076424778366647,-0.0006405490214364904,0.01775461458474651,-0.003070037467717673,0.004786321220170321,-0.0002851776756267652,0.01978672197910581,0.029268558425247712,0.03160879186889442,0.006234286613931288,0.01811421012299055,-0.0016725442498770609,0.015172123293533612,0.021167394692745672,-0.003616104559294205,0.027611710494455016,0.009465657304646588,0.007412719158888114,0.014430718534932876,0.007442370285484732,-0.0006405490214364904,0.036419336186589144,0.026103494377052013,-0.000996249143065544,0.011987317250104679,0.005383191423521218,0.04062541353634459,0.05017708198926831,0.07697384490409404,0.04586905862670664,0.046288535278757925,-0.03944351154676768,0.06057442958708391,0.001907698358277054,0.0015043065704408486,0.058002727923333344,0.03923259409566886,0.02985382955483768,0.048284529137226945,0.027389984660562385,0.01775461458474651,0.026103494377052013,0.10379271203599041,-0.012886930389099525,0.024128762665786556,-0.011679685693772635,0.0004390950684518123,0.0030153441135292456,-0.009227582216314534,-0.0075567428327524885,-0.003963066585452719,0.007194351390757903,-0.0077847054420679285,0.015383690521813546,0.013155961527366054,-0.0011952022751070578,0.0019204526165055766,-0.0008692345964986655,-0.0014563856976337513,0.0024453822711957584,-0.003070037467717673,-0.000996249143065544,-0.012886930389099525,0.02519366378253207,-0.002245672520783853,0.012960741907758163,0.020507960624501578,0.02709361630235796,0.03057290551844959,0.026782268728929123,0.018938188692212976,0.0008552301394215946,0.012956219387351819,0.014607407778250286,0.01106457147674805,0.03120360183926516,0.015103137941498385,0.02219421609791987,0.019698402949204136,0.016118119644386877,0.004786321220170321,0.011987317250104679,0.024128762665786556,-0.002245672520783853,0.027474226137750534,0.0069122637105247485,0.013001004387095798,0.017181659541006568,0.00331541625277242,0.013083156477893633,0.009205518003148533,0.018742647524480616,-0.012196241083399059,0.025487928635825392,0.029195606113021,0.011737534474307844,0.0045505278923205165,0.009725258346690148,-0.0014177715031205812,0.014444665572284594,-0.0002851776756267652,0.005383191423521218,-0.011679685693772635,0.012960741907758163,0.0069122637105247485,0.04067378594847099
