0.07216812060584626,0.01548659544527445,-0.001837411814703085,0.04053715769631426,-0.034947505286500424,-0.04629629753016548,0.007263229601368659,-0.0495798406480968,-0.00033818682946606287,0.012007659137389074,0.01128190559883711,-0.0069849525176417515,-0.017948158435778235,-0.010914263325205016,0.014597019561650909,-0.027395436050831848,0.01564722120344275,0.04500995062438564,-0.015886640226250283,-0.009647004401521737,0.01548659544527445,0.041346732673602685,-0.005148616558055393,0.014159034955955416,-0.007595796510634194,-0.014908934314302492,0.0024906797712191658,-0.002892894627777259,0.004605346826155873,-0.0068320457566216864,-0.0019255543851879335,-0.004550837417607761,-0.011743867427727029,0.002844549927740111,-0.0005888439417064701,-0.0014773234520664294,-0.0023219639318358453,0.011476451299620025,-0.009255475319076958,-0.011710789707300011,-0.001837411814703085,-0.005148616558055393,0.03943738177243071,-0.009557035679501037,-0.0003353168917499083,0.00727962730315403,-0.014974249686310092,-0.00297897082002852,-0.009600040625688169,0.00841345866247231,-0.00012889771719231356,0.0010097937175077905,0.0026696228042312822,-0.004173075660155394,0.00702364531208312,-0.002410316261147047,-0.011842399718525793,0.0013931220785079676,0.00277243486467203,0.002896154412075423,0.04053715769631426,0.014159034955955416,-0.009557035679501037,0.04643663940555476,-0.016094220947954582,-0.03260313665935649,0.0014429633863448444,-0.029914689957613764,0.001061401174750569,0.0009396888209231111,0.009374375343813367,-0.0037690303269119407,-0.017899993558647246,-0.004323032876048891,0.004452084028302593,-0.016862595738819375,0.00923113552706524,0.025731555528475843,-0.009495963675778783,-0.007718132271456452,-0.034947505286500424,-0.007595796510634194,-0.0003353168917499083,-0.016094220947954582,0.04403030134101859,0.02566918708771352,-0.0036923924756254627,0.031620822836298704,0.0030506951301860945,-0.006515163440752781,-0.009356673548571452,0.004576922190552067,0.012106851199241132,0.0016083363604440684,-0.004236952684489693,0.008741302565045447,-0.014941859644730169,-0.025321465092790423,0.007481362395049113,-0.009412397474671146,-0.04629629753016548,-0.014908934314302492,0.00727962730315403,-0.03260313665935649,0.02566918708771352,0.05531080053400735,-0.005286156055585096,0.0374580923714824,-0.0067759781679249485,0.0007327071053454411,-0.01205535222297718,0.00567615399917306,0.019260935226662664,0.005051653024692014,-0.004358229290754525,0.020293353989813474,-0.026213840323979713,-0.03319052512876438,0.008366436322087365,0.004594117782125212,0.007263229601368659,0.0024906797712191658,-0.014974249686310092,0.0014429633863448444,-0.0036923924756254627,-0.005286156055585096,0.024325333361461438,-0.005912801203069282,0.005906666394845347,-0.0014827298782031117,-0.0012166950636688042,-0.007362137772920186,-0.003551332663680123,0.005174198601659262,-0.0016279707369241548,0.005184881149116227,0.005567049492141114,0.0005820883285384379,-0.004591105665309755,0.003452806943316707,-0.0495798406480968,-0.002892894627777259,-0.00297897082002852,-0.029914689957613764,0.031620822836298704,0.0374580923714824,-0.005912801203069282,0.06948999740930156,0.007777531718400208,-0.014343084423864314,-0.026915129290106633,0.006384892365034494,0.016084807439849434,0.014441857485474986,-0.016007060105504324,0.021583762829645907,-0.015649095039017,-0.04774165645974489,0.014572243560479457,-0.005670493570760883,-0.00033818682946606287,0.004605346826155873,-0.009600040625688169,0.001061401174750569,0.0030506951301860945,-0.0067759781679249485,0.005906666394845347,0.007777531718400208,0.02510192965834168,-0.00390981228097923,-0.010350361732984828,-0.0028048631029023306,-0.0003284277089396719,0.004875167669606545,-0.0025629969727032015,0.0037436454303912303,0.004455840007508036,-0.007536544374205733,0.0021834508628910156,-0.007899730304312211,0.012007659137389074,-0.0068320457566216864,0.00841345866247231,0.0009396888209231111,-0.006515163440752781,0.0007327071053454411,-0.0014827298782031117,-0.014343084423864314,-0.00390981228097923,0.023361223922596843,0.0002015478108579098,-0.002762054060842821,-0.0036737366056438813,-0.0033662345363322382,0.010413604853754088,-0.0056422242233969185,-0.0036367391893454915,0.014304509894842147,-0.0033724654759070185,0.0006935911900564532,0.01128190559883711,-0.0019255543851879335,-0.00012889771719231356,0.009374375343813367,-0.009356673548571452,-0.01205535222297718,-0.0012166950636688042,-0.026915129290106633,-0.010350361732984828,0.0002015478108579098,0.028927782353422315,0.0014172309455774714,-0.007412590928811134,-0.006900973323050567,-0.0026114351176671664,-0.005008482081468193,0.006085025929455992,0.01590680596636733,-0.0023273081634920187,0.010381119039636772,-0.0069849525176417515,-0.004550837417607761,0.0010097937175077905,-0.0037690303269119407,0.004576922190552067,0.00567615399917306,-0.007362137772920186,0.006384892365034494,-0.0028048631029023306,-0.002762054060842821,0.0014172309455774714,0.025437294320864,0.0009296173917698338,-0.0014130477162826,-0.004179002144843053,0.008218292477033429,-0.008661252360513239,-0.007975446884716903,0.00691336698964608,0.0010111645026287313,-0.017948158435778235,-0.011743867427727029,0.0026696228042312822,-0.017899993558647246,0.012106851199241132,0.019260935226662664,-0.003551332663680123,0.016084807439849434,-0.0003284277089396719,-0.0036737366056438813,-0.007412590928811134,0.0009296173917698338,0.024475456763315816,0.0004097857850252236,-0.0011441749954602225,0.005374660952537047,-0.0033006941879165563,-0.017182009390302566,0.0034307694134247573,0.003986153040463832,-0.010914263325205016,0.002844549927740111,-0.004173075660155394,-0.004323032876048891,0.0016083363604440684,0.005051653024692014,0.005174198601659262,0.014441857485474986,0.004875167669606545,-0.0033662345363322382,-0.006900973323050567,-0.0014130477162826,0.0004097857850252236,0.018529604171234813,-0.0032780767937473565,0.006818250782083257,0.0018240110418704615,-0.007944057766431784,0.0014004941993775236,-0.0016157939167909937,0.014597019561650909,-0.0005888439417064701,0.00702364531208312,0.004452084028302593,-0.004236952684489693,-0.004358229290754525,-0.0016279707369241548,-0.016007060105504324,-0.0025629969727032015,0.010413604853754088,-0.0026114351176671664,-0.004179002144843053,-0.0011441749954602225,-0.0032780767937473565,0.02835606560392776,-0.010593366298299739,-0.0013364938536109868,0.01402676068076094,-0.008992365884138476,-0.0019702135705218097,-0.027395436050831848,-0.0014773234520664294,-0.002410316261147047,-0.016862595738819375,0.008741302565045447,0.020293353989813474,0.005184881149116227,0.021583762829645907,0.0037436454303912303,-0.0056422242233969185,-0.005008482081468193,0.008218292477033429,0.005374660952537047,0.006818250782083257,-0.010593366298299739,0.03199783643629493,-0.01198879306462844,-0.021169217030619972,0.006633287748953836,0.0005150912764969012,0.01564722120344275,-0.0023219639318358453,-0.011842399718525793,0.00923113552706524,-0.014941859644730169,-0.026213840323979713,0.005567049492141114,-0.015649095039017,0.004455840007508036,-0.0036367391893454915,0.006085025929455992,-0.008661252360513239,-0.0033006941879165563,0.0018240110418704615,-0.0013364938536109868,-0.01198879306462844,0.04267878609548418,0.01112994786395448,-0.0001387287398972074,0.008901341815999149,0.04500995062438564,0.011476451299620025,0.0013931220785079676,0.025731555528475843,-0.025321465092790423,-0.03319052512876438,0.0005820883285384379,-0.04774165645974489,-0.007536544374205733,0.014304509894842147,0.01590680596636733,-0.007975446884716903,-0.017182009390302566,-0.007944057766431784,0.01402676068076094,-0.021169217030619972,0.01112994786395448,0.061235400017180315,-0.016287439106704868,-0.0038825676620626165,-0.015886640226250283,-0.009255475319076958,0.00277243486467203,-0.009495963675778783,0.007481362395049113,0.008366436322087365,-0.004591105665309755,0.014572243560479457,0.0021834508628910156,-0.0033724654759070185,-0.0023273081634920187,0.00691336698964608,0.0034307694134247573,0.0014004941993775236,-0.008992365884138476,0.006633287748953836,-0.0001387287398972074,-0.016287439106704868,0.027072964629778675,-0.002378260241696338,-0.009647004401521737,-0.011710789707300011,0.002896154412075423,-0.007718132271456452,-0.009412397474671146,0.004594117782125212,0.003452806943316707,-0.005670493570760883,-0.007899730304312211,0.0006935911900564532,0.010381119039636772,0.0010111645026287313,0.003986153040463832,-0.0016157939167909937,-0.0019702135705218097,0.0005150912764969012,0.008901341815999149,-0.0038825676620626165,-0.002378260241696338,0.03399667837546797
0.1835558502734315,0.07152070109134989,-0.03336852677741179,0.1318407428855824,-0.11415762227675486,-0.10990771196400002,-0.019301383335962808,-0.09926536373632186,0.016518254101837986,-0.014392395911675907,0.02182948726299586,-0.005017742156614641,-0.07805368955084155,-0.03006755475518686,0.04096975585371593,-0.08682107836921218,0.07711536253078802,0.13957577017129263,-0.04798974926412718,-0.007803395665849067,0.07152070109134989,0.08163588926301722,-0.05511345359042269,0.08213424834276503,-0.057292424844272404,-0.07371529328739737,-0.016475825884054652,-0.04931341659854048,0.03827729812173426,-0.014976187466002787,0.00010152756720292793,-0.004747831594400148,-0.04077455487022493,-0.01225310818895031,0.005922517053727847,-0.0380248405457775,0.047783072263354626,0.07117898271198747,-0.02293376272395148,-0.0038039545476566475,-0.03336852677741179,-0.05511345359042269,0.08736021642068412,-0.06786443205406262,0.03262522633650378,0.04799492687904176,-0.005044372958191989,0.03944601241539866,-0.04488025541968676,0.021215404254454506,-0.019019559441417616,0.010768955404140412,0.029409553387722526,0.0006324264498071849,0.01608066684911204,0.029498161775760742,-0.046329548782271815,-0.03802139577885989,0.012207591388943027,-0.012078674666705175,0.1318407428855824,0.08213424834276503,-0.06786443205406262,0.15235089290544349,-0.10003304950547909,-0.10739009286218676,-0.02373538125798892,-0.09378973125661848,0.03342572828178287,-0.019761223184149745,0.0273809005138426,-0.012089082044306428,-0.08310519748532072,-0.01725593935872031,0.020933327101882098,-0.07406983587080013,0.08232838152960648,0.11721498067301797,-0.03607565725102538,0.008099723838446555,-0.11415762227675486,-0.057292424844272404,0.03262522633650378,-0.10003304950547909,0.13188436334110565,0.08671934977082127,0.013408947699157165,0.0779898794891088,-0.03178425083509637,0.021185322940698907,-0.010700907962133412,0.004060750534097907,0.0707679873732997,0.006491931084878027,-0.014649378127518913,0.04431112718835325,-0.06554631075819446,-0.10839377168417473,0.027737618124269267,-0.024819256704906117,-0.10990771196400002,-0.07371529328739737,0.04799492687904176,-0.10739009286218676,0.08671934977082127,0.10863822479437607,0.020245573207458845,0.07179576986169743,-0.025110126024688546,0.013985641414560324,-0.009584056121026396,-0.0003083559396823909,0.06976582810627857,0.018311046263826177,-0.024959231478088942,0.05726179546913383,-0.06507843065851504,-0.10722879893345574,0.03105784900743639,-0.00017712842460760407,-0.019301383335962808,-0.016475825884054652,-0.005044372958191989,-0.02373538125798892,0.013408947699157165,0.020245573207458845,0.04388191231116822,-0.0003034025600339071,0.0017508804377741763,-0.0024798006203749496,0.00268236470501687,-0.006750453724501072,0.011382717407962515,0.005955766854345096,-0.019873145645369537,0.01831054321246287,-0.015604546437474585,-0.03531771454384494,0.01060437909671632,0.010401629899439317,-0.09926536373632186,-0.04931341659854048,0.03944601241539866,-0.09378973125661848,0.0779898794891088,0.07179576986169743,-0.0003034025600339071,0.08780906960513336,-0.019407324877393998,0.0071820872759386315,-0.024619753986981942,0.008800764735724931,0.055091567097094916,0.013172975979233349,-0.007812939086832622,0.05508372003580085,-0.054800464438906904,-0.08552563815329049,0.02773281756867576,-0.014619810987488201,0.016518254101837986,0.03827729812173426,-0.04488025541968676,0.03342572828178287,-0.03178425083509637,-0.025110126024688546,0.0017508804377741763,-0.019407324877393998,0.06286207385652925,-0.020372061541440327,-0.001619819283768505,-0.008557781995269412,-0.011227058027589384,-0.0006239711053342032,-0.024500490891304898,-0.01118523443113174,0.03118979578121972,0.010384402348213478,-0.006416456219115267,0.010644605514431017,-0.014392395911675907,-0.014976187466002787,0.021215404254454506,-0.019761223184149745,0.021185322940698907,0.013985641414560324,-0.0024798006203749496,0.0071820872759386315,-0.020372061541440327,0.025355800260614965,-0.005998532403919508,0.0026770591921165474,0.011779951883622224,-0.003613160906210694,0.003637040022400265,0.006923423616451286,-0.01910429450099323,-0.007914563154355451,0.0025572361934209243,-0.004647908421909241,0.02182948726299586,0.00010152756720292793,-0.019019559441417616,0.0273809005138426,-0.010700907962133412,-0.009584056121026396,0.00268236470501687,-0.024619753986981942,-0.001619819283768505,-0.005998532403919508,0.03889546770836536,-0.004356306336767899,-0.019810315168514635,0.006042434110504587,0.001113124318866606,-0.019857160417008097,0.016447878004194193,0.018148780233890854,-0.008446300458244845,0.013753712444229309,-0.005017742156614641,-0.004747831594400148,0.010768955404140412,-0.012089082044306428,0.004060750534097907,-0.0003083559396823909,-0.006750453724501072,0.008800764735724931,-0.008557781995269412,0.0026770591921165474,-0.004356306336767899,0.023160537226916956,-0.001943671120208321,0.0035052848501678667,0.010022709479693416,0.005405245746839431,-0.011802083134377826,0.000700425771961181,-0.0005356068348911878,-0.0031643427222695078,-0.07805368955084155,-0.04077455487022493,0.029409553387722526,-0.08310519748532072,0.0707679873732997,0.06976582810627857,0.011382717407962515,0.055091567097094916,-0.011227058027589384,0.011779951883622224,-0.019810315168514635,-0.001943671120208321,0.07030559156200625,0.005793608397439556,-0.020571149035771327,0.039351702802502254,-0.04519547047060681,-0.08064074827342547,0.024204441759396483,-0.006602005876060139,-0.03006755475518686,-0.01225310818895031,0.0006324264498071849,-0.01725593935872031,0.006491931084878027,0.018311046263826177,0.005955766854345096,0.013172975979233349,-0.0006239711053342032,-0.003613160906210694,0.006042434110504587,0.0035052848501678667,0.005793608397439556,0.030154832056542027,-0.007599727036763405,0.015009893653254128,-0.00962882513124183,-0.009727470115394984,0.012032347937790103,0.004747309012289187,0.04096975585371593,0.005922517053727847,0.01608066684911204,0.020933327101882098,-0.014649378127518913,-0.024959231478088942,-0.019873145645369537,-0.007812939086832622,-0.024500490891304898,0.003637040022400265,0.001113124318866606,0.010022709479693416,-0.020571149035771327,-0.007599727036763405,0.060645340088711926,-0.015517172942860133,0.0018581397955513806,0.035296699958354605,-0.018303477797664183,-0.011801132025407597,-0.08682107836921218,-0.0380248405457775,0.029498161775760742,-0.07406983587080013,0.04431112718835325,0.05726179546913383,0.01831054321246287,0.05508372003580085,-0.01118523443113174,0.006923423616451286,-0.019857160417008097,0.005405245746839431,0.039351702802502254,0.015009893653254128,-0.015517172942860133,0.065802271259906,-0.04950195120529615,-0.07513364620105961,0.025054903825613522,0.0004343651936393755,0.07711536253078802,0.047783072263354626,-0.046329548782271815,0.08232838152960648,-0.06554631075819446,-0.06507843065851504,-0.015604546437474585,-0.054800464438906904,0.03118979578121972,-0.01910429450099323,0.016447878004194193,-0.011802083134377826,-0.04519547047060681,-0.00962882513124183,0.0018581397955513806,-0.04950195120529615,0.06976992226058346,0.07768541671528609,-0.02130677592156005,0.012755267924688427,0.13957577017129263,0.07117898271198747,-0.03802139577885989,0.11721498067301797,-0.10839377168417473,-0.10722879893345574,-0.03531771454384494,-0.08552563815329049,0.010384402348213478,-0.007914563154355451,0.018148780233890854,0.000700425771961181,-0.08064074827342547,-0.009727470115394984,0.035296699958354605,-0.07513364620105961,0.07768541671528609,0.16638711399327674,-0.039869082437747026,0.001170873052507385,-0.04798974926412718,-0.02293376272395148,0.012207591388943027,-0.03607565725102538,0.027737618124269267,0.03105784900743639,0.01060437909671632,0.02773281756867576,-0.006416456219115267,0.0025572361934209243,-0.008446300458244845,-0.0005356068348911878,0.024204441759396483,0.012032347937790103,-0.018303477797664183,0.025054903825613522,-0.02130677592156005,-0.039869082437747026,0.02878944041503327,-0.0004786209806694223,-0.007803395665849067,-0.0038039545476566475,-0.012078674666705175,0.008099723838446555,-0.024819256704906117,-0.00017712842460760407,0.010401629899439317,-0.014619810987488201,0.010644605514431017,-0.004647908421909241,0.013753712444229309,-0.0031643427222695078,-0.006602005876060139,0.004747309012289187,-0.011801132025407597,0.0004343651936393755,0.012755267924688427,0.001170873052507385,-0.0004786209806694223,0.04420776595407876
