0.029465206875430708,0.023717979176843085,0.02581844252209967,0.023611949758348412,0.021721957795937906,-0.00391783938927481,0.009742838558358474,0.01394059331509763,0.016376375187002364,0.030495933942159978,0.012995817343860166,0.024932815005269553,0.017570782847616616,0.014590659514937064,0.007190635059979435,0.013682022232625145,0.018684068501246442,0.0010407475444398587,0.010622571519467737,0.004720292595194679,0.023717979176843085,0.0435842444971536,0.039620607938036956,0.02979868394873826,0.030282952174021403,0.0006834973636017842,0.01191179243310135,0.021194764855608277,0.013848028812931696,0.04170603285907143,0.013733318207213885,0.02600680933807053,0.020363238691267768,0.020586486963326434,0.005177855535913157,0.021453794959254285,0.022696832898380398,-0.0006348483361627807,0.01603263793493538,0.006134048177369352,0.02581844252209967,0.039620607938036956,0.06978910722515579,0.03896350758745859,0.03556570574859303,-0.015094103042734994,0.028357436273731024,0.010142841256674697,0.002723917245683438,0.05307889353107744,0.018572884831725575,0.02894675322088269,0.03280279144461196,0.02501468874629859,0.012663734477439261,0.026251177500837806,0.04762291184130524,-0.006838458306237338,0.02220234182177687,-0.007991619582897957,0.023611949758348412,0.02979868394873826,0.03896350758745859,0.08537324915895676,0.02978159927080884,-0.02041542392033789,0.006678479493297907,0.00140436893447754,0.0387933053606216,0.04952478029856047,0.02374917388541426,0.04335814488962257,0.028122759642405615,0.030479299809037786,0.012436365311809413,0.007751464354410473,0.03303525317863983,-0.007251822765568187,0.021069453276814427,0.004117427353151692,0.021721957795937906,0.030282952174021403,0.03556570574859303,0.02978159927080884,0.03713660111691052,-0.007340166711057534,0.013444847404838707,0.01613369178514052,0.012527832595375987,0.0407488934401244,0.015383485245176551,0.024956347532213388,0.02259376958445508,0.017507659042365863,0.00480179425348312,0.01735282761228161,0.025125784609184486,-0.001810479139209013,0.015142856678877558,4.002214634910516e-5,-0.00391783938927481,0.0006834973636017842,-0.015094103042734994,-0.02041542392033789,-0.007340166711057534,0.0345032476729235,-0.01884125599243172,0.01857482743099731,0.009282720293715411,-0.009770802150672562,-0.009304499718201145,-0.006117069105747219,-0.016894726235391903,-0.0027212172911180114,-0.011179301341950656,-0.003133721444641412,-0.031098050812130233,0.0064885115371883136,-0.010155825212777789,0.019794808395436358,0.009742838558358474,0.01191179243310135,0.028357436273731024,0.006678479493297907,0.013444847404838707,-0.01884125599243172,0.038641945455037095,-0.0005121368221543362,-0.011696438966420048,0.018659519520572307,0.013471628019655683,0.00799201142971092,0.020671416195544648,0.006759582786266162,0.0051259899055573184,0.012783228761240146,0.035221432354542996,-0.005918361652796649,0.012136411595926187,-0.012160402397934558,0.01394059331509763,0.021194764855608277,0.010142841256674697,0.00140436893447754,0.01613369178514052,0.01857482743099731,-0.0005121368221543362,0.04102638383631949,0.015331980371226257,0.017911317440649954,0.006149811228376592,0.008216565367894932,0.00704900607935024,0.007693382899521919,-0.0027319792072353893,0.016225042731374338,-0.003692082730367814,0.00991052996392678,0.006426506959044766,0.021530480243489407,0.016376375187002364,0.013848028812931696,0.002723917245683438,0.0387933053606216,0.012527832595375987,0.009282720293715411,-0.011696438966420048,0.015331980371226257,0.05719463335087716,0.01925383414664335,0.011341204401665743,0.027604009449958354,0.0042279634651679054,0.02054167353771364,0.00432774191798522,0.002481308580716153,-0.0033102483028112605,0.008105321395336679,0.00554080959009478,0.02601339126838637,0.030495933942159978,0.04170603285907143,0.05307889353107744,0.04952478029856047,0.0407488934401244,-0.009770802150672562,0.018659519520572307,0.017911317440649954,0.01925383414664335,0.06571679987159038,0.02068130824645682,0.0356261048370517,0.03369856388719965,0.02806426897480774,0.010367881849462246,0.024747387727243515,0.038643847956117514,-0.0011475272077338006,0.023630683838952154,0.0005402314052075598,0.012995817343860166,0.013733318207213885,0.018572884831725575,0.02374917388541426,0.015383485245176551,-0.009304499718201145,0.013471628019655683,0.006149811228376592,0.011341204401665743,0.02068130824645682,0.027788066360876225,0.01684171473140674,0.017173920940904974,0.013111023705387775,0.008272971888407948,0.010060384189365331,0.023153336355515322,0.002054131461441299,0.0105659522730677,0.0014745224127647154,0.024932815005269553,0.02600680933807053,0.02894675322088269,0.04335814488962257,0.024956347532213388,-0.006117069105747219,0.00799201142971092,0.008216565367894932,0.027604009449958354,0.0356261048370517,0.01684171473140674,0.04155970587156338,0.019990197196680982,0.022706340246239964,0.008833805872564014,0.012119454537696858,0.02099003625251812,-0.0019374124921719828,0.013394463081493302,0.005998273135562504,0.017570782847616616,0.020363238691267768,0.03280279144461196,0.028122759642405615,0.02259376958445508,-0.016894726235391903,0.020671416195544648,0.00704900607935024,0.0042279634651679054,0.03369856388719965,0.017173920940904974,0.019990197196680982,0.03908454997063819,0.011104262405987067,0.009279336149425462,0.01444796489755322,0.03438426624325856,-0.0001985641235745708,0.016096422503053057,-0.006431319849814704,0.014590659514937064,0.020586486963326434,0.02501468874629859,0.030479299809037786,0.017507659042365863,-0.0027212172911180114,0.006759582786266162,0.007693382899521919,0.02054167353771364,0.02806426897480774,0.013111023705387775,0.022706340246239964,0.011104262405987067,0.028948116030992753,0.004354416324909724,0.010374338043749043,0.01477820869136605,0.0003589971304657836,0.009068120991365346,0.008774008910442653,0.007190635059979435,0.005177855535913157,0.012663734477439261,0.012436365311809413,0.00480179425348312,-0.011179301341950656,0.0051259899055573184,-0.0027319792072353893,0.00432774191798522,0.010367881849462246,0.008272971888407948,0.008833805872564014,0.009279336149425462,0.004354416324909724,0.01739955685223079,0.0042424390612423,0.013767731538429296,-0.003043011199761557,0.005187480953298065,-0.0032926106831628965,0.013682022232625145,0.021453794959254285,0.026251177500837806,0.007751464354410473,0.01735282761228161,-0.003133721444641412,0.012783228761240146,0.016225042731374338,0.002481308580716153,0.024747387727243515,0.010060384189365331,0.012119454537696858,0.01444796489755322,0.010374338043749043,0.0042424390612423,0.02901066816647782,0.0192204755468793,-0.0008630707173766879,0.011553981041620752,0.0013847292644116886,0.018684068501246442,0.022696832898380398,0.04762291184130524,0.03303525317863983,0.025125784609184486,-0.031098050812130233,0.035221432354542996,-0.003692082730367814,-0.0033102483028112605,0.038643847956117514,0.023153336355515322,0.02099003625251812,0.03438426624325856,0.01477820869136605,0.013767731538429296,0.0192204755468793,0.06164396324047322,-0.009667153235401208,0.02143158878078005,-0.018062163610453846,0.0010407475444398587,-0.0006348483361627807,-0.006838458306237338,-0.007251822765568187,-0.001810479139209013,0.0064885115371883136,-0.005918361652796649,0.00991052996392678,0.008105321395336679,-0.0011475272077338006,0.002054131461441299,-0.0019374124921719828,-0.0001985641235745708,0.0003589971304657836,-0.003043011199761557,-0.0008630707173766879,-0.009667153235401208,0.016688303108642628,-0.00208863540616478,0.011879200959593088,0.010622571519467737,0.01603263793493538,0.02220234182177687,0.021069453276814427,0.015142856678877558,-0.010155825212777789,0.012136411595926187,0.006426506959044766,0.00554080959009478,0.023630683838952154,0.0105659522730677,0.013394463081493302,0.016096422503053057,0.009068120991365346,0.005187480953298065,0.011553981041620752,0.02143158878078005,-0.00208863540616478,0.02126438411808698,-0.0018232713803438385,0.004720292595194679,0.006134048177369352,-0.007991619582897957,0.004117427353151692,4.002214634910516e-5,0.019794808395436358,-0.012160402397934558,0.021530480243489407,0.02601339126838637,0.0005402314052075598,0.0014745224127647154,0.005998273135562504,-0.006431319849814704,0.008774008910442653,-0.0032926106831628965,0.0013847292644116886,-0.018062163610453846,0.011879200959593088,-0.0018232713803438385,0.03744405136320212
