0.033245279403082646,0.003441398327955201,0.008925725837800755,-0.01684562645386656,0.014961760507108634,-0.007302951709349574,0.005112031277867598,-0.010703469423104298,-0.0016781258330067295,0.011479988037457464,-0.01630769548582385,0.00368136830198769,-0.005113685629573087,0.012255911117231897,0.006135780645191101,-0.02462832725800573,-0.008596150067253,-0.01785469640507343,0.030150895347186894,0.0032203663385099723,0.003441398327955201,0.03791463191405843,0.012728528791073184,0.01642262476598068,-0.005752514041820365,-0.005941543350862059,0.007891367471297143,0.008055658317740626,-0.0013936233875077122,0.003173887088166622,-0.012296263096307169,0.008161874248916562,-0.016107205475255397,-0.0015042439183359832,0.006047488518121205,-0.011528238143348114,0.008878902278839714,-0.002089761300186976,0.013134957028213075,-0.004372720411979397,0.008925725837800755,0.012728528791073184,0.022203291164838997,-0.0030134802114846907,-0.01770040096265775,0.006217987284064969,0.010009418738851111,0.004317698489274607,-0.0071663501573876924,-0.011421524379152295,-0.007833882039124399,0.011748916550945366,-0.006380662972890539,-0.005008040290357743,0.012395581860113213,0.004500872617843667,0.004897546901140419,-0.008185545265269111,-0.0047063845696198574,0.00565300898882205,-0.01684562645386656,0.01642262476598068,-0.0030134802114846907,0.06259522217981069,0.013029231779353655,-0.01500026535647072,-0.0009630779517069068,0.00036266937001507905,0.02037513918322196,0.0033443968225309035,-0.006607393100473792,0.012471913710268212,-0.019466048141918157,-0.01476715587765621,0.021237746270111484,-0.016415078476712322,0.008346639491089575,0.0205480533643543,0.0072910089694981865,-0.022999282522378085,0.014961760507108634,-0.005752514041820365,-0.01770040096265775,0.013029231779353655,0.15520902230428002,-0.061574093935628,-0.037805405145331455,-0.04356259897496357,0.04352953643673818,0.07929988938077107,-0.021827219038615047,-0.02095374937190866,-0.026122433616723915,0.04151832657562478,-0.017603212370019324,-0.10593712589009244,-0.02476030369996029,0.0017806509583429121,0.09358433448068867,-0.04896260282506271,-0.007302951709349574,-0.005941543350862059,0.006217987284064969,-0.01500026535647072,-0.061574093935628,0.05812070889266702,0.016847501164767596,0.025883514081018452,-0.022623813800930474,-0.0409199223635226,0.024846264222332586,-0.0004065945127032758,0.01582034503311539,-0.009608618044018628,-0.01272076601324532,0.06754297305033614,0.009538979450912545,-0.007723443727602579,-0.05677324146391981,0.020849258414800436,0.005112031277867598,0.007891367471297143,0.010009418738851111,-0.0009630779517069068,-0.037805405145331455,0.016847501164767596,0.03914157315752691,0.014566964328608163,-0.018440198531145924,-0.02578610527484116,3.659380930876445e-5,-0.0012059222930798576,0.0009240682073997453,-0.0022845399232266188,-0.003970369503770497,0.018135014592558438,0.0005161276873010066,-0.010593553149079098,-0.007524837062401809,0.005345330238819901,-0.010703469423104298,0.008055658317740626,0.004317698489274607,0.00036266937001507905,-0.04356259897496357,0.025883514081018452,0.014566964328608163,0.039532957429341736,-0.006499717894659722,-0.012988453000240794,0.011667776581232053,-0.011566939288624557,0.008771824918529082,-0.00035837393577852297,-0.02149600353914888,0.040315595345130975,0.003966110674044376,-0.004222035796890738,-0.03259150637631707,0.0017227070136609625,-0.0016781258330067295,-0.0013936233875077122,-0.0071663501573876924,0.02037513918322196,0.04352953643673818,-0.022623813800930474,-0.018440198531145924,-0.006499717894659722,0.033568075791630875,0.025767523414740104,-0.003480246603687499,-0.006273556267313816,-0.013635368432984156,0.00507211985013681,0.006281385376114704,-0.03747393691724303,-0.003012657110099013,0.012561994637964587,0.02101969279298869,-0.02279641898060337,0.011479988037457464,0.003173887088166622,-0.011421524379152295,0.0033443968225309035,0.07929988938077107,-0.0409199223635226,-0.02578610527484116,-0.012988453000240794,0.025767523414740104,0.08007362162185971,-0.013094287238505007,-0.02150985970770511,-0.01151734355409156,0.031995282616043924,-0.02823408162874729,-0.06418135663118568,-0.013890024596318797,-0.004387072650005783,0.06323139990512608,-0.03128599928256982,-0.01630769548582385,-0.012296263096307169,-0.007833882039124399,-0.006607393100473792,-0.021827219038615047,0.024846264222332586,3.659380930876445e-5,0.011667776581232053,-0.003480246603687499,-0.013094287238505007,0.04420166801799586,-0.016856102838772997,0.021943246951835492,-0.0043082422175325635,-0.026344482985869527,0.046019105413000666,0.003746228166166649,0.013059421817629712,-0.04585745383824531,0.005188580009964921,0.00368136830198769,0.008161874248916562,0.011748916550945366,0.012471913710268212,-0.02095374937190866,-0.0004065945127032758,-0.0012059222930798576,-0.011566939288624557,-0.006273556267313816,-0.02150985970770511,-0.016856102838772997,0.06963518662400353,-0.0232766829501273,-0.031087105850202912,0.06008632645409738,0.0038467562171038746,0.024085549620450935,-0.005050715063863722,-0.010955841886271973,0.013766740900712272,-0.005113685629573087,-0.016107205475255397,-0.006380662972890539,-0.019466048141918157,-0.026122433616723915,0.01582034503311539,0.0009240682073997453,0.008771824918529082,-0.013635368432984156,-0.01151734355409156,0.021943246951835492,-0.0232766829501273,0.045268285561110164,0.0010012034508760672,-0.023460438960519584,0.037674768810721376,-0.004205663819754839,0.0041121825101535,-0.02832498487454522,0.01360693587026417,0.012255911117231897,-0.0015042439183359832,-0.005008040290357743,-0.01476715587765621,0.04151832657562478,-0.009608618044018628,-0.0022845399232266188,-0.00035837393577852297,0.00507211985013681,0.031995282616043924,-0.0043082422175325635,-0.031087105850202912,0.0010012034508760672,0.0460071031364335,-0.040439101257573426,-0.029466806958312906,-0.018971625207836927,-0.014103043744088191,0.03987042910762707,-0.015556785425998748,0.006135780645191101,0.006047488518121205,0.012395581860113213,0.021237746270111484,-0.017603212370019324,-0.01272076601324532,-0.003970369503770497,-0.02149600353914888,0.006281385376114704,-0.02823408162874729,-0.026344482985869527,0.06008632645409738,-0.023460438960519584,-0.040439101257573426,0.10948885654409743,-0.022345793258290107,0.021367831768136364,0.010283558971246982,0.0011746750012664245,0.026596864646265508,-0.02462832725800573,-0.011528238143348114,0.004500872617843667,-0.016415078476712322,-0.10593712589009244,0.06754297305033614,0.018135014592558438,0.040315595345130975,-0.03747393691724303,-0.06418135663118568,0.046019105413000666,0.0038467562171038746,0.037674768810721376,-0.029466806958312906,-0.022345793258290107,0.1330131330251131,0.022328870404218243,0.0034531481684962717,-0.1092754028907447,0.025229041658228514,-0.008596150067253,0.008878902278839714,0.004897546901140419,0.008346639491089575,-0.02476030369996029,0.009538979450912545,0.0005161276873010066,0.003966110674044376,-0.003012657110099013,-0.013890024596318797,0.003746228166166649,0.024085549620450935,-0.004205663819754839,-0.018971625207836927,0.021367831768136364,0.022328870404218243,0.031157853022633762,0.0029365585202360102,-0.0246451164731447,0.011412723592679046,-0.01785469640507343,-0.002089761300186976,-0.008185545265269111,0.0205480533643543,0.0017806509583429121,-0.007723443727602579,-0.010593553149079098,-0.004222035796890738,0.012561994637964587,-0.004387072650005783,0.013059421817629712,-0.005050715063863722,0.0041121825101535,-0.014103043744088191,0.010283558971246982,0.0034531481684962717,0.0029365585202360102,0.04573612074226182,-0.013190225134479604,-0.0031576698159098892,0.030150895347186894,0.013134957028213075,-0.0047063845696198574,0.0072910089694981865,0.09358433448068867,-0.05677324146391981,-0.007524837062401809,-0.03259150637631707,0.02101969279298869,0.06323139990512608,-0.04585745383824531,-0.010955841886271973,-0.02832498487454522,0.03987042910762707,0.0011746750012664245,-0.1092754028907447,-0.0246451164731447,-0.013190225134479604,0.12117888022052774,-0.02461377475570068,0.0032203663385099723,-0.004372720411979397,0.00565300898882205,-0.022999282522378085,-0.04896260282506271,0.020849258414800436,0.005345330238819901,0.0017227070136609625,-0.02279641898060337,-0.03128599928256982,0.005188580009964921,0.013766740900712272,0.01360693587026417,-0.015556785425998748,0.026596864646265508,0.025229041658228514,0.011412723592679046,-0.0031576698159098892,-0.02461377475570068,0.04829579278598636
0.03225593229807765,0.009548001701020662,-0.003526183278446609,-0.006143273845345073,0.015228993053517367,-0.014424652309776267,0.007619073523831291,0.0019501140207221846,-0.0001955617169748916,0.02012024942477282,-0.0100995193421114,-0.00982473159378413,-0.005616052256476172,0.016306493485050005,-0.017661085964922392,-0.009338814264396339,-0.010438520402166572,-0.01053222814882205,0.026386393409108203,-0.0037540561417415187,0.009548001701020662,0.03779342183367747,0.001035017089702996,-0.006573072721806022,0.022249847918991317,-0.011373946086383913,-0.0016988255015006318,0.006154754709096528,-0.006943130712154896,0.028842231049942386,-0.002728139992399983,-0.012635993689198342,-0.0037811091942714288,0.015841147760930756,-0.04582082829949283,-0.008625414318747469,-0.015373228556949496,-0.004293940849901756,0.01947719174265086,-0.019385805392811005,-0.003526183278446609,0.001035017089702996,0.022882519965945064,0.004064575315676241,-0.009103363313038387,0.008243114800702597,-0.0033014924126403312,0.002144417849672627,-0.002375437110357966,-0.003221222293446296,0.0073992109215548895,0.0047274629780383074,0.003993107026119816,-0.0052485081116075815,-0.0028346318797647456,0.01248960339362118,0.004256399341455904,0.0022531815465929774,-0.010939604331667376,-0.0004998384960457829,-0.006143273845345073,-0.006573072721806022,0.004064575315676241,0.025869074900553034,-0.004287097462549846,0.001889549018227596,-0.010079309011245532,-0.002382228400472964,0.00970091957737979,-0.008453253026473519,0.004420136105991179,0.009660379182266744,0.007656946344744566,-0.007215832920058339,0.020588850350677868,-0.0007581909212392886,0.0024586322971366158,0.004262377958791462,-0.013151281032851162,0.006076539211755187,0.015228993053517367,0.022249847918991317,-0.009103363313038387,-0.004287097462549846,0.13810769201867254,-0.07794035651416326,-0.021718745933810207,-0.022854803935912528,0.015335076341737641,0.09149374827283319,-0.0494439363084124,-0.05717402314438427,-0.00310704981747152,0.07560685818500806,-0.06725186209514748,-0.10860581357697159,-0.049843724705909094,-0.0056679626964131055,0.13766880173711232,-0.0549500858737334,-0.014424652309776267,-0.011373946086383913,0.008243114800702597,0.001889549018227596,-0.07794035651416326,0.07515608100234827,0.009217055281232575,0.013278577155164414,-0.013955262412572444,-0.06699050608618051,0.04419430017783646,0.03203448425860872,0.004481930796375952,-0.053679473769491975,0.03149993209258014,0.082920001299093,0.03467212313513489,0.011659030480555416,-0.09814463624880787,0.03565486524487496,0.007619073523831291,-0.0016988255015006318,-0.0033014924126403312,-0.010079309011245532,-0.021718745933810207,0.009217055281232575,0.03334221747709508,0.005763363197840828,-0.011807370012651471,-0.011363775727256881,0.001176594118124007,0.004464946289678976,-0.005741019745302183,-0.0046427997541167425,0.0030194271272426317,0.016691175476314442,0.010588359183905839,-0.0024164138062414374,-0.013668517776532479,0.0024916206285101323,0.0019501140207221846,0.006154754709096528,0.002144417849672627,-0.002382228400472964,-0.022854803935912528,0.013278577155164414,0.005763363197840828,0.02175524983621306,-0.003078202177763404,-0.009832628164129843,0.00783403278037923,0.013327316457425749,0.004064066113826337,-0.009916712289279827,-0.0020310545885570516,0.02599857339250198,0.0016026143657513914,-0.004037134977651428,-0.02487938858875291,0.004391325301347427,-0.0001955617169748916,-0.006943130712154896,-0.002375437110357966,0.00970091957737979,0.015335076341737641,-0.013955262412572444,-0.011807370012651471,-0.003078202177763404,0.02478387850228759,-0.0005336639900592587,-0.007790446821275943,-0.00048545972361917916,0.009058015141780748,0.006757432036346213,0.012377333460508531,-0.022108626735376627,-0.0014083244182390717,0.006038203349295872,0.015629970404004427,-0.00911029015644526,0.02012024942477282,0.028842231049942386,-0.003221222293446296,-0.008453253026473519,0.09149374827283319,-0.06699050608618051,-0.011363775727256881,-0.009832628164129843,-0.0005336639900592587,0.10382801830137754,-0.037303369581161684,-0.04620295743311345,-0.012607348556670311,0.06277900508544063,-0.06670185402131651,-0.08342438426287864,-0.04659015727113211,-0.01735964754480695,0.11138941190236501,-0.042704556538853175,-0.0100995193421114,-0.002728139992399983,0.0073992109215548895,0.004420136105991179,-0.0494439363084124,0.04419430017783646,0.001176594118124007,0.00783403278037923,-0.007790446821275943,-0.037303369581161684,0.05178940186491693,0.023856867256849677,0.0027989537162151426,-0.03208440834783965,0.00893904558966688,0.05675902970827685,0.015372884845321459,0.01074161413661665,-0.05957066078160611,0.020210728564356142,-0.00982473159378413,-0.012635993689198342,0.0047274629780383074,0.009660379182266744,-0.05717402314438427,0.03203448425860872,0.004464946289678976,0.013327316457425749,-0.00048545972361917916,-0.04620295743311345,0.023856867256849677,0.05198100638638489,0.011894819706138548,-0.034647492365416276,0.041191999572182135,0.04537484387193963,0.024330076507423408,0.005461620502560461,-0.06526980686646008,0.02220199326306726,-0.005616052256476172,-0.0037811091942714288,0.003993107026119816,0.007656946344744566,-0.00310704981747152,0.004481930796375952,-0.005741019745302183,0.004064066113826337,0.009058015141780748,-0.012607348556670311,0.0027989537162151426,0.011894819706138548,0.02269648925052014,-0.008563318973697564,0.007968247378895503,0.005942558649085622,0.005055997454985439,0.005321914013792754,-0.011088180901235405,-0.004038469162409453,0.016306493485050005,0.015841147760930756,-0.0052485081116075815,-0.007215832920058339,0.07560685818500806,-0.053679473769491975,-0.0046427997541167425,-0.009916712289279827,0.006757432036346213,0.06277900508544063,-0.03208440834783965,-0.034647492365416276,-0.008563318973697564,0.06690266556518824,-0.04920231075321008,-0.06857157313608953,-0.03088878107295086,-0.011136892621363158,0.09215519256136542,-0.032492125776190386,-0.017661085964922392,-0.04582082829949283,-0.0028346318797647456,0.020588850350677868,-0.06725186209514748,0.03149993209258014,0.0030194271272426317,-0.0020310545885570516,0.012377333460508531,-0.06670185402131651,0.00893904558966688,0.041191999572182135,0.007968247378895503,-0.04920231075321008,0.12341595895659253,0.028538647612964308,0.03514684979151535,0.004804518128443178,-0.07087870049387196,0.04881690382814373,-0.009338814264396339,-0.008625414318747469,0.01248960339362118,-0.0007581909212392886,-0.10860581357697159,0.082920001299093,0.016691175476314442,0.02599857339250198,-0.022108626735376627,-0.08342438426287864,0.05675902970827685,0.04537484387193963,0.005942558649085622,-0.06857157313608953,0.028538647612964308,0.1292479797424687,0.044885432917349775,0.01420612415871094,-0.1309133362095179,0.03722394644063626,-0.010438520402166572,-0.015373228556949496,0.004256399341455904,0.0024586322971366158,-0.049843724705909094,0.03467212313513489,0.010588359183905839,0.0016026143657513914,-0.0014083244182390717,-0.04659015727113211,0.015372884845321459,0.024330076507423408,0.005055997454985439,-0.03088878107295086,0.03514684979151535,0.044885432917349775,0.04052578375779653,0.010191782424016634,-0.059367463857268585,0.021911295102675553,-0.01053222814882205,-0.004293940849901756,0.0022531815465929774,0.004262377958791462,-0.0056679626964131055,0.011659030480555416,-0.0024164138062414374,-0.004037134977651428,0.006038203349295872,-0.01735964754480695,0.01074161413661665,0.005461620502560461,0.005321914013792754,-0.011136892621363158,0.004804518128443178,0.01420612415871094,0.010191782424016634,0.0326261396594384,-0.01948641378430305,-0.0035142760457796845,0.026386393409108203,0.01947719174265086,-0.010939604331667376,-0.013151281032851162,0.13766880173711232,-0.09814463624880787,-0.013668517776532479,-0.02487938858875291,0.015629970404004427,0.11138941190236501,-0.05957066078160611,-0.06526980686646008,-0.011088180901235405,0.09215519256136542,-0.07087870049387196,-0.1309133362095179,-0.059367463857268585,-0.01948641378430305,0.1848401181897389,-0.0537867385362334,-0.0037540561417415187,-0.019385805392811005,-0.0004998384960457829,0.006076539211755187,-0.0549500858737334,0.03565486524487496,0.0024916206285101323,0.004391325301347427,-0.00911029015644526,-0.042704556538853175,0.020210728564356142,0.02220199326306726,-0.004038469162409453,-0.032492125776190386,0.04881690382814373,0.03722394644063626,0.021911295102675553,-0.0035142760457796845,-0.0537867385362334,0.052608718864843244
