0.03750267833281048,0.0032927454325892965,0.005692823063417012,0.0029851634412567944,0.03854765281233183,-0.030067003961205912,0.0022175800758921322,-0.010363205345354017,0.005154715635702717,0.032428781916269654,-0.025797764141499983,-0.013673509903454253,-0.004360541199246222,0.02792984884402723,-0.029881891379126318,-0.04808356811534402,-0.015458288723358922,-0.008943278172279169,0.04789391035338603,-0.0034147581774412123,0.0032927454325892965,0.030663406637305705,-0.0008143559737701533,0.0013090147081332298,0.018621912966458255,-0.0005618695800353793,0.0009267234015957083,0.012152590493924394,-0.003054151883205111,0.03284594775734112,0.013680781083491796,-0.008827488748413388,0.005103879442748147,0.012065907952558193,-0.023202240875180517,0.010053137921506113,0.002289047987864331,-0.002435194618270306,0.010520286387322225,-0.01534252350639179,0.005692823063417012,-0.0008143559737701533,0.015565344580707496,0.0012650325013103415,0.00280593284465623,-0.0024428992399644477,0.0030377083159741523,-0.001869823979529982,0.0011529719025421639,-0.001671663077141435,-0.006592021620829842,-0.0015256302436492302,-0.0035639567571273665,9.604323472016664e-5,-0.003045357434526696,-0.00623352433427928,0.0015183848697459484,0.005830721815822077,0.0030567593408734636,0.002203599823438267,0.0029851634412567944,0.0013090147081332298,0.0012650325013103415,0.03986967606462093,0.005581938513600252,0.00629184049691642,-0.006904730979372618,1.1032494348655881e-5,0.005378569269419842,0.005338151512473708,-0.00249668734127384,-0.0011705514912923646,0.004838853295829593,-0.0036981742092624674,0.00483111497129533,0.008309766738759767,0.009621140827392169,0.012675105065109351,-0.00998934083946931,0.0018690918238497263,0.03854765281233183,0.018621912966458255,0.00280593284465623,0.005581938513600252,0.13931342338023972,-0.09863569828125203,-0.00796615763594386,-0.020038116974573264,0.013133500104072757,0.11046217161999797,-0.0603127660865864,-0.03986844059491718,0.004275602197817346,0.08058894192692688,-0.08581902349663365,-0.13742452934838245,-0.05108753427689665,-0.008251370481509306,0.1366617268511458,-0.05279924064510107,-0.030067003961205912,-0.0005618695800353793,-0.0024428992399644477,0.00629184049691642,-0.09863569828125203,0.11419249176209365,0.0035958994177137335,0.021880158309651274,-0.012500488874610841,-0.08618376447844839,0.06295511022148861,0.029397713189382016,0.0033304377051222626,-0.0648389733846016,0.06989517688938209,0.13509451476991574,0.052823523169448036,0.0138929344809566,-0.1252391807753579,0.03841245236413843,0.0022175800758921322,0.0009267234015957083,0.0030377083159741523,-0.006904730979372618,-0.00796615763594386,0.0035958994177137335,0.02725729792889764,0.0012068874137416646,-0.0038902993666199,-0.01219237172741576,0.005826085551130169,-0.013227789901181496,-0.008940157469406577,-0.004520837273396944,-0.0027026723273873756,0.008175133255896834,0.00011008346839402818,0.001866186518697919,0.004425402415453628,-0.0016452032089007461,-0.010363205345354017,0.012152590493924394,-0.001869823979529982,1.1032494348655881e-5,-0.020038116974573264,0.021880158309651274,0.0012068874137416646,0.026852028598131603,-0.005056550024756143,0.0023457174287622937,0.021440240857575222,0.007512105068896062,0.004342300875996783,-0.007763033623639191,0.0028297873524325513,0.04309099602881811,0.012942734671742956,-0.002126957897177005,-0.026545036150977218,0.0042632059125996685,0.005154715635702717,-0.003054151883205111,0.0011529719025421639,0.005378569269419842,0.013133500104072757,-0.012500488874610841,-0.0038902993666199,-0.005056550024756143,0.013034556382717433,0.0062817444387477,-0.007037327186814035,-0.006036288855855246,0.0007927259892289186,0.006691841514680247,-0.0031216349625470203,-0.021699337113985417,-0.004274406259984823,0.0023168903013455274,0.0132634811765686,-0.007463771175318002,0.032428781916269654,0.03284594775734112,-0.001671663077141435,0.005338151512473708,0.11046217161999797,-0.08618376447844839,-0.01219237172741576,0.0023457174287622937,0.0062817444387477,0.14401880146358276,-0.03358512012542717,-0.03311898576587747,0.009623977958012625,0.08366937645324266,-0.0977525436370686,-0.09985028792675438,-0.03430518657909294,-0.019804863832254136,0.12006022273558165,-0.04908125254579396,-0.025797764141499983,0.013680781083491796,-0.006592021620829842,-0.00249668734127384,-0.0603127660865864,0.06295511022148861,0.005826085551130169,0.021440240857575222,-0.007037327186814035,-0.03358512012542717,0.08403856446071094,0.0129513755195685,0.007292451421840396,-0.033484884154243014,0.017699683996872665,0.09603955910138473,0.026376098069409368,-0.002710926021443745,-0.07400368490080608,0.012480751638732333,-0.013673509903454253,-0.008827488748413388,-0.0015256302436492302,-0.0011705514912923646,-0.03986844059491718,0.029397713189382016,-0.013227789901181496,0.007512105068896062,-0.006036288855855246,-0.03311898576587747,0.0129513755195685,0.04748968022326986,0.005665026337948548,-0.02660067765794667,0.0435998083029568,0.033707221616683984,0.013255643616101456,0.001938673905824141,-0.05179146323578582,0.019078314674923522,-0.004360541199246222,0.005103879442748147,-0.0035639567571273665,0.004838853295829593,0.004275602197817346,0.0033304377051222626,-0.008940157469406577,0.004342300875996783,0.0007927259892289186,0.009623977958012625,0.007292451421840396,0.005665026337948548,0.022375818557915678,0.00220397809633,0.0011175966484828878,0.004466664320177479,0.001643958377033533,0.0036288470370784585,-0.008281840986836412,-0.006498132235888943,0.02792984884402723,0.012065907952558193,9.604323472016664e-5,-0.0036981742092624674,0.08058894192692688,-0.0648389733846016,-0.004520837273396944,-0.007763033623639191,0.006691841514680247,0.08366937645324266,-0.033484884154243014,-0.02660067765794667,0.00220397809633,0.07283456854675886,-0.06867476364710584,-0.09155375856775766,-0.03239506748582787,-0.013840553262483042,0.09248028997133159,-0.031068797312114385,-0.029881891379126318,-0.023202240875180517,-0.003045357434526696,0.00483111497129533,-0.08581902349663365,0.06989517688938209,-0.0027026723273873756,0.0028297873524325513,-0.0031216349625470203,-0.0977525436370686,0.017699683996872665,0.0435998083029568,0.0011175966484828878,-0.06867476364710584,0.11507182410553557,0.07897031539601278,0.034060963622396065,0.018378390584913525,-0.1027891605072043,0.038903228535076786,-0.04808356811534402,0.010053137921506113,-0.00623352433427928,0.008309766738759767,-0.13742452934838245,0.13509451476991574,0.008175133255896834,0.04309099602881811,-0.021699337113985417,-0.09985028792675438,0.09603955910138473,0.033707221616683984,0.004466664320177479,-0.09155375856775766,0.07897031539601278,0.21136132133811658,0.07701013151514557,0.020566499563865352,-0.16705494854662692,0.04431915986947982,-0.015458288723358922,0.002289047987864331,0.0015183848697459484,0.009621140827392169,-0.05108753427689665,0.052823523169448036,0.00011008346839402818,0.012942734671742956,-0.004274406259984823,-0.03430518657909294,0.026376098069409368,0.013255643616101456,0.001643958377033533,-0.03239506748582787,0.034060963622396065,0.07701013151514557,0.05244854947168495,0.0186581021401025,-0.06563886611072867,0.025850604809181367,-0.008943278172279169,-0.002435194618270306,0.005830721815822077,0.012675105065109351,-0.008251370481509306,0.0138929344809566,0.001866186518697919,-0.002126957897177005,0.0023168903013455274,-0.019804863832254136,-0.002710926021443745,0.001938673905824141,0.0036288470370784585,-0.013840553262483042,0.018378390584913525,0.020566499563865352,0.0186581021401025,0.03829992104140895,-0.0235344406117322,0.000873209903912175,0.04789391035338603,0.010520286387322225,0.0030567593408734636,-0.00998934083946931,0.1366617268511458,-0.1252391807753579,0.004425402415453628,-0.026545036150977218,0.0132634811765686,0.12006022273558165,-0.07400368490080608,-0.05179146323578582,-0.008281840986836412,0.09248028997133159,-0.1027891605072043,-0.16705494854662692,-0.06563886611072867,-0.0235344406117322,0.1810792259972307,-0.05188375358236677,-0.0034147581774412123,-0.01534252350639179,0.002203599823438267,0.0018690918238497263,-0.05279924064510107,0.03841245236413843,-0.0016452032089007461,0.0042632059125996685,-0.007463771175318002,-0.04908125254579396,0.012480751638732333,0.019078314674923522,-0.006498132235888943,-0.031068797312114385,0.038903228535076786,0.04431915986947982,0.025850604809181367,0.000873209903912175,-0.05188375358236677,0.04653224767163242
0.029463258511922795,0.004982075306456452,-0.0007183461055381372,-0.00453379844062188,0.01197878557626918,-0.004587823031634828,0.008725954052955814,-0.0028900974512229604,0.003968362776699323,0.007974295243398323,-0.0028251749449445885,-0.004869715958941685,-0.001268030584672807,0.013438448030713937,-0.00288871771970537,-0.011168347004626213,-0.007154294867186502,0.0004484003015711495,0.01483177825555353,0.002085794513168639,0.004982075306456452,0.03725297351468815,0.004452891130138438,-0.003174453211778166,0.011278179538902719,-0.007010640144556834,-5.207055295803438e-5,0.006287527019986959,-0.008258746643087029,0.010965172189289416,-0.0049201036717478,-0.012652596197559573,-0.006674711752962937,0.018435971613337813,-0.03203576836918309,-0.005778424224082659,-0.002207448820535223,-0.013740418117484611,0.009105147947970724,-0.0035165062657811766,-0.0007183461055381372,0.004452891130138438,0.01793793417910497,0.0014829883331170773,-0.016940001009599383,0.008847102444267084,0.005376213892376378,0.009047007322899557,-0.0030907503985261047,-0.006953489073642434,0.005490612992659124,0.0015669245359201897,0.0034955113149654064,-0.01032608384143918,0.0016686478443823764,0.01619595290656069,-0.0005201851320867064,0.0014791095308313465,-0.0175409183814561,-0.0009940606864748535,-0.00453379844062188,-0.003174453211778166,0.0014829883331170773,0.028685684022168142,-0.0036712760886949843,0.0001158127036426529,-0.009485496182412546,-0.007300619257462013,0.012251191337612398,0.000557540948602069,0.006759219124549795,0.010974189152696719,-0.0004256150825779672,-0.0058037332482770605,0.01911887095663336,-0.009351265578674321,0.0011110634298268514,0.0039049552714418246,0.00010641784910873833,0.0002529049358874105,0.01197878557626918,0.011278179538902719,-0.016940001009599383,-0.0036712760886949843,0.13998336334250822,-0.05396327602595655,-0.03477568280966671,-0.02234016837228873,0.01162614163377341,0.07986056499187982,-0.04015873903991357,-0.04655751560806551,-0.002165403819305021,0.06232948642075972,-0.05703806560207623,-0.08275809850618263,-0.02383216980867782,-0.023213829843549243,0.1063128775330398,-0.02882500876239071,-0.004587823031634828,-0.007010640144556834,0.008847102444267084,0.0001158127036426529,-0.05396327602595655,0.048805238356990285,0.012895257418589198,0.015555692747928927,-0.006550560414431681,-0.04139765489001038,0.02859235546997823,0.02234461064292847,0.0036872854728686923,-0.031689502141614936,0.013290958532050437,0.052131215723171545,0.011629585339003753,0.013039430231286408,-0.05726112591332429,0.013337261004631446,0.008725954052955814,-5.207055295803438e-5,0.005376213892376378,-0.009485496182412546,-0.03477568280966671,0.012895257418589198,0.033507128688427465,0.011404302675058693,-0.01049010838980284,-0.019487158258833237,0.009821813617611936,0.010706425573939752,0.00011583939946732517,-0.005633133648160664,0.0032828570600242557,0.021667592122321652,0.006439419076278485,0.0047568887681362065,-0.022959344812683767,0.006930476457259126,-0.0028900974512229604,0.006287527019986959,0.009047007322899557,-0.007300619257462013,-0.02234016837228873,0.015555692747928927,0.011404302675058693,0.02797998284238207,-0.006245546211881864,-0.00940001161076625,0.006820840972119456,0.00247517121527835,0.002313398880493891,-0.009963491057406102,-0.007468080926157597,0.026218893946029276,0.0012350452612130815,-0.003549300142683385,-0.024559195336978083,0.004357606781254793,0.003968362776699323,-0.008258746643087029,-0.0030907503985261047,0.012251191337612398,0.01162614163377341,-0.006550560414431681,-0.01049010838980284,-0.006245546211881864,0.0271993671700441,0.005111204146024643,0.000450949576228397,0.003177224727661779,-0.0017343957961395247,0.0005649013484620357,0.02225955715262165,-0.02724144074587537,0.0018896281659370072,0.0072047775419890455,0.017574267165991087,-0.0011599058660720755,0.007974295243398323,0.010965172189289416,-0.006953489073642434,0.000557540948602069,0.07986056499187982,-0.04139765489001038,-0.019487158258833237,-0.00940001161076625,0.005111204146024643,0.07710735495746744,-0.028070355294139728,-0.03145885508175701,-0.008021627813252807,0.03836123952643038,-0.03818506067828088,-0.06323474988771124,-0.02012676488066078,-0.022382312520251448,0.07496180479708497,-0.019792788978522963,-0.0028251749449445885,-0.0049201036717478,0.005490612992659124,0.006759219124549795,-0.04015873903991357,0.02859235546997823,0.009821813617611936,0.006820840972119456,0.000450949576228397,-0.028070355294139728,0.03847001185085361,0.015591862222055245,0.0033489241939883745,-0.013442379162281411,0.00790189084372931,0.032024749277481404,0.007468442255199427,0.011505940037590602,-0.036380734567047976,0.013535933864402164,-0.004869715958941685,-0.012652596197559573,0.0015669245359201897,0.010974189152696719,-0.04655751560806551,0.02234461064292847,0.010706425573939752,0.00247517121527835,0.003177224727661779,-0.03145885508175701,0.015591862222055245,0.05195207191081688,-0.002175008295690088,-0.029356415463614716,0.044842041911525944,0.018760322477916876,0.012780817240442983,0.018511321243316545,-0.0369063185092553,0.009606775602320665,-0.001268030584672807,-0.006674711752962937,0.0034955113149654064,-0.0004256150825779672,-0.002165403819305021,0.0036872854728686923,0.00011583939946732517,0.002313398880493891,-0.0017343957961395247,-0.008021627813252807,0.0033489241939883745,-0.002175008295690088,0.022907337920058998,-0.007557083200223791,0.0022998017420949018,0.015768195098991036,-0.0014784599231519385,0.005687768545470904,-0.012351927006149758,-0.004619128461289548,0.013438448030713937,0.018435971613337813,-0.01032608384143918,-0.0058037332482770605,0.06232948642075972,-0.031689502141614936,-0.005633133648160664,-0.009963491057406102,0.0005649013484620357,0.03836123952643038,-0.013442379162281411,-0.029356415463614716,-0.007557083200223791,0.06346817363625341,-0.047456199114044556,-0.04276583763596156,-0.009075441858769726,-0.017800826993487208,0.06072946021385472,-0.008411667901648049,-0.00288871771970537,-0.03203576836918309,0.0016686478443823764,0.01911887095663336,-0.05703806560207623,0.013290958532050437,0.0032828570600242557,-0.007468080926157597,0.02225955715262165,-0.03818506067828088,0.00790189084372931,0.044842041911525944,0.0022998017420949018,-0.047456199114044556,0.11622129690781868,-0.004123625977544863,0.013303104836361447,0.02714679535755329,-0.036864972127547475,0.02693250124607787,-0.011168347004626213,-0.005778424224082659,0.01619595290656069,-0.009351265578674321,-0.08275809850618263,0.052131215723171545,0.021667592122321652,0.026218893946029276,-0.02724144074587537,-0.06323474988771124,0.032024749277481404,0.018760322477916876,0.015768195098991036,-0.04276583763596156,-0.004123625977544863,0.11055101726597374,0.016108827687689883,0.016951731137941836,-0.09485633105520919,0.0036760370041631096,-0.007154294867186502,-0.002207448820535223,-0.0005201851320867064,0.0011110634298268514,-0.02383216980867782,0.011629585339003753,0.006439419076278485,0.0012350452612130815,0.0018896281659370072,-0.02012676488066078,0.007468442255199427,0.012780817240442983,-0.0014784599231519385,-0.009075441858769726,0.013303104836361447,0.016108827687689883,0.022436709614393525,0.006560651111029558,-0.01980816924879624,0.00756153137186754,0.0004484003015711495,-0.013740418117484611,0.0014791095308313465,0.0039049552714418246,-0.023213829843549243,0.013039430231286408,0.0047568887681362065,-0.003549300142683385,0.0072047775419890455,-0.022382312520251448,0.011505940037590602,0.018511321243316545,0.005687768545470904,-0.017800826993487208,0.02714679535755329,0.016951731137941836,0.006560651111029558,0.03369537318418936,-0.024013772664826787,0.0016986912026089522,0.01483177825555353,0.009105147947970724,-0.0175409183814561,0.00010641784910873833,0.1063128775330398,-0.05726112591332429,-0.022959344812683767,-0.024559195336978083,0.017574267165991087,0.07496180479708497,-0.036380734567047976,-0.0369063185092553,-0.012351927006149758,0.06072946021385472,-0.036864972127547475,-0.09485633105520919,-0.01980816924879624,-0.024013772664826787,0.12259988959996485,-0.017792078174476707,0.002085794513168639,-0.0035165062657811766,-0.0009940606864748535,0.0002529049358874105,-0.02882500876239071,0.013337261004631446,0.006930476457259126,0.004357606781254793,-0.0011599058660720755,-0.019792788978522963,0.013535933864402164,0.009606775602320665,-0.004619128461289548,-0.008411667901648049,0.02693250124607787,0.0036760370041631096,0.00756153137186754,0.0016986912026089522,-0.017792078174476707,0.03077925718848173
0.07203381209131227,0.02366273056703193,0.01962383069370253,-0.03456808978994276,0.006649949979156573,-0.036723957182915816,0.05292251855831451,0.03606356570263623,-0.016158714764352183,0.06110481415869525,-0.03290750846218647,-0.009463261287597988,-0.03529715701096668,0.0673284998923305,-0.08130333054124914,-0.017309058539453304,-0.03188193148576964,-0.06712893601879183,0.05156052604684637,-0.058364737808509815,0.02366273056703193,0.04364937669285088,0.010979931125915108,-0.020122504313069636,-0.005274506937302349,-0.014098350826798035,0.015322589781917173,0.027294666213594884,-0.0004428663757897931,0.032585310893062665,-0.007183087685117431,0.007748263405550012,-0.020916110110403438,0.025105550427762025,-0.07071158168745145,-0.0009116904918539722,-0.005631431348769689,-0.036184545457762854,-0.013873410376144726,-0.050129464570944235,0.01962383069370253,0.010979931125915108,0.037794605002934314,-0.014652799311756278,-0.019154911283580257,0.015717367253743092,0.02169188505119658,0.015417163684188072,-0.022249434167638235,0.011299640555765034,0.01174545592257097,0.0011220862182412547,-0.010333328403128932,0.00809820552018217,-0.036814744519903644,0.03664357000540377,0.0032062215115820345,-0.021335240297614966,-0.004025879915602078,-0.011090762175522028,-0.03456808978994276,-0.020122504313069636,-0.014652799311756278,0.05399919000628807,0.010368372383926643,0.0033311343683699347,-0.05765308455782618,-0.019375193230898816,0.03729191875532663,-0.03854542712361885,0.0047974742081359845,0.008839891323681591,0.03368697773348203,-0.04004734152075139,0.06894541322208003,-0.0041382786122298645,0.0064506467957311025,0.043421233727022335,-0.030046097266164307,0.03641453958785013,0.006649949979156573,-0.005274506937302349,-0.019154911283580257,0.010368372383926643,0.11907568558870188,-0.07085601689934501,-0.028923197081980167,-0.02222044958104784,0.026345613862065284,0.05716256936725926,-0.044105545089988055,-0.042175446566870965,-0.01199070604155198,0.07032272761910155,-0.017024351166487504,-0.10108380999655109,-0.05979055790407527,0.009774424412472112,0.11513943947867344,-0.03202763994644986,-0.036723957182915816,-0.014098350826798035,0.015717367253743092,0.0033311343683699347,-0.07085601689934501,0.11814619075603308,-0.0004487306376756879,-0.010253132514947208,-0.03467553872786716,-0.06654029796076635,0.078495163396272,0.020810493818822516,0.02450684859663793,-0.07942925115648423,0.03479618391307378,0.10972562882574487,0.058605864147527706,0.03478129739524591,-0.09795176291425912,0.06847656560307734,0.05292251855831451,0.015322589781917173,0.02169188505119658,-0.05765308455782618,-0.028923197081980167,-0.0004487306376756879,0.1044909237663755,0.025726854841423896,-0.06240161433214063,0.04182750945147082,-0.006372927367406572,-0.014235413759791564,-0.04777443466519572,0.044340544297995395,-0.07372779063635798,0.01793743472441424,-0.0051000264763297306,-0.06255303707090346,0.0373820794426619,-0.04520907268682932,0.03606356570263623,0.027294666213594884,0.015417163684188072,-0.019375193230898816,-0.02222044958104784,-0.010253132514947208,0.025726854841423896,0.04764755947580476,-0.0025275936594905696,0.027125360307355698,-0.011386699220693028,0.010515559426756554,-0.012521314864223997,0.028089726109043908,-0.06533351510093019,0.013913106757683471,-0.01448759677806764,-0.043622672845102864,-0.009204206058225512,-0.0443300897324774,-0.016158714764352183,-0.0004428663757897931,-0.022249434167638235,0.03729191875532663,0.026345613862065284,-0.03467553872786716,-0.06240161433214063,-0.0025275936594905696,0.06501803226347617,-0.009578953195754792,-0.019729437788602436,0.012794333908021538,0.026997296011299823,-0.011554898668740111,0.036632336490316095,-0.0459038556709344,-0.007794820409387598,0.02015837465721522,-0.019287406980564477,-0.0028652387800303936,0.06110481415869525,0.032585310893062665,0.011299640555765034,-0.03854542712361885,0.05716256936725926,-0.06654029796076635,0.04182750945147082,0.027125360307355698,-0.009578953195754792,0.11309504225260811,-0.05438991727982006,-0.03511726823095701,-0.04649220427684328,0.10123419362758171,-0.11567874411977097,-0.07777587031872149,-0.057792400095080264,-0.07413784138485854,0.09569496239372692,-0.08739712800834154,-0.03290750846218647,-0.007183087685117431,0.01174545592257097,0.0047974742081359845,-0.044105545089988055,0.078495163396272,-0.006372927367406572,-0.011386699220693028,-0.019729437788602436,-0.05438991727982006,0.07417626960772924,0.019285954941232496,0.017894623638186134,-0.06491074091354603,0.02624817254411404,0.09007317537498508,0.045260293087780866,0.03871876629921216,-0.08191103968105554,0.04535679836857123,-0.009463261287597988,0.007748263405550012,0.0011220862182412547,0.008839891323681591,-0.042175446566870965,0.020810493818822516,-0.014235413759791564,0.010515559426756554,0.012794333908021538,-0.03511726823095701,0.019285954941232496,0.05125523299421503,0.012551277514544755,-0.039441120935752055,0.017961155635158675,0.038620836359807606,0.032560940584667665,0.0036253054238154854,-0.07928480303441422,0.008903533232952215,-0.03529715701096668,-0.020916110110403438,-0.010333328403128932,0.03368697773348203,-0.01199070604155198,0.02450684859663793,-0.04777443466519572,-0.012521314864223997,0.026997296011299823,-0.04649220427684328,0.017894623638186134,0.012551277514544755,0.045622839382975795,-0.04594213123748687,0.0621034643876867,0.014233069637343406,0.017299409778922352,0.040806242069010706,-0.040677517189892,0.0464764162886679,0.0673284998923305,0.025105550427762025,0.00809820552018217,-0.04004734152075139,0.07032272761910155,-0.07942925115648423,0.044340544297995395,0.028089726109043908,-0.011554898668740111,0.10123419362758171,-0.06491074091354603,-0.039441120935752055,-0.04594213123748687,0.13116319841811977,-0.11102432280883825,-0.0821354690558207,-0.07252423735881261,-0.07115110480797837,0.1335148992308981,-0.08695504260263899,-0.08130333054124914,-0.07071158168745145,-0.036814744519903644,0.06894541322208003,-0.017024351166487504,0.03479618391307378,-0.07372779063635798,-0.06533351510093019,0.036632336490316095,-0.11567874411977097,0.02624817254411404,0.017961155635158675,0.0621034643876867,-0.11102432280883825,0.21778041501559137,0.013279856165708943,0.04956645879879816,0.11131397912717077,-0.05025801170203345,0.12669983023656078,-0.017309058539453304,-0.0009116904918539722,0.03664357000540377,-0.0041382786122298645,-0.10108380999655109,0.10972562882574487,0.01793743472441424,0.013913106757683471,-0.0459038556709344,-0.07777587031872149,0.09007317537498508,0.038620836359807606,0.014233069637343406,-0.0821354690558207,0.013279856165708943,0.16897073473883956,0.06522866840145515,0.027735261425960625,-0.12282697502533081,0.04773201220408714,-0.03188193148576964,-0.005631431348769689,0.0032062215115820345,0.0064506467957311025,-0.05979055790407527,0.058605864147527706,-0.0051000264763297306,-0.01448759677806764,-0.007794820409387598,-0.057792400095080264,0.045260293087780866,0.032560940584667665,0.017299409778922352,-0.07252423735881261,0.04956645879879816,0.06522866840145515,0.06620889333995855,0.02179631559074667,-0.0943091687083828,0.04676686211966281,-0.06712893601879183,-0.036184545457762854,-0.021335240297614966,0.043421233727022335,0.009774424412472112,0.03478129739524591,-0.06255303707090346,-0.043622672845102864,0.02015837465721522,-0.07413784138485854,0.03871876629921216,0.0036253054238154854,0.040806242069010706,-0.07115110480797837,0.11131397912717077,0.027735261425960625,0.02179631559074667,0.11231086432988807,-0.028921716646837563,0.07571808337226149,0.05156052604684637,-0.013873410376144726,-0.004025879915602078,-0.030046097266164307,0.11513943947867344,-0.09795176291425912,0.0373820794426619,-0.009204206058225512,-0.019287406980564477,0.09569496239372692,-0.08191103968105554,-0.07928480303441422,-0.040677517189892,0.1335148992308981,-0.05025801170203345,-0.12282697502533081,-0.0943091687083828,-0.028921716646837563,0.23339541391563384,-0.04668263000788811,-0.058364737808509815,-0.050129464570944235,-0.011090762175522028,0.03641453958785013,-0.03202763994644986,0.06847656560307734,-0.04520907268682932,-0.0443300897324774,-0.0028652387800303936,-0.08739712800834154,0.04535679836857123,0.008903533232952215,0.0464764162886679,-0.08695504260263899,0.12669983023656078,0.04773201220408714,0.04676686211966281,0.07571808337226149,-0.04668263000788811,0.11958355709743403
