0.037774597311021126,0.009952520632138091,-0.009912830646047883,0.020686994999666468,0.012115759702290434,0.0059916997219434665,-0.005424050101654797,-0.022788877000581156,0.025052691227338428,-0.012677441036505185,0.019704843204547302,0.022065558367420402,-0.014810489423730363,-0.0353551377912092,-0.02372779013515499,0.021028396857082476,-0.017939326922301366,-0.010559787340685151,-0.009435507533333738,0.04340166634020723,0.009952520632138091,0.04018315726527093,-0.0001028560061937157,0.019638603667732048,0.02373806252181491,-0.0030532127160370613,-0.019542644480611243,-0.004357964551644835,-0.0004030825204960439,-0.0013612016381589179,-0.007013379803148416,0.007105539123107968,0.005868811711405181,-0.03492556426446301,-0.01384325964661045,-0.006563504146615296,-0.006053570998024057,-0.004202752777562419,0.001919863419738651,0.009092702481085006,-0.009912830646047883,-0.0001028560061937157,0.04329995037669139,-0.008781001557150316,0.011332223394234276,0.0031556580867020574,-0.001454554922483023,0.020583603902481658,-0.017504645282502878,0.013453247649064503,-0.017223407919524394,-0.009136030895134099,0.023217312941464546,0.025373501715050633,0.030206417833776828,-0.025228367025827977,0.01753483359266219,0.007553830454939496,0.011406807067192298,-0.030107675597221634,0.020686994999666468,0.019638603667732048,-0.008781001557150316,0.045727427967123216,0.028424284996954423,-0.003779870907241245,-0.014629418381998658,-0.014883020916882563,0.023331938106093925,-0.011893859267214205,0.006480442720279096,0.018557220266945014,-0.0046283132756656615,-0.05463312868790477,-0.027433313233055704,0.00022492286612159853,-0.013700793848695499,-0.013493798962770935,-0.004815531706794869,0.035582744489166845,0.012115759702290434,0.02373806252181491,0.011332223394234276,0.028424284996954423,0.06220996578368544,-0.013327436728354795,-0.03269220082945375,0.01441725685909915,0.00176428194254254,-0.004697250130973616,-0.004941995871652098,0.01941826066897181,0.027247984513500776,-0.043214839109175535,-0.0038042965080570426,-0.03626330947370319,-0.007146796367727686,-0.019712745405982952,-0.023555084828188303,0.019969569403312876,0.0059916997219434665,-0.0030532127160370613,0.0031556580867020574,-0.003779870907241245,-0.013327436728354795,0.022219812905480946,0.01156976751281686,-0.013980708933357965,0.013137245309267331,0.002331638593423172,-0.00028501732179713455,-0.003343905217317698,-0.01220868184202008,-0.0014683704151900643,-0.005911466689753784,0.01636297166695143,0.0019070739268181847,0.01182036880519607,0.014722725222289216,-0.0031626328348331612,-0.005424050101654797,-0.019542644480611243,-0.001454554922483023,-0.014629418381998658,-0.03269220082945375,0.01156976751281686,0.04966965702015706,-0.0027218362089732424,0.0050800865063987816,0.012707882659673686,0.0017937171064831513,-0.015305543413792418,-0.011158932885925014,0.04087991345498719,0.014592502682138533,0.01801642321076865,0.016061082063741204,0.019680191486159012,0.0266771746867625,-0.017566718441004388,-0.022788877000581156,-0.004357964551644835,0.020583603902481658,-0.014883020916882563,0.01441725685909915,-0.013980708933357965,-0.0027218362089732424,0.055744309766204744,-0.035851655380237754,0.015357023893743889,-0.018871623807421287,-0.012619412720321573,0.035631364331188686,0.035409720789662855,0.040796662878831005,-0.03985771592050382,0.01822339150462967,1.4803416113840623e-5,-0.008503705543136692,-0.03512671906864393,0.025052691227338428,-0.0004030825204960439,-0.017504645282502878,0.023331938106093925,0.00176428194254254,0.013137245309267331,0.0050800865063987816,-0.035851655380237754,0.06465085302811578,-0.01322121669611901,0.0273600441487078,0.02120554889721459,-0.02593515942385058,-0.04126932911395534,-0.03671273441521421,0.02859660749373848,-0.020757199151287955,-0.007454807961216416,-0.0091199142725524,0.04720247687101329,-0.012677441036505185,-0.0013612016381589179,0.013453247649064503,-0.011893859267214205,-0.004697250130973616,0.002331638593423172,0.012707882659673686,0.015357023893743889,-0.01322121669611901,0.034115456948249745,-0.013252368875691204,-0.017738473561654776,0.02024261054933603,0.03252501843131292,0.028653234681886734,-0.015537784707164517,0.01862668546143418,0.006281161312629393,0.012898292556485998,-0.027243425594260504,0.019704843204547302,-0.007013379803148416,-0.017223407919524394,0.006480442720279096,-0.004941995871652098,-0.00028501732179713455,0.0017937171064831513,-0.018871623807421287,0.0273600441487078,-0.013252368875691204,0.03947580730710887,0.019817713453409172,-0.021355725854158777,-0.022053324965363684,-0.024351367251210666,0.03409289242742068,-0.024314633090795797,-0.008904425176145796,-0.022022756490757765,0.04433594417661521,0.022065558367420402,0.007105539123107968,-0.009136030895134099,0.018557220266945014,0.01941826066897181,-0.003343905217317698,-0.015305543413792418,-0.012619412720321573,0.02120554889721459,-0.017738473561654776,0.019817713453409172,0.03651503061136854,-0.0033512675458870758,-0.03869235511397642,-0.0239828971805749,0.012938518942537666,-0.020633159571610445,-0.013150502861363916,-0.02196984450524537,0.03998998970992724,-0.014810489423730363,0.005868811711405181,0.023217312941464546,-0.0046283132756656615,0.027247984513500776,-0.01220868184202008,-0.011158932885925014,0.035631364331188686,-0.02593515942385058,0.02024261054933603,-0.021355725854158777,-0.0033512675458870758,0.0615393564978566,0.011747131708855585,0.03519852723259119,-0.05300968315410348,0.021938838420836437,-0.004580326948721467,-0.00527742361140946,-0.02276106130467434,-0.0353551377912092,-0.03492556426446301,0.025373501715050633,-0.05463312868790477,-0.043214839109175535,-0.0014683704151900643,0.04087991345498719,0.035409720789662855,-0.04126932911395534,0.03252501843131292,-0.022053324965363684,-0.03869235511397642,0.011747131708855585,0.1182412568849945,0.0631584376648427,-0.005833679299283818,0.03110224331076213,0.0312494627170765,0.02669176758153642,-0.07440375672994401,-0.02372779013515499,-0.01384325964661045,0.030206417833776828,-0.027433313233055704,-0.0038042965080570426,-0.005911466689753784,0.014592502682138533,0.040796662878831005,-0.03671273441521421,0.028653234681886734,-0.024351367251210666,-0.0239828971805749,0.03519852723259119,0.0631584376648427,0.0721803021731815,-0.032208987563550465,0.030370095069902642,0.010652503287257413,0.011469904548936071,-0.05471277758217741,0.021028396857082476,-0.006563504146615296,-0.025228367025827977,0.00022492286612159853,-0.03626330947370319,0.01636297166695143,0.01801642321076865,-0.03985771592050382,0.02859660749373848,-0.015537784707164517,0.03409289242742068,0.012938518942537666,-0.05300968315410348,-0.005833679299283818,-0.032208987563550465,0.09815557051989539,-0.03113376907416177,0.011415770525996391,0.007998042806731194,0.038327712512036885,-0.017939326922301366,-0.006053570998024057,0.01753483359266219,-0.013700793848695499,-0.007146796367727686,0.0019070739268181847,0.016061082063741204,0.01822339150462967,-0.020757199151287955,0.01862668546143418,-0.024314633090795797,-0.020633159571610445,0.021938838420836437,0.03110224331076213,0.030370095069902642,-0.03113376907416177,0.04590629755378205,0.010782096683110316,0.027042659499615547,-0.047427459054346005,-0.010559787340685151,-0.004202752777562419,0.007553830454939496,-0.013493798962770935,-0.019712745405982952,0.01182036880519607,0.019680191486159012,1.4803416113840623e-5,-0.007454807961216416,0.006281161312629393,-0.008904425176145796,-0.013150502861363916,-0.004580326948721467,0.0312494627170765,0.010652503287257413,0.011415770525996391,0.010782096683110316,0.034383683421578326,0.028245939077951095,-0.02268164678757488,-0.009435507533333738,0.001919863419738651,0.011406807067192298,-0.004815531706794869,-0.023555084828188303,0.014722725222289216,0.0266771746867625,-0.008503705543136692,-0.0091199142725524,0.012898292556485998,-0.022022756490757765,-0.02196984450524537,-0.00527742361140946,0.02669176758153642,0.011469904548936071,0.007998042806731194,0.027042659499615547,0.028245939077951095,0.0691984438694124,-0.040650668795195494,0.04340166634020723,0.009092702481085006,-0.030107675597221634,0.035582744489166845,0.019969569403312876,-0.0031626328348331612,-0.017566718441004388,-0.03512671906864393,0.04720247687101329,-0.027243425594260504,0.04433594417661521,0.03998998970992724,-0.02276106130467434,-0.07440375672994401,-0.05471277758217741,0.038327712512036885,-0.047427459054346005,-0.02268164678757488,-0.040650668795195494,0.10468952063803397
