0.03163888783859785,0.004015787317953122,0.01757115864530348,-0.008297300535075977,-0.017250185387020216,0.007324501585305698,0.0057342755404255225,-0.008853355102042552,0.0038847372757836564,0.015812159699005575,-0.00552855510431805,-0.014682238414858047,0.0015993471827637777,0.0025796137534844213,0.02163343091171148,0.023889168342875723,-0.0015177874362130223,-0.01961065926969896,-0.00369708788789437,-0.01147751296591055,0.004015787317953122,0.03768746313379626,0.03692478785039999,0.008801166944537779,-0.019090334315582574,0.015119546724887176,-0.007837131829186406,-0.02783387208449272,0.0071471801469471605,0.014999747985328275,0.0029817179157941905,-0.015834945323851365,-0.00038410285873083497,0.003377356605889426,0.008092998124042537,0.021840842511646585,-0.0011156212622358856,-0.008031460813725105,-0.0083059047321044,-0.030384976295063888,0.01757115864530348,0.03692478785039999,0.09461297047121339,0.007942589408416557,-0.040530420067893855,0.016698216945813523,-0.0105283451299975,-0.03232685535400805,0.015444161856221886,0.022663302745530065,0.001483307698563602,-0.035244834276294504,-0.001402414831500909,4.201960285780173e-5,0.02754370768306643,0.029932960426816313,0.013547415682386932,-0.02840554488809114,-0.018230922289701072,-0.043031277178458616,-0.008297300535075977,0.008801166944537779,0.007942589408416557,0.07007182058288194,0.004367248560954513,-0.003644562230357423,-0.0006480351809994355,-0.00880562867801839,-0.00978854546024462,0.005089488157306611,0.0005046832290364065,-0.0004339568669933419,0.0022171332262034263,-0.002161178095760408,-0.029771469084789337,-0.015635174809783475,-0.015030848632555341,-0.0006909160466923164,-0.004279197091027962,-0.005535043926308528,-0.017250185387020216,-0.019090334315582574,-0.040530420067893855,0.004367248560954513,0.04289155931583203,-0.010472002993750906,0.003090626019298849,0.017470187977369385,-0.0008090734367540192,-0.02197478598728172,0.0076261468839888095,0.014387739926266796,0.0016690013305189896,-0.012566032186211372,-0.03313715739025794,-0.030840959922171732,0.006560127474177872,0.024909882154372502,0.013037896178000859,0.020230134282962074,0.007324501585305698,0.015119546724887176,0.016698216945813523,-0.003644562230357423,-0.010472002993750906,0.04186990759010739,0.008364388126541536,-0.027267245859076628,0.0005378939647067591,0.0184546941474052,0.001969523522108092,-0.014134736644056912,-0.00024613708891191836,-0.005321840903587921,-0.0027936885307806763,0.02564128371681764,-0.00678728300043808,-0.00605895521591757,-0.0027947226124067593,-0.012802263751963458,0.0057342755404255225,-0.007837131829186406,-0.0105283451299975,-0.0006480351809994355,0.003090626019298849,0.008364388126541536,0.026657348439654897,0.0035749925483143496,-0.009326504114549522,0.013714143733281399,-0.009694509463135114,-0.0015356244747651393,-0.00100788861637097,-0.004368479588870724,-0.003526037582901466,0.004091107184390085,-0.006569993907353866,-0.002812766497730171,-0.003729422020281525,0.00596065482265273,-0.008853355102042552,-0.02783387208449272,-0.03232685535400805,-0.00880562867801839,0.017470187977369385,-0.027267245859076628,0.0035749925483143496,0.05598203322884973,0.004827618594243474,-0.016233201080899783,-0.009459756861778554,0.01803462656401232,0.005101111078919612,-0.0005875343149314453,-0.005858745151199547,-0.03518533784253493,0.006584756112022777,0.009789836753368301,0.00030194329344059137,0.01658411791732299,0.0038847372757836564,0.0071471801469471605,0.015444161856221886,-0.00978854546024462,-0.0008090734367540192,0.0005378939647067591,-0.009326504114549522,0.004827618594243474,0.028043933310055363,-0.0006934257010302262,0.00032699304184150935,-0.006565184130722582,0.005647118638050648,-0.006690028147786367,0.004062011564415852,-0.0019338523025839802,0.009052771085649607,0.0037863990371232257,-0.0034186016020439445,-0.02426275975052009,0.015812159699005575,0.014999747985328275,0.022663302745530065,0.005089488157306611,-0.02197478598728172,0.0184546941474052,0.013714143733281399,-0.016233201080899783,-0.0006934257010302262,0.04473485751534835,-0.01156626977307429,-0.01732960175478871,0.000873498340757594,0.0016448661835094833,0.01102515064751124,0.032687006980105904,-0.013541173161090811,-0.014250378106063494,-0.011588349595447616,-0.02049514178790572,-0.00552855510431805,0.0029817179157941905,0.001483307698563602,0.0005046832290364065,0.0076261468839888095,0.001969523522108092,-0.009694509463135114,-0.009459756861778554,0.00032699304184150935,-0.01156626977307429,0.01855588150942377,-0.002585869230848676,0.00031647178080933106,-0.006118472551780238,-0.009778690257012479,-0.00018583991754677904,0.005431511160189604,0.008958039600934215,0.0048116403411723185,0.00048197335191162063,-0.014682238414858047,-0.015834945323851365,-0.035244834276294504,-0.0004339568669933419,0.014387739926266796,-0.014134736644056912,-0.0015356244747651393,0.01803462656401232,-0.006565184130722582,-0.01732960175478871,-0.002585869230848676,0.03931838196179944,-0.002183714813021987,0.007737279049564875,-0.012293447602072764,-0.029867682928390968,-0.005827390270654408,0.01593830474304854,0.006992095518929963,0.02635456709264679,0.0015993471827637777,-0.00038410285873083497,-0.001402414831500909,0.0022171332262034263,0.0016690013305189896,-0.00024613708891191836,-0.00100788861637097,0.005101111078919612,0.005647118638050648,0.000873498340757594,0.00031647178080933106,-0.002183714813021987,0.012700766184820505,-0.0034139281237563707,-0.0050680059397101036,-0.002044209503827662,-0.0038958419905982845,0.000870071410996491,0.0023110542750989214,-0.003900309290921237,0.0025796137534844213,0.003377356605889426,4.201960285780173e-5,-0.002161178095760408,-0.012566032186211372,-0.005321840903587921,-0.004368479588870724,-0.0005875343149314453,-0.006690028147786367,0.0016448661835094833,-0.006118472551780238,0.007737279049564875,-0.0034139281237563707,0.022295931639086188,0.017152008118545475,0.003919985025265251,-0.006552594828461028,-0.00994024041243453,-0.00558089739672352,0.003592581660803395,0.02163343091171148,0.008092998124042537,0.02754370768306643,-0.029771469084789337,-0.03313715739025794,-0.0027936885307806763,-0.003526037582901466,-0.005858745151199547,0.004062011564415852,0.01102515064751124,-0.009778690257012479,-0.012293447602072764,-0.0050680059397101036,0.017152008118545475,0.06838601220423988,0.03595334874770911,0.009069723075231956,-0.028195974898743294,-0.004944984200218267,-0.01404704928937687,0.023889168342875723,0.021840842511646585,0.029932960426816313,-0.015635174809783475,-0.030840959922171732,0.02564128371681764,0.004091107184390085,-0.03518533784253493,-0.0019338523025839802,0.032687006980105904,-0.00018583991754677904,-0.029867682928390968,-0.002044209503827662,0.003919985025265251,0.03595334874770911,0.07099953788324168,-0.005511042248571399,-0.023644455608855572,-0.004712118160760059,-0.02745354868464024,-0.0015177874362130223,-0.0011156212622358856,0.013547415682386932,-0.015030848632555341,0.006560127474177872,-0.00678728300043808,-0.006569993907353866,0.006584756112022777,0.009052771085649607,-0.013541173161090811,0.005431511160189604,-0.005827390270654408,-0.0038958419905982845,-0.006552594828461028,0.009069723075231956,-0.005511042248571399,0.04149034674856147,0.005477193923393574,0.00048642006228198523,-0.008880447819312598,-0.01961065926969896,-0.008031460813725105,-0.02840554488809114,-0.0006909160466923164,0.024909882154372502,-0.00605895521591757,-0.002812766497730171,0.009789836753368301,0.0037863990371232257,-0.014250378106063494,0.008958039600934215,0.01593830474304854,0.000870071410996491,-0.00994024041243453,-0.028195974898743294,-0.023644455608855572,0.005477193923393574,0.04330370567429802,0.011869929035359427,0.011568404590864658,-0.00369708788789437,-0.0083059047321044,-0.018230922289701072,-0.004279197091027962,0.013037896178000859,-0.0027947226124067593,-0.003729422020281525,0.00030194329344059137,-0.0034186016020439445,-0.011588349595447616,0.0048116403411723185,0.006992095518929963,0.0023110542750989214,-0.00558089739672352,-0.004944984200218267,-0.004712118160760059,0.00048642006228198523,0.011869929035359427,0.01599481474783689,0.01209576188108834,-0.01147751296591055,-0.030384976295063888,-0.043031277178458616,-0.005535043926308528,0.020230134282962074,-0.012802263751963458,0.00596065482265273,0.01658411791732299,-0.02426275975052009,-0.02049514178790572,0.00048197335191162063,0.02635456709264679,-0.003900309290921237,0.003592581660803395,-0.01404704928937687,-0.02745354868464024,-0.008880447819312598,0.011568404590864658,0.01209576188108834,0.06496739828236654
0.015585013220789257,0.00567055672417912,-0.0015873640962438351,-0.004770918748750671,0.0018022915891040942,0.004397494009797332,0.011387266854895143,0.003739468939123713,0.001090583760864953,0.006091564392277949,0.005345480744800875,-0.008798276967454288,0.0008942395561980993,-0.009643453996893788,0.00396264292290672,0.00919338329474088,-0.003409314791069794,-0.00779889472269572,-0.00185779324986474,-0.005729056929989607,0.00567055672417912,0.04464230912448102,0.036090049783568875,-0.015467570989615594,-0.0059850522703908315,0.014071099206449295,0.027659704689981125,-0.01014040425248684,0.01082969397512731,0.010043888810784267,0.0065500768274884226,-0.010230925780234162,0.0035936082878218604,-0.00648931273308447,0.02868886717416446,-0.013733257386535937,-0.015624705890545876,-0.015061413543126324,-0.007859432993606287,-0.012019474296106366,-0.0015873640962438351,0.036090049783568875,0.1309631134837,-0.05207853215934044,-0.03077682998423864,0.04159420399366278,0.02497442775802682,-0.03090264427373001,0.02600903446790443,0.024425276666568296,0.024666977428687974,0.0026153656991487672,-0.007600943403495546,-0.010323214994505517,0.031450278397233355,-0.05344516696729103,-0.018946544904914653,-0.006140339562496053,-0.018478306162221632,0.005846601433348002,-0.004770918748750671,-0.015467570989615594,-0.05207853215934044,0.10104013935383988,0.036799444885190026,-0.03930782349324862,-0.015291086996286153,0.03735770439145895,-0.02463963642413914,0.0003405596317581225,-0.021822624188520677,-0.0043167182973923145,0.003507785413573389,0.013236393732013378,-0.024997814068522264,0.007567157210369796,0.02400284269294088,0.003025512987443973,0.012221439248957723,-0.017241314505490147,0.0018022915891040942,-0.0059850522703908315,-0.03077682998423864,0.036799444885190026,0.03003084687929564,-0.01764806708364014,-9.640478119082798e-5,0.022420025221656224,-0.00512954848519521,-0.0008822763526754095,-0.006393304060422482,-0.004205978795122623,0.001916028159359878,0.003522675247756592,-0.01124749582921087,0.003596927943347157,0.012286731411356855,-0.003010247722588122,0.002836084014376665,-0.010522318650155588,0.004397494009797332,0.014071099206449295,0.04159420399366278,-0.03930782349324862,-0.01764806708364014,0.04620976681814906,0.007939448882877844,-0.014329997036054962,0.005951725253410641,0.008443216732340754,0.015593838174279357,-0.0035436709880757125,-0.0024427881370588348,-0.009355169941896689,0.014081239763061113,-4.234762795881817e-5,-0.013378658394320671,-1.463518958420368e-5,-0.0029913054203686397,0.01145861633253143,0.011387266854895143,0.027659704689981125,0.02497442775802682,-0.015291086996286153,-9.640478119082798e-5,0.007939448882877844,0.05313117141050369,-0.0050647129324324375,0.014506108232802087,0.014828016815573304,0.00580593422582131,-0.013490643524655592,0.0011437278683999112,-0.022269835040318063,0.028975631672684816,0.0032022543266676503,-0.016997784730939845,-0.01865866967197989,-0.018763312758097044,-0.016519603098948264,0.003739468939123713,-0.01014040425248684,-0.03090264427373001,0.03735770439145895,0.022420025221656224,-0.014329997036054962,-0.0050647129324324375,0.039949758267437865,-0.006374178977338139,-0.0016768714277876542,-0.008008844754212246,-0.005614904692137422,0.002959481965722625,0.004974079875054575,-0.011590440943564276,-0.002683399325163132,0.013585249885579458,-0.0037828308756721746,0.0019818139346264377,-0.014588927172646548,0.001090583760864953,0.01082969397512731,0.02600903446790443,-0.02463963642413914,-0.00512954848519521,0.005951725253410641,0.014506108232802087,-0.006374178977338139,0.03922117500195561,0.00758111838630335,0.002693092152543304,-0.0019696806820817103,0.0006652961165281406,-0.008846801992496975,0.018772915994027684,-0.013011075284906363,-0.0055607875713808074,-0.01622956639877471,-0.022448977438582873,-0.026400140260290618,0.006091564392277949,0.010043888810784267,0.024425276666568296,0.0003405596317581225,-0.0008822763526754095,0.008443216732340754,0.014828016815573304,-0.0016768714277876542,0.00758111838630335,0.03362110338105703,-0.0005153082432314758,-0.010214554432421964,-0.00038927290882126474,-0.008289037058828795,0.009832369476819564,-0.006906640281166668,-0.004471700344833065,-0.011060461212321331,-0.011559126528185923,-0.011859292129233628,0.005345480744800875,0.0065500768274884226,0.024666977428687974,-0.021822624188520677,-0.006393304060422482,0.015593838174279357,0.00580593422582131,-0.008008844754212246,0.002693092152543304,-0.0005153082432314758,0.024736118128104126,-0.00036085066170619127,-0.0009641982557055957,-0.010810705519261958,0.005128681246512159,-0.00566465953850771,-0.011685524605030851,0.003017824222178698,-0.0006743893880974274,0.007999264551864633,-0.008798276967454288,-0.010230925780234162,0.0026153656991487672,-0.0043167182973923145,-0.004205978795122623,-0.0035436709880757125,-0.013490643524655592,-0.005614904692137422,-0.0019696806820817103,-0.010214554432421964,-0.00036085066170619127,0.0236173248111279,-0.0018971852338744847,0.008778357942275078,-0.00991816316313027,-0.012443785465212765,0.0024255909620661256,0.011551163634350377,0.006094997647121377,0.013447085192734999,0.0008942395561980993,0.0035936082878218604,-0.007600943403495546,0.003507785413573389,0.001916028159359878,-0.0024427881370588348,0.0011437278683999112,0.002959481965722625,0.0006652961165281406,-0.00038927290882126474,-0.0009641982557055957,-0.0018971852338744847,0.00933647831768219,0.001482940677679593,-0.0005301264888971651,-0.0019352039130564242,0.0013474238577552734,-0.0011702529631217066,0.0020651092397957474,-0.00433367480444218,-0.009643453996893788,-0.00648931273308447,-0.010323214994505517,0.013236393732013378,0.003522675247756592,-0.009355169941896689,-0.022269835040318063,0.004974079875054575,-0.008846801992496975,-0.008289037058828795,-0.010810705519261958,0.008778357942275078,0.001482940677679593,0.027976733518505676,-0.011482804172125487,-0.014196464113797295,0.009019294042373345,0.006660371020479136,0.006499730627902191,0.003255112264329219,0.00396264292290672,0.02868886717416446,0.031450278397233355,-0.024997814068522264,-0.01124749582921087,0.014081239763061113,0.028975631672684816,-0.011590440943564276,0.018772915994027684,0.009832369476819564,0.005128681246512159,-0.00991816316313027,-0.0005301264888971651,-0.011482804172125487,0.04487063072353792,-0.0016733379848049232,-0.017046140134397255,-0.015414247293877525,-0.012423999066326496,-0.011890198695670996,0.00919338329474088,-0.013733257386535937,-0.05344516696729103,0.007567157210369796,0.003596927943347157,-4.234762795881817e-5,0.0032022543266676503,-0.002683399325163132,-0.013011075284906363,-0.006906640281166668,-0.00566465953850771,-0.012443785465212765,-0.0019352039130564242,-0.014196464113797295,-0.0016733379848049232,0.09445955437530443,-0.007024614481194828,-0.008506285839539794,0.0023821271665579627,-0.0033966617135887337,-0.003409314791069794,-0.015624705890545876,-0.018946544904914653,0.02400284269294088,0.012286731411356855,-0.013378658394320671,-0.016997784730939845,0.013585249885579458,-0.0055607875713808074,-0.004471700344833065,-0.011685524605030851,0.0024255909620661256,0.0013474238577552734,0.009019294042373345,-0.017046140134397255,-0.007024614481194828,0.03331739878739306,0.006507570568180122,0.002775708551179622,0.002104742797240886,-0.00779889472269572,-0.015061413543126324,-0.006140339562496053,0.003025512987443973,-0.003010247722588122,-1.463518958420368e-5,-0.01865866967197989,-0.0037828308756721746,-0.01622956639877471,-0.011060461212321331,0.003017824222178698,0.011551163634350377,-0.0011702529631217066,0.006660371020479136,-0.015414247293877525,-0.008506285839539794,0.006507570568180122,0.03294430665116521,0.01619654532157172,0.02870361393513941,-0.00185779324986474,-0.007859432993606287,-0.018478306162221632,0.012221439248957723,0.002836084014376665,-0.0029913054203686397,-0.018763312758097044,0.0019818139346264377,-0.022448977438582873,-0.011559126528185923,-0.0006743893880974274,0.006094997647121377,0.0020651092397957474,0.006499730627902191,-0.012423999066326496,0.0023821271665579627,0.002775708551179622,0.01619654532157172,0.02307031239249765,0.018823435745430734,-0.005729056929989607,-0.012019474296106366,0.005846601433348002,-0.017241314505490147,-0.010522318650155588,0.01145861633253143,-0.016519603098948264,-0.014588927172646548,-0.026400140260290618,-0.011859292129233628,0.007999264551864633,0.013447085192734999,-0.00433367480444218,0.003255112264329219,-0.011890198695670996,-0.0033966617135887337,0.002104742797240886,0.02870361393513941,0.018823435745430734,0.06558923343922941
0.023814186010346117,-0.0016237359341691694,0.005544015870949171,-0.014440857721285371,0.003073012994995818,0.005402982568387283,0.004345862792874439,-0.004124157689959997,0.005396667489108617,0.0024074744801994116,0.0027734213987635897,-0.008136470400338481,-0.004011344345828952,0.005128870078651286,0.003258809838276252,0.0008060460181389494,0.007460715911875507,-0.006546591166417986,-0.005107701221890388,0.004420587554408134,-0.0016237359341691694,0.030144603377847953,0.013003310064447278,-0.010109145431664633,-0.01068377652136359,0.013887266963595001,-0.002355660970076009,-0.01697270489949383,0.0019135122010476594,0.006048105038602142,-0.0017790081508357268,-0.0009361795791184155,-0.0005899986822607128,-0.00678345614716973,0.00440763681134842,0.016182756353532154,-0.010337047898166788,-0.008723759629652387,0.0009692621848258502,-0.007969274564483429,0.005544015870949171,0.013003310064447278,0.04698062584456141,-0.022520827977409327,-0.016357283845377536,0.01291564531951692,0.015056996163265843,-0.015521338810569288,0.0010099781244308462,0.0207823826422957,-0.005914606168927515,-0.009746790842357618,-0.0019708193107156064,-0.0002131311084745541,0.015336624521765495,0.010430959969337123,-0.006835094891869696,-0.012565673599733972,-0.008590433778859562,-0.012684519272106825,-0.014440857721285371,-0.010109145431664633,-0.022520827977409327,0.04324397681068865,0.013772490480686659,-0.012149877486503294,-0.010066753294745816,0.010838625934083952,-0.0016051615189762282,-0.012833625975962118,0.0011796993452286172,0.012583535247901807,0.0011115024369668103,-0.000615957298954341,-0.011836188442912234,-0.009575764055410236,-0.003677778786438674,0.01273596415199891,0.010237382932618666,-0.00015996810433652382,0.003073012994995818,-0.01068377652136359,-0.016357283845377536,0.013772490480686659,0.030203746810166687,-0.010459997764224578,-0.004257091902005607,0.007974173922473828,0.0012408368958379424,-0.010239884530257343,0.005005917588685285,0.006365866836510518,-0.0005170992333029614,0.012105937152153714,-0.005009196642343373,-0.013778797717206623,0.012139697117227427,0.0025144765394182617,0.005516613044272537,0.008981924116962383,0.005402982568387283,0.013887266963595001,0.01291564531951692,-0.012149877486503294,-0.010459997764224578,0.027321650318291524,0.0007966253841817223,-0.014448432202558401,0.005057694148187356,0.008863928353810648,0.0021312503582007,-0.0037260235588837762,-0.00317009588308333,-0.0053961577594307635,0.005065807453784873,0.015442117756723512,-0.0068605478337208595,-0.010814334819199217,-0.0036050664225612842,-0.0072897677796106095,0.004345862792874439,-0.002355660970076009,0.015056996163265843,-0.010066753294745816,-0.004257091902005607,0.0007966253841817223,0.029900795149515852,7.698538210784377e-5,-0.002393740972230343,0.009687887111055934,-0.006132989733372242,-0.010710578872021734,0.006367448833317324,0.0004060213489774174,0.00528973649086225,0.0007794871034058689,0.0046829654671690975,-0.008243279198203099,-0.015186385137430834,-0.0029294638670339674,-0.004124157689959997,-0.01697270489949383,-0.015521338810569288,0.010838625934083952,0.007974173922473828,-0.014448432202558401,7.698538210784377e-5,0.04376681837849946,-0.0011851392088314812,-0.004469137061471897,-0.0046011713785887335,0.0031874934988249124,0.003502276279596535,0.0009755078793184549,-0.004812066116795075,-0.013187617894278823,0.01001748061117623,0.007471050527012899,0.00022961521567866185,0.0015575567099509798,0.005396667489108617,0.0019135122010476594,0.0010099781244308462,-0.0016051615189762282,0.0012408368958379424,0.005057694148187356,-0.002393740972230343,-0.0011851392088314812,0.015882044709240206,-0.0008609826908133366,0.004678731641483286,-0.0011923008012374738,8.836291299540522e-5,-0.00014892231309852292,0.0030137498988862072,-0.0009675537403091698,-0.0033947514847697665,-2.4637155546308135e-5,-0.006049457481411185,-0.003302384073861968,0.0024074744801994116,0.006048105038602142,0.0207823826422957,-0.012833625975962118,-0.010239884530257343,0.008863928353810648,0.009687887111055934,-0.004469137061471897,-0.0008609826908133366,0.02871314424651407,-0.006442939755785145,-0.0033634526702992947,0.0006213196183261822,-0.00135824537819553,0.010738493324363965,0.008308495408788308,-0.0004909941380711151,-0.009719128263119154,-0.008339407491765961,-0.010160338800230206,0.0027734213987635897,-0.0017790081508357268,-0.005914606168927515,0.0011796993452286172,0.005005917588685285,0.0021312503582007,-0.006132989733372242,-0.0046011713785887335,0.004678731641483286,-0.006442939755785145,0.02107556454303726,0.0003869536313216497,0.0013279932516926088,0.0015862223885154292,-0.00046450022553400517,-0.002627958633348218,-0.0007232913818590553,0.006632403987067298,-0.001354244273001468,0.002648233707996305,-0.008136470400338481,-0.0009361795791184155,-0.009746790842357618,0.012583535247901807,0.006365866836510518,-0.0037260235588837762,-0.010710578872021734,0.0031874934988249124,-0.0011923008012374738,-0.0033634526702992947,0.0003869536313216497,0.032092743270793686,-0.007806000093867961,0.0037637233801535437,-0.005569269156085007,-0.009847361319830703,-0.0007109813273818509,0.008369568773448414,0.004985572825067448,0.00612140920546957,-0.004011344345828952,-0.0005899986822607128,-0.0019708193107156064,0.0011115024369668103,-0.0005170992333029614,-0.00317009588308333,0.006367448833317324,0.003502276279596535,8.836291299540522e-5,0.0006213196183261822,0.0013279932516926088,-0.007806000093867961,0.020489654596722015,-0.00011949418415730637,0.000612652424961497,0.0012642175903365429,-0.0014099483983507411,-0.003878052651677153,0.0002090247385630535,-0.0031373583494964646,0.005128870078651286,-0.00678345614716973,-0.0002131311084745541,-0.000615957298954341,0.012105937152153714,-0.0053961577594307635,0.0004060213489774174,0.0009755078793184549,-0.00014892231309852292,-0.00135824537819553,0.0015862223885154292,0.0037637233801535437,-0.00011949418415730637,0.027222784981611018,0.0077104223325724,-0.006472048109914263,0.009838546966102923,0.0011359379986525342,-0.003503016749990595,0.0034667715094083354,0.003258809838276252,0.00440763681134842,0.015336624521765495,-0.011836188442912234,-0.005009196642343373,0.005065807453784873,0.00528973649086225,-0.004812066116795075,0.0030137498988862072,0.010738493324363965,-0.00046450022553400517,-0.005569269156085007,0.000612652424961497,0.0077104223325724,0.023942332503632723,0.006650186891589438,-0.002046075300406393,-0.005588353345471604,-0.002627571184893014,-0.012921000691378822,0.0008060460181389494,0.016182756353532154,0.010430959969337123,-0.009575764055410236,-0.013778797717206623,0.015442117756723512,0.0007794871034058689,-0.013187617894278823,-0.0009675537403091698,0.008308495408788308,-0.002627958633348218,-0.009847361319830703,0.0012642175903365429,-0.006472048109914263,0.006650186891589438,0.034591372415228444,-0.011985352081831916,-0.0092973645888467,0.0028067184808224176,-0.018629586408922587,0.007460715911875507,-0.010337047898166788,-0.006835094891869696,-0.003677778786438674,0.012139697117227427,-0.0068605478337208595,0.0046829654671690975,0.01001748061117623,-0.0033947514847697665,-0.0004909941380711151,-0.0007232913818590553,-0.0007109813273818509,-0.0014099483983507411,0.009838546966102923,-0.002046075300406393,-0.011985352081831916,0.02843072145381187,-0.000978121317211278,-0.007216069885130846,0.011767528957195345,-0.006546591166417986,-0.008723759629652387,-0.012565673599733972,0.01273596415199891,0.0025144765394182617,-0.010814334819199217,-0.008243279198203099,0.007471050527012899,-2.4637155546308135e-5,-0.009719128263119154,0.006632403987067298,0.008369568773448414,-0.003878052651677153,0.0011359379986525342,-0.005588353345471604,-0.0092973645888467,-0.000978121317211278,0.029133496070569517,0.005446666118393776,0.01098152325659537,-0.005107701221890388,0.0009692621848258502,-0.008590433778859562,0.010237382932618666,0.005516613044272537,-0.0036050664225612842,-0.015186385137430834,0.00022961521567866185,-0.006049457481411185,-0.008339407491765961,-0.001354244273001468,0.004985572825067448,0.0002090247385630535,-0.003503016749990595,-0.002627571184893014,0.0028067184808224176,-0.007216069885130846,0.005446666118393776,0.02134436722096808,-0.0016466614481538428,0.004420587554408134,-0.007969274564483429,-0.012684519272106825,-0.00015996810433652382,0.008981924116962383,-0.0072897677796106095,-0.0029294638670339674,0.0015575567099509798,-0.003302384073861968,-0.010160338800230206,0.002648233707996305,0.00612140920546957,-0.0031373583494964646,0.0034667715094083354,-0.012921000691378822,-0.018629586408922587,0.011767528957195345,0.01098152325659537,-0.0016466614481538428,0.042542379744368725
