0.09746650193546803,-0.014780342290147533,0.049109687838694974,-0.012578345127619642,0.00012682637761344444,0.006684765846593291,0.010665814677794691,-0.023441507753513606,0.0032484691870666624,0.048521854762445374,0.04405126533378965,0.01176845037293893,0.004042004811177906,-0.002425253487184839,-0.07857414558544855,-0.004077177612794529,-0.0036201882098252534,0.0009825736853738656,-0.039260314820837486,-0.0680037650360197,-0.014780342290147533,0.03175127597766542,-0.019691497931438595,-0.022231916942387128,-0.008453452734499208,-0.0039448720008550065,0.0021903560724531625,-0.001136476063150841,0.0019569348586630144,-0.005818342967452128,-0.022868325851648955,-0.020784819867787754,0.010341612986800846,0.019025085143363707,0.03735845709688869,0.011926485859981432,-0.007514027759866945,-0.008432536740809973,0.009933073484498983,0.016300085122319626,0.049109687838694974,-0.019691497931438595,0.10551165507284335,0.018169374803069252,0.024762626336873237,0.01224032833454742,0.001724713155009913,-0.00037132363926117677,-0.02100523326854847,0.035864706258391665,0.04436270390489902,0.030145071968874358,-0.016768690523079048,-0.03868363997965357,-0.0859110165165699,-0.0396411752757779,0.004703900948686033,0.01941586476624576,-0.029244367571808094,-0.05007829059953237,-0.012578345127619642,-0.022231916942387128,0.018169374803069252,0.056838173584640925,0.01772781681033907,0.005344368656719159,-0.015347777460825883,0.014480371870256102,-0.0026768279035745014,-0.015707388814892465,0.011477690366456312,0.018371102385516508,-0.01149205980057099,-0.03174316283381756,-0.025358868434318393,-0.010108125768355,0.01907381751438496,0.012804234669935553,-0.016440502357663256,-7.145985962584117e-5,0.00012682637761344444,-0.008453452734499208,0.024762626336873237,0.01772781681033907,0.026559723713952182,0.009931864928455138,-0.00511456648389654,0.0003670354519567532,-0.0019577277618184046,0.0012970402066190692,0.002857993857925436,0.004000517652667439,-0.012217587614115705,-0.016958763340784916,-0.023733093672069244,-0.010260258591369763,0.014872494206257154,0.01095874832477827,-0.004774665410619226,-0.005892621205524515,0.006684765846593291,-0.0039448720008550065,0.01224032833454742,0.005344368656719159,0.009931864928455138,0.03402476540221452,0.006152521492715399,0.0014951346259919774,0.010196475296758323,0.006612272867931609,-0.007171613613464689,-0.01062366470293406,-0.01233671657748008,0.0008138602928247983,-0.014228295495566092,-0.01600067004513657,0.01563037103455992,0.009411495123228362,-0.002868781049578531,-0.017281777864382925,0.010665814677794691,0.0021903560724531625,0.001724713155009913,-0.015347777460825883,-0.00511456648389654,0.006152521492715399,0.03687381051282893,-0.010645163322013776,0.009847964804824205,0.020594020554356923,-0.00525866320358757,-0.014167830580917314,-0.0041082152917176675,0.008971836552767915,-0.009798947374527339,-0.014361540998841429,0.0017516856922556098,0.0013791046454793277,0.0009833835060152622,-0.016183308242513683,-0.023441507753513606,-0.001136476063150841,-0.00037132363926117677,0.014480371870256102,0.0003670354519567532,0.0014951346259919774,-0.010645163322013776,0.038858167402596434,-0.006183094464874651,-0.018819758036102894,0.004155766439648453,0.012518480050504346,-0.0008156242612785522,-0.010005950331608447,0.00998745140942129,-0.012454564117623822,-0.0022403600799672466,-0.0003018186289834175,0.0019826851087924252,0.00916749039916412,0.0032484691870666624,0.0019569348586630144,-0.02100523326854847,-0.0026768279035745014,-0.0019577277618184046,0.010196475296758323,0.009847964804824205,-0.006183094464874651,0.03135206675771603,0.0017175576461480727,-0.01804991468467248,-0.010643277883270942,-0.0016649795696941237,0.013705848342902647,0.003083653996406714,0.006932874593359128,0.004989375727969046,0.00012234716993031393,0.0038685282407657836,-0.006135326732009281,0.048521854762445374,-0.005818342967452128,0.035864706258391665,-0.015707388814892465,0.0012970402066190692,0.006612272867931609,0.020594020554356923,-0.018819758036102894,0.0017175576461480727,0.061981733937289445,0.022194636445874223,-0.00905992779271659,-0.006176137816680476,0.007910517373982372,-0.04977587987207552,-0.020184194210653896,0.0007341531857246827,0.00772347372894037,-0.016108331383990274,-0.0458608098087631,0.04405126533378965,-0.022868325851648955,0.04436270390489902,0.011477690366456312,0.002857993857925436,-0.007171613613464689,-0.00525866320358757,0.004155766439648453,-0.01804991468467248,0.022194636445874223,0.08421637364045495,0.03717165766296376,-0.002728143642557218,-0.035040078430916895,-0.06438418800958337,-0.010986058936790723,-0.008010557691621217,0.00848972173781408,-0.03149655676168163,-0.038650587822260996,0.01176845037293893,-0.020784819867787754,0.030145071968874358,0.018371102385516508,0.004000517652667439,-0.01062366470293406,-0.014167830580917314,0.012518480050504346,-0.010643277883270942,-0.00905992779271659,0.03717165766296376,0.06204661092358277,0.0073382294341508905,-0.029288180914257552,-0.036284554318403564,-0.004844331982359897,-0.0028018501361973657,0.002692582809099991,-0.028946124989410474,-0.00995879653312379,0.004042004811177906,0.010341612986800846,-0.016768690523079048,-0.01149205980057099,-0.012217587614115705,-0.01233671657748008,-0.0041082152917176675,-0.0008156242612785522,-0.0016649795696941237,-0.006176137816680476,-0.002728143642557218,0.0073382294341508905,0.03958281721114698,0.007177466612678247,0.013627605697811393,0.017096971937490223,-0.019616066827920903,-0.012063065100054591,-0.00223572006640996,0.009439219085896351,-0.002425253487184839,0.019025085143363707,-0.03868363997965357,-0.03174316283381756,-0.016958763340784916,0.0008138602928247983,0.008971836552767915,-0.010005950331608447,0.013705848342902647,0.007910517373982372,-0.035040078430916895,-0.029288180914257552,0.007177466612678247,0.05740846475836751,0.04302244417987216,0.012746405447976002,-0.006422840837199637,-0.012107276301024237,0.023851893030581814,0.013824811657802982,-0.07857414558544855,0.03735845709688869,-0.0859110165165699,-0.025358868434318393,-0.023733093672069244,-0.014228295495566092,-0.009798947374527339,0.00998745140942129,0.003083653996406714,-0.04977587987207552,-0.06438418800958337,-0.036284554318403564,0.013627605697811393,0.04302244417987216,0.14019047214109226,0.03435535119072492,-0.013112024681839468,-0.024505900723486608,0.05306605252511576,0.08014440334638506,-0.004077177612794529,0.011926485859981432,-0.0396411752757779,-0.010108125768355,-0.010260258591369763,-0.01600067004513657,-0.014361540998841429,-0.012454564117623822,0.006932874593359128,-0.020184194210653896,-0.010986058936790723,-0.004844331982359897,0.017096971937490223,0.012746405447976002,0.03435535119072492,0.0663665173557155,-0.0049584961122813055,-0.017919635107867756,0.00040747478428174513,0.028767482839468467,-0.0036201882098252534,-0.007514027759866945,0.004703900948686033,0.01907381751438496,0.014872494206257154,0.01563037103455992,0.0017516856922556098,-0.0022403600799672466,0.004989375727969046,0.0007341531857246827,-0.008010557691621217,-0.0028018501361973657,-0.019616066827920903,-0.006422840837199637,-0.013112024681839468,-0.0049584961122813055,0.037282263903188104,0.01027161155421877,-0.0011171035316392274,0.0004298229225434386,0.0009825736853738656,-0.008432536740809973,0.01941586476624576,0.012804234669935553,0.01095874832477827,0.009411495123228362,0.0013791046454793277,-0.0003018186289834175,0.00012234716993031393,0.00772347372894037,0.00848972173781408,0.002692582809099991,-0.012063065100054591,-0.012107276301024237,-0.024505900723486608,-0.017919635107867756,0.01027161155421877,0.02934365438391264,-0.006358185592306606,-0.012074818239184713,-0.039260314820837486,0.009933073484498983,-0.029244367571808094,-0.016440502357663256,-0.004774665410619226,-0.002868781049578531,0.0009833835060152622,0.0019826851087924252,0.0038685282407657836,-0.016108331383990274,-0.03149655676168163,-0.028946124989410474,-0.00223572006640996,0.023851893030581814,0.05306605252511576,0.00040747478428174513,-0.0011171035316392274,-0.006358185592306606,0.060510587952955,0.03364498449849796,-0.0680037650360197,0.016300085122319626,-0.05007829059953237,-7.145985962584117e-5,-0.005892621205524515,-0.017281777864382925,-0.016183308242513683,0.00916749039916412,-0.006135326732009281,-0.0458608098087631,-0.038650587822260996,-0.00995879653312379,0.009439219085896351,0.013824811657802982,0.08014440334638506,0.028767482839468467,0.0004298229225434386,-0.012074818239184713,0.03364498449849796,0.08089751510170992
