0.010773743220815792,0.0017532067255822893,0.004327350902937053,0.003386870572757575,0.002610736901055527,0.004119624572538588,-0.0010640407378725808,0.0031327754035416987,-0.0024949851515015816,-0.0024413239146637107,0.0009801761800002353,0.0013480161569833478,-0.0009075382208130969,-0.000375997680441268,0.0014577882228906998,-0.002211087239170877,0.00039531704174855303,-0.001674862233953238,-0.0037084652501274493,-0.002575933973976073,0.0017532067255822893,0.011679258217573034,0.0019132479048957593,-0.0027380693408475113,-0.00010838321107114844,-9.235029037458128e-5,-0.0008066791054667534,0.0022545403066969805,-0.0005427307102448417,0.003050489065513127,0.0006716890552571685,-0.004085555697821188,-0.004613036888802701,-0.002773783627070881,-0.001726519440095093,-0.0040405175915211615,-0.00017406675283186633,-0.00040317592886407477,0.004989538073502539,-0.0016095805648687705,0.004327350902937053,0.0019132479048957593,0.017204987019738115,0.0002429661440349236,-0.0017752675789821594,0.0008560425649069289,0.000589761872332272,0.0003657318667898996,-0.0006625929867312898,0.0016789046710327642,0.0016018822032065616,-0.0033237788255472264,0.0015257808696688122,-0.0028745274941767646,-0.00036809427017046094,-0.0015528487365047568,-0.0021925975718137475,-0.004951895757424611,0.003343785964580942,-0.0033183984639987433,0.003386870572757575,-0.0027380693408475113,0.0002429661440349236,0.012398206528178534,-0.0017547105025395872,0.0004566133006293376,-0.00020538634040597492,0.0005173025516428628,0.00012984152258143538,-0.0036610863227831796,-0.004231421554883022,-0.00011221277054077527,0.006986418309504281,-0.001130977923025154,-0.005348023286480656,0.00474809277647794,0.001665807593484368,0.00016340821748592882,-0.0019252848259243723,-0.004141771899933599,0.002610736901055527,-0.00010838321107114844,-0.0017752675789821594,-0.0017547105025395872,0.014054513779949832,2.298076661759124e-5,0.0027865711475716544,0.0006048043572057713,-0.00021798725688159894,-0.0004912334423008203,0.0010943585268624679,0.0013928760801464259,0.0002697444736452135,-0.0021634136959883133,0.0004696485072176111,-0.0023522180830686753,0.0012874960023708647,0.0003308788259245546,-0.006370727212093922,-0.0022572972571160586,0.004119624572538588,-9.235029037458128e-5,0.0008560425649069289,0.0004566133006293376,2.298076661759124e-5,0.009145324383005311,0.0013389311717265703,-0.001517949070147764,-0.0009108725524529797,-0.00036033072930072676,-0.0007823031885083312,8.850166818848729e-5,-0.0003749527084805098,-0.0021543965008994225,-0.0001370325173200669,-0.0014176149817475957,0.0009887216904498793,0.0007224418532809189,-0.0006795478128743145,-0.002731905742994273,-0.0010640407378725808,-0.0008066791054667534,0.000589761872332272,-0.00020538634040597492,0.0027865711475716544,0.0013389311717265703,0.01789668526548326,-0.0025682949000343765,-0.00013160511912340333,-0.0008684510796747114,-0.001160862556555866,0.003100475131297122,0.0033820919175927703,-0.003310460633347848,-0.002166378388223868,-0.00014083503327728416,0.0027212553486028676,-0.0017356930782078007,-0.005122990670937907,-0.000887192040987712,0.0031327754035416987,0.0022545403066969805,0.0003657318667898996,0.0005173025516428628,0.0006048043572057713,-0.001517949070147764,-0.0025682949000343765,0.03484653286114785,-0.0032104021355283314,-0.010456662559613968,0.004944033446370481,0.003066590271660774,-0.008419149905783376,0.002938976641587038,-0.006045311359953466,-0.00048605872026480086,-0.001729320446956039,-0.00776703562231985,-0.003281339744540894,0.003618529102535362,-0.0024949851515015816,-0.0005427307102448417,-0.0006625929867312898,0.00012984152258143538,-0.00021798725688159894,-0.0009108725524529797,-0.00013160511912340333,-0.0032104021355283314,0.01403567564201046,0.0007793310990016522,0.0003482702392015809,0.0021059620338446387,0.002988753656483881,-0.001615400299501476,-0.0007751907426628397,0.0018752071518138645,-0.0030749665165930723,-0.0009009673345353928,-0.0016714976343870757,0.0019526918650405235,-0.0024413239146637107,0.003050489065513127,0.0016789046710327642,-0.0036610863227831796,-0.0004912334423008203,-0.00036033072930072676,-0.0008684510796747114,-0.010456662559613968,0.0007793310990016522,0.02202301888195199,0.005187368001076975,-0.005009518541224668,-0.0025367258234813895,0.0008849114398362667,0.00047898789812918967,-0.0028172835819860248,-0.002010517356607796,0.000496299352856626,0.01019450593723192,-0.0015330867036247096,0.0009801761800002353,0.0006716890552571685,0.0016018822032065616,-0.004231421554883022,0.0010943585268624679,-0.0007823031885083312,-0.001160862556555866,0.004944033446370481,0.0003482702392015809,0.005187368001076975,0.01997813222225569,0.00380258493054859,-0.0012173740821594926,0.0048015611571871186,-0.0004610619613404888,-0.0022409525836674118,-0.004812289498330426,-0.003480519829761791,-0.003391443796690099,0.0033055372985280737,0.0013480161569833478,-0.004085555697821188,-0.0033237788255472264,-0.00011221277054077527,0.0013928760801464259,8.850166818848729e-5,0.003100475131297122,0.003066590271660774,0.0021059620338446387,-0.005009518541224668,0.00380258493054859,0.021922744011316782,0.0036427165591421517,-0.0021527154938675705,-0.000660204429916964,0.000690016874825002,-0.0016992419211091744,-0.0018928664342081599,-0.007225731825640222,0.0020326710562480798,-0.0009075382208130969,-0.004613036888802701,0.0015257808696688122,0.006986418309504281,0.0002697444736452135,-0.0003749527084805098,0.0033820919175927703,-0.008419149905783376,0.002988753656483881,-0.0025367258234813895,-0.0012173740821594926,0.0036427165591421517,0.028418143477993416,0.0002851424224329371,0.0007600429237229222,0.005450396086668922,0.0011710430312166678,0.0022334501678136056,-0.007908486720096721,-0.0024451931263668124,-0.000375997680441268,-0.002773783627070881,-0.0028745274941767646,-0.001130977923025154,-0.0021634136959883133,-0.0021543965008994225,-0.003310460633347848,0.002938976641587038,-0.001615400299501476,0.0008849114398362667,0.0048015611571871186,-0.0021527154938675705,0.0002851424224329371,0.017876569036856787,0.0012628400885283878,0.001797376543392586,-0.002666474478622057,0.0033390783030549038,-0.001295424002815189,0.0049394374908076025,0.0014577882228906998,-0.001726519440095093,-0.00036809427017046094,-0.005348023286480656,0.0004696485072176111,-0.0001370325173200669,-0.002166378388223868,-0.006045311359953466,-0.0007751907426628397,0.00047898789812918967,-0.0004610619613404888,-0.000660204429916964,0.0007600429237229222,0.0012628400885283878,0.017212289855805526,7.808991267029561e-5,0.000612235242646707,0.0063561069747943375,0.001071867602756421,0.000503662858640128,-0.002211087239170877,-0.0040405175915211615,-0.0015528487365047568,0.00474809277647794,-0.0023522180830686753,-0.0014176149817475957,-0.00014083503327728416,-0.00048605872026480086,0.0018752071518138645,-0.0028172835819860248,-0.0022409525836674118,0.000690016874825002,0.005450396086668922,0.001797376543392586,7.808991267029561e-5,0.01627273068113136,-0.0028743089512001446,0.0037745955993273564,-0.002986878658329737,0.0037747747815468093,0.00039531704174855303,-0.00017406675283186633,-0.0021925975718137475,0.001665807593484368,0.0012874960023708647,0.0009887216904498793,0.0027212553486028676,-0.001729320446956039,-0.0030749665165930723,-0.002010517356607796,-0.004812289498330426,-0.0016992419211091744,0.0011710430312166678,-0.002666474478622057,0.000612235242646707,-0.0028743089512001446,0.017345903459780532,-0.00015952510182411009,0.0006656126619694212,-0.005140577588706413,-0.001674862233953238,-0.00040317592886407477,-0.004951895757424611,0.00016340821748592882,0.0003308788259245546,0.0007224418532809189,-0.0017356930782078007,-0.00776703562231985,-0.0009009673345353928,0.000496299352856626,-0.003480519829761791,-0.0018928664342081599,0.0022334501678136056,0.0033390783030549038,0.0063561069747943375,0.0037745955993273564,-0.00015952510182411009,0.01874766989327816,-0.001543670654522883,0.0023461975383565034,-0.0037084652501274493,0.004989538073502539,0.003343785964580942,-0.0019252848259243723,-0.006370727212093922,-0.0006795478128743145,-0.005122990670937907,-0.003281339744540894,-0.0016714976343870757,0.01019450593723192,-0.003391443796690099,-0.007225731825640222,-0.007908486720096721,-0.001295424002815189,0.001071867602756421,-0.002986878658329737,0.0006656126619694212,-0.001543670654522883,0.02733272936216072,0.0015834615134955477,-0.002575933973976073,-0.0016095805648687705,-0.0033183984639987433,-0.004141771899933599,-0.0022572972571160586,-0.002731905742994273,-0.000887192040987712,0.003618529102535362,0.0019526918650405235,-0.0015330867036247096,0.0033055372985280737,0.0020326710562480798,-0.0024451931263668124,0.0049394374908076025,0.000503662858640128,0.0037747747815468093,-0.005140577588706413,0.0023461975383565034,0.0015834615134955477,0.017940737479594692
