0.05073102814190396,0.01386368982887793,-0.0001554022211603173,0.011463364539357082,0.011074458891650773,0.014853767237234798,0.0025714084932983126,0.0003783763468598641,-0.017532790697311736,-0.004195542506283085,0.004155042944637079,-0.02284877949930373,-0.007311415108091678,0.012303149222904467,0.009146672972002159,-0.016534430548191273,-0.019040661869605666,0.016402905035948493,-0.007349568950754648,-0.006763901795392036,0.01386368982887793,0.031376527684540835,0.004292674149656532,0.006596445571058116,0.015102031929370058,0.004639268015878934,0.0055501262707765,-0.005739922727938954,-0.0011332379721133265,0.012594108848560328,0.0046404721343402885,-0.00779067867097477,-0.0047589043100218185,0.014642545081721223,0.017392380105182632,-0.007937485664477353,-0.016312010271051808,0.016387549441774694,-0.010581848853372412,0.001497292743706825,-0.0001554022211603173,0.004292674149656532,0.05845150010284454,-0.01030020735703261,0.023619486184523013,0.013815715177831705,-0.015906658941647153,0.023497712409934132,0.010611354018172283,0.005467096200078967,0.004051017911975459,0.018521414944158564,0.0057619120030451545,0.006361750607629333,0.006980573568828629,-0.016889965232898395,-0.013379883133829845,-0.025991096427801355,-0.010971384754479499,0.02131757679545323,0.011463364539357082,0.006596445571058116,-0.01030020735703261,0.04961857132736613,0.015143443469758737,-0.0028016127571570855,0.010824179501516453,0.0014889049894030856,-0.005334632869535207,0.014834606399429203,0.0060201723735396374,-0.008447061921922686,0.00910771451695734,0.007280277757164642,0.013099899398951785,-0.0036667048457963473,0.011139264289111574,0.019192693207098446,-0.023355377332637393,-0.01673207074161552,0.011074458891650773,0.015102031929370058,0.023619486184523013,0.015143443469758737,0.0999147303406231,0.043131582477824185,-0.0235673343338589,0.020645009225642948,0.005147968332741299,0.0187308719392921,-0.014545843534584699,0.017061292389752993,0.01444355966551427,0.051554505323821095,0.013153138663118052,-0.011390052002979507,-0.005988061165071303,-0.015309919953503153,-0.059619246591474606,-0.0004924090683507368,0.014853767237234798,0.004639268015878934,0.013815715177831705,-0.0028016127571570855,0.043131582477824185,0.06700507500420358,-0.032999805611143476,0.023005661539726288,-0.010077903172839011,0.0043672542822365485,-0.011381875578963566,0.005668759660962756,-0.015439848232693886,0.02362390316314785,0.00553201033908835,-0.01494903018861584,-0.013289109043199023,-0.01305548336265525,-0.024270843316831603,0.015214127480948126,0.0025714084932983126,0.0055501262707765,-0.015906658941647153,0.010824179501516453,-0.0235673343338589,-0.032999805611143476,0.04402516169199598,-0.02391433995341173,0.00878938879669304,-0.0050844478944073014,0.0013247983522966748,-0.016656931208222158,-0.002510032296869528,-0.004431799923610527,0.008009540238174736,0.009221541851448613,-0.00615324778234533,0.018688523975633475,0.0178794503804117,-0.012601183285799109,0.0003783763468598641,-0.005739922727938954,0.023497712409934132,0.0014889049894030856,0.020645009225642948,0.023005661539726288,-0.02391433995341173,0.03838094703936672,0.007267588161086581,-0.0008648631943878552,0.00048122584135074347,0.019559715711941008,0.007227564206411213,0.00694304058545196,-0.0031351358764968138,-0.013920988660122282,-0.0006740475169150725,-0.025068860020709065,-0.015576367946592435,0.008370159328201876,-0.017532790697311736,-0.0011332379721133265,0.010611354018172283,-0.005334632869535207,0.005147968332741299,-0.010077903172839011,0.00878938879669304,0.007267588161086581,0.0364568046269499,0.0024900170426273944,0.012063214720690846,0.020764067453922338,0.00826521838149051,0.014071000169953813,0.009587958960955375,-0.002256977100302259,0.014844887636693005,-0.0047008079462281865,-0.015701409439405064,-0.0011610118241293119,-0.004195542506283085,0.012594108848560328,0.005467096200078967,0.014834606399429203,0.0187308719392921,0.0043672542822365485,-0.0050844478944073014,-0.0008648631943878552,0.0024900170426273944,0.06632836367279016,0.010914427171828155,-0.0006996081874239869,0.019731792612651983,-0.0030417592114966585,0.009670323149132517,0.003114682300193922,0.029261536743351524,0.01513689139428662,-0.03979590886990401,-0.003421278973326505,0.004155042944637079,0.0046404721343402885,0.004051017911975459,0.0060201723735396374,-0.014545843534584699,-0.011381875578963566,0.0013247983522966748,0.00048122584135074347,0.012063214720690846,0.010914427171828155,0.04910541500974755,0.0092931489941971,0.015747282174213322,-0.007490146478991726,0.012887265688057287,-0.011901929483381896,0.02475262681736492,0.009455840607019886,-0.024701096613716077,-0.007754220606032699,-0.02284877949930373,-0.00779067867097477,0.018521414944158564,-0.008447061921922686,0.017061292389752993,0.005668759660962756,-0.016656931208222158,0.019559715711941008,0.020764067453922338,-0.0006996081874239869,0.0092931489941971,0.06140871565513368,0.02455962059981344,0.0019237393949739514,-0.0029841355911505423,-0.0008398570418492275,0.015065846349667164,-0.03463024844835326,-0.009266585951936955,0.0002539942044222369,-0.007311415108091678,-0.0047589043100218185,0.0057619120030451545,0.00910771451695734,0.01444355966551427,-0.015439848232693886,-0.002510032296869528,0.007227564206411213,0.00826521838149051,0.019731792612651983,0.015747282174213322,0.02455962059981344,0.07435402229595905,-0.011972005757748202,-0.006968328582003685,0.01818668046098285,0.042498111806190446,-0.014536126474302214,-0.018910623219386264,-0.019271033441380526,0.012303149222904467,0.014642545081721223,0.006361750607629333,0.007280277757164642,0.051554505323821095,0.02362390316314785,-0.004431799923610527,0.00694304058545196,0.014071000169953813,-0.0030417592114966585,-0.007490146478991726,0.0019237393949739514,-0.011972005757748202,0.05981359664457335,0.01801940259515165,-0.0207698683799016,-0.013569532602897418,5.5673150880957366e-5,-0.04350508747180867,-0.001698494367598394,0.009146672972002159,0.017392380105182632,0.006980573568828629,0.013099899398951785,0.013153138663118052,0.00553201033908835,0.008009540238174736,-0.0031351358764968138,0.009587958960955375,0.009670323149132517,0.012887265688057287,-0.0029841355911505423,-0.006968328582003685,0.01801940259515165,0.03637215076111792,-0.013122900641521246,-0.002813963129931118,0.009064529826393199,-0.02982275866081405,2.1356918035469465e-5,-0.016534430548191273,-0.007937485664477353,-0.016889965232898395,-0.0036667048457963473,-0.011390052002979507,-0.01494903018861584,0.009221541851448613,-0.013920988660122282,-0.002256977100302259,0.003114682300193922,-0.011901929483381896,-0.0008398570418492275,0.01818668046098285,-0.0207698683799016,-0.013122900641521246,0.043877477841216095,0.011098494106206079,-0.0015653911342008535,0.026971231934686056,-0.0005210567696429034,-0.019040661869605666,-0.016312010271051808,-0.013379883133829845,0.011139264289111574,-0.005988061165071303,-0.013289109043199023,-0.00615324778234533,-0.0006740475169150725,0.014844887636693005,0.029261536743351524,0.02475262681736492,0.015065846349667164,0.042498111806190446,-0.013569532602897418,-0.002813963129931118,0.011098494106206079,0.08911468712999127,-0.0003082311286669301,-0.0475292096072205,-0.021635948338790543,0.016402905035948493,0.016387549441774694,-0.025991096427801355,0.019192693207098446,-0.015309919953503153,-0.01305548336265525,0.018688523975633475,-0.025068860020709065,-0.0047008079462281865,0.01513689139428662,0.009455840607019886,-0.03463024844835326,-0.014536126474302214,5.5673150880957366e-5,0.009064529826393199,-0.0015653911342008535,-0.0003082311286669301,0.061876636368331926,0.000289552355351733,-0.008456352125921267,-0.007349568950754648,-0.010581848853372412,-0.010971384754479499,-0.023355377332637393,-0.059619246591474606,-0.024270843316831603,0.0178794503804117,-0.015576367946592435,-0.015701409439405064,-0.03979590886990401,-0.024701096613716077,-0.009266585951936955,-0.018910623219386264,-0.04350508747180867,-0.02982275866081405,0.026971231934686056,-0.0475292096072205,0.000289552355351733,0.12267246622408184,0.015849528491708252,-0.006763901795392036,0.001497292743706825,0.02131757679545323,-0.01673207074161552,-0.0004924090683507368,0.015214127480948126,-0.012601183285799109,0.008370159328201876,-0.0011610118241293119,-0.003421278973326505,-0.007754220606032699,0.0002539942044222369,-0.019271033441380526,-0.001698494367598394,2.1356918035469465e-5,-0.0005210567696429034,-0.021635948338790543,-0.008456352125921267,0.015849528491708252,0.040383607467770616
0.0556227728684526,-0.013126173964712572,0.02214033179022237,-0.0026088727909611377,0.011008452334690399,0.027696530901451938,-0.0038449637785679747,0.02152299314966915,-0.01249318564518286,0.0032042567130007686,0.012148354713457956,-0.00931566706137543,-0.009673362668448059,-0.0034597205049670355,-0.005720450063407432,-0.02012811815549064,-0.007884536083362734,-0.007954752159489997,0.012997809689754574,0.027643982136972535,-0.013126173964712572,0.08848748087317729,0.0233156860056453,-0.06503127749517748,-0.0029430904599209284,-0.026691868566608084,0.03703945735740935,-0.03425364695037947,0.03262496519609076,-0.0027444448340366826,0.004347467038028125,-0.010498056633950276,0.0021566396509256794,0.027967031211564873,0.030160834981820574,-0.007821168250807555,-0.06857208680389792,0.03879528306311249,0.02231855190010513,-0.005174552908008567,0.02214033179022237,0.0233156860056453,0.04807161845435739,-0.027876412502860763,0.005027959088490192,0.016857808442045083,0.019518158774431933,-0.0005930723834314446,0.021079464630589757,-0.0009072132408538087,0.009440567599783407,-0.003175426573102877,-0.009116349942306205,0.006887769831756083,0.021551500987962453,-0.01141218906958525,-0.03525656163055428,0.010863377872897543,0.028240547418413427,0.02125924961560182,-0.0026088727909611377,-0.06503127749517748,-0.027876412502860763,0.13535425454679822,0.02595355491752487,0.01653014865389804,-0.02668964388219855,0.03881793880220892,-0.03649350883144893,0.016177955189848683,-0.015911248609983296,-0.001816203748686769,-0.003934025540540331,-0.0007524526726280345,-0.043860623363335925,0.01616981301252693,0.05734466475146148,-0.007391565950773294,-0.0269648878785414,-0.01879577794842819,0.011008452334690399,-0.0029430904599209284,0.005027959088490192,0.02595355491752487,0.05051168583970117,0.016136739164288164,0.000569740935764518,0.014703624722614729,-0.003118148182305449,0.004266319267111327,-0.0009204824484306895,0.004995622760368969,-0.005068408658890952,0.01962572735910674,-0.0038975192652460407,-0.021239998891399405,-0.01890703558523364,0.01450864907770644,0.0035276069897596,-0.00543750705718026,0.027696530901451938,-0.026691868566608084,0.016857808442045083,0.01653014865389804,0.016136739164288164,0.10064814174136479,0.005338975549629902,0.024160707254678733,0.0032406331083340567,0.00584826164382257,0.006541832146661464,0.032814246226925275,-0.01010597767862054,-0.022770892731497495,0.023347655989568596,0.0013591309918871714,0.029183891249036302,-0.019144525387707768,-0.011675853867879508,0.029140699987790543,-0.0038449637785679747,0.03703945735740935,0.019518158774431933,-0.02668964388219855,0.000569740935764518,0.005338975549629902,0.048731640729539706,-0.017879379854059848,0.038716648566583474,-0.005497756293494523,0.01471123944021457,0.004569680866987114,0.00018726591436996065,0.006400793947391558,0.03597066860942476,-0.0036977585876919543,-0.029896426378172546,0.021896418079513702,0.01454999510331532,-0.0041444739409254566,0.02152299314966915,-0.03425364695037947,-0.0005930723834314446,0.03881793880220892,0.014703624722614729,0.024160707254678733,-0.017879379854059848,0.043354707405040105,-0.018437508895898763,0.009152579708920677,-0.004078536995120689,-0.00019492439506874564,-0.002886696676172082,-0.00017713267971245829,-0.025929455452148833,-0.011043921027653097,0.010033806727841084,-0.020750260034512052,0.0004329349986541662,0.010065916245694074,-0.01249318564518286,0.03262496519609076,0.021079464630589757,-0.03649350883144893,-0.003118148182305449,0.0032406331083340567,0.038716648566583474,-0.018437508895898763,0.05511593866361396,-0.003367893307493498,0.018674281371329315,0.015166701941066146,0.0018654313530683574,0.011590902971624172,0.04998116785609575,-0.0016541095797498431,-0.030354284767231322,0.02942900570017555,0.016434934111364867,-0.002449748782570943,0.0032042567130007686,-0.0027444448340366826,-0.0009072132408538087,0.016177955189848683,0.004266319267111327,0.00584826164382257,-0.005497756293494523,0.009152579708920677,-0.003367893307493498,0.023203517698512022,-0.003371513957941405,-0.0013957436482447756,0.001428620830765075,0.004564042868478703,-0.012513430531032696,0.010956308413716694,0.005821785368824943,0.0025919801665821992,-0.00494458100175034,0.001875426951444016,0.012148354713457956,0.004347467038028125,0.009440567599783407,-0.015911248609983296,-0.0009204824484306895,0.006541832146661464,0.01471123944021457,-0.004078536995120689,0.018674281371329315,-0.003371513957941405,0.039665964224961776,0.0008318502694184353,0.006373491149126531,0.004625539938712576,0.028017044720870084,-0.02615512901634713,-0.021270054660577582,0.008993556133585618,0.014921214978493417,-0.003019637598569893,-0.00931566706137543,-0.010498056633950276,-0.003175426573102877,-0.001816203748686769,0.004995622760368969,0.032814246226925275,0.004569680866987114,-0.00019492439506874564,0.015166701941066146,-0.0013957436482447756,0.0008318502694184353,0.05264299699450199,0.0105970948443933,-0.017121665009138233,0.027088397832562117,0.012499021495966189,0.029380209857700762,-0.01665779744913897,-0.01724547256415973,0.0008419524070244321,-0.009673362668448059,0.0021566396509256794,-0.009116349942306205,-0.003934025540540331,-0.005068408658890952,-0.01010597767862054,0.00018726591436996065,-0.002886696676172082,0.0018654313530683574,0.001428620830765075,0.006373491149126531,0.0105970948443933,0.041462909119746254,-0.004611200427919031,0.0007671004241638275,0.01698244509526834,0.019053284909689626,-0.010691704293411172,-0.011613109071269723,-0.01254374949434666,-0.0034597205049670355,0.027967031211564873,0.006887769831756083,-0.0007524526726280345,0.01962572735910674,-0.022770892731497495,0.006400793947391558,-0.00017713267971245829,0.011590902971624172,0.004564042868478703,0.004625539938712576,-0.017121665009138233,-0.004611200427919031,0.05984453826752218,0.002656842353799968,-0.03462435692635858,-0.07110818415729445,0.035364496967131946,0.02067020788717116,-0.021174534806391296,-0.005720450063407432,0.030160834981820574,0.021551500987962453,-0.043860623363335925,-0.0038975192652460407,0.023347655989568596,0.03597066860942476,-0.025929455452148833,0.04998116785609575,-0.012513430531032696,0.028017044720870084,0.027088397832562117,0.0007671004241638275,0.002656842353799968,0.07913963021403322,-0.015341029211330157,-0.031210372759916963,0.022126965741997066,0.013521622920136905,0.0014235473692313237,-0.02012811815549064,-0.007821168250807555,-0.01141218906958525,0.01616981301252693,-0.021239998891399405,0.0013591309918871714,-0.0036977585876919543,-0.011043921027653097,-0.0016541095797498431,0.010956308413716694,-0.02615512901634713,0.012499021495966189,0.01698244509526834,-0.03462435692635858,-0.015341029211330157,0.08536407973232821,0.07556923894465678,-0.02342481431577232,-0.033250984664152175,0.012072753443951584,-0.007884536083362734,-0.06857208680389792,-0.03525656163055428,0.05734466475146148,-0.01890703558523364,0.029183891249036302,-0.029896426378172546,0.010033806727841084,-0.030354284767231322,0.005821785368824943,-0.021270054660577582,0.029380209857700762,0.019053284909689626,-0.07110818415729445,-0.031210372759916963,0.07556923894465678,0.1535421656939347,-0.059712780121454714,-0.06007125399145001,0.01681013601711711,-0.007954752159489997,0.03879528306311249,0.010863377872897543,-0.007391565950773294,0.01450864907770644,-0.019144525387707768,0.021896418079513702,-0.020750260034512052,0.02942900570017555,0.0025919801665821992,0.008993556133585618,-0.01665779744913897,-0.010691704293411172,0.035364496967131946,0.022126965741997066,-0.02342481431577232,-0.059712780121454714,0.07515101157309025,0.01626213570770791,-0.01643365656268899,0.012997809689754574,0.02231855190010513,0.028240547418413427,-0.0269648878785414,0.0035276069897596,-0.011675853867879508,0.01454999510331532,0.0004329349986541662,0.016434934111364867,-0.00494458100175034,0.014921214978493417,-0.01724547256415973,-0.011613109071269723,0.02067020788717116,0.013521622920136905,-0.033250984664152175,-0.06007125399145001,0.01626213570770791,0.05314877782699348,0.0001285123733130852,0.027643982136972535,-0.005174552908008567,0.02125924961560182,-0.01879577794842819,-0.00543750705718026,0.029140699987790543,-0.0041444739409254566,0.010065916245694074,-0.002449748782570943,0.001875426951444016,-0.003019637598569893,0.0008419524070244321,-0.01254374949434666,-0.021174534806391296,0.0014235473692313237,0.012072753443951584,0.01681013601711711,-0.01643365656268899,0.0001285123733130852,0.054714017919125106
0.12243852149373735,0.004955935139203821,0.06998596455663543,-0.06372417136117972,-0.005656459127610099,0.003473997646383272,0.0001684862037643264,0.004710713987922267,0.0331016188153596,0.00570064687113886,0.05019656074856543,0.013217987765828521,-0.07246695237330278,0.028798796941209067,-0.0072846148127699035,-0.02055598757625587,-0.014438171402207248,0.0006344524869734523,0.03076572875994721,0.04715303341196807,0.004955935139203821,0.03877804206668544,-0.011063912769061216,-0.0003842210997636145,0.018718256079318145,-0.0019617331032238893,0.011220422886822783,-0.006249764637830139,0.004405525353062793,0.0025903240174449237,0.0012178920710298048,-0.025774416777835443,-0.008024130188730454,0.011358973031389474,0.0038435989610025286,-0.0061284872827290626,-0.015070971878332947,0.018446804416351083,-0.0052824293053486664,-0.008969138343447376,0.06998596455663543,-0.011063912769061216,0.10009730071438114,-0.047058131550144267,-0.017456804288390516,-0.004101668760944251,0.009463932389428664,0.014826280586301727,0.04335840211883645,-0.0005411861429068297,0.023792676119142098,0.03607773507618495,-0.051535240767957985,0.01567427909924543,0.0012598338360025156,-0.019995608413935127,0.004378558336192429,-0.01586704121100606,0.029691325440417027,0.05397945646265329,-0.06372417136117972,-0.0003842210997636145,-0.047058131550144267,0.06946709995497542,0.007268078139017961,0.0049144506394479745,-0.004879674986005016,-0.0005649398697857847,-0.028070022016227207,-0.0052305702610620924,-0.030610298219273357,-0.0017535974758599148,0.0451086446996654,-0.007274366478291019,0.0012948130455377128,0.017616099872821776,0.0012836764496734889,0.008257347206981444,-0.018740214307651215,-0.0460628668891672,-0.005656459127610099,0.018718256079318145,-0.017456804288390516,0.007268078139017961,0.03197255691906295,0.0024008179166944248,0.006992364193597767,-0.0056197020381517065,0.0007397726063345343,-0.0002732376540930217,-0.0040395318563599,-0.006617934693155347,0.0042035993669439446,0.009010550613968991,-0.007978459684410018,0.007463432668726571,-0.008442926200579168,0.009614999799092954,-0.011677381028913641,-0.019871798029980334,0.003473997646383272,-0.0019617331032238893,-0.004101668760944251,0.0049144506394479745,0.0024008179166944248,0.06030844018896681,-0.008805075102396333,-0.0077794335577250845,-0.015586832208977379,0.0003119019582928658,0.0038382884262115344,-0.009403435410486483,-0.009813603905943017,0.005377137444994871,-0.010509368927809942,-0.006679387681322341,0.010047018250651626,0.006893587817549595,-0.004394432350272969,0.012548594237529766,0.0001684862037643264,0.011220422886822783,0.009463932389428664,-0.004879674986005016,0.006992364193597767,-0.008805075102396333,0.033129841820015646,-0.0009409588683618143,0.01885687938224042,0.0009154680301699081,-0.004284801785525113,-0.005168172490772255,-0.0014763782966182998,0.0017979441055916362,0.00781372132705957,-0.001173627554508692,-0.00035656025087773624,0.0006223172988681039,0.0019219293605121845,0.01137488351653804,0.004710713987922267,-0.006249764637830139,0.014826280586301727,-0.0005649398697857847,-0.0056197020381517065,-0.0077794335577250845,-0.0009409588683618143,0.03068667481022705,0.01555058057595905,-0.0031795232276754645,-0.002152670417537342,0.015538398321876982,0.01861156183356645,-0.004308844971907853,0.0010127130850075057,0.00023330912398878117,0.013004735252663826,-0.018266022939463382,0.0005821398269645125,0.003260630066530385,0.0331016188153596,0.004405525353062793,0.04335840211883645,-0.028070022016227207,0.0007397726063345343,-0.015586832208977379,0.01885687938224042,0.01555058057595905,0.046840545272854126,-0.004437936779778955,0.01991252760324657,0.01662192710616755,-0.012027728206594878,0.010409219665571318,0.006497389963667358,-1.5073287755032038e-5,0.005240794586673376,-0.0045226983668973045,0.013282717806364934,0.02043417193275526,0.00570064687113886,0.0025903240174449237,-0.0005411861429068297,-0.0052305702610620924,-0.0002732376540930217,0.0003119019582928658,0.0009154680301699081,-0.0031795232276754645,-0.004437936779778955,0.02573163307474214,-0.008900651384692036,0.0019654771726048915,-0.014014727169651582,0.0048121757594652235,0.001986007266881226,-0.011671832808075412,-0.0021641014346789294,0.0034438639252762837,0.003032175318644576,0.009817074575736173,0.05019656074856543,0.0012178920710298048,0.023792676119142098,-0.030610298219273357,-0.0040395318563599,0.0038382884262115344,-0.004284801785525113,-0.002152670417537342,0.01991252760324657,-0.008900651384692036,0.0677502222268098,0.009171675215185332,-0.004883543390981898,-0.0010010052492866813,-0.00824171202304964,0.004356265539483022,-0.007405736087224158,0.009792529263303203,0.016685317239391526,-0.005359757026382471,0.013217987765828521,-0.025774416777835443,0.03607773507618495,-0.0017535974758599148,-0.006617934693155347,-0.009403435410486483,-0.005168172490772255,0.015538398321876982,0.01662192710616755,0.0019654771726048915,0.009171675215185332,0.08336620735766528,0.014158323833788511,0.004829874821063609,-0.014825923161279585,0.013880613967616653,0.007238985182132639,-0.020300694066931427,0.008475593827424258,-0.003948200583993349,-0.07246695237330278,-0.008024130188730454,-0.051535240767957985,0.0451086446996654,0.0042035993669439446,-0.009813603905943017,-0.0014763782966182998,0.01861156183356645,-0.012027728206594878,-0.014014727169651582,-0.004883543390981898,0.014158323833788511,0.13434282985971133,-0.03658022148054814,0.002246768053429833,0.05056690887800805,0.027409169826920866,-0.01053316987140439,-0.01864830524465908,-0.0746680150204932,0.028798796941209067,0.011358973031389474,0.01567427909924543,-0.007274366478291019,0.009010550613968991,0.005377137444994871,0.0017979441055916362,-0.004308844971907853,0.010409219665571318,0.0048121757594652235,-0.0010010052492866813,0.004829874821063609,-0.03658022148054814,0.04156701656579468,-0.01054818685010115,-0.013941869976221495,-0.018556245182993043,0.0018923921554921904,0.009936939640961057,0.013393819672048474,-0.0072846148127699035,0.0038435989610025286,0.0012598338360025156,0.0012948130455377128,-0.007978459684410018,-0.010509368927809942,0.00781372132705957,0.0010127130850075057,0.006497389963667358,0.001986007266881226,-0.00824171202304964,-0.014825923161279585,0.002246768053429833,-0.01054818685010115,0.03206271222900836,-0.006927983811241089,0.010301680026746838,0.004464095037255655,-0.006287501868526942,0.00697801853060317,-0.02055598757625587,-0.0061284872827290626,-0.019995608413935127,0.017616099872821776,0.007463432668726571,-0.006679387681322341,-0.001173627554508692,0.00023330912398878117,-1.5073287755032038e-5,-0.011671832808075412,0.004356265539483022,0.013880613967616653,0.05056690887800805,-0.013941869976221495,-0.006927983811241089,0.050914283298826996,0.00552677209824293,-0.0035425424601235435,-0.0031810415453083444,-0.03992661109859034,-0.014438171402207248,-0.015070971878332947,0.004378558336192429,0.0012836764496734889,-0.008442926200579168,0.010047018250651626,-0.00035656025087773624,0.013004735252663826,0.005240794586673376,-0.0021641014346789294,-0.007405736087224158,0.007238985182132639,0.027409169826920866,-0.018556245182993043,0.010301680026746838,0.00552677209824293,0.055597344104781274,-0.01879168237742343,-0.012227610396895405,0.027163836282356912,0.0006344524869734523,0.018446804416351083,-0.01586704121100606,0.008257347206981444,0.009614999799092954,0.006893587817549595,0.0006223172988681039,-0.018266022939463382,-0.0045226983668973045,0.0034438639252762837,0.009792529263303203,-0.020300694066931427,-0.01053316987140439,0.0018923921554921904,0.004464095037255655,-0.0035425424601235435,-0.01879168237742343,0.043181630062056726,-0.0029550151863138147,-0.017899398853571738,0.03076572875994721,-0.0052824293053486664,0.029691325440417027,-0.018740214307651215,-0.011677381028913641,-0.004394432350272969,0.0019219293605121845,0.0005821398269645125,0.013282717806364934,0.003032175318644576,0.016685317239391526,0.008475593827424258,-0.01864830524465908,0.009936939640961057,-0.006287501868526942,-0.0031810415453083444,-0.012227610396895405,-0.0029550151863138147,0.04096599417506663,0.01604854249700951,0.04715303341196807,-0.008969138343447376,0.05397945646265329,-0.0460628668891672,-0.019871798029980334,0.012548594237529766,0.01137488351653804,0.003260630066530385,0.02043417193275526,0.009817074575736173,-0.005359757026382471,-0.003948200583993349,-0.0746680150204932,0.013393819672048474,0.00697801853060317,-0.03992661109859034,0.027163836282356912,-0.017899398853571738,0.01604854249700951,0.12014516008778388
