0.030009655695365477,0.022445395907819216,0.02829584119023136,0.02098299885155754,0.01777107611726948,-0.004591389988217209,0.012358773170691704,0.012015272032207562,0.011783018848511951,0.030304457718592574,0.01104246363534131,0.0200680707792327,0.01643157350669804,0.015385771089856615,0.005979165678814102,0.015981512792681063,0.023837844976610355,-0.0012447256992034412,0.008075915578844538,0.0022155712257145685,0.022445395907819216,0.040591318539699904,0.03588412761358649,0.022894239017483036,0.024742001338958326,0.0002836682972773546,0.013530208834376946,0.01971872013108878,0.009219003938278594,0.03707740887135039,0.011372751107902791,0.023362840996368716,0.018466848482010037,0.01626691531479912,0.003180723195253098,0.021977614472158437,0.02477172771002053,-4.1053710851879884e-5,0.011936920505273825,0.004208742990945591,0.02829584119023136,0.03588412761358649,0.07525716001690586,0.043198135514235736,0.03192705136882764,-0.01801073270177804,0.029160241506082728,0.006693646469318302,-0.00010352947689363139,0.053344280743796255,0.01987141070290574,0.029717709430802805,0.03512751869196942,0.025743769074402484,0.013230988690283711,0.026959157202974794,0.05197306224490757,-0.009151372490434377,0.019766078542879408,-0.012464443054988013,0.02098299885155754,0.022894239017483036,0.043198135514235736,0.08277569369013918,0.023655208301834194,-0.01807712812416367,0.006458245142096626,0.0017762891174203117,0.03765875675881672,0.044159816892800144,0.024007856616509803,0.04067134505434916,0.029811706912036294,0.03148683344488047,0.013153616685204641,0.007452604768291479,0.03231556130617157,-0.006042522206032558,0.01837897399438239,0.006081957930810886,0.01777107611726948,0.024742001338958326,0.03192705136882764,0.023655208301834194,0.03237135504731802,-0.0029279374901190307,0.009512404776256065,0.014337215415076323,0.011791678505562484,0.03431546389384837,0.011800045412866618,0.021866438007069475,0.01855157709093005,0.0160251483056109,0.0007693807816009906,0.013340345689155582,0.023143571118488852,-0.0018927291996809455,0.00943186965809538,0.00015818578723016574,-0.004591389988217209,0.0002836682972773546,-0.01801073270177804,-0.01807712812416367,-0.0029279374901190307,0.0365737393671156,-0.021012551384316958,0.02093179098930589,0.01484076455429428,-0.006301324962290123,-0.007359215334346374,-0.0028743584289492633,-0.01301924549250522,-0.0008333441375299045,-0.012010355310371444,-0.008107265166591875,-0.03320831112834963,0.008575003069726275,-0.0071113990770429285,0.021899571120928392,0.012358773170691704,0.013530208834376946,0.029160241506082728,0.006458245142096626,0.009512404776256065,-0.021012551384316958,0.04110997396233368,-0.0028675681757115517,-0.014597115244137383,0.020259512820376913,0.014425278030532724,0.008999117560221346,0.022826985326274772,0.005675474799555167,0.005888456946711349,0.016597859796198183,0.03808227447464722,-0.005147831147040642,0.011533788530966167,-0.013763516222157952,0.012015272032207562,0.01971872013108878,0.006693646469318302,0.0017762891174203117,0.014337215415076323,0.02093179098930589,-0.0028675681757115517,0.04520659911892224,0.021279229308785248,0.015538450122332965,0.006555429580055787,0.010440667089450545,0.008639740354818452,0.008990675745392904,-0.004942235709322354,0.014512209249840726,-0.0033863544765664762,0.013000858104446077,0.006601524243871931,0.026219512256138913,0.011783018848511951,0.009219003938278594,-0.00010352947689363139,0.03765875675881672,0.011791678505562484,0.01484076455429428,-0.014597115244137383,0.021279229308785248,0.06541140620861396,0.0165956730382844,0.011788112880852488,0.02574094675192441,0.007329305915907283,0.023551347568119926,0.0004233882637311897,-0.0013465487610766695,-0.006331608226000641,0.013368447234882213,0.0061425582142653375,0.03229467408049418,0.030304457718592574,0.03707740887135039,0.053344280743796255,0.044159816892800144,0.03431546389384837,-0.006301324962290123,0.020259512820376913,0.015538450122332965,0.0165956730382844,0.061603896555110955,0.01984406781134948,0.03294134066544185,0.03362231341659694,0.026740386432547163,0.00848572961303914,0.023218786052876958,0.039091075902268846,-0.0017986158213381853,0.018325915848620547,-0.0006433432444623717,0.01104246363534131,0.011372751107902791,0.01987141070290574,0.024007856616509803,0.011800045412866618,-0.007359215334346374,0.014425278030532724,0.006555429580055787,0.011788112880852488,0.01984406781134948,0.031203610724048283,0.016144402063017267,0.024316595526988907,0.014876910972500879,0.009476505938937578,0.008362300187229972,0.023100302362573558,0.0030546499823459715,0.011820025597173075,0.00268093443088112,0.0200680707792327,0.023362840996368716,0.029717709430802805,0.04067134505434916,0.021866438007069475,-0.0028743584289492633,0.008999117560221346,0.010440667089450545,0.02574094675192441,0.03294134066544185,0.016144402063017267,0.041759353472862706,0.02183857955551348,0.022978063075997382,0.0049782986755413814,0.01073658039690549,0.02137823322625658,-0.0010798743201299054,0.012965953287557595,0.006669215652213129,0.01643157350669804,0.018466848482010037,0.03512751869196942,0.029811706912036294,0.01855157709093005,-0.01301924549250522,0.022826985326274772,0.008639740354818452,0.007329305915907283,0.03362231341659694,0.024316595526988907,0.02183857955551348,0.04678403209787716,0.016149822111503224,0.010611139069649292,0.013866564832168499,0.03424592202160374,0.001686981410384652,0.01582939994564818,-0.0023662522225897597,0.015385771089856615,0.01626691531479912,0.025743769074402484,0.03148683344488047,0.0160251483056109,-0.0008333441375299045,0.005675474799555167,0.008990675745392904,0.023551347568119926,0.026740386432547163,0.014876910972500879,0.022978063075997382,0.016149822111503224,0.031226755483430086,0.003778440599945582,0.00662350151690253,0.01769269941287693,-0.00020963038973078203,0.009215253874425674,0.008784269098261247,0.005979165678814102,0.003180723195253098,0.013230988690283711,0.013153616685204641,0.0007693807816009906,-0.012010355310371444,0.005888456946711349,-0.004942235709322354,0.0004233882637311897,0.00848572961303914,0.009476505938937578,0.0049782986755413814,0.010611139069649292,0.003778440599945582,0.018201839415427416,0.0027685808577064164,0.012254232988264965,-0.003073323794860886,0.006090522425080808,-0.004709807206121034,0.015981512792681063,0.021977614472158437,0.026959157202974794,0.007452604768291479,0.013340345689155582,-0.008107265166591875,0.016597859796198183,0.014512209249840726,-0.0013465487610766695,0.023218786052876958,0.008362300187229972,0.01073658039690549,0.013866564832168499,0.00662350151690253,0.0027685808577064164,0.03305206390225371,0.026077218172788054,-0.0014442172986764553,0.009671981715137432,-0.0020359757479937795,0.023837844976610355,0.02477172771002053,0.05197306224490757,0.03231556130617157,0.023143571118488852,-0.03320831112834963,0.03808227447464722,-0.0033863544765664762,-0.006331608226000641,0.039091075902268846,0.023100302362573558,0.02137823322625658,0.03424592202160374,0.01769269941287693,0.012254232988264965,0.026077218172788054,0.07020097087372137,-0.012482348008397072,0.018312222282541632,-0.020743402815602788,-0.0012447256992034412,-4.1053710851879884e-5,-0.009151372490434377,-0.006042522206032558,-0.0018927291996809455,0.008575003069726275,-0.005147831147040642,0.013000858104446077,0.013368447234882213,-0.0017986158213381853,0.0030546499823459715,-0.0010798743201299054,0.001686981410384652,-0.00020963038973078203,-0.003073323794860886,-0.0014442172986764553,-0.012482348008397072,0.018810212961564904,-0.0011073043916976209,0.015540381429808023,0.008075915578844538,0.011936920505273825,0.019766078542879408,0.01837897399438239,0.00943186965809538,-0.0071113990770429285,0.011533788530966167,0.006601524243871931,0.0061425582142653375,0.018325915848620547,0.011820025597173075,0.012965953287557595,0.01582939994564818,0.009215253874425674,0.006090522425080808,0.009671981715137432,0.018312222282541632,-0.0011073043916976209,0.01952236717572152,0.0009282896008190225,0.0022155712257145685,0.004208742990945591,-0.012464443054988013,0.006081957930810886,0.00015818578723016574,0.021899571120928392,-0.013763516222157952,0.026219512256138913,0.03229467408049418,-0.0006433432444623717,0.00268093443088112,0.006669215652213129,-0.0023662522225897597,0.008784269098261247,-0.004709807206121034,-0.0020359757479937795,-0.020743402815602788,0.015540381429808023,0.0009282896008190225,0.042590224321205475
