0.02579937691458874,0.0010409881882365293,0.007281428216074982,-0.006319215095322338,-0.003668129590406786,0.009232792379251554,-0.0015409336613373568,0.004414734354749876,-0.004320206292402899,-0.001873098180044943,0.006120823376572749,-0.006389590749025212,-0.003215136909229862,-0.0043647709386308966,0.0012103031527147213,-0.00587503478893551,-0.0012672890499081848,0.0016081404753651254,0.0027016960271089773,0.00684587518569835,0.0010409881882365293,0.022777758543906037,0.0010463191367097323,-0.0011285423811796895,0.004884742885000431,-0.0007599322448710954,0.00710967616323184,-0.006375063981511877,-0.0005687538859535032,0.0023185548787456782,-0.0015634259008978444,-0.008823235546944534,-0.004403155991655659,0.004300908767377624,0.0016635701618415229,-0.0008887274055985176,-0.0070410215930979654,0.011582385408733319,0.001037717884648271,0.0010908866273702906,0.007281428216074982,0.0010463191367097323,0.028839935272325732,-0.0067352668782522055,-0.005982058549599414,-0.000900410276429725,0.005978511120620222,0.004327893409955035,0.0069719165325152765,-0.002980954810714971,-0.0010663076024773066,-0.0011259946050979448,0.0008145168649115544,-0.001238923160172864,0.0028715663074441178,-0.002815326885495466,-0.003034972253306148,-0.003627215917780233,0.012872123709603913,0.011736508998823466,-0.006319215095322338,-0.0011285423811796895,-0.0067352668782522055,0.036747778478586075,0.006731463113534096,-0.001157516520177901,0.0026817008635154306,0.002350503447754897,-0.0027242885045291165,0.0012389629218950064,-0.0077333228056568944,0.0063328888700499505,-0.0008519747774586124,0.00489357782059051,0.00026547714894841124,0.0029166117592034123,0.0032680533757673312,0.009327497940662054,-0.005662923240226908,-0.012248446900991534,-0.003668129590406786,0.004884742885000431,-0.005982058549599414,0.006731463113534096,0.029528246515617244,0.009840308810916958,0.0008247935281223658,-0.002524218909981339,0.0014300286605277144,0.0006704498141889537,-0.007148649166826497,0.008311829652148179,0.0038257736570179255,0.009166988270998124,-0.006607965462130284,0.00496435547750868,0.0038481248449846834,0.007485127602701241,-0.011745670375970744,-0.005396448953688451,0.009232792379251554,-0.0007599322448710954,-0.000900410276429725,-0.001157516520177901,0.009840308810916958,0.03590900324446927,-0.011010691097507613,0.0020239051832887495,-0.00944899920731785,0.0018051319671388757,0.0010473903553326405,0.0025448332350993612,-0.0008369039130035193,-0.0016153342152908725,-0.005575763774259038,-0.0004746667210885013,0.0043281040290862015,0.0032522415950367216,-0.005390663887237955,0.005127050777827935,-0.0015409336613373568,0.00710967616323184,0.005978511120620222,0.0026817008635154306,0.0008247935281223658,-0.011010691097507613,0.02462784014662528,-0.007092136762190652,0.011514630069530803,-0.0023684212918361576,-0.0009173874316818612,-0.004527946053271324,-0.00217168786827513,0.0026090184805546016,0.005253377245856056,0.003912202059924664,-0.006023754406513943,0.00596695382377615,0.004954828878050536,-0.0006736930547305192,0.004414734354749876,-0.006375063981511877,0.004327893409955035,0.002350503447754897,-0.002524218909981339,0.0020239051832887495,-0.007092136762190652,0.019751205649395535,0.0016337610135659965,-0.0018894015457751672,-0.0022601064469544565,0.006274841041241306,0.007017575443227473,-0.001844758492365182,-0.0043891257827130626,-0.002119141059481372,0.0015539941567025753,-0.013381503743690123,0.0016442295816588223,0.001227719256022964,-0.004320206292402899,-0.0005687538859535032,0.0069719165325152765,-0.0027242885045291165,0.0014300286605277144,-0.00944899920731785,0.011514630069530803,0.0016337610135659965,0.022620195904227935,-0.004589313151754223,0.0044493830551722525,0.006946511137103496,0.0026655091810191883,0.008614642814478105,0.008787558370939471,0.0016378747875433457,0.0009066940445311158,0.0034349827164378097,0.007052392730053302,-0.0005925632481751097,-0.001873098180044943,0.0023185548787456782,-0.002980954810714971,0.0012389629218950064,0.0006704498141889537,0.0018051319671388757,-0.0023684212918361576,-0.0018894015457751672,-0.004589313151754223,0.019964135655412992,-0.00218370449703299,0.0010762580947654998,0.0017438772291563697,0.0005899970612777562,-0.004367149892478193,-0.0006381853544004907,0.0007302248249786733,0.002103663807026701,-0.0040009078413713334,-0.003137384014934361,0.006120823376572749,-0.0015634259008978444,-0.0010663076024773066,-0.0077333228056568944,-0.007148649166826497,0.0010473903553326405,-0.0009173874316818612,-0.0022601064469544565,0.0044493830551722525,-0.00218370449703299,0.023155626417296474,0.0016030710009223282,0.00345708103082032,-0.0038475043728327775,0.00790633303284028,-0.006170060031535483,0.002562862489981604,0.002080034296064512,0.003068734650049782,-0.0008775162137722268,-0.006389590749025212,-0.008823235546944534,-0.0011259946050979448,0.0063328888700499505,0.008311829652148179,0.0025448332350993612,-0.004527946053271324,0.006274841041241306,0.006946511137103496,0.0010762580947654998,0.0016030710009223282,0.03751141127858691,0.01509431882023619,0.0010139949198144094,-0.0010796287614014972,0.0037735707532824186,0.01327876479059429,-0.009756490091103954,-0.007051872437119468,-0.009796882830380538,-0.003215136909229862,-0.004403155991655659,0.0008145168649115544,-0.0008519747774586124,0.0038257736570179255,-0.0008369039130035193,-0.00217168786827513,0.007017575443227473,0.0026655091810191883,0.0017438772291563697,0.00345708103082032,0.01509431882023619,0.04032612300248402,-0.004513436845369795,-0.002447355634329083,0.012752154028803224,0.015572586912504542,-0.01289873632806399,-0.0035149410601889065,-0.0069309206350229285,-0.0043647709386308966,0.004300908767377624,-0.001238923160172864,0.00489357782059051,0.009166988270998124,-0.0016153342152908725,0.0026090184805546016,-0.001844758492365182,0.008614642814478105,0.0005899970612777562,-0.0038475043728327775,0.0010139949198144094,-0.004513436845369795,0.022914684577683787,-0.002454135658581661,-0.004619816913963648,-0.0038696422334877833,0.004887013119895251,-0.0013687371976684138,-0.003229601441181274,0.0012103031527147213,0.0016635701618415229,0.0028715663074441178,0.00026547714894841124,-0.006607965462130284,-0.005575763774259038,0.005253377245856056,-0.0043891257827130626,0.008787558370939471,-0.004367149892478193,0.00790633303284028,-0.0010796287614014972,-0.002447355634329083,-0.002454135658581661,0.025087326355118,-0.002792828674129782,-0.0009718571505740862,0.006789022497845299,0.0031077421079771747,0.003451709359444696,-0.00587503478893551,-0.0008887274055985176,-0.002815326885495466,0.0029166117592034123,0.00496435547750868,-0.0004746667210885013,0.003912202059924664,-0.002119141059481372,0.0016378747875433457,-0.0006381853544004907,-0.006170060031535483,0.0037735707532824186,0.012752154028803224,-0.004619816913963648,-0.002792828674129782,0.03156938615725176,0.007243820098414679,-0.006400536252458414,-0.0017079130504845433,-0.0016471018389379365,-0.0012672890499081848,-0.0070410215930979654,-0.003034972253306148,0.0032680533757673312,0.0038481248449846834,0.0043281040290862015,-0.006023754406513943,0.0015539941567025753,0.0009066940445311158,0.0007302248249786733,0.002562862489981604,0.01327876479059429,0.015572586912504542,-0.0038696422334877833,-0.0009718571505740862,0.007243820098414679,0.027639366007303844,-0.008121742426824351,-0.008466298676718548,-0.003244843098025746,0.0016081404753651254,0.011582385408733319,-0.003627215917780233,0.009327497940662054,0.007485127602701241,0.0032522415950367216,0.00596695382377615,-0.013381503743690123,0.0034349827164378097,0.002103663807026701,0.002080034296064512,-0.009756490091103954,-0.01289873632806399,0.004887013119895251,0.006789022497845299,-0.006400536252458414,-0.008121742426824351,0.04220015003611246,-0.002462343377339626,-0.0017937309052261088,0.0027016960271089773,0.001037717884648271,0.012872123709603913,-0.005662923240226908,-0.011745670375970744,-0.005390663887237955,0.004954828878050536,0.0016442295816588223,0.007052392730053302,-0.0040009078413713334,0.003068734650049782,-0.007051872437119468,-0.0035149410601889065,-0.0013687371976684138,0.0031077421079771747,-0.0017079130504845433,-0.008466298676718548,-0.002462343377339626,0.031162137094459866,0.008412192284037544,0.00684587518569835,0.0010908866273702906,0.011736508998823466,-0.012248446900991534,-0.005396448953688451,0.005127050777827935,-0.0006736930547305192,0.001227719256022964,-0.0005925632481751097,-0.003137384014934361,-0.0008775162137722268,-0.009796882830380538,-0.0069309206350229285,-0.003229601441181274,0.003451709359444696,-0.0016471018389379365,-0.003244843098025746,-0.0017937309052261088,0.008412192284037544,0.02884024859873892
