0.05624731424377084,0.03885904396375743,0.04345602796183112,0.02567226103342716,0.015419321167585773,-0.004797192224332206,0.021609580428841396,0.014462452982568316,0.019742974132381165,0.048782267487159456,0.028105010707820045,0.03874446189397654,0.03182824652981315,0.037267307316890444,0.016212721991569583,0.015633310045396042,0.03148517248624488,0.013384371252820926,0.016810375964572764,0.017058859157216506,0.03885904396375743,0.05069828299467763,0.0479417879782457,0.023669746271322047,0.021033188849660902,0.0023933587288922976,0.01952051972597145,0.016618204244591983,0.007601783014946998,0.044990326657292905,0.02155495313086714,0.03341220554278673,0.027079951392808138,0.0314264964626831,0.010945013541572284,0.015548381441716216,0.025234746843814854,0.008242815890376022,0.015535694089126337,0.016095526884795798,0.04345602796183112,0.0479417879782457,0.0901132410913106,0.04868302683887202,0.024222680685393624,-0.012680625069006794,0.034998462520283255,0.005612070162861709,-0.007671818508650884,0.07002140161983167,0.033868742145390006,0.04379548176311785,0.04212360891866847,0.04472185991354419,0.022436225628904388,0.01883301430409283,0.05412200550679347,-0.000359833210216691,0.03436379024732144,-0.0011189863414886117,0.02567226103342716,0.023669746271322047,0.04868302683887202,0.1239963414330072,0.023321410979365798,-0.02213721859210241,-0.007761729749800498,-0.003915737221180566,0.037559848821659,0.057438964969738784,0.032228125593479956,0.06682847901303827,0.0484298016893972,0.04425691933289695,0.010114758568279002,-0.005386058762035129,0.03136667389983981,-0.008654389995154964,0.03596828409014624,0.014612408095116165,0.015419321167585773,0.021033188849660902,0.024222680685393624,0.023321410979365798,0.034382551885903403,0.003173278152038209,-0.0017862501224975968,0.021560480418499263,0.01181043520069367,0.02950691581300507,0.012238665398311258,0.032259458380249476,0.01654692542276708,0.016454255634627456,-0.006723019770414644,0.005691900469969915,0.014200108229454831,0.0018518104417723337,0.010075419690913925,0.0043631741567885796,-0.004797192224332206,0.0023933587288922976,-0.012680625069006794,-0.02213721859210241,0.003173278152038209,0.06828442835638436,-0.034669960864043434,0.04387435007069128,0.015131218927687977,0.001101506322538551,-0.016069822460865628,-0.0039417069246939634,-0.019644094036105265,-0.00761070830437586,-0.025066991616528863,-0.014484638268660293,-0.045013376062223845,0.007703882501194746,-0.022355626290513592,0.035581945565523916,0.021609580428841396,0.01952051972597145,0.034998462520283255,-0.007761729749800498,-0.0017862501224975968,-0.034669960864043434,0.0666399205795251,-0.019290553076443145,-0.02405392860514451,0.01806475387377616,0.02993087783170851,0.008027055497279834,0.0276565861467726,0.018670612248599214,0.018528502430335957,0.015135653852244642,0.048503356085845425,0.0026682252286961807,0.0246330453550029,-0.01688200575435361,0.014462452982568316,0.016618204244591983,0.005612070162861709,-0.003915737221180566,0.021560480418499263,0.04387435007069128,-0.019290553076443145,0.06617334196789595,0.023070971154097716,0.016663596717182823,-0.0007041235321123016,0.01699308000978802,0.00348603938578088,0.0017685016310849868,-0.012092297964347217,0.004505137358013819,-0.014863061479888546,0.015182062508873346,-0.004875346922181391,0.03608856245758572,0.019742974132381165,0.007601783014946998,-0.007671818508650884,0.037559848821659,0.01181043520069367,0.015131218927687977,-0.02405392860514451,0.023070971154097716,0.07447607109555002,0.013764118495517608,0.01227084990124927,0.028201646361252095,0.006892280686645824,0.025924368434004166,-0.0012138522436041048,0.0020458543815258068,-0.010295756520939652,0.018746740536085514,-0.0010640828949255608,0.041490375191026385,0.048782267487159456,0.044990326657292905,0.07002140161983167,0.057438964969738784,0.02950691581300507,0.001101506322538551,0.01806475387377616,0.016663596717182823,0.013764118495517608,0.08641934955769644,0.03576542844805217,0.05679722020045892,0.042617529866239096,0.04727990428569968,0.01003889723448137,0.006822789922143645,0.0453473904364525,0.006520122282164747,0.02900418065971054,0.005635198383802214,0.028105010707820045,0.02155495313086714,0.033868742145390006,0.032228125593479956,0.012238665398311258,-0.016069822460865628,0.02993087783170851,-0.0007041235321123016,0.01227084990124927,0.03576542844805217,0.048782991523428486,0.035436577422236104,0.035581447571701244,0.03526234669836353,0.01195162443543792,0.005761052132379393,0.035670407852074926,0.010623734740312708,0.0293307776211379,0.004932566731816815,0.03874446189397654,0.03341220554278673,0.04379548176311785,0.06682847901303827,0.032259458380249476,-0.0039417069246939634,0.008027055497279834,0.01699308000978802,0.028201646361252095,0.05679722020045892,0.035436577422236104,0.07923966778236087,0.04647569010172556,0.044176654134417126,2.6058220493838445e-5,-0.004633579856163171,0.03046476139388133,0.005151596552169532,0.026881150746710013,0.01167460118430181,0.03182824652981315,0.027079951392808138,0.04212360891866847,0.0484298016893972,0.01654692542276708,-0.019644094036105265,0.0276565861467726,0.00348603938578088,0.006892280686645824,0.042617529866239096,0.035581447571701244,0.04647569010172556,0.05840642237437289,0.03336897628506601,0.012628156060453817,0.0001888505052443776,0.036413173720288336,0.006178768523554151,0.031823788576989226,0.00637496507070898,0.037267307316890444,0.0314264964626831,0.04472185991354419,0.04425691933289695,0.016454255634627456,-0.00761070830437586,0.018670612248599214,0.0017685016310849868,0.025924368434004166,0.04727990428569968,0.03526234669836353,0.044176654134417126,0.03336897628506601,0.05724302145358368,0.009783628127390382,0.0029016438275058323,0.02621353701689122,0.014286049861222172,0.025261082466398146,0.021028323616248006,0.016212721991569583,0.010945013541572284,0.022436225628904388,0.010114758568279002,-0.006723019770414644,-0.025066991616528863,0.018528502430335957,-0.012092297964347217,-0.0012138522436041048,0.01003889723448137,0.01195162443543792,2.6058220493838445e-5,0.012628156060453817,0.009783628127390382,0.033292458561809374,0.014817475181919412,0.022314281958004563,0.00023242671880821736,0.014443429855657271,-0.0033755114594473017,0.015633310045396042,0.015548381441716216,0.01883301430409283,-0.005386058762035129,0.005691900469969915,-0.014484638268660293,0.015135653852244642,0.004505137358013819,0.0020458543815258068,0.006822789922143645,0.005761052132379393,-0.004633579856163171,0.0001888505052443776,0.0029016438275058323,0.014817475181919412,0.03830603265515104,0.022682323412831485,0.0015067493163039931,0.005055709717835478,0.000341927498423614,0.03148517248624488,0.025234746843814854,0.05412200550679347,0.03136667389983981,0.014200108229454831,-0.045013376062223845,0.048503356085845425,-0.014863061479888546,-0.010295756520939652,0.0453473904364525,0.035670407852074926,0.03046476139388133,0.036413173720288336,0.02621353701689122,0.022314281958004563,0.022682323412831485,0.07463644568188202,-0.0035963562646453926,0.029325392133386925,-0.025087614550089808,0.013384371252820926,0.008242815890376022,-0.000359833210216691,-0.008654389995154964,0.0018518104417723337,0.007703882501194746,0.0026682252286961807,0.015182062508873346,0.018746740536085514,0.006520122282164747,0.010623734740312708,0.005151596552169532,0.006178768523554151,0.014286049861222172,0.00023242671880821736,0.0015067493163039931,-0.0035963562646453926,0.02325452484469994,0.0012417284667185554,0.022202553122276873,0.016810375964572764,0.015535694089126337,0.03436379024732144,0.03596828409014624,0.010075419690913925,-0.022355626290513592,0.0246330453550029,-0.004875346922181391,-0.0010640828949255608,0.02900418065971054,0.0293307776211379,0.026881150746710013,0.031823788576989226,0.025261082466398146,0.014443429855657271,0.005055709717835478,0.029325392133386925,0.0012417284667185554,0.03911301813207497,-0.00042705863332829163,0.017058859157216506,0.016095526884795798,-0.0011189863414886117,0.014612408095116165,0.0043631741567885796,0.035581945565523916,-0.01688200575435361,0.03608856245758572,0.041490375191026385,0.005635198383802214,0.004932566731816815,0.01167460118430181,0.00637496507070898,0.021028323616248006,-0.0033755114594473017,0.000341927498423614,-0.025087614550089808,0.022202553122276873,-0.00042705863332829163,0.07204572276664195
0.042419689524362654,0.041050503117173384,0.04999508500134331,0.03760387198366129,0.03607690638094155,-0.005549524861102712,0.01889507486303839,0.020290697031821358,0.020063952725940533,0.04923053587842595,0.014344453601298402,0.03422882416553783,0.03259046156532406,0.02259968090994434,0.009186269919517837,0.022419251632716596,0.034142779056849704,-0.0029519485379878646,0.015863571808506338,0.004767580994099778,0.041050503117173384,0.06818341934426529,0.06526849490776146,0.04757391145810194,0.04615832975210812,-0.0032646847594555942,0.024154633174693158,0.032430658742799115,0.022938639970082844,0.06636238535464145,0.017111128258687852,0.044128547681751916,0.04313331916189227,0.02923259464652339,0.009807028798973707,0.032772496064602016,0.045602453977112704,0.002439484828008865,0.02418776923721464,0.008080338175741247,0.04999508500134331,0.06526849490776146,0.12265652823325172,0.06720105122368414,0.06222477748002469,-0.0257667185939843,0.04978234289251701,0.012373358120428916,0.009215089653723627,0.08993396544084965,0.027223957856079416,0.0513851711483605,0.07144752026018265,0.034650600748442395,0.020371685111248494,0.03902531729502332,0.08247045874720127,-0.007676931316011857,0.03290228678737181,-0.013816510711194361,0.03760387198366129,0.04757391145810194,0.06720105122368414,0.09717586522212632,0.047076533298847104,-0.024314006437156737,0.025997956132670263,0.007348054022673812,0.04577343693335052,0.0710167435539483,0.027968103960570333,0.05997745058470477,0.049066043001925394,0.041968408703669795,0.017795307266668718,0.015107401080905546,0.05640906016596216,-0.008139919799355404,0.027989626618293476,0.006269650429060888,0.03607690638094155,0.04615832975210812,0.06222477748002469,0.047076533298847104,0.054224859013908784,-0.009873261866669175,0.023901946126543255,0.01744367835112429,0.021715312695897434,0.06286560224610444,0.021205293052658957,0.03796044096701393,0.04215880803302753,0.024044772236091742,0.012175675597331287,0.02023697583393364,0.041649950307961384,-0.0040422199603685,0.018353935016976686,0.0011205091792698806,-0.005549524861102712,-0.0032646847594555942,-0.0257667185939843,-0.024314006437156737,-0.009873261866669175,0.03913995144106103,-0.0275627163146756,0.019807955491921686,0.011056071675699348,-0.012754176435510845,-0.012380065514813299,-0.011060539888700191,-0.02361773562850586,-0.006046996450488455,-0.013660773640153931,-0.004657624649236983,-0.041208778178971395,0.004863824862514472,-0.008609268086989854,0.017901721326466755,0.01889507486303839,0.024154633174693158,0.04978234289251701,0.025997956132670263,0.023901946126543255,-0.0275627163146756,0.05149552129396543,-0.0035752338369565845,-0.00430088452973513,0.03921611165765038,0.022543291723960836,0.021398876962560487,0.037562807474640525,0.013961415122306888,0.013918293841400982,0.01627543429820529,0.05867878905060529,-0.005917858882464329,0.017108647541561703,-0.012339853691163485,0.020290697031821358,0.032430658742799115,0.012373358120428916,0.007348054022673812,0.01744367835112429,0.019807955491921686,-0.0035752338369565845,0.04990765353967353,0.019772167751340226,0.023571267223252097,0.004929332024804788,0.01252498512407378,0.006641987066216425,0.011753879919713914,-0.0033517669068869995,0.023826462376187983,-0.0031024612834494652,0.012403825453660484,0.009012759149030897,0.025339287176431587,0.020063952725940533,0.022938639970082844,0.009215089653723627,0.04577343693335052,0.021715312695897434,0.011056071675699348,-0.00430088452973513,0.019772167751340226,0.07042597565497585,0.028552959746956978,0.011304538489384492,0.03280736298288629,0.011360159501478267,0.02804869697916948,0.002216467597322533,0.0016603609887289445,0.005611045560698335,0.008356159350278308,0.010952743147144388,0.029859794079384286,0.04923053587842595,0.06636238535464145,0.08993396544084965,0.0710167435539483,0.06286560224610444,-0.012754176435510845,0.03921611165765038,0.023571267223252097,0.028552959746956978,0.09995715361997966,0.02900112274886019,0.056404602348522,0.06166253020094333,0.03888367381829655,0.018774971132279474,0.035741694993932344,0.06430989130974114,-0.0027012339880984376,0.031231450772447385,-7.013058674178354e-5,0.014344453601298402,0.017111128258687852,0.027223957856079416,0.027968103960570333,0.021205293052658957,-0.012380065514813299,0.022543291723960836,0.004929332024804788,0.011304538489384492,0.02900112274886019,0.03796250173692772,0.016104174478698705,0.028312928157006905,0.015941119578255888,0.014504567561369225,0.011567904688417131,0.03186962031824338,0.0002325153396012931,0.012919072087689934,-0.0014448116231094905,0.03422882416553783,0.044128547681751916,0.0513851711483605,0.05997745058470477,0.03796044096701393,-0.011060539888700191,0.021398876962560487,0.01252498512407378,0.03280736298288629,0.056404602348522,0.016104174478698705,0.058740145855360935,0.03654308470312709,0.029345650077724366,0.013741596980409006,0.01749551446127856,0.03998327636610076,-0.0018460455040159496,0.02092724403371078,0.008315424083365733,0.03259046156532406,0.04313331916189227,0.07144752026018265,0.049066043001925394,0.04215880803302753,-0.02361773562850586,0.037562807474640525,0.006641987066216425,0.011360159501478267,0.06166253020094333,0.028312928157006905,0.03654308470312709,0.06759859868209521,0.022075580463161437,0.018444842072210692,0.023027722288532188,0.06109499216539173,8.345810070401144e-5,0.021776225033217075,-0.010033936570693028,0.02259968090994434,0.02923259464652339,0.034650600748442395,0.041968408703669795,0.024044772236091742,-0.006046996450488455,0.013961415122306888,0.011753879919713914,0.02804869697916948,0.03888367381829655,0.015941119578255888,0.029345650077724366,0.022075580463161437,0.0408196708058484,0.005874746118006499,0.013567892989622849,0.03111830272988063,-0.0037577968949336904,0.01327881631960867,0.007434679137013497,0.009186269919517837,0.009807028798973707,0.020371685111248494,0.017795307266668718,0.012175675597331287,-0.013660773640153931,0.013918293841400982,-0.0033517669068869995,0.002216467597322533,0.018774971132279474,0.014504567561369225,0.013741596980409006,0.018444842072210692,0.005874746118006499,0.020821942601259854,0.004307873352181949,0.01957575003388002,-0.004727556481438869,0.006730503863828072,-0.0032347516272553103,0.022419251632716596,0.032772496064602016,0.03902531729502332,0.015107401080905546,0.02023697583393364,-0.004657624649236983,0.01627543429820529,0.023826462376187983,0.0016603609887289445,0.035741694993932344,0.011567904688417131,0.01749551446127856,0.023027722288532188,0.013567892989622849,0.004307873352181949,0.041136552126264575,0.026654220401301377,0.001941845368085802,0.012946329865941516,0.003055803482335929,0.034142779056849704,0.045602453977112704,0.08247045874720127,0.05640906016596216,0.041649950307961384,-0.041208778178971395,0.05867878905060529,-0.0031024612834494652,0.005611045560698335,0.06430989130974114,0.03186962031824338,0.03998327636610076,0.06109499216539173,0.03111830272988063,0.01957575003388002,0.026654220401301377,0.10358569075508395,-0.01424281952232637,0.029454591767859823,-0.020818912833162607,-0.0029519485379878646,0.002439484828008865,-0.007676931316011857,-0.008139919799355404,-0.0040422199603685,0.004863824862514472,-0.005917858882464329,0.012403825453660484,0.008356159350278308,-0.0027012339880984376,0.0002325153396012931,-0.0018460455040159496,8.345810070401144e-5,-0.0037577968949336904,-0.004727556481438869,0.001941845368085802,-0.01424281952232637,0.025893279522473462,-0.0001810077357214051,0.012163128586622727,0.015863571808506338,0.02418776923721464,0.03290228678737181,0.027989626618293476,0.018353935016976686,-0.008609268086989854,0.017108647541561703,0.009012759149030897,0.010952743147144388,0.031231450772447385,0.012919072087689934,0.02092724403371078,0.021776225033217075,0.01327881631960867,0.006730503863828072,0.012946329865941516,0.029454591767859823,-0.0001810077357214051,0.02469740185452481,-0.0007620298180870846,0.004767580994099778,0.008080338175741247,-0.013816510711194361,0.006269650429060888,0.0011205091792698806,0.017901721326466755,-0.012339853691163485,0.025339287176431587,0.029859794079384286,-7.013058674178354e-5,-0.0014448116231094905,0.008315424083365733,-0.010033936570693028,0.007434679137013497,-0.0032347516272553103,0.003055803482335929,-0.020818912833162607,0.012163128586622727,-0.0007620298180870846,0.042087646224294964
