0.02187776210472979,0.005038241122678394,0.005017946178753719,0.006366695168513105,0.004286768880383927,0.009367052914285724,-0.00035649718628172344,-0.0005701651189805362,0.0018962320997953017,-0.003543560213043839,-0.0020565313971898933,0.0035653950065550233,-0.004059297414634235,0.001751939647165112,0.002540680280137339,-0.002888772314110297,-0.00880913736637804,-0.0005754999307295281,-0.007208898728134047,2.1027826472843437e-6,0.005038241122678394,0.017643777980946795,0.0034321832106749585,-0.002720162009358048,-0.0010661590960155678,0.001897852299385445,0.0007567920621989384,0.001974656946600548,0.0006889872722444779,0.002404370354526419,0.0011081718696948485,-0.0022606705402724876,-0.0038937868585347223,-0.0026371440015031415,-0.004211206946302431,-0.00845816707288926,-0.0013655416040278263,-0.001877650228143375,0.006025885272688476,-0.004914870424245127,0.005017946178753719,0.0034321832106749585,0.03769267508477845,-0.0014445569598192031,-0.006399680396428256,0.005617590875160146,0.005298267097056662,-0.008903433995440295,0.003234840424878792,-0.001054179481176097,0.005315524042845531,0.004373439796745473,0.009785187044401084,-0.005908448276453961,-0.009264611046768081,-0.0018370573820804853,-0.011205398325880259,-0.011176588039132901,0.009221542551157626,-0.004331391994986569,0.006366695168513105,-0.002720162009358048,-0.0014445569598192031,0.01935303413832309,-0.0002169753225967779,0.00015722603507701936,0.001361156596422823,-0.004280969112070369,0.0029229388840142827,-0.0013016697639657302,0.0012081482883937555,0.0015103281972473521,0.010885569493253732,0.0006344390077567784,-0.007339774220088236,0.00382441323933096,-0.006075740416243797,0.004555653365934275,-0.005001476056056974,-0.007355390113818953,0.004286768880383927,-0.0010661590960155678,-0.006399680396428256,-0.0002169753225967779,0.029973765478452714,-0.0007959901004153406,0.006622574756808977,0.00121476128103653,-0.0008085741405109957,0.0024793560304541586,4.922960806487994e-5,-0.004991654972883605,-0.0025543917178968032,-0.002948714781729856,0.0020560865491084674,-0.0062174588412363205,0.0012566414752134768,0.0031303809516574697,-0.007373686860001975,-0.006865263037036591,0.009367052914285724,0.001897852299385445,0.005617590875160146,0.00015722603507701936,-0.0007959901004153406,0.01862539447288342,0.001510696956031034,0.0017405911124124289,0.000443649148441529,-0.0034181718528351257,-0.002163907097010833,-0.001085582435803133,-0.004256673068879728,-0.0032159894922950067,-0.0019739656168372578,0.0007441405917245614,0.0008990167364976188,-0.0002316359839513928,0.0008158347775964468,-0.001502441472585564,-0.00035649718628172344,0.0007567920621989384,0.005298267097056662,0.001361156596422823,0.006622574756808977,0.001510696956031034,0.029233698927650886,0.0018971683158796777,-0.0022551785545390653,0.0035409369265919683,0.005155425079047916,0.0009572040606385214,0.005530588707133353,-0.0024672260969266194,-0.008907030551406951,-0.006597539917778566,0.005884045342623743,-0.0048272579223205695,0.0006977558910543851,-0.0019509243084825589,-0.0005701651189805362,0.001974656946600548,-0.008903433995440295,-0.004280969112070369,0.00121476128103653,0.0017405911124124289,0.0018971683158796777,0.04069933201848761,-0.008945443099654872,-0.009829990204541316,0.0024746512166397717,-0.001983219989166843,-0.01154223409711805,0.0022745048041475442,0.0007494518858599108,0.0002163865332072822,0.010250569408125888,-0.0034062911617452635,0.00016071589336989138,0.004385425885147604,0.0018962320997953017,0.0006889872722444779,0.003234840424878792,0.0029229388840142827,-0.0008085741405109957,0.000443649148441529,-0.0022551785545390653,-0.008945443099654872,0.0281047031117313,0.005193466787342255,0.0008620871991193224,0.002943132293860386,0.0020535414176208666,0.0002480806306635735,-0.0019165420620564709,0.004783497400710032,-0.014171969723934403,0.001666891270040899,-0.005824813368976004,0.002370923225214492,-0.003543560213043839,0.002404370354526419,-0.001054179481176097,-0.0013016697639657302,0.0024793560304541586,-0.0034181718528351257,0.0035409369265919683,-0.009829990204541316,0.005193466787342255,0.027803061872250203,0.00021416340743016737,-0.007935018120473456,-0.0030853769997709344,0.00164702666997556,-0.0023903496214224816,-0.00497601517010742,-0.00010342334427203105,0.005398197516808589,0.006724974708623091,-0.004635188329915417,-0.0020565313971898933,0.0011081718696948485,0.005315524042845531,0.0012081482883937555,4.922960806487994e-5,-0.002163907097010833,0.005155425079047916,0.0024746512166397717,0.0008620871991193224,0.00021416340743016737,0.03371664114355501,0.006692026224431937,0.003472158656590266,0.0019426032502994628,-0.005625180305532423,-0.0036396591417527002,-0.0045556136663350445,-0.005430480316781949,-0.0016748322660138475,-0.004072253029905656,0.0035653950065550233,-0.0022606705402724876,0.004373439796745473,0.0015103281972473521,-0.004991654972883605,-0.001085582435803133,0.0009572040606385214,-0.001983219989166843,0.002943132293860386,-0.007935018120473456,0.006692026224431937,0.02544795164882529,0.008351934970568423,-0.003814643565836216,0.0011712989984081134,0.0001864590796956958,-0.004678636365809851,-0.005906737480472304,-0.002319132340703765,-0.00042427781307119916,-0.004059297414634235,-0.0038937868585347223,0.009785187044401084,0.010885569493253732,-0.0025543917178968032,-0.004256673068879728,0.005530588707133353,-0.01154223409711805,0.0020535414176208666,-0.0030853769997709344,0.003472158656590266,0.008351934970568423,0.04446799446816596,0.0007791936554013451,-0.004555825813967334,0.0014903408412874817,-0.0031433578707237594,0.0012707498110399972,-0.0015557521653192683,-0.00787813812792466,0.001751939647165112,-0.0026371440015031415,-0.005908448276453961,0.0006344390077567784,-0.002948714781729856,-0.0032159894922950067,-0.0024672260969266194,0.0022745048041475442,0.0002480806306635735,0.00164702666997556,0.0019426032502994628,-0.003814643565836216,0.0007791936554013451,0.029007936197178882,0.0033387571248245794,0.0017533448818105903,-0.007026174292214705,0.010836048866154009,-0.0049125049027142365,0.008092482749985641,0.002540680280137339,-0.004211206946302431,-0.009264611046768081,-0.007339774220088236,0.0020560865491084674,-0.0019739656168372578,-0.008907030551406951,0.0007494518858599108,-0.0019165420620564709,-0.0023903496214224816,-0.005625180305532423,0.0011712989984081134,-0.004555825813967334,0.0033387571248245794,0.027176168420516462,0.004326023145167856,0.005398796298600346,0.00852879872726362,-0.0029424156699237075,0.0024200015122611595,-0.002888772314110297,-0.00845816707288926,-0.0018370573820804853,0.00382441323933096,-0.0062174588412363205,0.0007441405917245614,-0.006597539917778566,0.0002163865332072822,0.004783497400710032,-0.00497601517010742,-0.0036396591417527002,0.0001864590796956958,0.0014903408412874817,0.0017533448818105903,0.004326023145167856,0.03172861097711338,-0.0017368242326570315,0.005873604424557447,-0.006223686679677664,0.010316571146122763,-0.00880913736637804,-0.0013655416040278263,-0.011205398325880259,-0.006075740416243797,0.0012566414752134768,0.0008990167364976188,0.005884045342623743,0.010250569408125888,-0.014171969723934403,-0.00010342334427203105,-0.0045556136663350445,-0.004678636365809851,-0.0031433578707237594,-0.007026174292214705,0.005398796298600346,-0.0017368242326570315,0.036672847306293624,-0.0025514883061565036,0.00947184758024193,-0.0022411705183240363,-0.0005754999307295281,-0.001877650228143375,-0.011176588039132901,0.004555653365934275,0.0031303809516574697,-0.0002316359839513928,-0.0048272579223205695,-0.0034062911617452635,0.001666891270040899,0.005398197516808589,-0.005430480316781949,-0.005906737480472304,0.0012707498110399972,0.010836048866154009,0.00852879872726362,0.005873604424557447,-0.0025514883061565036,0.03019549730569042,-0.006212695271205512,0.0021717218327004946,-0.007208898728134047,0.006025885272688476,0.009221542551157626,-0.005001476056056974,-0.007373686860001975,0.0008158347775964468,0.0006977558910543851,0.00016071589336989138,-0.005824813368976004,0.006724974708623091,-0.0016748322660138475,-0.002319132340703765,-0.0015557521653192683,-0.0049125049027142365,-0.0029424156699237075,-0.006223686679677664,0.00947184758024193,-0.006212695271205512,0.02962363337319633,-0.002026251921380359,2.1027826472843437e-6,-0.004914870424245127,-0.004331391994986569,-0.007355390113818953,-0.006865263037036591,-0.001502441472585564,-0.0019509243084825589,0.004385425885147604,0.002370923225214492,-0.004635188329915417,-0.004072253029905656,-0.00042427781307119916,-0.00787813812792466,0.008092482749985641,0.0024200015122611595,0.010316571146122763,-0.0022411705183240363,0.0021717218327004946,-0.002026251921380359,0.03564062388869943
