0.022950301298241455,0.008259976001008805,0.0014635828483120193,0.008391490127262277,0.0022011163557267162,0.007439477855709096,-0.0018433280170210666,-0.003197747580009325,0.0013517550115210494,0.0005622144661969126,0.0005754799897339289,-0.0002467854599667843,-0.006669991272278982,0.007079578461164313,-0.0012158010778947374,-0.003003942848557377,-0.007555665287536298,0.0030267180365879222,-0.009243754846391707,-0.00249313724222947,0.008259976001008805,0.024214300260003475,0.005650271541238083,-0.0007609071892054286,-0.004761003230750749,0.004365450512807758,0.0019521102075953378,0.0009761905877576427,0.0017069661046763226,0.004769361974700374,0.003110166403529472,-0.0061854234892397345,-0.0077814855460684885,0.0010826519139551455,-0.013021098966286223,-0.01038254842329437,-0.005123069984268038,-0.0001487807367974844,0.007006923968580141,-0.0032663647455261225,0.0014635828483120193,0.005650271541238083,0.04195104258570738,-0.0029684091195365634,0.00056554100427713,0.0053826447259637585,0.005229423030779856,-0.01372568709039999,0.0016301863803545146,-0.0017229631038111043,0.00026479779724743625,-0.0008089015441387373,0.006915990009927538,-0.01453845066649289,-0.012215159593200582,0.0030727785528241883,-0.007193529773110436,-0.015082900740734633,0.007855250269668173,-0.010886310120332119,0.008391490127262277,-0.0007609071892054286,-0.0029684091195365634,0.020293535420314455,-0.003437970970532553,0.0004581285370211791,0.00026224516213601233,-0.0046654249555427,0.0033626668828961063,-0.0008142581968506553,0.002072300892952105,-0.00047907663924285043,0.0031198486543543083,0.0016013421517085354,-0.01072918098641846,0.0009749833205836796,-0.00450313280798546,0.0027283377619617593,-0.004363884596278545,-0.007727691831653522,0.0022011163557267162,-0.004761003230750749,0.00056554100427713,-0.003437970970532553,0.032333831834697985,-0.002549320596703157,0.006357343667916263,-0.0014268885642533665,0.0009185142070945829,-0.002976138584274846,-0.0006577935999812822,-0.004948340754276602,-0.001187592100554985,0.0008404595210411418,0.0049803596294446355,-0.002770411032666689,-0.00120306402135784,0.00155783880099778,-0.010611702380571334,-0.006269417472167459,0.007439477855709096,0.004365450512807758,0.0053826447259637585,0.0004581285370211791,-0.002549320596703157,0.014924219468032077,0.0005880371805182397,-0.002219990103837083,0.0004968509037796083,0.0013420160887880558,0.0008120784716976715,-0.0020242178625521977,-0.006935988697209548,-0.0024465286860037147,-0.0042319288229877,0.0033777780114069757,0.0010800815980955135,0.0026668846241460443,0.0019023305799194012,-0.0025048435837606298,-0.0018433280170210666,0.0019521102075953378,0.005229423030779856,0.00026224516213601233,0.006357343667916263,0.0005880371805182397,0.03148396461390086,-0.0014695419099506543,-0.00162750854721922,0.0060140099123346955,0.007246898188423602,0.006735982337326022,0.004956887062025825,-0.007681795030555364,-0.007616389275099063,-0.005711778938395206,0.01057330660560311,-0.003643079272355032,0.0046661723603396415,-0.004881888178190064,-0.003197747580009325,0.0009761905877576427,-0.01372568709039999,-0.0046654249555427,-0.0014268885642533665,-0.002219990103837083,-0.0014695419099506543,0.06172138012857126,-0.008843850797685817,-0.01679509008045945,0.004536479996156608,0.010048018799208105,-0.017818756758976075,-0.001273678489436005,-0.004043786560738543,-0.00662042440740262,0.01858505477803966,-0.012254061925439865,0.007068860976102594,0.012706211480039972,0.0013517550115210494,0.0017069661046763226,0.0016301863803545146,0.0033626668828961063,0.0009185142070945829,0.0004968509037796083,-0.00162750854721922,-0.008843850797685817,0.030141799882787042,0.00145410598022724,0.0001738487575449793,0.0024469321478597043,-0.0005029044396133948,-0.00416099201093437,-0.0019795829512380585,0.0034022661024960296,-0.008414065815162955,0.001691010292032696,-0.01355243889712523,-0.0031194077208856765,0.0005622144661969126,0.004769361974700374,-0.0017229631038111043,-0.0008142581968506553,-0.002976138584274846,0.0013420160887880558,0.0060140099123346955,-0.01679509008045945,0.00145410598022724,0.030586069726926592,0.0001969654406446216,-0.008538359629707368,-0.0026135067862914836,0.007231069785938264,0.001575118449042973,-0.0027068144076594523,-0.0014463838012648395,0.014681516700050717,0.009851203110487745,-0.003131460200197355,0.0005754799897339289,0.003110166403529472,0.00026479779724743625,0.002072300892952105,-0.0006577935999812822,0.0008120784716976715,0.007246898188423602,0.004536479996156608,0.0001738487575449793,0.0001969654406446216,0.031040661589135637,0.007777636529487914,-0.001955213328023457,-0.0038645395812591946,-0.003962276389162697,-0.0019426516603697963,0.0037568845155717765,-0.005837983011459366,-0.001608660030975755,-0.0069192200060671245,-0.0002467854599667843,-0.0061854234892397345,-0.0008089015441387373,-0.00047907663924285043,-0.004948340754276602,-0.0020242178625521977,0.006735982337326022,0.010048018799208105,0.0024469321478597043,-0.008538359629707368,0.007777636529487914,0.034706699912783384,0.00822050931090055,-0.009291661821773128,0.004127090926675331,0.0017924070013583212,0.010059949062089239,-0.009732993834687337,7.364745151651041e-6,0.002245743393125546,-0.006669991272278982,-0.0077814855460684885,0.006915990009927538,0.0031198486543543083,-0.001187592100554985,-0.006935988697209548,0.004956887062025825,-0.017818756758976075,-0.0005029044396133948,-0.0026135067862914836,-0.001955213328023457,0.00822050931090055,0.05527222927073864,0.0035391528546156,0.00837567304371303,0.0026599696910993855,-0.0036139207368430888,-0.002482567741564811,-0.001524927745902974,-0.0010870740462956114,0.007079578461164313,0.0010826519139551455,-0.01453845066649289,0.0016013421517085354,0.0008404595210411418,-0.0024465286860037147,-0.007681795030555364,-0.001273678489436005,-0.00416099201093437,0.007231069785938264,-0.0038645395812591946,-0.009291661821773128,0.0035391528546156,0.03788767690795213,0.007411906022031617,-0.006622568207738504,-0.013570712585857807,0.02306796370551075,-0.0013034378170803428,0.010022664817645004,-0.0012158010778947374,-0.013021098966286223,-0.012215159593200582,-0.01072918098641846,0.0049803596294446355,-0.0042319288229877,-0.007616389275099063,-0.004043786560738543,-0.0019795829512380585,0.001575118449042973,-0.003962276389162697,0.004127090926675331,0.00837567304371303,0.007411906022031617,0.03715924307904362,0.008593382605575278,0.004563329267212986,0.010647387613264626,-0.006785266032208026,0.004791593467799886,-0.003003942848557377,-0.01038254842329437,0.0030727785528241883,0.0009749833205836796,-0.002770411032666689,0.0033777780114069757,-0.005711778938395206,-0.00662042440740262,0.0034022661024960296,-0.0027068144076594523,-0.0019426516603697963,0.0017924070013583212,0.0026599696910993855,-0.006622568207738504,0.008593382605575278,0.035087020520296934,-0.001548339710137599,0.002801600439627671,-0.010050460525754309,0.0028843264481622885,-0.007555665287536298,-0.005123069984268038,-0.007193529773110436,-0.00450313280798546,-0.00120306402135784,0.0010800815980955135,0.01057330660560311,0.01858505477803966,-0.008414065815162955,-0.0014463838012648395,0.0037568845155717765,0.010059949062089239,-0.0036139207368430888,-0.013570712585857807,0.004563329267212986,-0.001548339710137599,0.041528163609412624,-0.006804914726323648,0.008349438362747643,0.0001821814481110809,0.0030267180365879222,-0.0001487807367974844,-0.015082900740734633,0.0027283377619617593,0.00155783880099778,0.0026668846241460443,-0.003643079272355032,-0.012254061925439865,0.001691010292032696,0.014681516700050717,-0.005837983011459366,-0.009732993834687337,-0.002482567741564811,0.02306796370551075,0.010647387613264626,0.002801600439627671,-0.006804914726323648,0.04120764265388807,-0.0038496117292683824,0.007887696714897575,-0.009243754846391707,0.007006923968580141,0.007855250269668173,-0.004363884596278545,-0.010611702380571334,0.0019023305799194012,0.0046661723603396415,0.007068860976102594,-0.01355243889712523,0.009851203110487745,-0.001608660030975755,7.364745151651041e-6,-0.001524927745902974,-0.0013034378170803428,-0.006785266032208026,-0.010050460525754309,0.008349438362747643,-0.0038496117292683824,0.0465043999646241,0.0033037787566772255,-0.00249313724222947,-0.0032663647455261225,-0.010886310120332119,-0.007727691831653522,-0.006269417472167459,-0.0025048435837606298,-0.004881888178190064,0.012706211480039972,-0.0031194077208856765,-0.003131460200197355,-0.0069192200060671245,0.002245743393125546,-0.0010870740462956114,0.010022664817645004,0.004791593467799886,0.0028843264481622885,0.0001821814481110809,0.007887696714897575,0.0033037787566772255,0.03434707653232805
0.04530096206258739,0.011549291183523495,0.030142319151498675,0.019961982561024938,-0.0070608608841897565,0.014332431470929101,-0.009955732137897931,-0.005890009084383328,-0.0031287132568593853,-0.008513253392858983,0.0034773171629000022,-0.003734401702127119,-0.01222042530210752,0.007993172250382942,-0.0018711853175812304,0.009137505243766837,-0.017953727842512965,-0.036138349608745485,0.0055304093834231014,-0.0005610582484506667,0.011549291183523495,0.025555132165111273,0.011171312257930686,0.006632490514852147,0.006290548620223445,0.0057936844473578854,0.00646076436825483,0.0014830842371676366,0.0032204277597352804,0.006048709925319909,-0.005757721265874411,-0.008971237180827627,-0.003150766771781669,-0.0152187592214988,-0.01397913738190857,0.005564391346450905,-0.005428305089193155,-0.02400734325241583,0.021524690229907557,-0.007108136073489637,0.030142319151498675,0.011171312257930686,0.07781584635360989,0.012292624637241213,-0.011751069374084766,-0.0005210703950693522,-0.015485671087378129,-0.023174557198506203,0.0018859479966482503,-0.00521941901152689,0.013113420906171194,-0.007224256785836779,-0.007382654262284085,-0.003453339101306259,-0.013507431374903988,0.02091877374290707,-0.03615310051480414,-0.056075697283759135,0.05134332778579981,0.012173524603753798,0.019961982561024938,0.006632490514852147,0.012292624637241213,0.03135020179310101,-0.010867942114194432,-0.0014834400796943437,-0.012557510829433556,-0.006848298571929709,-0.006834698678999544,-0.009667862144385888,0.00025401144857346034,-0.0075630234196788874,0.005724526121408818,0.011723849487104494,-0.01851094325929712,0.02952093542498502,-0.013705087377167382,-0.025621453880775993,0.006724313522458156,0.0023269625569365786,-0.0070608608841897565,0.006290548620223445,-0.011751069374084766,-0.010867942114194432,0.03162207323431182,0.0048799281750605186,0.020845159957871916,-0.0003587352697119297,0.00916504203243275,0.02403008311221383,-0.004336523039740187,-0.0007592928677017448,-0.00035631341966426,-0.015874071376096734,-0.0004433741705355254,-0.02021184089490801,0.0056823499896775775,0.006138521726841541,-0.0005246063797330927,-0.02196597270908243,0.014332431470929101,0.0057936844473578854,-0.0005210703950693522,-0.0014834400796943437,0.0048799281750605186,0.03340036262764442,0.007252499386208661,0.006813074856820443,0.00013190802134913494,0.00114421487961614,-0.0008474428080704295,-0.011856219168888269,-0.006320977197438493,-0.007909456390361731,0.0011111813029246105,-0.013592497847847176,0.007128783570391815,-0.009344568288309367,-0.0006208515124745778,-0.016516762170444642,-0.009955732137897931,0.00646076436825483,-0.015485671087378129,-0.012557510829433556,0.020845159957871916,0.007252499386208661,0.058968577799525995,0.01231635435292977,0.015444303484007021,0.03227635424802072,-0.014379106975438427,0.0030374958671414154,0.0049427480727971965,-0.01722981394836742,-0.0009404083666934912,-0.029604873253710487,0.014599912502385922,0.008321042842792205,-0.0042342709846946765,-0.017219194956430782,-0.005890009084383328,0.0014830842371676366,-0.023174557198506203,-0.006848298571929709,-0.0003587352697119297,0.006813074856820443,0.01231635435292977,0.05064820456775395,-0.009337786819425065,-0.017793300879880715,-0.002060215388419405,-0.00116322051388727,0.004478414045281389,-0.0007034875230287027,0.007674486173811898,-0.006618526854334977,0.022444098217313753,0.01514039934961018,-0.024451905195585204,-0.002071278848061438,-0.0031287132568593853,0.0032204277597352804,0.0018859479966482503,-0.006834698678999544,0.00916504203243275,0.00013190802134913494,0.015444303484007021,-0.009337786819425065,0.0342109602947673,0.022942643905736082,-0.0016265337846895368,-0.0023896655244690997,-0.002695621815150979,-0.008093097167780578,0.00025985779594455295,-0.011716426529990798,-0.007356293946035755,0.0020153859272935845,0.008070120093913002,0.002270500747107348,-0.008513253392858983,0.006048709925319909,-0.00521941901152689,-0.009667862144385888,0.02403008311221383,0.00114421487961614,0.03227635424802072,-0.017793300879880715,0.022942643905736082,0.06869506217483787,-0.013487461951644644,-0.007848638491866934,0.00014310333465666073,-0.012434581619532066,-0.0073623732605679355,-0.038201429821367316,-0.0011154842208795721,0.012335241911555824,0.009649748599350225,-0.02336958686317383,0.0034773171629000022,-0.005757721265874411,0.013113420906171194,0.00025401144857346034,-0.004336523039740187,-0.0008474428080704295,-0.014379106975438427,-0.002060215388419405,-0.0016265337846895368,-0.013487461951644644,0.04666120541693138,0.006086860091558304,0.00044690202563574694,0.019426582443706226,-0.003735773708708626,0.009814707514359942,-0.020032450197170332,-0.014653747659227643,-0.003696473183239196,0.007889433067016898,-0.003734401702127119,-0.008971237180827627,-0.007224256785836779,-0.0075630234196788874,-0.0007592928677017448,-0.011856219168888269,0.0030374958671414154,-0.00116322051388727,-0.0023896655244690997,-0.007848638491866934,0.006086860091558304,0.0381181451411018,-0.0006569851384452832,0.0028550614845579475,0.011417152180569216,-0.0011236578979321407,-0.005489278002849833,0.011289531206735131,-0.009621266448789838,0.0013217329037510878,-0.01222042530210752,-0.003150766771781669,-0.007382654262284085,0.005724526121408818,-0.00035631341966426,-0.006320977197438493,0.0049427480727971965,0.004478414045281389,-0.002695621815150979,0.00014310333465666073,0.00044690202563574694,-0.0006569851384452832,0.0337614768214802,0.00022395586958976464,-0.009711040211713762,0.009196589052317405,0.006809240436611397,0.004905816910410958,-0.009951080669885416,0.0021405830067867697,0.007993172250382942,-0.0152187592214988,-0.003453339101306259,0.011723849487104494,-0.015874071376096734,-0.007909456390361731,-0.01722981394836742,-0.0007034875230287027,-0.008093097167780578,-0.012434581619532066,0.019426582443706226,0.0028550614845579475,0.00022395586958976464,0.048622634724209725,0.0004464719730846415,0.012337216296275386,-0.011612369948070227,0.013237456904474238,-0.02909274491668656,0.011692480519382287,-0.0018711853175812304,-0.01397913738190857,-0.013507431374903988,-0.01851094325929712,-0.0004433741705355254,0.0011111813029246105,-0.0009404083666934912,0.007674486173811898,0.00025985779594455295,-0.0073623732605679355,-0.003735773708708626,0.011417152180569216,-0.009711040211713762,0.0004464719730846415,0.041237185138346774,-0.02187150551873859,0.01346142740958627,0.0320161296289147,-0.017603271971736282,-0.0027685071009348684,0.009137505243766837,0.005564391346450905,0.02091877374290707,0.02952093542498502,-0.02021184089490801,-0.013592497847847176,-0.029604873253710487,-0.006618526854334977,-0.011716426529990798,-0.038201429821367316,0.009814707514359942,-0.0011236578979321407,0.009196589052317405,0.012337216296275386,-0.02187150551873859,0.0703286506289645,-0.017546269556962226,-0.0368291191465653,0.020020040330333114,0.026199816659431226,-0.017953727842512965,-0.005428305089193155,-0.03615310051480414,-0.013705087377167382,0.0056823499896775775,0.007128783570391815,0.014599912502385922,0.022444098217313753,-0.007356293946035755,-0.0011154842208795721,-0.020032450197170332,-0.005489278002849833,0.006809240436611397,-0.011612369948070227,0.01346142740958627,-0.017546269556962226,0.05079826859706368,0.03351333107153567,-0.022592160520101545,-0.005221205102250695,-0.036138349608745485,-0.02400734325241583,-0.056075697283759135,-0.025621453880775993,0.006138521726841541,-0.009344568288309367,0.008321042842792205,0.01514039934961018,0.0020153859272935845,0.012335241911555824,-0.014653747659227643,0.011289531206735131,0.004905816910410958,0.013237456904474238,0.0320161296289147,-0.0368291191465653,0.03351333107153567,0.10367065592999197,-0.054863190470266686,-0.004456955851969088,0.0055304093834231014,0.021524690229907557,0.05134332778579981,0.006724313522458156,-0.0005246063797330927,-0.0006208515124745778,-0.0042342709846946765,-0.024451905195585204,0.008070120093913002,0.009649748599350225,-0.003696473183239196,-0.009621266448789838,-0.009951080669885416,-0.02909274491668656,-0.017603271971736282,0.020020040330333114,-0.022592160520101545,-0.054863190470266686,0.090657770740381,0.007680929629018401,-0.0005610582484506667,-0.007108136073489637,0.012173524603753798,0.0023269625569365786,-0.02196597270908243,-0.016516762170444642,-0.017219194956430782,-0.002071278848061438,0.002270500747107348,-0.02336958686317383,0.007889433067016898,0.0013217329037510878,0.0021405830067867697,0.011692480519382287,-0.0027685071009348684,0.026199816659431226,-0.005221205102250695,-0.004456955851969088,0.007680929629018401,0.053365503933900334
