0.13641924681111825,-0.008004145187799197,0.07776242039897828,-0.03033908271384691,0.009058845728591513,-0.0003084094971792399,0.006844053101914586,-0.031690983653219755,-0.0042398802474461015,0.05795960995951131,0.05170413986984335,0.014037944815278083,0.007771210015076395,-0.019449700597729727,-0.11346619934992758,-0.012095864188105323,-0.019213643821291364,-0.003427705121385136,-0.07016028004320078,-0.07811368392481537,-0.008004145187799197,0.047677103561677744,-0.004263680819268469,-0.03858137006440571,0.013520560125712951,0.010202635716754227,0.009708040518235522,-0.023429838523564187,0.0007504644864605604,0.002891530557808186,-0.01297651850177148,-0.033963555897406766,0.001852356236135496,0.01722976154116449,0.01997330901970873,0.011884215445040763,-0.0032668635651339276,-0.006202151642019822,-0.0024242787732172773,0.007990084854395191,0.07776242039897828,-0.004263680819268469,0.13726172130410205,0.0013987360842407162,0.04479540267611873,0.010096020640882147,0.0040730170869613825,-0.015217172244109116,-0.02044268146072236,0.04862801130833429,0.06952691330128392,0.03673547109881202,-0.04250970552433328,-0.04607266737412828,-0.1143225669779403,-0.06399456650098628,0.0008674299215029801,0.04906585873268897,-0.07124996584396273,-0.06795598517505011,-0.03033908271384691,-0.03858137006440571,0.0013987360842407162,0.10515656452650823,0.007831140776190723,-0.004371063130418976,-0.03221459171065298,0.042367260270286165,0.0042693005754529875,-0.04108802575453735,0.017188241796134093,0.03686057370431543,-0.010890100708383537,-0.05202264573844803,-0.0030413390028766847,0.004845035000726959,0.03837263381266979,0.03105503480856818,-0.006922803647523255,0.00352840625725912,0.009058845728591513,0.013520560125712951,0.04479540267611873,0.007831140776190723,0.06797773245810071,0.02495363417072221,0.0056440195019245,-0.018032613904588816,0.0037538818302822446,-0.0017938517654818471,0.0004632017998695498,-0.01938971701254851,-0.04022298073475471,-0.01978443733416651,-0.04698370387552951,-0.02212813352486285,0.02856137121779994,0.03074867208627858,-0.02649702239564239,-0.015224868691763139,-0.0003084094971792399,0.010202635716754227,0.010096020640882147,-0.004371063130418976,0.02495363417072221,0.05763816726151373,0.01501165299568454,0.0008963704656354461,0.021598733024955578,-0.0036110262026018635,-0.00852295980109475,-0.030269294871298674,-0.03228368176120969,0.009706757985692656,-0.012161290122251377,-0.02321865969641555,0.010721889868221712,0.014456367087562504,-0.009699201508081828,-0.019731616893700454,0.006844053101914586,0.009708040518235522,0.0040730170869613825,-0.03221459171065298,0.0056440195019245,0.01501165299568454,0.04868890747401488,-0.013158033660494063,0.010967984494670888,0.028758012468611812,-0.007501073903659529,-0.026071062587010946,-0.01837465466086264,0.01971161608941513,-0.0033125198578901503,-0.03651081143376318,-0.0006354103295015197,-0.006313785425125534,0.0020389420197113825,-0.014964458323230335,-0.031690983653219755,-0.023429838523564187,-0.015217172244109116,0.042367260270286165,-0.018032613904588816,0.0008963704656354461,-0.013158033660494063,0.07480989771688515,0.01812054741784793,-0.026043441944156413,0.011291665597938809,0.03269512839781823,-0.018903926442832654,-0.007082654114786922,0.01358948872533046,-0.005916872897573982,0.005932503042369629,0.005161697994593961,0.0024437979030500594,0.011309846443937212,-0.0042398802474461015,0.0007504644864605604,-0.02044268146072236,0.0042693005754529875,0.0037538818302822446,0.021598733024955578,0.010967984494670888,0.01812054741784793,0.06010498650788564,-0.017816354204080825,-0.023050009856750285,0.002724067683386811,-0.004268160947545259,0.018841207012524903,-0.005425222801024374,0.02699300577658089,0.0003103620258189211,-0.007202835152658623,-0.0012107194603711959,0.0030514217552199286,0.05795960995951131,0.002891530557808186,0.04862801130833429,-0.04108802575453735,-0.0017938517654818471,-0.0036110262026018635,0.028758012468611812,-0.026043441944156413,-0.017816354204080825,0.079943729635661,0.03288389477801634,-0.01375669996341581,-0.01468409364968951,0.0068019484401159605,-0.043432114104859566,-0.05782548095018255,-0.011250403583131615,-0.0005267481031503575,-0.018503112955211863,-0.04481027262578444,0.05170413986984335,-0.01297651850177148,0.06952691330128392,0.017188241796134093,0.0004632017998695498,-0.00852295980109475,-0.007501073903659529,0.011291665597938809,-0.023050009856750285,0.03288389477801634,0.11492225895630667,0.0452983687141251,-0.03423138287471948,-0.05742439922277008,-0.060757374962871376,-0.04635826340924563,-0.0013578942822794527,0.0388970580375082,-0.05311165092745754,-0.05111222615214533,0.014037944815278083,-0.033963555897406766,0.03673547109881202,0.03686057370431543,-0.01938971701254851,-0.030269294871298674,-0.026071062587010946,0.03269512839781823,0.002724067683386811,-0.01375669996341581,0.0452983687141251,0.10202648463067321,0.023272898055143418,-0.038054136324016455,-0.04373590473449297,0.019620679914992126,-0.010207164485508988,0.020303619133818968,-0.03630312859882247,-0.009675360715316127,0.007771210015076395,0.001852356236135496,-0.04250970552433328,-0.010890100708383537,-0.04022298073475471,-0.03228368176120969,-0.01837465466086264,-0.018903926442832654,-0.004268160947545259,-0.01468409364968951,-0.03423138287471948,0.023272898055143418,0.1259926670034666,0.0011957476216608166,0.01168492731696407,0.09713955423635078,-0.04113323173312154,-0.04282856218469045,0.009710740497156497,0.024517083871061458,-0.019449700597729727,0.01722976154116449,-0.04607266737412828,-0.05202264573844803,-0.01978443733416651,0.009706757985692656,0.01971161608941513,-0.007082654114786922,0.018841207012524903,0.0068019484401159605,-0.05742439922277008,-0.038054136324016455,0.0011957476216608166,0.09546232420436374,0.05725065883097981,0.006686071774043382,-0.01570070265753725,-0.03809629773302851,0.05246682938922482,0.035575018961029825,-0.11346619934992758,0.01997330901970873,-0.1143225669779403,-0.0030413390028766847,-0.04698370387552951,-0.012161290122251377,-0.0033125198578901503,0.01358948872533046,-0.005425222801024374,-0.043432114104859566,-0.060757374962871376,-0.04373590473449297,0.01168492731696407,0.05725065883097981,0.18124639766004266,0.029903047000602704,0.005801355118807188,-0.040441559062302936,0.09935196586341688,0.0876924432120142,-0.012095864188105323,0.011884215445040763,-0.06399456650098628,0.004845035000726959,-0.02212813352486285,-0.02321865969641555,-0.03651081143376318,-0.005916872897573982,0.02699300577658089,-0.05782548095018255,-0.04635826340924563,0.019620679914992126,0.09713955423635078,0.006686071774043382,0.029903047000602704,0.16464996348903432,-0.0168377515151883,-0.04480760166397868,0.006195362363526143,0.054567533157021175,-0.019213643821291364,-0.0032668635651339276,0.0008674299215029801,0.03837263381266979,0.02856137121779994,0.010721889868221712,-0.0006354103295015197,0.005932503042369629,0.0003103620258189211,-0.011250403583131615,-0.0013578942822794527,-0.010207164485508988,-0.04113323173312154,-0.01570070265753725,0.005801355118807188,-0.0168377515151883,0.05299684600394046,0.022223661623277328,0.00014088480856804095,0.0039016793405556734,-0.003427705121385136,-0.006202151642019822,0.04906585873268897,0.03105503480856818,0.03074867208627858,0.014456367087562504,-0.006313785425125534,0.005161697994593961,-0.007202835152658623,-0.0005267481031503575,0.0388970580375082,0.020303619133818968,-0.04282856218469045,-0.03809629773302851,-0.040441559062302936,-0.04480760166397868,0.022223661623277328,0.07026991401509869,-0.031292296532263765,-0.024146369646894053,-0.07016028004320078,-0.0024242787732172773,-0.07124996584396273,-0.006922803647523255,-0.02649702239564239,-0.009699201508081828,0.0020389420197113825,0.0024437979030500594,-0.0012107194603711959,-0.018503112955211863,-0.05311165092745754,-0.03630312859882247,0.009710740497156497,0.05246682938922482,0.09935196586341688,0.006195362363526143,0.00014088480856804095,-0.031292296532263765,0.0941220798571939,0.05756578371848764,-0.07811368392481537,0.007990084854395191,-0.06795598517505011,0.00352840625725912,-0.015224868691763139,-0.019731616893700454,-0.014964458323230335,0.011309846443937212,0.0030514217552199286,-0.04481027262578444,-0.05111222615214533,-0.009675360715316127,0.024517083871061458,0.035575018961029825,0.0876924432120142,0.054567533157021175,0.0039016793405556734,-0.024146369646894053,0.05756578371848764,0.09376364337419404
0.17088382635253152,-0.06325985068332302,0.07748707674441502,0.030051069638219227,0.020979118218624866,-0.012753442610410554,-0.028804197000803063,-0.0664873121834785,-0.012949820946056031,0.10292712184169969,0.07117960431510212,0.018895757759556476,-0.006322119631961028,-0.027950495735002273,-0.12326607025662556,0.009977903816954662,0.009834881420350314,-0.009394180461618775,-0.08956087220786309,-0.07453592283072605,-0.06325985068332302,0.0661794083963404,-0.06507803181123292,-0.04823556607767724,-0.040937843589982516,-0.011415672836089134,0.0020954815822890986,0.03612323238921772,0.01730629095127901,-0.05150123550015106,-0.0356589957306878,-0.014595500811859157,0.030222324744802506,0.04436314696659163,0.06960561672124208,0.041591720185923366,-0.019791660268646857,-0.019653620466161342,0.039063356057808106,0.04117816388292577,0.07748707674441502,-0.06507803181123292,0.16554841936098774,0.04216722122897201,0.05481856798645024,0.04916575046810448,0.011195147588395704,-0.011399640063537067,-0.0500121394578507,0.05554917165248881,0.07905109114220252,0.044090944991283146,-0.06510990910327409,-0.05821413803023344,-0.14206424075010057,-0.09372033501912067,0.030461417079076528,0.04788242692825902,-0.04903128981401873,-0.07388433230225996,0.030051069638219227,-0.04823556607767724,0.04216722122897201,0.13841130742015556,0.07163491940208892,0.03342906780548705,-0.03126047271915478,-0.05327613430748284,-0.006135488471233232,0.017160584810085186,0.030646136680647737,-0.004234285258735751,-0.050188971203929816,-0.0726153581437137,-0.0839084544779696,-0.014837463975695499,0.10604323717344333,0.02286873313581285,-0.05980441362739385,-0.012221261900095665,0.020979118218624866,-0.040937843589982516,0.05481856798645024,0.07163491940208892,0.08302604452429829,0.01765754888500121,-0.0021166085273768157,-0.05028718383041832,-0.00857845064295831,0.03312784364102103,0.034439792797051914,0.002139463128353988,-0.03381490430964229,-0.06366012880264514,-0.06044411298336685,-0.02302410323293495,0.056894010189554006,0.036772745148464805,-0.02558732743579685,-0.029297819293291304,-0.012753442610410554,-0.011415672836089134,0.04916575046810448,0.03342906780548705,0.01765754888500121,0.08891706017255585,0.025772716217512946,0.0049807208442053,-0.007847833163231172,0.004336190711006041,-0.00865159308043106,-0.0344773096623393,-0.06548724405790377,0.01538541448725268,-0.05795557963967212,-0.0767846374192354,0.06192547824082618,0.02346043386081491,0.01900717530516463,-0.01823124481604748,-0.028804197000803063,0.0020954815822890986,0.011195147588395704,-0.03126047271915478,-0.0021166085273768157,0.025772716217512946,0.07879077100601597,0.01674317353882817,0.007463991505472948,0.0028856104856607215,-0.006580015638250617,-0.009158757849326429,-0.013445895383874633,0.014768800129961044,0.003916840958074923,-0.05639834098169312,-0.013840465849970816,0.02315479071234008,0.029487202911535206,-0.024498486756890637,-0.0664873121834785,0.03612323238921772,-0.011399640063537067,-0.05327613430748284,-0.05028718383041832,0.0049807208442053,0.01674317353882817,0.10280049393548776,-0.0011088703341319086,-0.07027575475941465,-0.014075823966456638,0.030030517132729848,0.011748047117481002,0.031245493333125825,0.052975907110495775,-0.026152917117490033,-0.0479577048156742,-0.0035849517201885076,0.042254023027628596,0.020311472555083504,-0.012949820946056031,0.01730629095127901,-0.0500121394578507,-0.006135488471233232,-0.00857845064295831,-0.007847833163231172,0.007463991505472948,-0.0011088703341319086,0.04704256377475127,0.0005699290709543646,-0.02840723781553499,-0.017571015424682465,0.022778468014261144,0.013624783798655078,0.027154937126130485,0.03197294606093899,-0.004962415421323966,-0.009918312913726558,0.016784467869632988,-0.0028469251869317974,0.10292712184169969,-0.05150123550015106,0.05554917165248881,0.017160584810085186,0.03312784364102103,0.004336190711006041,0.0028856104856607215,-0.07027575475941465,0.0005699290709543646,0.14565373194243184,0.023907621817699027,-0.03251403333221421,-0.0048705102752596655,0.0061565938126191605,-0.08586861178044489,-0.023471690622311317,-0.0025873821639590426,0.01422185150949995,-0.03872558475158247,-0.08262040066208098,0.07117960431510212,-0.0356589957306878,0.07905109114220252,0.030646136680647737,0.034439792797051914,-0.00865159308043106,-0.006580015638250617,-0.014075823966456638,-0.02840723781553499,0.023907621817699027,0.1219070255316016,0.06420716476345098,-0.01893178790932594,-0.05772126870577946,-0.09690602791773834,-0.0012678943222624779,0.010016615449094653,0.03348054828147723,-0.06555273818921376,-0.05063221235416736,0.018895757759556476,-0.014595500811859157,0.044090944991283146,-0.004234285258735751,0.002139463128353988,-0.0344773096623393,-0.009158757849326429,0.030030517132729848,-0.017571015424682465,-0.03251403333221421,0.06420716476345098,0.10526515472105603,0.017791848881894837,-0.05959179381804633,-0.024628243004056707,0.010954388010723053,-0.022998047058593568,0.00610856412776558,-0.05100015635352147,-0.006271962666789639,-0.006322119631961028,0.030222324744802506,-0.06510990910327409,-0.050188971203929816,-0.03381490430964229,-0.06548724405790377,-0.013445895383874633,0.011748047117481002,0.022778468014261144,-0.0048705102752596655,-0.01893178790932594,0.017791848881894837,0.09508427464393737,0.012923853595691695,0.06744026722342833,0.07675901087047796,-0.0754638089850519,-0.024617783666802992,0.0006696916029579785,0.01570355318871048,-0.027950495735002273,0.04436314696659163,-0.05821413803023344,-0.0726153581437137,-0.06366012880264514,0.01538541448725268,0.014768800129961044,0.031245493333125825,0.013624783798655078,0.0061565938126191605,-0.05772126870577946,-0.05959179381804633,0.012923853595691695,0.1368751062773428,0.060982896020108854,0.0004181418567640494,-0.050728463607755625,-0.020063608114182736,0.06945444534545418,0.011992702631907187,-0.12326607025662556,0.06960561672124208,-0.14206424075010057,-0.0839084544779696,-0.06044411298336685,-0.05795557963967212,0.003916840958074923,0.052975907110495775,0.027154937126130485,-0.08586861178044489,-0.09690602791773834,-0.024628243004056707,0.06744026722342833,0.060982896020108854,0.22595238446302032,0.05923892791191615,-0.0878512312064555,-0.04068178508123542,0.0828670252318752,0.09482565672518731,0.009977903816954662,0.041591720185923366,-0.09372033501912067,-0.014837463975695499,-0.02302410323293495,-0.0767846374192354,-0.05639834098169312,-0.026152917117490033,0.03197294606093899,-0.023471690622311317,-0.0012678943222624779,0.010954388010723053,0.07675901087047796,0.0004181418567640494,0.05923892791191615,0.1777392696233835,-0.024171979053033386,-0.027013208765076804,-0.0357383386886665,0.04601929814529975,0.009834881420350314,-0.019791660268646857,0.030461417079076528,0.10604323717344333,0.056894010189554006,0.06192547824082618,-0.013840465849970816,-0.0479577048156742,-0.004962415421323966,-0.0025873821639590426,0.010016615449094653,-0.022998047058593568,-0.0754638089850519,-0.050728463607755625,-0.0878512312064555,-0.024171979053033386,0.15228137089996135,0.0020447962115933633,-0.022886685968228827,0.011584130579048257,-0.009394180461618775,-0.019653620466161342,0.04788242692825902,0.02286873313581285,0.036772745148464805,0.02346043386081491,0.02315479071234008,-0.0035849517201885076,-0.009918312913726558,0.01422185150949995,0.03348054828147723,0.00610856412776558,-0.024617783666802992,-0.020063608114182736,-0.04068178508123542,-0.027013208765076804,0.0020447962115933633,0.07321966132885203,-0.015277042996969994,-0.03446379669118344,-0.08956087220786309,0.039063356057808106,-0.04903128981401873,-0.05980441362739385,-0.02558732743579685,0.01900717530516463,0.029487202911535206,0.042254023027628596,0.016784467869632988,-0.03872558475158247,-0.06555273818921376,-0.05100015635352147,0.0006696916029579785,0.06945444534545418,0.0828670252318752,-0.0357383386886665,-0.022886685968228827,-0.015277042996969994,0.12598403770467925,0.028712499494682846,-0.07453592283072605,0.04117816388292577,-0.07388433230225996,-0.012221261900095665,-0.029297819293291304,-0.01823124481604748,-0.024498486756890637,0.020311472555083504,-0.0028469251869317974,-0.08262040066208098,-0.05063221235416736,-0.006271962666789639,0.01570355318871048,0.011992702631907187,0.09482565672518731,0.04601929814529975,0.011584130579048257,-0.03446379669118344,0.028712499494682846,0.10106003403068808
0.1738286929947083,-0.029757690741602345,0.10133250069635627,0.016479245291890023,0.006180991970036922,0.021430242949863468,-0.012116483974675218,-0.030141879089510923,-0.018824455427261876,0.0975871928894738,0.08500005035905273,0.011000883764042263,-0.007555243437397951,-0.03481353247405764,-0.1369497899098135,-0.014312442729581976,0.027918634365635298,0.021107809927238964,-0.10771986100122063,-0.13776594397270928,-0.029757690741602345,0.13720821066425326,-0.05190860151339097,-0.07996463495416091,0.00857816389085085,-0.01867065933138517,0.048222234782646936,0.06572764884031856,-0.0342374762291513,0.05668843964254909,0.024643495706612076,-0.05840389005431498,-0.012608683678863059,0.03898154329182264,0.04692915655090095,-0.03277040433339434,0.02524090613245885,-0.002384050158318382,-0.04048534617617708,-0.07607962029320715,0.10133250069635627,-0.05190860151339097,0.25142613744912007,0.044647950605074475,0.06854317500416236,0.01235477959926759,-0.02072547980219877,0.01767743677634434,-0.1011155467381207,0.16082114703548095,0.19322691711859175,0.01855253508374648,-0.04693169534857761,-0.17123433731435092,-0.24046278688025083,-0.12407892354254531,0.038885971076017725,0.11798496352639622,-0.06409492228010633,-0.1845633760088836,0.016479245291890023,-0.07996463495416091,0.044647950605074475,0.10886022380155211,-0.010857473716823817,0.01723183701692773,-0.052212334809795355,-0.023914969577268345,0.02077593083770179,-0.0630614055801654,-0.04171061244865104,0.04714217442578171,-0.006952154183595765,-0.03456799992265918,-0.011108687488685244,0.022533659622439972,-0.006648487385506042,-0.003979990430909901,-0.030304940717582163,0.05601031484852083,0.006180991970036922,0.00857816389085085,0.06854317500416236,-0.010857473716823817,0.05673398084922031,-0.0038177489078169715,0.0012155006366331468,0.02716497689575483,-0.04144390419006655,0.079391152949505,0.07823477557956614,-0.02060290092774058,-0.02548624385015863,-0.05706671315168757,-0.08731720106925334,-0.05795019758453026,0.022495372330564208,0.06454714771619241,-0.008322249935312713,-0.08114045508289784,0.021430242949863468,-0.01867065933138517,0.01235477959926759,0.01723183701692773,-0.0038177489078169715,0.045832919631913514,-0.005201826599880296,-0.010530536892957937,0.025998583521829752,-0.01663366310305803,-0.04778001073446701,-0.015561904480280199,-0.0006871195706864733,0.01772185728850627,0.006442923758588744,0.0017855298940594694,0.0015213130626379873,0.0010333519652347377,-0.006627630999291927,0.017070545002890774,-0.012116483974675218,0.048222234782646936,-0.02072547980219877,-0.052212334809795355,0.0012155006366331468,-0.005201826599880296,0.06058845161622559,0.0141905545906883,-0.010658493883607009,0.06103221655067277,0.03062151172939623,-0.040253448066290644,-0.00639304564505549,0.006316345978189789,-0.008138180182198435,-0.03422075742848617,0.018338391340838103,0.00644512559846101,0.0046904864453300365,-0.06057751633790656,-0.030141879089510923,0.06572764884031856,0.01767743677634434,-0.023914969577268345,0.02716497689575483,-0.010530536892957937,0.0141905545906883,0.09582823975872963,-0.0526471961623292,0.046553974364882164,0.07249224512304384,-0.012199633803858835,-0.02253510727039451,-0.029638117917517783,-0.018239672809436974,-0.07017634918370762,0.02208624717850597,0.03355658742777268,-0.027448426821749194,-0.0800576702236109,-0.018824455427261876,-0.0342374762291513,-0.1011155467381207,0.02077593083770179,-0.04144390419006655,0.025998583521829752,-0.010658493883607009,-0.0526471961623292,0.11440282040681571,-0.13562821799055055,-0.18411907406078715,0.0028657023974805003,0.031149223689520347,0.10750766570314452,0.12712999915197615,0.09093640515453959,-0.035831874596432084,-0.06159826249794323,0.04613800525048359,0.15752819654031378,0.0975871928894738,0.05668843964254909,0.16082114703548095,-0.0630614055801654,0.079391152949505,-0.01663366310305803,0.06103221655067277,0.046553974364882164,-0.13562821799055055,0.34469992852213477,0.3121168678373045,-0.07592852166958301,-0.08536288762493985,-0.14738513001602394,-0.28070856926870835,-0.16865815759231562,0.09465220313150427,0.12854280790970923,-0.10284021123150307,-0.3647039914783725,0.08500005035905273,0.024643495706612076,0.19322691711859175,-0.04171061244865104,0.07823477557956614,-0.04778001073446701,0.03062151172939623,0.07249224512304384,-0.18411907406078715,0.3121168678373045,0.45368460825429935,0.016102180093603955,-0.0738542919281853,-0.22551362432280855,-0.33531392416877454,-0.17520672840487464,0.07747165309237604,0.12904739914840013,-0.08981288830904999,-0.36692886231562505,0.011000883764042263,-0.05840389005431498,0.01855253508374648,0.04714217442578171,-0.02060290092774058,-0.015561904480280199,-0.040253448066290644,-0.012199633803858835,0.0028657023974805003,-0.07592852166958301,0.016102180093603955,0.1192510396832581,0.028165293865606462,-0.02361255725316701,-0.013955875690036111,0.031215825797310692,-0.019151794930425434,-0.031247978585600765,-0.009699260599368369,0.05074502230293362,-0.007555243437397951,-0.012608683678863059,-0.04693169534857761,-0.006952154183595765,-0.02548624385015863,-0.0006871195706864733,-0.00639304564505549,-0.02253510727039451,0.031149223689520347,-0.08536288762493985,-0.0738542919281853,0.028165293865606462,0.058898576154088264,0.0412837827377217,0.0640399988662601,0.05188397766796307,-0.038257535165896944,-0.0376828428341089,0.03724504255224293,0.0885301670349497,-0.03481353247405764,0.03898154329182264,-0.17123433731435092,-0.03456799992265918,-0.05706671315168757,0.01772185728850627,0.006316345978189789,-0.029638117917517783,0.10750766570314452,-0.14738513001602394,-0.22551362432280855,-0.02361255725316701,0.0412837827377217,0.19824113408040572,0.21369402639082302,0.1060483084587964,-0.043399788695883144,-0.09732312446691485,0.039997481414664554,0.17185872151662251,-0.1369497899098135,0.04692915655090095,-0.24046278688025083,-0.011108687488685244,-0.08731720106925334,0.006442923758588744,-0.008138180182198435,-0.018239672809436974,0.12712999915197615,-0.28070856926870835,-0.33531392416877454,-0.013955875690036111,0.0640399988662601,0.21369402639082302,0.37251502865300995,0.15544267819617824,-0.07895774730562694,-0.14314996600370458,0.09075485333515979,0.32498014447110724,-0.014312442729581976,-0.03277040433339434,-0.12407892354254531,0.022533659622439972,-0.05795019758453026,0.0017855298940594694,-0.03422075742848617,-0.07017634918370762,0.09093640515453959,-0.16865815759231562,-0.17520672840487464,0.031215825797310692,0.05188397766796307,0.1060483084587964,0.15544267819617824,0.15496289180256279,-0.04748721852907617,-0.10294070341012433,0.03347904520007167,0.19249557490164187,0.027918634365635298,0.02524090613245885,0.038885971076017725,-0.006648487385506042,0.022495372330564208,0.0015213130626379873,0.018338391340838103,0.02208624717850597,-0.035831874596432084,0.09465220313150427,0.07747165309237604,-0.019151794930425434,-0.038257535165896944,-0.043399788695883144,-0.07895774730562694,-0.04748721852907617,0.06469662296029849,0.03214822985126879,-0.04980013324077974,-0.10199758040405443,0.021107809927238964,-0.002384050158318382,0.11798496352639622,-0.003979990430909901,0.06454714771619241,0.0010333519652347377,0.00644512559846101,0.03355658742777268,-0.06159826249794323,0.12854280790970923,0.12904739914840013,-0.031247978585600765,-0.0376828428341089,-0.09732312446691485,-0.14314996600370458,-0.10294070341012433,0.03214822985126879,0.11657360724496132,-0.014588229341364514,-0.1320115863826224,-0.10771986100122063,-0.04048534617617708,-0.06409492228010633,-0.030304940717582163,-0.008322249935312713,-0.006627630999291927,0.0046904864453300365,-0.027448426821749194,0.04613800525048359,-0.10284021123150307,-0.08981288830904999,-0.009699260599368369,0.03724504255224293,0.039997481414664554,0.09075485333515979,0.03347904520007167,-0.04980013324077974,-0.014588229341364514,0.17723213680086303,0.15886300384220148,-0.13776594397270928,-0.07607962029320715,-0.1845633760088836,0.05601031484852083,-0.08114045508289784,0.017070545002890774,-0.06057751633790656,-0.0800576702236109,0.15752819654031378,-0.3647039914783725,-0.36692886231562505,0.05074502230293362,0.0885301670349497,0.17185872151662251,0.32498014447110724,0.19249557490164187,-0.10199758040405443,-0.1320115863826224,0.15886300384220148,0.45258898089147714
