0.07477987867172418,0.0057219196415338605,0.004853580567258994,0.01489773298838525,-0.00359810165886207,0.0029013309683653394,0.020394909078262476,0.0017947160228458138,-0.020339482889617944,0.005600914794227266,-0.004923061000243069,-0.0010133600603102386,0.03502389083617718,0.01752797516659468,0.015928180699764313,0.0030189781362170644,0.010816227643282132,-0.025268474380338336,-0.010810040737586898,0.008035930091330492,0.0057219196415338605,0.09076970902846994,-0.04206115948327977,0.007812143258553107,-0.049578912819337434,-0.029977560120332633,-0.032446026522182356,0.055686406990553966,-0.008461762997449114,-0.013802397982074277,0.01184944338311105,-0.034960522506357845,0.02056948819002779,0.024750872974666334,-0.0538564385708291,0.002001696105597526,-0.009379519100468523,-0.014034289605505134,0.02261776196274163,0.02807645558656812,0.004853580567258994,-0.04206115948327977,0.09385049560388616,0.03113939937299743,0.07783064818140262,0.026708070489919588,0.023933630930972203,-0.05602740452561037,-0.02756766665205864,0.0136202648009778,-0.023477376569664376,0.07066379642245266,-0.021840199617582184,-0.02359933753485171,0.0404372108711188,-0.021908717596449252,0.03825752126725908,0.045220208945322415,-0.0293146455715787,-0.010903260181975852,0.01489773298838525,0.007812143258553107,0.03113939937299743,0.05954639639883048,0.03351523787034222,0.012052459104371215,0.02296894107896256,-0.004035134189301942,-0.008273991961669603,0.013690747442903009,-0.008403636477343837,0.036933471258345583,0.011051238902998386,-0.009238805892340827,0.005635215923635496,-0.013851583095563533,0.018326984420929504,0.022449074660420267,-0.012125833937062557,0.01974058375792591,-0.00359810165886207,-0.049578912819337434,0.07783064818140262,0.03351523787034222,0.1296365317013153,0.022360739595373873,0.062058281420628594,-0.07807674883599316,-0.00048642070033583077,0.03969339787960219,-0.04204805392529022,0.07557693046495012,0.0053687285310371115,-0.05030774252087005,0.042751133560803754,-0.02445022474774574,0.04509201824774937,0.07843639737751734,-0.05716257619057308,-0.005877190756820953,0.0029013309683653394,-0.029977560120332633,0.026708070489919588,0.012052459104371215,0.022360739595373873,0.04864934599433177,0.02154847162555893,-0.011263938516720407,0.005885420679115702,-0.002001956369781028,-0.013343920292364305,0.013843706060406205,0.009557626816607592,-0.01472201923285149,0.023268518233627418,-0.01493604203103269,0.012654586731295875,0.0095118674076737,-0.023296692525455617,0.0004645745079356721,0.020394909078262476,-0.032446026522182356,0.023933630930972203,0.02296894107896256,0.062058281420628594,0.02154847162555893,0.08871352113439525,-0.04903828055101057,0.026053904399692254,0.041491370722381946,-0.038885813688784784,0.029517603977944173,0.04791323781605894,-0.0453572011449523,0.025821832874307823,-0.008759887416806,0.018811140063075174,0.029494983045172063,-0.039126708124765916,-0.01016024330271167,0.0017947160228458138,0.055686406990553966,-0.05602740452561037,-0.004035134189301942,-0.07807674883599316,-0.011263938516720407,-0.04903828055101057,0.09913465188717582,-0.0006048350468922206,-0.025751736034636173,0.027475879872272096,-0.0577174108988949,0.005091171671322874,0.039624851822454024,-0.030235833232588813,0.004871173729824516,-0.023262077329042015,-0.04505176833136312,0.025713733810893466,0.026490432447013337,-0.020339482889617944,-0.008461762997449114,-0.02756766665205864,-0.008273991961669603,-0.00048642070033583077,0.005885420679115702,0.026053904399692254,-0.0006048350468922206,0.06554543043635333,0.023726858738800406,-0.016235559126961674,-0.02195618523836149,0.03822916128531441,-0.03132573403687536,-0.02036927089582255,0.003613020691142277,-0.009866863327544958,-0.00805340373289654,-0.0034733256168130965,0.004635013518868295,0.005600914794227266,-0.013802397982074277,0.0136202648009778,0.013690747442903009,0.03969339787960219,-0.002001956369781028,0.041491370722381946,-0.025751736034636173,0.023726858738800406,0.05856860750181697,-0.026251386143567278,0.011217413009553055,0.025678973477624576,-0.034544636817287824,0.012719645233423248,-0.011670920105008486,0.01275585163945078,0.02558200332411774,-0.03215899322648285,-0.0032356630479220727,-0.004923061000243069,0.01184944338311105,-0.023477376569664376,-0.008403636477343837,-0.04204805392529022,-0.013343920292364305,-0.038885813688784784,0.027475879872272096,-0.016235559126961674,-0.026251386143567278,0.04691958566489679,-0.012712068747176234,-0.032146984899781954,0.03240882515792047,-0.01360761632071902,0.02044384223403828,-0.02782249206538231,-0.020832839105771918,0.02943040510253413,0.0024939579545741513,-0.0010133600603102386,-0.034960522506357845,0.07066379642245266,0.036933471258345583,0.07557693046495012,0.013843706060406205,0.029517603977944173,-0.0577174108988949,-0.02195618523836149,0.011217413009553055,-0.012712068747176234,0.08480876422207034,-0.02467945992803567,-0.016490415994547702,0.02934309708118718,-0.0071901927867027505,0.02695451965081057,0.051787902100185454,-0.01928365875479647,-0.010434185513283295,0.03502389083617718,0.02056948819002779,-0.021840199617582184,0.011051238902998386,0.0053687285310371115,0.009557626816607592,0.04791323781605894,0.005091171671322874,0.03822916128531441,0.025678973477624576,-0.032146984899781954,-0.02467945992803567,0.09338462896814359,-0.024799451529838975,-0.021469393630875005,-0.006155664474295382,0.0047110651344828385,-0.00961451864806617,-0.025793647289494168,0.022212489518404436,0.01752797516659468,0.024750872974666334,-0.02359933753485171,-0.009238805892340827,-0.05030774252087005,-0.01472201923285149,-0.0453572011449523,0.039624851822454024,-0.03132573403687536,-0.034544636817287824,0.03240882515792047,-0.016490415994547702,-0.024799451529838975,0.06606735770144108,-0.0028271400883296367,0.01777795590697466,-0.010502203246773024,-0.03132394374616862,0.03033783105278108,-0.0035100382188709544,0.015928180699764313,-0.0538564385708291,0.0404372108711188,0.005635215923635496,0.042751133560803754,0.023268518233627418,0.025821832874307823,-0.030235833232588813,-0.02036927089582255,0.012719645233423248,-0.01360761632071902,0.02934309708118718,-0.021469393630875005,-0.0028271400883296367,0.09440238731846512,-0.014544848820794824,0.02613030579375016,0.0236444782049648,-0.037115292347407985,-0.02732927741919669,0.0030189781362170644,0.002001696105597526,-0.021908717596449252,-0.013851583095563533,-0.02445022474774574,-0.01493604203103269,-0.008759887416806,0.004871173729824516,0.003613020691142277,-0.011670920105008486,0.02044384223403828,-0.0071901927867027505,-0.006155664474295382,0.01777795590697466,-0.014544848820794824,0.03946122723020187,-0.025347726638189925,-0.021911237321766995,0.023090469455426078,-3.285725082285767e-5,0.010816227643282132,-0.009379519100468523,0.03825752126725908,0.018326984420929504,0.04509201824774937,0.012654586731295875,0.018811140063075174,-0.023262077329042015,-0.009866863327544958,0.01275585163945078,-0.02782249206538231,0.02695451965081057,0.0047110651344828385,-0.010502203246773024,0.02613030579375016,-0.025347726638189925,0.0499430406222932,0.031198363257809177,-0.026596000862636866,0.0007420944410151454,-0.025268474380338336,-0.014034289605505134,0.045220208945322415,0.022449074660420267,0.07843639737751734,0.0095118674076737,0.029494983045172063,-0.04505176833136312,-0.00805340373289654,0.02558200332411774,-0.020832839105771918,0.051787902100185454,-0.00961451864806617,-0.03132394374616862,0.0236444782049648,-0.021911237321766995,0.031198363257809177,0.10616860144999485,-0.043835848296065544,0.0014013416864105182,-0.010810040737586898,0.02261776196274163,-0.0293146455715787,-0.012125833937062557,-0.05716257619057308,-0.023296692525455617,-0.039126708124765916,0.025713733810893466,-0.0034733256168130965,-0.03215899322648285,0.02943040510253413,-0.01928365875479647,-0.025793647289494168,0.03033783105278108,-0.037115292347407985,0.023090469455426078,-0.026596000862636866,-0.043835848296065544,0.05856430793288406,0.008605070594158616,0.008035930091330492,0.02807645558656812,-0.010903260181975852,0.01974058375792591,-0.005877190756820953,0.0004645745079356721,-0.01016024330271167,0.026490432447013337,0.004635013518868295,-0.0032356630479220727,0.0024939579545741513,-0.010434185513283295,0.022212489518404436,-0.0035100382188709544,-0.02732927741919669,-3.285725082285767e-5,0.0007420944410151454,0.0014013416864105182,0.008605070594158616,0.04964188020556312
0.1412589983860247,0.00644659516385203,-0.046773737440700014,-0.08909717226528333,-0.0016994247233676754,-0.007630102313640315,0.006865763588119551,0.019897189399775222,-0.09789640322741389,0.013802164203992526,0.026492452724370938,-0.027797280034377935,0.0029231832705015177,0.03905749446846585,0.06586861606687297,0.021264327920556457,-0.02392434849921645,0.018007997541142892,-0.06228175604857472,-0.007555257186242624,0.00644659516385203,0.05523589302918487,-0.04348906050476197,-0.03684860087603958,-0.006603140034100664,-0.04443194940961463,0.003223591126469313,0.036577944521537106,0.0005249720857667703,-0.011957961445034436,0.03773859140788227,-0.020517445127764475,-0.010015767077076927,0.013331389823872995,-0.021696782140515437,-0.0005420546724093557,0.0009529448998535327,0.04447141853127576,0.020806260932727846,0.022638538354743526,-0.046773737440700014,-0.04348906050476197,0.0836662297665992,0.07820489979132703,0.00794972310168236,0.06465224282178175,-0.014814300235197315,-0.04489927483523841,0.030557597405408907,0.009450281603087095,-0.046687675815186326,0.03794534014121916,0.010947424323871103,-0.022882553476156187,-0.004316637085203072,-0.017729017618044306,0.022233113061499072,-0.05007089595966844,0.0018532200410285391,-0.012211295102710785,-0.08909717226528333,-0.03684860087603958,0.07820489979132703,0.1293804565920609,0.003998270467097975,0.06071682510230213,-0.02703038113132996,-0.03471167728415746,0.06508664367431709,0.006508746303160934,-0.03743171061921338,0.04083759759619925,-0.012413478850563358,-0.038110987274935434,-0.03446345921971123,-0.02410525329952138,0.030812028887791533,-0.06067525995086118,0.024665040935693158,0.0034012075746649743,-0.0016994247233676754,-0.006603140034100664,0.00794972310168236,0.003998270467097975,0.05112053847654863,-0.013759433200546739,-0.02187730750878186,-0.05120600554693032,0.035465051547472363,-0.012331942096047866,-0.0013630467849333108,0.0033742442702249056,-0.011719870992413861,0.016061991629150348,-0.015290935361265714,-0.00023524707719369044,0.022004016727513696,-0.0074160685696141385,0.014675510406283685,-0.0068420374042916,-0.007630102313640315,-0.04443194940961463,0.06465224282178175,0.06071682510230213,-0.013759433200546739,0.11206151667286421,0.0010666861470177546,-0.02674315919537431,-0.020798219178751076,0.01688669280207321,-0.043615644244527435,0.029714599712884895,0.007187244317336507,-0.023479574391851204,0.03483499960658775,0.0019778789212903936,0.009716478852709137,-0.036491821053012984,-0.041144396123143044,-0.011070030841135226,0.006865763588119551,0.003223591126469313,-0.014814300235197315,-0.02703038113132996,-0.02187730750878186,0.0010666861470177546,0.05167006211315922,0.025212409917393576,-0.018431834057818095,0.005025167547585547,-0.00428591951992526,-0.008325351648010567,0.034951217515668154,0.0009963731874282366,0.02127034668769388,0.009550236371068397,-0.02471150918406996,0.011265629893010609,-0.005996854953330455,-0.012517113992657328,0.019897189399775222,0.036577944521537106,-0.04489927483523841,-0.03471167728415746,-0.05120600554693032,-0.02674315919537431,0.025212409917393576,0.12056359301420352,-0.061543470764283334,0.0039093930898406485,0.04282226961352578,-0.023778292135856652,-0.01413321252344577,-0.0007933354636916654,0.029677572242468545,0.015548195003046016,-0.039646109621683176,0.04005039366655071,-0.022057114626038266,0.024211156401485186,-0.09789640322741389,0.0005249720857667703,0.030557597405408907,0.06508664367431709,0.035465051547472363,-0.020798219178751076,-0.018431834057818095,-0.061543470764283334,0.15198447529575598,-0.026745706495813898,-0.02276759522653944,0.01234056984580492,0.009703458522978919,-0.010396332920943102,-0.07029136749882423,-0.042447531873658836,0.04701221753812527,-0.05469553036901424,0.08637106762274013,-0.014818848220794309,0.013802164203992526,-0.011957961445034436,0.009450281603087095,0.006508746303160934,-0.012331942096047866,0.01688669280207321,0.005025167547585547,0.0039093930898406485,-0.026745706495813898,0.03526804103621673,-0.00901381016644531,0.006705553691779911,0.0032402620370662084,-0.008216869819193388,0.014321261964861068,0.0021849099730370494,-0.004334502555591077,-0.015233116999503613,-0.015475889458825068,0.008239516983692548,0.026492452724370938,0.03773859140788227,-0.046687675815186326,-0.03743171061921338,-0.0013630467849333108,-0.043615644244527435,-0.00428591951992526,0.04282226961352578,-0.02276759522653944,-0.00901381016644531,0.05645871868025316,-0.01987327572552815,-0.02963121929060444,0.018605748955234785,0.00020610687654017124,0.016562194885714976,-0.010126680984359966,0.044416490421833134,-0.0032637837984820744,0.02004032106994126,-0.027797280034377935,-0.020517445127764475,0.03794534014121916,0.04083759759619925,0.0033742442702249056,0.029714599712884895,-0.008325351648010567,-0.023778292135856652,0.01234056984580492,0.006705553691779911,-0.01987327572552815,0.031220732019330222,0.0024100109190601272,-0.01418359642239791,-0.006421892705411729,-0.01007955071873352,0.006547026254738958,-0.016057043299121998,0.0017105106995976616,-0.0011563516944254149,0.0029231832705015177,-0.010015767077076927,0.010947424323871103,-0.012413478850563358,-0.011719870992413861,0.007187244317336507,0.034951217515668154,-0.01413321252344577,0.009703458522978919,0.0032402620370662084,-0.02963121929060444,0.0024100109190601272,0.08120760859592822,0.0033040002714953033,-0.0047649226226077045,-0.018903151559045893,-0.006542617727751198,-0.019043027523634785,0.0023942137463028113,-0.024350837740444026,0.03905749446846585,0.013331389823872995,-0.022882553476156187,-0.038110987274935434,0.016061991629150348,-0.023479574391851204,0.0009963731874282366,-0.0007933354636916654,-0.010396332920943102,-0.008216869819193388,0.018605748955234785,-0.01418359642239791,0.0033040002714953033,0.04513688848964798,0.012664210946493412,0.005701915771442426,0.004824538621867732,0.0074465652442582955,0.0022225176500347867,-0.00845530850336228,0.06586861606687297,-0.021696782140515437,-0.004316637085203072,-0.03446345921971123,-0.015290935361265714,0.03483499960658775,0.02127034668769388,0.029677572242468545,-0.07029136749882423,0.014321261964861068,0.00020610687654017124,-0.006421892705411729,-0.0047649226226077045,0.012664210946493412,0.10566047286953688,0.02135701975047092,-0.029613289878675127,-0.011739014150352702,-0.0622047112710621,-0.021902465188594004,0.021264327920556457,-0.0005420546724093557,-0.017729017618044306,-0.02410525329952138,-0.00023524707719369044,0.0019778789212903936,0.009550236371068397,0.015548195003046016,-0.042447531873658836,0.0021849099730370494,0.016562194885714976,-0.01007955071873352,-0.018903151559045893,0.005701915771442426,0.02135701975047092,0.05286920515315277,-0.00968299255487631,0.02933398527406004,-0.03336604143559128,0.006159944451427035,-0.02392434849921645,0.0009529448998535327,0.022233113061499072,0.030812028887791533,0.022004016727513696,0.009716478852709137,-0.02471150918406996,-0.039646109621683176,0.04701221753812527,-0.004334502555591077,-0.010126680984359966,0.006547026254738958,-0.006542617727751198,0.004824538621867732,-0.029613289878675127,-0.00968299255487631,0.054215769339062206,-0.022473013912587676,0.02616116574498685,0.009149128424175998,0.018007997541142892,0.04447141853127576,-0.05007089595966844,-0.06067525995086118,-0.0074160685696141385,-0.036491821053012984,0.011265629893010609,0.04005039366655071,-0.05469553036901424,-0.015233116999503613,0.044416490421833134,-0.016057043299121998,-0.019043027523634785,0.0074465652442582955,-0.011739014150352702,0.02933398527406004,-0.022473013912587676,0.13656810381466256,-0.011350909623425835,0.04512388153058507,-0.06228175604857472,0.020806260932727846,0.0018532200410285391,0.024665040935693158,0.014675510406283685,-0.041144396123143044,-0.005996854953330455,-0.022057114626038266,0.08637106762274013,-0.015475889458825068,-0.0032637837984820744,0.0017105106995976616,0.0023942137463028113,0.0022225176500347867,-0.0622047112710621,-0.03336604143559128,0.02616116574498685,-0.011350909623425835,0.08078004825650038,0.011443782816516385,-0.007555257186242624,0.022638538354743526,-0.012211295102710785,0.0034012075746649743,-0.0068420374042916,-0.011070030841135226,-0.012517113992657328,0.024211156401485186,-0.014818848220794309,0.008239516983692548,0.02004032106994126,-0.0011563516944254149,-0.024350837740444026,-0.00845530850336228,-0.021902465188594004,0.006159944451427035,0.009149128424175998,0.04512388153058507,0.011443782816516385,0.05322143331657592
0.12932661832880277,-0.022799152811191402,0.003899330902310141,-0.020382303088850806,0.004992053244065766,-0.025919009598270704,-0.006098521294556481,0.01000183529253373,-0.03626558526901126,0.0014241041747776661,0.033002308120296274,0.013637789087417829,0.01908847424522067,0.043451929692541746,0.06168876437980025,0.011326221007578605,0.0027585147894805878,-0.07808773038079078,-0.033165702806116665,-0.03371577231545296,-0.022799152811191402,0.08158732219879482,-0.013791556804989278,0.020906740533787965,-0.023727927237838585,-0.01363368052067139,0.0014822695748897099,0.04602487531700303,-0.002429458934817771,-0.013681406187324024,0.013686463646014942,-0.014161753712499572,-0.006501650886259525,-0.017262637774539027,-0.06550118492558105,-0.02996156211194674,0.004453403515834773,0.041214631942485286,0.01957965162445004,0.025337090999208188,0.003899330902310141,-0.013791556804989278,0.048746017067843095,-0.010886068049005326,0.013020319155376074,0.01769824390861041,-0.02275408317502274,-0.016836433478833325,-0.00578958866618707,-0.007603541429967931,-0.0055552716404389454,0.007987785901865007,-0.0132557032801324,0.006595999144879104,0.02959575827968737,0.004613397800212568,0.012422037889115979,-0.01735341197386448,-0.008940514516245638,-0.017431040484561566,-0.020382303088850806,0.020906740533787965,-0.010886068049005326,0.04897605794305687,-0.014689530146748918,-0.0069974568427106885,-0.004369351407925916,0.03016509026647839,0.008782011448772617,0.0017520910661569843,-0.0027172310365069013,0.0024694785929343607,-0.0061113250594628556,-0.025003135755960845,-0.04642755416561881,-0.012623695039331867,-0.011200945054070238,0.007165971251775189,0.008953198946398799,0.01972755025485427,0.004992053244065766,-0.023727927237838585,0.013020319155376074,-0.014689530146748918,0.0363028083077795,-0.009268660512927825,-0.00686908472067309,-0.02657970431805058,-0.005354687079252343,0.005126321853202472,0.0002463724445528335,0.01238239245085599,-0.004838894060037052,0.010760979632741328,0.022893138913245212,0.014189577750793173,-0.00013351811374335632,-0.01443066363514777,-0.0044830972146976565,-0.00754030059441523,-0.025919009598270704,-0.01363368052067139,0.01769824390861041,-0.0069974568427106885,-0.009268660512927825,0.07199901132265811,0.007730423944830889,-0.010594952597013936,0.019085700202087743,-0.01474721317629921,-0.036749520434883456,-0.004255848113035835,-0.004107096894605325,-0.010398753925353693,0.025691417336727154,0.004498073880441543,0.007635717777455864,0.013347237950920764,-0.009815337175941699,-0.0035215422363057275,-0.006098521294556481,0.0014822695748897099,-0.02275408317502274,-0.004369351407925916,-0.00686908472067309,0.007730423944830889,0.04646856500670577,-0.009358013790856833,0.013423364128010824,0.003381280708823403,0.002992935698119213,-0.014580797114831345,0.017750225924289376,-0.012297342909652106,-0.007315833913361915,0.00835114745778389,-0.0039882313840790195,0.013431602675061896,0.009155320751946423,0.006633845077019659,0.01000183529253373,0.04602487531700303,-0.016836433478833325,0.03016509026647839,-0.02657970431805058,-0.010594952597013936,-0.009358013790856833,0.07556344899644017,-0.006776782320024386,-0.007369278946030495,0.009814876407972623,-0.0039886095518489526,-0.002896347840393232,-0.013207830820733077,-0.04081555950199592,-0.033434690850593474,-0.004009566847372432,0.010188190659206404,-0.000338123833495151,0.019055144146737583,-0.03626558526901126,-0.002429458934817771,-0.00578958866618707,0.008782011448772617,-0.005354687079252343,0.019085700202087743,0.013423364128010824,-0.006776782320024386,0.042748221025434754,0.005289995130891923,-0.017077659365573046,-0.012260061744375833,0.003680252789864064,-0.019913847332610493,-0.008771961044984365,0.001558221825294279,-0.002198846048418128,0.01916044204797991,0.016690935061788505,0.013118448539780336,0.0014241041747776661,-0.013681406187324024,-0.007603541429967931,0.0017520910661569843,0.005126321853202472,-0.01474721317629921,0.003381280708823403,-0.007369278946030495,0.005289995130891923,0.041535982577581856,-0.0010609132674345558,0.0035846857240624357,-0.0032480521859791158,-0.0028672196348380847,0.00015815348639840827,0.0006992371085484236,-0.012815158590219793,-0.008872317972176642,0.0026717463393004575,0.0003135404243970618,0.033002308120296274,0.013686463646014942,-0.0055552716404389454,-0.0027172310365069013,0.0002463724445528335,-0.036749520434883456,0.002992935698119213,0.009814876407972623,-0.017077659365573046,-0.0010609132674345558,0.044525671843523254,-0.004257007750155875,0.00717475948706299,0.00904993674080478,-0.005770070699999682,4.343752873085154e-5,0.0032923607125062157,-0.015714874129240216,-0.0012443008981125134,-0.00038455725547041587,0.013637789087417829,-0.014161753712499572,0.007987785901865007,0.0024694785929343607,0.01238239245085599,-0.004255848113035835,-0.014580797114831345,-0.0039886095518489526,-0.012260061744375833,0.0035846857240624357,-0.004257007750155875,0.049400006356298,-0.003171566612954809,0.007262398325853459,-0.00037522774327435233,0.0028067440093272485,-0.006816942782749979,-0.017294080420092624,-0.009434888316760343,-0.009578628818620068,0.01908847424522067,-0.006501650886259525,-0.0132557032801324,-0.0061113250594628556,-0.004838894060037052,-0.004107096894605325,0.017750225924289376,-0.002896347840393232,0.003680252789864064,-0.0032480521859791158,0.00717475948706299,-0.003171566612954809,0.03189967699246783,0.0050113157619368146,0.008777272799085608,0.004920876235199801,-0.002440495677306168,-0.013536116860445771,-0.00603462478297789,-0.005545343080869889,0.043451929692541746,-0.017262637774539027,0.006595999144879104,-0.025003135755960845,0.010760979632741328,-0.010398753925353693,-0.012297342909652106,-0.013207830820733077,-0.019913847332610493,-0.0028672196348380847,0.00904993674080478,0.007262398325853459,0.0050113157619368146,0.05358764968250823,0.04127198176996243,0.014223819769219121,0.015286064300804557,-0.018469881243074783,-0.013719984781590073,-0.023397695591335907,0.06168876437980025,-0.06550118492558105,0.02959575827968737,-0.04642755416561881,0.022893138913245212,0.025691417336727154,-0.007315833913361915,-0.04081555950199592,-0.008771961044984365,0.00015815348639840827,-0.005770070699999682,-0.00037522774327435233,0.008777272799085608,0.04127198176996243,0.12709840473177497,0.024525999864918598,0.023189779433684662,-0.06071518772472944,-0.032233226090410655,-0.0373797517484686,0.011326221007578605,-0.02996156211194674,0.004613397800212568,-0.012623695039331867,0.014189577750793173,0.004498073880441543,0.00835114745778389,-0.033434690850593474,0.001558221825294279,0.0006992371085484236,4.343752873085154e-5,0.0028067440093272485,0.004920876235199801,0.014223819769219121,0.024525999864918598,0.038799473104447264,-0.006099464678505762,-0.010902770233991638,-0.008500006302860654,-0.009625185126860263,0.0027585147894805878,0.004453403515834773,0.012422037889115979,-0.011200945054070238,-0.00013351811374335632,0.007635717777455864,-0.0039882313840790195,-0.004009566847372432,-0.002198846048418128,-0.012815158590219793,0.0032923607125062157,-0.006816942782749979,-0.002440495677306168,0.015286064300804557,0.023189779433684662,-0.006099464678505762,0.040998378329598746,-0.00434300899778133,-0.001314239702573718,-0.0045568630742292195,-0.07808773038079078,0.041214631942485286,-0.01735341197386448,0.007165971251775189,-0.01443066363514777,0.013347237950920764,0.013431602675061896,0.010188190659206404,0.01916044204797991,-0.008872317972176642,-0.015714874129240216,-0.017294080420092624,-0.013536116860445771,-0.018469881243074783,-0.06071518772472944,-0.010902770233991638,-0.00434300899778133,0.10485774927352304,0.023045437241034805,0.03100314324121126,-0.033165702806116665,0.01957965162445004,-0.008940514516245638,0.008953198946398799,-0.0044830972146976565,-0.009815337175941699,0.009155320751946423,-0.000338123833495151,0.016690935061788505,0.0026717463393004575,-0.0012443008981125134,-0.009434888316760343,-0.00603462478297789,-0.013719984781590073,-0.032233226090410655,-0.008500006302860654,-0.001314239702573718,0.023045437241034805,0.03366315570844132,0.02293566766860794,-0.03371577231545296,0.025337090999208188,-0.017431040484561566,0.01972755025485427,-0.00754030059441523,-0.0035215422363057275,0.006633845077019659,0.019055144146737583,0.013118448539780336,0.0003135404243970618,-0.00038455725547041587,-0.009578628818620068,-0.005545343080869889,-0.023397695591335907,-0.0373797517484686,-0.009625185126860263,-0.0045568630742292195,0.03100314324121126,0.02293566766860794,0.03748984934800691
