0.1130469813027173,-0.02597709323192301,0.0629120075208661,-0.016029306727602832,0.0013926513661029231,-0.01595481922280547,0.0049320572767888,-0.04757601179918621,-0.016920584647983912,0.05776941793699551,0.05948794483512713,0.016552123490559838,0.005106339906811761,-0.010028604442330509,-0.08197705273872838,0.008351151483647928,-0.01657658747895109,0.001677900767935284,-0.048390370873035146,-0.052040080471534224,-0.02597709323192301,0.03991297357745436,-0.025220381206128576,-0.03282677260890353,-0.006998748999818418,-0.00045351991469530246,0.006212045080374887,-0.0017167507335234403,0.006784151032654886,-0.003871760876783763,-0.02679599729046849,-0.020466857124979254,0.01800191155775946,0.020023589613148148,0.037413497022490055,0.013887467397974841,-0.005467626563099772,-0.009816824073196827,0.017592562001175278,0.020148864495297434,0.0629120075208661,-0.025220381206128576,0.11503743338754399,0.018681921598803712,0.03503770654475671,-0.002215182550865814,0.0073610961859643794,-0.03452071997551788,-0.03849032041646956,0.05900505118503155,0.06346555497469597,0.022397225972275232,-0.024835749679774383,-0.039917682621977174,-0.08623495917934643,-0.04656656668014375,-0.009128811905549962,0.03446838735567518,-0.04770022495972662,-0.05725590410779465,-0.016029306727602832,-0.03282677260890353,0.018681921598803712,0.08922632852420437,0.030459883584572793,0.020620024674968533,-0.017669329341462262,0.02847613757011703,0.010807771349162196,-0.03139882521337349,0.008206803872217616,0.016058690091776212,-0.03235476731649503,-0.04017381346693407,-0.029366789192294743,-0.024370852269914083,0.03088721615862875,0.03130968348607483,-0.026329432236412327,-0.017493375674902285,0.0013926513661029231,-0.006998748999818418,0.03503770654475671,0.030459883584572793,0.04866707802007923,0.014332149857904057,-0.0013257514444792173,-0.012914306060867346,-0.0026174935607118145,0.009149475954048768,0.014368791629654046,-0.005817186987194495,-0.02393235421097982,-0.027617332978135803,-0.0335268055312781,-0.022100554993262404,0.015948491423421786,0.03443172462333908,-0.01878317737516248,-0.024566308521758173,-0.01595481922280547,-0.00045351991469530246,-0.002215182550865814,0.020620024674968533,0.014332149857904057,0.06303675260564112,-0.0020744492179171625,0.026049560135164913,0.018017111505086336,-0.013793587586567744,-0.021256833616886184,-0.02328652283546459,-0.025674964187063245,0.01544870156692539,-0.005311314640874381,-0.03292197371017207,0.01996505854556059,0.023757596163759484,0.003458560663945524,-0.016493244330268123,0.0049320572767888,0.006212045080374887,0.0073610961859643794,-0.017669329341462262,-0.0013257514444792173,-0.0020744492179171625,0.04517732725794743,-0.015594250978642619,0.002674422375151472,0.026249483979066224,0.007822938094889938,-0.012600411059919946,0.0015770691475338846,0.0015781963365106046,0.0027760745818338067,-0.018865249750568722,-0.006787655451327923,-0.0011203570410463844,0.0035438562120531725,-0.007129876866661382,-0.04757601179918621,-0.0017167507335234403,-0.03452071997551788,0.02847613757011703,-0.012914306060867346,0.026049560135164913,-0.015594250978642619,0.08860689009366385,0.024097146232292636,-0.05565434114765169,-0.033496607079977196,0.014660613106945384,-0.007214374893331715,0.009259482811001793,0.021338253718545697,-0.020095873262748355,0.011099834129214992,-0.00509273319440103,0.010948731263680032,0.01389065299013059,-0.016920584647983912,0.006784151032654886,-0.03849032041646956,0.010807771349162196,-0.0026174935607118145,0.018017111505086336,0.002674422375151472,0.024097146232292636,0.054399325263269745,-0.023768316977579022,-0.04375544642075581,-0.011435581315143025,0.005614787789464007,0.010226453200019435,0.011878356148042073,0.016797359161952907,0.01050909325831862,-0.0063291728773617875,0.011702011102934404,0.0059889552822596686,0.05776941793699551,-0.003871760876783763,0.05900505118503155,-0.03139882521337349,0.009149475954048768,-0.013793587586567744,0.026249483979066224,-0.05565434114765169,-0.023768316977579022,0.10702391476047328,0.0365759179633935,-0.020388360364550405,0.002119864288722265,0.007294785346564763,-0.03559320269181952,-0.02458762311989584,-0.021775070513725583,0.007374120732238049,-0.013257956761468096,-0.04141969550857242,0.05948794483512713,-0.02679599729046849,0.06346555497469597,0.008206803872217616,0.014368791629654046,-0.021256833616886184,0.007822938094889938,-0.033496607079977196,-0.04375544642075581,0.0365759179633935,0.12508769193480118,0.0432546329237779,-0.01940444750451388,-0.05396276265482257,-0.06065297127276503,-0.016769992245450734,-0.012658559635001138,0.024576242421348357,-0.056260942662468325,-0.04789317947313313,0.016552123490559838,-0.020466857124979254,0.022397225972275232,0.016058690091776212,-0.005817186987194495,-0.02328652283546459,-0.012600411059919946,0.014660613106945384,-0.011435581315143025,-0.020388360364550405,0.0432546329237779,0.06968584387637525,0.008870170201121732,-0.03225882032245511,-0.03398013829652887,0.004204756017044012,-0.0057377665230375395,-0.002235136232314385,-0.03414696591688875,-0.009827987478604253,0.005106339906811761,0.01800191155775946,-0.024835749679774383,-0.03235476731649503,-0.02393235421097982,-0.025674964187063245,0.0015770691475338846,-0.007214374893331715,0.005614787789464007,0.002119864288722265,-0.01940444750451388,0.008870170201121732,0.0603401297187652,0.01794712198557633,0.014576148194971454,0.03567458302177741,-0.024550389063168414,-0.026889651065096273,0.011782917237126198,0.020382291158544407,-0.010028604442330509,0.020023589613148148,-0.039917682621977174,-0.04017381346693407,-0.027617332978135803,0.01544870156692539,0.0015781963365106046,0.009259482811001793,0.010226453200019435,0.007294785346564763,-0.05396276265482257,-0.03225882032245511,0.01794712198557633,0.09071600412734046,0.0410724123703071,0.004948455240531786,-0.010863009963819694,-0.02261180417816551,0.051007660456770146,0.02407068489365605,-0.08197705273872838,0.037413497022490055,-0.08623495917934643,-0.029366789192294743,-0.0335268055312781,-0.005311314640874381,0.0027760745818338067,0.021338253718545697,0.011878356148042073,-0.03559320269181952,-0.06065297127276503,-0.03398013829652887,0.014576148194971454,0.0410724123703071,0.13955656489418733,0.027225559322293938,-0.0028774352256313606,-0.04005058088842675,0.06488349543666205,0.06966862393540983,0.008351151483647928,0.013887467397974841,-0.04656656668014375,-0.024370852269914083,-0.022100554993262404,-0.03292197371017207,-0.018865249750568722,-0.020095873262748355,0.016797359161952907,-0.02458762311989584,-0.016769992245450734,0.004204756017044012,0.03567458302177741,0.004948455240531786,0.027225559322293938,0.09314138432887309,-0.0031508090422407197,-0.03290429223125574,0.006437168919534265,0.03444571361198108,-0.01657658747895109,-0.005467626563099772,-0.009128811905549962,0.03088721615862875,0.015948491423421786,0.01996505854556059,-0.006787655451327923,0.011099834129214992,0.01050909325831862,-0.021775070513725583,-0.012658559635001138,-0.0057377665230375395,-0.024550389063168414,-0.010863009963819694,-0.0028774352256313606,-0.0031508090422407197,0.042085691289574886,0.01131050744916828,0.0031857833314357428,0.003229040475533432,0.001677900767935284,-0.009816824073196827,0.03446838735567518,0.03130968348607483,0.03443172462333908,0.023757596163759484,-0.0011203570410463844,-0.00509273319440103,-0.0063291728773617875,0.007374120732238049,0.024576242421348357,-0.002235136232314385,-0.026889651065096273,-0.02261180417816551,-0.04005058088842675,-0.03290429223125574,0.01131050744916828,0.05380833784958842,-0.026957409208657305,-0.0290216543678187,-0.048390370873035146,0.017592562001175278,-0.04770022495972662,-0.026329432236412327,-0.01878317737516248,0.003458560663945524,0.0035438562120531725,0.010948731263680032,0.011702011102934404,-0.013257956761468096,-0.056260942662468325,-0.03414696591688875,0.011782917237126198,0.051007660456770146,0.06488349543666205,0.006437168919534265,0.0031857833314357428,-0.026957409208657305,0.08084757298943955,0.03928096709145132,-0.052040080471534224,0.020148864495297434,-0.05725590410779465,-0.017493375674902285,-0.024566308521758173,-0.016493244330268123,-0.007129876866661382,0.01389065299013059,0.0059889552822596686,-0.04141969550857242,-0.04789317947313313,-0.009827987478604253,0.020382291158544407,0.02407068489365605,0.06966862393540983,0.03444571361198108,0.003229040475533432,-0.0290216543678187,0.03928096709145132,0.07688393767991158
0.22882682709820257,-0.01244887797458326,0.13309932099707145,-0.056157905737730725,0.009498839241864815,0.028356605526366867,0.026817299519855356,-0.04590826862139895,0.0018038859846688043,0.10014960922249222,0.12866604032123458,0.029398920523799554,0.022819526141711986,-0.04035083809898337,-0.1641510132523183,-0.006209968495971308,-0.022680790311166276,-0.008995128547971971,-0.09473159459306314,-0.16536015470062976,-0.01244887797458326,0.05951429967076285,-0.0591026878814067,-0.04546713547219297,-0.01717219641456548,-0.012069782759983012,0.03750751652510836,-0.017111572201192568,0.015357371759326967,0.017747875357486162,-0.06856606647619387,-0.04428081494143888,-0.0023836880473496677,0.06549862606298669,0.06501339860832886,0.0133136649852825,0.00955134737827476,-0.016273589531524555,-0.002279017713183471,-0.012670629601079822,0.13309932099707145,-0.0591026878814067,0.30914305762449595,0.06135053053625909,0.0701435729885723,-0.017149615872269444,-0.07569045170449169,0.03794051486122707,-0.09005672711338711,0.03216754341010812,0.27752707049108394,0.1772959874768529,0.002586316069933046,-0.2357696124643322,-0.26733056527589183,-0.05381165748584748,-0.01233076055845574,0.060644689631269386,-0.09970284929031936,-0.10492824917479285,-0.056157905737730725,-0.04546713547219297,0.06135053053625909,0.11531103907489848,0.015201369852021843,-0.037064585340474576,-0.07775229431342302,0.05043789243971608,-0.03110690682981102,-0.07192033530537159,0.05019309331517194,0.08239021951296385,-0.0064693848746250615,-0.09243895111071977,-0.030541446216915825,-0.004666455782584744,0.010008379451105994,0.029279724150832787,-0.0006984277267203566,0.06433940026773845,0.009498839241864815,-0.01717219641456548,0.0701435729885723,0.015201369852021843,0.046663693601536174,0.005266323796884728,-0.021586843673058728,0.020905477910572297,-0.032386565264887784,0.006787373246691526,0.07072124321813376,0.04068353479551473,-0.0016120089470947024,-0.06941303018425984,-0.07204965988454139,-0.016785464132926437,0.012136908898821113,0.02926840675805227,-0.025504735821808986,-0.011149402704494897,0.028356605526366867,-0.012069782759983012,-0.017149615872269444,-0.037064585340474576,0.005266323796884728,0.08950654488431159,0.042677377206253295,-0.02244166694377257,0.013754819110647288,0.03816140201599394,-0.028955565737006375,-0.06621541387879495,0.005298314296973975,0.0277031937553984,-0.014976469103944453,-0.01806490692402302,0.0036751936577900496,-0.009168485813042691,-0.0057999798634262596,-0.03722476563879987,0.026817299519855356,0.03750751652510836,-0.07569045170449169,-0.07775229431342302,-0.021586843673058728,0.042677377206253295,0.1068499455073214,-0.054247990654551506,0.042262355337177954,0.07417164280738722,-0.09580773813745862,-0.0977786476960643,-0.007577725037310986,0.09254289198569372,0.042151848767593314,-0.014664969493349278,0.014690737975606548,-0.022252029894300272,-0.00185220689254105,-0.06484252951421474,-0.04590826862139895,-0.017111572201192568,0.03794051486122707,0.05043789243971608,0.020905477910572297,-0.02244166694377257,-0.054247990654551506,0.0714267834059476,-0.03583864868074201,-0.04409693486729249,0.05553931658892479,0.06320430113556139,0.0030547414971057313,-0.06993880354081108,-0.021255176452987554,-0.016458320913533248,0.010377725520176283,0.033124501017391984,-0.0013534930681025651,0.04306491779907966,0.0018038859846688043,0.015357371759326967,-0.09005672711338711,-0.03110690682981102,-0.032386565264887784,0.013754819110647288,0.042262355337177954,-0.03583864868074201,0.08585368046890583,0.0037140589086020444,-0.10369111138943454,-0.06760932542052495,-0.01672019796623406,0.11267709065430756,0.07533630748110834,0.015241139696866239,-0.008964318555858455,-0.030505179994419457,0.040876270338323986,0.008671923740261541,0.10014960922249222,0.017747875357486162,0.03216754341010812,-0.07192033530537159,0.006787373246691526,0.03816140201599394,0.07417164280738722,-0.04409693486729249,0.0037140589086020444,0.12041472835293184,0.015585896075135894,-0.04431949801390185,-0.004323806889790003,0.019492583338797647,-0.06958828937762593,-0.03265295790260116,0.01058114349824004,-0.0004279737464029437,-0.05316369514354139,-0.12513498563447203,0.12866604032123458,-0.06856606647619387,0.27752707049108394,0.05019309331517194,0.07072124321813376,-0.028955565737006375,-0.09580773813745862,0.05553931658892479,-0.10369111138943454,0.015585896075135894,0.35598400627867577,0.19776499084061389,0.02028394906615205,-0.26338216731923825,-0.27704440277197406,-0.030001046429469404,-0.026482711263365426,0.055315161242276964,-0.0914090100853182,-0.09283510170063439,0.029398920523799554,-0.04428081494143888,0.1772959874768529,0.08239021951296385,0.04068353479551473,-0.06621541387879495,-0.0977786476960643,0.06320430113556139,-0.06760932542052495,-0.04431949801390185,0.19776499084061389,0.19995413189075503,0.018530154034020193,-0.18420543563040137,-0.1505990825328991,-0.010848597789724836,-0.005558111025211655,0.05580013018635359,-0.0671309110031903,-0.008797189417459914,0.022819526141711986,-0.0023836880473496677,0.002586316069933046,-0.0064693848746250615,-0.0016120089470947024,0.005298314296973975,-0.007577725037310986,0.0030547414971057313,-0.01672019796623406,-0.004323806889790003,0.02028394906615205,0.018530154034020193,0.044235872056659103,-0.022157884337083936,-0.017328606640148826,0.015598470113890275,-0.011583085123311042,-8.908556395895986e-5,-0.02179145897287331,-0.006842989748065225,-0.04035083809898337,0.06549862606298669,-0.2357696124643322,-0.09243895111071977,-0.06941303018425984,0.0277031937553984,0.09254289198569372,-0.06993880354081108,0.11267709065430756,0.019492583338797647,-0.26338216731923825,-0.18420543563040137,-0.022157884337083936,0.27037815583885355,0.22500697783386664,0.03598749918357344,-0.003116212988362645,-0.06873979016800372,0.08373703106079868,0.04156862467713758,-0.1641510132523183,0.06501339860832886,-0.26733056527589183,-0.030541446216915825,-0.07204965988454139,-0.014976469103944453,0.042151848767593314,-0.021255176452987554,0.07533630748110834,-0.06958828937762593,-0.27704440277197406,-0.1505990825328991,-0.017328606640148826,0.22500697783386664,0.30979842383215594,0.0516426128442507,0.0033587210652103886,-0.05488172458924019,0.12238990647323458,0.1467294564661062,-0.006209968495971308,0.0133136649852825,-0.05381165748584748,-0.004666455782584744,-0.016785464132926437,-0.01806490692402302,-0.014664969493349278,-0.016458320913533248,0.015241139696866239,-0.03265295790260116,-0.030001046429469404,-0.010848597789724836,0.015598470113890275,0.03598749918357344,0.0516426128442507,0.07444732927210028,-0.013072175779838918,-0.034641631564168746,0.007542184100101006,0.03858721823228231,-0.022680790311166276,0.00955134737827476,-0.01233076055845574,0.010008379451105994,0.012136908898821113,0.0036751936577900496,0.014690737975606548,0.010377725520176283,-0.008964318555858455,0.01058114349824004,-0.026482711263365426,-0.005558111025211655,-0.011583085123311042,-0.003116212988362645,0.0033587210652103886,-0.013072175779838918,0.04258224134509221,0.019926884089572904,-0.014150044157448884,-0.0007002320117488851,-0.008995128547971971,-0.016273589531524555,0.060644689631269386,0.029279724150832787,0.02926840675805227,-0.009168485813042691,-0.022252029894300272,0.033124501017391984,-0.030505179994419457,-0.0004279737464029437,0.055315161242276964,0.05580013018635359,-8.908556395895986e-5,-0.06873979016800372,-0.05488172458924019,-0.034641631564168746,0.019926884089572904,0.0631436396013923,-0.023354462554577807,-0.004469766864709122,-0.09473159459306314,-0.002279017713183471,-0.09970284929031936,-0.0006984277267203566,-0.025504735821808986,-0.0057999798634262596,-0.00185220689254105,-0.0013534930681025651,0.040876270338323986,-0.05316369514354139,-0.0914090100853182,-0.0671309110031903,-0.02179145897287331,0.08373703106079868,0.12238990647323458,0.007542184100101006,-0.014150044157448884,-0.023354462554577807,0.12058104467209278,0.09957404326395836,-0.16536015470062976,-0.012670629601079822,-0.10492824917479285,0.06433940026773845,-0.011149402704494897,-0.03722476563879987,-0.06484252951421474,0.04306491779907966,0.008671923740261541,-0.12513498563447203,-0.09283510170063439,-0.008797189417459914,-0.006842989748065225,0.04156862467713758,0.1467294564661062,0.03858721823228231,-0.0007002320117488851,-0.004469766864709122,0.09957404326395836,0.19697379025072254
