0.048611656033328184,0.014656076171902786,-0.0011079683612848132,0.02732608315560399,0.03526399448485907,0.007601584960688183,-0.0023834239244157614,-0.021117974084330218,0.022219035029493107,-0.004359440374737189,0.02097402658060713,0.0185084871026044,-0.006470247916726169,-0.036224755393116384,-0.015377637603086457,0.011603501025614145,-0.010008879108714928,-0.0020970964421554855,-0.0032493713773997382,0.04999403365090631,0.014656076171902786,0.045700569126832166,0.02450869044501124,0.032804880363359594,0.04185628990521356,0.01051529125713485,-0.026252245639991914,0.010415559324906612,0.007330443382586715,0.018529051376828132,-0.022218328565497228,0.00021215759735525102,0.019908567832784635,-0.03873070653459801,-0.004331684248397869,-0.03152421737750936,-0.0021667487911413317,0.0009149492504906117,0.016962065378807428,0.010042786819333339,-0.0011079683612848132,0.02450869044501124,0.06905557747935517,0.013190005583538982,0.036276090132426275,0.008331587818085854,-0.031175990810228642,0.0398886320812688,-0.018391635475543157,0.02823138890903512,-0.035525912347718125,-0.01127984421401735,0.03841342370698267,0.010157520239745945,0.03624523836626288,-0.05079302869720521,0.008816071430161058,0.010667720536391638,0.019862877174446375,-0.02319436540747969,0.02732608315560399,0.032804880363359594,0.013190005583538982,0.07443608419995777,0.05287175745692939,0.004306165180978302,-0.03046651884494636,-0.013798464127679922,0.02206026601797275,0.002120178165287311,-0.003230515488643593,0.013176828017590844,0.004007853805511842,-0.0782493765953449,-0.02871268376019539,-0.02387888397650558,-0.013076979268312684,-0.010889039864269957,0.005412678217290765,0.041358027428393916,0.03526399448485907,0.04185628990521356,0.036276090132426275,0.05287175745692939,0.10031225625347077,-0.005280281346752571,-0.04682938467936472,0.016448839309660113,0.004700335517991639,0.01663037193699248,-0.010869264000671109,0.011214914236926077,0.03590362625961215,-0.054492541601939073,0.0006931970172731605,-0.052296980229504395,-0.008714862943888312,-0.010809812091398877,-0.005331191198209021,0.038083303429190356,0.007601584960688183,0.01051529125713485,0.008331587818085854,0.004306165180978302,-0.005280281346752571,0.03587873630914469,0.012394133587052427,-0.00474255994502586,0.012341784280072425,0.01694407365843678,-0.019101450489971816,-0.013059664245981217,-0.005647565848267112,-0.01100644395410098,-0.007414295868808738,-0.0067814668410837815,0.008429968000012252,0.012702190465902414,0.03805591613971031,-0.013485418527541497,-0.0023834239244157614,-0.026252245639991914,-0.031175990810228642,-0.03046651884494636,-0.04682938467936472,0.012394133587052427,0.08006149021163803,-0.022209539222946117,0.0099922026164985,0.0030733859165599543,0.015066926354230958,-0.018312751779549753,-0.03302454036498061,0.04451071512812955,-0.006259104574223037,0.036857996566884745,0.02366301471940572,0.020860358649267455,0.032928648307482336,-0.013439300163298858,-0.021117974084330218,0.010415559324906612,0.0398886320812688,-0.013798464127679922,0.016448839309660113,-0.00474255994502586,-0.022209539222946117,0.0744600651702141,-0.02957937447623311,0.02576726232731668,-0.033158491276333295,-0.01802067265177303,0.045189877060655845,0.04151370679211256,0.04407567080214973,-0.03996398519368115,0.006394620322530282,0.009096393261896176,0.0007311918549269634,-0.031389853877121565,0.022219035029493107,0.007330443382586715,-0.018391635475543157,0.02206026601797275,0.004700335517991639,0.012341784280072425,0.0099922026164985,-0.02957937447623311,0.05513136760293654,-0.01858550821769364,0.01857528100806497,0.017844069624919582,-0.0244650529197657,-0.04102120070663909,-0.02858660160803455,0.016452239830326548,-0.01541817766868061,-0.001056015509148753,0.0011952856670710168,0.03708682356130338,-0.004359440374737189,0.018529051376828132,0.02823138890903512,0.002120178165287311,0.01663037193699248,0.01694407365843678,0.0030733859165599543,0.02576726232731668,-0.01858550821769364,0.06442223065677274,-0.03036791641855839,-0.03320019477824969,0.02828797520648807,0.024631704642313953,0.02384365479816432,-0.046231950529918464,0.02945855813150875,0.010240378648109543,0.03670771575552302,-0.0367601120487986,0.02097402658060713,-0.022218328565497228,-0.035525912347718125,-0.003230515488643593,-0.010869264000671109,-0.019101450489971816,0.015066926354230958,-0.033158491276333295,0.01857528100806497,-0.03036791641855839,0.06202143339073451,0.024876033890713807,-0.029990615524856476,-0.010832933375249192,-0.018034859184382107,0.04820427056407814,-0.014845610534226072,-0.009699451095245702,-0.03821719187846963,0.04309252848976494,0.0185084871026044,0.00021215759735525102,-0.01127984421401735,0.013176828017590844,0.011214914236926077,-0.013059664245981217,-0.018312751779549753,-0.01802067265177303,0.017844069624919582,-0.03320019477824969,0.024876033890713807,0.04618101118831459,0.0002668624443635112,-0.034913017773745725,-0.016293028691445544,0.02891705398107006,-0.02587965497828997,-0.011340373304612537,-0.03072708561660594,0.04636675229358425,-0.006470247916726169,0.019908567832784635,0.03841342370698267,0.004007853805511842,0.03590362625961215,-0.005647565848267112,-0.03302454036498061,0.045189877060655845,-0.0244650529197657,0.02828797520648807,-0.029990615524856476,0.0002668624443635112,0.061153556987457544,0.009287786199554018,0.03245032688747761,-0.04395692552675998,0.005645968686877324,0.0008207458748439955,0.004369765397476032,-0.014191171260627898,-0.036224755393116384,-0.03873070653459801,0.010157520239745945,-0.0782493765953449,-0.054492541601939073,-0.01100644395410098,0.04451071512812955,0.04151370679211256,-0.04102120070663909,0.024631704642313953,-0.010832933375249192,-0.034913017773745725,0.009287786199554018,0.137069104906075,0.060963265662066855,0.014470871763085383,0.025809607046424793,0.03387171744690108,0.010671704149991284,-0.06494979792279242,-0.015377637603086457,-0.004331684248397869,0.03624523836626288,-0.02871268376019539,0.0006931970172731605,-0.007414295868808738,-0.006259104574223037,0.04407567080214973,-0.02858660160803455,0.02384365479816432,-0.018034859184382107,-0.016293028691445544,0.03245032688747761,0.060963265662066855,0.06977228935639829,-0.028004914344794112,0.015414214044437418,0.014183509587486065,-0.004352059275040357,-0.042945320139688756,0.011603501025614145,-0.03152421737750936,-0.05079302869720521,-0.02387888397650558,-0.052296980229504395,-0.0067814668410837815,0.036857996566884745,-0.03996398519368115,0.016452239830326548,-0.046231950529918464,0.04820427056407814,0.02891705398107006,-0.04395692552675998,0.014470871763085383,-0.028004914344794112,0.1233885058246264,-0.03614426715814065,0.017101684368363554,-0.005450161125131456,0.05312285102793418,-0.010008879108714928,-0.0021667487911413317,0.008816071430161058,-0.013076979268312684,-0.008714862943888312,0.008429968000012252,0.02366301471940572,0.006394620322530282,-0.01541817766868061,0.02945855813150875,-0.014845610534226072,-0.02587965497828997,0.005645968686877324,0.025809607046424793,0.015414214044437418,-0.03614426715814065,0.06580537727514824,0.0027682665639191125,0.01977452335326446,-0.056966116116991684,-0.0020970964421554855,0.0009149492504906117,0.010667720536391638,-0.010889039864269957,-0.010809812091398877,0.012702190465902414,0.020860358649267455,0.009096393261896176,-0.001056015509148753,0.010240378648109543,-0.009699451095245702,-0.011340373304612537,0.0008207458748439955,0.03387171744690108,0.014183509587486065,0.017101684368363554,0.0027682665639191125,0.04175561944112792,0.038595053788562914,-0.004757456274341269,-0.0032493713773997382,0.016962065378807428,0.019862877174446375,0.005412678217290765,-0.005331191198209021,0.03805591613971031,0.032928648307482336,0.0007311918549269634,0.0011952856670710168,0.03670771575552302,-0.03821719187846963,-0.03072708561660594,0.004369765397476032,0.010671704149991284,-0.004352059275040357,-0.005450161125131456,0.01977452335326446,0.038595053788562914,0.10683224567898272,-0.025926408840333613,0.04999403365090631,0.010042786819333339,-0.02319436540747969,0.041358027428393916,0.038083303429190356,-0.013485418527541497,-0.013439300163298858,-0.031389853877121565,0.03708682356130338,-0.0367601120487986,0.04309252848976494,0.04636675229358425,-0.014191171260627898,-0.06494979792279242,-0.042945320139688756,0.05312285102793418,-0.056966116116991684,-0.004757456274341269,-0.025926408840333613,0.12409003374802173
0.04198881882792282,0.011639799419184,-0.010511406965944634,0.014731886342252937,0.009213058799689599,0.0059872115966055125,-0.0035091113791384963,-0.02005372972121724,0.019728424742006086,-0.009998816910927426,0.019047622880076262,0.02189355051287202,-0.011419507148954053,-0.03277531951071783,-0.027939366360125627,0.01991491266951617,-0.013131615725519137,-0.012749870566412094,0.00038517119776323647,0.038363930403500994,0.011639799419184,0.08468548079337233,0.005547394003494862,0.0254705114808948,0.039011026269079666,-0.00977604814828336,-0.02585295435678317,-0.0014378698010688463,-0.012582332432666977,-0.01368374422628547,-0.01268246315927947,0.012687464540464006,0.012700683695167109,-0.0546164365319816,-0.021377660028072003,0.015820170341548496,0.000973613619014053,0.007560538261172411,0.014099232824242094,0.006947603403349705,-0.010511406965944634,0.005547394003494862,0.04394981371593355,-0.00026712801384248233,0.014696268341594288,0.005183195313359182,0.0009604871721690841,0.017241943371706467,-0.011190538451341412,0.005703238711434993,-0.013517741001210498,-0.005232924876373899,0.024236138194948124,0.011240721294363728,0.025893592073748833,-0.00882307062889361,0.011949208550746708,0.009035106776308874,0.014991375801223781,-0.019897677525178417,0.014731886342252937,0.0254705114808948,-0.00026712801384248233,0.03888919026835818,0.028490029178695662,-0.00235723432894134,-0.006603512445581166,-0.008444364469104484,0.017075005185099777,-0.006533461271741135,-0.004448703042114661,0.013187254621821808,0.009189892360039972,-0.04003495388340827,-0.015502167349586888,-0.010731543538509539,0.0015025908437273998,-0.0035555704732668,0.006976694670843145,0.018001285217560538,0.009213058799689599,0.039011026269079666,0.014696268341594288,0.028490029178695662,0.06468114548600548,-0.013548668336815912,-0.028069405375738595,0.02312429768650727,-0.006168544204741864,-0.004478618564261145,-0.011558774351465202,0.021474669327631597,0.034458959443274706,-0.04331370786673494,0.0010748359693881146,-0.028974392037933793,0.0016562779695070147,-0.010742679877822207,-0.012232272757013319,0.013475606852372321,0.0059872115966055125,-0.00977604814828336,0.005183195313359182,-0.00235723432894134,-0.013548668336815912,0.028916868537672988,0.010822971195851797,-0.023489094522754092,0.024905725304347846,-0.0017719314176804922,0.006339305424463859,-0.0022500226707966656,-0.015677694496424262,-0.005279765212105456,-0.013806860612026777,0.023477206181392377,-0.008127881137811082,0.012754942067704791,0.013869236798515153,-0.00266738725206426,-0.0035091113791384963,-0.02585295435678317,0.0009604871721690841,-0.006603512445581166,-0.028069405375738595,0.010822971195851797,0.0462690940913788,0.002043985697712013,0.005912254058859838,0.010467776246879452,0.0003549223058447455,-0.01209613220778289,-0.012402098182692488,0.037717785368768644,0.023116104240216574,0.010433957541625304,0.013137308204936322,0.0110675587874665,0.0169795851326262,-0.01713539662541465,-0.02005372972121724,-0.0014378698010688463,0.017241943371706467,-0.008444364469104484,0.02312429768650727,-0.023489094522754092,0.002043985697712013,0.08635187349223315,-0.049539397743164446,0.018860484984547315,-0.020761080113588737,-0.0075023979067589475,0.033740027702183824,0.034146105922309954,0.06105634282312547,-0.040627432658625395,0.02980372599946677,-0.00875328274489401,-0.018934013464923904,-0.033536291965290885,0.019728424742006086,-0.012582332432666977,-0.011190538451341412,0.017075005185099777,-0.006168544204741864,0.024905725304347846,0.005912254058859838,-0.049539397743164446,0.07776796041420594,-0.008603657821026369,0.024274957060472415,0.016932567489877447,-0.019929496706392998,-0.030686530262644042,-0.04458531850466828,0.024196906265486838,-0.021485901320613583,-0.0005928132789734804,0.0005272822294548158,0.03579581690994808,-0.009998816910927426,-0.01368374422628547,0.005703238711434993,-0.006533461271741135,-0.004478618564261145,-0.0017719314176804922,0.010467776246879452,0.018860484984547315,-0.008603657821026369,0.025866197477355732,-0.006538863737437603,-0.011500643161661247,0.012166350492739605,0.02671596584529718,0.026246040496132647,-0.02018047088385476,0.011766948533606707,-0.002712597882171334,0.0015285442340088255,-0.01731658004254054,0.019047622880076262,-0.01268246315927947,-0.013517741001210498,-0.004448703042114661,-0.011558774351465202,0.006339305424463859,0.0003549223058447455,-0.020761080113588737,0.024274957060472415,-0.006538863737437603,0.04349521266202397,0.013046144443600326,-0.015286103004932508,-0.017546377129362214,-0.031255520955740204,0.02613884374463043,-0.027674047488935045,-0.010167503852887765,-0.020876360350852507,0.03890307240587497,0.02189355051287202,0.012687464540464006,-0.005232924876373899,0.013187254621821808,0.021474669327631597,-0.0022500226707966656,-0.01209613220778289,-0.0075023979067589475,0.016932567489877447,-0.011500643161661247,0.013046144443600326,0.03704819297248951,0.004565211013656141,-0.03279806822627464,-0.02179269759684572,0.010032901760151982,-0.013511404342134752,-0.010065171774498692,-0.011033360408785,0.03290320830382722,-0.011419507148954053,0.012700683695167109,0.024236138194948124,0.009189892360039972,0.034458959443274706,-0.015677694496424262,-0.012402098182692488,0.033740027702183824,-0.019929496706392998,0.012166350492739605,-0.015286103004932508,0.004565211013656141,0.06491961702005822,-0.004648924705885699,0.032167386853101915,-0.042494267926254874,0.016526224089193162,-0.005357620689471975,-0.004108881546851673,-0.004052161626332366,-0.03277531951071783,-0.0546164365319816,0.011240721294363728,-0.04003495388340827,-0.04331370786673494,-0.005279765212105456,0.037717785368768644,0.034146105922309954,-0.030686530262644042,0.02671596584529718,-0.017546377129362214,-0.03279806822627464,-0.004648924705885699,0.10732426217051923,0.06366940750106265,-0.008807231274743787,0.020684942576909247,0.012896203735351414,0.008398782930563235,-0.06129860623366675,-0.027939366360125627,-0.021377660028072003,0.025893592073748833,-0.015502167349586888,0.0010748359693881146,-0.013806860612026777,0.023116104240216574,0.06105634282312547,-0.04458531850466828,0.026246040496132647,-0.031255520955740204,-0.02179269759684572,0.032167386853101915,0.06366940750106265,0.09392768756385568,-0.03654013017463805,0.04070778927100155,0.00521472969228665,0.0084913694456552,-0.05576284045497569,0.01991491266951617,0.015820170341548496,-0.00882307062889361,-0.010731543538509539,-0.028974392037933793,0.023477206181392377,0.010433957541625304,-0.040627432658625395,0.024196906265486838,-0.02018047088385476,0.02613884374463043,0.010032901760151982,-0.042494267926254874,-0.008807231274743787,-0.03654013017463805,0.11312441371015758,-0.026221201528084534,0.020562422983432242,0.021112722240815007,0.017284960541465447,-0.013131615725519137,0.000973613619014053,0.011949208550746708,0.0015025908437273998,0.0016562779695070147,-0.008127881137811082,0.013137308204936322,0.02980372599946677,-0.021485901320613583,0.011766948533606707,-0.027674047488935045,-0.013511404342134752,0.016526224089193162,0.020684942576909247,0.04070778927100155,-0.026221201528084534,0.04411497741639707,0.005425631301963401,0.019368316964327583,-0.03068450537407378,-0.012749870566412094,0.007560538261172411,0.009035106776308874,-0.0035555704732668,-0.010742679877822207,0.012754942067704791,0.0110675587874665,-0.00875328274489401,-0.0005928132789734804,-0.002712597882171334,-0.010167503852887765,-0.010065171774498692,-0.005357620689471975,0.012896203735351414,0.00521472969228665,0.020562422983432242,0.005425631301963401,0.03306100551215065,0.024883797666284208,-0.022511067223874262,0.00038517119776323647,0.014099232824242094,0.014991375801223781,0.006976694670843145,-0.012232272757013319,0.013869236798515153,0.0169795851326262,-0.018934013464923904,0.0005272822294548158,0.0015285442340088255,-0.020876360350852507,-0.011033360408785,-0.004108881546851673,0.008398782930563235,0.0084913694456552,0.021112722240815007,0.019368316964327583,0.024883797666284208,0.0656863055983666,-0.026093837287512363,0.038363930403500994,0.006947603403349705,-0.019897677525178417,0.018001285217560538,0.013475606852372321,-0.00266738725206426,-0.01713539662541465,-0.033536291965290885,0.03579581690994808,-0.01731658004254054,0.03890307240587497,0.03290320830382722,-0.004052161626332366,-0.06129860623366675,-0.05576284045497569,0.017284960541465447,-0.03068450537407378,-0.022511067223874262,-0.026093837287512363,0.08796134419404743
