0.04216476978773266,0.014283605552122774,-0.0014581821748103005,0.018890878522067334,-0.006041193468260532,-0.018012981792969538,0.0029966226831686592,0.020483669843813043,-0.007513433259957805,0.0013315625644893035,-0.010219923108901012,-0.016589561866332606,-0.02090311419576792,-0.011264504020507783,-0.0015823365659735486,0.014918288886753266,-0.015143913154963086,-0.01121850230712865,0.014935716969096709,0.014921537093805236,0.014283605552122774,0.057021939917134015,-0.007416825424567058,0.01917095343028518,-0.0008976904926199465,-0.0013234708930730723,0.008992745791674424,0.02166684537079278,0.0014937963250031827,-0.0005962106326540183,-0.003616632470638683,-0.014790435299831184,-0.005540292496547226,-0.012821883316892983,0.003862344177830859,0.006407316978339451,-0.008532492184651685,-0.0014959476645674003,0.009711178502892145,0.00818064783720844,-0.0014581821748103005,-0.007416825424567058,0.03551381758564586,-0.00645583398187604,0.006385914887537637,0.003407166420734218,-0.0035498820173775845,-0.0032594262849277725,0.01107244494014038,-0.002877182495395226,0.002503762131225113,0.0200302917043014,0.00477603094035642,0.006987285630497608,0.004829723446296686,-0.011197620425020646,0.00475417693639844,0.007632175868334813,-0.0022746833900420945,-0.006379319565071746,0.018890878522067334,0.01917095343028518,-0.00645583398187604,0.032969394165757206,-0.003114950186638566,-0.0011447258554683306,0.010397585214614261,0.009008071168900064,0.001084272309630052,0.003826490330634787,-0.0015815710677048783,-0.009973081479095118,-0.004756039787132246,-0.005452126364673685,2.4837861102955623e-5,0.010626968355880074,-0.004490014991382045,-0.006297695080051235,0.005232015537532637,0.010808142399813946,-0.006041193468260532,-0.0008976904926199465,0.006385914887537637,-0.003114950186638566,0.020095013047938818,0.002702257021163344,-0.0008267150867178188,-0.0025593737037683216,0.011245295899270452,0.005877604575778405,0.002965563488112127,0.005010874493281133,0.01099376331027543,0.005393921939226733,0.00566721365278957,-0.010083598084525431,0.003403523228199157,0.0037855735723956604,0.0011924491467977616,-0.009448616955139873,-0.018012981792969538,-0.0013234708930730723,0.003407166420734218,-0.0011447258554683306,0.002702257021163344,0.04481038768641331,-0.011489277978972411,-0.02413999524064416,0.006444859416488275,-0.011736926497990456,0.004323406932055326,0.0249393599415085,0.009692913915236552,0.009791614093711959,0.007112450060409911,0.0030371912059639827,0.023538945540563017,0.013327295413474738,-0.013857960127664996,-0.0193532063227393,0.0029966226831686592,0.008992745791674424,-0.0035498820173775845,0.010397585214614261,-0.0008267150867178188,-0.011489277978972411,0.02064031394270478,0.009541537229397747,0.004423548437480061,0.008065640973804425,-0.0022735449799218205,-0.015301347359156718,0.0012230507469390875,-0.0014150907049624599,0.007310126667846668,-0.0013837335505646779,-0.0006039333960624778,-0.0041801043835344625,0.0036730938742816385,0.001590446347236085,0.020483669843813043,0.02166684537079278,-0.0032594262849277725,0.009008071168900064,-0.0025593737037683216,-0.02413999524064416,0.009541537229397747,0.05678634986673054,-0.007686101597600064,0.009451625374293032,-0.0024138808791135755,-0.029650947952615296,-0.016813963672141625,-0.01661305095762018,-0.00649251717439293,0.011529581916575866,-0.023860661241983182,-0.013734876559790518,0.02908866803385352,0.037969906608389836,-0.007513433259957805,0.0014937963250031827,0.01107244494014038,0.001084272309630052,0.011245295899270452,0.006444859416488275,0.004423548437480061,-0.007686101597600064,0.038906440996233624,0.010854114642367648,0.003303832845806998,0.00829684616861421,0.020757443812119022,0.007097157412932253,0.018536483895087327,-0.026009106375498605,0.0022619518900217866,0.005582068300476721,-0.005033528597613855,-0.014560543395225702,0.0013315625644893035,-0.0005962106326540183,-0.002877182495395226,0.003826490330634787,0.005877604575778405,-0.011736926497990456,0.008065640973804425,0.009451625374293032,0.010854114642367648,0.035094372035744864,0.0063374552721461915,-0.012560987025566864,0.004714402411493941,-0.003012285711652557,0.010646555934421438,-0.007455825050782726,-0.0003670784323410426,-0.011013745013624326,0.012106043617348287,0.0005650000661960382,-0.010219923108901012,-0.003616632470638683,0.002503762131225113,-0.0015815710677048783,0.002965563488112127,0.004323406932055326,-0.0022735449799218205,-0.0024138808791135755,0.003303832845806998,0.0063374552721461915,0.029007710792843422,0.0005422811199023758,0.008687505094046262,0.005202466635714239,0.004520645310761618,-0.0026919268534967965,0.007543601911981286,-0.0041953831360330915,0.00409476710815142,-0.00019772653485454809,-0.016589561866332606,-0.014790435299831184,0.0200302917043014,-0.009973081479095118,0.005010874493281133,0.0249393599415085,-0.015301347359156718,-0.029650947952615296,0.00829684616861421,-0.012560987025566864,0.0005422811199023758,0.05186415509258757,0.009101648728683687,0.01627886840537457,0.0026414295696742677,-0.004112684294759318,0.022213791827119158,0.023049364818724043,-0.01632517414642839,-0.02155170433149427,-0.02090311419576792,-0.005540292496547226,0.00477603094035642,-0.004756039787132246,0.01099376331027543,0.009692913915236552,0.0012230507469390875,-0.016813963672141625,0.020757443812119022,0.004714402411493941,0.008687505094046262,0.009101648728683687,0.058191477094008556,0.024156821146109807,0.024440583062761062,-0.027792498478096193,0.015370228680937742,0.011074999798031386,-0.009125032385039438,-0.01942683650447497,-0.011264504020507783,-0.012821883316892983,0.006987285630497608,-0.005452126364673685,0.005393921939226733,0.009791614093711959,-0.0014150907049624599,-0.01661305095762018,0.007097157412932253,-0.003012285711652557,0.005202466635714239,0.01627886840537457,0.024156821146109807,0.03452060042010768,0.007205850165242319,-0.010628468682359407,0.013663878536783202,0.015162213808055339,-0.00705666570152335,-0.009801896839070762,-0.0015823365659735486,0.003862344177830859,0.004829723446296686,2.4837861102955623e-5,0.00566721365278957,0.007112450060409911,0.007310126667846668,-0.00649251717439293,0.018536483895087327,0.010646555934421438,0.004520645310761618,0.0026414295696742677,0.024440583062761062,0.007205850165242319,0.03993406208004098,-0.02125471263108693,0.01020443918487883,-0.003428999300130027,0.0008132168283732047,-0.01471608485849735,0.014918288886753266,0.006407316978339451,-0.011197620425020646,0.010626968355880074,-0.010083598084525431,0.0030371912059639827,-0.0013837335505646779,0.011529581916575866,-0.026009106375498605,-0.007455825050782726,-0.0026919268534967965,-0.004112684294759318,-0.027792498478096193,-0.010628468682359407,-0.02125471263108693,0.05206397755381253,-0.003039301240303993,-0.003727706041487619,0.010932156275811702,0.016109348594528332,-0.015143913154963086,-0.008532492184651685,0.00475417693639844,-0.004490014991382045,0.003403523228199157,0.023538945540563017,-0.0006039333960624778,-0.023860661241983182,0.0022619518900217866,-0.0003670784323410426,0.007543601911981286,0.022213791827119158,0.015370228680937742,0.013663878536783202,0.01020443918487883,-0.003039301240303993,0.03960516902661142,0.010801359363161775,-0.01146555014353294,-0.02107276028718372,-0.01121850230712865,-0.0014959476645674003,0.007632175868334813,-0.006297695080051235,0.0037855735723956604,0.013327295413474738,-0.0041801043835344625,-0.013734876559790518,0.005582068300476721,-0.011013745013624326,-0.0041953831360330915,0.023049364818724043,0.011074999798031386,0.015162213808055339,-0.003428999300130027,-0.003727706041487619,0.010801359363161775,0.03563847302088875,-0.013881925639816562,-0.009637674208148747,0.014935716969096709,0.009711178502892145,-0.0022746833900420945,0.005232015537532637,0.0011924491467977616,-0.013857960127664996,0.0036730938742816385,0.02908866803385352,-0.005033528597613855,0.012106043617348287,0.00409476710815142,-0.01632517414642839,-0.009125032385039438,-0.00705666570152335,0.0008132168283732047,0.010932156275811702,-0.01146555014353294,-0.013881925639816562,0.03971818976787891,0.020201417888470567,0.014921537093805236,0.00818064783720844,-0.006379319565071746,0.010808142399813946,-0.009448616955139873,-0.0193532063227393,0.001590446347236085,0.037969906608389836,-0.014560543395225702,0.0005650000661960382,-0.00019772653485454809,-0.02155170433149427,-0.01942683650447497,-0.009801896839070762,-0.01471608485849735,0.016109348594528332,-0.02107276028718372,-0.009637674208148747,0.020201417888470567,0.053445601481894374
0.03490664083380625,0.02593978167248848,-0.004077511740928759,0.017586669663051693,0.004506227617133063,-0.030272850088243382,0.00500342333953778,0.022670676761786572,-0.010949833705048847,0.004005325488598563,-0.00875754865745525,-0.031051243298546194,-0.008672198826823175,-0.021025030060775586,-0.004156794089469409,0.01465630308679967,-0.022618178611277212,-0.005788402263345618,0.008247115468450226,0.02552381057680466,0.02593978167248848,0.0931928938022,-0.005726488700792771,0.02531481271073366,-0.00686590065400758,-0.05496392053479848,-0.010532470221720228,0.03615576457074705,-0.009572376077823488,0.023279216185160115,-0.013795314681459336,-0.032087413714328265,-0.02061677334269102,-0.04622780315993255,-0.021823606481370703,0.021854109843641296,-0.060792116830042195,-0.005163226689093991,0.04299094425279314,0.054861636839409776,-0.004077511740928759,-0.005726488700792771,0.03225802589299464,-0.006379462597618828,-0.0010008703789499487,0.00461273242300583,0.0033577784652056753,-0.00034870713411305526,-0.007889437792608046,-0.005047240980998963,-0.0012861747561168598,0.00518803803698488,0.005238953072604469,0.012770021867178148,-0.0022924922799973948,0.0010498760257805768,-0.0008147186144012468,-0.00022379253196965556,-0.00626926934734524,-0.01649477903058007,0.017586669663051693,0.02531481271073366,-0.006379462597618828,0.04123212040860227,0.0017556807585166262,-0.006907375811085347,0.003228847058681532,-0.005350395109515391,-0.005878156068668658,0.017253357122694636,0.0050662639805177465,-0.008735102726720125,-0.0002566590236296017,-0.010121498552344923,-0.007418848949325993,0.020823220419086217,-0.003093925395374231,0.004542150028047217,-0.005279678256636021,0.017144590061604195,0.004506227617133063,-0.00686590065400758,-0.0010008703789499487,0.0017556807585166262,0.021767686122264266,0.00013418446973545033,-0.001465506343378492,-0.006255879730835289,0.0005040725633216257,0.004739710697682446,0.0012363404007222118,-0.0015436116735443666,0.0070756823325967685,-0.0022643741370873506,0.005854250714519891,0.002622647864066079,0.008847805624166361,0.004600046838393476,-0.006493854953220119,0.00542023018918948,-0.030272850088243382,-0.05496392053479848,0.00461273242300583,-0.006907375811085347,0.00013418446973545033,0.08945051717519453,-0.006847339656155785,-0.05058172227538027,0.022221234897538696,-0.022492212864429227,0.025078652544588527,0.050795741442561396,0.021685683244320176,0.050497630798714256,0.008745169687819115,-0.009144667410571995,0.08047150686756495,0.01324610693965062,-0.031349064617219834,-0.06445990128290374,0.00500342333953778,-0.010532470221720228,0.0033577784652056753,0.003228847058681532,-0.001465506343378492,-0.006847339656155785,0.026923950672052478,0.0018928803761812767,-0.021358247812458646,-0.00040409752128442135,0.0009424959562891325,-0.01598839348585234,-0.002440601208112023,-0.001464947351317987,0.011007829174987084,0.017884494598375763,0.0076123188546972954,-0.00532236909723189,-0.011140942201715279,-0.008280197841744203,0.022670676761786572,0.03615576457074705,-0.00034870713411305526,-0.005350395109515391,-0.006255879730835289,-0.05058172227538027,0.0018928803761812767,0.07541131543871503,-0.0018776918530082226,-0.0037865693989796514,-0.02355497603093522,-0.043104003867925816,-0.006648814738905776,-0.03695705686685839,-0.01213474273523893,-0.008315915344238131,-0.048395914435515414,-0.022486611333101036,0.03628075142975826,0.03570656653562644,-0.010949833705048847,-0.009572376077823488,-0.007889437792608046,-0.005878156068668658,0.0005040725633216257,0.022221234897538696,-0.021358247812458646,-0.0018776918530082226,0.07374704403734877,0.011897199087851144,0.003371284540317864,0.023713569311713395,0.01605787807223899,0.017185332608545836,0.0018647038766848294,-0.044622792420328725,-0.002308634152108509,-0.0004179718349572061,0.014887559726376365,-0.009903284008972623,0.004005325488598563,0.023279216185160115,-0.005047240980998963,0.017253357122694636,0.004739710697682446,-0.022492212864429227,-0.00040409752128442135,-0.0037865693989796514,0.011897199087851144,0.04887587566955986,0.0022147511658820365,-0.006765430011646593,-0.004710351885909561,-0.015375632903201519,0.005918268196414256,0.00785027620046291,-0.024522028603806298,0.002763572831190224,0.004954692259838644,0.026471391635529404,-0.00875754865745525,-0.013795314681459336,-0.0012861747561168598,0.0050662639805177465,0.0012363404007222118,0.025078652544588527,0.0009424959562891325,-0.02355497603093522,0.003371284540317864,0.0022147511658820365,0.031258177906991765,0.022242327738854165,0.0055497797575387985,0.01869512139813333,0.012237010128887851,0.003176662849769369,0.03480227797510711,0.0016356871533256693,-0.012177737468405812,-0.019846115932328358,-0.031051243298546194,-0.032087413714328265,0.00518803803698488,-0.008735102726720125,-0.0015436116735443666,0.050795741442561396,-0.01598839348585234,-0.043104003867925816,0.023713569311713395,-0.006765430011646593,0.022242327738854165,0.06451404090019604,0.005156925474118273,0.037392692607698196,0.008830165700248195,-0.014981204754128383,0.042532150765479164,0.014697192666134546,-0.014056552854827329,-0.03164302805002901,-0.008672198826823175,-0.02061677334269102,0.005238953072604469,-0.0002566590236296017,0.0070756823325967685,0.021685683244320176,-0.002440601208112023,-0.006648814738905776,0.01605787807223899,-0.004710351885909561,0.0055497797575387985,0.005156925474118273,0.03723703138507069,0.029614944753549664,0.0008933632248088494,-0.014485790581708957,0.024065385371080543,0.001023724380150121,-0.018517201617012216,-0.027651553823262703,-0.021025030060775586,-0.04622780315993255,0.012770021867178148,-0.010121498552344923,-0.0022643741370873506,0.050497630798714256,-0.001464947351317987,-0.03695705686685839,0.017185332608545836,-0.015375632903201519,0.01869512139813333,0.037392692607698196,0.029614944753549664,0.07348618257284929,0.009595543634529443,-0.020828040816011938,0.04844492347620363,0.003245324584367795,-0.032461094433521076,-0.060080228472492905,-0.004156794089469409,-0.021823606481370703,-0.0022924922799973948,-0.007418848949325993,0.005854250714519891,0.008745169687819115,0.011007829174987084,-0.01213474273523893,0.0018647038766848294,0.005918268196414256,0.012237010128887851,0.008830165700248195,0.0008933632248088494,0.009595543634529443,0.03286914705947773,-0.007223604291093829,0.01720398110118481,-0.004797482484817782,-0.011317981908912029,-0.009024672446523174,0.01465630308679967,0.021854109843641296,0.0010498760257805768,0.020823220419086217,0.002622647864066079,-0.009144667410571995,0.017884494598375763,-0.008315915344238131,-0.044622792420328725,0.00785027620046291,0.003176662849769369,-0.014981204754128383,-0.014485790581708957,-0.020828040816011938,-0.007223604291093829,0.07247846326156762,0.0047770698459933866,0.008714988425169077,-0.0047703898305732255,0.014579720737372934,-0.022618178611277212,-0.060792116830042195,-0.0008147186144012468,-0.003093925395374231,0.008847805624166361,0.08047150686756495,0.0076123188546972954,-0.048395914435515414,-0.002308634152108509,-0.024522028603806298,0.03480227797510711,0.042532150765479164,0.024065385371080543,0.04844492347620363,0.01720398110118481,0.0047770698459933866,0.11186161508643154,0.008490415371674241,-0.04138723412122704,-0.06344688269945797,-0.005788402263345618,-0.005163226689093991,-0.00022379253196965556,0.004542150028047217,0.004600046838393476,0.01324610693965062,-0.00532236909723189,-0.022486611333101036,-0.0004179718349572061,0.002763572831190224,0.0016356871533256693,0.014697192666134546,0.001023724380150121,0.003245324584367795,-0.004797482484817782,0.008714988425169077,0.008490415371674241,0.03567310286775304,-0.014854499516934742,0.006555673501778105,0.008247115468450226,0.04299094425279314,-0.00626926934734524,-0.005279678256636021,-0.006493854953220119,-0.031349064617219834,-0.011140942201715279,0.03628075142975826,0.014887559726376365,0.004954692259838644,-0.012177737468405812,-0.014056552854827329,-0.018517201617012216,-0.032461094433521076,-0.011317981908912029,-0.0047703898305732255,-0.04138723412122704,-0.014854499516934742,0.06234566841421331,0.03191926106300648,0.02552381057680466,0.054861636839409776,-0.01649477903058007,0.017144590061604195,0.00542023018918948,-0.06445990128290374,-0.008280197841744203,0.03570656653562644,-0.009903284008972623,0.026471391635529404,-0.019846115932328358,-0.03164302805002901,-0.027651553823262703,-0.060080228472492905,-0.009024672446523174,0.014579720737372934,-0.06344688269945797,0.006555673501778105,0.03191926106300648,0.09474789402504845
