0.07165550734912277,-0.01784979208763654,-0.001549899229037898,-0.016746466815725714,0.0004900247640186898,-0.0022807939952403113,0.0011997100591423177,-0.010984197911179936,-0.018496862162137147,0.000836017033414467,0.005878035079703076,-0.0027638497054547143,0.00875319532065965,0.02438976892879033,0.0366239620381161,0.009619808812724758,-0.004369656600534469,-0.025658008509171132,-0.018450285391696658,-0.02036616679633344,-0.01784979208763654,0.03863574572313385,-0.006085696726404082,0.011609892471390729,-0.011915042737888229,-0.007477127702329639,-0.002181277472974254,0.023503184626377925,0.004514675065694141,0.00039894781864843797,0.007075510479546894,-0.0069400505462362,0.002941849376446056,-0.00958985202675285,-0.02828931700157404,-0.01361385012303519,0.0008579373220320982,0.014135873671338277,0.0069922981894840475,0.01072367394269945,-0.001549899229037898,-0.006085696726404082,0.03222976034410726,0.0063833033421341655,0.00817539706267302,0.02086484877840184,-0.010159477103590393,-0.0034904364341502873,-0.00199056502169265,-0.003656426927254661,-0.00794655238676746,0.008621241612405225,-0.01262893872677934,-0.00023154832770159312,0.008957860588123482,0.0023715814565497236,0.012117763490696334,-0.006810211533477845,-0.003828393096425643,0.001207848580688222,-0.016746466815725714,0.011609892471390729,0.0063833033421341655,0.03420769015120073,-0.006815641600782603,0.0018126571381465771,-0.005778108176041498,0.020659649974830843,0.008798817234333234,0.005376127264408589,0.001788990391670291,0.0038177057135110296,-0.004597076327650423,-0.01180657204938626,-0.01704962524063079,-0.00951379900739863,0.0037214300159125868,-0.0010085395165193836,0.0047114941530715035,0.014224167793191094,0.0004900247640186898,-0.011915042737888229,0.00817539706267302,-0.006815641600782603,0.028923357176240033,-0.0006537745121129167,0.0002189966310109896,-0.01735245591096423,-9.240187774098166e-5,-0.0014825259077926591,-0.006014457049738169,0.006816579275254094,-0.006047800630585326,0.006389313798391961,0.008144513795904786,0.013479521187950032,0.0039831607061470205,0.00028973582084245667,-0.0014204976475325974,0.0013190618700296385,-0.0022807939952403113,-0.007477127702329639,0.02086484877840184,0.0018126571381465771,-0.0006537745121129167,0.04984845365210239,0.002093232112052005,-0.0034597579735755036,0.0009910580032196355,-0.009413240285409876,-0.012228191544980473,0.003344630892526282,-0.0042862522076960044,-0.0026423935579522103,0.016596094719656625,-0.000771920359711097,0.014345535096406214,0.0002161616648793202,-0.01509930477407967,-0.0003335390547301886,0.0011997100591423177,-0.002181277472974254,-0.010159477103590393,-0.005778108176041498,0.0002189966310109896,0.002093232112052005,0.0262867547561895,-0.0032168976001153895,0.005854785393356031,0.0025624719561350767,0.0007295948081585425,-0.004043512891216346,0.014820304211834088,-0.0055967419384153885,0.002557480921085748,0.0032955675551021428,-0.005731080295203268,0.005476442387812137,-0.0013129045098952295,-0.004686317448487333,-0.010984197911179936,0.023503184626377925,-0.0034904364341502873,0.020659649974830843,-0.01735245591096423,-0.0034597579735755036,-0.0032168976001153895,0.051847437856160326,0.003202034272699175,0.004457371891876968,0.007500995081051022,-0.008926514919732637,0.0011282987169611933,-0.013422226110686237,-0.018810480033138698,-0.01870410861556142,-0.0008349950575799293,0.004398569762022261,-0.0009318141872752205,0.0162026718408848,-0.018496862162137147,0.004514675065694141,-0.00199056502169265,0.008798817234333234,-9.240187774098166e-5,0.0009910580032196355,0.005854785393356031,0.003202034272699175,0.027869249537265252,0.005460656860710443,-0.004692987435163384,0.0010539311288052782,0.008196617860083088,-0.011699874256863,-0.010527572537359468,-0.004023692741052472,0.004985893021123196,0.004852344931022701,0.007035905592955817,0.0055824204886311,0.000836017033414467,0.00039894781864843797,-0.003656426927254661,0.005376127264408589,-0.0014825259077926591,-0.009413240285409876,0.0025624719561350767,0.004457371891876968,0.005460656860710443,0.025901261750122435,0.0005265102600421644,-0.0022134431203549433,0.0007393751745233962,-0.00576853361935579,0.0003659724394138197,-0.0037467180645110315,-0.005664577308303283,-0.0028007795755968477,0.0003755635882914184,0.002745195305944954,0.005878035079703076,0.007075510479546894,-0.00794655238676746,0.001788990391670291,-0.006014457049738169,-0.012228191544980473,0.0007295948081585425,0.007500995081051022,-0.004692987435163384,0.0005265102600421644,0.019093631070220555,-0.005219331356323656,0.0037784189781438957,0.0024567239549019688,-0.008606558797021777,0.0005615212363148954,-0.006474645837204996,0.0020827155003277317,-0.0003934014384767147,0.0013619152405710336,-0.0027638497054547143,-0.0069400505462362,0.008621241612405225,0.0038177057135110296,0.006816579275254094,0.003344630892526282,-0.004043512891216346,-0.008926514919732637,0.0010539311288052782,-0.0022134431203549433,-0.005219331356323656,0.020684970625394206,-0.006893404145396704,0.0027282696831833113,0.0015037134783362736,0.006287356658889236,0.0025451202330756453,4.613582280370591e-5,0.0017059098451870864,0.0006810255475196056,0.00875319532065965,0.002941849376446056,-0.01262893872677934,-0.004597076327650423,-0.006047800630585326,-0.0042862522076960044,0.014820304211834088,0.0011282987169611933,0.008196617860083088,0.0007393751745233962,0.0037784189781438957,-0.006893404145396704,0.03208690283957389,-0.0016213712906389156,-0.002586575079079801,-0.0015102445304037305,-0.008213520763532375,-0.004518437276665342,-0.004850293263994001,-0.005791071827659393,0.02438976892879033,-0.00958985202675285,-0.00023154832770159312,-0.01180657204938626,0.006389313798391961,-0.0026423935579522103,-0.0055967419384153885,-0.013422226110686237,-0.011699874256863,-0.00576853361935579,0.0024567239549019688,0.0027282696831833113,-0.0016213712906389156,0.0328371423539314,0.017601572832856897,0.012436629679580001,0.0022983135914860114,-0.0060515034815779994,-0.0013970782839234537,-0.011363374874459663,0.0366239620381161,-0.02828931700157404,0.008957860588123482,-0.01704962524063079,0.008144513795904786,0.016596094719656625,0.002557480921085748,-0.018810480033138698,-0.010527572537359468,0.0003659724394138197,-0.008606558797021777,0.0015037134783362736,-0.002586575079079801,0.017601572832856897,0.05972072647072922,0.010667203720693956,0.0034399700766762622,-0.02052591213584898,-0.016998362296987063,-0.018316764722626902,0.009619808812724758,-0.01361385012303519,0.0023715814565497236,-0.00951379900739863,0.013479521187950032,-0.000771920359711097,0.0032955675551021428,-0.01870410861556142,-0.004023692741052472,-0.0037467180645110315,0.0005615212363148954,0.006287356658889236,-0.0015102445304037305,0.012436629679580001,0.010667203720693956,0.027230573984326406,-0.0028865754581190806,-0.0020215067983051227,-0.004513328070749578,-0.00568906266173888,-0.004369656600534469,0.0008579373220320982,0.012117763490696334,0.0037214300159125868,0.0039831607061470205,0.014345535096406214,-0.005731080295203268,-0.0008349950575799293,0.004985893021123196,-0.005664577308303283,-0.006474645837204996,0.0025451202330756453,-0.008213520763532375,0.0022983135914860114,0.0034399700766762622,-0.0028865754581190806,0.023933391192658717,0.0004320661459340298,-0.0011497330459979615,0.002866806929755903,-0.025658008509171132,0.014135873671338277,-0.006810211533477845,-0.0010085395165193836,0.00028973582084245667,0.0002161616648793202,0.005476442387812137,0.004398569762022261,0.004852344931022701,-0.0028007795755968477,0.0020827155003277317,4.613582280370591e-5,-0.004518437276665342,-0.0060515034815779994,-0.02052591213584898,-0.0020215067983051227,0.0004320661459340298,0.05212568630366935,0.004899765075310756,0.016727946453721693,-0.018450285391696658,0.0069922981894840475,-0.003828393096425643,0.0047114941530715035,-0.0014204976475325974,-0.01509930477407967,-0.0013129045098952295,-0.0009318141872752205,0.007035905592955817,0.0003755635882914184,-0.0003934014384767147,0.0017059098451870864,-0.004850293263994001,-0.0013970782839234537,-0.016998362296987063,-0.004513328070749578,-0.0011497330459979615,0.004899765075310756,0.023967342430629375,0.009514398263617607,-0.02036616679633344,0.01072367394269945,0.001207848580688222,0.014224167793191094,0.0013190618700296385,-0.0003335390547301886,-0.004686317448487333,0.0162026718408848,0.0055824204886311,0.002745195305944954,0.0013619152405710336,0.0006810255475196056,-0.005791071827659393,-0.011363374874459663,-0.018316764722626902,-0.00568906266173888,0.002866806929755903,0.016727946453721693,0.009514398263617607,0.027176775479904294
