0.10622600220442747,-0.015667401451551717,0.048345859261921004,-0.018945831345006908,-0.006405217894566381,0.0038941330594976084,0.007939044011282993,-0.02622644205423915,-0.0029734872470500422,0.04290675075640364,0.04756639263179218,0.013395440409782536,0.00935936153410952,-0.003011288964607503,-0.07207328789229397,0.004170837160912453,-0.009535893155442884,-0.006794155995165187,-0.03980105381211159,-0.0630991256792211,-0.015667401451551717,0.03199558753910717,-0.027853272054280627,-0.021580508048614055,-0.006699939934712033,0.00015154992151619263,0.004149576572606052,-0.0005195187102903448,0.00797963412797697,-0.008656597728331054,-0.02341000080862788,-0.01797758219220535,0.008831112887752464,0.022773351417859404,0.03292625084733573,0.014503384844155195,-0.0013280534573831167,-0.00910450430148035,0.006122637339479518,0.014894139018284765,0.048345859261921004,-0.027853272054280627,0.11064024872448464,0.026790670862909857,0.024179460074156396,0.002523698270743692,-0.00675830280761759,-0.004790247360209113,-0.030874105205908744,0.0337165601474042,0.05232279388298968,0.037445562735685695,-0.022023768055504864,-0.05155087476588812,-0.08492941992826372,-0.03664987209607402,0.00664693376221076,0.022831907733479553,-0.030847333025768076,-0.049165578620506946,-0.018945831345006908,-0.021580508048614055,0.026790670862909857,0.059597995505873545,0.016463820304362293,-0.002754267230572857,-0.017259643483094556,0.01583538373945382,-0.00662635979647883,-0.014190691595824121,0.009248540211626924,0.0211281141285366,-0.015332382449555947,-0.038318996489374896,-0.018748140065355558,-0.011342836972856547,0.019542802915109986,0.015362408628231641,-0.01106234754912561,0.0019912556437002814,-0.006405217894566381,-0.006699939934712033,0.024179460074156396,0.016463820304362293,0.03164092135197405,0.01110157517217483,-0.006899391499280547,-0.002582157966329383,-0.002744082610062794,0.0005239925008356328,0.0008303864790252896,-0.0010134825695361186,-0.016320295503656167,-0.01996151125818222,-0.02289112910389714,-0.008236071392663656,0.016098364451060804,0.017365854967540936,-0.004031638249914387,-0.0034866683580330165,0.0038941330594976084,0.00015154992151619263,0.002523698270743692,-0.002754267230572857,0.01110157517217483,0.039919904263918504,0.011283118708377443,-0.005399821841123854,0.015609152426667498,0.001710357989214018,-0.011322131279346018,-0.021833856121241405,-0.012525335803218268,0.006075032542878684,-0.006263345107132223,-0.01166773746881599,0.011707104153498031,0.007756573769050272,0.0013623530846794503,-0.010108617687990849,0.007939044011282993,0.004149576572606052,-0.00675830280761759,-0.017259643483094556,-0.006899391499280547,0.011283118708377443,0.039067821139968255,-0.011260279999574505,0.012931346779129604,0.0193569885374027,-0.006915967785496004,-0.01889260250961025,-0.0027689289953599723,0.01542933610146452,0.0037843689981596853,-0.014763206365433282,0.0015416505530634202,-0.0027173645244169924,0.0057555347444100905,-0.010187264237393474,-0.02622644205423915,-0.0005195187102903448,-0.004790247360209113,0.01583538373945382,-0.002582157966329383,-0.005399821841123854,-0.011260279999574505,0.04265453449546943,-0.005625844634086662,-0.019898132750675653,0.0016210347183173855,0.015238193926672715,0.0017958729396906179,-0.009608029116717192,0.011694476811424558,-0.01338169975079729,-0.00357576033756442,0.0020209829940863464,0.00017151409044911868,0.009918914847495646,-0.0029734872470500422,0.00797963412797697,-0.030874105205908744,-0.00662635979647883,-0.002744082610062794,0.015609152426667498,0.012931346779129604,-0.005625844634086662,0.04126453299286411,-0.004621497882006042,-0.02783347656712499,-0.021348986553705082,-0.002252573784282876,0.01699496748436371,0.01165638317906345,0.01200559987863839,0.0036019605594192977,-0.0055141701662806426,0.008965647895007187,0.0005495813057916736,0.04290675075640364,-0.008656597728331054,0.0337165601474042,-0.014190691595824121,0.0005239925008356328,0.001710357989214018,0.0193569885374027,-0.019898132750675653,-0.004621497882006042,0.05941105158983366,0.02431205901758188,-0.006173420698201119,-0.004858099555046033,0.004050576841434512,-0.03701322353025998,-0.023523242847489738,-0.0009839128406925763,0.00654973223303293,-0.010928480183026081,-0.038925683142752486,0.04756639263179218,-0.02341000080862788,0.05232279388298968,0.009248540211626924,0.0008303864790252896,-0.011322131279346018,-0.006915967785496004,0.0016210347183173855,-0.02783347656712499,0.02431205901758188,0.08944637357829377,0.047278246507741296,-0.002686521434751732,-0.03986532803979525,-0.0660443797397346,-0.014716902428048014,-0.004330064301952943,0.011369215358450372,-0.03682818914563622,-0.03893748649834086,0.013395440409782536,-0.01797758219220535,0.037445562735685695,0.0211281141285366,-0.0010134825695361186,-0.021833856121241405,-0.01889260250961025,0.015238193926672715,-0.021348986553705082,-0.006173420698201119,0.047278246507741296,0.06997312002740531,0.010831802806654488,-0.03758011347634027,-0.0441041374708194,0.0006963103639736963,0.00039034315452317163,0.005094124528411201,-0.03133428261956532,-0.01181886278091487,0.00935936153410952,0.008831112887752464,-0.022023768055504864,-0.015332382449555947,-0.016320295503656167,-0.012525335803218268,-0.0027689289953599723,0.0017958729396906179,-0.002252573784282876,-0.004858099555046033,-0.002686521434751732,0.010831802806654488,0.04673976222119728,0.01154926160087289,0.008582450639359335,0.02313347483569885,-0.023247607628531626,-0.014186066808028173,-0.004796111009309744,0.007556694110376698,-0.003011288964607503,0.022773351417859404,-0.05155087476588812,-0.038318996489374896,-0.01996151125818222,0.006075032542878684,0.01542933610146452,-0.009608029116717192,0.01699496748436371,0.004050576841434512,-0.03986532803979525,-0.03758011347634027,0.01154926160087289,0.07380922242458265,0.05537001787111288,0.01110462813488058,-0.011915466514079442,-0.02213669630624852,0.030883931329885102,0.017320123991376567,-0.07207328789229397,0.03292625084733573,-0.08492941992826372,-0.018748140065355558,-0.02289112910389714,-0.006263345107132223,0.0037843689981596853,0.011694476811424558,0.01165638317906345,-0.03701322353025998,-0.0660443797397346,-0.0441041374708194,0.008582450639359335,0.05537001787111288,0.1358685180770298,0.01866939441531328,-0.010529742399310836,-0.02180528405391475,0.052484991505413275,0.06837669344412646,0.004170837160912453,0.014503384844155195,-0.03664987209607402,-0.011342836972856547,-0.008236071392663656,-0.01166773746881599,-0.014763206365433282,-0.01338169975079729,0.01200559987863839,-0.023523242847489738,-0.014716902428048014,0.0006963103639736963,0.02313347483569885,0.01110462813488058,0.01866939441531328,0.07026662024326295,-0.0022055457557564363,-0.018716059842518888,-0.004193908703401898,0.02276100472650237,-0.009535893155442884,-0.0013280534573831167,0.00664693376221076,0.019542802915109986,0.016098364451060804,0.011707104153498031,0.0015416505530634202,-0.00357576033756442,0.0036019605594192977,-0.0009839128406925763,-0.004330064301952943,0.00039034315452317163,-0.023247607628531626,-0.011915466514079442,-0.010529742399310836,-0.0022055457557564363,0.043267478001755594,0.012471686417451232,-0.0008752661489376639,0.004179512272036969,-0.006794155995165187,-0.00910450430148035,0.022831907733479553,0.015362408628231641,0.017365854967540936,0.007756573769050272,-0.0027173645244169924,0.0020209829940863464,-0.0055141701662806426,0.00654973223303293,0.011369215358450372,0.005094124528411201,-0.014186066808028173,-0.02213669630624852,-0.02180528405391475,-0.018716059842518888,0.012471686417451232,0.03711569723028386,-0.009729575023527458,-0.007204869438506834,-0.03980105381211159,0.006122637339479518,-0.030847333025768076,-0.01106234754912561,-0.004031638249914387,0.0013623530846794503,0.0057555347444100905,0.00017151409044911868,0.008965647895007187,-0.010928480183026081,-0.03682818914563622,-0.03133428261956532,-0.004796111009309744,0.030883931329885102,0.052484991505413275,-0.004193908703401898,-0.0008752661489376639,-0.009729575023527458,0.06128010841414499,0.029556375354676423,-0.0630991256792211,0.014894139018284765,-0.049165578620506946,0.0019912556437002814,-0.0034866683580330165,-0.010108617687990849,-0.010187264237393474,0.009918914847495646,0.0005495813057916736,-0.038925683142752486,-0.03893748649834086,-0.01181886278091487,0.007556694110376698,0.017320123991376567,0.06837669344412646,0.02276100472650237,0.004179512272036969,-0.007204869438506834,0.029556375354676423,0.07153145504956816
