0.023407068528829296,0.003054432534835173,0.00364298456125514,-0.00784546201354568,-0.0012081725704398013,0.012952325530911822,-0.002954863915801403,0.0030218171397527085,-0.003533321951055766,0.001128657291808761,0.007700341390121813,-0.00409941456092882,0.00046708406847791457,-0.0024221308716449157,0.0005449805769910544,-0.0046486345029951755,0.005882347859363905,0.002628572077668736,-0.0006688871602073879,0.008658464674661828,0.003054432534835173,0.023368174446501657,0.0008319404057583263,-0.007832962972640068,0.0019255697204491656,-0.0023614488409754403,0.00661004234637249,-0.0022333537486968007,0.0035564501760989367,0.004012881234763424,0.0013283735951193547,-0.006549853185179503,-0.0034448418920026433,0.00263917505649194,0.0007255888344155947,-0.002268671365846202,-0.006177115974999767,0.00910044747099016,0.0033432799703744264,0.0013787304935010507,0.00364298456125514,0.0008319404057583263,0.020414087107578326,-0.004268240043098915,-0.0022615658499230903,0.005882517876167432,-0.0009881444257938885,0.003665593705259469,0.005526821095398211,-0.0015257547313759765,0.0010444026578313509,0.0018514923355642868,-0.003947580459848972,0.002352648947628092,0.002445108105655269,-0.005421457163033203,-0.0008659124879537854,-0.00116863072527725,0.0074496706814995576,0.010164638794293624,-0.00784546201354568,-0.007832962972640068,-0.004268240043098915,0.02828538201225999,0.007784012895843018,-0.0011358745549968437,-0.0009251264213839398,0.002791977640451566,-0.004712401794155413,0.00029280456217639124,-0.007277299977491745,0.002830052409766243,0.0018325175876702671,0.004454913454069428,-0.002020014455151809,0.00476981231984689,0.002558560717426741,-0.0006543624541546407,-0.002209356535919403,-0.005444520106424168,-0.0012081725704398013,0.0019255697204491656,-0.0022615658499230903,0.007784012895843018,0.022104530991918284,0.0031574489168326343,0.0032291378987743947,0.0023908022022370214,0.0012463431279363367,0.0005119059742237143,-0.007934243099948758,-0.004128146352064737,-0.002097273878695429,0.008923801024164606,-0.00494101085666733,-0.00047646088306407526,-0.0014600834038103225,0.002938454432924822,-0.0033096913683046685,-0.0006123494407576818,0.012952325530911822,-0.0023614488409754403,0.005882517876167432,-0.0011358745549968437,0.0031574489168326343,0.032565988854013496,-0.007253091794994574,0.005685688837089626,-0.004363120236270076,0.004150030677246201,0.004641375575895217,0.001711572688049894,0.0006467437368697459,-0.0009212102529991724,-0.0013892639431604059,-0.006219944333045622,0.009781952429400364,0.0009391857603556738,-0.0022944258290402923,0.007667909031781089,-0.002954863915801403,0.00661004234637249,-0.0009881444257938885,-0.0009251264213839398,0.0032291378987743947,-0.007253091794994574,0.019639226662071105,-0.007987847849736177,0.008245432922782596,-0.001548807163973944,-0.0009496663211843205,-0.009042604287874133,-0.0036473948623933477,0.004390378894714229,0.0017234042489489498,0.0021656942557241416,-0.007211578415320175,0.005359853725874953,0.003427602045072096,-0.0018496733755424808,0.0030218171397527085,-0.0022333537486968007,0.003665593705259469,0.002791977640451566,0.0023908022022370214,0.005685688837089626,-0.007987847849736177,0.015791940435212804,-0.0004285963886767337,0.0017195579343794553,-0.002344513641930889,0.006910217139351142,0.004710650350831666,-0.002151027083242724,-0.003168065494471936,-0.0024187541966518384,0.0010649768091045087,-0.006997486748442746,-0.0013567091980920118,0.0027757640281942126,-0.003533321951055766,0.0035564501760989367,0.005526821095398211,-0.004712401794155413,0.0012463431279363367,-0.004363120236270076,0.008245432922782596,-0.0004285963886767337,0.015752330284993156,-0.0031599965605782683,0.0023889751022502237,-0.0009076354819842723,-0.004415224867495285,0.007448797305066342,0.00538257508913359,-0.0019417049989985161,-0.0032340010530077473,0.005929753620124602,0.0056924782340872955,0.0027862130258672004,0.001128657291808761,0.004012881234763424,-0.0015257547313759765,0.00029280456217639124,0.0005119059742237143,0.004150030677246201,-0.001548807163973944,0.0017195579343794553,-0.0031599965605782683,0.01408229136905593,-0.0008813235701055871,-0.001155408465082951,0.004099487536987143,-0.0016550953948148489,-0.0010871044309981514,-0.0002793467255064418,0.0017709310248651166,0.001331303009671113,-0.0017928707746555238,0.0007593581206049073,0.007700341390121813,0.0013283735951193547,0.0010444026578313509,-0.007277299977491745,-0.007934243099948758,0.004641375575895217,-0.0009496663211843205,-0.002344513641930889,0.0023889751022502237,-0.0008813235701055871,0.023697182253557245,0.003270512039482892,0.005442387231202782,-0.005545389115922791,0.004198963371413537,-0.004812210581984815,0.004236217847985783,0.0017164595448566592,0.000612489474680225,-0.0004844412076556755,-0.00409941456092882,-0.006549853185179503,0.0018514923355642868,0.002830052409766243,-0.004128146352064737,0.001711572688049894,-0.009042604287874133,0.006910217139351142,-0.0009076354819842723,-0.001155408465082951,0.003270512039482892,0.027742856586740635,0.011041631553359216,-0.004853706376819455,0.00020395419714309217,0.0012074549543109648,0.006120803828139245,-0.012513023546995499,-0.0015029283984843301,-0.004460686764970863,0.00046708406847791457,-0.0034448418920026433,-0.003947580459848972,0.0018325175876702671,-0.002097273878695429,0.0006467437368697459,-0.0036473948623933477,0.004710650350831666,-0.004415224867495285,0.004099487536987143,0.005442387231202782,0.011041631553359216,0.02982423134476982,-0.010208247452936813,-0.00047080011329028726,0.00784453309269333,0.012301587937593977,-0.00912265743665281,-0.003307935221716737,-0.008101242930859403,-0.0024221308716449157,0.00263917505649194,0.002352648947628092,0.004454913454069428,0.008923801024164606,-0.0009212102529991724,0.004390378894714229,-0.002151027083242724,0.007448797305066342,-0.0016550953948148489,-0.005545389115922791,-0.004853706376819455,-0.010208247452936813,0.020076283664785664,0.000373323694869008,-0.0046667674851231505,-0.005664417098353752,0.006273367299848886,0.0006219978957833084,0.003319063529718911,0.0005449805769910544,0.0007255888344155947,0.002445108105655269,-0.002020014455151809,-0.00494101085666733,-0.0013892639431604059,0.0017234042489489498,-0.003168065494471936,0.00538257508913359,-0.0010871044309981514,0.004198963371413537,0.00020395419714309217,-0.00047080011329028726,0.000373323694869008,0.013483954654139468,-0.001826159906285998,0.0003942192481064439,0.0022492993991898467,6.275143588831312e-5,0.0011061636907860376,-0.0046486345029951755,-0.002268671365846202,-0.005421457163033203,0.00476981231984689,-0.00047646088306407526,-0.006219944333045622,0.0021656942557241416,-0.0024187541966518384,-0.0019417049989985161,-0.0002793467255064418,-0.004812210581984815,0.0012074549543109648,0.00784453309269333,-0.0046667674851231505,-0.001826159906285998,0.019435100068975746,0.0011361035270880514,-0.005360667666777471,1.9801370658911464e-5,-0.005361729658115537,0.005882347859363905,-0.006177115974999767,-0.0008659124879537854,0.002558560717426741,-0.0014600834038103225,0.009781952429400364,-0.007211578415320175,0.0010649768091045087,-0.0032340010530077473,0.0017709310248651166,0.004236217847985783,0.006120803828139245,0.012301587937593977,-0.005664417098353752,0.0003942192481064439,0.0011361035270880514,0.025947893229314394,-0.0025675864494175706,-0.00624047575003483,0.00152043361333701,0.002628572077668736,0.00910044747099016,-0.00116863072527725,-0.0006543624541546407,0.002938454432924822,0.0009391857603556738,0.005359853725874953,-0.006997486748442746,0.005929753620124602,0.001331303009671113,0.0017164595448566592,-0.012513023546995499,-0.00912265743665281,0.006273367299848886,0.0022492993991898467,-0.005360667666777471,-0.0025675864494175706,0.024181414391797447,0.0005634381509218114,0.0020169713463596478,-0.0006688871602073879,0.0033432799703744264,0.0074496706814995576,-0.002209356535919403,-0.0033096913683046685,-0.0022944258290402923,0.003427602045072096,-0.0013567091980920118,0.0056924782340872955,-0.0017928707746555238,0.000612489474680225,-0.0015029283984843301,-0.003307935221716737,0.0006219978957833084,6.275143588831312e-5,1.9801370658911464e-5,-0.00624047575003483,0.0005634381509218114,0.024659037211572175,0.004929543266194441,0.008658464674661828,0.0013787304935010507,0.010164638794293624,-0.005444520106424168,-0.0006123494407576818,0.007667909031781089,-0.0018496733755424808,0.0027757640281942126,0.0027862130258672004,0.0007593581206049073,-0.0004844412076556755,-0.004460686764970863,-0.008101242930859403,0.003319063529718911,0.0011061636907860376,-0.005361729658115537,0.00152043361333701,0.0020169713463596478,0.004929543266194441,0.024207155771143074
