0.02618135789982821,0.0017274023180964512,0.0034118023211315938,-0.006930331186429805,-0.0009975929149235417,0.009269268110860237,-0.0014136941203422675,0.00499271141945574,-0.001618104189954852,-0.0010240698191548983,0.008228189317616447,-0.0021056660806450765,-0.0006736459810511551,-0.0014692684807645169,0.00044967520026408143,-0.002873797886983993,0.005119660494720118,0.00023818998022997643,-1.271169890866174e-5,0.006144424357774892,0.0017274023180964512,0.024810651012115933,-0.0006597656146120792,-0.004211421324205029,0.0019691579442702766,-0.0032727847750372396,0.00714237897440417,-0.004837336957265917,0.0027951306305485516,0.005676919743203276,0.001860510126464552,-0.0047085182026257045,-0.0026096017280424844,0.004106040262174827,0.0007576433186054095,-0.0029251695471926267,-0.0036316845918304354,0.010946659089545958,0.003843933702649852,-0.0007136535702601129,0.0034118023211315938,-0.0006597656146120792,0.020397037239172223,-0.005937322323087189,-0.0043504350924880655,0.0034125559620082103,-0.00010361670030678192,0.002846297821735529,0.005433679731996459,-0.0011251240617066896,0.000800643232351165,-0.00036341470462111775,-0.0028041991170155273,-0.0006765348348163609,0.003488283216196485,-0.004071255296310932,-0.0017871355778145475,-0.0014927503761216563,0.006761489278745312,0.008859672137610044,-0.006930331186429805,-0.004211421324205029,-0.005937322323087189,0.028355701749325935,0.0075969258036450065,-0.00039786347775193234,-0.0010102148166574781,0.0030892915174710687,-0.005388162731489607,-0.0001429803622802857,-0.007988323684460827,0.002821639738820392,0.00022590550122261017,0.0052257094433338005,-0.0022745948139578035,0.005652383837518187,0.002317025191286533,0.001237801665418456,-0.00425453063299429,-0.004579522921845054,-0.0009975929149235417,0.0019691579442702766,-0.0043504350924880655,0.0075969258036450065,0.02216143444101783,0.005505047713739233,0.001251474280978345,-0.00021594279147313998,0.0006850294463276659,0.002159391377501577,-0.005556325829485419,-0.0005698342126603262,-0.0010117192488598358,0.009188498977903957,-0.0028707151733540566,0.00038801630815366473,0.002378222585991296,0.0027232239354931984,-0.004228033482604984,-0.0012326316979366584,0.009269268110860237,-0.0032727847750372396,0.0034125559620082103,-0.00039786347775193234,0.005505047713739233,0.02960388490505578,-0.0050373349690859045,0.0038020687101096295,-0.006164528907129079,0.001748049035272179,0.0023846163686882024,-0.0011865563116932561,-0.0016009326477334225,-0.0015843713822319145,-0.0017534572407910565,-0.005007435849437892,0.005853671906946092,-0.0013358841031144348,-0.003565741384174922,0.007025287624909622,-0.0014136941203422675,0.00714237897440417,-0.00010361670030678192,-0.0010102148166574781,0.001251474280978345,-0.0050373349690859045,0.01746068797786321,-0.007216676477953826,0.010661256459033475,-0.00014599863959235986,0.0026877371747689323,-0.006485433487054418,-0.0033798783669380006,0.003558477621486244,0.0030236973942472465,0.0009517050701057891,-0.00523252647292221,0.00967832665289375,0.005313335919153874,-0.002164923503822899,0.00499271141945574,-0.004837336957265917,0.002846297821735529,0.0030892915174710687,-0.00021594279147313998,0.0038020687101096295,-0.007216676477953826,0.018083555306328228,-0.0004882099945635126,-0.0006544817046632593,-0.004341708294178564,0.007213153865035462,0.005101975570075596,-0.0027841313446439315,-0.0048193240324871595,0.0008269660905060473,0.0014222342822234535,-0.011248179050461564,-0.003090108247557539,-6.741535374818458e-5,-0.001618104189954852,0.0027951306305485516,0.005433679731996459,-0.005388162731489607,0.0006850294463276659,-0.006164528907129079,0.010661256459033475,-0.0004882099945635126,0.02011883931085239,-0.0008163122018049263,0.0039666307901209,0.0008106674055816454,-0.001338187122651228,0.006937159905484938,0.005276815315051082,0.0024610015012844146,-0.0031278782214957277,0.007999375807851443,0.008788982913199116,-0.00010457078070271977,-0.0010240698191548983,0.005676919743203276,-0.0011251240617066896,-0.0001429803622802857,0.002159391377501577,0.001748049035272179,-0.00014599863959235986,-0.0006544817046632593,-0.0008163122018049263,0.016855058469737574,0.001471480215085357,0.00043192856873585695,0.006469135709256529,-0.0007646763961210914,-0.0005735701045027288,-0.001522872222733221,0.0013920268568022825,0.005031991506255601,-0.0020384496995539494,-0.001372214786423233,0.008228189317616447,0.001860510126464552,0.000800643232351165,-0.007988323684460827,-0.005556325829485419,0.0023846163686882024,0.0026877371747689323,-0.004341708294178564,0.0039666307901209,0.001471480215085357,0.025341315218322003,0.00274560107473361,0.006243351546703404,-0.004536267800965069,0.004293633085281932,-0.003835009960187212,0.00037974280882552156,0.0027907190389146004,0.003978525599196628,-0.0019414420743689442,-0.0021056660806450765,-0.0047085182026257045,-0.00036341470462111775,0.002821639738820392,-0.0005698342126603262,-0.0011865563116932561,-0.006485433487054418,0.007213153865035462,0.0008106674055816454,0.00043192856873585695,0.00274560107473361,0.026998886167388457,0.011891572684318698,-0.0019260963307826317,-0.001351227855037644,0.004535526490350484,0.006759335822926769,-0.014334149669823,-0.001859339756202121,-0.005514662174071285,-0.0006736459810511551,-0.0026096017280424844,-0.0028041991170155273,0.00022590550122261017,-0.0010117192488598358,-0.0016009326477334225,-0.0033798783669380006,0.005101975570075596,-0.001338187122651228,0.006469135709256529,0.006243351546703404,0.011891572684318698,0.03121015991741925,-0.007220818592946123,-0.0013940464728037058,0.008918684505130798,0.012622750596677813,-0.010044848378475777,-0.005737566695023795,-0.009712053568518878,-0.0014692684807645169,0.004106040262174827,-0.0006765348348163609,0.0052257094433338005,0.009188498977903957,-0.0015843713822319145,0.003558477621486244,-0.0027841313446439315,0.006937159905484938,-0.0007646763961210914,-0.004536267800965069,-0.0019260963307826317,-0.007220818592946123,0.02010021121522009,0.0001408630379386634,-0.003519964039756969,-0.004851535754809703,0.006989135427536191,0.001761244037938186,0.0022206243771705266,0.00044967520026408143,0.0007576433186054095,0.003488283216196485,-0.0022745948139578035,-0.0028707151733540566,-0.0017534572407910565,0.0030236973942472465,-0.0048193240324871595,0.005276815315051082,-0.0005735701045027288,0.004293633085281932,-0.001351227855037644,-0.0013940464728037058,0.0001408630379386634,0.013879256989037995,-0.00023457634366558992,-0.0015850783998094505,0.003363182259495727,0.0006205213664157088,0.0016010250534586304,-0.002873797886983993,-0.0029251695471926267,-0.004071255296310932,0.005652383837518187,0.00038801630815366473,-0.005007435849437892,0.0009517050701057891,0.0008269660905060473,0.0024610015012844146,-0.001522872222733221,-0.003835009960187212,0.004535526490350484,0.008918684505130798,-0.003519964039756969,-0.00023457634366558992,0.022558914679470275,0.005281817764617469,-0.0059245567227644,0.0002603975753678354,-0.006742265999804398,0.005119660494720118,-0.0036316845918304354,-0.0017871355778145475,0.002317025191286533,0.002378222585991296,0.005853671906946092,-0.00523252647292221,0.0014222342822234535,-0.0031278782214957277,0.0013920268568022825,0.00037974280882552156,0.006759335822926769,0.012622750596677813,-0.004851535754809703,-0.0015850783998094505,0.005281817764617469,0.02588566765296955,-0.007073613967466381,-0.007470173644757881,-0.0012809675564061976,0.00023818998022997643,0.010946659089545958,-0.0014927503761216563,0.001237801665418456,0.0027232239354931984,-0.0013358841031144348,0.00967832665289375,-0.011248179050461564,0.007999375807851443,0.005031991506255601,0.0027907190389146004,-0.014334149669823,-0.010044848378475777,0.006989135427536191,0.003363182259495727,-0.0059245567227644,-0.007073613967466381,0.0347956217251449,0.00333158775251409,0.0042268003300685334,-1.271169890866174e-5,0.003843933702649852,0.006761489278745312,-0.00425453063299429,-0.004228033482604984,-0.003565741384174922,0.005313335919153874,-0.003090108247557539,0.008788982913199116,-0.0020384496995539494,0.003978525599196628,-0.001859339756202121,-0.005737566695023795,0.001761244037938186,0.0006205213664157088,0.0002603975753678354,-0.007470173644757881,0.00333158775251409,0.025878897594771317,0.0039043314259082007,0.006144424357774892,-0.0007136535702601129,0.008859672137610044,-0.004579522921845054,-0.0012326316979366584,0.007025287624909622,-0.002164923503822899,-6.741535374818458e-5,-0.00010457078070271977,-0.001372214786423233,-0.0019414420743689442,-0.005514662174071285,-0.009712053568518878,0.0022206243771705266,0.0016010250534586304,-0.006742265999804398,-0.0012809675564061976,0.0042268003300685334,0.0039043314259082007,0.023295945959296897
