0.025011878600505025,0.022688058769646927,0.023734196772060935,0.014664448847258064,0.015836164930094817,0.0024628720400691672,0.008370432685783427,0.014247410951177382,0.013929312859668298,0.02587913249693271,0.007993434949047133,0.018555975326068466,0.013163322393629991,0.01321017867768658,0.005164170000203561,0.012312778726024744,0.011913572758283256,0.002455416062071639,0.007775861102146111,0.0072556383382296665,0.022688058769646927,0.04127533742659013,0.039147878107470335,0.02398017155664166,0.023671918722212238,0.004829051534411153,0.011034277131966669,0.018055688641242754,0.01546573373374079,0.03818691630081014,0.011962364657285948,0.02341198056356498,0.02088794367058946,0.020407375907785866,0.006546454599757114,0.01870665730168737,0.019252931155789334,0.0017651027464498227,0.010880527780278808,0.007722771724850712,0.023734196772060935,0.039147878107470335,0.07081968732652172,0.037826971637523035,0.032571189751436094,-0.012518263340306934,0.02478078894339127,0.00528628130574446,0.010378721600048841,0.05166893163584397,0.018245427644041738,0.030804740828145966,0.03059940454172329,0.025890184938292572,0.017209911316078963,0.02362727775522035,0.043794419476959445,-0.005253957682327457,0.019388735803076932,-0.009132149442069934,0.014664448847258064,0.02398017155664166,0.037826971637523035,0.07349002217388172,0.019105129330144452,-0.011335622699774332,0.002911990785943802,-0.0037628340386597586,0.03037990712333171,0.040991860634583516,0.01506628358205104,0.036198412474027226,0.018136657235682356,0.027469787724455012,0.012077729552352597,0.0002547141648101361,0.022409889762727512,-0.010056886318693663,0.016563844755668355,0.0038586549118625646,0.015836164930094817,0.023671918722212238,0.032571189751436094,0.019105129330144452,0.027607509463716588,-0.002521821584473026,0.01237067223795044,0.013100962898868597,0.011186389040710815,0.030907561389618594,0.012033946180602197,0.018007101676688276,0.01714294661238743,0.01286835512595686,0.004994834860870047,0.013682164318139145,0.02057681675092974,-0.0012297125128093332,0.010433068282953721,0.001997875088955354,0.0024628720400691672,0.004829051534411153,-0.012518263340306934,-0.011335622699774332,-0.002521821584473026,0.029405277993866618,-0.016261402302468274,0.020620836212998664,0.011857104775831226,0.00037745537886638424,-0.006193973703711629,-0.0026181852284593464,-0.006066951170803978,-0.00030133380064765097,-0.009875033762236606,-0.0010146607231440396,-0.024424032223557504,0.00865809023029563,-0.007544662706616303,0.019935631993048347,0.008370432685783427,0.011034277131966669,0.02478078894339127,0.002911990785943802,0.01237067223795044,-0.016261402302468274,0.03459280929282292,-0.0026357912330851416,-0.006498706020210711,0.01414039200731091,0.011771881035916809,0.009484525181788609,0.0158609554178525,0.005167317102269305,0.005516863297377649,0.01259351226657749,0.03010569411516956,-0.004204299342387308,0.010123551951848421,-0.010661922029599978,0.014247410951177382,0.018055688641242754,0.00528628130574446,-0.0037628340386597586,0.013100962898868597,0.020620836212998664,-0.0026357912330851416,0.03999003689283909,0.017443101699595703,0.014697049905582037,0.004395359033627497,0.006185955041020233,0.008389419210648369,0.004909335044065432,-0.003784895161924306,0.013296354007450915,-0.0061744182421433706,0.01375911254795218,0.001419881267266733,0.023848666366630793,0.013929312859668298,0.01546573373374079,0.010378721600048841,0.03037990712333171,0.011186389040710815,0.011857104775831226,-0.006498706020210711,0.017443101699595703,0.04227484030342558,0.022850226762367302,0.006531491478471822,0.019656088578400493,0.010552264403159772,0.01740834044796274,0.0032557883028745114,0.0008671510526727879,-0.000606661440222431,0.007173733892729232,0.006374212793413829,0.02270795812461566,0.02587913249693271,0.03818691630081014,0.05166893163584397,0.040991860634583516,0.030907561389618594,0.00037745537886638424,0.01414039200731091,0.014697049905582037,0.022850226762367302,0.05836400425601012,0.01505116939807307,0.030570476077711246,0.026340561200566326,0.025699113589773344,0.010511027805887236,0.020435585865544705,0.028578353552754752,-0.0007809244880286341,0.016895697585952413,0.002978178769663528,0.007993434949047133,0.011962364657285948,0.018245427644041738,0.01506628358205104,0.012033946180602197,-0.006193973703711629,0.011771881035916809,0.004395359033627497,0.006531491478471822,0.01505116939807307,0.019789085057656215,0.011818505665508931,0.013377008121069546,0.008859613627107505,0.006469497747815695,0.007102272431425133,0.016766284261259416,0.002259512991725953,0.008542894102980841,0.0031439553443631096,0.018555975326068466,0.02341198056356498,0.030804740828145966,0.036198412474027226,0.018007101676688276,-0.0026181852284593464,0.009484525181788609,0.006185955041020233,0.019656088578400493,0.030570476077711246,0.011818505665508931,0.03585689475201158,0.016907397839808748,0.020397503434665266,0.008614036054695896,0.009142749965826728,0.018966435718913925,-0.00418863697005179,0.013427515711243856,0.004439206166512643,0.013163322393629991,0.02088794367058946,0.03059940454172329,0.018136657235682356,0.01714294661238743,-0.006066951170803978,0.0158609554178525,0.008389419210648369,0.010552264403159772,0.026340561200566326,0.013377008121069546,0.016907397839808748,0.03051986445808378,0.011919912566083313,0.008107382734043024,0.013996746469442729,0.024036147934708485,0.0019234568537781342,0.010649889380802687,-0.0004482522754430826,0.01321017867768658,0.020407375907785866,0.025890184938292572,0.027469787724455012,0.01286835512595686,-0.00030133380064765097,0.005167317102269305,0.004909335044065432,0.01740834044796274,0.025699113589773344,0.008859613627107505,0.020397503434665266,0.011919912566083313,0.025918226308208295,0.005512782367789022,0.0066061130143865365,0.012496629292041074,-0.0006118136487832775,0.0075746457332483575,0.007258247376375783,0.005164170000203561,0.006546454599757114,0.017209911316078963,0.012077729552352597,0.004994834860870047,-0.009875033762236606,0.005516863297377649,-0.003784895161924306,0.0032557883028745114,0.010511027805887236,0.006469497747815695,0.008614036054695896,0.008107382734043024,0.005512782367789022,0.017026527525284243,0.003024585110801335,0.011941525361411708,-0.0035536244307319007,0.005404390934272889,-0.004144099870622309,0.012312778726024744,0.01870665730168737,0.02362727775522035,0.0002547141648101361,0.013682164318139145,-0.0010146607231440396,0.01259351226657749,0.013296354007450915,0.0008671510526727879,0.020435585865544705,0.007102272431425133,0.009142749965826728,0.013996746469442729,0.0066061130143865365,0.003024585110801335,0.027822320541605845,0.01617477291780347,-0.00030169716677372544,0.007461454236070069,-0.0012480537189248145,0.011913572758283256,0.019252931155789334,0.043794419476959445,0.022409889762727512,0.02057681675092974,-0.024424032223557504,0.03010569411516956,-0.0061744182421433706,-0.000606661440222431,0.028578353552754752,0.016766284261259416,0.018966435718913925,0.024036147934708485,0.012496629292041074,0.011941525361411708,0.01617477291780347,0.0525755893807755,-0.009445689783693971,0.01805483338289371,-0.016414776268059254,0.002455416062071639,0.0017651027464498227,-0.005253957682327457,-0.010056886318693663,-0.0012297125128093332,0.00865809023029563,-0.004204299342387308,0.01375911254795218,0.007173733892729232,-0.0007809244880286341,0.002259512991725953,-0.00418863697005179,0.0019234568537781342,-0.0006118136487832775,-0.0035536244307319007,-0.00030169716677372544,-0.009445689783693971,0.018691420925171728,-0.0026409404978707364,0.014874308920999387,0.007775861102146111,0.010880527780278808,0.019388735803076932,0.016563844755668355,0.010433068282953721,-0.007544662706616303,0.010123551951848421,0.001419881267266733,0.006374212793413829,0.016895697585952413,0.008542894102980841,0.013427515711243856,0.010649889380802687,0.0075746457332483575,0.005404390934272889,0.007461454236070069,0.01805483338289371,-0.0026409404978707364,0.016040151592651694,-0.001841549414587178,0.0072556383382296665,0.007722771724850712,-0.009132149442069934,0.0038586549118625646,0.001997875088955354,0.019935631993048347,-0.010661922029599978,0.023848666366630793,0.02270795812461566,0.002978178769663528,0.0031439553443631096,0.004439206166512643,-0.0004482522754430826,0.007258247376375783,-0.004144099870622309,-0.0012480537189248145,-0.016414776268059254,0.014874308920999387,-0.001841549414587178,0.04005107768282356
