0.044154442812965225,0.001746794996670371,-0.0040570324876151405,-0.0381572574202923,-0.010511563823720847,0.019038092226299375,0.008996143863864972,0.010090883587732143,0.029953470139313175,0.012828942037280373,-0.0036655103497592306,-0.013580732164294883,-0.004026734958159498,0.0074770345742148974,0.03653873800843654,0.029352422605967404,-0.003237848233542625,-0.01588324520758204,-0.016179040304604514,-0.031321521448404416,0.001746794996670371,0.032298766199422776,0.001523207262608452,-0.023991894279278468,-0.018594492070754524,-0.0008161407128316664,-0.00681535545880748,-0.009912503943999649,0.006734925068200489,-0.002270445677717979,-0.004796120993344916,-0.013536347875555112,-0.005451830760085062,-0.001980812758455574,0.022735874228518124,0.008315251096852104,-0.019866953269992296,-0.0009453723953843306,0.0006370591041601286,-0.009767200250579741,-0.0040570324876151405,0.001523207262608452,0.2113935218161276,-0.07693643312331022,-0.09217520024810419,0.030650186487070886,0.038174923582309304,-0.030344367315328358,0.013168789566348435,0.047345301487271604,0.007834433359454253,-0.07728035072162948,-0.0017769993131922395,-0.015218964459121596,0.0505104336344048,0.03316496229060836,-0.04084450798498823,-0.025316453269813223,-0.04152031540937846,-0.0002153735809880936,-0.0381572574202923,-0.023991894279278468,-0.07693643312331022,0.18977000474271466,0.10411680840420888,-0.028437694078570518,-0.02811943593044862,-0.014291399234419563,-0.07119387705216404,-0.033080315334285446,0.029658094006819284,0.0880635612471449,0.0031580089922247003,-0.007853553894500778,-0.13576686914086022,-0.07357614119761868,0.04328088908104026,0.038015786247965117,0.049210790283888084,0.08154086289240531,-0.010511563823720847,-0.018594492070754524,-0.09217520024810419,0.10411680840420888,0.10134674598317422,-0.017914331781513408,-0.01615793494329501,0.009577417856912756,-0.03525304860543535,-0.029767187542972515,0.01938304499421138,0.06073209834963599,0.009152373478476871,0.006277213993476657,-0.08106386793723984,-0.03798658184000704,0.04867510160101852,0.016287632115239068,0.03591195448251099,0.03219987281742357,0.019038092226299375,-0.0008161407128316664,0.030650186487070886,-0.028437694078570518,-0.017914331781513408,0.04216438011483233,0.020487120776800906,-0.01031390093375027,0.021314980474861973,0.022471208479145365,0.004320163828225162,-0.02170384465771622,0.007845427451709998,-0.007351753683216496,0.01609619763446011,0.02932706734915424,-0.005114508750238528,-0.017342061927562977,-0.017258811148887505,-0.03006993652983305,0.008996143863864972,-0.00681535545880748,0.038174923582309304,-0.02811943593044862,-0.01615793494329501,0.020487120776800906,0.03891590770775511,-0.006650421734499478,0.009798553514313437,0.02132019097476906,0.0011046633692218238,-0.026514243918242135,0.010949620085689962,-0.005718749410977924,0.02574893184550923,0.02907570807802927,-0.004086382388467409,-0.013823809695652035,-0.019186752999897125,-0.0234801082220746,0.010090883587732143,-0.009912503943999649,-0.030344367315328358,-0.014291399234419563,0.009577417856912756,-0.01031390093375027,-0.006650421734499478,0.0634422475842405,0.01708668177324644,-0.01494707052012421,-0.019317636880082565,0.003803463827132219,-0.00257046982908305,0.0098015309527363,0.010353029354874397,-0.008176931302790853,0.00862304843171423,-0.017270007993637704,-0.0008385471209354381,-0.02709171220376061,0.029953470139313175,0.006734925068200489,0.013168789566348435,-0.07119387705216404,-0.03525304860543535,0.021314980474861973,0.009798553514313437,0.01708668177324644,0.06338297621493068,0.01254019905816103,-0.01574243924777696,-0.043444058018237294,0.006560485013485543,0.0011842976609064138,0.06511016446967044,0.04511306909729629,-0.020898037791128567,-0.025523104295082127,-0.02794944512309515,-0.06333110964847387,0.012828942037280373,-0.002270445677717979,0.047345301487271604,-0.033080315334285446,-0.029767187542972515,0.022471208479145365,0.02132019097476906,-0.01494707052012421,0.01254019905816103,0.04768063988754766,0.0017751892253356815,-0.03099533801900961,0.010221390170406944,-0.0054943383833131205,0.03305970230069458,0.038046227435516444,-0.00631200986692054,-0.012601620516986156,-0.021067117518005225,-0.026973951851201817,-0.0036655103497592306,-0.004796120993344916,0.007834433359454253,0.029658094006819284,0.01938304499421138,0.004320163828225162,0.0011046633692218238,-0.019317636880082565,-0.01574243924777696,0.0017751892253356815,0.032520834079007646,0.0091220377944277,0.007824281442136913,-0.005877020545253637,-0.021212814170578482,-0.002605443231253183,0.012930956851166062,0.01099055646093636,0.0034464428638331154,0.01778278378615665,-0.013580732164294883,-0.013536347875555112,-0.07728035072162948,0.0880635612471449,0.06073209834963599,-0.02170384465771622,-0.026514243918242135,0.003803463827132219,-0.043444058018237294,-0.03099533801900961,0.0091220377944277,0.10436576008390341,-0.019149772490507685,0.018311070208322858,-0.08347831317095024,-0.06957279229746949,0.037470430100520896,0.03403380528942029,0.024957727886022088,0.06061740580924377,-0.004026734958159498,-0.005451830760085062,-0.0017769993131922395,0.0031580089922247003,0.009152373478476871,0.007845427451709998,0.010949620085689962,-0.00257046982908305,0.006560485013485543,0.010221390170406944,0.007824281442136913,-0.019149772490507685,0.0380887469356278,-0.006871440223085674,0.004328375526260904,0.022458929850658463,0.013986160132961157,-0.012969568979840713,0.0025797102280676596,-0.024925919805728322,0.0074770345742148974,-0.001980812758455574,-0.015218964459121596,-0.007853553894500778,0.006277213993476657,-0.007351753683216496,-0.005718749410977924,0.0098015309527363,0.0011842976609064138,-0.0054943383833131205,-0.005877020545253637,0.018311070208322858,-0.006871440223085674,0.025352143864983565,0.006959149297220576,-0.003498520320590449,0.009607669789167314,0.0013002181258673735,-0.00370748863058687,-0.003682171594375719,0.03653873800843654,0.022735874228518124,0.0505104336344048,-0.13576686914086022,-0.08106386793723984,0.01609619763446011,0.02574893184550923,0.010353029354874397,0.06511016446967044,0.03305970230069458,-0.021212814170578482,-0.08347831317095024,0.004328375526260904,0.006959149297220576,0.14288912275376858,0.08453168881153938,-0.04175078482991858,-0.03272540909473312,-0.038229620034501005,-0.08825990240797738,0.029352422605967404,0.008315251096852104,0.03316496229060836,-0.07357614119761868,-0.03798658184000704,0.02932706734915424,0.02907570807802927,-0.008176931302790853,0.04511306909729629,0.038046227435516444,-0.002605443231253183,-0.06957279229746949,0.022458929850658463,-0.003498520320590449,0.08453168881153938,0.09198812016102607,-0.017150209237711597,-0.02869202744587898,-0.02586447308466054,-0.07639316158507682,-0.003237848233542625,-0.019866953269992296,-0.04084450798498823,0.04328088908104026,0.04867510160101852,-0.005114508750238528,-0.004086382388467409,0.00862304843171423,-0.020898037791128567,-0.00631200986692054,0.012930956851166062,0.037470430100520896,0.013986160132961157,0.009607669789167314,-0.04175078482991858,-0.017150209237711597,0.05630667416163853,0.00674540678020703,0.009741802806751352,0.012716286179398913,-0.01588324520758204,-0.0009453723953843306,-0.025316453269813223,0.038015786247965117,0.016287632115239068,-0.017342061927562977,-0.013823809695652035,-0.017270007993637704,-0.025523104295082127,-0.012601620516986156,0.01099055646093636,0.03403380528942029,-0.012969568979840713,0.0013002181258673735,-0.03272540909473312,-0.02869202744587898,0.00674540678020703,0.04179274715911051,0.014401185700610424,0.040736183207630644,-0.016179040304604514,0.0006370591041601286,-0.04152031540937846,0.049210790283888084,0.03591195448251099,-0.017258811148887505,-0.019186752999897125,-0.0008385471209354381,-0.02794944512309515,-0.021067117518005225,0.0034464428638331154,0.024957727886022088,0.0025797102280676596,-0.00370748863058687,-0.038229620034501005,-0.02586447308466054,0.009741802806751352,0.014401185700610424,0.03367024743771333,0.024662866888089705,-0.031321521448404416,-0.009767200250579741,-0.0002153735809880936,0.08154086289240531,0.03219987281742357,-0.03006993652983305,-0.0234801082220746,-0.02709171220376061,-0.06333110964847387,-0.026973951851201817,0.01778278378615665,0.06061740580924377,-0.024925919805728322,-0.003682171594375719,-0.08825990240797738,-0.07639316158507682,0.012716286179398913,0.040736183207630644,0.024662866888089705,0.12918488431394226
0.038984225371172784,0.00967535638242465,0.013966761433430754,-0.03432207603364978,-0.007064516653530107,0.008867195509787776,-0.005698029792973232,-0.016631604187491184,0.01155152091763302,-0.007696813886776186,0.013317467132402326,0.0037044412367033064,-0.009413560114044171,-0.01084642737580798,-0.005874336630705444,0.008674518364642617,0.007052776398753283,0.004699140342826924,0.0057236046720044766,0.0034919301939152544,0.00967535638242465,0.04139725073619984,0.020869019699529485,-0.030425275401248304,-0.011727524198891878,0.01775892171832536,0.0013125083932998783,-0.036770273545108464,0.009110103963232002,0.007179875447100825,0.006752722680279603,-0.001133747245684562,-0.0033669298498759602,-0.002234475330068481,0.003040324772324264,0.025363436977213837,-0.013268687627030894,-0.008275749825513544,0.0005181215832693621,-0.005023156967316954,0.013966761433430754,0.020869019699529485,0.07525101265518498,-0.0364788323100521,-0.018810972745666666,0.012905322039325042,0.016937270085604573,-0.023550791897772053,0.011504186345278646,0.012818202073782148,-0.008407953829362096,-0.009214373378322496,-0.006693713032424799,-0.0028817374415457133,0.008491168279549172,-0.0105294317285952,0.0019223072305696452,-0.019442828215166134,-0.005112865312452974,-0.018586952349982838,-0.03432207603364978,-0.030425275401248304,-0.0364788323100521,0.11852036844688411,-0.0021870435168399325,-0.020105030080906777,-0.004047838367936029,0.06899020405167905,-0.024650379568842036,0.0008519661096000784,-0.008680522435454405,0.0033409144107201475,0.019922171783630746,-0.0023367754471124835,-0.0016032735731976973,-0.020865597226693407,-0.021755076370631142,0.02956120704867364,0.00661186624733016,-0.010462453651109984,-0.007064516653530107,-0.011727524198891878,-0.018810972745666666,-0.0021870435168399325,0.06494380691565875,-0.02603711899825569,0.017123915072471102,-0.014816377900797274,0.0012994488777417442,-0.01091082528113321,-0.014192804987164838,4.026674545137398e-5,-0.015203399961140281,0.018873902909367843,-0.008685818809897473,-0.020155374982612946,0.026145316225814973,-0.0113211707615958,-0.0005680472820669537,0.01953738297824193,0.008867195509787776,0.01775892171832536,0.012905322039325042,-0.020105030080906777,-0.02603711899825569,0.04655799617046407,-0.008876506190059662,0.00023394206145599348,0.014869098975169722,0.0041587556381679144,-0.0034379315310539517,-0.0063749561721483956,0.0002554718317247177,-0.009820993759662357,0.004814627483600951,0.002485855206317215,0.006260571071832841,-0.010759541608711464,-0.007778478370845526,-0.020580259153548334,-0.005698029792973232,0.0013125083932998783,0.016937270085604573,-0.004047838367936029,0.017123915072471102,-0.008876506190059662,0.06436596503820867,-0.009012450875656594,-0.00038757734329029035,0.014396947891193078,-0.02789400473417638,-0.0263189406441307,-0.0021500669231673307,0.0015430687585908714,0.008098426313012413,-0.013221219569521206,0.007402755586940699,-0.025887312435001808,-0.026173513690992353,-0.017841807121973165,-0.016631604187491184,-0.036770273545108464,-0.023550791897772053,0.06899020405167905,-0.014816377900797274,0.00023394206145599348,-0.009012450875656594,0.10649526337727132,-0.008169541041387783,-0.003802578970872032,-0.019038884243225175,0.003791481653901632,0.01392985561021189,-0.00970342062444455,0.0076478581300918605,-0.05043415991663029,0.02177502222113873,0.02252129342963018,-0.0034685451300229247,-0.011973892487739633,0.01155152091763302,0.009110103963232002,0.011504186345278646,-0.024650379568842036,0.0012994488777417442,0.014869098975169722,-0.00038757734329029035,-0.008169541041387783,0.036054611906583336,-0.0029645520860721096,-0.004905040398837294,-0.010213771003143081,-0.004433908626302093,-0.005020110302517717,0.0001711483590592219,-0.015734853500600603,0.006556091269589924,-0.008012908151833188,-0.014916280273030966,-0.016915647290034638,-0.007696813886776186,0.007179875447100825,0.012818202073782148,0.0008519661096000784,-0.01091082528113321,0.0041587556381679144,0.014396947891193078,-0.003802578970872032,-0.0029645520860721096,0.028543368555807733,-0.006524694574368552,-0.010206788392079842,0.005448048643435375,0.001735294317454316,0.009544215823961807,0.011375708570961318,-0.014776431926199336,-0.008015800498455586,-0.0097861598345576,-0.010127569878274772,0.013317467132402326,0.006752722680279603,-0.008407953829362096,-0.008680522435454405,-0.014192804987164838,-0.0034379315310539517,-0.02789400473417638,-0.019038884243225175,-0.004905040398837294,-0.006524694574368552,0.0575835882439851,0.027531215751577985,0.005931500458926382,-0.01603172092013038,-0.01906288699910797,0.048248338975537514,-0.03989171952111344,0.03431731747662956,0.01798149028146239,0.024127743671118564,0.0037044412367033064,-0.001133747245684562,-0.009214373378322496,0.0033409144107201475,4.026674545137398e-5,-0.0063749561721483956,-0.0263189406441307,0.003791481653901632,-0.010213771003143081,-0.010206788392079842,0.027531215751577985,0.05082691091922355,-0.0051865068550732175,-0.004125178655309867,-0.017036823179840614,0.011282861495600809,-0.0175445941344838,0.031169886664519586,0.02104483161312593,0.03212997955479353,-0.009413560114044171,-0.0033669298498759602,-0.006693713032424799,0.019922171783630746,-0.015203399961140281,0.0002554718317247177,-0.0021500669231673307,0.01392985561021189,-0.004433908626302093,0.005448048643435375,0.005931500458926382,-0.0051865068550732175,0.02450768063343863,-0.0026381353288851377,0.0017200606162660914,0.011124563411837565,-0.0186177505615712,0.003953428071853386,0.0017873745277372753,-0.0057137926751506555,-0.01084642737580798,-0.002234475330068481,-0.0028817374415457133,-0.0023367754471124835,0.018873902909367843,-0.009820993759662357,0.0015430687585908714,-0.00970342062444455,-0.005020110302517717,0.001735294317454316,-0.01603172092013038,-0.004125178655309867,-0.0026381353288851377,0.036999435340090835,0.012729632000519329,-0.006962283496542778,0.013417247045277417,-0.01129433107662799,-0.0027806011410378044,0.010879555718336022,-0.005874336630705444,0.003040324772324264,0.008491168279549172,-0.0016032735731976973,-0.008685818809897473,0.004814627483600951,0.008098426313012413,0.0076478581300918605,0.0001711483590592219,0.009544215823961807,-0.01906288699910797,-0.017036823179840614,0.0017200606162660914,0.012729632000519329,0.02835324341707865,-0.006294663840699284,0.01131370030640178,-0.014272943317318513,-0.007747499018807462,-0.0120622390310649,0.008674518364642617,0.025363436977213837,-0.0105294317285952,-0.020865597226693407,-0.020155374982612946,0.002485855206317215,-0.013221219569521206,-0.05043415991663029,-0.015734853500600603,0.011375708570961318,0.048248338975537514,0.011282861495600809,0.011124563411837565,-0.006962283496542778,-0.006294663840699284,0.09766851850602912,-0.05628483548916415,0.018813250176647665,0.017420277829549705,0.020317594531560876,0.007052776398753283,-0.013268687627030894,0.0019223072305696452,-0.021755076370631142,0.026145316225814973,0.006260571071832841,0.007402755586940699,0.02177502222113873,0.006556091269589924,-0.014776431926199336,-0.03989171952111344,-0.0175445941344838,-0.0186177505615712,0.013417247045277417,0.01131370030640178,-0.05628483548916415,0.08594055619675783,-0.028570319004318848,-0.01263706901662575,-0.0038944951343877084,0.004699140342826924,-0.008275749825513544,-0.019442828215166134,0.02956120704867364,-0.0113211707615958,-0.010759541608711464,-0.025887312435001808,0.02252129342963018,-0.008012908151833188,-0.008015800498455586,0.03431731747662956,0.031169886664519586,0.003953428071853386,-0.01129433107662799,-0.014272943317318513,0.018813250176647665,-0.028570319004318848,0.06556443652131644,0.02102838327860517,0.03261417640237426,0.0057236046720044766,0.0005181215832693621,-0.005112865312452974,0.00661186624733016,-0.0005680472820669537,-0.007778478370845526,-0.026173513690992353,-0.0034685451300229247,-0.014916280273030966,-0.0097861598345576,0.01798149028146239,0.02104483161312593,0.0017873745277372753,-0.0027806011410378044,-0.007747499018807462,0.017420277829549705,-0.01263706901662575,0.02102838327860517,0.030778953829967245,0.020225500140463294,0.0034919301939152544,-0.005023156967316954,-0.018586952349982838,-0.010462453651109984,0.01953738297824193,-0.020580259153548334,-0.017841807121973165,-0.011973892487739633,-0.016915647290034638,-0.010127569878274772,0.024127743671118564,0.03212997955479353,-0.0057137926751506555,0.010879555718336022,-0.0120622390310649,0.020317594531560876,-0.0038944951343877084,0.03261417640237426,0.020225500140463294,0.06960853245624904
0.0309692698335684,0.001423987708556805,-0.0039045979476443025,0.0010317818506823248,-0.005599361018158899,0.011953174489803476,0.007284837955528476,-0.00563026531491354,0.005398635202152336,0.006229296137211799,-0.006931112701031543,-0.008749745344171611,0.005012880238594437,-0.0016218039551109797,-0.0010219750342098464,0.009090658214864343,-0.01248394791013772,-0.013424325770029404,0.004872299594124019,-0.012236266909888788,0.001423987708556805,0.04614328463287063,0.019648588069973282,-0.01967583156089184,-0.007411863454298203,0.020666797819797442,0.0047106178533149225,-0.014414034682363868,0.0038476757924102794,0.016673231589763447,0.0013851323487980515,-0.010677776912421819,0.0027594168450286944,0.0030500446875247975,-0.0018249459140020656,0.0186930031336578,-0.00869914233359982,-0.011635861991338033,-0.010185149205908463,-0.022501133274264895,-0.0039045979476443025,0.019648588069973282,0.07147739312658291,-0.029015760539655322,-0.010567115721153191,0.026557174991662234,0.008407990746045244,-0.010315313903402262,0.005995467605620924,0.026121642224217274,0.009441615441430337,-0.008440359249573341,-0.01667962849688883,0.006088254793139342,0.02796413966697859,0.005206902286296894,0.016281465647077494,-0.004245603036565357,-0.022932315008492896,-0.007596540054496738,0.0010317818506823248,-0.01967583156089184,-0.029015760539655322,0.09854115777575892,0.025479034368977332,-0.027070572137512735,-0.009458132722326474,0.015974022930264016,0.0030482607618210725,-0.030257661826777145,-0.023334812831831774,0.014131253116845733,0.015150511769664896,0.004774130508230483,-0.0332000584544794,-0.02691965299362159,0.004689550744170153,0.005162412064091551,0.018082821220278922,0.012275302363040988,-0.005599361018158899,-0.007411863454298203,-0.010567115721153191,0.025479034368977332,0.029428227543117295,-0.014839122516974076,-0.009523299520849696,0.014764232374548249,0.0033856763122820047,-0.011270373421805624,-0.0017732063114887656,0.006109675668808257,0.006401939447848507,0.0013793053801388138,-0.005315982313343865,-0.009348973578219422,0.014700356044192798,0.004402715411080517,0.01160801474347356,0.002671031237287504,0.011953174489803476,0.020666797819797442,0.026557174991662234,-0.027070572137512735,-0.014839122516974076,0.052987039368546186,0.011957013510807786,-0.02885211474329646,0.0033341782344905686,0.028591872938313986,0.010664649265941349,-0.0058952058812768455,-0.007270597142202975,0.0032303091148210535,0.016879685033038126,0.03159866493915457,-0.020715635995799144,-0.014456520086713814,-0.010241819610935331,-0.026520743684254992,0.007284837955528476,0.0047106178533149225,0.008407990746045244,-0.009458132722326474,-0.009523299520849696,0.011957013510807786,0.03046332975533081,-0.001924732051787355,6.439257756385409e-5,0.023461696675660632,-0.0073884161950661074,-0.00568267489994794,0.0006062241816559948,-0.0010468985429055873,0.006151637922570985,0.006680893941502313,-0.0073039330380177655,-0.0047031653139195705,-0.01717893368137284,-0.006975409895117935,-0.00563026531491354,-0.014414034682363868,-0.010315313903402262,0.015974022930264016,0.014764232374548249,-0.02885211474329646,-0.001924732051787355,0.05109120712479389,0.0065376982429990885,-0.010954369458238546,-0.010891820950614667,0.005880722746998339,0.006072782757277369,-0.00828332977084865,-0.003816310214756155,-0.025000343560341698,0.027239478491529242,0.007486416555213506,0.0007002426178488129,0.013040793586110455,0.005398635202152336,0.0038476757924102794,0.005995467605620924,0.0030482607618210725,0.0033856763122820047,0.0033341782344905686,6.439257756385409e-5,0.0065376982429990885,0.01686805916560666,0.004396023401788771,-0.0037100595340406922,-0.00012930724512913634,0.004946145152401871,-0.00214451500300261,0.0037821246639015774,0.0020023116480032566,0.0013413235034530082,-0.00260454035181514,-0.002707841684146583,-0.014930453321504219,0.006229296137211799,0.016673231589763447,0.026121642224217274,-0.030257661826777145,-0.011270373421805624,0.028591872938313986,0.023461696675660632,-0.010954369458238546,0.004396023401788771,0.07810138442603269,0.00030269592027218155,-0.010265053605761354,-0.001391135229846353,-0.003535933244278815,0.027340285900704944,0.03129324083694325,-0.011319333393170063,-0.017970926162795962,-0.023606731616650944,-0.035000587459227364,-0.006931112701031543,0.0013851323487980515,0.009441615441430337,-0.023334812831831774,-0.0017732063114887656,0.010664649265941349,-0.0073884161950661074,-0.010891820950614667,-0.0037100595340406922,0.00030269592027218155,0.03095099414410082,-0.004369584459592196,-0.0054050862828582975,0.001763041317176753,0.005159753420601069,0.009820285370424148,0.0007389691850859099,0.010293022369387063,-0.004991438643223893,-0.0025495115698945144,-0.008749745344171611,-0.010677776912421819,-0.008440359249573341,0.014131253116845733,0.006109675668808257,-0.0058952058812768455,-0.00568267489994794,0.005880722746998339,-0.00012930724512913634,-0.010265053605761354,-0.004369584459592196,0.030878441096602732,-0.004302254376257567,0.002221600529353155,0.004598094914290923,-0.013365195105949641,0.00037646986635900964,0.00420567142823102,0.007470275731688237,0.00837238042233779,0.005012880238594437,0.0027594168450286944,-0.01667962849688883,0.015150511769664896,0.006401939447848507,-0.007270597142202975,0.0006062241816559948,0.006072782757277369,0.004946145152401871,-0.001391135229846353,-0.0054050862828582975,-0.004302254376257567,0.025068115307939502,0.0012799153351063623,-0.015824699769574978,0.003985196224085212,-0.007611012167507704,0.0011219180051534178,0.008228046086562356,-0.01084957587796637,-0.0016218039551109797,0.0030500446875247975,0.006088254793139342,0.004774130508230483,0.0013793053801388138,0.0032303091148210535,-0.0010468985429055873,-0.00828332977084865,-0.00214451500300261,-0.003535933244278815,0.001763041317176753,0.002221600529353155,0.0012799153351063623,0.018496246175435833,-0.0003744893486657408,-0.0007686021614823838,-0.0030848946677925694,0.004533121064003623,-0.001860566882636735,-0.0015774930450145883,-0.0010219750342098464,-0.0018249459140020656,0.02796413966697859,-0.0332000584544794,-0.005315982313343865,0.016879685033038126,0.006151637922570985,-0.003816310214756155,0.0037821246639015774,0.027340285900704944,0.005159753420601069,0.004598094914290923,-0.015824699769574978,-0.0003744893486657408,0.06089477969928685,0.011535178197256104,0.008659988192188436,-0.01636002808457193,-0.006088252283928768,-0.013906578510683772,0.009090658214864343,0.0186930031336578,0.005206902286296894,-0.02691965299362159,-0.009348973578219422,0.03159866493915457,0.006680893941502313,-0.025000343560341698,0.0020023116480032566,0.03129324083694325,0.009820285370424148,-0.013365195105949641,0.003985196224085212,-0.0007686021614823838,0.011535178197256104,0.0751450519481023,-0.021686378204039673,-0.000255427943861954,-0.0013692579342263625,-0.04194109456090249,-0.01248394791013772,-0.00869914233359982,0.016281465647077494,0.004689550744170153,0.014700356044192798,-0.020715635995799144,-0.0073039330380177655,0.027239478491529242,0.0013413235034530082,-0.011319333393170063,0.0007389691850859099,0.00037646986635900964,-0.007611012167507704,-0.0030848946677925694,0.008659988192188436,-0.021686378204039673,0.05299009665085175,0.012054651528757801,-0.00571055923011216,0.02371592767909756,-0.013424325770029404,-0.011635861991338033,-0.004245603036565357,0.005162412064091551,0.004402715411080517,-0.014456520086713814,-0.0047031653139195705,0.007486416555213506,-0.00260454035181514,-0.017970926162795962,0.010293022369387063,0.00420567142823102,0.0011219180051534178,0.004533121064003623,-0.01636002808457193,-0.000255427943861954,0.012054651528757801,0.06367747442682559,0.005681811028025337,0.018518172385487974,0.004872299594124019,-0.010185149205908463,-0.022932315008492896,0.018082821220278922,0.01160801474347356,-0.010241819610935331,-0.01717893368137284,0.0007002426178488129,-0.002707841684146583,-0.023606731616650944,-0.004991438643223893,0.007470275731688237,0.008228046086562356,-0.001860566882636735,-0.006088252283928768,-0.0013692579342263625,-0.00571055923011216,0.005681811028025337,0.02994634595964439,0.002225374570327827,-0.012236266909888788,-0.022501133274264895,-0.007596540054496738,0.012275302363040988,0.002671031237287504,-0.026520743684254992,-0.006975409895117935,0.013040793586110455,-0.014930453321504219,-0.035000587459227364,-0.0025495115698945144,0.00837238042233779,-0.01084957587796637,-0.0015774930450145883,-0.013906578510683772,-0.04194109456090249,0.02371592767909756,0.018518172385487974,0.002225374570327827,0.06852978270224554
