0.02990283325038665,0.01012139810284088,-0.006013432750457183,0.014696238138388617,0.006478797040572209,0.006168350497481546,0.0006513398037982485,-0.016985365014299692,0.022014026089233786,-0.012951761766160787,0.01913904633979195,0.020070356773750332,-0.008496843183904597,-0.0276785835455589,-0.02259796222361112,0.020109467535654804,-0.01034025836118694,-0.0023141832927100264,-0.0003147394811233888,0.03319089462157297,0.01012139810284088,0.03510393384667777,-0.0008768465908634954,0.01609782954260562,0.01428819112490834,0.002288273091461763,-0.011239370496147675,-0.0090004486313764,0.010468952859951967,-0.0023600705810310546,0.0004880590485321324,0.010634952496834455,0.004278093367884111,-0.03535390202913952,-0.013141233457548702,0.005274694263981806,-0.007000744475915477,-0.0005943374813988611,-0.00027177360618897434,0.012246430208300352,-0.006013432750457183,-0.0008768465908634954,0.024919224199315988,-0.003833855916468715,0.008122295412993205,-0.0001613489687535051,-0.007336202385380004,0.016934847163946692,-0.011242454676741856,0.007160131162849868,-0.010304412381077915,-0.0027458279445154096,0.014113150368887757,0.01011260553317584,0.016294092354049834,-0.015944459635281703,0.007743660877417009,-0.002093791846280128,-0.0006573568020696841,-0.015684917259422324,0.014696238138388617,0.01609782954260562,-0.003833855916468715,0.027805528855160147,0.01397566742408799,0.0012346000279632725,-0.004653484301931684,-0.008779197812425574,0.017189300240254356,-0.006470949667523092,0.004666502416653284,0.015242257429932021,0.0016823936096562481,-0.03521172683831345,-0.01692445003815824,0.0006660501832276626,-0.0038541848379524584,-0.0013847002621248349,0.003387143574843138,0.023324482006694958,0.006478797040572209,0.01428819112490834,0.008122295412993205,0.01397566742408799,0.043687265623178366,-0.008698948005593232,-0.023722121700235167,0.012700176950327467,0.0022671540682316672,0.002700632908864492,-0.0017491787031795583,0.01374636365305351,0.024286955573023464,-0.02416496071503645,0.008392061846822552,-0.019340356747235443,-0.00493952485410701,-0.009311784564801069,-0.017553785647237932,0.011733442728697752,0.006168350497481546,0.002288273091461763,-0.0001613489687535051,0.0012346000279632725,-0.008698948005593232,0.020858721944220802,0.006665853298544755,-0.01315655917511381,0.010840490468355127,-0.0037828861342640557,-0.0023260737085547983,-0.00021690454664386838,-0.012792905943157917,-0.010621453928064562,-0.014325912128379338,0.011498810548808757,-0.0013102749964587009,0.011871228537177175,0.01752744987371024,-0.0015670234542039642,0.0006513398037982485,-0.011239370496147675,-0.007336202385380004,-0.004653484301931684,-0.023722121700235167,0.006665853298544755,0.03744086354327514,-0.009356271313054988,0.008100912933875184,0.0018203568889622393,0.002671924399359097,-0.006346158887787761,-0.014083347606429746,0.02187379138166506,-0.0028827750255626377,0.01129067874785947,0.010497661349830423,0.010127059023896347,0.01647158660430592,-0.004601035668114694,-0.016985365014299692,-0.0090004486313764,0.016934847163946692,-0.008779197812425574,0.012700176950327467,-0.01315655917511381,-0.009356271313054988,0.04822252140376042,-0.02847414558357096,0.012792419811727915,-0.015508426685218527,-0.009080500276458667,0.02827132028861528,0.02843990743809341,0.0382634999941882,-0.03369719255780185,0.015103097250597408,-0.007586241899624688,-0.018584523114109033,-0.029213017155012497,0.022014026089233786,0.010468952859951967,-0.011242454676741856,0.017189300240254356,0.0022671540682316672,0.010840490468355127,0.008100912933875184,-0.02847414558357096,0.0460406341607629,-0.013634359356430356,0.018157512385980863,0.018731849705734462,-0.016829762241783897,-0.034633608550950636,-0.03161567840323384,0.02007700920010721,-0.00936735138081679,0.002572922839730045,0.007778341935062869,0.036328487879650775,-0.012951761766160787,-0.0023600705810310546,0.007160131162849868,-0.006470949667523092,0.002700632908864492,-0.0037828861342640557,0.0018203568889622393,0.012792419811727915,-0.013634359356430356,0.028507348823764628,-0.013720391818850182,-0.012198046748981749,0.018673577426539835,0.02406671304321095,0.020931119417199613,-0.018193814941848352,0.010798893007582158,-0.0011544396354483226,0.0020555870770500363,-0.021193010835336895,0.01913904633979195,0.0004880590485321324,-0.010304412381077915,0.004666502416653284,-0.0017491787031795583,-0.0023260737085547983,0.002671924399359097,-0.015508426685218527,0.018157512385980863,-0.013720391818850182,0.03219795855178335,0.01612086709614986,-0.014153498993258472,-0.017717070603724773,-0.01924517691382987,0.024479916200739353,-0.015434699259178945,-0.005249558303786954,-0.009863227849917548,0.03295670140083759,0.020070356773750332,0.010634952496834455,-0.0027458279445154096,0.015242257429932021,0.01374636365305351,-0.00021690454664386838,-0.006346158887787761,-0.009080500276458667,0.018731849705734462,-0.012198046748981749,0.01612086709614986,0.03107691665839844,0.00035349703219690447,-0.02935794733541861,-0.017958207449487763,0.012511558084744908,-0.011170454920220835,-0.004569455731289279,-0.008091398001188544,0.029008089497773594,-0.008496843183904597,0.004278093367884111,0.014113150368887757,0.0016823936096562481,0.024286955573023464,-0.012792905943157917,-0.014083347606429746,0.02827132028861528,-0.016829762241783897,0.018673577426539835,-0.014153498993258472,0.00035349703219690447,0.04521852670787831,0.00855603348458649,0.028152511119219945,-0.030019939744397352,0.010250774113876045,-0.00880348466817707,-0.014160650059854415,-0.012559189135492173,-0.0276785835455589,-0.03535390202913952,0.01011260553317584,-0.03521172683831345,-0.02416496071503645,-0.010621453928064562,0.02187379138166506,0.02843990743809341,-0.034633608550950636,0.02406671304321095,-0.017717070603724773,-0.02935794733541861,0.00855603348458649,0.08710567016220241,0.042282232803277954,-0.014603882351788238,0.018657730045348972,0.006592197702502687,0.002326653321642292,-0.05167349598799656,-0.02259796222361112,-0.013141233457548702,0.016294092354049834,-0.01692445003815824,0.008392061846822552,-0.014325912128379338,-0.0028827750255626377,0.0382634999941882,-0.03161567840323384,0.020931119417199613,-0.01924517691382987,-0.017958207449487763,0.028152511119219945,0.042282232803277954,0.05524109823182614,-0.03358354860519962,0.01610720955168432,-0.004845853849268047,-0.014468256020166803,-0.03765103695436263,0.020109467535654804,0.005274694263981806,-0.015944459635281703,0.0006660501832276626,-0.019340356747235443,0.011498810548808757,0.01129067874785947,-0.03369719255780185,0.02007700920010721,-0.018193814941848352,0.024479916200739353,0.012511558084744908,-0.030019939744397352,-0.014603882351788238,-0.03358354860519962,0.07023325570906336,-0.023382427012233413,0.009425881812896266,0.01011952646754238,0.03527737105915553,-0.01034025836118694,-0.007000744475915477,0.007743660877417009,-0.0038541848379524584,-0.00493952485410701,-0.0013102749964587009,0.010497661349830423,0.015103097250597408,-0.00936735138081679,0.010798893007582158,-0.015434699259178945,-0.011170454920220835,0.010250774113876045,0.018657730045348972,0.01610720955168432,-0.023382427012233413,0.03187304316687667,0.002000305394925797,0.008131253325765095,-0.024808500789206885,-0.0023141832927100264,-0.0005943374813988611,-0.002093791846280128,-0.0013847002621248349,-0.009311784564801069,0.011871228537177175,0.010127059023896347,-0.007586241899624688,0.002572922839730045,-0.0011544396354483226,-0.005249558303786954,-0.004569455731289279,-0.00880348466817707,0.006592197702502687,-0.004845853849268047,0.009425881812896266,0.002000305394925797,0.021416903802541944,0.01893828488644347,-0.007956357755716768,-0.0003147394811233888,-0.00027177360618897434,-0.0006573568020696841,0.003387143574843138,-0.017553785647237932,0.01752744987371024,0.01647158660430592,-0.018584523114109033,0.007778341935062869,0.0020555870770500363,-0.009863227849917548,-0.008091398001188544,-0.014160650059854415,0.002326653321642292,-0.014468256020166803,0.01011952646754238,0.008131253325765095,0.01893828488644347,0.04559893468661689,-0.011247398479867991,0.03319089462157297,0.012246430208300352,-0.015684917259422324,0.023324482006694958,0.011733442728697752,-0.0015670234542039642,-0.004601035668114694,-0.029213017155012497,0.036328487879650775,-0.021193010835336895,0.03295670140083759,0.029008089497773594,-0.012559189135492173,-0.05167349598799656,-0.03765103695436263,0.03527737105915553,-0.024808500789206885,-0.007956357755716768,-0.011247398479867991,0.07480135787703669
