0.06155815089331253,0.018630445885761023,-0.03932188031890314,-0.04811455587584024,0.007834378519080027,0.008374516237868366,-0.01063788787491476,0.03260868973737123,0.03184644621885524,0.005769042656660912,-0.011506149834394599,-0.0225616021728942,0.021954433807924122,-0.022453163183454534,0.013129774493952206,0.0040154131977731475,-0.020903418529411487,-0.0142788990345093,0.03339839522522668,-0.023001778184670953,0.018630445885761023,0.04178566032271052,0.011689011467321321,-0.022006993438331922,-0.004156497307608196,0.01411179050473883,-0.009742666078666976,0.0012255952832683275,0.01746553232938828,0.010570791776050113,-0.008830458708553167,-0.016612689820140907,0.0051682444134960115,-0.004388910077492116,0.01336807284265754,0.014241644685710365,-0.008378163372964324,-0.017305754711183625,0.007177719876490239,-0.020202817383800118,-0.03932188031890314,0.011689011467321321,0.14754746851808515,0.062052648020402904,-0.03651835456356892,0.0027990440021627414,0.017066906563563362,-0.053187625005531564,-0.014614967905682723,0.025972023636098136,-0.007893869908929855,-0.0029700550569586952,-0.039682682002720446,0.03657075018004492,0.0024832311204611565,0.016628499650307632,0.022244810968947787,-0.022832016545306477,-0.06739582433374065,0.006204696759074956,-0.04811455587584024,-0.022006993438331922,0.062052648020402904,0.10057254407393265,-0.009933933956977403,-0.0149842880204628,0.014341812637748072,-0.0306008499077662,-0.045253888977199556,-0.002139652101741234,-0.0016888555102955284,0.01005372646688506,-0.03372090245398637,0.030781606551667604,-0.02823961419971342,-0.004109112422476249,0.028580550037534142,-0.0020369314155012494,-0.04319987385631046,0.03596601599109543,0.007834378519080027,-0.004156497307608196,-0.03651835456356892,-0.009933933956977403,0.025454700924899973,-0.005543283002441406,-0.0045407378859885885,0.020123341934718177,0.0069713395393084,-0.009997338099066892,0.0024682890311522997,0.00026523423449514264,0.009836453016248565,-0.014138619698134732,-0.008670714915432295,-0.012304453560825192,-0.0017666310997667702,0.005615020581789452,0.020441853403490542,-0.0003507777077628348,0.008374516237868366,0.01411179050473883,0.0027990440021627414,-0.0149842880204628,-0.005543283002441406,0.03659710621119859,0.0007538848638343706,-0.011664998663757597,-0.0013085138270018232,0.007127637482548521,0.006412694896624865,-0.016877191966025797,0.0022689533181514607,0.0008178974263768927,0.004348681463105453,0.023301997419454434,-0.0037291706124376,-0.00914427942944524,0.0004373268052325909,-0.0071556003013768235,-0.01063788787491476,-0.009742666078666976,0.017066906563563362,0.014341812637748072,-0.0045407378859885885,0.0007538848638343706,0.03112319597400231,-0.006745274419863998,-0.011802859599025344,0.011304018244865321,-0.006956265171564381,0.0007568255196554287,-0.0034673399796494374,0.006518808682509108,-0.004824217245428712,0.002392961193476678,0.0007321557965096527,-0.0004013009025519047,-0.020464525973161236,0.0016470364950935418,0.03260868973737123,0.0012255952832683275,-0.053187625005531564,-0.0306008499077662,0.020123341934718177,-0.011664998663757597,-0.006745274419863998,0.06293038634981937,0.02584326505015059,-0.010976580527112546,-0.017331114382797157,-0.005935554230404431,0.02454464719464853,-0.02201596901760064,-0.0028018573195664953,-0.018486985626636938,-0.009242134429557635,-0.004437456556806618,0.0306592709422583,-0.015000105394052035,0.03184644621885524,0.01746553232938828,-0.014614967905682723,-0.045253888977199556,0.0069713395393084,-0.0013085138270018232,-0.011802859599025344,0.02584326505015059,0.053055533421632786,0.00810701674992529,-0.008510540342786893,-0.008974014141367828,0.021434818878028592,-0.022540278505656514,0.019057324863427816,-0.003357948308994929,-0.024281171497258607,-0.010158463996666287,0.016629094973358967,-0.04711688457895924,0.005769042656660912,0.010570791776050113,0.025972023636098136,-0.002139652101741234,-0.009997338099066892,0.007127637482548521,0.011304018244865321,-0.010976580527112546,0.00810701674992529,0.038007719020656895,-0.009251746789549526,-0.011682758389472643,-0.001786131513570715,-0.00032682712161947276,0.005733806356537381,0.010193984662445511,-0.011132563569851412,-0.012007071580623068,-0.01823808516455694,-0.020214294683875506,-0.011506149834394599,-0.008830458708553167,-0.007893869908929855,-0.0016888555102955284,0.0024682890311522997,0.006412694896624865,-0.006956265171564381,-0.017331114382797157,-0.008510540342786893,-0.009251746789549526,0.03294835864262907,0.006555269597179287,-0.0011466110605728428,-0.0015730515939840596,0.0017763994969591766,0.0014624673862659622,0.0030633492800151616,0.017171644366434903,0.0020508428615945767,0.003574559742853817,-0.0225616021728942,-0.016612689820140907,-0.0029700550569586952,0.01005372646688506,0.00026523423449514264,-0.016877191966025797,0.0007568255196554287,-0.005935554230404431,-0.008974014141367828,-0.011682758389472643,0.006555269597179287,0.03323765780367313,-0.005822951850099363,0.007091506218305061,-0.0030278901300021554,-0.016067431272458944,0.005891389074567771,0.016549223118458783,-0.0038632339240092474,0.015465824137395633,0.021954433807924122,0.0051682444134960115,-0.039682682002720446,-0.03372090245398637,0.009836453016248565,0.0022689533181514607,-0.0034673399796494374,0.02454464719464853,0.021434818878028592,-0.001786131513570715,-0.0011466110605728428,-0.005822951850099363,0.029159408754778224,-0.017653045926637228,0.00839715935779814,0.0006336026548528189,-0.015467945322203382,0.0018223515491220452,0.027087119655715974,-0.023743885417355365,-0.022453163183454534,-0.004388910077492116,0.03657075018004492,0.030781606551667604,-0.014138619698134732,0.0008178974263768927,0.006518808682509108,-0.02201596901760064,-0.022540278505656514,-0.00032682712161947276,-0.0015730515939840596,0.007091506218305061,-0.017653045926637228,0.03372233296611032,-0.0028269414699434907,0.008957491131659227,0.013607303435157505,-0.0032464196335938757,-0.028753808073955583,0.014359191419794557,0.013129774493952206,0.01336807284265754,0.0024832311204611565,-0.02823961419971342,-0.008670714915432295,0.004348681463105453,-0.004824217245428712,-0.0028018573195664953,0.019057324863427816,0.005733806356537381,0.0017763994969591766,-0.0030278901300021554,0.00839715935779814,-0.0028269414699434907,0.03431674417757362,0.010930435326533415,-0.012112913669050377,-0.0018630674483850283,0.007858953913289765,-0.019489728105118273,0.0040154131977731475,0.014241644685710365,0.016628499650307632,-0.004109112422476249,-0.012304453560825192,0.023301997419454434,0.002392961193476678,-0.018486985626636938,-0.003357948308994929,0.010193984662445511,0.0014624673862659622,-0.016067431272458944,0.0006336026548528189,0.008957491131659227,0.010930435326533415,0.04631459590878803,-0.006818789909260671,-0.01774198510539969,-0.008646537735325983,-0.01167439077574633,-0.020903418529411487,-0.008378163372964324,0.022244810968947787,0.028580550037534142,-0.0017666310997667702,-0.0037291706124376,0.0007321557965096527,-0.009242134429557635,-0.024281171497258607,-0.011132563569851412,0.0030633492800151616,0.005891389074567771,-0.015467945322203382,0.013607303435157505,-0.012112913669050377,-0.006818789909260671,0.036918617092920325,0.00581569544881527,-0.013971087702258942,0.026422467687027114,-0.0142788990345093,-0.017305754711183625,-0.022832016545306477,-0.0020369314155012494,0.005615020581789452,-0.00914427942944524,-0.0004013009025519047,-0.004437456556806618,-0.010158463996666287,-0.012007071580623068,0.017171644366434903,0.016549223118458783,0.0018223515491220452,-0.0032464196335938757,-0.0018630674483850283,-0.01774198510539969,0.00581569544881527,0.04199519522239546,0.012859654388527136,0.017034059688089992,0.03339839522522668,0.007177719876490239,-0.06739582433374065,-0.04319987385631046,0.020441853403490542,0.0004373268052325909,-0.020464525973161236,0.0306592709422583,0.016629094973358967,-0.01823808516455694,0.0020508428615945767,-0.0038632339240092474,0.027087119655715974,-0.028753808073955583,0.007858953913289765,-0.008646537735325983,-0.013971087702258942,0.012859654388527136,0.05693844886543271,-0.0021270111539331803,-0.023001778184670953,-0.020202817383800118,0.006204696759074956,0.03596601599109543,-0.0003507777077628348,-0.0071556003013768235,0.0016470364950935418,-0.015000105394052035,-0.04711688457895924,-0.020214294683875506,0.003574559742853817,0.015465824137395633,-0.023743885417355365,0.014359191419794557,-0.019489728105118273,-0.01167439077574633,0.026422467687027114,0.017034059688089992,-0.0021270111539331803,0.07688633697027455
0.020744749548300613,-0.00045753010466350425,0.004083597858414898,-0.01314929335354587,0.0014001899373394199,0.00811464133470271,0.007119743723524435,-0.0019487993871854206,0.006612340765174859,0.00707318732521944,0.003816018274869692,-0.013240394795503548,0.0020424241655446276,-0.004186647870546133,0.004549627485682712,0.008841502468440114,0.00545433812458152,-0.006873094327526402,-0.0036163994625910915,-0.00374922939204706,-0.00045753010466350425,0.028173121054449295,0.01902374907821972,-0.012383577006700354,-0.010971825303972255,0.012124200317054235,0.0014133836546307637,-0.014447050055947007,0.004936959596027872,0.011218686834394406,0.00491249356299798,-0.01082071374872226,0.0009208958170301698,0.0016979878423134204,0.008407343763435838,0.007445816252551876,-0.008906820438399306,-0.007761778976945648,-0.005286863914335287,-0.012983931774968226,0.004083597858414898,0.01902374907821972,0.06667967945267969,-0.029481344116167686,-0.02264759425183924,0.020002986756527008,0.013615285158102442,-0.015391819314781459,0.009199336650753103,0.022768850985173734,0.0008822915933808248,-0.017364958191122562,-0.0026630370356997956,-0.0002726263536142947,0.016136860589847,0.003932648262153638,-0.010109594155966442,-0.011570466674437948,-0.011587292829862187,-0.014103494133370677,-0.01314929335354587,-0.012383577006700354,-0.029481344116167686,0.06767286412099792,0.02276378608122632,-0.028255130680622194,-0.01167700509057472,0.01943341982369714,-0.010516167661707768,-0.016708214782751002,-0.009644295077288088,0.015495838724321101,0.005372027066251072,0.005022012433013898,-0.01858141247234448,-0.01848756573061556,0.008626550329072735,0.00884117219036874,0.013179281281785006,0.005190067414757341,0.0014001899373394199,-0.010971825303972255,-0.02264759425183924,0.02276378608122632,0.03166864824102759,-0.014512002799257524,-0.0032917440909775416,0.01532730705626959,-0.005175050863849707,-0.009532369560995069,-0.0008702909815359113,0.005593342948639614,0.005085098432518342,0.0050565002065873586,-0.009591685970623945,-0.014524937523375983,0.018275133324159178,-0.0037201387432250583,0.006586427378056,0.014118008675727411,0.00811464133470271,0.012124200317054235,0.020002986756527008,-0.028255130680622194,-0.014512002799257524,0.03776224476783544,0.006398302052337469,-0.017703227905915102,0.008186838627292706,0.018469365480052347,0.008177198713561065,-0.008728068951728098,0.00029858228884905333,-0.006775518183206522,0.011519187349758517,0.018777463578356572,-0.010401412351672381,-0.007817295688910356,-0.005209891845007779,-0.0147339340710488,0.007119743723524435,0.0014133836546307637,0.013615285158102442,-0.01167700509057472,-0.0032917440909775416,0.006398302052337469,0.030464566031588994,-0.002704957688164201,0.0038134998670834174,0.008679177574644242,-0.009521485520892409,-0.013116584548388585,0.00046036965746962363,-0.004957994163825955,0.00889293529536743,0.005447678474717394,-0.0024034376746961744,-0.01067110125985563,-0.013211279522206826,-0.007270359713014391,-0.0019487993871854206,-0.014447050055947007,-0.015391819314781459,0.01943341982369714,0.01532730705626959,-0.017703227905915102,-0.002704957688164201,0.036170818903796996,-0.0019716755556254124,-0.009790940820702688,-0.006765125711706648,0.007224566883687451,0.0022928145121858205,0.0020100595458188886,-0.005791748326407517,-0.018252162705447307,0.011000378791080853,0.0018395160820223878,0.0033614413603613473,0.005401608720231465,0.006612340765174859,0.004936959596027872,0.009199336650753103,-0.010516167661707768,-0.005175050863849707,0.008186838627292706,0.0038134998670834174,-0.0019716755556254124,0.019943543636351927,0.0020354229023379785,0.003715231083806575,-0.009879421451657898,0.0051703060873508015,-0.002182684006948772,0.007502011780323751,0.002727368787542487,-0.0027650696279535305,-0.0017875121029962,-0.008750206147601684,-0.009638773724739515,0.00707318732521944,0.011218686834394406,0.022768850985173734,-0.016708214782751002,-0.009532369560995069,0.018469365480052347,0.008679177574644242,-0.009790940820702688,0.0020354229023379785,0.03580797089384284,-1.3187849306859657e-5,-0.011296911969299892,1.9104663279847752e-5,-0.004665280328307573,0.012817201419195512,0.011914819095801442,-0.003517571358701176,-0.012603415354967885,-0.008581293364904614,-0.011788343151701106,0.003816018274869692,0.00491249356299798,0.0008822915933808248,-0.009644295077288088,-0.0008702909815359113,0.008177198713561065,-0.009521485520892409,-0.006765125711706648,0.003715231083806575,-1.3187849306859657e-5,0.02546770668670028,-0.0024766751133054954,-0.00045507296744739384,-0.0026855209734522947,0.00027474808343411596,0.005721030704467014,-0.0008957853338096063,0.005922141029480145,-0.0015313829053428662,0.0013528958175492694,-0.013240394795503548,-0.01082071374872226,-0.017364958191122562,0.015495838724321101,0.005593342948639614,-0.008728068951728098,-0.013116584548388585,0.007224566883687451,-0.009879421451657898,-0.011296911969299892,-0.0024766751133054954,0.03941359124436891,-0.004616489236181104,0.0038931024039364145,-0.016912117978612265,-0.012612533629192096,-0.0012030861515893434,0.01625147133241884,0.00846266088448034,0.01592415154456113,0.0020424241655446276,0.0009208958170301698,-0.0026630370356997956,0.005372027066251072,0.005085098432518342,0.00029858228884905333,0.00046036965746962363,0.0022928145121858205,0.0051703060873508015,1.9104663279847752e-5,-0.00045507296744739384,-0.004616489236181104,0.01577657742509838,0.0007318011147247767,-0.0015775286499372153,-0.0024233436036063933,0.0021400956916477524,-0.00559771153832897,0.002039846539553378,-0.0018854855626252956,-0.004186647870546133,0.0016979878423134204,-0.0002726263536142947,0.005022012433013898,0.0050565002065873586,-0.006775518183206522,-0.004957994163825955,0.0020100595458188886,-0.002182684006948772,-0.004665280328307573,-0.0026855209734522947,0.0038931024039364145,0.0007318011147247767,0.01752542163550063,0.0012104435777727917,-0.012042584599018124,0.00593624545054266,-0.0006633037979383819,-0.0004558341203277519,0.005824770509760515,0.004549627485682712,0.008407343763435838,0.016136860589847,-0.01858141247234448,-0.009591685970623945,0.011519187349758517,0.00889293529536743,-0.005791748326407517,0.007502011780323751,0.012817201419195512,0.00027474808343411596,-0.016912117978612265,-0.0015775286499372153,0.0012104435777727917,0.028573253287334816,0.009364065768290224,-0.003224090621863885,-0.011770347603339872,-0.005776883413023969,-0.015565566917247937,0.008841502468440114,0.007445816252551876,0.003932648262153638,-0.01848756573061556,-0.014524937523375983,0.018777463578356572,0.005447678474717394,-0.018252162705447307,0.002727368787542487,0.011914819095801442,0.005721030704467014,-0.012612533629192096,-0.0024233436036063933,-0.012042584599018124,0.009364065768290224,0.0461678401822469,-0.014980238134965896,-0.0017537985000825658,-0.0007176666976598173,-0.01915882709690818,0.00545433812458152,-0.008906820438399306,-0.010109594155966442,0.008626550329072735,0.018275133324159178,-0.010401412351672381,-0.0024034376746961744,0.011000378791080853,-0.0027650696279535305,-0.003517571358701176,-0.0008957853338096063,-0.0012030861515893434,0.0021400956916477524,0.00593624545054266,-0.003224090621863885,-0.014980238134965896,0.0380020861465213,-0.004028380620221938,-0.0037782372611343796,0.013488239376576963,-0.006873094327526402,-0.007761778976945648,-0.011570466674437948,0.00884117219036874,-0.0037201387432250583,-0.007817295688910356,-0.01067110125985563,0.0018395160820223878,-0.0017875121029962,-0.012603415354967885,0.005922141029480145,0.01625147133241884,-0.00559771153832897,-0.0006633037979383819,-0.011770347603339872,-0.0017537985000825658,-0.004028380620221938,0.037040154655030376,0.006532112113983719,0.012560787900036768,-0.0036163994625910915,-0.005286863914335287,-0.011587292829862187,0.013179281281785006,0.006586427378056,-0.005209891845007779,-0.013211279522206826,0.0033614413603613473,-0.008750206147601684,-0.008581293364904614,-0.0015313829053428662,0.00846266088448034,0.002039846539553378,-0.0004558341203277519,-0.005776883413023969,-0.0007176666976598173,-0.0037782372611343796,0.006532112113983719,0.019101544454053408,0.00107084845147846,-0.00374922939204706,-0.012983931774968226,-0.014103494133370677,0.005190067414757341,0.014118008675727411,-0.0147339340710488,-0.007270359713014391,0.005401608720231465,-0.009638773724739515,-0.011788343151701106,0.0013528958175492694,0.01592415154456113,-0.0018854855626252956,0.005824770509760515,-0.015565566917247937,-0.01915882709690818,0.013488239376576963,0.012560787900036768,0.00107084845147846,0.045932244816851354
0.02346690110787819,0.0025251051123198823,-0.0002681958584396352,-0.012377972161049522,-0.004930600130154521,0.005526684025971364,0.004222706722989663,-0.003969176037505682,0.0037959902225073805,0.004181192518647273,0.0012586068412212092,-0.0005512026162713506,-0.004561341600047059,0.0024626755027547507,0.0027818379690585913,0.01346216874148876,-0.0027917788464966497,-0.00927790558597702,-0.0035180661797065225,-0.008796129081411261,0.0025251051123198823,0.042267863450781054,-7.675744434661842e-5,-0.002859827874756051,0.0013646001022382293,0.01934670788185021,-0.006147621350143311,-0.021242805585293678,0.008214777384635342,-0.016850331081057705,0.003559672146972656,0.009809323245117914,0.007223492967048597,-0.0014782797033636838,0.0037047805758490477,0.01929423101031067,-0.010138218101000657,-0.0166804682403073,0.004932081963059082,0.0022542949955205527,-0.0002681958584396352,-7.675744434661842e-5,0.05727906686870561,-0.017287993514699458,-0.020241211649889693,-0.0025603178559716958,-0.002966162371380148,0.007863207560805722,-0.002814819643636537,0.02014204847688203,0.0003130272394865311,-0.0013230860818349596,0.00013664429048814374,0.020943820636824907,0.03586013906311321,-0.0024681181827725844,0.010214140282776212,-0.0027941134757406474,-0.006130173219095708,-0.010144440270568152,-0.012377972161049522,-0.002859827874756051,-0.017287993514699458,0.049109162477665474,0.01544904668954876,0.0005831636811864161,-0.0015931585870546314,-0.0018071750074475938,-0.0044460080439969515,-0.012953786098704227,0.003711717046783251,0.009771922534026886,0.003401534530783417,-0.011922388215459975,-0.01818180007150872,-0.01843247805789099,-0.00495100490438144,0.0065423255443425535,0.008294468361952027,0.018157658722501774,-0.004930600130154521,0.0013646001022382293,-0.020241211649889693,0.01544904668954876,0.04469302271424623,-0.003028460792473699,0.0016378701776450719,-0.003176663113351753,0.0031406292793753894,-0.017648288506593085,0.004682094635733997,0.00920380032709129,-0.00029008355261636674,-0.0084607001717551,-0.02275130651941468,-0.014003710862894474,0.01492569955338979,0.00022338177112996504,0.010407859551851696,0.011168081159187784,0.005526684025971364,0.01934670788185021,-0.0025603178559716958,0.0005831636811864161,-0.003028460792473699,0.03271487037321522,-0.0010175986206715797,-0.00659655846842511,0.012633162236720882,-0.003781695320958839,-0.002864007546885569,0.011186937657955677,-0.003995405700532497,-0.006306542852016534,0.00023041699869197872,0.012292815387402508,-0.006697581831378864,-0.018004214169853407,-0.005453945456029532,0.00016560709399806466,0.004222706722989663,-0.006147621350143311,-0.002966162371380148,-0.0015931585870546314,0.0016378701776450719,-0.0010175986206715797,0.029646496715807394,0.01434416629981983,-0.005949730752319874,0.002002995545129155,-0.0049375984884068936,-0.007592190755780154,0.0002733686180279942,-0.022759907256293812,-0.01781477334201574,-0.00024110426857843414,0.006773781678810731,-0.0035019107822857106,-0.006730333482799554,-0.005854862404157779,-0.003969176037505682,-0.021242805585293678,0.007863207560805722,-0.0018071750074475938,-0.003176663113351753,-0.00659655846842511,0.01434416629981983,0.07261552738388508,0.0017796048853790797,0.022853641631271644,-0.017290072232689344,0.00811124001023583,-0.006985830424902539,0.008787030210846382,0.0113158967229537,-0.015664368614193687,0.022935466846874662,0.005104459666385272,-0.0213477693647817,-0.01799162412788345,0.0037959902225073805,0.008214777384635342,-0.002814819643636537,-0.0044460080439969515,0.0031406292793753894,0.012633162236720882,-0.005949730752319874,0.0017796048853790797,0.02375126480745158,0.005844873031458426,-0.008522201542528559,0.006900150341578388,-0.007631814175317273,0.0035116428579083075,0.006551628640826144,0.004607122873105255,-0.006246278538997976,-0.007248317445306487,-0.010343551067707171,-0.014887211837206517,0.004181192518647273,-0.016850331081057705,0.02014204847688203,-0.012953786098704227,-0.017648288506593085,-0.003781695320958839,0.002002995545129155,0.022853641631271644,0.005844873031458426,0.04660892679069281,-0.015450664649315153,-0.0025456027675100773,-0.012220519735732332,0.022517974212133487,0.028428393193470933,0.0059510326845006985,-0.0026100630419759294,0.002697865909783128,-0.018302422349371773,-0.02956487083850308,0.0012586068412212092,0.003559672146972656,0.0003130272394865311,0.003711717046783251,0.004682094635733997,-0.002864007546885569,-0.0049375984884068936,-0.017290072232689344,-0.008522201542528559,-0.015450664649315153,0.021383615307912034,-0.0011993178285087157,0.012151369978819434,-0.0018817562949329128,-0.007591714177450961,0.0005594892227420985,-0.0004009929386019958,0.0024451410547789484,0.010416287858986278,0.015179334518864433,-0.0005512026162713506,0.009809323245117914,-0.0013230860818349596,0.009771922534026886,0.00920380032709129,0.011186937657955677,-0.007592190755780154,0.00811124001023583,0.006900150341578388,-0.0025456027675100773,-0.0011993178285087157,0.04481976355343384,-0.004728134065992292,0.02025811334174816,0.0163249731882307,-0.008250353041437546,0.0015228562355613612,-0.00959637820940282,-0.002458121969427662,0.00876712411635103,-0.004561341600047059,0.007223492967048597,0.00013664429048814374,0.003401534530783417,-0.00029008355261636674,-0.003995405700532497,0.0002733686180279942,-0.006985830424902539,-0.007631814175317273,-0.012220519735732332,0.012151369978819434,-0.004728134065992292,0.020663904898047928,-0.004445210774170413,-0.008213488519486438,0.0013926791935941231,0.00014773509429280465,0.002230145058410451,0.008001783980509228,0.011235516245326396,0.0024626755027547507,-0.0014782797033636838,0.020943820636824907,-0.011922388215459975,-0.0084607001717551,-0.006306542852016534,-0.022759907256293812,0.008787030210846382,0.0035116428579083075,0.022517974212133487,-0.0018817562949329128,0.02025811334174816,-0.004445210774170413,0.07353400595819187,0.06168019554118356,0.004116818228220402,-0.005829628154006486,0.0046665918784901325,-0.008775780845627796,-0.015404474714121309,0.0027818379690585913,0.0037047805758490477,0.03586013906311321,-0.01818180007150872,-0.02275130651941468,0.00023041699869197872,-0.01781477334201574,0.0113158967229537,0.006551628640826144,0.028428393193470933,-0.007591714177450961,0.0163249731882307,-0.008213488519486438,0.06168019554118356,0.08089288760675878,0.010236937745322241,-0.006858047641424043,-0.00062985462089347,-0.010417829632747337,-0.021285879045925278,0.01346216874148876,0.01929423101031067,-0.0024681181827725844,-0.01843247805789099,-0.014003710862894474,0.012292815387402508,-0.00024110426857843414,-0.015664368614193687,0.004607122873105255,0.0059510326845006985,0.0005594892227420985,-0.008250353041437546,0.0013926791935941231,0.004116818228220402,0.010236937745322241,0.04598589263168759,-0.018141030535635497,-0.014132715116085912,-0.002030207828883057,-0.021929196864251932,-0.0027917788464966497,-0.010138218101000657,0.010214140282776212,-0.00495100490438144,0.01492569955338979,-0.006697581831378864,0.006773781678810731,0.022935466846874662,-0.006246278538997976,-0.0026100630419759294,-0.0004009929386019958,0.0015228562355613612,0.00014773509429280465,-0.005829628154006486,-0.006858047641424043,-0.018141030535635497,0.04012120790915485,-0.0015000501440386193,-0.0015921205373519596,0.005705551428864146,-0.00927790558597702,-0.0166804682403073,-0.0027941134757406474,0.0065423255443425535,0.00022338177112996504,-0.018004214169853407,-0.0035019107822857106,0.005104459666385272,-0.007248317445306487,0.002697865909783128,0.0024451410547789484,-0.00959637820940282,0.002230145058410451,0.0046665918784901325,-0.00062985462089347,-0.014132715116085912,-0.0015000501440386193,0.03838779763915243,0.006448603760394189,0.008371771586379334,-0.0035180661797065225,0.004932081963059082,-0.006130173219095708,0.008294468361952027,0.010407859551851696,-0.005453945456029532,-0.006730333482799554,-0.0213477693647817,-0.010343551067707171,-0.018302422349371773,0.010416287858986278,-0.002458121969427662,0.008001783980509228,-0.008775780845627796,-0.010417829632747337,-0.002030207828883057,-0.0015921205373519596,0.006448603760394189,0.02080796034028313,0.016891149765415753,-0.008796129081411261,0.0022542949955205527,-0.010144440270568152,0.018157658722501774,0.011168081159187784,0.00016560709399806466,-0.005854862404157779,-0.01799162412788345,-0.014887211837206517,-0.02956487083850308,0.015179334518864433,0.00876712411635103,0.011235516245326396,-0.015404474714121309,-0.021285879045925278,-0.021929196864251932,0.005705551428864146,0.008371771586379334,0.016891149765415753,0.06336786335708641
