0.03752106102691381,-0.005587772210825553,0.004035075919255509,-0.008334765722412077,-0.0006654300261869922,-0.0025056130125667374,-0.007187429436337092,0.0020808176419533884,-0.011287042590323265,0.0009707665127574145,0.00734228845717279,-2.8360445943666417e-5,0.002494473188247229,0.01232318117073415,0.01537006454749788,0.000823928350715334,0.00629423610160407,-0.015044724808334114,-0.009935582904369897,-0.004812993922541505,-0.005587772210825553,0.021092926210015885,-0.004930563451860371,0.004677398678047942,-0.005323746984411452,-0.0059719224028224995,-0.004772748192337271,0.01152874336957784,-0.0011314965062444277,-0.0016251594819718747,0.003832437381523269,-0.0021670662262395987,-0.0020403898678123915,-0.0015072567692518768,-0.01404199202176486,-0.005791402829864746,0.0013691414450835123,0.0006071917587855979,0.003469868371350011,0.003071564107828902,0.004035075919255509,-0.004930563451860371,0.015941257255443136,0.001995214826095244,0.0012663554778382566,0.007207098228940529,-0.003878900683679502,-0.0031644324583558372,-0.0007795066804186857,0.0005578977910495091,-0.00257148331299838,0.005964912936872894,-0.00300655376228693,-0.002667016536152522,0.0043434215370145544,-0.0032443646817658825,0.0015765177396702026,-0.0015977273164130509,-6.310340783430925e-5,0.00014469893145308102,-0.008334765722412077,0.004677398678047942,0.001995214826095244,0.01918839471980514,-0.0062215906412435166,0.0018617179773537617,-0.0019008310556585999,0.007910814700873205,0.006396050104718255,0.0024912073264001027,-0.0011385627540736185,0.0017067263459609734,-0.0004354904439707011,-0.005015638186178948,-0.005302684349354221,-0.006378223009475422,-0.0002838376020358489,-0.003488763763512038,0.003397583268713058,0.003752773985008751,-0.0006654300261869922,-0.005323746984411452,0.0012663554778382566,-0.0062215906412435166,0.01645268348008282,0.0009694441851181275,0.003919909701694684,-0.013873567688102838,-0.002287898211926135,-0.0012731825736374083,-0.0010829306083818924,0.004525769480239873,0.000952502224855501,0.0037502949818500222,0.0014778130782602595,0.006649079145835887,-0.0024923791113618263,0.00736574723104714,-0.0011880235931173723,0.0003285458421857155,-0.0025056130125667374,-0.0059719224028224995,0.007207098228940529,0.0018617179773537617,0.0009694441851181275,0.027669762007276447,0.007409290831339413,-0.006266759442536388,0.004655562689260837,-0.003236899706710552,-0.00907966852266998,-0.002319280184940165,0.004579770686819248,-0.0024712719903827026,0.012813817403200306,-0.0006628287605636801,0.003539383210521099,0.0006633790470231629,-0.004211544550952465,0.0017574480250148847,-0.007187429436337092,-0.004772748192337271,-0.003878900683679502,-0.0019008310556585999,0.003919909701694684,0.007409290831339413,0.022709847367134307,-0.010956381165930021,0.010654290614676931,0.002302798414901855,-0.0040691137067311155,-0.002840006010865079,0.01049430396379671,-0.006167538006991211,0.006050408104312852,0.006263627082064943,-0.0030875494148001454,0.0007995473969091545,0.002402244835230969,-0.003647028108276371,0.0020808176419533884,0.01152874336957784,-0.0031644324583558372,0.007910814700873205,-0.013873567688102838,-0.006266759442536388,-0.010956381165930021,0.0358986366456743,-0.0009329959431410113,0.002379452163840431,0.005387901901985977,-0.0035661384214621325,-0.00328797477278065,-0.00015684596803233828,-0.0005785071206444009,-0.009296426872977596,0.001997195234883168,-0.010112947300179306,-0.004176542915656554,0.0038041401422465437,-0.011287042590323265,-0.0011314965062444277,-0.0007795066804186857,0.006396050104718255,-0.002287898211926135,0.004655562689260837,0.010654290614676931,-0.0009329959431410113,0.0238123119983621,0.005724589966743432,-0.0036551278889844817,-0.0031900978121574266,0.009730225453369875,-0.007310415756003323,-0.00048418523471700737,0.0008981344138895937,0.0003193854918563825,-0.004124151469899355,0.006459889403793176,0.0011343948960561559,0.0009707665127574145,-0.0016251594819718747,0.0005578977910495091,0.0024912073264001027,-0.0012731825736374083,-0.003236899706710552,0.002302798414901855,0.002379452163840431,0.005724589966743432,0.017899192703365974,0.0010820514454596072,2.9430463997841954e-5,-0.0010272780443313224,-0.002690746523071144,0.004434109881819606,-0.0021454749496372283,-0.001882544796624596,-0.00817838787666166,-8.561333166288506e-5,-0.0009630971184002007,0.00734228845717279,0.003832437381523269,-0.00257148331299838,-0.0011385627540736185,-0.0010829306083818924,-0.00907966852266998,-0.0040691137067311155,0.005387901901985977,-0.0036551278889844817,0.0010820514454596072,0.015884551781964604,-0.0009346653530610607,-0.0005722017937030826,0.006621455726370647,-0.004755756052936344,0.002664419589066206,-0.00010877736450733464,-0.0027919754165825665,-0.002099575655309568,-0.0005460107878849576,-2.8360445943666417e-5,-0.0021670662262395987,0.005964912936872894,0.0017067263459609734,0.004525769480239873,-0.002319280184940165,-0.002840006010865079,-0.0035661384214621325,-0.0031900978121574266,2.9430463997841954e-5,-0.0009346653530610607,0.016991825842854427,-0.005231980866686917,-0.0017326457017731796,-0.002340779377732761,0.0004285245747817915,-0.003579395105437028,0.0038739814224162407,0.0012072088484430582,0.0016881837338821135,0.002494473188247229,-0.0020403898678123915,-0.00300655376228693,-0.0004354904439707011,0.000952502224855501,0.004579770686819248,0.01049430396379671,-0.00328797477278065,0.009730225453369875,-0.0010272780443313224,-0.0005722017937030826,-0.005231980866686917,0.024442331367237835,0.0018757269369418226,0.005489380795078254,0.005798111070405566,-0.0009286525658072347,-0.007399920490929307,-0.0027757754152985953,-0.0007653677889546545,0.01232318117073415,-0.0015072567692518768,-0.002667016536152522,-0.005015638186178948,0.0037502949818500222,-0.0024712719903827026,-0.006167538006991211,-0.00015684596803233828,-0.007310415756003323,-0.002690746523071144,0.006621455726370647,-0.0017326457017731796,0.0018757269369418226,0.025200525221191022,0.005779162810638885,0.0050899832141030645,0.0044070229330187664,0.0002332579114191394,-0.0031368670584522125,-0.0032936075126921895,0.01537006454749788,-0.01404199202176486,0.0043434215370145544,-0.005302684349354221,0.0014778130782602595,0.012813817403200306,0.006050408104312852,-0.0005785071206444009,-0.00048418523471700737,0.004434109881819606,-0.004755756052936344,-0.002340779377732761,0.005489380795078254,0.005779162810638885,0.04234684123713558,0.0025097788582600414,0.004638698035568448,-0.012590359797826817,-0.012357334152153487,-0.00640100336832174,0.000823928350715334,-0.005791402829864746,-0.0032443646817658825,-0.006378223009475422,0.006649079145835887,-0.0006628287605636801,0.006263627082064943,-0.009296426872977596,0.0008981344138895937,-0.0021454749496372283,0.002664419589066206,0.0004285245747817915,0.005798111070405566,0.0050899832141030645,0.0025097788582600414,0.01750275751050893,-0.002565787105783676,0.003627713718863333,-0.0021995771935989722,-0.00047180010656198154,0.00629423610160407,0.0013691414450835123,0.0015765177396702026,-0.0002838376020358489,-0.0024923791113618263,0.003539383210521099,-0.0030875494148001454,0.001997195234883168,0.0003193854918563825,-0.001882544796624596,-0.00010877736450733464,-0.003579395105437028,-0.0009286525658072347,0.0044070229330187664,0.004638698035568448,-0.002565787105783676,0.014732271406513123,-0.004482888646687564,-0.000537587161137699,0.0003339472470448914,-0.015044724808334114,0.0006071917587855979,-0.0015977273164130509,-0.003488763763512038,0.00736574723104714,0.0006633790470231629,0.0007995473969091545,-0.010112947300179306,-0.004124151469899355,-0.00817838787666166,-0.0027919754165825665,0.0038739814224162407,-0.007399920490929307,0.0002332579114191394,-0.012590359797826817,0.003627713718863333,-0.004482888646687564,0.03286499918393207,0.0028406781339032003,0.005714298685029709,-0.009935582904369897,0.003469868371350011,-6.310340783430925e-5,0.003397583268713058,-0.0011880235931173723,-0.004211544550952465,0.002402244835230969,-0.004176542915656554,0.006459889403793176,-8.561333166288506e-5,-0.002099575655309568,0.0012072088484430582,-0.0027757754152985953,-0.0031368670584522125,-0.012357334152153487,-0.0021995771935989722,-0.000537587161137699,0.0028406781339032003,0.013022522334395326,0.0033807757941450266,-0.004812993922541505,0.003071564107828902,0.00014469893145308102,0.003752773985008751,0.0003285458421857155,0.0017574480250148847,-0.003647028108276371,0.0038041401422465437,0.0011343948960561559,-0.0009630971184002007,-0.0005460107878849576,0.0016881837338821135,-0.0007653677889546545,-0.0032936075126921895,-0.00640100336832174,-0.00047180010656198154,0.0003339472470448914,0.005714298685029709,0.0033807757941450266,0.012208419565195654
