0.10617875891667644,-0.009948542960866873,0.0008932475166013865,-0.010330800058473174,-0.019797395604561778,0.022995499263173815,0.0059379269105189645,0.0395524647071125,-0.0043465737616844545,-0.012004512790800897,0.023911848432000962,-0.02824260812702232,0.016745183499841762,0.022455917305495725,0.04509803737158494,0.006576182240476963,-0.01104578914245983,-0.019763714933409088,-0.02977335090585756,-0.008434166586775541,-0.009948542960866873,0.03615505662347595,-0.00615002192517941,-0.0007680345970214208,0.0003855758721503071,-0.016088266329328218,-0.009860885359501708,0.011632873541839544,-0.006146294182794659,0.010316749736236346,0.005990496995464597,0.004319004900887508,-0.007732373655793195,0.0017815346467173615,-0.02635930811365448,-0.010164510339350688,-0.0019419317033966186,0.015237690775253969,0.006386908446942963,0.0069281250878774625,0.0008932475166013865,-0.00615002192517941,0.03027948119807372,0.01383440837928527,0.00013951883606563658,0.011864349625272285,-0.007255666694568105,0.0056737998164666775,0.0023821598375621715,-0.001075935189099629,-0.008162452232467567,-0.0016851739756800006,-0.004429380778686639,-6.770815766610964e-5,0.016346283731919948,-0.0033540458673754644,0.004484451080177739,-0.004898830013220541,-0.00565149572300501,-0.005698266122831355,-0.010330800058473174,-0.0007680345970214208,0.01383440837928527,0.05704550914835723,-0.007764627189946441,0.004590557098081829,-0.015133210075137286,0.03948460999266411,0.024014306242697604,0.0025189722068255996,-0.003267634020455671,6.649926855889954e-5,-0.014116756700253048,-0.027060113967642418,-0.014097405566553704,-0.002615672168239468,-0.012262654489451342,-0.007803048327597557,0.0037357296780319424,0.021521790276848043,-0.019797395604561778,0.0003855758721503071,0.00013951883606563658,-0.007764627189946441,0.04050908106266022,-0.027406409912672326,0.00044106791138338387,-0.03347222423253811,-0.004547493473081542,0.007764516045161238,0.003920218725234952,0.013345045865032847,-0.003501712641704713,-0.0044941282916573875,-0.026678414185839147,0.012942059397691219,0.004036489748436768,0.005578972508168125,0.008738765583046305,0.007473141473296102,0.022995499263173815,-0.016088266329328218,0.011864349625272285,0.004590557098081829,-0.027406409912672326,0.055054459647140036,0.008041940854703934,0.01697555005620254,0.006051463989098733,-0.008155883532665865,-0.010433847002498345,-0.011359804970111714,-0.002788481984895813,-0.0001278216479933046,0.048880571795133644,-0.0018681666782607881,-0.0035211648547304516,-0.012017293138730102,-0.015501489969058604,-0.008945145598335143,0.0059379269105189645,-0.009860885359501708,-0.007255666694568105,-0.015133210075137286,0.00044106791138338387,0.008041940854703934,0.03050000061258357,-0.018992988332287727,-0.0003926414061867671,0.00633892833304479,-0.004018682642633618,-0.001718078298536313,0.015194159698053693,0.0007465523299212636,0.024568780171324148,0.0030788086299973327,0.0009062282003850093,-0.01610192006247514,0.0013947774368510248,-0.011239184857387285,0.0395524647071125,0.011632873541839544,0.0056737998164666775,0.03948460999266411,-0.03347222423253811,0.01697555005620254,-0.018992988332287727,0.12535389354906726,0.007048486870813085,-0.0023209674614910465,0.024451616503462083,-0.002132540399697567,-0.01718493606818816,0.0033462527125264546,0.009060583714193247,-0.011655922509448349,-0.028515812992765746,0.014893523783376446,-0.013786316418139155,0.034151130402418226,-0.0043465737616844545,-0.006146294182794659,0.0023821598375621715,0.024014306242697604,-0.004547493473081542,0.006051463989098733,-0.0003926414061867671,0.007048486870813085,0.04319592554069295,-0.000783686162417887,-0.014334423322207471,-0.011841074594209602,0.011577290538843125,-0.021324212476236674,-0.0060721820684929585,0.0033823252663726057,0.001201612437116638,-0.005266545415557559,0.007049207214984423,0.011501660607850293,-0.012004512790800897,0.010316749736236346,-0.001075935189099629,0.0025189722068255996,0.007764516045161238,-0.008155883532665865,0.00633892833304479,-0.0023209674614910465,-0.000783686162417887,0.03766406238040501,-0.0007931332918254515,0.008621540115139097,-0.01313777625135503,-0.008994983508418417,0.0042096341823906055,-0.009893648307432588,-0.003244216853157221,-0.009260714224849673,0.0059205239189864395,0.002616668158642365,0.023911848432000962,0.005990496995464597,-0.008162452232467567,-0.003267634020455671,0.003920218725234952,-0.010433847002498345,-0.004018682642633618,0.024451616503462083,-0.014334423322207471,-0.0007931332918254515,0.040791634945389316,0.0028442465431425673,-0.012036305008367764,0.010233603587511637,-0.016006946675239726,0.00900347211446901,-0.011603312388939965,0.007741649859953153,-0.004242192166014897,0.012445637530373959,-0.02824260812702232,0.004319004900887508,-0.0016851739756800006,6.649926855889954e-5,0.013345045865032847,-0.011359804970111714,-0.001718078298536313,-0.002132540399697567,-0.011841074594209602,0.008621540115139097,0.0028442465431425673,0.04537428643597481,-0.009455060918152815,-0.002754716412771224,-0.01642654271784562,-0.0027415387903278444,-0.008541601045927737,0.006061562884783298,0.00954179695823594,0.009055190852282046,0.016745183499841762,-0.007732373655793195,-0.004429380778686639,-0.014116756700253048,-0.003501712641704713,-0.002788481984895813,0.015194159698053693,-0.01718493606818816,0.011577290538843125,-0.01313777625135503,-0.012036305008367764,-0.009455060918152815,0.053746609925225834,0.011572556023950941,0.004921628483744535,0.0012693763038829709,0.009216453796432988,-0.00971794907575341,-0.009497874405777427,-0.017890898020684366,0.022455917305495725,0.0017815346467173615,-6.770815766610964e-5,-0.027060113967642418,-0.0044941282916573875,-0.0001278216479933046,0.0007465523299212636,0.0033462527125264546,-0.021324212476236674,-0.008994983508418417,0.010233603587511637,-0.002754716412771224,0.011572556023950941,0.05705509376208087,0.028406921101462965,-0.006679311840522066,0.01562328287786156,0.012741979003984317,-0.0036836912785647756,-0.015972767321770387,0.04509803737158494,-0.02635930811365448,0.016346283731919948,-0.014097405566553704,-0.026678414185839147,0.048880571795133644,0.024568780171324148,0.009060583714193247,-0.0060721820684929585,0.0042096341823906055,-0.016006946675239726,-0.01642654271784562,0.004921628483744535,0.028406921101462965,0.12432972408240989,-0.017349869926915888,0.009818664561303356,-0.03536214524767499,-0.014386055590671274,-0.02770913547507057,0.006576182240476963,-0.010164510339350688,-0.0033540458673754644,-0.002615672168239468,0.012942059397691219,-0.0018681666782607881,0.0030788086299973327,-0.011655922509448349,0.0033823252663726057,-0.009893648307432588,0.00900347211446901,-0.0027415387903278444,0.0012693763038829709,-0.006679311840522066,-0.017349869926915888,0.04055342179463301,-0.010728469529754191,0.002039519604855258,-0.005068525542861551,0.007589944242583324,-0.01104578914245983,-0.0019419317033966186,0.004484451080177739,-0.012262654489451342,0.004036489748436768,-0.0035211648547304516,0.0009062282003850093,-0.028515812992765746,0.001201612437116638,-0.003244216853157221,-0.011603312388939965,-0.008541601045927737,0.009216453796432988,0.01562328287786156,0.009818664561303356,-0.010728469529754191,0.03903584931357751,0.0018470217101273778,0.0031293291519474886,-0.013106862156194658,-0.019763714933409088,0.015237690775253969,-0.004898830013220541,-0.007803048327597557,0.005578972508168125,-0.012017293138730102,-0.01610192006247514,0.014893523783376446,-0.005266545415557559,-0.009260714224849673,0.007741649859953153,0.006061562884783298,-0.00971794907575341,0.012741979003984317,-0.03536214524767499,0.002039519604855258,0.0018470217101273778,0.0661841703686172,0.0005901429786943051,0.018367704216948076,-0.02977335090585756,0.006386908446942963,-0.00565149572300501,0.0037357296780319424,0.008738765583046305,-0.015501489969058604,0.0013947774368510248,-0.013786316418139155,0.007049207214984423,0.0059205239189864395,-0.004242192166014897,0.00954179695823594,-0.009497874405777427,-0.0036836912785647756,-0.014386055590671274,-0.005068525542861551,0.0031293291519474886,0.0005901429786943051,0.03188350374508431,0.01585189349718615,-0.008434166586775541,0.0069281250878774625,-0.005698266122831355,0.021521790276848043,0.007473141473296102,-0.008945145598335143,-0.011239184857387285,0.034151130402418226,0.011501660607850293,0.002616668158642365,0.012445637530373959,0.009055190852282046,-0.017890898020684366,-0.015972767321770387,-0.02770913547507057,0.007589944242583324,-0.013106862156194658,0.018367704216948076,0.01585189349718615,0.04331897444689367
0.08501044336926397,-0.012572721026713774,-0.007340276719072433,-0.016215938445923277,-0.004259387659042501,-0.011608048775108112,-0.004342536948009106,0.00720002324987132,-0.018627573784884867,0.01344486106246556,0.004751048923704086,0.00202123396698262,0.007070384356579874,0.039325285463817736,0.03770943554480123,0.005992496637580525,-0.004673666224054244,-0.0445788774789053,-0.013015302166815169,-0.023803236265637576,-0.012572721026713774,0.04875594966402411,-0.007541025902204186,0.0066643549499436835,-0.012191901629899676,-0.004968918282756755,0.0032781005182639183,0.022716913391344438,0.0008874854224759272,-0.01596989974924092,0.010521273706903658,-0.010244092619162575,0.009043719973177274,-0.007214433919126774,-0.028114643522662748,-0.015063742607493321,0.0029832492013595517,0.020048231304788434,0.010445560610572033,0.014026592846630121,-0.007340276719072433,-0.007541025902204186,0.04298826027974674,0.007838889797716424,0.01020130471317347,0.02079365089834081,-0.014803868024935489,-0.009963114899669577,-0.004559531531083175,-0.0042308605095836855,-0.008720740678350408,0.0162187095477885,-0.012894693232558903,-0.005617561273619611,0.00499678397852019,0.0018691068739250436,0.011794827462092273,-0.01063910806007519,-0.0016354536597592442,-0.0014429494469865665,-0.016215938445923277,0.0066643549499436835,0.007838889797716424,0.04059418549885397,-0.0016513144707203404,0.004995054999347967,-0.002052239482028031,0.010021349165772332,0.00160345090037309,0.011283693159937908,-0.0012000382018539377,0.006691198245557023,-0.001490105496951508,-0.009308261989591077,-0.02539265256370637,-0.00858920216096598,0.00046449638729883195,0.005432699622095378,0.0050183746288733865,0.01672918569017596,-0.004259387659042501,-0.012191901629899676,0.01020130471317347,-0.0016513144707203404,0.033587047732442,0.005826342483437112,0.0034405458461686245,-0.01649660248777037,0.0028562520902185654,0.0001598111166050153,-0.005742868190372027,0.008810787552701472,-0.010091674755421593,-0.0019028106918589274,0.006991363637858641,0.011448743115222104,-0.0005467753285701802,0.007967329277209816,-0.01225888766172163,-0.006624670558619039,-0.011608048775108112,-0.004968918282756755,0.02079365089834081,0.004995054999347967,0.005826342483437112,0.05027946201860265,0.005859293937737457,-0.005059158471666228,0.0013249932110793556,-0.00819474441602168,-0.013862821557105387,0.00408757685488303,0.00034107544185001413,-0.011191142473054545,0.00494349520222528,-0.003327873561493804,0.012844866137971199,0.0026189308552912755,-0.012714211822717212,0.003978322782944982,-0.004342536948009106,0.0032781005182639183,-0.014803868024935489,-0.002052239482028031,0.0034405458461686245,0.005859293937737457,0.04316761605653906,-0.0026368221719496386,0.008215157117863374,0.0026219717527280924,0.0010345282851467307,-0.007748019841152479,0.014009048543275202,-0.01086266600448432,-0.009692789879116474,0.004737354856291086,-0.007169065981857569,0.01898366252497619,-0.002201819986680432,-0.007899799251077942,0.00720002324987132,0.022716913391344438,-0.009963114899669577,0.010021349165772332,-0.01649660248777037,-0.005059158471666228,-0.0026368221719496386,0.05316259118619591,-0.0025561224424218666,-0.0029102785590862743,0.0075721237889866955,-0.010735488213790228,0.011132842770690236,-0.006357280597503402,-0.0116524717827486,-0.02052457227653378,-0.0006936037585997144,-0.013748279026296703,-3.357229794669899e-6,0.012496970380306664,-0.018627573784884867,0.0008874854224759272,-0.004559531531083175,0.00160345090037309,0.0028562520902185654,0.0013249932110793556,0.008215157117863374,-0.0025561224424218666,0.029382545943268716,0.00199983093369181,-0.0017872242458857842,-0.00030479948173158064,0.0072379667459195815,-0.006696071634509,-0.007781746244860642,0.0015596872180252603,0.0009295578171573798,0.008443644382841205,0.006792289154212617,0.0033672364514448425,0.01344486106246556,-0.01596989974924092,-0.0042308605095836855,0.011283693159937908,0.0001598111166050153,-0.00819474441602168,0.0026219717527280924,-0.0029102785590862743,0.00199983093369181,0.04149987103847108,-0.002121857205566045,0.005431067764466436,0.003522588434539792,0.0004296133256431404,0.0012838371123093848,-0.001018574219112702,-0.009733417242890197,-0.010554868825821923,-0.0034932089585439146,0.0009508318366449251,0.004751048923704086,0.010521273706903658,-0.008720740678350408,-0.0012000382018539377,-0.005742868190372027,-0.013862821557105387,0.0010345282851467307,0.0075721237889866955,-0.0017872242458857842,-0.002121857205566045,0.023138282593013877,-0.0061588891242707194,0.0021717184014276906,0.0018033902288418452,-0.0031425235678304944,-4.469284706008227e-6,-0.004169340716650616,0.005280242505536064,0.0012224292095242963,0.00370655132291799,0.00202123396698262,-0.010244092619162575,0.0162187095477885,0.006691198245557023,0.008810787552701472,0.00408757685488303,-0.007748019841152479,-0.010735488213790228,-0.00030479948173158064,0.005431067764466436,-0.0061588891242707194,0.025176691897814088,-0.008784944387763258,0.004548265101385368,-6.028293080548915e-7,0.004672806487953488,0.0007226623795899119,-0.006225166364990532,0.00027918197695206307,-0.003887710754469172,0.007070384356579874,0.009043719973177274,-0.012894693232558903,-0.001490105496951508,-0.010091674755421593,0.00034107544185001413,0.014009048543275202,0.011132842770690236,0.0072379667459195815,0.003522588434539792,0.0021717184014276906,-0.008784944387763258,0.036105331718552756,-0.0028836531590663954,-0.00733528058737494,-0.006141359620674022,-0.006719203007125869,-0.004650465576125028,-0.005565973814914988,-0.00021029005519474333,0.039325285463817736,-0.007214433919126774,-0.005617561273619611,-0.009308261989591077,-0.0019028106918589274,-0.011191142473054545,-0.01086266600448432,-0.006357280597503402,-0.006696071634509,0.0004296133256431404,0.0018033902288418452,0.004548265101385368,-0.0028836531590663954,0.05717587254444354,0.01845751558978021,0.019921883510199308,0.001713042275073127,-0.007182598654813067,0.0031359893956648894,-0.013913920907859693,0.03770943554480123,-0.028114643522662748,0.00499678397852019,-0.02539265256370637,0.006991363637858641,0.00494349520222528,-0.009692789879116474,-0.0116524717827486,-0.007781746244860642,0.0012838371123093848,-0.0031425235678304944,-6.028293080548915e-7,-0.00733528058737494,0.01845751558978021,0.06651500164989614,0.009505726030027693,0.003997767002857988,-0.028285824265854798,-0.017272932552583917,-0.020994209841839598,0.005992496637580525,-0.015063742607493321,0.0018691068739250436,-0.00858920216096598,0.011448743115222104,-0.003327873561493804,0.004737354856291086,-0.02052457227653378,0.0015596872180252603,-0.001018574219112702,-4.469284706008227e-6,0.004672806487953488,-0.006141359620674022,0.019921883510199308,0.009505726030027693,0.03325579003597447,-0.0028240571615140656,0.009539572869680095,-0.004653571865503435,-0.009624794388320757,-0.004673666224054244,0.0029832492013595517,0.011794827462092273,0.00046449638729883195,-0.0005467753285701802,0.012844866137971199,-0.007169065981857569,-0.0006936037585997144,0.0009295578171573798,-0.009733417242890197,-0.004169340716650616,0.0007226623795899119,-0.006719203007125869,0.001713042275073127,0.003997767002857988,-0.0028240571615140656,0.023659178333388525,-0.005313968769772311,0.003462358117844834,0.005684222506244915,-0.0445788774789053,0.020048231304788434,-0.01063910806007519,0.005432699622095378,0.007967329277209816,0.0026189308552912755,0.01898366252497619,-0.013748279026296703,0.008443644382841205,-0.010554868825821923,0.005280242505536064,-0.006225166364990532,-0.004650465576125028,-0.007182598654813067,-0.028285824265854798,0.009539572869680095,-0.005313968769772311,0.088256466115918,0.0010203272363394288,0.017401603767330492,-0.013015302166815169,0.010445560610572033,-0.0016354536597592442,0.0050183746288733865,-0.01225888766172163,-0.012714211822717212,-0.002201819986680432,-3.357229794669899e-6,0.006792289154212617,-0.0034932089585439146,0.0012224292095242963,0.00027918197695206307,-0.005565973814914988,0.0031359893956648894,-0.017272932552583917,-0.004653571865503435,0.003462358117844834,0.0010203272363394288,0.029528937745930885,0.011356485046139186,-0.023803236265637576,0.014026592846630121,-0.0014429494469865665,0.01672918569017596,-0.006624670558619039,0.003978322782944982,-0.007899799251077942,0.012496970380306664,0.0033672364514448425,0.0009508318366449251,0.00370655132291799,-0.003887710754469172,-0.00021029005519474333,-0.013913920907859693,-0.020994209841839598,-0.009624794388320757,0.005684222506244915,0.017401603767330492,0.011356485046139186,0.03603296467593717
