0.014043662282857732,0.00374441442734894,-0.001242777640476464,-0.001992311483200737,0.0034280310760840945,-0.0074638352787349165,0.002640335769487502,0.0005097298742669559,0.0021789791583488967,0.006602519776412387,-0.006280786440908073,-0.002566877453312086,-0.0020262751676530227,0.004537700193941311,-0.0033671337452686754,-0.008367178344428839,-0.004502813881990535,-0.0022955061897075796,0.010890348031097332,0.0009362119624600285,0.00374441442734894,0.015140137942584135,0.001426048933156639,-0.0007978765469924256,0.002035556798526022,-0.00012561530797900377,-0.001017299294801766,0.003027982287497593,-0.0005937647125731672,0.004115137611816321,0.001178301324326158,-0.0033565852750869255,-0.000687800566850305,0.0027715182074769676,-0.01054204253560251,0.002081708136230787,0.00022699728866904092,-0.000301233188845451,0.001269051952765428,-0.003774969720590338,-0.001242777640476464,0.001426048933156639,0.00944088319252026,0.00021029076431373407,-0.001971236254626323,0.0021727260826607414,0.0008082992700948449,0.0016512579114546491,-0.0012904862146067221,-0.0009716776600567025,0.0027030779472297355,0.0004478001048105328,0.0006059774048202965,-0.0005096759594099495,-0.0017081964052140834,0.00390387851079056,0.0012999938218581,-0.00023030536395700016,-0.0019343048062456763,-0.0007255083733728989,-0.001992311483200737,-0.0007978765469924256,0.00021029076431373407,0.01524718593244992,0.004571836376213021,-0.0015402289040243786,-0.004291711265490941,-0.0018196484218609382,0.00331268195598139,0.0011466566234477628,0.0013327713984732075,0.0018567295701314708,0.003952591635041816,-0.001148552829070814,0.00584865609061201,-0.002308676427464295,-0.0011200236259141802,0.004515944438370239,-0.0007390046609155538,-0.0007236077318883132,0.0034280310760840945,0.002035556798526022,-0.001971236254626323,0.004571836376213021,0.048445433963871284,-0.021311037609236277,-0.009750559193804086,-0.008429563463313527,0.009700736570960641,0.02789554325795121,-0.013847229717751264,-0.017334959757587847,-0.0010603180256519187,0.020084571180546445,-0.017617144387397123,-0.037563207262597174,-0.012922233917683549,0.00020797306887424566,0.03880834415976739,-0.013705659422396415,-0.0074638352787349165,-0.00012561530797900377,0.0021727260826607414,-0.0015402289040243786,-0.021311037609236277,0.03134726863892862,0.0019344987186949054,0.005563105950368546,-0.0068132909029549925,-0.02234241204580855,0.01710758079104296,0.009729402267786402,0.002422684270935836,-0.01622503694615799,0.008274766936592255,0.03141656725064561,0.01018795628381523,0.003590353614389122,-0.02932848816886762,0.008481498844390681,0.002640335769487502,-0.001017299294801766,0.0008082992700948449,-0.004291711265490941,-0.009750559193804086,0.0019344987186949054,0.012498066322562536,0.0015939575294600405,-0.004754589889047693,-0.004007416821308928,0.0035846417850134513,0.001982807756307204,-0.00045640197790811077,-0.0018268981949781,-0.0012317022370135753,0.004116514681479113,0.002195109760740042,-0.00044276773244063933,-0.003509265560524485,0.0017937920364681312,0.0005097298742669559,0.003027982287497593,0.0016512579114546491,-0.0018196484218609382,-0.008429563463313527,0.005563105950368546,0.0015939575294600405,0.014037062170780495,0.001281271049842644,-0.006156743616769836,0.00428057382544178,0.0035400706649997647,0.0020309451886792265,-0.003987654308184227,-0.00035676436240529856,0.013763779722909687,0.0011363763719470462,0.00020498038110664804,-0.01373865086064048,0.0013137287188062445,0.0021789791583488967,-0.0005937647125731672,-0.0012904862146067221,0.00331268195598139,0.009700736570960641,-0.0068132909029549925,-0.004754589889047693,0.001281271049842644,0.012771723879387789,0.004037050176280813,-0.003076454466554513,-0.005296214279452899,0.0027895698676471013,0.0036547544327486517,0.0022214547775058838,-0.011072913831877852,-0.002474405773868767,0.0041533727841118005,0.006659018232416422,-0.00585497178037357,0.006602519776412387,0.004115137611816321,-0.0009716776600567025,0.0011466566234477628,0.02789554325795121,-0.02234241204580855,-0.004007416821308928,-0.006156743616769836,0.004037050176280813,0.03440759991454885,-0.01632433483093791,-0.016916525833391673,-0.004969845822522629,0.01924235322573043,-0.019474492961483465,-0.03343155856672038,-0.011320721803830936,-0.005300446082970916,0.036761742962370364,-0.011851322823051819,-0.006280786440908073,0.001178301324326158,0.0027030779472297355,0.0013327713984732075,-0.013847229717751264,0.01710758079104296,0.0035846417850134513,0.00428057382544178,-0.003076454466554513,-0.01632433483093791,0.025276300123260504,0.008149895864690913,0.005034533510326398,-0.0110021435116372,0.0006916040643714882,0.02520718103541908,0.007419942500876836,0.004668407912559638,-0.024901356444930915,0.004060790963454249,-0.002566877453312086,-0.0033565852750869255,0.0004478001048105328,0.0018567295701314708,-0.017334959757587847,0.009729402267786402,0.001982807756307204,0.0035400706649997647,-0.005296214279452899,-0.016916525833391673,0.008149895864690913,0.025240414509057025,0.001953231461834512,-0.011934433164894644,0.01728405021163638,0.019293878264123897,0.006273044220407676,0.004113385626924938,-0.023126707155824194,0.007172530214333674,-0.0020262751676530227,-0.000687800566850305,0.0006059774048202965,0.003952591635041816,-0.0010603180256519187,0.002422684270935836,-0.00045640197790811077,0.0020309451886792265,0.0027895698676471013,-0.004969845822522629,0.005034533510326398,0.001953231461834512,0.013163390554508632,-0.0018040740945091665,0.0026872645655094374,0.003975166038493327,0.0015610917177840493,0.005482883857674819,-0.0061008390464134254,-0.0015744886573795447,0.004537700193941311,0.0027715182074769676,-0.0005096759594099495,-0.001148552829070814,0.020084571180546445,-0.01622503694615799,-0.0018268981949781,-0.003987654308184227,0.0036547544327486517,0.01924235322573043,-0.0110021435116372,-0.011934433164894644,-0.0018040740945091665,0.02373640192373896,-0.015420633028075902,-0.024215857447658945,-0.0082430985882858,-0.002938858481477429,0.027126960749618623,-0.008505628891482129,-0.0033671337452686754,-0.01054204253560251,-0.0017081964052140834,0.00584865609061201,-0.017617144387397123,0.008274766936592255,-0.0012317022370135753,-0.00035676436240529856,0.0022214547775058838,-0.019474492961483465,0.0006916040643714882,0.01728405021163638,0.0026872645655094374,-0.015420633028075902,0.04613376459394073,0.011546086147934904,0.007509166544490289,0.01005066055359341,-0.02137795134354566,0.012795337504148891,-0.008367178344428839,0.002081708136230787,0.00390387851079056,-0.002308676427464295,-0.037563207262597174,0.03141656725064561,0.004116514681479113,0.013763779722909687,-0.011072913831877852,-0.03343155856672038,0.02520718103541908,0.019293878264123897,0.003975166038493327,-0.024215857447658945,0.011546086147934904,0.059341301593277704,0.016601522901450873,0.004194114073880565,-0.04994602627455096,0.009365511833856003,-0.004502813881990535,0.00022699728866904092,0.0012999938218581,-0.0011200236259141802,-0.012922233917683549,0.01018795628381523,0.002195109760740042,0.0011363763719470462,-0.002474405773868767,-0.011320721803830936,0.007419942500876836,0.006273044220407676,0.0015610917177840493,-0.0082430985882858,0.007509166544490289,0.016601522901450873,0.014516647976976388,0.0018234575181842799,-0.016830255578718707,0.006488675506388642,-0.0022955061897075796,-0.000301233188845451,-0.00023030536395700016,0.004515944438370239,0.00020797306887424566,0.003590353614389122,-0.00044276773244063933,0.00020498038110664804,0.0041533727841118005,-0.005300446082970916,0.004668407912559638,0.004113385626924938,0.005482883857674819,-0.002938858481477429,0.01005066055359341,0.004194114073880565,0.0018234575181842799,0.019447466985291182,-0.007254979125217189,-0.0019002731775277738,0.010890348031097332,0.001269051952765428,-0.0019343048062456763,-0.0007390046609155538,0.03880834415976739,-0.02932848816886762,-0.003509265560524485,-0.01373865086064048,0.006659018232416422,0.036761742962370364,-0.024901356444930915,-0.023126707155824194,-0.0061008390464134254,0.027126960749618623,-0.02137795134354566,-0.04994602627455096,-0.016830255578718707,-0.007254979125217189,0.06688019862559719,-0.012924152915919283,0.0009362119624600285,-0.003774969720590338,-0.0007255083733728989,-0.0007236077318883132,-0.013705659422396415,0.008481498844390681,0.0017937920364681312,0.0013137287188062445,-0.00585497178037357,-0.011851322823051819,0.004060790963454249,0.007172530214333674,-0.0015744886573795447,-0.008505628891482129,0.012795337504148891,0.009365511833856003,0.006488675506388642,-0.0019002731775277738,-0.012924152915919283,0.019321008285712298
