0.059006590714295225,-0.00346409977431355,-0.00544987624640384,-0.012152432244947725,-0.003917031632047294,-0.006329766529542366,0.004962433633211933,0.0034875101042906222,-0.013834367693107892,0.003363028069590366,0.009395953426042974,-0.0027270427879699352,0.011914381358510513,0.01659543562268485,0.021861082490385833,0.0006118774097567008,-0.004037781940339874,-0.02476268416326972,-0.010638939980419067,-0.01107199815496727,-0.00346409977431355,0.04212426200893618,-0.00890594773638263,0.01061865792744344,-0.01119653505790737,-0.008561106144684649,0.0016696235910372394,0.019267181582947143,0.0017616519318709167,0.003429563871840158,0.008479420736564672,-0.007353989604369206,0.002455540571424059,-0.001709490552684064,-0.021839835815667147,-0.013211573141437553,-0.0011165445574534247,0.009852556630153168,0.00836751765278905,0.008896645798742723,-0.00544987624640384,-0.00890594773638263,0.026657240992748257,0.005752108504222449,0.006331902001957204,0.01320511463533132,-0.010497462030605234,-0.004075957976352292,-0.0013586510606364737,-0.004056098621238468,-0.00487548211479211,0.006658269453698289,-0.010025677574747132,-0.0030933168720115646,0.004600336809187075,0.00011632131153158895,0.009392691409527129,-0.004301650936623548,-0.0008753689912432107,0.0016085845682384187,-0.012152432244947725,0.01061865792744344,0.005752108504222449,0.034240492525310945,-0.006202855552087461,0.002139044000065004,-0.004516516660768792,0.014532057403165002,0.006948200616117889,0.008101353210729436,0.0014287261588452449,0.00011788503353690578,-0.003958981476457478,-0.005793210994205442,-0.013274836669556662,-0.010490233387726661,0.0033628055865169916,0.0036421494680260384,0.007235330241411,0.015973192656409316,-0.003917031632047294,-0.01119653505790737,0.006331902001957204,-0.006202855552087461,0.02434426802413881,0.00019619218606069935,-0.0012444372231858656,-0.009920249403246355,-2.3496017613186863e-6,-0.003066301273219869,-0.001565946323213963,0.00568987851002053,-0.006598608100556106,-0.0004669118438724966,0.004269289638551741,0.010053777380843391,-0.0004303228065509324,0.003276210034198382,-0.004948050033983149,0.00011970909928611038,-0.006329766529542366,-0.008561106144684649,0.01320511463533132,0.002139044000065004,0.00019619218606069935,0.03900887104309495,0.002340080702566499,-0.0024298163075794736,0.002581587215285736,-0.006475264925454287,-0.007490081150861298,0.003419444949225654,-0.0028789649341211193,-0.006790019822969765,0.00873118734374041,-0.002511366887905121,0.0071921723411250225,0.0028457424192632774,-0.008804983053415115,0.00484788343428182,0.004962433633211933,0.0016696235910372394,-0.010497462030605234,-0.004516516660768792,-0.0012444372231858656,0.002340080702566499,0.03179130173008242,-0.004875125052900129,0.004169531718679745,0.0033190937383315304,0.002723732739690914,-0.002422179809321404,0.01591774520572898,-0.005907716303113706,-4.573811109024467e-6,0.008752425874364651,-0.008906958796975614,0.004187305012853207,0.0001456840215616872,-0.003231090854329155,0.0034875101042906222,0.019267181582947143,-0.004075957976352292,0.014532057403165002,-0.009920249403246355,-0.0024298163075794736,-0.004875125052900129,0.04856855032676721,-0.0020143015254095818,0.005609172702942863,0.008352373963213852,-0.005507880071231718,-0.004264443728880601,-0.0012966042992314359,-0.008151162154422537,-0.017911503627319705,0.00034807236055263706,0.0028848525683521573,-0.002199262765965798,0.013867904792351126,-0.013834367693107892,0.0017616519318709167,-0.0013586510606364737,0.006948200616117889,-2.3496017613186863e-6,0.002581587215285736,0.004169531718679745,-0.0020143015254095818,0.026629599402279682,0.0035465804362161957,-0.003130876617896874,0.0014459582680330402,0.008739706190214469,-0.00702319025739369,-0.00777267832018521,-0.0035231662980016194,0.005072635287728781,0.002126120117736166,0.00853705892807349,0.00482735126023499,0.003363028069590366,0.003429563871840158,-0.004056098621238468,0.008101353210729436,-0.003066301273219869,-0.006475264925454287,0.0033190937383315304,0.005609172702942863,0.0035465804362161957,0.026129649877848053,0.0013763364779298957,-0.0016682800240055721,-8.632817649334478e-5,-0.00388554683322933,0.0015884726397347672,-0.006454324787158759,-0.005045462671786345,-0.003419943915452514,0.001505008060801314,0.005742042748138311,0.009395953426042974,0.008479420736564672,-0.00487548211479211,0.0014287261588452449,-0.001565946323213963,-0.007490081150861298,0.002723732739690914,0.008352373963213852,-0.003130876617896874,0.0013763364779298957,0.02050363039858574,-0.00275174349142016,0.0020422773011009865,0.002490276630839598,-0.0068521016435358776,-0.0010482471084889556,-0.0053127073367280194,0.0008878958866832775,-0.0005141817679581892,0.00400406930660815,-0.0027270427879699352,-0.007353989604369206,0.006658269453698289,0.00011788503353690578,0.00568987851002053,0.003419444949225654,-0.002422179809321404,-0.005507880071231718,0.0014459582680330402,-0.0016682800240055721,-0.00275174349142016,0.018419231390635914,-0.003945182831413875,-0.0010314675804342674,0.0003342359623027425,0.004832396101334639,0.0016293862600141136,0.0010263215550802207,-0.0009067659449912105,-0.0001881824036362058,0.011914381358510513,0.002455540571424059,-0.010025677574747132,-0.003958981476457478,-0.006598608100556106,-0.0028789649341211193,0.01591774520572898,-0.004264443728880601,0.008739706190214469,-8.632817649334478e-5,0.0020422773011009865,-0.003945182831413875,0.03404910703661259,0.0020499108947161656,-0.0031496544592777612,0.00031200622265257333,-0.004535626321187708,-0.008381850318969267,-0.0011331973214123536,-0.004845995536088,0.01659543562268485,-0.001709490552684064,-0.0030933168720115646,-0.005793210994205442,-0.0004669118438724966,-0.006790019822969765,-0.005907716303113706,-0.0012966042992314359,-0.00702319025739369,-0.00388554683322933,0.002490276630839598,-0.0010314675804342674,0.0020499108947161656,0.027508233992351458,0.009603930697175495,0.005945622814785686,0.003411499750289584,-0.004753354202509048,0.00035595092599828256,-0.008915985040165027,0.021861082490385833,-0.021839835815667147,0.004600336809187075,-0.013274836669556662,0.004269289638551741,0.00873118734374041,-4.573811109024467e-6,-0.008151162154422537,-0.00777267832018521,0.0015884726397347672,-0.0068521016435358776,0.0003342359623027425,-0.0031496544592777612,0.009603930697175495,0.05018980244636573,0.005679724061157887,0.0035122886735041506,-0.01906332228324132,-0.013247906427077969,-0.014812681356911432,0.0006118774097567008,-0.013211573141437553,0.00011632131153158895,-0.010490233387726661,0.010053777380843391,-0.002511366887905121,0.008752425874364651,-0.017911503627319705,-0.0035231662980016194,-0.006454324787158759,-0.0010482471084889556,0.004832396101334639,0.00031200622265257333,0.005945622814785686,0.005679724061157887,0.03644789157410123,-0.007435273667371687,0.0033962256469657467,-0.00653956938367284,-0.008794572235936837,-0.004037781940339874,-0.0011165445574534247,0.009392691409527129,0.0033628055865169916,-0.0004303228065509324,0.0071921723411250225,-0.008906958796975614,0.00034807236055263706,0.005072635287728781,-0.005045462671786345,-0.0053127073367280194,0.0016293862600141136,-0.004535626321187708,0.003411499750289584,0.0035122886735041506,-0.007435273667371687,0.02322347645679101,-0.0013203284568978233,0.002634514346617098,0.002300486086224473,-0.02476268416326972,0.009852556630153168,-0.004301650936623548,0.0036421494680260384,0.003276210034198382,0.0028457424192632774,0.004187305012853207,0.0028848525683521573,0.002126120117736166,-0.003419943915452514,0.0008878958866832775,0.0010263215550802207,-0.008381850318969267,-0.004753354202509048,-0.01906332228324132,0.0033962256469657467,-0.0013203284568978233,0.050020743564492896,7.91946001112544e-5,0.013301902241349216,-0.010638939980419067,0.00836751765278905,-0.0008753689912432107,0.007235330241411,-0.004948050033983149,-0.008804983053415115,0.0001456840215616872,-0.002199262765965798,0.00853705892807349,0.001505008060801314,-0.0005141817679581892,-0.0009067659449912105,-0.0011331973214123536,0.00035595092599828256,-0.013247906427077969,-0.00653956938367284,0.002634514346617098,7.91946001112544e-5,0.021375007046832983,0.008279708576787975,-0.01107199815496727,0.008896645798742723,0.0016085845682384187,0.015973192656409316,0.00011970909928611038,0.00484788343428182,-0.003231090854329155,0.013867904792351126,0.00482735126023499,0.005742042748138311,0.00400406930660815,-0.0001881824036362058,-0.004845995536088,-0.008915985040165027,-0.014812681356911432,-0.008794572235936837,0.002300486086224473,0.013301902241349216,0.008279708576787975,0.027166232376168213
