0.03276611518628126,-0.00022709274267376594,-0.011257231538102389,0.0032251747097432485,0.001123569561333184,0.01675883757401726,-0.014325398189876114,0.013354144854769108,-0.011043358543334988,-0.0016979575174916463,0.0010040181029327003,-0.0014593498485178666,0.009362346457726836,-0.011266745074283522,-0.0018804061634498427,0.015578611915927371,0.013420453422939824,0.0015574436580745327,-0.0016865379014243777,0.0033360819424168263,-0.00022709274267376594,0.04473489980884585,0.007945791159329831,-0.008921571582377424,-0.003871431557297537,-0.027803831248711927,0.02124488580132247,-0.015727583145497367,0.00780594382669225,0.0019167798199537813,0.0030758409228439625,-0.015318858320988997,-0.024458363683184346,0.01843894518466429,0.003691020535409078,-0.01158296092175629,-0.016662112607417776,0.02326403240035925,0.001723880580782706,0.01413444824871768,-0.011257231538102389,0.007945791159329831,0.04641802575584439,-0.008598129235047474,-0.0029111778126519267,-0.007732332510155624,0.014559699497051173,-0.001323444614452274,0.0202019158550198,-0.002782199070424221,-0.0002966461809894463,-0.005589935472020592,-0.026433413067231744,0.017704258733396296,0.008915316781762531,-0.02955382748725586,-0.015640150133009484,0.0032420124506940427,0.005130396352139634,0.01773947098535433,0.0032251747097432485,-0.008921571582377424,-0.008598129235047474,0.050157430656165125,0.02245220569089549,0.00833736637844048,-0.018963431296353694,0.016721671633566353,-0.020556769245597167,0.004169430158644203,-0.01506389485284372,0.007223829204885306,0.00807404094250622,0.0005994491291532589,-0.007631873905596153,0.024510393649342918,0.004559715226541273,-0.018407155303485537,0.008024515003691595,-0.004805592349530964,0.001123569561333184,-0.003871431557297537,-0.0029111778126519267,0.02245220569089549,0.05018734351619597,0.010541665419535199,-0.010313771833709625,0.017017517741338216,-0.01101143619261169,0.009392205538493095,-0.017922421952879887,0.022126040885707583,0.01539925654598467,0.003340215101075325,-0.008750064723482978,0.008495079436202223,0.006373115020677889,-0.03145518891529525,-0.0013648476040184997,-0.013836691495403397,0.01675883757401726,-0.027803831248711927,-0.007732332510155624,0.00833736637844048,0.010541665419535199,0.05341584623037033,-0.02567787708250692,0.020750214203776943,-0.013413270422722154,0.0036736761441817072,0.0010410729281209877,0.013902991340466518,0.023213176547557696,-0.021144451887170956,-0.0050128210202248,0.008733512613008032,0.019694761256126854,-0.015009109064070702,0.003406361037025812,-0.002942149807930011,-0.014325398189876114,0.02124488580132247,0.014559699497051173,-0.018963431296353694,-0.010313771833709625,-0.02567787708250692,0.03959147352918708,-0.02125244434226073,0.025710415467446728,-0.005384635436536593,0.008302616640744689,-0.017661706927790292,-0.02538002902903847,0.02170756520407158,0.0071103320593306355,-0.022906591536639716,-0.02175683634017473,0.018882741928107318,0.0008457563587216778,0.01070831306627215,0.013354144854769108,-0.015727583145497367,-0.001323444614452274,0.016721671633566353,0.017017517741338216,0.020750214203776943,-0.02125244434226073,0.0349837742807579,-0.0070493351962155806,-0.00034437886157202293,-0.01322788486897236,0.013551133534629077,0.01687278172433345,-0.014245231109349686,-0.006603665909009026,0.01734823506898773,0.009386354228016166,-0.024871460712004495,-0.0011108684959477285,-0.008994966315459364,-0.011043358543334988,0.00780594382669225,0.0202019158550198,-0.020556769245597167,-0.01101143619261169,-0.013413270422722154,0.025710415467446728,-0.0070493351962155806,0.037451862633855075,-0.009576049672834,0.007477115074798031,-0.010423436092920645,-0.02108972706562133,0.019982169209486537,0.010854352745506585,-0.02076304197917138,-0.009388601640228627,0.018178959400980296,0.0031514649736240803,0.012568395886730543,-0.0016979575174916463,0.0019167798199537813,-0.002782199070424221,0.004169430158644203,0.009392205538493095,0.0036736761441817072,-0.005384635436536593,-0.00034437886157202293,-0.009576049672834,0.023964330872001175,-0.003305222825297211,0.008423048754893019,0.01279133332124812,-0.0006744874091707453,-0.0020030061682954877,-0.002252560242631115,0.004286213013119675,-0.004490361968124827,-0.006345566707144505,-0.0038846161416595786,0.0010040181029327003,0.0030758409228439625,-0.0002966461809894463,-0.01506389485284372,-0.017922421952879887,0.0010410729281209877,0.008302616640744689,-0.01322788486897236,0.007477115074798031,-0.003305222825297211,0.03162647116819316,-0.007168339392752408,-0.0001332401587811859,-0.0011800770633964635,0.0021922593684456544,-0.013283971362244441,0.0011560994249931516,0.01214622125290702,0.0018148807987166302,0.004659732529362784,-0.0014593498485178666,-0.015318858320988997,-0.005589935472020592,0.007223829204885306,0.022126040885707583,0.013902991340466518,-0.017661706927790292,0.013551133534629077,-0.010423436092920645,0.008423048754893019,-0.007168339392752408,0.0445500159122101,0.03347603900975183,-0.00941603916400692,-0.006398576776315032,0.008333184584541718,0.022153930025064463,-0.03401126790158272,-0.005138474318783993,-0.020727695439788342,0.009362346457726836,-0.024458363683184346,-0.026433413067231744,0.00807404094250622,0.01539925654598467,0.023213176547557696,-0.02538002902903847,0.01687278172433345,-0.02108972706562133,0.01279133332124812,-0.0001332401587811859,0.03347603900975183,0.06542709952904839,-0.027770743048274725,-0.009636200634285318,0.029229778744816422,0.03698972403333019,-0.03426876649594151,-0.010485934120130491,-0.03128067203895868,-0.011266745074283522,0.01843894518466429,0.017704258733396296,0.0005994491291532589,0.003340215101075325,-0.021144451887170956,0.02170756520407158,-0.014245231109349686,0.019982169209486537,-0.0006744874091707453,-0.0011800770633964635,-0.00941603916400692,-0.027770743048274725,0.03836631521702382,0.004184476674800763,-0.02168896770100632,-0.014516051345454506,0.014286766829251604,0.003868354883273575,0.016543864998388016,-0.0018804061634498427,0.003691020535409078,0.008915316781762531,-0.007631873905596153,-0.008750064723482978,-0.0050128210202248,0.0071103320593306355,-0.006603665909009026,0.010854352745506585,-0.0020030061682954877,0.0021922593684456544,-0.006398576776315032,-0.009636200634285318,0.004184476674800763,0.014066315628041622,-0.00811589018938415,-0.005198369884428901,0.011807402466295164,-0.0001645199970770723,0.006434928953380053,0.015578611915927371,-0.01158296092175629,-0.02955382748725586,0.024510393649342918,0.008495079436202223,0.008733512613008032,-0.022906591536639716,0.01734823506898773,-0.02076304197917138,-0.002252560242631115,-0.013283971362244441,0.008333184584541718,0.029229778744816422,-0.02168896770100632,-0.00811589018938415,0.05510852448352096,0.017390468532448723,-0.02170169025733646,0.0008346860153159233,-0.016706651352652792,0.013420453422939824,-0.016662112607417776,-0.015640150133009484,0.004559715226541273,0.006373115020677889,0.019694761256126854,-0.02175683634017473,0.009386354228016166,-0.009388601640228627,0.004286213013119675,0.0011560994249931516,0.022153930025064463,0.03698972403333019,-0.014516051345454506,-0.005198369884428901,0.017390468532448723,0.04564805394691105,-0.01449557949725946,-0.00835272217788828,-0.01283797009439396,0.0015574436580745327,0.02326403240035925,0.0032420124506940427,-0.018407155303485537,-0.03145518891529525,-0.015009109064070702,0.018882741928107318,-0.024871460712004495,0.018178959400980296,-0.004490361968124827,0.01214622125290702,-0.03401126790158272,-0.03426876649594151,0.014286766829251604,0.011807402466295164,-0.02170169025733646,-0.01449557949725946,0.06429713250340915,0.0007382635112091904,0.029069844432318543,-0.0016865379014243777,0.001723880580782706,0.005130396352139634,0.008024515003691595,-0.0013648476040184997,0.003406361037025812,0.0008457563587216778,-0.0011108684959477285,0.0031514649736240803,-0.006345566707144505,0.0018148807987166302,-0.005138474318783993,-0.010485934120130491,0.003868354883273575,-0.0001645199970770723,0.0008346860153159233,-0.00835272217788828,0.0007382635112091904,0.02690214176212464,0.011172608161752844,0.0033360819424168263,0.01413444824871768,0.01773947098535433,-0.004805592349530964,-0.013836691495403397,-0.002942149807930011,0.01070831306627215,-0.008994966315459364,0.012568395886730543,-0.0038846161416595786,0.004659732529362784,-0.020727695439788342,-0.03128067203895868,0.016543864998388016,0.006434928953380053,-0.016706651352652792,-0.01283797009439396,0.029069844432318543,0.011172608161752844,0.046207429493490854
0.03248873839779803,-0.00043267138968578937,0.01073788290100499,-0.009931144109378096,-0.0036644332006552857,0.008606745942216568,-0.0036700995709619726,0.004989200829082361,-0.004237748051776256,-0.0009745029336281704,0.008716061154659662,-0.006648542558735743,-0.007399426105616514,-0.001219577340800459,-0.001029109626259274,-0.007829561893847528,-0.0005551413039387698,0.0001669871809447602,0.002579481671681097,0.009342527376992666,-0.00043267138968578937,0.0251477032473344,-0.0005255659766178116,-0.0021191318251502465,0.00727751837592519,-0.0026538381156260473,0.007144752267400977,-0.005048101477967262,0.001562826177710579,0.005788310069395281,-0.0017080916238248788,-0.005795079745212281,0.00010584860442822757,0.004453409291920826,0.0013401966536550703,-0.0013218809783712964,-0.005450489416094826,0.010017405653585379,0.0013114131077917152,-0.0014283649513322687,0.01073788290100499,-0.0005255659766178116,0.029750123966655186,-0.00804978985813385,-0.0032290332872731255,0.00039473037618631727,0.0008081177286814393,0.004257588276743212,0.005855902616200592,0.00012352303510579062,0.0024746265512627756,0.00032991798922995207,-0.0006943796026374876,-0.0009887448544200223,-0.0024992533074164698,-0.0017486402269633432,-0.0036501487272995545,-0.002147678815053491,0.01212779657556396,0.009582383095568288,-0.009931144109378096,-0.0021191318251502465,-0.00804978985813385,0.034625958626197925,0.0023511817305256902,-0.002455715916323744,0.006085226982076173,-0.0005122925468653086,-0.0023950385364092048,-0.0008390143527671702,-0.00537664624355203,0.006373783481938245,0.002013124698549753,0.0020283274369292835,0.005091848897937989,0.005887708941010568,0.005505926440743054,0.006584284351756719,-0.004399059491468099,-0.008045525305359517,-0.0036644332006552857,0.00727751837592519,-0.0032290332872731255,0.0023511817305256902,0.02587018641037614,0.00603485877778321,0.00015472828986702098,-0.0024204058513727592,0.00348380039484256,0.001353203800746325,-0.006879024799656668,0.0009419497217803693,0.002231099633187731,0.010571919767859617,-0.005422579799674379,0.004428643225087991,0.0016791365426224048,0.00832585083011776,-0.0066151816415313345,-0.00042353509389793137,0.008606745942216568,-0.0026538381156260473,0.00039473037618631727,-0.002455715916323744,0.00603485877778321,0.03446226162185115,-0.011161732313824252,0.005386153601222486,-0.006623534891419052,0.0015064455752762838,0.00206256653603737,0.0007424681080486473,-0.004620275878197739,0.002780134948183459,-0.002260799769521518,-0.008170286195281224,0.007269720433805222,0.0023355401979308875,-0.009620284790358813,0.00810343653505653,-0.0036700995709619726,0.007144752267400977,0.0008081177286814393,0.006085226982076173,0.00015472828986702098,-0.011161732313824252,0.026292828258203397,-0.009023003175058504,0.01173455823479213,9.103600780853754e-5,0.001410283760780911,-0.005567994829593631,0.0025761199084250444,-5.646276604050246e-5,0.006798221266135511,0.007267000450888449,-0.0034669435337061237,0.007507629719890005,0.008800418904517587,-0.006569947932330416,0.004989200829082361,-0.005048101477967262,0.004257588276743212,-0.0005122925468653086,-0.0024204058513727592,0.005386153601222486,-0.009023003175058504,0.016396667176139305,-0.0001422658383629808,-0.0003678151583257372,-0.0022975440277342944,0.00717295655707347,0.0024875014707121247,-0.001017855760394292,-0.004743936972106288,-0.0018867762757365679,3.904199008688657e-5,-0.009119652476060516,-0.0009587161043576168,0.0019744045232913733,-0.004237748051776256,0.001562826177710579,0.005855902616200592,-0.0023950385364092048,0.00348380039484256,-0.006623534891419052,0.01173455823479213,-0.0001422658383629808,0.022001789172886584,-0.001231207885649508,0.005467213534095929,0.0049059053756572175,0.002799077452228897,0.007698183438668722,0.006184155743423344,0.006177922649213423,-0.002155615796933478,0.008126621915350084,0.00999336922897997,-0.0019595288961461316,-0.0009745029336281704,0.005788310069395281,0.00012352303510579062,-0.0008390143527671702,0.001353203800746325,0.0015064455752762838,9.103600780853754e-5,-0.0003678151583257372,-0.001231207885649508,0.015327012431997586,0.0002743042152645283,-0.00010761714232915731,0.003573215849748856,-0.0024607217303933573,-0.00045950097764729504,0.001033403251355973,0.002897981176832622,0.001832861727531855,-0.0008903976300497606,0.0008226206081117716,0.008716061154659662,-0.0017080916238248788,0.0024746265512627756,-0.00537664624355203,-0.006879024799656668,0.00206256653603737,0.001410283760780911,-0.0022975440277342944,0.005467213534095929,0.0002743042152645283,0.02603366064635135,0.005609719915489407,0.0019854045293449148,-0.003700044099908398,0.008157589647395777,-0.007363541713975951,0.00042628635783205604,0.0046014259553579795,0.001617347767059294,-0.0008511814350463002,-0.006648542558735743,-0.005795079745212281,0.00032991798922995207,0.006373783481938245,0.0009419497217803693,0.0007424681080486473,-0.005567994829593631,0.00717295655707347,0.0049059053756572175,-0.00010761714232915731,0.005609719915489407,0.03496974647994022,0.015214190981515972,-0.0010743111405945548,0.000522059111603406,0.00621633305215975,0.008705959523801935,-0.010645833810782553,-0.003818065622894975,-0.007155571685585491,-0.007399426105616514,0.00010584860442822757,-0.0006943796026374876,0.002013124698549753,0.002231099633187731,-0.004620275878197739,0.0025761199084250444,0.0024875014707121247,0.002799077452228897,0.003573215849748856,0.0019854045293449148,0.015214190981515972,0.03613344968492585,-0.0061374037298352075,1.550531543468558e-5,0.014495186217243137,0.012054461084415099,-0.00900368921450673,-0.0025542284396826752,-0.010199949723844467,-0.001219577340800459,0.004453409291920826,-0.0009887448544200223,0.0020283274369292835,0.010571919767859617,0.002780134948183459,-5.646276604050246e-5,-0.001017855760394292,0.007698183438668722,-0.0024607217303933573,-0.003700044099908398,-0.0010743111405945548,-0.0061374037298352075,0.023107114326344273,-0.0013133303244204433,-0.0039464420299911,-0.007779245180167704,0.009566581897744833,-0.0008608977573438135,0.0018894401321642956,-0.001029109626259274,0.0013401966536550703,-0.0024992533074164698,0.005091848897937989,-0.005422579799674379,-0.002260799769521518,0.006798221266135511,-0.004743936972106288,0.006184155743423344,-0.00045950097764729504,0.008157589647395777,0.000522059111603406,1.550531543468558e-5,-0.0013133303244204433,0.023380421639281907,-0.001916977574185224,0.002532235663962268,0.0030980364371827264,-0.0006944516016813519,-0.0020818637464275784,-0.007829561893847528,-0.0013218809783712964,-0.0017486402269633432,0.005887708941010568,0.004428643225087991,-0.008170286195281224,0.007267000450888449,-0.0018867762757365679,0.006177922649213423,0.001033403251355973,-0.007363541713975951,0.00621633305215975,0.014495186217243137,-0.0039464420299911,-0.001916977574185224,0.030076108049673582,0.006419153850015456,-0.006355442265551053,0.0037252082417427524,-0.007208449749588876,-0.0005551413039387698,-0.005450489416094826,-0.0036501487272995545,0.005505926440743054,0.0016791365426224048,0.007269720433805222,-0.0034669435337061237,3.904199008688657e-5,-0.002155615796933478,0.002897981176832622,0.00042628635783205604,0.008705959523801935,0.012054461084415099,-0.007779245180167704,0.002532235663962268,0.006419153850015456,0.030491595774743495,-0.005780191137763822,-0.011760080131720422,0.0007013411870597014,0.0001669871809447602,0.010017405653585379,-0.002147678815053491,0.006584284351756719,0.00832585083011776,0.0023355401979308875,0.007507629719890005,-0.009119652476060516,0.008126621915350084,0.001832861727531855,0.0046014259553579795,-0.010645833810782553,-0.00900368921450673,0.009566581897744833,0.0030980364371827264,-0.006355442265551053,-0.005780191137763822,0.033835224212483285,0.0031395891889600433,0.002267858309845251,0.002579481671681097,0.0013114131077917152,0.01212779657556396,-0.004399059491468099,-0.0066151816415313345,-0.009620284790358813,0.008800418904517587,-0.0009587161043576168,0.00999336922897997,-0.0008903976300497606,0.001617347767059294,-0.003818065622894975,-0.0025542284396826752,-0.0008608977573438135,-0.0006944516016813519,0.0037252082417427524,-0.011760080131720422,0.0031395891889600433,0.03461769186700061,0.0009000961981400117,0.009342527376992666,-0.0014283649513322687,0.009582383095568288,-0.008045525305359517,-0.00042353509389793137,0.00810343653505653,-0.006569947932330416,0.0019744045232913733,-0.0019595288961461316,0.0008226206081117716,-0.0008511814350463002,-0.007155571685585491,-0.010199949723844467,0.0018894401321642956,-0.0020818637464275784,-0.007208449749588876,0.0007013411870597014,0.002267858309845251,0.0009000961981400117,0.021661305128335678
