0.02842316134655752,0.009032517752032041,-0.00692917663777879,0.014836102914011351,0.00883325602270682,0.005507790448839242,-0.0011510114148586305,-0.018951830890139354,0.02038237947627887,-0.011236255032210379,0.014185775073983196,0.017915448776425362,-0.009297776482887475,-0.02849372484346904,-0.019275415850868973,0.01534116086175158,-0.011168720543924903,-0.007004734186188855,-0.00045344969437878546,0.029883290156560792,0.009032517752032041,0.038805394557432385,0.001873139270806665,0.01741801659348208,0.022146457668432283,0.0009748231600742154,-0.014124633226464737,-0.006325044421353135,0.008599601064193297,-0.0006936495796092968,-0.0016511260031766475,0.007323890287182072,0.006423767312030541,-0.03568536857935326,-0.014570183410870012,-0.004221480897807612,-0.006298086520823014,-0.0010503235470192298,0.002853041845543079,0.010070745669375096,-0.00692917663777879,0.001873139270806665,0.029940659072028482,-0.0029523920483052186,0.008090829544947192,0.0029365062993555262,-0.004955745316784476,0.015775799520383674,-0.013479169087930376,0.010090456878497755,-0.012998543215773643,-0.008976309951343166,0.014114220986365115,0.014372786980333497,0.02001039685945126,-0.017350751770735834,0.011755192551868547,0.003825549907763648,0.007982938496558276,-0.022872288720251474,0.014836102914011351,0.01741801659348208,-0.0029523920483052186,0.039142495481378325,0.02200045138357163,-0.00035451998255178925,-0.006315498685617313,-0.014347130342654849,0.023128143220674045,-0.007879070001500867,0.0027869166242470416,0.013396508975728975,-0.0006365680676450099,-0.04514713511983409,-0.021547943621253215,-0.004432020455755291,-0.0048188140331802114,-0.0080033116780693,0.005929542909860672,0.02488762644263058,0.00883325602270682,0.022146457668432283,0.008090829544947192,0.02200045138357163,0.05334909330595368,-0.009175728322531735,-0.028163068728093776,0.008081777853607051,0.002311906310299473,-0.0064831115576091105,-0.0031223558023244875,0.01712346543914458,0.022070092596400318,-0.04166904062424891,-0.007350829793194461,-0.026447608466450598,-0.0037965670939838205,-0.014759442444852704,-0.01795170847996179,0.01590055580325278,0.005507790448839242,0.0009748231600742154,0.0029365062993555262,-0.00035451998255178925,-0.009175728322531735,0.020022643336039828,0.009160075621720384,-0.010776965181865683,0.009049344203402965,0.0006318531210619768,-0.004328416255257479,-0.003879742392801997,-0.011203954934017425,-0.0034258498886699336,-0.006917783103211261,0.011836463760366536,0.001973594071548632,0.011533770773725069,0.016819393313630724,-0.005828704347152653,-0.0011510114148586305,-0.014124633226464737,-0.004955745316784476,-0.006315498685617313,-0.028163068728093776,0.009160075621720384,0.0439710308513098,-0.0031743058660574693,0.004305288640301036,0.008985112092223559,0.001632631260954309,-0.012658572933656397,-0.013331791020323815,0.03011119821159655,0.008923873237241873,0.014563211988394812,0.01075979106486711,0.015312186503025075,0.02068912417595118,-0.009351541597640336,-0.018951830890139354,-0.006325044421353135,0.015775799520383674,-0.014347130342654849,0.008081777853607051,-0.010776965181865683,-0.0031743058660574693,0.05741807175754669,-0.03706113248342631,0.013846438773354945,-0.013972251068232033,-0.013091087416978557,0.03151808725989501,0.03381810427635005,0.04114682257911991,-0.030136819214850414,0.018785013800025785,0.002181005859642176,-0.013846040861842785,-0.032430956161198204,0.02038237947627887,0.008599601064193297,-0.013479169087930376,0.023128143220674045,0.002311906310299473,0.009049344203402965,0.004305288640301036,-0.03706113248342631,0.05897247429581455,-0.01220672078447374,0.02019631427720356,0.01952605657974963,-0.02479166827725443,-0.03832670032078685,-0.03671909200208556,0.023405294243893003,-0.015619799727145962,-0.005225392339966175,0.002113176103726827,0.03968856072202244,-0.011236255032210379,-0.0006936495796092968,0.010090456878497755,-0.007879070001500867,-0.0064831115576091105,0.0006318531210619768,0.008985112092223559,0.013846438773354945,-0.01220672078447374,0.030270286309835578,-0.009436621697473727,-0.015883323352582784,0.014397800045502833,0.030023875014690643,0.023456930420309993,-0.013703186334893487,0.011788509081765403,0.006736233791525967,0.009576307332538173,-0.02343916510294408,0.014185775073983196,-0.0016511260031766475,-0.012998543215773643,0.0027869166242470416,-0.0031223558023244875,-0.004328416255257479,0.001632631260954309,-0.013972251068232033,0.02019631427720356,-0.009436621697473727,0.031972210822309576,0.014977722499967278,-0.012878986131679641,-0.016913784555217762,-0.017944019611768697,0.02271718773544914,-0.016298007828934178,-0.010155321772230951,-0.014868750778548311,0.031671116640019994,0.017915448776425362,0.007323890287182072,-0.008976309951343166,0.013396508975728975,0.01712346543914458,-0.003879742392801997,-0.012658572933656397,-0.013091087416978557,0.01952605657974963,-0.015883323352582784,0.014977722499967278,0.03489931328639963,0.0013738937027708864,-0.035173215081274925,-0.020594940374256285,0.00845909251472467,-0.012923647080120355,-0.012990484338096684,-0.01629666356828472,0.03267587168602035,-0.009297776482887475,0.006423767312030541,0.014114220986365115,-0.0006365680676450099,0.022070092596400318,-0.011203954934017425,-0.013331791020323815,0.03151808725989501,-0.02479166827725443,0.014397800045502833,-0.012878986131679641,0.0013738937027708864,0.04934384635288257,0.006548771257762027,0.02750639924721681,-0.03601693795708656,0.014547430736126434,-0.003190719417715487,-0.008861860715302858,-0.017229107440563034,-0.02849372484346904,-0.03568536857935326,0.014372786980333497,-0.04514713511983409,-0.04166904062424891,-0.0034258498886699336,0.03011119821159655,0.03381810427635005,-0.03832670032078685,0.030023875014690643,-0.016913784555217762,-0.035173215081274925,0.006548771257762027,0.10710201844581636,0.05637475948222745,-0.0017983596646950302,0.017928063788144655,0.025671833993530832,0.00945192577714232,-0.05733940419011777,-0.019275415850868973,-0.014570183410870012,0.02001039685945126,-0.021547943621253215,-0.007350829793194461,-0.006917783103211261,0.008923873237241873,0.04114682257911991,-0.03671909200208556,0.023456930420309993,-0.017944019611768697,-0.020594940374256285,0.02750639924721681,0.05637475948222745,0.06387709036149143,-0.02504270017388771,0.02293294712948906,0.01052103630978362,0.002755946784805313,-0.045786941940237434,0.01534116086175158,-0.004221480897807612,-0.017350751770735834,-0.004432020455755291,-0.026447608466450598,0.011836463760366536,0.014563211988394812,-0.030136819214850414,0.023405294243893003,-0.013703186334893487,0.02271718773544914,0.00845909251472467,-0.03601693795708656,-0.0017983596646950302,-0.02504270017388771,0.07458736841663399,-0.021991891385937587,0.008486040312655495,0.006138272675831665,0.02906509887564021,-0.011168720543924903,-0.006298086520823014,0.011755192551868547,-0.0048188140331802114,-0.0037965670939838205,0.001973594071548632,0.01075979106486711,0.018785013800025785,-0.015619799727145962,0.011788509081765403,-0.016298007828934178,-0.012923647080120355,0.014547430736126434,0.017928063788144655,0.02293294712948906,-0.021991891385937587,0.034968625266627175,0.006068784194432634,0.015545582465355368,-0.03186177501011654,-0.007004734186188855,-0.0010503235470192298,0.003825549907763648,-0.0080033116780693,-0.014759442444852704,0.011533770773725069,0.015312186503025075,0.002181005859642176,-0.005225392339966175,0.006736233791525967,-0.010155321772230951,-0.012990484338096684,-0.003190719417715487,0.025671833993530832,0.01052103630978362,0.008486040312655495,0.006068784194432634,0.0322510500733494,0.022327534169686906,-0.016926907017253648,-0.00045344969437878546,0.002853041845543079,0.007982938496558276,0.005929542909860672,-0.01795170847996179,0.016819393313630724,0.02068912417595118,-0.013846040861842785,0.002113176103726827,0.009576307332538173,-0.014868750778548311,-0.01629666356828472,-0.008861860715302858,0.00945192577714232,0.002755946784805313,0.006138272675831665,0.015545582465355368,0.022327534169686906,0.05788360339290008,-0.020735396935544173,0.029883290156560792,0.010070745669375096,-0.022872288720251474,0.02488762644263058,0.01590055580325278,-0.005828704347152653,-0.009351541597640336,-0.032430956161198204,0.03968856072202244,-0.02343916510294408,0.031671116640019994,0.03267587168602035,-0.017229107440563034,-0.05733940419011777,-0.045786941940237434,0.02906509887564021,-0.03186177501011654,-0.016926907017253648,-0.020735396935544173,0.0793095665676655
