0.017258958967410847,0.003345668879474086,0.004409182102783361,0.0037939265655632533,0.0033648574930242973,0.007652234872958619,-0.004454670036480887,0.005179043461523942,-0.006174804475509662,-0.006577101328786857,-0.00443842547668289,0.004222229399620729,-0.0036440671519808367,-0.007648590994636141,0.002829666243729119,-0.00899066272049769,0.005637796911632631,-0.003294129522519472,-0.0011157138527690472,0.0006913629815746014,0.003345668879474086,0.03542730913338176,0.018524761918580646,-0.013010142843525183,0.0026902804219607283,0.0013024095323131977,-0.006237360877085714,0.02217738469472746,0.008456693566960684,0.012557580839773461,-0.00519736543344969,-0.028278839768817073,-0.012286873137705885,-0.01065965043105413,0.005165456726657094,-0.015129428272097782,-0.008494795017629161,-0.006149091182985922,0.018958271604074733,-0.00848300568768004,0.004409182102783361,0.018524761918580646,0.032898194111624396,-0.0032605091496796766,-0.0009781758423291582,0.000651358774317844,0.0008603452691118283,0.010650889564915982,0.011522456672765486,0.008328495341442815,-0.001494424694721789,-0.02245353101607306,-0.004143748224977397,-0.0053506215819314855,0.0033832258117622704,-0.006912622043174707,-0.00417856351859605,-0.008468506748253717,0.01918527326985861,-0.01058695870948037,0.0037939265655632533,-0.013010142843525183,-0.0032605091496796766,0.018157742913181042,0.0014987761106920636,0.0012294158029410992,0.005168227435401794,-0.015669926707713007,-0.0003861944223148959,-0.006776998071851894,-0.002031267369562567,0.007896889910648078,0.011389645573351785,0.002637476721185662,-0.004010178319260323,0.01134196917130626,0.0060254417426997735,0.0065688782756875355,-0.006529569549006054,-0.0042891449661542035,0.0033648574930242973,0.0026902804219607283,-0.0009781758423291582,0.0014987761106920636,0.021519430394677047,0.000929628720349597,0.009386189973261126,-0.01076559646840259,0.005330419517993674,-0.0020591411562457035,0.0015478637929399954,0.0021874299213651962,0.003849733399772666,-0.0042927727533314045,0.004709295523179854,6.327049068427301e-5,-0.0023225408228858915,0.013232764810204703,-0.01047535342071114,-0.006721058272027418,0.007652234872958619,0.0013024095323131977,0.000651358774317844,0.0012294158029410992,0.000929628720349597,0.015809736007436764,0.001774313212632737,-0.007002533062649221,-0.0032056722872875684,0.003603317249984271,-0.008829540859604402,0.00014959492995905737,-0.002030480362184015,-0.005320145557333452,0.0009365890709696602,-0.004099789488472523,0.00285948295885073,0.002244369452937699,0.006210495861628364,-0.004268357396895169,-0.004454670036480887,-0.006237360877085714,0.0008603452691118283,0.005168227435401794,0.009386189973261126,0.001774313212632737,0.04232646596111977,-0.02257436738255681,0.009751125176718795,-0.0034631098748452273,0.005428924310912695,0.015956364204419683,0.013160588664604497,0.0010105748625060234,0.004046319162980604,0.014737358683900937,0.009013601097263822,0.016963141634093522,-0.019708321432924444,-0.015896526769113038,0.005179043461523942,0.02217738469472746,0.010650889564915982,-0.015669926707713007,-0.01076559646840259,-0.007002533062649221,-0.02257436738255681,0.09364278872322422,-0.011205919648810013,-0.014569066746822625,-0.00250665186445624,-0.015041596891138445,-0.021511267373850403,-0.001487144272878127,-0.008647306632924595,-0.01644954115063156,-0.013353275654474028,-0.03404043511454766,0.010888013341162371,0.021470030915235687,-0.006174804475509662,0.008456693566960684,0.011522456672765486,-0.0003861944223148959,0.005330419517993674,-0.0032056722872875684,0.009751125176718795,-0.011205919648810013,0.025393004421660474,0.011800550349268673,0.005375082000746313,-0.0126442120169846,0.004351449516439357,-0.0005963432555069116,0.0033607755032320254,0.003136009928635275,-0.005261950102876802,0.003414399766543014,0.003797220723278882,-0.012492370064810895,-0.006577101328786857,0.012557580839773461,0.008328495341442815,-0.006776998071851894,-0.0020591411562457035,0.003603317249984271,-0.0034631098748452273,-0.014569066746822625,0.011800550349268673,0.035061638427801384,0.0014314256788468527,-0.02244373578609611,-0.0025556264145925453,-0.00042950337623638745,0.003700259161298676,-0.004302460843602489,-0.005715825689429108,-0.0009355068936409564,0.023990580279939683,-0.014555994642879612,-0.00443842547668289,-0.00519736543344969,-0.001494424694721789,-0.002031267369562567,0.0015478637929399954,-0.008829540859604402,0.005428924310912695,-0.00250665186445624,0.005375082000746313,0.0014314256788468527,0.029325016235275843,0.009484369178572377,0.002498857748391329,0.008737428283617586,-0.001200407264126794,0.002977967142119702,-0.003070191739750437,0.0009095012917165919,-0.013011744407392646,-0.0003657852972705878,0.004222229399620729,-0.028278839768817073,-0.02245353101607306,0.007896889910648078,0.0021874299213651962,0.00014959492995905737,0.015956364204419683,-0.015041596891138445,-0.0126442120169846,-0.02244373578609611,0.009484369178572377,0.05578568260890245,0.014686605396497616,0.0032259590578273627,-0.0030483675167195814,0.009193991797167584,0.012909235782241853,0.01033751876649326,-0.033145403987014155,0.012734639701756825,-0.0036440671519808367,-0.012286873137705885,-0.004143748224977397,0.011389645573351785,0.003849733399772666,-0.002030480362184015,0.013160588664604497,-0.021511267373850403,0.004351449516439357,-0.0025556264145925453,0.002498857748391329,0.014686605396497616,0.03732825594215156,0.0020699999192128906,0.0004183592886830443,0.014604178382521992,0.003778839032146872,0.008037649235923119,-0.020372671577699973,-0.005681639102063031,-0.007648590994636141,-0.01065965043105413,-0.0053506215819314855,0.002637476721185662,-0.0042927727533314045,-0.005320145557333452,0.0010105748625060234,-0.001487144272878127,-0.0005963432555069116,-0.00042950337623638745,0.008737428283617586,0.0032259590578273627,0.0020699999192128906,0.024276655508957242,-0.004265693127317061,0.01252533804674657,-0.005767886659781178,0.005963073825666783,-0.0027935577213611612,0.005475247445502365,0.002829666243729119,0.005165456726657094,0.0033832258117622704,-0.004010178319260323,0.004709295523179854,0.0009365890709696602,0.004046319162980604,-0.008647306632924595,0.0033607755032320254,0.003700259161298676,-0.001200407264126794,-0.0030483675167195814,0.0004183592886830443,-0.004265693127317061,0.01760797785116516,-1.340428263961029e-5,0.002815453704071823,0.009425566511439509,-0.00013845718459168927,-0.008896016785065271,-0.00899066272049769,-0.015129428272097782,-0.006912622043174707,0.01134196917130626,6.327049068427301e-5,-0.004099789488472523,0.014737358683900937,-0.01644954115063156,0.003136009928635275,-0.004302460843602489,0.002977967142119702,0.009193991797167584,0.014604178382521992,0.01252533804674657,-1.340428263961029e-5,0.03575974572391357,0.0015922224890389716,0.016494134990021902,-0.01514134328687081,-0.0031472014769583366,0.005637796911632631,-0.008494795017629161,-0.00417856351859605,0.0060254417426997735,-0.0023225408228858915,0.00285948295885073,0.009013601097263822,-0.013353275654474028,-0.005261950102876802,-0.005715825689429108,-0.003070191739750437,0.012909235782241853,0.003778839032146872,-0.005767886659781178,0.002815453704071823,0.0015922224890389716,0.024750323937475307,0.0021557139205570144,-0.007343640558882207,-0.0071163418383658385,-0.003294129522519472,-0.006149091182985922,-0.008468506748253717,0.0065688782756875355,0.013232764810204703,0.002244369452937699,0.016963141634093522,-0.03404043511454766,0.003414399766543014,-0.0009355068936409564,0.0009095012917165919,0.01033751876649326,0.008037649235923119,0.005963073825666783,0.009425566511439509,0.016494134990021902,0.0021557139205570144,0.03581370357740403,-0.014201814935184628,-0.009382469576997584,-0.0011157138527690472,0.018958271604074733,0.01918527326985861,-0.006529569549006054,-0.01047535342071114,0.006210495861628364,-0.019708321432924444,0.010888013341162371,0.003797220723278882,0.023990580279939683,-0.013011744407392646,-0.033145403987014155,-0.020372671577699973,-0.0027935577213611612,-0.00013845718459168927,-0.01514134328687081,-0.007343640558882207,-0.014201814935184628,0.05698176915770753,0.0009159415372883349,0.0006913629815746014,-0.00848300568768004,-0.01058695870948037,-0.0042891449661542035,-0.006721058272027418,-0.004268357396895169,-0.015896526769113038,0.021470030915235687,-0.012492370064810895,-0.014555994642879612,-0.0003657852972705878,0.012734639701756825,-0.005681639102063031,0.005475247445502365,-0.008896016785065271,-0.0031472014769583366,-0.0071163418383658385,-0.009382469576997584,0.0009159415372883349,0.040861472660537274
0.017648493807613543,0.004117537905203521,0.00848328896391356,0.0038079362966783243,0.0028397560674495483,0.0062294257855745805,0.00030998901865764204,0.0023650026960760472,-6.296950984982688e-5,-0.00588025501501024,0.0007557576461803803,0.005626763810686533,0.000268431242180312,0.0003489729286493742,0.002342961819257014,0.0005474903391900206,-0.008430515288196404,-0.005555234333292384,-0.00781788805310464,-0.003131175358575459,0.004117537905203521,0.014110915185787576,0.0035728602893482578,-0.0009624253001322619,-0.0014866745745275812,0.001205606207366774,0.0006544373574444819,0.0033511568935490716,0.000843455266315532,0.0008267691003401322,0.00445764814657089,-0.0016502310299570323,-0.0027852170219479075,-0.0020598382534369507,-0.006514592657664948,-0.0030077123446510313,-0.0038009578417185674,-0.003295486804853037,0.0029523796901610175,-0.000531311436990227,0.00848328896391356,0.0035728602893482578,0.02806408596127879,-0.00036667115147387516,0.0014925820705071157,0.002127573388188238,0.004357580881538866,-0.0006204177100785703,-0.004914992002093772,0.0024999597660719996,0.0026385535934551653,-0.0018460879909903576,0.003762654643789425,-0.003976007764470378,-0.005709358989833388,-0.0033318587592981517,-0.008488146706361934,-0.010438798716153733,0.00216572529619389,-0.006766009894345424,0.0038079362966783243,-0.0009624253001322619,-0.00036667115147387516,0.014517707066230966,-0.0032377265517832213,-0.0003515480794494472,0.001120346226899608,0.0001441621058110063,0.0005007306830379307,-0.0007997828728024763,-0.0049482930803210505,-0.00034095119014783013,0.006763223881649133,-0.0023416532114781258,-0.006648733535263405,0.0032508217001286765,-0.001365774417748118,0.0019601350512977464,-0.001980753759865785,-0.005361887487455363,0.0028397560674495483,-0.0014866745745275812,0.0014925820705071157,-0.0032377265517832213,0.0169264827210058,-0.0003860944075998661,0.004185980920102886,0.0007381202869715582,-0.0047693888104737925,-0.0017100046287320233,-0.0006788639162048375,0.0016397246994452538,-0.0004258675798605567,-0.003645648829652943,0.001174699138605329,-0.002150633555502475,0.004850848736764531,-0.007135422067359877,-0.004793615504400131,-0.007393174233325346,0.0062294257855745805,0.001205606207366774,0.002127573388188238,-0.0003515480794494472,-0.0003860944075998661,0.011937003437463444,0.00043791821707150913,-0.00012532449120960964,0.0006442958712674312,-0.004292782942618471,0.0026233598085463076,0.0006107791894747595,0.00020687225693306714,-0.0022475499046225264,-0.0008507872645752838,0.0003012017504797495,-0.0016742351788419177,-6.854595709897079e-5,-0.0035575955167374764,-0.00045417361353987157,0.00030998901865764204,0.0006544373574444819,0.004357580881538866,0.001120346226899608,0.004185980920102886,0.00043791821707150913,0.022348243702395666,-0.0010206582389188576,-0.0035919779217077176,0.004372826244185703,-0.0017157173104393728,-0.00020437072560446507,0.0035158903060707224,-0.004562991118547129,-0.007674639909939008,-0.005190622000692388,0.0031522876031884264,-0.005771093515346187,-0.002188781601022549,-0.0012631833985126575,0.0023650026960760472,0.0033511568935490716,-0.0006204177100785703,0.0001441621058110063,0.0007381202869715582,-0.00012532449120960964,-0.0010206582389188576,0.030705267167715933,-0.0012066624908936884,-0.011786483954554446,0.006989213505899407,0.0018770365922888123,-0.00712990861582391,-0.0002875566141210033,-0.005075912188548106,0.0006100981897463512,0.0017924306780381556,-0.008296685206076126,-0.002940987929944855,0.0042827972872333305,-6.296950984982688e-5,0.000843455266315532,-0.004914992002093772,0.0005007306830379307,-0.0047693888104737925,0.0006442958712674312,-0.0035919779217077176,-0.0012066624908936884,0.020919232946684015,0.0005655901278901252,0.00022968873133341296,0.002944323693584834,-0.0027781807952574305,-0.00028220652637098024,0.001423772107580087,0.0054024653658644745,-0.006185421825234166,0.0022082685769872117,-0.0031962431418955956,0.006725072244038994,-0.00588025501501024,0.0008267691003401322,0.0024999597660719996,-0.0007997828728024763,-0.0017100046287320233,-0.004292782942618471,0.004372826244185703,-0.011786483954554446,0.0005655901278901252,0.030593207350996368,0.00023715417432450313,-0.00846064972884171,-0.002643049421842554,0.001000282524320558,-0.005103673015731724,-0.007685397314001528,0.0011752299104587796,0.00517171529280998,0.012112404396794913,-0.00017594791379676653,0.0007557576461803803,0.00445764814657089,0.0026385535934551653,-0.0049482930803210505,-0.0006788639162048375,0.0026233598085463076,-0.0017157173104393728,0.006989213505899407,0.00022968873133341296,0.00023715417432450313,0.02271426672906735,0.0028171434599695688,-0.0016335774359616368,0.001320375607941988,-0.003379901309839027,-0.0005466328543414547,-0.0028688568929177297,-0.0063311716868300096,-0.0020870614994286077,0.003948099029411872,0.005626763810686533,-0.0016502310299570323,-0.0018460879909903576,-0.00034095119014783013,0.0016397246994452538,0.0006107791894747595,-0.00020437072560446507,0.0018770365922888123,0.002944323693584834,-0.00846064972884171,0.0028171434599695688,0.025408111424028414,0.0034044513703763903,-0.0018364897204683102,0.003467230227841939,0.002922859389953729,-0.005358251028800592,-0.004520627395947401,-0.0067720532184268895,-0.0009407252151505482,0.000268431242180312,-0.0027852170219479075,0.003762654643789425,0.006763223881649133,-0.0004258675798605567,0.00020687225693306714,0.0035158903060707224,-0.00712990861582391,-0.0027781807952574305,-0.002643049421842554,-0.0016335774359616368,0.0034044513703763903,0.029729294126383386,0.0012645291422963391,0.0006061406126527768,0.0035953295999783877,-0.0004289863488263542,0.003460468709413115,-0.0046210478770488395,-0.004381305933050349,0.0003489729286493742,-0.0020598382534369507,-0.003976007764470378,-0.0023416532114781258,-0.003645648829652943,-0.0022475499046225264,-0.004562991118547129,-0.0002875566141210033,-0.00028220652637098024,0.001000282524320558,0.001320375607941988,-0.0018364897204683102,0.0012645291422963391,0.021510653625419113,0.0043805173272335645,0.0014053543383827519,-0.0020356654212461698,0.007267549045177239,-0.0014431938032606812,0.006522900088490519,0.002342961819257014,-0.006514592657664948,-0.005709358989833388,-0.006648733535263405,0.001174699138605329,-0.0008507872645752838,-0.007674639909939008,-0.005075912188548106,0.001423772107580087,-0.005103673015731724,-0.003379901309839027,0.003467230227841939,0.0006061406126527768,0.0043805173272335645,0.0265348731955436,0.0033721427440945675,0.0007862350719815185,0.00712231373539059,-0.0007822937238830431,0.0009544020683508702,0.0005474903391900206,-0.0030077123446510313,-0.0033318587592981517,0.0032508217001286765,-0.002150633555502475,0.0003012017504797495,-0.005190622000692388,0.0006100981897463512,0.0054024653658644745,-0.007685397314001528,-0.0005466328543414547,0.002922859389953729,0.0035953295999783877,0.0014053543383827519,0.0033721427440945675,0.021192803056764083,-0.007458180129240794,0.004201823586148497,-0.0071462097011518195,0.0062274876780149275,-0.008430515288196404,-0.0038009578417185674,-0.008488146706361934,-0.001365774417748118,0.004850848736764531,-0.0016742351788419177,0.0031522876031884264,0.0017924306780381556,-0.006185421825234166,0.0011752299104587796,-0.0028688568929177297,-0.005358251028800592,-0.0004289863488263542,-0.0020356654212461698,0.0007862350719815185,-0.007458180129240794,0.025800207423974934,0.0013539105042060374,0.003495360682457427,-0.004014019250066177,-0.005555234333292384,-0.003295486804853037,-0.010438798716153733,0.0019601350512977464,-0.007135422067359877,-6.854595709897079e-5,-0.005771093515346187,-0.008296685206076126,0.0022082685769872117,0.00517171529280998,-0.0063311716868300096,-0.004520627395947401,0.003460468709413115,0.007267549045177239,0.00712231373539059,0.004201823586148497,0.0013539105042060374,0.028150472830729974,-1.7764131545666658e-5,0.00718516443977147,-0.00781788805310464,0.0029523796901610175,0.00216572529619389,-0.001980753759865785,-0.004793615504400131,-0.0035575955167374764,-0.002188781601022549,-0.002940987929944855,-0.0031962431418955956,0.012112404396794913,-0.0020870614994286077,-0.0067720532184268895,-0.0046210478770488395,-0.0014431938032606812,-0.0007822937238830431,-0.0071462097011518195,0.003495360682457427,-1.7764131545666658e-5,0.027170786302834007,0.002583677974761005,-0.003131175358575459,-0.000531311436990227,-0.006766009894345424,-0.005361887487455363,-0.007393174233325346,-0.00045417361353987157,-0.0012631833985126575,0.0042827972872333305,0.006725072244038994,-0.00017594791379676653,0.003948099029411872,-0.0009407252151505482,-0.004381305933050349,0.006522900088490519,0.0009544020683508702,0.0062274876780149275,-0.004014019250066177,0.00718516443977147,0.002583677974761005,0.02686313586795704
