0.042627291756264465,0.0013223617467657547,0.005517221034744217,-0.009665292774575304,0.035040701263420515,-0.038278341300209864,0.004734618795097852,-0.00791209711706424,0.00526944655763972,0.03951797650535085,-0.03154313873661937,-0.006783277948431323,-0.008380564238095842,0.025931558318018855,-0.015836946668043732,-0.04907241417478618,-0.014093388072686012,-0.020749599424871992,0.05232277935330241,-0.0028030247056049264,0.0013223617467657547,0.026558134906983114,0.0022148291019794108,0.0022721658140985213,-0.009480515965866108,0.0010406173525643317,0.005268430789479987,0.003789305843684836,-0.006580350642458526,-0.0022507242018480625,0.0017394039097812382,-0.007536869791956981,0.004515656141636832,0.00311838940856812,-0.008485768456310338,0.005976879193181088,0.006503032804626589,0.0009466019413884455,-0.0006002081675561283,-0.0006246118825681239,0.005517221034744217,0.0022148291019794108,0.01765018827205506,-0.00012073542056980635,-0.0036999994524523584,-0.0020610031681749974,0.0034948495742825746,0.0038214134679270444,0.0006105274149024933,-0.0017649951387742773,-0.005399137188905844,0.0007926054954144703,0.004775783167818277,-0.004117976416907299,-0.0038591828855792897,0.00016626951608366227,0.0016725688342815995,0.0017147899591093327,-0.00021136910310605656,-0.0006475728580291275,-0.009665292774575304,0.0022721658140985213,-0.00012073542056980635,0.03695871355632842,-0.016873037563032232,0.012767078304555224,0.0010795458437989165,0.003177900962897189,0.0021768707201667973,-0.00881226921573683,0.00803633129139317,0.007565750164346655,0.0035421400830522704,-0.0102452074638731,0.022168128874918487,0.01280267588988099,-0.0018433386129378957,0.014011166562758982,-0.017825780145853055,-0.0010547737524236349,0.035040701263420515,-0.009480515965866108,-0.0036999994524523584,-0.016873037563032232,0.16167376444538287,-0.08265207535677338,-0.02306988064922308,-0.035597366461572785,0.033513547325191864,0.08067847540217868,-0.06002217302666569,-0.02900594104791754,-0.018596728343684903,0.05245935384973885,-0.061698328793679175,-0.1182302612254324,-0.035304254280035405,-0.012438261818006778,0.12638848020174867,-0.0509254732484421,-0.038278341300209864,0.0010406173525643317,-0.0020610031681749974,0.012767078304555224,-0.08265207535677338,0.10146846097382742,0.007065637403198569,0.017701613074263017,-0.023123823569418653,-0.07763142517830218,0.06825563724013692,0.02216813996117908,0.011135176108124097,-0.055430760699428316,0.0374667941235078,0.11009582384341499,0.02976950807219269,0.024875380934926396,-0.11462510442708813,0.028193157093273302,0.004734618795097852,0.005268430789479987,0.0034948495742825746,0.0010795458437989165,-0.02306988064922308,0.007065637403198569,0.02898136566850916,0.006749334286712668,-0.016236296673839044,-0.008069622273616146,0.00448910271374333,0.004186917186381927,-0.0012023635367880952,-0.006963442049877899,0.0027931293847644166,0.011341257746754745,0.006496897844362167,-0.003912749752676098,-0.009144685963136731,0.008647014692972438,-0.00791209711706424,0.003789305843684836,0.0038214134679270444,0.003177900962897189,-0.035597366461572785,0.017701613074263017,0.006749334286712668,0.021073844010128972,-0.007325036538737585,-0.01349221893286186,0.00924326842018405,0.01077152501756446,0.0022406478891978444,-0.013242480546580736,0.008592916154833333,0.02868675650914983,0.0049809204441686235,-0.0017104119876981399,-0.031261633139292644,0.010082176628254154,0.00526944655763972,-0.006580350642458526,0.0006105274149024933,0.0021768707201667973,0.033513547325191864,-0.023123823569418653,-0.016236296673839044,-0.007325036538737585,0.028473870016271743,0.015493645636461242,-0.013181700611429498,-0.01064762065670937,0.0033738009463330962,0.012104852211889734,-0.0036548689887669194,-0.034383465630303325,-0.00890972664312902,0.005899032840157357,0.030744884692881787,-0.017784504905576662,0.03951797650535085,-0.0022507242018480625,-0.0017649951387742773,-0.00881226921573683,0.08067847540217868,-0.07763142517830218,-0.008069622273616146,-0.01349221893286186,0.015493645636461242,0.09674137141175627,-0.05628655045545279,-0.014827287311245056,-0.02183677788131745,0.05298684025244302,-0.03759594427938397,-0.09950277092332686,-0.036752486236303485,-0.02877455130102571,0.10375203488989346,-0.02894771201795865,-0.03154313873661937,0.0017394039097812382,-0.005399137188905844,0.00803633129139317,-0.06002217302666569,0.06825563724013692,0.00448910271374333,0.00924326842018405,-0.013181700611429498,-0.05628655045545279,0.068293354188364,0.009607289887837876,0.01170663437185095,-0.03483013860706061,0.023282955286701865,0.0795462524181467,0.022687458253103802,0.021807984022134765,-0.0799820711170627,0.021419877852546176,-0.006783277948431323,-0.007536869791956981,0.0007926054954144703,0.007565750164346655,-0.02900594104791754,0.02216813996117908,0.004186917186381927,0.01077152501756446,-0.01064762065670937,-0.014827287311245056,0.009607289887837876,0.04902389640595383,-0.01828413399868318,-0.024389764378374527,0.03365218857224718,0.023609978661082248,0.006583191544777593,-0.00483558762598945,-0.04365229285132592,0.015061576546131494,-0.008380564238095842,0.004515656141636832,0.004775783167818277,0.0035421400830522704,-0.018596728343684903,0.011135176108124097,-0.0012023635367880952,0.0022406478891978444,0.0033738009463330962,-0.02183677788131745,0.01170663437185095,-0.01828413399868318,0.041036084684362026,-0.002822866322206989,-0.009624409608447494,0.018862615201150908,0.006775380533260159,0.0139062857099452,-0.0036017150667231688,-0.0030579055505758233,0.025931558318018855,0.00311838940856812,-0.004117976416907299,-0.0102452074638731,0.05245935384973885,-0.055430760699428316,-0.006963442049877899,-0.013242480546580736,0.012104852211889734,0.05298684025244302,-0.03483013860706061,-0.024389764378374527,-0.002822866322206989,0.05662250348699637,-0.02915490462230444,-0.06929794720361651,-0.016567707674428108,-0.014360188833988109,0.07912465852775821,-0.012562690460235712,-0.015836946668043732,-0.008485768456310338,-0.0038591828855792897,0.022168128874918487,-0.061698328793679175,0.0374667941235078,0.0027931293847644166,0.008592916154833333,-0.0036548689887669194,-0.03759594427938397,0.023282955286701865,0.03365218857224718,-0.009624409608447494,-0.02915490462230444,0.09394885219814594,0.03655748360493715,0.008010744376700178,0.007040443542965361,-0.0667363025757441,0.031478759110776675,-0.04907241417478618,0.005976879193181088,0.00016626951608366227,0.01280267588988099,-0.1182302612254324,0.11009582384341499,0.011341257746754745,0.02868675650914983,-0.034383465630303325,-0.09950277092332686,0.0795462524181467,0.023609978661082248,0.018862615201150908,-0.06929794720361651,0.03655748360493715,0.15703677408726435,0.041273674376313595,0.026801434929466114,-0.1462314876618832,0.028649926820018157,-0.014093388072686012,0.006503032804626589,0.0016725688342815995,-0.0018433386129378957,-0.035304254280035405,0.02976950807219269,0.006496897844362167,0.0049809204441686235,-0.00890972664312902,-0.036752486236303485,0.022687458253103802,0.006583191544777593,0.006775380533260159,-0.016567707674428108,0.008010744376700178,0.041273674376313595,0.03812489962446128,0.012788686368890391,-0.042492488735453464,0.021124484446743166,-0.020749599424871992,0.0009466019413884455,0.0017147899591093327,0.014011166562758982,-0.012438261818006778,0.024875380934926396,-0.003912749752676098,-0.0017104119876981399,0.005899032840157357,-0.02877455130102571,0.021807984022134765,-0.00483558762598945,0.0139062857099452,-0.014360188833988109,0.007040443542965361,0.026801434929466114,0.012788686368890391,0.048325244843107705,-0.022141618408298796,-0.0007713210939889427,0.05232277935330241,-0.0006002081675561283,-0.00021136910310605656,-0.017825780145853055,0.12638848020174867,-0.11462510442708813,-0.009144685963136731,-0.031261633139292644,0.030744884692881787,0.10375203488989346,-0.0799820711170627,-0.04365229285132592,-0.0036017150667231688,0.07912465852775821,-0.0667363025757441,-0.1462314876618832,-0.042492488735453464,-0.022141618408298796,0.17551083504725157,-0.04326129626481016,-0.0028030247056049264,-0.0006246118825681239,-0.0006475728580291275,-0.0010547737524236349,-0.0509254732484421,0.028193157093273302,0.008647014692972438,0.010082176628254154,-0.017784504905576662,-0.02894771201795865,0.021419877852546176,0.015061576546131494,-0.0030579055505758233,-0.012562690460235712,0.031478759110776675,0.028649926820018157,0.021124484446743166,-0.0007713210939889427,-0.04326129626481016,0.04925777218022281
0.03650712869699074,0.015806056694397375,-0.00619074558605594,-0.007571253068503215,0.01928797727879849,-0.009712913136523102,0.006051074672065367,0.007244691176391319,0.005771463942211777,0.01263354662984946,0.011723785063607396,-0.010315444482035804,0.0019343196145183384,0.019874987614701606,-0.032130744687848864,0.0015478184354471912,-0.010936662581676622,-0.002170232750850261,0.02550111725783661,-0.007783338432109126,0.015806056694397375,0.04132046267852904,0.010380189482886205,-0.008011912316085255,0.037195605740789776,-0.013385489817463982,-0.000801873184268183,0.01204261275157768,-0.00011587105784935137,0.03182553851212823,0.012995198071772927,-0.022319344904285984,-0.004782302004147466,0.03298678626486155,-0.06059121846795324,-0.010233362258298653,-0.013568487972652827,-0.003127644607496463,0.03685649052884719,-0.019790188981036082,-0.00619074558605594,0.010380189482886205,0.03632940387454921,-0.005055010737705595,0.012970262073874193,-0.0025349978407709986,-0.0006403742435374427,0.012418437142912955,-0.011755959435661732,0.021304245847215075,-0.0013156013865866809,-0.012222350224958637,-0.0032446977227844013,0.013482126721746156,-0.014227488845702553,0.010699993394324614,-0.0022427142376017927,-0.0021800817607885506,0.013102624980984988,-0.006973090933772552,-0.007571253068503215,-0.008011912316085255,-0.005055010737705595,0.02785131337559824,-0.013763740065120706,0.004245381675831068,-0.010882240796587533,-0.01227347348740851,0.008465139537860092,-0.01742503139630651,0.0005943935784213155,0.017235760164244794,0.007208455478113999,-0.021085028860689376,0.032112221961653996,0.0014828030507395935,0.006867886855714267,0.006791932027436304,-0.03136439262305347,0.0035705914976525335,0.01928797727879849,0.037195605740789776,0.012970262073874193,-0.013763740065120706,0.24976467717378237,-0.11916559472025953,-0.03231251141358623,-0.014391408998681948,0.015270832214954247,0.16583880439612125,-0.03957481305079496,-0.12181460126890212,-0.004704673135949718,0.13413751256578516,-0.13246131574599318,-0.16655224823969228,-0.07667678716454007,-0.0071618761865621435,0.2206200066345705,-0.0705876742982016,-0.009712913136523102,-0.013385489817463982,-0.0025349978407709986,0.004245381675831068,-0.11916559472025953,0.08458722836479145,0.01894863892270223,0.012218185615923857,-0.013682038453953415,-0.08839040540297927,0.03084740297201204,0.05057206447205634,-0.0034874485048381997,-0.05548468365773339,0.04235816058805034,0.09423059293062808,0.04006064920951939,0.0012158100903240914,-0.11215341154630015,0.03992977608997725,0.006051074672065367,-0.000801873184268183,-0.0006403742435374427,-0.010882240796587533,-0.03231251141358623,0.01894863892270223,0.03710996711399141,0.011421423772789445,-0.012740051891373113,-0.025776690399491094,0.009321487806859347,0.0018938940133905427,-0.0058957844155223295,-0.0040127892297708205,-0.003512761296071528,0.027286803040751727,0.0079175442686341,-0.001605438803453511,-0.015167190265815672,0.007398815056605687,0.007244691176391319,0.01204261275157768,0.012418437142912955,-0.01227347348740851,-0.014391408998681948,0.012218185615923857,0.011421423772789445,0.03947250754333434,-0.006529303785416764,0.0030111854553414204,0.01433692542784011,0.008796678522146124,0.0062656212083434925,0.004991902056279422,-0.02171562780961823,0.04247914772800039,-0.0006277369621116753,-0.0024605206993572612,-0.009531459694138067,-0.003007458656032941,0.005771463942211777,-0.00011587105784935137,-0.011755959435661732,0.008465139537860092,0.015270832214954247,-0.013682038453953415,-0.012740051891373113,-0.006529303785416764,0.023156397469324786,0.0030312416999324215,0.0013101454620626566,-0.0002029945373608776,0.006610421043570616,-6.194529417543922e-5,0.002619987101140635,-0.02125396556505767,-0.0017387388623309658,0.007587234064112085,0.007978895518385454,-0.011321430116988817,0.01263354662984946,0.03182553851212823,0.021304245847215075,-0.01742503139630651,0.16583880439612125,-0.08839040540297927,-0.025776690399491094,0.0030111854553414204,0.0030312416999324215,0.15130120837047442,-0.03352147533872212,-0.07973812829211811,-0.004646905403316508,0.09030323547505123,-0.0924623406311455,-0.1124750689695015,-0.054295013471997035,-0.013602779093586273,0.15700579584738295,-0.051891973559800963,0.011723785063607396,0.012995198071772927,-0.0013156013865866809,0.0005943935784213155,-0.03957481305079496,0.03084740297201204,0.009321487806859347,0.01433692542784011,0.0013101454620626566,-0.03352147533872212,0.04327853161761025,0.016331393295359407,0.0045492484154899876,-0.010815957723353324,-0.017013580749342803,0.05401470275286527,0.010929743510940206,0.0056252697266255865,-0.03988207750601705,0.003821464038444254,-0.010315444482035804,-0.022319344904285984,-0.012222350224958637,0.017235760164244794,-0.12181460126890212,0.05057206447205634,0.0018938940133905427,0.008796678522146124,-0.0002029945373608776,-0.07973812829211811,0.016331393295359407,0.10018885310683928,0.017403570483826687,-0.08222980744437228,0.09315188507498816,0.08515730320421624,0.04141338548612265,0.010330964917512467,-0.12663101927185835,0.030986532054720316,0.0019343196145183384,-0.004782302004147466,-0.0032446977227844013,0.007208455478113999,-0.004704673135949718,-0.0034874485048381997,-0.0058957844155223295,0.0062656212083434925,0.006610421043570616,-0.004646905403316508,0.0045492484154899876,0.017403570483826687,0.02465376553056922,-0.013673345576341756,0.014900034874121464,0.01335095208308582,0.0009220547336406299,0.0074210787065916006,-0.018452890381419708,-0.005668071436769857,0.019874987614701606,0.03298678626486155,0.013482126721746156,-0.021085028860689376,0.13413751256578516,-0.05548468365773339,-0.0040127892297708205,0.004991902056279422,-6.194529417543922e-5,0.09030323547505123,-0.010815957723353324,-0.08222980744437228,-0.013673345576341756,0.1090854864205748,-0.11359044680724042,-0.07792659585405134,-0.04709361223238474,-0.01384185759444368,0.13981453662168283,-0.04171483833810675,-0.032130744687848864,-0.06059121846795324,-0.014227488845702553,0.032112221961653996,-0.13246131574599318,0.04235816058805034,-0.003512761296071528,-0.02171562780961823,0.002619987101140635,-0.0924623406311455,-0.017013580749342803,0.09315188507498816,0.014900034874121464,-0.11359044680724042,0.18456445873818855,0.056480205775554126,0.053110299721888236,0.015399133991736,-0.13760242532458572,0.0542460222070891,0.0015478184354471912,-0.010233362258298653,0.010699993394324614,0.0014828030507395935,-0.16655224823969228,0.09423059293062808,0.027286803040751727,0.04247914772800039,-0.02125396556505767,-0.1124750689695015,0.05401470275286527,0.08515730320421624,0.01335095208308582,-0.07792659585405134,0.056480205775554126,0.18230161270659695,0.05521391954331964,0.011080327323503,-0.157051538597774,0.03821305902073711,-0.010936662581676622,-0.013568487972652827,-0.0022427142376017927,0.006867886855714267,-0.07667678716454007,0.04006064920951939,0.0079175442686341,-0.0006277369621116753,-0.0017387388623309658,-0.054295013471997035,0.010929743510940206,0.04141338548612265,0.0009220547336406299,-0.04709361223238474,0.053110299721888236,0.05521391954331964,0.04351515851672075,0.005156113528021245,-0.07549084268127651,0.025555869079016105,-0.002170232750850261,-0.003127644607496463,-0.0021800817607885506,0.006791932027436304,-0.0071618761865621435,0.0012158100903240914,-0.001605438803453511,-0.0024605206993572612,0.007587234064112085,-0.013602779093586273,0.0056252697266255865,0.010330964917512467,0.0074210787065916006,-0.01384185759444368,0.015399133991736,0.011080327323503,0.005156113528021245,0.030118810472007373,-0.01876971724637208,-0.0044144578647622905,0.02550111725783661,0.03685649052884719,0.013102624980984988,-0.03136439262305347,0.2206200066345705,-0.11215341154630015,-0.015167190265815672,-0.009531459694138067,0.007978895518385454,0.15700579584738295,-0.03988207750601705,-0.12663101927185835,-0.018452890381419708,0.13981453662168283,-0.13760242532458572,-0.157051538597774,-0.07549084268127651,-0.01876971724637208,0.24450345354882333,-0.05958659963623496,-0.007783338432109126,-0.019790188981036082,-0.006973090933772552,0.0035705914976525335,-0.0705876742982016,0.03992977608997725,0.007398815056605687,-0.003007458656032941,-0.011321430116988817,-0.051891973559800963,0.003821464038444254,0.030986532054720316,-0.005668071436769857,-0.04171483833810675,0.0542460222070891,0.03821305902073711,0.025555869079016105,-0.0044144578647622905,-0.05958659963623496,0.04737999120415495
