0.0223472061751231,0.011698446643971391,-0.0007475808344403382,-0.00653445948996439,0.023410728796245853,-0.010595760547639787,0.002485125832422712,-0.002680104074920575,0.0023563504721306012,0.021590533973410795,-0.007895691401756746,-0.0056765662021443005,-0.0019280579512952398,0.017222626675544868,-0.015844994505681928,-0.01476518380586414,-0.007667815205959053,0.0016672247799158595,0.028386814101841032,-0.008910740791525033,0.011698446643971391,0.03921187234277526,0.0037096702597375344,-0.01324148894000941,0.018129692674855737,-0.007024960622964472,-0.0008693786614230647,0.00495162738835247,-0.004911773958368608,0.027291198453827437,-0.006996129237380451,-0.014706122027131788,-0.007584957946507992,0.017226245243237938,-0.043305717723734066,-0.002425407627135365,-0.006937040679521548,0.0018111836591333142,0.022589876814405403,-0.023419866206819483,-0.0007475808344403382,0.0037096702597375344,0.02300216259822377,0.0005446874621913645,-0.0022270878065808134,0.0074131041047861435,-0.003707869353486461,-0.0005935190335607661,-0.004045113416184059,-0.00028412221818082664,0.005588920241877546,-0.003439587371843872,-0.0010600116852472821,-0.0013564695650976613,-0.01200986588626755,0.012374191672130216,0.001233425279712951,0.006140808806335955,-0.0050891558114955805,-0.004955615494560097,-0.00653445948996439,-0.01324148894000941,0.0005446874621913645,0.020211403418072385,-0.01165856963533635,0.0020786593897260085,-0.002517585687206018,0.000618284409365976,0.004974128745092697,-0.01321803431829802,0.005050268726434904,0.010009895601777983,0.003865840187909419,-0.010267007626147368,0.020519570211884924,0.005685947201274936,0.0014087355873075831,0.0004893421601010538,-0.016404649669060595,0.006261997143497436,0.023410728796245853,0.018129692674855737,-0.0022270878065808134,-0.01165856963533635,0.13634885505717909,-0.0569161648603215,-0.02356343635578633,-0.03229658095505923,0.0033163966619859588,0.09555286932828665,-0.04324619877371339,-0.0690012202347732,-0.010855621744289605,0.0820222191636713,-0.06525604254087533,-0.09575505302874268,-0.03823079853770324,-0.010809749066637505,0.1303238713653075,-0.031326192196604034,-0.010595760547639787,-0.007024960622964472,0.0074131041047861435,0.0020786593897260085,-0.0569161648603215,0.05979296613187558,0.015100989044326218,0.013338403232077016,-0.009476635436418086,-0.046204522871616825,0.0368669623966795,0.031027498029279246,0.004391528398470384,-0.040839296824809065,0.02135792925024792,0.05848283303783897,0.025046853111918295,0.014752177266419938,-0.06968823938437346,0.01815273113290965,0.002485125832422712,-0.0008693786614230647,-0.003707869353486461,-0.002517585687206018,-0.02356343635578633,0.015100989044326218,0.035449842154943685,-0.0007667616222184222,-0.013269709696143219,-0.014084184379919335,0.013897935066653516,0.012078535524827076,-0.011240917498447337,-0.015583159591429991,0.014217468219005838,0.013716427620847982,0.011360401937749953,0.00875375669632934,-0.02121083921209438,0.006579636208274309,-0.002680104074920575,0.00495162738835247,-0.0005935190335607661,0.000618284409365976,-0.03229658095505923,0.013338403232077016,-0.0007667616222184222,0.028904239047862705,0.0016321431236946517,-0.017567955449313943,0.009865621240859778,0.020444065468074472,0.009674558758115296,-0.016847535192759906,-0.000501088894456215,0.036184718036275876,0.0010087010125524884,0.001710646436236725,-0.03486750027790703,0.0006215054447575475,0.0023563504721306012,-0.004911773958368608,-0.004045113416184059,0.004974128745092697,0.0033163966619859588,-0.009476635436418086,-0.013269709696143219,0.0016321431236946517,0.022023796200032194,-0.005892206809103238,-0.00363564553122899,0.0023628339306926674,0.009646637131192851,0.0010025602578510432,0.012401618218367053,-0.010286160462258394,-0.0005016253835014917,0.0012703376085447665,0.004204292271286236,-0.005066594073757316,0.021590533973410795,0.027291198453827437,-0.00028412221818082664,-0.01321803431829802,0.09555286932828665,-0.046204522871616825,-0.014084184379919335,-0.017567955449313943,-0.005892206809103238,0.09468106730017076,-0.04198965908520832,-0.05580900679742889,-0.014430914298771844,0.06664053104238166,-0.06825187423435906,-0.07032887985948255,-0.03261378849577019,-0.015406098489866012,0.10069922664145384,-0.034347553932535746,-0.007895691401756746,-0.006996129237380451,0.005588920241877546,0.005050268726434904,-0.04324619877371339,0.0368669623966795,0.013897935066653516,0.009865621240859778,-0.00363564553122899,-0.04198965908520832,0.04730238373677807,0.026435985300979247,0.004623239990402367,-0.032023165422389276,0.014556624312229087,0.05381917485565048,0.016061366121207947,0.016417002848963955,-0.052524300896860804,0.010708686623271551,-0.0056765662021443005,-0.014706122027131788,-0.003439587371843872,0.010009895601777983,-0.0690012202347732,0.031027498029279246,0.012078535524827076,0.020444065468074472,0.0023628339306926674,-0.05580900679742889,0.026435985300979247,0.06133912635637868,0.013158281014171665,-0.04446324529658913,0.047516784512195875,0.05239898228704303,0.019782074916894245,0.010452418372355124,-0.07385114269128162,0.02041257120365049,-0.0019280579512952398,-0.007584957946507992,-0.0010600116852472821,0.003865840187909419,-0.010855621744289605,0.004391528398470384,-0.011240917498447337,0.009674558758115296,0.009646637131192851,-0.014430914298771844,0.004623239990402367,0.013158281014171665,0.023880806390050302,-0.00915267037297735,0.011435966047506584,0.011624573139844132,0.002252869695983653,0.0008527873404907439,-0.014079957582726389,0.00545954795791202,0.017222626675544868,0.017226245243237938,-0.0013564695650976613,-0.010267007626147368,0.0820222191636713,-0.040839296824809065,-0.015583159591429991,-0.016847535192759906,0.0010025602578510432,0.06664053104238166,-0.032023165422389276,-0.04446324529658913,-0.00915267037297735,0.06754541837884977,-0.051261919570068364,-0.06250378435474362,-0.028693329684306698,-0.01448434267415577,0.08978159304990614,-0.023321157487853433,-0.015844994505681928,-0.043305717723734066,-0.01200986588626755,0.020519570211884924,-0.06525604254087533,0.02135792925024792,0.014217468219005838,-0.000501088894456215,0.012401618218367053,-0.06825187423435906,0.014556624312229087,0.047516784512195875,0.011435966047506584,-0.051261919570068364,0.11198463071498375,0.018277246027575828,0.02693993768663553,0.0077871431715621706,-0.06752791657224672,0.042154941498645807,-0.01476518380586414,-0.002425407627135365,0.012374191672130216,0.005685947201274936,-0.09575505302874268,0.05848283303783897,0.013716427620847982,0.036184718036275876,-0.010286160462258394,-0.07032887985948255,0.05381917485565048,0.05239898228704303,0.011624573139844132,-0.06250378435474362,0.018277246027575828,0.11277091606850498,0.026996292626242285,0.022448623210373178,-0.10764767020114474,0.01159464769753174,-0.007667815205959053,-0.006937040679521548,0.001233425279712951,0.0014087355873075831,-0.03823079853770324,0.025046853111918295,0.011360401937749953,0.0010087010125524884,-0.0005016253835014917,-0.03261378849577019,0.016061366121207947,0.019782074916894245,0.002252869695983653,-0.028693329684306698,0.02693993768663553,0.026996292626242285,0.026213321625990625,0.008231857360643077,-0.04272514643271867,0.013349809518117962,0.0016672247799158595,0.0018111836591333142,0.006140808806335955,0.0004893421601010538,-0.010809749066637505,0.014752177266419938,0.00875375669632934,0.001710646436236725,0.0012703376085447665,-0.015406098489866012,0.016417002848963955,0.010452418372355124,0.0008527873404907439,-0.01448434267415577,0.0077871431715621706,0.022448623210373178,0.008231857360643077,0.03437201158661158,-0.021366292552086608,-0.0018843554754388414,0.028386814101841032,0.022589876814405403,-0.0050891558114955805,-0.016404649669060595,0.1303238713653075,-0.06968823938437346,-0.02121083921209438,-0.03486750027790703,0.004204292271286236,0.10069922664145384,-0.052524300896860804,-0.07385114269128162,-0.014079957582726389,0.08978159304990614,-0.06752791657224672,-0.10764767020114474,-0.04272514643271867,-0.021366292552086608,0.1596972733008872,-0.031547149518327176,-0.008910740791525033,-0.023419866206819483,-0.004955615494560097,0.006261997143497436,-0.031326192196604034,0.01815273113290965,0.006579636208274309,0.0006215054447575475,-0.005066594073757316,-0.034347553932535746,0.010708686623271551,0.02041257120365049,0.00545954795791202,-0.023321157487853433,0.042154941498645807,0.01159464769753174,0.013349809518117962,-0.0018843554754388414,-0.031547149518327176,0.04040723372080719
0.037676894141682106,-0.004716072324101256,-0.003259836758362408,-0.008066211254327937,0.004017285652885585,-0.0042622653141310704,0.004857442567912087,-0.0082175875286453,0.004952174334243983,0.008571182099611819,0.0009666200110244373,-0.013550198921099928,0.0034072452528433835,0.010714117698682564,0.006201196590693653,-0.005127452101890217,-0.016129963564382156,0.007603521231650097,0.016771321526644647,0.004732124416274155,-0.004716072324101256,0.036275151081365864,-0.0002922068451486499,0.00622126524728927,-0.01342825526541596,-0.006526450499483416,0.011330208354000651,0.01798527016697548,-0.011606798859443414,0.004646372017421267,-0.014217295965382319,-0.011867209051383623,-0.020556458463884028,0.007127634605579168,-0.020455056075069276,-0.007552326208818163,0.0012727356657612648,-0.02310384207993902,0.002479718941557611,-0.0011969031953724658,-0.003259836758362408,-0.0002922068451486499,0.019736284128904796,0.0012677775332678226,0.0015170439722536136,0.006365444554911679,-0.0029759819644880276,0.007285179103063609,0.0033935997577739627,-0.005832790306786757,0.0041662583630677295,0.010334399065560877,0.004061767566237974,-0.009861409456460399,0.011414437786039679,0.003602993758690746,-0.004117477536846793,0.0023856933045002873,-0.009332144603186744,0.00021037211839486852,-0.008066211254327937,0.00622126524728927,0.0012677775332678226,0.05144543315566916,0.01735818671358244,-0.004967824986695936,-0.02197431745483311,0.004779552298966193,0.02795487640896848,0.01806021047047511,-0.008955100312519663,-0.011531207120335979,0.01148869945045852,-0.006008953065732851,0.011148789735144696,-0.024495706049115003,-0.009135085086345305,0.0130963679099539,0.010410212919383424,-0.02211701084547823,0.004017285652885585,-0.01342825526541596,0.0015170439722536136,0.01735818671358244,0.10081481351050232,-0.032351494251942566,-0.036060155128535346,-0.018887799398958967,0.039186239350443346,0.05380434073435637,-0.014959414536570141,-0.017889097682567863,-0.0009177780514751559,0.012351214674212978,0.0023731973449066333,-0.08008117171233856,-0.021495645110593355,0.008041930193529443,0.06400878658212303,-0.02193307863434292,-0.0042622653141310704,-0.006526450499483416,0.006365444554911679,-0.004967824986695936,-0.032351494251942566,0.04577060996361576,0.00011847661195132702,0.004530927056478287,-0.012339655549019895,-0.037885102076948375,0.03129513445646995,0.0197358225867671,0.0193511727213191,-0.02199120423900431,0.011273970573910799,0.06111223406180588,0.009833229510120136,0.010149843036877888,-0.04754026938619409,0.010161546401263502,0.004857442567912087,0.011330208354000651,-0.0029759819644880276,-0.02197431745483311,-0.036060155128535346,0.00011847661195132702,0.038114545009189656,0.007219510464226534,-0.029677872827137932,-0.013422018056378195,-0.002212506256337958,-0.004326268550402598,-0.011996055164184958,0.010298534863780694,-0.025183458615223007,0.022029460234561066,0.005300852998650318,-0.01688352266351277,-0.012993755387199237,0.0070709190112486385,-0.0082175875286453,0.01798527016697548,0.007285179103063609,0.004779552298966193,-0.018887799398958967,0.004530927056478287,0.007219510464226534,0.02506573933555639,-0.005527351835919524,-0.004045853092889335,-0.0056464536623075335,-0.0017354516391776046,-0.005767925519177442,-0.005388375366644692,-0.004047881916903193,0.008533132462501064,-0.0009973765563683198,-0.013906099350187495,-0.012657346671738626,0.0008636230265385775,0.004952174334243983,-0.011606798859443414,0.0033935997577739627,0.02795487640896848,0.039186239350443346,-0.012339655549019895,-0.029677872827137932,-0.005527351835919524,0.04620451233709695,0.028857117026523493,-0.0044335390361987075,-0.012515765566133675,0.010057429769335758,-0.004963240503434603,0.023440413836063812,-0.04295787692015893,-0.011326030406746835,0.023611348435963173,0.027697367058740468,-0.0195634875154522,0.008571182099611819,0.004646372017421267,-0.005832790306786757,0.01806021047047511,0.05380434073435637,-0.037885102076948375,-0.013422018056378195,-0.004045853092889335,0.028857117026523493,0.06412729306789432,-0.025800111793647138,-0.04041836498294484,-0.010373653075469693,0.020722441889987828,-0.016942432018979613,-0.07748795774054842,-0.025172312011497146,-0.006540502956479009,0.05946528302740034,-0.025165894251158602,0.0009666200110244373,-0.014217295965382319,0.0041662583630677295,-0.008955100312519663,-0.014959414536570141,0.03129513445646995,-0.002212506256337958,-0.0056464536623075335,-0.0044335390361987075,-0.025800111793647138,0.04389933433454611,0.01791040466536862,0.02322819114436495,-0.013560070142915721,0.003972599626681261,0.050972612352717814,0.010542502971214347,0.01990522950524422,-0.03835112104928774,0.006844610690897338,-0.013550198921099928,-0.011867209051383623,0.010334399065560877,-0.011531207120335979,-0.017889097682567863,0.0197358225867671,-0.004326268550402598,-0.0017354516391776046,-0.012515765566133675,-0.04041836498294484,0.01791040466536862,0.06181312094341007,0.004322865615184759,-0.022208000203849575,0.022928793807765954,0.04633435158807624,0.026696711742444656,0.013865045264584533,-0.0406130635651407,0.016404677010196433,0.0034072452528433835,-0.020556458463884028,0.004061767566237974,0.01148869945045852,-0.0009177780514751559,0.0193511727213191,-0.011996055164184958,-0.005767925519177442,0.010057429769335758,-0.010373653075469693,0.02322819114436495,0.004322865615184759,0.045653544415960104,-0.01007889274980334,0.010783279833687605,0.024886138451370117,-0.0076884725541585,0.024674810121251,-0.016801848220061227,-0.009031693039383042,0.010714117698682564,0.007127634605579168,-0.009861409456460399,-0.006008953065732851,0.012351214674212978,-0.02199120423900431,0.010298534863780694,-0.005388375366644692,-0.004963240503434603,0.020722441889987828,-0.013560070142915721,-0.022208000203849575,-0.01007889274980334,0.034157890082939596,-0.02579406420836071,-0.022707853832485147,-0.006407948310322698,-0.010585920731486929,0.030756993124335913,-0.006357596734476277,0.006201196590693653,-0.020455056075069276,0.011414437786039679,0.011148789735144696,0.0023731973449066333,0.011273970573910799,-0.025183458615223007,-0.004047881916903193,0.023440413836063812,-0.016942432018979613,0.003972599626681261,0.022928793807765954,0.010783279833687605,-0.02579406420836071,0.08854001544877185,-0.0034673758671995994,-0.0019381794040550984,0.02651247512186432,-0.004239229293526993,0.02365506335679428,-0.005127452101890217,-0.007552326208818163,0.003602993758690746,-0.024495706049115003,-0.08008117171233856,0.06111223406180588,0.022029460234561066,0.008533132462501064,-0.04295787692015893,-0.07748795774054842,0.050972612352717814,0.04633435158807624,0.024886138451370117,-0.022707853832485147,-0.0034673758671995994,0.13985286391325463,0.03647455060357187,0.01572486753228667,-0.09543488536454846,0.017448602026778753,-0.016129963564382156,0.0012727356657612648,-0.004117477536846793,-0.009135085086345305,-0.021495645110593355,0.009833229510120136,0.005300852998650318,-0.0009973765563683198,-0.011326030406746835,-0.025172312011497146,0.010542502971214347,0.026696711742444656,-0.0076884725541585,-0.006407948310322698,-0.0019381794040550984,0.03647455060357187,0.04218322423444762,0.0015723950800456952,-0.028365576541323472,0.012831696597251903,0.007603521231650097,-0.02310384207993902,0.0023856933045002873,0.0130963679099539,0.008041930193529443,0.010149843036877888,-0.01688352266351277,-0.013906099350187495,0.023611348435963173,-0.006540502956479009,0.01990522950524422,0.013865045264584533,0.024674810121251,-0.010585920731486929,0.02651247512186432,0.01572486753228667,0.0015723950800456952,0.04812638724088183,-0.010759359178560551,-0.009800463177623722,0.016771321526644647,0.002479718941557611,-0.009332144603186744,0.010410212919383424,0.06400878658212303,-0.04754026938619409,-0.012993755387199237,-0.012657346671738626,0.027697367058740468,0.05946528302740034,-0.03835112104928774,-0.0406130635651407,-0.016801848220061227,0.030756993124335913,-0.004239229293526993,-0.09543488536454846,-0.028365576541323472,-0.010759359178560551,0.09764923704438046,-0.014120055321698001,0.004732124416274155,-0.0011969031953724658,0.00021037211839486852,-0.02211701084547823,-0.02193307863434292,0.010161546401263502,0.0070709190112486385,0.0008636230265385775,-0.0195634875154522,-0.025165894251158602,0.006844610690897338,0.016404677010196433,-0.009031693039383042,-0.006357596734476277,0.02365506335679428,0.017448602026778753,0.012831696597251903,-0.009800463177623722,-0.014120055321698001,0.041538841581556185
0.03707330152859255,-0.0020240057017963473,-0.00864726419279939,-0.009282897482354703,0.026752016859349508,-0.014478915535081226,0.00907072683870176,-0.002536850316444245,0.008470721737198506,0.0077845760648103945,-0.01181695228229137,-0.00669991523445889,-0.0028865773012219896,0.010113931256654104,-0.008634188680829016,-0.028453811604199887,-0.015294824317632185,-0.02107709339445451,0.03068116808978225,0.002293791270533828,-0.0020240057017963473,0.024971507695901316,0.005705256045990802,0.003720472991544553,-0.004189919937062481,0.009845459654250375,-0.005597647703865382,0.004025458982368359,-0.006495145406859611,0.002020740684917341,0.014377991856051774,-0.009507601883525547,0.005052417358049949,-0.001246312995163328,-0.017114165563724193,0.02102864465272667,0.00581349319038983,0.0013761425018931212,-0.014110820544689717,0.0001005978142147694,-0.00864726419279939,0.005705256045990802,0.01799375406029843,0.005720499353069188,-0.01361281417487922,0.01151888622473905,0.0004619335480916935,0.006014631051708319,-0.004192243113819879,-0.0011265112748864966,0.00837379287618185,0.002791625075777247,-0.0026019583558451937,-0.0014698661019178793,-0.0005487124279533619,0.01621151952253038,0.009050536728200128,0.008485789109464228,-0.016700448350248268,0.00166927728123442,-0.009282897482354703,0.003720472991544553,0.005720499353069188,0.03797681110537464,-0.022131895006191126,0.023171720400156262,-0.014845702046273623,0.0006871918672791831,-0.00045734312816943126,-0.012990910755950432,0.013518132113596726,0.013579964379816414,0.005248711683261182,-0.022088224671354104,0.02126466007366138,0.036434691818628975,0.015084035536334143,0.014206222945404034,-0.041198197190236596,0.01027552242310204,0.026752016859349508,-0.004189919937062481,-0.01361281417487922,-0.022131895006191126,0.09829418138238577,-0.06169563825167716,-7.839185305259832e-5,-0.015169499982408581,0.022355232230118413,0.04306692014857824,-0.039924345014256485,-0.02753988797432525,0.0016165630092840092,0.04417385712249941,-0.03102620228596257,-0.10187748541440253,-0.037286935690124166,-0.01745829017277266,0.0951785446370301,-0.026776422806584682,-0.014478915535081226,0.009845459654250375,0.01151888622473905,0.023171720400156262,-0.06169563825167716,0.07019990433332761,-0.007129995488946436,0.01486193744522686,-0.01354605210667829,-0.045178130940268006,0.036321788754163954,0.02137679125744206,-0.0011529682495787666,-0.039012123813488626,0.02620732204165445,0.09257152545967798,0.03220239818384206,0.016029677380448408,-0.08776666645772246,0.023818044948040986,0.00907072683870176,-0.005597647703865382,0.0004619335480916935,-0.014845702046273623,-7.839185305259832e-5,-0.007129995488946436,0.027749685788333762,0.008634810727840865,-0.003957412747893425,0.004992976870974668,-0.00531928804980313,-0.004054561690197207,-0.0020510829355990844,0.014536830774491902,-0.011122262681634276,-0.017888650512466298,-0.005261068183933064,-0.0074766004921786,0.02054642788270438,-0.0013711289124315107,-0.002536850316444245,0.004025458982368359,0.006014631051708319,0.0006871918672791831,-0.015169499982408581,0.01486193744522686,0.008634810727840865,0.022143330573461243,-0.0009083161088551364,-0.005678823733430016,0.009112845430968877,0.004925332382090843,-0.0008097730536545382,0.0033670392450014545,-0.003357039199572446,0.014888036181873501,0.00478227074128459,-0.0025490743631552686,-0.014372537777024451,0.0060534371039081495,0.008470721737198506,-0.006495145406859611,-0.004192243113819879,-0.00045734312816943126,0.022355232230118413,-0.01354605210667829,-0.003957412747893425,-0.0009083161088551364,0.01986711891952816,0.0035917365683590012,-0.008853602852719137,0.0007061310286690017,-0.0025435728377377464,0.008142993505079734,0.009615429381725177,-0.031736480261499306,-0.008980875513814924,-0.005106205622473725,0.01829717791920502,-0.005784498548740797,0.0077845760648103945,0.002020740684917341,-0.0011265112748864966,-0.012990910755950432,0.04306692014857824,-0.045178130940268006,0.004992976870974668,-0.005678823733430016,0.0035917365683590012,0.06325183710062429,-0.020158492060166483,-0.026693774517610847,0.005313184129203502,0.04056577045728924,-0.04177988282311798,-0.06354643049008676,-0.0158384677926107,-0.008145027181263373,0.06918348744537776,-0.02135764145115308,-0.01181695228229137,0.014377991856051774,0.00837379287618185,0.013518132113596726,-0.039924345014256485,0.036321788754163954,-0.00531928804980313,0.009112845430968877,-0.008853602852719137,-0.020158492060166483,0.049549754982239506,0.004931171679768543,0.008209466795151627,-0.021205651119926748,-0.0005487981501160323,0.06358397366877848,0.01883329975828811,0.008871983563312584,-0.05949354765928998,0.014061688643017467,-0.00669991523445889,-0.009507601883525547,0.002791625075777247,0.013579964379816414,-0.02753988797432525,0.02137679125744206,-0.004054561690197207,0.004925332382090843,0.0007061310286690017,-0.026693774517610847,0.004931171679768543,0.043443171362945295,-0.01084029991052992,-0.02169977573731162,0.04065325345780816,0.02496683170125863,0.013278865591219512,0.007217363195752851,-0.03655865791051127,0.011695388492228514,-0.0028865773012219896,0.005052417358049949,-0.0026019583558451937,0.005248711683261182,0.0016165630092840092,-0.0011529682495787666,-0.0020510829355990844,-0.0008097730536545382,-0.0025435728377377464,0.005313184129203502,0.008209466795151627,-0.01084029991052992,0.024756349470776193,-0.003154609796006498,-0.009841984649528554,0.008518085404062802,0.0021190485418827072,0.004337791728603619,-0.0050300970364214005,-0.004177109887076959,0.010113931256654104,-0.001246312995163328,-0.0014698661019178793,-0.022088224671354104,0.04417385712249941,-0.039012123813488626,0.014536830774491902,0.0033670392450014545,0.008142993505079734,0.04056577045728924,-0.021205651119926748,-0.02169977573731162,-0.003154609796006498,0.0571551409976765,-0.03855872785314629,-0.07022399381970851,-0.020013937198194984,-0.011139146114934096,0.07070675573958868,-0.016885801064536556,-0.008634188680829016,-0.017114165563724193,-0.0005487124279533619,0.02126466007366138,-0.03102620228596257,0.02620732204165445,-0.011122262681634276,-0.003357039199572446,0.009615429381725177,-0.04177988282311798,-0.0005487981501160323,0.04065325345780816,-0.009841984649528554,-0.03855872785314629,0.08265155336076921,0.02900730263621654,0.014369679257638194,0.012888837597487893,-0.0515820641559539,0.014994600019413478,-0.028453811604199887,0.02102864465272667,0.01621151952253038,0.036434691818628975,-0.10187748541440253,0.09257152545967798,-0.017888650512466298,0.014888036181873501,-0.031736480261499306,-0.06354643049008676,0.06358397366877848,0.02496683170125863,0.008518085404062802,-0.07022399381970851,0.02900730263621654,0.1661508921984228,0.0523188430471801,0.028145557276699346,-0.1430851051486366,0.03201234269856647,-0.015294824317632185,0.00581349319038983,0.009050536728200128,0.015084035536334143,-0.037286935690124166,0.03220239818384206,-0.005261068183933064,0.00478227074128459,-0.008980875513814924,-0.0158384677926107,0.01883329975828811,0.013278865591219512,0.0021190485418827072,-0.020013937198194984,0.014369679257638194,0.0523188430471801,0.03499087022595794,0.017109874162283698,-0.04697343655033978,0.014430730735632759,-0.02107709339445451,0.0013761425018931212,0.008485789109464228,0.014206222945404034,-0.01745829017277266,0.016029677380448408,-0.0074766004921786,-0.0025490743631552686,-0.005106205622473725,-0.008145027181263373,0.008871983563312584,0.007217363195752851,0.004337791728603619,-0.011139146114934096,0.012888837597487893,0.028145557276699346,0.017109874162283698,0.03770483581799897,-0.02980224804069357,0.001058309352320706,0.03068116808978225,-0.014110820544689717,-0.016700448350248268,-0.041198197190236596,0.0951785446370301,-0.08776666645772246,0.02054642788270438,-0.014372537777024451,0.01829717791920502,0.06918348744537776,-0.05949354765928998,-0.03655865791051127,-0.0050300970364214005,0.07070675573958868,-0.0515820641559539,-0.1430851051486366,-0.04697343655033978,-0.02980224804069357,0.15422574768595435,-0.030565850094444888,0.002293791270533828,0.0001005978142147694,0.00166927728123442,0.01027552242310204,-0.026776422806584682,0.023818044948040986,-0.0013711289124315107,0.0060534371039081495,-0.005784498548740797,-0.02135764145115308,0.014061688643017467,0.011695388492228514,-0.004177109887076959,-0.016885801064536556,0.014994600019413478,0.03201234269856647,0.014430730735632759,0.001058309352320706,-0.030565850094444888,0.026542757232420576
