0.0549459238285334,0.021015210715839214,0.0015860712000299103,0.024661737994731293,0.005731485436515962,-0.01639098342653572,-0.006035901117019288,0.027464576221095528,-0.005402694357619937,-0.005078290224173682,-0.014313400673929593,-0.030948410023197103,-0.017588105226017926,-0.021322314046886778,-0.00050777563834206,0.008415379345394242,-0.01870244813331386,-0.009795678455985744,0.0029520552208231287,0.02786661802507929,0.021015210715839214,0.07368526843811318,-0.016655560999498477,0.026585419122394798,0.008449373332383676,-0.003172709376583207,0.004355636117842761,0.03500310444053072,-0.005557879643144166,-0.006188946008973489,-0.014092971965497685,-0.02950793475599741,-0.0061363663907726095,-0.03792530088815302,0.01000420428109443,0.012029247403063405,-0.017956671967374774,-0.01616562887562202,0.020652674733770582,0.019671011139409618,0.0015860712000299103,-0.016655560999498477,0.06958044240711267,-0.017621739949243667,0.011371917818012115,-0.0037980343034022482,-0.010524653919634832,-0.0036525291464304995,0.008801240883812216,0.0029626509007016875,-0.00857188152779289,0.03169611067345682,-0.018081272770176064,0.0050570487356428,3.101651576633028e-5,-0.024174809080942664,-0.008833179274975435,0.013355757276187055,-0.014157454526663683,-0.006107169675757224,0.024661737994731293,0.026585419122394798,-0.017621739949243667,0.04884763215704438,0.005630834846294883,0.001308091430415389,0.014214706917899812,0.014940335556553982,-0.002911381983175098,0.00037282346414132514,-0.004300275774672139,-0.02197108696993222,-0.005694119593008949,-0.025024501071602964,-0.005649421413489718,0.028331736525158586,-0.0010407471239651887,-0.01067820677692434,0.005218240968299231,0.017455103222610856,0.005731485436515962,0.008449373332383676,0.011371917818012115,0.005630834846294883,0.053679711648109064,-0.0022432910970924544,-0.007611748827718657,0.016577898520093302,0.025355246285445984,0.011371091458659171,-0.009386446005879387,-0.027371594151094494,0.015537826062221375,-0.00798997917960274,0.0017651061440265173,-0.023687280432697026,-0.007351289319194238,0.0027731250481537657,-0.005262287363910363,0.013754620976485145,-0.01639098342653572,-0.003172709376583207,-0.0037980343034022482,0.001308091430415389,-0.0022432910970924544,0.06076712435598246,-0.013176083057108191,-0.02860878274656835,0.003124807422931224,-0.021950515543543263,0.0036560553525499286,0.014371261549541218,0.0025192943318504118,0.008603971505508123,0.004782751917437221,0.012443116145258077,0.020938785974149762,-0.0041818332698109854,0.0023606400748406196,-0.02950476479818545,-0.006035901117019288,0.004355636117842761,-0.010524653919634832,0.014214706917899812,-0.007611748827718657,-0.013176083057108191,0.030729272889392235,0.002011153880495776,-0.00357356445672713,0.01274789425794809,0.00435200398048945,0.0011058954755809132,-0.004678149717188733,-0.005664313694186752,0.001824725431205665,0.020217395437121092,0.011049787012004266,0.0012560127566326731,0.0025634468326331513,-0.007980786739426496,0.027464576221095528,0.03500310444053072,-0.0036525291464304995,0.014940335556553982,0.016577898520093302,-0.02860878274656835,0.002011153880495776,0.07656742845705611,-0.0019046936526886792,0.002727103867957049,-0.014447838085682008,-0.03909634517316837,-0.012395095127645101,-0.03190053641618199,-0.012952285018008663,0.004707352700781552,-0.032905715792921064,-0.02079744167056819,0.030200780323473453,0.05621935365089493,-0.005402694357619937,-0.005557879643144166,0.008801240883812216,-0.002911381983175098,0.025355246285445984,0.003124807422931224,-0.00357356445672713,-0.0019046936526886792,0.05848010108221705,0.017469243599574403,-0.003696040292260315,-0.004518406767646952,0.029630424209819192,0.021113827462202178,0.023990319688719338,-0.04597969562832296,-0.009301460951981394,0.008190261988560144,-0.002691950251823453,0.0013861868623524715,-0.005078290224173682,-0.006188946008973489,0.0029626509007016875,0.00037282346414132514,0.011371091458659171,-0.021950515543543263,0.01274789425794809,0.002727103867957049,0.017469243599574403,0.04866072017675037,0.002061272248158408,0.003697227190530168,0.0036988827403545395,-0.004151229278081816,0.019188287822805503,-0.0171721615288236,-0.0005145116909278462,0.008652310147939116,0.0023835633900827404,-0.00669368606154607,-0.014313400673929593,-0.014092971965497685,-0.00857188152779289,-0.004300275774672139,-0.009386446005879387,0.0036560553525499286,0.00435200398048945,-0.014447838085682008,-0.003696040292260315,0.002061272248158408,0.039662348407595714,0.0020929935239139474,0.018520157726343578,0.017386695949077186,0.007605438141109084,0.0013134370365037809,0.018010186702839902,-0.0026613221447794855,0.005393437385462716,-0.009181314384961559,-0.030948410023197103,-0.02950793475599741,0.03169611067345682,-0.02197108696993222,-0.027371594151094494,0.014371261549541218,0.0011058954755809132,-0.03909634517316837,-0.004518406767646952,0.003697227190530168,0.0020929935239139474,0.07779047725690354,-0.014974559284300713,0.020465210948364176,0.0016983656862949973,0.006281181478664424,0.016328285814303053,0.02721440239572269,-0.011702631620957272,-0.04106042296473837,-0.017588105226017926,-0.0061363663907726095,-0.018081272770176064,-0.005694119593008949,0.015537826062221375,0.0025192943318504118,-0.004678149717188733,-0.012395095127645101,0.029630424209819192,0.0036988827403545395,0.018520157726343578,-0.014974559284300713,0.08663601043972773,0.04478580261185952,0.02258719991718703,-0.048423627049755724,0.019231850263847758,0.018186009018575193,-0.006831576110663725,-0.0030361485986941644,-0.021322314046886778,-0.03792530088815302,0.0050570487356428,-0.025024501071602964,-0.00798997917960274,0.008603971505508123,-0.005664313694186752,-0.03190053641618199,0.021113827462202178,-0.004151229278081816,0.017386695949077186,0.020465210948364176,0.04478580261185952,0.07527833698357944,0.01820201996089892,-0.04172099829731289,0.020044244770679925,0.024007103132891467,-0.01466813639734732,-0.015342966433859,-0.00050777563834206,0.01000420428109443,3.101651576633028e-5,-0.005649421413489718,0.0017651061440265173,0.004782751917437221,0.001824725431205665,-0.012952285018008663,0.023990319688719338,0.019188287822805503,0.007605438141109084,0.0016983656862949973,0.02258719991718703,0.01820201996089892,0.07299515654064435,-0.04199534808828263,-0.006908028212885024,-0.00951417172810715,0.016975366995453295,-0.018760981972534684,0.008415379345394242,0.012029247403063405,-0.024174809080942664,0.028331736525158586,-0.023687280432697026,0.012443116145258077,0.020217395437121092,0.004707352700781552,-0.04597969562832296,-0.0171721615288236,0.0013134370365037809,0.006281181478664424,-0.048423627049755724,-0.04172099829731289,-0.04199534808828263,0.10387533430801288,0.010944677816516524,-0.009639732638420022,0.014158343694732116,-0.005219688550463154,-0.01870244813331386,-0.017956671967374774,-0.008833179274975435,-0.0010407471239651887,-0.007351289319194238,0.020938785974149762,0.011049787012004266,-0.032905715792921064,-0.009301460951981394,-0.0005145116909278462,0.018010186702839902,0.016328285814303053,0.019231850263847758,0.020044244770679925,-0.006908028212885024,0.010944677816516524,0.06082105328767878,0.02255005741453179,-0.02571141079687605,-0.030267048235996494,-0.009795678455985744,-0.01616562887562202,0.013355757276187055,-0.01067820677692434,0.0027731250481537657,-0.0041818332698109854,0.0012560127566326731,-0.02079744167056819,0.008190261988560144,0.008652310147939116,-0.0026613221447794855,0.02721440239572269,0.018186009018575193,0.024007103132891467,-0.00951417172810715,-0.009639732638420022,0.02255005741453179,0.05864286763747562,-0.03050838710733598,-0.01288777069671876,0.0029520552208231287,0.020652674733770582,-0.014157454526663683,0.005218240968299231,-0.005262287363910363,0.0023606400748406196,0.0025634468326331513,0.030200780323473453,-0.002691950251823453,0.0023835633900827404,0.005393437385462716,-0.011702631620957272,-0.006831576110663725,-0.01466813639734732,0.016975366995453295,0.014158343694732116,-0.02571141079687605,-0.03050838710733598,0.05874981313618219,0.010214756207298259,0.02786661802507929,0.019671011139409618,-0.006107169675757224,0.017455103222610856,0.013754620976485145,-0.02950476479818545,-0.007980786739426496,0.05621935365089493,0.0013861868623524715,-0.00669368606154607,-0.009181314384961559,-0.04106042296473837,-0.0030361485986941644,-0.015342966433859,-0.018760981972534684,-0.005219688550463154,-0.030267048235996494,-0.01288777069671876,0.010214756207298259,0.07884877172259393
0.06553507078010161,0.05714022801826848,-0.029774077274466185,0.05618325327793476,-0.0053459462339220404,-0.03412882346309053,0.01721891155616619,0.05857841233215637,0.012925329001253118,0.020827222267244934,-0.024363377851093007,-0.053254174846388155,-0.021598598114473705,-0.04783908387211126,0.011480372825291654,-0.007773614682387641,-0.0327688765815478,-0.025522010316826004,0.026894114042407463,0.052000223140552776,0.05714022801826848,0.11558718969461455,-0.03600310053379098,0.04809707229646916,-0.01606941316429389,-0.023911898154435996,0.000987074259190297,0.07376354431655056,0.029685854507700064,0.028860266447512044,-0.028952648306583117,-0.0498896439933506,-0.021498087845068178,-0.06697324599659585,0.009420561105631844,-0.007360953309487078,-0.037393009508847136,-0.025422415913000887,0.05038172881606063,0.06594220634212622,-0.029774077274466185,-0.03600310053379098,0.06992653651751042,-0.02748909882900625,0.013690487056857967,0.024006164745119712,0.013549553890868767,-0.015290255780901471,-0.006187478837674856,-0.0188856558888387,0.010487445472853497,0.05954296142410469,0.028854026249173347,0.05321690095484667,0.02751525075663581,0.01199860197423974,0.02204312734816288,0.046105273269644316,-0.02946994242135438,-0.04061027969587602,0.05618325327793476,0.04809707229646916,-0.02748909882900625,0.09972811369625857,0.010831816563446199,0.0038165309647843083,0.03956637684909642,0.04596683892201049,0.012959327010930582,0.024613746055817946,-0.005771788468550806,-0.043344365402781776,-0.0006152068284035299,-0.014229780203774082,0.03473068199988841,-0.02806332813562229,-0.002017622645847706,-0.01827867018298708,0.02511588215344155,0.025674392498472795,-0.0053459462339220404,-0.01606941316429389,0.013690487056857967,0.010831816563446199,0.030318622285502354,0.013454141506069635,0.008459078038885367,-0.012941191672260585,-0.00016407248160631345,-0.0015977643445275976,0.006699306271898303,0.017827124220576668,0.01805330300774678,0.02764797643256531,0.018095720542458178,-0.018641848097130168,0.01285360844876675,0.013347458162374053,-0.002141164020935121,-0.025070065707475053,-0.03412882346309053,-0.023911898154435996,0.024006164745119712,0.0038165309647843083,0.013454141506069635,0.10620163549740091,-0.0019501471920627279,-0.04568579559685222,0.015455733938957536,-0.02542693957922275,0.027285573299362396,0.06891887083976173,0.034202518496042056,0.07125716730310332,0.028867986248400562,0.02547602035326912,0.08222093504023159,0.05157036268963827,-0.03267422005169597,-0.05892983582689153,0.01721891155616619,0.000987074259190297,0.013549553890868767,0.03956637684909642,0.008459078038885367,-0.0019501471920627279,0.06425117441635696,0.01515791519732427,-0.019364291232385252,0.014947842162585098,-0.0015423027273746511,-0.028336954202636943,0.002008635751705421,0.023981849038820405,0.052102441293569945,0.002133719175954797,0.006790564838635175,0.010421231703391803,-0.011208815030922,-0.0073726548265658646,0.05857841233215637,0.07376354431655056,-0.015290255780901471,0.04596683892201049,-0.012941191672260585,-0.04568579559685222,0.01515791519732427,0.12258515404598716,0.026347368921436062,0.023432495184699538,-0.032828891016273024,-0.04578568391398694,0.00020841468742432024,-0.0643559255273889,0.014963038692694865,-0.014548393770219676,-0.048022874002487385,-0.0164144752098503,0.033392361206039486,0.08203388791222399,0.012925329001253118,0.029685854507700064,-0.006187478837674856,0.012959327010930582,-0.00016407248160631345,0.015455733938957536,-0.019364291232385252,0.026347368921436062,0.06715980132157973,0.00872490269143004,-0.00555920730311112,0.019466344917583187,0.01288842369296879,-0.021555257718968213,0.002275057284637975,-0.011154169041096767,-0.004289946064154438,0.008530756897730935,0.016883932426473416,0.019654398873943914,0.020827222267244934,0.028860266447512044,-0.0188856558888387,0.024613746055817946,-0.0015977643445275976,-0.02542693957922275,0.014947842162585098,0.023432495184699538,0.00872490269143004,0.043081074787299944,-0.007044143944990647,-0.04587537709560667,-0.009125511072266305,-0.026559935540657914,0.012781452517632295,-0.024740740812110598,-0.024019305927001924,-0.023868604743687453,0.02530002377430126,0.020470048190432657,-0.024363377851093007,-0.028952648306583117,0.010487445472853497,-0.005771788468550806,0.006699306271898303,0.027285573299362396,-0.0015423027273746511,-0.032828891016273024,-0.00555920730311112,-0.007044143944990647,0.03696848459368704,0.019505247231794143,0.015495532054765747,0.03735963532038082,0.006008067508607865,0.0003768339545067535,0.031334915257039436,0.006030272923716194,-0.00020857391214762488,-0.03233662938861846,-0.053254174846388155,-0.0498896439933506,0.05954296142410469,-0.043344365402781776,0.017827124220576668,0.06891887083976173,-0.028336954202636943,-0.04578568391398694,0.019466344917583187,-0.04587537709560667,0.019505247231794143,0.1317093267979759,0.04614859852685679,0.07050418280119769,0.009833476156347392,0.036297809695585936,0.05761760718009572,0.06486712541430548,-0.0463390244502849,-0.05345305304711284,-0.021598598114473705,-0.021498087845068178,0.028854026249173347,-0.0006152068284035299,0.01805330300774678,0.034202518496042056,0.002008635751705421,0.00020841468742432024,0.01288842369296879,-0.009125511072266305,0.015495532054765747,0.04614859852685679,0.05944547179038913,0.04903849240553957,0.024465908624940982,-0.0050540196704700275,0.03705528775323172,0.034091062156351826,-0.014786996237946565,-0.025737955659812843,-0.04783908387211126,-0.06697324599659585,0.05321690095484667,-0.014229780203774082,0.02764797643256531,0.07125716730310332,0.023981849038820405,-0.0643559255273889,-0.021555257718968213,-0.026559935540657914,0.03735963532038082,0.07050418280119769,0.04903849240553957,0.12507938069856836,0.04218418773547125,0.01970374316650573,0.07441800399354084,0.051711074131161744,-0.04343324825541857,-0.07804901688306476,0.011480372825291654,0.009420561105631844,0.02751525075663581,0.03473068199988841,0.018095720542458178,0.028867986248400562,0.052102441293569945,0.014963038692694865,0.002275057284637975,0.012781452517632295,0.006008067508607865,0.009833476156347392,0.024465908624940982,0.04218418773547125,0.0865318695945587,-0.007025307900663929,0.020563333395654124,0.03014952618359367,-0.005888453753321647,-0.018602164576066588,-0.007773614682387641,-0.007360953309487078,0.01199860197423974,-0.02806332813562229,-0.018641848097130168,0.02547602035326912,0.002133719175954797,-0.014548393770219676,-0.011154169041096767,-0.024740740812110598,0.0003768339545067535,0.036297809695585936,-0.0050540196704700275,0.01970374316650573,-0.007025307900663929,0.12729771590369326,0.030035126038070542,0.026412507488783304,-0.04773289709109834,0.009117233582670883,-0.0327688765815478,-0.037393009508847136,0.02204312734816288,-0.002017622645847706,0.01285360844876675,0.08222093504023159,0.006790564838635175,-0.048022874002487385,-0.004289946064154438,-0.024019305927001924,0.031334915257039436,0.05761760718009572,0.03705528775323172,0.07441800399354084,0.020563333395654124,0.030035126038070542,0.09760153418982889,0.040902196070624175,-0.03822144651787844,-0.05425511745027381,-0.025522010316826004,-0.025422415913000887,0.046105273269644316,-0.01827867018298708,0.013347458162374053,0.05157036268963827,0.010421231703391803,-0.0164144752098503,0.008530756897730935,-0.023868604743687453,0.006030272923716194,0.06486712541430548,0.034091062156351826,0.051711074131161744,0.03014952618359367,0.026412507488783304,0.040902196070624175,0.07617114239005024,-0.043240242513428284,-0.03785215630339249,0.026894114042407463,0.05038172881606063,-0.02946994242135438,0.02511588215344155,-0.002141164020935121,-0.03267422005169597,-0.011208815030922,0.033392361206039486,0.016883932426473416,0.02530002377430126,-0.00020857391214762488,-0.0463390244502849,-0.014786996237946565,-0.04343324825541857,-0.005888453753321647,-0.04773289709109834,-0.03822144651787844,-0.043240242513428284,0.08863359550026009,0.029997432592246458,0.052000223140552776,0.06594220634212622,-0.04061027969587602,0.025674392498472795,-0.025070065707475053,-0.05892983582689153,-0.0073726548265658646,0.08203388791222399,0.019654398873943914,0.020470048190432657,-0.03233662938861846,-0.05345305304711284,-0.025737955659812843,-0.07804901688306476,-0.018602164576066588,0.009117233582670883,-0.05425511745027381,-0.03785215630339249,0.029997432592246458,0.10111112506057182
0.053795421813207206,0.014963919576710394,0.012026716474964335,0.024155478015571455,-0.004433181256096675,-0.014425089822284708,0.004190491414665008,0.01746824975392268,-0.012515904746501865,0.0066191054143890085,0.006207670709699057,-0.024078310916909047,-0.023449495271264983,-0.015857342119160123,0.006643971164734391,0.02803038705092351,-0.0013568977293125263,-0.02328373046088538,0.02569717022387058,0.022486818534259462,0.014963919576710394,0.08186329224987474,-0.017574898817769337,-0.0012535635721922806,-0.006575592143228925,-0.025146719952582615,0.018058236965497566,0.050380207997196495,-0.0009163724255242174,0.017988339347361278,-0.0058938772532858095,-0.052363631551135256,-0.02968468010453116,-0.03284999959086203,-0.008263745823437595,0.006284239630150478,-0.019562301848856545,-0.004381541864674368,0.023954128269133484,0.019036988208956298,0.012026716474964335,-0.017574898817769337,0.04688702196077006,0.007942517333895532,0.002120534411225683,0.0055780680359005155,-0.0047368484871617425,-0.003801204688787309,0.003321776542672299,0.0047381362280729394,0.002421291563328861,0.015710310237328308,-0.000912788176672621,0.005893222966425914,0.0039785293062397,-0.0019118664159708271,0.0034159306431334243,-0.005219332431078253,-0.004798768460929173,0.0015338973073110217,0.024155478015571455,-0.0012535635721922806,0.007942517333895532,0.06569464428342603,0.016189939547590373,0.015564210260768768,0.005821392979614979,-0.01961869748387312,0.007259944500405369,0.004931104654626945,0.02198582867294406,0.017652256883293242,0.003507959057768172,-0.006582236289862854,0.012874069338455085,0.00948388153695659,0.026295570533804227,-0.012086661588625933,0.02303774799492921,0.01017686470938382,-0.004433181256096675,-0.006575592143228925,0.002120534411225683,0.016189939547590373,0.04610225467012812,0.016537405295957694,0.007578320932762467,-0.01934315972773698,0.02189963633944033,0.022885281240742007,0.029449052387693582,0.020017397394458902,0.009362118903484058,0.012203251697905563,0.03661881722492146,-0.005122828334399932,0.03502803529947941,-0.006034755473346521,0.01409185421912667,-0.012452702610439506,-0.014425089822284708,-0.025146719952582615,0.0055780680359005155,0.015564210260768768,0.016537405295957694,0.054395831165898544,-0.008934207730099581,-0.04060170979266865,0.008251545841036177,-0.007771153223724738,0.015242269822613844,0.0450744781228764,0.015215182116204375,0.024222319567140816,0.017794795890015508,0.013486216633286629,0.046836706586292846,0.006574865825072241,-0.01570274239219402,-0.018439036192656626,0.004190491414665008,0.018058236965497566,-0.0047368484871617425,0.005821392979614979,0.007578320932762467,-0.008934207730099581,0.02971637574377324,0.013778846891956017,-0.001091251949043883,0.012761163157386256,4.790483951462761e-5,-0.02450249517848311,-0.010588503505432317,-0.003360182249084601,0.01662179748774427,0.009937647604229712,0.010038360914261277,-0.010819797668833616,0.013703663345623368,0.0038873411465184292,0.01746824975392268,0.050380207997196495,-0.003801204688787309,-0.01961869748387312,-0.01934315972773698,-0.04060170979266865,0.013778846891956017,0.09060665685051816,-0.007026288242941155,0.01671162586243489,-0.010857442801627946,-0.06833563326303664,-0.028561375774237625,-0.038672494852683675,-0.011501868622985394,0.0026489386466879697,-0.03935457968907136,-0.012470352379729816,0.02418329406514745,0.049103326912149595,-0.012515904746501865,-0.0009163724255242174,0.003321776542672299,0.007259944500405369,0.02189963633944033,0.008251545841036177,-0.001091251949043883,-0.007026288242941155,0.03819388184882772,0.016174044024292678,0.009686758385348097,0.01396041448164985,0.018985579739227446,0.0033096345357953444,0.012909875155528132,-0.029343657234022064,0.0034491410362011855,0.004137689525907722,-3.393524905790476e-5,-0.014572342460056821,0.0066191054143890085,0.017988339347361278,0.0047381362280729394,0.004931104654626945,0.022885281240742007,-0.007771153223724738,0.012761163157386256,0.01671162586243489,0.016174044024292678,0.059955601671861064,0.026163639332593188,-0.012910044465590074,-0.010560240351820053,-0.008059768162196456,0.030091170932082863,-0.005047032825916539,0.019932534561462257,-0.01857020127326059,0.01996764158483787,-0.0002054066931008291,0.006207670709699057,-0.0058938772532858095,0.002421291563328861,0.02198582867294406,0.029449052387693582,0.015242269822613844,4.790483951462761e-5,-0.010857442801627946,0.009686758385348097,0.026163639332593188,0.05803995347487695,0.016244629729038743,0.0027656841878448074,0.0036538953619456665,0.039467283932840304,0.006055783216639285,0.04210635246817834,-0.015278343910481197,0.02696203105697825,0.009951140401272119,-0.024078310916909047,-0.052363631551135256,0.015710310237328308,0.017652256883293242,0.020017397394458902,0.0450744781228764,-0.02450249517848311,-0.06833563326303664,0.01396041448164985,-0.012910044465590074,0.016244629729038743,0.09762907294094038,0.023286040843020415,0.03392070007498341,0.006062816726670335,-0.0013880989236743735,0.04352627425654157,0.027378867787817937,-0.026555175948693083,-0.03825641027863318,-0.023449495271264983,-0.02968468010453116,-0.000912788176672621,0.003507959057768172,0.009362118903484058,0.015215182116204375,-0.010588503505432317,-0.028561375774237625,0.018985579739227446,-0.010560240351820053,0.0027656841878448074,0.023286040843020415,0.07794518094105908,0.03961532432962837,0.020785872324575738,-0.03377836966780625,0.0008362916975254123,0.009791302755067705,-0.02820432416552308,-0.022999949084167227,-0.015857342119160123,-0.03284999959086203,0.005893222966425914,-0.006582236289862854,0.012203251697905563,0.024222319567140816,-0.003360182249084601,-0.038672494852683675,0.0033096345357953444,-0.008059768162196456,0.0036538953619456665,0.03392070007498341,0.03961532432962837,0.06670739188027082,0.01959549112743498,-0.003736373299343003,0.01943438214058779,0.01605081238237485,-0.03496242777798581,-0.022729716294206094,0.006643971164734391,-0.008263745823437595,0.0039785293062397,0.012874069338455085,0.03661881722492146,0.017794795890015508,0.01662179748774427,-0.011501868622985394,0.012909875155528132,0.030091170932082863,0.039467283932840304,0.006062816726670335,0.020785872324575738,0.01959549112743498,0.07864077833766629,-0.002765572730846858,0.05182836921806903,-0.024325388205655527,0.022910878931648802,0.004084865573762122,0.02803038705092351,0.006284239630150478,-0.0019118664159708271,0.00948388153695659,-0.005122828334399932,0.013486216633286629,0.009937647604229712,0.0026489386466879697,-0.029343657234022064,-0.005047032825916539,0.006055783216639285,-0.0013880989236743735,-0.03377836966780625,-0.003736373299343003,-0.002765572730846858,0.08680365066927143,0.024003392226866475,-0.013753839494569632,0.007671934486723521,0.012664778053485377,-0.0013568977293125263,-0.019562301848856545,0.0034159306431334243,0.026295570533804227,0.03502803529947941,0.046836706586292846,0.010038360914261277,-0.03935457968907136,0.0034491410362011855,0.019932534561462257,0.04210635246817834,0.04352627425654157,0.0008362916975254123,0.01943438214058779,0.05182836921806903,0.024003392226866475,0.09671622508388604,-0.010123716912622125,0.01622189461215223,-0.005259483136554855,-0.02328373046088538,-0.004381541864674368,-0.005219332431078253,-0.012086661588625933,-0.006034755473346521,0.006574865825072241,-0.010819797668833616,-0.012470352379729816,0.004137689525907722,-0.01857020127326059,-0.015278343910481197,0.027378867787817937,0.009791302755067705,0.01605081238237485,-0.024325388205655527,-0.013753839494569632,-0.010123716912622125,0.0510192289558788,-0.0294351025967542,-0.014027753089120597,0.02569717022387058,0.023954128269133484,-0.004798768460929173,0.02303774799492921,0.01409185421912667,-0.01570274239219402,0.013703663345623368,0.02418329406514745,-3.393524905790476e-5,0.01996764158483787,0.02696203105697825,-0.026555175948693083,-0.02820432416552308,-0.03496242777798581,0.022910878931648802,0.007671934486723521,0.01622189461215223,-0.0294351025967542,0.0819142508345837,0.03796451867134781,0.022486818534259462,0.019036988208956298,0.0015338973073110217,0.01017686470938382,-0.012452702610439506,-0.018439036192656626,0.0038873411465184292,0.049103326912149595,-0.014572342460056821,-0.0002054066931008291,0.009951140401272119,-0.03825641027863318,-0.022999949084167227,-0.022729716294206094,0.004084865573762122,0.012664778053485377,-0.005259483136554855,-0.014027753089120597,0.03796451867134781,0.08071086635198242
