0.08561950882108808,-0.017242784087037454,0.048670016945602634,0.005884397261680159,0.002213156658960563,0.001961029466880929,-0.008728040220749047,-0.01652969259518411,-0.0054231987897454224,0.03180971519946672,0.04462527690553588,0.012316028370363045,0.010897171517443804,-0.014497539390905125,-0.06570443407060628,0.005815346475985207,-0.00613554941088804,-0.004464811977621299,-0.0394777156509202,-0.04679227145214402,-0.017242784087037454,0.02477671308200707,-0.015508507667363312,-0.017105651561392186,-0.007305289363973156,-0.002900326488738114,0.0026504771158841816,0.0011870052316118617,-0.0010721753423033492,-0.003387254032903175,-0.0159710507086458,-0.01499697776638025,0.004120413738076193,0.015121725743987213,0.027381312277962817,0.005846607955707593,-0.0029919430900347344,-0.005266998682318862,0.007236356987500461,0.013881971810351803,0.048670016945602634,-0.015508507667363312,0.08022520761785892,0.015309648797861123,0.016233549656200254,0.006578379532018026,-0.005293309562783912,-0.005614529328185551,-0.01136892851117988,0.025085006037720202,0.03786016116073091,0.0247342452236146,-0.005873524848025904,-0.029014089857421356,-0.06930979297228773,-0.019276483674785287,-0.0023537416364205156,0.01547699415917255,-0.029260448011191917,-0.04034763212679328,0.005884397261680159,-0.017105651561392186,0.015309648797861123,0.03714070587550034,0.008996382941709097,0.003773857348675402,-0.01172888687678542,0.006801905408025147,0.0031976570595464437,-0.007638273343422437,0.010131095354240158,0.01614086331377783,-0.0028356248964125468,-0.020120389959484848,-0.020117354593722672,-0.0030196281290784965,0.010577651797002475,0.010047579282756224,-0.013055392370896264,-0.010115225434253663,0.002213156658960563,-0.007305289363973156,0.016233549656200254,0.008996382941709097,0.020585135884123317,0.004619641549589847,-0.004997945989608942,0.0010451234169551083,0.0008859561265494873,-0.0003732269385041096,0.003018195126227803,0.005373015798821612,-0.007281652578532504,-0.008363252919944171,-0.013977424936593734,-0.0026811216982189252,0.00800900269159282,0.008670277941920053,-0.000244935802161272,-0.002713630158585596,0.001961029466880929,-0.002900326488738114,0.006578379532018026,0.003773857348675402,0.004619641549589847,0.030024147206833156,0.005510849518541969,0.0028216816349797454,0.010094914341794714,0.0007731397430745014,-0.009498583744757209,-0.008222548431355784,-0.00396352716313186,0.0026735040573620536,-0.010856003597020278,-0.012579738510552064,0.008510208077352852,0.004533897114922245,-9.622197792607328e-5,-0.012671228074406002,-0.008728040220749047,0.0026504771158841816,-0.005293309562783912,-0.01172888687678542,-0.004997945989608942,0.005510849518541969,0.035218528233422704,-0.005884026124843089,0.0062632710442320685,0.009712525049877118,-0.012859553955328132,-0.013071308401771245,-0.001926447000860222,0.004590801313665342,0.0004995336491862144,-0.01634261441203886,-0.00016238559421187174,-0.0019624457831809955,0.00517434494598591,-0.004647630074898363,-0.01652969259518411,0.0011870052316118617,-0.005614529328185551,0.006801905408025147,0.0010451234169551083,0.0028216816349797454,-0.005884026124843089,0.02819286346959927,0.0016759156768139292,-0.014676812441880937,-0.0013033163799408788,0.005041697840639581,-0.004300727231667396,-0.004572029413556708,0.006474516677512301,-0.00631138082811585,0.0018005181822305493,0.001112841788035108,0.004115991398389601,0.0035936817339203286,-0.0054231987897454224,-0.0010721753423033492,-0.01136892851117988,0.0031976570595464437,0.0008859561265494873,0.010094914341794714,0.0062632710442320685,0.0016759156768139292,0.02453484160096785,-0.0038253768325574207,-0.01491689004286601,-0.006519805569777083,-0.0019775875917816647,0.005266932082748333,0.0014570856666365106,0.000498727205393451,0.0024928790166400252,0.00010562150759618757,0.0076899971000065894,-0.0017565875988089282,0.03180971519946672,-0.003387254032903175,0.025085006037720202,-0.007638273343422437,-0.0003732269385041096,0.0007731397430745014,0.009712525049877118,-0.014676812441880937,-0.0038253768325574207,0.04244325074192962,0.013819289343120128,-0.009903003972051443,-0.0008100658634817447,0.005225969676884001,-0.031130473330450152,-0.010253323770756835,0.0002533472864696516,0.0019038452449127463,-0.010046892761447239,-0.024434530725525788,0.04462527690553588,-0.0159710507086458,0.03786016116073091,0.010131095354240158,0.003018195126227803,-0.009498583744757209,-0.012859553955328132,-0.0013033163799408788,-0.01491689004286601,0.013819289343120128,0.07873498093674147,0.031713752390627806,-0.0019554628122629494,-0.0352739710505199,-0.053485478198362094,0.0012618393333739368,-0.005038006355127151,0.008184613641454142,-0.025963466552440063,-0.031943890962504926,0.012316028370363045,-0.01499697776638025,0.0247342452236146,0.01614086331377783,0.005373015798821612,-0.008222548431355784,-0.013071308401771245,0.005041697840639581,-0.006519805569777083,-0.009903003972051443,0.031713752390627806,0.05105309746425589,0.004384946068988548,-0.02946811698534841,-0.032956291744914115,0.0010927262026173734,-0.0020745669974228257,0.004107734226552833,-0.026948376887013674,-0.012496595198246765,0.010897171517443804,0.004120413738076193,-0.005873524848025904,-0.0028356248964125468,-0.007281652578532504,-0.00396352716313186,-0.001926447000860222,-0.004300727231667396,-0.0019775875917816647,-0.0008100658634817447,-0.0019554628122629494,0.004384946068988548,0.03359164280566294,0.002814883364779746,0.0015575162011507546,0.0133957178513119,-0.011812299924221496,-0.00878159310326872,-0.006866672156481653,0.004667747894008984,-0.014497539390905125,0.015121725743987213,-0.029014089857421356,-0.020120389959484848,-0.008363252919944171,0.0026735040573620536,0.004590801313665342,-0.004572029413556708,0.005266932082748333,0.005225969676884001,-0.0352739710505199,-0.02946811698534841,0.002814883364779746,0.0458647269059118,0.03957424150090731,0.0039866805684025675,-0.004510524256774187,-0.010638554268997208,0.023716804231704382,0.01902425438140597,-0.06570443407060628,0.027381312277962817,-0.06930979297228773,-0.020117354593722672,-0.013977424936593734,-0.010856003597020278,0.0004995336491862144,0.006474516677512301,0.0014570856666365106,-0.031130473330450152,-0.053485478198362094,-0.032956291744914115,0.0015575162011507546,0.03957424150090731,0.11168131049014998,0.015194560941792834,-0.0032037670692532235,-0.015559449749948842,0.047643027734992974,0.060127891730807424,0.005815346475985207,0.005846607955707593,-0.019276483674785287,-0.0030196281290784965,-0.0026811216982189252,-0.012579738510552064,-0.01634261441203886,-0.00631138082811585,0.000498727205393451,-0.010253323770756835,0.0012618393333739368,0.0010927262026173734,0.0133957178513119,0.0039866805684025675,0.015194560941792834,0.05106584010045217,-0.0020826011382888694,-0.010468227836135692,-0.006910327808301333,0.017968376052647984,-0.00613554941088804,-0.0029919430900347344,-0.0023537416364205156,0.010577651797002475,0.00800900269159282,0.008510208077352852,-0.00016238559421187174,0.0018005181822305493,0.0024928790166400252,0.0002533472864696516,-0.005038006355127151,-0.0020745669974228257,-0.011812299924221496,-0.004510524256774187,-0.0032037670692532235,-0.0020826011382888694,0.026137563968513657,0.0059531439101333915,0.0017349920975169952,0.0009061862991185016,-0.004464811977621299,-0.005266998682318862,0.01547699415917255,0.010047579282756224,0.008670277941920053,0.004533897114922245,-0.0019624457831809955,0.001112841788035108,0.00010562150759618757,0.0019038452449127463,0.008184613641454142,0.004107734226552833,-0.00878159310326872,-0.010638554268997208,-0.015559449749948842,-0.010468227836135692,0.0059531439101333915,0.026799212311250074,-0.00025461178485551583,-0.005987383005912009,-0.0394777156509202,0.007236356987500461,-0.029260448011191917,-0.013055392370896264,-0.000244935802161272,-9.622197792607328e-5,0.00517434494598591,0.004115991398389601,0.0076899971000065894,-0.010046892761447239,-0.025963466552440063,-0.026948376887013674,-0.006866672156481653,0.023716804231704382,0.047643027734992974,-0.006910327808301333,0.0017349920975169952,-0.00025461178485551583,0.055380300080718835,0.02866492427864048,-0.04679227145214402,0.013881971810351803,-0.04034763212679328,-0.010115225434253663,-0.002713630158585596,-0.012671228074406002,-0.004647630074898363,0.0035936817339203286,-0.0017565875988089282,-0.024434530725525788,-0.031943890962504926,-0.012496595198246765,0.004667747894008984,0.01902425438140597,0.060127891730807424,0.017968376052647984,0.0009061862991185016,-0.005987383005912009,0.02866492427864048,0.05667593964651382
