0.08721162250913621,0.024046856712711492,-0.00719208815655013,0.0477769826338595,-0.042538363832304665,-0.052397341865960165,0.012231294287808529,-0.05450162506794076,0.0031201464909284774,0.014673781779870484,0.012846850927079882,-0.013275861412604471,-0.025234693053247485,-0.012460397411780328,0.016299640750643007,-0.03246495398817183,0.018309526671126654,0.052545674008647875,-0.017864629296202077,-0.014769474410265285,0.024046856712711492,0.0389273112516709,-0.007022139995320749,0.021164551368982053,-0.01448166696455485,-0.02026850943233102,0.0033322666762547236,-0.012839107454403389,0.00806780325602945,-0.004547028971742719,0.0017821262600573786,-0.008777705899652943,-0.013748615627545067,0.0016747779770810523,0.0023332338494656242,-0.0069889331512212605,0.003158876863824248,0.014801531021312377,-0.007640891913209871,-0.010991444332517858,-0.00719208815655013,-0.007022139995320749,0.040570337352177716,-0.013269758009325568,0.0011554382368829676,0.006964868119377557,-0.01413235897056508,0.0030906209791327238,-0.00874074259361905,0.011294320883672368,-0.006969837025806405,-0.0016028904083693518,0.0006631553175953668,-0.0025974430419522443,0.003354705755491497,0.002575379192239155,-0.0092964805004228,0.002354639460283175,0.0027550177531515197,-0.0017664763034274844,0.0477769826338595,0.021164551368982053,-0.013269758009325568,0.053134648709851406,-0.021282921345463494,-0.032997731325474414,0.00419366725089178,-0.03197100082354843,0.005393335725220829,0.003681672850675187,0.011602736686554184,-0.006658692543420393,-0.021067332198060278,-0.003718498006129287,0.005899767644444371,-0.017251638257041943,0.0090798631189479,0.02677485531264419,-0.009866078433891414,-0.0060055927718643525,-0.042538363832304665,-0.01448166696455485,0.0011554382368829676,-0.021282921345463494,0.04838493498773788,0.03156832033434369,-0.008532064581022646,0.03576665269917083,-0.0013614284142161284,-0.00649357528319223,-0.006882062728866198,0.01220369129552202,0.014994149208232825,0.002056804042444593,-0.0042652025852942515,0.01224565294038456,-0.018486089879385933,-0.025897653191490955,0.0067158783130542195,-0.005485764659705047,-0.052397341865960165,-0.02026850943233102,0.006964868119377557,-0.032997731325474414,0.03156832033434369,0.0576575204861005,-0.010332779027559618,0.03887154551876597,-0.009853914859674743,-0.0036517585805294402,-0.010480907201430793,0.013481348600103759,0.024484481498983395,0.0069864395582471045,-0.004138311075286182,0.02153338081256377,-0.022933470543038494,-0.036812725618635356,0.007332027561054343,0.007638307400014619,0.012231294287808529,0.0033322666762547236,-0.01413235897056508,0.00419366725089178,-0.008532064581022646,-0.010332779027559618,0.02607723332488132,-0.015889172102397854,0.005312317667574302,0.0003053486827922301,0.0032013537747503777,-0.009712990911954645,-0.004075031584757307,0.0021522868521820066,-0.0015676496488690622,0.0009389325110144542,0.00694784560243835,0.004526059792613903,-0.0022145723620230705,0.006075395410288845,-0.05450162506794076,-0.012839107454403389,0.0030906209791327238,-0.03197100082354843,0.03576665269917083,0.03887154551876597,-0.015889172102397854,0.06621542608539763,0.002433983488061617,-0.015471818236310959,-0.01983831985861883,0.01476669158880604,0.02039182154250635,0.012376501496496849,-0.012638816844295799,0.02189112255399503,-0.017439753820322416,-0.044962458463472826,0.013087051818274714,-0.0010434116673360006,0.0031201464909284774,0.00806780325602945,-0.00874074259361905,0.005393335725220829,-0.0013614284142161284,-0.009853914859674743,0.005312317667574302,0.002433983488061617,0.02480304426993246,-0.004614408962126652,-0.005759888598098718,-0.0034822662784414105,-0.0016348807828662918,0.004439918508552099,-0.0050052733364278675,0.004091946013128026,0.0022484390195538257,-0.001484749464810446,-0.0003421893033214837,-0.005489737693896714,0.014673781779870484,-0.004547028971742719,0.011294320883672368,0.003681672850675187,-0.00649357528319223,-0.0036517585805294402,0.0003053486827922301,-0.015471818236310959,-0.004614408962126652,0.02527150649186945,-0.0007975436156328307,-0.0043323319798921275,-0.0063236604871339435,-0.003416734997831895,0.010003064450552757,-0.004366902078573483,-0.003689710698460507,0.01844161983602445,-0.0040809400651050775,-0.00045823124352376227,0.012846850927079882,0.0017821262600573786,-0.006969837025806405,0.011602736686554184,-0.006882062728866198,-0.010480907201430793,0.0032013537747503777,-0.01983831985861883,-0.005759888598098718,-0.0007975436156328307,0.023443745036569742,0.0008976717069505236,-0.007439979040203834,-0.003475740809273692,-0.001832444897045787,-0.00668977815419438,0.0051241343910274125,0.008374855291234969,-0.0029832884050523534,0.008207494931618623,-0.013275861412604471,-0.008777705899652943,-0.0016028904083693518,-0.006658692543420393,0.01220369129552202,0.013481348600103759,-0.009712990911954645,0.01476669158880604,-0.0034822662784414105,-0.0043323319798921275,0.0008976717069505236,0.03095782301651282,0.004548605288791785,4.8618074832150514e-5,-0.003185750572916512,0.009288913108658401,-0.010809893251574002,-0.013319483436925135,0.004715670683086068,0.0025232011621723264,-0.025234693053247485,-0.013748615627545067,0.0006631553175953668,-0.021067332198060278,0.014994149208232825,0.024484481498983395,-0.004075031584757307,0.02039182154250635,-0.0016348807828662918,-0.0063236604871339435,-0.007439979040203834,0.004548605288791785,0.030248672060697028,0.003075432667812922,-0.0048153332329939815,0.010471651013345056,-0.006802127401022493,-0.02138221146582258,0.00542516925634088,0.007499128100548386,-0.012460397411780328,0.0016747779770810523,-0.0025974430419522443,-0.003718498006129287,0.002056804042444593,0.0069864395582471045,0.0021522868521820066,0.012376501496496849,0.004439918508552099,-0.003416734997831895,-0.003475740809273692,4.8618074832150514e-5,0.003075432667812922,0.018091767047091,-0.0030863188228262353,0.0063743892225019,0.0004822560192238991,-0.008665663878903102,0.00343535972335736,0.0020424449548151007,0.016299640750643007,0.0023332338494656242,0.003354705755491497,0.005899767644444371,-0.0042652025852942515,-0.004138311075286182,-0.0015676496488690622,-0.012638816844295799,-0.0050052733364278675,0.010003064450552757,-0.001832444897045787,-0.003185750572916512,-0.0048153332329939815,-0.0030863188228262353,0.0279298014419613,-0.009208297424353005,0.00012283699861761848,0.014761365098408506,-0.009826061054642217,-0.0042985875815684735,-0.03246495398817183,-0.0069889331512212605,0.002575379192239155,-0.017251638257041943,0.01224565294038456,0.02153338081256377,0.0009389325110144542,0.02189112255399503,0.004091946013128026,-0.004366902078573483,-0.00668977815419438,0.009288913108658401,0.010471651013345056,0.0063743892225019,-0.009208297424353005,0.030718144061979927,-0.013978139776830325,-0.022783582790310973,0.008847963772386842,0.0034936558249441165,0.018309526671126654,0.003158876863824248,-0.0092964805004228,0.0090798631189479,-0.018486089879385933,-0.022933470543038494,0.00694784560243835,-0.017439753820322416,0.0022484390195538257,-0.003689710698460507,0.0051241343910274125,-0.010809893251574002,-0.006802127401022493,0.0004822560192238991,0.00012283699861761848,-0.013978139776830325,0.03918319994232804,0.012270324505079738,0.0013053260258880312,0.0068270492428825985,0.052545674008647875,0.014801531021312377,0.002354639460283175,0.02677485531264419,-0.025897653191490955,-0.036812725618635356,0.004526059792613903,-0.044962458463472826,-0.001484749464810446,0.01844161983602445,0.008374855291234969,-0.013319483436925135,-0.02138221146582258,-0.008665663878903102,0.014761365098408506,-0.022783582790310973,0.012270324505079738,0.06580850308406025,-0.015169220329137,-0.009199167170979381,-0.017864629296202077,-0.007640891913209871,0.0027550177531515197,-0.009866078433891414,0.0067158783130542195,0.007332027561054343,-0.0022145723620230705,0.013087051818274714,-0.0003421893033214837,-0.0040809400651050775,-0.0029832884050523534,0.004715670683086068,0.00542516925634088,0.00343535972335736,-0.009826061054642217,0.008847963772386842,0.0013053260258880312,-0.015169220329137,0.022074471761904878,-0.0014350651946067991,-0.014769474410265285,-0.010991444332517858,-0.0017664763034274844,-0.0060055927718643525,-0.005485764659705047,0.007638307400014619,0.006075395410288845,-0.0010434116673360006,-0.005489737693896714,-0.00045823124352376227,0.008207494931618623,0.0025232011621723264,0.007499128100548386,0.0020424449548151007,-0.0042985875815684735,0.0034936558249441165,0.0068270492428825985,-0.009199167170979381,-0.0014350651946067991,0.037242580050017605
