0.04775419043903802,0.05635696339701424,0.06288125567222165,0.031699178701448755,0.04063685688855122,-0.007157400789531643,0.033304103612772286,0.029556183270937866,0.013103049477567175,0.059645708457618074,0.012389246822561435,0.04015711114289454,0.040709998981544156,0.03232982971935412,0.016094855427522013,0.038552468005441834,0.04914995446312641,-0.008749768796316754,0.02601809219321656,0.003937114094595753,0.05635696339701424,0.1130124077435834,0.1185233256891739,0.07887878447499021,0.07392914733863208,-0.002927646433966912,0.03900475029945324,0.044997497102078135,0.028511442016937928,0.10828034130032527,0.020768138782211808,0.06651952723725973,0.07066268623454008,0.05835994345809735,0.02355486784233735,0.05336677578784002,0.07631068700935936,-0.011769983023696466,0.049213522577779736,0.00764496282943692,0.06288125567222165,0.1185233256891739,0.1743431401273125,0.10576748831700705,0.09020560069651144,-0.038393976103660826,0.07831586628679854,0.03001923374718042,0.019405228320704907,0.12734802014583463,0.03430704084568799,0.0874982386013754,0.09518491013509564,0.07235891677276095,0.03693766416008759,0.05968317547015234,0.13159192316054386,-0.01803032933253222,0.06711137807275996,-0.011569040129331305,0.031699178701448755,0.07887878447499021,0.10576748831700705,0.14351798325147266,0.0646670303772947,-0.038705258184260266,0.034137017094508754,0.010765777529091452,0.04749899748837892,0.0863560527181086,0.025846693861756177,0.07733314709156788,0.06258496440148537,0.05736868732357042,0.03169342674625755,0.009180692973130278,0.07699700545809203,-0.017963662853911773,0.051891812202941895,0.01228855101813309,0.04063685688855122,0.07392914733863208,0.09020560069651144,0.0646670303772947,0.06839486422601646,-0.02310939238532466,0.047683146565431586,0.029817232586630348,0.014686087909453447,0.08670407681726791,0.03564235079977562,0.05600485491730058,0.061859563404703985,0.03704892096360703,0.027781761399517203,0.03637472426343008,0.0793408126744369,-0.008055468127427044,0.04695458951299095,0.002733229823613621,-0.007157400789531643,-0.002927646433966912,-0.038393976103660826,-0.038705258184260266,-0.02310939238532466,0.07288919925162138,-0.0661751767701775,0.023945926215873898,0.01890115334304118,-0.015686088271642334,-0.038486703655126867,-0.02916722520808334,-0.03775103215599453,-0.004587062420617195,-0.03287121429027769,-0.0007472303056968044,-0.08092915093003539,0.0054092725487609235,-0.03535033853815899,0.014471670770544186,0.033304103612772286,0.03900475029945324,0.07831586628679854,0.034137017094508754,0.047683146565431586,-0.0661751767701775,0.11112904160676963,0.004233760725027797,-0.017814736746283137,0.05761779562901444,0.05720416026870488,0.049296628604425206,0.06424308254757774,0.014874744949133168,0.03351476270554857,0.03462274020534822,0.1227191915966921,-0.0045231775823090245,0.055784458301438876,-0.011158025528010686,0.029556183270937866,0.044997497102078135,0.03001923374718042,0.010765777529091452,0.029817232586630348,0.023945926215873898,0.004233760725027797,0.0641301710799308,0.023843695401451447,0.04702189424170582,0.013019077056494622,0.023653377992582793,0.02272757500773792,0.01929697624017878,0.0013593477467571148,0.04362338936942456,0.01637876854024569,0.009438470085075758,0.01796059737969699,0.02659751138461254,0.013103049477567175,0.028511442016937928,0.019405228320704907,0.04749899748837892,0.014686087909453447,0.01890115334304118,-0.017814736746283137,0.023843695401451447,0.06770184622192921,0.027023603756406132,-0.007721179361511591,0.02347851653927107,0.006800746137975807,0.03307072571423117,-0.0014605354330976478,0.0050488192053276554,-0.00990116468264549,0.008061666916565518,0.00034816264943759133,0.030566579115720655,0.059645708457618074,0.10828034130032527,0.12734802014583463,0.0863560527181086,0.08670407681726791,-0.015686088271642334,0.05761779562901444,0.04702189424170582,0.027023603756406132,0.13438301331117236,0.04079608701641693,0.07527143383965718,0.08232032708011118,0.05660542256313335,0.0338742835219636,0.06386237229201422,0.10016921398595419,-0.009216544490566102,0.06337943831886983,0.004151242350501,0.012389246822561435,0.020768138782211808,0.03430704084568799,0.025846693861756177,0.03564235079977562,-0.038486703655126867,0.05720416026870488,0.013019077056494622,-0.007721179361511591,0.04079608701641693,0.06487834861006322,0.031997259783084556,0.039860574351542895,0.0009538502806328317,0.0292556857297371,0.021680015756983258,0.0734801702095883,0.008316864759667019,0.04427376306004638,0.008913633401581852,0.04015711114289454,0.06651952723725973,0.0874982386013754,0.07733314709156788,0.05600485491730058,-0.02916722520808334,0.049296628604425206,0.023653377992582793,0.02347851653927107,0.07527143383965718,0.031997259783084556,0.06847676863397173,0.05767736000749306,0.04283396060057815,0.02756808861649428,0.03252811580197495,0.08080095252644628,-0.010671437818952616,0.048484825518035304,0.006019298871420952,0.040709998981544156,0.07066268623454008,0.09518491013509564,0.06258496440148537,0.061859563404703985,-0.03775103215599453,0.06424308254757774,0.02272757500773792,0.006800746137975807,0.08232032708011118,0.039860574351542895,0.05767736000749306,0.08514295347877435,0.032357714011374314,0.03129206041252579,0.036697577493589234,0.0986629396644899,-0.003451453634734005,0.050376298661214104,-0.0038166568588661586,0.03232982971935412,0.05835994345809735,0.07235891677276095,0.05736868732357042,0.03704892096360703,-0.004587062420617195,0.014874744949133168,0.01929697624017878,0.03307072571423117,0.05660542256313335,0.0009538502806328317,0.04283396060057815,0.032357714011374314,0.06049025219372751,0.010974058879069786,0.02834637098590799,0.03775914098905341,-0.011614166649525947,0.01762776548462865,0.00475357159259128,0.016094855427522013,0.02355486784233735,0.03693766416008759,0.03169342674625755,0.027781761399517203,-0.03287121429027769,0.03351476270554857,0.0013593477467571148,-0.0014605354330976478,0.0338742835219636,0.0292556857297371,0.02756808861649428,0.03129206041252579,0.010974058879069786,0.03368011306249963,0.01139633288080939,0.04806433515533658,-0.004735064211268453,0.028492289292581914,-0.00023924273263866086,0.038552468005441834,0.05336677578784002,0.05968317547015234,0.009180692973130278,0.03637472426343008,-0.0007472303056968044,0.03462274020534822,0.04362338936942456,0.0050488192053276554,0.06386237229201422,0.021680015756983258,0.03252811580197495,0.036697577493589234,0.02834637098590799,0.01139633288080939,0.06835576317458111,0.05378581592443703,-0.001517684581467915,0.03286465345405407,0.0041654382539883334,0.04914995446312641,0.07631068700935936,0.13159192316054386,0.07699700545809203,0.0793408126744369,-0.08092915093003539,0.1227191915966921,0.01637876854024569,-0.00990116468264549,0.10016921398595419,0.0734801702095883,0.08080095252644628,0.0986629396644899,0.03775914098905341,0.04806433515533658,0.05378581592443703,0.17661217400074355,-0.012085446727446075,0.08150266295587334,-0.013477200408917315,-0.008749768796316754,-0.011769983023696466,-0.01803032933253222,-0.017963662853911773,-0.008055468127427044,0.0054092725487609235,-0.0045231775823090245,0.009438470085075758,0.008061666916565518,-0.009216544490566102,0.008316864759667019,-0.010671437818952616,-0.003451453634734005,-0.011614166649525947,-0.004735064211268453,-0.001517684581467915,-0.012085446727446075,0.027117350251052448,-0.005223666071574835,0.016401042263587958,0.02601809219321656,0.049213522577779736,0.06711137807275996,0.051891812202941895,0.04695458951299095,-0.03535033853815899,0.055784458301438876,0.01796059737969699,0.00034816264943759133,0.06337943831886983,0.04427376306004638,0.048484825518035304,0.050376298661214104,0.01762776548462865,0.028492289292581914,0.03286465345405407,0.08150266295587334,-0.005223666071574835,0.06325719106836,0.00024968214432898733,0.003937114094595753,0.00764496282943692,-0.011569040129331305,0.01228855101813309,0.002733229823613621,0.014471670770544186,-0.011158025528010686,0.02659751138461254,0.030566579115720655,0.004151242350501,0.008913633401581852,0.006019298871420952,-0.0038166568588661586,0.00475357159259128,-0.00023924273263866086,0.0041654382539883334,-0.013477200408917315,0.016401042263587958,0.00024968214432898733,0.04480560317610971
0.035494077414097484,0.027710699974695708,0.03620555590207278,0.028985311635863088,0.017085392207674965,0.0006579663541039207,0.004153149486560502,0.015219213933798804,0.015772118441018577,0.03644264109504154,0.017352298143583245,0.02498702507059059,0.01655094332958173,0.01750275593220025,0.00888912588878671,0.012971125712609662,0.017473480863973878,0.00671441005903035,0.010306473292083677,0.005837905383674838,0.027710699974695708,0.05536466945480012,0.04813103602516305,0.030564563644275223,0.03174880840946999,0.0067721118069263495,0.010642193041229982,0.02040263531602462,0.013542551044376504,0.04690692963814105,0.01951105816530843,0.033636953571494724,0.019981507956949075,0.017686212844168894,0.00494330679913331,0.024338283751077997,0.019587954939426923,0.002349296602099713,0.009585023201248929,0.002259604094932623,0.03620555590207278,0.04813103602516305,0.09421715119765295,0.05184253957403693,0.03401405490576526,-0.011793528889768737,0.03345457714416432,0.006900767527845894,0.005197795625735913,0.06460102179479793,0.031130261010293675,0.03893799412312702,0.04058863959710765,0.021894199660029975,0.020368535084652587,0.027796100396591417,0.05521794220293523,-0.006521788054654915,0.021985794121522448,-0.014564856749305206,0.028985311635863088,0.030564563644275223,0.05184253957403693,0.08626171571700274,0.02395664246527282,-0.016499896209056723,0.005887563354324097,-0.007235899622706144,0.03488605185680877,0.05341013485301333,0.03069492810263521,0.04708107128657607,0.03386906379629276,0.032428886551212455,0.01752221967133162,0.007245108243116997,0.03746315962607663,-0.007610095050810188,0.015446554835230109,-0.002776979139717465,0.017085392207674965,0.03174880840946999,0.03401405490576526,0.02395664246527282,0.04597507850628748,0.0038148397346154015,0.007761888689582529,0.01607453824043845,0.022296795487633986,0.0370687280260872,0.013257848789385593,0.028481787222575654,0.016852037021699115,0.015694819365400174,-0.0023737305877873007,0.014783378449255747,0.016276664247679103,-0.003995403192478016,0.008016569804943406,0.005101773563646528,0.0006579663541039207,0.0067721118069263495,-0.011793528889768737,-0.016499896209056723,0.0038148397346154015,0.043128814615990524,-0.024105907420741847,0.028207089898510423,0.014028827102852012,-0.0010010889769394176,-0.007144925314253581,0.003911841003026786,-0.01674974777419343,0.001902072693572085,-0.017005028259578593,-0.0037672769496583424,-0.03822444776696177,0.009935248562692069,-0.00210526869528837,0.02392815638419661,0.004153149486560502,0.010642193041229982,0.03345457714416432,0.005887563354324097,0.007761888689582529,-0.024105907420741847,0.05198868117314012,-0.012277337009972973,-0.017593527349684175,0.01612255222116363,0.01722183378912558,0.004699951455956664,0.026129792197807956,-0.00022564449517743432,0.012127511735002337,0.01117978220245841,0.047852359899080404,-0.0144306229298644,0.005882954742263891,-0.021820208471286906,0.015219213933798804,0.02040263531602462,0.006900767527845894,-0.007235899622706144,0.01607453824043845,0.028207089898510423,-0.012277337009972973,0.050081745779060896,0.01665367504394234,0.011688940976877515,0.0013356648659020244,0.004726078692331824,-0.000790131250007273,0.004538723537595745,-0.01203565902836429,0.013620353281756759,-0.018874780502239293,0.020897850400284742,0.003888731994107786,0.025796967867014062,0.015772118441018577,0.013542551044376504,0.005197795625735913,0.03488605185680877,0.022296795487633986,0.014028827102852012,-0.017593527349684175,0.01665367504394234,0.061173729468318366,0.024055040195508824,0.009014755607468162,0.0237049675175136,0.005296931589767619,0.027957402926058222,0.0008641838528094363,-0.005456266670694398,-0.0009314284082453162,0.006931495169136167,0.0070416921835087685,0.021605635190652818,0.03644264109504154,0.04690692963814105,0.06460102179479793,0.05341013485301333,0.0370687280260872,-0.0010010889769394176,0.01612255222116363,0.011688940976877515,0.024055040195508824,0.0736185452872622,0.023924590068270305,0.043269298991537045,0.030119889154653065,0.02931872249897627,0.013579103272916417,0.019068682332597495,0.03684069757816695,0.0024342524656647494,0.01666982910662557,0.0017726349751571117,0.017352298143583245,0.01951105816530843,0.031130261010293675,0.03069492810263521,0.013257848789385593,-0.007144925314253581,0.01722183378912558,0.0013356648659020244,0.009014755607468162,0.023924590068270305,0.036767912089522195,0.021771118801011284,0.024311673470534687,0.01645844642091677,0.01247905558513195,0.008584450652046025,0.03377373259134927,-0.003988481988132772,0.007059124503523383,-0.005232675458342587,0.02498702507059059,0.033636953571494724,0.03893799412312702,0.04708107128657607,0.028481787222575654,0.003911841003026786,0.004699951455956664,0.004726078692331824,0.0237049675175136,0.043269298991537045,0.021771118801011284,0.05191678870946731,0.019472155651540757,0.02570336769861238,0.007272493947094141,0.011192223063320721,0.017683195094729966,-0.004749922085879411,0.010602745977905278,0.0032900286561610825,0.01655094332958173,0.019981507956949075,0.04058863959710765,0.03386906379629276,0.016852037021699115,-0.01674974777419343,0.026129792197807956,-0.000790131250007273,0.005296931589767619,0.030119889154653065,0.024311673470534687,0.019472155651540757,0.04461334083255647,0.012865974653847265,0.01293774859049436,0.011039383579225223,0.041217570765709546,-0.006783673039595906,0.008850695590104637,-0.009518838392003176,0.01750275593220025,0.017686212844168894,0.021894199660029975,0.032428886551212455,0.015694819365400174,0.001902072693572085,-0.00022564449517743432,0.004538723537595745,0.027957402926058222,0.02931872249897627,0.01645844642091677,0.02570336769861238,0.012865974653847265,0.03425693520501086,0.0071016707981696545,-0.0012916364764502374,0.014467796207042364,0.002577192284317484,0.005971496075302837,0.010457018104439548,0.00888912588878671,0.00494330679913331,0.020368535084652587,0.01752221967133162,-0.0023737305877873007,-0.017005028259578593,0.012127511735002337,-0.01203565902836429,0.0008641838528094363,0.013579103272916417,0.01247905558513195,0.007272493947094141,0.01293774859049436,0.0071016707981696545,0.024974077569510526,0.00043298350440714286,0.02613531670861407,-0.007271325601098305,0.00404990693335847,-0.010763557416761165,0.012971125712609662,0.024338283751077997,0.027796100396591417,0.007245108243116997,0.014783378449255747,-0.0037672769496583424,0.01117978220245841,0.013620353281756759,-0.005456266670694398,0.019068682332597495,0.008584450652046025,0.011192223063320721,0.011039383579225223,-0.0012916364764502374,0.00043298350440714286,0.03112360862663744,0.011804578948162935,0.0014964910108241011,0.006368221335799583,-0.00519376347185945,0.017473480863973878,0.019587954939426923,0.05521794220293523,0.03746315962607663,0.016276664247679103,-0.03822444776696177,0.047852359899080404,-0.018874780502239293,-0.0009314284082453162,0.03684069757816695,0.03377373259134927,0.017683195094729966,0.041217570765709546,0.014467796207042364,0.02613531670861407,0.011804578948162935,0.08597745497509819,-0.019650786463987657,0.01344963915793081,-0.028185832538531172,0.00671441005903035,0.002349296602099713,-0.006521788054654915,-0.007610095050810188,-0.003995403192478016,0.009935248562692069,-0.0144306229298644,0.020897850400284742,0.006931495169136167,0.0024342524656647494,-0.003988481988132772,-0.004749922085879411,-0.006783673039595906,0.002577192284317484,-0.007271325601098305,0.0014964910108241011,-0.019650786463987657,0.029351854059208263,-0.001435323516041111,0.0193546872679933,0.010306473292083677,0.009585023201248929,0.021985794121522448,0.015446554835230109,0.008016569804943406,-0.00210526869528837,0.005882954742263891,0.003888731994107786,0.0070416921835087685,0.01666982910662557,0.007059124503523383,0.010602745977905278,0.008850695590104637,0.005971496075302837,0.00404990693335847,0.006368221335799583,0.01344963915793081,-0.001435323516041111,0.015606638499719402,-0.0008369225254613074,0.005837905383674838,0.002259604094932623,-0.014564856749305206,-0.002776979139717465,0.005101773563646528,0.02392815638419661,-0.021820208471286906,0.025796967867014062,0.021605635190652818,0.0017726349751571117,-0.005232675458342587,0.0032900286561610825,-0.009518838392003176,0.010457018104439548,-0.010763557416761165,-0.00519376347185945,-0.028185832538531172,0.0193546872679933,-0.0008369225254613074,0.03977999546120315
0.06718010519527279,0.057020341282937655,0.05045296296084582,0.04631163379370311,0.03864137435469854,0.004538165720536382,0.02609100064456109,0.041067212539717735,0.0500125603118804,0.058242839429866446,0.029088350576349568,0.05765759560328165,0.03682970479725341,0.05357700700586411,0.010772409820387144,-0.0029809495078084855,0.032719318326636965,0.028794488329081054,0.036219805298907205,0.03933727656820914,0.057020341282937655,0.07327195710973261,0.05775997515401207,0.037337042673624,0.04218658802041396,-0.0026429059471927245,0.03449651285770623,0.03824989209574682,0.027548019972282824,0.05865257107890536,0.029698381070612373,0.04805086658294054,0.03535528586023555,0.05588456187095674,0.008290883894022834,-0.0012467577814886288,0.04452039627050251,0.029368191347803344,0.043002122011507375,0.030646212750531462,0.05045296296084582,0.05775997515401207,0.0826429264266913,0.05606245810713602,0.04546018897409761,-0.016687537902641034,0.03899534447385379,0.017882268995964297,0.02087601656765553,0.06810722538207872,0.031830311291241864,0.047047870461830135,0.0407268597363112,0.05381737909946021,0.016229791236341554,0.019240935430101067,0.05760623821279576,0.007509294109579744,0.038328178397033036,0.011493393384362473,0.04631163379370311,0.037337042673624,0.05606245810713602,0.1323100624152233,0.02536870941791183,0.001415175586831646,0.008942248192174674,0.029491088416329136,0.09225891207790893,0.0684767189283256,0.04303006233802646,0.07790031923048588,0.035315858482897144,0.06793471312752691,0.026349601141676185,0.002320194138595583,0.02875916061627469,0.002495178512969358,0.03434889726976919,0.0687015648635945,0.03864137435469854,0.04218658802041396,0.04546018897409761,0.02536870941791183,0.045651049612597694,-0.009691515939001628,0.02254157818938505,0.022646938081802494,0.01143598043613141,0.04658427429395052,0.013193708459812709,0.029693631711037692,0.019890439716462295,0.028892775807244836,-0.004043586425074302,0.016055589864653406,0.036473031067635,0.0031053820781034775,0.02259234037026186,0.0026676045796877185,0.004538165720536382,-0.0026429059471927245,-0.016687537902641034,0.001415175586831646,-0.009691515939001628,0.04413942408214333,-0.01946276708349875,0.035043345905771066,0.03926908476251785,-0.001190947885215861,-0.0007644345258363654,0.015604313551075978,-0.00038423777339083743,0.00805060238401191,-0.002156551344267027,-0.016982259781881642,-0.032080036628750024,0.020337960720836434,-0.006374085830056336,0.04813572751371548,0.02609100064456109,0.03449651285770623,0.03899534447385379,0.008942248192174674,0.02254157818938505,-0.01946276708349875,0.047472861439725296,0.0083841959863579,-0.002277493539589351,0.028729456883667338,0.028182640990927738,0.012665729967741634,0.026144727992840705,0.030259139671116805,0.010035162031092018,0.007246862274717062,0.04009660655366111,0.013843294186454478,0.03138089312185548,0.005244998282573708,0.041067212539717735,0.03824989209574682,0.017882268995964297,0.029491088416329136,0.022646938081802494,0.035043345905771066,0.0083841959863579,0.08097435357249391,0.06344841778271795,0.038893620551694624,0.031822663239122764,0.04097535692839503,0.021026927154162406,0.045698450546054654,0.010819992619287616,-0.008862932958353116,0.00033557302145065444,0.04114333790224883,0.02848614498028139,0.07517727404770216,0.0500125603118804,0.027548019972282824,0.02087601656765553,0.09225891207790893,0.01143598043613141,0.03926908476251785,-0.002277493539589351,0.06344841778271795,0.13879918423376203,0.04294126303704325,0.04902193658227189,0.08424805713669621,0.04750474564186955,0.05987776583712766,0.028524423630089564,-0.020560349000301785,-0.004664681434217919,0.044195447170778,0.03201453998734426,0.11152467420833986,0.058242839429866446,0.05865257107890536,0.06810722538207872,0.0684767189283256,0.04658427429395052,-0.001190947885215861,0.028729456883667338,0.038893620551694624,0.04294126303704325,0.08389914271887403,0.030856470845347636,0.057765124337568016,0.03717709156022979,0.06228644097733556,0.010628063312826064,0.014362361550737852,0.046253699112911884,0.01350239114975188,0.03986385965834456,0.030802485262394607,0.029088350576349568,0.029698381070612373,0.031830311291241864,0.04303006233802646,0.013193708459812709,-0.0007644345258363654,0.028182640990927738,0.031822663239122764,0.04902193658227189,0.030856470845347636,0.06071326581465557,0.03225353758555443,0.03876186829784621,0.04360379955985392,0.030827127235911467,-0.006001745534651039,0.02116811631176778,0.034624312408934405,0.03802928324644714,0.05208293774047705,0.05765759560328165,0.04805086658294054,0.047047870461830135,0.07790031923048588,0.029693631711037692,0.015604313551075978,0.012665729967741634,0.04097535692839503,0.08424805713669621,0.057765124337568016,0.03225353758555443,0.09770596111149371,0.04977788247822981,0.05636469572543752,0.015589612458843051,-0.009455710342224415,0.027894953970098814,0.02685521687793657,0.03795344187040572,0.05699244609488445,0.03682970479725341,0.03535528586023555,0.0407268597363112,0.035315858482897144,0.019890439716462295,-0.00038423777339083743,0.026144727992840705,0.021026927154162406,0.04750474564186955,0.03717709156022979,0.03876186829784621,0.04977788247822981,0.06240905702405576,0.034488106072277605,0.02284131057320799,-0.006170220926368099,0.03009001109273479,0.03225902230521302,0.03648850209884018,0.028046343418410377,0.05357700700586411,0.05588456187095674,0.05381737909946021,0.06793471312752691,0.028892775807244836,0.00805060238401191,0.030259139671116805,0.045698450546054654,0.05987776583712766,0.06228644097733556,0.04360379955985392,0.05636469572543752,0.034488106072277605,0.0807263820800734,0.02029031412846706,-0.011669849580444234,0.030046727789023495,0.035177580774041456,0.04615870688520414,0.06833580947254797,0.010772409820387144,0.008290883894022834,0.016229791236341554,0.026349601141676185,-0.004043586425074302,-0.002156551344267027,0.010035162031092018,0.010819992619287616,0.028524423630089564,0.010628063312826064,0.030827127235911467,0.015589612458843051,0.02284131057320799,0.02029031412846706,0.03615856547959451,-0.010768013823998415,0.004308268596732154,0.016854122259294224,0.020511122189378807,0.025651755552306026,-0.0029809495078084855,-0.0012467577814886288,0.019240935430101067,0.002320194138595583,0.016055589864653406,-0.016982259781881642,0.007246862274717062,-0.008862932958353116,-0.020560349000301785,0.014362361550737852,-0.006001745534651039,-0.009455710342224415,-0.006170220926368099,-0.011669849580444234,-0.010768013823998415,0.058234668451913905,0.021795726756703146,-0.036472186349102556,-0.01426386343725904,-0.02641372683670594,0.032719318326636965,0.04452039627050251,0.05760623821279576,0.02875916061627469,0.036473031067635,-0.032080036628750024,0.04009660655366111,0.00033557302145065444,-0.004664681434217919,0.046253699112911884,0.02116811631176778,0.027894953970098814,0.03009001109273479,0.030046727789023495,0.004308268596732154,0.021795726756703146,0.06815360592067843,-0.00268614454013637,0.03418112583024133,-0.015168828709211062,0.028794488329081054,0.029368191347803344,0.007509294109579744,0.002495178512969358,0.0031053820781034775,0.020337960720836434,0.013843294186454478,0.04114333790224883,0.044195447170778,0.01350239114975188,0.034624312408934405,0.02685521687793657,0.03225902230521302,0.035177580774041456,0.016854122259294224,-0.036472186349102556,-0.00268614454013637,0.06323314754037737,0.031819131468790236,0.05498976722597225,0.036219805298907205,0.043002122011507375,0.038328178397033036,0.03434889726976919,0.02259234037026186,-0.006374085830056336,0.03138089312185548,0.02848614498028139,0.03201453998734426,0.03986385965834456,0.03802928324644714,0.03795344187040572,0.03648850209884018,0.04615870688520414,0.020511122189378807,-0.01426386343725904,0.03418112583024133,0.031819131468790236,0.05159842669876097,0.031918297218060464,0.03933727656820914,0.030646212750531462,0.011493393384362473,0.0687015648635945,0.0026676045796877185,0.04813572751371548,0.005244998282573708,0.07517727404770216,0.11152467420833986,0.030802485262394607,0.05208293774047705,0.05699244609488445,0.028046343418410377,0.06833580947254797,0.025651755552306026,-0.02641372683670594,-0.015168828709211062,0.05498976722597225,0.031918297218060464,0.14225097157518565
