0.0857458647379863,0.0395191400652473,-0.035668895934538675,-0.022475042273090044,0.0014347689728068823,-0.020605191778752176,0.023775493908652814,0.041453022200533374,0.004686667073296507,-0.006911936163641696,0.030006886537094952,-0.03166376263653495,0.017072590996132262,0.011948809584507067,0.012688885756752564,-0.013560747769647694,-0.01226743618377292,0.00596869611747562,-0.01788939537404971,-0.013515612174653302,0.0395191400652473,0.07473230050041181,-0.03653189378136321,-0.015494629642541061,-0.007254015363080039,-0.021066391366203543,0.01825826724559661,0.03648599926954331,0.00939284010125719,-0.022210536831826926,0.027067958858840883,-0.028654701326135276,0.02140695125431317,-0.0008964449066991989,-0.02114139033448071,-0.03271730218695473,-0.011269878839422575,0.0190307195975609,0.000145849329972757,-0.007966989511620006,-0.035668895934538675,-0.03653189378136321,0.0506548710581342,0.030155365729943893,-0.00048142765561645716,0.020641331018901164,-0.024063148192843747,-0.031895502615077884,-0.0015559213042919242,0.007741772415068418,-0.020540486759464543,0.02898825531663888,-0.011447411078568245,-0.001771742338298073,0.0014705135646178335,-0.00022935085607816486,0.01960461567908023,-0.023653267479512637,0.015473251265500726,0.007255119068445387,-0.022475042273090044,-0.015494629642541061,0.030155365729943893,0.06476943040059101,-0.010483018051759793,0.003806895297954151,-0.012606654536902111,-0.006788223248154769,0.012129319919626971,0.026403605543694073,-0.00116577927743148,0.01485546720841125,0.0025623742073798564,-0.009821351087052885,-0.017147783953981307,-0.02410345720600461,0.009838907429634855,-0.029095986144135992,0.02218526927742551,0.016933890696156157,0.0014347689728068823,-0.007254015363080039,-0.00048142765561645716,-0.010483018051759793,0.025037801915885796,0.0012324009134562818,0.003582513250924727,-0.001005340985072391,0.01074459717512391,0.0003434802379480486,0.004806026533898851,0.001287320340097045,0.0006568163943926069,-0.0008967177802480931,0.007293299157376894,0.005177769584375082,-0.003566911399987941,0.014203267795721853,-0.00907952695778316,0.0009886952638082556,-0.020605191778752176,-0.021066391366203543,0.020641331018901164,0.003806895297954151,0.0012324009134562818,0.04499350962331132,-0.00243732255493865,-0.0171070964620158,-0.00797118561506634,-0.007274755647582973,-0.02571343134906992,0.014979849515767862,-0.007641333273071526,0.004791799202591953,0.013561288954710642,0.008711679684598798,0.013903101743883602,-0.011833159955539716,-0.007276157299179973,-0.004127066050887075,0.023775493908652814,0.01825826724559661,-0.024063148192843747,-0.012606654536902111,0.003582513250924727,-0.00243732255493865,0.0409178619659968,0.004071986248721543,0.007076599315353989,0.005966846861446113,0.0037825422237532835,-0.009546808069034683,0.019338905509243224,0.002633480431029794,-0.005140394187783436,0.0028057540212276235,-0.01091228368215037,0.012036791332449191,-0.006512587948431299,-0.015863702642354028,0.041453022200533374,0.03648599926954331,-0.031895502615077884,-0.006788223248154769,-0.001005340985072391,-0.0171070964620158,0.004071986248721543,0.06980519610136338,0.009548833803706379,-0.006952179930460276,0.0316761920552516,-0.033679441583222364,0.011407327414638492,-0.008012364429662761,0.00898074588486094,-0.018288311913768847,-0.011726675988632775,0.01340364501577111,-0.016387569553189076,0.016828724411964785,0.004686667073296507,0.00939284010125719,-0.0015559213042919242,0.012129319919626971,0.01074459717512391,-0.00797118561506634,0.007076599315353989,0.009548833803706379,0.04472062606138247,0.011377674925348847,0.012917665901960591,-0.007166720726933855,0.023146753909418505,-0.011686361710909952,-0.006068954745752659,-0.026216042830910467,0.0008650831838273156,5.300822779067652e-5,0.008636876594748613,0.0029237788664024144,-0.006911936163641696,-0.022210536831826926,0.007741772415068418,0.026403605543694073,0.0003434802379480486,-0.007274755647582973,0.005966846861446113,-0.006952179930460276,0.011377674925348847,0.058166927331345215,0.0032909690943221446,0.006547223362214244,0.00537965932872918,-0.007046677872885388,0.0036188096294123345,0.0023939086262649875,-0.008603071093028065,-0.01291963071258809,0.0012614622087775142,0.01000083833869327,0.030006886537094952,0.027067958858840883,-0.020540486759464543,-0.00116577927743148,0.004806026533898851,-0.02571343134906992,0.0037825422237532835,0.0316761920552516,0.012917665901960591,0.0032909690943221446,0.03983796187296086,-0.018323094301025352,0.011278996048457158,-0.002353169653571657,-0.0017013940099911808,-0.014730826975185088,-0.015109568508992149,0.016800466357987966,-0.007517012946026638,0.008818996725478482,-0.03166376263653495,-0.028654701326135276,0.02898825531663888,0.01485546720841125,0.001287320340097045,0.014979849515767862,-0.009546808069034683,-0.033679441583222364,-0.007166720726933855,0.006547223362214244,-0.018323094301025352,0.0416355092156378,-0.008518953596451051,0.008473638505326484,-0.0016645827707109351,0.0089671578590034,0.00908394178600621,-0.008800362901064628,0.010106222593381094,0.0014126293373626464,0.017072590996132262,0.02140695125431317,-0.011447411078568245,0.0025623742073798564,0.0006568163943926069,-0.007641333273071526,0.019338905509243224,0.011407327414638492,0.023146753909418505,0.00537965932872918,0.011278996048457158,-0.008518953596451051,0.050670228835446716,0.002484530928646346,-0.01317551102956772,-0.017467317534329858,-0.004643045303234675,0.0005677075280577474,-0.000982335621733908,-0.0010860461566625798,0.011948809584507067,-0.0008964449066991989,-0.001771742338298073,-0.009821351087052885,-0.0008967177802480931,0.004791799202591953,0.002633480431029794,-0.008012364429662761,-0.011686361710909952,-0.007046677872885388,-0.002353169653571657,0.008473638505326484,0.002484530928646346,0.0302637191179351,0.0033511884662693935,0.009338608072015999,0.004294730066879439,-0.0031221825509003117,-5.434855606402107e-5,-0.010284998407798668,0.012688885756752564,-0.02114139033448071,0.0014705135646178335,-0.017147783953981307,0.007293299157376894,0.013561288954710642,-0.005140394187783436,0.00898074588486094,-0.006068954745752659,0.0036188096294123345,-0.0017013940099911808,-0.0016645827707109351,-0.01317551102956772,0.0033511884662693935,0.05524007155428066,0.015206432689177372,-0.00018417405572987422,-0.0016447188585045481,-0.019987151607383048,0.003130381778203133,-0.013560747769647694,-0.03271730218695473,-0.00022935085607816486,-0.02410345720600461,0.005177769584375082,0.008711679684598798,0.0028057540212276235,-0.018288311913768847,-0.026216042830910467,0.0023939086262649875,-0.014730826975185088,0.0089671578590034,-0.017467317534329858,0.009338608072015999,0.015206432689177372,0.059736982672564685,-0.004497955705544054,0.006776288329321794,-0.01639615025923511,0.0005441736521960141,-0.01226743618377292,-0.011269878839422575,0.01960461567908023,0.009838907429634855,-0.003566911399987941,0.013903101743883602,-0.01091228368215037,-0.011726675988632775,0.0008650831838273156,-0.008603071093028065,-0.015109568508992149,0.00908394178600621,-0.004643045303234675,0.004294730066879439,-0.00018417405572987422,-0.004497955705544054,0.0285399273564259,-0.01642419392162128,0.009046919493408525,-0.0023845392452146014,0.00596869611747562,0.0190307195975609,-0.023653267479512637,-0.029095986144135992,0.014203267795721853,-0.011833159955539716,0.012036791332449191,0.01340364501577111,5.300822779067652e-5,-0.01291963071258809,0.016800466357987966,-0.008800362901064628,0.0005677075280577474,-0.0031221825509003117,-0.0016447188585045481,0.006776288329321794,-0.01642419392162128,0.06158692444452597,-0.016152828626281684,0.009627624229962214,-0.01788939537404971,0.000145849329972757,0.015473251265500726,0.02218526927742551,-0.00907952695778316,-0.007276157299179973,-0.006512587948431299,-0.016387569553189076,0.008636876594748613,0.0012614622087775142,-0.007517012946026638,0.010106222593381094,-0.000982335621733908,-5.434855606402107e-5,-0.019987151607383048,-0.01639615025923511,0.009046919493408525,-0.016152828626281684,0.033768135990910414,0.005820763347724094,-0.013515612174653302,-0.007966989511620006,0.007255119068445387,0.016933890696156157,0.0009886952638082556,-0.004127066050887075,-0.015863702642354028,0.016828724411964785,0.0029237788664024144,0.01000083833869327,0.008818996725478482,0.0014126293373626464,-0.0010860461566625798,-0.010284998407798668,0.003130381778203133,0.0005441736521960141,-0.0023845392452146014,0.009627624229962214,0.005820763347724094,0.04350939791001687
0.08321652559531269,-0.012113674805525106,-0.012941351898183497,-0.025145114900995302,-0.006376565607178896,-0.0006278149215543301,0.0007828202508834501,0.006883012290629169,-0.02814925284516786,-0.0034829304623796844,0.01243073305185896,-0.005459030879415393,0.012651665011707232,0.03335619385824135,0.04431843923475358,-0.004110066066022738,0.001658265651771583,-0.028293818343995206,-0.01835365856215556,-0.0162341837720453,-0.012113674805525106,0.04139569364922686,-0.0009098882903910966,0.0036228758140125065,0.001601227257908653,-0.01963062785568903,-0.010608941336103773,0.017777552294732914,-0.002513054214764652,0.006023720878228899,0.010671834504723851,0.006041956711549576,-0.006704876032887522,0.0001977005322522311,-0.031827619129101335,-0.008405601159060656,5.4118376349775236e-5,0.015035824067784892,0.006593531286451079,0.008500286509027372,-0.012941351898183497,-0.0009098882903910966,0.030492596748192255,0.016082081095601733,0.006670900361749052,0.007652172470225049,-0.009413188677153541,-0.003935103058438093,4.665236841615761e-5,0.0017306041095862877,-0.011483544943725239,0.009072662859390106,-0.01035316864104608,-0.011408510792897734,-0.002552439661181634,0.001899428520921083,0.00028598577642544064,-0.002319244820054066,-0.0004460601030007621,-0.0009603528547650537,-0.025145114900995302,0.0036228758140125065,0.016082081095601733,0.04774655349329516,0.0008037673894508409,0.0003032028433597199,-0.011287667591591964,0.012620438620780891,0.017346217678838965,0.006647161489869784,-0.009357943435588722,0.00799514541079346,-0.0065674141106363765,-0.018919832006042185,-0.012118002280268457,-0.005470183014369093,-0.001207099576368103,-0.004982905562159039,0.005490776466371193,0.012128059257025375,-0.006376565607178896,0.001601227257908653,0.006670900361749052,0.0008037673894508409,0.03173678900544147,-0.015837026597331674,-0.004348650740670366,-0.0204403516188799,-0.0008072137908683981,0.004934978440472544,0.0028193144707854643,0.01288520079223249,-0.00763500738142513,-0.004734015526155826,-0.023902171974292313,0.018140915804354694,-0.008813339720321363,0.006554209836479582,0.00015540516519347712,0.004902877162733719,-0.0006278149215543301,-0.01963062785568903,0.007652172470225049,0.0003032028433597199,-0.015837026597331674,0.04884947111473047,0.018232771138289965,-0.005555700514036576,0.009718437552737203,-0.012251620666492146,-0.013990566044423008,-0.00742550272748734,0.004435704146267629,-0.008724406025785465,0.034236266920776755,-0.00033006844075827703,0.009000553158795475,-0.0028010786524653363,-0.005136645392932316,-0.0025321577564925953,0.0007828202508834501,-0.010608941336103773,-0.009413188677153541,-0.011287667591591964,-0.004348650740670366,0.018232771138289965,0.039570829290101,-0.013119516743548693,0.011591057255421255,0.0009647934687838593,-0.0034052857529415633,-0.006626668496506268,0.014591597999020916,-0.013422324186311473,0.011316831781202928,0.009312455375074549,-0.00396902892653816,-0.0030630920169021306,0.0007227698775004988,-0.005955470331575289,0.006883012290629169,0.017777552294732914,-0.003935103058438093,0.012620438620780891,-0.0204403516188799,-0.005555700514036576,-0.013119516743548693,0.061325984795503864,-0.0016201136829259517,-0.00048040761799698624,0.006588604596704443,-0.003938161450736377,-0.0014573907616110137,0.01565830083642421,0.015262229640647114,-0.026753097396090185,0.007780041692193233,-0.0025414313530575435,0.0008978325668319489,0.008102871831272288,-0.02814925284516786,-0.002513054214764652,4.665236841615761e-5,0.017346217678838965,-0.0008072137908683981,0.009718437552737203,0.011591057255421255,-0.0016201136829259517,0.043169360173281685,0.006985532987024108,-0.010450877415911112,-0.0016544620553413723,0.004720316585402949,-0.01840770656014118,-0.004220196722842477,0.0007638746586234542,0.003831054323942948,-0.0009009968758319608,0.01214849087325329,0.007196821507725486,-0.0034829304623796844,0.006023720878228899,0.0017306041095862877,0.006647161489869784,0.004934978440472544,-0.012251620666492146,0.0009647934687838593,-0.00048040761799698624,0.006985532987024108,0.02919662109492579,-0.003911792240886109,-0.0004228734717527363,-0.0011731034346102519,-0.01050521594834517,-0.008034753876386337,-0.0051271902586607606,-0.004261265712249673,-0.005695757673795262,-0.0019452171122266188,-0.0013032039953774237,0.01243073305185896,0.010671834504723851,-0.011483544943725239,-0.009357943435588722,0.0028193144707854643,-0.013990566044423008,-0.0034052857529415633,0.006588604596704443,-0.010450877415911112,-0.003911792240886109,0.02645947172415155,0.0037012018374886274,-0.0031193374112063145,0.012271617116256555,-0.014947954680544601,0.005915914247046438,-0.0034718731125631197,0.005935732548872497,-0.0012367360624299943,0.0032319888928576306,-0.005459030879415393,0.006041956711549576,0.009072662859390106,0.00799514541079346,0.01288520079223249,-0.00742550272748734,-0.006626668496506268,-0.003938161450736377,-0.0016544620553413723,-0.0004228734717527363,0.0037012018374886274,0.03345981073085197,-0.005087934826099757,-0.00441132473402522,-0.022939999996740186,0.0071478167486873296,-0.012947762407742668,0.0002428261297064498,0.0036046168694699996,0.003827937624752727,0.012651665011707232,-0.006704876032887522,-0.01035316864104608,-0.0065674141106363765,-0.00763500738142513,0.004435704146267629,0.014591597999020916,-0.0014573907616110137,0.004720316585402949,-0.0011731034346102519,-0.0031193374112063145,-0.005087934826099757,0.028519832947029387,0.004307076777227876,0.013896772934190987,-0.0020635258726751232,-0.0018433353948621562,-0.011620100558103466,-0.005154174581455661,-0.007364986448431268,0.03335619385824135,0.0001977005322522311,-0.011408510792897734,-0.018919832006042185,-0.004734015526155826,-0.008724406025785465,-0.013422324186311473,0.01565830083642421,-0.01840770656014118,-0.01050521594834517,0.012271617116256555,-0.00441132473402522,0.004307076777227876,0.05327961550450446,0.028049137749256887,-0.0027089935575191374,0.00890960942068219,-0.007278600260141488,-0.0019162129715385192,-0.009902625967333264,0.04431843923475358,-0.031827619129101335,-0.002552439661181634,-0.012118002280268457,-0.023902171974292313,0.034236266920776755,0.011316831781202928,0.015262229640647114,-0.004220196722842477,-0.008034753876386337,-0.014947954680544601,-0.022939999996740186,0.013896772934190987,0.028049137749256887,0.11234159293235255,-0.01811341828741781,0.016907282092400014,-0.03796303779203769,-0.01111652378680521,-0.017901657295496545,-0.004110066066022738,-0.008405601159060656,0.001899428520921083,-0.005470183014369093,0.018140915804354694,-0.00033006844075827703,0.009312455375074549,-0.026753097396090185,0.0007638746586234542,-0.0051271902586607606,0.005915914247046438,0.0071478167486873296,-0.0020635258726751232,-0.0027089935575191374,-0.01811341828741781,0.03874550121048348,-0.011594582907317212,0.007024360603199704,-0.0027983904841209686,0.0005822643393838894,0.001658265651771583,5.4118376349775236e-5,0.00028598577642544064,-0.001207099576368103,-0.008813339720321363,0.009000553158795475,-0.00396902892653816,0.007780041692193233,0.003831054323942948,-0.004261265712249673,-0.0034718731125631197,-0.012947762407742668,-0.0018433353948621562,0.00890960942068219,0.016907282092400014,-0.011594582907317212,0.029199640786878287,0.0012481207687562823,0.0003226744726952998,0.0015285239558760193,-0.028293818343995206,0.015035824067784892,-0.002319244820054066,-0.004982905562159039,0.006554209836479582,-0.0028010786524653363,-0.0030630920169021306,-0.0025414313530575435,-0.0009009968758319608,-0.005695757673795262,0.005935732548872497,0.0002428261297064498,-0.011620100558103466,-0.007278600260141488,-0.03796303779203769,0.007024360603199704,0.0012481207687562823,0.06096974734906942,-0.0006071980088021055,0.016027481591681596,-0.01835365856215556,0.006593531286451079,-0.0004460601030007621,0.005490776466371193,0.00015540516519347712,-0.005136645392932316,0.0007227698775004988,0.0008978325668319489,0.01214849087325329,-0.0019452171122266188,-0.0012367360624299943,0.0036046168694699996,-0.005154174581455661,-0.0019162129715385192,-0.01111652378680521,-0.0027983904841209686,0.0003226744726952998,-0.0006071980088021055,0.022821261211984602,0.011132691383568634,-0.0162341837720453,0.008500286509027372,-0.0009603528547650537,0.012128059257025375,0.004902877162733719,-0.0025321577564925953,-0.005955470331575289,0.008102871831272288,0.007196821507725486,-0.0013032039953774237,0.0032319888928576306,0.003827937624752727,-0.007364986448431268,-0.009902625967333264,-0.017901657295496545,0.0005822643393838894,0.0015285239558760193,0.016027481591681596,0.011132691383568634,0.025333984658836968
0.12646609859855787,-0.023487510041061616,0.028438340741829944,-0.0125414176437733,0.00042267159028334597,-0.012135426721620986,-0.020676004554470648,0.005272838114954397,-0.054068541922735955,0.005295623600230425,0.0023500316303597312,0.030609838907130878,-0.003548471485824682,0.05327056956811378,0.0754326620643013,0.03617192069327925,0.009018412592644881,-0.05368683214203737,-0.04197338398904841,-0.02694633792830012,-0.023487510041061616,0.09473274691866011,0.019939407941574543,0.04040775993308901,-0.031469879889899424,0.009211811646513652,-0.044062571695869565,0.06886764307930568,-0.0006827873033936295,-0.021181308559588108,0.005677407472608255,-0.009486887826279497,-0.013126578743717563,0.027932730216546804,-0.061062283507587876,-0.027498968976351342,0.03183734964300494,0.012520927814074202,0.021625609302672662,0.022225511555505322,0.028438340741829944,0.019939407941574543,0.07141010390890444,0.02568466496913269,-0.031196379257550193,0.027223413597323047,-0.0471570176601123,0.038815347651928706,-0.014928103671381348,-0.007860359222043235,-0.001574514692905457,0.018492576937121433,-0.03316803121217343,0.01917775479874431,0.0016511472399652186,-0.01238730321681559,0.027730906502813103,-0.01579258135498289,0.005442897726483802,0.0035611985484768653,-0.0125414176437733,0.04040775993308901,0.02568466496913269,0.04900603870949947,-0.0192756887033345,0.010918445884765215,-0.032473988631032694,0.05758391766664221,-0.005001062257678154,-0.0073094311845682625,0.0017431058856755526,0.003401845602747757,-0.023172705193096957,0.005864238737674478,-0.032442438881886936,-0.024279692725467397,0.022606915648875577,-0.005275392427182583,0.010683581060273808,0.02218395717542787,0.00042267159028334597,-0.031469879889899424,-0.031196379257550193,-0.0192756887033345,0.05402509550982806,-0.028211890721662806,0.04222810580722089,-0.04391445792501614,-0.0021092415756186022,0.016850626800121293,0.0017808391010158652,-0.0020179929400344025,0.01725098529573523,0.002083010684021931,0.016634986079418566,0.019081792721062675,-0.009829881429090002,0.019598231062158057,-0.0032394833913668183,-0.0013121177774246076,-0.012135426721620986,0.009211811646513652,0.027223413597323047,0.010918445884765215,-0.028211890721662806,0.060459562051411876,-0.013350215343102087,0.011261129999047546,0.012528032850029805,-0.018295233558898574,-0.005162854052237244,-0.012820423561192156,-0.0009130109228264905,-0.016399760923686273,-0.009402853812547577,-0.02186152230695509,0.0006921962554616657,-0.005044218798302724,-0.004063953786833625,0.0003932799019418384,-0.020676004554470648,-0.044062571695869565,-0.0471570176601123,-0.032473988631032694,0.04222810580722089,-0.013350215343102087,0.09764049404921525,-0.06836477592274365,0.026859642923121402,0.010256315827874563,0.005246056290449623,-0.027101627721468312,0.0656165869130285,-0.03164713807738279,0.005697946293842234,0.023150181177851326,-0.034788387465714665,0.026522462422032454,0.0005317961248251881,-0.012428805184765575,0.005272838114954397,0.06886764307930568,0.038815347651928706,0.05758391766664221,-0.04391445792501614,0.011261129999047546,-0.06836477592274365,0.12101971917227267,-0.018508723836750528,-0.014312666365603901,-0.0007792341842837978,0.006635857339928709,-0.034097238566661706,0.020328195262025506,-0.03817574452768771,-0.03029425716081829,0.03250661492231342,-0.032584566628514444,0.00461219896446677,0.030307720300303063,-0.054068541922735955,-0.0006827873033936295,-0.014928103671381348,-0.005001062257678154,-0.0021092415756186022,0.012528032850029805,0.026859642923121402,-0.018508723836750528,0.05178721532936344,-0.0010939486984297322,-0.0029092545749705707,-0.02137290143950277,0.021678383798336063,-0.0335694745484383,-0.02849744665928379,-0.010941523457493874,-0.011129463437351956,0.019329502563299433,0.022302323893492678,0.003334191255246746,0.005295623600230425,-0.021181308559588108,-0.007860359222043235,-0.0073094311845682625,0.016850626800121293,-0.018295233558898574,0.010256315827874563,-0.014312666365603901,-0.0010939486984297322,0.03769674588924205,-0.0006854830786765906,0.005854046008742533,-0.00598186939291285,-0.005463358199175662,0.01730863971401451,0.01093568428280415,-0.0035778790709668227,-0.006766219074824416,-0.0018466957335248506,0.0026066514832246714,0.0023500316303597312,0.005677407472608255,-0.001574514692905457,0.0017431058856755526,0.0017808391010158652,-0.005162854052237244,0.005246056290449623,-0.0007792341842837978,-0.0029092545749705707,-0.0006854830786765906,0.016470762148876716,-0.004005177026159319,0.0028732508791535025,0.008498766062516906,-0.0049217043546701394,0.0005815517365353111,0.002285793868851541,0.008578462867744347,0.002131508352613054,0.0019528201890589435,0.030609838907130878,-0.009486887826279497,0.018492576937121433,0.003401845602747757,-0.0020179929400344025,-0.012820423561192156,-0.027101627721468312,0.006635857339928709,-0.02137290143950277,0.005854046008742533,-0.004005177026159319,0.036961837468263946,-0.0296174558161383,0.015356784515124679,0.020865200933312705,0.011237185823348383,0.008900937314238489,-0.014672688334393206,-0.005727542601094227,-0.002493863157962294,-0.003548471485824682,-0.013126578743717563,-0.03316803121217343,-0.023172705193096957,0.01725098529573523,-0.0009130109228264905,0.0656165869130285,-0.034097238566661706,0.021678383798336063,-0.00598186939291285,0.0028732508791535025,-0.0296174558161383,0.07579087532438858,-0.016998983574656783,-0.0034163265177711366,0.015933709351295712,-0.02799847939902813,0.0021550429275964834,-0.010134962470427701,-0.015423404950455279,0.05327056956811378,0.027932730216546804,0.01917775479874431,0.005864238737674478,0.002083010684021931,-0.016399760923686273,-0.03164713807738279,0.020328195262025506,-0.0335694745484383,-0.005463358199175662,0.008498766062516906,0.015356784515124679,-0.016998983574656783,0.08032541884952056,0.023951797465639486,0.016358286828656962,0.03602305268722861,0.0034274047829926726,-0.0027767322436794244,-0.005317268233622342,0.0754326620643013,-0.061062283507587876,0.0016511472399652186,-0.032442438881886936,0.016634986079418566,-0.009402853812547577,0.005697946293842234,-0.03817574452768771,-0.02849744665928379,0.01730863971401451,-0.0049217043546701394,0.020865200933312705,-0.0034163265177711366,0.023951797465639486,0.10201383925821972,0.035610837515057475,-0.0015396018195298492,-0.032867858682961854,-0.04166148205345214,-0.031683218502753546,0.03617192069327925,-0.027498968976351342,-0.01238730321681559,-0.024279692725467397,0.019081792721062675,-0.02186152230695509,0.023150181177851326,-0.03029425716081829,-0.010941523457493874,0.01093568428280415,0.0005815517365353111,0.011237185823348383,0.015933709351295712,0.016358286828656962,0.035610837515057475,0.04351271618713503,-0.009938223367731605,-0.005416041198444145,-0.014776161855596088,-0.014632166149046217,0.009018412592644881,0.03183734964300494,0.027730906502813103,0.022606915648875577,-0.009829881429090002,0.0006921962554616657,-0.034788387465714665,0.03250661492231342,-0.011129463437351956,-0.0035778790709668227,0.002285793868851541,0.008900937314238489,-0.02799847939902813,0.03602305268722861,-0.0015396018195298492,-0.009938223367731605,0.04377802656389488,0.0031753590177337164,0.010429329125569164,0.011440427363480509,-0.05368683214203737,0.012520927814074202,-0.01579258135498289,-0.005275392427182583,0.019598231062158057,-0.005044218798302724,0.026522462422032454,-0.032584566628514444,0.019329502563299433,-0.006766219074824416,0.008578462867744347,-0.014672688334393206,0.0021550429275964834,0.0034274047829926726,-0.032867858682961854,-0.005416041198444145,0.0031753590177337164,0.08011404026319983,0.02966923208329309,0.01414223640284926,-0.04197338398904841,0.021625609302672662,0.005442897726483802,0.010683581060273808,-0.0032394833913668183,-0.004063953786833625,0.0005317961248251881,0.00461219896446677,0.022302323893492678,-0.0018466957335248506,0.002131508352613054,-0.005727542601094227,-0.010134962470427701,-0.0027767322436794244,-0.04166148205345214,-0.014776161855596088,0.010429329125569164,0.02966923208329309,0.039105941180076126,0.01817247729964313,-0.02694633792830012,0.022225511555505322,0.0035611985484768653,0.02218395717542787,-0.0013121177774246076,0.0003932799019418384,-0.012428805184765575,0.030307720300303063,0.003334191255246746,0.0026066514832246714,0.0019528201890589435,-0.002493863157962294,-0.015423404950455279,-0.005317268233622342,-0.031683218502753546,-0.014632166149046217,0.011440427363480509,0.01414223640284926,0.01817247729964313,0.030747071173670253
