0.04850107076317217,0.043409705992167195,0.04976018764311107,0.04367000318599135,0.03807293899107271,-0.008720563403986126,0.0222731940375356,0.023365454119397264,0.015009088950529569,0.05736069195196716,0.02877598147366026,0.03613277553134432,0.0345585088656505,0.023930270901248017,0.010788834394206484,0.02413331239524232,0.03920283651409075,-0.0013197663218865356,0.027701001953845422,0.0039726288752356155,0.043409705992167195,0.06791869389166105,0.06482215089401556,0.04462530491932434,0.049628887875563035,-0.006712641250527226,0.02864891905472889,0.02837635335989975,0.013543439322501466,0.0725902105189178,0.030299088929982114,0.044561463149300054,0.04097534764959,0.031345609912158234,0.015177089376395232,0.032591372468713124,0.049474723785446956,-0.0019801830384827625,0.037184577264152044,0.0046243408909591235,0.04976018764311107,0.06482215089401556,0.11509580093014865,0.06253181453756576,0.06679560191696955,-0.030486863511606323,0.06459596635294598,0.018572895151483117,-0.006361733783695941,0.09444905383933397,0.05176394302935093,0.04775313526743379,0.06414789856272679,0.03519634958163527,0.025885168891157728,0.04055643202800128,0.09554973653295495,-0.01668456034981696,0.05584416888888879,-0.018733719063173917,0.04367000318599135,0.04462530491932434,0.06253181453756576,0.12783929240484754,0.04580039753714841,-0.031393308377781204,0.02257927505451241,0.0030045434337191423,0.05104113544388321,0.07837289528349764,0.03474488003966217,0.07023227045216861,0.042658681016378375,0.048106387552510246,0.02245199488020762,0.00624339110901158,0.05104305264208768,-0.013784297265507717,0.039623169796825605,0.008411266111725218,0.03807293899107271,0.049628887875563035,0.06679560191696955,0.04580039753714841,0.06311851597561915,-0.01934971206393674,0.03962756591609409,0.018534300861191864,0.0112214747904751,0.07137901022025711,0.0419665301758599,0.03537145686064428,0.03928727530946449,0.024955070498565622,0.016908034722474125,0.024021541944888244,0.0623134500584412,-0.009180662377314915,0.03445901944441004,-0.004272517683708805,-0.008720563403986126,-0.006712641250527226,-0.030486863511606323,-0.031393308377781204,-0.01934971206393674,0.054453213694095295,-0.04203201481282635,0.021861607230480976,0.021304682749380154,-0.01791993547278025,-0.023273156213316135,-0.010521475369013461,-0.016558468652675025,-0.009778420287370488,-0.016580004711893817,-0.00279636570479256,-0.06427283569127235,0.014128213655721214,-0.01950962146335692,0.02691183932777498,0.0222731940375356,0.02864891905472889,0.06459596635294598,0.02257927505451241,0.03962756591609409,-0.04203201481282635,0.09090356119012344,-0.004642275276739896,-0.0301755745888491,0.05193531576172959,0.049242718069769875,0.020621104176269098,0.04642808559703923,0.008879459894594675,0.019513350712140217,0.02234179947782689,0.09899803992748252,-0.025379409902152032,0.03917587229493945,-0.03322874883760107,0.023365454119397264,0.02837635335989975,0.018572895151483117,0.0030045434337191423,0.018534300861191864,0.021861607230480976,-0.004642275276739896,0.04800837411955848,0.017523754475472855,0.02643579645031746,0.009963357269498704,0.013773434341770346,0.014303836475554027,0.009630748252735858,-0.003262355529404545,0.026221184125527083,-0.0063773110019239194,0.016710794433641478,0.012846448494011592,0.021535172929742906,0.015009088950529569,0.013543439322501466,-0.006361733783695941,0.05104113544388321,0.0112214747904751,0.021304682749380154,-0.0301755745888491,0.017523754475472855,0.10412725235468172,0.01454408205595688,-0.008201907096815366,0.028545671136847674,-0.006941921166406025,0.02903025256752141,0.005995895391449521,-0.008708002114782688,-0.03941209956737739,0.02467267133897212,-0.009612093478701789,0.05038251595784898,0.05736069195196716,0.0725902105189178,0.09444905383933397,0.07837289528349764,0.07137901022025711,-0.01791993547278025,0.05193531576172959,0.02643579645031746,0.01454408205595688,0.11836235390350454,0.053516755499181404,0.06437394505691088,0.06535269417411381,0.0416587180925119,0.025037295728222924,0.03965424637025597,0.083862994860615,-0.01208711851211745,0.05501698657568516,-0.005622207476957312,0.02877598147366026,0.030299088929982114,0.05176394302935093,0.03474488003966217,0.0419665301758599,-0.023273156213316135,0.049242718069769875,0.009963357269498704,-0.008201907096815366,0.053516755499181404,0.06230486863264556,0.02413037712577234,0.044927494091246495,0.016765905808088035,0.017262471247736402,0.02149563435562793,0.0660963117407557,-0.009383267008440985,0.03489602054464351,-0.012649899432673493,0.03613277553134432,0.044561463149300054,0.04775313526743379,0.07023227045216861,0.03537145686064428,-0.010521475369013461,0.020621104176269098,0.013773434341770346,0.028545671136847674,0.06437394505691088,0.02413037712577234,0.07017209280636838,0.03718376946482564,0.03786997446850966,0.017565495610049928,0.01619524501038573,0.036815066791518844,-0.006342081501627738,0.03180029328066797,0.007843374203832621,0.0345585088656505,0.04097534764959,0.06414789856272679,0.042658681016378375,0.03928727530946449,-0.016558468652675025,0.04642808559703923,0.014303836475554027,-0.006941921166406025,0.06535269417411381,0.044927494091246495,0.03718376946482564,0.06862668404945911,0.019101318226787636,0.015552957792803733,0.02661913652661354,0.06486180356571414,-0.008919781849141082,0.03754490161650555,-0.01131424898193531,0.023930270901248017,0.031345609912158234,0.03519634958163527,0.048106387552510246,0.024955070498565622,-0.009778420287370488,0.008879459894594675,0.009630748252735858,0.02903025256752141,0.0416587180925119,0.016765905808088035,0.03786997446850966,0.019101318226787636,0.04267129635939324,0.013500285405947145,0.01059186203015143,0.022032528883932378,0.0008789427268309721,0.0179698761477323,0.009734273423577402,0.010788834394206484,0.015177089376395232,0.025885168891157728,0.02245199488020762,0.016908034722474125,-0.016580004711893817,0.019513350712140217,-0.003262355529404545,0.005995895391449521,0.025037295728222924,0.017262471247736402,0.017565495610049928,0.015552957792803733,0.013500285405947145,0.024855655866194405,0.0029779350913387904,0.025126543120296024,-0.005727931433472777,0.013240332666402288,-0.0026250623653363485,0.02413331239524232,0.032591372468713124,0.04055643202800128,0.00624339110901158,0.024021541944888244,-0.00279636570479256,0.02234179947782689,0.026221184125527083,-0.008708002114782688,0.03965424637025597,0.02149563435562793,0.01619524501038573,0.02661913652661354,0.01059186203015143,0.0029779350913387904,0.043965975886636685,0.03379200848294338,0.0003278505096239665,0.02449131215273872,-0.0017089966220172946,0.03920283651409075,0.049474723785446956,0.09554973653295495,0.05104305264208768,0.0623134500584412,-0.06427283569127235,0.09899803992748252,-0.0063773110019239194,-0.03941209956737739,0.083862994860615,0.0660963117407557,0.036815066791518844,0.06486180356571414,0.022032528883932378,0.025126543120296024,0.03379200848294338,0.15210521385661202,-0.0354227855616078,0.05734076996137171,-0.04423938003840225,-0.0013197663218865356,-0.0019801830384827625,-0.01668456034981696,-0.013784297265507717,-0.009180662377314915,0.014128213655721214,-0.025379409902152032,0.016710794433641478,0.02467267133897212,-0.01208711851211745,-0.009383267008440985,-0.006342081501627738,-0.008919781849141082,0.0008789427268309721,-0.005727931433472777,0.0003278505096239665,-0.0354227855616078,0.03401185343456491,-0.013192488241581897,0.023786673636574093,0.027701001953845422,0.037184577264152044,0.05584416888888879,0.039623169796825605,0.03445901944441004,-0.01950962146335692,0.03917587229493945,0.012846448494011592,-0.009612093478701789,0.05501698657568516,0.03489602054464351,0.03180029328066797,0.03754490161650555,0.0179698761477323,0.013240332666402288,0.02449131215273872,0.05734076996137171,-0.013192488241581897,0.049641507584001605,-0.012896238508342931,0.0039726288752356155,0.0046243408909591235,-0.018733719063173917,0.008411266111725218,-0.004272517683708805,0.02691183932777498,-0.03322874883760107,0.021535172929742906,0.05038251595784898,-0.005622207476957312,-0.012649899432673493,0.007843374203832621,-0.01131424898193531,0.009734273423577402,-0.0026250623653363485,-0.0017089966220172946,-0.04423938003840225,0.023786673636574093,-0.012896238508342931,0.05075455616183505
0.14520775272416,0.10809698406573844,0.18156895621675712,0.08552105508361177,0.08573421578494259,-0.0002529461042825809,0.04165230415356159,0.05935679440112832,0.04059626507684105,0.11818263831768876,0.007805848963644649,0.0836975227057481,0.07443742694546815,0.09638340768829631,0.027595660525037095,0.051751831354422004,0.12357774353262427,-0.062057600168396405,0.019498685184052726,-0.003550028635664215,0.10809698406573844,0.12460169812441402,0.1733810951684388,0.08310441444265945,0.0893828627858197,0.006709153045979464,0.03837630735471449,0.0603146130111274,0.021000670053676222,0.11340745948773215,0.015818923073295788,0.07533264835827377,0.06420948056244091,0.07364486299957348,0.012978450886060353,0.05385197333939923,0.1088434209666303,-0.04587815793033209,0.02595406531950992,-0.004511422884865649,0.18156895621675712,0.1733810951684388,0.32434114814703097,0.16595755094216802,0.14140311652847778,-0.010629339918431183,0.07737415760887166,0.0610052520178685,0.03188281368880529,0.19769224870557806,0.03498482118744086,0.13282255687942343,0.12214343758708787,0.13811828216301916,0.0362173420879754,0.08308032747496677,0.21030423958839878,-0.0960806711611496,0.037854359790416514,-0.018140026263730992,0.08552105508361177,0.08310441444265945,0.16595755094216802,0.15813289786623708,0.07212288195681041,-0.027356623286565032,0.03280760285542615,0.010962554139141992,0.05540363756265957,0.11843907901214981,0.042855542951563116,0.09912299443647331,0.08227301151948366,0.08528251161534789,0.031651196252409614,0.029876438425848754,0.11733470314386368,-0.04061095432986537,0.03350834262156691,0.00039604439514245686,0.08573421578494259,0.0893828627858197,0.14140311652847778,0.07212288195681041,0.09384827034434415,0.004185329759304979,0.022160949257322714,0.04945207520416717,0.02550675630373587,0.09069965398915833,0.008184720852558303,0.06681089679639707,0.051653500594223,0.06144587128398428,0.0020117350919706505,0.043164211885659914,0.08407023517113513,-0.044785613972908325,0.01854533471349333,-0.001977867540508298,-0.0002529461042825809,0.006709153045979464,-0.010629339918431183,-0.027356623286565032,0.004185329759304979,0.07261406012819795,-0.039954825262909804,0.04881934462861212,0.022991404628741142,0.0033893742567807105,-0.003468789373013071,-0.0025442612801992656,-0.03180357899987636,0.00584603752774333,-0.018391459073739652,-0.002784867907499142,-0.050268709843539316,0.007432126947595078,-0.007647256832028873,0.019963171121387006,0.04165230415356159,0.03837630735471449,0.07737415760887166,0.03280760285542615,0.022160949257322714,-0.039954825262909804,0.07248673929246527,-0.008740614946900467,-0.009967095980129109,0.046564447766515485,0.023736606464763648,0.026059818249289716,0.052508543481555654,0.033950728321144104,0.022323095242206714,0.022149423172199586,0.09076595498829304,-0.020964695963528356,0.014046120390124466,-0.010905742460820482,0.05935679440112832,0.0603146130111274,0.0610052520178685,0.010962554139141992,0.04945207520416717,0.04881934462861212,-0.008740614946900467,0.0869453856568744,0.038036391125620836,0.04809793317852029,0.005001470733483093,0.03019901115070575,0.014648954382667377,0.04511922135638289,-0.0034862247657652242,0.03388393848176672,0.01887250447106119,-0.010643310631345227,0.009627306092525396,0.02660199993054847,0.04059626507684105,0.021000670053676222,0.03188281368880529,0.05540363756265957,0.02550675630373587,0.022991404628741142,-0.009967095980129109,0.038036391125620836,0.09559695612159166,0.03953109205201512,0.025703228210304446,0.049063858015354844,0.024805577331555376,0.05344414810055784,0.015788817186147754,0.002620779188920776,0.02381322756085317,-0.0004605187368623715,0.013015094108731116,0.028077146507666177,0.11818263831768876,0.11340745948773215,0.19769224870557806,0.11843907901214981,0.09069965398915833,0.0033893742567807105,0.046564447766515485,0.04809793317852029,0.03953109205201512,0.14732040902854732,0.034833171882476734,0.094666185375543,0.08312395224192932,0.09927012694103668,0.025554066145024645,0.05205353307561961,0.1271825168987527,-0.05035954892206104,0.030751902770121603,-0.0029216028590428435,0.007805848963644649,0.015818923073295788,0.03498482118744086,0.042855542951563116,0.008184720852558303,-0.003468789373013071,0.023736606464763648,0.005001470733483093,0.025703228210304446,0.034833171882476734,0.05950919964838567,0.027371020723358896,0.027124883687443473,0.03278990680992193,0.02297593014355856,0.00947852691966428,0.03901440809518522,0.008376505908715392,0.014474332925593797,0.013929728978033627,0.0836975227057481,0.07533264835827377,0.13282255687942343,0.09912299443647331,0.06681089679639707,-0.0025442612801992656,0.026059818249289716,0.03019901115070575,0.049063858015354844,0.094666185375543,0.027371020723358896,0.0873217084804272,0.060100288422857015,0.07328141193008803,0.021741784341256096,0.027108361800527097,0.08909063550673163,-0.03492540995348205,0.022767907502550686,-0.0002987500233425037,0.07443742694546815,0.06420948056244091,0.12214343758708787,0.08227301151948366,0.051653500594223,-0.03180357899987636,0.052508543481555654,0.014648954382667377,0.024805577331555376,0.08312395224192932,0.027124883687443473,0.060100288422857015,0.08879660423489522,0.06375695462417837,0.028281118010173384,0.02912939230868941,0.10659408436506723,-0.028454511857747635,0.0261968059599602,-0.0016819782163632305,0.09638340768829631,0.07364486299957348,0.13811828216301916,0.08528251161534789,0.06144587128398428,0.00584603752774333,0.033950728321144104,0.04511922135638289,0.05344414810055784,0.09927012694103668,0.03278990680992193,0.07328141193008803,0.06375695462417837,0.10423124984767501,0.026515320444811065,0.03798596548734677,0.09739276398392177,-0.037166494922718285,0.021807456356768756,0.022280696075245285,0.027595660525037095,0.012978450886060353,0.0362173420879754,0.031651196252409614,0.0020117350919706505,-0.018391459073739652,0.022323095242206714,-0.0034862247657652242,0.015788817186147754,0.025554066145024645,0.02297593014355856,0.021741784341256096,0.028281118010173384,0.026515320444811065,0.033501971660492916,0.004970592141009407,0.04372384535707952,-0.010956641450243707,0.005715302613590974,-0.004051840977442889,0.051751831354422004,0.05385197333939923,0.08308032747496677,0.029876438425848754,0.043164211885659914,-0.002784867907499142,0.022149423172199586,0.03388393848176672,0.002620779188920776,0.05205353307561961,0.00947852691966428,0.027108361800527097,0.02912939230868941,0.03798596548734677,0.004970592141009407,0.055466606019998504,0.05592695262866544,-0.0254327170316097,0.011375123208503802,0.00978606094022547,0.12357774353262427,0.1088434209666303,0.21030423958839878,0.11733470314386368,0.08407023517113513,-0.050268709843539316,0.09076595498829304,0.01887250447106119,0.02381322756085317,0.1271825168987527,0.03901440809518522,0.08909063550673163,0.10659408436506723,0.09739276398392177,0.04372384535707952,0.05592695262866544,0.19729021991514922,-0.06995392546864918,0.030633311959029415,-0.01989470342504201,-0.062057600168396405,-0.04587815793033209,-0.0960806711611496,-0.04061095432986537,-0.044785613972908325,0.007432126947595078,-0.020964695963528356,-0.010643310631345227,-0.0004605187368623715,-0.05035954892206104,0.008376505908715392,-0.03492540995348205,-0.028454511857747635,-0.037166494922718285,-0.010956641450243707,-0.0254327170316097,-0.06995392546864918,0.05849313841609363,-0.0009278013760509328,0.023095755877216767,0.019498685184052726,0.02595406531950992,0.037854359790416514,0.03350834262156691,0.01854533471349333,-0.007647256832028873,0.014046120390124466,0.009627306092525396,0.013015094108731116,0.030751902770121603,0.014474332925593797,0.022767907502550686,0.0261968059599602,0.021807456356768756,0.005715302613590974,0.011375123208503802,0.030633311959029415,-0.0009278013760509328,0.023094991886567426,0.007373845320930301,-0.003550028635664215,-0.004511422884865649,-0.018140026263730992,0.00039604439514245686,-0.001977867540508298,0.019963171121387006,-0.010905742460820482,0.02660199993054847,0.028077146507666177,-0.0029216028590428435,0.013929728978033627,-0.0002987500233425037,-0.0016819782163632305,0.022280696075245285,-0.004051840977442889,0.00978606094022547,-0.01989470342504201,0.023095755877216767,0.007373845320930301,0.06004263976024224
