0.03425998987766336,0.020312846368258232,-0.00565430747061225,0.01776362036774149,0.0006793088369172735,-0.01892455665405946,0.0044931666294577245,0.019438742460452595,-0.003479516758778672,-0.0008372584436898509,-0.0059960999511886,-0.0238105330264268,-0.01123878712694025,-0.014491039201634269,-0.0016380788394752036,0.010446555351083967,-0.017416795500619402,-0.007683316357436186,0.007829056581349716,0.016596036882826203,0.020312846368258232,0.05296024583446314,-0.004688412753287623,0.01637500532949899,0.0023346290768855244,-0.01405550078048454,0.004207493750173149,0.021740224485221074,0.0014747286009346094,-0.0006907189011024176,-0.004947109498621517,-0.017211190199871027,-0.010592215634371027,-0.02027101591268617,-0.003603005999079231,0.008356375077684226,-0.019605723502291873,-0.002786757052513169,0.014040607012157725,0.01374290482852545,-0.00565430747061225,-0.004688412753287623,0.03233685848587485,-0.004920360909259038,0.002567527618003491,0.003614642692909044,-0.0016274461165986629,0.0007299518166113004,0.006960411031600073,-0.0011212723852893635,0.0028161587697385997,0.016533128048591857,0.005612500890767829,0.010211391756139221,0.0015150775213988049,-0.01064665334118058,0.0011396235886587784,0.0050872222226585485,0.0006778579823166042,-0.006503700863009811,0.01776362036774149,0.01637500532949899,-0.004920360909259038,0.02843931537695398,0.0008029004771042336,-0.004842705997719224,0.007427825539064974,0.008656958722748073,0.001358093840583889,0.0018361320011918117,7.896847967510458e-5,-0.010615920923610796,-0.004080668465456471,-0.006630847391134894,-0.004447408429871919,0.010312476525764083,-0.007264333459256089,-0.003706433479305194,0.002325222751118113,0.012070718662788298,0.0006793088369172735,0.0023346290768855244,0.002567527618003491,0.0008029004771042336,0.019879100630900162,-0.0015638267313767286,0.0009445541458441102,-0.00015951712525960485,0.012839354274960978,0.006916601606799032,0.003054336051821332,-0.003138765977506337,0.009140236666026497,0.0003815958385218254,0.005621306228181425,-0.008719287296411294,0.00016420514527230005,-0.0004539151153802992,0.001938233559494485,-0.008233743311905956,-0.01892455665405946,-0.01405550078048454,0.003614642692909044,-0.004842705997719224,-0.0015638267313767286,0.04323050112213139,-0.00820273599307779,-0.02713246741446977,0.002898621752727862,-0.008840572874953994,0.00815055811460261,0.02742912125366181,0.003410224806719436,0.017910239930662458,0.0028617555897743957,0.003670893781121124,0.03477524884597147,0.011555211007463963,-0.013831515334629518,-0.021065660800837764,0.0044931666294577245,0.004207493750173149,-0.0016274461165986629,0.007427825539064974,0.0009445541458441102,-0.00820273599307779,0.01600402582972179,0.007345831531669796,0.00142784082036937,0.005828615153406375,-0.000370715012183998,-0.01289500544332483,-0.001639828578294754,-0.0024296898583680247,0.007561659860717186,0.002021725185251873,-0.001025863809532005,-0.007315177032039603,0.003980072909293206,0.0007630067426302596,0.019438742460452595,0.021740224485221074,0.0007299518166113004,0.008656958722748073,-0.00015951712525960485,-0.02713246741446977,0.007345831531669796,0.045875034910366756,0.002100429383150965,0.004819631347311164,-0.009787549841009435,-0.02717360603458808,-0.006635540911325479,-0.01977171689940907,-0.0017263736809268095,-0.003578280613600252,-0.029827041600305512,-0.010263596610664012,0.018895269973795953,0.029762710593406613,-0.003479516758778672,0.0014747286009346094,0.006960411031600073,0.001358093840583889,0.012839354274960978,0.002898621752727862,0.00142784082036937,0.002100429383150965,0.039870121424845424,0.012074802034153426,0.004647875689051951,0.005714622743152825,0.012909723862656002,0.001003266381672814,0.011847268454727609,-0.02071302207250309,-0.005694226572421057,0.001771013146011068,0.0044393912837197525,-0.007910963579740339,-0.0008372584436898509,-0.0006907189011024176,-0.0011212723852893635,0.0018361320011918117,0.006916601606799032,-0.008840572874953994,0.005828615153406375,0.004819631347311164,0.012074802034153426,0.03234590452825129,0.00487340505023753,-0.00991357891234828,0.005793755940259828,-0.002808549829904124,0.011533795890021317,-0.007699936936908208,-0.0038624606093411243,-0.010534270926302589,0.00688800528489965,-0.0032901832600954186,-0.0059960999511886,-0.004947109498621517,0.0028161587697385997,7.896847967510458e-5,0.003054336051821332,0.00815055811460261,-0.000370715012183998,-0.009787549841009435,0.004647875689051951,0.00487340505023753,0.021744211985010597,0.006572242897334872,0.00580794072014329,0.0086175822021841,0.007539156035538679,-0.0030501366142765387,0.014726452507245004,-0.00316593154251015,-0.00014828827392436653,-0.010273562606377906,-0.0238105330264268,-0.017211190199871027,0.016533128048591857,-0.010615920923610796,-0.003138765977506337,0.02742912125366181,-0.01289500544332483,-0.02717360603458808,0.005714622743152825,-0.00991357891234828,0.006572242897334872,0.05054655261902669,0.006492564051459949,0.022056821653036587,-0.0013411874235824029,-0.003868860168055395,0.02576780716611006,0.019669532669619117,-0.01228043843617161,-0.019834025351754776,-0.01123878712694025,-0.010592215634371027,0.005612500890767829,-0.004080668465456471,0.009140236666026497,0.003410224806719436,-0.001639828578294754,-0.006635540911325479,0.012909723862656002,0.005793755940259828,0.00580794072014329,0.006492564051459949,0.03840376671192965,0.016632223067944228,0.012155734830911058,-0.017544549667387874,0.00937860064015145,0.004757979115032029,-0.0035279260552330723,-0.01179819345066541,-0.014491039201634269,-0.02027101591268617,0.010211391756139221,-0.006630847391134894,0.0003815958385218254,0.017910239930662458,-0.0024296898583680247,-0.01977171689940907,0.001003266381672814,-0.002808549829904124,0.0086175822021841,0.022056821653036587,0.016632223067944228,0.03831131727834482,0.0031351033430422007,-0.006711818260479337,0.022246552952709706,0.010266764104690204,-0.009370027831247832,-0.015951445220516752,-0.0016380788394752036,-0.003603005999079231,0.0015150775213988049,-0.004447408429871919,0.005621306228181425,0.0028617555897743957,0.007561659860717186,-0.0017263736809268095,0.011847268454727609,0.011533795890021317,0.007539156035538679,-0.0013411874235824029,0.012155734830911058,0.0031351033430422007,0.032746552011297274,-0.015203051896956641,0.0084863639479401,-0.008718307618953055,0.0028058715851529345,-0.01051840726601681,0.010446555351083967,0.008356375077684226,-0.01064665334118058,0.010312476525764083,-0.008719287296411294,0.003670893781121124,0.002021725185251873,-0.003578280613600252,-0.02071302207250309,-0.007699936936908208,-0.0030501366142765387,-0.003868860168055395,-0.017544549667387874,-0.006711818260479337,-0.015203051896956641,0.04339337477031433,0.004617907498687637,0.00121777024440712,8.585431221237642e-6,0.00993899689727379,-0.017416795500619402,-0.019605723502291873,0.0011396235886587784,-0.007264333459256089,0.00016420514527230005,0.03477524884597147,-0.001025863809532005,-0.029827041600305512,-0.005694226572421057,-0.0038624606093411243,0.014726452507245004,0.02576780716611006,0.00937860064015145,0.022246552952709706,0.0084863639479401,0.004617907498687637,0.05624428813633534,0.006997072692207293,-0.015288327217153848,-0.024997554473719423,-0.007683316357436186,-0.002786757052513169,0.0050872222226585485,-0.003706433479305194,-0.0004539151153802992,0.011555211007463963,-0.007315177032039603,-0.010263596610664012,0.001771013146011068,-0.010534270926302589,-0.00316593154251015,0.019669532669619117,0.004757979115032029,0.010266764104690204,-0.008718307618953055,0.00121777024440712,0.006997072692207293,0.030387658326175727,-0.010651401523224992,-0.0011201342506372911,0.007829056581349716,0.014040607012157725,0.0006778579823166042,0.002325222751118113,0.001938233559494485,-0.013831515334629518,0.003980072909293206,0.018895269973795953,0.0044393912837197525,0.00688800528489965,-0.00014828827392436653,-0.01228043843617161,-0.0035279260552330723,-0.009370027831247832,0.0028058715851529345,8.585431221237642e-6,-0.015288327217153848,-0.010651401523224992,0.029201639958957172,0.01006715687113886,0.016596036882826203,0.01374290482852545,-0.006503700863009811,0.012070718662788298,-0.008233743311905956,-0.021065660800837764,0.0007630067426302596,0.029762710593406613,-0.007910963579740339,-0.0032901832600954186,-0.010273562606377906,-0.019834025351754776,-0.01179819345066541,-0.015951445220516752,-0.01051840726601681,0.00993899689727379,-0.024997554473719423,-0.0011201342506372911,0.01006715687113886,0.0482433583831653
