0.022206072096928178,0.004266239663427883,0.0013887075866432035,-0.011898179684744731,-0.00201848879961939,0.007611476922846611,0.001969807119502143,-0.005135335026619656,0.004724140904431175,0.002719890391798592,0.00039840699778325594,-0.006629484483412383,-0.0022870938937096037,-0.0012193476853663001,0.005530322166044809,0.008054655295587134,0.001585202435857793,-0.0066414049596820405,6.451542301343669e-5,-0.0024611756730868405,0.004266239663427883,0.025438749247047195,0.013166180363155363,-0.0065371191201214415,-0.008539027378171018,0.013249203648353358,0.0005525818140493031,-0.013566789608373857,0.0016408604317408406,0.005837167014035664,-0.0022899941369448995,-0.004236798606716274,0.0005916275686313316,-2.9549693481815617e-5,0.00649599862875626,0.010263847993580311,-0.005409899149242269,-0.01129495303611618,7.171825115476237e-5,-0.010721121623890693,0.0013887075866432035,0.013166180363155363,0.04721254394613437,-0.013452394487421745,-0.013820361038596471,0.011187598180307195,0.007619811477330521,-0.011960814210547168,0.0013883154527276598,0.014970759017206882,-0.0035161067712707883,-0.006704444449934232,-0.002306581208173505,9.66363770518666e-5,0.009206820552158613,0.0037038839131149186,-0.0033999046343248596,-0.008952229894720066,-0.005051495503085746,-0.009217576035734403,-0.011898179684744731,-0.0065371191201214415,-0.013452394487421745,0.05540541437357915,0.014045439131386204,-0.01639079671179699,-0.006287017562516654,0.0068001496268928294,-0.007002994772551131,-0.008700978813782807,-0.005379512119434339,0.009930791919982172,0.003653582372414743,0.0024177284037943544,-0.01778123892881816,-0.011881439630388659,-0.0009343031859732358,0.004942555299374816,0.00807264758376307,0.0034931126517401354,-0.00201848879961939,-0.008539027378171018,-0.013820361038596471,0.014045439131386204,0.024121897754389644,-0.011189675261152957,-0.00025798293501222094,0.00802829481486765,-0.0015255512420725044,-0.008274989930597481,0.000371345242116381,0.00041733891162932493,0.0011670036343892033,0.0024673344623941072,-0.008708144624002986,-0.006216503574527781,0.008365115360682563,0.002851361902426421,0.004572242440884014,0.008639133435757663,0.007611476922846611,0.013249203648353358,0.011187598180307195,-0.01639079671179699,-0.011189675261152957,0.03128172727333381,0.0034480145590640677,-0.015746999550802762,0.006027474634240999,0.0070141049623535755,0.0013040803226214346,-0.0034671246999857545,-0.0026207277584822538,-0.0027381108258046696,0.005894478323277861,0.011632564125698257,-0.008233662331181741,-0.010232022551389334,-0.003536943925348364,-0.011975327782988668,0.001969807119502143,0.0005525818140493031,0.007619811477330521,-0.006287017562516654,-0.00025798293501222094,0.0034480145590640677,0.024532977997774364,-0.0012757763399207055,-0.0027388570733228096,0.006822545217859178,-0.007109785654717489,-0.007387859725556668,0.000713784544284262,-0.0017719768236045953,0.004712355306621514,0.0038445330874620045,-0.0021189573853244215,-0.004617232399690188,-0.008056199942119636,-0.00019468216819566148,-0.005135335026619656,-0.013566789608373857,-0.011960814210547168,0.0068001496268928294,0.00802829481486765,-0.015746999550802762,-0.0012757763399207055,0.036726316459180654,0.0011968875996436587,-0.0029988713315274224,-0.0032866684541764325,0.0023721219187913564,0.0033492200438409317,-0.0015416455605063303,-0.0030598882157764603,-0.013058005686033432,0.010439789752863412,0.004242889666312566,-0.002128594299583818,0.0016913985585317276,0.004724140904431175,0.0016408604317408406,0.0013883154527276598,-0.007002994772551131,-0.0015255512420725044,0.006027474634240999,-0.0027388570733228096,0.0011968875996436587,0.01836238149199218,-0.0005624887679034875,0.0015947014871072278,-0.003136200648412195,0.0016389650025613876,-0.0029131099255755716,0.0007529371371198092,-9.616359442669631e-5,-0.0022909207299024077,-0.0015695466802742538,-0.00662291764828362,-0.011880405900300126,0.002719890391798592,0.005837167014035664,0.014970759017206882,-0.008700978813782807,-0.008274989930597481,0.0070141049623535755,0.006822545217859178,-0.0029988713315274224,-0.0005624887679034875,0.029845501488176066,-0.0049840939236665445,-0.006349570660148636,0.000683306735846597,-0.0011910827260581864,0.010382876290624385,0.010032453127626897,-0.0034050925471778267,-0.006078071722743867,-0.0066245291791776455,-0.01123463622254306,0.00039840699778325594,-0.0022899941369448995,-0.0035161067712707883,-0.005379512119434339,0.000371345242116381,0.0013040803226214346,-0.007109785654717489,-0.0032866684541764325,0.0015947014871072278,-0.0049840939236665445,0.016974395872251247,0.0003806813764723384,-0.0005099966617575653,-0.0026952583606333347,-0.0008687310510896627,0.0033175470437809764,-0.0023942631158927253,0.008190284427488953,0.0010388583428648406,0.0015251686076546193,-0.006629484483412383,-0.004236798606716274,-0.006704444449934232,0.009930791919982172,0.00041733891162932493,-0.0034671246999857545,-0.007387859725556668,0.0023721219187913564,-0.003136200648412195,-0.006349570660148636,0.0003806813764723384,0.028736831417489433,-0.004559771106811503,0.002920638012869636,-0.005985374376298133,-0.009923587175607328,-0.004467151719995965,0.006054347849505348,0.004568739770686968,0.005979687171989059,-0.0022870938937096037,0.0005916275686313316,-0.002306581208173505,0.003653582372414743,0.0011670036343892033,-0.0026207277584822538,0.000713784544284262,0.0033492200438409317,0.0016389650025613876,0.000683306735846597,-0.0005099966617575653,-0.004559771106811503,0.015829006289339583,0.0010370799550237534,-0.0016777630580266415,0.0019688467414660494,0.000757238787075432,-0.0036965083966052047,0.0015509609015118575,-0.00319962723768631,-0.0012193476853663001,-2.9549693481815617e-5,9.66363770518666e-5,0.0024177284037943544,0.0024673344623941072,-0.0027381108258046696,-0.0017719768236045953,-0.0015416455605063303,-0.0029131099255755716,-0.0011910827260581864,-0.0026952583606333347,0.002920638012869636,0.0010370799550237534,0.01559399695143537,0.00256286251942841,-0.0008552172395887693,0.002906346080751196,0.00032449616348694313,-0.0007793790766579654,0.001838290608322776,0.005530322166044809,0.00649599862875626,0.009206820552158613,-0.01778123892881816,-0.008708144624002986,0.005894478323277861,0.004712355306621514,-0.0030598882157764603,0.0007529371371198092,0.010382876290624385,-0.0008687310510896627,-0.005985374376298133,-0.0016777630580266415,0.00256286251942841,0.026698603050336812,0.010504852312807362,-0.001267670179347728,-0.005276236955366841,-0.0010834737650710926,-0.007828438541820278,0.008054655295587134,0.010263847993580311,0.0037038839131149186,-0.011881439630388659,-0.006216503574527781,0.011632564125698257,0.0038445330874620045,-0.013058005686033432,-9.616359442669631e-5,0.010032453127626897,0.0033175470437809764,-0.009923587175607328,0.0019688467414660494,-0.0008552172395887693,0.010504852312807362,0.037835528202147556,-0.009460622693416153,-0.0035870722479751658,0.00036241622530389057,-0.014495484706304832,0.001585202435857793,-0.005409899149242269,-0.0033999046343248596,-0.0009343031859732358,0.008365115360682563,-0.008233662331181741,-0.0021189573853244215,0.010439789752863412,-0.0022909207299024077,-0.0034050925471778267,-0.0023942631158927253,-0.004467151719995965,0.000757238787075432,0.002906346080751196,-0.001267670179347728,-0.009460622693416153,0.02712216791070337,-0.0004455715402340262,-0.0016389557981004224,0.009417831431101649,-0.0066414049596820405,-0.01129495303611618,-0.008952229894720066,0.004942555299374816,0.002851361902426421,-0.010232022551389334,-0.004617232399690188,0.004242889666312566,-0.0015695466802742538,-0.006078071722743867,0.008190284427488953,0.006054347849505348,-0.0036965083966052047,0.00032449616348694313,-0.005276236955366841,-0.0035870722479751658,-0.0004455715402340262,0.03259090663310598,0.0038784398018768466,0.010170569532849309,6.451542301343669e-5,7.171825115476237e-5,-0.005051495503085746,0.00807264758376307,0.004572242440884014,-0.003536943925348364,-0.008056199942119636,-0.002128594299583818,-0.00662291764828362,-0.0066245291791776455,0.0010388583428648406,0.004568739770686968,0.0015509609015118575,-0.0007793790766579654,-0.0010834737650710926,0.00036241622530389057,-0.0016389557981004224,0.0038784398018768466,0.014560567691546802,0.003541967054218195,-0.0024611756730868405,-0.010721121623890693,-0.009217576035734403,0.0034931126517401354,0.008639133435757663,-0.011975327782988668,-0.00019468216819566148,0.0016913985585317276,-0.011880405900300126,-0.01123463622254306,0.0015251686076546193,0.005979687171989059,-0.00319962723768631,0.001838290608322776,-0.007828438541820278,-0.014495484706304832,0.009417831431101649,0.010170569532849309,0.003541967054218195,0.042565218206652
