0.016462271594948133,0.0025528682479164424,0.004425928074813853,-0.009271537328674688,-0.0019450061903494946,0.006531594440790316,0.004453525143405367,-0.00223093548498706,0.004871901793934813,0.0036251117628451042,0.001251035912276286,-0.005946530997765539,0.00028691657575453293,-0.0010647275591991515,0.0011613794166191317,0.006859291125603861,0.00018727550460701566,-0.003410117542315943,-0.0024434767613876187,-0.004003172624408624,0.0025528682479164424,0.021966607339009615,0.010616413064880901,-0.007964458940476619,-0.006394006867479566,0.011497183298928116,-0.0018313003559458185,-0.012153056014561844,0.005005670063649761,0.001328499256480366,0.002670191067385671,-0.006061726294250494,0.002056139951043599,0.0018642872039742586,0.005490319993310551,0.011898000042473426,-0.00585141060760308,-0.0033769600747562585,-0.0009510563465949062,-0.009183515794874416,0.004425928074813853,0.010616413064880901,0.04298811194693091,-0.011190352789730997,-0.015130187267812026,0.00952935671309256,0.0015808065600131163,-0.009665342459250156,0.0059937823798907625,0.011294076144829163,-0.0015261918565275302,-0.010749402595497445,-0.002046033693646966,-0.002301048875206815,0.010297044041344013,0.004861416546949788,-0.0018860346332096956,-0.0053597817784333075,-0.004789454174590865,-0.009280766352294832,-0.009271537328674688,-0.007964458940476619,-0.011190352789730997,0.0429260368827774,0.010104125979775041,-0.015338006277207085,-0.0016032626655093436,0.009791997056481962,-0.007066390623584983,-0.0015854958123368474,-0.0004896145825324329,0.005795926641089393,0.003250376036753669,-0.0006970776726939714,-0.00932604400073377,-0.01150221297066482,0.0005535128783480789,0.0037041816686460647,0.002655126911282851,-0.00045006472694195847,-0.0019450061903494946,-0.006394006867479566,-0.015130187267812026,0.010104125979775041,0.02168953095871236,-0.009139941736605948,0.00046697010044287004,0.009815693610258813,-0.0020046251282701127,-0.008162374908479111,0.001981655232351908,0.006092101848047798,0.0010305224679230344,0.002504187578083229,-0.007004803670981065,-0.007082847462682671,0.006229678356771814,-0.0004734470453541679,0.004124953393757203,0.005611491861139507,0.006531594440790316,0.011497183298928116,0.00952935671309256,-0.015338006277207085,-0.009139941736605948,0.026425917610271535,0.0004698930214641371,-0.010748452937914484,0.007665480160423774,0.005115777747554874,0.0029271722160852274,-0.006994689957111477,0.0007760972518223179,-0.00189512770161019,0.005927216684360693,0.01600085309373165,-0.005613379046793745,-0.004327605893519668,-0.002805721608564827,-0.007918313587250323,0.004453525143405367,-0.0018313003559458185,0.0015808065600131163,-0.0016032626655093436,0.00046697010044287004,0.0004698930214641371,0.017150149424934712,0.003637391596467257,-0.00011635117759908116,0.005591925766001203,-0.00484853136743786,-0.003490836703068947,0.00045948108980910294,-0.004108790557540997,0.001694703390133946,-6.099839357310917e-6,0.00046127582670326957,-0.0034092943649804224,-0.005670196284398698,-0.0039457778806362385,-0.00223093548498706,-0.012153056014561844,-0.009665342459250156,0.009791997056481962,0.009815693610258813,-0.010748452937914484,0.003637391596467257,0.02999999101989121,-0.0012639729653566303,-0.0032269307088361975,-0.006410680489683126,0.006113442272627875,0.0012822507524943415,0.0005983257876483781,-0.005192365555210836,-0.014596292848352477,0.009048537187109284,0.0009609198020079364,-0.0011311448858652875,0.003043754588486545,0.004871901793934813,0.005005670063649761,0.0059937823798907625,-0.007066390623584983,-0.0020046251282701127,0.007665480160423774,-0.00011635117759908116,-0.0012639729653566303,0.014429114231134639,0.001844636642235781,-0.000643804673187519,-0.002785206818025526,0.0025108840326022955,0.00024037780623628187,0.005420636509302823,0.002109745356656789,-0.0030428392800375195,-0.0025435438447412094,-0.005039208005497415,-0.00816995179240687,0.0036251117628451042,0.001328499256480366,0.011294076144829163,-0.0015854958123368474,-0.008162374908479111,0.005115777747554874,0.005591925766001203,-0.0032269307088361975,0.001844636642235781,0.020565405761884852,-0.004817514760726794,-0.007771523218369578,-0.00015757694442263594,-0.00572316347149783,0.0033928669897623385,0.005667178338848833,-0.0026043506324695672,-0.002675291986633608,-0.00571221082893121,-0.007007796507630665,0.001251035912276286,0.002670191067385671,-0.0015261918565275302,-0.0004896145825324329,0.001981655232351908,0.0029271722160852274,-0.00484853136743786,-0.006410680489683126,-0.000643804673187519,-0.004817514760726794,0.015404834985090538,-0.0016560693500397424,0.0026043780269684514,-0.0013494292250056934,-0.002682956129988007,0.003533924267622791,-0.0024928707601942802,0.00326506980066804,0.0021828065512248833,0.0006805352994026635,-0.005946530997765539,-0.006061726294250494,-0.010749402595497445,0.005795926641089393,0.006092101848047798,-0.006994689957111477,-0.003490836703068947,0.006113442272627875,-0.002785206818025526,-0.007771523218369578,-0.0016560693500397424,0.022257923801024714,-0.001972175128027903,0.00588361206815439,-0.004895278447270576,-0.011315874633405828,0.0016346985042404215,0.004479007414573043,0.0029006864458925256,0.009141558735984264,0.00028691657575453293,0.002056139951043599,-0.002046033693646966,0.003250376036753669,0.0010305224679230344,0.0007760972518223179,0.00045948108980910294,0.0012822507524943415,0.0025108840326022955,-0.00015757694442263594,0.0026043780269684514,-0.001972175128027903,0.011428799449019957,-4.5793493953751884e-5,-0.0021121196396748487,-0.00019357613603851768,-0.0019148696335433047,-0.0006054999651524005,0.0013839736012724551,-0.0026484309484159697,-0.0010647275591991515,0.0018642872039742586,-0.002301048875206815,-0.0006970776726939714,0.002504187578083229,-0.00189512770161019,-0.004108790557540997,0.0005983257876483781,0.00024037780623628187,-0.00572316347149783,-0.0013494292250056934,0.00588361206815439,-4.5793493953751884e-5,0.014060294598104423,0.002981991816924152,-0.0017489212724732571,-0.0003257845920482496,-0.00023904599093033547,-0.0002650053726322402,0.000526589257902917,0.0011613794166191317,0.005490319993310551,0.010297044041344013,-0.00932604400073377,-0.007004803670981065,0.005927216684360693,0.001694703390133946,-0.005192365555210836,0.005420636509302823,0.0033928669897623385,-0.002682956129988007,-0.004895278447270576,-0.0021121196396748487,0.002981991816924152,0.02110122483517226,0.00616909778153564,-0.004694416952615682,-0.004667338447529356,-0.0014684049304218717,-0.00856496136352294,0.006859291125603861,0.011898000042473426,0.004861416546949788,-0.01150221297066482,-0.007082847462682671,0.01600085309373165,-6.099839357310917e-6,-0.014596292848352477,0.002109745356656789,0.005667178338848833,0.003533924267622791,-0.011315874633405828,-0.00019357613603851768,-0.0017489212724732571,0.00616909778153564,0.035292776948779164,-0.010719492126085584,-0.005873348938378544,0.0007123775327792632,-0.013913661850495317,0.00018727550460701566,-0.00585141060760308,-0.0018860346332096956,0.0005535128783480789,0.006229678356771814,-0.005613379046793745,0.00046127582670326957,0.009048537187109284,-0.0030428392800375195,-0.0026043506324695672,-0.0024928707601942802,0.0016346985042404215,-0.0019148696335433047,-0.0003257845920482496,-0.004694416952615682,-0.010719492126085584,0.023601716955783624,0.0006667609508948263,-0.003194259825349602,0.00665753293104032,-0.003410117542315943,-0.0033769600747562585,-0.0053597817784333075,0.0037041816686460647,-0.0004734470453541679,-0.004327605893519668,-0.0034092943649804224,0.0009609198020079364,-0.0025435438447412094,-0.002675291986633608,0.00326506980066804,0.004479007414573043,-0.0006054999651524005,-0.00023904599093033547,-0.004667338447529356,-0.005873348938378544,0.0006667609508948263,0.020940178389027852,0.0045461573751963795,0.0068037000989167205,-0.0024434767613876187,-0.0009510563465949062,-0.004789454174590865,0.002655126911282851,0.004124953393757203,-0.002805721608564827,-0.005670196284398698,-0.0011311448858652875,-0.005039208005497415,-0.00571221082893121,0.0021828065512248833,0.0029006864458925256,0.0013839736012724551,-0.0002650053726322402,-0.0014684049304218717,0.0007123775327792632,-0.003194259825349602,0.0045461573751963795,0.011331909447782893,0.0022298949272582204,-0.004003172624408624,-0.009183515794874416,-0.009280766352294832,-0.00045006472694195847,0.005611491861139507,-0.007918313587250323,-0.0039457778806362385,0.003043754588486545,-0.00816995179240687,-0.007007796507630665,0.0006805352994026635,0.009141558735984264,-0.0026484309484159697,0.000526589257902917,-0.00856496136352294,-0.013913661850495317,0.00665753293104032,0.0068037000989167205,0.0022298949272582204,0.036114196146676915
