0.102816654752861,0.032826683753684416,-0.004516930170405272,0.05785691004135628,-0.04714681373519154,-0.05765998270080736,0.010731822107450637,-0.05484836299875957,0.004878638356559236,0.016394096652953688,0.015431914385003409,-0.015411483369178903,-0.031686910805187776,-0.014709912216579591,0.020530689180944126,-0.03535697045591381,0.019585975363513666,0.06577615962601394,-0.020709138984609056,-0.01675881958634639,0.032826683753684416,0.0489998328823949,-0.008078156681772908,0.02635940005558335,-0.01529357516595491,-0.029925450596303832,0.005946545517922239,-0.014778793653343947,0.011448789964309683,-0.0013016237513418082,0.0008013929155024444,-0.014364731383280128,-0.01825509823314181,-0.0005973097919891783,0.005044461109843877,-0.011110069592265563,0.004993864948895211,0.022817137731646446,-0.01051446453544403,-0.009840755965373286,-0.004516930170405272,-0.008078156681772908,0.04542131929460171,-0.013231139241890028,0.0027299674758460074,0.012839994235900069,-0.01609148824411497,0.00774898265008956,-0.012233408739162363,0.010970916983027986,-0.007042410611532768,0.0034920767938181616,0.001158475188650252,-0.0030955176448624576,0.002314477391405985,0.004892620766061739,-0.009887650646275307,-0.0029308586388481776,0.0017144606608789003,-0.00011496093944134817,0.05785691004135628,0.02635940005558335,-0.013231139241890028,0.06006180132089031,-0.025685000316490132,-0.03918488926571995,0.0016616460549510065,-0.03522320289618601,0.005966258519467244,0.0053800790057007275,0.01258012265335131,-0.010430959448355724,-0.022265526764549112,-0.004585345222018309,0.010735427417205182,-0.021645938223528387,0.013982684993543486,0.040371850461209446,-0.010755321742934141,-0.006932474764933407,-0.04714681373519154,-0.01529357516595491,0.0027299674758460074,-0.025685000316490132,0.05202117207034909,0.030243989249659816,-0.009653420476097048,0.033129586201659636,0.0022980228226912444,-0.005914925388820633,-0.008740842442261023,0.009246444380183065,0.021150276523824833,0.003004622367774212,-0.005574970753399714,0.009217866980212567,-0.014656744489470692,-0.03597537964510651,0.00879579771826888,-0.007437633426217104,-0.05765998270080736,-0.029925450596303832,0.012839994235900069,-0.03918488926571995,0.030243989249659816,0.0619321007286045,-0.011581226648978753,0.03795417541878729,-0.016373673204399558,-0.004438124200367722,-0.009489549047281344,0.014493556272742798,0.027195536009670354,0.007745270506231838,-0.007422485396924804,0.02404026743851842,-0.022526273617661123,-0.043014959372137715,0.008890431918456457,0.006184294232432254,0.010731822107450637,0.005946545517922239,-0.01609148824411497,0.0016616460549510065,-0.009653420476097048,-0.011581226648978753,0.027972498970605907,-0.01582009451810603,0.006544572749237544,0.0007106231715402414,0.0028108809110584682,-0.010168662032849333,-0.00826710029164734,-0.0004745060018618995,-0.0008849960280545527,0.0025572853072844777,0.0026726285742476167,0.0037179447823957688,-0.00409896777891167,0.004483633706386773,-0.05484836299875957,-0.014778793653343947,0.00774898265008956,-0.03522320289618601,0.033129586201659636,0.03795417541878729,-0.01582009451810603,0.062338197676880064,-0.0007035971578766592,-0.014880067377196203,-0.01772569509072692,0.014856044980375106,0.0206264799454959,0.014351469949674109,-0.017559121300435562,0.019681564271454,-0.014716438493634784,-0.04792370308355917,0.012070973618807136,0.002044689083533115,0.004878638356559236,0.011448789964309683,-0.012233408739162363,0.005966258519467244,0.0022980228226912444,-0.016373673204399558,0.006544572749237544,-0.0007035971578766592,0.03209549376816396,-0.004519929041855844,-0.003151957623692336,-0.002643125835040532,-0.0019012891078441505,0.0033948718004613706,-0.005137551280968328,-0.001894081693856053,0.007057356143271614,-0.0009576486280845927,0.003026218502565957,-0.004546450080961472,0.016394096652953688,-0.0013016237513418082,0.010970916983027986,0.0053800790057007275,-0.005914925388820633,-0.004438124200367722,0.0007106231715402414,-0.014880067377196203,-0.004519929041855844,0.028565709611688382,-0.0021955464543091893,-0.00627874541359473,-0.009057322915894034,-0.006742134879154928,0.010700651938660774,-0.00325124417626982,-0.003878205730972575,0.017307875166911593,-0.004898272298354775,-0.002011937865677305,0.015431914385003409,0.0008013929155024444,-0.007042410611532768,0.01258012265335131,-0.008740842442261023,-0.009489549047281344,0.0028108809110584682,-0.01772569509072692,-0.003151957623692336,-0.0021955464543091893,0.023636705884754954,0.0012025142335485364,-0.00849439884992155,-0.0026853135426938,0.0003950948965247983,-0.005638108170652833,0.0040954784761011755,0.011722660908474548,-0.002172424132343997,0.005715036221817778,-0.015411483369178903,-0.014364731383280128,0.0034920767938181616,-0.010430959448355724,0.009246444380183065,0.014493556272742798,-0.010168662032849333,0.014856044980375106,-0.002643125835040532,-0.00627874541359473,0.0012025142335485364,0.031204593120270085,0.00511682479307503,0.003193416353009321,-0.0063459112483136345,0.008556678166302137,-0.009136056099897465,-0.01568214972124808,0.007072312822469401,0.0040763549318278535,-0.031686910805187776,-0.01825509823314181,0.001158475188650252,-0.022265526764549112,0.021150276523824833,0.027195536009670354,-0.00826710029164734,0.0206264799454959,-0.0019012891078441505,-0.009057322915894034,-0.00849439884992155,0.00511682479307503,0.03923484471121555,0.005775034295419147,-0.0037740257118923145,0.011723153472152345,-0.008211569772622909,-0.02668702798164205,0.005136244793776465,0.00239740363746572,-0.014709912216579591,-0.0005973097919891783,-0.0030955176448624576,-0.004585345222018309,0.003004622367774212,0.007745270506231838,-0.0004745060018618995,0.014351469949674109,0.0033948718004613706,-0.006742134879154928,-0.0026853135426938,0.003193416353009321,0.005775034295419147,0.01891249249675424,-0.004850618206078126,0.006662540674664965,-0.0005347715367079175,-0.00948382723595275,0.003913700321976963,0.0012913572496932437,0.020530689180944126,0.005044461109843877,0.002314477391405985,0.010735427417205182,-0.005574970753399714,-0.007422485396924804,-0.0008849960280545527,-0.017559121300435562,-0.005137551280968328,0.010700651938660774,0.0003950948965247983,-0.0063459112483136345,-0.0037740257118923145,-0.004850618206078126,0.028488888402372757,-0.009148138496170008,-0.00035791362586004165,0.01796026359521642,-0.010742577127086433,-0.005820826894040197,-0.03535697045591381,-0.011110069592265563,0.004892620766061739,-0.021645938223528387,0.009217866980212567,0.02404026743851842,0.0025572853072844777,0.019681564271454,-0.001894081693856053,-0.00325124417626982,-0.005638108170652833,0.008556678166302137,0.011723153472152345,0.006662540674664965,-0.009148138496170008,0.0351106947423915,-0.019752858909441597,-0.026637543102745753,0.004114472381529675,0.004287996875863049,0.019585975363513666,0.004993864948895211,-0.009887650646275307,0.013982684993543486,-0.014656744489470692,-0.022526273617661123,0.0026726285742476167,-0.014716438493634784,0.007057356143271614,-0.003878205730972575,0.0040954784761011755,-0.009136056099897465,-0.008211569772622909,-0.0005347715367079175,-0.00035791362586004165,-0.019752858909441597,0.040895681440659824,0.01806854043828826,0.0038551092458730986,0.008030067336003529,0.06577615962601394,0.022817137731646446,-0.0029308586388481776,0.040371850461209446,-0.03597537964510651,-0.043014959372137715,0.0037179447823957688,-0.04792370308355917,-0.0009576486280845927,0.017307875166911593,0.011722660908474548,-0.01568214972124808,-0.02668702798164205,-0.00948382723595275,0.01796026359521642,-0.026637543102745753,0.01806854043828826,0.07793298414331844,-0.01584693899728186,-0.007353513194046561,-0.020709138984609056,-0.01051446453544403,0.0017144606608789003,-0.010755321742934141,0.00879579771826888,0.008890431918456457,-0.00409896777891167,0.012070973618807136,0.003026218502565957,-0.004898272298354775,-0.002172424132343997,0.007072312822469401,0.005136244793776465,0.003913700321976963,-0.010742577127086433,0.004114472381529675,0.0038551092458730986,-0.01584693899728186,0.02504335201869386,0.0007810325434628557,-0.01675881958634639,-0.009840755965373286,-0.00011496093944134817,-0.006932474764933407,-0.007437633426217104,0.006184294232432254,0.004483633706386773,0.002044689083533115,-0.004546450080961472,-0.002011937865677305,0.005715036221817778,0.0040763549318278535,0.00239740363746572,0.0012913572496932437,-0.005820826894040197,0.004287996875863049,0.008030067336003529,-0.007353513194046561,0.0007810325434628557,0.03667711758788997
