0.027964046694999387,0.01071395389959388,0.0022865290722062967,0.012619627651932227,-0.00040681971794677717,-0.014673627915308702,0.004185485856988222,0.014414217693312147,-0.004542641274642349,-0.0022115789073664403,-0.00772552172959581,-0.011132309567129206,-0.0119845914715575,-0.00683514326009234,-0.00046898352528462886,0.01116378626021933,-0.009845275377683066,-0.006728363221214775,0.00465056563677642,0.01210252177983499,0.01071395389959388,0.03668369535703389,-0.0015623594833174626,0.0066849557225450796,-0.005546510550199375,-0.011714258527791108,0.0029337170539157653,0.017358159380373467,-0.0034954203460552434,-0.0007830495629601579,-0.0024788958090277984,-0.00847488397967287,-0.012572287713437057,-0.013223359021912144,-0.0020836529451077417,0.010546621638126375,-0.011428514474699189,-0.007729987275246024,0.013303349580955677,0.011873691686218608,0.0022865290722062967,-0.0015623594833174626,0.022089092483518723,-0.002719719502900098,0.001663479555371559,-0.0016938425612354631,-0.00131157584936257,0.0009900056437330594,-0.00024424638917303065,0.0008613400942587086,0.0016615217253223426,0.004887952095843914,-0.001296220902712008,0.0022734438224845956,-0.0032691552104555308,0.00046070881744911127,-0.0007314602608511412,0.0017348301759606572,0.0016770938491601447,-0.001818557874261784,0.012619627651932227,0.0066849557225450796,-0.002719719502900098,0.02729227288657076,-0.0023273913493904582,0.0021759972415185905,0.008596684379088435,0.004645097461122447,-0.0014313187718438098,0.0019687254672608187,-0.0005661539837261351,0.00011734879861441185,-0.0035662235820256155,-0.0030503894094170638,0.00034568512337478747,0.013805626334794409,0.003012786050495388,-0.003826804472867299,0.0008538855155698082,0.007776396238940596,-0.00040681971794677717,-0.005546510550199375,0.001663479555371559,-0.0023273913493904582,0.014685472771647291,0.0008862735217485109,-0.003752963666251585,-0.0048432910457970576,0.002588300216640427,0.002290023738834941,-0.00126301443052716,0.0019279197025549306,0.00481292177282195,0.003720912199111913,0.0009586950477923099,-0.003982218198184291,0.002010124406937602,0.00038584767699376024,-0.001615040258141276,-0.006705830220838336,-0.014673627915308702,-0.011714258527791108,-0.0016938425612354631,0.0021759972415185905,0.0008862735217485109,0.03321631847815688,-0.005912428842421203,-0.0170780820869228,0.0036845293757460876,-0.002628027327291775,0.009210695364407339,0.017948416009025442,0.009063444112463539,0.014381537884035782,0.00340358269335637,-0.001725892823680946,0.02544888802720422,0.008168496697642668,-0.007578991986519177,-0.012817246177841347,0.004185485856988222,0.0029337170539157653,-0.00131157584936257,0.008596684379088435,-0.003752963666251585,-0.005912428842421203,0.014648614824914133,0.007093571097216713,-0.001003376619783283,0.002647809512562072,-0.0018786043716661743,-0.009552023424577588,-0.002803625198124704,-0.0029784728208468282,0.004218675592735851,0.008415664284862494,-0.0018642699483649727,-0.0021158287982221934,0.0010652249233723122,0.002400711606099936,0.014414217693312147,0.017358159380373467,0.0009900056437330594,0.004645097461122447,-0.0048432910457970576,-0.0170780820869228,0.007093571097216713,0.03838928794197016,-0.0008458991970777749,-0.0023835127422721573,-0.008458966419833614,-0.01756027876327056,-0.010114115858122882,-0.014572713307577798,-0.002905767420858453,0.005956852660792134,-0.01864347525809313,-0.00951350635465614,0.013246645077251804,0.022950765396464904,-0.004542641274642349,-0.0034954203460552434,-0.00024424638917303065,-0.0014313187718438098,0.002588300216640427,0.0036845293757460876,-0.001003376619783283,-0.0008458991970777749,0.019589571058369715,0.006407290142107189,0.002522577530531662,0.007552503528771433,0.004803350684830751,0.0036632765294818586,0.004406087081553567,-0.01057657308892847,0.0013122153292309628,0.0039261236167651165,-0.0015992619829651518,-0.0025899785386005658,-0.0022115789073664403,-0.0007830495629601579,0.0008613400942587086,0.0019687254672608187,0.002290023738834941,-0.002628027327291775,0.002647809512562072,-0.0023835127422721573,0.006407290142107189,0.02040660019027109,0.006364809996888749,0.0014265966271393583,0.0022478026070278908,0.001239588334173338,0.008283588074384708,-0.0008515524552062416,0.0023426132592763134,-0.003709561751898771,0.002056679380420229,-0.005726052129450451,-0.00772552172959581,-0.0024788958090277984,0.0016615217253223426,-0.0005661539837261351,-0.00126301443052716,0.009210695364407339,-0.0018786043716661743,-0.008458966419833614,0.002522577530531662,0.006364809996888749,0.019783188937831635,0.007972037066731547,0.005887743701554193,0.008573638900015482,0.007425504150517273,-0.0010584851674923473,0.012974643559017101,0.0010640879863389897,0.0015136723732582413,-0.00640823297234576,-0.011132309567129206,-0.00847488397967287,0.004887952095843914,0.00011734879861441185,0.0019279197025549306,0.017948416009025442,-0.009552023424577588,-0.01756027876327056,0.007552503528771433,0.0014265966271393583,0.007972037066731547,0.030297202570911796,0.0037278746485541166,0.010339982263795369,0.0010851048676105252,-0.00333454088188932,0.01565561417356339,0.010350624045998806,-0.006271193836840284,-0.00948002643708592,-0.0119845914715575,-0.012572287713437057,-0.001296220902712008,-0.0035662235820256155,0.00481292177282195,0.009063444112463539,-0.002803625198124704,-0.010114115858122882,0.004803350684830751,0.0022478026070278908,0.005887743701554193,0.0037278746485541166,0.028244064287162675,0.013383173381577648,0.008156432145624445,-0.010817180476401655,0.010580831125116565,0.004486698650322113,-0.006745108208138621,-0.011119706777469485,-0.00683514326009234,-0.013223359021912144,0.0022734438224845956,-0.0030503894094170638,0.003720912199111913,0.014381537884035782,-0.0029784728208468282,-0.014572713307577798,0.0036632765294818586,0.001239588334173338,0.008573638900015482,0.010339982263795369,0.013383173381577648,0.024220358017373413,0.005408317490987578,-0.005626600778035666,0.014293664987791352,0.008863292559985022,-0.006200467733191068,-0.01215833892960631,-0.00046898352528462886,-0.0020836529451077417,-0.0032691552104555308,0.00034568512337478747,0.0009586950477923099,0.00340358269335637,0.004218675592735851,-0.002905767420858453,0.004406087081553567,0.008283588074384708,0.007425504150517273,0.0010851048676105252,0.008156432145624445,0.005408317490987578,0.02381931550157949,-0.0060621735053703,0.006597205205993333,-0.002334659953734676,-0.001070531188295345,-0.004461139865524056,0.01116378626021933,0.010546621638126375,0.00046070881744911127,0.013805626334794409,-0.003982218198184291,-0.001725892823680946,0.008415664284862494,0.005956852660792134,-0.01057657308892847,-0.0008515524552062416,-0.0010584851674923473,-0.00333454088188932,-0.010817180476401655,-0.005626600778035666,-0.0060621735053703,0.03645719795254405,0.0010527418085461968,-0.0019500107280977135,0.007738381517989898,0.007307803871790041,-0.009845275377683066,-0.011428514474699189,-0.0007314602608511412,0.003012786050495388,0.002010124406937602,0.02544888802720422,-0.0018642699483649727,-0.01864347525809313,0.0013122153292309628,0.0023426132592763134,0.012974643559017101,0.01565561417356339,0.010580831125116565,0.014293664987791352,0.006597205205993333,0.0010527418085461968,0.035566427344948436,0.004859046914952437,-0.007011578186811003,-0.013634016930868114,-0.006728363221214775,-0.007729987275246024,0.0017348301759606572,-0.003826804472867299,0.00038584767699376024,0.008168496697642668,-0.0021158287982221934,-0.00951350635465614,0.0039261236167651165,-0.003709561751898771,0.0010640879863389897,0.010350624045998806,0.004486698650322113,0.008863292559985022,-0.002334659953734676,-0.0019500107280977135,0.004859046914952437,0.021625261000151795,-0.006693481541346557,-0.0029322960287803956,0.00465056563677642,0.013303349580955677,0.0016770938491601447,0.0008538855155698082,-0.001615040258141276,-0.007578991986519177,0.0010652249233723122,0.013246645077251804,-0.0015992619829651518,0.002056679380420229,0.0015136723732582413,-0.006271193836840284,-0.006745108208138621,-0.006200467733191068,-0.001070531188295345,0.007738381517989898,-0.007011578186811003,-0.006693481541346557,0.024559835653990343,0.009502913014175302,0.01210252177983499,0.011873691686218608,-0.001818557874261784,0.007776396238940596,-0.006705830220838336,-0.012817246177841347,0.002400711606099936,0.022950765396464904,-0.0025899785386005658,-0.005726052129450451,-0.00640823297234576,-0.00948002643708592,-0.011119706777469485,-0.01215833892960631,-0.004461139865524056,0.007307803871790041,-0.013634016930868114,-0.0029322960287803956,0.009502913014175302,0.03268439941549279
