0.016644999369588284,0.0028415077754395525,0.006157809598258545,0.005091073397072685,0.004880812627428085,0.006906343716328237,0.002510497574128057,-0.00040017313893591397,0.000653846415022563,-0.0022572536677719227,3.5075344585615506e-5,0.003932253511011215,-0.0009369538090634112,-0.0013488285640157415,0.0026229243379470007,-0.0015007268344681608,-0.0043426908217840746,-0.003709991328155178,-0.0052157379147097374,-0.0040250922271311395,0.0028415077754395525,0.014451577349939267,0.002232684513408565,-0.0012818706088307428,-0.0002353733743142085,0.0006026729302829137,0.002035479760053749,0.002697368239107885,0.0007572592686882385,0.0009881051688052284,0.0016609440050795714,-0.0019313196917256758,-0.00371222157264863,-0.00274689569793157,-0.006383319649354603,-0.0037182452272092595,-0.0020172852119568325,-0.0018253569955062414,0.00326977079290714,-0.0016919168879832925,0.006157809598258545,0.002232684513408565,0.021937923643790384,-0.0014629268402768202,0.0007373019303003911,0.0017724637462681859,0.0029747158671850652,-0.0010986120220010576,-0.002823324979916609,0.002652358489274551,0.0003265417948837678,-0.0020820913592853735,0.004098295863812843,-0.0003765868213435775,-0.0035266559471106747,-0.004716382909746985,-0.004631453436010748,-0.008375715820466811,0.0034477086364174342,-0.006207989597400624,0.005091073397072685,-0.0012818706088307428,-0.0014629268402768202,0.015118843774491329,0.0007230237178464431,0.0011199130137604701,0.0018491349832821147,-0.002653155061704914,0.002067178260812186,-0.0020220533899294223,-0.004174226400390674,0.000779308186884598,0.005012427105391937,-0.00294972846588164,-0.004053572678520348,0.003492567772342239,-0.0008473961005910762,0.0019570366313578025,-0.000660325212612182,-0.007980708935649367,0.004880812627428085,-0.0002353733743142085,0.0007373019303003911,0.0007230237178464431,0.017014634841955614,-0.00012147635398863112,0.004807532512714201,-0.0011531890885688742,-0.00045839285479206787,-0.0010968285165932994,7.171182828564537e-6,0.002107885720919563,0.0013412606319003467,-0.0025543247010833083,0.0017195516819990442,0.0015364174436060096,-0.0005513437749483593,-0.0012768915079291207,-0.005933976628898921,-0.007932201921979382,0.006906343716328237,0.0006026729302829137,0.0017724637462681859,0.0011199130137604701,-0.00012147635398863112,0.012967818362610297,0.001534237195385047,-0.004448203835717588,-0.0012656874266704767,-0.0008851525505631582,0.00038538827916792463,-0.00043967142612379227,-0.0014125728679453757,-0.003685164832977177,-0.0003194078177375019,-0.0010876874558088387,-0.0007233931918011055,0.0008667053201692175,-0.0007365456719316016,-0.002737378024423729,0.002510497574128057,0.002035479760053749,0.0029747158671850652,0.0018491349832821147,0.004807532512714201,0.001534237195385047,0.0234943384228735,-0.001956525825045313,0.000668709749719895,-0.00011304637615677646,-0.0018300252078216127,0.002993416548896663,0.004137535108721578,-0.006693179109907656,-0.0049644110311964414,-0.002927593745841916,0.0031612448773454525,-0.004503459344512267,-0.0051238018855901705,-0.0044655395284904234,-0.00040017313893591397,0.002697368239107885,-0.0010986120220010576,-0.002653155061704914,-0.0011531890885688742,-0.004448203835717588,-0.001956525825045313,0.03128465217260599,-0.0011819433065006814,-0.010626911710193164,0.008196698151285722,0.003095059264045065,-0.0071869664380535886,0.0008850285180618295,-0.003487180860890046,2.9851910425461202e-5,0.0010995202143320244,-0.009465247740331834,-0.002241032217392685,0.005119232749750059,0.000653846415022563,0.0007572592686882385,-0.002823324979916609,0.002067178260812186,-0.00045839285479206787,-0.0012656874266704767,0.000668709749719895,-0.0011819433065006814,0.01566130759893057,0.0019055331539023944,-0.0009278184490173872,0.0011817539756900446,-0.00021116542999232492,0.0004624366897486386,0.00042560633556169023,0.0011508388786883633,-0.0010377548149227889,-0.00022611823136630207,-0.0015013934280829681,0.0023619396424139306,-0.0022572536677719227,0.0009881051688052284,0.002652358489274551,-0.0020220533899294223,-0.0010968285165932994,-0.0008851525505631582,-0.00011304637615677646,-0.010626911710193164,0.0019055331539023944,0.026275625777150872,-0.0025973160193756934,-0.009124410940086349,-0.001762791684324555,0.0013046588570867325,-0.0008874722244487585,-0.007811764443554491,0.0008139053682848891,0.0031936558068554654,0.00917356835891686,-0.0033827057847850813,3.5075344585615506e-5,0.0016609440050795714,0.0003265417948837678,-0.004174226400390674,7.171182828564537e-6,0.00038538827916792463,-0.0018300252078216127,0.008196698151285722,-0.0009278184490173872,-0.0025973160193756934,0.02781727112717628,0.006683279820899743,-0.0018108281926798413,0.001615353357014249,-0.0013342279412864705,-0.0005682717634990459,-0.0006831114440314682,-0.00638701954494883,-0.0036662832447560733,0.0014412005268012304,0.003932253511011215,-0.0019313196917256758,-0.0020820913592853735,0.000779308186884598,0.002107885720919563,-0.00043967142612379227,0.002993416548896663,0.003095059264045065,0.0011817539756900446,-0.009124410940086349,0.006683279820899743,0.024080656015784026,0.004000923446196281,-0.0025814334218169327,0.00033076942381002783,0.0016991346688839907,-0.0014129813787907577,-0.004061588060792015,-0.006110409750256608,0.00036421806493066363,-0.0009369538090634112,-0.00371222157264863,0.004098295863812843,0.005012427105391937,0.0013412606319003467,-0.0014125728679453757,0.004137535108721578,-0.0071869664380535886,-0.00021116542999232492,-0.001762791684324555,-0.0018108281926798413,0.004000923446196281,0.027561511448383428,0.0015127783638018424,0.0002805446443362449,0.0034347843420900245,0.0007419761947150511,-0.0006894726248633644,-0.0034127611645595837,-0.0031639947018135273,-0.0013488285640157415,-0.00274689569793157,-0.0003765868213435775,-0.00294972846588164,-0.0025543247010833083,-0.003685164832977177,-0.006693179109907656,0.0008850285180618295,0.0004624366897486386,0.0013046588570867325,0.001615353357014249,-0.0025814334218169327,0.0015127783638018424,0.026034388692893654,0.0033795513323807537,0.002813942298006687,-0.003901448387385653,0.007657955226701492,-0.0011322182192172216,0.0066816356079851015,0.0026229243379470007,-0.006383319649354603,-0.0035266559471106747,-0.004053572678520348,0.0017195516819990442,-0.0003194078177375019,-0.0049644110311964414,-0.003487180860890046,0.00042560633556169023,-0.0008874722244487585,-0.0013342279412864705,0.00033076942381002783,0.0002805446443362449,0.0033795513323807537,0.02170332669693536,0.003023395496392713,0.0018076803571686769,0.006918717294615451,-0.002108691142532296,0.0011973796338673954,-0.0015007268344681608,-0.0037182452272092595,-0.004716382909746985,0.003492567772342239,0.0015364174436060096,-0.0010876874558088387,-0.002927593745841916,2.9851910425461202e-5,0.0011508388786883633,-0.007811764443554491,-0.0005682717634990459,0.0016991346688839907,0.0034347843420900245,0.002813942298006687,0.003023395496392713,0.020256264894805635,-0.0036264661643682673,0.005650764392027028,-0.008243714229158431,0.0030737440992718427,-0.0043426908217840746,-0.0020172852119568325,-0.004631453436010748,-0.0008473961005910762,-0.0005513437749483593,-0.0007233931918011055,0.0031612448773454525,0.0010995202143320244,-0.0010377548149227889,0.0008139053682848891,-0.0006831114440314682,-0.0014129813787907577,0.0007419761947150511,-0.003901448387385653,0.0018076803571686769,-0.0036264661643682673,0.01784098580399335,0.00040329872468316966,0.0036235407920708297,-0.00031983382300558767,-0.003709991328155178,-0.0018253569955062414,-0.008375715820466811,0.0019570366313578025,-0.0012768915079291207,0.0008667053201692175,-0.004503459344512267,-0.009465247740331834,-0.00022611823136630207,0.0031936558068554654,-0.00638701954494883,-0.004061588060792015,-0.0006894726248633644,0.007657955226701492,0.006918717294615451,0.005650764392027028,0.00040329872468316966,0.026528740943992542,-0.003921588015330202,0.002161446030186261,-0.0052157379147097374,0.00326977079290714,0.0034477086364174342,-0.000660325212612182,-0.005933976628898921,-0.0007365456719316016,-0.0051238018855901705,-0.002241032217392685,-0.0015013934280829681,0.00917356835891686,-0.0036662832447560733,-0.006110409750256608,-0.0034127611645595837,-0.0011322182192172216,-0.002108691142532296,-0.008243714229158431,0.0036235407920708297,-0.003921588015330202,0.028914458248310643,0.0023082498809500816,-0.0040250922271311395,-0.0016919168879832925,-0.006207989597400624,-0.007980708935649367,-0.007932201921979382,-0.002737378024423729,-0.0044655395284904234,0.005119232749750059,0.0023619396424139306,-0.0033827057847850813,0.0014412005268012304,0.00036421806493066363,-0.0031639947018135273,0.0066816356079851015,0.0011973796338673954,0.0030737440992718427,-0.00031983382300558767,0.002161446030186261,0.0023082498809500816,0.029461086705969797
