0.21254125196220608,-0.03794040622655255,0.17311194874140334,0.041078215690472104,0.007752670082165616,-0.05778750769978945,-0.0017063227664328917,-0.07574742216923994,-0.0531739592277892,0.06993904112759135,0.1893169049122357,0.09688932372750156,0.02933615202927015,-0.08475385872049715,-0.16531716643254896,0.019701525202768175,-0.041035713173889966,0.006368776886537518,-0.129185646396834,-0.12739930396488588,-0.03794040622655255,0.05074208188111762,-0.03395008405194573,-0.03465877633506328,-0.005464600758888591,0.0012230811336549309,-0.010287676375143889,0.028265215791026976,0.014367522986346363,-0.01285742831223072,-0.05028519125285251,-0.039086717108706995,-0.008959105922904605,0.01040757749915382,0.05164288473412493,0.015799734013114096,0.019334338173594028,-0.004876489114607013,0.018949201949546718,0.03299769352887187,0.17311194874140334,-0.03395008405194573,0.22642672697924918,0.03335497447314752,0.03736762395963582,-0.06718536720456132,-0.0004374922803169146,-0.07046778889566291,-0.07637609808399567,0.08481416767525879,0.22430750371312602,0.12411390297765915,0.013329634462495,-0.10910086853679253,-0.1882400150615224,-0.007270518687603823,-0.04764891517802636,0.029365757623002316,-0.11352324353623831,-0.1271242544887874,0.041078215690472104,-0.03465877633506328,0.03335497447314752,0.06131433567479543,-0.002501874617263518,-0.010174593651068972,0.005740207350632019,-0.02437363467176929,-0.0231324205295442,0.005518883349781428,0.04533792032127846,0.039094551381479874,0.018366922412858675,-0.020006070848134667,-0.03813140969363203,-0.009520658688002958,-0.014168002799925064,0.014654594668571913,-0.04693756791291022,-0.033326143694058966,0.007752670082165616,-0.005464600758888591,0.03736762395963582,-0.002501874617263518,0.03289573182640774,-0.006879038657638687,-0.0010960139426302224,-0.0127965256662646,-0.01994347846927928,0.011165373260110304,0.030201820887460616,0.020476980478840612,0.0013257675535646803,-0.015769011310856246,-0.02779212636306732,0.0010876562536857428,-0.0004130143201924152,0.01178868726381453,-0.0074965734990669955,-0.0026513930340444723,-0.05778750769978945,0.0012230811336549309,-0.06718536720456132,-0.010174593651068972,-0.006879038657638687,0.05687996623836835,0.007739874374750492,0.025823349996458113,0.0358788491484667,-0.021805732853874677,-0.0870784923719423,-0.050360073572420325,-0.008482918653147068,0.0504960324222643,0.049017407947951924,-0.021557693915956314,0.015964413762534886,-0.0005164670681921881,0.046988303917367004,0.02466940548479156,-0.0017063227664328917,-0.010287676375143889,-0.0004374922803169146,0.005740207350632019,-0.0010960139426302224,0.007739874374750492,0.04393005671578537,-0.019727794214376825,-0.015557117927259122,0.015445547293873423,-0.00541214780656428,-0.0014232520773755954,0.016584911511311015,0.011151034162533238,0.00017427150594165406,-0.021768395059776527,-0.002242376571290188,0.006489925351646536,-0.007333316646547519,-0.012128450540010226,-0.07574742216923994,0.028265215791026976,-0.07046778889566291,-0.02437363467176929,-0.0127965256662646,0.025823349996458113,-0.019727794214376825,0.07828620505672239,0.0464044246396639,-0.04261924494308198,-0.07334812320069362,-0.041623619113186655,-0.028195647979720014,0.018176425453195123,0.06514504250923933,-0.011359136510006772,0.027429034099815862,-0.011680265638273485,0.06213930433778705,0.038104732367825946,-0.0531739592277892,0.014367522986346363,-0.07637609808399567,-0.0231324205295442,-0.01994347846927928,0.0358788491484667,-0.015557117927259122,0.0464044246396639,0.09526060927286562,-0.036162540579595996,-0.10673123929349651,-0.0585381386916794,-0.034294948003636534,0.03634934549017443,0.055829195305862334,0.004086655731810983,0.02275448476645195,-0.02718741237888736,0.06879670129516699,0.03478417291621856,0.06993904112759135,-0.01285742831223072,0.08481416767525879,0.005518883349781428,0.011165373260110304,-0.021805732853874677,0.015445547293873423,-0.04261924494308198,-0.036162540579595996,0.07120959718677825,0.08061998508794335,0.025619699032175335,0.00812418039963758,-0.02945155218808257,-0.08450265144129332,-0.0073133276653838,-0.014406431726500812,0.0171531143079411,-0.04404757409335282,-0.06567707319504063,0.1893169049122357,-0.05028519125285251,0.22430750371312602,0.04533792032127846,0.030201820887460616,-0.0870784923719423,-0.00541214780656428,-0.07334812320069362,-0.10673123929349651,0.08061998508794335,0.34324062067198846,0.1737672770419682,0.026223670709723992,-0.1307866809217681,-0.2141237774427967,-0.004101219056240214,-0.07533626300639926,0.037751268510092466,-0.13287358976364838,-0.1445911886550168,0.09688932372750156,-0.039086717108706995,0.12411390297765915,0.039094551381479874,0.020476980478840612,-0.050360073572420325,-0.0014232520773755954,-0.041623619113186655,-0.0585381386916794,0.025619699032175335,0.1737672770419682,0.12630407315318648,0.02390730801313385,-0.07099490751034218,-0.11454961513026013,-0.0036981905606607197,-0.04549927096258982,0.019913011459971482,-0.08658814729505952,-0.06795077451758197,0.02933615202927015,-0.008959105922904605,0.013329634462495,0.018366922412858675,0.0013257675535646803,-0.008482918653147068,0.016584911511311015,-0.028195647979720014,-0.034294948003636534,0.00812418039963758,0.026223670709723992,0.02390730801313385,0.04632852528408666,-0.0039779408155323735,-0.016092099069101064,0.009605745208435448,-0.014269782587511447,0.01075958917358255,-0.03854329749713904,-0.008122689909889094,-0.08475385872049715,0.01040757749915382,-0.10910086853679253,-0.020006070848134667,-0.015769011310856246,0.0504960324222643,0.011151034162533238,0.018176425453195123,0.03634934549017443,-0.02945155218808257,-0.1307866809217681,-0.07099490751034218,-0.0039779408155323735,0.09105394778104783,0.09363965452097138,-0.007682460478822783,0.01607385348740164,-0.013052314383035685,0.06311067767835038,0.058831313410071195,-0.16531716643254896,0.05164288473412493,-0.1882400150615224,-0.03813140969363203,-0.02779212636306732,0.049017407947951924,0.00017427150594165406,0.06514504250923933,0.055829195305862334,-0.08450265144129332,-0.2141237774427967,-0.11454961513026013,-0.016092099069101064,0.09363965452097138,0.20655420500803792,0.0058489067144999905,0.047462559709215896,-0.031020051127363252,0.10609306397993848,0.13485650677024924,0.019701525202768175,0.015799734013114096,-0.007270518687603823,-0.009520658688002958,0.0010876562536857428,-0.021557693915956314,-0.021768395059776527,-0.011359136510006772,0.004086655731810983,-0.0073133276653838,-0.004101219056240214,-0.0036981905606607197,0.009605745208435448,-0.007682460478822783,0.0058489067144999905,0.0634209906378097,0.0037550165690942144,-0.010364932862228494,-0.01862437248199568,0.02061296171987608,-0.041035713173889966,0.019334338173594028,-0.04764891517802636,-0.014168002799925064,-0.0004130143201924152,0.015964413762534886,-0.002242376571290188,0.027429034099815862,0.02275448476645195,-0.014406431726500812,-0.07533626300639926,-0.04549927096258982,-0.014269782587511447,0.01607385348740164,0.047462559709215896,0.0037550165690942144,0.043527723407879505,-0.008571806277456785,0.03528177077499457,0.03527166609761244,0.006368776886537518,-0.004876489114607013,0.029365757623002316,0.014654594668571913,0.01178868726381453,-0.0005164670681921881,0.006489925351646536,-0.011680265638273485,-0.02718741237888736,0.0171531143079411,0.037751268510092466,0.019913011459971482,0.01075958917358255,-0.013052314383035685,-0.031020051127363252,-0.010364932862228494,-0.008571806277456785,0.03913093857812016,-0.025082840661608798,-0.017742869016524963,-0.129185646396834,0.018949201949546718,-0.11352324353623831,-0.04693756791291022,-0.0074965734990669955,0.046988303917367004,-0.007333316646547519,0.06213930433778705,0.06879670129516699,-0.04404757409335282,-0.13287358976364838,-0.08658814729505952,-0.03854329749713904,0.06311067767835038,0.10609306397993848,-0.01862437248199568,0.03528177077499457,-0.025082840661608798,0.13386598722033,0.07782008288326431,-0.12739930396488588,0.03299769352887187,-0.1271242544887874,-0.033326143694058966,-0.0026513930340444723,0.02466940548479156,-0.012128450540010226,0.038104732367825946,0.03478417291621856,-0.06567707319504063,-0.1445911886550168,-0.06795077451758197,-0.008122689909889094,0.058831313410071195,0.13485650677024924,0.02061296171987608,0.03527166609761244,-0.017742869016524963,0.07782008288326431,0.1277163744143006
0.11390493820286653,-0.022532749271103172,0.06330801328988639,-0.010969181897521784,-0.00285999023454732,0.009841030969219467,-0.002268099593185271,-0.017408608828242973,-0.001121868670383332,0.055422470392135825,0.050526756030393964,0.024585594633763218,0.010314491666893919,-0.01243979293039886,-0.09191899474363925,-0.005734965520959234,-0.007560821613965346,-0.007826782474367527,-0.047718029052336325,-0.07577179126103947,-0.022532749271103172,0.02807238843556718,-0.022255854460262847,-0.01735940853565222,-0.005608958757839375,-0.005162153836444981,0.006720025369471136,-0.003584099196818997,0.002155218030824417,-0.007856130127843041,-0.020337877024903916,-0.020532589403680378,0.009277753459136843,0.016508740297650523,0.03128201355115236,0.009589511720770525,-0.005839841962805313,-0.006665832805110694,0.011295125733394334,0.019265005521802048,0.06330801328988639,-0.022255854460262847,0.10746385612328815,0.01592141403682174,0.01841301796616327,0.013233003144347704,-0.005535928483693709,0.004133666961478229,-0.02509262256715379,0.036278708828319135,0.04359308225202622,0.03630184732422639,-0.009810787460357958,-0.03720802363802173,-0.0865068520832056,-0.03909689582738925,-0.003244085130222703,0.015516939257824644,-0.04168994978729892,-0.05609374879107574,-0.010969181897521784,-0.01735940853565222,0.01592141403682174,0.05039047850840606,0.014984279119300607,0.003592293265287514,-0.013562804325498775,0.014643272627096015,-0.000864698617722519,-0.018740532305204186,0.003986339053833547,0.016290126590533558,-0.01268931867521629,-0.024087131659548903,-0.01094674776805268,-0.003497906436490379,0.01838724222729702,0.015192002299475149,-0.01690246528176121,0.002366159198991704,-0.00285999023454732,-0.005608958757839375,0.01841301796616327,0.014984279119300607,0.024774501264509766,0.009940213426833077,-0.0020317435924009524,-0.002872490086466072,0.0014817097518800356,0.0018288802568567008,-0.0017803042143087343,-0.0009095855680582648,-0.01432278158192126,-0.011146979173624373,-0.015592022118937576,-0.010420921119131834,0.015378299543630871,0.013579907930560142,-0.003553428959956308,-0.006051105913822475,0.009841030969219467,-0.005162153836444981,0.013233003144347704,0.003592293265287514,0.009940213426833077,0.03503952696824897,0.008153032526493862,-0.0022109138481377307,0.00944338157603726,0.008989742811484527,-0.002256378463241613,-0.013096480305616783,-0.013599720071905574,0.001813104246474291,-0.014546565220219602,-0.016999564489190027,0.016650840846606535,0.0094033861444124,-0.00032160266298366134,-0.01659436787674358,-0.002268099593185271,0.006720025369471136,-0.005535928483693709,-0.013562804325498775,-0.0020317435924009524,0.008153032526493862,0.03740515863026868,-0.010781185592257929,0.00998730695228028,0.01568260169300599,-0.011246659569212128,-0.021266489341070623,-0.004679863559421163,0.01005659671617476,-0.00016096220334675443,-0.018358703273168946,0.0036027797104371435,-0.0007108769738183554,0.007998137814307457,-0.007887481460497982,-0.017408608828242973,-0.003584099196818997,0.004133666961478229,0.014643272627096015,-0.002872490086466072,-0.0022109138481377307,-0.010781185592257929,0.042790207328781804,-0.010298377056502996,-0.02086147873182869,0.005704440748216328,0.016266651597642894,-0.000746081961490256,-0.009295570051240104,0.012491844995184366,-0.006557517524395897,-0.007661428663045248,-0.0017819469452894092,-0.005416511308700942,0.010346958410771885,-0.001121868670383332,0.002155218030824417,-0.02509262256715379,-0.000864698617722519,0.0014817097518800356,0.00944338157603726,0.00998730695228028,-0.010298377056502996,0.03408932050415613,-0.0008138360301373506,-0.018259046320859486,-0.011538029740409413,-0.004540225943536842,0.012391431329308752,0.00590008682775058,0.008793282999192705,0.011102915529125396,0.0008538632587160703,0.009028505916448486,-0.00262384978550814,0.055422470392135825,-0.007856130127843041,0.036278708828319135,-0.018740532305204186,0.0018288802568567008,0.008989742811484527,0.01568260169300599,-0.02086147873182869,-0.0008138360301373506,0.06565413331531303,0.02325314915964794,-0.005678568254340029,-0.0030760318758398407,0.008294125304471062,-0.052780185137166896,-0.025216561976567686,0.002462123657710838,0.0012312306985122578,-0.01446332295795349,-0.049475771923578576,0.050526756030393964,-0.020337877024903916,0.04359308225202622,0.003986339053833547,-0.0017803042143087343,-0.002256378463241613,-0.011246659569212128,0.005704440748216328,-0.018259046320859486,0.02325314915964794,0.0742159810455447,0.03678749931651748,-0.0016866846369046847,-0.029220139320164325,-0.057171552216929086,-0.011271806747658129,-0.0077983160090618325,0.006157111718263204,-0.03161708892372937,-0.03955361917081203,0.024585594633763218,-0.020532589403680378,0.03630184732422639,0.016290126590533558,-0.0009095855680582648,-0.013096480305616783,-0.021266489341070623,0.016266651597642894,-0.011538029740409413,-0.005678568254340029,0.03678749931651748,0.06662177759785476,0.010242666766324413,-0.030647705581933624,-0.03932734285487084,0.00032739272619281684,-0.006215131286706572,0.0027422242401132684,-0.03492751844556714,-0.018064074208344202,0.010314491666893919,0.009277753459136843,-0.009810787460357958,-0.01268931867521629,-0.01432278158192126,-0.013599720071905574,-0.004679863559421163,-0.000746081961490256,-0.004540225943536842,-0.0030760318758398407,-0.0016866846369046847,0.010242666766324413,0.046059857429784454,0.0036676714512727895,0.004221938393627146,0.01904500442430901,-0.0243629402482879,-0.015595675646681257,-0.004499146319968938,0.006284630840296367,-0.01243979293039886,0.016508740297650523,-0.03720802363802173,-0.024087131659548903,-0.011146979173624373,0.001813104246474291,0.01005659671617476,-0.009295570051240104,0.012391431329308752,0.008294125304471062,-0.029220139320164325,-0.030647705581933624,0.0036676714512727895,0.05069067336922219,0.038584296199420665,0.008022610741063559,-0.0016767204144300398,-0.010729429071955034,0.028393850166859046,0.01793597204869201,-0.09191899474363925,0.03128201355115236,-0.0865068520832056,-0.01094674776805268,-0.015592022118937576,-0.014546565220219602,-0.00016096220334675443,0.012491844995184366,0.00590008682775058,-0.052780185137166896,-0.057171552216929086,-0.03932734285487084,0.004221938393627146,0.038584296199420665,0.13638563383742527,0.03153099618684964,-0.006984218350533266,-0.01304364260460085,0.05419107878704595,0.0840248165061438,-0.005734965520959234,0.009589511720770525,-0.03909689582738925,-0.003497906436490379,-0.010420921119131834,-0.016999564489190027,-0.018358703273168946,-0.006557517524395897,0.008793282999192705,-0.025216561976567686,-0.011271806747658129,0.00032739272619281684,0.01904500442430901,0.008022610741063559,0.03153099618684964,0.06487989724501564,-0.004988556554417328,-0.019245917626139298,-0.0001633819857525963,0.03013517346243824,-0.007560821613965346,-0.005839841962805313,-0.003244085130222703,0.01838724222729702,0.015378299543630871,0.016650840846606535,0.0036027797104371435,-0.007661428663045248,0.011102915529125396,0.002462123657710838,-0.0077983160090618325,-0.006215131286706572,-0.0243629402482879,-0.0016767204144300398,-0.006984218350533266,-0.004988556554417328,0.045614061481842036,0.013570858129928504,0.0053990178560300705,0.0020251365105981582,-0.007826782474367527,-0.006665832805110694,0.015516939257824644,0.015192002299475149,0.013579907930560142,0.0094033861444124,-0.0007108769738183554,-0.0017819469452894092,0.0008538632587160703,0.0012312306985122578,0.006157111718263204,0.0027422242401132684,-0.015595675646681257,-0.010729429071955034,-0.01304364260460085,-0.019245917626139298,0.013570858129928504,0.03329181155136137,-0.003971863195524737,-0.0065401758956609695,-0.047718029052336325,0.011295125733394334,-0.04168994978729892,-0.01690246528176121,-0.003553428959956308,-0.00032160266298366134,0.007998137814307457,-0.005416511308700942,0.009028505916448486,-0.01446332295795349,-0.03161708892372937,-0.03492751844556714,-0.004499146319968938,0.028393850166859046,0.05419107878704595,-0.0001633819857525963,0.0053990178560300705,-0.003971863195524737,0.06745076729461225,0.037523993643858514,-0.07577179126103947,0.019265005521802048,-0.05609374879107574,0.002366159198991704,-0.006051105913822475,-0.01659436787674358,-0.007887481460497982,0.010346958410771885,-0.00262384978550814,-0.049475771923578576,-0.03955361917081203,-0.018064074208344202,0.006284630840296367,0.01793597204869201,0.0840248165061438,0.03013517346243824,0.0020251365105981582,-0.0065401758956609695,0.037523993643858514,0.08384282086962391
