0.026451186871591363,0.006120523852236548,0.006455169767533539,0.007675903888275746,0.004500742319024595,0.009054730371140539,-0.0038401892220480552,0.006300019932483613,-0.00012844783530532506,-0.004711738879704653,-0.0007517932469594096,0.004491898827630479,-0.0025802855975382358,0.0054133060813625795,0.003633358212086807,-0.0013685228306206045,-0.010440254808478357,8.110198005713928e-5,-0.01302365106410613,-0.0027569000212365117,0.006120523852236548,0.015463811720488467,0.005927326809490074,-0.002807822204480457,0.0018916568831980982,0.0021830582694933104,0.0028080370357447173,0.002839247621974036,0.0019251402804896815,0.003247973885836002,0.0018868623465833902,-0.0024440016401603023,-0.00768981933997739,-0.0024193201803763306,-0.0029720273904106035,-0.0037292750178672396,-0.0014470708108115502,-0.00012086970726682728,0.006299917277036035,-0.002123197034416438,0.006455169767533539,0.005927326809490074,0.03134365728742965,-0.006693078472903827,-0.0021046095711307194,0.004200702135119021,0.005403314928278632,-0.003653882731292913,-0.0038345254147196368,0.0028441533089868408,0.005222272944952174,-9.193896827717109e-5,0.0013756375775040098,-0.005440457266464674,-0.0035406786405852014,-0.0010364104851002336,-0.0007647750216688262,-0.01634015002088937,0.01003801364363754,-0.007747894410398295,0.007675903888275746,-0.002807822204480457,-0.006693078472903827,0.019719937090591062,-0.005383066587416614,0.0027232993951614663,-0.003768457163880262,0.00156421389019149,0.0007334966535555688,-0.0036260230474358104,-0.0031799108275575435,-0.00018895558923809683,0.0072515299842907735,0.004666537713899568,-0.006096990164703035,0.00478722150156863,-0.006654182136743942,0.007384732601608336,-0.008082801701137492,-0.00508436029208721,0.004500742319024595,0.0018916568831980982,-0.0021046095711307194,-0.005383066587416614,0.02970823853636856,-0.0018434247329256327,0.007951536991007003,0.0005302369008353396,-0.00033371309354421244,0.0010893159583941353,-0.0032878296528943383,-0.0006485143416910602,-0.0046828449693385125,-0.005172544677788736,0.005507494193591016,-0.008384422717671078,6.523934811822888e-5,0.0005306192755318441,-0.0029406494729017963,-0.008051334343392537,0.009054730371140539,0.0021830582694933104,0.004200702135119021,0.0027232993951614663,-0.0018434247329256327,0.01602392155795622,-0.0022836973619125085,0.0011575668871286952,0.0010467474495198799,-0.002324332558962131,-0.0010464085180321866,-0.003759159165665541,-0.003115936611651726,0.000963477796922958,-0.0030964804481067305,0.0032238013660058204,-0.001603349970254194,0.0006990531116269454,-0.0016579878556999476,-0.004592414327474219,-0.0038401892220480552,0.0028080370357447173,0.005403314928278632,-0.003768457163880262,0.007951536991007003,-0.0022836973619125085,0.038027049252158704,-0.0012595834050085778,0.0018596868017905217,0.008041309559578502,0.002070353048826349,0.005149274493848053,0.0019406751006893238,-0.006070981290007781,-0.0048964020871976165,-0.009431879903642408,0.007535233154069969,-0.004932656840471493,0.008983075970986791,-0.002705790213547229,0.006300019932483613,0.002839247621974036,-0.003653882731292913,0.00156421389019149,0.0005302369008353396,0.0011575668871286952,-0.0012595834050085778,0.03899215799013013,-0.005226157312045603,-0.01291113394946986,0.011853587280293506,0.004511205004693187,-0.008489543342302317,0.007629288679827293,-0.0025877857663195217,-0.002138141345500095,0.0032977108621756014,-0.003421048468575905,-0.004726373556459542,0.005691695867072803,-0.00012844783530532506,0.0019251402804896815,-0.0038345254147196368,0.0007334966535555688,-0.00033371309354421244,0.0010467474495198799,0.0018596868017905217,-0.005226157312045603,0.027663578337874653,0.005692726829349364,-0.004742309743192236,0.002538982593741376,-0.0032209737792562258,-0.0010705637827138044,-0.000681632089443858,0.002658008276248012,-0.011397560150773188,0.005612448492417477,-0.0051223618464480355,0.002515658802715956,-0.004711738879704653,0.003247973885836002,0.0028441533089868408,-0.0036260230474358104,0.0010893159583941353,-0.002324332558962131,0.008041309559578502,-0.01291113394946986,0.005692726829349364,0.029241610807567056,-0.0024949440338681477,-0.005316654837270274,-0.0005177541448550475,-0.00028623633132318237,-0.001543051368893787,-0.005382388982980496,0.0018406126913878599,0.003640547046796425,0.013649128748916056,-0.0024637906346672454,-0.0007517932469594096,0.0018868623465833902,0.005222272944952174,-0.0031799108275575435,-0.0032878296528943383,-0.0010464085180321866,0.002070353048826349,0.011853587280293506,-0.004742309743192236,-0.0024949440338681477,0.03388770725009333,0.008993021296003068,-0.0008842576660365073,0.0010448614336510246,-0.0037867831314039356,-0.003347341835511564,0.00033754613461000834,-0.009975601069389594,-0.0006535528393451378,-0.00045086517187339567,0.004491898827630479,-0.0024440016401603023,-9.193896827717109e-5,-0.00018895558923809683,-0.0006485143416910602,-0.003759159165665541,0.005149274493848053,0.004511205004693187,0.002538982593741376,-0.005316654837270274,0.008993021296003068,0.0303301200772728,0.007070781045158923,-0.002239177649596692,0.004480599628389781,0.0017148451089447517,-0.0013132642140275595,-0.0036828509559169043,-0.0034909188347861738,0.003846847074767482,-0.0025802855975382358,-0.00768981933997739,0.0013756375775040098,0.0072515299842907735,-0.0046828449693385125,-0.003115936611651726,0.0019406751006893238,-0.008489543342302317,-0.0032209737792562258,-0.0005177541448550475,-0.0008842576660365073,0.007070781045158923,0.03384919163415284,0.0015590307135734125,0.0007932180478033701,0.005475330136226751,0.0025992530317409676,-8.51937259151388e-5,-0.0032180676821457438,0.0030651453396305147,0.0054133060813625795,-0.0024193201803763306,-0.005440457266464674,0.004666537713899568,-0.005172544677788736,0.000963477796922958,-0.006070981290007781,0.007629288679827293,-0.0010705637827138044,-0.00028623633132318237,0.0010448614336510246,-0.002239177649596692,0.0015590307135734125,0.026731252234141144,-0.0006892275695812122,0.0010114273942964129,-0.005757343077252983,0.01031645373989065,-0.009136376110083902,0.006990125304467406,0.003633358212086807,-0.0029720273904106035,-0.0035406786405852014,-0.006096990164703035,0.005507494193591016,-0.0030964804481067305,-0.0048964020871976165,-0.0025877857663195217,-0.000681632089443858,-0.001543051368893787,-0.0037867831314039356,0.004480599628389781,0.0007932180478033701,-0.0006892275695812122,0.022586788169453118,0.000682980112262405,0.00314673312507754,0.005640945333305539,-0.0010310894660747016,0.0026193524471895633,-0.0013685228306206045,-0.0037292750178672396,-0.0010364104851002336,0.00478722150156863,-0.008384422717671078,0.0032238013660058204,-0.009431879903642408,-0.002138141345500095,0.002658008276248012,-0.005382388982980496,-0.003347341835511564,0.0017148451089447517,0.005475330136226751,0.0010114273942964129,0.000682980112262405,0.024199598050807,-0.001779515068248015,0.0052255924118766745,-0.0036356788122813392,0.005359490927430464,-0.010440254808478357,-0.0014470708108115502,-0.0007647750216688262,-0.006654182136743942,6.523934811822888e-5,-0.001603349970254194,0.007535233154069969,0.0032977108621756014,-0.011397560150773188,0.0018406126913878599,0.00033754613461000834,-0.0013132642140275595,0.0025992530317409676,-0.005757343077252983,0.00314673312507754,-0.001779515068248015,0.03357772356066504,-0.005368430011152174,0.016373356540271854,0.0014110369699308492,8.110198005713928e-5,-0.00012086970726682728,-0.01634015002088937,0.007384732601608336,0.0005306192755318441,0.0006990531116269454,-0.004932656840471493,-0.003421048468575905,0.005612448492417477,0.003640547046796425,-0.009975601069389594,-0.0036828509559169043,-8.51937259151388e-5,0.01031645373989065,0.005640945333305539,0.0052255924118766745,-0.005368430011152174,0.033495657867952916,-0.007311191009464776,0.006622659549057246,-0.01302365106410613,0.006299917277036035,0.01003801364363754,-0.008082801701137492,-0.0029406494729017963,-0.0016579878556999476,0.008983075970986791,-0.004726373556459542,-0.0051223618464480355,0.013649128748916056,-0.0006535528393451378,-0.0034909188347861738,-0.0032180676821457438,-0.009136376110083902,-0.0010310894660747016,-0.0036356788122813392,0.016373356540271854,-0.007311191009464776,0.04117258484268723,-0.003891943712297944,-0.0027569000212365117,-0.002123197034416438,-0.007747894410398295,-0.00508436029208721,-0.008051334343392537,-0.004592414327474219,-0.002705790213547229,0.005691695867072803,0.002515658802715956,-0.0024637906346672454,-0.00045086517187339567,0.003846847074767482,0.0030651453396305147,0.006990125304467406,0.0026193524471895633,0.005359490927430464,0.0014110369699308492,0.006622659549057246,-0.003891943712297944,0.029858248273271992
0.028518929881649797,0.007249695238562395,0.007305386524017989,0.0007292931574525454,0.0009523258489696415,0.011333392948074448,-0.002576341997514125,-0.010638514967826578,0.01162932758067111,-0.010591318952662913,0.004379012035585849,0.008478818822073474,-0.007014465918920976,0.008853066664183694,0.021578998703409624,-0.010090664600046085,-0.012466194450883986,-0.0033351562710248737,-0.016958910954539202,-0.004589812814752479,0.007249695238562395,0.030300562297068005,0.004678093339380544,-0.009974097938977501,-0.005689082749989615,0.007982115812403866,0.006474921676419804,0.009026936803256527,0.004812810348694185,-0.007204746929599322,-0.004988355836057992,-0.010085895247253278,0.012903884006500006,0.005117158871253786,-0.006851657818355681,-0.014438596540196141,-0.004079945277532278,-0.012154934628494042,0.0043291507854363006,0.004354925269227651,0.007305386524017989,0.004678093339380544,0.03107738626293592,-9.169994037248517e-5,-0.008215951576293979,0.005713692662274602,-0.0023359101609641405,0.0017177558046861025,0.00402570007813304,0.0003348557405186953,-0.006074495272326759,-0.015001756173350013,0.0022721013405548477,8.536126860705389e-5,-0.00413894827060498,-0.006060226073695624,-0.011021518444463491,-0.00854306778604812,0.015672915770841327,-0.00012802750557954124,0.0007292931574525454,-0.009974097938977501,-9.169994037248517e-5,0.017579706282100056,0.003860882836734046,-0.004304566476770992,-0.005007605566410559,-0.004879472934247795,0.0019558711956249265,0.003486405597829508,0.003812461415111903,0.0013904463877670498,-0.00605905475594958,-0.003045407341260532,-0.006582897320263653,0.01330087410229885,0.0014400874063596114,0.006682025715962244,0.00025001039545056807,-0.003939664528695255,0.0009523258489696415,-0.005689082749989615,-0.008215951576293979,0.003860882836734046,0.02095011703964202,-0.0035154792655746176,0.001256438692558647,-0.009814304366753308,0.0010605971684802841,0.0035339995308626537,0.008873370750824562,0.009154946440159076,0.0007168476287833774,-0.0024684447684218476,0.0010492756927475073,0.003909763086505381,0.0024708968099466065,0.005909197262195621,-0.016562692358420256,-0.008139215523811794,0.011333392948074448,0.007982115812403866,0.005713692662274602,-0.004304566476770992,-0.0035154792655746176,0.0201120858371436,0.004882773794446941,-0.003453406298209545,-0.0013638387619272882,-0.006555107407165651,-0.0029203984043878976,-0.0007007313668538839,4.7653963666606005e-5,-0.004769592558801114,-0.0016272386782565718,-0.0067271069740778115,-0.0012367352151553639,-0.0009618227808310461,-0.0005831518459627302,0.005019671568913911,-0.002576341997514125,0.006474921676419804,-0.0023359101609641405,-0.005007605566410559,0.001256438692558647,0.004882773794446941,0.02884190745310128,0.013869802505590365,-0.007595510323612081,-0.015448628716348091,-0.006152774918173726,0.0052516753031189006,0.018390304773575034,-0.0015708708643761705,-0.0052887447503286306,-0.002139269315476219,0.008181697013667725,-0.006982471558285845,-0.010612123793912843,0.001981604727255063,-0.010638514967826578,0.009026936803256527,0.0017177558046861025,-0.004879472934247795,-0.009814304366753308,-0.003453406298209545,0.013869802505590365,0.07296749297098622,-0.021448196934431035,-0.022130907039603527,-0.01788052984636343,-0.015450236400339552,-0.004486953702252709,-0.008765667774171131,-0.01787974149298381,0.003719842185588716,0.01652398569769828,-0.030049097257929043,0.02425210895734735,0.007285641740776521,0.01162932758067111,0.004812810348694185,0.00402570007813304,0.0019558711956249265,0.0010605971684802841,-0.0013638387619272882,-0.007595510323612081,-0.021448196934431035,0.04304147105342438,0.00848771004071099,0.00931116787214313,-0.004997627638575579,0.0021423724391201318,0.013379961253337711,0.009650558929775607,0.0006792625225940218,-0.017698656041023962,0.0024796093055573856,-0.016844562184182364,0.006201623073884151,-0.010591318952662913,-0.007204746929599322,0.0003348557405186953,0.003486405597829508,0.0035339995308626537,-0.006555107407165651,-0.015448628716348091,-0.022130907039603527,0.00848771004071099,0.049143182104194376,0.008016154211946885,-0.015262030820974257,-0.008246751158119554,-0.005185672852697238,-0.014693605458721386,0.005289515273651427,-0.0006745045482603363,0.016345298946440205,0.014895032072357855,0.004646618908574221,0.004379012035585849,-0.004988355836057992,-0.006074495272326759,0.003812461415111903,0.008873370750824562,-0.0029203984043878976,-0.006152774918173726,-0.01788052984636343,0.00931116787214313,0.008016154211946885,0.03413600266010709,0.014661333221375823,-0.00703494173635615,0.004780006912010238,0.0070561488764171055,0.006694204996075152,-0.007767336016779956,0.007146923469916782,-0.020568356835755027,-0.00663762518868018,0.008478818822073474,-0.010085895247253278,-0.015001756173350013,0.0013904463877670498,0.009154946440159076,-0.0007007313668538839,0.0052516753031189006,-0.015450236400339552,-0.004997627638575579,-0.015262030820974257,0.014661333221375823,0.04853202861168856,0.0018234243459309242,0.0008806162456294721,0.01835641142538122,-0.0038877903072712877,-0.001102585922150384,0.006683858345701166,-0.030740383973116105,-0.010376455662418283,-0.007014465918920976,0.012903884006500006,0.0022721013405548477,-0.00605905475594958,0.0007168476287833774,4.7653963666606005e-5,0.018390304773575034,-0.004486953702252709,0.0021423724391201318,-0.008246751158119554,-0.00703494173635615,0.0018234243459309242,0.06062052036596026,0.007366125328964498,-0.004271646154503907,-0.009235675820650002,-0.00029035326701925667,-0.0023066904990605677,-0.01201013332433044,-0.00039799622424567646,0.008853066664183694,0.005117158871253786,8.536126860705389e-5,-0.003045407341260532,-0.0024684447684218476,-0.004769592558801114,-0.0015708708643761705,-0.008765667774171131,0.013379961253337711,-0.005185672852697238,0.004780006912010238,0.0008806162456294721,0.007366125328964498,0.03741604495477679,0.017146825606518583,-0.0006928726403058181,-0.01533038643972331,0.002478644921706342,-0.01301706513847366,-0.005798351656537292,0.021578998703409624,-0.006851657818355681,-0.00413894827060498,-0.006582897320263653,0.0010492756927475073,-0.0016272386782565718,-0.0052887447503286306,-0.01787974149298381,0.009650558929775607,-0.014693605458721386,0.0070561488764171055,0.01835641142538122,-0.004271646154503907,0.017146825606518583,0.05986703122710304,-0.012654001651085052,-0.014335799985747456,0.004887473637242892,-0.028937373885964464,-0.01749698934978671,-0.010090664600046085,-0.014438596540196141,-0.006060226073695624,0.01330087410229885,0.003909763086505381,-0.0067271069740778115,-0.002139269315476219,0.003719842185588716,0.0006792625225940218,0.005289515273651427,0.006694204996075152,-0.0038877903072712877,-0.009235675820650002,-0.0006928726403058181,-0.012654001651085052,0.040911042798354655,0.0016082026211823434,0.011411475923094983,-0.0032962787967595036,0.006522589330597555,-0.012466194450883986,-0.004079945277532278,-0.011021518444463491,0.0014400874063596114,0.0024708968099466065,-0.0012367352151553639,0.008181697013667725,0.01652398569769828,-0.017698656041023962,-0.0006745045482603363,-0.007767336016779956,-0.001102585922150384,-0.00029035326701925667,-0.01533038643972331,-0.014335799985747456,0.0016082026211823434,0.03012975860769365,-0.00013372021355268407,0.006779834030903946,0.0010340412902722657,-0.0033351562710248737,-0.012154934628494042,-0.00854306778604812,0.006682025715962244,0.005909197262195621,-0.0009618227808310461,-0.006982471558285845,-0.030049097257929043,0.0024796093055573856,0.016345298946440205,0.007146923469916782,0.006683858345701166,-0.0023066904990605677,0.002478644921706342,0.004887473637242892,0.011411475923094983,-0.00013372021355268407,0.03753558211225612,-0.012780334852820978,0.0041277387306745735,-0.016958910954539202,0.0043291507854363006,0.015672915770841327,0.00025001039545056807,-0.016562692358420256,-0.0005831518459627302,-0.010612123793912843,0.02425210895734735,-0.016844562184182364,0.014895032072357855,-0.020568356835755027,-0.030740383973116105,-0.01201013332433044,-0.01301706513847366,-0.028937373885964464,-0.0032962787967595036,0.006779834030903946,-0.012780334852820978,0.06758140728758237,0.013928928540163244,-0.004589812814752479,0.004354925269227651,-0.00012802750557954124,-0.003939664528695255,-0.008139215523811794,0.005019671568913911,0.001981604727255063,0.007285641740776521,0.006201623073884151,0.004646618908574221,-0.00663762518868018,-0.010376455662418283,-0.00039799622424567646,-0.005798351656537292,-0.01749698934978671,0.006522589330597555,0.0010340412902722657,0.0041277387306745735,0.013928928540163244,0.03765956016501652
