0.022232335237243776,0.002427210915603084,0.0007324038316622072,-0.0030440215466957443,0.01678320454277598,-0.007177132156721843,0.003043039910369149,-0.003467817187923097,0.002959323739025236,0.012781134559535685,-0.007175234354387867,-0.0056397264867756895,-0.002061970527622467,0.012120640425204242,-0.005974158729523572,-0.013175861007277398,-0.007294997855594434,-0.0014160669494880567,0.02182067703015756,-0.0026943876824596247,0.002427210915603084,0.019695799072342476,0.004019774030418161,-0.0011649988145209635,0.00816812062439762,-0.0029279256832151573,-0.0010276713555530548,0.0031478435452154743,-0.0016141805533411726,0.009834327284999264,0.0019308171646563559,-0.005730975011481967,-0.003585048274677566,0.005579807227673903,-0.018345550734078668,-0.0011046360283307618,-0.002746638931432977,0.002261123734242752,0.006004519243819904,-0.008688738136107706,0.0007324038316622072,0.004019774030418161,0.014259684046821718,0.00041859333658476145,0.0004987904474204625,0.0009401114916546853,0.0014481955017697648,0.0034493147211081526,-0.0003576694044048368,0.002134657630125358,-0.0002269996666674326,0.0006739966263053551,-0.00044406378250316054,-0.00198427030356882,-0.0020845303302007793,0.0034765063674742666,-0.00033410486130464685,0.003464389389722084,-0.0022410658851978924,-0.00391237141178325,-0.0030440215466957443,-0.0011649988145209635,0.00041859333658476145,0.02244570869670703,-0.0013958289559013858,0.001240106631265776,-0.0046682210607169,-0.002559846228573883,0.004864520776533999,-0.0038026718581209568,0.00010360147968249494,0.0035033869573643846,0.003827976730613142,-0.005219927538773474,0.006372122737512765,0.002412648440456044,0.000627504893894163,0.00558068575005595,-0.006735317822260832,-0.0024426423044031573,0.01678320454277598,0.00816812062439762,0.0004987904474204625,-0.0013958289559013858,0.08815591337036824,-0.04224611522171728,-0.013515916360071037,-0.02042278547712993,0.012170919566121414,0.04829534107156616,-0.025760478412066426,-0.03289701385030615,-0.003643650382011143,0.04088086487385914,-0.03819236153326245,-0.06349583229846945,-0.026488772060779854,0.003943101762064402,0.07686983195345747,-0.030699602566688914,-0.007177132156721843,-0.0029279256832151573,0.0009401114916546853,0.001240106631265776,-0.04224611522171728,0.047305452225248276,0.003317830961354483,0.011993002491684876,-0.009445510027564663,-0.03244390481844312,0.02472334591721192,0.0213967820487062,0.005017906805360606,-0.02511746452726915,0.019010613598069562,0.04822545996496294,0.018859402815731834,7.468801046897297e-5,-0.051671713171144815,0.022257387169128763,0.003043039910369149,-0.0010276713555530548,0.0014481955017697648,-0.0046682210607169,-0.013515916360071037,0.003317830961354483,0.022501958848738044,0.006622805230452097,-0.00557973241021179,-0.0032603000283599826,0.005129049704321503,0.0009808164447835284,-0.002713740654798974,-0.0010663105099034487,-0.0020434112904105244,0.006532679500380205,0.0024578103983499615,-0.002730124135275997,-0.0010972483909372282,-0.00033948921563543843,-0.003467817187923097,0.0031478435452154743,0.0034493147211081526,-0.002559846228573883,-0.02042278547712993,0.011993002491684876,0.006622805230452097,0.019414477562117134,-0.004916076871177812,-0.006144841164727615,0.008136331017159338,0.007284867905161747,0.0007104145847456798,-0.006364788745694518,-0.0006188046783172414,0.02200529243195932,0.004370280898756096,-0.0040636479981263785,-0.019692625262658844,0.0067217017690122775,0.002959323739025236,-0.0016141805533411726,-0.0003576694044048368,0.004864520776533999,0.012170919566121414,-0.009445510027564663,-0.00557973241021179,-0.004916076871177812,0.015106343443338527,0.001665884733736862,-0.005533364837702976,-0.0034874990205335807,0.0013159332515931552,0.0014812763111137842,0.005344177113842889,-0.016690228053950193,-0.002282067746670096,0.007046905546789751,0.01079806283921381,-0.008313505656259313,0.012781134559535685,0.009834327284999264,0.002134657630125358,-0.0038026718581209568,0.04829534107156616,-0.03244390481844312,-0.0032603000283599826,-0.006144841164727615,0.001665884733736862,0.05657590860778284,-0.018818435292322827,-0.0275766853423134,-0.007846107485933417,0.033266829655471224,-0.038875599114957346,-0.041798483708868454,-0.01990628347182654,-0.0076507778540520835,0.054695997062620225,-0.024595041625970995,-0.007175234354387867,0.0019308171646563559,-0.0002269996666674326,0.00010360147968249494,-0.025760478412066426,0.02472334591721192,0.005129049704321503,0.008136331017159338,-0.005533364837702976,-0.018818435292322827,0.032165860816005726,0.01012509564496849,0.0030518254146055406,-0.013235384917223165,0.000667283455233935,0.0335099766743403,0.00993123145197828,0.003414387116918719,-0.032367629707263465,0.011887694614081705,-0.0056397264867756895,-0.005730975011481967,0.0006739966263053551,0.0035033869573643846,-0.03289701385030615,0.0213967820487062,0.0009808164447835284,0.007284867905161747,-0.0034874990205335807,-0.0275766853423134,0.01012509564496849,0.03550971636547249,0.003367064598634569,-0.020165984469494254,0.026833822131470387,0.026375603216507146,0.013683663388377069,0.0021192809419778216,-0.03817969372583421,0.015033839378125927,-0.002061970527622467,-0.003585048274677566,-0.00044406378250316054,0.003827976730613142,-0.003643650382011143,0.005017906805360606,-0.002713740654798974,0.0007104145847456798,0.0013159332515931552,-0.007846107485933417,0.0030518254146055406,0.003367064598634569,0.01598240058566207,-0.005717336907816917,0.004798650074649429,0.007784149932505191,0.0038452395650399197,0.0033816174861691214,-0.008341387938406268,0.0021035846544264396,0.012120640425204242,0.005579807227673903,-0.00198427030356882,-0.005219927538773474,0.04088086487385914,-0.02511746452726915,-0.0010663105099034487,-0.006364788745694518,0.0014812763111137842,0.033266829655471224,-0.013235384917223165,-0.020165984469494254,-0.005717336907816917,0.03812172109052828,-0.029909850912372297,-0.03492942532127688,-0.015825308027632226,-0.004730606544310288,0.047592557965422416,-0.013647160248220588,-0.005974158729523572,-0.018345550734078668,-0.0020845303302007793,0.006372122737512765,-0.03819236153326245,0.019010613598069562,-0.0020434112904105244,-0.0006188046783172414,0.005344177113842889,-0.038875599114957346,0.000667283455233935,0.026833822131470387,0.004798650074649429,-0.029909850912372297,0.07257638169630613,0.015075049994058494,0.015364538162768445,0.0035735440040992232,-0.03910231249215876,0.027852113875077196,-0.013175861007277398,-0.0011046360283307618,0.0034765063674742666,0.002412648440456044,-0.06349583229846945,0.04822545996496294,0.006532679500380205,0.02200529243195932,-0.016690228053950193,-0.041798483708868454,0.0335099766743403,0.026375603216507146,0.007784149932505191,-0.03492942532127688,0.015075049994058494,0.08233540667713826,0.02728763525551639,0.002597270310462931,-0.07498128919061196,0.022297565478422383,-0.007294997855594434,-0.002746638931432977,-0.00033410486130464685,0.000627504893894163,-0.026488772060779854,0.018859402815731834,0.0024578103983499615,0.004370280898756096,-0.002282067746670096,-0.01990628347182654,0.00993123145197828,0.013683663388377069,0.0038452395650399197,-0.015825308027632226,0.015364538162768445,0.02728763525551639,0.02384211372939388,0.0011159491350497138,-0.031209563057198533,0.012469466127579668,-0.0014160669494880567,0.002261123734242752,0.003464389389722084,0.00558068575005595,0.003943101762064402,7.468801046897297e-5,-0.002730124135275997,-0.0040636479981263785,0.007046905546789751,-0.0076507778540520835,0.003414387116918719,0.0021192809419778216,0.0033816174861691214,-0.004730606544310288,0.0035735440040992232,0.002597270310462931,0.0011159491350497138,0.028119862315694334,-0.0029912964751857398,-0.0067516094947814315,0.02182067703015756,0.006004519243819904,-0.0022410658851978924,-0.006735317822260832,0.07686983195345747,-0.051671713171144815,-0.0010972483909372282,-0.019692625262658844,0.01079806283921381,0.054695997062620225,-0.032367629707263465,-0.03817969372583421,-0.008341387938406268,0.047592557965422416,-0.03910231249215876,-0.07498128919061196,-0.031209563057198533,-0.0029912964751857398,0.10124354545799338,-0.02899778141094855,-0.0026943876824596247,-0.008688738136107706,-0.00391237141178325,-0.0024426423044031573,-0.030699602566688914,0.022257387169128763,-0.00033948921563543843,0.0067217017690122775,-0.008313505656259313,-0.024595041625970995,0.011887694614081705,0.015033839378125927,0.0021035846544264396,-0.013647160248220588,0.027852113875077196,0.022297565478422383,0.012469466127579668,-0.0067516094947814315,-0.02899778141094855,0.03615955073430094
