0.05039159622516257,-0.005256300483862069,-0.004271684585290156,-0.01109135484318148,0.001977966151973246,-0.006024731479036242,-0.0008701252447936231,0.0023521336108264235,-0.018584213903364295,0.0022321322241875257,0.006040018764469647,-0.0022955142506797003,0.00382851359850529,0.01985253402019073,0.023110914521751805,0.00818476083901444,-0.0025197729074394816,-0.01741464421860115,-0.015578274201282279,-0.012155766072898316,-0.005256300483862069,0.027025067797626146,-0.004696281253917101,0.00279776015055692,-0.004054091688888263,-0.008004296763992499,-0.007554711836407409,0.01017647183294142,0.0007903675130408168,-0.0028858738747310833,0.010387986346504492,-0.002246709834454537,-0.001378003843667784,0.0004657332234828022,-0.019013232784292462,-0.006740165526416376,0.005649720594241148,0.0012305832959985151,0.0056528128357005965,0.0050621369719206,-0.004271684585290156,-0.004696281253917101,0.02478236451675003,0.00682554779365278,-0.0035039236344468726,0.017664452359451126,-0.006233559522784075,-0.0008328021558906423,0.0005414961698235176,-0.0038980171382995365,-0.01032750866740394,0.0029948988340201483,-0.004505970188124341,-0.006585278588755553,0.010940840108073092,-0.0037248530949443195,0.00656939588197368,0.00021393215768451896,-0.0007474639000921177,0.0027623756831049308,-0.01109135484318148,0.00279776015055692,0.00682554779365278,0.022218096040333632,-0.005310154162068289,0.005957781111613474,-0.0052500184481664835,0.010050763995390727,0.006083496279866306,0.0013645738718216362,-0.0019192992052231047,0.0018489825809297668,-0.0022613536309899138,-0.009457376013495424,-0.00660771348009669,-0.009336789860655264,0.0031165614267961526,-0.00016287888947234035,0.0014074236539557336,0.009273055425794405,0.001977966151973246,-0.004054091688888263,-0.0035039236344468726,-0.005310154162068289,0.021511381271188037,-0.005039340741850402,-0.000265633090491459,-0.008600044491302517,-0.006704256388180604,0.003398153179602695,0.006459451881222284,0.006070696725615355,-0.008751615367096377,0.010645227993758347,-7.133729721208406e-5,0.006648776444659998,-0.001637400203003516,0.00840992101029373,-0.0008813267129128407,0.0025007961729766057,-0.006024731479036242,-0.008004296763992499,0.017664452359451126,0.005957781111613474,-0.005039340741850402,0.04824526730514865,-7.952580486250344e-5,-0.004541757139734355,0.0031501529368481813,-0.00961303012804664,-0.013571054096849909,-0.003536151884190047,-0.005872535296313933,-0.004014575942076312,0.022445201136099824,-0.004268040796630098,0.010590716572011834,0.004673380126773954,-0.007693066443510163,0.004627864457448305,-0.0008701252447936231,-0.007554711836407409,-0.006233559522784075,-0.0052500184481664835,-0.000265633090491459,-7.952580486250344e-5,0.03608422836768369,-0.007538965458147783,0.007059175304482529,0.003883624338675312,-0.0072138426652564565,-0.0017526929051850148,0.02100174521526489,-0.0035400757102248873,0.0049390279835785,0.009936765379689256,-0.008609009471565043,7.959867312027158e-5,0.0036545292666011267,-0.010092826685491945,0.0023521336108264235,0.01017647183294142,-0.0008328021558906423,0.010050763995390727,-0.008600044491302517,-0.004541757139734355,-0.007538965458147783,0.03453080965638126,0.0016194932034094358,-0.0013075637430769687,0.005424800564977092,-0.0028288050805879966,0.0008765580306004545,-0.0010011514993531969,-0.0028396153874097737,-0.008068838878337183,0.0030129405385387028,-0.00986021843992749,-0.00220284069399257,0.008894164830155152,-0.018584213903364295,0.0007903675130408168,0.0005414961698235176,0.006083496279866306,-0.006704256388180604,0.0031501529368481813,0.007059175304482529,0.0016194932034094358,0.029413440761147564,0.002334030591296334,-0.004904765210773715,-0.0010197468634929089,0.013028935188134888,-0.010577566974223972,-0.0074427536138382345,-0.0038951676428903292,0.004029359186930477,-0.004682951227760274,0.008480357363177607,0.0009723123621936511,0.0022321322241875257,-0.0028858738747310833,-0.0038980171382995365,0.0013645738718216362,0.003398153179602695,-0.00961303012804664,0.003883624338675312,-0.0013075637430769687,0.002334030591296334,0.021146124543739857,0.0018188709037823898,0.0007649519196764975,-0.0007915515879713246,-0.001115515917598709,7.999509936362003e-5,-0.00026020751901136756,-0.0032036732987779683,-0.005481215536136709,-0.0001344569572308074,-0.0008876712394283624,0.006040018764469647,0.010387986346504492,-0.01032750866740394,-0.0019192992052231047,0.006459451881222284,-0.013571054096849909,-0.0072138426652564565,0.005424800564977092,-0.004904765210773715,0.0018188709037823898,0.024556289091862412,-0.0003929915032073741,-0.006539805934295059,0.00858659111161166,-0.012373709853632398,0.0020784182633198905,0.0017330613710461742,0.0030716526370243636,-0.0022652665120060046,0.004185632773323331,-0.0022955142506797003,-0.002246709834454537,0.0029948988340201483,0.0018489825809297668,0.006070696725615355,-0.003536151884190047,-0.0017526929051850148,-0.0028288050805879966,-0.0010197468634929089,0.0007649519196764975,-0.0003929915032073741,0.021204800981832313,-0.004778626888651523,0.0018714113751536476,-0.0071535561574858735,0.0011659744480167974,-0.004440315252417728,0.003859107264850099,0.0045257763987677155,0.0028043916174670495,0.00382851359850529,-0.001378003843667784,-0.004505970188124341,-0.0022613536309899138,-0.008751615367096377,-0.005872535296313933,0.02100174521526489,0.0008765580306004545,0.013028935188134888,-0.0007915515879713246,-0.006539805934295059,-0.004778626888651523,0.03986874892744123,-0.003411364165875396,-0.0037076315619819014,0.00458136596453426,-0.0055740891267519405,-0.009697429742000708,-0.00037758760389210806,-0.006884963844603662,0.01985253402019073,0.0004657332234828022,-0.006585278588755553,-0.009457376013495424,0.010645227993758347,-0.004014575942076312,-0.0035400757102248873,-0.0010011514993531969,-0.010577566974223972,-0.001115515917598709,0.00858659111161166,0.0018714113751536476,-0.003411364165875396,0.04165576890055624,0.010299342875658226,0.010247799217357554,0.00879938171414316,0.0032202343168859717,0.000666265897570387,-0.0029443129550898433,0.023110914521751805,-0.019013232784292462,0.010940840108073092,-0.00660771348009669,-7.133729721208406e-5,0.022445201136099824,0.0049390279835785,-0.0028396153874097737,-0.0074427536138382345,7.999509936362003e-5,-0.012373709853632398,-0.0071535561574858735,-0.0037076315619819014,0.010299342875658226,0.05499591532525347,0.001646027404052648,0.006808199242598136,-0.01200932984526056,-0.013917790204849675,-0.011605379438050838,0.00818476083901444,-0.006740165526416376,-0.0037248530949443195,-0.009336789860655264,0.006648776444659998,-0.004268040796630098,0.009936765379689256,-0.008068838878337183,-0.0038951676428903292,-0.00026020751901136756,0.0020784182633198905,0.0011659744480167974,0.00458136596453426,0.010247799217357554,0.001646027404052648,0.027150708637561426,-0.0073597474981957536,0.005420407368942674,-0.003233516264794313,-0.0023821769353012676,-0.0025197729074394816,0.005649720594241148,0.00656939588197368,0.0031165614267961526,-0.001637400203003516,0.010590716572011834,-0.008609009471565043,0.0030129405385387028,0.004029359186930477,-0.0032036732987779683,0.0017330613710461742,-0.004440315252417728,-0.0055740891267519405,0.00879938171414316,0.006808199242598136,-0.0073597474981957536,0.02568548227128629,-0.0008459806160227925,0.002508725179951299,0.006705239203031715,-0.01741464421860115,0.0012305832959985151,0.00021393215768451896,-0.00016287888947234035,0.00840992101029373,0.004673380126773954,7.959867312027158e-5,-0.00986021843992749,-0.004682951227760274,-0.005481215536136709,0.0030716526370243636,0.003859107264850099,-0.009697429742000708,0.0032202343168859717,-0.01200932984526056,0.005420407368942674,-0.0008459806160227925,0.034199889542887274,0.004101409035409586,0.010458997419700002,-0.015578274201282279,0.0056528128357005965,-0.0007474639000921177,0.0014074236539557336,-0.0008813267129128407,-0.007693066443510163,0.0036545292666011267,-0.00220284069399257,0.008480357363177607,-0.0001344569572308074,-0.0022652665120060046,0.0045257763987677155,-0.00037758760389210806,0.000666265897570387,-0.013917790204849675,-0.003233516264794313,0.002508725179951299,0.004101409035409586,0.018182054663291484,0.005087038179524807,-0.012155766072898316,0.0050621369719206,0.0027623756831049308,0.009273055425794405,0.0025007961729766057,0.004627864457448305,-0.010092826685491945,0.008894164830155152,0.0009723123621936511,-0.0008876712394283624,0.004185632773323331,0.0028043916174670495,-0.006884963844603662,-0.0029443129550898433,-0.011605379438050838,-0.0023821769353012676,0.006705239203031715,0.010458997419700002,0.005087038179524807,0.02328059468491909
0.07923756571777847,-0.02345083597755782,0.019532426924773548,-0.006182738007465511,-0.0037276011334532585,0.0022524332442584406,-0.004497416137899642,0.00923677164731701,-0.008541544673003745,0.000922496436924125,0.016749621665966045,-0.013726900811686843,0.01332860294998451,0.0250129048051888,0.02424561638335976,0.007624851958123452,0.010302260342861995,-0.046367197227705596,-0.008567595052743897,-0.010265205916893078,-0.02345083597755782,0.04525726684246108,-0.011966676484555322,0.01247127041407287,-0.00869794399679594,-0.01003554744802629,-0.007002470715323329,0.014305700037672772,-0.0038706984473266324,-0.00938627433406412,-0.00021836960272310254,0.0043558891010695815,-0.0035882477978572305,-0.007490893740001118,-0.026478242242745295,-0.009830070371693686,-0.006313424323682363,0.01635462575411572,0.010053142406292738,0.01213540769340675,0.019532426924773548,-0.011966676484555322,0.032954095875337305,0.005132350968598999,0.0035071479477217075,0.01044326366312831,-0.0045326216168904716,-0.0027145358577120486,0.001203882978716821,-0.0015099703675526294,0.0019935343489911987,0.007545688112419711,-0.0011533008385900866,0.006205955417799929,0.003984368569458352,0.003905718763158513,0.008969877106004939,-0.014571081417736564,0.004086090677318902,-0.0035270515942472267,-0.006182738007465511,0.01247127041407287,0.005132350968598999,0.05434197258281808,-0.009384828670299203,-0.008026965508642256,-0.009782113783082292,0.03021004043882569,0.006870592954595715,-0.0016844231019440268,0.010376253677343815,0.006873604152802772,-0.015771572738407593,-0.012538693455750654,-0.027227056461217577,0.002311497843302937,-0.0020378638816148987,-0.02557240279853614,0.028471256288619025,0.03164005748702058,-0.0037276011334532585,-0.00869794399679594,0.0035071479477217075,-0.009384828670299203,0.018763627525433573,0.0018378789816831153,0.005089363257696578,-0.015951773241361225,0.00424529872669557,-0.001886603847934007,-0.0037444800444524627,0.0033254931059856175,0.0021679270405175234,0.0003795319344727443,0.005076515086115035,0.006210226752613478,0.0010899171427309264,0.011515697825887263,-0.002518180814246895,-0.0005276208707776747,0.0022524332442584406,-0.01003554744802629,0.01044326366312831,-0.008026965508642256,0.0018378789816831153,0.033386965568075175,0.012701495847945148,-0.01229909767135736,0.0035962594166764426,-0.006240506398612787,-0.012841551150420197,-0.0022981915835060735,0.00879805919832204,-0.0017256912358940613,0.011233164234851802,-0.0006134661161324422,0.006099702509427792,-0.005625303089607982,-0.008318907706448914,-0.01123253782914973,-0.004497416137899642,-0.007002470715323329,-0.0045326216168904716,-0.009782113783082292,0.005089363257696578,0.012701495847945148,0.023198950981308898,-0.01488477455934509,0.009389838022213512,8.786817826631166e-5,-0.006003312332490025,-0.005608924344181053,0.012357177394065898,-0.005642046615068327,0.006957425437570949,9.510758938931311e-5,-0.0018863693479754706,0.002913715983499683,-0.002318038475370463,-0.008392498817728723,0.00923677164731701,0.014305700037672772,-0.0027145358577120486,0.03021004043882569,-0.015951773241361225,-0.01229909767135736,-0.01488477455934509,0.055765477047980364,-0.0033515392872799366,0.0017320364994147055,0.013650954222731188,-0.0027017463408246225,-0.013738252965102952,-0.0044569437561923515,-0.013109795002585235,0.0017685619285850262,-0.0030741859267798344,-0.02144542329549977,0.010485766599644968,0.025772456732056075,-0.008541544673003745,-0.0038706984473266324,0.001203882978716821,0.006870592954595715,0.00424529872669557,0.0035962594166764426,0.009389838022213512,-0.0033515392872799366,0.029466753594198043,0.006690546975182277,-0.0019391604113038943,-0.003933265883755987,0.008073813998287846,-0.00989028675231897,-0.006222865590610053,0.0023555056294903213,-0.0012339701736691514,-0.0027819972152058493,0.009056792171519494,0.0044757610390992585,0.000922496436924125,-0.00938627433406412,-0.0015099703675526294,-0.0016844231019440268,-0.001886603847934007,-0.006240506398612787,8.786817826631166e-5,0.0017320364994147055,0.006690546975182277,0.034662460441849195,0.0014342594009221765,7.182112730134235e-5,-0.002662412083367499,-0.00509283639042993,0.011105512319131816,-0.00025070913694783957,-0.006714407703600102,-0.010045573808367196,-0.006942040982442086,-0.003192596608972631,0.016749621665966045,-0.00021836960272310254,0.0019935343489911987,0.010376253677343815,-0.0037444800444524627,-0.012841551150420197,-0.006003312332490025,0.013650954222731188,-0.0019391604113038943,0.0014342594009221765,0.021518008539762663,-0.004589602534549104,-0.003999291491644023,0.005846310814178381,-0.0040420354231595805,0.0054189225668455545,-0.002567253344753699,-0.010445990032982598,0.005043310569528012,0.007829535044923959,-0.013726900811686843,0.0043558891010695815,0.007545688112419711,0.006873604152802772,0.0033254931059856175,-0.0022981915835060735,-0.005608924344181053,-0.0027017463408246225,-0.003933265883755987,7.182112730134235e-5,-0.004589602534549104,0.022712235769439426,-0.010091757579896096,-0.0034848982902923875,-0.005276375074641705,0.00038972012679991787,0.0007992861542471271,0.006732025147864814,0.005072266700624778,0.004465717780545264,0.01332860294998451,-0.0035882477978572305,-0.0011533008385900866,-0.015771572738407593,0.0021679270405175234,0.00879805919832204,0.012357177394065898,-0.013738252965102952,0.008073813998287846,-0.002662412083367499,-0.003999291491644023,-0.010091757579896096,0.031207881947597455,0.00821021820518407,0.011376564952140122,-0.002047316385196882,0.00011650532957205285,-0.006515504273164623,-0.009290264954906244,-0.01570892702381374,0.0250129048051888,-0.007490893740001118,0.006205955417799929,-0.012538693455750654,0.0003795319344727443,-0.0017256912358940613,-0.005642046615068327,-0.0044569437561923515,-0.00989028675231897,-0.00509283639042993,0.005846310814178381,-0.0034848982902923875,0.00821021820518407,0.027242582148520482,0.01278476934479722,0.002696534272476693,0.007899668404821147,-0.005882286170106662,-0.006849792723244541,-0.01372274822879602,0.02424561638335976,-0.026478242242745295,0.003984368569458352,-0.027227056461217577,0.005076515086115035,0.011233164234851802,0.006957425437570949,-0.013109795002585235,-0.006222865590610053,0.011105512319131816,-0.0040420354231595805,-0.005276375074641705,0.011376564952140122,0.01278476934479722,0.05566982270733757,0.005171077767703598,0.006906318418993593,-0.006635373477082785,-0.0266369543636273,-0.019961651755622214,0.007624851958123452,-0.009830070371693686,0.003905718763158513,0.002311497843302937,0.006210226752613478,-0.0006134661161324422,9.510758938931311e-5,0.0017685619285850262,0.0023555056294903213,-0.00025070913694783957,0.0054189225668455545,0.00038972012679991787,-0.002047316385196882,0.002696534272476693,0.005171077767703598,0.02309996681557124,-0.0013030666702674564,-0.0027061672828323276,-0.0011011727222983495,0.006087130532082895,0.010302260342861995,-0.006313424323682363,0.008969877106004939,-0.0020378638816148987,0.0010899171427309264,0.006099702509427792,-0.0018863693479754706,-0.0030741859267798344,-0.0012339701736691514,-0.006714407703600102,-0.002567253344753699,0.0007992861542471271,0.00011650532957205285,0.007899668404821147,0.006906318418993593,-0.0013030666702674564,0.02189223110684178,-0.006762925769612599,0.0017167963658639524,-0.0018123634683109883,-0.046367197227705596,0.01635462575411572,-0.014571081417736564,-0.02557240279853614,0.011515697825887263,-0.005625303089607982,0.002913715983499683,-0.02144542329549977,-0.0027819972152058493,-0.010045573808367196,-0.010445990032982598,0.006732025147864814,-0.006515504273164623,-0.005882286170106662,-0.006635373477082785,-0.0027061672828323276,-0.006762925769612599,0.07793212848705817,-0.00960618659923303,-0.0005864586934435309,-0.008567595052743897,0.010053142406292738,0.004086090677318902,0.028471256288619025,-0.002518180814246895,-0.008318907706448914,-0.002318038475370463,0.010485766599644968,0.009056792171519494,-0.006942040982442086,0.005043310569528012,0.005072266700624778,-0.009290264954906244,-0.006849792723244541,-0.0266369543636273,-0.0011011727222983495,0.0017167963658639524,-0.00960618659923303,0.031365525227638864,0.023991610824450157,-0.010265205916893078,0.01213540769340675,-0.0035270515942472267,0.03164005748702058,-0.0005276208707776747,-0.01123253782914973,-0.008392498817728723,0.025772456732056075,0.0044757610390992585,-0.003192596608972631,0.007829535044923959,0.004465717780545264,-0.01570892702381374,-0.01372274822879602,-0.019961651755622214,0.006087130532082895,-0.0018123634683109883,-0.0005864586934435309,0.023991610824450157,0.04072270665036921
