0.04039577607229109,-0.0028101047620583794,-0.008855776444363207,0.005470628649273762,-0.01288428260261382,-0.0024278101345279962,0.025913955932748575,0.012856693285453462,-0.004591215016569879,0.0015600418738391662,-0.006409686425022014,-0.017041115462372303,0.012062875407298022,0.010650014741752319,0.012556099381080849,-0.002952850979464768,-0.0021368860748492303,-0.01689433709205035,9.649866361245794e-5,0.03283330919096868,-0.0028101047620583794,0.018495143188067446,0.004131247317439609,0.006675111974933067,0.0001626322721628038,0.002990746906480688,-0.006769367456229054,0.006817923468939052,0.0027084920942909616,-0.00020459828380543755,0.00482227274766521,0.0016513835040916605,0.0035423783342232486,-0.0012689342051531466,-0.014498476901742588,0.004095512884504852,0.00019827500660507275,0.0006424174199460403,-0.006392316081202547,-0.00913401627896301,-0.008855776444363207,0.004131247317439609,0.015901513146453473,0.006170658293265527,0.0025976795261389426,0.0022912361169257,-0.012515872881966749,0.0003028529088029096,0.010542811333460897,-0.012476137458896277,0.004969459982625344,0.01108495626344672,-0.0006673730398505464,-0.011659450966131756,-0.0004070547333754849,0.014424684533734002,0.0032579308194655874,0.009751957756524873,-0.013042832535740722,-0.017534849088133984,0.005470628649273762,0.006675111974933067,0.006170658293265527,0.06032973176206598,-0.0013975562143493363,0.015986536036184853,-0.01767366091294182,0.02340698473752038,0.02256548965931278,-0.02017616743837283,0.0037618668294418303,0.008968382947533287,0.028243196997087428,-0.02040407271646329,0.013037895417813472,0.023005415075250668,-0.0005392473030264421,0.00022372309571095468,-0.04133724256433975,-0.0031121279050552813,-0.01288428260261382,0.0001626322721628038,0.0025976795261389426,-0.0013975562143493363,0.06887981008735297,-0.03615432930280142,-0.02814035812907636,-0.020089894156285953,0.012569989683352805,0.041874313903759716,-0.02003332130299074,-0.0020640819097196184,-0.01592725889178561,0.019267281369462277,-0.029741455110696514,-0.05616999018014154,-0.025724415126248408,0.013894873447145968,0.053866086904683266,-0.03478694776559886,-0.0024278101345279962,0.002990746906480688,0.0022912361169257,0.015986536036184853,-0.03615432930280142,0.07409423754952538,-0.0006895408976305868,0.022207095894750485,-0.0056827240592830335,-0.051623740249330696,0.03627406111124121,0.020386529571610273,0.014910519900355728,-0.03135623740784812,0.030400679878332934,0.08709287832605028,0.03135055287375936,-0.00794371129876027,-0.07783930950998766,0.018844212759579454,0.025913955932748575,-0.006769367456229054,-0.012515872881966749,-0.01767366091294182,-0.02814035812907636,-0.0006895408976305868,0.0480292143390041,0.007020646546102001,-0.02567747348096601,0.008049334184757666,0.00010448816686163152,-0.029190495712003675,0.010187918252746161,0.021435648899637935,-0.002556686451492473,-0.007657594324750793,-0.0006246401940959156,-0.021646135684328643,0.010770533009534136,0.0352663787383303,0.012856693285453462,0.006817923468939052,0.0003028529088029096,0.02340698473752038,-0.020089894156285953,0.022207095894750485,0.007020646546102001,0.037105825760682005,0.004377853314603374,-0.022966731746936534,0.008402078695234416,-5.978446649740186e-5,0.02403460783046241,-0.012861092728123028,0.007124142142350582,0.03651478514400637,0.003321255926384664,-0.015441739977931844,-0.04478455090445419,0.015153490762098352,-0.004591215016569879,0.0027084920942909616,0.010542811333460897,0.02256548965931278,0.012569989683352805,-0.0056827240592830335,-0.02567747348096601,0.004377853314603374,0.03561879129949619,-0.018354296622171258,0.0005814588414045562,0.016899450172688117,0.002467745370397858,-0.022702605321077565,0.015466186828064377,0.007610697011062934,0.0046096646473593374,0.01859117811824776,-0.016731796452645945,-0.02393815579738138,0.0015600418738391662,-0.00020459828380543755,-0.012476137458896277,-0.02017616743837283,0.041874313903759716,-0.051623740249330696,0.008049334184757666,-0.022966731746936534,-0.018354296622171258,0.08578446310324792,-0.03177182989789816,-0.035034484141222455,-0.015302132714730706,0.05427157905957295,-0.054111417596789585,-0.09968953180706885,-0.03601604999784482,-0.00860622699058941,0.09335387470050416,-0.007252388735136195,-0.006409686425022014,0.00482227274766521,0.004969459982625344,0.0037618668294418303,-0.02003332130299074,0.03627406111124121,0.00010448816686163152,0.008402078695234416,0.0005814588414045562,-0.03177182989789816,0.036546858423427364,0.012473908613726869,0.009992671883074369,-0.015559724605642894,0.011605553186167105,0.05464422689343838,0.019585008538971594,0.0061783243871388754,-0.045378065162817185,0.00048448653209773903,-0.017041115462372303,0.0016513835040916605,0.01108495626344672,0.008968382947533287,-0.0020640819097196184,0.020386529571610273,-0.029190495712003675,-5.978446649740186e-5,0.016899450172688117,-0.035034484141222455,0.012473908613726869,0.053031609561782454,-0.011175956604413409,-0.03725628066625712,0.02606672849421699,0.04581682056815768,0.015940979354769663,0.0253239691978379,-0.04173719705369824,-0.021540191463432095,0.012062875407298022,0.0035423783342232486,-0.0006673730398505464,0.028243196997087428,-0.01592725889178561,0.014910519900355728,0.010187918252746161,0.02403460783046241,0.002467745370397858,-0.015302132714730706,0.009992671883074369,-0.011175956604413409,0.03699495953458939,-0.002728112314992423,0.0057400216626029245,0.021184146246943335,0.0012774592574361105,-0.009559086867852704,-0.0314889221682685,0.013341196605955109,0.010650014741752319,-0.0012689342051531466,-0.011659450966131756,-0.02040407271646329,0.019267281369462277,-0.03135623740784812,0.021435648899637935,-0.012861092728123028,-0.022702605321077565,0.05427157905957295,-0.015559724605642894,-0.03725628066625712,-0.002728112314992423,0.05882071782100291,-0.03206197631602524,-0.062261476935050186,-0.023982842432182336,-0.012756224051844397,0.06442481774756623,0.009471932845966452,0.012556099381080849,-0.014498476901742588,-0.0004070547333754849,0.013037895417813472,-0.029741455110696514,0.030400679878332934,-0.002556686451492473,0.007124142142350582,0.015466186828064377,-0.054111417596789585,0.011605553186167105,0.02606672849421699,0.0057400216626029245,-0.03206197631602524,0.08795817314057465,0.05241920068671803,0.030026315656208225,0.011762211466398416,-0.05434153125086637,0.028317986425134858,-0.002952850979464768,0.004095512884504852,0.014424684533734002,0.023005415075250668,-0.05616999018014154,0.08709287832605028,-0.007657594324750793,0.03651478514400637,0.007610697011062934,-0.09968953180706885,0.05464422689343838,0.04581682056815768,0.021184146246943335,-0.062261476935050186,0.05241920068671803,0.15859851416744333,0.04783296681885083,0.005338905403221884,-0.13350220783208216,0.005459754850790501,-0.0021368860748492303,0.00019827500660507275,0.0032579308194655874,-0.0005392473030264421,-0.025724415126248408,0.03135055287375936,-0.0006246401940959156,0.003321255926384664,0.0046096646473593374,-0.03601604999784482,0.019585008538971594,0.015940979354769663,0.0012774592574361105,-0.023982842432182336,0.030026315656208225,0.04783296681885083,0.03173604440113181,0.004490338625994066,-0.040538530343926925,0.00958650854492952,-0.01689433709205035,0.0006424174199460403,0.009751957756524873,0.00022372309571095468,0.013894873447145968,-0.00794371129876027,-0.021646135684328643,-0.015441739977931844,0.01859117811824776,-0.00860622699058941,0.0061783243871388754,0.0253239691978379,-0.009559086867852704,-0.012756224051844397,0.011762211466398416,0.005338905403221884,0.004490338625994066,0.04480007819406599,-0.0030367035448068728,-0.02918248290217759,9.649866361245794e-5,-0.006392316081202547,-0.013042832535740722,-0.04133724256433975,0.053866086904683266,-0.07783930950998766,0.010770533009534136,-0.04478455090445419,-0.016731796452645945,0.09335387470050416,-0.045378065162817185,-0.04173719705369824,-0.0314889221682685,0.06442481774756623,-0.05434153125086637,-0.13350220783208216,-0.040538530343926925,-0.0030367035448068728,0.1439263545665747,-0.010351997978141734,0.03283330919096868,-0.00913401627896301,-0.017534849088133984,-0.0031121279050552813,-0.03478694776559886,0.018844212759579454,0.0352663787383303,0.015153490762098352,-0.02393815579738138,-0.007252388735136195,0.00048448653209773903,-0.021540191463432095,0.013341196605955109,0.009471932845966452,0.028317986425134858,0.005459754850790501,0.00958650854492952,-0.02918248290217759,-0.010351997978141734,0.06768917677869934
0.023745680657045597,0.006076795636358173,0.001052822230292513,-0.006681190390752134,0.014729504700829428,-0.0067025710692982686,0.0050774417943836875,0.000928470406407277,0.003945441871321581,0.01609300992569515,-0.002707583038341705,-0.005843330175067079,-0.0018654989643097386,0.014159236262327514,-0.015444519062721505,-0.012410991176000821,-0.008998055436572018,-0.0062401636831146854,0.02435116651318878,-0.0039021255093023583,0.006076795636358173,0.02770318155079548,0.003147732093823488,-0.005245241595818359,0.006986818690753476,-0.0069301360035305135,0.004952732908039416,0.006827924003751597,-0.00488323656225932,0.014189884479704446,-0.0015086538055985171,-0.004875351513880858,-0.0035413600839401503,0.01340769760256488,-0.02384551280385979,0.0009335542294114229,-0.002025767387233355,-0.0006345845888827387,0.010299234362109558,-0.011577075576937858,0.001052822230292513,0.003147732093823488,0.01805734257114715,-0.0039748914051652325,-0.01024980950052164,0.012675075201137153,0.004378378994156067,0.008696880913884594,-0.0022113659040378,-0.0039589835578263035,0.005543725633237609,0.0009026873525524064,0.0010026360700664567,-0.003725150676085225,-0.004598260342753023,0.010631222362629157,0.0008654584959820438,-0.0004934728381125711,-0.007125323622287624,0.0016127494809741133,-0.006681190390752134,-0.005245241595818359,-0.0039748914051652325,0.022487096946052238,-0.0026654381875238853,-0.0006669715194199571,-0.0045785395215356805,-0.0026087064746707286,0.004428480981018093,-0.004346815111208503,-0.00012263078511451234,0.00833410754705818,0.004953426662974307,-0.009114824397444404,0.011418359311939796,0.002648165670714761,0.0010579873858798622,0.0057008797437152064,-0.010545108321812758,-0.002896560829749785,0.014729504700829428,0.006986818690753476,-0.01024980950052164,-0.0026654381875238853,0.09690006751774727,-0.048254695330103785,-0.01740738173031902,-0.023447793215239474,0.011098634501467738,0.05267291886686261,-0.022136346601751872,-0.03662692597389038,-0.0018345903274029887,0.047494462219022725,-0.027066923104069166,-0.07315133155674465,-0.024992808891366534,-0.002708120194810705,0.08721214275934984,-0.013983878449716549,-0.0067025710692982686,-0.0069301360035305135,0.012675075201137153,-0.0006669715194199571,-0.048254695330103785,0.057582624769771204,0.005612992401235638,0.015096807218329553,-0.005651723796584249,-0.0387724586797247,0.026319175783550433,0.01645012669318169,0.003143392138183772,-0.030016564738683756,0.010426269386060425,0.054411521417393964,0.012477837148134833,0.01342601242916514,-0.0522590781964564,0.010498242984732016,0.0050774417943836875,0.004952732908039416,0.004378378994156067,-0.0045785395215356805,-0.01740738173031902,0.005612992401235638,0.021697679815062067,0.005861851485341447,-0.007716568678209322,-0.005941982916973792,0.0027410849709683925,0.0061787155848275835,-0.0016845359868845325,-0.002395886286273101,-0.005151909278475794,0.009232382789732343,0.00328113195813214,-0.003185336004015551,-0.00800657416189388,-0.0030153248469719203,0.000928470406407277,0.006827924003751597,0.008696880913884594,-0.0026087064746707286,-0.023447793215239474,0.015096807218329553,0.005861851485341447,0.022589831659994623,-0.0017452834887690485,-0.0065108349887636405,0.0071988076097494556,0.00958925623299676,-0.00012434645649944968,-0.008937668283257004,-0.007961868165283947,0.027294900842595053,0.0008162418932239796,-0.0016099600788131731,-0.023729171372725066,-0.0031781050168626502,0.003945441871321581,-0.00488323656225932,-0.0022113659040378,0.004428480981018093,0.011098634501467738,-0.005651723796584249,-0.007716568678209322,-0.0017452834887690485,0.014620976401241527,0.005385866128636894,-0.0035225595717425975,-0.0019845613690489005,0.005774058607009681,0.0017475533303666954,0.00543936217699968,-0.013120527579490348,-0.0026569564758825255,0.0022294988976995617,0.007671379650090837,-0.006351660020311111,0.01609300992569515,0.014189884479704446,-0.0039589835578263035,-0.004346815111208503,0.05267291886686261,-0.0387724586797247,-0.005941982916973792,-0.0065108349887636405,0.005385866128636894,0.054344795305125114,-0.019532040094067296,-0.023695004198815303,-0.005785430769050021,0.034409770457265,-0.032901267534695605,-0.04445632751724085,-0.018976355584766687,-0.010671407746560628,0.06001960970319241,-0.018890350134051555,-0.002707583038341705,-0.0015086538055985171,0.005543725633237609,-0.00012263078511451234,-0.022136346601751872,0.026319175783550433,0.0027410849709683925,0.0071988076097494556,-0.0035225595717425975,-0.019532040094067296,0.031550021361594204,0.00677656767898247,0.0015892290509262447,-0.015006500989679192,-0.0037613354318364123,0.035148202107595436,0.006599777802538399,0.005402900822296479,-0.03072214730492067,0.007691848607048895,-0.005843330175067079,-0.004875351513880858,0.0009026873525524064,0.00833410754705818,-0.03662692597389038,0.01645012669318169,0.0061787155848275835,0.00958925623299676,-0.0019845613690489005,-0.023695004198815303,0.00677656767898247,0.03586664895387388,0.005982640761193813,-0.02325958811799307,0.021704984837203505,0.029457803112728262,0.011285576522879433,0.004767251413711707,-0.04186677487642401,0.0006192195022588479,-0.0018654989643097386,-0.0035413600839401503,0.0010026360700664567,0.004953426662974307,-0.0018345903274029887,0.003143392138183772,-0.0016845359868845325,-0.00012434645649944968,0.005774058607009681,-0.005785430769050021,0.0015892290509262447,0.005982640761193813,0.019688208946731733,-0.005682283653291255,0.0047165966933133095,6.817286432923148e-5,0.0025274464519679817,0.004106033996112161,-0.007162052260492798,-0.00527967575892184,0.014159236262327514,0.01340769760256488,-0.003725150676085225,-0.009114824397444404,0.047494462219022725,-0.030016564738683756,-0.002395886286273101,-0.008937668283257004,0.0017475533303666954,0.034409770457265,-0.015006500989679192,-0.02325958811799307,-0.005682283653291255,0.04376366530724111,-0.03042505681916429,-0.04123356983019626,-0.014278551020372152,-0.00758498508543596,0.05656289554272294,-0.010539271494606421,-0.015444519062721505,-0.02384551280385979,-0.004598260342753023,0.011418359311939796,-0.027066923104069166,0.010426269386060425,-0.005151909278475794,-0.007961868165283947,0.00543936217699968,-0.032901267534695605,-0.0037613354318364123,0.021704984837203505,0.0047165966933133095,-0.03042505681916429,0.07818999884491065,0.0065970405055398185,0.016359828225052334,0.013494559623583894,-0.036358522716553744,0.024286103353296853,-0.012410991176000821,0.0009335542294114229,0.010631222362629157,0.002648165670714761,-0.07315133155674465,0.054411521417393964,0.009232382789732343,0.027294900842595053,-0.013120527579490348,-0.04445632751724085,0.035148202107595436,0.029457803112728262,6.817286432923148e-5,-0.04123356983019626,0.0065970405055398185,0.09040721416727698,0.02242918875313485,0.01306571605569035,-0.08122443676392385,0.0066639304361887225,-0.008998055436572018,-0.002025767387233355,0.0008654584959820438,0.0010579873858798622,-0.024992808891366534,0.012477837148134833,0.00328113195813214,0.0008162418932239796,-0.0026569564758825255,-0.018976355584766687,0.006599777802538399,0.011285576522879433,0.0025274464519679817,-0.014278551020372152,0.016359828225052334,0.02242918875313485,0.024442674488626234,0.0032110658435698936,-0.030404787292865908,0.00940030733420151,-0.0062401636831146854,-0.0006345845888827387,-0.0004934728381125711,0.0057008797437152064,-0.002708120194810705,0.01342601242916514,-0.003185336004015551,-0.0016099600788131731,0.0022294988976995617,-0.010671407746560628,0.005402900822296479,0.004767251413711707,0.004106033996112161,-0.00758498508543596,0.013494559623583894,0.01306571605569035,0.0032110658435698936,0.03369183068395056,-0.009323808526890808,-0.003330933012935254,0.02435116651318878,0.010299234362109558,-0.007125323622287624,-0.010545108321812758,0.08721214275934984,-0.0522590781964564,-0.00800657416189388,-0.023729171372725066,0.007671379650090837,0.06001960970319241,-0.03072214730492067,-0.04186677487642401,-0.007162052260492798,0.05656289554272294,-0.036358522716553744,-0.08122443676392385,-0.030404787292865908,-0.009323808526890808,0.11301072760736272,-0.0143128884316245,-0.0039021255093023583,-0.011577075576937858,0.0016127494809741133,-0.002896560829749785,-0.013983878449716549,0.010498242984732016,-0.0030153248469719203,-0.0031781050168626502,-0.006351660020311111,-0.018890350134051555,0.007691848607048895,0.0006192195022588479,-0.00527967575892184,-0.010539271494606421,0.024286103353296853,0.0066639304361887225,0.00940030733420151,-0.003330933012935254,-0.0143128884316245,0.035293176280783975
0.029267255397158853,0.011588756162818327,-0.0031380910362432523,-0.003012338049099955,0.028100267939844104,-0.02590222779192027,-0.0025717969399975176,-0.013614934766336823,0.0003827909921355669,0.02866831939996379,-0.03730116030713633,-0.01795644754726053,-0.006037103044042969,0.014134909641262702,-0.010989072317917271,-0.032544595677690684,-0.01559709014058644,-0.00992455791933795,0.040169483884624615,-0.015155594761910807,0.011588756162818327,0.02744981825270591,-0.001189305291096148,-0.0006669979855955161,0.023571199220244064,-0.013562190160590359,-0.004892475196276332,-0.004334525178367987,0.003052823404330537,0.027809409554502944,-0.02010695757191467,-0.02061597743128862,-0.007559981888992754,0.011714885969860318,-0.015542894417191054,-0.023558696557633357,-0.006616034754935607,-0.012072971764106141,0.031982432381279284,-0.015894888363235157,-0.0031380910362432523,-0.001189305291096148,0.015235773907275409,0.0019043776370681643,-0.005412646518973397,0.0011147917763372956,0.00562403324939393,0.004596900534878821,-0.0027358892483711917,-0.00037008268313491743,0.008840660901841572,0.006950564254791118,-0.000301014593353775,-0.001214188820899214,0.004560865183934934,0.004699855833217437,0.0017168533877656217,0.002095685349210462,-0.011835130508901533,0.0015963861000604148,-0.003012338049099955,-0.0006669979855955161,0.0019043776370681643,0.01701159541296449,0.0033635705170813766,0.002503024589077568,-0.0017588270118292168,0.0012979065464821934,0.004142153757138804,-0.0016894888406411217,0.0010600089290257971,-0.0035560545605971376,0.0037129325020514785,-0.0011311711449236582,0.009581302694754892,0.0035617321711491033,0.003288944134456906,0.007224328350774271,-0.005592933221075158,0.000309897960378176,0.028100267939844104,0.023571199220244064,-0.005412646518973397,0.0033635705170813766,0.10434649995019607,-0.0504267543599536,-0.01297469491376432,-0.014387730871438777,0.021125509113864654,0.0680066016437477,-0.06711805273948884,-0.06287016522512022,-0.0027101760989401698,0.04738263055555487,-0.03956215365644068,-0.0734211074847993,-0.01029281633065089,-0.00462649747516391,0.07703026813448446,-0.039765296865545315,-0.02590222779192027,-0.013562190160590359,0.0011147917763372956,0.002503024589077568,-0.0504267543599536,0.05664842145817878,0.0023548689784763026,0.014325911790704865,-0.009686953054358065,-0.05526913143387287,0.0503129069637501,0.026219832366797365,0.011611471643500473,-0.03612364803780596,0.017341191475193328,0.06632257038195238,0.021648405698838514,0.0166099889988851,-0.0668000342081295,0.029877738182184685,-0.0025717969399975176,-0.004892475196276332,0.00562403324939393,-0.0017588270118292168,-0.01297469491376432,0.0023548689784763026,0.01966551901396839,0.006638145150018476,-0.007447345920831039,-0.003214838314641284,0.014439045725881611,0.009710496724604712,-0.0015543242921011672,-0.003291480854173696,0.003825773044326609,0.004406398581995807,0.003874521545254396,0.0031519994855165106,-0.007763799516879951,0.005954875755793526,-0.013614934766336823,-0.004334525178367987,0.004596900534878821,0.0012979065464821934,-0.014387730871438777,0.014325911790704865,0.006638145150018476,0.022070949309195093,0.00243046801368655,-0.010152885634268187,0.022060460961438256,0.006615936845869823,0.00489318352810896,-0.004117633484731051,0.0007512094107850814,0.020244375050082457,0.009579163125875607,0.0068778342116695545,-0.02500941299306754,0.007953280653679798,0.0003827909921355669,0.003052823404330537,-0.0027358892483711917,0.004142153757138804,0.021125509113864654,-0.009686953054358065,-0.007447345920831039,0.00243046801368655,0.023589632166379805,0.010194848908186194,-0.008357741091734589,-0.014580461700015555,-0.00048730568698581605,0.02009900543171949,-0.000673272735922601,-0.024224067805114068,0.00034055185660115256,-0.0004726067198454974,0.019097118395591327,-0.010918613305611911,0.02866831939996379,0.027809409554502944,-0.00037008268313491743,-0.0016894888406411217,0.0680066016437477,-0.05526913143387287,-0.003214838314641284,-0.010152885634268187,0.010194848908186194,0.08835465477801892,-0.055547681351929154,-0.0455918209924801,-0.006634444261036151,0.03965824522128046,-0.03056417223988648,-0.0761292068199865,-0.01888562554803786,-0.021705567693150733,0.08392215302602946,-0.039465238730476165,-0.03730116030713633,-0.02010695757191467,0.008840660901841572,0.0010600089290257971,-0.06711805273948884,0.0503129069637501,0.014439045725881611,0.022060460961438256,-0.008357741091734589,-0.055547681351929154,0.08721539865998078,0.04943128716396722,0.013620417423559529,-0.034290947994876995,0.022484863734131742,0.0659329088133444,0.022726426151365442,0.015450599875197552,-0.07341637530742416,0.03493711772810572,-0.01795644754726053,-0.02061597743128862,0.006950564254791118,-0.0035560545605971376,-0.06287016522512022,0.026219832366797365,0.009710496724604712,0.006615936845869823,-0.014580461700015555,-0.0455918209924801,0.04943128716396722,0.07208707544593873,0.003512749775605336,-0.02780759746773204,0.03789233980951803,0.036112744749390135,0.007464346495319012,0.0009753955772476763,-0.046775633956613306,0.02981329441836891,-0.006037103044042969,-0.007559981888992754,-0.000301014593353775,0.0037129325020514785,-0.0027101760989401698,0.011611471643500473,-0.0015543242921011672,0.00489318352810896,-0.00048730568698581605,-0.006634444261036151,0.013620417423559529,0.003512749775605336,0.030025146014186432,-0.0146651429771875,0.007046244963643616,0.01814162964111119,0.011271495442261279,0.014857203250006036,-0.022347656926785878,0.008741380443054583,0.014134909641262702,0.011714885969860318,-0.001214188820899214,-0.0011311711449236582,0.04738263055555487,-0.03612364803780596,-0.003291480854173696,-0.004117633484731051,0.02009900543171949,0.03965824522128046,-0.034290947994876995,-0.02780759746773204,-0.0146651429771875,0.05354215416583904,-0.022100767576232236,-0.057608018237594205,-0.012898013313199053,-0.014984488232379049,0.05803896960245657,-0.0275388744472874,-0.010989072317917271,-0.015542894417191054,0.004560865183934934,0.009581302694754892,-0.03956215365644068,0.017341191475193328,0.003825773044326609,0.0007512094107850814,-0.000673272735922601,-0.03056417223988648,0.022484863734131742,0.03789233980951803,0.007046244963643616,-0.022100767576232236,0.05773368168039525,0.018767331230202272,0.0060464279917940055,0.005436469717485586,-0.03310859680454693,0.019006313916211114,-0.032544595677690684,-0.023558696557633357,0.004699855833217437,0.0035617321711491033,-0.0734211074847993,0.06632257038195238,0.004406398581995807,0.020244375050082457,-0.024224067805114068,-0.0761292068199865,0.0659329088133444,0.036112744749390135,0.01814162964111119,-0.057608018237594205,0.018767331230202272,0.11383330385583425,0.028344791334204388,0.028865266003246813,-0.10754069171864389,0.03569502008994768,-0.01559709014058644,-0.006616034754935607,0.0017168533877656217,0.003288944134456906,-0.01029281633065089,0.021648405698838514,0.003874521545254396,0.009579163125875607,0.00034055185660115256,-0.01888562554803786,0.022726426151365442,0.007464346495319012,0.011271495442261279,-0.012898013313199053,0.0060464279917940055,0.028344791334204388,0.025478696835579087,0.015040575013365424,-0.03306738241738337,0.01432184792439905,-0.00992455791933795,-0.012072971764106141,0.002095685349210462,0.007224328350774271,-0.00462649747516391,0.0166099889988851,0.0031519994855165106,0.0068778342116695545,-0.0004726067198454974,-0.021705567693150733,0.015450599875197552,0.0009753955772476763,0.014857203250006036,-0.014984488232379049,0.005436469717485586,0.028865266003246813,0.015040575013365424,0.038385946549299894,-0.040545373617390086,0.013046946884726466,0.040169483884624615,0.031982432381279284,-0.011835130508901533,-0.005592933221075158,0.07703026813448446,-0.0668000342081295,-0.007763799516879951,-0.02500941299306754,0.019097118395591327,0.08392215302602946,-0.07341637530742416,-0.046775633956613306,-0.022347656926785878,0.05803896960245657,-0.03310859680454693,-0.10754069171864389,-0.03306738241738337,-0.040545373617390086,0.14133066585793647,-0.04597863770943227,-0.015155594761910807,-0.015894888363235157,0.0015963861000604148,0.000309897960378176,-0.039765296865545315,0.029877738182184685,0.005954875755793526,0.007953280653679798,-0.010918613305611911,-0.039465238730476165,0.03493711772810572,0.02981329441836891,0.008741380443054583,-0.0275388744472874,0.019006313916211114,0.03569502008994768,0.01432184792439905,0.013046946884726466,-0.04597863770943227,0.036411326238752574
