0.031721314489563904,0.006734503679315292,0.026977440762517804,0.00019783996227831075,-0.009157550228431392,0.02496805038044093,-0.0034461624350209516,-0.006156495761456781,0.003337452413104957,0.0012647731469015236,-0.007583213970009103,-0.004106505169887976,-0.02048782884018894,0.0054675662496230315,0.005867541362501628,0.00019738684597406833,-0.008115146435580782,0.01041978384422207,-0.002399910913416462,0.0052079603036224095,0.006734503679315292,0.09170344076985341,0.05142760549793249,-0.019332075723522087,-0.014816608117376904,-0.013924063923459932,0.017675347970468745,0.012683701542454774,-0.02835028700144964,0.04887867818074822,-0.001789800531464129,-0.07989155302350195,-0.029889583849887817,0.011864639506750745,-0.009881795502799454,-0.04626081858854694,0.02289072582407784,0.030462174780214842,0.0566648533225956,-0.007406210975238258,0.026977440762517804,0.05142760549793249,0.07870668624976912,-0.012988034203813205,-0.03183677525015275,0.021751130977360443,0.014336280003604446,-0.015044456720217397,-0.00979046023304849,0.04135873566013115,-0.004304126826986528,-0.0508709626300201,-0.04184893994163803,0.010317409709658474,-0.0068231800648502205,-0.027465574489892418,-1.3959329284316197e-5,0.03449811720137977,0.044763819191656354,0.006369645439802521,0.00019783996227831075,-0.019332075723522087,-0.012988034203813205,0.02246822880865399,0.008089684970659499,-0.002968852337900869,0.010784958627814006,-0.0005396992356286659,0.01352821038997163,-0.0113667323837201,0.000564974636788831,0.01568725331804248,0.024593039074431323,-0.001955553424602437,-0.006739770468672055,0.010343200120305105,-0.005044148673305061,-0.008718375737081209,-0.01351094772028267,-0.0065591067421963516,-0.009157550228431392,-0.014816608117376904,-0.03183677525015275,0.008089684970659499,0.036101031292572375,-0.0144040470369334,0.006791051169581064,0.006829199868553203,0.00809375259185061,-0.016186929521257713,0.001577790712566216,0.010417708996540695,0.037155824124683226,-0.0018413187221388572,-7.56520870686039e-5,0.009007076466613317,-0.0025905573622552343,-0.016341375883449423,-0.023576176271145954,-0.010930960083622814,0.02496805038044093,-0.013924063923459932,0.021751130977360443,-0.002968852337900869,-0.0144040470369334,0.05393972617849428,0.00417501234827588,-0.022575602247953734,0.009246456612716093,-0.0015038059454958426,0.003249621280150846,0.013100558406547122,-0.01126550849869752,0.0035233539761741874,-0.0066539060048074975,0.007589898656240875,-0.017857948586936297,0.007648257224462463,-0.0020738745983259997,0.009100756835171513,-0.0034461624350209516,0.017675347970468745,0.014336280003604446,0.010784958627814006,0.006791051169581064,0.00417501234827588,0.059147285669382585,-0.001384009158057059,-0.0016903711249692047,0.019768678575965253,0.009229502195836889,-0.01588050864954125,0.031079266756831272,0.012195250000315473,-0.01953174131310792,-0.008030889852045482,0.0005118663881766518,0.014273562342589058,0.01712563488520657,-0.013252027469681174,-0.006156495761456781,0.012683701542454774,-0.015044456720217397,-0.0005396992356286659,0.006829199868553203,-0.022575602247953734,-0.001384009158057059,0.10399430416509281,-0.03175873643780536,-0.04866686396679985,0.01963384649503906,0.011970049929829307,-0.010214851873282232,3.700335891167021e-5,-0.01534305044584409,0.0018983143410926837,0.02710819231627256,-0.02657871579024448,-0.016757671486059333,0.005124070159994666,0.003337452413104957,-0.02835028700144964,-0.00979046023304849,0.01352821038997163,0.00809375259185061,0.009246456612716093,-0.0016903711249692047,-0.03175873643780536,0.07310799989839771,-0.0060676949310279815,0.003943606561838273,0.007854058541130776,0.030171172222198114,-0.008433482330098416,-0.009645445979285593,0.01660332470450042,-0.028849255911875153,-0.02750774518087461,-0.028472086880345564,0.012565968329945741,0.0012647731469015236,0.04887867818074822,0.04135873566013115,-0.0113667323837201,-0.016186929521257713,-0.0015038059454958426,0.019768678575965253,-0.04866686396679985,-0.0060676949310279815,0.0921035484026804,-0.018396258617021873,-0.06796400675326371,-0.020357297981536328,0.009255371987019848,0.0045708442352273265,-0.026567003132020806,0.005927445796635252,0.049008703596080866,0.0559558425904313,-0.012529815775840551,-0.007583213970009103,-0.001789800531464129,-0.004304126826986528,0.000564974636788831,0.001577790712566216,0.003249621280150846,0.009229502195836889,0.01963384649503906,0.003943606561838273,-0.018396258617021873,0.05195595462790298,0.01658421564726506,0.010437011376802146,0.005868455865835702,-0.02012584725106928,0.0008732929129663953,-0.011288018837902026,-0.019096286895831135,-0.009339746816264476,0.003026828474248561,-0.004106505169887976,-0.07989155302350195,-0.0508709626300201,0.01568725331804248,0.010417708996540695,0.013100558406547122,-0.01588050864954125,0.011970049929829307,0.007854058541130776,-0.06796400675326371,0.01658421564726506,0.10711595164475236,0.018826408758852546,-0.014512842871198127,0.004558629790294566,0.0335222129398159,-0.01538454851027879,-0.03656658675599124,-0.05486163160198098,0.00334765307345076,-0.02048782884018894,-0.029889583849887817,-0.04184893994163803,0.024593039074431323,0.037155824124683226,-0.01126550849869752,0.031079266756831272,-0.010214851873282232,0.030171172222198114,-0.020357297981536328,0.010437011376802146,0.018826408758852546,0.10800229146575804,0.015357576076806703,-0.01952035835674091,0.014223752875381529,-0.02724398960109666,-0.028752213133180944,-0.03429662455374866,-0.01344053920144168,0.0054675662496230315,0.011864639506750745,0.010317409709658474,-0.001955553424602437,-0.0018413187221388572,0.0035233539761741874,0.012195250000315473,3.700335891167021e-5,-0.008433482330098416,0.009255371987019848,0.005868455865835702,-0.014512842871198127,0.015357576076806703,0.04040643682739513,-0.0027774550867946017,0.004654015134105342,-0.015801930035018674,0.019776745370433675,-0.0006308010770535591,0.0007513191956099591,0.005867541362501628,-0.009881795502799454,-0.0068231800648502205,-0.006739770468672055,-7.56520870686039e-5,-0.0066539060048074975,-0.01953174131310792,-0.01534305044584409,-0.009645445979285593,0.0045708442352273265,-0.02012584725106928,0.004558629790294566,-0.01952035835674091,-0.0027774550867946017,0.04933428416513437,0.011179462666382714,0.009151283184054185,0.02124136860075354,0.001782717334306669,-0.007147594362778752,0.00019738684597406833,-0.04626081858854694,-0.027465574489892418,0.010343200120305105,0.009007076466613317,0.007589898656240875,-0.008030889852045482,0.0018983143410926837,0.01660332470450042,-0.026567003132020806,0.0008732929129663953,0.0335222129398159,0.014223752875381529,0.004654015134105342,0.011179462666382714,0.06001441063871867,-0.015205649699988855,0.0005454175844501063,-0.04448264977025829,0.012720503396718312,-0.008115146435580782,0.02289072582407784,-1.3959329284316197e-5,-0.005044148673305061,-0.0025905573622552343,-0.017857948586936297,0.0005118663881766518,0.02710819231627256,-0.028849255911875153,0.005927445796635252,-0.011288018837902026,-0.01538454851027879,-0.02724398960109666,-0.015801930035018674,0.009151283184054185,-0.015205649699988855,0.04957033373617879,0.0063385133520071565,0.026290702992863152,-0.009725366484387108,0.01041978384422207,0.030462174780214842,0.03449811720137977,-0.008718375737081209,-0.016341375883449423,0.007648257224462463,0.014273562342589058,-0.02657871579024448,-0.02750774518087461,0.049008703596080866,-0.019096286895831135,-0.03656658675599124,-0.028752213133180944,0.019776745370433675,0.02124136860075354,0.0005454175844501063,0.0063385133520071565,0.07323890801407501,0.032803041038857686,0.0012349898846482858,-0.002399910913416462,0.0566648533225956,0.044763819191656354,-0.01351094772028267,-0.023576176271145954,-0.0020738745983259997,0.01712563488520657,-0.016757671486059333,-0.028472086880345564,0.0559558425904313,-0.009339746816264476,-0.05486163160198098,-0.03429662455374866,-0.0006308010770535591,0.001782717334306669,-0.04448264977025829,0.026290702992863152,0.032803041038857686,0.08177678384224156,-0.011297428225322918,0.0052079603036224095,-0.007406210975238258,0.006369645439802521,-0.0065591067421963516,-0.010930960083622814,0.009100756835171513,-0.013252027469681174,0.005124070159994666,0.012565968329945741,-0.012529815775840551,0.003026828474248561,0.00334765307345076,-0.01344053920144168,0.0007513191956099591,-0.007147594362778752,0.012720503396718312,-0.009725366484387108,0.0012349898846482858,-0.011297428225322918,0.038273344681262166
0.04196957572291711,0.01104682992910707,-0.006288015338539975,0.01406444964997484,-0.007475969285439879,0.008856864496430092,-0.012343263536992263,0.006412053357626145,-5.9694849840915334e-5,-0.0041816693451736785,0.007168472014345069,0.009156198429227384,0.003044463230501486,0.021685868030176268,0.011958915672530549,-0.007420006190391229,0.0027399081087655934,0.006366734586770343,-0.011132151899511306,0.005273788532948536,0.01104682992910707,0.023730834359592383,0.001116353983190022,-0.006432748354304795,-0.013021951190962854,0.005777270492817309,-0.0005674654219767958,0.004031198760050845,0.001833269070311686,0.0025269819689446964,-0.00013777137091534587,-0.003246254734517619,-0.0054827101732797135,0.004110603877807982,-0.00490566511593097,-0.004969819136555029,-0.006954428952866125,-0.0036183695984195116,0.005222183623961785,0.007325868116782949,-0.006288015338539975,0.001116353983190022,0.060026460933834166,-0.012421656777359784,-0.01412684651900554,0.007556271213899739,0.003229199811099788,-0.023225760494323726,0.010502952824419058,0.0037553004054716524,-0.0018820435137722974,-0.0011092645078831756,0.023419131419690292,-0.008304014773742952,-0.01026520548620719,0.006538623773856847,-0.018587609881115054,-0.01938775146826386,0.005167603069236947,-0.01376159166451676,0.01406444964997484,-0.006432748354304795,-0.012421656777359784,0.03223512856693243,-0.00012577256102198374,-0.001545401114721854,-0.004603631828068158,0.0051027996224599775,-0.00269405509865392,-0.0033403737015642978,0.007607391818211693,0.005391166274507397,0.014215525859503472,0.01026798014730696,-0.0029440145714389686,-0.005406783568112491,0.009739863963475901,0.015161817410867388,-0.008490618248241957,-0.016715267242983185,-0.007475969285439879,-0.013021951190962854,-0.01412684651900554,-0.00012577256102198374,0.052327228184729714,-0.00527990123757075,0.013115977477830602,0.009177715732005924,-0.002370171060446931,-0.002307922649887291,-0.00530991090914603,-0.0023283994718642847,-0.013708086623948974,-0.015144440985590507,0.0032341400983316366,0.000957285350401844,-0.0017255271705488638,0.00522672651493175,-0.007793420008940977,-0.0026271782689697033,0.008856864496430092,0.005777270492817309,0.007556271213899739,-0.001545401114721854,-0.00527990123757075,0.014612996101156692,-0.0001280065828696233,-0.001983413639097041,0.003198103746305601,-0.0005270200553398358,-0.003516946474018494,-0.0034277680839328454,-0.0008558341592645646,-8.167363508148826e-6,-0.0024780605808842385,0.001336291978914894,-0.00529287336557583,0.002894167767951276,0.0014407789736483032,0.0013274130132310364,-0.012343263536992263,-0.0005674654219767958,0.003229199811099788,-0.004603631828068158,0.013115977477830602,-0.0001280065828696233,0.046016725621806816,0.012069127970333132,-0.005696166862330548,-0.003961042540377409,-0.006888147955807559,0.007620824486519101,-0.006290693102399036,-0.02993341691317913,-0.01213281332355667,0.003431559475470098,0.008021117474128332,-0.019991902239520735,0.00765965921902813,0.0033516733025482724,0.006412053357626145,0.004031198760050845,-0.023225760494323726,0.0051027996224599775,0.009177715732005924,-0.001983413639097041,0.012069127970333132,0.060611640211616025,-0.014150843933435384,-0.01263355355000667,0.0018209811529725582,0.014490233203743137,-0.00967642931326538,-0.0031756613345946295,-0.002807153017688156,-0.0061184691673919975,0.02112380474362743,-0.01599110671466609,0.012557084001954526,0.012071403589526505,-5.9694849840915334e-5,0.001833269070311686,0.010502952824419058,-0.00269405509865392,-0.002370171060446931,0.003198103746305601,-0.005696166862330548,-0.014150843933435384,0.03194175638363394,0.003391795940352287,-0.0013209801981701175,-0.002384299457646734,0.008785935708273553,0.001416573442598337,0.002930967301183489,0.002812806611224551,-0.017990583526907605,0.006572606110196935,-0.017008094015944192,-0.004905788523403821,-0.0041816693451736785,0.0025269819689446964,0.0037553004054716524,-0.0033403737015642978,-0.002307922649887291,-0.0005270200553398358,-0.003961042540377409,-0.01263355355000667,0.003391795940352287,0.026303914539734387,8.461959654133887e-5,-0.01427396504652404,0.00668708500257556,0.007309827733928959,-0.002444161903377034,-0.005090824104184299,-0.0011921223326907657,0.008594594709176805,0.0013233751935761695,-0.004814870612910682,0.007168472014345069,-0.00013777137091534587,-0.0018820435137722974,0.007607391818211693,-0.00530991090914603,-0.003516946474018494,-0.006888147955807559,0.0018209811529725582,-0.0013209801981701175,8.461959654133887e-5,0.027785242269937435,0.01193647051988802,0.011377413509690999,0.011621446025905632,0.0038488440727597706,-0.007127290993271202,0.008783915261674172,0.0013491018759913733,-0.002803440058327624,-0.008511867648364207,0.009156198429227384,-0.003246254734517619,-0.0011092645078831756,0.005391166274507397,-0.0023283994718642847,-0.0034277680839328454,0.007620824486519101,0.014490233203743137,-0.002384299457646734,-0.01427396504652404,0.01193647051988802,0.03995641679117255,0.010204389526500431,-0.004156838993221986,0.005637519423721015,-0.00039462028736931887,0.00925947026272739,-0.014052409920872276,0.004063822112597816,0.0018259820892056959,0.003044463230501486,-0.0054827101732797135,0.023419131419690292,0.014215525859503472,-0.013708086623948974,-0.0008558341592645646,-0.006290693102399036,-0.00967642931326538,0.008785935708273553,0.00668708500257556,0.011377413509690999,0.010204389526500431,0.06475167587800264,0.014585588596383547,-0.0011028461979809654,-0.0005165862426681253,-0.001942339717499653,0.001404903417000232,-0.00697138384489983,-0.021628114997519918,0.021685868030176268,0.004110603877807982,-0.008304014773742952,0.01026798014730696,-0.015144440985590507,-8.167363508148826e-6,-0.02993341691317913,-0.0031756613345946295,0.001416573442598337,0.007309827733928959,0.011621446025905632,-0.004156838993221986,0.014585588596383547,0.05610248652059836,0.013170944714287095,-0.00646924278684045,0.0020577677990760994,0.02345481667975664,-0.00947370539795527,-0.003239369587907476,0.011958915672530549,-0.00490566511593097,-0.01026520548620719,-0.0029440145714389686,0.0032341400983316366,-0.0024780605808842385,-0.01213281332355667,-0.002807153017688156,0.002930967301183489,-0.002444161903377034,0.0038488440727597706,0.005637519423721015,-0.0011028461979809654,0.013170944714287095,0.030129431255711256,0.0019806065020578243,0.0049038129101433795,0.01035639804811736,-0.00613082519862748,0.004148441676411805,-0.007420006190391229,-0.004969819136555029,0.006538623773856847,-0.005406783568112491,0.000957285350401844,0.001336291978914894,0.003431559475470098,-0.0061184691673919975,0.002812806611224551,-0.005090824104184299,-0.007127290993271202,-0.00039462028736931887,-0.0005165862426681253,-0.00646924278684045,0.0019806065020578243,0.026174256634632357,-0.006229419327789207,-0.001420159736108186,0.002162547794971792,0.008909923891548509,0.0027399081087655934,-0.006954428952866125,-0.018587609881115054,0.009739863963475901,-0.0017255271705488638,-0.00529287336557583,0.008021117474128332,0.02112380474362743,-0.017990583526907605,-0.0011921223326907657,0.008783915261674172,0.00925947026272739,-0.001942339717499653,0.0020577677990760994,0.0049038129101433795,-0.006229419327789207,0.05978243465441709,-0.007318366390421976,0.008595680203655438,-0.0026756873421669666,0.006366734586770343,-0.0036183695984195116,-0.01938775146826386,0.015161817410867388,0.00522672651493175,0.002894167767951276,-0.019991902239520735,-0.01599110671466609,0.006572606110196935,0.008594594709176805,0.0013491018759913733,-0.014052409920872276,0.001404903417000232,0.02345481667975664,0.01035639804811736,-0.001420159736108186,-0.007318366390421976,0.05521536659346175,-0.01827501910611547,-0.005637680833828125,-0.011132151899511306,0.005222183623961785,0.005167603069236947,-0.008490618248241957,-0.007793420008940977,0.0014407789736483032,0.00765965921902813,0.012557084001954526,-0.017008094015944192,0.0013233751935761695,-0.002803440058327624,0.004063822112597816,-0.00697138384489983,-0.00947370539795527,-0.00613082519862748,0.002162547794971792,0.008595680203655438,-0.01827501910611547,0.05106596330173355,0.013542881081203672,0.005273788532948536,0.007325868116782949,-0.01376159166451676,-0.016715267242983185,-0.0026271782689697033,0.0013274130132310364,0.0033516733025482724,0.012071403589526505,-0.004905788523403821,-0.004814870612910682,-0.008511867648364207,0.0018259820892056959,-0.021628114997519918,-0.003239369587907476,0.004148441676411805,0.008909923891548509,-0.0026756873421669666,-0.005637680833828125,0.013542881081203672,0.051094626623459774
0.022843993483641918,0.003892850102411772,0.005359832891952019,0.012388692918582831,0.005509830544847439,0.009182488226876987,-0.003661973279778517,-0.0030192767819741183,0.00147607765645332,-0.0027277954169066024,0.001444313353468618,0.001354007980136809,0.0013627699709090686,0.0007121231060082433,-0.002119397367255396,0.0029516347513605604,-0.006869020447406023,-0.002139575628024846,-0.010039006672833747,-0.00339527734553939,0.003892850102411772,0.0304400719139455,0.02041987660622819,-0.002079905991117459,-0.002700605214902953,0.011322247317949879,-0.0004043094265478724,0.025241159760348034,-0.00703006356819195,-0.024735285710018498,-0.0043652105540443525,-0.017212527083258766,-0.005019131369951531,-0.017418983568841723,-0.008537155659391425,-0.009003746970498615,-0.006081229386608912,-0.02831591441605119,0.01603921855344861,-0.02925943086319218,0.005359832891952019,0.02041987660622819,0.060393531045958404,-0.006995213193356879,0.005268534582722433,0.00478114702078773,-0.0026560559990456275,0.017312083335631667,-0.023599052678203537,-0.03151566062085445,-0.013308521258926039,-0.01461165530492343,0.008766815147749251,-0.02097967865226425,-0.007035716345473425,-0.01625468270506181,-0.014479942530021534,-0.042767230790015015,0.024427303319025668,-0.044485110674395395,0.012388692918582831,-0.002079905991117459,-0.006995213193356879,0.03224844632738618,-0.005195740500185167,0.007052060860285177,-0.009644966133504601,-0.014889097207361406,0.019144511353496513,0.004333488461724551,0.0013480894756007823,-0.013529116227289351,0.01062482319479073,0.0024954119026046845,-0.02066832094605086,0.019950405774936217,-0.006306600909478911,0.0020877381736306776,-0.009741801398553896,0.0048522935977432895,0.005509830544847439,-0.002700605214902953,0.005268534582722433,-0.005195740500185167,0.04293625903892516,-0.012168349476082415,0.011286997768434824,-0.0006807524878958658,0.0034837435164854743,0.0009441382126665621,-0.008141129424617507,0.008715803579484944,-0.007576095998799039,0.014006782290211715,-0.002861975229784273,-0.018108072482057327,-0.013081868154887068,0.025007214520791535,-0.008229156967583712,-0.0066501111520281845,0.009182488226876987,0.011322247317949879,0.00478114702078773,0.007052060860285177,-0.012168349476082415,0.026897930206730793,-0.004048322010798483,0.010015273892869271,-0.0027646518341996533,-0.014868287668677548,0.0015613974252879702,-0.012678582050700115,0.0021807961500346414,-0.015549931665333423,-0.004713849078849058,0.008266141392002206,0.0047211009215016855,-0.02183520733268446,0.003416433455672335,-0.014573559437290502,-0.003661973279778517,-0.0004043094265478724,-0.0026560559990456275,-0.009644966133504601,0.011286997768434824,-0.004048322010798483,0.055027718452841094,0.005304672858851576,-0.006791506905156319,0.01574908999773742,0.02134398064332608,0.01750058969229914,0.003027061496156997,0.0053982188625795145,0.0018910213377126776,-0.019582763275331275,0.005145775533342532,0.013422209563834117,-0.006781475077574397,-0.000915785051791821,-0.0030192767819741183,0.025241159760348034,0.017312083335631667,-0.014889097207361406,-0.0006807524878958658,0.010015273892869271,0.005304672858851576,0.07170935135209856,-0.01499760547711967,-0.039724750231598896,-0.00030167664753972525,-0.014347044261131373,-0.023376800238889182,-0.014910507751662512,0.0025811229472934467,-0.011205326806046691,-0.00932318160249486,-0.028914217661186056,0.015073045968342219,-0.029625315635426183,0.00147607765645332,-0.00703006356819195,-0.023599052678203537,0.019144511353496513,0.0034837435164854743,-0.0027646518341996533,-0.006791506905156319,-0.01499760547711967,0.06591393479806508,0.02437225632713474,0.008188862686314705,0.003128724186830514,-0.012430868820794657,0.013916856086687957,-0.019621262281518066,0.024111072415966318,-0.02213799972397692,0.02481023969494519,-0.01798350889563303,0.028041043497034006,-0.0027277954169066024,-0.024735285710018498,-0.03151566062085445,0.004333488461724551,0.0009441382126665621,-0.014868287668677548,0.01574908999773742,-0.039724750231598896,0.02437225632713474,0.08202238933650415,0.024213545196416733,0.0236443153230995,-0.01240584140070703,0.030886189139117153,-3.971994870859423e-5,0.005615422622126604,0.0005227293622501296,0.052106530855769634,-0.008964731182998079,0.04017565570677362,0.001444313353468618,-0.0043652105540443525,-0.013308521258926039,0.0013480894756007823,-0.008141129424617507,0.0015613974252879702,0.02134398064332608,-0.00030167664753972525,0.008188862686314705,0.024213545196416733,0.04914618581884647,0.017870848400051067,-0.0017277938755965489,0.00576418995033334,0.00048235238806871715,0.010649624048241806,-0.00026659702112263666,0.010146045613423997,-0.012420920851181117,0.019569860085306867,0.001354007980136809,-0.017212527083258766,-0.01461165530492343,-0.013529116227289351,0.008715803579484944,-0.012678582050700115,0.01750058969229914,-0.014347044261131373,0.003128724186830514,0.0236443153230995,0.017870848400051067,0.05513971213731441,-0.0006966833013858375,0.008978864405694547,0.01692245459136217,-0.005099831348362282,0.002268721384707507,0.03351910527850703,-0.01722300083721246,0.022145268442430595,0.0013627699709090686,-0.005019131369951531,0.008766815147749251,0.01062482319479073,-0.007576095998799039,0.0021807961500346414,0.003027061496156997,-0.023376800238889182,-0.012430868820794657,-0.01240584140070703,-0.0017277938755965489,-0.0006966833013858375,0.05888594824130673,-0.007367633175250573,-0.0029895531117510683,0.0035869915786259777,0.021801032415434726,-0.007705433334234849,-0.007683983972513592,0.005390730590362545,0.0007121231060082433,-0.017418983568841723,-0.02097967865226425,0.0024954119026046845,0.014006782290211715,-0.015549931665333423,0.0053982188625795145,-0.014910507751662512,0.013916856086687957,0.030886189139117153,0.00576418995033334,0.008978864405694547,-0.007367633175250573,0.04327633985903745,-0.0012176517677621628,0.00021477812929488713,-0.008187637516441046,0.04205215669675208,-0.013965802514834254,0.0286271577699144,-0.002119397367255396,-0.008537155659391425,-0.007035716345473425,-0.02066832094605086,-0.002861975229784273,-0.004713849078849058,0.0018910213377126776,0.0025811229472934467,-0.019621262281518066,-3.971994870859423e-5,0.00048235238806871715,0.01692245459136217,-0.0029895531117510683,-0.0012176517677621628,0.040710896942465484,-0.008867586400062254,0.012841242251182217,0.004233572704461366,0.00043743098800826276,0.0005795404494079168,0.0029516347513605604,-0.009003746970498615,-0.01625468270506181,0.019950405774936217,-0.018108072482057327,0.008266141392002206,-0.019582763275331275,-0.011205326806046691,0.024111072415966318,0.005615422622126604,0.010649624048241806,-0.005099831348362282,0.0035869915786259777,0.00021477812929488713,-0.008867586400062254,0.05007837216065617,-0.001695073957303431,0.0008118976252986894,-0.013941949070481862,0.02532585331362798,-0.006869020447406023,-0.006081229386608912,-0.014479942530021534,-0.006306600909478911,-0.013081868154887068,0.0047211009215016855,0.005145775533342532,-0.00932318160249486,-0.02213799972397692,0.0005227293622501296,-0.00026659702112263666,0.002268721384707507,0.021801032415434726,-0.008187637516441046,0.012841242251182217,-0.001695073957303431,0.05242687215184111,-0.002607282778786983,0.002729375981009568,0.010482576410400849,-0.002139575628024846,-0.02831591441605119,-0.042767230790015015,0.0020877381736306776,0.025007214520791535,-0.02183520733268446,0.013422209563834117,-0.028914217661186056,0.02481023969494519,0.052106530855769634,0.010146045613423997,0.03351910527850703,-0.007705433334234849,0.04205215669675208,0.004233572704461366,0.0008118976252986894,-0.002607282778786983,0.09691340968657186,-0.030460066838688495,0.048154502537780294,-0.010039006672833747,0.01603921855344861,0.024427303319025668,-0.009741801398553896,-0.008229156967583712,0.003416433455672335,-0.006781475077574397,0.015073045968342219,-0.01798350889563303,-0.008964731182998079,-0.012420920851181117,-0.01722300083721246,-0.007683983972513592,-0.013965802514834254,0.00043743098800826276,-0.013941949070481862,0.002729375981009568,-0.030460066838688495,0.044882000215544754,-0.025067325021932603,-0.00339527734553939,-0.02925943086319218,-0.044485110674395395,0.0048522935977432895,-0.0066501111520281845,-0.014573559437290502,-0.000915785051791821,-0.029625315635426183,0.028041043497034006,0.04017565570677362,0.019569860085306867,0.022145268442430595,0.005390730590362545,0.0286271577699144,0.0005795404494079168,0.02532585331362798,0.010482576410400849,0.048154502537780294,-0.025067325021932603,0.0773134716930175
