0.018321650387463917,0.0022570428243891124,-0.0019144613765427498,-0.00017945104467694797,0.009693500469652533,-0.006605137486072353,0.003912388985826347,-0.0026562124666016326,0.0028683648831086253,0.0077034163216462654,-0.005755444083720081,-0.0033782877294337237,-0.003147012233049409,0.007085079128630857,-0.0025093648854997534,-0.010240807173089192,-0.0036819694883378357,-0.0015962677279192056,0.013074960594870955,0.0009695085817680067,0.0022570428243891124,0.016361372149840635,0.0030884754534382386,-0.004211238237252743,-0.0014766908393182474,0.0030153156360417967,0.0014348775460355935,0.0049821699552468745,-0.0038746024023915138,0.0015206234403102156,0.0032268960266509444,-0.003267713200474829,-0.002178481403351404,0.00263989670868182,-0.014745118436047103,0.004866402942525681,0.0004979363164116643,-0.0018694350883133501,-0.0007313038976414525,-0.0027987159317811898,-0.0019144613765427498,0.0030884754534382386,0.012732402005451159,-0.0010788951873045168,-0.006038155199299865,0.0044785813206593625,0.0017774119984697591,0.0023747229676619273,-0.0016763995563333829,-0.0028655809365435844,0.005079086528162671,0.001605667626686584,-0.00022914152817863075,-0.002049099318421006,-0.001797764920554887,0.0056140962322366456,0.0009768563643808362,0.0015811168477787092,-0.007775765606827786,-0.0003212154931379923,-0.00017945104467694797,-0.004211238237252743,-0.0010788951873045168,0.01980874198609247,0.0018854870744404555,0.0006996429323319095,-0.005518821716675387,-0.0014211513543703393,0.006107935255724459,-0.001585778755067462,-0.0022449887866139006,0.003497385745568314,0.003669535712278801,-0.003377249540142108,0.011323824373431206,-0.0005336539151160134,0.00046934626389094744,0.006161519096183512,-0.002165862078937745,0.0011687096003061594,0.009693500469652533,-0.0014766908393182474,-0.006038155199299865,0.0018854870744404555,0.05955825640399101,-0.029680666501575977,-0.008321651081122355,-0.014972456031871292,0.010283536701751788,0.03340130074548278,-0.021824576910785383,-0.021709064370276962,-0.0042841707273692416,0.02580629406638733,-0.015986963119368015,-0.05048063546147526,-0.014515018550119729,-0.004889023513365884,0.051832503110879787,-0.014634228293705205,-0.006605137486072353,0.0030153156360417967,0.0044785813206593625,0.0006996429323319095,-0.029680666501575977,0.039476579057574,0.0006216623048919993,0.011376245076219416,-0.006518145860016967,-0.02497285713566542,0.023080058492965776,0.012860762286947354,0.005179478728558118,-0.01899296146383562,0.006339811597341987,0.042256109584142894,0.01340336676369908,0.00471213221890803,-0.03917278944678901,0.012049260869709161,0.003912388985826347,0.0014348775460355935,0.0017774119984697591,-0.005518821716675387,-0.008321651081122355,0.0006216623048919993,0.01641810153561929,0.0017549962280364,-0.007373708430407508,-0.0014099279192732626,0.0028483983970124267,-0.00014758518285672948,-0.003123648696987437,0.00039326497376105545,-0.001775432957561493,0.0022620836365502776,-4.291888260910346e-5,-0.0024234981919906153,-0.002164674071233496,0.0008066362925826689,-0.0026562124666016326,0.0049821699552468745,0.0023747229676619273,-0.0014211513543703393,-0.014972456031871292,0.011376245076219416,0.0017549962280364,0.01676739793926491,-0.0023929589892677256,-0.00827157647791657,0.007740259624973052,0.005884445030373471,0.0038874743788701845,-0.006244539188969569,-0.00236834037011996,0.01967662337339411,0.0009385372351661818,-0.00091853166204314,-0.019197422035418625,0.002854661058178211,0.0028683648831086253,-0.0038746024023915138,-0.0016763995563333829,0.006107935255724459,0.010283536701751788,-0.006518145860016967,-0.007373708430407508,-0.0023929589892677256,0.014397608848382317,0.0035603459819459797,-0.0046785559405071765,-0.0025767885757117435,0.002138179706592828,0.0029722951000768377,0.007366316847440041,-0.013335806136211322,-0.000425016979468864,0.004543304222368755,0.007347673561261706,-0.0037843431795425236,0.0077034163216462654,0.0015206234403102156,-0.0028655809365435844,-0.001585778755067462,0.03340130074548278,-0.02497285713566542,-0.0014099279192732626,-0.00827157647791657,0.0035603459819459797,0.035653922925324426,-0.017769886854753367,-0.01808734058086832,-0.0046644845310345115,0.020857041381614955,-0.018816626681244134,-0.03741341688181386,-0.012358346902253594,-0.007793280480777748,0.03956959842881014,-0.014956827134515143,-0.005755444083720081,0.0032268960266509444,0.005079086528162671,-0.0022449887866139006,-0.021824576910785383,0.023080058492965776,0.0028483983970124267,0.007740259624973052,-0.0046785559405071765,-0.017769886854753367,0.03099927563017844,0.009843777838892207,0.0064684232461090585,-0.013298046305516635,-0.00012627301462999577,0.0343811230191238,0.009514386035131234,0.004953332055342623,-0.03247013988625616,0.0065821349951971685,-0.0033782877294337237,-0.003267713200474829,0.001605667626686584,0.003497385745568314,-0.021709064370276962,0.012860762286947354,-0.00014758518285672948,0.005884445030373471,-0.0025767885757117435,-0.01808734058086832,0.009843777838892207,0.027405774334519843,0.001382442863039431,-0.014472323197584003,0.017263171216793008,0.02237506860711809,0.007500486021479785,0.005876965884020634,-0.02755703593329411,0.007869583412979962,-0.003147012233049409,-0.002178481403351404,-0.00022914152817863075,0.003669535712278801,-0.0042841707273692416,0.005179478728558118,-0.003123648696987437,0.0038874743788701845,0.002138179706592828,-0.0046644845310345115,0.0064684232461090585,0.001382442863039431,0.018812290898461172,-0.006337916521778001,0.0027390175295650167,0.009149332157516232,0.0019267683392042783,0.0035346125886537728,-0.008940678240745358,-6.266954035756408e-5,0.007085079128630857,0.00263989670868182,-0.002049099318421006,-0.003377249540142108,0.02580629406638733,-0.01899296146383562,0.00039326497376105545,-0.006244539188969569,0.0029722951000768377,0.020857041381614955,-0.013298046305516635,-0.014472323197584003,-0.006337916521778001,0.026083042991510926,-0.015412591496719365,-0.02991487461041858,-0.0100005161361079,-0.005644349522959767,0.03263751731740496,-0.009537261319554086,-0.0025093648854997534,-0.014745118436047103,-0.001797764920554887,0.011323824373431206,-0.015986963119368015,0.006339811597341987,-0.001775432957561493,-0.00236834037011996,0.007366316847440041,-0.018816626681244134,-0.00012627301462999577,0.017263171216793008,0.0027390175295650167,-0.015412591496719365,0.0506377922385055,0.007616214562273815,0.007857370903510526,0.01067003820496661,-0.019408972842786462,0.012663302748267567,-0.010240807173089192,0.004866402942525681,0.0056140962322366456,-0.0005336539151160134,-0.05048063546147526,0.042256109584142894,0.0022620836365502776,0.01967662337339411,-0.013335806136211322,-0.03741341688181386,0.0343811230191238,0.02237506860711809,0.009149332157516232,-0.02991487461041858,0.007616214562273815,0.07682195798879687,0.020301316319061558,0.009357489398377938,-0.0638434579945169,0.012418020060453446,-0.0036819694883378357,0.0004979363164116643,0.0009768563643808362,0.00046934626389094744,-0.014515018550119729,0.01340336676369908,-4.291888260910346e-5,0.0009385372351661818,-0.000425016979468864,-0.012358346902253594,0.009514386035131234,0.007500486021479785,0.0019267683392042783,-0.0100005161361079,0.007857370903510526,0.020301316319061558,0.016969290635811,0.00506142616363126,-0.018416291129537736,0.006681238419152293,-0.0015962677279192056,-0.0018694350883133501,0.0015811168477787092,0.006161519096183512,-0.004889023513365884,0.00471213221890803,-0.0024234981919906153,-0.00091853166204314,0.004543304222368755,-0.007793280480777748,0.004953332055342623,0.005876965884020634,0.0035346125886537728,-0.005644349522959767,0.01067003820496661,0.009357489398377938,0.00506142616363126,0.020360672138278822,-0.011178127522320567,0.0007600761555342718,0.013074960594870955,-0.0007313038976414525,-0.007775765606827786,-0.002165862078937745,0.051832503110879787,-0.03917278944678901,-0.002164674071233496,-0.019197422035418625,0.007347673561261706,0.03956959842881014,-0.03247013988625616,-0.02755703593329411,-0.008940678240745358,0.03263751731740496,-0.019408972842786462,-0.0638434579945169,-0.018416291129537736,-0.011178127522320567,0.0776850756883831,-0.01390444068761288,0.0009695085817680067,-0.0027987159317811898,-0.0003212154931379923,0.0011687096003061594,-0.014634228293705205,0.012049260869709161,0.0008066362925826689,0.002854661058178211,-0.0037843431795425236,-0.014956827134515143,0.0065821349951971685,0.007869583412979962,-6.266954035756408e-5,-0.009537261319554086,0.012663302748267567,0.012418020060453446,0.006681238419152293,0.0007600761555342718,-0.01390444068761288,0.020183288090242668
