0.06369925186874016,-0.001608381411277001,0.013556941468333042,0.0004576177210853226,0.007491769739569207,0.005989827178530338,0.0049298186889714275,-0.0022085964580429596,-0.01596549532766179,-0.010343329888629115,0.01546216681318038,-0.0184849755506449,0.008963915492617266,-0.001417084923731735,-0.0012489282959035005,-0.008283107370389564,0.013881443237780832,-0.004307746458302703,-0.006002193171740028,0.022458481643906795,-0.001608381411277001,0.029167659962168812,-0.0034593477828497414,-0.006642680783359319,0.011710171758300008,-0.0005207352392945739,0.012311790497145503,-0.0011695403439960705,0.007609508588015012,0.0005598486032261276,0.000532502231128937,-0.005921088064821748,0.0074309357279347225,0.013751206164381906,0.0002536311099758515,-0.009774911748306449,-0.012645317452648538,0.011833049179704657,-0.0038114422958472577,-0.010409052800785022,0.013556941468333042,-0.0034593477828497414,0.05018806415310317,-0.011755463788691405,-0.006182895244793648,-0.002871203932080685,0.0001250637730772844,0.017809607426954387,0.019936647130422206,-0.0036909910585585163,0.008978955157432675,0.019642014964778867,-0.009500573106745638,-0.014066209626864442,0.006638987747908118,0.0029165800083708064,0.009408009838041024,-0.012985744418721929,0.010795582037797357,0.01996974742135128,0.0004576177210853226,-0.006642680783359319,-0.011755463788691405,0.05423963779022458,0.016943969753481315,0.008365296623734857,0.0013393791335218506,-0.004912324947166466,-0.015517432437038615,0.010640874831889423,-0.011452623553723541,-0.005847968041212426,-5.406438450381371e-6,0.020041979887676243,-0.005594111210937753,-0.0006122660084332118,0.004804204333432224,0.013593951006443486,-0.015186912253835234,-0.004502564596838763,0.007491769739569207,0.011710171758300008,-0.006182895244793648,0.016943969753481315,0.05651440092246078,0.0016019723894599486,0.006594202848078861,0.00798512372785118,0.0008716643087163258,0.00608489049132993,-0.005604532008539436,-0.0010445480678158573,0.021643722157848003,0.026585487893396306,-0.017670177024135977,-0.01661546446761699,0.005170124283902761,0.011853370702118948,-0.026028902987065415,-0.00902123652253262,0.005989827178530338,-0.0005207352392945739,-0.002871203932080685,0.008365296623734857,0.0016019723894599486,0.05088619286497925,-0.00351539584324897,-0.0007856250977917555,-0.01186707656438951,0.00373491034586766,-0.003958452857828077,-0.004234621825323884,-0.0043094353796953155,-0.004250333315720761,-0.0006836315753259185,-0.0010243724437011517,0.009168788629874755,3.9253228506354326e-5,-0.0038888159123905263,0.0019477789414151514,0.0049298186889714275,0.012311790497145503,0.0001250637730772844,0.0013393791335218506,0.006594202848078861,-0.00351539584324897,0.034043604488567934,-0.010123941095213305,0.009476445058360091,-0.0070674113789260294,0.0008203637112050885,-0.013085326340410763,0.01401615825743162,0.005697339514713265,0.006690161835387443,0.0018312078423883499,-0.006638735859664348,0.00925299756223015,-0.0007326143552494056,-0.0071016902354045655,-0.0022085964580429596,-0.0011695403439960705,0.017809607426954387,-0.004912324947166466,0.00798512372785118,-0.0007856250977917555,-0.010123941095213305,0.036249208435977745,0.01744693433866735,0.004862422517579616,0.0014826724309850827,0.025940535292397766,0.00278325191279751,-0.0034856670256688603,-0.00648207006564619,-0.005275409829766221,0.007391440648342379,-0.012392898259443667,-0.0071418563990814365,0.00312383297188074,-0.01596549532766179,0.007609508588015012,0.019936647130422206,-0.015517432437038615,0.0008716643087163258,-0.01186707656438951,0.009476445058360091,0.01744693433866735,0.039978276292728536,0.000887092594468107,0.005830734144129542,0.02205914664851741,0.001046586612145026,0.0009286789336594515,0.009532174897140519,0.0024350445823940123,-0.0035840182868420592,0.007960335116308972,0.008147118355942215,-0.008115897579233176,-0.010343329888629115,0.0005598486032261276,-0.0036909910585585163,0.010640874831889423,0.00608489049132993,0.00373491034586766,-0.0070674113789260294,0.004862422517579616,0.000887092594468107,0.0285847150892033,-0.008342816720680584,0.011236429057291983,-0.011795100257005448,0.006532874476964108,-0.008493566117749738,-0.0007672100263589772,-0.005417529947521168,0.008492415223443581,-0.0019907740578797963,-0.0007173169621545793,0.01546216681318038,0.000532502231128937,0.008978955157432675,-0.011452623553723541,-0.005604532008539436,-0.003958452857828077,0.0008203637112050885,0.0014826724309850827,0.005830734144129542,-0.008342816720680584,0.03262128413518536,-0.0021044055347313718,0.015394432411693504,-0.011772739364875485,0.008705384480942331,-0.002850859837796711,0.013324240805908428,-0.0030909519045684473,-0.0033824118743853945,-0.002775019669634577,-0.0184849755506449,-0.005921088064821748,0.019642014964778867,-0.005847968041212426,-0.0010445480678158573,-0.004234621825323884,-0.013085326340410763,0.025940535292397766,0.02205914664851741,0.011236429057291983,-0.0021044055347313718,0.06099359081729887,-0.00010100448508094939,-0.00631055515842778,-0.0020331629534729393,0.005846204011381034,0.008512474393676769,-0.01709711029836374,-0.004750840191484654,-6.692153662251276e-5,0.008963915492617266,0.0074309357279347225,-0.009500573106745638,-5.406438450381371e-6,0.021643722157848003,-0.0043094353796953155,0.01401615825743162,0.00278325191279751,0.001046586612145026,-0.011795100257005448,0.015394432411693504,-0.00010100448508094939,0.0693166499816503,0.002540381029555351,-0.0013741503034511572,0.004104445588406584,0.028862655229102255,-0.01078690300867494,-0.02474298361916632,-0.023241903055914923,-0.001417084923731735,0.013751206164381906,-0.014066209626864442,0.020041979887676243,0.026585487893396306,-0.004250333315720761,0.005697339514713265,-0.0034856670256688603,0.0009286789336594515,0.006532874476964108,-0.011772739364875485,-0.00631055515842778,0.002540381029555351,0.04351469108063701,-0.01131085358653523,-0.01388092439215053,-0.018636098463752207,0.019477550399321454,-0.008251342552364899,-0.010967478513543214,-0.0012489282959035005,0.0002536311099758515,0.006638987747908118,-0.005594111210937753,-0.017670177024135977,-0.0006836315753259185,0.006690161835387443,-0.00648207006564619,0.009532174897140519,-0.008493566117749738,0.008705384480942331,-0.0020331629534729393,-0.0013741503034511572,-0.01131085358653523,0.024859750276654664,0.0026461488881777025,0.004182656001996826,0.0025075230900627873,0.0060046135439409,-0.00022496878457585635,-0.008283107370389564,-0.009774911748306449,0.0029165800083708064,-0.0006122660084332118,-0.01661546446761699,-0.0010243724437011517,0.0018312078423883499,-0.005275409829766221,0.0024350445823940123,-0.0007672100263589772,-0.002850859837796711,0.005846204011381034,0.004104445588406584,-0.01388092439215053,0.0026461488881777025,0.04323699667951421,0.009985116995888402,-0.01601476059752967,0.005302402488573764,0.0016128110648143856,0.013881443237780832,-0.012645317452648538,0.009408009838041024,0.004804204333432224,0.005170124283902761,0.009168788629874755,-0.006638735859664348,0.007391440648342379,-0.0035840182868420592,-0.005417529947521168,0.013324240805908428,0.008512474393676769,0.028862655229102255,-0.018636098463752207,0.004182656001996826,0.009985116995888402,0.05636938624040715,-0.024740454488711337,-0.02442115037458674,0.006802442355195801,-0.004307746458302703,0.011833049179704657,-0.012985744418721929,0.013593951006443486,0.011853370702118948,3.9253228506354326e-5,0.00925299756223015,-0.012392898259443667,0.007960335116308972,0.008492415223443581,-0.0030909519045684473,-0.01709711029836374,-0.01078690300867494,0.019477550399321454,0.0025075230900627873,-0.01601476059752967,-0.024740454488711337,0.052799671304390026,0.008121877707083893,-0.014258583857565486,-0.006002193171740028,-0.0038114422958472577,0.010795582037797357,-0.015186912253835234,-0.026028902987065415,-0.0038888159123905263,-0.0007326143552494056,-0.0071418563990814365,0.008147118355942215,-0.0019907740578797963,-0.0033824118743853945,-0.004750840191484654,-0.02474298361916632,-0.008251342552364899,0.0060046135439409,0.005302402488573764,-0.02442115037458674,0.008121877707083893,0.04933462209016842,0.006466612370028289,0.022458481643906795,-0.010409052800785022,0.01996974742135128,-0.004502564596838763,-0.00902123652253262,0.0019477789414151514,-0.0071016902354045655,0.00312383297188074,-0.008115897579233176,-0.0007173169621545793,-0.002775019669634577,-6.692153662251276e-5,-0.023241903055914923,-0.010967478513543214,-0.00022496878457585635,0.0016128110648143856,0.006802442355195801,-0.014258583857565486,0.006466612370028289,0.04190571099327269
0.061563264471567666,0.00794996825300703,0.013382499717816854,-0.003525592618581955,0.002528755081961281,0.02579517765353786,-0.012525621844515031,0.0035748612713292077,-0.03366063574921946,0.0034679879975790546,0.0028961762940959753,-0.0262043086022751,-0.023839495748015027,-0.008498387825638302,0.0017329720603148605,-0.017853449521726267,-0.03460589772118623,0.004341626859822388,0.017478878082236665,0.0049049441721420685,0.00794996825300703,0.03386899957720443,0.0020544755489765865,0.004788560326503382,0.00560177623251301,-0.0023517721164214704,0.006660355782179753,-0.0069763268306958295,-0.004631685203711645,0.006179416116223928,-0.004497029590876697,-0.009010583268939682,-0.007695527312881489,0.005135252523312185,0.012092029674700848,-0.0008692206695753298,-0.018669542001099215,0.014609519858735348,0.010489851844115779,0.0023935832141738335,0.013382499717816854,0.0020544755489765865,0.0383246743975691,-0.015867049268492587,-0.013787390916899553,-0.002871467071808454,0.005292774111114984,0.004108733917343914,0.0054082786836225465,0.006045980495230462,0.01087106170181349,-0.0033568830349682216,0.001651468091258808,-0.006679303513028279,0.006688647500447083,-0.01132858963129955,-0.006967148038222905,-0.012064346388548908,0.013251916048515097,0.013814860601214724,-0.003525592618581955,0.004788560326503382,-0.015867049268492587,0.04097825874571375,0.010849994547355819,0.010474758534878847,0.0011688537638034529,0.0069412783661650865,-0.004721939415099464,0.0021307357577918717,-0.005155898392609541,0.004295213443525749,0.0021568375696763365,0.00176472473156743,0.009642583172350234,0.00953129024045468,0.002026435304405257,0.008560129048240727,-0.0006232172594785596,-0.0026977798284868112,0.002528755081961281,0.00560177623251301,-0.013787390916899553,0.010849994547355819,0.04062233560851495,0.019678818544374595,-0.010417932618126766,-0.002297309620908236,-0.006933971129070093,-0.0031695052717464565,-0.017189685500497057,0.003679301798638828,-0.007940059394068503,0.012943140223455156,-0.006040669956463848,0.010576822838948539,-0.007519166404654686,0.01259331832914839,-0.008105298574056233,-0.009184772681369326,0.02579517765353786,-0.0023517721164214704,-0.002871467071808454,0.010474758534878847,0.019678818544374595,0.05928238513799074,-0.019295285365941793,0.004881005048528404,-0.02075674049200369,0.0050155644946655725,-0.0046817183313277114,-0.010842406082669998,-0.023886348012565478,0.004893996643711165,0.0013639458691085812,-0.004043565037917918,-0.011244846431144574,0.011185326265641359,-0.008749633872180421,0.009420391640958033,-0.012525621844515031,0.006660355782179753,0.005292774111114984,0.0011688537638034529,-0.010417932618126766,-0.019295285365941793,0.0346440178737363,-0.00486519029033834,0.025317897648197873,0.009816197755352066,0.01934043174564675,0.007488739101662853,0.01630142704152949,-0.0018110736134244539,0.015301930117755377,0.002344722122015012,0.010793321990492606,-0.005102679482655249,0.003329157399255019,-0.001999969468266807,0.0035748612713292077,-0.0069763268306958295,0.004108733917343914,0.0069412783661650865,-0.002297309620908236,0.004881005048528404,-0.00486519029033834,0.022260906320373797,0.003180142111059943,0.001668543486763258,0.0014245058436647272,0.00698946155948355,0.011009381359593198,-0.00529488400246248,0.0003489251844035449,-0.0016966322244469237,0.0034341823400537083,-0.01507303162795194,0.0017191713233761735,0.004114998086566296,-0.03366063574921946,-0.004631685203711645,0.0054082786836225465,-0.004721939415099464,-0.006933971129070093,-0.02075674049200369,0.025317897648197873,0.003180142111059943,0.05183727741739387,0.001973276423914776,0.019301182164315013,0.023778000540910865,0.02305269599062572,0.011917242704305157,0.011932326744012924,0.011172510017169191,0.028357405891394346,-0.0011255422631265767,-0.004561360270368971,0.0023591477604424592,0.0034679879975790546,0.006179416116223928,0.006045980495230462,0.0021307357577918717,-0.0031695052717464565,0.0050155644946655725,0.009816197755352066,0.001668543486763258,0.001973276423914776,0.031386421166202716,0.01303825017143409,0.003149667400334557,0.01089432064320012,-0.007192486347990098,0.007273188658459629,0.001593834949495664,0.006065983753493718,-0.005156109444577671,-0.0018070192038468116,0.002338032384336593,0.0028961762940959753,-0.004497029590876697,0.01087106170181349,-0.005155898392609541,-0.017189685500497057,-0.0046817183313277114,0.01934043174564675,0.0014245058436647272,0.019301182164315013,0.01303825017143409,0.04749878201858018,0.014737712752542579,0.02357494008023541,-0.012376245423323693,0.019356692642719435,-0.011047628537091717,0.015838161780791473,-0.011666021085497379,0.000558219682298456,0.006164094938138924,-0.0262043086022751,-0.009010583268939682,-0.0033568830349682216,0.004295213443525749,0.003679301798638828,-0.010842406082669998,0.007488739101662853,0.00698946155948355,0.023778000540910865,0.003149667400334557,0.014737712752542579,0.05327057821639654,0.04626229158735351,-0.004966000634792942,0.0059593028057229516,0.012851418325452373,0.03508097870594436,-0.018413165482490588,-0.006934469382550196,-0.005245400652603897,-0.023839495748015027,-0.007695527312881489,0.001651468091258808,0.0021568375696763365,-0.007940059394068503,-0.023886348012565478,0.01630142704152949,0.011009381359593198,0.02305269599062572,0.01089432064320012,0.02357494008023541,0.04626229158735351,0.08030914031809042,-0.020501248948529505,0.00538839776989041,0.01678275078491353,0.043198119045955316,-0.023134798455916896,-7.410142971681316e-5,-0.0027586213151830487,-0.008498387825638302,0.005135252523312185,-0.006679303513028279,0.00176472473156743,0.012943140223455156,0.004893996643711165,-0.0018110736134244539,-0.00529488400246248,0.011917242704305157,-0.007192486347990098,-0.012376245423323693,-0.004966000634792942,-0.020501248948529505,0.03142073143428569,-0.00195472747945385,0.0009424818682773618,-0.0063458115154961265,0.015911593508631555,-0.009097546193771601,-0.002387021526108828,0.0017329720603148605,0.012092029674700848,0.006688647500447083,0.009642583172350234,-0.006040669956463848,0.0013639458691085812,0.015301930117755377,0.0003489251844035449,0.011932326744012924,0.007273188658459629,0.019356692642719435,0.0059593028057229516,0.00538839776989041,-0.00195472747945385,0.0424512653017947,-0.007218566068191644,-0.0032694651522589937,-0.005334524843356904,0.004580755608887318,0.007321870201041216,-0.017853449521726267,-0.0008692206695753298,-0.01132858963129955,0.00953129024045468,0.010576822838948539,-0.004043565037917918,0.002344722122015012,-0.0016966322244469237,0.011172510017169191,0.001593834949495664,-0.011047628537091717,0.012851418325452373,0.01678275078491353,0.0009424818682773618,-0.007218566068191644,0.038409200013318726,0.017301871709299622,0.004307049913576324,-0.0006547077328352535,-0.006236068917196689,-0.03460589772118623,-0.018669542001099215,-0.006967148038222905,0.002026435304405257,-0.007519166404654686,-0.011244846431144574,0.010793321990492606,0.0034341823400537083,0.028357405891394346,0.006065983753493718,0.015838161780791473,0.03508097870594436,0.043198119045955316,-0.0063458115154961265,-0.0032694651522589937,0.017301871709299622,0.0660277940878388,-0.016459848740293482,-0.021367188422850583,-0.0024744599804430558,0.004341626859822388,0.014609519858735348,-0.012064346388548908,0.008560129048240727,0.01259331832914839,0.011185326265641359,-0.005102679482655249,-0.01507303162795194,-0.0011255422631265767,-0.005156109444577671,-0.011666021085497379,-0.018413165482490588,-0.023134798455916896,0.015911593508631555,-0.005334524843356904,0.004307049913576324,-0.016459848740293482,0.055554737955283845,0.0008687711117236607,0.006016660992861925,0.017478878082236665,0.010489851844115779,0.013251916048515097,-0.0006232172594785596,-0.008105298574056233,-0.008749633872180421,0.003329157399255019,0.0017191713233761735,-0.004561360270368971,-0.0018070192038468116,0.000558219682298456,-0.006934469382550196,-7.410142971681316e-5,-0.009097546193771601,0.004580755608887318,-0.0006547077328352535,-0.021367188422850583,0.0008687711117236607,0.0442061596366329,0.007231225594498808,0.0049049441721420685,0.0023935832141738335,0.013814860601214724,-0.0026977798284868112,-0.009184772681369326,0.009420391640958033,-0.001999969468266807,0.004114998086566296,0.0023591477604424592,0.002338032384336593,0.006164094938138924,-0.005245400652603897,-0.0027586213151830487,-0.002387021526108828,0.007321870201041216,-0.006236068917196689,-0.0024744599804430558,0.006016660992861925,0.007231225594498808,0.03453283658995532
