0.04454276277802319,-0.006788993151131061,0.018855022173912554,0.012910182649861109,0.0020103549672989707,0.02653297824258761,-0.017982053012817852,0.01540359707065811,0.004036105835233148,0.005452901274567694,-0.013684730142114125,0.02648376266192135,-0.02341129110451227,0.015657003558843398,0.006994297575810186,-0.0055248719579903864,-0.020413924715141384,0.005336397366297611,-0.0037878192965431433,-0.01042290216530967,-0.006788993151131061,0.03228479920942424,0.012644785935964239,-0.0066218843214387035,-0.0005066180652248424,-0.0022243951009242747,0.018556773098592542,0.0039050826100333154,0.014733623320479766,-3.919768385143418e-5,0.022926994838848455,-0.030952201227709652,0.01646447830912786,-0.020106431851961197,-0.02155530198712777,-0.01032071845508271,-0.0007297346843453175,-0.026531516101179993,0.006500185048934769,0.002923240361639058,0.018855022173912554,0.012644785935964239,0.06082602890572872,-0.0007378650632742915,-0.0091239253044843,0.03242743527453619,0.02186413903808578,-0.002124993689390977,0.041831592432805875,0.013109273323299243,0.041427793870404836,-0.026797270154389825,0.026226514056200745,-0.012966575231762416,-0.04094819149491768,-0.015622059611307384,-0.027496804359147663,-0.04928271505511361,0.013889909573019561,0.007716271817090002,0.012910182649861109,-0.0066218843214387035,-0.0007378650632742915,0.035440815681901376,-0.017588656414302083,-0.0003316968602444291,-0.016721052627660084,0.014685538619996226,-0.005692396906284169,0.013954889271206028,-0.03794037837044355,0.014108382409332787,-0.0019456122171520468,0.02038731337763152,-0.008322818204912383,-0.006251703943049334,0.004462586345276788,0.020529055746604963,-0.002073232362678791,-0.025416715911572435,0.0020103549672989707,-0.0005066180652248424,-0.0091239253044843,-0.017588656414302083,0.04259179064692449,-0.006025889737374872,0.011744683963101927,-0.016803573423643574,-0.007399287657214084,-0.014087918833428855,0.014143163458370415,0.010002590775957169,-0.001047835780158113,-0.013754987418412362,0.01622043351307806,0.005805779065454818,-0.01013234400267504,0.001125751529593941,-0.005575411912936415,0.009748763535842007,0.02653297824258761,-0.0022243951009242747,0.03242743527453619,-0.0003316968602444291,-0.006025889737374872,0.05157578610219509,0.009547811149031905,0.005346958276819156,0.027530689177427684,0.0025784874074678966,0.03198621645636936,-0.0072213243282554665,0.008322035722415463,0.002366455857178462,-0.02971693392391956,-0.004524069276510245,-0.022162915085347526,-0.02706002125869459,0.00011327897256676331,0.007131883452704648,-0.017982053012817852,0.018556773098592542,0.02186413903808578,-0.016721052627660084,0.011744683963101927,0.009547811149031905,0.057820753601448185,-0.012310991030065836,0.02428553091848807,-0.006782947390773418,0.05925735098306888,-0.031496969635678204,0.045903307164265245,-0.029258507481656912,-0.04274143420888564,-0.005166493556923229,-0.008570952931307182,-0.04835306481908998,0.0029011301999664644,0.01855765379425607,0.01540359707065811,0.0039050826100333154,-0.002124993689390977,0.014685538619996226,-0.016803573423643574,0.005346958276819156,-0.012310991030065836,0.07632045584060419,-0.03363777463669912,-0.016097406675526445,-0.017119175547373168,0.018795883680964798,-0.022165744085731347,0.024118332456403303,-0.008244892944039413,0.0027911075216024194,0.013491461440885512,0.01161932702011162,-0.022797614468365097,-0.021418859986946613,0.004036105835233148,0.014733623320479766,0.041831592432805875,-0.005692396906284169,-0.007399287657214084,0.027530689177427684,0.02428553091848807,-0.03363777463669912,0.10765936764301492,0.03203125537548119,0.040221729110228685,-0.054554181847678185,0.040038039655855506,-0.02188451423990541,-0.040307227186997384,-0.018477963594198753,-0.028207893443528875,-0.062262202504818565,0.02201905385666212,0.03664591697047261,0.005452901274567694,-3.919768385143418e-5,0.013109273323299243,0.013954889271206028,-0.014087918833428855,0.0025784874074678966,-0.006782947390773418,-0.016097406675526445,0.03203125537548119,0.0645144750461581,-0.02117305128474284,-0.004914016365972022,-0.011033145845278113,0.00731916025111366,-0.010148660078114286,-0.01235952712544016,-0.012710830381274546,0.005726534009305518,0.030418981532675936,-0.009703129735763339,-0.013684730142114125,0.022926994838848455,0.041427793870404836,-0.03794037837044355,0.014143163458370415,0.03198621645636936,0.05925735098306888,-0.017119175547373168,0.040221729110228685,-0.02117305128474284,0.1374762457811427,-0.04803360752660999,0.04793236969966343,-0.03956766264752713,-0.05446259152980282,-0.003004151827395279,-0.03154633479161252,-0.07891691197577641,0.0038381495120916615,0.04403290735551718,0.02648376266192135,-0.030952201227709652,-0.026797270154389825,0.014108382409332787,0.010002590775957169,-0.0072213243282554665,-0.031496969635678204,0.018795883680964798,-0.054554181847678185,-0.004914016365972022,-0.04803360752660999,0.10105312124059651,-0.05825142893597558,0.025638381807213416,0.045301804889710286,0.014792628483334095,-0.007211668746203507,0.05504097889655363,-0.009750156905313015,-0.0353229512037377,-0.02341129110451227,0.01646447830912786,0.026226514056200745,-0.0019456122171520468,-0.001047835780158113,0.008322035722415463,0.045903307164265245,-0.022165744085731347,0.040038039655855506,-0.011033145845278113,0.04793236969966343,-0.05825142893597558,0.0926262612985807,-0.02495964695152578,-0.05349819295575437,-0.00815567867360938,0.001341251143419708,-0.05485607885238601,-0.008333221531744714,0.024686174656958937,0.015657003558843398,-0.020106431851961197,-0.012966575231762416,0.02038731337763152,-0.013754987418412362,0.002366455857178462,-0.029258507481656912,0.024118332456403303,-0.02188451423990541,0.00731916025111366,-0.03956766264752713,0.025638381807213416,-0.02495964695152578,0.05708975916148482,0.011767468736088794,0.0007703270563840239,0.0044891747495942515,0.04405493486010499,-0.011924992611974175,-0.01544555560265562,0.006994297575810186,-0.02155530198712777,-0.04094819149491768,-0.008322818204912383,0.01622043351307806,-0.02971693392391956,-0.04274143420888564,-0.008244892944039413,-0.040307227186997384,-0.010148660078114286,-0.05446259152980282,0.045301804889710286,-0.05349819295575437,0.011767468736088794,0.08698408619846974,0.01191855872085655,0.013793756316767235,0.05473341282067705,-0.0013255716007924568,-0.013650679546670996,-0.0055248719579903864,-0.01032071845508271,-0.015622059611307384,-0.006251703943049334,0.005805779065454818,-0.004524069276510245,-0.005166493556923229,0.0027911075216024194,-0.018477963594198753,-0.01235952712544016,-0.003004151827395279,0.014792628483334095,-0.00815567867360938,0.0007703270563840239,0.01191855872085655,0.02996277011610543,0.001135440195331028,0.01283995630563143,-0.014503871800943716,0.004171965231513253,-0.020413924715141384,-0.0007297346843453175,-0.027496804359147663,0.004462586345276788,-0.01013234400267504,-0.022162915085347526,-0.008570952931307182,0.013491461440885512,-0.028207893443528875,-0.012710830381274546,-0.03154633479161252,-0.007211668746203507,0.001341251143419708,0.0044891747495942515,0.013793756316767235,0.001135440195331028,0.04512188606217997,0.01785164471164767,-0.007580342774534756,-0.008566521125182695,0.005336397366297611,-0.026531516101179993,-0.04928271505511361,0.020529055746604963,0.001125751529593941,-0.02706002125869459,-0.04835306481908998,0.01161932702011162,-0.062262202504818565,0.005726534009305518,-0.07891691197577641,0.05504097889655363,-0.05485607885238601,0.04405493486010499,0.05473341282067705,0.01283995630563143,0.01785164471164767,0.09528670277779236,-0.01104753375070229,-0.028806688664466326,-0.0037878192965431433,0.006500185048934769,0.013889909573019561,-0.002073232362678791,-0.005575411912936415,0.00011327897256676331,0.0029011301999664644,-0.022797614468365097,0.02201905385666212,0.030418981532675936,0.0038381495120916615,-0.009750156905313015,-0.008333221531744714,-0.011924992611974175,-0.0013255716007924568,-0.014503871800943716,-0.007580342774534756,-0.01104753375070229,0.04916642930751734,0.003953106358930466,-0.01042290216530967,0.002923240361639058,0.007716271817090002,-0.025416715911572435,0.009748763535842007,0.007131883452704648,0.01855765379425607,-0.021418859986946613,0.03664591697047261,-0.009703129735763339,0.04403290735551718,-0.0353229512037377,0.024686174656958937,-0.01544555560265562,-0.013650679546670996,0.004171965231513253,-0.008566521125182695,-0.028806688664466326,0.003953106358930466,0.05973469521704095
0.026484716128873535,0.006164808862863962,-0.001636330700661463,0.010895283088712099,0.0016418580123594498,0.00981278753683177,-0.003516260490058233,-0.0033054539427129566,0.0019821411752239592,0.0015080010110528317,-0.0015818740243010426,0.00014657134232735582,-0.00643313686076016,0.009541775522083299,0.0013289584581713792,-0.00044366441772074946,-0.006466464370992675,0.006981788920154529,-0.012149428435730842,3.2099985372180287e-6,0.006164808862863962,0.02499976651302031,0.003215023916287407,-0.005934472798363921,-0.0017994725130036143,0.005851351161956999,0.0023923897195438867,0.0051899165638366,2.7017969323301695e-5,0.003779486397406085,-0.0014093176987327492,-0.00925761564909635,-0.014759367412843718,0.002904197819697982,-0.007525418838723498,-0.0047711301123609514,-0.00016109043662860915,0.0015332346559610022,0.01076322544185816,-0.0012359010746268966,-0.001636330700661463,0.003215023916287407,0.0375542747198424,-0.006664258340442972,-0.008055393053282458,0.0041256890884527764,0.004154720549926798,0.0006691125456175996,0.0011021663143077848,-0.0037421443908827482,0.0018766444453995217,0.002794863735287186,0.007070609770429148,-0.00795920262168891,-0.005628199994078363,0.0017424687105004047,-0.008196389437910252,-0.013028284754920228,0.011480262877293607,-0.004048113537813746,0.010895283088712099,-0.005934472798363921,-0.006664258340442972,0.027591056536830846,0.001126560847819537,-0.0008363940906390998,-0.0032815198143055406,-0.01145375569201795,0.006694446543133715,5.698658832755326e-5,0.003552048586728588,-0.0020934831381124435,0.009390550693632238,0.0043353602595841475,-0.009901186849464028,0.005764897477173023,-0.005596006402764161,0.006204441188715094,-0.011802374200273115,-0.009050833619938584,0.0016418580123594498,-0.0017994725130036143,-0.008055393053282458,0.001126560847819537,0.032288612656685534,-0.0005875829450023183,0.0103958316968169,0.0028469179389286154,0.0012196153148113478,0.0013538126018084842,-0.0027136665358879018,-0.004503573283177237,-0.008047122057091516,-0.00625018382859807,-0.0005517238775258994,-0.004925275221906104,0.0072388345072271,0.0031364150196995866,-0.005462557719699432,-0.008801729567791043,0.00981278753683177,0.005851351161956999,0.0041256890884527764,-0.0008363940906390998,-0.0005875829450023183,0.016391145054513608,0.0012901175789728654,0.0009797561878483036,-0.0008748879860516797,-0.000405986654902799,-0.0013134552081657087,-0.0026819885353896607,-0.007510033245835913,-0.0019056971154314602,-0.0008460058299512075,0.002776740352296052,0.003258288289349198,0.00393165656178154,-0.00023006700222775978,-0.0003774268955148151,-0.003516260490058233,0.0023923897195438867,0.004154720549926798,-0.0032815198143055406,0.0103958316968169,0.0012901175789728654,0.031783910252369874,0.006084830924752556,-0.004569573571727239,0.00204019211956062,0.0021577385315273206,0.0005794819768662875,-0.00590976468441573,-0.010636807801051334,-0.005724322016404928,-0.008287736462066857,0.011493087657253636,-0.006529287091622713,0.004319379827483221,-0.0010812249477705268,-0.0033054539427129566,0.0051899165638366,0.0006691125456175996,-0.01145375569201795,0.0028469179389286154,0.0009797561878483036,0.006084830924752556,0.049651882813573224,-0.008022279123121723,-0.018367869358195038,0.0008035619835762334,0.004299698294632533,-0.014115994826448892,-0.00622882061663251,0.0026016962535555035,-0.007995720991515283,-0.0041160390031435845,-0.01977762085563585,0.011954343370471795,0.0025014699492216024,0.0019821411752239592,2.7017969323301695e-5,0.0011021663143077848,0.006694446543133715,0.0012196153148113478,-0.0008748879860516797,-0.004569573571727239,-0.008022279123121723,0.03188147334754915,0.0015125018208692214,0.001032548975859221,0.00090725309925107,0.0027190813784986377,0.00043339800068269065,-0.0031516857951052408,0.007118135278835171,-0.011722508950327061,0.0029174034052646134,-0.011858839274412388,-0.0037611175191950494,0.0015080010110528317,0.003779486397406085,-0.0037421443908827482,5.698658832755326e-5,0.0013538126018084842,-0.000405986654902799,0.00204019211956062,-0.018367869358195038,0.0015125018208692214,0.032893706956751326,-5.012453216750572e-6,-0.007652811425658444,-0.004750784795177708,0.0036477303831310382,-0.002206904123729464,-0.0017942188921627393,0.01014714752646392,0.015252647889573472,0.0017734063026186653,-0.0004767983682405394,-0.0015818740243010426,-0.0014093176987327492,0.0018766444453995217,0.003552048586728588,-0.0027136665358879018,-0.0013134552081657087,0.0021577385315273206,0.0008035619835762334,0.001032548975859221,-5.012453216750572e-6,0.03616657139896747,0.007942616712480505,0.0026812875921139383,0.001360893769317484,-0.002448812669930243,-0.00018244765297525663,-0.006360333439077413,-0.0043686902595757564,-0.0036681648564300447,-0.004450128347462771,0.00014657134232735582,-0.00925761564909635,0.002794863735287186,-0.0020934831381124435,-0.004503573283177237,-0.0026819885353896607,0.0005794819768662875,0.004299698294632533,0.00090725309925107,-0.007652811425658444,0.007942616712480505,0.031781035010601394,0.01218605133779408,-0.0068546628681509705,0.007664671571794844,-0.0035877586416077417,-0.005675748468402993,-0.007788368762538508,-0.002485852391161727,-0.0003811423948656292,-0.00643313686076016,-0.014759367412843718,0.007070609770429148,0.009390550693632238,-0.008047122057091516,-0.007510033245835913,-0.00590976468441573,-0.014115994826448892,0.0027190813784986377,-0.004750784795177708,0.0026812875921139383,0.01218605133779408,0.059737151660961135,0.0010300638745034019,0.0067728937900928265,0.0023380856782589804,0.00356145122306859,-0.0016263643314799354,-0.007887855883824362,-0.005927308515345075,0.009541775522083299,0.002904197819697982,-0.00795920262168891,0.0043353602595841475,-0.00625018382859807,-0.0019056971154314602,-0.010636807801051334,-0.00622882061663251,0.00043339800068269065,0.0036477303831310382,0.001360893769317484,-0.0068546628681509705,0.0010300638745034019,0.03540481077655506,0.0024021395296614295,0.0040977235654435454,-0.009077014239662111,0.014530892744294435,-0.0034310961352344497,0.00714807102846747,0.0013289584581713792,-0.007525418838723498,-0.005628199994078363,-0.009901186849464028,-0.0005517238775258994,-0.0008460058299512075,-0.005724322016404928,0.0026016962535555035,-0.0031516857951052408,-0.002206904123729464,-0.002448812669930243,0.007664671571794844,0.0067728937900928265,0.0024021395296614295,0.027949323382033802,0.002727860804527417,0.007087018455017989,0.0053627031336139054,-0.0031775171901724537,0.003063685051741282,-0.00044366441772074946,-0.0047711301123609514,0.0017424687105004047,0.005764897477173023,-0.004925275221906104,0.002776740352296052,-0.008287736462066857,-0.007995720991515283,0.007118135278835171,-0.0017942188921627393,-0.00018244765297525663,-0.0035877586416077417,0.0023380856782589804,0.0040977235654435454,0.002727860804527417,0.037061082777380565,-0.00032297529507749876,0.005986720829560479,-0.006189944653095903,0.004794423404906523,-0.006466464370992675,-0.00016109043662860915,-0.008196389437910252,-0.005596006402764161,0.0072388345072271,0.003258288289349198,0.011493087657253636,-0.0041160390031435845,-0.011722508950327061,0.01014714752646392,-0.006360333439077413,-0.005675748468402993,0.00356145122306859,-0.009077014239662111,0.007087018455017989,-0.00032297529507749876,0.06214042574988258,0.00864798681635045,0.009310803312048282,0.0024037329685994684,0.006981788920154529,0.0015332346559610022,-0.013028284754920228,0.006204441188715094,0.0031364150196995866,0.00393165656178154,-0.006529287091622713,-0.01977762085563585,0.0029174034052646134,0.015252647889573472,-0.0043686902595757564,-0.007788368762538508,-0.0016263643314799354,0.014530892744294435,0.0053627031336139054,0.005986720829560479,0.00864798681635045,0.04088502342063953,-0.010586990360886579,0.005372968924493329,-0.012149428435730842,0.01076322544185816,0.011480262877293607,-0.011802374200273115,-0.005462557719699432,-0.00023006700222775978,0.004319379827483221,0.011954343370471795,-0.011858839274412388,0.0017734063026186653,-0.0036681648564300447,-0.002485852391161727,-0.007887855883824362,-0.0034310961352344497,-0.0031775171901724537,-0.006189944653095903,0.009310803312048282,-0.010586990360886579,0.04413545720064294,0.0019703818044124917,3.2099985372180287e-6,-0.0012359010746268966,-0.004048113537813746,-0.009050833619938584,-0.008801729567791043,-0.0003774268955148151,-0.0010812249477705268,0.0025014699492216024,-0.0037611175191950494,-0.0004767983682405394,-0.004450128347462771,-0.0003811423948656292,-0.005927308515345075,0.00714807102846747,0.003063685051741282,0.004794423404906523,0.0024037329685994684,0.005372968924493329,0.0019703818044124917,0.033465262997632146
