0.03646642052432345,0.012211391878000709,-0.0008079858278902606,0.014929325307960284,-0.0060479913768819536,-0.019102420665640073,0.002308648694725535,0.02244406334078526,-0.005300019237883624,-0.0012080656382177125,-0.005539918300238078,-0.01953735813755654,-0.016810445925461943,-0.012602456495665586,-0.0011422911255187151,0.01073469778512557,-0.017098780985178606,-0.0124734542205993,0.013980914822573291,0.01936350396056916,0.012211391878000709,0.052915444182308445,-0.01257789674612425,0.013780394887168613,-0.0016968293470019493,-0.009907625630478863,0.006446051348686329,0.029638617019770934,0.0008127955106000989,0.0029083953442014263,-0.002332425918450038,-0.0200294277833259,-0.0037872301143993857,-0.017706340912102124,0.0022917340294029576,0.009408436827296873,-0.010860602817791016,-0.0011846857425742469,0.017599687337015897,0.020567572701547486,-0.0008079858278902606,-0.01257789674612425,0.036662691583825645,-0.006703534770045454,0.003930571004591876,0.0022329882274181095,-0.003322010850762222,-0.003660836221500821,0.004973657069564,-0.0016094091928079463,-0.0011838240517795166,0.01823044971253484,-0.0012879577382352765,0.009051424963091182,-0.000303440084112878,-0.008888554715930709,-0.0024433878611354954,0.005541120075621688,-0.005778193672499255,-0.009296687205088645,0.014929325307960284,0.013780394887168613,-0.006703534770045454,0.03561633147517208,-0.0022626138837934994,0.006307592780180914,0.00848562544536331,0.0025213309078796933,0.0007387483882292582,0.0008281111668245597,-0.0005630342096303947,-0.003734022554909517,-0.004415747698103135,-0.01029385643379951,-0.0031506539477783604,0.015148443357306406,0.002386594796128661,-0.0037590691367503375,0.004695598308908217,0.006791792010707589,-0.0060479913768819536,-0.0016968293470019493,0.003930571004591876,-0.0022626138837934994,0.02057219731729158,0.005928155827229582,0.0007961763518201177,-0.003102952519573145,0.011375054384561187,0.005750405955412416,0.002025215031186028,0.005869776600930606,0.010057331095887925,0.007875861474482663,0.007878423308808473,-0.005763063062463396,0.007453209575728543,0.006697110605355501,-0.0007771726608996013,-0.007159563277680361,-0.019102420665640073,-0.009907625630478863,0.0022329882274181095,0.006307592780180914,0.005928155827229582,0.05823158246164835,-0.0073578244523652934,-0.03480497109482672,0.006437860033757523,-0.015613010097157112,0.0040470550907166156,0.03452876998679417,0.007308228575396099,0.017761921454532585,0.003804374866293181,0.013032149171298673,0.04064323269290834,0.01688438184370452,-0.01721747968154356,-0.029413420366233088,0.002308648694725535,0.006446051348686329,-0.003322010850762222,0.00848562544536331,0.0007961763518201177,-0.0073578244523652934,0.017901575967661974,0.00671045116553683,0.001903754439504504,0.006762643542241519,0.00018517496129601496,-0.010384692151528993,-0.0006909890004363835,-0.0006988947190394328,0.007421868371151045,0.002855642895721865,0.003186825005380118,-0.0042559167796027645,0.0051630869236236245,-3.859388571933703e-5,0.02244406334078526,0.029638617019770934,-0.003660836221500821,0.0025213309078796933,-0.003102952519573145,-0.03480497109482672,0.00671045116553683,0.06450414449637963,-0.0011000312864496511,0.00689399858783051,-0.005908179514913685,-0.03195698977467348,-0.007597257603403641,-0.016556123286358526,0.0008041052391170073,-0.0021720945402627515,-0.030623000295221532,-0.010612339665676873,0.02819897930542028,0.045240327620470734,-0.005300019237883624,0.0008127955106000989,0.004973657069564,0.0007387483882292582,0.011375054384561187,0.006437860033757523,0.001903754439504504,-0.0011000312864496511,0.0350451719860878,0.011559446733068924,0.0005089501395110414,0.004731192431038077,0.012312437957971009,0.0023225054563148348,0.010905651572445016,-0.018057804034882153,-0.0008886119362026936,0.005179445149122736,0.0006951499554125327,-0.006242345403209538,-0.0012080656382177125,0.0029083953442014263,-0.0016094091928079463,0.0008281111668245597,0.005750405955412416,-0.015613010097157112,0.006762643542241519,0.00689399858783051,0.011559446733068924,0.035973345936871605,0.004784429529361282,-0.013362888082818509,0.005649939842052811,-0.0061324459827178344,0.009289593157608057,-0.011664703930852397,-0.004870787117958036,-0.008713360869871598,0.00859627040460264,-0.0006471982016444536,-0.005539918300238078,-0.002332425918450038,-0.0011838240517795166,-0.0005630342096303947,0.002025215031186028,0.0040470550907166156,0.00018517496129601496,-0.005908179514913685,0.0005089501395110414,0.004784429529361282,0.023256114783123175,0.0023483943020179395,0.005064272423353673,0.006215040487909754,0.008992320739623787,-0.003062806896267325,0.011181653189978316,-0.004077124685907238,0.005439475216373816,-0.0036371588195968745,-0.01953735813755654,-0.0200294277833259,0.01823044971253484,-0.003734022554909517,0.005869776600930606,0.03452876998679417,-0.010384692151528993,-0.03195698977467348,0.004731192431038077,-0.013362888082818509,0.0023483943020179395,0.052569457361371974,0.007397505860555993,0.020980548602174458,-0.00040804103950573575,0.004353883680085251,0.029630479618229573,0.022872079575706104,-0.017048900891312085,-0.025848217609370686,-0.016810445925461943,-0.0037872301143993857,-0.0012879577382352765,-0.004415747698103135,0.010057331095887925,0.007308228575396099,-0.0006909890004363835,-0.007597257603403641,0.012312437957971009,0.005649939842052811,0.005064272423353673,0.007397505860555993,0.04307094742218398,0.01948362209399067,0.014047617644774468,-0.016351141389599075,0.011951386043250644,0.009412643344556658,-0.005145170959322655,-0.010771092151537669,-0.012602456495665586,-0.017706340912102124,0.009051424963091182,-0.01029385643379951,0.007875861474482663,0.017761921454532585,-0.0006988947190394328,-0.016556123286358526,0.0023225054563148348,-0.0061324459827178344,0.006215040487909754,0.020980548602174458,0.01948362209399067,0.04731443168365844,0.00899155575901417,-0.008414286048156656,0.019878480999981213,0.014024646801505454,-0.009253257977450994,-0.015231420570234543,-0.0011422911255187151,0.0022917340294029576,-0.000303440084112878,-0.0031506539477783604,0.007878423308808473,0.003804374866293181,0.007421868371151045,0.0008041052391170073,0.010905651572445016,0.009289593157608057,0.008992320739623787,-0.00040804103950573575,0.014047617644774468,0.00899155575901417,0.037791614388346474,-0.015908064518054384,0.008906489603853054,-0.0053512358549472235,0.009689469974093813,-0.0038032497245303804,0.01073469778512557,0.009408436827296873,-0.008888554715930709,0.015148443357306406,-0.005763063062463396,0.013032149171298673,0.002855642895721865,-0.0021720945402627515,-0.018057804034882153,-0.011664703930852397,-0.003062806896267325,0.004353883680085251,-0.016351141389599075,-0.008414286048156656,-0.015908064518054384,0.05390076980486156,0.013317153068972805,0.004131455626568336,-0.003211048004706807,0.004169539138963936,-0.017098780985178606,-0.010860602817791016,-0.0024433878611354954,0.002386594796128661,0.007453209575728543,0.04064323269290834,0.003186825005380118,-0.030623000295221532,-0.0008886119362026936,-0.004870787117958036,0.011181653189978316,0.029630479618229573,0.011951386043250644,0.019878480999981213,0.008906489603853054,0.013317153068972805,0.061938556345041085,0.0123356835175912,-0.012442253488153143,-0.028005983510529867,-0.0124734542205993,-0.0011846857425742469,0.005541120075621688,-0.0037590691367503375,0.006697110605355501,0.01688438184370452,-0.0042559167796027645,-0.010612339665676873,0.005179445149122736,-0.008713360869871598,-0.004077124685907238,0.022872079575706104,0.009412643344556658,0.014024646801505454,-0.0053512358549472235,0.004131455626568336,0.0123356835175912,0.03371415610733365,-0.014180072468573869,-0.0058643652079333145,0.013980914822573291,0.017599687337015897,-0.005778193672499255,0.004695598308908217,-0.0007771726608996013,-0.01721747968154356,0.0051630869236236245,0.02819897930542028,0.0006951499554125327,0.00859627040460264,0.005439475216373816,-0.017048900891312085,-0.005145170959322655,-0.009253257977450994,0.009689469974093813,-0.003211048004706807,-0.012442253488153143,-0.014180072468573869,0.048348428893215646,0.018782341518876738,0.01936350396056916,0.020567572701547486,-0.009296687205088645,0.006791792010707589,-0.007159563277680361,-0.029413420366233088,-3.859388571933703e-5,0.045240327620470734,-0.006242345403209538,-0.0006471982016444536,-0.0036371588195968745,-0.025848217609370686,-0.010771092151537669,-0.015231420570234543,-0.0038032497245303804,0.004169539138963936,-0.028005983510529867,-0.0058643652079333145,0.018782341518876738,0.05833989849340382
