0.05945381183332962,-0.002236052815254799,-0.014853961363754921,0.021318592923655146,0.05137651045893863,-0.026977325544651428,-0.03653982948876831,-0.016536965437730273,0.03955297825930133,-0.030518097278322904,-0.014212423245895348,0.009661567396966445,0.006605480450795265,0.015681341737865225,0.015962256922957586,-0.027267151594503953,-0.02765764189005497,-0.013099047283043074,0.025207189047581756,0.029224831179214504,-0.002236052815254799,0.020069139973082534,0.00438596394031843,0.003519222542026881,-0.00017563215202146508,0.004880580290624214,-0.0016330834395720181,0.009612852799834672,-0.0011838309445909108,0.0033400736568310555,0.00530989879615347,0.0031846037071537286,-0.0022731560293965778,0.004126186816590994,-0.011511918303001878,0.004745309298640433,0.00241928950644321,0.0024934142091470562,-0.0013265570042012703,-0.003341049344428242,-0.014853961363754921,0.00438596394031843,0.023709224678248056,-0.0032624317644469247,-0.013176163850267427,0.006711716810416414,0.019428916143393045,0.011870345314174024,-0.017889157651971445,0.020215953587580174,-0.0021119857368660662,-0.0011451250923736216,-0.00522210221083947,-0.0022992261120367233,-0.012655376172356183,0.007813357103074436,0.008239318077009585,0.011638958030096586,-0.0041571507595987624,-0.012875499123933262,0.021318592923655146,0.003519222542026881,-0.0032624317644469247,0.05378511633857447,0.01483467290736828,0.012352931695425506,-0.045161947406975086,0.0012834300919878777,0.02662657119937651,-0.05503663907362265,0.007341437215650473,0.038004876116245714,0.018206804793785468,-0.017767777805074207,0.03164955620697263,0.026184359127496806,-0.006399597166141944,0.00915522993955689,-0.037197962083743,0.03116999012623508,0.05137651045893863,-0.00017563215202146508,-0.013176163850267427,0.01483467290736828,0.15304036355520761,-0.12343562662217639,-0.054240494754266504,-0.05088217519421144,0.0605643523835336,0.048963479395264485,-0.06368824396262593,-0.05983426752140335,-0.005364171721173748,0.08792550453153253,-0.023393922271014216,-0.12896899794722777,-0.04956123805752578,-0.028218204177142055,0.12504370239212864,-0.006719222516079216,-0.026977325544651428,0.004880580290624214,0.006711716810416414,0.012352931695425506,-0.12343562662217639,0.15633792185944642,0.015674706843775588,0.057122624259442104,-0.030964629123445934,-0.10511285869536402,0.08084006373801943,0.09420944236921058,0.02606066627422442,-0.10231718585795901,0.041000683864997736,0.15805167469252196,0.045424851807506605,0.031839193773710306,-0.14415412022511045,0.028054179327606926,-0.03653982948876831,-0.0016330834395720181,0.019428916143393045,-0.045161947406975086,-0.054240494754266504,0.015674706843775588,0.0874755002386985,0.020686056171774807,-0.05948413125842404,0.06718176735037343,-0.002465271385712859,-0.02622334436120694,-0.023868026697467397,-0.0010447957510523094,-0.03253858605232253,-0.001366083915103038,0.026008187667481374,0.006700166089156196,0.011537001791129913,-0.035592014315785125,-0.016536965437730273,0.009612852799834672,0.011870345314174024,0.0012834300919878777,-0.05088217519421144,0.057122624259442104,0.020686056171774807,0.04756176305686785,-0.017965069185114722,-0.029261023228771527,0.02860489579593599,0.0339375556913374,0.0010386969420600016,-0.03459189596310329,0.0027490956901244134,0.06363799431743754,0.01749436738493763,0.005904049727386567,-0.053674006902674314,0.0067727318410850685,0.03955297825930133,-0.0011838309445909108,-0.017889157651971445,0.02662657119937651,0.0605643523835336,-0.030964629123445934,-0.05948413125842404,-0.017965069185114722,0.05831375950367185,-0.040807661116372636,-0.009219826995858254,0.003959591077740998,0.011711227078000548,0.015532443845751625,0.024847240483110534,-0.026041983813977,-0.024899018085899068,-0.016700200334788633,0.018272129311236958,0.021772651352560443,-0.030518097278322904,0.0033400736568310555,0.020215953587580174,-0.05503663907362265,0.048963479395264485,-0.10511285869536402,0.06718176735037343,-0.029261023228771527,-0.040807661116372636,0.20833867827626723,-0.05964191921198027,-0.11293280121999534,-0.033745211970761156,0.0962386479885349,-0.10629935519410041,-0.13100138319732163,-0.0012550784819199512,0.009205740613674393,0.14486620493351593,-0.08575986478740785,-0.014212423245895348,0.00530989879615347,-0.0021119857368660662,0.007341437215650473,-0.06368824396262593,0.08084006373801943,-0.002465271385712859,0.02860489579593599,-0.009219826995858254,-0.05964191921198027,0.061261774639231194,0.04933588847296291,0.021680645269028728,-0.052020669898770924,0.014886333470346836,0.09028286353823987,0.02041087891754563,0.015307118221619825,-0.08189557100845439,0.016114303841045483,0.009661567396966445,0.0031846037071537286,-0.0011451250923736216,0.038004876116245714,-0.05983426752140335,0.09420944236921058,-0.02622334436120694,0.0339375556913374,0.003959591077740998,-0.11293280121999534,0.04933588847296291,0.10592903772505496,0.023619286627245425,-0.06948580920892727,0.05619787274816761,0.10236973873589755,0.014310348441240694,0.030041393552493346,-0.10448184918962136,0.04737855119488401,0.006605480450795265,-0.0022731560293965778,-0.00522210221083947,0.018206804793785468,-0.005364171721173748,0.02606066627422442,-0.023868026697467397,0.0010386969420600016,0.011711227078000548,-0.033745211970761156,0.021680645269028728,0.023619286627245425,0.03485774654260529,-0.02278606767019916,0.011600430023953173,0.036308410405241034,0.0029345545460401526,0.008906211568401504,-0.03190163478206513,0.007957390618760003,0.015681341737865225,0.004126186816590994,-0.0022992261120367233,-0.017767777805074207,0.08792550453153253,-0.10231718585795901,-0.0010447957510523094,-0.03459189596310329,0.015532443845751625,0.0962386479885349,-0.052020669898770924,-0.06948580920892727,-0.02278606767019916,0.09432829263070905,-0.05185411582486091,-0.11810451246099848,-0.027795358149378127,-0.011769173014638808,0.12084992293121571,-0.028101622851417703,0.015962256922957586,-0.011511918303001878,-0.012655376172356183,0.03164955620697263,-0.023393922271014216,0.041000683864997736,-0.03253858605232253,0.0027490956901244134,0.024847240483110534,-0.10629935519410041,0.014886333470346836,0.05619787274816761,0.011600430023953173,-0.05185411582486091,0.0954115333891924,0.0457131628115941,0.0005469562410787619,-0.0018643294568308371,-0.07604799806122936,0.04980421859609267,-0.027267151594503953,0.004745309298640433,0.007813357103074436,0.026184359127496806,-0.12896899794722777,0.15805167469252196,-0.001366083915103038,0.06363799431743754,-0.026041983813977,-0.13100138319732163,0.09028286353823987,0.10236973873589755,0.036308410405241034,-0.11810451246099848,0.0457131628115941,0.1939834534585058,0.04348501002401355,0.026063775658506157,-0.17589688723328434,0.03125444836151975,-0.02765764189005497,0.00241928950644321,0.008239318077009585,-0.006399597166141944,-0.04956123805752578,0.045424851807506605,0.026008187667481374,0.01749436738493763,-0.024899018085899068,-0.0012550784819199512,0.02041087891754563,0.014310348441240694,0.0029345545460401526,-0.027795358149378127,0.0005469562410787619,0.04348501002401355,0.03559967081295829,0.01807866495165966,-0.03993475732804516,-0.006689415989790266,-0.013099047283043074,0.0024934142091470562,0.011638958030096586,0.00915522993955689,-0.028218204177142055,0.031839193773710306,0.006700166089156196,0.005904049727386567,-0.016700200334788633,0.009205740613674393,0.015307118221619825,0.030041393552493346,0.008906211568401504,-0.011769173014638808,-0.0018643294568308371,0.026063775658506157,0.01807866495165966,0.0579772390552199,-0.021902425667175988,-0.0037851179532644172,0.025207189047581756,-0.0013265570042012703,-0.0041571507595987624,-0.037197962083743,0.12504370239212864,-0.14415412022511045,0.011537001791129913,-0.053674006902674314,0.018272129311236958,0.14486620493351593,-0.08189557100845439,-0.10448184918962136,-0.03190163478206513,0.12084992293121571,-0.07604799806122936,-0.17589688723328434,-0.03993475732804516,-0.021902425667175988,0.20002609287068784,-0.04932721901975939,0.029224831179214504,-0.003341049344428242,-0.012875499123933262,0.03116999012623508,-0.006719222516079216,0.028054179327606926,-0.035592014315785125,0.0067727318410850685,0.021772651352560443,-0.08575986478740785,0.016114303841045483,0.04737855119488401,0.007957390618760003,-0.028101622851417703,0.04980421859609267,0.03125444836151975,-0.006689415989790266,-0.0037851179532644172,-0.04932721901975939,0.06302641708961024
0.020827862697523056,0.0051475151609222,0.0013617664434351787,-0.003861083050643012,0.016671594826522234,-0.011935390959036212,0.004780591924542976,-0.004102946787884108,0.00012349080027359812,0.015073614550896782,-0.008932742237291198,-0.006576896467572089,-0.004038369922480783,0.014902897916602303,-0.00727488840319065,-0.01428585852055082,-0.006869640258653833,-0.006348833109541105,0.02376731988938751,-0.0036412837893221254,0.0051475151609222,0.022077441527547516,0.0037150253025865095,-0.0012443570110765173,0.013305541552122812,-0.008055621238837334,0.001233656361826717,0.0018196463416025196,-0.0031366337838660474,0.01458589757451434,-0.0029821336226533487,-0.007892139941524268,-0.0020238132729643926,0.009259936209080864,-0.02129547297306657,-0.004826598868094453,-0.0033600046292742766,-0.003035357392651106,0.01268802139412719,-0.011709025010527516,0.0013617664434351787,0.0037150253025865095,0.01648645580637201,0.0028660798010219785,-0.0035880292212104176,0.0024624856553241625,0.003371493245888013,0.002599376905166518,0.000281672488355826,-0.003037287345222465,0.003337889101558274,0.0015916692490812621,0.002338617951669298,-0.003005410005159918,0.0004001166743705098,0.006423593099412361,0.0013998041955110843,0.00102921671722836,-0.005363882639279017,-0.0036240105368698294,-0.003861083050643012,-0.0012443570110765173,0.0028660798010219785,0.02322746981443003,0.00307298014192224,-0.0017919583260720723,-0.004998419948272784,-0.0034555170246420488,0.009092284354902391,-0.004280805291593992,0.002124613974475234,0.0007013723223478317,0.0064325193121969985,-0.00466524911656973,0.00913541676840753,-0.0035584073939274458,-0.0015903115832562736,0.008475133569958741,-0.0033419347433451744,-0.004684085418747484,0.016671594826522234,0.013305541552122812,-0.0035880292212104176,0.00307298014192224,0.11535407889894919,-0.060844147275925284,-0.021263304258492675,-0.023891268285774675,0.017297841095279445,0.07278013523498257,-0.03408705228323816,-0.04317862769587824,-0.00286456085484699,0.053626352314487785,-0.041655628949957994,-0.09192178240912235,-0.037647830207306755,0.0005459001031410001,0.1042936680107982,-0.03868673980886521,-0.011935390959036212,-0.008055621238837334,0.0024624856553241625,-0.0017919583260720723,-0.060844147275925284,0.06051880104555677,0.006468516166820411,0.015094115007214637,-0.014275471385826202,-0.0481209578769632,0.027212904934481204,0.021234454543656203,0.0034409510403774425,-0.03417146015158089,0.017957158967170678,0.062264767457196904,0.01973994524425779,6.663976562295784e-5,-0.0713394693277613,0.02787126191865894,0.004780591924542976,0.001233656361826717,0.003371493245888013,-0.004998419948272784,-0.021263304258492675,0.006468516166820411,0.02832892816895287,0.0068391258535997574,-0.008642712033407943,-0.01133584504249445,0.007253552229668266,0.004313806365654397,-0.0021210853225954,-0.005275010422957005,-0.0028977990211866583,0.0165926706786111,0.0068487177033464556,-0.0010318811546966755,-0.00951256856183343,0.0005222604079510386,-0.004102946787884108,0.0018196463416025196,0.002599376905166518,-0.0034555170246420488,-0.023891268285774675,0.015094115007214637,0.0068391258535997574,0.019637583089895216,-0.004735258377143184,-0.009267738747882316,0.006865603986052401,0.005757299220221342,0.002701102905302114,-0.006820842087854526,-0.0036310570850940005,0.025358175846913036,0.004142368355028186,-0.0038754064008670475,-0.02194529454340733,0.005203989178084282,0.00012349080027359812,-0.0031366337838660474,0.000281672488355826,0.009092284354902391,0.017297841095279445,-0.014275471385826202,-0.008642712033407943,-0.004735258377143184,0.019972423263122607,0.0065765427621370665,-0.0031102818675118734,-0.005410443763492206,0.0033317510338602314,0.004916913889858382,0.007113778033326257,-0.022846913356052517,-0.004542729315042287,0.009496627775873082,0.017647735683965646,-0.01063825134525732,0.015073614550896782,0.01458589757451434,-0.003037287345222465,-0.004280805291593992,0.07278013523498257,-0.0481209578769632,-0.01133584504249445,-0.009267738747882316,0.0065765427621370665,0.0794961308166032,-0.028519673373773844,-0.032018951683586136,-0.007795515847216155,0.04549560382773462,-0.04113857096940375,-0.07052069422525684,-0.028023336220469326,-0.012598970803429917,0.08193042104910118,-0.02799960943012838,-0.008932742237291198,-0.0029821336226533487,0.003337889101558274,0.002124613974475234,-0.03408705228323816,0.027212904934481204,0.007253552229668266,0.006865603986052401,-0.0031102818675118734,-0.028519673373773844,0.03809979248725257,0.014265385266046662,0.004257759970590518,-0.019458937482084514,0.006468257625536312,0.04111915677366512,0.01489430059232276,0.009417675469990124,-0.03897216553672611,0.012044335310530858,-0.006576896467572089,-0.007892139941524268,0.0015916692490812621,0.0007013723223478317,-0.04317862769587824,0.021234454543656203,0.004313806365654397,0.005757299220221342,-0.005410443763492206,-0.032018951683586136,0.014265385266046662,0.04299026575685911,0.003705400755293107,-0.026855672049374703,0.03181669064377322,0.0346786986781203,0.021128504522850453,0.0006668366797331933,-0.0455665097380658,0.015935614573100262,-0.004038369922480783,-0.0020238132729643926,0.002338617951669298,0.0064325193121969985,-0.00286456085484699,0.0034409510403774425,-0.0021210853225954,0.002701102905302114,0.0033317510338602314,-0.007795515847216155,0.004257759970590518,0.003705400755293107,0.01835429430279598,-0.006880214228648079,0.005976416561971624,0.004502777629181187,0.0019590849526967334,0.004115877393976665,-0.008455419057393745,0.00011749658484376448,0.014902897916602303,0.009259936209080864,-0.003005410005159918,-0.00466524911656973,0.053626352314487785,-0.03417146015158089,-0.005275010422957005,-0.006820842087854526,0.004916913889858382,0.04549560382773462,-0.019458937482084514,-0.026855672049374703,-0.006880214228648079,0.04948054651500222,-0.03359159197687015,-0.04698234120917193,-0.02210362176060656,-0.00843355755580363,0.06542083850314201,-0.01877674604934184,-0.00727488840319065,-0.02129547297306657,0.0004001166743705098,0.00913541676840753,-0.041655628949957994,0.017957158967170678,-0.0028977990211866583,-0.0036310570850940005,0.007113778033326257,-0.04113857096940375,0.006468257625536312,0.03181669064377322,0.005976416561971624,-0.03359159197687015,0.08274023631275021,0.018630382029384867,0.019746942040106023,0.008192042279744667,-0.041357676479345074,0.028568026447839553,-0.01428585852055082,-0.004826598868094453,0.006423593099412361,-0.0035584073939274458,-0.09192178240912235,0.062264767457196904,0.0165926706786111,0.025358175846913036,-0.022846913356052517,-0.07052069422525684,0.04111915677366512,0.0346786986781203,0.004502777629181187,-0.04698234120917193,0.018630382029384867,0.11503786833291484,0.03852883368141803,0.005935993399298506,-0.10290378713225815,0.0275031308814377,-0.006869640258653833,-0.0033600046292742766,0.0013998041955110843,-0.0015903115832562736,-0.037647830207306755,0.01973994524425779,0.0068487177033464556,0.004142368355028186,-0.004542729315042287,-0.028023336220469326,0.01489430059232276,0.021128504522850453,0.0019590849526967334,-0.02210362176060656,0.019746942040106023,0.03852883368141803,0.03029265746020145,0.003028478760475662,-0.04036881125530824,0.014909094614551402,-0.006348833109541105,-0.003035357392651106,0.00102921671722836,0.008475133569958741,0.0005459001031410001,6.663976562295784e-5,-0.0010318811546966755,-0.0038754064008670475,0.009496627775873082,-0.012598970803429917,0.009417675469990124,0.0006668366797331933,0.004115877393976665,-0.00843355755580363,0.008192042279744667,0.005935993399298506,0.003028478760475662,0.031853093645982954,-0.006667720042056413,-0.005371941430269491,0.02376731988938751,0.01268802139412719,-0.005363882639279017,-0.0033419347433451744,0.1042936680107982,-0.0713394693277613,-0.00951256856183343,-0.02194529454340733,0.017647735683965646,0.08193042104910118,-0.03897216553672611,-0.0455665097380658,-0.008455419057393745,0.06542083850314201,-0.041357676479345074,-0.10290378713225815,-0.04036881125530824,-0.006667720042056413,0.13446491692800067,-0.035580446123236784,-0.0036412837893221254,-0.011709025010527516,-0.0036240105368698294,-0.004684085418747484,-0.03868673980886521,0.02787126191865894,0.0005222604079510386,0.005203989178084282,-0.01063825134525732,-0.02799960943012838,0.012044335310530858,0.015935614573100262,0.00011749658484376448,-0.01877674604934184,0.028568026447839553,0.0275031308814377,0.014909094614551402,-0.005371941430269491,-0.035580446123236784,0.03732842636992995
