0.04524464145443335,0.04748465744446668,0.045742181256870476,0.03242414187315812,0.04240865849578658,0.01567226003746175,-0.0020148722543210486,0.03820390852717577,0.049027929426804964,0.06188133431395831,0.024000289118978925,0.03868519916222395,0.013746493284260253,0.0378230533723244,0.014805917404510694,0.02704550828099819,0.014552721525614973,0.012647806524167486,0.01671774964376173,0.030389861394838,0.04748465744446668,0.0864670995739256,0.07200425187636489,0.04676932143515122,0.0601304177813561,0.028379656306934824,0.0022067638890675327,0.05032968744702904,0.046912824351984274,0.0931572862483437,0.03326583088907176,0.05542196783929169,0.02445911255363042,0.050478306362352635,0.011021731182394048,0.028541529154521853,0.016366312609733154,0.015446724001705065,0.024300180146677848,0.02813488138384125,0.045742181256870476,0.07200425187636489,0.10472031414282151,0.03860248428402418,0.05678161102064269,-0.0004935178806827897,0.032375688073800174,0.02848396688890873,0.008055859991152001,0.09608004494821235,0.031143438085654077,0.041495932666690966,0.03691624818075617,0.04017227097020483,0.025269686635748724,0.02865774272926834,0.052766258699748214,0.003011059532239361,0.04099180044930912,-0.0012535426901627736,0.03242414187315812,0.04676932143515122,0.03860248428402418,0.12323415377525979,0.03949615325084928,-0.006412494395153619,-0.038719767871134576,0.009542022149652787,0.10133039445027406,0.06117672312829134,0.017302335252816412,0.05905799108113341,-0.005119087915510259,0.0540275550027144,0.013729897916172119,0.025869199441634814,0.022237323943084197,-0.012006793368022826,0.00511450892504352,0.032443091534330185,0.04240865849578658,0.0601304177813561,0.05678161102064269,0.03949615325084928,0.06490918908812911,0.024712556097038957,-0.0018689958292050514,0.04815296031872355,0.05733316281519211,0.07749343379137845,0.03307224591086798,0.04520880749849371,0.021401887930061116,0.042774967883498986,0.010116228855413058,0.027928542484261912,0.011880351178953896,0.014734569369888532,0.021298796377532736,0.03290938499480926,0.01567226003746175,0.028379656306934824,-0.0004935178806827897,-0.006412494395153619,0.024712556097038957,0.07022095604710486,-0.01908526767278465,0.05628921380781081,0.046383339773609485,0.029537083863137293,0.01961847261989975,0.023861318212277282,0.006645617280381549,0.025799363992383164,-0.021447594636326634,-0.005346081965069626,-0.046355177657567435,0.03144946135143796,-0.0064527117032818285,0.05638408555249097,-0.0020148722543210486,0.0022067638890675327,0.032375688073800174,-0.038719767871134576,-0.0018689958292050514,-0.01908526767278465,0.06570386750441123,-0.008808865905010232,-0.07257651282450678,0.007202302629468004,0.010451147408845129,-0.011291663243256395,0.030533267145813812,-0.0164107923302532,0.0030364900538607477,-0.004756046850702543,0.03210276244164775,-0.0014210518428087126,0.02387673182320827,-0.03654920889518509,0.03820390852717577,0.05032968744702904,0.02848396688890873,0.009542022149652787,0.04815296031872355,0.05628921380781081,-0.008808865905010232,0.08623039702060135,0.059765261453744944,0.05627343608156783,0.032836919391524125,0.03863702395891343,0.018633315338345176,0.03802406152324934,-0.0030320222655490624,0.018157387687652134,-0.02100862929809743,0.03760282938226713,0.00961174341975336,0.06535199939418244,0.049027929426804964,0.046912824351984274,0.008055859991152001,0.10133039445027406,0.05733316281519211,0.046383339773609485,-0.07257651282450678,0.059765261453744944,0.1932302134586552,0.059016680093665175,0.031554198326229854,0.06787133672887843,-0.012960723890992884,0.07333225084068723,0.0064972262834039046,0.041398489829859164,-0.0213019738176098,0.02527173246642555,-0.012074018884858533,0.10281520896109797,0.06188133431395831,0.0931572862483437,0.09608004494821235,0.06117672312829134,0.07749343379137845,0.029537083863137293,0.007202302629468004,0.05627343608156783,0.059016680093665175,0.13079126495205765,0.04180526906171691,0.06653789290996501,0.034852373124619695,0.0657900845227455,0.021296025266849147,0.03387289152999025,0.02898586102778101,0.02061006003538435,0.037764813939652225,0.034891421090522345,0.024000289118978925,0.03326583088907176,0.031143438085654077,0.017302335252816412,0.03307224591086798,0.01961847261989975,0.010451147408845129,0.032836919391524125,0.031554198326229854,0.04180526906171691,0.03684266831594807,0.03487038948779818,0.02059515263676778,0.031123564523052358,0.0038303832840622864,0.01267997888963112,0.004496374963575042,0.017980155900612967,0.014384746782911777,0.026598076261460595,0.03868519916222395,0.05542196783929169,0.041495932666690966,0.05905799108113341,0.04520880749849371,0.023861318212277282,-0.011291663243256395,0.03863702395891343,0.06787133672887843,0.06653789290996501,0.03487038948779818,0.07331579960605653,0.013791872681046072,0.05869395594332699,0.004952114581606409,0.023383018649992333,0.004779169199769369,0.01611975045804372,0.01204742425552038,0.039001358219563895,0.013746493284260253,0.02445911255363042,0.03691624818075617,-0.005119087915510259,0.021401887930061116,0.006645617280381549,0.030533267145813812,0.018633315338345176,-0.012960723890992884,0.034852373124619695,0.02059515263676778,0.013791872681046072,0.03867821518636923,0.00443600731842052,0.003881366178694773,0.00811839717633873,0.016737290371431273,0.010373702723238332,0.020878629062277346,-0.0033496405705222736,0.0378230533723244,0.050478306362352635,0.04017227097020483,0.0540275550027144,0.042774967883498986,0.025799363992383164,-0.0164107923302532,0.03802406152324934,0.07333225084068723,0.0657900845227455,0.031123564523052358,0.05869395594332699,0.00443600731842052,0.07421813079298592,0.008506060528788498,0.01143580161664606,-0.001813298066336135,0.021244983025912677,0.011365894811874631,0.05230179918181106,0.014805917404510694,0.011021731182394048,0.025269686635748724,0.013729897916172119,0.010116228855413058,-0.021447594636326634,0.0030364900538607477,-0.0030320222655490624,0.0064972262834039046,0.021296025266849147,0.0038303832840622864,0.004952114581606409,0.003881366178694773,0.008506060528788498,0.028974630083880494,0.014578234006175608,0.025012795534615596,-0.004009571762903702,0.01343667563432453,-0.004651980560828596,0.02704550828099819,0.028541529154521853,0.02865774272926834,0.025869199441634814,0.027928542484261912,-0.005346081965069626,-0.004756046850702543,0.018157387687652134,0.041398489829859164,0.03387289152999025,0.01267997888963112,0.023383018649992333,0.00811839717633873,0.01143580161664606,0.014578234006175608,0.054768507959583684,0.024435154217598225,-0.0027017377400844473,0.007495463627395143,0.005696356825991687,0.014552721525614973,0.016366312609733154,0.052766258699748214,0.022237323943084197,0.011880351178953896,-0.046355177657567435,0.03210276244164775,-0.02100862929809743,-0.0213019738176098,0.02898586102778101,0.004496374963575042,0.004779169199769369,0.016737290371431273,-0.001813298066336135,0.025012795534615596,0.024435154217598225,0.07232501482790422,-0.022819514113194682,0.024790669565789257,-0.03742844439236055,0.012647806524167486,0.015446724001705065,0.003011059532239361,-0.012006793368022826,0.014734569369888532,0.03144946135143796,-0.0014210518428087126,0.03760282938226713,0.02527173246642555,0.02061006003538435,0.017980155900612967,0.01611975045804372,0.010373702723238332,0.021244983025912677,-0.004009571762903702,-0.0027017377400844473,-0.022819514113194682,0.03449351008944477,0.0023538757724151263,0.03925686327518252,0.01671774964376173,0.024300180146677848,0.04099180044930912,0.00511450892504352,0.021298796377532736,-0.0064527117032818285,0.02387673182320827,0.00961174341975336,-0.012074018884858533,0.037764813939652225,0.014384746782911777,0.01204742425552038,0.020878629062277346,0.011365894811874631,0.01343667563432453,0.007495463627395143,0.024790669565789257,0.0023538757724151263,0.030170015152218215,-0.0063770137375364685,0.030389861394838,0.02813488138384125,-0.0012535426901627736,0.032443091534330185,0.03290938499480926,0.05638408555249097,-0.03654920889518509,0.06535199939418244,0.10281520896109797,0.034891421090522345,0.026598076261460595,0.039001358219563895,-0.0033496405705222736,0.05230179918181106,-0.004651980560828596,0.005696356825991687,-0.03742844439236055,0.03925686327518252,-0.0063770137375364685,0.09842800486909932
0.039708279461467884,0.030323048307245512,0.036746784403345445,0.03634659914240289,0.024713684750892376,-0.01026905176063581,0.01742277748959473,0.012081553326063338,0.01986751524570861,0.034938176820711125,0.010908193042502123,0.0342222240789687,0.026427358125033266,0.022338834255166112,0.01162546074290853,0.012957642115847035,0.02768382770853063,-0.004717763933875864,0.013653567218174368,0.003944580502349815,0.030323048307245512,0.05421939326170136,0.05100277983225441,0.04116785598273483,0.03380788537409742,-0.0074387943839927615,0.02394040744673976,0.019285082662672842,0.015293702946819494,0.04663463686260298,0.020009965781672544,0.03524516432401262,0.031912103514854046,0.026099512632115726,0.012338094618952182,0.022118720782258808,0.0445957232903975,-0.004345927286002814,0.022574611999317887,0.006619288887277903,0.036746784403345445,0.05100277983225441,0.09426098005435851,0.0595574860928048,0.04132361249892125,-0.02286154391144355,0.036808258392798054,0.007675229891245692,0.0032180208892117193,0.06325257140686488,0.024923772752122264,0.041487131644480285,0.049623726501078186,0.03466880465061821,0.022319892997352216,0.029753956582745773,0.06728597854674312,-0.01270437703079726,0.028226915245387743,-0.006998858032361787,0.03634659914240289,0.04116785598273483,0.0595574860928048,0.11084251228027554,0.03591431729834611,-0.02999847876606799,0.01820015601102848,0.002095949735395556,0.05213748269361092,0.057483951569991545,0.02648778366859302,0.06131270776197365,0.046459655402593766,0.04194754144597229,0.023708660267080996,0.007017800537464246,0.05091455055465409,-0.009690315167641603,0.03244937087123892,0.008352350047151829,0.024713684750892376,0.03380788537409742,0.04132361249892125,0.03591431729834611,0.039050079578067144,-0.01089769815722499,0.017403799605318522,0.01405822741843507,0.016113384344040346,0.038838616067411916,0.013918843595699861,0.03146623074057906,0.027538360072048424,0.02116369734211481,0.006708890606699587,0.013600591905803525,0.03487966918866471,-0.005244916947590132,0.013755174425724829,0.0015822734170991446,-0.01026905176063581,-0.0074387943839927615,-0.02286154391144355,-0.02999847876606799,-0.01089769815722499,0.04092279377607264,-0.02813464438360736,0.02016678587393917,0.007885353875373018,-0.014003456523645527,-0.014545842237804219,-0.01352432745718139,-0.023287633207164773,-0.00763807422998424,-0.015558394136787104,-0.006569294485477197,-0.04320775957223588,0.009075737064774414,-0.009872409695802647,0.016055773817647574,0.01742277748959473,0.02394040744673976,0.036808258392798054,0.01820015601102848,0.017403799605318522,-0.02813464438360736,0.05217691931322814,-0.0043980027497964435,-0.009341867059783057,0.028623002592447253,0.022632359056776297,0.018292437634385702,0.030039836484351344,0.01363348656687908,0.012985084437593247,0.017025918095557924,0.05659615777728079,-0.00942330814021753,0.015556764734235562,-0.011849178996182444,0.012081553326063338,0.019285082662672842,0.007675229891245692,0.002095949735395556,0.01405822741843507,0.02016678587393917,-0.0043980027497964435,0.0413354997857689,0.01741701615391667,0.015749964629190264,0.0054158691634426485,0.006642618274312656,0.008037207439025352,0.007979679405297709,-0.0059321974986493225,0.013212750851218619,-0.004540462860656178,0.012087522657948175,0.007904989479781108,0.020593932378799557,0.01986751524570861,0.015293702946819494,0.0032180208892117193,0.05213748269361092,0.016113384344040346,0.007885353875373018,-0.009341867059783057,0.01741701615391667,0.07585642083493195,0.020697086257386928,0.004923695411524013,0.03960642439719378,0.012301342823408648,0.027461675264576508,0.004466602212133397,-0.00826709860418693,-0.0034659171936504826,0.009832345218555413,0.010413933645609481,0.0239737613255194,0.034938176820711125,0.04663463686260298,0.06325257140686488,0.057483951569991545,0.038838616067411916,-0.014003456523645527,0.028623002592447253,0.015749964629190264,0.020697086257386928,0.0655311090325976,0.024572738068886227,0.04105980327773587,0.04316791173739517,0.032748796351411355,0.016103509112978538,0.02407209156441923,0.05253961297939122,-0.004655162801841606,0.02726192263185937,0.0019250247400301513,0.010908193042502123,0.020009965781672544,0.024923772752122264,0.02648778366859302,0.013918843595699861,-0.014545842237804219,0.022632359056776297,0.0054158691634426485,0.004923695411524013,0.024572738068886227,0.039708657581288546,0.014532861081161662,0.027704622021791858,0.014964469342414967,0.014146473265388797,0.01365462516178691,0.040158037662512525,0.0021483421797976014,0.01699111550201831,0.0022908023770139498,0.0342222240789687,0.03524516432401262,0.041487131644480285,0.06131270776197365,0.03146623074057906,-0.01352432745718139,0.018292437634385702,0.006642618274312656,0.03960642439719378,0.04105980327773587,0.014532861081161662,0.05587007047395247,0.03154268124411779,0.030491974595675535,0.014872376987727476,0.00653471447200355,0.036193993813757964,-0.0071364102376994375,0.01897441548427553,0.006652334563952111,0.026427358125033266,0.031912103514854046,0.049623726501078186,0.046459655402593766,0.027538360072048424,-0.023287633207164773,0.030039836484351344,0.008037207439025352,0.012301342823408648,0.04316791173739517,0.027704622021791858,0.03154268124411779,0.05852938349296015,0.022853930687701123,0.01864442118719778,0.015793881270211876,0.054108327188823996,-0.002369727200152883,0.02066474190781046,-0.001814724536861564,0.022338834255166112,0.026099512632115726,0.03466880465061821,0.04194754144597229,0.02116369734211481,-0.00763807422998424,0.01363348656687908,0.007979679405297709,0.027461675264576508,0.032748796351411355,0.014964469342414967,0.030491974595675535,0.022853930687701123,0.03577431769534827,0.009049159075763535,0.010442169669850091,0.027943045766856932,-0.004044500740392346,0.013581698220180776,0.006964847513482383,0.01162546074290853,0.012338094618952182,0.022319892997352216,0.023708660267080996,0.006708890606699587,-0.015558394136787104,0.012985084437593247,-0.0059321974986493225,0.004466602212133397,0.016103509112978538,0.014146473265388797,0.014872376987727476,0.01864442118719778,0.009049159075763535,0.02341937722821527,0.0034430257503310227,0.023476901821778008,-0.007207622242724678,0.009259609999126237,-0.004374992967758148,0.012957642115847035,0.022118720782258808,0.029753956582745773,0.007017800537464246,0.013600591905803525,-0.006569294485477197,0.017025918095557924,0.013212750851218619,-0.00826709860418693,0.02407209156441923,0.01365462516178691,0.00653471447200355,0.015793881270211876,0.010442169669850091,0.0034430257503310227,0.03152326035487223,0.026648664639826514,-0.0019647391810859996,0.01281385058173479,0.002159287172917579,0.02768382770853063,0.0445957232903975,0.06728597854674312,0.05091455055465409,0.03487966918866471,-0.04320775957223588,0.05659615777728079,-0.004540462860656178,-0.0034659171936504826,0.05253961297939122,0.040158037662512525,0.036193993813757964,0.054108327188823996,0.027943045766856932,0.023476901821778008,0.026648664639826514,0.09989569560375844,-0.01523884867942472,0.028430733625301883,-0.01614977531994493,-0.004717763933875864,-0.004345927286002814,-0.01270437703079726,-0.009690315167641603,-0.005244916947590132,0.009075737064774414,-0.00942330814021753,0.012087522657948175,0.009832345218555413,-0.004655162801841606,0.0021483421797976014,-0.0071364102376994375,-0.002369727200152883,-0.004044500740392346,-0.007207622242724678,-0.0019647391810859996,-0.01523884867942472,0.02283482006159023,-0.0025365749719525885,0.013057550224064062,0.013653567218174368,0.022574611999317887,0.028226915245387743,0.03244937087123892,0.013755174425724829,-0.009872409695802647,0.015556764734235562,0.007904989479781108,0.010413933645609481,0.02726192263185937,0.01699111550201831,0.01897441548427553,0.02066474190781046,0.013581698220180776,0.009259609999126237,0.01281385058173479,0.028430733625301883,-0.0025365749719525885,0.026475970572973143,0.0031119316784040344,0.003944580502349815,0.006619288887277903,-0.006998858032361787,0.008352350047151829,0.0015822734170991446,0.016055773817647574,-0.011849178996182444,0.020593932378799557,0.0239737613255194,0.0019250247400301513,0.0022908023770139498,0.006652334563952111,-0.001814724536861564,0.006964847513482383,-0.004374992967758148,0.002159287172917579,-0.01614977531994493,0.013057550224064062,0.0031119316784040344,0.03424702534773549
