0.028568282709521123,-0.005731025975618492,0.012484017792375212,0.010541030712852716,0.005614503869513178,0.017812614430738782,0.0007393808929635963,0.0034629854221818798,0.02473718558632626,-0.01483765482496742,0.0013007640128384242,0.004012036682527727,-0.0015161829451628642,0.005432830310240142,0.001551616424357417,0.0106945828335249,-0.0031678020193447176,-0.018832302443641286,-0.017915894589784764,0.003215314904822248,-0.005731025975618492,0.04810258621960782,0.006171465549678076,-0.02475534530231683,-0.0006037480795130105,0.0032294304550070626,0.005168187122110562,0.004441481518637095,-0.028800857676212932,0.01821390034186914,0.005827381604725091,-0.02961478676925071,-0.009967308048321126,-0.008711347357516018,-0.022349650301638362,-0.02616835991484691,-0.0023109802446054086,-0.0037085740861350133,0.020220535136055824,-0.004050559979045817,0.012484017792375212,0.006171465549678076,0.05166322161359971,0.0004376866720830956,-0.004113472772565485,0.018544815943848825,0.003447349834524125,0.009008276180894415,-0.015578234033123459,0.0005323104433743058,0.007283079366265432,-0.009860884152768663,0.01688810792196922,-0.001709109847188556,-0.025050910924905176,-0.017795850343099148,-0.004997321933283424,-0.019019121109073157,0.003540716594291733,-0.037876503467640724,0.010541030712852716,-0.02475534530231683,0.0004376866720830956,0.03445706193088351,-0.0028886936827902734,0.0033159289095525428,0.0016280316693538448,-0.00208283081273095,0.010373031911720745,-0.014490510002992316,-0.0077025515455370844,0.009306059037039134,0.013110836781480475,0.008819168283602746,-0.002581139775089472,0.019689416399933355,0.004342174999846493,0.001047442152216318,-0.015824161302976186,-0.009489507807105446,0.005614503869513178,-0.0006037480795130105,-0.004113472772565485,-0.0028886936827902734,0.025323888001081058,-0.0038839629540810584,0.002058132440280496,-0.005460001519865062,0.014527324123361177,0.0016405498553433361,-0.004855838263911387,0.0069213428195604235,0.00032365132547837157,0.0006201540415711887,0.006965697186147785,0.006503050221820331,0.0057389221290161385,0.0010516786763047968,0.0017092809348889307,0.011435218918131066,0.017812614430738782,0.0032294304550070626,0.018544815943848825,0.0033159289095525428,-0.0038839629540810584,0.03260407813470733,0.003629994408443405,0.005976524070365665,0.0017730438912908022,-0.01422062989151019,0.007611099577712341,-0.011054029941122409,0.004524008666436239,0.000506164531058316,-0.01573099504057989,0.00024871389796394324,0.002705078008057271,-0.018436158334324763,-0.012299870826531362,-0.011787379027282188,0.0007393808929635963,0.005168187122110562,0.003447349834524125,0.0016280316693538448,0.002058132440280496,0.003629994408443405,0.021926378332603844,-0.00010892623837788586,-0.0016930079243780579,-0.0017633693976871305,0.002947075574295725,0.0021480727091138865,0.0046536425461634655,-0.007808059768899521,-0.010519182617816621,-0.005957456658797605,-0.0016571020362358083,-0.007522601996338957,-0.007183632866870875,-0.004643132384970059,0.0034629854221818798,0.004441481518637095,0.009008276180894415,-0.00208283081273095,-0.005460001519865062,0.005976524070365665,-0.00010892623837788586,0.034182229334395894,-0.01616330412625258,-0.0168580716614146,0.015134698860387277,-0.0016583959085447373,-0.010519559695094816,-0.0012871792375097266,-0.0013286056974921195,-0.005338448109390315,-0.001031279856662444,-0.012542850721915518,0.0070834569515845144,-0.0030360412909344256,0.02473718558632626,-0.028800857676212932,-0.015578234033123459,0.010373031911720745,0.014527324123361177,0.0017730438912908022,-0.0016930079243780579,-0.01616330412625258,0.11532139262148927,-0.02776377366227816,-0.013487889365346614,0.030278909344859915,-0.006685839292827622,0.017253518599467638,0.02448047457420283,0.019696923731860674,-0.00894420102049789,-0.02055279287834018,-0.03399807353553405,0.04519110419031364,-0.01483765482496742,0.01821390034186914,0.0005323104433743058,-0.014490510002992316,0.0016405498553433361,-0.01422062989151019,-0.0017633693976871305,-0.0168580716614146,-0.02776377366227816,0.05486577215659294,-0.011345612733751493,-0.008103835731516051,0.004070537370701932,-0.011944827063697611,-0.00938057584990039,-0.008799381677399208,-0.0007138850915817078,0.01511546371866362,0.022069379907475657,-0.014959655003563208,0.0013007640128384242,0.005827381604725091,0.007283079366265432,-0.0077025515455370844,-0.004855838263911387,0.007611099577712341,0.002947075574295725,0.015134698860387277,-0.013487889365346614,-0.011345612733751493,0.04481769201719579,-0.004337743222932226,-0.016154024687101066,0.002220776839487421,0.0009247209934172607,-0.005524152385209237,-0.011128794885818236,-0.0031646085272182857,-0.007570899982924808,-0.0013294933569098846,0.004012036682527727,-0.02961478676925071,-0.009860884152768663,0.009306059037039134,0.0069213428195604235,-0.011054029941122409,0.0021480727091138865,-0.0016583959085447373,0.030278909344859915,-0.008103835731516051,-0.004337743222932226,0.06252051798198349,0.007518261805975203,-0.007471249248602449,0.02041697534202121,0.01972396399835055,-0.005333097027001018,-0.001674315098050458,-0.005285637857684279,0.01314173738937805,-0.0015161829451628642,-0.009967308048321126,0.01688810792196922,0.013110836781480475,0.00032365132547837157,0.004524008666436239,0.0046536425461634655,-0.010519559695094816,-0.006685839292827622,0.004070537370701932,-0.016154024687101066,0.007518261805975203,0.05287099140756682,0.0005403339550390928,-0.014754511000590581,-0.004841845135463376,0.010636255498004489,-0.0003555407687911798,-0.0017389442124996317,-0.027490002877320015,0.005432830310240142,-0.008711347357516018,-0.001709109847188556,0.008819168283602746,0.0006201540415711887,0.000506164531058316,-0.007808059768899521,-0.0012871792375097266,0.017253518599467638,-0.011944827063697611,0.002220776839487421,-0.007471249248602449,0.0005403339550390928,0.0454256265739917,0.00396924528152055,0.0003841309016044338,0.007415598665757785,0.015008576446129457,-0.008338923729727717,0.010371513277017276,0.001551616424357417,-0.022349650301638362,-0.025050910924905176,-0.002581139775089472,0.006965697186147785,-0.01573099504057989,-0.010519182617816621,-0.0013286056974921195,0.02448047457420283,-0.00938057584990039,0.0009247209934172607,0.02041697534202121,-0.014754511000590581,0.00396924528152055,0.05131324455820456,0.018920213833951212,7.441216445135812e-5,0.012194437144806666,-0.002572028632825088,0.02909577024341909,0.0106945828335249,-0.02616835991484691,-0.017795850343099148,0.019689416399933355,0.006503050221820331,0.00024871389796394324,-0.005957456658797605,-0.005338448109390315,0.019696923731860674,-0.008799381677399208,-0.005524152385209237,0.01972396399835055,-0.004841845135463376,0.0003841309016044338,0.018920213833951212,0.052703989447555284,-0.00013207799105241828,0.003282523436570425,-0.016293942988730922,0.020057512421343304,-0.0031678020193447176,-0.0023109802446054086,-0.004997321933283424,0.004342174999846493,0.0057389221290161385,0.002705078008057271,-0.0016571020362358083,-0.001031279856662444,-0.00894420102049789,-0.0007138850915817078,-0.011128794885818236,-0.005333097027001018,0.010636255498004489,0.007415598665757785,7.441216445135812e-5,-0.00013207799105241828,0.03155189780854432,0.007772516327745984,0.007064880187555278,-0.005190704911945465,-0.018832302443641286,-0.0037085740861350133,-0.019019121109073157,0.001047442152216318,0.0010516786763047968,-0.018436158334324763,-0.007522601996338957,-0.012542850721915518,-0.02055279287834018,0.01511546371866362,-0.0031646085272182857,-0.001674315098050458,-0.0003555407687911798,0.015008576446129457,0.012194437144806666,0.003282523436570425,0.007772516327745984,0.04704916720345802,0.00856705948688009,0.008398721295231441,-0.017915894589784764,0.020220535136055824,0.003540716594291733,-0.015824161302976186,0.0017092809348889307,-0.012299870826531362,-0.007183632866870875,0.0070834569515845144,-0.03399807353553405,0.022069379907475657,-0.007570899982924808,-0.005285637857684279,-0.0017389442124996317,-0.008338923729727717,-0.002572028632825088,-0.016293942988730922,0.007064880187555278,0.00856705948688009,0.06078537513952455,0.0018039842331202681,0.003215314904822248,-0.004050559979045817,-0.037876503467640724,-0.009489507807105446,0.011435218918131066,-0.011787379027282188,-0.004643132384970059,-0.0030360412909344256,0.04519110419031364,-0.014959655003563208,-0.0013294933569098846,0.01314173738937805,-0.027490002877320015,0.010371513277017276,0.02909577024341909,0.020057512421343304,-0.005190704911945465,0.008398721295231441,0.0018039842331202681,0.07972790194377623
0.05783664213910861,0.031015620919658756,0.00382434778072948,0.017480202521854362,0.03163262019161382,0.009725540387392326,0.019789950536308495,0.03992227452414762,-0.009936498182744745,-0.007237476910051201,0.00754200372385451,0.008158007485737072,-0.014571399153155962,0.0038820559167941538,0.005469604933225588,-0.025632889758536635,-0.013884385529069312,-0.014579771580145142,-0.020128400727208708,-0.0305190883549852,0.031015620919658756,0.03356211644525599,0.004743498569608011,0.011386869837075906,0.016910341191903933,0.002051118045454595,0.01780673006687101,0.024681963633039046,0.001526996944850459,0.0026952228566793856,0.00665770527484613,0.0020521563459199453,-0.007721304286123917,-0.009269722871000948,-0.0027348915837798016,-0.020888573721090525,-0.009199879557638095,-0.011936752308961376,0.0013623661895890188,-0.021629715845706117,0.00382434778072948,0.004743498569608011,0.05860757760674185,0.003919107190118952,-0.005302114009328879,0.003035190637461621,0.009471007138972599,-0.026583464504010827,0.010608270633275727,0.017255896736122656,0.008680510826916892,-0.01565968228643868,0.015743844397294152,0.004437554349872187,-0.010549332861235921,0.0014314826257988036,-0.018901894778179783,-0.01849802090408307,0.04199850481936846,-0.011935934974302523,0.017480202521854362,0.011386869837075906,0.003919107190118952,0.026898576595983652,-0.0013940052815488665,0.0018872603063031113,-0.0012604935614458435,-0.006012804875509861,0.007007943933604243,0.005996169450301305,-0.002108535652399334,-0.010957752433752837,0.013100239976990277,-0.0026144522710363776,-0.010849885254288379,-0.004206508421815635,-0.010550468660926734,-0.003487764926891464,0.001241659128159087,-0.010554734515691359,0.03163262019161382,0.016910341191903933,-0.005302114009328879,-0.0013940052815488665,0.06012329781435144,0.005091733889269594,0.04365935640339468,0.037824337228252874,-0.009443943310414732,-0.0023005211220843234,0.00837021233989268,0.016313033248436665,-0.01985386751847299,-0.0028950919634619775,0.0032400814241963626,-0.025288623497482156,-0.02016267419399278,-0.017046302075102902,-0.009683019357088478,-0.03576182545745203,0.009725540387392326,0.002051118045454595,0.003035190637461621,0.0018872603063031113,0.005091733889269594,0.019295566247114943,0.007406872084587374,0.0009903843774172975,0.0006316070961459481,-0.0034468395050644145,0.00022508061495625346,-0.003786839102061158,-0.006304364983000155,-0.0023624112456742652,-0.00032281387831641333,-0.003770251370727431,0.0004965484208299127,-0.003023774707997353,0.004000490410997983,-0.009953777497097983,0.019789950536308495,0.01780673006687101,0.009471007138972599,-0.0012604935614458435,0.04365935640339468,0.007406872084587374,0.06670473566394788,0.017188327264931018,0.001375050870593455,0.00812908960829269,0.00902112865772266,0.014426785255584126,-0.009272332230725976,-0.01181476316606051,-0.0016605982986383494,-0.025688921675611653,-0.0162553581346013,-0.014912020827757961,0.012801532253949897,-0.03147189341073715,0.03992227452414762,0.024681963633039046,-0.026583464504010827,-0.006012804875509861,0.037824337228252874,0.0009903843774172975,0.017188327264931018,0.10807753013692599,-0.032767408553105434,-0.044345228390509236,0.006994920576450414,0.031550926258639464,-0.0403640453018943,-0.0022890201136032125,0.014424254701101084,-0.012606254343848145,0.011352727675858713,-0.012461492082124187,-0.04901360407700627,-0.02227522750758096,-0.009936498182744745,0.001526996944850459,0.010608270633275727,0.007007943933604243,-0.009443943310414732,0.0006316070961459481,0.001375050870593455,-0.032767408553105434,0.03761234503516083,0.02403184064873096,-0.0001184043492739636,-0.018163514655963747,0.014501096927996227,-0.0026278631440537553,-0.00923228970795175,-0.0005327436382632904,-0.01103929072943969,-0.0012097468236220532,0.019151292086103826,0.005252443018644239,-0.007237476910051201,0.0026952228566793856,0.017255896736122656,0.005996169450301305,-0.0023005211220843234,-0.0034468395050644145,0.00812908960829269,-0.044345228390509236,0.02403184064873096,0.06010621203524877,0.0025661016663323915,-0.01730420623259034,0.01226548341105145,-0.00014823103745477731,-0.011885074570516383,-0.01219379661867688,-0.025603069542305984,-0.0024269996780108146,0.03839851838984752,-0.004912458530198534,0.00754200372385451,0.00665770527484613,0.008680510826916892,-0.002108535652399334,0.00837021233989268,0.00022508061495625346,0.00902112865772266,0.006994920576450414,-0.0001184043492739636,0.0025661016663323915,0.03107831061096514,0.008600953203033782,-0.009643464995648027,0.006603717289477559,-0.002941539085934998,0.0024074990360698463,-0.012611571264324368,-0.008593658036126366,-0.00159921075791006,-0.006920099526907904,0.008158007485737072,0.0020521563459199453,-0.01565968228643868,-0.010957752433752837,0.016313033248436665,-0.003786839102061158,0.014426785255584126,0.031550926258639464,-0.018163514655963747,-0.01730420623259034,0.008600953203033782,0.04774598873337097,-0.0215956132415644,-0.009452268639173348,0.0096376943359039,0.0032218362086269235,0.0014334913728640188,-0.0026585952620039673,-0.019541874559060667,-0.008312832817239055,-0.014571399153155962,-0.007721304286123917,0.015743844397294152,0.013100239976990277,-0.01985386751847299,-0.006304364983000155,-0.009272332230725976,-0.0403640453018943,0.014501096927996227,0.01226548341105145,-0.009643464995648027,-0.0215956132415644,0.052720944410901825,0.001716246512863478,-0.008720765537192067,0.0034564889333935436,0.0006847531484636606,0.00017034155309669828,0.014989645291108114,0.011826751273650326,0.0038820559167941538,-0.009269722871000948,0.004437554349872187,-0.0026144522710363776,-0.0028950919634619775,-0.0023624112456742652,-0.01181476316606051,-0.0022890201136032125,-0.0026278631440537553,-0.00014823103745477731,0.006603717289477559,-0.009452268639173348,0.001716246512863478,0.04121036742884031,0.003221782408686232,0.005295433792760576,-0.006054129662750953,0.009076478852134293,-0.012677354126956699,0.008583469917681785,0.005469604933225588,-0.0027348915837798016,-0.010549332861235921,-0.010849885254288379,0.0032400814241963626,-0.00032281387831641333,-0.0016605982986383494,0.014424254701101084,-0.00923228970795175,-0.011885074570516383,-0.002941539085934998,0.0096376943359039,-0.008720765537192067,0.003221782408686232,0.02535467855314786,-0.0028746258156280603,0.011167742630392243,0.010033888943925644,-0.013129248099922287,0.0012063051032362984,-0.025632889758536635,-0.020888573721090525,0.0014314826257988036,-0.004206508421815635,-0.025288623497482156,-0.003770251370727431,-0.025688921675611653,-0.012606254343848145,-0.0005327436382632904,-0.01219379661867688,0.0024074990360698463,0.0032218362086269235,0.0034564889333935436,0.005295433792760576,-0.0028746258156280603,0.04775220002504098,0.004890605801889737,0.009106495601748898,-0.006361940038525577,0.019361818679979156,-0.013884385529069312,-0.009199879557638095,-0.018901894778179783,-0.010550468660926734,-0.02016267419399278,0.0004965484208299127,-0.0162553581346013,0.011352727675858713,-0.01103929072943969,-0.025603069542305984,-0.012611571264324368,0.0014334913728640188,0.0006847531484636606,-0.006054129662750953,0.011167742630392243,0.004890605801889737,0.05975030698731394,0.011106107955800863,-0.014727712189599652,0.020644512087613757,-0.014579771580145142,-0.011936752308961376,-0.01849802090408307,-0.003487764926891464,-0.017046302075102902,-0.003023774707997353,-0.014912020827757961,-0.012461492082124187,-0.0012097468236220532,-0.0024269996780108146,-0.008593658036126366,-0.0026585952620039673,0.00017034155309669828,0.009076478852134293,0.010033888943925644,0.009106495601748898,0.011106107955800863,0.04091424218871499,-0.015594311722441995,0.02218534467703801,-0.020128400727208708,0.0013623661895890188,0.04199850481936846,0.001241659128159087,-0.009683019357088478,0.004000490410997983,0.012801532253949897,-0.04901360407700627,0.019151292086103826,0.03839851838984752,-0.00159921075791006,-0.019541874559060667,0.014989645291108114,-0.012677354126956699,-0.013129248099922287,-0.006361940038525577,-0.014727712189599652,-0.015594311722441995,0.08254192784929366,-0.007601816471461404,-0.0305190883549852,-0.021629715845706117,-0.011935934974302523,-0.010554734515691359,-0.03576182545745203,-0.009953777497097983,-0.03147189341073715,-0.02227522750758096,0.005252443018644239,-0.004912458530198534,-0.006920099526907904,-0.008312832817239055,0.011826751273650326,0.008583469917681785,0.0012063051032362984,0.019361818679979156,0.020644512087613757,0.02218534467703801,-0.007601816471461404,0.05005901060325921
0.04237066298087227,0.007302153422827045,-0.00924584315810877,0.010309596689095066,-0.0017508891844198612,0.014182359944127573,-0.0012230850589874482,0.009336089172300152,0.0028796599386881135,-0.014997429309853497,-0.0038604382262554886,0.018564077337564294,0.0034089439844350237,0.01813675817114929,0.01747920141742422,-0.010859618858230842,-0.0011162226126997987,0.012662151941334854,-0.019727333663128115,0.0067008324089805876,0.007302153422827045,0.021951551759108755,-0.0008333785823674902,0.0005819442828971257,-0.006952660915620955,0.00670345062425492,-0.0034947457348903405,0.008845987254835678,0.0032815876096789296,-0.004101409558520569,0.0023011822194463354,-0.003823735031600775,-0.005077551860750276,0.00016296359515792069,-0.010535398515242097,-0.002946586077247023,-8.861148395728361e-5,0.0033860887089167393,0.002197074890351554,-6.821237900136746e-5,-0.00924584315810877,-0.0008333785823674902,0.04955012730094268,-0.012106918441363402,-0.0026515511661158557,-0.0013380577989609507,0.004770969305470631,-0.03236104979577968,-0.002174308636130417,0.015171786197103871,0.0006236357750618581,-0.008541484339259942,0.009847736634484525,-0.01997341971948107,-0.008849588696445492,0.0018976624938607843,-0.015584393742910877,-0.02239486533808057,0.006593286364806267,-0.009678339612179274,0.010309596689095066,0.0005819442828971257,-0.012106918441363402,0.034090696744420244,-0.0027239913197835723,0.0018447492625771897,0.0030529653265198298,0.0067764004002075166,0.007900852933349455,-0.006823130891482459,0.008788421267576823,0.0036730786269322147,0.008118960044328195,0.003434669667372077,-0.014063844059288299,0.0009406719652116727,-0.000767596407267564,0.012492251411090952,-0.0028217663675665695,-0.017910342950190436,-0.0017508891844198612,-0.006952660915620955,-0.0026515511661158557,-0.0027239913197835723,0.039107974462566565,0.0003942478305967338,0.002362673827896298,-0.005854777357784679,-0.003842986911436442,0.003286111238667627,-0.004289272555093976,-0.009543101495411778,-0.00456752109300826,-0.0022278610508117353,0.0021875978288769258,-0.0021359258996817183,-0.004483813827346235,0.008265292394148124,-0.004762350707886083,-0.008003785493196707,0.014182359944127573,0.00670345062425492,-0.0013380577989609507,0.0018447492625771897,0.0003942478305967338,0.01715185050785404,-0.0020132198570434892,-0.0014236804369191936,-0.0007649617953053175,-0.004092777169408257,-0.003631886325908381,0.0002406784553989021,-0.0038716527107554694,0.001955795208259665,-0.0002978929199045872,-0.002140357867177648,-9.0364829145399e-5,0.00964783023358897,-0.0026360594047395106,-0.0010305828178963936,-0.0012230850589874482,-0.0034947457348903405,0.004770969305470631,0.0030529653265198298,0.002362673827896298,-0.0020132198570434892,0.0335004665444494,0.0009412647680890447,-0.0018263454894586228,0.006752051942232088,0.00910569484890448,0.0076157968194058845,0.014771027475956575,-0.0020314315943004216,-0.0026321726274364764,-0.000955682697323295,0.010905816096227091,-0.003753811077677311,-0.005298743265167031,-0.0013551168972889794,0.009336089172300152,0.008845987254835678,-0.03236104979577968,0.0067764004002075166,-0.005854777357784679,-0.0014236804369191936,0.0009412647680890447,0.09229327061587851,0.000419320652198336,-0.042530845122577335,0.008123320408734145,0.023069978776067077,0.0011238518319616904,0.011350030893361188,-0.004303056726619188,-0.0016772365553626455,0.016271913444457657,-0.003235173071284137,0.0024609935711752467,0.035499634769771304,0.0028796599386881135,0.0032815876096789296,-0.002174308636130417,0.007900852933349455,-0.003842986911436442,-0.0007649617953053175,-0.0018263454894586228,0.000419320652198336,0.029225879939879067,-0.0059912718102589115,0.0033714747342055078,0.008396668683089671,0.011146264192352444,-0.003934954325324234,-0.0010967920732543254,0.005121222964188243,-0.005942067550060747,0.0014037659017061368,-0.012573355877345522,-0.004830367024071946,-0.014997429309853497,-0.004101409558520569,0.015171786197103871,-0.006823130891482459,0.003286111238667627,-0.004092777169408257,0.006752051942232088,-0.042530845122577335,-0.0059912718102589115,0.04561067908712957,-0.001707375121006488,-0.025634019422818052,-0.010682920258029853,-0.005887751773201614,-0.0034409349996191467,-0.0005019208358360754,0.0009435547062231085,0.0021410263857898344,0.009699971388591026,-0.019329222861464733,-0.0038604382262554886,0.0023011822194463354,0.0006236357750618581,0.008788421267576823,-0.004289272555093976,-0.003631886325908381,0.00910569484890448,0.008123320408734145,0.0033714747342055078,-0.001707375121006488,0.033344679694160724,0.009734459275207446,0.012762837949878435,-0.0034222019696856587,-0.010530311936483686,-0.0036249009043205173,0.0021600440894770203,-0.006025247826166487,0.00019845297389375254,-0.005479797585433913,0.018564077337564294,-0.003823735031600775,-0.008541484339259942,0.0036730786269322147,-0.009543101495411778,0.0002406784553989021,0.0076157968194058845,0.023069978776067077,0.008396668683089671,-0.025634019422818052,0.009734459275207446,0.048814949293181885,0.02264806258833088,0.003406938461863255,0.01492920736864714,-0.008960142403181392,0.006120968102308047,-0.006704833526522521,-0.014824283398921188,0.01277505187248085,0.0034089439844350237,-0.005077551860750276,0.009847736634484525,0.008118960044328195,-0.00456752109300826,-0.0038716527107554694,0.014771027475956575,0.0011238518319616904,0.011146264192352444,-0.010682920258029853,0.012762837949878435,0.02264806258833088,0.0555504448960697,0.0016337697038459778,0.005325728977575212,-0.00139429579608291,-0.005959864190520355,-0.008982362780912382,-0.012058050016239663,0.0006043601076453893,0.01813675817114929,0.00016296359515792069,-0.01997341971948107,0.003434669667372077,-0.0022278610508117353,0.001955795208259665,-0.0020314315943004216,0.011350030893361188,-0.003934954325324234,-0.005887751773201614,-0.0034222019696856587,0.003406938461863255,0.0016337697038459778,0.04142275674567466,0.01567581571093938,-0.0046180628671667395,-0.005647390571130295,0.024175239230589302,-0.009190492982962695,0.016849431632368815,0.01747920141742422,-0.010535398515242097,-0.008849588696445492,-0.014063844059288299,0.0021875978288769258,-0.0002978929199045872,-0.0026321726274364764,-0.004303056726619188,-0.0010967920732543254,-0.0034409349996191467,-0.010530311936483686,0.01492920736864714,0.005325728977575212,0.01567581571093938,0.04889296989128824,-0.0029834758794759684,0.007362866414413343,0.0091975543851788,-0.01442298391907734,0.012192827661846269,-0.010859618858230842,-0.002946586077247023,0.0018976624938607843,0.0009406719652116727,-0.0021359258996817183,-0.002140357867177648,-0.000955682697323295,-0.0016772365553626455,0.005121222964188243,-0.0005019208358360754,-0.0036249009043205173,-0.008960142403181392,-0.00139429579608291,-0.0046180628671667395,-0.0029834758794759684,0.02896610540951168,-0.004270490261378122,0.0006920437635347642,-0.0010506358954521684,0.0024330809941802843,-0.0011162226126997987,-8.861148395728361e-5,-0.015584393742910877,-0.000767596407267564,-0.004483813827346235,-9.0364829145399e-5,0.010905816096227091,0.016271913444457657,-0.005942067550060747,0.0009435547062231085,0.0021600440894770203,0.006120968102308047,-0.005959864190520355,-0.005647390571130295,0.007362866414413343,-0.004270490261378122,0.044300954291426504,4.685881578472156e-5,0.004217984380367357,0.0032124802716955014,0.012662151941334854,0.0033860887089167393,-0.02239486533808057,0.012492251411090952,0.008265292394148124,0.00964783023358897,-0.003753811077677311,-0.003235173071284137,0.0014037659017061368,0.0021410263857898344,-0.006025247826166487,-0.006704833526522521,-0.008982362780912382,0.024175239230589302,0.0091975543851788,0.0006920437635347642,4.685881578472156e-5,0.05105003493352113,-0.007915925099359417,-0.0007793421720252384,-0.019727333663128115,0.002197074890351554,0.006593286364806267,-0.0028217663675665695,-0.004762350707886083,-0.0026360594047395106,-0.005298743265167031,0.0024609935711752467,-0.012573355877345522,0.009699971388591026,0.00019845297389375254,-0.014824283398921188,-0.012058050016239663,-0.009190492982962695,-0.01442298391907734,-0.0010506358954521684,0.004217984380367357,-0.007915925099359417,0.036608593000801985,0.0011179630442842098,0.0067008324089805876,-6.821237900136746e-5,-0.009678339612179274,-0.017910342950190436,-0.008003785493196707,-0.0010305828178963936,-0.0013551168972889794,0.035499634769771304,-0.004830367024071946,-0.019329222861464733,-0.005479797585433913,0.01277505187248085,0.0006043601076453893,0.016849431632368815,0.012192827661846269,0.0024330809941802843,0.0032124802716955014,-0.0007793421720252384,0.0011179630442842098,0.05897732506978258
