0.07998916492223636,0.01605061394607501,0.005562891422522287,0.04684634381619937,-0.048434279122540676,-0.044346206021710285,0.009101367367184726,-0.05429359248119765,-0.01089479665856254,0.01570347884659274,0.016270038884652935,-0.026875999223320967,-0.025305619116774498,-0.012617896310118441,0.018092243521077273,-0.03027664085277322,0.02951531953885006,0.05776768260370021,-0.005348945470182149,0.00014469791337885394,0.01605061394607501,0.04741913684212762,-0.009398493103026435,0.026010375693845213,0.0072118409025153565,-0.01983372145692316,0.0020188375052009014,-0.006568499118070806,0.013403526821691344,-0.004577838666212799,-0.013223727216078916,0.0032613012737256783,-0.019424152950073565,-0.005218640721311075,0.007918766012212228,-0.006043833484749017,-0.01180976305938512,0.009035583423290961,-0.015473046870411716,-0.017259108388517134,0.005562891422522287,-0.009398493103026435,0.04612933752999231,-0.003073057819253769,-0.01286078954079713,0.0070256056151918895,-0.012244005443943357,-0.003614790553753116,-0.019394135350177866,0.005911325040451318,0.004537428312579888,-0.010289119258188213,0.003345338159570674,0.0017475511840396756,0.0075905968048875505,-0.009141092421265255,-0.008111288119006034,0.0006115287513499962,0.0025718224119132185,0.016180709336026586,0.04684634381619937,0.026010375693845213,-0.003073057819253769,0.06716057781912824,-0.02017778369150578,-0.031258184397117236,-0.007170803526581702,-0.03301438769313096,-0.0034098177775768205,0.002874944457819868,0.005352500494304013,-0.005974744505009067,-0.03018603877563862,-0.013985548738281525,0.013414663228955626,-0.026142615916457515,0.013039396665672127,0.04006422095262288,-0.009658524788720521,0.005551911387602681,-0.048434279122540676,0.0072118409025153565,-0.01286078954079713,-0.02017778369150578,0.08276037244145756,0.023593592772966125,-0.008223541018960355,0.044526711464319406,0.023916424491009333,-0.010793474987663938,-0.023136963756270248,0.013649701799881779,0.019875365245518015,-0.0038094781598775676,0.002485499441551537,0.011886595251816828,-0.029481309495876774,-0.04392030462301648,-0.014427245573781241,-0.03653862610282593,-0.044346206021710285,-0.01983372145692316,0.0070256056151918895,-0.031258184397117236,0.023593592772966125,0.05077523938430761,-0.006785459302512406,0.03457969154610121,-0.0021163280338981133,0.0012146108315247667,-0.014615806734857219,0.0169597475466667,0.023779914752027363,0.00715279554302266,-0.007166268538679821,0.020776477394101288,-0.027571311541905584,-0.039752985385276496,0.004451441159373874,0.004312295816557012,0.009101367367184726,0.0020188375052009014,-0.012244005443943357,-0.007170803526581702,-0.008223541018960355,-0.006785459302512406,0.026682019961664742,-0.009907611167813416,0.004267802448668373,0.0008896875854914765,-0.0008278807266073988,-0.008635307534693059,-0.003441645973032156,0.0033749552654775816,-0.006482077112349395,0.010933813325450122,0.006603521122911684,-0.00017125868874553834,0.001163844724462747,-0.002964491958345558,-0.05429359248119765,-0.006568499118070806,-0.003614790553753116,-0.03301438769313096,0.044526711464319406,0.03457969154610121,-0.009907611167813416,0.06839095007651431,0.015711152771520374,-0.011614550014582899,-0.02229671274506632,0.01737621981895584,0.0169316147246676,0.013939609800426689,-0.0150155346022656,0.02299311794843504,-0.030289869891000146,-0.059679607808682575,0.0035656028165916287,-0.01545676935881131,-0.01089479665856254,0.013403526821691344,-0.019394135350177866,-0.0034098177775768205,0.023916424491009333,-0.0021163280338981133,0.004267802448668373,0.015711152771520374,0.04361943443044281,-0.005955262274019057,-0.016412319055730998,0.00809816484636686,0.0019475946287692933,0.0020524164024412262,-0.003219682608280987,0.014431685313119426,-0.005690037746539157,-0.02028935808087594,-0.008420743816737197,-0.028354198926681323,0.01570347884659274,-0.004577838666212799,0.005911325040451318,0.002874944457819868,-0.010793474987663938,0.0012146108315247667,0.0008896875854914765,-0.011614550014582899,-0.005955262274019057,0.02579385160402907,-0.0014841864598354156,-0.004057539336923254,-0.005008788235930128,0.000990570271774946,0.010876949921624201,-0.002858444606729401,-6.45089478548235e-5,0.014339757070849505,-3.771086855087164e-5,-0.0017970614880253861,0.016270038884652935,-0.013223727216078916,0.004537428312579888,0.005352500494304013,-0.023136963756270248,-0.014615806734857219,-0.0008278807266073988,-0.02229671274506632,-0.016412319055730998,-0.0014841864598354156,0.03534898970492929,-0.01649007902255275,-0.0068276634689105956,-0.004852308619737545,-0.004820587223454956,-0.012984246959324772,0.02620477007410988,0.024261773862371827,0.009467909348893702,0.022060988945841294,-0.026875999223320967,0.0032613012737256783,-0.010289119258188213,-0.005974744505009067,0.013649701799881779,0.0169597475466667,-0.008635307534693059,0.01737621981895584,0.00809816484636686,-0.004057539336923254,-0.01649007902255275,0.05943199343593859,0.0034924036244210876,0.006229470242634965,-0.0034601220075490286,0.020470131214717115,-0.03020371963959792,-0.02443389357529504,-0.0051372894198267,-0.00022847058993975496,-0.025305619116774498,-0.019424152950073565,0.003345338159570674,-0.03018603877563862,0.019875365245518015,0.023779914752027363,-0.003441645973032156,0.0169316147246676,0.0019475946287692933,-0.005008788235930128,-0.0068276634689105956,0.0034924036244210876,0.039628619207947434,0.001769327614667628,0.0023362970633903695,0.006334834313425696,-0.007882506156493947,-0.02223155606820513,-0.0010376951296620829,0.004004505244262765,-0.012617896310118441,-0.005218640721311075,0.0017475511840396756,-0.013985548738281525,-0.0038094781598775676,0.00715279554302266,0.0033749552654775816,0.013939609800426689,0.0020524164024412262,0.000990570271774946,-0.004852308619737545,0.006229470242634965,0.001769327614667628,0.022579186069435618,-0.004895449271356295,0.008608688604882595,-0.004079238521741822,-0.01280076652594214,0.003790981218657275,-0.0018826234883082722,0.018092243521077273,0.007918766012212228,0.0075905968048875505,0.013414663228955626,0.002485499441551537,-0.007166268538679821,-0.006482077112349395,-0.0150155346022656,-0.003219682608280987,0.010876949921624201,-0.004820587223454956,-0.0034601220075490286,0.0023362970633903695,-0.004895449271356295,0.038590228130275565,-0.015070982981454296,-0.004301936085636799,0.012188820550820267,-0.01564193949254034,-0.002494321246701653,-0.03027664085277322,-0.006043833484749017,-0.009141092421265255,-0.026142615916457515,0.011886595251816828,0.020776477394101288,0.010933813325450122,0.02299311794843504,0.014431685313119426,-0.002858444606729401,-0.012984246959324772,0.020470131214717115,0.006334834313425696,0.008608688604882595,-0.015070982981454296,0.04102838909621017,-0.015183006586045905,-0.030929067698110765,0.004389063623600415,-0.009568273646599986,0.02951531953885006,-0.01180976305938512,-0.008111288119006034,0.013039396665672127,-0.029481309495876774,-0.027571311541905584,0.006603521122911684,-0.030289869891000146,-0.005690037746539157,-6.45089478548235e-5,0.02620477007410988,-0.03020371963959792,-0.007882506156493947,-0.004079238521741822,-0.004301936085636799,-0.015183006586045905,0.05691664894548765,0.04062755600919797,0.006993143287382169,0.013209314195690085,0.05776768260370021,0.009035583423290961,0.0006115287513499962,0.04006422095262288,-0.04392030462301648,-0.039752985385276496,-0.00017125868874553834,-0.059679607808682575,-0.02028935808087594,0.014339757070849505,0.024261773862371827,-0.02443389357529504,-0.02223155606820513,-0.01280076652594214,0.012188820550820267,-0.030929067698110765,0.04062755600919797,0.09025916707942996,0.0016814973110767912,0.013737629687183187,-0.005348945470182149,-0.015473046870411716,0.0025718224119132185,-0.009658524788720521,-0.014427245573781241,0.004451441159373874,0.001163844724462747,0.0035656028165916287,-0.008420743816737197,-3.771086855087164e-5,0.009467909348893702,-0.0051372894198267,-0.0010376951296620829,0.003790981218657275,-0.01564193949254034,0.004389063623600415,0.006993143287382169,0.0016814973110767912,0.03394289141987674,0.006137852227548826,0.00014469791337885394,-0.017259108388517134,0.016180709336026586,0.005551911387602681,-0.03653862610282593,0.004312295816557012,-0.002964491958345558,-0.01545676935881131,-0.028354198926681323,-0.0017970614880253861,0.022060988945841294,-0.00022847058993975496,0.004004505244262765,-0.0018826234883082722,-0.002494321246701653,-0.009568273646599986,0.013209314195690085,0.013737629687183187,0.006137852227548826,0.06369880102533718
0.19224529625586095,0.11954792140583928,-0.06893119496664349,0.14966961779972088,-0.08869387881217938,-0.14906062329787548,0.014491987346870778,-0.0951950834630201,-0.016833821451376303,0.02564384434240652,-0.0036678571271849,-0.04190563330404658,-0.04015822200047971,-0.0009423781448111759,0.0721129142985874,-0.08127476740556203,0.052299069619613,0.15299013939107253,-0.017074253169775226,-0.039191688638874775,0.11954792140583928,0.21263060019777635,-0.10856019515677584,0.1656696499306077,-0.07192484072540574,-0.14082071930510714,0.03185678040864119,-0.05547820106277662,-0.008020142216067203,-0.009355204241033834,-0.058690881180589294,-0.08467247827010907,-0.016062662025303726,0.026612991727580665,0.0614986691882258,-0.020371973353859797,0.04936459765645962,0.12550946225994977,5.272978275798955e-5,-0.05407267571546556,-0.06893119496664349,-0.10856019515677584,0.10539691685864662,-0.12663853852116175,0.06021965982138517,0.1029432969182979,-0.04446339066860126,0.040128937159869475,0.006296672969142176,0.004681499373309459,0.02276752202018402,0.061574339381381266,0.019002309866546264,-0.026924550068993552,-0.024981803343085175,-0.0014892159426047832,-0.035255408248656,-0.07675175286676139,-0.0235196525324018,0.015748277376217056,0.14966961779972088,0.1656696499306077,-0.12663853852116175,0.21932383945131584,-0.0981249300403057,-0.17593929297188116,0.0653461358386907,-0.08959177974334115,-0.01728340060942756,0.006855524414117195,-0.028923245660733708,-0.08612205406818521,-0.04776661473215066,0.030336354680090834,0.040122256425144276,-0.024319025812219737,0.0482776987676569,0.1296654965448935,0.02606047121487877,-0.038847562876190365,-0.08869387881217938,-0.07192484072540574,0.06021965982138517,-0.0981249300403057,0.08536292539524162,0.08942367938350584,-0.021599169808545305,0.058890259446480124,0.01364530700261556,-0.00932199569193385,0.0026690245246439926,0.03559624736751312,0.023523239575015644,-0.012269736540271938,-0.025408139421025475,0.01464587757970075,-0.02580148127376982,-0.0850354282412178,-0.009721133298303035,0.006325645378523192,-0.14906062329787548,-0.14082071930510714,0.1029432969182979,-0.17593929297188116,0.08942367938350584,0.17444318920804136,-0.04644887674543093,0.08209184860543588,0.009079104345830591,-0.020423952366010852,0.025978587222595224,0.07292012748495093,0.04111355542169493,-0.016753921829349434,-0.050085790749523115,0.04058412868693756,-0.0436625279059339,-0.1353830004500266,-0.0160671980893453,0.0350448811327998,0.014491987346870778,0.03185678040864119,-0.04446339066860126,0.0653461358386907,-0.021599169808545305,-0.04644887674543093,0.07810361136494906,-0.02716771118985775,-0.005455326874675483,0.00781958415240832,-0.01915790465649565,-0.04751869159589903,-0.016061750241146977,0.023910231657719515,-0.03179095344539781,0.02429944721228055,-0.006767985630041655,0.007204031117233775,0.037416861341153324,-0.008469317732462425,-0.0951950834630201,-0.05547820106277662,0.040128937159869475,-0.08959177974334115,0.058890259446480124,0.08209184860543588,-0.02716771118985775,0.07965252405868259,0.013175117827939866,-0.01626284364350291,-0.011124733644056127,0.025804118361002326,0.032912071241193164,0.0023522710816958215,-0.02409400619318607,0.03214791798608012,-0.024602758195212935,-0.07084188117518186,0.0053008345350011084,0.010360562176068316,-0.016833821451376303,-0.008020142216067203,0.006296672969142176,-0.01728340060942756,0.01364530700261556,0.009079104345830591,-0.005455326874675483,0.013175117827939866,0.027146732129902096,-0.00312911579015709,-0.005122060011091517,0.0006291229482993268,0.0064633342294548955,-0.004351769856460437,-0.002629941781975771,0.00412911874618763,-0.005155826771153365,-0.02420384055244959,-0.001910820220575336,-9.020959262421007e-7,0.02564384434240652,-0.009355204241033834,0.004681499373309459,0.006855524414117195,-0.00932199569193385,-0.020423952366010852,0.00781958415240832,-0.01626284364350291,-0.00312911579015709,0.03583852909497998,-0.002004383360656209,-0.006757636149574331,-0.008049209330677234,-0.0062290205525175795,0.0034680474252204237,-0.013267953507558843,-0.011763026102156175,0.022927923448268425,0.007330955622652998,-0.002867755060914976,-0.0036678571271849,-0.058690881180589294,0.02276752202018402,-0.028923245660733708,0.0026690245246439926,0.025978587222595224,-0.01915790465649565,-0.011124733644056127,-0.005122060011091517,-0.002004383360656209,0.05731912439233043,0.04105913685815926,-0.017951561030277563,-0.013642517978129813,-0.013196499531802797,-0.007133653461154934,0.0005541564676257491,-0.022288632093660665,-0.013936024277433057,0.02329311817188584,-0.04190563330404658,-0.08467247827010907,0.061574339381381266,-0.08612205406818521,0.03559624736751312,0.07292012748495093,-0.04751869159589903,0.025804118361002326,0.0006291229482993268,-0.006757636149574331,0.04105913685815926,0.08150948951910267,0.003659369964420106,-0.01950359889544697,-0.0160673739252313,-0.004060142239119089,-0.012357793942141756,-0.05851999320481348,-0.026912447053463722,0.021297892626085065,-0.04015822200047971,-0.016062662025303726,0.019002309866546264,-0.04776661473215066,0.023523239575015644,0.04111355542169493,-0.016061750241146977,0.032912071241193164,0.0064633342294548955,-0.008049209330677234,-0.017951561030277563,0.003659369964420106,0.03762965365198278,0.0006656855486042203,0.0012132165875042128,0.011132642100416125,-0.007095779779131716,-0.023126668616954758,-0.000738230038025339,0.004753567301536045,-0.0009423781448111759,0.026612991727580665,-0.026924550068993552,0.030336354680090834,-0.012269736540271938,-0.016753921829349434,0.023910231657719515,0.0023522710816958215,-0.004351769856460437,-0.0062290205525175795,-0.013642517978129813,-0.01950359889544697,0.0006656855486042203,0.030721858420032014,-0.006216574180494103,0.013720922806446554,0.004651287939649045,0.01145146946955097,0.018671267316719455,-0.004617740885426528,0.0721129142985874,0.0614986691882258,-0.024981803343085175,0.040122256425144276,-0.025408139421025475,-0.050085790749523115,-0.03179095344539781,-0.02409400619318607,-0.002629941781975771,0.0034680474252204237,-0.013196499531802797,-0.0160673739252313,0.0012132165875042128,-0.006216574180494103,0.09569453477312682,-0.048160957770048314,0.033168782586753515,0.07912910619559571,-0.03031642180168697,-0.00621632790444108,-0.08127476740556203,-0.020371973353859797,-0.0014892159426047832,-0.024319025812219737,0.01464587757970075,0.04058412868693756,0.02429944721228055,0.03214791798608012,0.00412911874618763,-0.013267953507558843,-0.007133653461154934,-0.004060142239119089,0.011132642100416125,0.013720922806446554,-0.048160957770048314,0.07124836818644814,-0.027797470011282275,-0.0607878718239387,0.025475618560575994,0.00825322218586191,0.052299069619613,0.04936459765645962,-0.035255408248656,0.0482776987676569,-0.02580148127376982,-0.0436625279059339,-0.006767985630041655,-0.024602758195212935,-0.005155826771153365,-0.011763026102156175,0.0005541564676257491,-0.012357793942141756,-0.007095779779131716,0.004651287939649045,0.033168782586753515,-0.027797470011282275,0.04801242470306445,0.04611216353675605,-0.007641587203856749,-0.002626187036260937,0.15299013939107253,0.12550946225994977,-0.07675175286676139,0.1296654965448935,-0.0850354282412178,-0.1353830004500266,0.007204031117233775,-0.07084188117518186,-0.02420384055244959,0.022927923448268425,-0.022288632093660665,-0.05851999320481348,-0.023126668616954758,0.01145146946955097,0.07912910619559571,-0.0607878718239387,0.04611216353675605,0.17387712349973306,-0.010188754851319684,-0.03224082417136413,-0.017074253169775226,5.272978275798955e-5,-0.0235196525324018,0.02606047121487877,-0.009721133298303035,-0.0160671980893453,0.037416861341153324,0.0053008345350011084,-0.001910820220575336,0.007330955622652998,-0.013936024277433057,-0.026912447053463722,-0.000738230038025339,0.018671267316719455,-0.03031642180168697,0.025475618560575994,-0.007641587203856749,-0.010188754851319684,0.053932459820767366,0.0027189408555813263,-0.039191688638874775,-0.05407267571546556,0.015748277376217056,-0.038847562876190365,0.006325645378523192,0.0350448811327998,-0.008469317732462425,0.010360562176068316,-9.020959262421007e-7,-0.002867755060914976,0.02329311817188584,0.021297892626085065,0.004753567301536045,-0.004617740885426528,-0.00621632790444108,0.00825322218586191,-0.002626187036260937,-0.03224082417136413,0.0027189408555813263,0.04317538738186083
0.12525370006254286,0.03612377561319238,-9.974610080143139e-5,0.08146332448221155,-0.060947927443006485,-0.06921875094915861,0.0005151548434980061,-0.06084477469103729,0.012308605447038316,0.018936250249248276,0.012461401278981026,-0.008848056233059315,-0.027454971330400216,-0.014986612019596952,0.009664496939991794,-0.026661201356930543,0.014362520030762493,0.07972664917930744,-0.03701927564978923,-0.02126908130019496,0.03612377561319238,0.052930934926526396,0.004922030004672562,0.03914930446297771,-0.028000356484011262,-0.033523819389005394,-0.01016878108757953,-0.018655574614700333,0.008521027497291717,-0.005063443594988277,0.00587346764202858,-0.006834148853190135,-0.01837470234275912,0.004810248965856363,-0.001269830729905397,-0.0026356132720229595,0.00910721901570344,0.0243779838657222,-0.005817047859005614,-0.01640178705099027,-9.974610080143139e-5,0.004922030004672562,0.08043344956614579,0.000162081731163602,-0.0015832928441188421,-0.0018951568047537123,-0.04212424076537462,0.002392346658809279,-0.025104497914521448,0.016072292285621265,-0.012976870919016018,0.006081155566756377,0.0022014913555825763,-0.010125082056795699,0.00790125787986773,0.009973869013890916,-0.01732242435810387,0.004071311187178754,0.014302699912641176,-0.018527278371456603,0.08146332448221155,0.03914930446297771,0.000162081731163602,0.10114819403549,-0.0389198219294294,-0.06419537571763696,-0.014705653315209542,-0.05706846000858969,0.011938444837704761,0.012307100997814952,0.019828353695376652,-0.011506145919259924,-0.031079321516049342,0.00040753935483759393,0.002482200065971389,-0.012324703381383938,0.010394376784655723,0.06684133552725723,-0.018281868442484504,-0.028047003310476985,-0.060947927443006485,-0.028000356484011262,-0.0015832928441188421,-0.0389198219294294,0.05971169024330119,0.04159961474868579,-0.003197692269869719,0.037965042246946135,-0.0074472296581949895,-0.007812962393066022,-0.007894032569045119,0.011061579016828714,0.021088984860708926,0.0027110000948199404,-0.004968793494580888,0.008468158881598693,-0.016443419734122472,-0.0373384383176162,0.01900847021211822,-0.005604073939370373,-0.06921875094915861,-0.033523819389005394,-0.0018951568047537123,-0.06419537571763696,0.04159961474868579,0.07474046729301184,0.002282768851069741,0.05258917864500012,-0.015792418166043987,-0.01224237304799012,-0.01521132761962267,0.009434887255917911,0.03197027699466863,0.0010783247663190513,-0.0035555899938743015,0.01708447888633691,-0.025690405106221347,-0.06371927614913087,0.012906178632067519,0.011353900370066061,0.0005151548434980061,-0.01016878108757953,-0.04212424076537462,-0.014705653315209542,-0.003197692269869719,0.002282768851069741,0.05147594809881612,-0.008979309989183837,0.016957615598840833,-0.004775454051235337,0.00661034035179227,-0.011519820526034372,-0.008108748993546234,0.008442228133262567,-0.0014097332471655379,-0.004006955997028067,0.013884008085547121,0.0033554202910570288,-0.011191969477034623,0.028879605243268373,-0.06084477469103729,-0.018655574614700333,0.002392346658809279,-0.05706846000858969,0.037965042246946135,0.05258917864500012,-0.008979309989183837,0.08012632114000431,-0.005156234026804777,-0.02465071152452846,-0.032296495565384165,0.01395118171822051,0.029857101535389344,0.0066838280519971,-0.013913953588714285,0.017286127101042346,-0.01560497175461628,-0.07623618539154,0.022098525451544677,-0.0058043546977120785,0.012308605447038316,0.008521027497291717,-0.025104497914521448,0.011938444837704761,-0.0074472296581949895,-0.015792418166043987,0.016957615598840833,-0.005156234026804777,0.036376424948730286,-0.00725064886508999,-0.0013925668234122729,-0.006714212037182441,-0.004238987811999794,0.011293192596266585,-0.009129711471348551,-0.0010546510299682282,0.014289651973835757,0.008948467710633559,-0.0040143371846753486,0.0007656672286995598,0.018936250249248276,-0.005063443594988277,0.016072292285621265,0.012307100997814952,-0.007812962393066022,-0.01224237304799012,-0.004775454051235337,-0.02465071152452846,-0.00725064886508999,0.02676885271238765,0.0054823811100279,-0.0029259379163612586,-0.006176902808960426,-0.008776789771054476,0.010390152884164587,-0.00453109065530939,-0.000534962586827192,0.030989543588891177,-0.007661921299003127,0.004172756247457668,0.012461401278981026,0.00587346764202858,-0.012976870919016018,0.019828353695376652,-0.007894032569045119,-0.01521132761962267,0.00661034035179227,-0.032296495565384165,-0.0013925668234122729,0.0054823811100279,0.03430755423960611,-0.0016349230550987454,-0.010577915607360865,0.002693924614575173,-0.0027856013957764728,-0.002842316234951261,0.005012962003442412,0.025283093776500107,-0.00811077963582519,0.014138488173240083,-0.008848056233059315,-0.006834148853190135,0.006081155566756377,-0.011506145919259924,0.011061579016828714,0.009434887255917911,-0.011519820526034372,0.01395118171822051,-0.006714212037182441,-0.0029259379163612586,-0.0016349230550987454,0.02742505129989198,0.00628838168090758,-0.0015122060011672105,-0.0027162039432419294,0.007273614358952197,-0.013545485581132846,-0.014085476531877333,0.009129712200760892,-0.0056834762775833676,-0.027454971330400216,-0.01837470234275912,0.0022014913555825763,-0.031079321516049342,0.021088984860708926,0.03197027699466863,-0.008108748993546234,0.029857101535389344,-0.004238987811999794,-0.006176902808960426,-0.010577915607360865,0.00628838168090758,0.03387176608443636,-0.0017016269971498945,-0.006348594091489872,0.006911580699951295,-0.0096552666371621,-0.03575723184298084,0.007028571033144822,0.004329297246084215,-0.014986612019596952,0.004810248965856363,-0.010125082056795699,0.00040753935483759393,0.0027110000948199404,0.0010783247663190513,0.008442228133262567,0.0066838280519971,0.011293192596266585,-0.008776789771054476,0.002693924614575173,-0.0015122060011672105,-0.0017016269971498945,0.025702546383037067,-0.007533301477042559,0.006788914747107,0.004470385742965259,-0.006084147446359095,0.006636977900771357,-0.00012692815871393577,0.009664496939991794,-0.001269830729905397,0.00790125787986773,0.002482200065971389,-0.004968793494580888,-0.0035555899938743015,-0.0014097332471655379,-0.013913953588714285,-0.009129711471348551,0.010390152884164587,-0.0027856013957764728,-0.0027162039432419294,-0.006348594091489872,-0.007533301477042559,0.031349939019376424,-0.005657764428981952,-0.004731240450953806,0.01639228376934565,-0.008104255176352111,-0.0020357689159657437,-0.026661201356930543,-0.0026356132720229595,0.009973869013890916,-0.012324703381383938,0.008468158881598693,0.01708447888633691,-0.004006955997028067,0.017286127101042346,-0.0010546510299682282,-0.00453109065530939,-0.002842316234951261,0.007273614358952197,0.006911580699951295,0.006788914747107,-0.005657764428981952,0.028550987007707418,-0.017621267566702764,-0.02235283998061173,0.00984230335324665,-0.003978925898867509,0.014362520030762493,0.00910721901570344,-0.01732242435810387,0.010394376784655723,-0.016443419734122472,-0.025690405106221347,0.013884008085547121,-0.01560497175461628,0.014289651973835757,-0.000534962586827192,0.005012962003442412,-0.013545485581132846,-0.0096552666371621,0.004470385742965259,-0.004731240450953806,-0.017621267566702764,0.048861495917506756,0.014581738843552804,-0.0014334394374665126,0.021482621465322153,0.07972664917930744,0.0243779838657222,0.004071311187178754,0.06684133552725723,-0.0373384383176162,-0.06371927614913087,0.0033554202910570288,-0.07623618539154,0.008948467710633559,0.030989543588891177,0.025283093776500107,-0.014085476531877333,-0.03575723184298084,-0.006084147446359095,0.01639228376934565,-0.02235283998061173,0.014581738843552804,0.11227613645478453,-0.030259116575138793,-0.007075439456453182,-0.03701927564978923,-0.005817047859005614,0.014302699912641176,-0.018281868442484504,0.01900847021211822,0.012906178632067519,-0.011191969477034623,0.022098525451544677,-0.0040143371846753486,-0.007661921299003127,-0.00811077963582519,0.009129712200760892,0.007028571033144822,0.006636977900771357,-0.008104255176352111,0.00984230335324665,-0.0014334394374665126,-0.030259116575138793,0.03251673928928815,-0.007086653597017458,-0.02126908130019496,-0.01640178705099027,-0.018527278371456603,-0.028047003310476985,-0.005604073939370373,0.011353900370066061,0.028879605243268373,-0.0058043546977120785,0.0007656672286995598,0.004172756247457668,0.014138488173240083,-0.0056834762775833676,0.004329297246084215,-0.00012692815871393577,-0.0020357689159657437,-0.003978925898867509,0.021482621465322153,-0.007075439456453182,-0.007086653597017458,0.0639446943733143
