0.031992118887169504,0.009982699694120557,0.014370533114739185,-0.009895995349461197,0.010660417938349775,0.0013833002477383325,0.011778242170025561,0.023604506033521315,7.260340291528281e-5,0.01885595546448416,0.010670935802183465,-0.009126867922730094,0.0038315675147852224,0.03399071449904588,-0.0567092934368856,0.009061674936242338,-0.02185753952550166,-0.012837998202475628,0.026480775321849434,-0.019614827656201886,0.009982699694120557,0.03620645960715044,0.0311735496158183,0.0015169529769607885,0.006351171347645458,0.0036239544425801006,0.0016254150561481793,0.03184299478088813,-0.0034871780070081246,0.013741279716962741,0.029044163003512244,-0.004339975364710558,0.003779765859632388,0.025083594240887575,-0.07180895938608599,0.036880078953992174,-0.01453210225734697,-0.005012808148554523,0.0002703635350108902,-0.03228101184401641,0.014370533114739185,0.0311735496158183,0.07147826816554666,0.0010116912856337071,-0.0013932052019887415,0.008449229156269687,0.004668105476575135,0.057059499441572306,-0.004538830940346261,0.0023390934276170073,0.049222358629585725,-0.005450707720338371,0.014226755341412604,0.04079292103145149,-0.10259902678718144,0.07226974099211456,-0.023674862868392182,-0.0253218202310174,0.0017103227703034354,-0.041636250411467846,-0.009895995349461197,0.0015169529769607885,0.0010116912856337071,0.03643013142464256,0.001914758477964732,0.005503861119249145,-0.02001081867984633,-0.0028967130210624573,0.00795878541149847,-0.02001712728268077,0.004952199113733199,0.016548868496001956,0.013004839965963131,-0.01107243023906017,0.022597604641441657,0.014811641211574087,0.0031823084874263957,0.01854042576371042,-0.02708677345290183,0.0071979694962327435,0.010660417938349775,0.006351171347645458,-0.0013932052019887415,0.001914758477964732,0.09116868439146063,-0.0400425750149436,0.0011240970750077605,-0.019037037524041577,0.004854822786950513,0.04483987377653579,-0.026297680806055226,-0.03509397098034181,-0.0030517634330756976,0.043490461244613074,-0.02857654414462384,-0.06732737200941473,-0.029050298055491346,0.008915894357063168,0.07593033006299624,-0.026419221645949217,0.0013833002477383325,0.0036239544425801006,0.008449229156269687,0.005503861119249145,-0.0400425750149436,0.059121523012412795,0.0034472898030849333,0.02716305114708783,-0.002475798105523865,-0.037116001482677616,0.03271863385588598,0.009669311985138105,0.015065056341395357,-0.014530790110462741,-0.024940492768152082,0.0580062538336488,0.008674727152957442,-0.009318937540896289,-0.045951153586909,0.009715904339520973,0.011778242170025561,0.0016254150561481793,0.004668105476575135,-0.02001081867984633,0.0011240970750077605,0.0034472898030849333,0.04898114338080627,0.01662630837296404,-0.014660582446503485,0.01946846835595991,-0.009478639250332484,-0.03196751701078315,-0.007311901853361804,0.022951515781831945,-0.0551963967633822,-0.012304169401307392,-0.017740598779839047,-0.0242853438373186,0.032195728987777755,-0.02805546355554487,0.023604506033521315,0.03184299478088813,0.057059499441572306,-0.0028967130210624573,-0.019037037524041577,0.02716305114708783,0.01662630837296404,0.08703019739234143,-0.002199673799655267,0.0074212268325191426,0.05945331266726331,-0.004244464152936589,0.024142948664598644,0.0485136839176105,-0.13801979280829746,0.08973861678091413,-0.028879139871215098,-0.028945464498727917,-0.007516472124172767,-0.04835302793518714,7.260340291528281e-5,-0.0034871780070081246,-0.004538830940346261,0.00795878541149847,0.004854822786950513,-0.002475798105523865,-0.014660582446503485,-0.002199673799655267,0.02102923332934356,-0.009919408693261314,0.005900432474494086,0.010010577685369268,0.011232507924415845,-0.011183824512306416,0.01406467237837706,-0.00613944470467698,0.009893162904286677,0.008805869671944504,-0.00938957867469055,0.0024949210033342072,0.01885595546448416,0.013741279716962741,0.0023390934276170073,-0.02001712728268077,0.04483987377653579,-0.037116001482677616,0.01946846835595991,0.0074212268325191426,-0.009919408693261314,0.09406693614271738,-0.01830549120575254,-0.04046645223474449,-0.0218119050374724,0.055495987703053334,-0.06615538826172415,-0.04933843748882097,-0.04084417101814597,-0.005204630784958369,0.07714001867565655,-0.04591428114967462,0.010670935802183465,0.029044163003512244,0.049222358629585725,0.004952199113733199,-0.026297680806055226,0.03271863385588598,-0.009478639250332484,0.05945331266726331,0.005900432474494086,-0.01830549120575254,0.08796124807891775,0.01717743628618818,0.029346958754393106,0.02164860019245801,-0.09915960084017941,0.1031486800410075,-0.0028557326525820515,-0.003422406390885472,-0.0334128730003756,-0.022326117923648484,-0.009126867922730094,-0.004339975364710558,-0.005450707720338371,0.016548868496001956,-0.03509397098034181,0.009669311985138105,-0.03196751701078315,-0.004244464152936589,0.010010577685369268,-0.04046645223474449,0.01717743628618818,0.05771306510350217,0.0107414554331565,-0.038747165214374504,0.058313578043915903,0.03250727183863404,0.026075823075051803,0.017250757248212067,-0.05656655549954853,0.031235974185779204,0.0038315675147852224,0.003779765859632388,0.014226755341412604,0.013004839965963131,-0.0030517634330756976,0.015065056341395357,-0.007311901853361804,0.024142948664598644,0.011232507924415845,-0.0218119050374724,0.029346958754393106,0.0107414554331565,0.03842911823444002,0.003527591449253266,-0.036492863471484144,0.033673097230890736,0.0016382199710246255,0.00021772441476168884,-0.017575845523397013,-0.006351507557671045,0.03399071449904588,0.025083594240887575,0.04079292103145149,-0.01107243023906017,0.043490461244613074,-0.014530790110462741,0.022951515781831945,0.0485136839176105,-0.011183824512306416,0.055495987703053334,0.02164860019245801,-0.038747165214374504,0.003527591449253266,0.10611752340900894,-0.14676984343992228,0.01534774782672712,-0.05548882609205465,-0.018053332097435364,0.08084794329597073,-0.061192756725282904,-0.0567092934368856,-0.07180895938608599,-0.10259902678718144,0.022597604641441657,-0.02857654414462384,-0.024940492768152082,-0.0551963967633822,-0.13801979280829746,0.01406467237837706,-0.06615538826172415,-0.09915960084017941,0.058313578043915903,-0.036492863471484144,-0.14676984343992228,0.3561504532654631,-0.10731497351953163,0.08373419495180834,0.0549099091498636,-0.08029009019498617,0.13622985147319883,0.009061674936242338,0.036880078953992174,0.07226974099211456,0.014811641211574087,-0.06732737200941473,0.0580062538336488,-0.012304169401307392,0.08973861678091413,-0.00613944470467698,-0.04933843748882097,0.1031486800410075,0.03250727183863404,0.033673097230890736,0.01534774782672712,-0.10731497351953163,0.18100044878609642,0.001845299220360541,-0.006708154845927885,-0.08322303394370686,-0.020484928932778708,-0.02185753952550166,-0.01453210225734697,-0.023674862868392182,0.0031823084874263957,-0.029050298055491346,0.008674727152957442,-0.017740598779839047,-0.028879139871215098,0.009893162904286677,-0.04084417101814597,-0.0028557326525820515,0.026075823075051803,0.0016382199710246255,-0.05548882609205465,0.08373419495180834,0.001845299220360541,0.05125571683696604,0.013004646063021232,-0.04807089363206708,0.04271089944519908,-0.012837998202475628,-0.005012808148554523,-0.0253218202310174,0.01854042576371042,0.008915894357063168,-0.009318937540896289,-0.0242853438373186,-0.028945464498727917,0.008805869671944504,-0.005204630784958369,-0.003422406390885472,0.017250757248212067,0.00021772441476168884,-0.018053332097435364,0.0549099091498636,-0.006708154845927885,0.013004646063021232,0.06130003073667913,-0.01992471508822566,0.018254471237801405,0.026480775321849434,0.0002703635350108902,0.0017103227703034354,-0.02708677345290183,0.07593033006299624,-0.045951153586909,0.032195728987777755,-0.007516472124172767,-0.00938957867469055,0.07714001867565655,-0.0334128730003756,-0.05656655549954853,-0.017575845523397013,0.08084794329597073,-0.08029009019498617,-0.08322303394370686,-0.04807089363206708,-0.01992471508822566,0.13871162022676514,-0.045651689868298845,-0.019614827656201886,-0.03228101184401641,-0.041636250411467846,0.0071979694962327435,-0.026419221645949217,0.009715904339520973,-0.02805546355554487,-0.04835302793518714,0.0024949210033342072,-0.04591428114967462,-0.022326117923648484,0.031235974185779204,-0.006351507557671045,-0.061192756725282904,0.13622985147319883,-0.020484928932778708,0.04271089944519908,0.018254471237801405,-0.045651689868298845,0.08052690108949735
0.04038637256995001,0.005007301162161031,0.0034537607713546054,-0.013426448144977024,0.035333698009881356,-0.023735120736217648,0.004728397069036341,-0.01000612870554235,0.0017851571127560032,0.029823552710054282,-0.009459569486758485,-0.011654429917665902,-0.0030150770723072462,0.02214838909432197,-0.011298079424973318,-0.020797614373262878,-0.007935944878557121,-0.009924906016930083,0.047818023852106095,-0.001821534009241124,0.005007301162161031,0.024194331381052835,0.003645329786222367,0.0030668602060158643,0.010619153867468692,-0.012154631490057168,-0.0005557586659557392,0.005528563842270487,0.0016084430145251265,0.0234403061215201,-0.0052108625086491915,-0.007436028596450349,-0.005884596872094902,0.0106416661645309,-0.013642412304354565,-0.014335390458245261,-0.002736243232302797,-0.005730256958206044,0.021497921981747464,-0.011064153345273758,0.0034537607713546054,0.003645329786222367,0.023537051367456638,-0.004499644484291436,-0.02319825835290542,0.01193947529262985,0.010879869511468705,-0.0033425725901191465,-0.013383591103713097,-0.015588598817626937,0.009350056427350224,0.00429475943706764,0.002957006855184349,-0.00046895216242441834,0.003424934008422807,0.02753254435191068,0.0052680490962521455,0.009248378918047293,-0.016159330592596687,0.005209282378211128,-0.013426448144977024,0.0030668602060158643,-0.004499644484291436,0.0393209102085859,-0.012147779199228806,-0.000961776573774497,-0.006878655404953386,0.003736652475543274,0.014566845057793012,-0.003584238563969242,0.003961036613040939,0.003843596795204989,0.003941711084779497,-0.007292389981907622,0.015277331267126711,-0.0024583258394624435,0.0029287931459669337,0.008053865314261867,-0.014664458530128273,-0.00892186625094546,0.035333698009881356,0.010619153867468692,-0.02319825835290542,-0.012147779199228806,0.21359832757563624,-0.10117796525378844,-0.04734510743994198,-0.012862200650532722,0.046516614433878084,0.13157214958742425,-0.06204637962713535,-0.04094680659936886,-0.03739984142031875,0.05343656687488611,-0.05895857353492451,-0.15759260991850915,-0.032792172270618536,-0.049687234680746775,0.16891135993578305,-0.04875518808683746,-0.023735120736217648,-0.012154631490057168,0.01193947529262985,-0.000961776573774497,-0.10117796525378844,0.08621516441163765,0.0161621650668773,0.005627514751015413,-0.030937404688164,-0.08336941760132313,0.044481126905602256,0.026787276960145146,0.020829225322893247,-0.03936219157290037,0.022992269360444805,0.10241502324260811,0.01722588101117445,0.0354733325615144,-0.10545650868022083,0.030321486299933906,0.004728397069036341,-0.0005557586659557392,0.010879869511468705,-0.006878655404953386,-0.04734510743994198,0.0161621650668773,0.035950900287389786,-0.0015831614887601266,-0.023764204366289954,-0.028090385795707128,0.016368076610886954,-0.002163161389108978,0.007909730688002242,0.0028073161451310042,-0.003895863399217428,0.04028420813696812,0.0023942790373046685,0.01153000017490651,-0.020632535008038258,0.01237727453845554,-0.01000612870554235,0.005528563842270487,-0.0033425725901191465,0.003736652475543274,-0.012862200650532722,0.005627514751015413,-0.0015831614887601266,0.028863186429051294,0.007642050398190367,0.004911493093190168,-0.0006591285362936052,0.008682647526898318,-0.005280563743792675,-0.015486200496497371,-0.0005633324198537661,0.010228030537728472,0.001186949379528911,-0.00479743394244932,-0.01276385577616937,-0.004959219905848328,0.0017851571127560032,0.0016084430145251265,-0.013383591103713097,0.014566845057793012,0.046516614433878084,-0.030937404688164,-0.023764204366289954,0.007642050398190367,0.03848553749696223,0.034418119149821694,-0.01913317961949728,-0.0033457259767831764,-0.010581994906482864,0.0004920513202648218,0.008617999009828476,-0.05405071004281972,-0.005411497687657092,-0.0069105298026840775,0.03345773009565474,-0.021568211900256852,0.029823552710054282,0.0234403061215201,-0.015588598817626937,-0.003584238563969242,0.13157214958742425,-0.08336941760132313,-0.028090385795707128,0.004911493093190168,0.034418119149821694,0.1428475055011099,-0.04979014208975279,-0.04048111122110398,-0.0285978822397191,0.04838125445459893,-0.05081978566266604,-0.12877302919460942,-0.022262300824515965,-0.04761784799318116,0.1385369286880523,-0.03776539447455092,-0.009459569486758485,-0.0052108625086491915,0.009350056427350224,0.003961036613040939,-0.06204637962713535,0.044481126905602256,0.016368076610886954,-0.0006591285362936052,-0.01913317961949728,-0.04979014208975279,0.04709108472875558,0.015336750257525861,0.01739349863713356,-0.01403855432098779,0.005069867120207398,0.07073866051503958,0.01063223208175337,0.023471275950592445,-0.05754271135387355,0.01611497183113846,-0.011654429917665902,-0.007436028596450349,0.00429475943706764,0.003843596795204989,-0.04094680659936886,0.026787276960145146,-0.002163161389108978,0.008682647526898318,-0.0033457259767831764,-0.04048111122110398,0.015336750257525861,0.05450552411044406,0.0019302268818156294,-0.030592089935861773,0.04051007787617822,0.04435091721219312,0.023065071916632714,0.0012671128630313377,-0.06157223339383616,0.010858359923305605,-0.0030150770723072462,-0.005884596872094902,0.002957006855184349,0.003941711084779497,-0.03739984142031875,0.020829225322893247,0.007909730688002242,-0.005280563743792675,-0.010581994906482864,-0.0285978822397191,0.01739349863713356,0.0019302268818156294,0.025304631172043,-0.004346084015586154,0.010694383522437446,0.03213650635605471,0.005178489768534137,0.011852665865029774,-0.02725758355058662,0.012892280749115477,0.02214838909432197,0.0106416661645309,-0.00046895216242441834,-0.007292389981907622,0.05343656687488611,-0.03936219157290037,0.0028073161451310042,-0.015486200496497371,0.0004920513202648218,0.04838125445459893,-0.01403855432098779,-0.030592089935861773,-0.004346084015586154,0.050683480162453345,-0.032463292330930774,-0.05003422286998678,-0.013010033825604722,-0.01600681498502691,0.06747213380617928,-0.008859158016178315,-0.011298079424973318,-0.013642412304354565,0.003424934008422807,0.015277331267126711,-0.05895857353492451,0.022992269360444805,-0.003895863399217428,-0.0005633324198537661,0.008617999009828476,-0.05081978566266604,0.005069867120207398,0.04051007787617822,0.010694383522437446,-0.032463292330930774,0.09290476772888323,0.02501921829358788,0.021164357329557817,0.013093148335454899,-0.06292719882035332,0.022010394724249517,-0.020797614373262878,-0.014335390458245261,0.02753254435191068,-0.0024583258394624435,-0.15759260991850915,0.10241502324260811,0.04028420813696812,0.010228030537728472,-0.05405071004281972,-0.12877302919460942,0.07073866051503958,0.04435091721219312,0.03213650635605471,-0.05003422286998678,0.02501921829358788,0.18694558785445015,0.03241204088018177,0.05236236061635381,-0.1486533621369242,0.03639389936170249,-0.007935944878557121,-0.002736243232302797,0.0052680490962521455,0.0029287931459669337,-0.032792172270618536,0.01722588101117445,0.0023942790373046685,0.001186949379528911,-0.005411497687657092,-0.022262300824515965,0.01063223208175337,0.023065071916632714,0.005178489768534137,-0.013010033825604722,0.021164357329557817,0.03241204088018177,0.03270961048550487,0.0003807750980035379,-0.03876583396394771,0.016733178893912945,-0.009924906016930083,-0.005730256958206044,0.009248378918047293,0.008053865314261867,-0.049687234680746775,0.0354733325615144,0.01153000017490651,-0.00479743394244932,-0.0069105298026840775,-0.04761784799318116,0.023471275950592445,0.0012671128630313377,0.011852665865029774,-0.01600681498502691,0.013093148335454899,0.05236236061635381,0.0003807750980035379,0.06073667294907274,-0.04363119382780645,0.0008698509570636758,0.047818023852106095,0.021497921981747464,-0.016159330592596687,-0.014664458530128273,0.16891135993578305,-0.10545650868022083,-0.020632535008038258,-0.01276385577616937,0.03345773009565474,0.1385369286880523,-0.05754271135387355,-0.06157223339383616,-0.02725758355058662,0.06747213380617928,-0.06292719882035332,-0.1486533621369242,-0.03876583396394771,-0.04363119382780645,0.1941792163891199,-0.04036880083864226,-0.001821534009241124,-0.011064153345273758,0.005209282378211128,-0.00892186625094546,-0.04875518808683746,0.030321486299933906,0.01237727453845554,-0.004959219905848328,-0.021568211900256852,-0.03776539447455092,0.01611497183113846,0.010858359923305605,0.012892280749115477,-0.008859158016178315,0.022010394724249517,0.03639389936170249,0.016733178893912945,0.0008698509570636758,-0.04036880083864226,0.04240001871399537
0.026125478291349126,0.005619417890734609,0.0015524596015752171,0.0037213073802063205,0.021969308283953916,-0.016982700067333184,0.0023233436034338856,-0.007181987543738002,0.006470193005577683,0.022153725757171356,-0.017725133218195282,-0.015160695275721135,-0.005297578878850047,0.010538174593813494,-0.008618298991796478,-0.019342428760075046,-0.011495477618321565,-0.005622288198783085,0.03289815392266435,-0.007883880978410947,0.005619417890734609,0.03009693323105532,0.0008575845214284785,-0.003307945815644439,0.006839709464084621,-0.0031948361523667854,0.00294589969861708,0.0054578167374216766,-0.0037068281737498597,0.007727752818090984,-0.006263971578002455,-0.004712302301276902,0.004174929339651712,0.0007569605521731565,-0.024170898365767975,0.005549931836389672,0.00024595937825737076,0.004606108793930829,-0.0015757695135633232,-0.014573407677257951,0.0015524596015752171,0.0008575845214284785,0.02436310271983249,0.0059736266783286165,0.0013176178415389393,-0.004466947536937945,0.003497945860140094,0.008610948362049873,0.009237769524843904,0.002844963055573326,-0.009470515334872366,-2.788719389604146e-5,0.010274565905262788,0.002442710524697888,0.0038020712939552184,-0.00835534977554096,-0.00030842375888121085,0.006108747514292956,0.008567752779764034,-0.0044212437140723395,0.0037213073802063205,-0.003307945815644439,0.0059736266783286165,0.02774672783453412,0.006174404056558015,-0.00807399743740466,-0.007460442199554952,-0.002584232388386896,0.008283947479035984,0.009922312447973161,-0.006478826273929522,0.007117020584801565,0.004477990564253577,-0.005390904354739233,0.01156230095517581,-0.010061332984615274,-0.004621036617332019,0.006437977554926867,0.006978976508255366,-0.0006415967724849973,0.021969308283953916,0.006839709464084621,0.0013176178415389393,0.006174404056558015,0.11370228466883017,-0.07597980955753442,-0.032204465304933406,-0.021687645487467877,0.02640120010196003,0.08251735997307785,-0.06592824298871042,-0.03577457240280192,0.006075136128593565,0.05650880358821636,-0.045114801738728595,-0.09292804112962656,-0.032839412407899615,-0.008017387138661597,0.11627655332519607,-0.046174138556877825,-0.016982700067333184,-0.0031948361523667854,-0.004466947536937945,-0.00807399743740466,-0.07597980955753442,0.10537233622692946,0.028463405442572302,0.02009848421788221,-0.03239183368402433,-0.06788600986392387,0.07364674268688905,0.02477325357025198,-0.012742680312697891,-0.03978718373821358,0.026588856769123002,0.10351448276710609,0.04036920478121256,-0.001093454573906785,-0.11542116493845675,0.037319978141402435,0.0023233436034338856,0.00294589969861708,0.003497945860140094,-0.007460442199554952,-0.032204465304933406,0.028463405442572302,0.050511385633392476,0.014687238762953298,-0.016645639587277786,-0.021808664564722753,0.023702952028828956,0.015427575374035454,-0.0024055521103726603,-0.010627075826172724,0.004915980384992101,0.031159101134534857,0.016475780364943515,0.0019366617669946506,-0.029543706744672348,0.004075317770013376,-0.007181987543738002,0.0054578167374216766,0.008610948362049873,-0.002584232388386896,-0.021687645487467877,0.02009848421788221,0.014687238762953298,0.029993868416057536,-0.012616754933742712,-0.008570317510899806,0.009568208638693888,0.018890138373411348,0.0067113458534303885,-0.0060009682385875306,-0.006874760886889423,0.030458110801228178,0.008819259527701132,0.0015392957682048266,-0.033041427859648406,0.005997567547440625,0.006470193005577683,-0.0037068281737498597,0.009237769524843904,0.008283947479035984,0.02640120010196003,-0.03239183368402433,-0.016645639587277786,-0.012616754933742712,0.03811043614222713,0.011986607217903445,-0.022643101949905493,-0.016376366132848645,0.007791890852578897,0.012572112641347458,0.011947951099762825,-0.04487960341858799,-0.006177998410601794,0.006241086261591576,0.04696383452039575,-0.017232622062750447,0.022153725757171356,0.007727752818090984,0.002844963055573326,0.009922312447973161,0.08251735997307785,-0.06788600986392387,-0.021808664564722753,-0.008570317510899806,0.011986607217903445,0.09268831865692677,-0.05796082869428715,-0.016725028169220182,-0.0010766074487407996,0.04828213807477688,-0.04361905125619968,-0.08015074993986154,-0.03117059663121532,-0.01431489635046522,0.1016787502301479,-0.03280810014283371,-0.017725133218195282,-0.006263971578002455,-0.009470515334872366,-0.006478826273929522,-0.06592824298871042,0.07364674268688905,0.023702952028828956,0.009568208638693888,-0.022643101949905493,-0.05796082869428715,0.0909650308993355,0.01405919270217509,-0.012247690314224432,-0.03832317655854099,0.021751847490825024,0.08281904504733126,0.023260211448214822,0.0025812151510832436,-0.09442423858004861,0.03731576126140622,-0.015160695275721135,-0.004712302301276902,-2.788719389604146e-5,0.007117020584801565,-0.03577457240280192,0.02477325357025198,0.015427575374035454,0.018890138373411348,-0.016376366132848645,-0.016725028169220182,0.01405919270217509,0.06679638877554774,0.004434829522806501,-0.01143730397264209,0.022438597231525335,0.021095942502947607,0.015082413741892403,0.006007568649103257,-0.04307226557839655,0.009484315563973895,-0.005297578878850047,0.004174929339651712,0.010274565905262788,0.004477990564253577,0.006075136128593565,-0.012742680312697891,-0.0024055521103726603,0.0067113458534303885,0.007791890852578897,-0.0010766074487407996,-0.012247690314224432,0.004434829522806501,0.029792249734369194,-0.002832914106030934,-0.0015940374541484502,-0.006619236736381293,-0.0015188785221024559,0.012144833564036242,0.002028181092581299,-0.014235104937192261,0.010538174593813494,0.0007569605521731565,0.002442710524697888,-0.005390904354739233,0.05650880358821636,-0.03978718373821358,-0.010627075826172724,-0.0060009682385875306,0.012572112641347458,0.04828213807477688,-0.03832317655854099,-0.01143730397264209,-0.002832914106030934,0.0553806789789407,-0.027025105213954594,-0.059498657229303795,-0.013982535927203383,-0.013656688713409325,0.07545463191848513,-0.021533174889546154,-0.008618298991796478,-0.024170898365767975,0.0038020712939552184,0.01156230095517581,-0.045114801738728595,0.026588856769123002,0.004915980384992101,-0.006874760886889423,0.011947951099762825,-0.04361905125619968,0.021751847490825024,0.022438597231525335,-0.0015940374541484502,-0.027025105213954594,0.10335955753954842,0.005034559033145572,0.012337638862911058,0.0027724896185085278,-0.025075769436340888,0.03473119822339274,-0.019342428760075046,0.005549931836389672,-0.00835534977554096,-0.010061332984615274,-0.09292804112962656,0.10351448276710609,0.031159101134534857,0.030458110801228178,-0.04487960341858799,-0.08015074993986154,0.08281904504733126,0.021095942502947607,-0.006619236736381293,-0.059498657229303795,0.005034559033145572,0.1482349269331229,0.044497898665888144,0.00819260229588593,-0.15241396707073326,0.03328833168839827,-0.011495477618321565,0.00024595937825737076,-0.00030842375888121085,-0.004621036617332019,-0.032839412407899615,0.04036920478121256,0.016475780364943515,0.008819259527701132,-0.006177998410601794,-0.03117059663121532,0.023260211448214822,0.015082413741892403,-0.0015188785221024559,-0.013982535927203383,0.012337638862911058,0.044497898665888144,0.03788883410033883,0.008087033826213053,-0.05013283272006053,0.007798767899677591,-0.005622288198783085,0.004606108793930829,0.006108747514292956,0.006437977554926867,-0.008017387138661597,-0.001093454573906785,0.0019366617669946506,0.0015392957682048266,0.006241086261591576,-0.01431489635046522,0.0025812151510832436,0.006007568649103257,0.012144833564036242,-0.013656688713409325,0.0027724896185085278,0.00819260229588593,0.008087033826213053,0.03469686196935864,-0.01980448648348912,-0.0028769982335691098,0.03289815392266435,-0.0015757695135633232,0.008567752779764034,0.006978976508255366,0.11627655332519607,-0.11542116493845675,-0.029543706744672348,-0.033041427859648406,0.04696383452039575,0.1016787502301479,-0.09442423858004861,-0.04307226557839655,0.002028181092581299,0.07545463191848513,-0.025075769436340888,-0.15241396707073326,-0.05013283272006053,-0.01980448648348912,0.1957318584183027,-0.04523778703080415,-0.007883880978410947,-0.014573407677257951,-0.0044212437140723395,-0.0006415967724849973,-0.046174138556877825,0.037319978141402435,0.004075317770013376,0.005997567547440625,-0.017232622062750447,-0.03280810014283371,0.03731576126140622,0.009484315563973895,-0.014235104937192261,-0.021533174889546154,0.03473119822339274,0.03328833168839827,0.007798767899677591,-0.0028769982335691098,-0.04523778703080415,0.04991846379797865
