0.08333947614142342,0.021870941700269722,0.0036766349246988694,0.04841240631011719,-0.03925980221576772,-0.04958870326283392,0.003155230655876203,-0.048589748627850926,-0.0007934394616239337,0.01678282797837647,0.012694528387525023,-0.00988536298830509,-0.01933655947827282,-0.013102653314558399,0.015253848722317253,-0.029656594786343436,0.014105285033457118,0.05505730303174058,-0.0193270240988316,-0.0093295426772413,0.021870941700269722,0.04237810736247769,-0.008810289380682205,0.022110520888353608,-0.01040175642048079,-0.019316356222147883,0.0018929108565295164,-0.008452916954210216,0.003196003400621983,-0.006082356219037915,0.0028806658298623595,-0.005504554009299825,-0.011361084200213301,0.002182430064782491,0.0035761769994785506,-0.0020574251800931217,-0.0005496735346713687,0.015552758811709885,-0.00995970342038587,-0.009859807769904076,0.0036766349246988694,-0.008810289380682205,0.04738322587071717,-0.009942445600109612,-0.003695870504953785,0.007743037777099174,-0.01285309265973887,-0.0007446168903922348,-0.010586838614897365,0.017717821175877745,-0.005630712701712628,0.0034496075558773367,-0.0007135561052703445,-0.007446749098152586,0.0012507677145973577,0.0028963801486534446,-0.008477088726412521,0.005177458658173125,-0.0005482668556003227,0.0063875281934790504,0.04841240631011719,0.022110520888353608,-0.009942445600109612,0.06073632751691666,-0.02054723864673134,-0.03310712367164997,-0.0052341415627049775,-0.031811357781495034,0.0007071410580229349,0.0015262450926438551,0.011964800788249873,-0.007373071255475032,-0.014489906882292992,-0.0022738515625235402,0.007377788933318313,-0.016974681988497414,0.008656612194347033,0.03276259992794802,-0.010491176570014664,-0.007807796403841499,-0.03925980221576772,-0.01040175642048079,-0.003695870504953785,-0.02054723864673134,0.04548687742135338,0.026589388994864238,-0.004425668228245076,0.030893305154058918,0.003521563284522835,-0.008201737566685522,-0.007948331822041514,0.006002391734830791,0.015521712056356739,0.0025242538875039516,-0.0056368373119561905,0.007334773192727573,-0.012657073126307069,-0.02779554287818775,0.008304066840632366,-0.00804307405372158,-0.04958870326283392,-0.019316356222147883,0.007743037777099174,-0.03310712367164997,0.026589388994864238,0.0562434582814108,-0.005210965027150996,0.033259756752610475,-0.005959114115014324,-0.002261173854554966,-0.009415313840401354,0.00982499968483131,0.017852418170708418,0.006586629037666603,-0.006660194493746684,0.022971764317550984,-0.02232752441796358,-0.03459477234982686,0.008582730648369938,0.005436482996655784,0.003155230655876203,0.0018929108565295164,-0.01285309265973887,-0.0052341415627049775,-0.004425668228245076,-0.005210965027150996,0.025504713762587086,-0.006995180324150853,0.0031594462365256994,-0.0030945102691085236,0.0018885844835228058,-0.005652631766339908,-0.006380773473281124,0.002025758582469535,-0.0015739554434668177,0.005221217783539567,0.002832607835946537,-0.004279523975891037,-0.0008429253398263188,0.002582468907798573,-0.048589748627850926,-0.008452916954210216,-0.0007446168903922348,-0.031811357781495034,0.030893305154058918,0.033259756752610475,-0.006995180324150853,0.058227385189213506,0.007204331367427959,-0.013598489966703927,-0.020658313388254686,0.009942390623472137,0.016156158548807288,0.014286467312663021,-0.014931198541336422,0.0205126513798446,-0.01033946564694389,-0.04448487798318257,0.012975382044700562,-0.0014028581659294118,-0.0007934394616239337,0.003196003400621983,-0.010586838614897365,0.0007071410580229349,0.003521563284522835,-0.005959114115014324,0.0031594462365256994,0.007204331367427959,0.024239617976894594,-0.006591585762032797,-0.004648545599941207,-0.0015438393739263291,0.003749873004399828,0.005293661055341208,-0.0031907672627977984,0.0021577690361883574,0.0025085266712408776,-0.010320501145029016,0.0023402589044200124,-0.005562943914130189,0.01678282797837647,-0.006082356219037915,0.017717821175877745,0.0015262450926438551,-0.008201737566685522,-0.002261173854554966,-0.0030945102691085236,-0.013598489966703927,-0.006591585762032797,0.02831310682674954,-0.0002413822502697665,-0.0036427138302700768,-0.0048311210535473045,-0.006465660997622342,0.007213294647602578,-0.005912606454198752,-0.005349915300975396,0.019719689532817785,-0.005193839550326004,0.0023361015285023956,0.012694528387525023,0.0028806658298623595,-0.005630712701712628,0.011964800788249873,-0.007948331822041514,-0.009415313840401354,0.0018885844835228058,-0.020658313388254686,-0.004648545599941207,-0.0002413822502697665,0.026294271817095465,-0.0002121055468425099,-0.008150959202113443,-0.0027045694985409186,-3.2437610757734414e-5,-0.002751792701412576,-0.002068429197125154,0.012015080476521195,-0.005233470721766302,0.004401092918741568,-0.00988536298830509,-0.005504554009299825,0.0034496075558773367,-0.007373071255475032,0.006002391734830791,0.00982499968483131,-0.005652631766339908,0.009942390623472137,-0.0015438393739263291,-0.0036427138302700768,-0.0002121055468425099,0.023647451228755608,0.0010156215504196616,0.001630611483484259,-0.0038470709418492234,0.008844597523569846,-0.011607248894782714,-0.010285906307697972,0.003986459133355671,0.002204235851075708,-0.01933655947827282,-0.011361084200213301,-0.0007135561052703445,-0.014489906882292992,0.015521712056356739,0.017852418170708418,-0.006380773473281124,0.016156158548807288,0.003749873004399828,-0.0048311210535473045,-0.008150959202113443,0.0010156215504196616,0.02539182692744442,0.003344179188007071,-0.0006209160653026656,0.0036407942380567593,-0.0009265972174542251,-0.015855621874595785,0.006056353771522608,0.0005861683621577065,-0.013102653314558399,0.002182430064782491,-0.007446749098152586,-0.0022738515625235402,0.0025242538875039516,0.006586629037666603,0.002025758582469535,0.014286467312663021,0.005293661055341208,-0.006465660997622342,-0.0027045694985409186,0.001630611483484259,0.003344179188007071,0.019520600184412713,-0.004518728817153664,0.007477617551528756,0.00015256219988128342,-0.009983991621668388,0.00362175090989503,2.2332117414601224e-7,0.015253848722317253,0.0035761769994785506,0.0012507677145973577,0.007377788933318313,-0.0056368373119561905,-0.006660194493746684,-0.0015739554434668177,-0.014931198541336422,-0.0031907672627977984,0.007213294647602578,-3.2437610757734414e-5,-0.0038470709418492234,-0.0006209160653026656,-0.004518728817153664,0.027052311945179427,-0.008738539693448344,-0.0007530511832979694,0.01636185859207132,-0.008554330921020394,-0.000788151807795951,-0.029656594786343436,-0.0020574251800931217,0.0028963801486534446,-0.016974681988497414,0.007334773192727573,0.022971764317550984,0.005221217783539567,0.0205126513798446,0.0021577690361883574,-0.005912606454198752,-0.002751792701412576,0.008844597523569846,0.0036407942380567593,0.007477617551528756,-0.008738539693448344,0.03794366924984182,-0.019065054946467305,-0.025839560225490332,0.0057453360754162516,0.0004453799697884974,0.014105285033457118,-0.0005496735346713687,-0.008477088726412521,0.008656612194347033,-0.012657073126307069,-0.02232752441796358,0.002832607835946537,-0.01033946564694389,0.0025085266712408776,-0.005349915300975396,-0.002068429197125154,-0.011607248894782714,-0.0009265972174542251,0.00015256219988128342,-0.0007530511832979694,-0.019065054946467305,0.0442837784560042,0.010866115778655962,0.0016136370265720482,0.01040267763880401,0.05505730303174058,0.015552758811709885,0.005177458658173125,0.03276259992794802,-0.02779554287818775,-0.03459477234982686,-0.004279523975891037,-0.04448487798318257,-0.010320501145029016,0.019719689532817785,0.012015080476521195,-0.010285906307697972,-0.015855621874595785,-0.009983991621668388,0.01636185859207132,-0.025839560225490332,0.010866115778655962,0.07183552624954109,-0.020038895628212247,-0.0034542217062249717,-0.0193270240988316,-0.00995970342038587,-0.0005482668556003227,-0.010491176570014664,0.008304066840632366,0.008582730648369938,-0.0008429253398263188,0.012975382044700562,0.0023402589044200124,-0.005193839550326004,-0.005233470721766302,0.003986459133355671,0.006056353771522608,0.00362175090989503,-0.008554330921020394,0.0057453360754162516,0.0016136370265720482,-0.020038895628212247,0.024039625479040642,-0.0020600029959482687,-0.0093295426772413,-0.009859807769904076,0.0063875281934790504,-0.007807796403841499,-0.00804307405372158,0.005436482996655784,0.002582468907798573,-0.0014028581659294118,-0.005562943914130189,0.0023361015285023956,0.004401092918741568,0.002204235851075708,0.0005861683621577065,2.2332117414601224e-7,-0.000788151807795951,0.0004453799697884974,0.01040267763880401,-0.0034542217062249717,-0.0020600029959482687,0.032215916348103946
0.15764433040298192,0.06313808972915361,-0.03633055828158334,0.10179143134258384,-0.08576011959031848,-0.10577930793001362,0.025237775861558134,-0.07863939641673492,-0.0030879598918381506,-0.003521225373337312,0.0016830270824174857,-0.01040034440932406,-0.07190534491536854,-0.025761816868844455,0.012840513263133943,-0.044865608997658735,0.04759505412926647,0.1020882753466971,0.009637836858832682,-0.04513964986947672,0.06313808972915361,0.07938375492751473,-0.007513960483548167,0.06053606937995179,-0.03383779392175532,-0.0563594636191678,0.0015476208124154218,-0.023525570688873336,0.016773988579979627,-0.010307919535508067,-0.024495580304498277,-0.013589747464132416,-0.050119899589834004,-0.0019095066176096926,0.009283919482043788,-0.03290498007102241,0.006472891581022849,0.04343459157788618,-0.006674189128420941,-0.0404534758422027,-0.03633055828158334,-0.007513960483548167,0.11830160482154026,-0.03373018230886006,-0.0019439383105865882,0.05009861893742612,-0.056655958542855246,0.02071028679416033,-0.06448463536846344,0.010890271339007353,-0.019821466027174682,0.003465443408712746,0.014524392685429164,0.032991922737307625,0.03939659547719641,-0.01878283147206432,-0.06311059694898415,-0.02400401678305677,-0.009402005445564911,8.718632907972532e-5,0.10179143134258384,0.06053606937995179,-0.03373018230886006,0.10549555718518731,-0.054710010405474546,-0.08867820571237618,0.010651414752169448,-0.051949451969764776,0.007864755976331373,-0.0018707481093854078,-0.0020549121450934536,-0.005423198472037698,-0.07616483441597825,-0.008396657061427023,0.010705093965119802,-0.040245427672041145,0.034287100774771026,0.06659564693414048,0.0019226420221464488,-0.034519758413177254,-0.08576011959031848,-0.03383779392175532,-0.0019439383105865882,-0.054710010405474546,0.08615970260297977,0.0535664282187221,-0.010796113040753643,0.04613400738660818,0.018404305619315504,0.0035439169379697854,0.0019001463122988074,0.002323468717432251,0.04565800368247124,-0.0016008746202877053,-0.004581052559283557,0.02368589361486304,-0.015336129631648902,-0.05594347228997623,-0.017606686484004697,0.006400638335856428,-0.10577930793001362,-0.0563594636191678,0.05009861893742612,-0.08867820571237618,0.0535664282187221,0.10509357167350704,-0.024354019564421826,0.05689637580647376,-0.02382440297337589,0.00791070437601912,-0.002287153661607808,0.004497694434107495,0.06558947931092951,0.016304377066658236,5.899968856951746e-5,0.03131366132436562,-0.04877882056786531,-0.07109199000210936,-0.0071053129771021985,0.03419933241953145,0.025237775861558134,0.0015476208124154218,-0.056655958542855246,0.010651414752169448,-0.010796113040753643,-0.024354019564421826,0.061643574468350344,-0.01862728320696313,0.0370432106895722,-0.009627349788464964,0.0042207214878194595,-0.017544657320940904,-0.0031145233644903044,-0.011413898807572272,-0.031158735422048254,0.019563214601991827,0.025280138707171697,0.006095910445234315,0.0121846411166751,0.008402840235149747,-0.07863939641673492,-0.023525570688873336,0.02071028679416033,-0.051949451969764776,0.04613400738660818,0.05689637580647376,-0.01862728320696313,0.06891660258955828,0.009248724325417911,-0.0032245068320925978,-0.01830790442206185,0.004780428865919529,0.03422600990018873,0.018387838889319708,-0.007812270896214927,0.026419594928899913,-0.02940598380609187,-0.05868607958225491,-6.474751297733927e-5,0.004146914726867927,-0.0030879598918381506,0.016773988579979627,-0.06448463536846344,0.007864755976331373,0.018404305619315504,-0.02382440297337589,0.0370432106895722,0.009248724325417911,0.08242938016181521,-0.01432219799836855,-0.0079066224092841,-0.011068419323606056,0.0003829954884335076,-0.013130138108262336,-0.029235691284215406,0.021067111528055352,0.02624765478915858,-0.021423764015557616,-0.004825937001911073,-0.007479281311714532,-0.003521225373337312,-0.010307919535508067,0.010890271339007353,-0.0018707481093854078,0.0035439169379697854,0.00791070437601912,-0.009627349788464964,-0.0032245068320925978,-0.01432219799836855,0.022649110822505716,0.0024702285805229224,0.005580313043259019,-0.0004109641401333596,0.0036553939969107053,0.012199239386500905,-0.004579414091145311,-0.007172186844159422,7.519718830151811e-5,-0.005684242527760767,0.004657827178700278,0.0016830270824174857,-0.024495580304498277,-0.019821466027174682,-0.0020549121450934536,0.0019001463122988074,-0.002287153661607808,0.0042207214878194595,-0.01830790442206185,-0.0079066224092841,0.0024702285805229224,0.04115851244543053,0.009051856169458045,0.0032517630929871466,-0.010345018643959137,-0.007954816042033547,0.007707094944851655,0.018945366125177943,0.008167451629866953,0.0033451407341871372,0.023861324957207046,-0.01040034440932406,-0.013589747464132416,0.003465443408712746,-0.005423198472037698,0.002323468717432251,0.004497694434107495,-0.017544657320940904,0.004780428865919529,-0.011068419323606056,0.005580313043259019,0.009051856169458045,0.04256344322212576,0.003216707880538652,0.00037406673534895885,0.001218294167274638,0.009334150990754256,-0.004185858115808776,-0.010474489224065332,0.008328437963158684,0.011651739938932305,-0.07190534491536854,-0.050119899589834004,0.014524392685429164,-0.07616483441597825,0.04565800368247124,0.06558947931092951,-0.0031145233644903044,0.03422600990018873,0.0003829954884335076,-0.0004109641401333596,0.0032517630929871466,0.003216707880538652,0.06956588614171443,-0.0013563420664248372,-0.009999555928853977,0.030584696925219576,-0.01912045770682478,-0.05328378108734755,-0.002598092782495256,0.030078698457341017,-0.025761816868844455,-0.0019095066176096926,0.032991922737307625,-0.008396657061427023,-0.0016008746202877053,0.016304377066658236,-0.011413898807572272,0.018387838889319708,-0.013130138108262336,0.0036553939969107053,-0.010345018643959137,0.00037406673534895885,-0.0013563420664248372,0.038446637639897044,0.00931065640456533,-0.00011609729073840045,-0.020759512528160006,-0.019040594105063542,-0.0031478041371415365,-0.0010246198062298971,0.012840513263133943,0.009283919482043788,0.03939659547719641,0.010705093965119802,-0.004581052559283557,5.899968856951746e-5,-0.031158735422048254,-0.007812270896214927,-0.029235691284215406,0.012199239386500905,-0.007954816042033547,0.001218294167274638,-0.009999555928853977,0.00931065640456533,0.0579998792612403,-0.024707863102718552,-0.015164131753677786,0.004915104125811068,-0.027863754209800362,-0.0128992492032792,-0.044865608997658735,-0.03290498007102241,-0.01878283147206432,-0.040245427672041145,0.02368589361486304,0.03131366132436562,0.019563214601991827,0.026419594928899913,0.021067111528055352,-0.004579414091145311,0.007707094944851655,0.009334150990754256,0.030584696925219576,-0.00011609729073840045,-0.024707863102718552,0.04618975513495857,-0.002110503892955486,-0.040460824757658824,0.012148404971153949,0.019335332631855415,0.04759505412926647,0.006472891581022849,-0.06311059694898415,0.034287100774771026,-0.015336129631648902,-0.04877882056786531,0.025280138707171697,-0.02940598380609187,0.02624765478915858,-0.007172186844159422,0.018945366125177943,-0.004185858115808776,-0.01912045770682478,-0.020759512528160006,-0.015164131753677786,-0.002110503892955486,0.057618023558593745,0.036864017998790334,0.007477912489793567,-0.0063682633487941575,0.1020882753466971,0.04343459157788618,-0.02400401678305677,0.06659564693414048,-0.05594347228997623,-0.07109199000210936,0.006095910445234315,-0.05868607958225491,-0.021423764015557616,7.519718830151811e-5,0.008167451629866953,-0.010474489224065332,-0.05328378108734755,-0.019040594105063542,0.004915104125811068,-0.040460824757658824,0.036864017998790334,0.1089032464384507,0.014264214837664595,-0.030232136564473808,0.009637836858832682,-0.006674189128420941,-0.009402005445564911,0.0019226420221464488,-0.017606686484004697,-0.0071053129771021985,0.0121846411166751,-6.474751297733927e-5,-0.004825937001911073,-0.005684242527760767,0.0033451407341871372,0.008328437963158684,-0.002598092782495256,-0.0031478041371415365,-0.027863754209800362,0.012148404971153949,0.007477912489793567,0.014264214837664595,0.04382427929257509,0.0037526548130881942,-0.04513964986947672,-0.0404534758422027,8.718632907972532e-5,-0.034519758413177254,0.006400638335856428,0.03419933241953145,0.008402840235149747,0.004146914726867927,-0.007479281311714532,0.004657827178700278,0.023861324957207046,0.011651739938932305,0.030078698457341017,-0.0010246198062298971,-0.0128992492032792,0.019335332631855415,-0.0063682633487941575,-0.030232136564473808,0.0037526548130881942,0.0622411361143381
