0.05324173453218059,0.002864343362779757,0.019507586796876836,-0.0069483091687635445,0.004514948981152858,0.016967494638882433,-0.0008378813040996469,0.010951787997143308,-0.0035691035866081576,0.0059799802931250695,0.01929788739664161,-0.005525068311174353,-0.0025795102858569047,-0.008068120419824798,0.0045767948480159165,-0.009197720060952028,-0.008408817604800202,0.00471950260861231,0.008259715555495671,0.008166353699113862,0.002864343362779757,0.030159027051177373,0.0018744239099100155,0.000757074958820583,0.009979762107209418,-0.002172094613397755,0.008324411667784332,-0.008660634700593382,-0.0007473976055627617,0.004201561798298467,-0.00300645181903627,-0.0036060692533264613,-0.0014207279500536333,0.005392421490310882,0.0061081267684443535,0.0018626753362970478,-0.013070154281637495,0.015883687717187737,0.0024106700353961966,-0.0014524135791799423,0.019507586796876836,0.0018744239099100155,0.04077256023500622,-0.008081406862039966,-0.0027982067170007666,-8.64413334653296e-6,0.009890990664168344,0.008474862779132,0.01114578069955901,-0.006969708198614887,0.011486674306649933,-0.00394410899642301,-0.0003362112301375647,-0.00933563136135463,0.00802717530861365,-0.0021427447624378015,-0.00371465414051831,-0.008729508296188834,0.01723254895840416,0.011962315561934507,-0.0069483091687635445,0.000757074958820583,-0.008081406862039966,0.03267586143093271,0.0021830851658337907,0.0012064940995563426,0.003664112054015209,0.0013982537369071684,-0.007628975055477562,-0.0001413787108545682,-0.0057492291501504665,-6.0642555634626105e-5,0.0014312858142830616,0.001909055103200363,-0.0001475001109029406,0.0011325722852276445,0.0035841849806264366,0.0025792764023585034,-0.003778172248291345,-0.011396558342831382,0.004514948981152858,0.009979762107209418,-0.0027982067170007666,0.0021830851658337907,0.031204320246527445,0.008738635779044593,-0.002442399532299881,-3.79434768450781e-5,-0.004351505282769914,0.002557950055362746,-0.006410045027494936,0.009123577592964172,0.007948580954783794,0.006543769731950973,-0.005249286305494775,0.0016138613346945278,-0.0028493012906986494,0.000769949515317116,-0.005850149039149875,-0.0048478560858220155,0.016967494638882433,-0.002172094613397755,-8.64413334653296e-6,0.0012064940995563426,0.008738635779044593,0.040059963867823914,-0.009528887145981216,0.008286092111146393,-0.012692541811544888,0.005265787475944946,0.0021902326594308557,-0.002837842612010449,0.00040801866863822856,-0.002354128638750041,-0.00406522707233754,-0.007396940165388067,0.0006449370665474741,0.0015707739450258125,-0.007551672705224305,0.004828440834130891,-0.0008378813040996469,0.008324411667784332,0.009890990664168344,0.003664112054015209,-0.002442399532299881,-0.009528887145981216,0.02811245918651613,-0.005404162252307881,0.012065620475999236,-0.002764499827487013,0.00517632570648539,-0.007536612494690129,0.0021020690556838905,-0.0027155928541107294,0.010820586507185169,0.004889579829447325,-0.0016117693864808637,0.002443832351052148,0.0023104380161602387,0.0010426580160869281,0.010951787997143308,-0.008660634700593382,0.008474862779132,0.0013982537369071684,-3.79434768450781e-5,0.008286092111146393,-0.005404162252307881,0.02082634051594525,0.001829148389337426,-0.0009453021815711477,0.003611795557088354,0.003431107390509759,0.005909223315959342,-0.004513663579751588,-0.0032773776930710465,-0.00662540467462885,0.0024707451039133353,-0.013543630289780808,0.0023666743909505636,0.0020140275973052424,-0.0035691035866081576,-0.0007473976055627617,0.01114578069955901,-0.007628975055477562,-0.004351505282769914,-0.012692541811544888,0.012065620475999236,0.001829148389337426,0.02864520839612534,-0.005847028173566303,0.011897198469370183,0.0054976521823488205,0.0038131281833556478,0.005313901015306325,0.013577176180137625,0.0022456714955812964,0.007384257270979083,0.0029829001704134964,0.0062879895800532,0.0014762447416278798,0.0059799802931250695,0.004201561798298467,-0.006969708198614887,-0.0001413787108545682,0.002557950055362746,0.005265787475944946,-0.002764499827487013,-0.0009453021815711477,-0.005847028173566303,0.024344834323197832,-0.002215433615558072,0.0013992772705170783,0.003305244678981069,0.0005327732721323612,-0.006650614154345149,0.0016037972041576462,0.0006135794881567603,0.0061855457889756155,-0.002241567149575508,0.002205814290659174,0.01929788739664161,-0.00300645181903627,0.011486674306649933,-0.0057492291501504665,-0.006410045027494936,0.0021902326594308557,0.00517632570648539,0.003611795557088354,0.011897198469370183,-0.002215433615558072,0.03347420056748434,0.0028094983525370496,0.004431283886319871,-0.00681358807722488,0.018637211239875776,-0.011417850214935264,0.005924770921164347,-0.0020141496486486728,0.00031425274100018016,0.0012399641104572788,-0.005525068311174353,-0.0036060692533264613,-0.00394410899642301,-6.0642555634626105e-5,0.009123577592964172,-0.002837842612010449,-0.007536612494690129,0.003431107390509759,0.0054976521823488205,0.0013992772705170783,0.0028094983525370496,0.0381814409363875,0.018837491148134364,0.000402161928503114,0.000356594085213217,0.002384717869257185,0.013411893835794747,-0.011969796715139955,0.0021451012400603145,-0.00494886792721215,-0.0025795102858569047,-0.0014207279500536333,-0.0003362112301375647,0.0014312858142830616,0.007948580954783794,0.00040801866863822856,0.0021020690556838905,0.005909223315959342,0.0038131281833556478,0.003305244678981069,0.004431283886319871,0.018837491148134364,0.04366022059378014,-0.004359547260937058,-0.0038659556706082746,0.011238239650227258,0.02050807287919275,-0.013839253409595523,-0.005642339659210094,-0.011477207889299353,-0.008068120419824798,0.005392421490310882,-0.00933563136135463,0.001909055103200363,0.006543769731950973,-0.002354128638750041,-0.0027155928541107294,-0.004513663579751588,0.005313901015306325,0.0005327732721323612,-0.00681358807722488,0.000402161928503114,-0.004359547260937058,0.032058959465820124,-0.005894509921549983,-0.00513989752811643,-0.007376226458726123,0.005694832664551712,-0.009812008167212765,-0.0036859315328100807,0.0045767948480159165,0.0061081267684443535,0.00802717530861365,-0.0001475001109029406,-0.005249286305494775,-0.00406522707233754,0.010820586507185169,-0.0032773776930710465,0.013577176180137625,-0.006650614154345149,0.018637211239875776,0.000356594085213217,-0.0038659556706082746,-0.005894509921549983,0.03890722978003,-0.010680033669578079,-0.0022374239101376,0.004313953169609255,0.003541711087181175,0.0021754581967511695,-0.009197720060952028,0.0018626753362970478,-0.0021427447624378015,0.0011325722852276445,0.0016138613346945278,-0.007396940165388067,0.004889579829447325,-0.00662540467462885,0.0022456714955812964,0.0016037972041576462,-0.011417850214935264,0.002384717869257185,0.011238239650227258,-0.00513989752811643,-0.010680033669578079,0.035886652581055146,0.008422810609825457,-0.0013632985926936131,0.00679214172351751,-0.005031016066605685,-0.008408817604800202,-0.013070154281637495,-0.00371465414051831,0.0035841849806264366,-0.0028493012906986494,0.0006449370665474741,-0.0016117693864808637,0.0024707451039133353,0.007384257270979083,0.0006135794881567603,0.005924770921164347,0.013411893835794747,0.02050807287919275,-0.007376226458726123,-0.0022374239101376,0.008422810609825457,0.04326824052909186,-0.010375676528727135,-0.011224616772836062,-0.0008681414924591317,0.00471950260861231,0.015883687717187737,-0.008729508296188834,0.0025792764023585034,0.000769949515317116,0.0015707739450258125,0.002443832351052148,-0.013543630289780808,0.0029829001704134964,0.0061855457889756155,-0.0020141496486486728,-0.011969796715139955,-0.013839253409595523,0.005694832664551712,0.004313953169609255,-0.0013632985926936131,-0.010375676528727135,0.0496592737712559,-0.0018309001156951068,0.0006509680969038285,0.008259715555495671,0.0024106700353961966,0.01723254895840416,-0.003778172248291345,-0.005850149039149875,-0.007551672705224305,0.0023104380161602387,0.0023666743909505636,0.0062879895800532,-0.002241567149575508,0.00031425274100018016,0.0021451012400603145,-0.005642339659210094,-0.009812008167212765,0.003541711087181175,0.00679214172351751,-0.011224616772836062,-0.0018309001156951068,0.04023307357320999,0.005357951525991315,0.008166353699113862,-0.0014524135791799423,0.011962315561934507,-0.011396558342831382,-0.0048478560858220155,0.004828440834130891,0.0010426580160869281,0.0020140275973052424,0.0014762447416278798,0.002205814290659174,0.0012399641104572788,-0.00494886792721215,-0.011477207889299353,-0.0036859315328100807,0.0021754581967511695,-0.005031016066605685,-0.0008681414924591317,0.0006509680969038285,0.005357951525991315,0.0319327902992183
0.05772704478249773,0.015092845672642123,-0.017974374905341924,0.010474310435561499,-0.040966936047295954,-0.015209473365519203,0.0184326269788177,-0.0004303449149114843,-0.021651545894103154,-0.007765643969575159,0.02538031148137087,-0.021216289171735434,0.032669670436897176,-0.014160298141757316,0.018916087744066185,0.009622564399685568,0.02509435550912739,-0.010347504654714835,-0.007640448919218286,0.006836283386354807,0.015092845672642123,0.053604509798443827,-0.025190380929906605,-0.001889356404109904,-0.007292933566973903,-0.01099538462639739,0.007867958666667313,-0.013420941418166868,-0.018415254443590247,0.012464935793886665,0.003937629854447152,-0.006312083457092969,0.0026858627616047886,-0.007018111509130859,0.01284333286838676,0.004724596522283846,0.024101039606515093,-0.00028055275484933413,-0.020284018950545366,-0.006073798866261768,-0.017974374905341924,-0.025190380929906605,0.05870562051756609,-0.029543570266180576,0.027060908351752982,0.01573260379683879,-0.015026242826696751,0.01791174404621236,0.029114436305960202,-0.006094509598063987,-0.01960979418692698,0.0027858901333823833,-0.009026448450145993,0.010888239650549348,-0.026992028483998502,-0.005413699523712696,-0.015846164364155185,-0.0035513581681690214,0.03074319940972321,0.016170436672607258,0.010474310435561499,-0.001889356404109904,-0.029543570266180576,0.09184859992240699,-0.006257189898837959,-0.00978570768759319,0.008461823064366016,0.0078007553231988795,-0.018465472375650206,-0.004153063042208426,-0.003428468466656999,0.006722356588211095,0.0017965227123028958,0.015631735609024613,0.03065268149738444,-0.0025845777611981325,0.0022580812932625517,0.017746029424585967,-0.02817164287692525,-0.018978863950146023,-0.040966936047295954,-0.007292933566973903,0.027060908351752982,-0.006257189898837959,0.10119574075954173,0.043334843654752084,-0.03889828318368152,0.010611076873532573,0.018344931888454822,0.007731124003648515,-0.04672420174997802,0.011167381022191987,-0.05321519616589383,0.049124179631811725,-0.030969984938428875,-0.015761257048600062,-0.025225045948203406,0.01955626018284244,-0.02016998172027263,-0.0038942366116949925,-0.015209473365519203,-0.01099538462639739,0.01573260379683879,-0.00978570768759319,0.043334843654752084,0.06206641510463852,-0.024478703465394262,0.004354561582203051,0.0020486252407470405,0.013625031241247917,-0.025837847619491844,0.02107972185602426,-0.041822035003035614,0.020279685831996845,-0.02282139953706406,-0.022891494530762894,-0.012521568223875306,0.008788240337226218,-0.005746497334796927,0.009661120650882775,0.0184326269788177,0.007867958666667313,-0.015026242826696751,0.008461823064366016,-0.03889828318368152,-0.024478703465394262,0.03889934320034796,-0.004532055506985483,0.006856611010966228,-0.008659399915579642,0.021291370371116433,-0.007906952092339655,0.02888340539549587,-0.01018050177374702,0.019880936322127597,0.00955340379134508,0.004687990746768689,-0.002491686742503151,0.011635828831766643,-0.00454065394901082,-0.0004303449149114843,-0.013420941418166868,0.01791174404621236,0.0078007553231988795,0.010611076873532573,0.004354561582203051,-0.004532055506985483,0.03835917337676234,0.020089230883263774,-0.008735846749337431,-0.007756248691249941,-0.0005888384627492794,0.01493108411468454,0.007598535583097589,-0.009459514671100084,-0.0021679667718518605,0.0004373032419481195,-0.01157627494486423,0.006669367545257236,0.002996438711159867,-0.021651545894103154,-0.018415254443590247,0.029114436305960202,-0.018465472375650206,0.018344931888454822,0.0020486252407470405,0.006856611010966228,0.020089230883263774,0.04618566512916742,-0.00932757727377009,-0.002700007717487111,0.00347524931162698,0.001017585739082694,0.01516192114899452,-0.013020525316113727,9.198157124742413e-5,-0.022324478446922744,0.0059847408113567375,0.02770135780532316,0.002334106057646569,-0.007765643969575159,0.012464935793886665,-0.006094509598063987,-0.004153063042208426,0.007731124003648515,0.013625031241247917,-0.008659399915579642,-0.008735846749337431,-0.00932757727377009,0.025971691117019302,-0.007529046365209685,0.007475496710116129,-0.014715446206159008,-0.005290354125259222,-0.004854351782933197,-0.0040327550824939985,0.006091663320751077,0.005354159849429422,-0.008982163536334992,0.0018501288530620012,0.02538031148137087,0.003937629854447152,-0.01960979418692698,-0.003428468466656999,-0.04672420174997802,-0.025837847619491844,0.021291370371116433,-0.007756248691249941,-0.002700007717487111,-0.007529046365209685,0.052433921579231185,-0.010543751110708575,0.044473738220994846,-0.021527786838192606,0.02009948966464701,0.009442939501937846,0.013047979533524247,-0.00028145077437178147,0.005962106132768947,-0.0005684808393881865,-0.021216289171735434,-0.006312083457092969,0.0027858901333823833,0.006722356588211095,0.011167381022191987,0.02107972185602426,-0.007906952092339655,-0.0005888384627492794,0.00347524931162698,0.007475496710116129,-0.010543751110708575,0.06850208462057754,0.001130953229619933,0.004158121264754632,-0.0018310764020081742,-0.006682251992246341,0.009887135830820432,-0.010198823625733558,-0.007763663341805662,-0.006318257283055667,0.032669670436897176,0.0026858627616047886,-0.009026448450145993,0.0017965227123028958,-0.05321519616589383,-0.041822035003035614,0.02888340539549587,0.01493108411468454,0.001017585739082694,-0.014715446206159008,0.044473738220994846,0.001130953229619933,0.11737387706763366,-0.023134267383262925,0.02434577124493719,0.031118947727049512,0.05423407163254175,-0.03408051326321116,0.006577670385613294,0.006422593097029965,-0.014160298141757316,-0.007018111509130859,0.010888239650549348,0.015631735609024613,0.049124179631811725,0.020279685831996845,-0.01018050177374702,0.007598535583097589,0.01516192114899452,-0.005290354125259222,-0.021527786838192606,0.004158121264754632,-0.023134267383262925,0.0468876700824951,-0.005595389087921274,-0.011213105181987123,-0.024588473719634553,0.019421615647931267,-0.009899776551066851,-0.0010470279700749382,0.018916087744066185,0.01284333286838676,-0.026992028483998502,0.03065268149738444,-0.030969984938428875,-0.02282139953706406,0.019880936322127597,-0.009459514671100084,-0.013020525316113727,-0.004854351782933197,0.02009948966464701,-0.0018310764020081742,0.02434577124493719,-0.005595389087921274,0.04127100066451765,0.004850395023516564,0.013863040563580929,3.282205653437934e-5,-0.015613267008685209,-0.010687264895425822,0.009622564399685568,0.004724596522283846,-0.005413699523712696,-0.0025845777611981325,-0.015761257048600062,-0.022891494530762894,0.00955340379134508,-0.0021679667718518605,9.198157124742413e-5,-0.0040327550824939985,0.009442939501937846,-0.006682251992246341,0.031118947727049512,-0.011213105181987123,0.004850395023516564,0.03058989620151904,0.016982159655739154,-0.0120759732326459,0.0019524170076436714,0.0004429061555895704,0.02509435550912739,0.024101039606515093,-0.015846164364155185,0.0022580812932625517,-0.025225045948203406,-0.012521568223875306,0.004687990746768689,0.0004373032419481195,-0.022324478446922744,0.006091663320751077,0.013047979533524247,0.009887135830820432,0.05423407163254175,-0.024588473719634553,0.013863040563580929,0.016982159655739154,0.0708186117802888,-0.03204025420522755,-0.019299539219903326,0.0014893426821825373,-0.010347504654714835,-0.00028055275484933413,-0.0035513581681690214,0.017746029424585967,0.01955626018284244,0.008788240337226218,-0.002491686742503151,-0.01157627494486423,0.0059847408113567375,0.005354159849429422,-0.00028145077437178147,-0.010198823625733558,-0.03408051326321116,0.019421615647931267,3.282205653437934e-5,-0.0120759732326459,-0.03204025420522755,0.04988186125444117,-0.0011337938026498807,-0.0014483705615565973,-0.007640448919218286,-0.020284018950545366,0.03074319940972321,-0.02817164287692525,-0.02016998172027263,-0.005746497334796927,0.011635828831766643,0.006669367545257236,0.02770135780532316,-0.008982163536334992,0.005962106132768947,-0.007763663341805662,0.006577670385613294,-0.009899776551066851,-0.015613267008685209,0.0019524170076436714,-0.019299539219903326,-0.0011337938026498807,0.05925680362078119,0.015341806622208323,0.006836283386354807,-0.006073798866261768,0.016170436672607258,-0.018978863950146023,-0.0038942366116949925,0.009661120650882775,-0.00454065394901082,0.002996438711159867,0.002334106057646569,0.0018501288530620012,-0.0005684808393881865,-0.006318257283055667,0.006422593097029965,-0.0010470279700749382,-0.010687264895425822,0.0004429061555895704,0.0014893426821825373,-0.0014483705615565973,0.015341806622208323,0.031645944183075786
0.036569708781363994,-0.0019047167987649638,0.011980358620782741,-0.017825720935586375,-0.0017958656297088799,0.02142346056689546,-0.0030265717005783493,-0.005482828208440624,-0.01832519219415997,-0.001724545196950727,-0.0022194590598784212,-0.022673867780827153,-0.022903302547034227,-0.011067442983881886,0.0007476459012246702,-0.023674924371979968,0.0030855019590098386,0.0046156285736612054,0.005507279938130271,0.011625203136430964,-0.0019047167987649638,0.06529523247648202,0.02726825628242511,-0.014035856150394372,-0.01577866803246341,-0.026399357267717506,0.03072023686139116,-0.02918967904584914,0.007969941838057073,0.013860675455757563,0.019640082749087226,-0.050409050413490114,-0.04332378793450447,0.0166039351949457,0.004967727795441058,-0.037332103427206755,-0.05922034433246598,0.0444724671980509,0.03788858196792354,0.010605904042927822,0.011980358620782741,0.02726825628242511,0.05701566346742285,-0.006529783286388388,-0.007348679331439993,0.005488042391679565,0.009164099883689205,-0.024267504876874284,-0.007986229379491132,0.010575121612935381,0.010358528386298489,-0.04572998465583776,-0.045033652684123224,0.003384113460807503,0.01819659594037383,-0.05265137489690296,-0.0318804200577053,0.03705254428740461,0.031740504475316386,0.024727532431874352,-0.017825720935586375,-0.014035856150394372,-0.006529783286388388,0.04967483656043446,0.014720348394446803,-0.009180739085143786,-0.0022545547038872035,0.008112602255017382,-0.0010265687511420477,-0.007961639288075133,-0.005819690094527437,0.009616814838621163,0.011388860529164914,0.0112072916096079,0.0021371417858519594,-0.00533965422075241,0.012968171828390575,0.007975934950222557,-0.010771408359026378,-0.001037726064879411,-0.0017958656297088799,-0.01577866803246341,-0.007348679331439993,0.014720348394446803,0.047172709779879626,0.006848924683986469,-0.003867617940574269,0.012205109116763717,0.0035799538142641278,0.006433722159160759,-0.0054535682382218925,0.015644117649150475,0.014488434889887498,0.002576489346519761,-0.008516163742610602,0.016492867842062036,0.015866048314839898,-0.016179817796856566,-0.008359366788066282,-0.00857785249901984,0.02142346056689546,-0.026399357267717506,0.005488042391679565,-0.009180739085143786,0.006848924683986469,0.07982961008407537,-0.023633833350959466,0.015496612007188132,-0.03137934384625468,0.0033379335734755786,0.0010536348901586511,0.018550029690275683,0.021561660241335358,-0.039508914320277914,-0.0032937867086219237,0.007411530434734695,0.02663735036417835,-0.03429678988652922,-0.006403342678105063,-0.0091182126822393,-0.0030265717005783493,0.03072023686139116,0.009164099883689205,-0.0022545547038872035,-0.003867617940574269,-0.023633833350959466,0.04399599391473053,-0.0335041310014452,0.019157199301833107,-0.005243480899234232,0.004301390041924919,-0.04548934074164648,-0.04492236494964168,0.012668034985573236,0.016764036996300455,-0.026413830328513944,-0.029080195790394305,0.04189040329512106,0.02536017847188084,0.007964190669316494,-0.005482828208440624,-0.02918967904584914,-0.024267504876874284,0.008112602255017382,0.012205109116763717,0.015496612007188132,-0.0335041310014452,0.0710464085052814,0.01219803875384642,0.0033712354401968566,-0.015644307087619685,0.08153853937771872,0.07032716469757248,-0.006905477255245323,-0.0270329851042335,0.07832199233684749,0.035499314875578336,-0.07547133597491501,-0.04449340628029197,-0.012214156744494994,-0.01832519219415997,0.007969941838057073,-0.007986229379491132,-0.0010265687511420477,0.0035799538142641278,-0.03137934384625468,0.019157199301833107,0.01219803875384642,0.0590442306960129,-0.004778090808406951,-0.003989187223182415,0.026106741495896903,0.007834487082622174,0.02599879028526198,0.01308092550419921,0.054114753094239465,0.002541281600257632,-0.005323180975640248,-0.00761299034104242,-0.0006568395840595665,-0.001724545196950727,0.013860675455757563,0.010575121612935381,-0.007961639288075133,0.006433722159160759,0.0033379335734755786,-0.005243480899234232,0.0033712354401968566,-0.004778090808406951,0.029677273104962924,0.013137330149758267,0.0028455107933563774,0.014140230254862649,-0.002127842226397038,-0.010595754551797447,0.009279220569783895,-0.017703659558096496,-0.008036527826649858,0.011088369721979215,-0.01019898865811601,-0.0022194590598784212,0.019640082749087226,0.010358528386298489,-0.005819690094527437,-0.0054535682382218925,0.0010536348901586511,0.004301390041924919,-0.015644307087619685,-0.003989187223182415,0.013137330149758267,0.0573213814285812,-0.008176658701163105,0.01434713137926356,-0.0046796711635500345,-0.002347860423812128,-0.016212214781324293,-0.028766764461323396,0.013127169689582842,0.023481847677935035,-0.01955555551003952,-0.022673867780827153,-0.050409050413490114,-0.04572998465583776,0.009616814838621163,0.015644117649150475,0.018550029690275683,-0.04548934074164648,0.08153853937771872,0.026106741495896903,0.0028455107933563774,-0.008176658701163105,0.14369764864321938,0.11905378708592027,-0.01099897472760836,-0.02560142556112628,0.13042219938253127,0.06437916538536569,-0.11240438845928988,-0.06713347961345323,-0.035619631899881585,-0.022903302547034227,-0.04332378793450447,-0.045033652684123224,0.011388860529164914,0.014488434889887498,0.021561660241335358,-0.04492236494964168,0.07032716469757248,0.007834487082622174,0.014140230254862649,0.01434713137926356,0.11905378708592027,0.14250548889494657,-0.019045043569623773,-0.038496764623959706,0.11954577741804603,0.05012008039631666,-0.09645077474326258,-0.0457712867562873,-0.053199997289001474,-0.011067442983881886,0.0166039351949457,0.003384113460807503,0.0112072916096079,0.002576489346519761,-0.039508914320277914,0.012668034985573236,-0.006905477255245323,0.02599879028526198,-0.002127842226397038,-0.0046796711635500345,-0.01099897472760836,-0.019045043569623773,0.04202186920476125,0.002773888276088989,-0.004562193986369122,-0.019182933902947303,0.027007877269582158,0.005122113848234199,0.009629288511691128,0.0007476459012246702,0.004967727795441058,0.01819659594037383,0.0021371417858519594,-0.008516163742610602,-0.0032937867086219237,0.016764036996300455,-0.0270329851042335,0.01308092550419921,-0.010595754551797447,-0.002347860423812128,-0.02560142556112628,-0.038496764623959706,0.002773888276088989,0.042160855023810125,-0.03326967509797696,0.00040293886053356957,0.033889167276354146,0.00785185643865426,0.01667578234069763,-0.023674924371979968,-0.037332103427206755,-0.05265137489690296,-0.00533965422075241,0.016492867842062036,0.007411530434734695,-0.026413830328513944,0.07832199233684749,0.054114753094239465,0.009279220569783895,-0.016212214781324293,0.13042219938253127,0.11954577741804603,-0.004562193986369122,-0.03326967509797696,0.2056934005041203,0.05851259175819483,-0.12605966419857953,-0.05208014316713335,-0.04189693702258063,0.0030855019590098386,-0.05922034433246598,-0.0318804200577053,0.012968171828390575,0.015866048314839898,0.02663735036417835,-0.029080195790394305,0.035499314875578336,0.002541281600257632,-0.017703659558096496,-0.028766764461323396,0.06437916538536569,0.05012008039631666,-0.019182933902947303,0.00040293886053356957,0.05851259175819483,0.08566822138724905,-0.05537365607794131,-0.056118274662339804,-0.005289652210725945,0.0046156285736612054,0.0444724671980509,0.03705254428740461,0.007975934950222557,-0.016179817796856566,-0.03429678988652922,0.04189040329512106,-0.07547133597491501,-0.005323180975640248,-0.008036527826649858,0.013127169689582842,-0.11240438845928988,-0.09645077474326258,0.027007877269582158,0.033889167276354146,-0.12605966419857953,-0.05537365607794131,0.13185428957361786,0.05192686615450254,0.030288888523577813,0.005507279938130271,0.03788858196792354,0.031740504475316386,-0.010771408359026378,-0.008359366788066282,-0.006403342678105063,0.02536017847188084,-0.04449340628029197,-0.00761299034104242,0.011088369721979215,0.023481847677935035,-0.06713347961345323,-0.0457712867562873,0.005122113848234199,0.00785185643865426,-0.05208014316713335,-0.056118274662339804,0.05192686615450254,0.06899750209057182,0.0008844994512934943,0.011625203136430964,0.010605904042927822,0.024727532431874352,-0.001037726064879411,-0.00857785249901984,-0.0091182126822393,0.007964190669316494,-0.012214156744494994,-0.0006568395840595665,-0.01019898865811601,-0.01955555551003952,-0.035619631899881585,-0.053199997289001474,0.009629288511691128,0.01667578234069763,-0.04189693702258063,-0.005289652210725945,0.030288888523577813,0.0008844994512934943,0.04776186068410511
