0.07489642262638266,0.06643407087918109,0.07389402700841653,0.044359981410588986,0.06695637924391451,0.014994469767536472,0.027231735300327877,0.047089560984272166,0.05804538495562531,0.09177838332555033,0.026879276869104275,0.04559751230861117,0.050597096450009066,0.03753383284839857,0.01997124626551195,0.023299307754823695,0.04309621295725449,0.006624054543311034,0.024568199501317667,0.023347132908600323,0.06643407087918109,0.09405875673319242,0.09791057588403754,0.04965088680901589,0.07471374366000053,0.018861574453413743,0.036546996038330504,0.056038020619491966,0.05584087707100381,0.10563488682189073,0.03269122764066161,0.05015403112347771,0.061104056748093306,0.04095480392428304,0.01965437169495371,0.03451262327223027,0.06347117080423013,0.009618677702539992,0.03476952911702615,0.02293036056137608,0.07389402700841653,0.09791057588403754,0.18995812122165315,0.08289016414665251,0.09418938739601124,0.00011510618602310297,0.07952033740714931,0.026591619818761215,0.03206188158544863,0.14040542497288083,0.053641760931914376,0.06071428720027314,0.12550902824997667,0.05484202324588054,0.022001885023599337,0.035469201968306795,0.11343660723228577,0.0006628083077595218,0.058948349014281316,-0.007520799490971395,0.044359981410588986,0.04965088680901589,0.08289016414665251,0.12591731749236354,0.051932166074972246,-0.01925621879028993,0.025623084757354572,8.896610684116374e-5,0.06696615669198747,0.08329402572885057,0.04239913158517245,0.05491108488201196,0.05332404464603892,0.04038945948291996,0.028029812064080784,-0.0005223012250279262,0.04759049964011986,-0.0007971237761899277,0.03801557880808328,0.02121992211037524,0.06695637924391451,0.07471374366000053,0.09418938739601124,0.051932166074972246,0.0873158201628976,0.013887672680776805,0.03220195540820697,0.04465510062105675,0.05872250334600961,0.10760745807832589,0.0301199198550337,0.04711990819355526,0.0596719384631508,0.03769438817988506,0.015096392602177652,0.023970344217853753,0.055284692664320303,0.005974107639492124,0.029818845977793638,0.016080274333912927,0.014994469767536472,0.018861574453413743,0.00011510618602310297,-0.01925621879028993,0.013887672680776805,0.04816603921079884,-0.01803457975587164,0.03840372723610061,0.02782322050987719,0.020014403590408424,-0.0033765772746580623,0.004183580699622061,-0.00524208725579763,0.006783979106086541,-0.010705635406372753,0.004725157823338308,-0.017814866619783522,0.008894690498781348,-0.003680130882812274,0.021529552926442718,0.027231735300327877,0.036546996038330504,0.07952033740714931,0.025623084757354572,0.03220195540820697,-0.01803457975587164,0.07891724692727667,0.005369432860686956,-0.013719721557744684,0.052951681449239264,0.04168268747567648,0.02104384900310123,0.06826226905785654,0.010646658717214569,0.012034678290139619,0.02208231281860729,0.07880542117717462,-0.00611382382974324,0.03418245866393719,-0.014429393236011522,0.047089560984272166,0.056038020619491966,0.026591619818761215,8.896610684116374e-5,0.04465510062105675,0.03840372723610061,0.005369432860686956,0.08175216769391463,0.05091698042345527,0.05804760780855536,0.013812986214875745,0.02385892235458551,0.019476585547784454,0.018208200123041186,0.007949512133926756,0.031516859094465624,0.01881665685830499,0.017395696642546282,0.010257526782048616,0.03656920433262557,0.05804538495562531,0.05584087707100381,0.03206188158544863,0.06696615669198747,0.05872250334600961,0.02782322050987719,-0.013719721557744684,0.05091698042345527,0.12927486587577142,0.08068831808667622,0.014354318394201395,0.051870517291114616,0.008507955932429305,0.0493108887807432,0.019482864226724572,0.0039217363213318686,0.0020191783010579407,0.027046684099224817,0.008066963801150106,0.04897481359078792,0.09177838332555033,0.10563488682189073,0.14040542497288083,0.08329402572885057,0.10760745807832589,0.020014403590408424,0.052951681449239264,0.05804760780855536,0.08068831808667622,0.16121157676163547,0.0509958161009412,0.07276387357247631,0.09160692185834962,0.060427731633817205,0.02810503093077138,0.035857708814189815,0.08279154903016342,0.011633113958815312,0.04649818190814964,0.020288805281972886,0.026879276869104275,0.03269122764066161,0.053641760931914376,0.04239913158517245,0.0301199198550337,-0.0033765772746580623,0.04168268747567648,0.013812986214875745,0.014354318394201395,0.0509958161009412,0.05662385280607811,0.015298741684404208,0.04614608900228431,0.008716741809980898,0.012372957928564625,0.015545096674914327,0.05301066453217636,0.006649799003858217,0.03054434727235706,0.010330392042350525,0.04559751230861117,0.05015403112347771,0.06071428720027314,0.05491108488201196,0.04711990819355526,0.004183580699622061,0.02104384900310123,0.02385892235458551,0.051870517291114616,0.07276387357247631,0.015298741684404208,0.06415911650944639,0.0422831641831833,0.0440051959280086,0.022762218060604245,0.012556298501598355,0.02671986581048695,0.0009133980923812911,0.023361872131712216,0.014435313912283672,0.050597096450009066,0.061104056748093306,0.12550902824997667,0.05332404464603892,0.0596719384631508,-0.00524208725579763,0.06826226905785654,0.019476585547784454,0.008507955932429305,0.09160692185834962,0.04614608900228431,0.0422831641831833,0.1123547616700634,0.02988357668186354,0.017148779238104005,0.025963189767736254,0.08745385729709476,-0.0009921052026578571,0.04688835537281723,-0.005756897645382071,0.03753383284839857,0.04095480392428304,0.05484202324588054,0.04038945948291996,0.03769438817988506,0.006783979106086541,0.010646658717214569,0.018208200123041186,0.0493108887807432,0.060427731633817205,0.008716741809980898,0.0440051959280086,0.02988357668186354,0.059050870991451815,0.013429536928063202,0.004272274685957573,0.018530051507806306,0.005123027110601715,0.016223462656245642,0.014763873460682265,0.01997124626551195,0.01965437169495371,0.022001885023599337,0.028029812064080784,0.015096392602177652,-0.010705635406372753,0.012034678290139619,0.007949512133926756,0.019482864226724572,0.02810503093077138,0.012372957928564625,0.022762218060604245,0.017148779238104005,0.013429536928063202,0.03172168531643549,0.0050384843074804345,0.014563285821227335,-0.0029315923169829314,0.00992767875781036,0.006468143418091229,0.023299307754823695,0.03451262327223027,0.035469201968306795,-0.0005223012250279262,0.023970344217853753,0.004725157823338308,0.02208231281860729,0.031516859094465624,0.0039217363213318686,0.035857708814189815,0.015545096674914327,0.012556298501598355,0.025963189767736254,0.004272274685957573,0.0050384843074804345,0.04267760517842533,0.03139213047625904,0.0017901881291727552,0.013796053828144708,0.006063194931398267,0.04309621295725449,0.06347117080423013,0.11343660723228577,0.04759049964011986,0.055284692664320303,-0.017814866619783522,0.07880542117717462,0.01881665685830499,0.0020191783010579407,0.08279154903016342,0.05301066453217636,0.02671986581048695,0.08745385729709476,0.018530051507806306,0.014563285821227335,0.03139213047625904,0.11594936828246136,-0.0027503543213506123,0.043787740980001065,-0.009339918934492064,0.006624054543311034,0.009618677702539992,0.0006628083077595218,-0.0007971237761899277,0.005974107639492124,0.008894690498781348,-0.00611382382974324,0.017395696642546282,0.027046684099224817,0.011633113958815312,0.006649799003858217,0.0009133980923812911,-0.0009921052026578571,0.005123027110601715,-0.0029315923169829314,0.0017901881291727552,-0.0027503543213506123,0.02718311071543668,-0.003851746347665192,0.01347417283491175,0.024568199501317667,0.03476952911702615,0.058948349014281316,0.03801557880808328,0.029818845977793638,-0.003680130882812274,0.03418245866393719,0.010257526782048616,0.008066963801150106,0.04649818190814964,0.03054434727235706,0.023361872131712216,0.04688835537281723,0.016223462656245642,0.00992767875781036,0.013796053828144708,0.043787740980001065,-0.003851746347665192,0.04008434662609989,0.0037614571450032153,0.023347132908600323,0.02293036056137608,-0.007520799490971395,0.02121992211037524,0.016080274333912927,0.021529552926442718,-0.014429393236011522,0.03656920433262557,0.04897481359078792,0.020288805281972886,0.010330392042350525,0.014435313912283672,-0.005756897645382071,0.014763873460682265,0.006468143418091229,0.006063194931398267,-0.009339918934492064,0.01347417283491175,0.0037614571450032153,0.0556533485328904
0.1299833217030262,0.11806240340209254,0.16654793438141424,0.12978373007740676,0.08464652765250591,-0.03355419450480778,0.06347719837747304,0.00808382610747855,0.02171005923859512,0.145369597488101,0.0225905111611523,0.09633445217865583,0.06783128452822829,0.07600595568043039,0.009285113601243958,0.04776208847068441,0.14710227056777886,-0.03884091123973366,0.05115583675211924,-0.0276614203725601,0.11806240340209254,0.154523927555393,0.1734937328536517,0.13766091213695678,0.10427218240742311,-0.022473565307096995,0.05465214852538127,0.04109703263153276,0.030126519307627324,0.15918884922343293,0.035661445606227,0.1011902716248942,0.07397366843001929,0.09620517247883009,0.015376537603669907,0.049626483156725604,0.12907429516265873,-0.014474026854933476,0.05345838248308328,-0.0008688738559086079,0.16654793438141424,0.1734937328536517,0.28995934271570845,0.18067902691263918,0.145367993946864,-0.05962112115895299,0.10140175123972581,0.0060550063840242654,-0.009756681524318571,0.21427404765460017,0.03466812443916536,0.1295626039488533,0.09449640194208468,0.10206197498917748,0.02196612239781668,0.07663784784681824,0.22749317757216198,-0.06685631291306758,0.07197784677588588,-0.045902895857241596,0.12978373007740676,0.13766091213695678,0.18067902691263918,0.2095993147525832,0.095663511294789,-0.06375001113707396,0.06082008595615599,-0.013986874158759266,0.04461776384320101,0.17527421065879673,0.025534533245697322,0.12354296550522685,0.08757113546999562,0.10803436334690171,0.024457169785024695,0.03357435806501263,0.15689790699950157,-0.03975937025024889,0.05829580824579532,-0.021130288530455288,0.08464652765250591,0.10427218240742311,0.145367993946864,0.095663511294789,0.11085989052606635,-0.03469685730256524,0.046907228935106085,0.041447017117851294,0.015569382265914644,0.11943669022639779,0.03272925260819061,0.07836970336496335,0.06427166200073123,0.0590238623035793,0.012530209208161912,0.04944788707441435,0.1133040949042618,-0.017272714381340776,0.04537395520636665,-0.0019910111232815312,-0.03355419450480778,-0.022473565307096995,-0.05962112115895299,-0.06375001113707396,-0.03469685730256524,0.08299841531828073,-0.05207319709572444,0.04138425148505841,0.02479324867378995,-0.04487012686877583,0.003305142636641596,-0.029142002071073536,-0.03985376161858959,-0.013051955212283908,-0.012645046847716458,-0.022446917214114903,-0.08745600240441745,0.028196631853590566,-0.02432301177972183,0.0314968174875577,0.06347719837747304,0.05465214852538127,0.10140175123972581,0.06082008595615599,0.046907228935106085,-0.05207319709572444,0.09139606552148728,-0.013860054649653033,-0.005796727957230147,0.08028060962410308,0.03126542284193581,0.05174745190452823,0.05745014667213175,0.03261942120966006,0.011527107504912872,0.03544572723722007,0.13311786108606458,-0.025503117576073563,0.035605835445165025,-0.03015307473234737,0.00808382610747855,0.04109703263153276,0.0060550063840242654,-0.013986874158759266,0.041447017117851294,0.04138425148505841,-0.013860054649653033,0.1125641027697136,0.05373760054773408,0.02286961615045557,0.040078475637400704,0.01557654270058656,0.026212281705761446,0.022697840220952475,-0.00043979778548138525,0.024644684763321663,-0.013934818966467932,0.05177127871837143,0.017372283016771854,0.05946800060507722,0.02171005923859512,0.030126519307627324,-0.009756681524318571,0.04461776384320101,0.015569382265914644,0.02479324867378995,-0.005796727957230147,0.05373760054773408,0.11300559855688869,0.030371055302149,0.0428405069583691,0.04441519788914121,0.04168830119876752,0.044049374910066,0.008212170146656136,-0.0035889452757072084,0.007233355461950633,0.039292544082831476,0.020774091187839315,0.04223417584712753,0.145369597488101,0.15918884922343293,0.21427404765460017,0.17527421065879673,0.11943669022639779,-0.04487012686877583,0.08028060962410308,0.02286961615045557,0.030371055302149,0.20383255281950238,0.03915010902164874,0.1236349902146931,0.09635440139451262,0.10803642073882719,0.019509311982336297,0.059059268315713356,0.18018233351819912,-0.031327855450864084,0.06983865698703265,-0.018851211433225403,0.0225905111611523,0.035661445606227,0.03466812443916536,0.025534533245697322,0.03272925260819061,0.003305142636641596,0.03126542284193581,0.040078475637400704,0.0428405069583691,0.03915010902164874,0.0666441262352023,0.03621291931692555,0.04173327718318142,0.03456911079968192,0.019890322338847362,0.007999326000485914,0.04584560619911114,0.023913888444969097,0.019008940562691277,0.019397758177744008,0.09633445217865583,0.1011902716248942,0.1295626039488533,0.12354296550522685,0.07836970336496335,-0.029142002071073536,0.05174745190452823,0.01557654270058656,0.04441519788914121,0.1236349902146931,0.03621291931692555,0.1027275538335033,0.07054881408953141,0.07690641515286659,0.017556544441204955,0.029731985117891595,0.11948265079208867,-0.0176326701101655,0.0466396162134853,-0.008460223212908145,0.06783128452822829,0.07397366843001929,0.09449640194208468,0.08757113546999562,0.06427166200073123,-0.03985376161858959,0.05745014667213175,0.026212281705761446,0.04168830119876752,0.09635440139451262,0.04173327718318142,0.07054881408953141,0.10240522968295063,0.05168152885000023,0.01689874357517638,0.02999662616315122,0.10796265952436189,0.0025167538440949927,0.04656118201363773,-0.004657906420234954,0.07600595568043039,0.09620517247883009,0.10206197498917748,0.10803436334690171,0.0590238623035793,-0.013051955212283908,0.03261942120966006,0.022697840220952475,0.044049374910066,0.10803642073882719,0.03456911079968192,0.07690641515286659,0.05168152885000023,0.0877740014840493,0.01647107192029612,0.019045108036171935,0.08108886856420042,-0.0008220472135148163,0.03379225802710735,0.010453251625629151,0.009285113601243958,0.015376537603669907,0.02196612239781668,0.024457169785024695,0.012530209208161912,-0.012645046847716458,0.011527107504912872,-0.00043979778548138525,0.008212170146656136,0.019509311982336297,0.019890322338847362,0.017556544441204955,0.01689874357517638,0.01647107192029612,0.022502671623917482,-0.003912467486831009,0.018545057898993182,0.002833249030601493,0.004950299017223662,0.0034397732590455065,0.04776208847068441,0.049626483156725604,0.07663784784681824,0.03357435806501263,0.04944788707441435,-0.022446917214114903,0.03544572723722007,0.024644684763321663,-0.0035889452757072084,0.059059268315713356,0.007999326000485914,0.029731985117891595,0.02999662616315122,0.019045108036171935,-0.003912467486831009,0.055502550130352,0.07109609192134365,-0.015814317124706725,0.029179178613409296,-0.005083925658112155,0.14710227056777886,0.12907429516265873,0.22749317757216198,0.15689790699950157,0.1133040949042618,-0.08745600240441745,0.13311786108606458,-0.013934818966467932,0.007233355461950633,0.18018233351819912,0.04584560619911114,0.11948265079208867,0.10796265952436189,0.08108886856420042,0.018545057898993182,0.07109609192134365,0.2635106547894405,-0.06461581558977265,0.07391164142954976,-0.059599251727303945,-0.03884091123973366,-0.014474026854933476,-0.06685631291306758,-0.03975937025024889,-0.017272714381340776,0.028196631853590566,-0.025503117576073563,0.05177127871837143,0.039292544082831476,-0.031327855450864084,0.023913888444969097,-0.0176326701101655,0.0025167538440949927,-0.0008220472135148163,0.002833249030601493,-0.015814317124706725,-0.06461581558977265,0.06437172001054352,-0.005875528248161711,0.051000070030733584,0.05115583675211924,0.05345838248308328,0.07197784677588588,0.05829580824579532,0.04537395520636665,-0.02432301177972183,0.035605835445165025,0.017372283016771854,0.020774091187839315,0.06983865698703265,0.019008940562691277,0.0466396162134853,0.04656118201363773,0.03379225802710735,0.004950299017223662,0.029179178613409296,0.07391164142954976,-0.005875528248161711,0.04366518253226545,-0.0047946898826198995,-0.0276614203725601,-0.0008688738559086079,-0.045902895857241596,-0.021130288530455288,-0.0019910111232815312,0.0314968174875577,-0.03015307473234737,0.05946800060507722,0.04223417584712753,-0.018851211433225403,0.019397758177744008,-0.008460223212908145,-0.004657906420234954,0.010453251625629151,0.0034397732590455065,-0.005083925658112155,-0.059599251727303945,0.051000070030733584,-0.0047946898826198995,0.06773182251816633
0.07709236517289904,0.05211892363722266,0.05351757649766929,0.043577941045744015,0.027183750515372418,-0.040730095452292295,0.012976492984791194,0.03481947362540294,0.039060918127600625,-0.012929439815102521,0.055703691767788374,0.05631291935589521,0.0694695587919657,0.019651140288505634,0.04793363547552616,0.029899633936477606,0.03218364622324826,0.032636028872184225,0.02635408532601346,0.01760155369897439,0.05211892363722266,0.09842157724093184,0.06628618863691443,0.012224410585714364,0.02951054847033286,-0.03620119356531949,0.023724655985668832,0.044913945542865194,-0.00037191027637801903,0.001560196736851427,0.016804717400318917,0.04657463749647632,0.06685247170651629,-0.004898816200592737,0.04104553066743219,0.05731819387906862,0.0674132281789633,0.023031158676545392,0.009076396179350101,0.004591844203577435,0.05351757649766929,0.06628618863691443,0.16324444304480779,0.10394510676109864,0.030349055540374696,-0.04951013743920599,0.05781415061279759,0.0715323853784855,-0.009431201941700006,0.061412870221176016,0.06308382952067049,0.07019898938175402,0.09778521109959795,0.021343823285291337,0.04391397542109132,0.07787818011227234,0.07164904013293097,0.03255787753945014,0.05444249712349976,-0.01883241589739887,0.043577941045744015,0.012224410585714364,0.10394510676109864,0.15949928107474998,0.03252500151067398,-0.014908010504626572,0.017459154166700207,0.0525323060124522,0.05980643055003963,0.07496161902739228,0.07160289840512471,0.0924490823770583,0.0640134252967533,0.059407631523176505,0.00608966433082116,0.032482626034392344,0.012899941850892275,0.01842564209626557,0.04564906658975764,0.00959931788132943,0.027183750515372418,0.02951054847033286,0.030349055540374696,0.03252500151067398,0.03779633110133102,0.005363045848128158,0.0020600618357908265,0.029396879423558675,0.0282966521877465,0.029592180737875947,0.01734437331261393,0.037718425525455096,0.02291848395019591,0.021820929045943467,0.002527743813211427,0.014111176666040446,0.009597181030087665,0.005213229064722,0.0074846583802193655,0.018242679763279875,-0.040730095452292295,-0.03620119356531949,-0.04951013743920599,-0.014908010504626572,0.005363045848128158,0.09724669798736532,-0.034650468952765814,0.013411909770451836,0.013073155156725214,0.03337416598641782,-0.03400007992809702,-0.01514442350550825,-0.0686153078256004,0.003649291361982967,-0.06203181151703561,-0.03799993762101637,-0.08677095942781002,-0.026937526653988256,-0.021277706139824326,0.037165244418028015,0.012976492984791194,0.023724655985668832,0.05781415061279759,0.017459154166700207,0.0020600618357908265,-0.034650468952765814,0.0672632340729643,0.009899780072884556,-0.036502630451823205,0.026520529504125832,0.016882434320743003,0.00701561182252735,0.030542485677209616,-0.004247574299807015,0.018720003939199086,0.028512583186504566,0.05858948203488909,-0.011507785594488219,0.024161245398225423,-0.02935113607641581,0.03481947362540294,0.044913945542865194,0.0715323853784855,0.0525323060124522,0.029396879423558675,0.013411909770451836,0.009899780072884556,0.1010933716111659,0.01699039320098495,0.026192401373974106,0.03651436131011461,0.04851956846813877,0.050762108846447114,0.010922564680775623,0.00449927985646871,0.04417245055263443,-0.011565241120810265,0.043824090388606886,0.02089686118109773,0.03330316403809214,0.039060918127600625,-0.00037191027637801903,-0.009431201941700006,0.05980643055003963,0.0282966521877465,0.013073155156725214,-0.036502630451823205,0.01699039320098495,0.11161588589442899,-0.001856821827509552,0.030649958595370196,0.05675328642241949,0.01875404712529545,0.04974904721320243,0.00033813567928462837,-0.01692311771252144,-0.035660478587862,0.0340285170247296,0.002421777905989267,0.05686135154746242,-0.012929439815102521,0.001560196736851427,0.061412870221176016,0.07496161902739228,0.029592180737875947,0.03337416598641782,0.026520529504125832,0.026192401373974106,-0.001856821827509552,0.1265543705845426,-0.004802495739369854,0.033803618947444256,-0.0050744674486253374,0.0402778042594337,-0.037135938695607995,0.02503413643835696,0.01697873210313515,-0.029435951825571828,0.020581058438419494,-0.013722035739202738,0.055703691767788374,0.016804717400318917,0.06308382952067049,0.07160289840512471,0.01734437331261393,-0.03400007992809702,0.016882434320743003,0.03651436131011461,0.030649958595370196,-0.004802495739369854,0.0961990895418601,0.05244249808330671,0.07220187486658058,0.025178637898164616,0.04052458460016829,0.019130517429896802,0.017689360589288404,0.031384224673589166,0.03541081830144823,0.008086645854264576,0.05631291935589521,0.04657463749647632,0.07019898938175402,0.0924490823770583,0.037718425525455096,-0.01514442350550825,0.00701561182252735,0.04851956846813877,0.05675328642241949,0.033803618947444256,0.05244249808330671,0.10525230385728779,0.06674864779516268,0.04114530552291503,0.0111265620452504,0.034732969205689065,0.03325089294784593,0.028856078165656156,0.021758223962317448,0.021661223843042456,0.0694695587919657,0.06685247170651629,0.09778521109959795,0.0640134252967533,0.02291848395019591,-0.0686153078256004,0.030542485677209616,0.050762108846447114,0.01875404712529545,-0.0050744674486253374,0.07220187486658058,0.06674864779516268,0.12000532613750999,0.015368303014558412,0.05896302079707264,0.05492017357238785,0.06808834761098452,0.055264870536071445,0.03305403100313989,-0.003572932694814686,0.019651140288505634,-0.004898816200592737,0.021343823285291337,0.059407631523176505,0.021820929045943467,0.003649291361982967,-0.004247574299807015,0.010922564680775623,0.04974904721320243,0.0402778042594337,0.025178637898164616,0.04114530552291503,0.015368303014558412,0.05796444005404752,-0.007202102433014542,0.002812617188163667,-0.001548178427246253,0.010060667356945462,0.01098318785517163,0.017110047104221558,0.04793363547552616,0.04104553066743219,0.04391397542109132,0.00608966433082116,0.002527743813211427,-0.06203181151703561,0.018720003939199086,0.00449927985646871,0.00033813567928462837,-0.037135938695607995,0.04052458460016829,0.0111265620452504,0.05896302079707264,-0.007202102433014542,0.07313141950243887,0.024822145942970983,0.04348633723242846,0.022377785060147655,0.024765946209661077,-0.008710923848142468,0.029899633936477606,0.05731819387906862,0.07787818011227234,0.032482626034392344,0.014111176666040446,-0.03799993762101637,0.028512583186504566,0.04417245055263443,-0.01692311771252144,0.02503413643835696,0.019130517429896802,0.034732969205689065,0.05492017357238785,0.002812617188163667,0.024822145942970983,0.0713625197956053,0.06106686429552646,0.019305489490065893,0.016058757391640213,-0.017242638584914694,0.03218364622324826,0.0674132281789633,0.07164904013293097,0.012899941850892275,0.009597181030087665,-0.08677095942781002,0.05858948203488909,-0.011565241120810265,-0.035660478587862,0.01697873210313515,0.017689360589288404,0.03325089294784593,0.06808834761098452,-0.001548178427246253,0.04348633723242846,0.06106686429552646,0.14913180401182524,-0.005944682782309976,0.013473025675691554,-0.05787662912882728,0.032636028872184225,0.023031158676545392,0.03255787753945014,0.01842564209626557,0.005213229064722,-0.026937526653988256,-0.011507785594488219,0.043824090388606886,0.0340285170247296,-0.029435951825571828,0.031384224673589166,0.028856078165656156,0.055264870536071445,0.010060667356945462,0.022377785060147655,0.019305489490065893,-0.005944682782309976,0.07855555489797598,0.009704555043690766,0.028951957495339027,0.02635408532601346,0.009076396179350101,0.05444249712349976,0.04564906658975764,0.0074846583802193655,-0.021277706139824326,0.024161245398225423,0.02089686118109773,0.002421777905989267,0.020581058438419494,0.03541081830144823,0.021758223962317448,0.03305403100313989,0.01098318785517163,0.024765946209661077,0.016058757391640213,0.013473025675691554,0.009704555043690766,0.04161033657806593,-0.006131832477811464,0.01760155369897439,0.004591844203577435,-0.01883241589739887,0.00959931788132943,0.018242679763279875,0.037165244418028015,-0.02935113607641581,0.03330316403809214,0.05686135154746242,-0.013722035739202738,0.008086645854264576,0.021661223843042456,-0.003572932694814686,0.017110047104221558,-0.008710923848142468,-0.017242638584914694,-0.05787662912882728,0.028951957495339027,-0.006131832477811464,0.07080644285122496
