0.14418003229120518,0.0680524852399867,-0.012350575818332425,0.08831889827218659,-0.05450338217204164,-0.07525263040204067,0.015927584253401107,-0.07548503437962127,-0.002651782807185212,0.021658178479103174,0.014914558207286484,-0.01496890290272062,-0.06437279055629185,-0.03358526885659467,0.029157223094322005,-0.046460160776564105,0.023652990447649853,0.0937706828624598,-0.04815702481511269,-0.02855411659295655,0.0680524852399867,0.13075692288614366,-0.007163370008031153,0.059520189615861474,-0.0389972491158081,-0.04160092044486648,0.013184539889047608,-0.03810904693005433,-0.014910823426691446,-0.006280976893504016,-0.0003268786355289091,-0.00963677843916061,-0.06496405824759757,-0.01435465386995187,0.03197993828556028,-0.024742882397596432,0.00550710760096018,0.04672416040852402,-0.03374279433364873,-0.013842314991652796,-0.012350575818332425,-0.007163370008031153,0.11682631531237644,-0.02616949540825197,0.0010378932391148148,0.05165128141388883,-0.034361316246823106,0.006057096727012681,-0.05922460150234911,0.022420012977177606,-0.03276009994957916,-0.002321105058212358,0.014832840357262466,0.012635732063038568,0.03228516999433831,0.00887816248212681,-0.0598004062076329,-0.0031340756395968864,0.008251082438695281,-0.016350912134715123,0.08831889827218659,0.059520189615861474,-0.02616949540825197,0.09041053324966682,-0.025886452192230507,-0.06736198640612642,0.007008443878682498,-0.0572689792300515,-0.0011528022727619238,0.008627602006748687,0.033756687911750155,0.0008860973237002985,-0.07307391940334082,-0.033932066139425635,0.010235206159893208,-0.03551680176674421,0.029494681250200567,0.054351038954008245,-0.04674723717716155,-0.00026441862087680975,-0.05450338217204164,-0.0389972491158081,0.0010378932391148148,-0.025886452192230507,0.08377991077177677,0.026029759486028804,-0.009506348741276746,0.04572655936150102,0.010380679647166706,-0.001616934102908379,0.014979040293517265,0.02207431389985065,0.022007745368701592,-0.0012691228903252728,-0.025049459538042627,0.020696930388378103,-0.017442933100616738,-0.04595867873182529,0.0024538597375515815,-0.009317397122008636,-0.07525263040204067,-0.04160092044486648,0.05165128141388883,-0.06736198640612642,0.026029759486028804,0.09881358266747593,-0.014489168217888065,0.058591210560526005,-0.019429268924468033,0.003947158562171634,-0.04929979928714055,-0.005365927371614576,0.06029738668809561,0.03465133588940646,0.0008145211718026432,0.03219469594774187,-0.05041862247103746,-0.045980024458345176,0.03540182279467155,-0.007552184382772894,0.015927584253401107,0.013184539889047608,-0.034361316246823106,0.007008443878682498,-0.009506348741276746,-0.014489168217888065,0.03292250044339695,-0.006574562480900905,0.018123507179056964,-0.005946624180245283,-0.0026256511254999747,-0.011533921417776215,-0.0025289781391128674,0.006057924888227773,-0.006439590918670314,-0.0027582873398734496,0.015030806127342236,0.006055030075417195,0.0006608593210568218,0.0028748567080456562,-0.07548503437962127,-0.03810904693005433,0.006057096727012681,-0.0572689792300515,0.04572655936150102,0.058591210560526005,-0.006574562480900905,0.08706507369091335,0.021085803507572776,-0.016804403729991646,-0.04015594180036324,0.0029666183489570207,0.06046382100270115,0.03180350944829787,-0.024008058632305995,0.03108400618058379,-0.02279797055719733,-0.06857470294362991,0.03680786898652659,-0.014218390765817993,-0.002651782807185212,-0.014910823426691446,-0.05922460150234911,-0.0011528022727619238,0.010380679647166706,-0.019429268924468033,0.018123507179056964,0.021085803507572776,0.0710477676557062,-0.01341779101027971,-0.005639401223791378,-0.0034687085620996637,0.021691379188630778,0.010015089382442992,-0.029924205862220218,-0.0007946362480914396,0.020398416671310572,-0.0153375021482605,0.00763087166577962,-0.006879679237192762,0.021658178479103174,-0.006280976893504016,0.022420012977177606,0.008627602006748687,-0.001616934102908379,0.003947158562171634,-0.005946624180245283,-0.016804403729991646,-0.01341779101027971,0.030506690519597562,-0.0013327429451794996,-0.005923416377343921,-0.010533529404120542,-0.008768744836214565,0.0102794319069843,-0.008709910770409595,-0.01069061281209099,0.024160210715357802,-0.012487148512782237,-0.003476383676105432,0.014914558207286484,-0.0003268786355289091,-0.03276009994957916,0.033756687911750155,0.014979040293517265,-0.04929979928714055,-0.0026256511254999747,-0.04015594180036324,-0.005639401223791378,-0.0013327429451794996,0.08587753019004145,0.024893939840072203,-0.047158824318052905,-0.03488345875450851,-0.019816796145067175,-0.004302583984854444,0.03473887590164746,0.012347930097200008,-0.031448563425699134,0.03260089559284898,-0.01496890290272062,-0.00963677843916061,-0.002321105058212358,0.0008860973237002985,0.02207431389985065,-0.005365927371614576,-0.011533921417776215,0.0029666183489570207,-0.0034687085620996637,-0.005923416377343921,0.024893939840072203,0.03825808686812877,-0.005192214701374576,-0.005288250633079455,-0.009812204928270573,0.011453330639509006,-0.005006998292166663,-0.016847137118927172,-0.0023842760879006063,0.004952708430005287,-0.06437279055629185,-0.06496405824759757,0.014832840357262466,-0.07307391940334082,0.022007745368701592,0.06029738668809561,-0.0025289781391128674,0.06046382100270115,0.021691379188630778,-0.010533529404120542,-0.047158824318052905,-0.005192214701374576,0.09855041914689466,0.04424120011618543,-0.017214617974919022,0.02438349293495437,-0.024150716007496742,-0.05690474664615776,0.052177746295703285,-0.01220726101124436,-0.03358526885659467,-0.01435465386995187,0.012635732063038568,-0.033932066139425635,-0.0012691228903252728,0.03465133588940646,0.006057924888227773,0.03180350944829787,0.010015089382442992,-0.008768744836214565,-0.03488345875450851,-0.005288250633079455,0.04424120011618543,0.044280289691366145,-0.002202739108984436,0.011958084674302098,-0.021024711752325998,-0.028391955452625472,0.02893685555522254,-0.006733535956169624,0.029157223094322005,0.03197993828556028,0.03228516999433831,0.010235206159893208,-0.025049459538042627,0.0008145211718026432,-0.006439590918670314,-0.024008058632305995,-0.029924205862220218,0.0102794319069843,-0.019816796145067175,-0.009812204928270573,-0.017214617974919022,-0.002202739108984436,0.056001182120555895,-0.010450969972059857,-0.01928621287656399,0.03457792393290139,-0.013919633056643515,-0.00983937220534984,-0.046460160776564105,-0.024742882397596432,0.00887816248212681,-0.03551680176674421,0.020696930388378103,0.03219469594774187,-0.0027582873398734496,0.03108400618058379,-0.0007946362480914396,-0.008709910770409595,-0.004302583984854444,0.011453330639509006,0.02438349293495437,0.011958084674302098,-0.010450969972059857,0.03661901530181568,-0.01515636594061715,-0.033631988812625024,0.02085519909299504,-0.0014682776392998483,0.023652990447649853,0.00550710760096018,-0.0598004062076329,0.029494681250200567,-0.017442933100616738,-0.05041862247103746,0.015030806127342236,-0.02279797055719733,0.020398416671310572,-0.01069061281209099,0.03473887590164746,-0.005006998292166663,-0.024150716007496742,-0.021024711752325998,-0.01928621287656399,-0.01515636594061715,0.0661046576434879,0.01035692283591941,-0.011000971066923344,0.02358549913737677,0.0937706828624598,0.04672416040852402,-0.0031340756395968864,0.054351038954008245,-0.04595867873182529,-0.045980024458345176,0.006055030075417195,-0.06857470294362991,-0.0153375021482605,0.024160210715357802,0.012347930097200008,-0.016847137118927172,-0.05690474664615776,-0.028391955452625472,0.03457792393290139,-0.033631988812625024,0.01035692283591941,0.10035551599350159,-0.03682280657499763,-0.01075769047291213,-0.04815702481511269,-0.03374279433364873,0.008251082438695281,-0.04674723717716155,0.0024538597375515815,0.03540182279467155,0.0006608593210568218,0.03680786898652659,0.00763087166577962,-0.012487148512782237,-0.031448563425699134,-0.0023842760879006063,0.052177746295703285,0.02893685555522254,-0.013919633056643515,0.02085519909299504,-0.011000971066923344,-0.03682280657499763,0.0566304394320565,-0.0068516907594409,-0.02855411659295655,-0.013842314991652796,-0.016350912134715123,-0.00026441862087680975,-0.009317397122008636,-0.007552184382772894,0.0028748567080456562,-0.014218390765817993,-0.006879679237192762,-0.003476383676105432,0.03260089559284898,0.004952708430005287,-0.01220726101124436,-0.006733535956169624,-0.00983937220534984,-0.0014682776392998483,0.02358549913737677,-0.01075769047291213,-0.0068516907594409,0.05822364445039103
0.08997130847158558,0.017732078840227483,-0.012439924403008715,0.0496204339326724,-0.04306862985294864,-0.04816127249383373,-0.0017625930918018255,-0.05178402512267351,-0.010334331444169306,0.02238866414054453,0.026016794120584705,0.002025740391808376,-0.037612137012477856,-0.00992281881619642,0.02123477931867787,-0.039606875966941305,0.02342240185274458,0.06195719917797321,-0.01519099031439676,-0.01251602346189213,0.017732078840227483,0.06382773676890921,-0.028164568248798615,0.0454059406317493,-0.022300351860826767,-0.037408449442380705,0.006452672382664077,-0.0016386150833211939,0.02396410769940047,-0.016671491800728397,-0.003541449171077187,-0.01682644423173775,-0.017507880351151375,0.005666709980311539,-0.017447878340390348,0.013104892540043926,0.0036199719896133223,0.010484947422093641,0.0038421953396249055,-0.014302345427978758,-0.012439924403008715,-0.028164568248798615,0.07048681675726001,-0.0566890097222147,0.02502368942698076,0.026500622012311625,-0.012457684526506104,0.01197554894598286,0.007591696098812449,0.01562784482232341,-0.016731782162664764,0.009389997077876855,0.01841405291320232,-0.009522415927990534,0.014302078379770773,-0.0013401495969338065,-0.023602358768485703,-0.023913990592411255,-0.009058575971645144,-0.006698836064543923,0.0496204339326724,0.0454059406317493,-0.0566890097222147,0.0981793418758079,-0.04688514901302487,-0.05784929545770738,0.007102925615555039,-0.03363944235760906,-0.005782961975593904,-0.003957876728770749,0.02303422088982364,-0.019846601546050373,-0.04396994355890735,0.008748780520476188,-0.0044764873164418175,-0.006882295865350651,0.02144461774776486,0.051678380529823736,0.009271621548518811,-0.0035639457428211807,-0.04306862985294864,-0.022300351860826767,0.02502368942698076,-0.04688514901302487,0.07214958056652937,0.048978054590617284,-0.010078587754144816,0.035548297625600106,-0.004549119235992624,-0.00920003149514213,-0.01321605690194807,0.007935834619094764,0.03647492449275124,-0.004216353208066064,0.006735523535693724,-0.004457277523729415,-0.012901235182036081,-0.047986986517883454,-0.005612752942143797,-0.007995502828000314,-0.04816127249383373,-0.037408449442380705,0.026500622012311625,-0.05784929545770738,0.048978054590617284,0.07718147586008482,-0.010829327343311889,0.025130150170834448,-0.02613362474788314,-0.0029727533366444856,-0.003996381297933642,0.013776763577820825,0.03740421401708005,-0.00044205170558975736,0.01236816017542827,0.002273263785313945,-0.013420432134235261,-0.04618490434108302,-0.009698484372441876,0.005102658157019295,-0.0017625930918018255,0.006452672382664077,-0.012457684526506104,0.007102925615555039,-0.010078587754144816,-0.010829327343311889,0.02975556457259137,-0.0014890094150421095,0.00821509130407109,0.0006109306726782935,-0.012479249191024763,-0.015544257729033683,-0.0009014069946315731,0.0053465883313125444,-0.007394952399806705,0.019276440949524527,-0.008386205515768581,0.0037180310817919024,0.0076795918180485034,0.00683782221069564,-0.05178402512267351,-0.0016386150833211939,0.01197554894598286,-0.03363944235760906,0.035548297625600106,0.025130150170834448,-0.0014890094150421095,0.06768147413148916,0.02464690438136177,-0.023245360465354414,-0.029682716327138293,0.009357320103980021,0.020571817482641704,0.008964780601468117,-0.026711961829789514,0.03485201280294896,-0.025455853556418818,-0.05356006974908062,0.01806044536116084,-0.0013998550727030291,-0.010334331444169306,0.02396410769940047,0.007591696098812449,-0.005782961975593904,-0.004549119235992624,-0.02613362474788314,0.00821509130407109,0.02464690438136177,0.08509020229816394,-0.019659471872882885,-0.030880982776512314,-0.009439912857163023,0.0035492197164971014,-0.0010594606875277957,-0.03259122384670179,0.025604956686869983,-0.0013080592471862546,-0.03215084146453406,0.017295005093150816,-0.02157841594058082,0.02238866414054453,-0.016671491800728397,0.01562784482232341,-0.003957876728770749,-0.00920003149514213,-0.0029727533366444856,0.0006109306726782935,-0.023245360465354414,-0.019659471872882885,0.03691477653400465,0.005573812541193301,-0.0010681268488115852,-0.004900661534917694,-0.004281772022329762,0.019037995090132452,-0.012711916215213418,-0.006869976947046492,0.02552023364584334,-0.008524888937846448,0.005020247249052224,0.026016794120584705,-0.003541449171077187,-0.016731782162664764,0.02303422088982364,-0.01321605690194807,-0.003996381297933642,-0.012479249191024763,-0.029682716327138293,-0.030880982776512314,0.005573812541193301,0.04747502254559924,0.01772440975720454,-0.020828217213148245,-0.0019226658481083952,0.006629387392907369,-0.02469745188435994,0.014974815873914707,0.014957148206399724,-0.007537104202379977,0.01631649163440737,0.002025740391808376,-0.01682644423173775,0.009389997077876855,-0.019846601546050373,0.007935834619094764,0.013776763577820825,-0.015544257729033683,0.009357320103980021,-0.009439912857163023,-0.0010681268488115852,0.01772440975720454,0.05422181531488225,-0.007573083741433984,-0.0030020122808994245,-0.008949511153893048,-0.007936759212679799,-0.007237275059921069,-0.023089996376071436,-0.002459683835689105,0.017418407577153825,-0.037612137012477856,-0.017507880351151375,0.01841405291320232,-0.04396994355890735,0.03647492449275124,0.03740421401708005,-0.0009014069946315731,0.020571817482641704,0.0035492197164971014,-0.004900661534917694,-0.020828217213148245,-0.007573083741433984,0.05106622532846368,-0.004262318608042613,0.003614304608649911,0.010660228012147414,-0.00714123076112662,-0.03376836150738103,-0.0005712348597490395,-0.0020780186385074605,-0.00992281881619642,0.005666709980311539,-0.009522415927990534,0.008748780520476188,-0.004216353208066064,-0.00044205170558975736,0.0053465883313125444,0.008964780601468117,-0.0010594606875277957,-0.004281772022329762,-0.0019226658481083952,-0.0030020122808994245,-0.004262318608042613,0.018517584021535055,-0.0059106250741215675,0.011648429086280783,-0.0013013938422623025,0.0034905037813972675,0.007758247809401894,0.0006360001965373896,0.02123477931867787,-0.017447878340390348,0.014302078379770773,-0.0044764873164418175,0.006735523535693724,0.01236816017542827,-0.007394952399806705,-0.026711961829789514,-0.03259122384670179,0.019037995090132452,0.006629387392907369,-0.008949511153893048,0.003614304608649911,-0.0059106250741215675,0.055408725465734915,-0.027242102886628178,0.007866991003151445,0.028886369871023748,-0.0230660208950954,-0.006072101204444638,-0.039606875966941305,0.013104892540043926,-0.0013401495969338065,-0.006882295865350651,-0.004457277523729415,0.002273263785313945,0.019276440949524527,0.03485201280294896,0.025604956686869983,-0.012711916215213418,-0.02469745188435994,-0.007936759212679799,0.010660228012147414,0.011648429086280783,-0.027242102886628178,0.06491492546540228,-0.029426188720372233,-0.034255265832696974,0.020120977839392633,0.0022348212577799446,0.02342240185274458,0.0036199719896133223,-0.023602358768485703,0.02144461774776486,-0.012901235182036081,-0.013420432134235261,-0.008386205515768581,-0.025455853556418818,-0.0013080592471862546,-0.006869976947046492,0.014974815873914707,-0.007237275059921069,-0.00714123076112662,-0.0013013938422623025,0.007866991003151445,-0.029426188720372233,0.05331479476944585,0.02738637329677917,-0.0018591281743503807,-0.008752799202279869,0.06195719917797321,0.010484947422093641,-0.023913990592411255,0.051678380529823736,-0.047986986517883454,-0.04618490434108302,0.0037180310817919024,-0.05356006974908062,-0.03215084146453406,0.02552023364584334,0.014957148206399724,-0.023089996376071436,-0.03376836150738103,0.0034905037813972675,0.028886369871023748,-0.034255265832696974,0.02738637329677917,0.10828766380368796,-0.011745815585435393,-0.00523266209158578,-0.01519099031439676,0.0038421953396249055,-0.009058575971645144,0.009271621548518811,-0.005612752942143797,-0.009698484372441876,0.0076795918180485034,0.01806044536116084,0.017295005093150816,-0.008524888937846448,-0.007537104202379977,-0.002459683835689105,-0.0005712348597490395,0.007758247809401894,-0.0230660208950954,0.020120977839392633,-0.0018591281743503807,-0.011745815585435393,0.032627302390569254,0.00475560817156812,-0.01251602346189213,-0.014302345427978758,-0.006698836064543923,-0.0035639457428211807,-0.007995502828000314,0.005102658157019295,0.00683782221069564,-0.0013998550727030291,-0.02157841594058082,0.005020247249052224,0.01631649163440737,0.017418407577153825,-0.0020780186385074605,0.0006360001965373896,-0.006072101204444638,0.0022348212577799446,-0.008752799202279869,-0.00523266209158578,0.00475560817156812,0.05214983364753273
0.2040243873720135,0.03780487793164534,-0.009048459814347869,0.12080838868503177,-0.11060595302390402,-0.1259132821442439,0.03718040891186376,-0.12251082004048816,0.008391098784208387,0.013334963903444255,0.02264544849183995,-0.029589784669627722,-0.07254737800030575,-0.01837325937768431,0.054065382127569075,-0.11079502385967913,0.07451842763034153,0.07934977026533552,-0.0325297939469687,-0.009640418955547354,0.03780487793164534,0.042109772126722934,-0.00284017013060654,0.03565798076530188,-0.015866783345730613,-0.025623815357393588,-0.0004929938868959921,-0.021148825716133083,0.011219115400701205,0.005863992364310403,-0.00498854272921478,-0.002471541476089606,-0.023443362154577235,-0.002430866640031358,0.024116741386377344,-0.015402666395386126,-0.004547972091330168,0.016985141967970456,-0.010844654536263626,-0.01651660650422359,-0.009048459814347869,-0.00284017013060654,0.06129072744915452,-0.00016550885312478563,0.004192448936117263,0.008451677750268574,-0.026982900621610406,-0.006751392035703841,0.0009428649223790812,0.010269125354541114,-0.006722067980308406,-0.0062510550205598404,-0.005808485149906391,-0.012679962356720711,0.013047880266848371,0.005399556829850561,-0.007626251047055832,0.0003614186810242158,0.015596704816582183,-0.0012116113332833263,0.12080838868503177,0.03565798076530188,-0.00016550885312478563,0.1273178742274016,-0.05087155135749716,-0.08125218255916275,-0.0006734925953494012,-0.07889436237727791,0.015493097943864565,0.008619235796688812,0.010783437122879193,-0.022612009738091153,-0.05371065381037758,-0.008023147039010048,0.04578260640453301,-0.06255251535093913,0.034502955683238135,0.05584453441705741,-0.01454644172348665,-0.021631845198636764,-0.11060595302390402,-0.015866783345730613,0.004192448936117263,-0.05087155135749716,0.09747260628505036,0.06972535391482222,-0.03135536511242218,0.0711794653810386,0.008649208585444379,-0.0015054555951900528,-0.02216172217692254,0.016178837350502722,0.040696314197649255,-0.007538018364330127,-0.014210318727290054,0.052512673591977116,-0.05310994870329019,-0.04981135278589384,0.02032783597354637,-0.015458272992245486,-0.1259132821442439,-0.025623815357393588,0.008451677750268574,-0.08125218255916275,0.06972535391482222,0.11039632549648333,-0.01801775946857479,0.07378602133626994,-0.010458444399126032,-0.00036034866705017034,-0.012496025054164871,0.01964964590457592,0.055258520672174835,0.0006499444076112791,-0.03040241221126896,0.07519100038069283,-0.06313121156625648,-0.05851158127165925,0.016617616453830145,0.016208810918791297,0.03718040891186376,-0.0004929938868959921,-0.026982900621610406,-0.0006734925953494012,-0.03135536511242218,-0.01801775946857479,0.04817883744684563,-0.03034645489415537,0.0011749913830175276,-0.0014584415769429474,0.01641176757084492,-0.016924709750558743,-0.011766525422812861,3.4968317145084304e-5,0.0030570486282292903,-0.012780883337438455,0.01587166146525701,0.003053118364815093,-0.011425566566860767,0.018365339616160107,-0.12251082004048816,-0.021148825716133083,-0.006751392035703841,-0.07889436237727791,0.0711794653810386,0.07378602133626994,-0.03034645489415537,0.12807397296137235,-0.011986466846437966,-0.022091073760268337,-0.03528365946621401,0.0359823668380706,0.05459698706642642,0.03034309975218158,-0.06809742169294328,0.05686562379476665,-0.022671475093288495,-0.06331234162722818,0.0183998540763226,0.003497304143137491,0.008391098784208387,0.011219115400701205,0.0009428649223790812,0.015493097943864565,0.008649208585444379,-0.010458444399126032,0.0011749913830175276,-0.011986466846437966,0.04181390814809452,0.01568133438840237,-0.009290777433478743,-0.014899204030442318,-0.014250090774685583,-0.009564772759400687,0.03870471181156232,-0.0014778473531720459,-0.007625348852516579,-0.012419673293507606,0.00764693567072674,-0.009032289695344408,0.013334963903444255,0.005863992364310403,0.010269125354541114,0.008619235796688812,-0.0015054555951900528,-0.00036034866705017034,-0.0014584415769429474,-0.022091073760268337,0.01568133438840237,0.036118518853120764,-0.006877581462470091,-0.0033342245310028604,-0.018132829974750353,-0.013137867232587617,0.04023042786038082,-0.0009483038622242332,-0.021666478266410376,0.005289959624703519,0.00014224955097260088,-0.005271302800143624,0.02264544849183995,-0.00498854272921478,-0.006722067980308406,0.010783437122879193,-0.02216172217692254,-0.012496025054164871,0.01641176757084492,-0.03528365946621401,-0.009290777433478743,-0.006877581462470091,0.03796038494149928,-0.013683989262863811,-0.005388022202291459,-0.0030958485219815066,-0.0032369953958219753,-0.0024451347246151134,0.00466166970702005,0.02087737799961446,-0.006190929037470332,0.011798188492339141,-0.029589784669627722,-0.002471541476089606,-0.0062510550205598404,-0.022612009738091153,0.016178837350502722,0.01964964590457592,-0.016924709750558743,0.0359823668380706,-0.014899204030442318,-0.0033342245310028604,-0.013683989262863811,0.05015051376264249,0.014879708193642172,0.01037352609946296,-0.020432575591233303,0.014001035788043549,-0.012423954344770513,-0.006283739530938235,-0.004162276248440495,0.0009450772309389337,-0.07254737800030575,-0.023443362154577235,-0.005808485149906391,-0.05371065381037758,0.040696314197649255,0.055258520672174835,-0.011766525422812861,0.05459698706642642,-0.014250090774685583,-0.018132829974750353,-0.005388022202291459,0.014879708193642172,0.05831600395395981,0.007727916409525689,-0.04090814360018636,0.03784593215910399,-0.015126032548874306,-0.03233936213013954,0.007270094139497638,0.015083303095600077,-0.01837325937768431,-0.002430866640031358,-0.012679962356720711,-0.008023147039010048,-0.007538018364330127,0.0006499444076112791,3.4968317145084304e-5,0.03034309975218158,-0.009564772759400687,-0.013137867232587617,-0.0030958485219815066,0.01037352609946296,0.007727916409525689,0.0406150743932944,-0.028943941345357452,0.01074765993719655,0.013030509354334745,-0.0006956483857379508,0.002272649909382371,0.0013993051460115485,0.054065382127569075,0.024116741386377344,0.013047880266848371,0.04578260640453301,-0.014210318727290054,-0.03040241221126896,0.0030570486282292903,-0.06809742169294328,0.03870471181156232,0.04023042786038082,-0.0032369953958219753,-0.020432575591233303,-0.04090814360018636,-0.028943941345357452,0.10341150775643465,-0.02019343872179949,-0.0274571530860378,0.01976883775172541,-0.009175087732504103,-0.018188647989015667,-0.11079502385967913,-0.015402666395386126,0.005399556829850561,-0.06255251535093913,0.052512673591977116,0.07519100038069283,-0.012780883337438455,0.05686562379476665,-0.0014778473531720459,-0.0009483038622242332,-0.0024451347246151134,0.014001035788043549,0.03784593215910399,0.01074765993719655,-0.02019343872179949,0.08462155763985323,-0.058339794934819285,-0.038385326676210724,0.01351997041811226,0.007251666145675913,0.07451842763034153,-0.004547972091330168,-0.007626251047055832,0.034502955683238135,-0.05310994870329019,-0.06313121156625648,0.01587166146525701,-0.022671475093288495,-0.007625348852516579,-0.021666478266410376,0.00466166970702005,-0.012423954344770513,-0.015126032548874306,0.013030509354334745,-0.0274571530860378,-0.058339794934819285,0.11029823272745856,0.024862747138625435,-0.0010551073758278463,0.021619868158027244,0.07934977026533552,0.016985141967970456,0.0003614186810242158,0.05584453441705741,-0.04981135278589384,-0.05851158127165925,0.003053118364815093,-0.06331234162722818,-0.012419673293507606,0.005289959624703519,0.02087737799961446,-0.006283739530938235,-0.03233936213013954,-0.0006956483857379508,0.01976883775172541,-0.038385326676210724,0.024862747138625435,0.07651822536186757,-0.02071089014366133,-0.012183252995083993,-0.0325297939469687,-0.010844654536263626,0.015596704816582183,-0.01454644172348665,0.02032783597354637,0.016617616453830145,-0.011425566566860767,0.0183998540763226,0.00764693567072674,0.00014224955097260088,-0.006190929037470332,-0.004162276248440495,0.007270094139497638,0.002272649909382371,-0.009175087732504103,0.01351997041811226,-0.0010551073758278463,-0.02071089014366133,0.03245738657985039,-0.003370806133608719,-0.009640418955547354,-0.01651660650422359,-0.0012116113332833263,-0.021631845198636764,-0.015458272992245486,0.016208810918791297,0.018365339616160107,0.003497304143137491,-0.009032289695344408,-0.005271302800143624,0.011798188492339141,0.0009450772309389337,0.015083303095600077,0.0013993051460115485,-0.018188647989015667,0.007251666145675913,0.021619868158027244,-0.012183252995083993,-0.003370806133608719,0.05527962033708031
