0.019428992612934987,0.0024941877037774987,-0.002117204043616959,-0.0022387183872735377,0.014329603544042984,-0.00887823318008599,0.004891015736053761,-0.003997053636546198,0.002468947797752952,0.010140547944108645,-0.00615798265943914,-0.0055833316819663865,-0.0024279652020502214,0.010541464453775077,-0.0056145814344180575,-0.01284786430972636,-0.004481503479622395,-0.005296217024675866,0.018636087191905126,-0.0006340923430160402,0.0024941877037774987,0.01931141842508224,0.0024793571051662288,-0.003752016974158314,0.006896930873458996,-0.0008203789214513205,-0.002175473625186773,0.003436278329043214,-0.002230492017528773,0.006942089820075209,0.0012719310733283506,-0.0038079642017430507,-0.0025480062836818274,0.008436931392214311,-0.015370821411380185,-0.00152897668582665,-0.002202705009146194,-0.00182784196452894,0.005589065116429432,-0.006160285805010187,-0.002117204043616959,0.0024793571051662288,0.013185188855175462,1.3708888417243413e-5,-0.0060499373761254,0.005233142967780927,0.001156340017901012,0.0026166820046565264,-0.00109603600332088,-0.0037167075494150773,0.0035959198880110774,0.002266434676098496,-0.0007666726315246587,-0.0033333099115696783,-0.00023385108411850126,0.0067397431541653535,0.0015723023893907339,0.005183088706684281,-0.008808838160735175,-0.0009589482501530227,-0.0022387183872735377,-0.003752016974158314,1.3708888417243413e-5,0.02030443213715307,-0.003150442868008781,0.0016434684722388072,-0.0049538388874113375,-0.00047789576219101656,0.0046964167008540945,-0.006522454918503241,-0.00018025968328933673,0.0060399394959585895,0.003644710633860403,-0.006822902600366732,0.012692843745472217,0.0017587793362604633,0.0002572851599441981,0.004961258445384299,-0.008829652552143016,0.0028712640084882913,0.014329603544042984,0.006896930873458996,-0.0060499373761254,-0.003150442868008781,0.07789237094653566,-0.0369392739659252,-0.012313923344330905,-0.016565986134940085,0.013046453871125477,0.04215116379741746,-0.02039358184142448,-0.022756107684976098,-0.0038323200451751364,0.0380434612707734,-0.026715954798372566,-0.05880353685862326,-0.019216901932409748,-0.004120910804803394,0.06545083253541609,-0.02065933741749569,-0.00887823318008599,-0.0008203789214513205,0.005233142967780927,0.0016434684722388072,-0.0369392739659252,0.04096094715544307,0.001750098798255795,0.011816996313994098,-0.007443133196730578,-0.02623561782044993,0.019279295217493473,0.01377394626142402,0.004269699300922986,-0.023576669007296172,0.013233800556446247,0.043250079552411766,0.014927281979010429,0.006703139539955001,-0.04355555886839057,0.01317044518863682,0.004891015736053761,-0.002175473625186773,0.001156340017901012,-0.0049538388874113375,-0.012313923344330905,0.001750098798255795,0.01856973083165992,0.0014396961034253393,-0.008308569687222305,-0.003243395421822953,0.0018917320538353825,-0.00215194555613741,-0.002078934220533576,-0.001361637495532948,0.00018988555818549193,0.006208304617966844,0.00278592589660808,-0.004184919119942088,-0.002992968261722508,0.0026584373879192037,-0.003997053636546198,0.003436278329043214,0.0026166820046565264,-0.00047789576219101656,-0.016565986134940085,0.011816996313994098,0.0014396961034253393,0.016859536518102573,-0.002737995965735202,-0.005864131150321913,0.0061957652561938515,0.004195096011390511,0.0029089478356982574,-0.007022091036687528,-0.003692430359013356,0.0200508245354689,0.0017632605929766435,-0.0017034996088652638,-0.01885055381799701,0.002146816031192186,0.002468947797752952,-0.002230492017528773,-0.00109603600332088,0.0046964167008540945,0.013046453871125477,-0.007443133196730578,-0.008308569687222305,-0.002737995965735202,0.015462837756309088,0.003473467352120959,-0.004427182954904585,-0.0011485823178684533,0.0017095706808028135,0.002459804020506727,0.006906410891841215,-0.015086695774103449,-0.0017782338906521546,0.003565177318068857,0.008904080536555437,-0.006157939402210891,0.010140547944108645,0.006942089820075209,-0.0037167075494150773,-0.006522454918503241,0.04215116379741746,-0.02623561782044993,-0.003243395421822953,-0.005864131150321913,0.003473467352120959,0.04229405116688084,-0.015120628392158005,-0.0198555428535152,-0.004426586811987619,0.02906557612075421,-0.030465782949908128,-0.0367910580279181,-0.014821621568801234,-0.009403295528081262,0.04491996175743479,-0.019170375125021587,-0.00615798265943914,0.0012719310733283506,0.0035959198880110774,-0.00018025968328933673,-0.02039358184142448,0.019279295217493473,0.0018917320538353825,0.0061957652561938515,-0.004427182954904585,-0.015120628392158005,0.02572794778500538,0.007555786113466202,0.004868574915962645,-0.012328264984370285,-0.00029074307666019267,0.029534980991253748,0.00803633461747645,0.004110307312138903,-0.028174636788763356,0.005896086999969115,-0.0055833316819663865,-0.0038079642017430507,0.002266434676098496,0.0060399394959585895,-0.022756107684976098,0.01377394626142402,-0.00215194555613741,0.004195096011390511,-0.0011485823178684533,-0.0198555428535152,0.007555786113466202,0.02740235416415408,0.0005799147364678005,-0.018013822964982336,0.021582032841957928,0.018026387920343376,0.006623379406088206,0.007903290024837098,-0.027695032975740674,0.008635012302874823,-0.0024279652020502214,-0.0025480062836818274,-0.0007666726315246587,0.003644710633860403,-0.0038323200451751364,0.004269699300922986,-0.002078934220533576,0.0029089478356982574,0.0017095706808028135,-0.004426586811987619,0.004868574915962645,0.0005799147364678005,0.01702663495619292,-0.005345869543187616,0.0041844875987929195,0.006257899026307872,0.002676615594438685,0.001352518231620274,-0.007630230923902051,0.001755864761665869,0.010541464453775077,0.008436931392214311,-0.0033333099115696783,-0.006822902600366732,0.0380434612707734,-0.023576669007296172,-0.001361637495532948,-0.007022091036687528,0.002459804020506727,0.02906557612075421,-0.012328264984370285,-0.018013822964982336,-0.005345869543187616,0.03541997188881139,-0.025249915098867995,-0.03410586324930741,-0.01274326342899281,-0.008850975489915914,0.042543795839649956,-0.012400172685653525,-0.0056145814344180575,-0.015370821411380185,-0.00023385108411850126,0.012692843745472217,-0.026715954798372566,0.013233800556446247,0.00018988555818549193,-0.003692430359013356,0.006906410891841215,-0.030465782949908128,-0.00029074307666019267,0.021582032841957928,0.0041844875987929195,-0.025249915098867995,0.06496885833487809,0.009113414812303964,0.012716777811602926,0.01277827606108056,-0.028698734870957945,0.01871688752057654,-0.01284786430972636,-0.00152897668582665,0.0067397431541653535,0.0017587793362604633,-0.05880353685862326,0.043250079552411766,0.006208304617966844,0.0200508245354689,-0.015086695774103449,-0.0367910580279181,0.029534980991253748,0.018026387920343376,0.006257899026307872,-0.03410586324930741,0.009113414812303964,0.07707899081164653,0.02178498165929911,0.009402325095768459,-0.06703196286854768,0.012957115749289368,-0.004481503479622395,-0.002202705009146194,0.0015723023893907339,0.0002572851599441981,-0.019216901932409748,0.014927281979010429,0.00278592589660808,0.0017632605929766435,-0.0017782338906521546,-0.014821621568801234,0.00803633461747645,0.006623379406088206,0.002676615594438685,-0.01274326342899281,0.012716777811602926,0.02178498165929911,0.018328327271349518,0.005260926873937531,-0.021989012385375442,0.00795296823047225,-0.005296217024675866,-0.00182784196452894,0.005183088706684281,0.004961258445384299,-0.004120910804803394,0.006703139539955001,-0.004184919119942088,-0.0017034996088652638,0.003565177318068857,-0.009403295528081262,0.004110307312138903,0.007903290024837098,0.001352518231620274,-0.008850975489915914,0.01277827606108056,0.009402325095768459,0.005260926873937531,0.025400113100685167,-0.01392391280405426,-0.0002551316837869514,0.018636087191905126,0.005589065116429432,-0.008808838160735175,-0.008829652552143016,0.06545083253541609,-0.04355555886839057,-0.002992968261722508,-0.01885055381799701,0.008904080536555437,0.04491996175743479,-0.028174636788763356,-0.027695032975740674,-0.007630230923902051,0.042543795839649956,-0.028698734870957945,-0.06703196286854768,-0.021989012385375442,-0.01392391280405426,0.08792387166683226,-0.017010758572597186,-0.0006340923430160402,-0.006160285805010187,-0.0009589482501530227,0.0028712640084882913,-0.02065933741749569,0.01317044518863682,0.0026584373879192037,0.002146816031192186,-0.006157939402210891,-0.019170375125021587,0.005896086999969115,0.008635012302874823,0.001755864761665869,-0.012400172685653525,0.01871688752057654,0.012957115749289368,0.00795296823047225,-0.0002551316837869514,-0.017010758572597186,0.025561770078278565
