0.02304278974822757,0.0041921943814482426,0.006530376468635327,0.007885844062619333,0.002745767017003221,0.010410976112494093,-0.0025948872194304366,-0.00020433602358701654,0.0054233330431676125,-0.004265187371100794,-0.00275737445570683,0.003923641782876457,-0.0019305746759273365,0.0011325940215612914,0.004177499832988601,0.00027936282827545626,-0.008480316064875301,-0.0010434028959876488,-0.009021302939046662,-0.0020996930440132025,0.0041921943814482426,0.014934323894075247,0.003735741849098606,-0.002330343859913312,-0.0012398495954900105,0.00456069006703935,0.0026164214115645505,0.0039563359933561,-7.03754464986703e-5,0.003628793322858838,0.001285529068803203,-0.0031814605161246522,-0.005478407648000611,-0.005300872811240578,-0.004273754584792515,-0.003995902372673891,0.0033770920395784203,-0.0026201895349591145,0.0076770137961471,-0.003161014750615941,0.006530376468635327,0.003735741849098606,0.029267167582586462,-0.0033488247955950736,-0.0010771070001842954,0.005840534437868518,0.007116480759002952,-0.002504868577936518,-0.0010770906402104803,0.0015841131900049728,0.0019706920552328595,0.0001607643819737442,0.0036153990157245376,-0.004117328427246051,-0.006639706754862468,-0.002580917010163892,-0.004392720530182705,-0.013061483024031938,0.008334155492823889,-0.006013527286569495,0.007885844062619333,-0.002330343859913312,-0.0033488247955950736,0.018201539528525122,-9.889229200805375e-5,0.0023552495866319403,-0.00227371541001457,-0.0007130368120966217,0.003363901929014825,-0.004083631897173111,-0.004029537064602205,-0.0006277438937570585,0.004772916999663343,0.0017101517994214876,-0.004287414518285126,0.004270338444085456,-0.006504466844247018,0.006289957121354417,-0.0057421231922566655,-0.0066913868070103836,0.002745767017003221,-0.0012398495954900105,-0.0010771070001842954,-9.889229200805375e-5,0.01939693238016625,-0.002685466644076902,0.0008005225257391963,-0.007632373981044287,-0.0010057520447089453,0.002251449713944283,-0.0017904479663870228,-0.0005392616981404765,0.002626283910174207,-0.00023358192951893812,0.001589463241754835,-0.001624304318972987,-0.0008986969833178578,0.0021781610307666822,-0.004014791749476468,-0.004475104100529016,0.010410976112494093,0.00456069006703935,0.005840534437868518,0.0023552495866319403,-0.002685466644076902,0.017497925343798723,0.0018936068232348637,0.003103391413468097,0.000361979380659457,-0.0038876823943028577,-0.0007112890006019002,-0.0025214871069538835,-0.0036700800091072306,-0.0025069406560214134,-0.0032479003436667823,0.0005255204489807714,0.0011158050380985934,-0.0010302532620061352,0.0009351484285314533,-0.004820311304034796,-0.0025948872194304366,0.0026164214115645505,0.007116480759002952,-0.00227371541001457,0.0008005225257391963,0.0018936068232348637,0.030100002204752764,0.0007274311452767866,-0.00018976873197864002,0.006569672891423774,0.0023059336647515867,0.0031264768260421145,0.005757971844348486,-0.003118126986560321,-0.007362114799148382,-0.005105103772622823,0.005744380156836539,-0.004646939504654179,0.0022451672560765035,-0.001467216806570948,-0.00020433602358701654,0.0039563359933561,-0.002504868577936518,-0.0007130368120966217,-0.007632373981044287,0.003103391413468097,0.0007274311452767866,0.03946809263121221,-0.004063908436960669,-0.013649597185009228,0.006170808613505571,0.0013797958800487796,-0.006204548375664708,-0.0016171948291761498,-0.004891229965524747,0.00014328749571044478,0.004853833258748375,-0.009274415485172206,0.0016407509900416835,0.004797384199412729,0.0054233330431676125,-7.03754464986703e-5,-0.0010770906402104803,0.003363901929014825,-0.0010057520447089453,0.000361979380659457,-0.00018976873197864002,-0.004063908436960669,0.02474963199342935,0.003932047738702496,-0.0008773601903132433,0.0036722936001469834,0.0018936899507464439,0.002261141709287676,-0.00021010953906575416,0.0030068724191199495,-0.011200845775124472,0.002625357503137722,-0.009147422039025457,0.006589447600930987,-0.004265187371100794,0.003628793322858838,0.0015841131900049728,-0.004083631897173111,0.002251449713944283,-0.0038876823943028577,0.006569672891423774,-0.013649597185009228,0.003932047738702496,0.031400548823786595,0.0009567082434598414,-0.008735562050549149,-0.0016014586642073146,0.0022889834045470695,-0.0006787570946428061,-0.006222425670092873,0.0022798119239213566,0.006795222657440917,0.009504743819384178,-0.0014547601276807948,-0.00275737445570683,0.001285529068803203,0.0019706920552328595,-0.004029537064602205,-0.0017904479663870228,-0.0007112890006019002,0.0023059336647515867,0.006170808613505571,-0.0008773601903132433,0.0009567082434598414,0.03131443127485423,0.00807066349277117,-0.0026168658442587214,-0.00023911100728760332,-0.0017785095860283133,-0.0032328543877291737,-0.0015123228017731112,-0.006570575367843879,-0.0016779023365010451,-0.0019369871448828872,0.003923641782876457,-0.0031814605161246522,0.0001607643819737442,-0.0006277438937570585,-0.0005392616981404765,-0.0025214871069538835,0.0031264768260421145,0.0013797958800487796,0.0036722936001469834,-0.008735562050549149,0.00807066349277117,0.02648677698607233,0.00413099517365282,-0.0036756691907671515,0.0046976847950129,0.0005329366166261747,-0.004394398021567833,-0.005376025825799083,-0.006620559909600761,0.0011476708270086167,-0.0019305746759273365,-0.005478407648000611,0.0036153990157245376,0.004772916999663343,0.002626283910174207,-0.0036700800091072306,0.005757971844348486,-0.006204548375664708,0.0018936899507464439,-0.0016014586642073146,-0.0026168658442587214,0.00413099517365282,0.031107675877824766,0.00234295561258769,3.8666342544238876e-5,0.00232456021760161,-0.004341230999450309,0.0027524464124364517,-0.006713394519885959,0.0018545469616400691,0.0011325940215612914,-0.005300872811240578,-0.004117328427246051,0.0017101517994214876,-0.00023358192951893812,-0.0025069406560214134,-0.003118126986560321,-0.0016171948291761498,0.002261141709287676,0.0022889834045470695,-0.00023911100728760332,-0.0036756691907671515,0.00234295561258769,0.026002755401366477,0.0023256048628578175,0.0020167541215205223,-0.006993211972485943,0.011775394509668437,-0.007124272769572632,0.005920613086128972,0.004177499832988601,-0.004273754584792515,-0.006639706754862468,-0.004287414518285126,0.001589463241754835,-0.0032479003436667823,-0.007362114799148382,-0.004891229965524747,-0.00021010953906575416,-0.0006787570946428061,-0.0017785095860283133,0.0046976847950129,3.8666342544238876e-5,0.0023256048628578175,0.026118541159771493,0.0019187150781613972,0.0026068354140409097,0.00792584046497553,-0.0034709913184867765,0.0008884971515690572,0.00027936282827545626,-0.003995902372673891,-0.002580917010163892,0.004270338444085456,-0.001624304318972987,0.0005255204489807714,-0.005105103772622823,0.00014328749571044478,0.0030068724191199495,-0.006222425670092873,-0.0032328543877291737,0.0005329366166261747,0.00232456021760161,0.0020167541215205223,0.0019187150781613972,0.020163076618412098,-0.0036392082954354796,0.0050357695365547865,-0.005868219958266684,0.004383199660830103,-0.008480316064875301,0.0033770920395784203,-0.004392720530182705,-0.006504466844247018,-0.0008986969833178578,0.0011158050380985934,0.005744380156836539,0.004853833258748375,-0.011200845775124472,0.0022798119239213566,-0.0015123228017731112,-0.004394398021567833,-0.004341230999450309,-0.006993211972485943,0.0026068354140409097,-0.0036392082954354796,0.03328031951805362,-0.0016052521581828546,0.012334823052893427,-0.0026769509510588506,-0.0010434028959876488,-0.0026201895349591145,-0.013061483024031938,0.006289957121354417,0.0021781610307666822,-0.0010302532620061352,-0.004646939504654179,-0.009274415485172206,0.002625357503137722,0.006795222657440917,-0.006570575367843879,-0.005376025825799083,0.0027524464124364517,0.011775394509668437,0.00792584046497553,0.0050357695365547865,-0.0016052521581828546,0.032156741173631154,-0.006459397948426739,0.003957882433463466,-0.009021302939046662,0.0076770137961471,0.008334155492823889,-0.0057421231922566655,-0.004014791749476468,0.0009351484285314533,0.0022451672560765035,0.0016407509900416835,-0.009147422039025457,0.009504743819384178,-0.0016779023365010451,-0.006620559909600761,-0.006713394519885959,-0.007124272769572632,-0.0034709913184867765,-0.005868219958266684,0.012334823052893427,-0.006459397948426739,0.035664889814748746,-0.0038731082419495738,-0.0020996930440132025,-0.003161014750615941,-0.006013527286569495,-0.0066913868070103836,-0.004475104100529016,-0.004820311304034796,-0.001467216806570948,0.004797384199412729,0.006589447600930987,-0.0014547601276807948,-0.0019369871448828872,0.0011476708270086167,0.0018545469616400691,0.005920613086128972,0.0008884971515690572,0.004383199660830103,-0.0026769509510588506,0.003957882433463466,-0.0038731082419495738,0.03263941486631668
