0.057880366872744796,0.04208470291746889,0.056391399492524766,0.034708799503524526,0.040536395232229516,0.017523747752846694,0.013623659984846746,0.04610008354969273,0.022642841254270893,0.0608029243654952,0.013891022040511758,0.03633355930453705,0.05262695126823211,0.023380895197075965,0.007230897722450179,9.862802654184632e-5,0.03635248910544142,-0.002142181802660895,0.01405146235487199,0.006359261980827834,0.04208470291746889,0.08630240814104856,0.08323125187329344,0.05500690513683262,0.04818100004061436,0.007049164185636005,0.044069286598794166,0.06419949268743369,0.022529485791632255,0.08894474576399364,0.035003270101600814,0.05681725592127481,0.07063193817514576,0.0403841662778814,0.023633113443194013,0.02730961246266559,0.07269777818055236,0.006382603893647323,0.03643777453761887,0.01610411894469317,0.056391399492524766,0.08323125187329344,0.17131400762137283,0.06453718133236365,0.08163819852655796,-0.029523208463173838,0.10245128134636491,0.03124501754812152,-0.023721949325861635,0.1281001261070448,0.05011961967661104,0.05511719177772152,0.09889408569439503,0.02337976804747356,0.032848087108889215,0.06053818804183095,0.12158479569625005,-0.02599760082457838,0.04227554671223043,-0.034444926253030306,0.034708799503524526,0.05500690513683262,0.06453718133236365,0.11237635519629,0.04835282816344155,-0.02114238407993038,0.018287529303281078,0.024796853039322754,0.05546977365598771,0.08506449669581984,0.029136226572407924,0.07401152140052433,0.0677137535374139,0.05145348381817332,0.026309363437774055,0.008225095446816901,0.0655839041863012,-0.0030479078009607785,0.03822471489109311,0.011312623289539313,0.040536395232229516,0.04818100004061436,0.08163819852655796,0.04835282816344155,0.07057673283258596,-0.011848575863129214,0.04195945410311663,0.0320849027229982,0.006250828375309235,0.08181320718041704,0.019988959347724294,0.043146758953118064,0.06111371282215951,0.018447445636121804,0.010330890550032664,0.021224714494846163,0.06460870746391187,-0.014032915343995778,0.02465770946420857,-0.00540879655604468,0.017523747752846694,0.007049164185636005,-0.029523208463173838,-0.02114238407993038,-0.011848575863129214,0.13007053743131056,-0.11844822831381052,0.10402501241479985,0.044918029791565964,-0.016258917535425646,-0.021786215693520933,-0.007660664697912101,-0.004597095450651822,0.01206632566414524,-0.01949088697150759,-0.06774912561464633,-0.10301205934576953,0.03149275371454198,-0.02966176582571126,0.0657954443851291,0.013623659984846746,0.044069286598794166,0.10245128134636491,0.018287529303281078,0.04195945410311663,-0.11844822831381052,0.2092109214303121,-0.058085433032188875,-0.05415812440238377,0.08161922380374087,0.06485493468286022,0.033924739489478044,0.05965494957481095,0.0020855599355144236,0.027016843728901035,0.09879820766847056,0.1745878797388628,-0.027389005876418876,0.05088968667309907,-0.06156058335239218,0.04610008354969273,0.06419949268743369,0.03124501754812152,0.024796853039322754,0.0320849027229982,0.10402501241479985,-0.058085433032188875,0.151873524426285,0.05430870935524216,0.056703470654778945,0.011222045821143362,0.039804359308214514,0.05605721984680398,0.038362185176359614,0.006880136499606457,-0.026816393054339412,-0.026581270365781885,0.03751119492519507,0.009361673893053559,0.08136907358950207,0.022642841254270893,0.022529485791632255,-0.023721949325861635,0.05546977365598771,0.006250828375309235,0.044918029791565964,-0.05415812440238377,0.05430870935524216,0.11909189982353514,0.0150421665581392,0.009885867311783411,0.04532404027132883,0.019617213740536335,0.061263622006150084,-0.0029575621518469495,-0.049022772732626445,-0.020037232260549487,0.042581647134306747,0.008107492011910489,0.05413407197769278,0.0608029243654952,0.08894474576399364,0.1281001261070448,0.08506449669581984,0.08181320718041704,-0.016258917535425646,0.08161922380374087,0.056703470654778945,0.0150421665581392,0.14364800810250644,0.04886414571481609,0.0800459712539981,0.1062502735586893,0.04359541216863542,0.03677534366716914,0.046752963941019784,0.10986735131174521,-0.00790950804465954,0.05093635048458435,0.0024142092035754573,0.013891022040511758,0.035003270101600814,0.05011961967661104,0.029136226572407924,0.019988959347724294,-0.021786215693520933,0.06485493468286022,0.011222045821143362,0.009885867311783411,0.04886414571481609,0.05708443473748162,0.031199012188342066,0.03924233131211803,0.020995548007569816,0.02162621645294079,0.031900479522799084,0.06351928188697784,0.008930609245671912,0.02843725461593958,-9.449209663628519e-5,0.03633355930453705,0.05681725592127481,0.05511719177772152,0.07401152140052433,0.043146758953118064,-0.007660664697912101,0.033924739489478044,0.039804359308214514,0.04532404027132883,0.0800459712539981,0.031199012188342066,0.0813417975558614,0.06404710238216016,0.04837810256725893,0.026068585378821164,0.009894628043571387,0.059556255651498385,0.007279630670520842,0.038115934215085565,0.017197684328978058,0.05262695126823211,0.07063193817514576,0.09889408569439503,0.0677137535374139,0.06111371282215951,-0.004597095450651822,0.05965494957481095,0.05605721984680398,0.019617213740536335,0.1062502735586893,0.03924233131211803,0.06404710238216016,0.1128900135836511,0.03755363938954292,0.025616177236226077,0.023049621412709515,0.08322232410043567,0.002295149059830399,0.04057631030379599,0.012844578407574412,0.023380895197075965,0.0403841662778814,0.02337976804747356,0.05145348381817332,0.018447445636121804,0.01206632566414524,0.0020855599355144236,0.038362185176359614,0.061263622006150084,0.04359541216863542,0.020995548007569816,0.04837810256725893,0.03755363938954292,0.05589025984748134,0.011381066529852924,-0.00888223834236767,0.025227359755278275,0.022508038957662423,0.019985962616471856,0.030280849452271857,0.007230897722450179,0.023633113443194013,0.032848087108889215,0.026309363437774055,0.010330890550032664,-0.01949088697150759,0.027016843728901035,0.006880136499606457,-0.0029575621518469495,0.03677534366716914,0.02162621645294079,0.026068585378821164,0.025616177236226077,0.011381066529852924,0.036344645334753595,0.023357691254136698,0.034201618578124905,-0.0058242141291174904,0.020283471070090403,-0.00024429441704392494,9.862802654184632e-5,0.02730961246266559,0.06053818804183095,0.008225095446816901,0.021224714494846163,-0.06774912561464633,0.09879820766847056,-0.026816393054339412,-0.049022772732626445,0.046752963941019784,0.031900479522799084,0.009894628043571387,0.023049621412709515,-0.00888223834236767,0.023357691254136698,0.08692640445057094,0.08101566949898373,-0.0184201639921638,0.03079154710569021,-0.026110492542412427,0.03635248910544142,0.07269777818055236,0.12158479569625005,0.0655839041863012,0.06460870746391187,-0.10301205934576953,0.1745878797388628,-0.026581270365781885,-0.020037232260549487,0.10986735131174521,0.06351928188697784,0.059556255651498385,0.08322232410043567,0.025227359755278275,0.034201618578124905,0.08101566949898373,0.2030304762161252,-0.03451748729127214,0.06410314939352127,-0.050847588967934204,-0.002142181802660895,0.006382603893647323,-0.02599760082457838,-0.0030479078009607785,-0.014032915343995778,0.03149275371454198,-0.027389005876418876,0.03751119492519507,0.042581647134306747,-0.00790950804465954,0.008930609245671912,0.007279630670520842,0.002295149059830399,0.022508038957662423,-0.0058242141291174904,-0.0184201639921638,-0.03451748729127214,0.04648005648360368,-0.0002356748721448034,0.042424137619778444,0.01405146235487199,0.03643777453761887,0.04227554671223043,0.03822471489109311,0.02465770946420857,-0.02966176582571126,0.05088968667309907,0.009361673893053559,0.008107492011910489,0.05093635048458435,0.02843725461593958,0.038115934215085565,0.04057631030379599,0.019985962616471856,0.020283471070090403,0.03079154710569021,0.06410314939352127,-0.0002356748721448034,0.04423270639407638,-0.0003965046903309658,0.006359261980827834,0.01610411894469317,-0.034444926253030306,0.011312623289539313,-0.00540879655604468,0.0657954443851291,-0.06156058335239218,0.08136907358950207,0.05413407197769278,0.0024142092035754573,-9.449209663628519e-5,0.017197684328978058,0.012844578407574412,0.030280849452271857,-0.00024429441704392494,-0.026110492542412427,-0.050847588967934204,0.042424137619778444,-0.0003965046903309658,0.09331856000284626
0.13730890768245596,0.10908149423131275,0.09215883781041867,0.05802937875072457,0.11327907465372178,0.037809046854484905,0.03473433988784777,0.12119153606820712,0.10748794346957717,0.16055398264617216,0.06271764647902335,0.09826389637659026,0.08370206263578553,0.11723183343810328,0.008289794686961194,0.039487947652275784,0.07299375496514535,0.03072495894177974,0.0483027175658705,0.032637152744514064,0.10908149423131275,0.129704959278954,0.11912418842431843,0.05387344575868318,0.11434935792695397,0.04969644846316288,0.03235083599862746,0.10866371727479826,0.09550423480869669,0.1533060199339949,0.050398788845311154,0.08162362937839815,0.06495532631453513,0.08730556944515966,0.009325548054948778,0.052273163449034044,0.05867261779192713,0.02244154774141289,0.04698502929929997,0.04173022394014668,0.09215883781041867,0.11912418842431843,0.16512350212198104,0.07820513366462878,0.10661696366995235,0.02563460749482993,0.056157553055350584,0.06309676563694516,0.07172758019950173,0.14373760851190226,0.050271942128819136,0.07202493458953398,0.0654107892750285,0.07541341600513304,0.025354099785332707,0.049259705631757036,0.0811653378777594,-0.0015265228470372448,0.0543994897958389,0.03280619019683312,0.05802937875072457,0.05387344575868318,0.07820513366462878,0.1456960942669118,0.05675374911613741,-0.03436716969758883,0.016472347250659315,-0.0035880975750128066,0.07907410501226367,0.0947513977511662,0.03656200249744264,0.08211255087283582,0.046991910739147706,0.07707725793949126,0.022599318366449725,-0.001974000621382744,0.06704570520470769,-7.064613721500385e-5,0.04797675733876514,0.028842303151819165,0.11327907465372178,0.11434935792695397,0.10661696366995235,0.05675374911613741,0.12946537720439277,0.039025778971650535,0.03318825188179944,0.10559705776971073,0.09813751243325605,0.16133930705799018,0.05747225586960709,0.09016713969525812,0.07117168462773824,0.0938982897841352,0.007844868646082793,0.03721460820324969,0.06489029684307064,0.022718941444430808,0.04208951904256819,0.026308478545359996,0.037809046854484905,0.04969644846316288,0.02563460749482993,-0.03436716969758883,0.039025778971650535,0.1101258413924924,-0.02240897807397257,0.10400906174398541,0.055144338412730046,0.05811471612386,0.011487993239844327,0.021308930559811992,0.0011267940875198884,0.029574270170414474,-0.026338089650172,0.033431891290160054,-0.05056083308500188,0.0210110165021644,-0.004657484654269139,0.04488486499128479,0.03473433988784777,0.03235083599862746,0.056157553055350584,0.016472347250659315,0.03318825188179944,-0.02240897807397257,0.06151896249363823,0.008268900624920163,0.0004578298215745999,0.04072974574153568,0.03031873071968749,0.020194094381995424,0.042963331262498475,0.024389537038717775,0.012992063005891803,0.013195954948194304,0.06872766480697415,-0.006400160884499262,0.027685522012966483,-0.014835333856885454,0.12119153606820712,0.10866371727479826,0.06309676563694516,-0.0035880975750128066,0.10559705776971073,0.10400906174398541,0.008268900624920163,0.19055322919226111,0.11099141624374884,0.14646720125703894,0.05721022565798243,0.07857736810665938,0.06561848546364052,0.10213644645818501,-0.019798923920727206,0.06103724532803656,0.018265045394069798,0.04942615146841044,0.033856666928910255,0.05411511737580037,0.10748794346957717,0.09550423480869669,0.07172758019950173,0.07907410501226367,0.09813751243325605,0.055144338412730046,0.0004578298215745999,0.11099141624374884,0.15247620984950505,0.1371118708645733,0.04560226310308992,0.09581440950566943,0.052333813016095465,0.10495729710734292,0.002890191572306791,0.02645095992098091,0.032679764670858945,0.03655274583730994,0.03768898675366768,0.06362692284350542,0.16055398264617216,0.1533060199339949,0.14373760851190226,0.0947513977511662,0.16133930705799018,0.05811471612386,0.04072974574153568,0.14646720125703894,0.1371118708645733,0.2414532697115394,0.08119246175523613,0.13476571687662356,0.10750200662009973,0.14795339931744134,0.009554893819954526,0.053207285540754067,0.09084594609343787,0.037871252168585334,0.063697167077595,0.038058650320008235,0.06271764647902335,0.050398788845311154,0.050271942128819136,0.03656200249744264,0.05747225586960709,0.011487993239844327,0.03031873071968749,0.05721022565798243,0.04560226310308992,0.08119246175523613,0.05994114708954,0.05378726798168134,0.05537940954357909,0.06232182677240784,0.005871183828883038,0.01797865061399867,0.05448993636698098,0.016350447183458634,0.03387882035516737,0.00822067142336921,0.09826389637659026,0.08162362937839815,0.07202493458953398,0.08211255087283582,0.09016713969525812,0.021308930559811992,0.020194094381995424,0.07857736810665938,0.09581440950566943,0.13476571687662356,0.05378726798168134,0.10679744419147308,0.07148431632573632,0.10013966560459431,0.0060230268680735635,0.02334499668119218,0.05742536704132599,0.022354773723427885,0.04185671848066455,0.023527413291021645,0.08370206263578553,0.06495532631453513,0.0654107892750285,0.046991910739147706,0.07117168462773824,0.0011267940875198884,0.042963331262498475,0.06561848546364052,0.052333813016095465,0.10750200662009973,0.05537940954357909,0.07148431632573632,0.09519023681212674,0.07269042929397165,0.008086808973176516,0.018683373829272765,0.08242370739433968,0.022620622180531538,0.04542557957573203,-0.0033882054578468243,0.11723183343810328,0.08730556944515966,0.07541341600513304,0.07707725793949126,0.0938982897841352,0.029574270170414474,0.024389537038717775,0.10213644645818501,0.10495729710734292,0.14795339931744134,0.06232182677240784,0.10013966560459431,0.07269042929397165,0.1383310612533129,0.004312140598352393,0.028726871875341814,0.06540338213962121,0.026566932149697988,0.047841493543520415,0.03661164065014952,0.008289794686961194,0.009325548054948778,0.025354099785332707,0.022599318366449725,0.007844868646082793,-0.026338089650172,0.012992063005891803,-0.019798923920727206,0.002890191572306791,0.009554893819954526,0.005871183828883038,0.0060230268680735635,0.008086808973176516,0.004312140598352393,0.029373898613892488,-0.0015410678689830397,0.018911470901234736,-0.007872840680021415,0.00821307873600433,-0.0035439835075326844,0.039487947652275784,0.052273163449034044,0.049259705631757036,-0.001974000621382744,0.03721460820324969,0.033431891290160054,0.013195954948194304,0.06103724532803656,0.02645095992098091,0.053207285540754067,0.01797865061399867,0.02334499668119218,0.018683373829272765,0.028726871875341814,-0.0015410678689830397,0.05603205311621297,0.009050836553556044,0.004277474310609911,0.014000214619657336,0.02431693236242282,0.07299375496514535,0.05867261779192713,0.0811653378777594,0.06704570520470769,0.06489029684307064,-0.05056083308500188,0.06872766480697415,0.018265045394069798,0.032679764670858945,0.09084594609343787,0.05448993636698098,0.05742536704132599,0.08242370739433968,0.06540338213962121,0.018911470901234736,0.009050836553556044,0.14767594706983797,0.002741365089521391,0.051987782415619736,-0.018185701198468185,0.03072495894177974,0.02244154774141289,-0.0015265228470372448,-7.064613721500385e-5,0.022718941444430808,0.0210110165021644,-0.006400160884499262,0.04942615146841044,0.03655274583730994,0.037871252168585334,0.016350447183458634,0.022354773723427885,0.022620622180531538,0.026566932149697988,-0.007872840680021415,0.004277474310609911,0.002741365089521391,0.03413687585125455,0.009588575099286373,0.016672772331128315,0.0483027175658705,0.04698502929929997,0.0543994897958389,0.04797675733876514,0.04208951904256819,-0.004657484654269139,0.027685522012966483,0.033856666928910255,0.03768898675366768,0.063697167077595,0.03387882035516737,0.04185671848066455,0.04542557957573203,0.047841493543520415,0.00821307873600433,0.014000214619657336,0.051987782415619736,0.009588575099286373,0.048351852625239944,0.012555480687590648,0.032637152744514064,0.04173022394014668,0.03280619019683312,0.028842303151819165,0.026308478545359996,0.04488486499128479,-0.014835333856885454,0.05411511737580037,0.06362692284350542,0.038058650320008235,0.00822067142336921,0.023527413291021645,-0.0033882054578468243,0.03661164065014952,-0.0035439835075326844,0.02431693236242282,-0.018185701198468185,0.016672772331128315,0.012555480687590648,0.07638307071844053
0.0835985691164672,0.06587484660580994,0.060063042887806034,0.06642868580160297,0.03147189165489638,-0.019700156854971083,0.012279568113943966,0.039294123695076316,0.038377701919586865,0.052338151781815584,-0.0033665564777011115,0.057532930971832576,0.03423641813560341,0.01153571309008393,0.017238673311282086,0.033153702403702634,0.03325414941475646,0.008252073679078577,0.020870109685578626,0.02291658425747313,0.06587484660580994,0.08573207963312016,0.0653336810636623,0.06676326502709225,0.03441322183742627,-0.012052676075177862,0.013604103256836194,0.04333299770901098,0.03587002410176959,0.05728543662300639,-0.005282587490034897,0.06454517047798831,0.036921324243153905,0.01896690348955184,0.020549172774083385,0.03389333753760548,0.03927038921420814,0.006069295887788852,0.021434323023067515,0.023702408706852515,0.060063042887806034,0.0653336810636623,0.12046822917054181,0.08426817079659851,0.039713684706295216,-0.02871508839421986,0.012831769492481476,0.03941644108851073,0.02084744438932794,0.0687525042186175,-0.012818153656056437,0.08233677882460222,0.05986206690311029,0.03899809683216357,0.03057510805514406,0.054745385555492576,0.08399799076084216,-0.013344243408547852,0.04204948311763733,0.008188005986906296,0.06642868580160297,0.06676326502709225,0.08426817079659851,0.15331068734012832,0.0372070241268872,-0.03198261987534997,0.009346030495895965,0.03432583260341329,0.09078927470771621,0.06633626440651612,0.006434224015728315,0.08812279337191206,0.055763663390893066,0.04639897975729371,0.04228342389967426,0.030384801290715163,0.04767209672804823,-0.010748940942371462,0.03383679205943769,0.04176537395381111,0.03147189165489638,0.03441322183742627,0.039713684706295216,0.0372070241268872,0.0368605189620302,-0.006264600808874863,0.006906434854454455,0.023354572518561597,0.021587856494038667,0.03827717294214801,0.007928371247683075,0.03671142368433756,0.02269048462231587,0.014163893460841803,0.007587134165461723,0.01811908705699817,0.026400719043018002,-0.0011200640753559845,0.014132903139838747,0.01194316215011047,-0.019700156854971083,-0.012052676075177862,-0.02871508839421986,-0.03198261987534997,-0.006264600808874863,0.05984222253296292,-0.04612640864591101,0.030288504495939166,0.036269007423552574,-0.006875777185240947,-0.045027299574904756,-0.0027890957878587766,-0.0425950542567271,-0.014965807728457983,-0.02326299137795857,0.0030337705446311105,-0.05226340133793428,0.0032842315824001592,-0.014362571099705845,0.027122787722334132,0.012279568113943966,0.013604103256836194,0.012831769492481476,0.009346030495895965,0.006906434854454455,-0.04612640864591101,0.08600932562383147,-0.04557711503100576,-0.05470524875614356,0.015044371784032451,0.07498350038072094,-0.004077580386479752,0.041248007399895106,0.014561865412225282,0.018771698485317505,-0.023473911788325762,0.05180141952177238,-0.010192836943594227,0.01371721913569924,-0.037263932798035644,0.039294123695076316,0.04333299770901098,0.03941644108851073,0.03432583260341329,0.023354572518561597,0.030288504495939166,-0.04557711503100576,0.09637391022532796,0.07556400329611729,0.02781335176744249,-0.06920383982729988,0.053553508054140185,-0.005322084092775126,-0.0086120443257826,-0.0006642123071577896,0.052070770035633346,-0.0027670967364587734,0.017220968711578036,0.004668189118933807,0.054024073284671494,0.038377701919586865,0.03587002410176959,0.02084744438932794,0.09078927470771621,0.021587856494038667,0.036269007423552574,-0.05470524875614356,0.07556400329611729,0.16385924398801494,0.029722474613832518,-0.06997967685178903,0.07389340573849915,-0.010877508809897388,0.015777012473998032,0.007156450570911304,0.03638132076554806,-0.03386072092515734,0.010082125830548065,-0.0025585887014800386,0.08199613088391638,0.052338151781815584,0.05728543662300639,0.0687525042186175,0.06633626440651612,0.03827717294214801,-0.006875777185240947,0.015044371784032451,0.02781335176744249,0.029722474613832518,0.07598442570101067,0.009866123484517809,0.05282012043637491,0.03867536037008405,0.02760632519137989,0.01840658377453093,0.029843139675335768,0.04527778428240974,-0.00207184742791282,0.02779603712960241,0.01593605785046053,-0.0033665564777011115,-0.005282587490034897,-0.012818153656056437,0.006434224015728315,0.007928371247683075,-0.045027299574904756,0.07498350038072094,-0.06920383982729988,-0.06997967685178903,0.009866123484517809,0.14460182112934972,-0.04649916690722074,0.04342538454926565,0.017204352816878175,0.02200163772435153,-0.039290818779093656,0.038928984321620785,-0.0007711432581882466,0.019257002979520585,-0.033424618030068236,0.057532930971832576,0.06454517047798831,0.08233677882460222,0.08812279337191206,0.03671142368433756,-0.0027890957878587766,-0.004077580386479752,0.053553508054140185,0.07389340573849915,0.05282012043637491,-0.04649916690722074,0.12764128242900735,0.03179017112533025,0.03440702424757263,0.016515319496276645,0.042166108407372886,0.04531587685906363,-0.014632544863279931,0.028012455498889404,0.02870165706967337,0.03423641813560341,0.036921324243153905,0.05986206690311029,0.055763663390893066,0.02269048462231587,-0.0425950542567271,0.041248007399895106,-0.005322084092775126,-0.010877508809897388,0.03867536037008405,0.04342538454926565,0.03179017112533025,0.07163980698769003,0.02952455811248495,0.030209001372844654,0.013142688795465554,0.0658156334230946,-0.006584033642415286,0.02603247182638569,-0.01006701126897883,0.01153571309008393,0.01896690348955184,0.03899809683216357,0.04639897975729371,0.014163893460841803,-0.014965807728457983,0.014561865412225282,-0.0086120443257826,0.015777012473998032,0.02760632519137989,0.017204352816878175,0.03440702424757263,0.02952455811248495,0.05374844665822238,0.015144766554309916,0.0023042173881984204,0.03008205293851274,-0.015206288656423143,0.01763583474437902,-0.0009188485523151466,0.017238673311282086,0.020549172774083385,0.03057510805514406,0.04228342389967426,0.007587134165461723,-0.02326299137795857,0.018771698485317505,-0.0006642123071577896,0.007156450570911304,0.01840658377453093,0.02200163772435153,0.016515319496276645,0.030209001372844654,0.015144766554309916,0.03465480090207559,0.0044490288080424045,0.030641649893654976,-0.00808604250654667,0.014945083195190698,0.0036449755905863406,0.033153702403702634,0.03389333753760548,0.054745385555492576,0.030384801290715163,0.01811908705699817,0.0030337705446311105,-0.023473911788325762,0.052070770035633346,0.03638132076554806,0.029843139675335768,-0.039290818779093656,0.042166108407372886,0.013142688795465554,0.0023042173881984204,0.0044490288080424045,0.06074134951600903,0.029078135218429658,0.003998356634180223,0.015949957221537553,0.026360202137466416,0.03325414941475646,0.03927038921420814,0.08399799076084216,0.04767209672804823,0.026400719043018002,-0.05226340133793428,0.05180141952177238,-0.0027670967364587734,-0.03386072092515734,0.04527778428240974,0.038928984321620785,0.04531587685906363,0.0658156334230946,0.03008205293851274,0.030641649893654976,0.029078135218429658,0.11488462434552393,-0.01808655393821083,0.03897576880422731,-0.023523568062607487,0.008252073679078577,0.006069295887788852,-0.013344243408547852,-0.010748940942371462,-0.0011200640753559845,0.0032842315824001592,-0.010192836943594227,0.017220968711578036,0.010082125830548065,-0.00207184742791282,-0.0007711432581882466,-0.014632544863279931,-0.006584033642415286,-0.015206288656423143,-0.00808604250654667,0.003998356634180223,-0.01808655393821083,0.030721524726960218,-0.0091914928716713,0.013435307395977003,0.020870109685578626,0.021434323023067515,0.04204948311763733,0.03383679205943769,0.014132903139838747,-0.014362571099705845,0.01371721913569924,0.004668189118933807,-0.0025585887014800386,0.02779603712960241,0.019257002979520585,0.028012455498889404,0.02603247182638569,0.01763583474437902,0.014945083195190698,0.015949957221537553,0.03897576880422731,-0.0091914928716713,0.03468231594501537,0.0018086481412293862,0.02291658425747313,0.023702408706852515,0.008188005986906296,0.04176537395381111,0.01194316215011047,0.027122787722334132,-0.037263932798035644,0.054024073284671494,0.08199613088391638,0.01593605785046053,-0.033424618030068236,0.02870165706967337,-0.01006701126897883,-0.0009188485523151466,0.0036449755905863406,0.026360202137466416,-0.023523568062607487,0.013435307395977003,0.0018086481412293862,0.06386029569735645
