0.05746614914365086,0.04931286043765466,0.04191606389869831,0.0445339109004774,0.03831898696301223,-0.007848547404947483,0.014093205039010941,0.02928594717858446,0.042875782880694796,0.0540949644841833,0.016729192879683427,0.04414184353296049,0.03781822480383741,0.03673208306198669,0.015559375735624405,0.015825718395659508,0.03292086605637362,0.005473133070001271,0.01791639080171678,0.012835637401371523,0.04931286043765466,0.07076648466235622,0.05456503020461229,0.04894682917123528,0.04571774295382448,-0.005931910425570931,0.02069092842492525,0.03649713987635442,0.040460000084939704,0.06565594024768447,0.02422752476491854,0.046769911527803895,0.044739792695970476,0.03772693204566618,0.011508144945799168,0.026053363300614495,0.04648093254937369,0.011542653647616745,0.02590286119074562,0.014206973983069613,0.04191606389869831,0.05456503020461229,0.0935300906570203,0.06287285196728762,0.05116192493423339,-0.024709020707977983,0.037142052559121654,0.017245521349341313,0.01491150477067324,0.07106727832707713,0.0262507869469263,0.047912596558964876,0.0618118588814756,0.035741578973980934,0.019875522150977695,0.026996123991063107,0.06751837923102819,-0.003066468888488133,0.028153447285114236,-0.0023617265048121224,0.0445339109004774,0.04894682917123528,0.06287285196728762,0.12138709366404843,0.0443599352624786,-0.03322950375148065,0.019155752146941617,0.0065544595548574,0.062329464102383235,0.07426179780611225,0.03309285345790011,0.06733317139160946,0.057798422212310754,0.04731567336148003,0.02371237427101968,0.00399743691066224,0.046832369479124836,0.004138904951279885,0.02936067839172156,0.016079923147834484,0.03831898696301223,0.04571774295382448,0.05116192493423339,0.0443599352624786,0.05367864779437625,-0.014937803475433319,0.019584351817833023,0.02520791345609713,0.033505916077189495,0.056113388878755575,0.01807391191129446,0.03972729415538026,0.04324516449200559,0.03131644521495006,0.012766496687350701,0.013965378473568973,0.043680006729202206,0.0032796278443888486,0.0168120263056838,0.008197977930144117,-0.007848547404947483,-0.005931910425570931,-0.024709020707977983,-0.03322950375148065,-0.014937803475433319,0.04855184851711154,-0.031618513419201244,0.026505100128059705,0.008195049903405244,-0.014804040305425334,-0.011536220961579899,-0.015426492600478958,-0.02856000553016454,-0.008081370497319797,-0.014833640618122632,-0.004165283287801675,-0.0436060985070849,0.007951797075583425,-0.009550142272956908,0.012767696069049319,0.014093205039010941,0.02069092842492525,0.037142052559121654,0.019155752146941617,0.019584351817833023,-0.031618513419201244,0.06402973037962925,-0.00787860897132397,0.0030386869498148956,0.02746679857746019,0.027409146724035813,0.020756853586128773,0.03879268205035517,0.013418347624375592,0.011461274244917288,0.013986044905410968,0.062093071023029425,-0.0035361991295309756,0.017102703713626037,-0.008373277360409617,0.02928594717858446,0.03649713987635442,0.017245521349341313,0.0065544595548574,0.02520791345609713,0.026505100128059705,-0.00787860897132397,0.057313618142477984,0.0387481542489357,0.0285753630960312,0.00962565020794556,0.016860800289120965,0.01510740469399138,0.019940615425812346,-0.002050918330491691,0.014211929504610227,0.004611858796676397,0.018620828029119928,0.011091896593626725,0.024610588019315018,0.042875782880694796,0.040460000084939704,0.01491150477067324,0.062329464102383235,0.033505916077189495,0.008195049903405244,0.0030386869498148956,0.0387481542489357,0.10428760870997973,0.04765381028010221,0.022647450693066666,0.04936883133404433,0.030081750373072525,0.045898163939002826,0.013189693723570048,-0.003466963309697051,0.01504912328675704,0.022693080138229734,0.016840737632357168,0.034889305963006476,0.0540949644841833,0.06565594024768447,0.07106727832707713,0.07426179780611225,0.056113388878755575,-0.014804040305425334,0.02746679857746019,0.0285753630960312,0.04765381028010221,0.09201427251168517,0.030800233705758448,0.05720763897825465,0.06041580584155043,0.0447561651440902,0.019522497464549537,0.02461460679226439,0.054103647936243573,0.010479209793122207,0.03048377772033789,0.012354916181131867,0.016729192879683427,0.02422752476491854,0.0262507869469263,0.03309285345790011,0.01807391191129446,-0.011536220961579899,0.027409146724035813,0.00962565020794556,0.022647450693066666,0.030800233705758448,0.04581916544876016,0.023778071635393243,0.032229601562906086,0.021858908855922527,0.012559620683647289,0.008881252575793044,0.0409886806468444,0.01038600455910475,0.019745956081208188,0.0067852000993487965,0.04414184353296049,0.046769911527803895,0.047912596558964876,0.06733317139160946,0.03972729415538026,-0.015426492600478958,0.020756853586128773,0.016860800289120965,0.04936883133404433,0.05720763897825465,0.023778071635393243,0.060342526812150354,0.04515397000596419,0.03767167070433404,0.017891710982625667,0.011030986522712762,0.03842207534084804,0.004577077497626855,0.023097808239346623,0.011133689324175442,0.03781822480383741,0.044739792695970476,0.0618118588814756,0.057798422212310754,0.04324516449200559,-0.02856000553016454,0.03879268205035517,0.01510740469399138,0.030081750373072525,0.06041580584155043,0.032229601562906086,0.04515397000596419,0.07890003779828908,0.031899294748483346,0.020732263141321115,0.017990585994965624,0.06343294431057542,0.006701556501419141,0.027564343706984247,0.00704129970716192,0.03673208306198669,0.03772693204566618,0.035741578973980934,0.04731567336148003,0.03131644521495006,-0.008081370497319797,0.013418347624375592,0.019940615425812346,0.045898163939002826,0.0447561651440902,0.021858908855922527,0.03767167070433404,0.031899294748483346,0.04557025548938619,0.014523346785303138,0.006677835870986884,0.033106167168900455,0.004134265774742548,0.016200579902352442,0.014242893223283041,0.015559375735624405,0.011508144945799168,0.019875522150977695,0.02371237427101968,0.012766496687350701,-0.014833640618122632,0.011461274244917288,-0.002050918330491691,0.013189693723570048,0.019522497464549537,0.012559620683647289,0.017891710982625667,0.020732263141321115,0.014523346785303138,0.022228141328850676,0.00016739595570805163,0.0180281762451108,-0.0034698252116688757,0.0067707056164207115,0.0002894664565914803,0.015825718395659508,0.026053363300614495,0.026996123991063107,0.00399743691066224,0.013965378473568973,-0.004165283287801675,0.013986044905410968,0.014211929504610227,-0.003466963309697051,0.02461460679226439,0.008881252575793044,0.011030986522712762,0.017990585994965624,0.006677835870986884,0.00016739595570805163,0.03345591749210992,0.021691268408415364,0.002839299860326063,0.010602642733546105,0.0005558669899463292,0.03292086605637362,0.04648093254937369,0.06751837923102819,0.046832369479124836,0.043680006729202206,-0.0436060985070849,0.062093071023029425,0.004611858796676397,0.01504912328675704,0.054103647936243573,0.0409886806468444,0.03842207534084804,0.06343294431057542,0.033106167168900455,0.0180281762451108,0.021691268408415364,0.1101302816567698,-0.005733516971652009,0.02916548582006174,-0.010040325226023127,0.005473133070001271,0.011542653647616745,-0.003066468888488133,0.004138904951279885,0.0032796278443888486,0.007951797075583425,-0.0035361991295309756,0.018620828029119928,0.022693080138229734,0.010479209793122207,0.01038600455910475,0.004577077497626855,0.006701556501419141,0.004134265774742548,-0.0034698252116688757,0.002839299860326063,-0.005733516971652009,0.0259262984596087,0.006964128174873681,0.016811552664925795,0.01791639080171678,0.02590286119074562,0.028153447285114236,0.02936067839172156,0.0168120263056838,-0.009550142272956908,0.017102703713626037,0.011091896593626725,0.016840737632357168,0.03048377772033789,0.019745956081208188,0.023097808239346623,0.027564343706984247,0.016200579902352442,0.0067707056164207115,0.010602642733546105,0.02916548582006174,0.006964128174873681,0.02671086713033325,0.005597239537084887,0.012835637401371523,0.014206973983069613,-0.0023617265048121224,0.016079923147834484,0.008197977930144117,0.012767696069049319,-0.008373277360409617,0.024610588019315018,0.034889305963006476,0.012354916181131867,0.0067852000993487965,0.011133689324175442,0.00704129970716192,0.014242893223283041,0.0002894664565914803,0.0005558669899463292,-0.010040325226023127,0.016811552664925795,0.005597239537084887,0.035164886311443266
0.06586889872627208,0.047306769055573045,0.058139504217456735,0.03018794991160397,0.022913841026203755,0.0017284166326244003,0.03944647897379359,0.019124070607806038,0.014442202832112958,0.05831562973781633,0.02801382134650418,0.050859371534198415,0.053078652832031295,0.01876023710751596,0.001039286155675813,0.046682034290634555,0.05044087322339268,0.003985141124073315,0.00794917084771728,0.010215383980286825,0.047306769055573045,0.10731912457279505,0.06725779300673776,0.05162228706241298,0.05291028368839416,0.03024548935683029,0.02000664142927612,0.06930808347803123,0.04031782698197452,0.08586240148890359,0.020477088307594954,0.07928471827069418,0.02885436908431349,0.037754074760474016,-0.004281217614342815,0.062199872914669246,0.03898529463869525,0.003968157245046175,0.009549492029253554,0.038290081302952035,0.058139504217456735,0.06725779300673776,0.10256998698842089,0.03373425802505847,0.03576841687293839,-0.012210959137641347,0.067319906576127,0.023616888491157333,-0.009702267987346958,0.08308805259697269,0.029059083459313597,0.05390902694985727,0.06120866184305408,0.019379945793902793,0.012892777727974487,0.05896905643973034,0.08692727107239243,-0.003773286115322152,0.01771694415608003,-0.009949449492056442,0.03018794991160397,0.05162228706241298,0.03373425802505847,0.10719937148334835,0.03374911998961724,-0.00996156504463988,-0.016749731405783765,0.01566768395695551,0.0774470919089976,0.05813171998606087,0.020512371970890796,0.06026151650207125,0.01339093786184126,0.052502554822710185,0.010263061501500515,0.027316487840004428,0.027598963334231764,-0.004448787855378268,0.011630260371643348,0.03176061268750699,0.022913841026203755,0.05291028368839416,0.03576841687293839,0.03374911998961724,0.05063447098214373,0.017708894487482196,-0.003411184620919468,0.04037895390948962,0.026453287698191746,0.05612036060074573,0.012484724288429245,0.035492413619850005,0.013181042307375625,0.023154584193176158,0.002236763077797278,0.023054816464155296,0.0075385614923942305,0.002541186678138527,0.012240962376031742,0.02260071968214119,0.0017284166326244003,0.03024548935683029,-0.012210959137641347,-0.00996156504463988,0.017708894487482196,0.07571840116112474,-0.033767583193173745,0.056983001275648884,0.033234846026680906,0.012162003560076686,-0.001202335854439706,0.021073968769964917,-0.008044182462349489,0.013410968642228321,-0.03354176302837879,0.00045976686287738794,-0.05937401745093224,0.020143414335426046,-0.010091778402215968,0.05261369245702299,0.03944647897379359,0.02000664142927612,0.067319906576127,-0.016749731405783765,-0.003411184620919468,-0.033767583193173745,0.11712890934479908,-0.0026650994743929977,-0.06796647492152437,0.040089187906805074,0.029856831640339702,0.02522100663674945,0.07304147221100472,-0.015950871675433662,0.005699029288692802,0.03744661843338419,0.0969111467828821,-0.005247258765517408,0.012500444726755355,-0.04402963139288191,0.019124070607806038,0.06930808347803123,0.023616888491157333,0.01566768395695551,0.04037895390948962,0.056983001275648884,-0.0026650994743929977,0.10047729851067436,0.023369892860830094,0.05509860359072388,0.004458580595875745,0.04531708879761815,0.005649552912966286,0.01721455117207707,-0.016185170157890234,0.033235619781187845,-0.009572300511604907,0.014272825120902574,0.0029734746444967587,0.05099941505364031,0.014442202832112958,0.04031782698197452,-0.009702267987346958,0.0774470919089976,0.026453287698191746,0.033234846026680906,-0.06796647492152437,0.023369892860830094,0.12792106795767472,0.020375959289181688,0.011245504416885528,0.04784696590927603,-0.02068992663670293,0.05874023505201366,-0.0075942647599352205,0.009742969690683771,-0.037368383381031545,0.01367387227611759,0.0030970190267431757,0.0734580717991245,0.05831562973781633,0.08586240148890359,0.08308805259697269,0.05813171998606087,0.05612036060074573,0.012162003560076686,0.040089187906805074,0.05509860359072388,0.020375959289181688,0.11454709450578282,0.02606724992385548,0.07240100339965606,0.054425984744440326,0.037240202802331104,0.007594738556643495,0.05613760885554676,0.061435950069367196,0.006930694805035907,0.014417780309979913,0.019162399266593685,0.02801382134650418,0.020477088307594954,0.029059083459313597,0.020512371970890796,0.012484724288429245,-0.001202335854439706,0.029856831640339702,0.004458580595875745,0.011245504416885528,0.02606724992385548,0.03616819311430456,0.029208917644858994,0.03776705660333183,0.012892545958806172,0.0016222733729814264,0.019637474855856086,0.027380987653513378,0.005825193493855744,0.01277732932113996,0.004473980717387218,0.050859371534198415,0.07928471827069418,0.05390902694985727,0.06026151650207125,0.035492413619850005,0.021073968769964917,0.02522100663674945,0.04531708879761815,0.04784696590927603,0.07240100339965606,0.029208917644858994,0.09480118290087236,0.04159155181920072,0.04300829675365726,-0.007420434074895464,0.05167816408116516,0.04143946967281451,0.0053986516194514545,0.008329180525853927,0.036357854975763944,0.053078652832031295,0.02885436908431349,0.06120866184305408,0.01339093786184126,0.013181042307375625,-0.008044182462349489,0.07304147221100472,0.005649552912966286,-0.02068992663670293,0.054425984744440326,0.03776705660333183,0.04159155181920072,0.08745395458480498,0.0033684360318061313,-0.0015623557063151063,0.03712904063128884,0.06373975039842966,0.007824617808638813,0.010970308412270518,-0.015352636863113708,0.01876023710751596,0.037754074760474016,0.019379945793902793,0.052502554822710185,0.023154584193176158,0.013410968642228321,-0.015950871675433662,0.01721455117207707,0.05874023505201366,0.037240202802331104,0.012892545958806172,0.04300829675365726,0.0033684360318061313,0.052195621190274155,-0.004275875106504975,0.017315527085749717,0.0018132349181721756,0.006886223953599342,0.003982217902139602,0.037858990895913616,0.001039286155675813,-0.004281217614342815,0.012892777727974487,0.010263061501500515,0.002236763077797278,-0.03354176302837879,0.005699029288692802,-0.016185170157890234,-0.0075942647599352205,0.007594738556643495,0.0016222733729814264,-0.007420434074895464,-0.0015623557063151063,-0.004275875106504975,0.03525236998750317,-0.0019360847697038478,0.025334254085512983,-0.008086338656845785,0.010128040163287323,-0.01551416790325054,0.046682034290634555,0.062199872914669246,0.05896905643973034,0.027316487840004428,0.023054816464155296,0.00045976686287738794,0.03744661843338419,0.033235619781187845,0.009742969690683771,0.05613760885554676,0.019637474855856086,0.05167816408116516,0.03712904063128884,0.017315527085749717,-0.0019360847697038478,0.06935546185192035,0.05806831500604999,-0.004832726060449131,0.01055881688891506,0.004695087465253246,0.05044087322339268,0.03898529463869525,0.08692727107239243,0.027598963334231764,0.0075385614923942305,-0.05937401745093224,0.0969111467828821,-0.009572300511604907,-0.037368383381031545,0.061435950069367196,0.027380987653513378,0.04143946967281451,0.06373975039842966,0.0018132349181721756,0.025334254085512983,0.05806831500604999,0.13299159904014624,-0.018345798455873585,0.017777956310590648,-0.044780813008540477,0.003985141124073315,0.003968157245046175,-0.003773286115322152,-0.004448787855378268,0.002541186678138527,0.020143414335426046,-0.005247258765517408,0.014272825120902574,0.01367387227611759,0.006930694805035907,0.005825193493855744,0.0053986516194514545,0.007824617808638813,0.006886223953599342,-0.008086338656845785,-0.004832726060449131,-0.018345798455873585,0.020344781556160388,-0.004381417102645078,0.020044520707065132,0.00794917084771728,0.009549492029253554,0.01771694415608003,0.011630260371643348,0.012240962376031742,-0.010091778402215968,0.012500444726755355,0.0029734746444967587,0.0030970190267431757,0.014417780309979913,0.01277732932113996,0.008329180525853927,0.010970308412270518,0.003982217902139602,0.010128040163287323,0.01055881688891506,0.017777956310590648,-0.004381417102645078,0.025003347464984286,-0.00083116603795919,0.010215383980286825,0.038290081302952035,-0.009949449492056442,0.03176061268750699,0.02260071968214119,0.05261369245702299,-0.04402963139288191,0.05099941505364031,0.0734580717991245,0.019162399266593685,0.004473980717387218,0.036357854975763944,-0.015352636863113708,0.037858990895913616,-0.01551416790325054,0.004695087465253246,-0.044780813008540477,0.020044520707065132,-0.00083116603795919,0.07950186487797219
0.047186680303865185,0.04334879824432286,0.08854808297353758,0.09255461379127503,0.0466888404980177,0.0009915656190588654,0.01369032957132154,-0.004702510320073,0.03417627723775729,0.07936702740782625,0.003195143675134537,0.05995401699505494,0.015502775676962352,0.041504316385722245,0.009295038986094021,0.009553193978839889,0.04405294029968828,-0.042354050291386586,0.043667147102743116,-0.016715526637975896,0.04334879824432286,0.06658697355032095,0.11338819937761155,0.11263921678453034,0.05333708028465606,0.012655686683065161,0.010732631908570411,-0.013537820713180253,0.027083698799216308,0.09842974273846938,0.0005512061529959794,0.06507432130860104,0.021262713454882672,0.0493073349813707,0.005506804743325317,0.000344496315686883,0.04926525084609084,-0.054206662702733,0.047107678542126386,-0.02426127018881975,0.08854808297353758,0.11338819937761155,0.3122937012931999,0.3776040684223607,0.12944818899254937,0.031066023264613482,0.0050538220677929695,-0.07892281740244633,0.09027187923384118,0.2664922287006719,-0.019056949400758184,0.19575624368559014,0.036610698793550306,0.09878090909952744,0.017745015165920017,-0.011400808769372963,0.13844656641248743,-0.22703221043376615,0.12830114637308085,-0.0981751054140815,0.09255461379127503,0.11263921678453034,0.3776040684223607,0.5792991747113452,0.15439848991559676,0.058714072171903026,-0.04681420133348019,-0.14282813244724185,0.15617890336459295,0.3351606439322039,-0.06583362110656654,0.2856862940341822,0.02600855575418724,0.0941366987579392,0.009156294491741022,-0.06391729103239863,0.1436084808877114,-0.3572363282986699,0.16187639283389604,-0.13042848264733836,0.0466888404980177,0.05333708028465606,0.12944818899254937,0.15439848991559676,0.07367130303361838,0.011555536645230373,0.003467795422606352,-0.026258993370520782,0.04803125869833882,0.11559207698603399,-0.0070625564157977775,0.09118794798027775,0.013706484449707547,0.046193092078130035,0.0026013264398756,3.4427163579488565e-6,0.05238614780694782,-0.08538051281225609,0.058346509146176576,-0.03170231962792457,0.0009915656190588654,0.012655686683065161,0.031066023264613482,0.058714072171903026,0.011555536645230373,0.06769716623669618,-0.04076461222096449,-0.012772039354570372,0.029546401432186772,0.03728125553202444,-0.031216253862623715,0.029093624516206354,-0.022221307617934137,-0.002963668986110534,-0.023158607633019017,-0.03529880362129176,-0.02815452874134335,-0.050282757532806324,-0.005855908708997512,0.0025854412191578585,0.01369032957132154,0.010732631908570411,0.0050538220677929695,-0.04681420133348019,0.003467795422606352,-0.04076461222096449,0.05801459973326531,0.02696645160551267,-0.026636712825995806,0.0027757561781598054,0.03825819252964427,-0.02139354122920132,0.024397656252892815,0.018611166878263422,0.016734771296509243,0.041250573599179635,0.042208220765645545,0.03453757973153093,0.013573131265057298,-0.00474160057188956,-0.004702510320073,-0.013537820713180253,-0.07892281740244633,-0.14282813244724185,-0.026258993370520782,-0.012772039354570372,0.02696645160551267,0.08762295037307322,-0.029632142371069425,-0.05760965367397518,0.03632290608868867,-0.06889076772903194,0.0043560456677467965,-0.010659522623502674,0.0021439775646572294,0.04856328983416473,-0.013776149034173587,0.10272598855851037,-0.029999239172272388,0.04846177540690801,0.03417627723775729,0.027083698799216308,0.09027187923384118,0.15617890336459295,0.04803125869833882,0.029546401432186772,-0.026636712825995806,-0.029632142371069425,0.10468578979006915,0.08141695588669928,-0.027235209718834787,0.0922855039219568,-0.0074604648644037,0.03601506021728709,-0.0009099474812098501,-0.015220980032525594,0.016737085999120452,-0.06943617467186577,0.036915635200447564,0.0011554826638078535,0.07936702740782625,0.09842974273846938,0.2664922287006719,0.3351606439322039,0.11559207698603399,0.03728125553202444,0.0027757561781598054,-0.05760965367397518,0.08141695588669928,0.250729882069343,-0.01715758096254889,0.1700542880647235,0.029681817479833436,0.08351072402145032,0.010583700821879202,-0.007370525157529987,0.1189470910242359,-0.2035326723001072,0.11517343638146088,-0.08457998679420858,0.003195143675134537,0.0005512061529959794,-0.019056949400758184,-0.06583362110656654,-0.0070625564157977775,-0.031216253862623715,0.03825819252964427,0.03632290608868867,-0.027235209718834787,-0.01715758096254889,0.05501345831411014,-0.03107000825351985,0.01832060777959027,0.01508869936405398,0.014631711561101615,0.04207018926258623,0.027562725228767064,0.055603980696054524,-9.731141387655639e-5,0.019540166223749718,0.05995401699505494,0.06507432130860104,0.19575624368559014,0.2856862940341822,0.09118794798027775,0.029093624516206354,-0.02139354122920132,-0.06889076772903194,0.0922855039219568,0.1700542880647235,-0.03107000825351985,0.16837516302161626,0.012363193932109415,0.06360615031206059,0.003340183624166001,-0.029460140072871045,0.06860672297055388,-0.16173001942738638,0.08748043647596879,-0.052521174358393645,0.015502775676962352,0.021262713454882672,0.036610698793550306,0.02600855575418724,0.013706484449707547,-0.022221307617934137,0.024397656252892815,0.0043560456677467965,-0.0074604648644037,0.029681817479833436,0.01832060777959027,0.012363193932109415,0.03885370997444651,0.016321549772643003,0.018979399751591942,0.013975619031418914,0.040048331024910344,-0.01100635479931946,0.020032382163729556,-0.018454861663145798,0.041504316385722245,0.0493073349813707,0.09878090909952744,0.0941366987579392,0.046193092078130035,-0.002963668986110534,0.018611166878263422,-0.010659522623502674,0.03601506021728709,0.08351072402145032,0.01508869936405398,0.06360615031206059,0.016321549772643003,0.07339989622089475,0.005640225656933509,0.010924032451984002,0.05055296915404049,-0.023152075984316567,0.04414721322068775,-0.005375363684573168,0.009295038986094021,0.005506804743325317,0.017745015165920017,0.009156294491741022,0.0026013264398756,-0.023158607633019017,0.016734771296509243,0.0021439775646572294,-0.0009099474812098501,0.010583700821879202,0.014631711561101615,0.003340183624166001,0.018979399751591942,0.005640225656933509,0.030058320276867372,0.018466489129410242,0.028827780148305355,-0.011837051500033152,0.013571518136064503,-0.014203390537826346,0.009553193978839889,0.000344496315686883,-0.011400808769372963,-0.06391729103239863,3.4427163579488565e-6,-0.03529880362129176,0.041250573599179635,0.04856328983416473,-0.015220980032525594,-0.007370525157529987,0.04207018926258623,-0.029460140072871045,0.013975619031418914,0.010924032451984002,0.018466489129410242,0.0681752690031618,0.03537731301296442,0.04512368149131265,0.005257594854076666,0.015361088337517537,0.04405294029968828,0.04926525084609084,0.13844656641248743,0.1436084808877114,0.05238614780694782,-0.02815452874134335,0.042208220765645545,-0.013776149034173587,0.016737085999120452,0.1189470910242359,0.027562725228767064,0.06860672297055388,0.040048331024910344,0.05055296915404049,0.028827780148305355,0.03537731301296442,0.11463524699022715,-0.08807013094178112,0.07095511928267871,-0.05151360888353356,-0.042354050291386586,-0.054206662702733,-0.22703221043376615,-0.3572363282986699,-0.08538051281225609,-0.050282757532806324,0.03453757973153093,0.10272598855851037,-0.06943617467186577,-0.2035326723001072,0.055603980696054524,-0.16173001942738638,-0.01100635479931946,-0.023152075984316567,-0.011837051500033152,0.04512368149131265,-0.08807013094178112,0.28530734269835994,-0.09295546277850944,0.1178584904924553,0.043667147102743116,0.047107678542126386,0.12830114637308085,0.16187639283389604,0.058346509146176576,-0.005855908708997512,0.013573131265057298,-0.029999239172272388,0.036915635200447564,0.11517343638146088,-9.731141387655639e-5,0.08748043647596879,0.020032382163729556,0.04414721322068775,0.013571518136064503,0.005257594854076666,0.07095511928267871,-0.09295546277850944,0.07580493429419452,-0.04555949919752575,-0.016715526637975896,-0.02426127018881975,-0.0981751054140815,-0.13042848264733836,-0.03170231962792457,0.0025854412191578585,-0.00474160057188956,0.04846177540690801,0.0011554826638078535,-0.08457998679420858,0.019540166223749718,-0.052521174358393645,-0.018454861663145798,-0.005375363684573168,-0.014203390537826346,0.015361088337517537,-0.05151360888353356,0.1178584904924553,-0.04555949919752575,0.09062153805219504
