0.05763760753533929,0.02997248230840243,-0.009517099545899993,0.0485952039285914,0.019142625319936366,0.01827404434766066,-0.006893241146606442,-0.05989749733393673,0.050096498065360935,-0.02020627563406758,0.024692952777884705,0.01561220095556897,-0.035225936520189724,-0.0682541861866764,-0.05711507253838631,0.04099845953842029,-0.023263695689832855,-0.003468415089615789,0.0014120490775244889,0.06506030942246771,0.02997248230840243,0.05624790281468185,-0.007747250678327203,0.0542315830548668,0.03951994278885937,0.009565871266201141,-0.02725419981225053,-0.03792925384862125,0.03492247569675645,-0.010825623093862037,0.0014522797966796037,0.018120696886719485,-0.004896308787098125,-0.08723330248995552,-0.046722465908834505,0.006538409433654297,-0.027682848480164633,-0.004278023141710722,0.0014440744169758341,0.0476143069219829,-0.009517099545899993,-0.007747250678327203,0.04953975265841025,-0.011959681281415235,0.002279593163637796,-0.00032954689728181396,0.0031638809609737134,0.03368772668180818,-0.022516835135383495,0.010940107980178424,-0.010638809893252093,-0.009648171206710781,0.02260720732957155,0.04323183220728202,0.03934201054631259,-0.015405307548112826,0.02159630163403623,0.006618746753808709,0.002481158771968841,-0.04468898799829883,0.0485952039285914,0.0542315830548668,-0.011959681281415235,0.09762291007042874,0.0394025295166512,0.026106248651191086,-0.01762944618356354,-0.06966926671908616,0.07098748981658783,-0.023537655641882822,0.003570379941947921,0.022385967069544356,-0.029199107835538064,-0.12664992659013521,-0.07514544624898958,0.025482156218167618,-0.040763440080662475,-0.0028458396675842884,0.02247171800647148,0.07342158406585284,0.019142625319936366,0.03951994278885937,0.002279593163637796,0.0394025295166512,0.10776855080923617,-0.03265109966725464,-0.06487320518696518,0.02389312305972914,0.011024589641263889,-0.006132843926191928,0.006454785973162107,0.03920019976453967,0.05055574644175005,-0.06851314315595328,0.008267871177478254,-0.05031225753573785,-0.021981753788568845,-0.018584510406451822,-0.036798422853622434,0.0473265002442385,0.01827404434766066,0.009565871266201141,-0.00032954689728181396,0.026106248651191086,-0.03265109966725464,0.050171622342891076,0.023613624585206057,-0.057620916192559546,0.03284703064781438,-0.003979466676870344,-0.009313361411048321,-0.014025997163188423,-0.04465563731772819,-0.03333555788122473,-0.04460505034552327,0.04770833758193637,-0.008031033229930335,0.017914968271966144,0.04785023503063854,0.0009811692329486739,-0.006893241146606442,-0.02725419981225053,0.0031638809609737134,-0.01762944618356354,-0.06487320518696518,0.023613624585206057,0.08025428481434392,-0.015268403226817445,0.0038480899224050107,0.008987479093390252,0.003687254089513878,-0.028006447955237573,-0.031636923204773126,0.05602711759491397,0.005410336482839672,0.03574181224299976,0.022317529381583916,0.02107784493314361,0.03159171611583399,-0.031212224693604237,-0.05989749733393673,-0.03792925384862125,0.03368772668180818,-0.06966926671908616,0.02389312305972914,-0.057620916192559546,-0.015268403226817445,0.1544882359320709,-0.08540040686038619,0.02510776460261093,-0.01794717384872465,-0.001170777425632835,0.09699958396830835,0.11754991358296893,0.12220697904605327,-0.0864342574195422,0.04799289115348812,-0.011753569315281272,-0.05324369787530432,-0.08917693011068265,0.050096498065360935,0.03492247569675645,-0.022516835135383495,0.07098748981658783,0.011024589641263889,0.03284703064781438,0.0038480899224050107,-0.08540040686038619,0.08936259897083323,-0.03156970901691776,0.01963228818849409,0.01967955498373828,-0.05619861608212666,-0.10069196193597599,-0.08364133159085622,0.04926693097663362,-0.04532408118624001,0.004757950856081313,0.021935034641114695,0.07873680365783318,-0.02020627563406758,-0.010825623093862037,0.010940107980178424,-0.023537655641882822,-0.006132843926191928,-0.003979466676870344,0.008987479093390252,0.02510776460261093,-0.03156970901691776,0.03667932288698362,-0.014546743067173531,-0.018990215875060154,0.024303741073676173,0.04367741007285958,0.036500314624503025,-0.024304966574567655,0.02555296246467527,-0.0028914351198838875,0.0023762705965173366,-0.04280425994083034,0.024692952777884705,0.0014522797966796037,-0.010638809893252093,0.003570379941947921,0.006454785973162107,-0.009313361411048321,0.003687254089513878,-0.01794717384872465,0.01963228818849409,-0.014546743067173531,0.045137438344370506,0.013907570277189984,-0.016794510399202253,-0.012698118387341913,-0.016253452022945886,0.02796436985903876,-0.018774204615514222,0.0013948285987245516,-0.025521712573435433,0.04871702456617983,0.01561220095556897,0.018120696886719485,-0.009648171206710781,0.022385967069544356,0.03920019976453967,-0.014025997163188423,-0.028006447955237573,-0.001170777425632835,0.01967955498373828,-0.018990215875060154,0.013907570277189984,0.03867619433253284,0.010966756418102824,-0.04587676583287083,-0.016834646757277097,-0.005327111003849293,-0.02415318516084665,-0.005777146220989471,-0.017928412337095054,0.04608657174941043,-0.035225936520189724,-0.004896308787098125,0.02260720732957155,-0.029199107835538064,0.05055574644175005,-0.04465563731772819,-0.031636923204773126,0.09699958396830835,-0.05619861608212666,0.024303741073676173,-0.016794510399202253,0.010966756418102824,0.09211083857395516,0.044424344605403385,0.07861049411569242,-0.07815847916803567,0.0274756814054595,-0.013557859838958557,-0.03633980758950016,-0.042177268047068645,-0.0682541861866764,-0.08723330248995552,0.04323183220728202,-0.12664992659013521,-0.06851314315595328,-0.03333555788122473,0.05602711759491397,0.11754991358296893,-0.10069196193597599,0.04367741007285958,-0.012698118387341913,-0.04587676583287083,0.044424344605403385,0.2260190747011319,0.12789291075783976,-0.03424363143693273,0.07405560241195322,0.013438369007035923,-0.021106552587721965,-0.14326736201176915,-0.05711507253838631,-0.046722465908834505,0.03934201054631259,-0.07514544624898958,0.008267871177478254,-0.04460505034552327,0.005410336482839672,0.12220697904605327,-0.08364133159085622,0.036500314624503025,-0.016253452022945886,-0.016834646757277097,0.07861049411569242,0.12789291075783976,0.13962325778357393,-0.06772422887862717,0.0565931714934164,-0.001282599229412612,-0.03213451672842106,-0.09850259713417589,0.04099845953842029,0.006538409433654297,-0.015405307548112826,0.025482156218167618,-0.05031225753573785,0.04770833758193637,0.03574181224299976,-0.0864342574195422,0.04926693097663362,-0.024304966574567655,0.02796436985903876,-0.005327111003849293,-0.07815847916803567,-0.03424363143693273,-0.06772422887862717,0.11363802295220501,-0.031236118557989363,0.024511496910257946,0.03474160983142763,0.04563689382100142,-0.023263695689832855,-0.027682848480164633,0.02159630163403623,-0.040763440080662475,-0.021981753788568845,-0.008031033229930335,0.022317529381583916,0.04799289115348812,-0.04532408118624001,0.02555296246467527,-0.018774204615514222,-0.02415318516084665,0.0274756814054595,0.07405560241195322,0.0565931714934164,-0.031236118557989363,0.06093144669321814,-0.0024659345506792205,0.0028047659234316205,-0.0691469233694205,-0.003468415089615789,-0.004278023141710722,0.006618746753808709,-0.0028458396675842884,-0.018584510406451822,0.017914968271966144,0.02107784493314361,-0.011753569315281272,0.004757950856081313,-0.0028914351198838875,0.0013948285987245516,-0.005777146220989471,-0.013557859838958557,0.013438369007035923,-0.001282599229412612,0.024511496910257946,-0.0024659345506792205,0.030248345152588375,0.023726939192741145,-0.009870309051556989,0.0014120490775244889,0.0014440744169758341,0.002481158771968841,0.02247171800647148,-0.036798422853622434,0.04785023503063854,0.03159171611583399,-0.05324369787530432,0.021935034641114695,0.0023762705965173366,-0.025521712573435433,-0.017928412337095054,-0.03633980758950016,-0.021106552587721965,-0.03213451672842106,0.03474160983142763,0.0028047659234316205,0.023726939192741145,0.08605965023874054,-0.02293391229857545,0.06506030942246771,0.0476143069219829,-0.04468898799829883,0.07342158406585284,0.0473265002442385,0.0009811692329486739,-0.031212224693604237,-0.08917693011068265,0.07873680365783318,-0.04280425994083034,0.04871702456617983,0.04608657174941043,-0.042177268047068645,-0.14326736201176915,-0.09850259713417589,0.04563689382100142,-0.0691469233694205,-0.009870309051556989,-0.02293391229857545,0.16163304010476318
0.03615567898980394,0.010800193491469297,-0.007073344603757865,0.010522935451530062,0.007410736454786185,0.009121289151628121,0.005079028841905886,-0.019560515961086343,0.020484147910931803,-0.015026705168492666,0.018462424551975266,0.022731305443721934,-0.01927478075735567,-0.02793300541054253,-0.026407884322715874,0.019784858345309034,-0.012333887391808355,-0.005822113980830742,-0.0030725982081004433,0.02965804197745895,0.010800193491469297,0.051011329851932755,0.014058611347971053,0.00785009682262784,0.0035577896453099144,0.012006260660464086,0.002419434090169703,0.001570032629772405,0.0021084382029975075,-6.553483215852862e-5,-0.006753153521088519,0.004813240620211555,-0.011247954202306017,-0.014886685894151307,0.0005031544786894999,0.03147617747153199,-0.003593209136780371,0.020123013151011948,0.022420293743248262,-0.007916068244571119,-0.007073344603757865,0.014058611347971053,0.05511303582812058,-0.01929713722507949,0.0016606231600627642,0.006656871095033881,0.0061024114247010975,0.030840316386687504,-0.03797396600090914,0.012982354397853321,-0.0224423444720529,-0.008993863872826545,0.018856169357544163,0.0410754805824777,0.0459389408724101,0.001580520487626812,0.014359656335017498,0.01940607952899682,0.029239046041603076,-0.04448842118155918,0.010522935451530062,0.00785009682262784,-0.01929713722507949,0.043914104592151115,0.023868018596761565,-0.010625846531782855,-0.006949471546952353,-0.007445575904669132,0.0355803623485558,0.005857711729550168,0.01701984001338709,0.017300806017293613,0.007773489647350191,-0.05119830349360791,-0.027804356027274768,-0.03944913233236204,0.0034181642663490353,-0.012604503659959316,-0.01716643065892033,0.04304008957290586,0.007410736454786185,0.0035577896453099144,0.0016606231600627642,0.023868018596761565,0.07140103014119933,-0.02125357588984552,-0.015905063463591884,0.02406645426009877,0.00641867270047701,0.010305004640490641,0.019593813245110746,0.021624385932451202,0.02017203146693164,-0.03642726363734438,-0.008829221618054205,-0.07835177497446523,0.001258910358536208,-0.019002898472773366,-0.05170552055340498,0.0318175851877025,0.009121289151628121,0.012006260660464086,0.006656871095033881,-0.010625846531782855,-0.02125357588984552,0.0327142626396685,0.004759983611866716,-0.011835629842773067,0.0054384785075182115,-0.00894180438214838,-0.01225184664813854,-0.002492527075772719,-0.019271223221999964,-0.0019862943167198235,-0.0011420510787493914,0.05982907290341331,-0.010392755516225798,0.019914810728727167,0.027569887648712904,-0.011105485342782613,0.005079028841905886,0.002419434090169703,0.0061024114247010975,-0.006949471546952353,-0.015905063463591884,0.004759983611866716,0.04775452526370808,-0.0034046959285502173,0.0016033633085043996,0.005601163433119166,-0.0005164640646453257,-0.003334589533427304,-0.022266634141274673,0.035236181623577965,0.00698448366044146,-0.000289040981317643,0.01448623094462893,0.014266954146332009,0.023430715203632928,-0.022545168880909502,-0.019560515961086343,0.001570032629772405,0.030840316386687504,-0.007445575904669132,0.02406645426009877,-0.011835629842773067,-0.0034046959285502173,0.0620276879106749,-0.038072352041064184,0.023058101686943215,-0.012978477477402661,-0.013340530046121174,0.028845985562426686,0.0354549716115892,0.05139858932866297,-0.045398019833962834,0.018483990366885007,0.010824936404066069,-0.006168182739275538,-0.03513853140778814,0.020484147910931803,0.0021084382029975075,-0.03797396600090914,0.0355803623485558,0.00641867270047701,0.0054384785075182115,0.0016033633085043996,-0.038072352041064184,0.08286739099435156,0.0006643847676769413,0.03359981362253804,0.02479633232040667,-0.016547992286505525,-0.05991344437044113,-0.05582311224629832,-0.0003419995262514842,-0.008323411772222983,-0.017788653469069195,-0.02293849920737115,0.06725687869856045,-0.015026705168492666,-6.553483215852862e-5,0.012982354397853321,0.005857711729550168,0.010305004640490641,-0.00894180438214838,0.005601163433119166,0.023058101686943215,0.0006643847676769413,0.040843020259575084,-0.0028143450980638524,-0.01183230086446576,0.025748933901790567,0.023001156483056638,0.027224910191408838,-0.04454057321140044,0.017451679185376913,0.002938140806534953,-0.002502272133955437,-0.008522779211141935,0.018462424551975266,-0.006753153521088519,-0.0224423444720529,0.01701984001338709,0.019593813245110746,-0.01225184664813854,-0.0005164640646453257,-0.012978477477402661,0.03359981362253804,-0.0028143450980638524,0.042776825761374315,0.021051726095248004,-0.012233005944991292,-0.03546769919568869,-0.03547101320674578,-0.024627275677595154,-0.010127811979352759,-0.023540815115327234,-0.03822918968726599,0.049949032254232875,0.022731305443721934,0.004813240620211555,-0.008993863872826545,0.017300806017293613,0.021624385932451202,-0.002492527075772719,-0.003334589533427304,-0.013340530046121174,0.02479633232040667,-0.01183230086446576,0.021051726095248004,0.0358120228194476,-0.007353438795007311,-0.036838585746844434,-0.03060995356061813,-0.004767835950721887,-0.008057915470333098,-0.014022376162592103,-0.021114501589782286,0.03367657822658991,-0.01927478075735567,-0.011247954202306017,0.018856169357544163,0.007773489647350191,0.02017203146693164,-0.019271223221999964,-0.022266634141274673,0.028845985562426686,-0.016547992286505525,0.025748933901790567,-0.012233005944991292,-0.007353438795007311,0.07297357169767192,0.00571621272997537,0.03526353213633002,-0.06227871336186823,0.021169348086089182,-0.0024479331572924523,-0.010610363839512131,0.001202490868585286,-0.02793300541054253,-0.014886685894151307,0.0410754805824777,-0.05119830349360791,-0.03642726363734438,-0.0019862943167198235,0.035236181623577965,0.0354549716115892,-0.05991344437044113,0.023001156483056638,-0.03546769919568869,-0.036838585746844434,0.00571621272997537,0.12636413477330663,0.07436752545193698,0.018649830446146234,0.020342180147068227,0.03157952213318605,0.043991417710869576,-0.09139108685390177,-0.026407884322715874,0.0005031544786894999,0.0459389408724101,-0.027804356027274768,-0.008829221618054205,-0.0011420510787493914,0.00698448366044146,0.05139858932866297,-0.05582311224629832,0.027224910191408838,-0.03547101320674578,-0.03060995356061813,0.03526353213633002,0.07436752545193698,0.09228007622802452,-0.0039560231760326055,0.023135884494335627,0.025969592235661487,0.025361531866369944,-0.0692253311633257,0.019784858345309034,0.03147617747153199,0.001580520487626812,-0.03944913233236204,-0.07835177497446523,0.05982907290341331,-0.000289040981317643,-0.045398019833962834,-0.0003419995262514842,-0.04454057321140044,-0.024627275677595154,-0.004767835950721887,-0.06227871336186823,0.018649830446146234,-0.0039560231760326055,0.23731999973633866,-0.04600553355378651,0.043629693259107614,0.0700873974026111,-0.025502377430411054,-0.012333887391808355,-0.003593209136780371,0.014359656335017498,0.0034181642663490353,0.001258910358536208,-0.010392755516225798,0.01448623094462893,0.018483990366885007,-0.008323411772222983,0.017451679185376913,-0.010127811979352759,-0.008057915470333098,0.021169348086089182,0.020342180147068227,0.023135884494335627,-0.04600553355378651,0.038887005122583126,0.007532793104037319,0.014166887868493547,-0.020602052796238026,-0.005822113980830742,0.020123013151011948,0.01940607952899682,-0.012604503659959316,-0.019002898472773366,0.019914810728727167,0.014266954146332009,0.010824936404066069,-0.017788653469069195,0.002938140806534953,-0.023540815115327234,-0.014022376162592103,-0.0024479331572924523,0.03157952213318605,0.025969592235661487,0.043629693259107614,0.007532793104037319,0.05016437879208198,0.04865846138790841,-0.034190295198893626,-0.0030725982081004433,0.022420293743248262,0.029239046041603076,-0.01716643065892033,-0.05170552055340498,0.027569887648712904,0.023430715203632928,-0.006168182739275538,-0.02293849920737115,-0.002502272133955437,-0.03822918968726599,-0.021114501589782286,-0.010610363839512131,0.043991417710869576,0.025361531866369944,0.0700873974026111,0.014166887868493547,0.04865846138790841,0.0993468489735135,-0.05701094276999384,0.02965804197745895,-0.007916068244571119,-0.04448842118155918,0.04304008957290586,0.0318175851877025,-0.011105485342782613,-0.022545168880909502,-0.03513853140778814,0.06725687869856045,-0.008522779211141935,0.049949032254232875,0.03367657822658991,0.001202490868585286,-0.09139108685390177,-0.0692253311633257,-0.025502377430411054,-0.020602052796238026,-0.034190295198893626,-0.05701094276999384,0.1138934152822132
0.03161692753144598,0.005481834717774549,-0.004844559580960928,0.016764888391430484,0.008067417251868256,0.008751976573011865,-0.002225027406503147,-0.020335779816143193,0.021758940238479137,-0.01130446701358085,0.016811807566986796,0.02162168227392483,0.0005471406466893581,-0.027645878243439365,-0.020377390637957623,0.012070988554356274,-0.007734173624321208,-0.004537225838958839,0.005168196391923125,0.029587649411981214,0.005481834717774549,0.05238823888067062,0.006215151224510134,0.018128728116222487,0.03129404902283938,0.0038357810157134548,-0.01591845322199755,-0.00548825230694085,0.008588410549699988,0.00523294477861083,-0.016130045022029305,0.0015679359024986274,0.011541280137586563,-0.04047315855279382,-0.014628523285570096,-0.008054064054757622,0.007418126186504734,0.0021572736559740155,0.01747753527962953,-0.005357775169832588,-0.004844559580960928,0.006215151224510134,0.052443115913222926,0.0032736055932861123,0.04104917785006168,0.010195910315709572,-0.025479945703361692,0.019111378375613955,0.0009238232085682998,0.012483845951145659,-0.0239156777995851,-0.0046704830654440985,0.029000770603263712,-0.00901167717623535,0.019894201844919315,-0.04084121992208548,0.00934150059891838,-0.006292793189676646,0.007758919873789988,-0.015237175360001437,0.016764888391430484,0.018128728116222487,0.0032736055932861123,0.04648468966239008,0.025428793687176425,0.006998380932434413,-0.007748982849197609,-0.025628072026564128,0.01767097315486385,-0.011877050487820898,-0.0016836514119836273,0.019921439995833522,0.0039829321928825535,-0.05820949962158642,-0.02825654641816118,0.00036701979090659684,0.005307342939154754,0.0006165467495642637,0.025084469190839342,0.025198425652366734,0.008067417251868256,0.03129404902283938,0.04104917785006168,0.025428793687176425,0.0902961847559194,0.0023197118264577073,-0.04271050666090877,0.01896667679363523,0.018487475146880802,0.006678113688405241,-0.031350478202186186,0.014910227992216238,0.05263941795210905,-0.05099044738506515,0.011631058586935306,-0.05541744072097919,0.00574755040739803,-0.020061310955314264,-0.006008893233176139,0.00473783720839081,0.008751976573011865,0.0038357810157134548,0.010195910315709572,0.006998380932434413,0.0023197118264577073,0.02119046091819687,0.001135917027385049,-0.017484908849123793,0.014108132766543404,-0.002288048568147421,-0.003054577719050538,0.0048404143093246765,-0.0021028157304435005,-0.01894251921032782,-0.012934033098461195,0.0014718421761981933,0.004645580110926629,0.008023240986722522,0.02382409206380315,-0.0035758454468105684,-0.002225027406503147,-0.01591845322199755,-0.025479945703361692,-0.007748982849197609,-0.04271050666090877,0.001135917027385049,0.04896487141334919,-0.006599424043372271,-0.009216824940385521,0.0003465743082615126,0.009605015015503617,-0.008522342832302385,-0.022111346402821946,0.028938144982043827,-0.005701795061986578,0.03232862057213057,0.010105493779049258,0.015276294931667727,0.011788635709968309,-0.0022852207819822803,-0.020335779816143193,-0.00548825230694085,0.019111378375613955,-0.025628072026564128,0.01896667679363523,-0.017484908849123793,-0.006599424043372271,0.08221821819228253,-0.038074021120564905,0.02491881537899899,-0.01670351004743941,-0.021919575607310247,0.026421251696362377,0.041040846507487766,0.04791208714790969,-0.03618966445024263,0.00905785845607979,-0.01556646562317101,-0.04812087767269514,-0.018998501291023262,0.021758940238479137,0.008588410549699988,0.0009238232085682998,0.01767097315486385,0.018487475146880802,0.014108132766543404,-0.009216824940385521,-0.038074021120564905,0.06298379441949763,-0.02136749146922786,0.0077652898912027625,0.022005196833473857,0.0014215768603765616,-0.035509658533421015,-0.022795779083153746,0.0004618329278021536,-0.011481746187304371,0.0006045938444485951,0.011372123375158437,0.023293887992501247,-0.01130446701358085,0.00523294477861083,0.012483845951145659,-0.011877050487820898,0.006678113688405241,-0.002288048568147421,0.0003465743082615126,0.02491881537899899,-0.02136749146922786,0.04404503902178113,-0.014076224925773935,-0.013544119028763252,0.02568306987717283,0.02278446874235346,0.025197488671964297,-0.02266897056293582,0.014864179227078828,-0.0068110459851997585,0.0018603812381043656,-0.023279431564235623,0.016811807566986796,-0.016130045022029305,-0.0239156777995851,-0.0016836514119836273,-0.031350478202186186,-0.003054577719050538,0.009605015015503617,-0.01670351004743941,0.0077652898912027625,-0.014076224925773935,0.05221284429043812,0.01311411834700846,-0.027341282592649924,-0.002772157586626604,-0.021137384853710965,0.04390808031184371,-0.026527090734750083,-0.00258892887167519,-0.013363472333167434,0.03381725581811182,0.02162168227392483,0.0015679359024986274,-0.0046704830654440985,0.019921439995833522,0.014910227992216238,0.0048404143093246765,-0.008522342832302385,-0.021919575607310247,0.022005196833473857,-0.013544119028763252,0.01311411834700846,0.04161218355187818,0.0047177537309802675,-0.03752028819489932,-0.023198463724732638,0.007879681863584183,-0.007144134914398102,-0.007763130660037842,-0.004290491177653779,0.030064970788720634,0.0005471406466893581,0.011541280137586563,0.029000770603263712,0.0039829321928825535,0.05263941795210905,-0.0021028157304435005,-0.022111346402821946,0.026421251696362377,0.0014215768603765616,0.02568306987717283,-0.027341282592649924,0.0047177537309802675,0.06712501491399214,-0.009390939373371493,0.029746560650256625,-0.057233371230008344,0.016028758084344643,-0.01993962117661448,-0.007880587886760496,-0.014864043805235653,-0.027645878243439365,-0.04047315855279382,-0.00901167717623535,-0.05820949962158642,-0.05099044738506515,-0.01894251921032782,0.028938144982043827,0.041040846507487766,-0.035509658533421015,0.02278446874235346,-0.002772157586626604,-0.03752028819489932,-0.009390939373371493,0.11839713730878342,0.05132573456966925,0.0016359707539535325,-0.0036597240135323324,0.007809523916984079,-0.0349527636149154,-0.03968913882468994,-0.020377390637957623,-0.014628523285570096,0.019894201844919315,-0.02825654641816118,0.011631058586935306,-0.012934033098461195,-0.005701795061986578,0.04791208714790969,-0.022795779083153746,0.025197488671964297,-0.021137384853710965,-0.023198463724732638,0.029746560650256625,0.05132573456966925,0.06438827510237291,-0.04176633059226062,0.005978407573989765,-0.007481395146936392,-0.025991873752738818,-0.029665273847496745,0.012070988554356274,-0.008054064054757622,-0.04084121992208548,0.00036701979090659684,-0.05541744072097919,0.0014718421761981933,0.03232862057213057,-0.03618966445024263,0.0004618329278021536,-0.02266897056293582,0.04390808031184371,0.007879681863584183,-0.057233371230008344,0.0016359707539535325,-0.04176633059226062,0.09508840160253786,-0.02186765189141187,0.018740819746967834,0.006168784211948722,0.0372398671866845,-0.007734173624321208,0.007418126186504734,0.00934150059891838,0.005307342939154754,0.00574755040739803,0.004645580110926629,0.010105493779049258,0.00905785845607979,-0.011481746187304371,0.014864179227078828,-0.026527090734750083,-0.007144134914398102,0.016028758084344643,-0.0036597240135323324,0.005978407573989765,-0.02186765189141187,0.04593932516787257,0.0046971711276607465,0.022577492853863724,-0.026209758560890407,-0.004537225838958839,0.0021572736559740155,-0.006292793189676646,0.0006165467495642637,-0.020061310955314264,0.008023240986722522,0.015276294931667727,-0.01556646562317101,0.0006045938444485951,-0.0068110459851997585,-0.00258892887167519,-0.007763130660037842,-0.01993962117661448,0.007809523916984079,-0.007481395146936392,0.018740819746967834,0.0046971711276607465,0.02724362164009929,0.02232059204497014,-0.006582428094113326,0.005168196391923125,0.01747753527962953,0.007758919873789988,0.025084469190839342,-0.006008893233176139,0.02382409206380315,0.011788635709968309,-0.04812087767269514,0.011372123375158437,0.0018603812381043656,-0.013363472333167434,-0.004290491177653779,-0.007880587886760496,-0.0349527636149154,-0.025991873752738818,0.006168784211948722,0.022577492853863724,0.02232059204497014,0.08765703727145605,-0.014107731160224027,0.029587649411981214,-0.005357775169832588,-0.015237175360001437,0.025198425652366734,0.00473783720839081,-0.0035758454468105684,-0.0022852207819822803,-0.018998501291023262,0.023293887992501247,-0.023279431564235623,0.03381725581811182,0.030064970788720634,-0.014864043805235653,-0.03968913882468994,-0.029665273847496745,0.0372398671866845,-0.026209758560890407,-0.006582428094113326,-0.014107731160224027,0.07705639885460495
