0.03547072608594327,0.01700275398827812,-0.003070839389806474,0.01944071132289732,-0.0018093473911114095,-0.021034724187126454,0.004119230813946282,0.023237665318062466,-0.006979231241220068,0.0007242060843715651,-0.002063166290019191,-0.024005326046548862,-0.013845713748513996,-0.012683626443580617,-0.0035147692757202505,0.012031883747153391,-0.019294504551942756,-0.011220798315330745,0.013600697295886682,0.022832375617437974,0.01700275398827812,0.04285149828179947,-0.0032960975849567866,0.012158191956342126,0.0012062916509889964,-0.009515324121010586,0.0036606600016534383,0.02128673207960091,-0.0015477347825082891,0.0005359800240038453,-0.004217498864787024,-0.012994146070893765,-0.007820357213771598,-0.01219019825597882,-0.002255628305445008,0.008285067883693476,-0.012101443989005081,-0.0018477748474705802,0.014207633153739116,0.012456929093614996,-0.003070839389806474,-0.0032960975849567866,0.03387674893467957,-0.002314570702973722,0.00352619931698093,0.002739883927495161,0.00025484793428129403,0.00162182045913702,0.0040283087847678666,-0.003065772360334778,0.0033663068450605557,0.015037592136437385,0.005730192921651721,0.009796666020079527,0.0030795232671435658,-0.0086034990821597,0.0016942199349892536,0.005411472220868378,-0.00146419274789735,-0.005004067530486647,0.01944071132289732,0.012158191956342126,-0.002314570702973722,0.03181425718979265,-0.000641006416270492,-0.00214119866001015,0.00810514036188014,0.007561474457518302,0.0021779223474465274,0.0028447248904994583,0.0021364727169709183,-0.009283800674600825,-0.0052014564760180255,-0.007833571996402763,-0.00284675003292499,0.011581905065009737,-0.006027112483536529,-0.0050242395468766046,0.0027711093709949152,0.013818331407143943,-0.0018093473911114095,0.0012062916509889964,0.00352619931698093,-0.000641006416270492,0.019275871632096122,0.0010204788732264606,0.0007187857044793877,-0.0022877347691684703,0.009561950862066465,0.004836905970288177,0.001294250398851554,0.0029971677112768623,0.007086680972957378,0.001270102861969017,0.00470296346524459,-0.004722872249176825,0.0036711906484818016,0.004309911720396827,0.0006190231145637978,-0.009565124949809812,-0.021034724187126454,-0.009515324121010586,0.002739883927495161,-0.00214119866001015,0.0010204788732264606,0.05109968005454768,-0.008590684313711499,-0.02881428516863043,0.0037639441057510607,-0.01320829401935968,0.006020114860228889,0.029095783724001147,0.006245853565469126,0.01500627285415833,0.0034334339864053993,0.010086224279505717,0.035617252482306946,0.014831274385116305,-0.019440716378418196,-0.023615491292150455,0.004119230813946282,0.0036606600016534383,0.00025484793428129403,0.00810514036188014,0.0007187857044793877,-0.008590684313711499,0.01698349724399087,0.005032601195247248,0.002284859200097865,0.005989895558713153,-0.0030412731302817573,-0.009483217249278435,-0.0003060533723768603,-0.0003729934262863717,0.006734767181422414,0.0004033483221711296,0.0003460494116985179,-0.0029290616745804385,0.0006428943368931592,-0.0020092478940331206,0.023237665318062466,0.02128673207960091,0.00162182045913702,0.007561474457518302,-0.0022877347691684703,-0.02881428516863043,0.005032601195247248,0.05259715189211209,-0.006242913096883977,0.00394796265348887,-0.004999130526495254,-0.02578151658801915,-0.011294249019574296,-0.01704870912231573,-0.004000743423903714,0.004716979770107133,-0.028336801513295845,-0.012443032842094536,0.025703207460610625,0.03780047321888795,-0.006979231241220068,-0.0015477347825082891,0.0040283087847678666,0.0021779223474465274,0.009561950862066465,0.0037639441057510607,0.002284859200097865,-0.006242913096883977,0.03682562451128421,0.013973944534792934,0.0016539823102454671,0.007269820317396701,0.0123555269173354,0.001039940207434469,0.01020199826175706,-0.020337269932412298,-0.0031542650559586802,0.0033847145708618626,0.0012380182845845838,-0.010809919129492508,0.0007242060843715651,0.0005359800240038453,-0.003065772360334778,0.0028447248904994583,0.004836905970288177,-0.01320829401935968,0.005989895558713153,0.00394796265348887,0.013973944534792934,0.033386303560756087,0.0047874838602336494,-0.009965992651438422,0.004741478074371943,-0.003547370634510878,0.010869477404225086,-0.012421794092353205,-0.004609619978664816,-0.009792797784869096,0.0076198497629232625,-0.002601840511124866,-0.002063166290019191,-0.004217498864787024,0.0033663068450605557,0.0021364727169709183,0.001294250398851554,0.006020114860228889,-0.0030412731302817573,-0.004999130526495254,0.0016539823102454671,0.0047874838602336494,0.02286578894222876,0.0041966836690519645,0.003144048801259091,0.004599308428842441,0.006633707500344732,6.386229118806501e-5,0.009106368004660585,-0.004260536686742687,0.003315441216626064,-0.002802759565685145,-0.024005326046548862,-0.012994146070893765,0.015037592136437385,-0.009283800674600825,0.0029971677112768623,0.029095783724001147,-0.009483217249278435,-0.02578151658801915,0.007269820317396701,-0.009965992651438422,0.0041966836690519645,0.050309831232228125,0.0064698461603935175,0.01941960279435602,0.0016210346023049016,-0.00013181866141165685,0.02779666296300027,0.022806567301328427,-0.015864543761955445,-0.021495850347267594,-0.013845713748513996,-0.007820357213771598,0.005730192921651721,-0.0052014564760180255,0.007086680972957378,0.006245853565469126,-0.0003060533723768603,-0.011294249019574296,0.0123555269173354,0.004741478074371943,0.003144048801259091,0.0064698461603935175,0.042045145278379846,0.015608053869849696,0.014033371871023492,-0.019853423008430706,0.011434768336325778,0.0056858584261115265,-0.007897702609467438,-0.018817086052259145,-0.012683626443580617,-0.01219019825597882,0.009796666020079527,-0.007833571996402763,0.001270102861969017,0.01500627285415833,-0.0003729934262863717,-0.01704870912231573,0.001039940207434469,-0.003547370634510878,0.004599308428842441,0.01941960279435602,0.015608053869849696,0.03869602280765708,0.004643698906437863,-0.008447390468841194,0.019534681240118812,0.012607575443014732,-0.01118996356016054,-0.017174763554052508,-0.0035147692757202505,-0.002255628305445008,0.0030795232671435658,-0.00284675003292499,0.00470296346524459,0.0034334339864053993,0.006734767181422414,-0.004000743423903714,0.01020199826175706,0.010869477404225086,0.006633707500344732,0.0016210346023049016,0.014033371871023492,0.004643698906437863,0.03067763153890702,-0.013690503544010753,0.007256396814953495,-0.006370389656311025,0.00021426020408950492,-0.011268951503394863,0.012031883747153391,0.008285067883693476,-0.0086034990821597,0.011581905065009737,-0.004722872249176825,0.010086224279505717,0.0004033483221711296,0.004716979770107133,-0.020337269932412298,-0.012421794092353205,6.386229118806501e-5,-0.00013181866141165685,-0.019853423008430706,-0.008447390468841194,-0.013690503544010753,0.05049910692648511,0.0057368921863393905,0.0030820458470544793,0.0022532832143141207,0.013843250231464755,-0.019294504551942756,-0.012101443989005081,0.0016942199349892536,-0.006027112483536529,0.0036711906484818016,0.035617252482306946,0.0003460494116985179,-0.028336801513295845,-0.0031542650559586802,-0.004609619978664816,0.009106368004660585,0.02779666296300027,0.011434768336325778,0.019534681240118812,0.007256396814953495,0.0057368921863393905,0.055060209572891455,0.0135322355598761,-0.02133875971403283,-0.027881340950962893,-0.011220798315330745,-0.0018477748474705802,0.005411472220868378,-0.0050242395468766046,0.004309911720396827,0.014831274385116305,-0.0029290616745804385,-0.012443032842094536,0.0033847145708618626,-0.009792797784869096,-0.004260536686742687,0.022806567301328427,0.0056858584261115265,0.012607575443014732,-0.006370389656311025,0.0030820458470544793,0.0135322355598761,0.03401660191312227,-0.01320382322527414,-0.008240653475105771,0.013600697295886682,0.014207633153739116,-0.00146419274789735,0.0027711093709949152,0.0006190231145637978,-0.019440716378418196,0.0006428943368931592,0.025703207460610625,0.0012380182845845838,0.0076198497629232625,0.003315441216626064,-0.015864543761955445,-0.007897702609467438,-0.01118996356016054,0.00021426020408950492,0.0022532832143141207,-0.02133875971403283,-0.01320382322527414,0.03872047690746646,0.018653477535334653,0.022832375617437974,0.012456929093614996,-0.005004067530486647,0.013818331407143943,-0.009565124949809812,-0.023615491292150455,-0.0020092478940331206,0.03780047321888795,-0.010809919129492508,-0.002601840511124866,-0.002802759565685145,-0.021495850347267594,-0.018817086052259145,-0.017174763554052508,-0.011268951503394863,0.013843250231464755,-0.027881340950962893,-0.008240653475105771,0.018653477535334653,0.057395676903493766
