0.03687337129900908,-0.0002348291752561119,0.019467745807949462,-0.016774566240074194,-0.007649283025899584,0.012963400361506902,0.010323524881085205,-0.0012585308799920839,0.013040760001980692,0.009277109626692275,-0.0007898437486999711,-0.01615984478285278,-0.004776080360143396,-0.00516288761188719,0.00883105946242117,0.0010478071017531849,-0.001560288817909504,-0.010817507410797171,-0.006121942216761339,-0.0025131987959804104,-0.0002348291752561119,0.0287838033029281,0.018223287486468592,-0.010940817687116673,-0.007024192587761703,0.012104068052446168,-0.0012568091078561019,-0.012874943379200952,0.0018062260747266007,0.010515293562587652,0.005863736424276301,-0.007014444663524263,-0.002958078490400946,-0.0014552900394321946,0.004575998949913115,0.010495917750637258,-0.0064151537461682945,-0.007297875967169339,-0.002797084249947606,-0.012008242575579387,0.019467745807949462,0.018223287486468592,0.08338148893323172,-0.024899713048833344,-0.022731873925551274,0.018225978853157854,0.018012097310654847,-0.016366774717270813,0.012050582058668949,0.022896416486944418,-0.003982953253371215,-0.017490839859650536,-0.011747852863176634,-0.0026637111025785165,0.016913616852664043,-0.00924583280504316,-0.001928239620640696,-0.012770216087884322,-0.01643301478862419,0.0037208728131479735,-0.016774566240074194,-0.010940817687116673,-0.024899713048833344,0.06872113497816754,0.019345518321919487,-0.018225176520267533,-0.0017824376624666646,0.009287996309435213,-0.014919649121011356,-0.010393263651241894,-0.013250743216569891,0.016837458744464982,0.00629405083765154,0.004939719439244757,-0.020366422600473243,-0.008779349907679873,0.005353779772822297,0.007344982605673165,0.012387941039770138,-0.0004538275343158823,-0.007649283025899584,-0.007024192587761703,-0.022731873925551274,0.019345518321919487,0.02962607793191429,-0.014754862270423955,-0.005652624149147557,0.017966862746235435,-0.0013030273980038577,-0.013824313263829201,0.0010827499563678042,0.004550099759623205,0.0030380066956005184,-0.0002712794784035115,-0.012999122314250142,-0.011274813858418482,0.011654110648976476,0.005665567519677835,0.008687059574733052,0.0037748593819706446,0.012963400361506902,0.012104068052446168,0.018225978853157854,-0.018225176520267533,-0.014754862270423955,0.04367971921656385,0.003384425515832809,-0.026461577761632514,0.0060274135189970005,0.023470448319935618,0.00922215028082653,-0.005647034169683348,-0.004676539239683525,-0.0022270755852639773,0.004823325729639107,0.026964002723536246,-0.017583834149813453,-0.012839792658452715,-0.0063228708936524085,-0.021278496519599586,0.010323524881085205,-0.0012568091078561019,0.018012097310654847,-0.0017824376624666646,-0.005652624149147557,0.003384425515832809,0.030720354833464508,0.0024311304998388024,-0.0024878822764041585,0.011887360923001194,-0.015716187435461104,-0.0022701059566403257,-0.0025875267324924323,-0.006029684944231062,0.0058183307138756695,-0.006001257037319508,0.006051524070043719,-0.004385398211720605,-0.01226449195188965,0.005719932393956544,-0.0012585308799920839,-0.012874943379200952,-0.016366774717270813,0.009287996309435213,0.017966862746235435,-0.026461577761632514,0.0024311304998388024,0.05760241062096962,0.002326313118932397,-0.012999810550328818,-0.012192076495876341,0.005880694935605256,0.006909752016963356,-0.006135725777613638,-0.003721838076754076,-0.02830107495105847,0.022622516732120075,0.0033300650424349324,0.0020418387405649707,0.011462004096762853,0.013040760001980692,0.0018062260747266007,0.012050582058668949,-0.014919649121011356,-0.0013030273980038577,0.0060274135189970005,-0.0024878822764041585,0.002326313118932397,0.024818495048545386,0.0014979785788334702,0.0057987663212444255,-0.010425632862178276,0.0005428780507091368,-0.0028696654296554817,0.007336282527330823,-0.002353607369687767,-0.004330395388978805,0.0012858655809316142,-0.006215020054533298,-0.009350362120976102,0.009277109626692275,0.010515293562587652,0.022896416486944418,-0.010393263651241894,-0.013824313263829201,0.023470448319935618,0.011887360923001194,-0.012999810550328818,0.0014979785788334702,0.049043305749073715,0.0008533384365364276,-0.0034611864429727975,-0.00391892214096235,-0.009015336112066612,0.01497974983872018,0.0293995884022165,-0.006396077067511039,-0.011253079412725672,-0.012868403199520722,-0.01698882253754902,-0.0007898437486999711,0.005863736424276301,-0.003982953253371215,-0.013250743216569891,0.0010827499563678042,0.00922215028082653,-0.015716187435461104,-0.012192076495876341,0.0057987663212444255,0.0008533384365364276,0.03188660996330148,-0.007080215043671354,-0.0014519338941664855,-0.0008793096311165297,-0.00024293578729440751,0.015304605907897529,-0.009302343224827703,0.007934215271877737,0.00035407421190892466,-0.008494868947267645,-0.01615984478285278,-0.007014444663524263,-0.017490839859650536,0.016837458744464982,0.004550099759623205,-0.005647034169683348,-0.0022701059566403257,0.005880694935605256,-0.010425632862178276,-0.0034611864429727975,-0.007080215043671354,0.03916634524046474,-0.0014389731552104873,0.005682119857137331,-0.007997983940598273,-0.009068408931248086,0.000858416173502626,0.009860853335272608,0.004518414179865973,0.007221261392247225,-0.004776080360143396,-0.002958078490400946,-0.011747852863176634,0.00629405083765154,0.0030380066956005184,-0.004676539239683525,-0.0025875267324924323,0.006909752016963356,0.0005428780507091368,-0.00391892214096235,-0.0014519338941664855,-0.0014389731552104873,0.0150246552454823,0.001618583436815888,-0.001830856440692649,0.0055338393544956555,0.0019955608252346917,-0.0012135606251666262,0.00461112523591119,-0.007928821654608762,-0.00516288761188719,-0.0014552900394321946,-0.0026637111025785165,0.004939719439244757,-0.0002712794784035115,-0.0022270755852639773,-0.006029684944231062,-0.006135725777613638,-0.0028696654296554817,-0.009015336112066612,-0.0008793096311165297,0.005682119857137331,0.001618583436815888,0.019339844547567726,0.0012009655520080482,-0.0016120782849248796,-0.0002484889888257956,0.0011714415497737383,0.001093734224836366,-0.0001431036439519812,0.00883105946242117,0.004575998949913115,0.016913616852664043,-0.020366422600473243,-0.012999122314250142,0.004823325729639107,0.0058183307138756695,-0.003721838076754076,0.007336282527330823,0.01497974983872018,-0.00024293578729440751,-0.007997983940598273,-0.001830856440692649,0.0012009655520080482,0.03236181299815385,0.013373228966878863,-0.000750230274849484,-0.003485799648982656,-0.005793758380694293,-0.003376910149732335,0.0010478071017531849,0.010495917750637258,-0.00924583280504316,-0.008779349907679873,-0.011274813858418482,0.026964002723536246,-0.006001257037319508,-0.02830107495105847,-0.002353607369687767,0.0293995884022165,0.015304605907897529,-0.009068408931248086,0.0055338393544956555,-0.0016120782849248796,0.013373228966878863,0.07193728825943764,-0.019762937544911364,-0.010348232011173061,0.000809483939724428,-0.036452935630143915,-0.001560288817909504,-0.0064151537461682945,-0.001928239620640696,0.005353779772822297,0.011654110648976476,-0.017583834149813453,0.006051524070043719,0.022622516732120075,-0.004330395388978805,-0.006396077067511039,-0.009302343224827703,0.000858416173502626,0.0019955608252346917,-0.0002484889888257956,-0.000750230274849484,-0.019762937544911364,0.04263958538531688,0.006019373921207053,-0.006503842136950768,0.017187219902568517,-0.010817507410797171,-0.007297875967169339,-0.012770216087884322,0.007344982605673165,0.005665567519677835,-0.012839792658452715,-0.004385398211720605,0.0033300650424349324,0.0012858655809316142,-0.011253079412725672,0.007934215271877737,0.009860853335272608,-0.0012135606251666262,0.0011714415497737383,-0.003485799648982656,-0.010348232011173061,0.006019373921207053,0.04214082021485899,0.003669159512245268,0.015078423334346846,-0.006121942216761339,-0.002797084249947606,-0.01643301478862419,0.012387941039770138,0.008687059574733052,-0.0063228708936524085,-0.01226449195188965,0.0020418387405649707,-0.006215020054533298,-0.012868403199520722,0.00035407421190892466,0.004518414179865973,0.00461112523591119,0.001093734224836366,-0.005793758380694293,0.000809483939724428,-0.006503842136950768,0.003669159512245268,0.018496068791645053,-0.0016942677003851042,-0.0025131987959804104,-0.012008242575579387,0.0037208728131479735,-0.0004538275343158823,0.0037748593819706446,-0.021278496519599586,0.005719932393956544,0.011462004096762853,-0.009350362120976102,-0.01698882253754902,-0.008494868947267645,0.007221261392247225,-0.007928821654608762,-0.0001431036439519812,-0.003376910149732335,-0.036452935630143915,0.017187219902568517,0.015078423334346846,-0.0016942677003851042,0.05565983245959555
0.03446436028636914,0.001955341600082206,-0.00543828496063772,-0.01629952006022311,-0.006359793748283781,0.009443747869093626,0.028976954495182932,-0.01451531156634114,-0.00208061053329048,0.006817403066939592,0.00479758551974099,-0.013594411845068839,0.01003977598580293,-0.0003901825149904788,0.00836461913513811,0.02468676396947829,-0.011396287063436625,-0.013323990876717,-0.00013983438941031143,-0.010742460895798318,0.001955341600082206,0.039947697809130496,0.011223323357629855,-0.001956518613364426,-0.012926727878655416,0.023335908000886228,0.006443464459352882,-0.030504994516035888,0.006928251736409638,0.0009320462066499786,-0.004570327801411829,-0.005500855740973081,0.02016924659126896,-0.005512131372636914,0.005396816013327565,0.0064286934318063885,-0.02040046019724675,-0.026451332512889163,0.002971219516651173,-0.012412320604179804,-0.00543828496063772,0.011223323357629855,0.059941773943579905,-0.016801734172419397,-0.024772081862591895,0.006545748944254479,0.027011128698475825,0.0009014285261901502,-0.0015661647986210908,0.031483612954505434,-0.01043534788114427,-0.01987482651237224,0.006703933937409702,0.011549947365639121,0.02912965729413837,0.0025384384783024095,-0.008599404989279542,-0.0016231842616242194,-0.014887260407611663,-0.03739504972635001,-0.01629952006022311,-0.001956518613364426,-0.016801734172419397,0.07367128961357855,0.013262111937486377,-0.025074615584445372,-0.053497112872300884,0.015507347087587279,0.0038646073662486663,-0.019452692543088745,-0.00177679587328726,0.02350891315393911,-0.005533690608608361,-0.0012624445022148645,-0.029143600195970426,-0.03382128098377296,0.002262857016163763,0.0016314953868067938,0.011751740054528358,0.008775192441762267,-0.006359793748283781,-0.012926727878655416,-0.024772081862591895,0.013262111937486377,0.04205253858954668,-0.012776487906290008,-0.03707757724508197,0.0013445889825066048,0.00037740488568626946,-0.02879035735536202,0.0050221577538025995,0.021708058093407374,-0.021696215663713977,-0.004368810224785575,-0.026347561406357124,-0.01685082875174752,0.02782646698121842,0.0038918494939851117,0.01580870032689069,0.03373561432074764,0.009443747869093626,0.023335908000886228,0.006545748944254479,-0.025074615584445372,-0.012776487906290008,0.07659924655721174,0.03265571668825114,-0.030820063728486044,0.01516962966766549,0.010988301182807327,0.0025436528843897923,-0.007329034154779946,0.013890614335345646,-0.01871983560812205,0.00346790309902226,0.032752561705826744,-0.02287876496520172,-0.025337486337202474,-0.006181199217619967,-0.005843445353174389,0.028976954495182932,0.006443464459352882,0.027011128698475825,-0.053497112872300884,-0.03707757724508197,0.03265571668825114,0.14349472446232342,-0.01194858290940211,-0.013771819234774158,0.055510314927719656,-0.007047332188491641,-0.060904802977455354,0.044707388843627835,0.008371985542536264,0.045521752276297206,0.05575564762798285,-0.04577161354028962,0.0009883006036884951,-0.03302336578455173,-0.0517053976734844,-0.01451531156634114,-0.030504994516035888,0.0009014285261901502,0.015507347087587279,0.0013445889825066048,-0.030820063728486044,-0.01194858290940211,0.06254955210431853,-0.001075391514977681,0.012945830529268176,-0.006134676730676482,0.005018067585986715,-0.015282110451177371,0.011374554929597278,0.004485719665516729,-0.02215221057154708,0.01654022528905353,0.03167534137422037,-0.011450192045432597,-0.005057167908608231,-0.00208061053329048,0.006928251736409638,-0.0015661647986210908,0.0038646073662486663,0.00037740488568626946,0.01516962966766549,-0.013771819234774158,-0.001075391514977681,0.024691250802026582,-0.0015683036260210465,-0.0006727938160804576,0.003969443017423972,-8.970160629880562e-6,-0.0061509655710211796,-0.007953012509455775,-0.006165561932273286,-0.0017567059960046966,-0.006403019330015983,-0.008517528443354783,-0.001683009640296296,0.006817403066939592,0.0009320462066499786,0.031483612954505434,-0.019452692543088745,-0.02879035735536202,0.010988301182807327,0.055510314927719656,0.012945830529268176,-0.0015683036260210465,0.06822009107529145,-0.009596392527185913,-0.035341503513410796,0.023674970104937805,0.011794490923065481,0.02775942937549539,0.022234947710573827,-0.021979741063922698,0.008121010203497571,-0.027804311743612756,-0.037798336190360306,0.00479758551974099,-0.004570327801411829,-0.01043534788114427,-0.00177679587328726,0.0050221577538025995,0.0025436528843897923,-0.007047332188491641,-0.006134676730676482,-0.0006727938160804576,-0.009596392527185913,0.017982079390863687,0.0021739109460532403,-0.0004296499799856308,-0.0036884298648687157,-0.007451885769754233,0.006822694937996256,0.001977774576631796,0.005154015604968263,0.0027576872041916965,0.014257181395339208,-0.013594411845068839,-0.005500855740973081,-0.01987482651237224,0.02350891315393911,0.021708058093407374,-0.007329034154779946,-0.060904802977455354,0.005018067585986715,0.003969443017423972,-0.035341503513410796,0.0021739109460532403,0.04913813198018521,-0.027313039081288064,-0.006000758929578104,-0.02282414176299818,-0.028426193599326653,0.01907509637500039,-0.003751959858173767,0.01893408892102592,0.031700399494941425,0.01003977598580293,0.02016924659126896,0.006703933937409702,-0.005533690608608361,-0.021696215663713977,0.013890614335345646,0.044707388843627835,-0.015282110451177371,-8.970160629880562e-6,0.023674970104937805,-0.0004296499799856308,-0.027313039081288064,0.04942726373375156,0.0032200255906690593,0.012313095326068196,0.015475000923705923,-0.02979543663722141,-0.012157534025900387,-0.00726455276471932,-0.020352664533247973,-0.0003901825149904788,-0.005512131372636914,0.011549947365639121,-0.0012624445022148645,-0.004368810224785575,-0.01871983560812205,0.008371985542536264,0.011374554929597278,-0.0061509655710211796,0.011794490923065481,-0.0036884298648687157,-0.006000758929578104,0.0032200255906690593,0.02480558760337225,0.016774826522567517,-0.0006967833373952998,-0.0002586848698680693,0.014961021644719907,-0.006118790380920948,-0.01317278582500311,0.00836461913513811,0.005396816013327565,0.02912965729413837,-0.029143600195970426,-0.026347561406357124,0.00346790309902226,0.045521752276297206,0.004485719665516729,-0.007953012509455775,0.02775942937549539,-0.007451885769754233,-0.02282414176299818,0.012313095326068196,0.016774826522567517,0.052950260577222165,0.019947313832701544,-0.018693193303531093,0.0013884338719217307,-0.008160025310402198,-0.0398834238622133,0.02468676396947829,0.0064286934318063885,0.0025384384783024095,-0.03382128098377296,-0.01685082875174752,0.032752561705826744,0.05575564762798285,-0.02215221057154708,-0.006165561932273286,0.022234947710573827,0.006822694937996256,-0.028426193599326653,0.015475000923705923,-0.0006967833373952998,0.019947313832701544,0.06911331910401276,-0.024442201317585822,-0.000785919309741462,-0.0070724915855801315,-0.020616021489071015,-0.011396287063436625,-0.02040046019724675,-0.008599404989279542,0.002262857016163763,0.02782646698121842,-0.02287876496520172,-0.04577161354028962,0.01654022528905353,-0.0017567059960046966,-0.021979741063922698,0.001977774576631796,0.01907509637500039,-0.02979543663722141,-0.0002586848698680693,-0.018693193303531093,-0.024442201317585822,0.047814986213975105,0.015480243410072581,0.008401289179486862,0.031221431259896033,-0.013323990876717,-0.026451332512889163,-0.0016231842616242194,0.0016314953868067938,0.0038918494939851117,-0.025337486337202474,0.0009883006036884951,0.03167534137422037,-0.006403019330015983,0.008121010203497571,0.005154015604968263,-0.003751959858173767,-0.012157534025900387,0.014961021644719907,0.0013884338719217307,-0.000785919309741462,0.015480243410072581,0.06285807005996005,-0.007799104506091169,0.014429045202139442,-0.00013983438941031143,0.002971219516651173,-0.014887260407611663,0.011751740054528358,0.01580870032689069,-0.006181199217619967,-0.03302336578455173,-0.011450192045432597,-0.008517528443354783,-0.027804311743612756,0.0027576872041916965,0.01893408892102592,-0.00726455276471932,-0.006118790380920948,-0.008160025310402198,-0.0070724915855801315,0.008401289179486862,-0.007799104506091169,0.028133242747574557,0.016365396118446063,-0.010742460895798318,-0.012412320604179804,-0.03739504972635001,0.008775192441762267,0.03373561432074764,-0.005843445353174389,-0.0517053976734844,-0.005057167908608231,-0.001683009640296296,-0.037798336190360306,0.014257181395339208,0.031700399494941425,-0.020352664533247973,-0.01317278582500311,-0.0398834238622133,-0.020616021489071015,0.031221431259896033,0.014429045202139442,0.016365396118446063,0.08939494732134828
