0.022473516268382086,0.005492312873328581,0.008583684006102741,0.007077953653924552,0.0022147230156343337,0.010431546422244767,-0.003104504520270444,-0.0003731087130688899,0.004500364174526702,-0.0035413210910763453,-0.000737131783534948,0.004172803167862406,-0.002559017829132406,0.0026133870336004857,0.0037734853791598533,-0.0012013571818594942,-0.010907750049325792,0.0009301831081908508,-0.006470983517400023,-0.0030376606915799077,0.005492312873328581,0.020757297421304676,0.002740322503178612,-0.002128049113141733,-0.0007992479838934085,0.00228600032746565,0.0028890096580592873,0.004097597216228627,-0.0014267650602393218,0.0033652265052422957,0.0027107104471841316,-0.005506988674945862,-0.005918619291160564,-0.0023935501552407807,-0.004707923577306495,-0.007277736931279932,0.0015826912100802976,-0.0023231391489681,0.009833764685589753,-0.005114968716212483,0.008583684006102741,0.002740322503178612,0.030636128727207376,0.00047858514548696895,-0.0023017393044589217,0.006057419115343966,0.001581219105338799,-0.007529419206454746,0.00016600697750031307,0.0005709108272136824,0.0031723765707544213,0.0013006763074485113,0.0015581195172975585,-0.004516570776997948,-0.006334345342468097,-0.00041632997079672535,-0.006070917316566353,-0.009271634117495174,0.007791426375065181,-0.00630701258806597,0.007077953653924552,-0.002128049113141733,0.00047858514548696895,0.01791434335497008,-0.003024605009330917,0.0017309363918310296,-0.0017716336273827678,-0.003108533485622742,0.004597791804933306,-0.0012572497427891076,-0.00018204870034204724,0.0013326959579938766,0.007403368327375755,0.0008909086672748449,-0.005447825616977464,0.005045740408946008,-0.008209471150281856,0.004727291016444283,-0.0030732178493415373,-0.0063640157665331865,0.0022147230156343337,-0.0007992479838934085,-0.0023017393044589217,-0.003024605009330917,0.02659363076023507,-0.0023033176154662015,0.00850526965069132,-0.0004933627022741057,-0.0022819961144974264,0.0013908201123366726,-0.00018166872526672884,-0.003953475389384565,0.0008440299912669638,-0.001761849539577825,0.002295975060638043,-0.006722907196114597,0.0014608045423042163,0.00039728744407878294,-0.0052299886699157284,-0.005068881024192696,0.010431546422244767,0.00228600032746565,0.006057419115343966,0.0017309363918310296,-0.0023033176154662015,0.017279487389219604,0.0004318459983482367,-0.00016853513851783147,0.0018531301457250992,-0.002542115508751295,-0.0011998511842835594,-0.0007584706023389993,-0.002869033410366653,-0.001583536318748954,-0.0018830529956355212,0.001321647216158399,-0.00034078388043327055,-6.534801056361185e-5,0.0007670282878273677,-0.0018385470369001993,-0.003104504520270444,0.0028890096580592873,0.001581219105338799,-0.0017716336273827678,0.00850526965069132,0.0004318459983482367,0.030132913618361745,0.00494017197804719,-0.0037644758046403285,0.0023662658387728942,0.00029525089827442006,-0.00300667982558602,0.0034051075002124484,-0.001995803336008425,-0.006379056950704119,-0.008502640002515665,0.010245007079513709,-0.004290650508191733,0.0031802963941598918,-0.004251233042874952,-0.0003731087130688899,0.004097597216228627,-0.007529419206454746,-0.003108533485622742,-0.0004933627022741057,-0.00016853513851783147,0.00494017197804719,0.04141755042105145,-0.009262840511041589,-0.012616650010122101,0.006278269051239333,-0.0009822127209917306,-0.007401153984574072,6.25018818391689e-5,0.0007118093963634094,-0.0047198741938990285,0.009038740827024775,-0.0065316137607096085,-0.00024247516184701065,0.002644175198489961,0.004500364174526702,-0.0014267650602393218,0.00016600697750031307,0.004597791804933306,-0.0022819961144974264,0.0018531301457250992,-0.0037644758046403285,-0.009262840511041589,0.030596257901917643,0.003214252338261499,-0.0005760145672785273,0.00543652956275534,0.0006720667872896389,0.002216628965329443,-0.001976195320923917,0.004881895457537895,-0.016649983963747804,0.0028277485885223213,-0.00790744854349792,0.006191331107244791,-0.0035413210910763453,0.0033652265052422957,0.0005709108272136824,-0.0012572497427891076,0.0013908201123366726,-0.002542115508751295,0.0023662658387728942,-0.012616650010122101,0.003214252338261499,0.02750980262115747,-0.0014411358352558485,-0.009295977573267934,-0.0009754636449757894,0.0035835741875292083,-0.003143155182826136,-0.005044352858805791,0.0008964418662759837,0.0068887617944686655,0.009486150523460059,-0.002348034175898868,-0.000737131783534948,0.0027107104471841316,0.0031723765707544213,-0.00018204870034204724,-0.00018166872526672884,-0.0011998511842835594,0.00029525089827442006,0.006278269051239333,-0.0005760145672785273,-0.0014411358352558485,0.0304750655516598,0.008188305291694398,-0.0009442223226088702,-0.0010156418753485244,-0.002499739685133784,-0.002718606712701053,-0.0030780838911688485,-0.00472169285593726,0.00046643267824489376,-0.0031228274368756723,0.004172803167862406,-0.005506988674945862,0.0013006763074485113,0.0013326959579938766,-0.003953475389384565,-0.0007584706023389993,-0.00300667982558602,-0.0009822127209917306,0.00543652956275534,-0.009295977573267934,0.008188305291694398,0.029051079886918938,0.004320609029507339,-0.0036757565231077954,0.005366140557515246,0.003911117680528435,-0.006583626395431033,-0.0028079254038494753,-0.0063468203671387495,0.0005908134463751223,-0.002559017829132406,-0.005918619291160564,0.0015581195172975585,0.007403368327375755,0.0008440299912669638,-0.002869033410366653,0.0034051075002124484,-0.007401153984574072,0.0006720667872896389,-0.0009754636449757894,-0.0009442223226088702,0.004320609029507339,0.031864214244992445,0.00037598262391544076,-0.0008998776884379571,0.005249770802555535,-0.0017860640163781974,0.0023257604560557163,-0.006050918491657746,0.00020971936947671092,0.0026133870336004857,-0.0023935501552407807,-0.004516570776997948,0.0008909086672748449,-0.001761849539577825,-0.001583536318748954,-0.001995803336008425,6.25018818391689e-5,0.002216628965329443,0.0035835741875292083,-0.0010156418753485244,-0.0036757565231077954,0.00037598262391544076,0.027347386051675956,0.0009960665059986459,-0.0010904991193789082,-0.010105849427246183,0.011415618880577634,-0.006238586838992406,0.005182871765217728,0.0037734853791598533,-0.004707923577306495,-0.006334345342468097,-0.005447825616977464,0.002295975060638043,-0.0018830529956355212,-0.006379056950704119,0.0007118093963634094,-0.001976195320923917,-0.003143155182826136,-0.002499739685133784,0.005366140557515246,-0.0008998776884379571,0.0009960665059986459,0.024960820784401587,0.0014980643097074588,0.0032399774229133487,0.0070066178368234705,-0.004736382315454071,0.0007501499695915967,-0.0012013571818594942,-0.007277736931279932,-0.00041632997079672535,0.005045740408946008,-0.006722907196114597,0.001321647216158399,-0.008502640002515665,-0.0047198741938990285,0.004881895457537895,-0.005044352858805791,-0.002718606712701053,0.003911117680528435,0.005249770802555535,-0.0010904991193789082,0.0014980643097074588,0.024979856347078527,-0.0033521366810752087,0.0043121035225841785,-0.007698043404911132,0.006645143360126426,-0.010907750049325792,0.0015826912100802976,-0.006070917316566353,-0.008209471150281856,0.0014608045423042163,-0.00034078388043327055,0.010245007079513709,0.009038740827024775,-0.016649983963747804,0.0008964418662759837,-0.0030780838911688485,-0.006583626395431033,-0.0017860640163781974,-0.010105849427246183,0.0032399774229133487,-0.0033521366810752087,0.03781172920783269,-0.006247619985804798,0.012198523866538144,-0.0026940250134569075,0.0009301831081908508,-0.0023231391489681,-0.009271634117495174,0.004727291016444283,0.00039728744407878294,-6.534801056361185e-5,-0.004290650508191733,-0.0065316137607096085,0.0028277485885223213,0.0068887617944686655,-0.00472169285593726,-0.0028079254038494753,0.0023257604560557163,0.011415618880577634,0.0070066178368234705,0.0043121035225841785,-0.006247619985804798,0.028963934219165995,-0.00675937513299002,0.0053109144014654545,-0.006470983517400023,0.009833764685589753,0.007791426375065181,-0.0030732178493415373,-0.0052299886699157284,0.0007670282878273677,0.0031802963941598918,-0.00024247516184701065,-0.00790744854349792,0.009486150523460059,0.00046643267824489376,-0.0063468203671387495,-0.006050918491657746,-0.006238586838992406,-0.004736382315454071,-0.007698043404911132,0.012198523866538144,-0.00675937513299002,0.03481512016314699,-0.004318724886411858,-0.0030376606915799077,-0.005114968716212483,-0.00630701258806597,-0.0063640157665331865,-0.005068881024192696,-0.0018385470369001993,-0.004251233042874952,0.002644175198489961,0.006191331107244791,-0.002348034175898868,-0.0031228274368756723,0.0005908134463751223,0.00020971936947671092,0.005182871765217728,0.0007501499695915967,0.006645143360126426,-0.0026940250134569075,0.0053109144014654545,-0.004318724886411858,0.030985986175167728
