0.02709730088722729,-0.006876464555645582,0.004694975333681718,0.007898525574800004,0.002634109543273755,0.012251746811036284,-0.016833243991101504,0.00810097370992829,0.0005960210600316005,-0.009434693221017101,0.0004983036585711645,0.019440526038698655,-0.0058713044945801485,0.00385093873472217,0.01965434389490371,0.004619314102370135,-0.015974305034788278,0.010037212579527395,-0.009451759296848095,-0.005609050380136921,-0.006876464555645582,0.02820860762960666,0.006847951533988329,-0.007905079640926264,-0.0006719815036386478,-0.0013851991681307035,0.008632853562066917,0.003931948101205761,-0.003521378690629306,-0.004156672772094588,0.005362017983184593,-0.015318193872242043,-0.0036851749622183526,-0.0025378744877302076,-0.02134415941915891,-0.013420064033897786,0.006065947374159721,-0.007577075275252363,0.010609855205512006,-0.000418288284172923,0.004694975333681718,0.006847951533988329,0.041395635137732666,0.008351668076596175,-0.018123067759011124,0.00992541046338185,0.0005370617611653494,-0.013912768101935648,0.0034993686179501378,-0.0034708486128880913,0.002873287117427334,-0.007007013355591734,0.009990992587017663,-0.011128647977015847,-0.0214360374113107,-0.00717398359431108,-0.010085838804292329,-0.011486914648281131,0.016786235562580715,-0.005911245023842044,0.007898525574800004,-0.007905079640926264,0.008351668076596175,0.042060501608284666,-0.030887754041107218,0.01416377811671025,-0.015685770900276026,-0.02430364126011751,0.014178592380683192,0.006254213482734623,-0.006638423637997338,-0.008462881905483083,0.01910723692028686,-0.0012768931123661887,-0.020700803864252052,0.007650600789388256,-0.00016126330037499292,0.013684366983866113,0.005506330294254245,-0.005765248876483739,0.002634109543273755,-0.0006719815036386478,-0.018123067759011124,-0.030887754041107218,0.05727325802608907,-0.019459201549901932,0.012778934081299986,0.037492314746823796,-0.012210546678251829,-0.01676010873102051,0.0010219119701857645,0.013126994588302111,-0.012683164334652886,0.001621469266951933,0.03632277697457534,-0.008372867364710719,-0.00457164972982732,-0.00843273122095305,-0.014510898974955621,-0.008694471515886726,0.012251746811036284,-0.0013851991681307035,0.00992541046338185,0.01416377811671025,-0.019459201549901932,0.028136050419461173,-0.011580456400761413,-0.013779831230934875,-0.0028197002491205923,0.0077863749323224835,0.002469675690627401,-0.0009716075944810244,0.00020694965890351037,-0.0029633269360876393,-0.013834078516799797,0.007588764415215445,-0.006335462763113751,0.008351571611466997,0.005780488904592032,-0.001368385593845298,-0.016833243991101504,0.008632853562066917,0.0005370617611653494,-0.015685770900276026,0.012778934081299986,-0.011580456400761413,0.031502480551547016,0.0036681182520934604,-0.00806995875513417,0.0034041374363915017,0.0023019021019273418,-0.00724236214430932,0.003762969305325288,-0.008233677935269548,-0.012029657525734799,-0.007594281387092664,0.011718461435004941,-0.01763538721659162,0.00028097182119910197,0.001722468990805858,0.00810097370992829,0.003931948101205761,-0.013912768101935648,-0.02430364126011751,0.037492314746823796,-0.013779831230934875,0.0036681182520934604,0.07033443524096426,-0.02858455660297117,-0.03764569791599188,0.0018204408643962122,0.023376971809984763,-0.01989309141210966,0.012274605944279393,0.025194551484396876,-0.000736614426021618,-0.006490697198873914,-0.008276892160565109,-0.01555032926816876,-0.007762176556401481,0.0005960210600316005,-0.003521378690629306,0.0034993686179501378,0.014178592380683192,-0.012210546678251829,-0.0028197002491205923,-0.00806995875513417,-0.02858455660297117,0.058894355612703495,0.009640835673741622,0.008593159736682877,-0.0070266268952199375,0.009929024545950994,-0.0136848522976011,0.003833992414487902,-0.010019036615048528,-0.0013328409463022088,-0.005004096641593564,0.004900105101817199,0.010800664462263965,-0.009434693221017101,-0.004156672772094588,-0.0034708486128880913,0.006254213482734623,-0.01676010873102051,0.0077863749323224835,0.0034041374363915017,-0.03764569791599188,0.009640835673741622,0.0666945422355548,0.0018336380197955064,-0.020355035391038244,0.006636073623908405,-0.009525153933507615,-0.020270157845547428,0.001651560826451073,0.008232390415508151,-0.0008494880940464341,0.00853993007983007,0.004943400985748736,0.0004983036585711645,0.005362017983184593,0.002873287117427334,-0.006638423637997338,0.0010219119701857645,0.002469675690627401,0.0023019021019273418,0.0018204408643962122,0.008593159736682877,0.0018336380197955064,0.030550410193560848,0.004564158884875418,-0.002432130451969836,-0.008079332772394907,0.0013855526623992077,-0.0014986201590876708,-0.0002650167397246707,-0.010343935244638043,0.000265842490948693,0.0041733826462935315,0.019440526038698655,-0.015318193872242043,-0.007007013355591734,-0.008462881905483083,0.013126994588302111,-0.0009716075944810244,-0.00724236214430932,0.023376971809984763,-0.0070266268952199375,-0.020355035391038244,0.004564158884875418,0.05744470272228157,-0.012381329246342597,0.0056703683671694375,0.02989073481033831,0.00997839542762676,-0.016450701295235952,0.0019628251018870557,-0.01896037949537581,-0.000554997247570321,-0.0058713044945801485,-0.0036851749622183526,0.009990992587017663,0.01910723692028686,-0.012683164334652886,0.00020694965890351037,0.003762969305325288,-0.01989309141210966,0.009929024545950994,0.006636073623908405,-0.002432130451969836,-0.012381329246342597,0.039216336106237044,-0.0036423656510460385,-0.014823377484651293,-0.0014001495156094365,0.003430845891615829,-0.0003338568610021125,0.0017536087304184807,-0.003024621755208758,0.00385093873472217,-0.0025378744877302076,-0.011128647977015847,-0.0012768931123661887,0.001621469266951933,-0.0029633269360876393,-0.008233677935269548,0.012274605944279393,-0.0136848522976011,-0.009525153933507615,-0.008079332772394907,0.0056703683671694375,-0.0036423656510460385,0.03845587190241077,0.005713212078148522,0.0055865818494816415,-0.0016889511896556798,0.021543588894840888,-0.012059203356713365,0.0049148083719194845,0.01965434389490371,-0.02134415941915891,-0.0214360374113107,-0.020700803864252052,0.03632277697457534,-0.013834078516799797,-0.012029657525734799,0.025194551484396876,0.003833992414487902,-0.020270157845547428,0.0013855526623992077,0.02989073481033831,-0.014823377484651293,0.005713212078148522,0.07999163327738634,0.007426575709468182,-0.0148794332780556,0.016012999313249378,-0.023908377807290604,-0.0018626757681651576,0.004619314102370135,-0.013420064033897786,-0.00717398359431108,0.007650600789388256,-0.008372867364710719,0.007588764415215445,-0.007594281387092664,-0.000736614426021618,-0.010019036615048528,0.001651560826451073,-0.0014986201590876708,0.00997839542762676,-0.0014001495156094365,0.0055865818494816415,0.007426575709468182,0.04844191092955711,-0.012186039361107404,0.013757829241804072,-0.01385955757438599,0.005268323387594868,-0.015974305034788278,0.006065947374159721,-0.010085838804292329,-0.00016126330037499292,-0.00457164972982732,-0.006335462763113751,0.011718461435004941,-0.006490697198873914,-0.0013328409463022088,0.008232390415508151,-0.0002650167397246707,-0.016450701295235952,0.003430845891615829,-0.0016889511896556798,-0.0148794332780556,-0.012186039361107404,0.03290614876837985,-0.006636549245977525,0.006711505644296562,0.0031689287546011885,0.010037212579527395,-0.007577075275252363,-0.011486914648281131,0.013684366983866113,-0.00843273122095305,0.008351571611466997,-0.01763538721659162,-0.008276892160565109,-0.005004096641593564,-0.0008494880940464341,-0.010343935244638043,0.0019628251018870557,-0.0003338568610021125,0.021543588894840888,0.016012999313249378,0.013757829241804072,-0.006636549245977525,0.04748021955591103,-0.011061225655264484,0.005478942837092175,-0.009451759296848095,0.010609855205512006,0.016786235562580715,0.005506330294254245,-0.014510898974955621,0.005780488904592032,0.00028097182119910197,-0.01555032926816876,0.004900105101817199,0.00853993007983007,0.000265842490948693,-0.01896037949537581,0.0017536087304184807,-0.012059203356713365,-0.023908377807290604,-0.01385955757438599,0.006711505644296562,-0.011061225655264484,0.03554517895312102,-0.0008491412448584617,-0.005609050380136921,-0.000418288284172923,-0.005911245023842044,-0.005765248876483739,-0.008694471515886726,-0.001368385593845298,0.001722468990805858,-0.007762176556401481,0.010800664462263965,0.004943400985748736,0.0041733826462935315,-0.000554997247570321,-0.003024621755208758,0.0049148083719194845,-0.0018626757681651576,0.005268323387594868,0.0031689287546011885,0.005478942837092175,-0.0008491412448584617,0.028970798029882453
0.03281849923966779,0.006142063120233866,0.010656351890127692,0.010224193389058424,0.007594226133915215,0.008718045703662735,0.003551874744281469,-0.0038450317007794185,0.004464486037020719,-0.00383763604651244,0.0031914101613668604,0.005464617281135487,-0.0021126596984510568,0.012363862938939901,0.0027344313699497547,-0.0017578111533065668,-0.020118108291176898,-0.007573945466284037,-0.01309561974665232,-0.0034762715409370044,0.006142063120233866,0.015466182557053664,0.0046131924432505095,0.00024212221077859534,-0.0038335130040133125,0.0015795004801383884,0.0012522570487402255,0.00023802948708082913,0.0015604666374730153,0.0046631810963038475,0.002765098313299877,-0.0012651408679999507,-0.0003407178558502682,0.0033359564814848626,-0.004693847061180232,-0.0075277110060501945,-0.006499103064458868,-0.0014480092748172966,0.005012061859274761,-0.006107589719787001,0.010656351890127692,0.0046131924432505095,0.03157091595418926,-0.0005400331763374863,7.698681632032712e-5,0.003785813548931631,0.006498836443816051,-0.004201589064630053,-0.0029107916054863722,0.002889963984227517,0.0020894671763191704,-0.0034646704968330565,0.007201514949729743,0.004458317870796506,-0.005537950322559722,-0.005911854885295181,-0.010605948685785443,-0.014060596768310311,0.007420414738735317,-0.007101399391935429,0.010224193389058424,0.00024212221077859534,-0.0005400331763374863,0.01959999486814587,0.001975565060379986,-0.0006408587404131303,0.0039078780546342425,-0.0064178967342898435,0.005010700941246641,-4.4531337813020474e-5,0.001082105310081319,-0.0014494594673350753,0.004176417770717486,0.003636824103917588,-0.009124205552131738,0.002756749031822144,-0.012424038069159518,0.0032566829280827997,-0.00536249048184766,-0.006522808932436489,0.007594226133915215,-0.0038335130040133125,7.698681632032712e-5,0.001975565060379986,0.03411852564441124,0.0019224099856586794,0.008052081062544101,-0.001882295381623913,-0.002976081614184222,-0.004468661202535628,-0.0018889637235210673,-0.0016424605230344904,-0.005156748552045349,-0.005450808620141134,-0.0018125704159507503,0.0037139136519002535,0.002175697682803518,0.0010538400457428222,-0.011194190529722158,-0.001235238539202633,0.008718045703662735,0.0015795004801383884,0.003785813548931631,-0.0006408587404131303,0.0019224099856586794,0.016889764522794892,0.006515464396483687,0.002070523543116854,0.0032745291432434267,-0.002393344083699324,-0.00024007510720083498,0.0010117354226444066,-0.0029258284236724223,-0.00017682854556607557,-0.0012080525554421036,0.0023336193171281418,0.0014124368734983015,-0.0034086114537604456,-0.0002214894667026937,-0.004182055744721729,0.003551874744281469,0.0012522570487402255,0.006498836443816051,0.0039078780546342425,0.008052081062544101,0.006515464396483687,0.03657750771476966,0.005472694548245641,-0.002863220240555908,0.0012254881009134619,0.003982718698471825,0.007339583290510954,0.003869398176892168,-0.0033530109761512536,-0.011548525540923091,-0.002043712816213161,0.008809183038952253,-0.012179730816052104,0.0074832480263709415,-0.0034901191605076704,-0.0038450317007794185,0.00023802948708082913,-0.004201589064630053,-0.0064178967342898435,-0.001882295381623913,0.002070523543116854,0.005472694548245641,0.041942589177153884,-0.011507046746513844,-0.01564332711747804,0.002677047869016664,0.007534913561032704,-0.009357484301863308,-0.004537076983959506,-0.0003650136902339163,0.0012096140870417522,0.014707609018748291,-0.00879458455048161,0.006951279691122056,0.007571360453600352,0.004464486037020719,0.0015604666374730153,-0.0029107916054863722,0.005010700941246641,-0.002976081614184222,0.0032745291432434267,-0.002863220240555908,-0.011507046746513844,0.031239144535517436,0.006729258486336845,-0.0024231108352812647,0.0003492675755737024,0.002867306331845602,0.0020563915835242487,-0.002279958668435804,0.004818170467173054,-0.012215757492261791,0.0061661587007824535,-0.012348104735862668,0.001592855126007272,-0.00383763604651244,0.0046631810963038475,0.002889963984227517,-4.4531337813020474e-5,-0.004468661202535628,-0.002393344083699324,0.0012254881009134619,-0.01564332711747804,0.006729258486336845,0.03129200427644409,-0.0001088368009187273,-0.010425559121397386,-0.003709677017454034,0.0057762504185935514,-0.0016746578353629832,-0.003664900236660395,-0.0051956491404971435,0.007004161033193356,0.013019413661613858,-0.008537497012579984,0.0031914101613668604,0.002765098313299877,0.0020894671763191704,0.001082105310081319,-0.0018889637235210673,-0.00024007510720083498,0.003982718698471825,0.002677047869016664,-0.0024231108352812647,-0.0001088368009187273,0.02912781671335378,0.00665308440089458,-0.0005246672416770767,0.009076404855400781,-0.0024297886940823406,-0.004481741992982716,-0.007701824436626913,-0.0051397858530215935,-0.00231604554138327,-0.005827374530894907,0.005464617281135487,-0.0012651408679999507,-0.0034646704968330565,-0.0014494594673350753,-0.0016424605230344904,0.0010117354226444066,0.007339583290510954,0.007534913561032704,0.0003492675755737024,-0.010425559121397386,0.00665308440089458,0.029733568877217145,0.011766979147297478,-0.000587237238557161,0.005332201399845936,-0.0004140107058961751,0.005295825874411949,-0.005827400717624529,-0.0014728378536655675,0.003421033083940106,-0.0021126596984510568,-0.0003407178558502682,0.007201514949729743,0.004176417770717486,-0.005156748552045349,-0.0029258284236724223,0.003869398176892168,-0.009357484301863308,0.002867306331845602,-0.003709677017454034,-0.0005246672416770767,0.011766979147297478,0.049095150662756534,0.0010907588744257708,-0.0012780395744023028,-0.004984334221918584,0.0033277047011148623,-3.204478290939937e-5,0.0014510947492466211,-0.00015195518129745253,0.012363862938939901,0.0033359564814848626,0.004458317870796506,0.003636824103917588,-0.005450808620141134,-0.00017682854556607557,-0.0033530109761512536,-0.004537076983959506,0.0020563915835242487,0.0057762504185935514,0.009076404855400781,-0.000587237238557161,0.0010907588744257708,0.03807986934012125,0.0018074161483037712,-0.006634134064639927,-0.024916944898175697,0.0033189918648872307,0.0028839897889083236,-0.004188731980169806,0.0027344313699497547,-0.004693847061180232,-0.005537950322559722,-0.009124205552131738,-0.0018125704159507503,-0.0012080525554421036,-0.011548525540923091,-0.0003650136902339163,-0.002279958668435804,-0.0016746578353629832,-0.0024297886940823406,0.005332201399845936,-0.0012780395744023028,0.0018074161483037712,0.02881101906046506,0.003792382993870651,0.008474566328753805,0.0055850897577522755,-0.0007412585709097206,0.001616260971061309,-0.0017578111533065668,-0.0075277110060501945,-0.005911854885295181,0.002756749031822144,0.0037139136519002535,0.0023336193171281418,-0.002043712816213161,0.0012096140870417522,0.004818170467173054,-0.003664900236660395,-0.004481741992982716,-0.0004140107058961751,-0.004984334221918584,-0.006634134064639927,0.003792382993870651,0.02574935749614583,0.007268191538584263,0.006614981394146386,-0.00880227819259288,0.007308721602048257,-0.020118108291176898,-0.006499103064458868,-0.010605948685785443,-0.012424038069159518,0.002175697682803518,0.0014124368734983015,0.008809183038952253,0.014707609018748291,-0.012215757492261791,-0.0051956491404971435,-0.007701824436626913,0.005295825874411949,0.0033277047011148623,-0.024916944898175697,0.008474566328753805,0.007268191538584263,0.06127862561299163,-8.663063093036002e-5,0.012542684654879996,0.00663563692674821,-0.007573945466284037,-0.0014480092748172966,-0.014060596768310311,0.0032566829280827997,0.0010538400457428222,-0.0034086114537604456,-0.012179730816052104,-0.00879458455048161,0.0061661587007824535,0.007004161033193356,-0.0051397858530215935,-0.005827400717624529,-3.204478290939937e-5,0.0033189918648872307,0.0055850897577522755,0.006614981394146386,-8.663063093036002e-5,0.038760664542917114,-0.005862536301489289,0.004932483602489117,-0.01309561974665232,0.005012061859274761,0.007420414738735317,-0.00536249048184766,-0.011194190529722158,-0.0002214894667026937,0.0074832480263709415,0.006951279691122056,-0.012348104735862668,0.013019413661613858,-0.00231604554138327,-0.0014728378536655675,0.0014510947492466211,0.0028839897889083236,-0.0007412585709097206,-0.00880227819259288,0.012542684654879996,-0.005862536301489289,0.05053364944625185,-0.002769990225575401,-0.0034762715409370044,-0.006107589719787001,-0.007101399391935429,-0.006522808932436489,-0.001235238539202633,-0.004182055744721729,-0.0034901191605076704,0.007571360453600352,0.001592855126007272,-0.008537497012579984,-0.005827374530894907,0.003421033083940106,-0.00015195518129745253,-0.004188731980169806,0.001616260971061309,0.007308721602048257,0.00663563692674821,0.004932483602489117,-0.002769990225575401,0.03607756319391626
