0.20645855227711649,-0.0416711637422041,0.15357683570306202,0.00043428063978519314,0.009670816164086146,0.005957730309480373,-0.0009425831127103683,-0.05876267618733189,-0.030092827252580612,0.13412335501318073,0.09193450530801774,0.01855070364599451,-0.006169810479937753,-0.04046772140043481,-0.17635266465676486,-0.00968863687047284,-0.02650238203427732,0.02519980611863388,-0.13063158511727815,-0.13399239932659335,-0.0416711637422041,0.06237566324090562,-0.0514277243714147,-0.08172691284433159,-0.03227130808622454,-0.028790082943829766,0.014350722059068885,-0.0200339469940513,0.00012689953318963153,-0.004726956744582308,-0.045693434323656745,-0.020118146789707962,0.03488561028006129,0.062301429149778015,0.07859723685651884,0.030825701505669094,-0.02719452825656468,-0.027626950417618847,0.05155155231277429,0.04910091305428049,0.15357683570306202,-0.0514277243714147,0.20511488310683187,0.06178331600137528,0.06291217131149247,0.03440075663324261,-0.010106405628263879,-0.025269933721357017,-0.04205163334932608,0.12483456434666415,0.09851882669953074,0.020971482754436936,-0.03650895155681955,-0.08146657041658106,-0.19639541027374968,-0.07451168439612241,-0.0022543571631876173,0.05975945590894452,-0.12796434667929213,-0.13178873358391952,0.00043428063978519314,-0.08172691284433159,0.06178331600137528,0.20914401352027276,0.08717675410002487,0.07817677294821784,-0.03216147467726599,0.08159722178712481,0.02161094624186344,-0.04689775335682275,0.04946263234469975,0.008326247083513278,-0.07180465488752143,-0.12714697202587094,-0.09816700862595146,-0.07714531555108661,0.08807312787935465,0.061676298738095714,-0.08064345807924579,-0.05963875974179421,0.009670816164086146,-0.03227130808622454,0.06291217131149247,0.08717675410002487,0.08068007649521938,0.05759325333430616,-0.009705489138200473,0.025746404518932113,0.00958358422068886,0.009274293949024369,0.02141777858894492,-0.01108088306510453,-0.0460995687145969,-0.06533910355823072,-0.08090993918059042,-0.0656193648075562,0.04181330602989053,0.05197357889944716,-0.05174306501590588,-0.04611091473055533,0.005957730309480373,-0.028790082943829766,0.03440075663324261,0.07817677294821784,0.05759325333430616,0.10021854140606436,-0.0017422015741088517,0.058722105953525686,0.04452272549629367,-0.0013346710141897106,0.0011099110419434365,-0.019311478312492955,-0.04419957107002591,-0.049099832050008896,-0.06889390995268785,-0.061564861411316625,0.04614791881086204,0.0389700192734391,-0.054209534822104985,-0.05217702861522941,-0.0009425831127103683,0.014350722059068885,-0.010106405628263879,-0.03216147467726599,-0.009705489138200473,-0.0017422015741088517,0.042896591268642766,-0.016060580968909444,0.005772103278523205,0.008234118297513644,-0.012431177038055668,-0.008947024485668883,0.011200548871365137,0.01549517039782589,0.015293731751197559,-0.0070768458117643485,-0.006352872468437158,-0.006233878427923872,0.007512660007127864,0.006732015086088581,-0.05876267618733189,-0.0200339469940513,-0.025269933721357017,0.08159722178712481,0.025746404518932113,0.058722105953525686,-0.016060580968909444,0.1160082725346401,0.047231693646526955,-0.06310151740679891,-0.019243831207711712,0.008955330784375182,-0.024580374857384242,-0.03265262369553004,-0.0016042250794280682,-0.042366544376056386,0.03941965145078355,0.0036258935950917743,-0.0016586477177083963,-0.0013563071581467363,-0.030092827252580612,0.00012689953318963153,-0.04205163334932608,0.02161094624186344,0.00958358422068886,0.04452272549629367,0.005772103278523205,0.047231693646526955,0.06563689047793062,-0.024018958806877072,-0.03677279879446581,-0.013393731489178867,-0.0069992984863581345,-0.005888913427751989,-0.0003743360799427697,-0.007232011921314567,0.018613616936491235,0.0022905399855870966,-0.0013847659473978135,-0.007384514389646402,0.13412335501318073,-0.004726956744582308,0.12483456434666415,-0.04689775335682275,0.009274293949024369,-0.0013346710141897106,0.008234118297513644,-0.06310151740679891,-0.024018958806877072,0.1727425981258735,0.05380741684869938,-0.007002971478219676,0.00561898071871344,0.010825325660126252,-0.13047755298458333,-0.025036893375622805,-0.0395409541168553,0.01838776116898215,-0.07385163048169374,-0.09581678509138156,0.09193450530801774,-0.045693434323656745,0.09851882669953074,0.04946263234469975,0.02141777858894492,0.0011099110419434365,-0.012431177038055668,-0.019243831207711712,-0.03677279879446581,0.05380741684869938,0.11975231162126167,0.03619618936577057,-0.027294986566613534,-0.06397501903084003,-0.1074751782120284,-0.019834922441464217,-0.0008101739024304619,0.03230910267548658,-0.08046127946776833,-0.07478385279628587,0.01855070364599451,-0.020118146789707962,0.020971482754436936,0.008326247083513278,-0.01108088306510453,-0.019311478312492955,-0.008947024485668883,0.008955330784375182,-0.013393731489178867,-0.007002971478219676,0.03619618936577057,0.06259765830618713,0.016910395705988457,-0.01921974888146369,-0.022851472379645354,0.0042106975370535225,-0.01275134948394958,-0.010366451769219888,-0.020801193938166755,-0.011841339686825464,-0.006169810479937753,0.03488561028006129,-0.03650895155681955,-0.07180465488752143,-0.0460995687145969,-0.04419957107002591,0.011200548871365137,-0.024580374857384242,-0.0069992984863581345,0.00561898071871344,-0.027294986566613534,0.016910395705988457,0.07039437818036155,0.04709362963303233,0.0453891990545191,0.04369035278880658,-0.040792102349758955,-0.037982021711315136,0.030078525099496906,0.03503018607974051,-0.04046772140043481,0.062301429149778015,-0.08146657041658106,-0.12714697202587094,-0.06533910355823072,-0.049099832050008896,0.01549517039782589,-0.03265262369553004,-0.005888913427751989,0.010825325660126252,-0.06397501903084003,-0.01921974888146369,0.04709362963303233,0.13770502019394998,0.11585581238039847,0.05397007830895542,-0.04893086514407613,-0.05974848578381503,0.09737286854642194,0.06940922896120325,-0.17635266465676486,0.07859723685651884,-0.19639541027374968,-0.09816700862595146,-0.08090993918059042,-0.06889390995268785,0.015293731751197559,-0.0016042250794280682,-0.0003743360799427697,-0.13047755298458333,-0.1074751782120284,-0.022851472379645354,0.0453891990545191,0.11585581238039847,0.27215339897756136,0.0774483754464848,-0.01382521100700982,-0.07652649308239173,0.17474101407360368,0.1804602115372977,-0.00968863687047284,0.030825701505669094,-0.07451168439612241,-0.07714531555108661,-0.0656193648075562,-0.061564861411316625,-0.0070768458117643485,-0.042366544376056386,-0.007232011921314567,-0.025036893375622805,-0.019834922441464217,0.0042106975370535225,0.04369035278880658,0.05397007830895542,0.0774483754464848,0.10785098744705922,-0.033995124380357296,-0.04363106999123607,0.042597714664907485,0.05211133019685314,-0.02650238203427732,-0.02719452825656468,-0.0022543571631876173,0.08807312787935465,0.04181330602989053,0.04614791881086204,-0.006352872468437158,0.03941965145078355,0.018613616936491235,-0.0395409541168553,-0.0008101739024304619,-0.01275134948394958,-0.040792102349758955,-0.04893086514407613,-0.01382521100700982,-0.033995124380357296,0.06634572945562552,0.02312639379878477,-0.01381105284385724,-0.0020842052789295487,0.02519980611863388,-0.027626950417618847,0.05975945590894452,0.061676298738095714,0.05197357889944716,0.0389700192734391,-0.006233878427923872,0.0036258935950917743,0.0022905399855870966,0.01838776116898215,0.03230910267548658,-0.010366451769219888,-0.037982021711315136,-0.05974848578381503,-0.07652649308239173,-0.04363106999123607,0.02312639379878477,0.0620628880605565,-0.056742483496462215,-0.04754282957366351,-0.13063158511727815,0.05155155231277429,-0.12796434667929213,-0.08064345807924579,-0.05174306501590588,-0.054209534822104985,0.007512660007127864,-0.0016586477177083963,-0.0013847659473978135,-0.07385163048169374,-0.08046127946776833,-0.020801193938166755,0.030078525099496906,0.09737286854642194,0.17474101407360368,0.042597714664907485,-0.01381105284385724,-0.056742483496462215,0.15739365913340192,0.12097088459697347,-0.13399239932659335,0.04910091305428049,-0.13178873358391952,-0.05963875974179421,-0.04611091473055533,-0.05217702861522941,0.006732015086088581,-0.0013563071581467363,-0.007384514389646402,-0.09581678509138156,-0.07478385279628587,-0.011841339686825464,0.03503018607974051,0.06940922896120325,0.1804602115372977,0.05211133019685314,-0.0020842052789295487,-0.04754282957366351,0.12097088459697347,0.1531070491142007
0.3127354848865631,-0.06759555960290178,0.138364224727836,0.003137342494499897,0.037484182509703506,-0.022892919440900137,-0.028224109110169687,-0.051521534281734574,0.005663508839644907,0.06526915903672464,0.2517902274980759,0.10131577400243842,0.03091205301038543,-0.10045399988027152,-0.24108505103537747,0.06350350541027641,-0.017338982127483457,0.013007100017357436,-0.12168371762693234,-0.13655368956950084,-0.06759555960290178,0.056459830507361766,-0.030364199273674543,-0.0319706413121102,-0.009349856464707129,0.0066112869571383764,0.0006714894425033117,0.016676509013173607,-0.011936716070473571,-0.024975938167126448,-0.049362089381960496,-0.04020966912065767,0.01267602629555372,0.02255046975909173,0.08871844946962279,0.015432929744242253,-0.009643965672890907,-0.016186326947336592,0.016128025215541835,0.03965217705781876,0.138364224727836,-0.030364199273674543,0.18750225648700047,-0.008301406063211256,0.08410032979831869,-0.0230968222777152,-0.04228382763402068,0.0017172388725767973,-0.051275549163244054,0.0757612916283075,0.21255039533639355,0.11126743568245648,-0.002178399829727838,-0.12360022499429685,-0.20483734771037812,-0.040769024719040994,-0.00799129605508558,0.0644107979571955,-0.08368861321368794,-0.10911052010402858,0.003137342494499897,-0.0319706413121102,-0.008301406063211256,0.0788984241230819,-0.008168057076872303,0.025613887224743954,0.014459512303544099,-0.016728369890015974,0.030109115306573727,-0.007109959932085295,-0.034085387589099445,-0.008157939466920307,-0.016723221681840032,0.017152933912988444,-0.02732871914446769,-0.005072317388542439,0.03832768639207577,0.018636512430847046,-0.015096559026383571,0.004235521753649619,0.037484182509703506,-0.009349856464707129,0.08410032979831869,-0.008168057076872303,0.08042257364783278,-0.028905321931846133,-0.03045162296407238,0.017767498207423706,-0.03675273822910158,0.03197560605188807,0.13725181583529505,0.058691048890015196,-0.01845813164219416,-0.09196246360076232,-0.10902577328559093,-0.0029092412076373144,0.004284095309166531,0.043980001690896026,-0.03964174089044438,-0.046269287938135416,-0.022892919440900137,0.0066112869571383764,-0.0230968222777152,0.025613887224743954,-0.028905321931846133,0.07828341054013939,0.03907704615414598,-0.018743280196538883,0.03352721809964236,-0.0063425449954131,-0.09239455756738202,-0.06162207665486444,0.022687607662997114,0.04881069422229224,0.02657248456049166,-0.02632170823937572,0.015180023248717797,0.007528915344170242,0.010334203005339656,-0.0035266732224557727,-0.028224109110169687,0.0006714894425033117,-0.04228382763402068,0.014459512303544099,-0.03045162296407238,0.03907704615414598,0.07899763943994659,-0.013219221909489648,0.034913097612672486,-0.001260794219189663,-0.060984061401402154,-0.050773423695880227,0.00761013028138094,0.021977908190686533,0.021444961734534987,-0.035008683228394136,0.013640691773992176,0.01150658188582012,0.016039890959898235,-0.009420402165104704,-0.051521534281734574,0.016676509013173607,0.0017172388725767973,-0.016728369890015974,0.017767498207423706,-0.018743280196538883,-0.013219221909489648,0.051637171976607846,-0.0276714762339009,-0.013028131025300546,0.018958305810853837,0.0167694528587164,-0.019785035048505588,-0.026758422580598233,0.025047495086129294,-0.013607725075561667,0.001828105261916736,0.0016943255854547418,0.005203036823244623,0.015624307070481711,0.005663508839644907,-0.011936716070473571,-0.051275549163244054,0.030109115306573727,-0.03675273822910158,0.03352721809964236,0.034913097612672486,-0.0276714762339009,0.060827321161262396,-0.015220612125468682,-0.08107506095045001,-0.04798891111571163,-0.0009743969465982921,0.06081994210753407,0.03362562400929386,0.009781218847798923,0.009276045746812064,-0.020015264602765488,0.020501509382329555,0.013126503291532386,0.06526915903672464,-0.024975938167126448,0.0757612916283075,-0.007109959932085295,0.03197560605188807,-0.0063425449954131,-0.001260794219189663,-0.013028131025300546,-0.015220612125468682,0.07299201320500522,0.09440630934497982,0.03828822557987,0.005588662945611966,-0.0402137327268205,-0.11354269556203679,-0.04737939215523632,0.0028944862294293687,0.044646249917563274,-0.014250585961806934,-0.07054503067596025,0.2517902274980759,-0.049362089381960496,0.21255039533639355,-0.034085387589099445,0.13725181583529505,-0.09239455756738202,-0.060984061401402154,0.018958305810853837,-0.08107506095045001,0.09440630934497982,0.47252773131348713,0.1941009905646125,-0.004333681736790137,-0.25590841799376274,-0.3276039824095076,0.0331191778851902,-0.01950745534748892,0.08616640016418137,-0.14454040741426027,-0.1723600754993614,0.10131577400243842,-0.04020966912065767,0.11126743568245648,-0.008157939466920307,0.058691048890015196,-0.06162207665486444,-0.050773423695880227,0.0167694528587164,-0.04798891111571163,0.03828822557987,0.1941009905646125,0.14132054655782159,-0.005776534520081078,-0.1107064028429378,-0.15570570174317436,-0.002244114497091221,-0.007984685570615001,0.02817706517334693,-0.06816775010578244,-0.06661050282012085,0.03091205301038543,0.01267602629555372,-0.002178399829727838,-0.016723221681840032,-0.01845813164219416,0.022687607662997114,0.00761013028138094,-0.019785035048505588,-0.0009743969465982921,0.005588662945611966,-0.004333681736790137,-0.005776534520081078,0.08124937068952988,-0.001920300885221553,-0.010599833556494888,0.01951711943228967,-0.02430543183826599,0.0004950172428385378,-0.004983906750449724,-0.020487562261134712,-0.10045399988027152,0.02255046975909173,-0.12360022499429685,0.017152933912988444,-0.09196246360076232,0.04881069422229224,0.021977908190686533,-0.026758422580598233,0.06081994210753407,-0.0402137327268205,-0.25590841799376274,-0.1107064028429378,-0.001920300885221553,0.20244065746476775,0.20075934967505668,-0.002053691184878364,0.003273171973980442,-0.07568926389562608,0.09424563607173289,0.10198370513300196,-0.24108505103537747,0.08871844946962279,-0.20483734771037812,-0.02732871914446769,-0.10902577328559093,0.02657248456049166,0.021444961734534987,0.025047495086129294,0.03362562400929386,-0.11354269556203679,-0.3276039824095076,-0.15570570174317436,-0.010599833556494888,0.20075934967505668,0.3871468535093116,0.0352204227904,-0.020762779066560995,-0.11605427786009201,0.12708273111600948,0.19508233602600755,0.06350350541027641,0.015432929744242253,-0.040769024719040994,-0.005072317388542439,-0.0029092412076373144,-0.02632170823937572,-0.035008683228394136,-0.013607725075561667,0.009781218847798923,-0.04737939215523632,0.0331191778851902,-0.002244114497091221,0.01951711943228967,-0.002053691184878364,0.0352204227904,0.16294872662656826,-0.014932113358297468,-0.06405254440844466,-0.03712741149659071,0.043865937197180745,-0.017338982127483457,-0.009643965672890907,-0.00799129605508558,0.03832768639207577,0.004284095309166531,0.015180023248717797,0.013640691773992176,0.001828105261916736,0.009276045746812064,0.0028944862294293687,-0.01950745534748892,-0.007984685570615001,-0.02430543183826599,0.003273171973980442,-0.020762779066560995,-0.014932113358297468,0.04996664390276757,0.02013832276533644,-0.0031717257941960165,0.001427014740132702,0.013007100017357436,-0.016186326947336592,0.0644107979571955,0.018636512430847046,0.043980001690896026,0.007528915344170242,0.01150658188582012,0.0016943255854547418,-0.020015264602765488,0.044646249917563274,0.08616640016418137,0.02817706517334693,0.0004950172428385378,-0.07568926389562608,-0.11605427786009201,-0.06405254440844466,0.02013832276533644,0.0991398625370437,-0.02697950251102378,-0.06517359344550447,-0.12168371762693234,0.016128025215541835,-0.08368861321368794,-0.015096559026383571,-0.03964174089044438,0.010334203005339656,0.016039890959898235,0.005203036823244623,0.020501509382329555,-0.014250585961806934,-0.14454040741426027,-0.06816775010578244,-0.004983906750449724,0.09424563607173289,0.12708273111600948,-0.03712741149659071,-0.0031717257941960165,-0.02697950251102378,0.11247047987977757,0.058511535305148674,-0.13655368956950084,0.03965217705781876,-0.10911052010402858,0.004235521753649619,-0.046269287938135416,-0.0035266732224557727,-0.009420402165104704,0.015624307070481711,0.013126503291532386,-0.07054503067596025,-0.1723600754993614,-0.06661050282012085,-0.020487562261134712,0.10198370513300196,0.19508233602600755,0.043865937197180745,0.001427014740132702,-0.06517359344550447,0.058511535305148674,0.13433311112897073
0.13448584961959612,-0.011738275493542063,0.03657491091987505,-0.01816937793910065,-0.0023898157740101854,-0.008063711697043594,0.009360517548786095,-0.04869586317702438,0.016089085413224756,0.06042799324187792,0.05497462564439852,0.004459811498923624,0.002046503423026082,-0.004201048493050049,-0.08613582758951233,0.00885688326941172,-0.009993650966442922,-0.033344610609423356,-0.06073176732970663,-0.08846878706797623,-0.011738275493542063,0.05047024425500306,-0.041544852708063164,-0.026676860298230805,-0.0008373665939222237,-0.0027194311494805716,0.0004907627723814747,0.007362014848825848,-0.000604972927129895,-0.0034379243040964036,-0.03149202067912482,-0.02612541766316937,0.015694377728747134,0.02770690059420999,0.038913838128133225,0.015778567725054645,0.0005387257372808062,-0.01406537388429614,-0.017885071794105,-0.0021708726095588304,0.03657491091987505,-0.041544852708063164,0.1358359128362784,0.02992282687307655,0.01424907040576687,0.0019312169303574629,0.002526737272057953,0.00017334976177966468,-0.010623675478708561,0.014974845860497856,0.07633574858156136,0.05934194473445149,-0.038180795073339976,-0.06621132069442183,-0.08351939790200545,-0.03360329430852023,0.00448405602073292,0.034130125274439996,0.007971824331205957,-0.03765684245974878,-0.01816937793910065,-0.026676860298230805,0.02992282687307655,0.07742080783174868,0.002020743846528031,-0.017217027979394166,-0.031205315679266467,0.015248178905607437,0.010712407165385875,-0.022366149042620305,0.008928925375561642,0.04581858376265703,-0.019180660726233777,-0.04424472054099432,-0.014707605229890317,0.007488080363959208,0.01659103546706753,0.01062793577694515,-0.02249775568547755,0.007792082637123184,-0.0023898157740101854,-0.0008373665939222237,0.01424907040576687,0.002020743846528031,0.034108554371580516,0.006873598558575307,-0.002198450799411047,-0.012210060622916654,-0.0020274169310304825,-0.005235282569765436,-0.0038709414884870548,-0.004592102290207559,-0.012862165248125789,-0.015553707062379917,-0.009690489281050717,0.005130620597254847,0.02686390016839399,0.011346183035509452,0.00944016730005662,0.00801736347938815,-0.008063711697043594,-0.0027194311494805716,0.0019312169303574629,-0.017217027979394166,0.006873598558575307,0.053569686453791,0.024422085810090192,0.0002513009502023186,0.010912171944888943,0.0115190904086196,-0.008734191847126946,-0.02980087361432579,-0.012138616182377287,0.013644872857615934,-0.0037204652487247713,-0.04072497365718554,0.0046627991048381265,0.012809789327842344,0.02991868500547689,-0.018092213110453025,0.009360517548786095,0.0004907627723814747,0.002526737272057953,-0.031205315679266467,-0.002198450799411047,0.024422085810090192,0.05421764255975748,-0.011694741112569483,0.006326457086150225,0.03622527518452109,-0.005409351443106041,-0.03531932934760813,-0.010699096881464722,0.015409444889006025,-0.008481131303797518,-0.03330465015132923,-0.001612313455178231,0.0036702130171046344,0.01746892511845401,-0.032433290187606434,-0.04869586317702438,0.007362014848825848,0.00017334976177966468,0.015248178905607437,-0.012210060622916654,0.0002513009502023186,-0.011694741112569483,0.07118930716992775,-0.011041436252462669,-0.031648800309157926,0.0043734164159562935,0.026635406229173396,0.0008329929962067294,-0.0062960512730406235,0.023260947845998275,-0.019545951461358485,-0.00939121742787724,0.017252580982318938,0.007567765716574186,0.004502567910958122,0.016089085413224756,-0.000604972927129895,-0.010623675478708561,0.010712407165385875,-0.0020274169310304825,0.010912171944888943,0.006326457086150225,-0.011041436252462669,0.05804861842365678,0.014190383212785459,-0.014586734732861869,0.0017649209877442814,-0.01041301466758663,0.004082134901747638,-0.018278218309519825,-0.0029533369771205884,0.0009356082486603777,-0.004734411707337344,-0.013409325696438882,-0.03235800379983499,0.06042799324187792,-0.0034379243040964036,0.014974845860497856,-0.022366149042620305,-0.005235282569765436,0.0115190904086196,0.03622527518452109,-0.031648800309157926,0.014190383212785459,0.07413673950777495,0.011869661982388317,-0.031992186467649175,-0.008546381467762367,0.013771739183308623,-0.03945583786315873,-0.02604253883442273,-0.010823332415740423,-0.014417782731213354,-0.0218389979319807,-0.07281007987957241,0.05497462564439852,-0.03149202067912482,0.07633574858156136,0.008928925375561642,-0.0038709414884870548,-0.008734191847126946,-0.005409351443106041,0.0043734164159562935,-0.014586734732861869,0.011869661982388317,0.14466519040876336,0.06974097671802934,-0.008383211938989239,-0.0636013983990624,-0.09459806185083848,-0.028917374743247782,-0.020568462807908448,0.01599904181222621,-0.012412220999717335,-0.0594211850032651,0.004459811498923624,-0.02612541766316937,0.05934194473445149,0.04581858376265703,-0.004592102290207559,-0.02980087361432579,-0.03531932934760813,0.026635406229173396,0.0017649209877442814,-0.031992186467649175,0.06974097671802934,0.11149179636890183,-0.008919178545958842,-0.054866755386356825,-0.05690386512630024,0.007826662146334342,0.005060472034813627,0.027208041428555256,-0.03333765721870968,-0.007691580240809771,0.002046503423026082,0.015694377728747134,-0.038180795073339976,-0.019180660726233777,-0.012862165248125789,-0.012138616182377287,-0.010699096881464722,0.0008329929962067294,-0.01041301466758663,-0.008546381467762367,-0.008383211938989239,-0.008919178545958842,0.05230149869119334,0.01715049428480439,0.019197369152362368,0.021437191603876034,-0.027729775368934294,-0.018546153744968694,-0.003107245443340053,0.021991571192908822,-0.004201048493050049,0.02770690059420999,-0.06621132069442183,-0.04424472054099432,-0.015553707062379917,0.013644872857615934,0.015409444889006025,-0.0062960512730406235,0.004082134901747638,0.013771739183308623,-0.0636013983990624,-0.054866755386356825,0.01715049428480439,0.08357051962590155,0.05935889587188619,0.004859334945063242,-0.015022877128171498,-0.02281096782821075,0.007553373796849003,0.013153411285642597,-0.08613582758951233,0.038913838128133225,-0.08351939790200545,-0.014707605229890317,-0.009690489281050717,-0.0037204652487247713,-0.008481131303797518,0.023260947845998275,-0.018278218309519825,-0.03945583786315873,-0.09459806185083848,-0.05690386512630024,0.019197369152362368,0.05935889587188619,0.15436763792223823,0.028867894460596743,-0.0025427692154983295,-0.019888542363930596,0.04276305215572912,0.08646691388982858,0.00885688326941172,0.015778567725054645,-0.03360329430852023,0.007488080363959208,0.005130620597254847,-0.04072497365718554,-0.03330465015132923,-0.019545951461358485,-0.0029533369771205884,-0.02604253883442273,-0.028917374743247782,0.007826662146334342,0.021437191603876034,0.004859334945063242,0.028867894460596743,0.09667352128345642,0.01790332338163193,-0.024652885586961177,-0.034885982244575016,0.04991811363497106,-0.009993650966442922,0.0005387257372808062,0.00448405602073292,0.01659103546706753,0.02686390016839399,0.0046627991048381265,-0.001612313455178231,-0.00939121742787724,0.0009356082486603777,-0.010823332415740423,-0.020568462807908448,0.005060472034813627,-0.027729775368934294,-0.015022877128171498,-0.0025427692154983295,0.01790332338163193,0.06564102936405955,0.014560671119207644,-0.002168983631686437,0.019606808874817548,-0.033344610609423356,-0.01406537388429614,0.034130125274439996,0.01062793577694515,0.011346183035509452,0.012809789327842344,0.0036702130171046344,0.017252580982318938,-0.004734411707337344,-0.014417782731213354,0.01599904181222621,0.027208041428555256,-0.018546153744968694,-0.02281096782821075,-0.019888542363930596,-0.024652885586961177,0.014560671119207644,0.06040733952619895,0.02182368392695792,0.011815411439655926,-0.06073176732970663,-0.017885071794105,0.007971824331205957,-0.02249775568547755,0.00944016730005662,0.02991868500547689,0.01746892511845401,0.007567765716574186,-0.013409325696438882,-0.0218389979319807,-0.012412220999717335,-0.03333765721870968,-0.003107245443340053,0.007553373796849003,0.04276305215572912,-0.034885982244575016,-0.002168983631686437,0.02182368392695792,0.11519635392895443,0.061037434073179644,-0.08846878706797623,-0.0021708726095588304,-0.03765684245974878,0.007792082637123184,0.00801736347938815,-0.018092213110453025,-0.032433290187606434,0.004502567910958122,-0.03235800379983499,-0.07281007987957241,-0.0594211850032651,-0.007691580240809771,0.021991571192908822,0.013153411285642597,0.08646691388982858,0.04991811363497106,0.019606808874817548,0.011815411439655926,0.061037434073179644,0.15938444479338862
