0.048791246984114536,-0.017286342817295415,-0.026566388544508747,-0.07601913989731494,-0.006985006858290475,0.0060707779527133755,-0.008360838883683427,0.02344406221258646,-0.0035542480425433277,0.00010173129422152028,0.01302164414636709,-0.029486820619216862,-0.009714857707039351,-0.010423310917883934,0.007524883895363932,-0.01839065711909474,0.004857704938920275,0.009878678511780103,0.005071065539847483,0.01580094354934044,-0.017286342817295415,0.0614444808926155,0.04293174321637368,0.02687642444253218,-0.005129588285579795,0.027238717241547483,-0.013447976077160643,-0.04184836881958277,0.03619525432389497,-0.0013803125336437532,0.0003997828043539703,-0.006641311653286738,0.02433202333566508,-0.0043249578136510935,0.004307112099139207,0.041109710318466046,-0.008240970382532187,-0.01903012581495541,-0.0035210463205328883,-0.02284461792427142,-0.026566388544508747,0.04293174321637368,0.09568088319852269,0.04835530688286202,-0.018107101840377855,0.015955043420987025,0.009759272013905251,-0.038796042017719946,0.029221250725345045,0.020285742997030086,-0.014593831333660628,-0.0033465042880913127,0.01700342059894666,0.003394679855970988,0.021777323629603274,0.043347417599442294,0.005854087874413516,-0.026995061884792164,-0.015065563542297971,-0.04676946067386223,-0.07601913989731494,0.02687642444253218,0.04835530688286202,0.2063422636894206,0.01988516467827394,-0.009617181364089535,0.03683311163019119,-0.049998897823303246,0.0019160590813720423,0.0077288497371658165,-0.038030117353396925,0.06292992605382283,0.010578183834946379,0.013404649278747039,-0.02393322848687795,0.032796425681726846,-0.0059642382980174755,-0.024046068304405983,-0.009967101310965325,-0.041498162731581495,-0.006985006858290475,-0.005129588285579795,-0.018107101840377855,0.01988516467827394,0.039492877773670367,-0.013355551202850948,0.005442635363533756,0.0038589492655602417,-0.0043487420107052,-0.017926806582886236,0.004508266387348464,0.01558819207155068,0.0016724574033069619,-0.002088076357654372,-0.02683751946722235,-0.015165499390338184,-0.006471774891822859,0.004808704347985769,0.01163231570327521,0.013601991400007393,0.0060707779527133755,0.027238717241547483,0.015955043420987025,-0.009617181364089535,-0.013355551202850948,0.04176511151136194,-0.002463122877968195,-0.008478500163222567,0.02118038714033471,0.0073499041598823886,0.002341836843149355,-0.028204281541940705,0.014498862779589707,-0.013167768370776683,-0.0017022010425517672,0.028279672869053602,-0.002939221615483993,-0.015985365425421224,-0.009251931985354032,-0.006032263237681104,-0.008360838883683427,-0.013447976077160643,0.009759272013905251,0.03683311163019119,0.005442635363533756,-0.002463122877968195,0.05277999146168018,0.011834651507974813,-0.021586783689443882,0.010148874782084276,-0.020714042811364804,0.004508164982418664,0.0014526263373515489,0.009010087322837229,-0.012722992220451826,0.0015806907304375126,-0.004773652036778445,-0.012235932416873775,-0.014106500088172665,-0.01717641540947593,0.02344406221258646,-0.04184836881958277,-0.038796042017719946,-0.049998897823303246,0.0038589492655602417,-0.008478500163222567,0.011834651507974813,0.11599245694157133,0.013243538088706555,0.0016490268265715034,-0.005235779029085565,-0.009227907410392689,-0.007081414799510448,-0.018961866539272475,-0.020877699526709863,-0.035663258475168526,0.029377260117487848,0.014850113401044161,-0.02185741589949801,-0.0019555704793754692,-0.0035542480425433277,0.03619525432389497,0.029221250725345045,0.0019160590813720423,-0.0043487420107052,0.02118038714033471,-0.021586783689443882,0.013243538088706555,0.07025942121663538,-0.0014119344726267764,0.000365289806902272,-0.008083735758676838,0.020158469558268652,-0.023572502175286707,3.4713912746482146e-5,0.021650306190194264,0.01868756423183683,-0.006013847751108625,-0.01817220733640921,-0.034233137653287504,0.00010173129422152028,-0.0013803125336437532,0.020285742997030086,0.0077288497371658165,-0.017926806582886236,0.0073499041598823886,0.010148874782084276,0.0016490268265715034,-0.0014119344726267764,0.03303170684424698,-0.013603877156060509,-0.0015320645354690808,-0.0055939217301037465,0.0030944576506006217,0.013990093526914858,0.012875810306436145,0.004198896313485965,-0.011081973164993375,-0.012687022205371701,-0.01918918796979404,0.01302164414636709,0.0003997828043539703,-0.014593831333660628,-0.038030117353396925,0.004508266387348464,0.002341836843149355,-0.020714042811364804,-0.005235779029085565,0.000365289806902272,-0.013603877156060509,0.02744488078961489,-0.015136797899198902,0.000868821232283125,-0.012250499930388233,6.851667078074629e-5,-0.006537404422781025,-0.005796650911975415,0.014984850681856374,0.012832968352177562,0.027887697773907563,-0.029486820619216862,-0.006641311653286738,-0.0033465042880913127,0.06292992605382283,0.01558819207155068,-0.028204281541940705,0.004508164982418664,-0.009227907410392689,-0.008083735758676838,-0.0015320645354690808,-0.015136797899198902,0.06897252843632795,-0.010435029124059136,0.027029977880517846,-0.004524401190805952,-0.013857947924900412,-0.003955262879481188,0.005887021888429787,0.0012474099231414917,-0.010367991335993339,-0.009714857707039351,0.02433202333566508,0.01700342059894666,0.010578183834946379,0.0016724574033069619,0.014498862779589707,0.0014526263373515489,-0.007081414799510448,0.020158469558268652,-0.0055939217301037465,0.000868821232283125,-0.010435029124059136,0.030055859027774592,-0.000964850516313393,-0.009863279891979056,0.01789497615944034,-0.007702837927957531,-0.0067119973356318495,-0.002740352545962413,-0.015143092443712891,-0.010423310917883934,-0.0043249578136510935,0.003394679855970988,0.013404649278747039,-0.002088076357654372,-0.013167768370776683,0.009010087322837229,-0.018961866539272475,-0.023572502175286707,0.0030944576506006217,-0.012250499930388233,0.027029977880517846,-0.000964850516313393,0.04750219616211492,0.010473628597386559,-0.0056698088886399465,-0.014573936712591861,-0.001184812975250811,0.0006296201664342652,-0.014278459782810053,0.007524883895363932,0.004307112099139207,0.021777323629603274,-0.02393322848687795,-0.02683751946722235,-0.0017022010425517672,-0.012722992220451826,-0.020877699526709863,3.4713912746482146e-5,0.013990093526914858,6.851667078074629e-5,-0.004524401190805952,-0.009863279891979056,0.010473628597386559,0.05253833385720641,0.013930365454722685,0.006092621817468288,-0.0036985030388845775,0.002922541777871957,-0.00911010814002901,-0.01839065711909474,0.041109710318466046,0.043347417599442294,0.032796425681726846,-0.015165499390338184,0.028279672869053602,0.0015806907304375126,-0.035663258475168526,0.021650306190194264,0.012875810306436145,-0.006537404422781025,-0.013857947924900412,0.01789497615944034,-0.0056698088886399465,0.013930365454722685,0.07271676583914014,0.001746626654209584,-0.03392968217675124,-0.009464636979222098,-0.026293521696387274,0.004857704938920275,-0.008240970382532187,0.005854087874413516,-0.0059642382980174755,-0.006471774891822859,-0.002939221615483993,-0.004773652036778445,0.029377260117487848,0.01868756423183683,0.004198896313485965,-0.005796650911975415,-0.003955262879481188,-0.007702837927957531,-0.014573936712591861,0.006092621817468288,0.001746626654209584,0.04252153124577482,-0.0036354219252943344,-0.012318131357882327,-0.014084695021191895,0.009878678511780103,-0.01903012581495541,-0.026995061884792164,-0.024046068304405983,0.004808704347985769,-0.015985365425421224,-0.012235932416873775,0.014850113401044161,-0.006013847751108625,-0.011081973164993375,0.014984850681856374,0.005887021888429787,-0.0067119973356318495,-0.001184812975250811,-0.0036985030388845775,-0.03392968217675124,-0.0036354219252943344,0.04323465096082718,0.011145096544695088,0.024757019886562655,0.005071065539847483,-0.0035210463205328883,-0.015065563542297971,-0.009967101310965325,0.01163231570327521,-0.009251931985354032,-0.014106500088172665,-0.02185741589949801,-0.01817220733640921,-0.012687022205371701,0.012832968352177562,0.0012474099231414917,-0.002740352545962413,0.0006296201664342652,0.002922541777871957,-0.009464636979222098,-0.012318131357882327,0.011145096544695088,0.026013155088817328,0.02444882056789781,0.01580094354934044,-0.02284461792427142,-0.04676946067386223,-0.041498162731581495,0.013601991400007393,-0.006032263237681104,-0.01717641540947593,-0.0019555704793754692,-0.034233137653287504,-0.01918918796979404,0.027887697773907563,-0.010367991335993339,-0.015143092443712891,-0.014278459782810053,-0.00911010814002901,-0.026293521696387274,-0.014084695021191895,0.024757019886562655,0.02444882056789781,0.09311683845809558
0.07916172414963032,0.012777016663200982,0.0019827687562445698,-0.02349479806540485,-0.02412977176050737,0.030149354638154525,0.005644233826415526,0.008656570260539304,0.006018671627402,0.02622348262567073,-0.00853371638776583,-0.013189574639309129,-0.0009534827561130067,-0.0042025215888269185,0.014909051164174021,0.01052456898222891,7.585113358603984e-5,-0.014488724655017701,0.010104348678254303,-0.004837874787659884,0.012777016663200982,0.09641804941690277,0.0012278504264382007,-0.045934357360019246,-0.024003812214438758,0.07823675090906357,0.01386025062826513,-0.07178800545394963,0.026468478727856244,0.017091614405840727,-0.019132137994903986,-0.038402806855940136,-0.01637394224933436,0.014677567619423397,0.01809444832470263,0.09086607734211422,-0.05087009271506819,0.017774687565834973,-0.003559223046913905,-0.06202662585365058,0.0019827687562445698,0.0012278504264382007,0.10256231074029891,-0.015459773404469175,-0.018655687723974655,0.021489813009093528,-0.011585147487884823,-0.014025467493521194,-0.005997417324008674,0.02371113904329523,0.044303185761432023,-0.01573917741490194,-0.019815746477666738,-0.003758915149280606,-0.0016382331997899572,-0.027862751789564245,0.04378593894519969,-0.0027916819748450466,-0.028269241360902538,0.003751000731121206,-0.02349479806540485,-0.045934357360019246,-0.015459773404469175,0.07315040220898195,0.0282178421267996,-0.04414656332642594,-0.009599925989110174,0.038040779982859305,-0.01715041395227582,-0.015976587200103223,-0.0002621283434854839,0.02356832632772972,0.010521645850604566,-0.003975531177823928,-0.02564931869378534,-0.04260123706560279,0.0154173995617801,-0.0035597659739164088,0.009295423050707652,0.02296521910672139,-0.02412977176050737,-0.024003812214438758,-0.018655687723974655,0.0282178421267996,0.04192002356925409,-0.03509935115504928,-0.010429187950683115,0.024978862081127207,-0.010178260104151978,-0.0142378394951842,0.014165917089749451,0.01230721008641142,0.002516625431387223,0.0026847639859828272,-0.007272417957008316,-0.0298867772571201,0.016759569527680557,0.002245692393006401,0.004997046754329363,0.015222265087698764,0.030149354638154525,0.07823675090906357,0.021489813009093528,-0.04414656332642594,-0.03509935115504928,0.12523966980636292,0.027060298395075275,-0.07957413638638153,0.030975744068645575,0.047028074946868365,-0.01886733527479232,-0.0575736729922133,-0.03020397172480823,0.006634714878869682,0.01032119212834631,0.10160440019918807,-0.05058195521330167,0.009696318984606985,-0.020665871403815664,-0.06247612896693339,0.005644233826415526,0.01386025062826513,-0.011585147487884823,-0.009599925989110174,-0.010429187950683115,0.027060298395075275,0.03678919073085979,-0.01878778716964284,0.015082136037296818,0.018870417325456884,-0.034170816555319554,-0.022199668177647177,0.004306306698718359,0.0011925686305633895,0.00697749834928214,0.03283480417333923,-0.024519895371207204,-0.005562514097736419,-0.010797376715120419,-0.01164014497918627,0.008656570260539304,-0.07178800545394963,-0.014025467493521194,0.038040779982859305,0.024978862081127207,-0.07957413638638153,-0.01878778716964284,0.0953925468922002,-0.027983207171172,-0.016608781555475148,0.01433180784982336,0.03691114010481984,0.019344720961791302,-0.013960530529032362,-0.006147580856156335,-0.08972560225491621,0.049479365229138,-0.018183083610404296,0.01762685307585242,0.04865476333973364,0.006018671627402,0.026468478727856244,-0.005997417324008674,-0.01715041395227582,-0.010178260104151978,0.030975744068645575,0.015082136037296818,-0.027983207171172,0.029669142776523355,0.0081367192477,-0.021054933191365713,-0.01800276030609481,-0.0019873495341902157,0.0028171374397662837,0.005829387663487346,0.036761063797628335,-0.029490370592279914,0.0038627147293411853,-0.008372460884011234,-0.028987694933639164,0.02622348262567073,0.017091614405840727,0.02371113904329523,-0.015976587200103223,-0.0142378394951842,0.047028074946868365,0.018870417325456884,-0.016608781555475148,0.0081367192477,0.05522528732553563,-0.011939800107887113,-0.03453615711287628,-0.005173102472350982,-0.0003813521423928698,0.018793807615102673,0.026855322372610787,-0.0033015743210693957,-0.009781914278118552,-0.01260907055744999,-0.019772070437454985,-0.00853371638776583,-0.019132137994903986,0.044303185761432023,-0.0002621283434854839,0.014165917089749451,-0.01886733527479232,-0.034170816555319554,0.01433180784982336,-0.021054933191365713,-0.011939800107887113,0.07555364893286541,0.014028220794337746,-0.01876331171398936,-0.008024117160546504,-0.009060874166574114,-0.0472117321679289,0.04484675572229326,0.008995033059270989,-0.011878724188180393,0.018456913350653737,-0.013189574639309129,-0.038402806855940136,-0.01573917741490194,0.02356832632772972,0.01230721008641142,-0.0575736729922133,-0.022199668177647177,0.03691114010481984,-0.01800276030609481,-0.03453615711287628,0.014028220794337746,0.05911930724889007,0.01266648136616081,-0.004150803909035326,-0.016664483063696597,-0.05296654033318549,0.015009840146580886,-0.000616169211267861,0.01878250164338183,0.03051483032356731,-0.0009534827561130067,-0.01637394224933436,-0.019815746477666738,0.010521645850604566,0.002516625431387223,-0.03020397172480823,0.004306306698718359,0.019344720961791302,-0.0019873495341902157,-0.005173102472350982,-0.01876331171398936,0.01266648136616081,0.033148864495466,0.0012022910875735295,0.0034000898371701043,-0.012193514009831416,-0.0020159814166559108,-0.01564557706351994,0.01581246607585892,0.008038062567469483,-0.0042025215888269185,0.014677567619423397,-0.003758915149280606,-0.003975531177823928,0.0026847639859828272,0.006634714878869682,0.0011925686305633895,-0.013960530529032362,0.0028171374397662837,-0.0003813521423928698,-0.008024117160546504,-0.004150803909035326,0.0012022910875735295,0.019739364772431555,0.007161440649672522,0.01527410139052255,-0.008631587884429847,0.004388158424849667,0.000620404200048884,-0.009874444318186869,0.014909051164174021,0.01809444832470263,-0.0016382331997899572,-0.02564931869378534,-0.007272417957008316,0.01032119212834631,0.00697749834928214,-0.006147580856156335,0.005829387663487346,0.018793807615102673,-0.009060874166574114,-0.016664483063696597,0.0034000898371701043,0.007161440649672522,0.03682770642382947,0.024346649606555075,-0.006452273975640707,-0.005034330274182823,0.0029211392791552403,-0.018214939803078478,0.01052456898222891,0.09086607734211422,-0.027862751789564245,-0.04260123706560279,-0.0298867772571201,0.10160440019918807,0.03283480417333923,-0.08972560225491621,0.036761063797628335,0.026855322372610787,-0.0472117321679289,-0.05296654033318549,-0.012193514009831416,0.01527410139052255,0.024346649606555075,0.17264521605877714,-0.09300174987069657,0.018920349937355425,-0.0010786331179522,-0.09405171970962327,7.585113358603984e-5,-0.05087009271506819,0.04378593894519969,0.0154173995617801,0.016759569527680557,-0.05058195521330167,-0.024519895371207204,0.049479365229138,-0.029490370592279914,-0.0033015743210693957,0.04484675572229326,0.015009840146580886,-0.0020159814166559108,-0.008631587884429847,-0.006452273975640707,-0.09300174987069657,0.08773377932598889,-0.01260554889560295,-0.009687195165130166,0.05916155871004132,-0.014488724655017701,0.017774687565834973,-0.0027916819748450466,-0.0035597659739164088,0.002245692393006401,0.009696318984606985,-0.005562514097736419,-0.018183083610404296,0.0038627147293411853,-0.009781914278118552,0.008995033059270989,-0.000616169211267861,-0.01564557706351994,0.004388158424849667,-0.005034330274182823,0.018920349937355425,-0.01260554889560295,0.03765099212420574,-0.0011017905707366839,-0.009647591812159434,0.010104348678254303,-0.003559223046913905,-0.028269241360902538,0.009295423050707652,0.004997046754329363,-0.020665871403815664,-0.010797376715120419,0.01762685307585242,-0.008372460884011234,-0.01260907055744999,-0.011878724188180393,0.01878250164338183,0.01581246607585892,0.000620404200048884,0.0029211392791552403,-0.0010786331179522,-0.009687195165130166,-0.0011017905707366839,0.03031613413494495,0.0004902879220965112,-0.004837874787659884,-0.06202662585365058,0.003751000731121206,0.02296521910672139,0.015222265087698764,-0.06247612896693339,-0.01164014497918627,0.04865476333973364,-0.028987694933639164,-0.019772070437454985,0.018456913350653737,0.03051483032356731,0.008038062567469483,-0.009874444318186869,-0.018214939803078478,-0.09405171970962327,0.05916155871004132,-0.009647591812159434,0.0004902879220965112,0.09018590387030452
0.023978631249666947,-0.0023398016469284143,0.004967455639273661,-0.012211541905236867,-0.002047658542881252,0.009096781770863135,0.00489287834366364,-0.0016133401432640055,0.010057838700729526,0.00954345956606983,0.0063169448994216705,-0.010804879026837196,0.0003794134075051851,-0.0016089734710165837,0.0042310730909291445,0.01536716748280471,-0.006950843926320382,-0.007324833482870041,-0.0011483795913374575,-0.014809230848590007,-0.0023398016469284143,0.0306112698129035,0.011655538959764318,-0.002932551400473757,-0.012711784228157066,0.008191374925249812,0.0006236704097823352,-0.011111039406309264,0.0007274019041033755,0.008935314671451498,-0.0017652660044674676,-0.0044287619253715275,0.004963883918818505,-0.003242499449300128,0.0054807832863347904,0.004323647829694213,-0.007068431793298659,-0.015662229044700826,-0.004381071675980402,-0.00850279031238185,0.004967455639273661,0.011655538959764318,0.07252906411266978,-0.022514447450259257,-0.019410378948591246,0.014586160294376222,0.012088009949371155,-0.002908861934104622,0.012213133077588787,0.028507561254028178,-0.004820310193445547,-0.006348208312838714,-0.011667146881377545,0.001856282283076408,0.019955693465520414,-0.004451288795622758,-0.01422471182203857,-0.01525016596611036,-0.013104087664468357,-0.010502595361038373,-0.012211541905236867,-0.002932551400473757,-0.022514447450259257,0.06431894710679939,0.015559973162541223,-0.022915215817227125,-0.009066618746187666,0.004444275816871783,-0.008343784728195913,-0.01699069920914691,-0.008138612709913253,0.004863778076417079,0.00971471731008532,0.0005628170465566578,-0.020760496842807702,-0.018920181813057012,-0.0003023117404716488,-0.0017706000671873351,0.008090087601146635,0.009036133012627484,-0.002047658542881252,-0.012711784228157066,-0.019410378948591246,0.015559973162541223,0.03076986423507396,-0.006388712225491554,-0.004322786094436474,0.01253543016787385,-0.001995071599243582,-0.010418181598629735,0.0033999361926610764,0.005222564810945705,0.0016053340962752123,0.0015203884048837516,-0.008157815318921974,-0.0017760967657386027,0.017031004387410405,0.006125738699536181,0.00803011052116338,0.005958761217834675,0.009096781770863135,0.008191374925249812,0.014586160294376222,-0.022915215817227125,-0.006388712225491554,0.05321079955814777,0.006890653722808167,-0.005809975626385175,0.013558665907528083,0.010317030459213658,0.012805358333976967,0.00374218017850253,0.006430469588626902,-0.00734250785901327,0.013995842921812478,0.030035525738199863,-0.010166317108082489,-0.005683845299245258,-1.94451567682853e-6,-0.02398361436296222,0.00489287834366364,0.0006236704097823352,0.012088009949371155,-0.009066618746187666,-0.004322786094436474,0.006890653722808167,0.027022074620200544,0.001772092166194371,-0.000442934525389356,0.01777474715004228,-0.008785107561615189,-0.007306093461778011,-0.0006486458375072161,-0.0014364840722986263,0.01106944267237807,0.002910027299884552,-0.0008790031210531922,-0.00970406754838965,-0.012636554820399607,-0.01114923487158826,-0.0016133401432640055,-0.011111039406309264,-0.002908861934104622,0.004444275816871783,0.01253543016787385,-0.005809975626385175,0.001772092166194371,0.036865579262000396,0.006527388800276309,0.0004986590414155318,-0.0042033630962675156,0.004011958057855211,0.0035895514484485954,0.0027872974184272397,0.0023613458591408938,-0.009674525223194938,0.013305621533336146,0.0011772774385624585,-0.004676896446905091,-0.0007001819224974437,0.010057838700729526,0.0007274019041033755,0.012213133077588787,-0.008343784728195913,-0.001995071599243582,0.013558665907528083,-0.000442934525389356,0.006527388800276309,0.025018624030315167,0.00643196432262884,0.00493550589902253,-0.00383897313161244,0.005157529330461418,-0.004258831932151109,0.009284858371993467,0.0061971162897879635,-0.011573701490001753,-0.00311522182133776,-0.002816755971461753,-0.01817728533875449,0.00954345956606983,0.008935314671451498,0.028507561254028178,-0.01699069920914691,-0.010418181598629735,0.010317030459213658,0.01777474715004228,0.0004986590414155318,0.00643196432262884,0.056718104484196355,-0.004178469735457022,-0.011854052367118461,-0.0005275881511072758,-0.0031798009133250575,0.015512373423091108,0.015233942382285873,-0.00598421689664127,-0.01608323279235668,-0.018912494236641653,-0.025346591523394944,0.0063169448994216705,-0.0017652660044674676,-0.004820310193445547,-0.008138612709913253,0.0033999361926610764,0.012805358333976967,-0.008785107561615189,-0.0042033630962675156,0.00493550589902253,-0.004178469735457022,0.030424373677871888,-0.0012393999191177398,0.004297392877803745,-0.0017306981825581517,-0.001278602693972313,0.016701054616439028,-0.0033321153244084394,0.011813319623442505,0.003553962875948235,-0.003323973380539704,-0.010804879026837196,-0.0044287619253715275,-0.006348208312838714,0.004863778076417079,0.005222564810945705,0.00374218017850253,-0.007306093461778011,0.004011958057855211,-0.00383897313161244,-0.011854052367118461,-0.0012393999191177398,0.0293238602656234,-0.0014453110303722886,0.003422234156448988,-0.0020998974877331628,-0.006271734576761389,0.003776089679816529,0.011406956548004991,0.0076082375571742585,0.013762390969722656,0.0003794134075051851,0.004963883918818505,-0.011667146881377545,0.00971471731008532,0.0016053340962752123,0.006430469588626902,-0.0006486458375072161,0.0035895514484485954,0.005157529330461418,-0.0005275881511072758,0.004297392877803745,-0.0014453110303722886,0.02369702133892267,-0.005518223026814997,-0.0022447161070707614,0.00904331664843506,-0.003172120040031546,-0.0005184168992602499,0.004865722644167151,-0.007901936491302462,-0.0016089734710165837,-0.003242499449300128,0.001856282283076408,0.0005628170465566578,0.0015203884048837516,-0.00734250785901327,-0.0014364840722986263,0.0027872974184272397,-0.004258831932151109,-0.0031798009133250575,-0.0017306981825581517,0.003422234156448988,-0.005518223026814997,0.01642492240612023,0.0013914914020870682,-0.006649983343895781,0.004515332290885475,0.0017679009351659804,-0.0032373582329647457,0.0031442162623477356,0.0042310730909291445,0.0054807832863347904,0.019955693465520414,-0.020760496842807702,-0.008157815318921974,0.013995842921812478,0.01106944267237807,0.0023613458591408938,0.009284858371993467,0.015512373423091108,-0.001278602693972313,-0.0020998974877331628,-0.0022447161070707614,0.0013914914020870682,0.03696188998721364,0.013725360896853101,-0.002509780129736818,-0.008715231577622554,-0.004453236370618277,-0.01722043040987043,0.01536716748280471,0.004323647829694213,-0.004451288795622758,-0.018920181813057012,-0.0017760967657386027,0.030035525738199863,0.002910027299884552,-0.009674525223194938,0.0061971162897879635,0.015233942382285873,0.016701054616439028,-0.006271734576761389,0.00904331664843506,-0.006649983343895781,0.013725360896853101,0.0637165921373535,-0.007239133661086118,0.0025235922501244835,0.006519415293026257,-0.02988468541252921,-0.006950843926320382,-0.007068431793298659,-0.01422471182203857,-0.0003023117404716488,0.017031004387410405,-0.010166317108082489,-0.0008790031210531922,0.013305621533336146,-0.011573701490001753,-0.00598421689664127,-0.0033321153244084394,0.003776089679816529,-0.003172120040031546,0.004515332290885475,-0.002509780129736818,-0.007239133661086118,0.046641781286375514,0.007631576273222314,-0.004662230806473697,0.013707293783033519,-0.007324833482870041,-0.015662229044700826,-0.01525016596611036,-0.0017706000671873351,0.006125738699536181,-0.005683845299245258,-0.00970406754838965,0.0011772774385624585,-0.00311522182133776,-0.01608323279235668,0.011813319623442505,0.011406956548004991,-0.0005184168992602499,0.0017679009351659804,-0.008715231577622554,0.0025235922501244835,0.007631576273222314,0.048245182572469444,0.013300291109189111,0.018053938548715003,-0.0011483795913374575,-0.004381071675980402,-0.013104087664468357,0.008090087601146635,0.00803011052116338,-1.94451567682853e-6,-0.012636554820399607,-0.004676896446905091,-0.002816755971461753,-0.018912494236641653,0.003553962875948235,0.0076082375571742585,0.004865722644167151,-0.0032373582329647457,-0.004453236370618277,0.006519415293026257,-0.004662230806473697,0.013300291109189111,0.022622198258104364,0.006116214020554371,-0.014809230848590007,-0.00850279031238185,-0.010502595361038373,0.009036133012627484,0.005958761217834675,-0.02398361436296222,-0.01114923487158826,-0.0007001819224974437,-0.01817728533875449,-0.025346591523394944,-0.003323973380539704,0.013762390969722656,-0.007901936491302462,0.0031442162623477356,-0.01722043040987043,-0.02988468541252921,0.013707293783033519,0.018053938548715003,0.006116214020554371,0.0578821861482979
