0.019093562718636808,0.0023784018668416753,0.01015666404980263,-0.015168429304029462,-0.0094006315775116,0.006338533511836527,0.008061977935065863,-0.007837260877060652,0.0007264952562889163,0.004333007247234438,0.00471030840509914,-0.01139394553820768,0.0037295835566813294,0.0029911503196852303,0.007497408673102043,0.013861273554035205,0.0012941721557181423,-0.012593906248708556,-0.0056914926822296385,-0.0027109198408523166,0.0023784018668416753,0.030573338447466725,0.01694787449643459,-0.00104185863584776,-0.0075746554398915455,0.012690522966642158,0.0038167583827687594,-0.01761841453736874,-0.0035057123991392427,0.009686384962277523,-0.0053110500303541735,-0.012492298793789606,-0.001916389039206007,0.004530138544951081,0.00898557789566616,0.021143795501342023,-0.002139192411668291,-0.01261570714567389,-0.0014672764049434809,-0.009637970965046734,0.01015666404980263,0.01694787449643459,0.051673933163120946,-0.020496465598283786,-0.029743498857509293,0.01124614323231466,0.010549464688276848,-0.019872180387271843,-0.008473080853219031,0.01307904176481808,-0.0009550043898754449,-0.025200988167379996,-0.006524098827319221,0.009178833029200407,0.021664915170983057,0.015278725135625407,0.010018829728089549,-0.020291655802995037,-0.014753658917529909,0.0006101310997291409,-0.015168429304029462,-0.00104185863584776,-0.020496465598283786,0.06508123142731631,0.018860166103787802,-0.014218127413417218,-0.0069735025101567046,0.004981017798896779,-0.00914464770345343,-0.005819718674279116,-0.0013479275388691972,0.020370576020019134,-0.0025064285441164305,-0.003096900006642417,-0.017758119644953593,-0.019163043577839396,-0.011909007173426444,0.01663241708623752,0.014637864894703284,0.0006573109162642918,-0.0094006315775116,-0.0075746554398915455,-0.029743498857509293,0.018860166103787802,0.05283911298884225,-0.004106085043628468,0.0016368241915880534,0.014041835310537076,0.013111223158507282,-0.008854853910639353,-0.0008864598190492733,0.009352586450995792,0.0031847834129031414,-0.013823028057687918,-0.024334791966669253,-0.011973185592752473,-0.0017299088846893058,0.02042794163207464,0.01634878415019321,-0.002813997199195947,0.006338533511836527,0.012690522966642158,0.01124614323231466,-0.014218127413417218,-0.004106085043628468,0.029515036436796045,0.00780424796688198,-0.014645606257297553,0.0037841367872964364,0.009256214816095747,-0.003719636437037612,-0.017373586322988584,0.004789005582903178,-0.0010374654241345994,0.0039591511344713,0.025967756024492812,-0.003052407463642292,-0.01398297564010001,-0.002181274258266826,-0.007989788762073662,0.008061977935065863,0.0038167583827687594,0.010549464688276848,-0.0069735025101567046,0.0016368241915880534,0.00780424796688198,0.03138274447190288,-0.008508723848996027,-0.0017456482903717573,0.005071494086963264,-0.006588187521278157,-0.012282120170617718,0.0012190498012765514,0.00019594683992822843,0.00413403878244295,0.009246394359560525,0.00021315155277156465,-0.005575208137188464,-0.010772793656802178,0.005396697383978825,-0.007837260877060652,-0.01761841453736874,-0.019872180387271843,0.004981017798896779,0.014041835310537076,-0.014645606257297553,-0.008508723848996027,0.0566342812607315,0.008167636036792408,-0.0028203032089566702,-0.0057254188568815235,0.027222714763423635,-5.6400687343437153e-5,-0.014804752659160602,-0.008677426991082203,-0.027605266664164088,-0.0005794571647393936,0.011999416041779263,0.0033563272572585045,-0.0013604752969205648,0.0007264952562889163,-0.0035057123991392427,-0.008473080853219031,-0.00914464770345343,0.013111223158507282,0.0037841367872964364,-0.0017456482903717573,0.008167636036792408,0.02512233316566097,-0.006968725871056252,0.000357027180460878,0.000163418030498174,0.010212984628613,-0.004538245782737966,-0.004975513817182902,-0.0019705558213212785,-0.0026533460214529306,0.007482908064677649,-0.002238000316212994,-0.010815268286985608,0.004333007247234438,0.009686384962277523,0.01307904176481808,-0.005819718674279116,-0.008854853910639353,0.009256214816095747,0.005071494086963264,-0.0028203032089566702,-0.006968725871056252,0.03224974547354756,-0.011281206980923619,-0.004459438277428666,-0.003554656310160802,-0.002993192150447163,0.008473654843734291,0.011850941375803267,-0.004674994010645774,-0.011002070736440848,-0.0021581872894794797,-0.0016271193870806598,0.00471030840509914,-0.0053110500303541735,-0.0009550043898754449,-0.0013479275388691972,-0.0008864598190492733,-0.003719636437037612,-0.006588187521278157,-0.0057254188568815235,0.000357027180460878,-0.011281206980923619,0.023330224186652006,-0.0015044270692160886,0.00113270381017302,-0.0013516355775425432,-0.005317436353411937,-0.0031071511827005316,0.0038207875859086124,0.0027604600035530877,-0.0028627619236331744,0.0021659698326302614,-0.01139394553820768,-0.012492298793789606,-0.025200988167379996,0.020370576020019134,0.009352586450995792,-0.017373586322988584,-0.012282120170617718,0.027222714763423635,0.000163418030498174,-0.004459438277428666,-0.0015044270692160886,0.04940859161162237,-0.006603304942267304,-0.005983596570463854,-0.01126180338826764,-0.03007711427979711,-0.006395725447097725,0.021103372115511682,0.005860288598374513,0.013278841470552931,0.0037295835566813294,-0.001916389039206007,-0.006524098827319221,-0.0025064285441164305,0.0031847834129031414,0.004789005582903178,0.0012190498012765514,-5.6400687343437153e-5,0.010212984628613,-0.003554656310160802,0.00113270381017302,-0.006603304942267304,0.020666482307843115,0.001729131422229897,-0.0020967470086124228,0.008863563081494757,-0.009907751701346883,-0.0013146259605581784,0.004582544996892388,-0.012188326667836787,0.0029911503196852303,0.004530138544951081,0.009178833029200407,-0.003096900006642417,-0.013823028057687918,-0.0010374654241345994,0.00019594683992822843,-0.014804752659160602,-0.004538245782737966,-0.002993192150447163,-0.0013516355775425432,-0.005983596570463854,0.001729131422229897,0.024394541194968377,0.01215485573542256,0.005871483829417434,0.005429167053114748,-0.005665594815662484,-0.00785218127866702,0.0042157263514696515,0.007497408673102043,0.00898557789566616,0.021664915170983057,-0.017758119644953593,-0.024334791966669253,0.0039591511344713,0.00413403878244295,-0.008677426991082203,-0.004975513817182902,0.008473654843734291,-0.005317436353411937,-0.01126180338826764,-0.0020967470086124228,0.01215485573542256,0.03113938934257824,0.016472361934496877,0.0007724696283659903,-0.014961139558999258,-0.006017233477046465,-0.006048771759767518,0.013861273554035205,0.021143795501342023,0.015278725135625407,-0.019163043577839396,-0.011973185592752473,0.025967756024492812,0.009246394359560525,-0.027605266664164088,-0.0019705558213212785,0.011850941375803267,-0.0031071511827005316,-0.03007711427979711,0.008863563081494757,0.005871483829417434,0.016472361934496877,0.05696501304977488,-0.013469406913607176,-0.024470361789420428,0.0043567209613170595,-0.023563860722331024,0.0012941721557181423,-0.002139192411668291,0.010018829728089549,-0.011909007173426444,-0.0017299088846893058,-0.003052407463642292,0.00021315155277156465,-0.0005794571647393936,-0.0026533460214529306,-0.004674994010645774,0.0038207875859086124,-0.006395725447097725,-0.009907751701346883,0.005429167053114748,0.0007724696283659903,-0.013469406913607176,0.03824533846996777,-0.0029290524687329315,-0.01641229729043716,0.014577528415737067,-0.012593906248708556,-0.01261570714567389,-0.020291655802995037,0.01663241708623752,0.02042794163207464,-0.01398297564010001,-0.005575208137188464,0.011999416041779263,0.007482908064677649,-0.011002070736440848,0.0027604600035530877,0.021103372115511682,-0.0013146259605581784,-0.005665594815662484,-0.014961139558999258,-0.024470361789420428,-0.0029290524687329315,0.04287101814554662,0.009331151580341101,0.00952776411028637,-0.0056914926822296385,-0.0014672764049434809,-0.014753658917529909,0.014637864894703284,0.01634878415019321,-0.002181274258266826,-0.010772793656802178,0.0033563272572585045,-0.002238000316212994,-0.0021581872894794797,-0.0028627619236331744,0.005860288598374513,0.004582544996892388,-0.00785218127866702,-0.006017233477046465,0.0043567209613170595,-0.01641229729043716,0.009331151580341101,0.027037305721619147,-0.012814740225433673,-0.0027109198408523166,-0.009637970965046734,0.0006101310997291409,0.0006573109162642918,-0.002813997199195947,-0.007989788762073662,0.005396697383978825,-0.0013604752969205648,-0.010815268286985608,-0.0016271193870806598,0.0021659698326302614,0.013278841470552931,-0.012188326667836787,0.0042157263514696515,-0.006048771759767518,-0.023563860722331024,0.014577528415737067,0.00952776411028637,-0.012814740225433673,0.047367755499496886
0.026849537632188235,0.0033886916565774835,0.0027865877588979637,-0.008519694212491144,-0.003366796458093857,0.0073564948958255785,0.0007294830196969766,-0.00402642775975825,0.006120856519158863,0.0016124014266677257,-0.0011019960056266086,-0.008156073838629534,-0.005245703715223659,-0.0019005674866001045,0.00609352837751807,0.005360038431120956,0.00015012279539147413,-0.006862179872509108,0.0022250549705240584,-0.004776313317560659,0.0033886916565774835,0.0272259989181068,0.007406669129858893,-0.010651551462897035,-0.008745559353365292,0.01281545143971452,-0.0027865534607644134,-0.01424846056604807,0.006200180313928619,0.004628487599725234,0.0032610823771274115,-0.005460370807955179,0.001965693640424885,-0.0036864061580475387,0.007432523114592622,0.005768054713507384,-0.006702283093286604,-0.0036554836881971782,0.000953982753205612,-0.0062758363414742585,0.0027865877588979637,0.007406669129858893,0.06372193239846204,-0.021927432048076137,-0.01594161855289871,0.017161639468813657,0.009206867524939662,-0.011413300548757405,0.007774454508531996,0.021403903876450234,0.003109320449216307,-0.004699898909049281,-0.005834865244283321,0.001769517275663943,0.015360206235974571,0.0016081679247514523,-0.003325738813862473,-0.004633902761165879,-0.010312914258041019,-0.015237263501865722,-0.008519694212491144,-0.010651551462897035,-0.021927432048076137,0.05495511985643808,0.020011980823253506,-0.020179978417062334,-0.006190977113800955,0.007699871459838482,-0.0037680928709876976,-0.014559768172280045,-0.0061320532480231065,0.0043468481064316035,0.005760055816192246,-0.00011494614450205558,-0.017090723165572554,-0.008815442904553612,0.002704463308946876,-0.0015304387788580428,0.006815268561142203,0.003976694234749051,-0.003366796458093857,-0.008745559353365292,-0.01594161855289871,0.020011980823253506,0.0239304834847798,-0.011566152418786162,-0.001655369399009249,0.008387646131252232,-0.0035617911691600604,-0.012626133259892971,-0.0007096707010379814,0.004271591554754263,0.0013134849941463197,0.004407110850098185,-0.010040065610009564,-0.007226609179076927,0.006696577369608395,-0.0006895940795145353,0.006101097646282933,0.00500316363044595,0.0073564948958255785,0.01281545143971452,0.017161639468813657,-0.020179978417062334,-0.011566152418786162,0.035062363727818235,0.004159978664917572,-0.015611222918502463,0.007474453460918496,0.01131563783325789,0.007306008684455299,-0.004897687092143542,-0.005440318891381739,-0.003235220290246434,0.009058467611641908,0.010459681497851123,-0.00810120277908309,-0.004396728773350404,-0.004532357048369669,-0.01185022170315703,0.0007294830196969766,-0.0027865534607644134,0.009206867524939662,-0.006190977113800955,-0.001655369399009249,0.004159978664917572,0.024040092834847548,0.0019470459642695875,-0.0012613499288989458,0.009560418054976445,-0.004346808242638219,-0.0038773926721453996,0.0009039361654208303,-0.002374141321959621,0.005931465463502943,0.0006838672046505425,-0.0025574915024010503,-0.003684538979252425,-0.00851194787206555,-0.009716916744640123,-0.00402642775975825,-0.01424846056604807,-0.011413300548757405,0.007699871459838482,0.008387646131252232,-0.015611222918502463,0.0019470459642695875,0.04140706455873889,-0.0005043441480617537,-0.004299453159187855,-0.006000077120882607,0.001144896462744832,0.006357113359021997,0.0029701985224796002,-0.006941379775959545,-0.010642874292761343,0.013824394990226703,0.0018559460379395784,-0.004401289336614508,0.0010190681143157924,0.006120856519158863,0.006200180313928619,0.007774454508531996,-0.0037680928709876976,-0.0035617911691600604,0.007474453460918496,-0.0012613499288989458,-0.0005043441480617537,0.0182092617738465,0.005492283359873793,-0.0010877564251046317,-0.0059806267800890526,0.0028791542653177596,-0.003161308781549984,0.0044478955098110826,0.0017390529961048562,-0.0033427009309798094,-0.004896202949143287,-0.006646041234317099,-0.012482646892292365,0.0016124014266677257,0.004628487599725234,0.021403903876450234,-0.014559768172280045,-0.012626133259892971,0.01131563783325789,0.009560418054976445,-0.004299453159187855,0.005492283359873793,0.03213628026296809,-0.0009596512881025564,-0.005228743832972104,-0.0014058004160843799,-0.0011181531611680602,0.01120974194448794,0.010572685161734147,-0.004866064549143248,-0.002442032355674511,-0.012587118306330566,-0.017273093175026177,-0.0011019960056266086,0.0032610823771274115,0.003109320449216307,-0.0061320532480231065,-0.0007096707010379814,0.007306008684455299,-0.004346808242638219,-0.006000077120882607,-0.0010877564251046317,-0.0009596512881025564,0.018081570038071707,-0.0010315511140856393,0.0017172794999998032,-0.0014240337629343558,0.002889096096589214,0.004297533969236448,-0.0031368305814625337,0.0071776016088070885,0.0021386817867624142,0.00263795124071314,-0.008156073838629534,-0.005460370807955179,-0.004699898909049281,0.0043468481064316035,0.004271591554754263,-0.004897687092143542,-0.0038773926721453996,0.001144896462744832,-0.0059806267800890526,-0.005228743832972104,-0.0010315511140856393,0.0233573047126751,-0.003358577812105903,0.007435161179012077,-0.006414213079833843,-0.008709416362633993,0.00045615119062244016,0.005028917419575355,0.0030463359987309736,0.00948382579418764,-0.005245703715223659,0.001965693640424885,-0.005834865244283321,0.005760055816192246,0.0013134849941463197,-0.005440318891381739,0.0009039361654208303,0.006357113359021997,0.0028791542653177596,-0.0014058004160843799,0.0017172794999998032,-0.003358577812105903,0.016395156123067765,-0.0029717446048635474,-0.0017834862252258331,-0.0007713234952611123,0.00044115218710215543,0.002266354963989246,0.0016228709567958543,-0.00019372174493051386,-0.0019005674866001045,-0.0036864061580475387,0.001769517275663943,-0.00011494614450205558,0.004407110850098185,-0.003235220290246434,-0.002374141321959621,0.0029701985224796002,-0.003161308781549984,-0.0011181531611680602,-0.0014240337629343558,0.007435161179012077,-0.0029717446048635474,0.016186788963398667,0.0008984544815816734,-0.0038587628489506923,0.002673030498275628,0.002380407945542832,-0.0011974434623058558,-0.001749950873820535,0.00609352837751807,0.007432523114592622,0.015360206235974571,-0.017090723165572554,-0.010040065610009564,0.009058467611641908,0.005931465463502943,-0.006941379775959545,0.0044478955098110826,0.01120974194448794,0.002889096096589214,-0.006414213079833843,-0.0017834862252258331,0.0008984544815816734,0.028174976886609228,0.004965194663359235,-0.0019672815154963656,-0.002414659173751493,-0.0018503038278874094,-0.008943619345593071,0.005360038431120956,0.005768054713507384,0.0016081679247514523,-0.008815442904553612,-0.007226609179076927,0.010459681497851123,0.0006838672046505425,-0.010642874292761343,0.0017390529961048562,0.010572685161734147,0.004297533969236448,-0.008709416362633993,-0.0007713234952611123,-0.0038587628489506923,0.004965194663359235,0.039895594441579585,-0.009101563603908297,-0.003181845064839998,-0.003142875329875873,-0.013748611999322213,0.00015012279539147413,-0.006702283093286604,-0.003325738813862473,0.002704463308946876,0.006696577369608395,-0.00810120277908309,-0.0025574915024010503,0.013824394990226703,-0.0033427009309798094,-0.004866064549143248,-0.0031368305814625337,0.00045615119062244016,0.00044115218710215543,0.002673030498275628,-0.0019672815154963656,-0.009101563603908297,0.024182957560751363,0.0005958037226307157,7.946406046134381e-5,0.005785622575151442,-0.006862179872509108,-0.0036554836881971782,-0.004633902761165879,-0.0015304387788580428,-0.0006895940795145353,-0.004396728773350404,-0.003684538979252425,0.0018559460379395784,-0.004896202949143287,-0.002442032355674511,0.0071776016088070885,0.005028917419575355,0.002266354963989246,0.002380407945542832,-0.002414659173751493,-0.003181845064839998,0.0005958037226307157,0.026630011549954456,0.004904260200433568,0.01112922711962758,0.0022250549705240584,0.000953982753205612,-0.010312914258041019,0.006815268561142203,0.006101097646282933,-0.004532357048369669,-0.00851194787206555,-0.004401289336614508,-0.006646041234317099,-0.012587118306330566,0.0021386817867624142,0.0030463359987309736,0.0016228709567958543,-0.0011974434623058558,-0.0018503038278874094,-0.003142875329875873,7.946406046134381e-5,0.004904260200433568,0.01567192531301804,0.010587298499435545,-0.004776313317560659,-0.0062758363414742585,-0.015237263501865722,0.003976694234749051,0.00500316363044595,-0.01185022170315703,-0.009716916744640123,0.0010190681143157924,-0.012482646892292365,-0.017273093175026177,0.00263795124071314,0.00948382579418764,-0.00019372174493051386,-0.001749950873820535,-0.008943619345593071,-0.013748611999322213,0.005785622575151442,0.01112922711962758,0.010587298499435545,0.046293023397126286
