0.01670527021919005,-0.00497302715619311,-0.002812178784905222,-0.0013321784383856672,0.0018545583246479533,0.006258509421089704,0.0009720575410403947,0.00044381224013330595,-0.0016675330739178594,-0.004578574916566833,-0.0012281030431460407,-0.0003423974191537779,0.0015802083912489218,-0.002313391785157305,0.0013409868116737876,-0.0011973943070971928,0.0016508283352415045,0.00500016600940045,-0.0002506463036306212,-0.0022053737553656924,-0.00497302715619311,0.03097908632878468,0.0017394921344713132,-0.012280324912774043,0.006625008450364023,-0.012676948360467191,0.0032554328893417356,-0.003912945447647165,0.000428734241288854,0.0027446320334092067,-0.003425373994001422,-0.003629177748051323,0.0008340696945796757,0.005194814140387306,-0.0015510711557361588,0.00110511222211585,-0.00900581982684872,-0.002711190354947691,0.003688673225695313,-0.003926166484782294,-0.002812178784905222,0.0017394921344713132,0.020554150462674968,-0.0022868805630995603,0.0019318570584659573,-0.002376815935391192,0.0007681186584635668,-0.00016096851720512063,0.002897923527886991,-0.0008361537970610031,-0.0006269284724797694,0.004527606355789434,0.002805585531159868,7.143157119836874e-5,-0.0003640543793726433,-0.001391726188181458,3.85362861919419e-5,-0.003777709292638651,-0.0016229905699551286,0.0010185616009513797,-0.0013321784383856672,-0.012280324912774043,-0.0022868805630995603,0.024084226888808843,0.0015334427780900714,0.004005993637517569,-0.0004500403495025967,0.0002760432507435945,0.0004137896142974456,2.907330731490616e-5,0.003759649757611401,0.0042216481499853615,0.003998562197806496,0.0026948452799329856,0.0036277657838565515,0.00047604985362436996,0.00798436385075127,0.008680814126531562,-0.003779781995959304,-0.0014157893570470727,0.0018545583246479533,0.006625008450364023,0.0019318570584659573,0.0015334427780900714,0.020132883254547713,-0.002868711070731893,0.003135722858023768,0.0008371868987170309,-0.0013377330178100046,0.002732809952237723,-0.002828805395115384,-0.0012745219706289522,-0.004031065648550252,0.005259797588318358,-0.005477459321740708,-0.0006797426594561889,-0.007794136631708058,-0.0019289620899798669,-0.00043973713713394704,-0.0021216778561723828,0.006258509421089704,-0.012676948360467191,-0.002376815935391192,0.004005993637517569,-0.002868711070731893,0.032141686943732865,-0.0021444903964372855,0.0018347446130248719,-0.0022153409722747213,-0.0018920378233523488,3.054677480424005e-5,0.0022344094633272482,-0.003290534975571591,-0.004809655125391726,0.0024329364554688078,0.003284213651924069,0.003964843395520276,0.0027257926779159524,-0.006317550930800089,-0.0010726993954586063,0.0009720575410403947,0.0032554328893417356,0.0007681186584635668,-0.0004500403495025967,0.003135722858023768,-0.0021444903964372855,0.018940229609969765,-0.003901444270174835,0.0073286771551218256,-0.0036103206574189806,-2.320466694039275e-5,0.0008046841440368943,0.0015431464266918498,-0.0007599117061525464,0.00039740787213468707,0.003404242387611639,-0.0007104485069773555,-1.2550235609485244e-5,-0.0002934812233639979,-0.0025724369270086504,0.00044381224013330595,-0.003912945447647165,-0.00016096851720512063,0.0002760432507435945,0.0008371868987170309,0.0018347446130248719,-0.003901444270174835,0.013824626936549319,0.004840394659635103,0.002114610453073193,-0.001410633899804296,-0.0017202020925791844,0.0015799493601097638,-0.000711885894405957,-0.001427168836186501,-0.0016609220499346706,0.0005276859618284914,-0.0008231519083920751,-0.0021736744272196303,0.0010773600589864456,-0.0016675330739178594,0.000428734241288854,0.002897923527886991,0.0004137896142974456,-0.0013377330178100046,-0.0022153409722747213,0.0073286771551218256,0.004840394659635103,0.015346242132448699,-0.0007673162456998233,0.003545727948925644,0.002186457419504605,0.0007481202549842412,0.0029146527795873255,0.004038805904762768,0.0015162416301093239,0.0041543682723689385,0.0030152532553969222,0.001969140585970441,-0.00029331402086175593,-0.004578574916566833,0.0027446320334092067,-0.0008361537970610031,2.907330731490616e-5,0.002732809952237723,-0.0018920378233523488,-0.0036103206574189806,0.002114610453073193,-0.0007673162456998233,0.021491824348490646,-0.0010846914702516888,0.0007542798668498537,-0.0014653547608732107,0.0011189777178431852,-0.0025244533247162884,-0.0031832255636300905,-0.0019191592003151912,-0.0002683400100255787,0.0016263614274800997,-0.0016568066695603722,-0.0012281030431460407,-0.003425373994001422,-0.0006269284724797694,0.003759649757611401,-0.002828805395115384,3.054677480424005e-5,-2.320466694039275e-5,-0.001410633899804296,0.003545727948925644,-0.0010846914702516888,0.01663546938348069,0.0030724663820078683,0.008496450583025807,0.0005317539902190839,0.002216006086308319,-0.005070975855358586,0.005399125088041521,0.00408129400282091,-0.002348614400001046,-0.0016574364000190582,-0.0003423974191537779,-0.003629177748051323,0.004527606355789434,0.0042216481499853615,-0.0012745219706289522,0.0022344094633272482,0.0008046841440368943,-0.0017202020925791844,0.002186457419504605,0.0007542798668498537,0.0030724663820078683,0.01805655008121434,0.005420992938228118,0.00046081064667274414,0.001995473168288422,0.003317856502598631,0.001549005604228415,-0.0008421287136871046,-0.003459495144522212,0.0029567940994732027,0.0015802083912489218,0.0008340696945796757,0.002805585531159868,0.003998562197806496,-0.004031065648550252,-0.003290534975571591,0.0015431464266918498,0.0015799493601097638,0.0007481202549842412,-0.0014653547608732107,0.008496450583025807,0.005420992938228118,0.02118151274956929,-0.0005182854148389186,0.003962514614306382,-0.0017396558041573892,0.004498783875171861,-0.002670652454909643,-0.001027763466451617,0.0022356460469246187,-0.002313391785157305,0.005194814140387306,7.143157119836874e-5,0.0026948452799329856,0.005259797588318358,-0.004809655125391726,-0.0007599117061525464,-0.000711885894405957,0.0029146527795873255,0.0011189777178431852,0.0005317539902190839,0.00046081064667274414,-0.0005182854148389186,0.018611069153305706,-0.005804157868497023,-0.0031852047134031214,-0.0050633208997219546,0.0016133733418403793,-0.000930700354738543,-0.0012192123732882145,0.0013409868116737876,-0.0015510711557361588,-0.0003640543793726433,0.0036277657838565515,-0.005477459321740708,0.0024329364554688078,0.00039740787213468707,-0.001427168836186501,0.004038805904762768,-0.0025244533247162884,0.002216006086308319,0.001995473168288422,0.003962514614306382,-0.005804157868497023,0.02180261151553102,0.002527727668203062,0.005839568893180444,0.0015311987720345566,-0.0009080146852520358,-0.0009523047492733723,-0.0011973943070971928,0.00110511222211585,-0.001391726188181458,0.00047604985362436996,-0.0006797426594561889,0.003284213651924069,0.003404242387611639,-0.0016609220499346706,0.0015162416301093239,-0.0031832255636300905,-0.005070975855358586,0.003317856502598631,-0.0017396558041573892,-0.0031852047134031214,0.002527727668203062,0.01392540910264434,0.0007251748204163977,-0.005851285028351172,0.004107398204838764,-0.0025483766913120282,0.0016508283352415045,-0.00900581982684872,3.85362861919419e-5,0.00798436385075127,-0.007794136631708058,0.003964843395520276,-0.0007104485069773555,0.0005276859618284914,0.0041543682723689385,-0.0019191592003151912,0.005399125088041521,0.001549005604228415,0.004498783875171861,-0.0050633208997219546,0.005839568893180444,0.0007251748204163977,0.022950017097491976,0.0034862345450646444,-0.004106989908055534,0.001783671584823524,0.00500016600940045,-0.002711190354947691,-0.003777709292638651,0.008680814126531562,-0.0019289620899798669,0.0027257926779159524,-1.2550235609485244e-5,-0.0008231519083920751,0.0030152532553969222,-0.0002683400100255787,0.00408129400282091,-0.0008421287136871046,-0.002670652454909643,0.0016133733418403793,0.0015311987720345566,-0.005851285028351172,0.0034862345450646444,0.01747251632397467,0.0013325194150333643,-0.002096005890107841,-0.0002506463036306212,0.003688673225695313,-0.0016229905699551286,-0.003779781995959304,-0.00043973713713394704,-0.006317550930800089,-0.0002934812233639979,-0.0021736744272196303,0.001969140585970441,0.0016263614274800997,-0.002348614400001046,-0.003459495144522212,-0.001027763466451617,-0.000930700354738543,-0.0009080146852520358,0.004107398204838764,-0.004106989908055534,0.0013325194150333643,0.017594203734363732,0.001544716567097086,-0.0022053737553656924,-0.003926166484782294,0.0010185616009513797,-0.0014157893570470727,-0.0021216778561723828,-0.0010726993954586063,-0.0025724369270086504,0.0010773600589864456,-0.00029331402086175593,-0.0016568066695603722,-0.0016574364000190582,0.0029567940994732027,0.0022356460469246187,-0.0012192123732882145,-0.0009523047492733723,-0.0025483766913120282,0.001783671584823524,-0.002096005890107841,0.001544716567097086,0.012438324122988332
