0.019062880361630744,0.0019017673958202277,0.0025950443859842198,0.005984782751055443,0.0010620522128209704,0.0006144280734260437,-0.0034007950432988136,0.004476815356757122,0.005216381167446766,0.005407431181771911,0.003845717761461988,0.004163388013137809,0.0018428110240760872,0.006597168777263485,0.006251520486710335,0.0025966212071719752,-0.002244803273345141,-0.0004493578778420433,-0.0015190152587441518,0.006355210910629382,0.0019017673958202277,0.02034802519302629,0.0037323268072066364,0.00539731900843083,0.0016070586998230395,-0.003020677227071068,0.0051041481176019535,0.001461331301395417,0.0023883093909355954,0.0005944061241364893,0.0033647770520654715,0.0025466519242821044,0.006931216348530804,0.006779722107877124,0.0020676877366280545,0.003015925186785967,0.003431955212730987,0.002633284666572886,-0.00016245190453264695,0.0025111165192305673,0.0025950443859842198,0.0037323268072066364,0.012746940196429916,0.0035074846838912864,0.0002028955700267993,0.0013913888176397874,0.0038924552990185993,-0.003424495213749578,0.0013108542617754427,0.0009254012872095814,0.005413112914855848,0.004328287163557515,0.006579559915749983,0.00817196558710593,0.0008898834466402486,0.003974870129504714,0.0017477311439963426,-0.0016170935911172858,-0.0013155110932401596,0.0020279466007436043,0.005984782751055443,0.00539731900843083,0.0035074846838912864,0.02609472698769771,0.00760932267071269,-0.011444421591164392,-0.0004699891507727058,-0.0015682731399353817,0.0021643584955755787,0.007890818935481245,0.004406174716657454,0.010111047151251915,0.0016508955305166426,0.011948568271985767,7.470560251794547e-5,0.0040890377219493235,0.005955012309831896,-0.005620846648786636,0.0032951794526637082,0.0003456130918425155,0.0010620522128209704,0.0016070586998230395,0.0002028955700267993,0.00760932267071269,0.01190632053749781,-0.005930071945355685,-0.0015170614171261714,0.0012129054000574924,-0.0008477920444046568,0.003038588041279067,0.0007630234070187263,0.003935532402659898,-0.0004394257611064094,0.004382313591170533,-0.0016443254400844757,0.0023248546967301635,0.0010408536694894704,-0.0023225884857246922,-0.0006228373963636778,0.0027041344443140404,0.0006144280734260437,-0.003020677227071068,0.0013913888176397874,-0.011444421591164392,-0.005930071945355685,0.019949961093661598,-0.0017908181999524556,0.004813354858070401,0.0009280444364781579,-0.00021915871323089145,0.0034543569844459263,0.002102871496866826,0.0018577837228360428,-0.00208769416127854,9.621606475032374e-5,-0.0024836377976012094,-0.006565991017167514,-0.002186450525034242,-0.0038007800953810747,0.0063931464036406415,-0.0034007950432988136,0.0051041481176019535,0.0038924552990185993,-0.0004699891507727058,-0.0015170614171261714,-0.0017908181999524556,0.024837143363354665,0.0029635898262587775,0.004187625692219008,0.0004877378943774787,0.006579394824563767,0.00014456208591964292,0.0105977080761084,0.002347265796083458,-0.0004750595990744078,-0.0004796101946126623,0.0067425788093085255,0.004497256372159777,0.0021813118118716186,0.0020481900631649187,0.004476815356757122,0.001461331301395417,-0.003424495213749578,-0.0015682731399353817,0.0012129054000574924,0.004813354858070401,0.0029635898262587775,0.021173698510513084,-0.0011707076171268123,0.0018968658188016278,0.005457698197178291,0.0034121068337335187,0.0006530349488226874,0.002812369139550956,0.00563791615919808,0.00024763097175396396,0.001085142467019848,0.002587724642974224,-0.004838815954246815,0.0091650143829605,0.005216381167446766,0.0023883093909355954,0.0013108542617754427,0.0021643584955755787,-0.0008477920444046568,0.0009280444364781579,0.004187625692219008,-0.0011707076171268123,0.0259419177097091,0.00016618709165162323,0.008430887928147123,0.0100012745126087,0.006556033101892763,0.01035459567642725,0.007976858996716232,0.0008384559561076467,0.0072933889862497985,0.0041957079308908365,0.0015394173199717834,0.011255285198935512,0.005407431181771911,0.0005944061241364893,0.0009254012872095814,0.007890818935481245,0.003038588041279067,-0.00021915871323089145,0.0004877378943774787,0.0018968658188016278,0.00016618709165162323,0.013873339249628169,0.005533081467925748,0.003860221826739512,0.004133301888273014,0.008910039384358259,0.002804781080630746,0.003525995835347733,-0.001587984699060652,0.0011640329183174476,0.0016312619816266697,0.003463293188648826,0.003845717761461988,0.0033647770520654715,0.005413112914855848,0.004406174716657454,0.0007630234070187263,0.0034543569844459263,0.006579394824563767,0.005457698197178291,0.008430887928147123,0.005533081467925748,0.028237290847838856,0.005669500409594116,0.009063160405793403,0.007662365164279749,0.00774176095476046,0.002778671910427915,0.00615146513642938,0.0076423996117694955,0.004156431671439495,0.0060429338816607656,0.004163388013137809,0.0025466519242821044,0.004328287163557515,0.010111047151251915,0.003935532402659898,0.002102871496866826,0.00014456208591964292,0.0034121068337335187,0.0100012745126087,0.003860221826739512,0.005669500409594116,0.023312834152283576,0.00516381096076637,0.014098272133675899,0.0016493822428105998,0.004115293914803265,-9.990196040344223e-5,0.001641984964928611,0.0003501085349649309,0.01075984375475347,0.0018428110240760872,0.006931216348530804,0.006579559915749983,0.0016508955305166426,-0.0004394257611064094,0.0018577837228360428,0.0105977080761084,0.0006530349488226874,0.006556033101892763,0.004133301888273014,0.009063160405793403,0.00516381096076637,0.02126355054155543,0.007091525776651552,0.0020039704717049072,0.003073458019650733,0.006643553096469168,0.0036065903735284744,0.0005782717814164823,0.005864099284288064,0.006597168777263485,0.006779722107877124,0.00817196558710593,0.011948568271985767,0.004382313591170533,-0.00208769416127854,0.002347265796083458,0.002812369139550956,0.01035459567642725,0.008910039384358259,0.007662365164279749,0.014098272133675899,0.007091525776651552,0.027148508917085187,0.0024702885769747234,0.006509150607384196,0.00376118801029794,0.0012242334024440786,0.006171257624136539,0.008276147934740831,0.006251520486710335,0.0020676877366280545,0.0008898834466402486,7.470560251794547e-5,-0.0016443254400844757,9.621606475032374e-5,-0.0004750595990744078,0.00563791615919808,0.007976858996716232,0.002804781080630746,0.00774176095476046,0.0016493822428105998,0.0020039704717049072,0.0024702885769747234,0.01920998935420176,-0.0033029232950619134,0.000334548979440652,0.0035284911489923904,-0.0018983425739950233,0.004636875641880419,0.0025966212071719752,0.003015925186785967,0.003974870129504714,0.0040890377219493235,0.0023248546967301635,-0.0024836377976012094,-0.0004796101946126623,0.00024763097175396396,0.0008384559561076467,0.003525995835347733,0.002778671910427915,0.004115293914803265,0.003073458019650733,0.006509150607384196,-0.0033029232950619134,0.01723885537057681,0.001497258228338507,-0.0016409825554830437,0.0035961823540163126,0.00487066885251158,-0.002244803273345141,0.003431955212730987,0.0017477311439963426,0.005955012309831896,0.0010408536694894704,-0.006565991017167514,0.0067425788093085255,0.001085142467019848,0.0072933889862497985,-0.001587984699060652,0.00615146513642938,-9.990196040344223e-5,0.006643553096469168,0.00376118801029794,0.000334548979440652,0.001497258228338507,0.014504688062779533,0.0029780589161103083,-0.00056438001647679,0.0008750394258810873,-0.0004493578778420433,0.002633284666572886,-0.0016170935911172858,-0.005620846648786636,-0.0023225884857246922,-0.002186450525034242,0.004497256372159777,0.002587724642974224,0.0041957079308908365,0.0011640329183174476,0.0076423996117694955,0.001641984964928611,0.0036065903735284744,0.0012242334024440786,0.0035284911489923904,-0.0016409825554830437,0.0029780589161103083,0.01706031726586077,-0.0007779035022092343,0.005654949916709341,-0.0015190152587441518,-0.00016245190453264695,-0.0013155110932401596,0.0032951794526637082,-0.0006228373963636778,-0.0038007800953810747,0.0021813118118716186,-0.004838815954246815,0.0015394173199717834,0.0016312619816266697,0.004156431671439495,0.0003501085349649309,0.0005782717814164823,0.006171257624136539,-0.0018983425739950233,0.0035961823540163126,-0.00056438001647679,-0.0007779035022092343,0.01617674883330173,0.0005309958606183278,0.006355210910629382,0.0025111165192305673,0.0020279466007436043,0.0003456130918425155,0.0027041344443140404,0.0063931464036406415,0.0020481900631649187,0.0091650143829605,0.011255285198935512,0.003463293188648826,0.0060429338816607656,0.01075984375475347,0.005864099284288064,0.008276147934740831,0.004636875641880419,0.00487066885251158,0.0008750394258810873,0.005654949916709341,0.0005309958606183278,0.025474558171261766
