0.017861462187698855,-0.00279323663894405,0.002759222784304124,0.005028969419360253,0.0010087517348856079,-0.0022158653128685458,-0.0034963720981638705,-0.0005385935487404148,-0.0035656508737622137,-0.0037128583771955585,0.00021333127375109594,-0.0021874663969304164,0.001092554320151237,0.0024224152987255406,0.0007259214477434261,0.000608099985288742,0.0018448152309248793,-0.005422428890938231,0.002864835917915631,-0.0054002266469271275,-0.00279323663894405,0.019696569268988766,-0.00144658438452333,0.004708828651683102,-0.00440204862271145,0.0008917822222258972,0.0006947965542776181,-0.004821104589716666,-0.0034801423624174046,0.0009550279306273289,-0.0017149739549561153,0.0020569465891967023,0.004392778326100027,0.0002427202301276236,0.00474416248515841,0.0033639451840343794,0.0002953245952644704,-0.002193871528820681,0.0046378578245371525,0.0009489208984097769,0.002759222784304124,-0.00144658438452333,0.025035836157007784,-0.0053821537248547255,0.0008041871158220965,-0.002136741082336844,0.0013256567136392308,-0.001207911406253664,-0.001920508483083273,-0.004348560630253035,0.00031723229016568225,0.007228713943093676,-0.0059794793325204775,0.004119518553591468,0.0024560730782560627,-0.00241984612341707,-0.0024948443398977137,0.005060557276757752,-0.0013477168512184257,-0.0025177336672686053,0.005028969419360253,0.004708828651683102,-0.0053821537248547255,0.026593996328622072,0.0024680709795733575,-0.0032247838477306393,0.004775072129876049,-0.0014218035471567855,0.001709418843431591,0.005355269286451442,0.003893860749459562,-0.0011667290122560608,-0.0003377370589082454,-0.003623154365021159,-0.002739461769408264,-0.00036703588194535495,-0.005878853663567074,-0.008130725652958422,-2.095932496305046e-5,0.0030412444940904693,0.0010087517348856079,-0.00440204862271145,0.0008041871158220965,0.0024680709795733575,0.017908704248533833,-0.0036047297007688996,0.0012393019570104274,-0.0012200278737162327,0.0034225196443085507,0.00015970355926795652,-0.0004632097135224492,-0.00315532340873137,0.0013773444997554998,-0.0011326513389427286,-0.0010831096401947783,-0.0007215891537342124,-0.0006271510929364047,-0.0017515155783980778,0.0003403230684862591,-0.001973466845024986,-0.0022158653128685458,0.0008917822222258972,-0.002136741082336844,-0.0032247838477306393,-0.0036047297007688996,0.01334375641920425,-0.004901670416919697,0.001114937778503411,0.00019943212352724278,0.0018346697176968825,-0.000864015251851668,-8.509809999008302e-5,-0.0031694645597371996,0.0002331432262012899,0.0006463315569699855,0.0002540099008985993,0.0017343140430919782,0.004088348714990194,-0.001785376726916942,0.0002342197334566359,-0.0034963720981638705,0.0006947965542776181,0.0013256567136392308,0.004775072129876049,0.0012393019570104274,-0.004901670416919697,0.014398850234968093,0.0033474959906151704,0.001243914921467085,-0.0003571525640826103,0.003344244125824737,-0.0063052610740408745,-0.0032095983241465864,-0.0017665301358489466,0.003205360547178165,0.0012208231304309488,-0.0008280348746698645,-0.0025533311592532987,-0.003598760551100701,-0.0013534707888587082,-0.0005385935487404148,-0.004821104589716666,-0.001207911406253664,-0.0014218035471567855,-0.0012200278737162327,0.001114937778503411,0.0033474959906151704,0.019968251510683887,0.00019307360280024243,-0.0006006353900256036,0.0003486145719467517,-0.0037985130379650546,-0.0008516137216130627,0.0006832468879936812,-0.0004046046532487023,-0.0005972048431057321,-0.001390102066002748,-0.0007522953585892499,0.001978454797794117,0.0052308130350485395,-0.0035656508737622137,-0.0034801423624174046,-0.001920508483083273,0.001709418843431591,0.0034225196443085507,0.00019943212352724278,0.001243914921467085,0.00019307360280024243,0.026641099807535287,0.00503157107846767,-0.003357962846952914,0.001401573790381955,0.003774609551696109,-0.0006608510627655488,-0.0068205946444313825,0.0012300070584204317,-0.005859212171457731,0.003682096341168992,0.003431041839457688,-0.00010022009223558675,-0.0037128583771955585,0.0009550279306273289,-0.004348560630253035,0.005355269286451442,0.00015970355926795652,0.0018346697176968825,-0.0003571525640826103,-0.0006006353900256036,0.00503157107846767,0.02377848656603996,0.0029351869829799954,-0.007264707564793469,0.0019319233200886321,-0.007820865671387504,-0.005328422107685931,0.0018873315442013792,0.0011795087698618268,-0.0028250352895216398,0.0015106468742366835,-0.0035169206380453533,0.00021333127375109594,-0.0017149739549561153,0.00031723229016568225,0.003893860749459562,-0.0004632097135224492,-0.000864015251851668,0.003344244125824737,0.0003486145719467517,-0.003357962846952914,0.0029351869829799954,0.019349936355664604,0.0004502677397568512,-0.003477016309668172,0.0032486300518041944,0.007333272227734324,0.00033059846613986324,0.003214987724604522,-0.007488929507299515,-0.0036310802585581264,-0.002604897420749202,-0.0021874663969304164,0.0020569465891967023,0.007228713943093676,-0.0011667290122560608,-0.00315532340873137,-8.509809999008302e-5,-0.0063052610740408745,-0.0037985130379650546,0.001401573790381955,-0.007264707564793469,0.0004502677397568512,0.026471587434649675,-0.003473856416462089,0.0021996694923990057,-0.0008127702521977774,0.00021936530655941114,-0.001433252730907847,0.007279861122956307,-0.002408570656717003,-0.0002808943391434636,0.001092554320151237,0.004392778326100027,-0.0059794793325204775,-0.0003377370589082454,0.0013773444997554998,-0.0031694645597371996,-0.0032095983241465864,-0.0008516137216130627,0.003774609551696109,0.0019319233200886321,-0.003477016309668172,-0.003473856416462089,0.019182648134661705,0.005982598569258978,0.0008127241159769007,0.00021434638361217227,-0.0028867087883731064,0.003976573977312655,0.00022815459943107365,-0.0017972636560752266,0.0024224152987255406,0.0002427202301276236,0.004119518553591468,-0.003623154365021159,-0.0011326513389427286,0.0002331432262012899,-0.0017665301358489466,0.0006832468879936812,-0.0006608510627655488,-0.007820865671387504,0.0032486300518041944,0.0021996694923990057,0.005982598569258978,0.013654420434314977,-0.0018296086545273246,0.0010527176535128,0.002882938600674968,0.006060429406293788,-0.0016637019149869886,-0.0011442466743293261,0.0007259214477434261,0.00474416248515841,0.0024560730782560627,-0.002739461769408264,-0.0010831096401947783,0.0006463315569699855,0.003205360547178165,-0.0004046046532487023,-0.0068205946444313825,-0.005328422107685931,0.007333272227734324,-0.0008127702521977774,0.0008127241159769007,-0.0018296086545273246,0.023392806083579458,-0.002599278043867243,-0.0036293355156287867,-0.00630905881672086,-0.002861100002845625,-0.001846262973795028,0.000608099985288742,0.0033639451840343794,-0.00241984612341707,-0.00036703588194535495,-0.0007215891537342124,0.0002540099008985993,0.0012208231304309488,-0.0005972048431057321,0.0012300070584204317,0.0018873315442013792,0.00033059846613986324,0.00021936530655941114,0.00021434638361217227,0.0010527176535128,-0.002599278043867243,0.015393060739789815,0.0015778275739254414,-0.0011006041430614909,-0.002804108683281705,8.319471114819979e-5,0.0018448152309248793,0.0002953245952644704,-0.0024948443398977137,-0.005878853663567074,-0.0006271510929364047,0.0017343140430919782,-0.0008280348746698645,-0.001390102066002748,-0.005859212171457731,0.0011795087698618268,0.003214987724604522,-0.001433252730907847,-0.0028867087883731064,0.002882938600674968,-0.0036293355156287867,0.0015778275739254414,0.021589561737891873,0.0004569749153889578,-0.007449145292757531,-0.0008918918421860751,-0.005422428890938231,-0.002193871528820681,0.005060557276757752,-0.008130725652958422,-0.0017515155783980778,0.004088348714990194,-0.0025533311592532987,-0.0007522953585892499,0.003682096341168992,-0.0028250352895216398,-0.007488929507299515,0.007279861122956307,0.003976573977312655,0.006060429406293788,-0.00630905881672086,-0.0011006041430614909,0.0004569749153889578,0.03161092752830132,-0.0024586593826829437,0.0022849764403713698,0.002864835917915631,0.0046378578245371525,-0.0013477168512184257,-2.095932496305046e-5,0.0003403230684862591,-0.001785376726916942,-0.003598760551100701,0.001978454797794117,0.003431041839457688,0.0015106468742366835,-0.0036310802585581264,-0.002408570656717003,0.00022815459943107365,-0.0016637019149869886,-0.002861100002845625,-0.002804108683281705,-0.007449145292757531,-0.0024586593826829437,0.019933409306984774,-0.00041322703072336407,-0.0054002266469271275,0.0009489208984097769,-0.0025177336672686053,0.0030412444940904693,-0.001973466845024986,0.0002342197334566359,-0.0013534707888587082,0.0052308130350485395,-0.00010022009223558675,-0.0035169206380453533,-0.002604897420749202,-0.0002808943391434636,-0.0017972636560752266,-0.0011442466743293261,-0.001846262973795028,8.319471114819979e-5,-0.0008918918421860751,0.0022849764403713698,-0.00041322703072336407,0.026758381439618593
