0.11350142914515948,-0.008908272019949334,0.04982979482068872,-0.02694443730550971,-0.017489868977603344,-0.003628989165950073,0.004478031424648287,-0.031937918905056664,-0.005434178822110558,0.05829049464818774,0.05752603301881264,0.009811006499466968,0.0012041919713119788,-0.007614946352754293,-0.07784772200931636,0.008613732734470187,-0.0022295648444141765,-0.007706588640161197,-0.04604350409070253,-0.07344276336497285,-0.008908272019949334,0.03147080077137548,-0.010567929826014606,-0.024907149037624577,-0.004374853368654815,-0.0022713622523248492,0.008295682187306579,0.006903119437992918,-0.004796055839451354,0.0029007987852162536,-0.012476359507158512,-0.019617945324978132,0.014184838201373826,0.0038145284610114683,0.024042400226286065,0.002034779490397872,-0.0053870493074341524,-0.0036941539308567826,0.0005863898657911186,0.0051194916591735555,0.04982979482068872,-0.010567929826014606,0.10526550617270539,0.010388884195893358,0.021117034051646714,-0.0014264921787388999,-0.006510266272632223,-0.016539715660456197,-0.03246692911315771,0.03305406258566479,0.03624073442773404,0.022023179964038738,-0.006699709048794531,-0.0388603647376862,-0.06949618147238307,-0.02374991730438679,-0.005441462419398309,0.016492850234738836,-0.030068268854804958,-0.041394629312915335,-0.02694443730550971,-0.024907149037624577,0.010388884195893358,0.0730701865802423,0.011445190962898508,0.0019851096189057475,-0.03210128422958692,0.008921382281070731,0.002133071048029172,-0.03803453103238359,-0.007943070232526765,0.018519742657748237,-0.013705855799212355,-0.014273975756257691,-0.002487501401908333,0.0011701862270767057,0.01769088310873785,0.016620321181095642,-0.0028956826950654675,0.024457099865921216,-0.017489868977603344,-0.004374853368654815,0.021117034051646714,0.011445190962898508,0.03128588833191996,0.008768751430640173,-0.003345817569993081,0.0021047289765955502,-0.006846177726583129,0.0010239496576982198,-0.006359557959719153,0.0039019375696550877,-0.004204380736298512,-0.011359895036093335,-0.01279242584024172,-0.013925855243686277,0.008923346438472226,0.014053204513124825,0.002148021409300662,0.002993061079782998,-0.003628989165950073,-0.0022713622523248492,-0.0014264921787388999,0.0019851096189057475,0.008768751430640173,0.03889751298394241,0.003798537310781617,0.007137869465730862,0.008983265171201231,0.0036909200150454812,-0.02051956808255808,-0.017455148684617935,-0.007378328745465534,0.006271862234047502,-0.001065749094102654,-0.019898321121994196,0.015518381056521811,0.01250058590629386,0.005481157575026478,-0.01497957384558694,0.004478031424648287,0.008295682187306579,-0.006510266272632223,-0.03210128422958692,-0.003345817569993081,0.003798537310781617,0.047355085875932,-0.003627463144230443,0.0016020080766705658,0.021746151879194563,-0.004908892531690573,-0.015290952641662303,-0.0037488385476324142,0.007796016183159189,0.004949707674120672,-0.01795056992647933,0.0002527624533057325,-0.007424524710217358,0.005385707199854366,-0.016497233141476032,-0.031937918905056664,0.006903119437992918,-0.016539715660456197,0.008921382281070731,0.0021047289765955502,0.007137869465730862,-0.003627463144230443,0.03761738075454978,0.002251674089737952,-0.02124071303708125,-0.009796378196623372,0.001930712480045254,0.004018893015113363,-0.006330300499260241,0.02407206653243097,-0.014673333837057833,0.0023675577071910203,0.007810817473704528,0.00691866112051529,0.01046049653225712,-0.005434178822110558,-0.004796055839451354,-0.03246692911315771,0.002133071048029172,-0.006846177726583129,0.008983265171201231,0.0016020080766705658,0.002251674089737952,0.035644469465816314,-0.0068760220555073946,-0.010687116244441483,-0.002945062664521705,-0.007041847769831803,0.011901343683376166,0.00975825401594735,0.008533742975314099,0.006392398273548856,0.00019253106474894082,0.009082813380328568,0.0010814482161027369,0.05829049464818774,0.0029007987852162536,0.03305406258566479,-0.03803453103238359,0.0010239496576982198,0.0036909200150454812,0.021746151879194563,-0.02124071303708125,-0.0068760220555073946,0.08334109007824678,0.033246804409166816,-0.01228099304304574,0.007032037713920737,0.003699076431854193,-0.05483307684106235,-0.016911562965744975,-0.0010023139543359587,0.0026168774202844592,-0.01829885201255099,-0.059797842116533204,0.05752603301881264,-0.012476359507158512,0.03624073442773404,-0.007943070232526765,-0.006359557959719153,-0.02051956808255808,-0.004908892531690573,-0.009796378196623372,-0.010687116244441483,0.033246804409166816,0.10093070936204399,0.04066850389958793,-0.0002755820656403084,-0.03150666656951797,-0.05568896111415389,-0.0003715550541043732,-0.012804110111235716,0.0041109600620564835,-0.033693763818889555,-0.04579133647135065,0.009811006499466968,-0.019617945324978132,0.022023179964038738,0.018519742657748237,0.0039019375696550877,-0.017455148684617935,-0.015290952641662303,0.001930712480045254,-0.002945062664521705,-0.01228099304304574,0.04066850389958793,0.06247587228639655,0.0011726287879396755,-0.026602664844590944,-0.027614789137959984,0.004091664465570197,-0.005489739280190432,0.0076853911577313815,-0.02928983777604387,-0.0021412669825999274,0.0012041919713119788,0.014184838201373826,-0.006699709048794531,-0.013705855799212355,-0.004204380736298512,-0.007378328745465534,-0.0037488385476324142,0.004018893015113363,-0.007041847769831803,0.007032037713920737,-0.0002755820656403084,0.0011726287879396755,0.039366768443519495,-0.0032881382395116717,0.004137387162705465,0.006684890460059195,-0.01466285451655057,0.00022895890357125148,-0.0017312856953855757,0.0007951595241963896,-0.007614946352754293,0.0038145284610114683,-0.0388603647376862,-0.014273975756257691,-0.011359895036093335,0.006271862234047502,0.007796016183159189,-0.006330300499260241,0.011901343683376166,0.003699076431854193,-0.03150666656951797,-0.026602664844590944,-0.0032881382395116717,0.05430293737384056,0.028408798553853185,0.009130759173987668,0.001402193366871312,-0.015367975099608784,0.022433181164054992,0.017915016006373307,-0.07784772200931636,0.024042400226286065,-0.06949618147238307,-0.002487501401908333,-0.01279242584024172,-0.001065749094102654,0.004949707674120672,0.02407206653243097,0.00975825401594735,-0.05483307684106235,-0.05568896111415389,-0.027614789137959984,0.004137387162705465,0.028408798553853185,0.11310330595179326,0.015508067826889158,-0.005907841753003862,-0.015263736539289172,0.04327114810239223,0.06885530118078487,0.008613732734470187,0.002034779490397872,-0.02374991730438679,0.0011701862270767057,-0.013925855243686277,-0.019898321121994196,-0.01795056992647933,-0.014673333837057833,0.008533742975314099,-0.016911562965744975,-0.0003715550541043732,0.004091664465570197,0.006684890460059195,0.009130759173987668,0.015508067826889158,0.06061410678173372,-0.0011417881409332754,-0.016445003684884975,-0.0059216925908036734,0.023689850663304438,-0.0022295648444141765,-0.0053870493074341524,-0.005441462419398309,0.01769088310873785,0.008923346438472226,0.015518381056521811,0.0002527624533057325,0.0023675577071910203,0.006392398273548856,-0.0010023139543359587,-0.012804110111235716,-0.005489739280190432,-0.01466285451655057,0.001402193366871312,-0.005907841753003862,-0.0011417881409332754,0.03485553486419836,0.00676738268898019,-0.002372826943707344,-0.000303973843080162,-0.007706588640161197,-0.0036941539308567826,0.016492850234738836,0.016620321181095642,0.014053204513124825,0.01250058590629386,-0.007424524710217358,0.007810817473704528,0.00019253106474894082,0.0026168774202844592,0.0041109600620564835,0.0076853911577313815,0.00022895890357125148,-0.015367975099608784,-0.015263736539289172,-0.016445003684884975,0.00676738268898019,0.03813745364426131,-0.00883420470300151,-0.007755766846220777,-0.04604350409070253,0.0005863898657911186,-0.030068268854804958,-0.0028956826950654675,0.002148021409300662,0.005481157575026478,0.005385707199854366,0.00691866112051529,0.009082813380328568,-0.01829885201255099,-0.033693763818889555,-0.02928983777604387,-0.0017312856953855757,0.022433181164054992,0.04327114810239223,-0.0059216925908036734,-0.002372826943707344,-0.00883420470300151,0.060417330715286995,0.02871630786354583,-0.07344276336497285,0.0051194916591735555,-0.041394629312915335,0.024457099865921216,0.002993061079782998,-0.01497957384558694,-0.016497233141476032,0.01046049653225712,0.0010814482161027369,-0.059797842116533204,-0.04579133647135065,-0.0021412669825999274,0.0007951595241963896,0.017915016006373307,0.06885530118078487,0.023689850663304438,-0.000303973843080162,-0.007755766846220777,0.02871630786354583,0.08827229151591057
0.06388186290015135,0.024183204727089326,-0.01569337808122436,0.00028065126847930805,0.00017294623728187491,-0.021529689514250865,0.027622319694672458,0.004017569573155206,0.004676977316079933,-0.008404551781158901,0.003955577110072238,-0.010522595727319783,0.011894227622888404,-0.039186719528970494,-0.007283182848414858,-0.04316738546188349,-0.010296968609263352,-0.014907680755207917,0.021638208755643828,0.005694648884018185,0.024183204727089326,0.041591289295040655,-0.018260266937913924,0.00997985338345907,0.002088486279604076,-0.0012740130274208651,0.00649457803546059,0.0002810021746655091,0.00799623571241274,-0.012334909459280553,0.006017918827441715,0.0050610692082940535,-0.003166437740285948,-0.021779369571255605,-0.007214738190296194,-0.011528151739634979,-0.011167218475982149,-0.012934069534797542,0.0026836784889725527,0.0006111222471779374,-0.01569337808122436,-0.018260266937913924,0.04926146920682066,-0.012365772766199963,0.005847240644515915,-0.005017763139160511,0.005595219951009995,-0.00642848443468915,-0.01989710671876628,0.010492970859456063,0.000604613805731638,0.0019210141494983009,-0.005370081414228594,0.002804086393759032,0.006092049261652356,0.020344308829070235,0.005049314505253079,0.01881950959382099,-0.009004151204363597,-0.013957481280067796,0.00028065126847930805,0.00997985338345907,-0.012365772766199963,0.030753674318884767,-0.002260854653906933,0.0029527800955809176,-0.0038140717400450335,0.0026301479418145753,0.015440470394950001,-0.0074716004363325275,0.0009195135535536957,-0.00595848797012536,-0.00368585198966058,-0.005091223848969194,-0.011959637216571905,0.004684343618799934,-0.0031532546072327796,0.000859621832998071,-0.0052699869186561285,0.005814897174289782,0.00017294623728187491,0.002088486279604076,0.005847240644515915,-0.002260854653906933,0.0288907708300123,0.008773209440183154,-0.004877340284254374,0.0021503026322363845,-0.006159247634365574,0.009278754543507598,-0.003130164660352804,-0.008595182472124728,-0.0025513304004339075,-0.005141179610072152,0.0030368167056545907,0.0014377106989358628,-0.004075355907273445,-0.0050981994162153784,-0.012509136494656771,-0.0015004178516405328,-0.021529689514250865,-0.0012740130274208651,-0.005017763139160511,0.0029527800955809176,0.008773209440183154,0.04810156268174665,-0.03010116083276316,0.0011721132132316606,0.014407879144228353,0.010259684561571985,-0.004999061148842427,0.009125786668192484,-0.006932236399778052,0.02366226994996583,0.0004649081733344295,0.02006537012127451,0.01069140979787946,-0.006816549679757559,-0.02698887983337959,-0.0056112645321282385,0.027622319694672458,0.00649457803546059,0.005595219951009995,-0.0038140717400450335,-0.004877340284254374,-0.03010116083276316,0.07337460077836733,-0.007033250733041908,-0.014840837391255461,-0.020301403831707775,0.023395876224714937,-0.019704289297696083,0.016264260132315835,-0.05598055697959785,0.0019780305519442715,-0.03270616804406421,-0.01913553442242505,-5.2808654414661675e-5,0.042780720897629236,0.005231688540613691,0.004017569573155206,0.0002810021746655091,-0.00642848443468915,0.0026301479418145753,0.0021503026322363845,0.0011721132132316606,-0.007033250733041908,0.021010122209896776,0.004075385543541577,0.0068478300803928235,-0.0034001998556860316,-0.006237417758723448,-0.005294840206143906,0.012162562555231633,0.0006545019729438243,0.0067984113687977535,0.00756322103659912,-0.007133460910567984,-0.01484829476430563,-0.003985228657399424,0.004676977316079933,0.00799623571241274,-0.01989710671876628,0.015440470394950001,-0.006159247634365574,0.014407879144228353,-0.014840837391255461,0.004075385543541577,0.054938016603282104,0.0076689213753987455,-0.0075368372738704075,-0.0007470716825936259,0.004768689224224583,-0.0011559990432131165,-0.0037263889101043783,0.009718315418301277,0.006772918283782265,-0.01352787035643597,-0.02159486195816806,0.006736429599228691,-0.008404551781158901,-0.012334909459280553,0.010492970859456063,-0.0074716004363325275,0.009278754543507598,0.010259684561571985,-0.020301403831707775,0.0068478300803928235,0.0076689213753987455,0.04665511289530463,-0.01424973224422111,0.002722544230311382,0.0037980053080309034,0.012623252138974642,-0.0035288788152859074,0.020039216187815567,0.01109556919610867,-0.00985404287669247,-0.0350393240817045,0.003002859813756267,0.003955577110072238,0.006017918827441715,0.000604613805731638,0.0009195135535536957,-0.003130164660352804,-0.004999061148842427,0.023395876224714937,-0.0034001998556860316,-0.0075368372738704075,-0.01424973224422111,0.03403682688494405,-0.01188229273080803,-0.0025822896254397774,-0.012684375809743877,0.005559660453408474,-0.0072846276746557975,-0.00726418842971773,0.0027681668885905404,0.01547885452895379,-0.005123400720519667,-0.010522595727319783,0.0050610692082940535,0.0019210141494983009,-0.00595848797012536,-0.008595182472124728,0.009125786668192484,-0.019704289297696083,-0.006237417758723448,-0.0007470716825936259,0.002722544230311382,-0.01188229273080803,0.05511795148536859,0.002608271793422938,0.02442350723844132,0.0006180067940016925,0.002016221025445389,0.004743998072179298,-0.004141127178174608,0.001322504920159397,0.0006203486023029675,0.011894227622888404,-0.003166437740285948,-0.005370081414228594,-0.00368585198966058,-0.0025513304004339075,-0.006932236399778052,0.016264260132315835,-0.005294840206143906,0.004768689224224583,0.0037980053080309034,-0.0025822896254397774,0.002608271793422938,0.031612889933994325,-0.022892430645026222,0.00713305092284752,-0.023236464234735164,-0.006046106623714802,-0.0015278567764459622,0.0214242471903625,0.009044892571922473,-0.039186719528970494,-0.021779369571255605,0.002804086393759032,-0.005091223848969194,-0.005141179610072152,0.02366226994996583,-0.05598055697959785,0.012162562555231633,-0.0011559990432131165,0.012623252138974642,-0.012684375809743877,0.02442350723844132,-0.022892430645026222,0.11358304761169843,0.00813639700799805,0.0360086832774039,0.035081248574026155,0.0006953136481666307,-0.0439730772034772,-0.010845543834918498,-0.007283182848414858,-0.007214738190296194,0.006092049261652356,-0.011959637216571905,0.0030368167056545907,0.0004649081733344295,0.0019780305519442715,0.0006545019729438243,-0.0037263889101043783,-0.0035288788152859074,0.005559660453408474,0.0006180067940016925,0.00713305092284752,0.00813639700799805,0.05431648388715472,-0.012149676065370122,0.001615629768440997,-0.0022008555675469025,0.008706212592029776,0.002361663010129829,-0.04316738546188349,-0.011528151739634979,0.020344308829070235,0.004684343618799934,0.0014377106989358628,0.02006537012127451,-0.03270616804406421,0.0067984113687977535,0.009718315418301277,0.020039216187815567,-0.0072846276746557975,0.002016221025445389,-0.023236464234735164,0.0360086832774039,-0.012149676065370122,0.0817747361172514,0.01025330449793789,0.0021503541482978915,-0.0618940725569469,-0.007916718399048096,-0.010296968609263352,-0.011167218475982149,0.005049314505253079,-0.0031532546072327796,-0.004075355907273445,0.01069140979787946,-0.01913553442242505,0.00756322103659912,0.006772918283782265,0.01109556919610867,-0.00726418842971773,0.004743998072179298,-0.006046106623714802,0.035081248574026155,0.001615629768440997,0.01025330449793789,0.03323965937860586,-0.0010211277466523976,-0.018274004479313488,-0.007443600754466109,-0.014907680755207917,-0.012934069534797542,0.01881950959382099,0.000859621832998071,-0.0050981994162153784,-0.006816549679757559,-5.2808654414661675e-5,-0.007133460910567984,-0.01352787035643597,-0.00985404287669247,0.0027681668885905404,-0.004141127178174608,-0.0015278567764459622,0.0006953136481666307,-0.0022008555675469025,0.0021503541482978915,-0.0010211277466523976,0.029811423359249304,0.011972184204276069,-0.00019844804243255058,0.021638208755643828,0.0026836784889725527,-0.009004151204363597,-0.0052699869186561285,-0.012509136494656771,-0.02698887983337959,0.042780720897629236,-0.01484829476430563,-0.02159486195816806,-0.0350393240817045,0.01547885452895379,0.001322504920159397,0.0214242471903625,-0.0439730772034772,0.008706212592029776,-0.0618940725569469,-0.018274004479313488,0.011972184204276069,0.09375915634714763,0.010623933265585264,0.005694648884018185,0.0006111222471779374,-0.013957481280067796,0.005814897174289782,-0.0015004178516405328,-0.0056112645321282385,0.005231688540613691,-0.003985228657399424,0.006736429599228691,0.003002859813756267,-0.005123400720519667,0.0006203486023029675,0.009044892571922473,-0.010845543834918498,0.002361663010129829,-0.007916718399048096,-0.007443600754466109,-0.00019844804243255058,0.010623933265585264,0.02987507247133525
