0.034359754991401904,0.01284149367853975,0.0025258881967262143,-0.0031313770602453446,-0.0025083648253540723,0.00020264838651305283,0.0062402767196132435,-0.008335870166740476,0.00430239082288366,-0.007207299093788723,-0.0031268703553819915,-0.0016828305367053487,0.00635137279566187,0.00790081779942739,0.002985962422724122,-0.004265606986397992,-0.003453811859959583,-0.006433205209551665,0.003801970608489452,0.00293796553051854,0.01284149367853975,0.06404516903825999,0.04336083542418609,0.014305426435851906,-0.017216788723430014,0.01172563968933826,0.010583862124133446,-0.057921817913498805,0.0018534406258346359,-0.00657956738123126,-0.008774808182280262,0.0012102952752810442,0.009733738351869109,0.015544429347782567,-0.018925478528771304,-0.009544700552137112,-0.032770708051055815,-0.028411249907546475,-0.00028156512339859896,-0.005278687273164336,0.0025258881967262143,0.04336083542418609,0.08528793370766441,0.01842871709486349,-0.027118139164456392,0.01272364634795794,0.020362733044074984,-0.055411710629531985,0.018438315921470737,-0.0017200494884718957,-0.014148239389382766,-0.0013917893790164424,-0.0020347378231531333,0.0163884799359358,-0.014616576028462776,-0.020044931527846352,-0.03335951647187201,-0.02536014100251163,-0.016250154451106162,-0.019517622747716807,-0.0031313770602453446,0.014305426435851906,0.01842871709486349,0.06523888519208579,0.0035560244318335018,-0.004439140482725488,0.0036430557411122927,-0.02473132638693252,-1.321787721593427e-5,-0.012520819508240726,-0.017507557202924833,-0.00305992679478177,0.003380966480417253,0.005655692770124722,-0.030158885983590646,-0.019779453203375937,-0.02752835025113197,-0.01885076540981472,0.008039434403336036,-0.013680200915280372,-0.0025083648253540723,-0.017216788723430014,-0.027118139164456392,0.0035560244318335018,0.03807389451616252,-0.0148246315846606,-0.016193843209997973,0.03232909406115189,-0.005489930658840429,-0.0009356392710939574,0.01506707311339578,-0.007597552565326701,0.005982064166228283,-0.002678878378834967,-0.0072739409223403035,-0.0030541865799864655,0.02337048287561907,0.013329046855468788,0.017774976676641716,0.00394892593278626,0.00020264838651305283,0.01172563968933826,0.01272364634795794,-0.004439140482725488,-0.0148246315846606,0.028773821128474663,0.012470924411499669,-0.02305729364376969,0.0026452926176012224,0.01500739164368822,0.0023092037737830174,-0.0006402230429084947,0.0019365612928562454,-0.0015967458893522892,0.010099670968915671,0.023586405848502263,-0.0063748388653531995,-0.005888207113850756,-0.009242973997405398,-0.008515139132474755,0.0062402767196132435,0.010583862124133446,0.020362733044074984,0.0036430557411122927,-0.016193843209997973,0.012470924411499669,0.04610085578021182,-0.017432475573479676,0.003989963793191279,0.005946862755765784,-0.0126441603826063,-0.0038804232553787356,-0.0030828757798343695,-0.003926879602577133,0.003363470337369963,0.00027441036455496596,-0.009874517011067783,-0.009987954649476978,-0.0262986173731974,-0.007406646705924666,-0.008335870166740476,-0.057921817913498805,-0.055411710629531985,-0.02473132638693252,0.03232909406115189,-0.02305729364376969,-0.017432475573479676,0.1036899677502314,-0.001906188056989173,0.007979945479482074,0.00521082366337333,-0.005711176008071972,-0.010760271383017089,-0.021605276596498694,0.020696886911446978,-0.0005101585990052913,0.05147279849095682,0.03739344348107432,0.004433758318065336,0.009944875704715642,0.00430239082288366,0.0018534406258346359,0.018438315921470737,-1.321787721593427e-5,-0.005489930658840429,0.0026452926176012224,0.003989963793191279,-0.001906188056989173,0.026223028521189247,0.00021992425061331984,-0.006371407137683596,-0.004106423907990188,0.0026575002494044113,0.00520529528913841,0.004342440102829977,0.0016661014949251427,-0.003888126635124089,0.0015837923602813099,-0.010673639949783063,-0.017317341535671476,-0.007207299093788723,-0.00657956738123126,-0.0017200494884718957,-0.012520819508240726,-0.0009356392710939574,0.01500739164368822,0.005946862755765784,0.007979945479482074,0.00021992425061331984,0.038667971676102635,0.00174914073641747,-0.0007787931359933504,0.0026089153006721945,-0.007621948714060772,0.021889980099015046,0.02818828852491919,0.010376988047043924,0.0070428794435016505,-0.0050638522864987195,-0.01911520919268049,-0.0031268703553819915,-0.008774808182280262,-0.014148239389382766,-0.017507557202924833,0.01506707311339578,0.0023092037737830174,-0.0126441603826063,0.00521082366337333,-0.006371407137683596,0.00174914073641747,0.05279273997602305,-0.009796564530942969,0.012831033828746199,-0.0009059168431807543,-0.0002829607454659525,0.013335317902923149,0.024336451587915045,0.01733086125639878,0.0020311803899977707,0.00670618996131102,-0.0016828305367053487,0.0012102952752810442,-0.0013917893790164424,-0.00305992679478177,-0.007597552565326701,-0.0006402230429084947,-0.0038804232553787356,-0.005711176008071972,-0.004106423907990188,-0.0007787931359933504,-0.009796564530942969,0.027023317415989796,-0.0032897968830894312,0.0059027624534523995,0.005319080978039995,-0.005353615800110031,-0.0061734085797154215,-0.0036399362449113107,0.0042584997553912745,0.0032952764871872365,0.00635137279566187,0.009733738351869109,-0.0020347378231531333,0.003380966480417253,0.005982064166228283,0.0019365612928562454,-0.0030828757798343695,-0.010760271383017089,0.0026575002494044113,0.0026089153006721945,0.012831033828746199,-0.0032897968830894312,0.028997900482788698,0.010180643149457169,-0.0008810665603325844,0.011456794759412876,0.00583790513759992,-4.387148738373972e-5,0.007503053139832478,-0.0059847943697011845,0.00790081779942739,0.015544429347782567,0.0163884799359358,0.005655692770124722,-0.002678878378834967,-0.0015967458893522892,-0.003926879602577133,-0.021605276596498694,0.00520529528913841,-0.007621948714060772,-0.0009059168431807543,0.0059027624534523995,0.010180643149457169,0.027511651055035263,-0.0027089166250510175,-0.00629239662015048,-0.005339512977519815,-0.008891169585500163,0.001259305256442266,-0.007397948935411099,0.002985962422724122,-0.018925478528771304,-0.014616576028462776,-0.030158885983590646,-0.0072739409223403035,0.010099670968915671,0.003363470337369963,0.020696886911446978,0.004342440102829977,0.021889980099015046,-0.0002829607454659525,0.005319080978039995,-0.0008810665603325844,-0.0027089166250510175,0.05600907233826385,0.030763968468871406,0.02110505188024058,0.015583548083194645,-0.005171359617320497,-0.006979547654278347,-0.004265606986397992,-0.009544700552137112,-0.020044931527846352,-0.019779453203375937,-0.0030541865799864655,0.023586405848502263,0.00027441036455496596,-0.0005101585990052913,0.0016661014949251427,0.02818828852491919,0.013335317902923149,-0.005353615800110031,0.011456794759412876,-0.00629239662015048,0.030763968468871406,0.06618899823251391,0.01744103193119678,0.011722932583182213,-0.003688917872575455,-0.01546633918538057,-0.003453811859959583,-0.032770708051055815,-0.03335951647187201,-0.02752835025113197,0.02337048287561907,-0.0063748388653531995,-0.009874517011067783,0.05147279849095682,-0.003888126635124089,0.010376988047043924,0.024336451587915045,-0.0061734085797154215,0.00583790513759992,-0.005339512977519815,0.02110505188024058,0.01744103193119678,0.06673038139302216,0.027367914738635195,-0.004431274101423206,0.00319692775382056,-0.006433205209551665,-0.028411249907546475,-0.02536014100251163,-0.01885076540981472,0.013329046855468788,-0.005888207113850756,-0.009987954649476978,0.03739344348107432,0.0015837923602813099,0.0070428794435016505,0.01733086125639878,-0.0036399362449113107,-4.387148738373972e-5,-0.008891169585500163,0.015583548083194645,0.011722932583182213,0.027367914738635195,0.03627308636302543,0.003110645686188974,0.006752538341046477,0.003801970608489452,-0.00028156512339859896,-0.016250154451106162,0.008039434403336036,0.017774976676641716,-0.009242973997405398,-0.0262986173731974,0.004433758318065336,-0.010673639949783063,-0.0050638522864987195,0.0020311803899977707,0.0042584997553912745,0.007503053139832478,0.001259305256442266,-0.005171359617320497,-0.003688917872575455,-0.004431274101423206,0.003110645686188974,0.03352340042093649,0.006654157449031773,0.00293796553051854,-0.005278687273164336,-0.019517622747716807,-0.013680200915280372,0.00394892593278626,-0.008515139132474755,-0.007406646705924666,0.009944875704715642,-0.017317341535671476,-0.01911520919268049,0.00670618996131102,0.0032952764871872365,-0.0059847943697011845,-0.007397948935411099,-0.006979547654278347,-0.01546633918538057,0.00319692775382056,0.006752538341046477,0.006654157449031773,0.055777032111924606
0.1539681265587787,0.011493027779919146,0.027421700506872607,-0.06676550013430987,-0.12742250190776405,0.060754686127021215,-0.08269615907414642,-0.02754226895420195,0.0010089580679797264,0.07330625114108699,-0.042483306351112665,-0.09273571779653843,-0.06775086969826347,-0.003140490247493079,0.05661927049897722,0.029768636438432063,0.09452886572333076,-0.03387829255225151,-0.000621648900543891,0.02793246133433399,0.011493027779919146,0.021717606112567803,0.0007650082119580878,-0.007768513489877598,-0.012114918672022308,0.0027710997162596488,-0.00794232248350947,-0.01014078669447446,-0.00020345560563641944,0.010855708151213523,-0.00793585335699468,-0.013764188045436162,-0.0060231275374564375,0.005488779672810786,0.003552553497078171,0.010755639822523262,0.012613433628295853,-0.007021647228163366,0.006497478164037071,0.004000958744121693,0.027421700506872607,0.0007650082119580878,0.04560791468509077,0.01169872967562414,-0.022804731687361995,-0.03050642260098068,-0.004758239270571437,0.005634258892652075,-0.031208557485934128,0.00776077081385978,-0.022808918011123676,-0.016325962565403994,-0.023919499843312316,0.015056217325600236,0.013111595764826664,0.012970733881462162,0.03772328936155647,0.004011292786962316,0.0034633582486230134,-0.02086011112956875,-0.06676550013430987,-0.007768513489877598,0.01169872967562414,0.10039434044787258,0.05572343003411604,-0.09879230739822652,0.05320103779185656,0.039594397557916605,-0.050030651896206056,-0.034502142251426726,-0.001396415550486513,0.0662053981214246,0.016211270043909397,0.01544450029620894,-0.024256292164045193,-0.004341396388793684,-0.023247793249139812,0.032193718200948455,0.0032303188687871215,-0.06792987108005506,-0.12742250190776405,-0.012114918672022308,-0.022804731687361995,0.05572343003411604,0.14588876762409722,-0.04551579822747343,0.08322577759691832,0.008540415802145325,0.011376731795437986,-0.07730570145534299,0.0383583145244374,0.07297521049343246,0.06140190619522767,0.0040064132386161844,-0.055993158971677004,-0.01950784908853579,-0.0855144409728956,0.031652624050215086,0.002402066673335094,-0.026913110897350035,0.060754686127021215,0.0027710997162596488,-0.03050642260098068,-0.09879230739822652,-0.04551579822747343,0.1515282506748415,-0.04408889761396906,-0.049195365621478415,0.06665719483310402,0.03371350705995878,0.010643115076284373,-0.05633880364087594,-0.01093626838221396,-0.03853422033488347,0.01583945067417749,-0.00423218501569528,0.0009660121005040604,-0.0446630987530789,-0.009127781425126302,0.09133141367543429,-0.08269615907414642,-0.00794232248350947,-0.004758239270571437,0.05320103779185656,0.08322577759691832,-0.04408889761396906,0.11240419850887316,-0.020427897347673682,-0.006003669482688902,-0.052352460207151036,0.007739642650824588,0.05580538623608175,0.02247052156696036,0.002857431647873091,-0.04053064470018683,-0.020323760712018312,-0.022565068487513232,0.023394538650571055,-0.013282084533651225,-0.04161338098371574,-0.02754226895420195,-0.01014078669447446,0.005634258892652075,0.039594397557916605,0.008540415802145325,-0.049195365621478415,-0.020427897347673682,0.09721229001717871,-0.034640672709345594,-0.01543423645658335,0.011567056322395537,0.0490794315182381,0.02521027477596502,0.01744283572291897,-0.005601072339044333,-0.002571417943790907,-0.045577069606278636,0.016346050296317614,0.013024024589398248,-0.01550211806352347,0.0010089580679797264,-0.00020345560563641944,-0.031208557485934128,-0.050030651896206056,0.011376731795437986,0.06665719483310402,-0.006003669482688902,-0.034640672709345594,0.07371150326402012,0.00017018574094759256,0.015407241308008097,-0.020012769459809298,0.01762758278025492,-0.022417377672675633,-0.007918130907646505,-0.0016013690821196714,-0.023731743040283367,-0.012906411980303411,-0.0025721025605632162,0.04771232034721477,0.07330625114108699,0.010855708151213523,0.00776077081385978,-0.034502142251426726,-0.07730570145534299,0.03371350705995878,-0.052352460207151036,-0.01543423645658335,0.00017018574094759256,0.08031979296673317,-0.023695123285074657,-0.06599528780477319,-0.039935244515787865,-0.0007180898828892575,0.03337306498816,0.017529198933354903,0.057037470775151325,-0.025883744709025443,0.003638312168525074,0.02618496067439005,-0.042483306351112665,-0.00793585335699468,-0.022808918011123676,-0.001396415550486513,0.0383583145244374,0.010643115076284373,0.007739642650824588,0.011567056322395537,0.015407241308008097,-0.023695123285074657,0.04944300878653372,0.03151603920685117,0.030531853456688303,-0.012311873048993189,-0.017442373110285302,-0.018056611720805138,-0.045686995891975446,0.004795843657534611,-0.002211833734666775,0.008550435775381622,-0.09273571779653843,-0.013764188045436162,-0.016325962565403994,0.0662053981214246,0.07297521049343246,-0.05633880364087594,0.05580538623608175,0.0490794315182381,-0.020012769459809298,-0.06599528780477319,0.03151603920685117,0.12301951302821122,0.05064431435853411,0.005106723308940768,-0.04488282004480741,-0.027520982694744633,-0.07488810247098593,0.030922753156945752,0.005133354361088132,-0.04762502077055504,-0.06775086969826347,-0.0060231275374564375,-0.023919499843312316,0.016211270043909397,0.06140190619522767,-0.01093626838221396,0.02247052156696036,0.02521027477596502,0.01762758278025492,-0.039935244515787865,0.030531853456688303,0.05064431435853411,0.06630835711607697,-0.005721622703064381,-0.03244090921117618,-0.01252641020065844,-0.08186190161914486,0.010592650246893195,0.011839005498650194,0.00968539943778332,-0.003140490247493079,0.005488779672810786,0.015056217325600236,0.01544450029620894,0.0040064132386161844,-0.03853422033488347,0.002857431647873091,0.01744283572291897,-0.022417377672675633,-0.0007180898828892575,-0.012311873048993189,0.005106723308940768,-0.005721622703064381,0.037846028669489544,0.0007028913776732854,0.003293169927499409,0.008188943054290278,0.007180001654870925,-0.004558265474565774,-0.02431465557194462,0.05661927049897722,0.003552553497078171,0.013111595764826664,-0.024256292164045193,-0.055993158971677004,0.01583945067417749,-0.04053064470018683,-0.005601072339044333,-0.007918130907646505,0.03337306498816,-0.017442373110285302,-0.04488282004480741,-0.03244090921117618,0.0007028913776732854,0.050228668538824954,0.01611463295276666,0.041398580223759404,-0.011073493033888953,-0.011227114072503453,0.011428932801385525,0.029768636438432063,0.010755639822523262,0.012970733881462162,-0.004341396388793684,-0.01950784908853579,-0.00423218501569528,-0.020323760712018312,-0.002571417943790907,-0.0016013690821196714,0.017529198933354903,-0.018056611720805138,-0.027520982694744633,-0.01252641020065844,0.003293169927499409,0.01611463295276666,0.033414532033598995,0.007763706783544382,-0.011175529528020034,0.002350267755683773,0.00460889854873813,0.09452886572333076,0.012613433628295853,0.03772328936155647,-0.023247793249139812,-0.0855144409728956,0.0009660121005040604,-0.022565068487513232,-0.045577069606278636,-0.023731743040283367,0.057037470775151325,-0.045686995891975446,-0.07488810247098593,-0.08186190161914486,0.008188943054290278,0.041398580223759404,0.007763706783544382,0.14722298560291264,0.0015329123773372834,-0.014063818589536956,-0.02433789713933377,-0.03387829255225151,-0.007021647228163366,0.004011292786962316,0.032193718200948455,0.031652624050215086,-0.0446630987530789,0.023394538650571055,0.016346050296317614,-0.012906411980303411,-0.025883744709025443,0.004795843657534611,0.030922753156945752,0.010592650246893195,0.007180001654870925,-0.011073493033888953,-0.011175529528020034,0.0015329123773372834,0.047549422416152606,-0.0050465909369084815,-0.03471822977967108,-0.000621648900543891,0.006497478164037071,0.0034633582486230134,0.0032303188687871215,0.002402066673335094,-0.009127781425126302,-0.013282084533651225,0.013024024589398248,-0.0025721025605632162,0.003638312168525074,-0.002211833734666775,0.005133354361088132,0.011839005498650194,-0.004558265474565774,-0.011227114072503453,0.002350267755683773,-0.014063818589536956,-0.0050465909369084815,0.030895668497341714,0.002554425402724929,0.02793246133433399,0.004000958744121693,-0.02086011112956875,-0.06792987108005506,-0.026913110897350035,0.09133141367543429,-0.04161338098371574,-0.01550211806352347,0.04771232034721477,0.02618496067439005,0.008550435775381622,-0.04762502077055504,0.00968539943778332,-0.02431465557194462,0.011428932801385525,0.00460889854873813,-0.02433789713933377,-0.03471822977967108,0.002554425402724929,0.09544649527874696
0.03103951815302532,-0.0007893701205315268,0.009268258015746923,-0.024443930964339756,-0.004961698646666123,0.008990052490331177,0.0069746500287702125,0.005113967340460005,0.009718219328614278,0.0072331508354811,-0.004065159773430039,-0.010420677788476013,-0.00531101416457397,-0.0001750244757234209,-0.006413742044437235,0.004974181297344479,-0.007989463436449809,-0.008503305238222965,7.116702322943077e-5,-0.015362333838325162,-0.0007893701205315268,0.029556401772254375,0.012646878192498288,3.931004888722497e-5,-0.003687052201499812,0.012506782646823632,0.0006817235842941235,-0.01064389746339538,-0.0022117247093866575,0.012590340533823418,0.0020173687272413265,-0.008805592013771589,6.117602916620682e-5,-0.0021027165853213375,0.008454825668409851,0.01576666880615974,-0.007721305180078241,-0.008607299111634895,-0.002227617220640552,-0.013187685732003115,0.009268258015746923,0.012646878192498288,0.10305858518584635,-0.015014658900479585,-0.026935012946092764,0.014018303848760794,0.01738009396492958,-0.010222656322915288,0.0057786632239173255,0.038382075081704825,-0.00837401976243203,-0.01513289782169425,-0.012943755958983495,-0.003812106255979423,0.01782611514214657,0.01957786591520233,-0.008726592723163508,-0.018096938690535164,-0.015737152060862777,-0.036264794582966324,-0.024443930964339756,3.931004888722497e-5,-0.015014658900479585,0.07288021754886483,0.012466947262353367,-0.018693555791619448,0.0003667192150060111,-0.004987375140541917,-0.012511184001287898,-0.0034531096704758122,-0.0013610568721667208,0.015836149179689132,0.006632914678066519,-0.0037396659865867217,0.006604212381167826,-0.014595354705155564,0.012666025975014417,-0.0030475599828897132,0.0002890144459994481,0.007238500797946127,-0.004961698646666123,-0.003687052201499812,-0.026935012946092764,0.012466947262353367,0.02863332159816668,-0.01524671685794415,-0.005327252188147559,0.014119587266539994,0.0017853696413208078,-0.024912963866923064,0.002009196215691859,0.003603228616569209,0.007398299065825811,-0.004047748543061806,-0.012345994207971191,-0.019549849793171682,0.013837149734788364,0.005184470137051674,0.011477522501039282,0.016689870424832293,0.008990052490331177,0.012506782646823632,0.014018303848760794,-0.018693555791619448,-0.01524671685794415,0.03874882116655312,-0.0018612359544745464,-0.013258767346076922,0.0012364374516479581,0.02006645077410652,0.006661486959151957,-0.005536476200149706,-0.0059709492640420084,0.0030570230550925393,9.434729286703688e-5,0.021749067717380527,-0.01694229426616778,-0.00917600312424318,-0.004338978730430558,-0.01940332364365912,0.0069746500287702125,0.0006817235842941235,0.01738009396492958,0.0003667192150060111,-0.005327252188147559,-0.0018612359544745464,0.03631102852735251,-0.010731795588750238,-0.00027212266148225793,0.007863256342995596,-0.014387079975501524,-0.0047193892808863975,-0.0022100351958081015,-0.0011552459502680323,0.012020478922697045,-0.0014026603623651568,0.0015753058162461028,-0.006740063518436566,-0.008209412790398447,-0.016645704871374116,0.005113967340460005,-0.01064389746339538,-0.010222656322915288,-0.004987375140541917,0.014119587266539994,-0.013258767346076922,-0.010731795588750238,0.04355526867705501,0.0053106365443540415,-0.013881912642091536,-0.004650663227298579,-0.0033622577443119064,0.00456061597127704,-0.0012888648803474937,-0.0181520173088974,-0.020776784017854603,0.01246230167176528,-0.0011567546748015147,0.004081482401035237,0.0057834943581526015,0.009718219328614278,-0.0022117247093866575,0.0057786632239173255,-0.012511184001287898,0.0017853696413208078,0.0012364374516479581,-0.00027212266148225793,0.0053106365443540415,0.019778583108697456,-0.003836150849712307,-0.002081581380735893,-0.00683014100243291,0.0013038604855172276,-0.0015070265855671216,-0.00016374442224035537,-0.0007151787343385684,-0.01026719027222539,-0.0007449296182207088,0.0024031630710365653,-0.012688877115415992,0.0072331508354811,0.012590340533823418,0.038382075081704825,-0.0034531096704758122,-0.024912963866923064,0.02006645077410652,0.007863256342995596,-0.013881912642091536,-0.003836150849712307,0.06632206529449398,-0.0031822514740653075,-0.0025249813066890734,-0.012345184355733094,0.01089255963432724,0.02365040724370759,0.03409191674398723,-0.022046585078693594,-0.017635910195480532,-0.0222522816317412,-0.03884491716213466,-0.004065159773430039,0.0020173687272413265,-0.00837401976243203,-0.0013610568721667208,0.002009196215691859,0.006661486959151957,-0.014387079975501524,-0.004650663227298579,-0.002081581380735893,-0.0031822514740653075,0.028986158709975323,0.003529305112722365,0.0022353267668625406,-0.0011914924683259203,0.006145629652282172,0.015302319160230943,-0.0079469107357041,0.008447568561379949,0.00031507274999858945,0.011782564291413843,-0.010420677788476013,-0.008805592013771589,-0.01513289782169425,0.015836149179689132,0.003603228616569209,-0.005536476200149706,-0.0047193892808863975,-0.0033622577443119064,-0.00683014100243291,-0.0025249813066890734,0.003529305112722365,0.03599209466090159,-0.0014802237726363812,0.008091520294208857,0.004861735089143416,-0.00542369605704594,-0.0030423169183000417,0.007536348125324266,0.00207989112000512,0.014746013959271508,-0.00531101416457397,6.117602916620682e-5,-0.012943755958983495,0.006632914678066519,0.007398299065825811,-0.0059709492640420084,-0.0022100351958081015,0.00456061597127704,0.0013038604855172276,-0.012345184355733094,0.0022353267668625406,-0.0014802237726363812,0.020852682887873702,-0.0031319248532154886,0.0003655883281606435,-0.0007239260425137018,0.0014541512836641261,-0.0008254619895731513,0.010509051238736786,0.005604178922352807,-0.0001750244757234209,-0.0021027165853213375,-0.003812106255979423,-0.0037396659865867217,-0.004047748543061806,0.0030570230550925393,-0.0011552459502680323,-0.0012888648803474937,-0.0015070265855671216,0.01089255963432724,-0.0011914924683259203,0.008091520294208857,-0.0031319248532154886,0.022351966523353833,0.010853561601717354,-0.0010299236228269708,-0.010157730752550635,-0.0020717673809633515,-0.009189300912608198,-0.0038060624354179593,-0.006413742044437235,0.008454825668409851,0.01782611514214657,0.006604212381167826,-0.012345994207971191,9.434729286703688e-5,0.012020478922697045,-0.0181520173088974,-0.00016374442224035537,0.02365040724370759,0.006145629652282172,0.004861735089143416,0.0003655883281606435,0.010853561601717354,0.05431380557916575,0.02548804828127358,-0.02048325985671288,-0.0021487274581138685,-0.013193965049068803,-0.015203343057968482,0.004974181297344479,0.01576666880615974,0.01957786591520233,-0.014595354705155564,-0.019549849793171682,0.021749067717380527,-0.0014026603623651568,-0.020776784017854603,-0.0007151787343385684,0.03409191674398723,0.015302319160230943,-0.00542369605704594,-0.0007239260425137018,-0.0010299236228269708,0.02548804828127358,0.0641509314306568,-0.030551832407676345,-0.0039347809235390566,-0.004972315051756324,-0.02366119157598713,-0.007989463436449809,-0.007721305180078241,-0.008726592723163508,0.012666025975014417,0.013837149734788364,-0.01694229426616778,0.0015753058162461028,0.01246230167176528,-0.01026719027222539,-0.022046585078693594,-0.0079469107357041,-0.0030423169183000417,0.0014541512836641261,-0.010157730752550635,-0.02048325985671288,-0.030551832407676345,0.05344943291122198,-0.000865708273735158,-0.001516323526644899,0.021353052814333213,-0.008503305238222965,-0.008607299111634895,-0.018096938690535164,-0.0030475599828897132,0.005184470137051674,-0.00917600312424318,-0.006740063518436566,-0.0011567546748015147,-0.0007449296182207088,-0.017635910195480532,0.008447568561379949,0.007536348125324266,-0.0008254619895731513,-0.0020717673809633515,-0.0021487274581138685,-0.0039347809235390566,-0.000865708273735158,0.030604926529190585,0.0068266295760369185,0.026654318856760464,7.116702322943077e-5,-0.002227617220640552,-0.015737152060862777,0.0002890144459994481,0.011477522501039282,-0.004338978730430558,-0.008209412790398447,0.004081482401035237,0.0024031630710365653,-0.0222522816317412,0.00031507274999858945,0.00207989112000512,0.010509051238736786,-0.009189300912608198,-0.013193965049068803,-0.004972315051756324,-0.001516323526644899,0.0068266295760369185,0.02297316498431004,0.010566508013833922,-0.015362333838325162,-0.013187685732003115,-0.036264794582966324,0.007238500797946127,0.016689870424832293,-0.01940332364365912,-0.016645704871374116,0.0057834943581526015,-0.012688877115415992,-0.03884491716213466,0.011782564291413843,0.014746013959271508,0.005604178922352807,-0.0038060624354179593,-0.015203343057968482,-0.02366119157598713,0.021353052814333213,0.026654318856760464,0.010566508013833922,0.06595641527946879
