0.029886782867324702,-0.0003784838941705469,0.002447881314363648,-0.009000878307398298,0.003763849174899446,0.009652932030110143,0.0016829403762996112,0.005955334209864584,-0.0016846191828323296,-0.0005303492733615951,0.010052053848464883,-0.0067462007361213635,-0.0001069549453945787,-0.005706032101685599,-0.0005032665251383259,-0.00669217288037474,0.005104763406780831,0.0007441226152947718,-0.003040276218973516,0.0004926330198389685,-0.0003784838941705469,0.02086581458072977,-0.001264990482562857,-0.00025839762645333837,0.004369622596690061,-0.007344010197441133,0.0054794605067574114,-0.003966729252782091,0.004355172516611562,0.005170146802489683,0.0012658058029559628,-0.00537611132270212,0.00016660177015098788,0.0037528504653546345,0.0009809405300357475,0.004218329218132936,-0.0026651015137088203,0.010236479004310049,0.0022050832091539212,0.0007579715664801401,0.002447881314363648,-0.001264990482562857,0.026290303595496875,-0.006567539010533531,-0.0017732614297196157,0.0006887133532395202,-0.0014934170403324803,0.001948376186059499,0.0074142764237670996,0.0010541710886559181,0.005373055011270631,0.0064613723425752875,0.005939606335040706,0.0018120977690390012,0.003404766560896516,7.944775670087196e-6,-0.0009870153749268167,-0.004982361896853687,0.0011309872925035107,0.010581035235093348,-0.009000878307398298,-0.00025839762645333837,-0.006567539010533531,0.037110140643790264,0.005820521769869391,-0.007193771096672569,0.0051842422890735216,-0.0007773831901875762,-0.004305719593762575,-0.0009584743109424919,-0.00853294911412905,0.006278989275379335,0.00010632520832543307,0.003697372026427322,0.003870303667627641,0.008245293704346986,0.0033720673767600106,0.0006288818760098268,-4.187269565006829e-5,-0.0024938996384531475,0.003763849174899446,0.004369622596690061,-0.0017732614297196157,0.005820521769869391,0.02597752947514032,0.0019570094235993327,0.004158482508307199,0.0024019263794571597,0.0006202116391532791,0.001074945858893078,-0.006585886413693903,0.0009719754155950117,0.003795413542517276,0.00789378170804,-0.0031406029102275827,0.0009211306981671578,0.0020689211473300124,-0.005218630811260226,-0.0033187503467680375,-0.005750694491682293,0.009652932030110143,-0.007344010197441133,0.0006887133532395202,-0.007193771096672569,0.0019570094235993327,0.03158352804803376,-0.00899559924861068,0.0035688924643983216,-0.008357241803644909,0.0026908244214616807,0.00034476420771521456,-0.001802362069287463,-0.004684824091727497,-0.002608327862775579,-0.0002404412138928,-0.008089273483624388,0.003416327858465501,-0.0028980355958281943,-0.004602051573958636,2.758685420657335e-5,0.0016829403762996112,0.0054794605067574114,-0.0014934170403324803,0.0051842422890735216,0.004158482508307199,-0.00899559924861068,0.02130147963947364,-0.0038881670246743412,0.00832227691391221,-0.002419154558016636,0.00044654747144366947,0.00022847592118884684,0.0021829108555556018,-0.0009793027444202694,0.002105431257570626,0.0035488146766353293,-0.00481065292678092,0.00505364906236919,0.0033493557311533237,0.00027458364998192246,0.005955334209864584,-0.003966729252782091,0.001948376186059499,-0.0007773831901875762,0.0024019263794571597,0.0035688924643983216,-0.0038881670246743412,0.017316899589813913,0.002073128958266871,0.0007181907863036494,-0.0012177777604503873,0.0008957131408473119,0.003032026009473009,0.000504227958144451,-0.0041054256825502206,-0.005963642186370784,0.0007140434914371039,-0.011061276934212598,0.00030071448514892315,-0.001003791605905055,-0.0016846191828323296,0.004355172516611562,0.0074142764237670996,-0.004305719593762575,0.0006202116391532791,-0.008357241803644909,0.00832227691391221,0.002073128958266871,0.019117927248712762,-0.0015707018906633502,0.004915369729030241,0.0028743089395482802,0.0030040785694742814,0.003662957820209543,0.005034237240973974,0.0029106278426351915,-0.002509197480576166,0.007591779680182818,0.006715790034218686,0.005629142515018903,-0.0005303492733615951,0.005170146802489683,0.0010541710886559181,-0.0009584743109424919,0.001074945858893078,0.0026908244214616807,-0.002419154558016636,0.0007181907863036494,-0.0015707018906633502,0.01852564953109366,0.000971463221809968,-0.001580454509048466,0.0018785495365131518,0.0016857505362320975,-0.002564584171168452,-0.0011357608966658026,-0.0010646106538078105,0.0025116458266340996,-0.0003788053691347774,0.0003380467558948366,0.010052053848464883,0.0012658058029559628,0.005373055011270631,-0.00853294911412905,-0.006585886413693903,0.00034476420771521456,0.00044654747144366947,-0.0012177777604503873,0.004915369729030241,0.000971463221809968,0.02541349056643225,0.0032896344476390517,0.0075067016487419145,-0.0058898474543147925,0.004658259928813145,-0.009134426908873124,0.0021258942202380137,0.0041760570199733255,0.0012360444556165145,5.971801757909965e-5,-0.0067462007361213635,-0.00537611132270212,0.0064613723425752875,0.006278989275379335,0.0009719754155950117,-0.001802362069287463,0.00022847592118884684,0.0008957131408473119,0.0028743089395482802,-0.001580454509048466,0.0032896344476390517,0.03339320142209352,0.01840843567111293,-0.0043938043906922,0.0025299821673972628,0.0055388649027323066,0.005541250847878083,-0.013747811579658707,0.0012652912711550606,-0.0016393623476673577,-0.0001069549453945787,0.00016660177015098788,0.005939606335040706,0.00010632520832543307,0.003795413542517276,-0.004684824091727497,0.0021829108555556018,0.003032026009473009,0.0030040785694742814,0.0018785495365131518,0.0075067016487419145,0.01840843567111293,0.03431556514146343,-0.0037253954671112154,0.0009962304743225008,0.0050843807866439855,0.010031956652489793,-0.013004697114168337,-0.0018992862530918505,-0.006753821911102019,-0.005706032101685599,0.0037528504653546345,0.0018120977690390012,0.003697372026427322,0.00789378170804,-0.002608327862775579,-0.0009793027444202694,0.000504227958144451,0.003662957820209543,0.0016857505362320975,-0.0058898474543147925,-0.0043938043906922,-0.0037253954671112154,0.023333274782525847,-0.004311128374492226,-0.003379390323970794,-0.007153625205397,-0.0011579136504222354,-0.0011014139228700077,-3.273904977895149e-5,-0.0005032665251383259,0.0009809405300357475,0.003404766560896516,0.003870303667627641,-0.0031406029102275827,-0.0002404412138928,0.002105431257570626,-0.0041054256825502206,0.005034237240973974,-0.002564584171168452,0.004658259928813145,0.0025299821673972628,0.0009962304743225008,-0.004311128374492226,0.01624301806016234,0.0022490655787081194,0.002102475830471607,0.00491437285416165,0.0007717416484904944,0.004679550881147371,-0.00669217288037474,0.004218329218132936,7.944775670087196e-6,0.008245293704346986,0.0009211306981671578,-0.008089273483624388,0.0035488146766353293,-0.005963642186370784,0.0029106278426351915,-0.0011357608966658026,-0.009134426908873124,0.0055388649027323066,0.0050843807866439855,-0.003379390323970794,0.0022490655787081194,0.026814244578599836,0.003721735135887965,9.687519014380498e-5,0.0010111404508316977,0.0011014009698258943,0.005104763406780831,-0.0026651015137088203,-0.0009870153749268167,0.0033720673767600106,0.0020689211473300124,0.003416327858465501,-0.00481065292678092,0.0007140434914371039,-0.002509197480576166,-0.0010646106538078105,0.0021258942202380137,0.005541250847878083,0.010031956652489793,-0.007153625205397,0.002102475830471607,0.003721735135887965,0.027641339691524696,-0.0047236788841048,-0.00782455712328468,-0.003948451108084953,0.0007441226152947718,0.010236479004310049,-0.004982361896853687,0.0006288818760098268,-0.005218630811260226,-0.0028980355958281943,0.00505364906236919,-0.011061276934212598,0.007591779680182818,0.0025116458266340996,0.0041760570199733255,-0.013747811579658707,-0.013004697114168337,-0.0011579136504222354,0.00491437285416165,9.687519014380498e-5,-0.0047236788841048,0.03754082276456868,0.003431116258121411,0.007499574620456237,-0.003040276218973516,0.0022050832091539212,0.0011309872925035107,-4.187269565006829e-5,-0.0033187503467680375,-0.004602051573958636,0.0033493557311533237,0.00030071448514892315,0.006715790034218686,-0.0003788053691347774,0.0012360444556165145,0.0012652912711550606,-0.0018992862530918505,-0.0011014139228700077,0.0007717416484904944,0.0010111404508316977,-0.00782455712328468,0.003431116258121411,0.020201180494350917,0.0017805991444369846,0.0004926330198389685,0.0007579715664801401,0.010581035235093348,-0.0024938996384531475,-0.005750694491682293,2.758685420657335e-5,0.00027458364998192246,-0.001003791605905055,0.005629142515018903,0.0003380467558948366,5.971801757909965e-5,-0.0016393623476673577,-0.006753821911102019,-3.273904977895149e-5,0.004679550881147371,0.0011014009698258943,-0.003948451108084953,0.007499574620456237,0.0017805991444369846,0.022766307126175594
0.05649844251745782,-0.014962042822773018,0.02231475309573851,0.05034352509000581,-0.09232855272825405,0.0016643073592910805,-0.06823793648000995,-0.06350569587098602,0.07137586297643184,0.01533891563100822,0.013486567071006539,0.017311425619635695,0.0480653399220059,0.003195666570214266,-0.06434315439045489,-0.05603938333510142,0.0111298048273983,0.07720046446908657,0.00504322107825953,0.027515827654150032,-0.014962042822773018,0.03798945555122057,-0.01191898530789485,-0.027960262171299266,0.023708850082857977,-0.01760784339555623,0.016399068745944226,0.021178125772946907,-0.020070010624859302,0.00417184765579749,0.008333483931486717,-0.008695321369262769,-0.014845513952490987,0.015334556725522835,0.01436861452792098,0.014505795813443429,-0.013558577378760981,-0.025628940793266906,0.011549584604017237,-0.006228536164074603,0.02231475309573851,-0.01191898530789485,0.05854599633076251,0.04149593177186561,-0.0717696804213113,0.012742668677483401,-0.04875032795960449,-0.05872647960307819,0.059381779600028724,-0.008222091992811965,0.0011718189417263968,0.01016657509379412,0.041675442304165165,-0.010483331310702339,-0.050212348388997,-0.04270775739210901,0.01661391903852635,0.05777979885267758,-0.010233680430035811,0.01737427596823405,0.05034352509000581,-0.027960262171299266,0.04149593177186561,0.09174376741800358,-0.132926806746122,0.007137141824016559,-0.10198892664099612,-0.09428811235682416,0.10529372932801079,0.008000911013804873,0.02364138223917303,0.021343418741381136,0.07687771870498677,-0.0029856942242353977,-0.09013235068734554,-0.07598264834663265,0.022386369483897307,0.10987280109505065,-0.0029342846009479274,0.037459188279445776,-0.09232855272825405,0.023708850082857977,-0.0717696804213113,-0.132926806746122,0.2988439916915939,0.02496118646991069,0.21969801819448365,0.19909262539166828,-0.22082025646117892,-0.03575863448882803,-0.061161488007804896,-0.033423459566847696,-0.1715697567855548,-0.0161615863415886,0.2100629120584564,0.17974022432924253,-0.02887152686935983,-0.2122681663574715,-0.01898017309033314,-0.09809019517441961,0.0016643073592910805,-0.01760784339555623,0.012742668677483401,0.007137141824016559,0.02496118646991069,0.06679934966450098,0.03088733207240733,0.012574921998020929,-0.022120423008375585,-0.02990520532166436,-0.024787121039361273,0.004397443075020969,-0.025100730161371973,-0.03042577494704928,0.03780402898681067,0.03876058209672009,0.014333927882380817,-0.012491413383427772,-0.02992772323593426,-0.026403585245893965,-0.06823793648000995,0.016399068745944226,-0.04875032795960449,-0.10198892664099612,0.21969801819448365,0.03088733207240733,0.19247986500823314,0.15265158763079434,-0.17128696001042049,-0.03987068179056728,-0.04838316673270851,-0.02410292864153466,-0.13229741611538826,-0.022143700742862663,0.16910489155660083,0.1478025290522072,-0.012692307613828627,-0.16216496942176944,-0.01890256129386248,-0.08101644640377112,-0.06350569587098602,0.021178125772946907,-0.05872647960307819,-0.09428811235682416,0.19909262539166828,0.012574921998020929,0.15265158763079434,0.16087632004842278,-0.1558831263521129,-0.018656068554118554,-0.03324992520869065,-0.025273089625564432,-0.1181760102752767,-0.00925757602102676,0.1488168412526305,0.12410174973802579,-0.023260840678799303,-0.1512513712312697,-0.011103986287780674,-0.06371761175421539,0.07137586297643184,-0.020070010624859302,0.059381779600028724,0.10529372932801079,-0.22082025646117892,-0.022120423008375585,-0.17128696001042049,-0.1558831263521129,0.1997823460166179,0.024838757148550834,0.047759295326582456,0.02551584581620127,0.1400504865172167,0.012843973759694184,-0.17591422086998765,-0.14480721678784064,0.01829886117246381,0.1699320717898692,0.013341095781172891,0.07698862539690343,0.01533891563100822,0.00417184765579749,-0.008222091992811965,0.008000911013804873,-0.03575863448882803,-0.02990520532166436,-0.03987068179056728,-0.018656068554118554,0.024838757148550834,0.04356497859040471,0.016204496506830725,-0.0001328063862669652,0.024643036486452753,0.018959181917747918,-0.039301548456965055,-0.04088499153612184,-0.012121552595063582,0.02217080742576676,0.017413778556897047,0.023540539191782332,0.013486567071006539,0.008333483931486717,0.0011718189417263968,0.02364138223917303,-0.061161488007804896,-0.024787121039361273,-0.04838316673270851,-0.03324992520869065,0.047759295326582456,0.016204496506830725,0.042000587578601895,0.00405709674627577,0.039786716623269484,0.016055069227075006,-0.04760306603517328,-0.040951655511969484,-0.003028813942893227,0.03589838066966311,0.015664799916412613,0.023681262297840185,0.017311425619635695,-0.008695321369262769,0.01016657509379412,0.021343418741381136,-0.033423459566847696,0.004397443075020969,-0.02410292864153466,-0.025273089625564432,0.02551584581620127,-0.0001328063862669652,0.00405709674627577,0.019381435189452248,0.01894239781185398,0.0016010305062079224,-0.024309494412776182,-0.015724784236449692,0.005010987134318083,0.030532085271643146,0.0009100675705362242,0.010769394072772864,0.0480653399220059,-0.014845513952490987,0.041675442304165165,0.07687771870498677,-0.1715697567855548,-0.025100730161371973,-0.13229741611538826,-0.1181760102752767,0.1400504865172167,0.024643036486452753,0.039786716623269484,0.01894239781185398,0.12093835772766096,0.011033578965682245,-0.13265251651667653,-0.11567526857907648,0.013399107841197638,0.12414763573056828,0.013659577816292843,0.06299617265739338,0.003195666570214266,0.015334556725522835,-0.010483331310702339,-0.0029856942242353977,-0.0161615863415886,-0.03042577494704928,-0.022143700742862663,-0.00925757602102676,0.012843973759694184,0.018959181917747918,0.016055069227075006,0.0016010305062079224,0.011033578965682245,0.03946836945409228,-0.03683876660823976,-0.023804027774532163,-0.014150229775416119,0.01469968033500714,0.018201081467935597,0.01179137184725914,-0.06434315439045489,0.01436861452792098,-0.050212348388997,-0.09013235068734554,0.2100629120584564,0.03780402898681067,0.16910489155660083,0.1488168412526305,-0.17591422086998765,-0.039301548456965055,-0.04760306603517328,-0.024309494412776182,-0.13265251651667653,-0.03683876660823976,0.20445421616824508,0.1506152841637175,-0.005839508755544663,-0.16300993289834878,-0.021569029985674632,-0.07912014121558833,-0.05603938333510142,0.014505795813443429,-0.04270775739210901,-0.07598264834663265,0.17974022432924253,0.03876058209672009,0.1478025290522072,0.12410174973802579,-0.14480721678784064,-0.04088499153612184,-0.040951655511969484,-0.015724784236449692,-0.11567526857907648,-0.023804027774532163,0.1506152841637175,0.1409251153795129,-0.00812508739055754,-0.13971025970598366,-0.013880009531336963,-0.07293436687495511,0.0111298048273983,-0.013558577378760981,0.01661391903852635,0.022386369483897307,-0.02887152686935983,0.014333927882380817,-0.012692307613828627,-0.023260840678799303,0.01829886117246381,-0.012121552595063582,-0.003028813942893227,0.005010987134318083,0.013399107841197638,-0.014150229775416119,-0.005839508755544663,-0.00812508739055754,0.03244765265867321,0.02729921418749325,-0.008423402800647276,0.0019870935891099927,0.07720046446908657,-0.025628940793266906,0.05777979885267758,0.10987280109505065,-0.2122681663574715,-0.012491413383427772,-0.16216496942176944,-0.1512513712312697,0.1699320717898692,0.02217080742576676,0.03589838066966311,0.030532085271643146,0.12414763573056828,0.01469968033500714,-0.16300993289834878,-0.13971025970598366,0.02729921418749325,0.18150504931285663,0.008934091233279186,0.06693408628764291,0.00504322107825953,0.011549584604017237,-0.010233680430035811,-0.0029342846009479274,-0.01898017309033314,-0.02992772323593426,-0.01890256129386248,-0.011103986287780674,0.013341095781172891,0.017413778556897047,0.015664799916412613,0.0009100675705362242,0.013659577816292843,0.018201081467935597,-0.021569029985674632,-0.013880009531336963,-0.008423402800647276,0.008934091233279186,0.03141001952697819,0.01692144095254064,0.027515827654150032,-0.006228536164074603,0.01737427596823405,0.037459188279445776,-0.09809019517441961,-0.026403585245893965,-0.08101644640377112,-0.06371761175421539,0.07698862539690343,0.023540539191782332,0.023681262297840185,0.010769394072772864,0.06299617265739338,0.01179137184725914,-0.07912014121558833,-0.07293436687495511,0.0019870935891099927,0.06693408628764291,0.01692144095254064,0.053633644007897455
