0.0003977769954167644,-0.00022304453098512744,-6.819296648141054e-5,7.284175351843912e-5,4.161135247128908e-5,-0.00015846451615492442,6.064427112657655e-6,2.404062305785062e-5,-4.4196951103976035e-5,0.0001787906449546267,0.0001943464056604743,6.158443210628226e-5,-6.503779523103572e-5,0.00013402010592672675,3.427800555342021e-5,5.6142984006778964e-5,0.0001259884108352932,0.00014644162133332185,5.302412958212449e-5,0.00011014241825609873,-0.00022304453098512744,0.0004239858045590275,-4.128580065028207e-5,-0.00014764696237963933,-2.583020406974476e-6,0.00015858572145510203,-7.208517091759479e-5,0.0001685338433585229,0.00011503712591342345,-0.00024431799674585905,-0.0001854968965860031,-0.00019665294308595141,-6.534377988943988e-5,-0.0002394271871107611,-3.892216524261187e-6,6.387945592836852e-5,-7.17636517878142e-5,-0.00013369762856927628,-7.286337282976768e-5,-0.00013276403769550997,-6.819296648141054e-5,-4.128580065028207e-5,0.0002461214968625872,6.271785465278668e-5,-9.933987645888776e-6,-0.00014943360177485112,7.967822968895718e-6,-5.146075988070003e-5,-0.0001312429411044377,1.125911967419185e-5,7.444289042743703e-5,0.00013646161054294264,0.00020727253427174093,0.00018260973390743528,-1.8251817469191113e-5,-0.00015169533740182615,-6.123038993208659e-5,3.095821553638801e-5,7.39373799122061e-5,6.988522990033564e-5,7.284175351843912e-5,-0.00014764696237963933,6.271785465278668e-5,0.00042089049691293006,-3.34799792281307e-5,-0.0001900555865710812,-3.8200504612719665e-5,0.00014925695027819525,-0.00027255104884559293,9.8948289570418e-5,0.00018710738057080577,0.00012475091684397506,6.380780121162944e-6,0.0003034175357279461,6.626799565153456e-5,-5.5547942416184426e-5,-2.6389216198036532e-5,0.00017882818473765274,9.778818044005251e-5,5.06293703967553e-5,4.161135247128908e-5,-2.583020406974476e-6,-9.933987645888776e-6,-3.34799792281307e-5,0.00033060020600410533,-2.1058364789691656e-5,-6.582455223005784e-5,-3.361591322065357e-5,0.00011782370447308081,-2.563054329339688e-5,-1.9864427635405695e-5,1.2027666519514025e-5,-0.00011141270112559002,-8.989207890886813e-5,-8.121874494784682e-5,-4.5632610143525794e-7,-6.555961838092063e-5,-0.00017268866297823963,-1.9966150042590777e-5,6.809953785737054e-5,-0.00015846451615492442,0.00015858572145510203,-0.00014943360177485112,-0.0001900555865710812,-2.1058364789691656e-5,0.0006574852181645654,-0.00030211779366817704,4.037713544313274e-5,0.00020349105500469192,-0.00039605032705495127,-0.00016809896059386318,-0.00035276329234687975,-0.0004184416204328703,-0.0005105220160188989,0.00013070866053154008,0.00017156640566690095,-0.00012086190670455144,-0.00014715601637153137,-0.0002778747497666061,-0.00035384208490860065,6.064427112657655e-6,-7.208517091759479e-5,7.967822968895718e-6,-3.8200504612719665e-5,-6.582455223005784e-5,-0.00030211779366817704,0.0005603709236264084,-0.00021613564486217695,1.4723406840561336e-5,0.0004186266452499477,-7.631890301396604e-5,0.0002834153518336248,0.00037281737583267125,0.0002479422850904038,-0.0001588520576034598,-2.3114377337771115e-5,0.00017951908162309625,-2.0225658940701378e-5,0.00018378099260377194,0.00023379103025733574,2.404062305785062e-5,0.0001685338433585229,-5.146075988070003e-5,0.00014925695027819525,-3.361591322065357e-5,4.037713544313274e-5,-0.00021613564486217695,0.0005252081185495276,-0.00017271682596204887,-0.00014232833381660717,0.00010219449763310663,-0.00014356987084357566,-0.0002742371959460172,-4.589232289489871e-5,9.049674736436692e-5,9.201631864286052e-5,-1.9919727422482205e-5,0.00015239118114020845,-6.755636955887919e-5,-6.08456220176081e-5,-4.4196951103976035e-5,0.00011503712591342345,-0.0001312429411044377,-0.00027255104884559293,0.00011782370447308081,0.00020349105500469192,1.4723406840561336e-5,-0.00017271682596204887,0.0006930525397802763,-0.00022904374741465882,-0.00036060084182513985,-0.00016956564791594376,-5.0052151672432996e-5,-0.00036899602356918774,9.638921817644195e-5,0.0001017860820160809,4.656079481494912e-5,-0.00027834995217658785,-0.00013321766565995428,-0.00014835415457067644,0.0001787906449546267,-0.00024431799674585905,1.125911967419185e-5,9.8948289570418e-5,-2.563054329339688e-5,-0.00039605032705495127,0.0004186266452499477,-0.00014232833381660717,-0.00022904374741465882,0.0006963470036158809,0.00012408295231365447,0.00032823741844035495,0.00021649791762577225,0.000332021602417112,-0.0001717595442430161,-3.9334830657354234e-5,0.0002615799953064784,9.99714753043444e-5,0.0002290556256257985,0.00035723841487107777,0.0001943464056604743,-0.0001854968965860031,7.444289042743703e-5,0.00018710738057080577,-1.9864427635405695e-5,-0.00016809896059386318,-7.631890301396604e-5,0.00010219449763310663,-0.00036060084182513985,0.00012408295231365447,0.0005348193215342636,0.00018905740570917867,6.949763414777427e-5,0.00034571162887922047,-3.7452611390914238e-6,-4.2241151999080495e-5,-5.937061629991099e-5,0.0002501066396649172,9.508946317217715e-5,0.00010040421735279961,6.158443210628226e-5,-0.00019665294308595141,0.00013646161054294264,0.00012475091684397506,1.2027666519514025e-5,-0.00035276329234687975,0.0002834153518336248,-0.00014356987084357566,-0.00016956564791594376,0.00032823741844035495,0.00018905740570917867,0.000484616826003315,0.0003600766831155361,0.000462194112415723,-9.530168651649886e-5,-0.00014661079734987748,4.828218053868148e-5,0.00010511126753247541,0.00021024772160420507,0.00024264680257555415,-6.503779523103572e-5,-6.534377988943988e-5,0.00020727253427174093,6.380780121162944e-6,-0.00011141270112559002,-0.0004184416204328703,0.00037281737583267125,-0.0002742371959460172,-5.0052151672432996e-5,0.00021649791762577225,6.949763414777427e-5,0.0003600766831155361,0.000827964743889189,0.0004005636835135387,-0.00019162903671922574,-0.00025457282184444287,3.862603211422174e-5,4.21029194409557e-5,0.00023669317406647988,0.0002128946780079209,0.00013402010592672675,-0.0002394271871107611,0.00018260973390743528,0.0003034175357279461,-8.989207890886813e-5,-0.0005105220160188989,0.0002479422850904038,-4.589232289489871e-5,-0.00036899602356918774,0.000332021602417112,0.00034571162887922047,0.000462194112415723,0.0004005636835135387,0.0008018315434004398,-5.8133597851508676e-5,-0.00019355036989018992,-1.5671464166270395e-8,0.0002875774000570355,0.00030440613380577653,0.0002880343770703623,3.427800555342021e-5,-3.892216524261187e-6,-1.8251817469191113e-5,6.626799565153456e-5,-8.121874494784682e-5,0.00013070866053154008,-0.0001588520576034598,9.049674736436692e-5,9.638921817644195e-5,-0.0001717595442430161,-3.7452611390914238e-6,-9.530168651649886e-5,-0.00019162903671922574,-5.8133597851508676e-5,0.0003648146834695966,6.493143997734939e-5,-2.748947070484737e-5,8.1176583678115e-5,-5.1904644469802865e-5,-0.00020343392531050518,5.6142984006778964e-5,6.387945592836852e-5,-0.00015169533740182615,-5.5547942416184426e-5,-4.5632610143525794e-7,0.00017156640566690095,-2.3114377337771115e-5,9.201631864286052e-5,0.0001017860820160809,-3.9334830657354234e-5,-4.2241151999080495e-5,-0.00014661079734987748,-0.00025457282184444287,-0.00019355036989018992,6.493143997734939e-5,0.0003036957155082305,7.151597283339394e-5,-4.522953717421925e-5,-7.369233971011972e-5,-7.748442395166368e-5,0.0001259884108352932,-7.17636517878142e-5,-6.123038993208659e-5,-2.6389216198036532e-5,-6.555961838092063e-5,-0.00012086190670455144,0.00017951908162309625,-1.9919727422482205e-5,4.656079481494912e-5,0.0002615799953064784,-5.937061629991099e-5,4.828218053868148e-5,3.862603211422174e-5,-1.5671464166270395e-8,-2.748947070484737e-5,7.151597283339394e-5,0.00032993939089628486,5.945781460670075e-5,6.846457957815737e-5,0.00013923132392481733,0.00014644162133332185,-0.00013369762856927628,3.095821553638801e-5,0.00017882818473765274,-0.00017268866297823963,-0.00014715601637153137,-2.0225658940701378e-5,0.00015239118114020845,-0.00027834995217658785,9.99714753043444e-5,0.0002501066396649172,0.00010511126753247541,4.21029194409557e-5,0.0002875774000570355,8.1176583678115e-5,-4.522953717421925e-5,5.945781460670075e-5,0.0004463860649233565,9.900447197905789e-5,9.335830107973057e-5,5.302412958212449e-5,-7.286337282976768e-5,7.39373799122061e-5,9.778818044005251e-5,-1.9966150042590777e-5,-0.0002778747497666061,0.00018378099260377194,-6.755636955887919e-5,-0.00013321766565995428,0.0002290556256257985,9.508946317217715e-5,0.00021024772160420507,0.00023669317406647988,0.00030440613380577653,-5.1904644469802865e-5,-7.369233971011972e-5,6.846457957815737e-5,9.900447197905789e-5,0.0002774126740848383,0.00017983898502218305,0.00011014241825609873,-0.00013276403769550997,6.988522990033564e-5,5.06293703967553e-5,6.809953785737054e-5,-0.00035384208490860065,0.00023379103025733574,-6.08456220176081e-5,-0.00014835415457067644,0.00035723841487107777,0.00010040421735279961,0.00024264680257555415,0.0002128946780079209,0.0002880343770703623,-0.00020343392531050518,-7.748442395166368e-5,0.00013923132392481733,9.335830107973057e-5,0.00017983898502218305,0.0004404947745124393
