0.016886086823137792,0.002100329128559366,3.1474002480441746e-5,-0.00030095595654270073,0.019747995420467568,-0.011393414024718534,0.002877439046332882,-0.0004806119886027429,0.004990736703240467,0.015008627285671483,-0.008964927563783524,-0.00963788280924182,-0.0038191770667175187,0.011632908113915857,-0.007703935952972214,-0.01832417219411649,-0.010857329848071749,-0.006803162808354128,0.02152388035195544,-0.004960096418732602,0.002100329128559366,0.017889313306761558,0.0010000691161072134,-0.001302985720029366,0.002971557206446586,0.0002825305936459359,0.004512163094661556,0.0020766218098418965,-0.006382308935281225,0.004509092530211582,-0.0021955472471417506,-0.004015452861035365,0.0012507958119051916,0.004806818760021401,-0.012469918080753064,-0.0010417240457102758,0.00020242448173170757,-0.004609891563216919,0.008227639516266403,-0.005247817191378068,3.1474002480441746e-5,0.0010000691161072134,0.016940174468057415,-0.00024808137568178737,0.0009960089759305899,0.0006851703569754587,-0.0008428805158757779,0.0020532880542823463,-0.0004848723532269219,0.00101794493209464,5.001005063653269e-5,0.004327880227935324,-0.0025423002053211433,-0.0010192656990526817,0.0015184017295190467,0.0009465659818040679,-0.0013058499272412217,-0.00026111705533054164,0.0023272554997348462,0.0008731449880854212,-0.00030095595654270073,-0.001302985720029366,-0.00024808137568178737,0.024750563669541387,0.0067157294142328365,-0.003790540393202716,-0.009335445124175203,-0.000134178234641133,0.009645797073560336,0.003379753758753874,-0.006019351222878069,0.0023269461086217118,0.005954887637701339,0.0020165459546660665,0.013433342229824901,-0.00910288707698637,-0.006063342598123534,0.00029685510849656075,0.005872817491091031,-0.003691646924407211,0.019747995420467568,0.002971557206446586,0.0009960089759305899,0.0067157294142328365,0.12285829868491221,-0.051408664773922565,-0.016571152821627588,-0.01684411067370344,0.025792837715095773,0.06620917633442913,-0.022955576783870633,-0.052866480258696016,-0.0016784368395649871,0.04518457403577488,-0.044394352966095396,-0.08540675832854362,-0.031083509754692894,-0.0028781882383881233,0.0924097671944542,-0.026778877540081007,-0.011393414024718534,0.0002825305936459359,0.0006851703569754587,-0.003790540393202716,-0.051408664773922565,0.060711305788491696,0.006506657040291068,0.0090498761195033,-0.012827699735969374,-0.04108804329846156,0.0307520988546301,0.02119864603000036,0.0022188012513011317,-0.024948132702594092,0.02401586470849181,0.051119677376694914,0.0249940678107071,0.013811771756057849,-0.061533669751435385,0.02463126334598382,0.002877439046332882,0.004512163094661556,-0.0008428805158757779,-0.009335445124175203,-0.016571152821627588,0.006506657040291068,0.030454761465853568,0.009357812360527261,-0.014768302654792433,-0.008697795666291697,0.008673933965791386,0.00023077839068097908,-0.007392292171257268,-0.00030357305611111235,-0.010181037863562852,0.01852099444974155,0.005391113823755334,-0.0038922910379972503,-0.008709233712304743,0.0025944323449761607,-0.0004806119886027429,0.0020766218098418965,0.0020532880542823463,-0.000134178234641133,-0.01684411067370344,0.0090498761195033,0.009357812360527261,0.022131340855781195,-0.0052362758490332815,-0.0038318362935700727,0.0024212684542638764,0.006528503052083554,-0.004959026426047121,0.0021143810485689065,-0.0014794821392004592,0.023216913754335614,0.0001039911564123104,-0.0055483655123776615,-0.009888942169875596,0.002434799821079625,0.004990736703240467,-0.006382308935281225,-0.0004848723532269219,0.009645797073560336,0.025792837715095773,-0.012827699735969374,-0.014768302654792433,-0.0052362758490332815,0.025435205107100494,0.008779353110766212,-0.008077879296187251,-0.009561353862150238,0.002900062059493615,0.004197654058864644,0.004634184712905419,-0.03000975234004019,-0.0065554011242021535,0.0033929888120130492,0.01862853398076668,-0.008093178644093499,0.015008627285671483,0.004509092530211582,0.00101794493209464,0.003379753758753874,0.06620917633442913,-0.04108804329846156,-0.008697795666291697,-0.0038318362935700727,0.008779353110766212,0.06882080624578754,-0.020769898182662457,-0.03242502390326942,-0.004474806357583542,0.03790043228797087,-0.03228542120494648,-0.05079900906049983,-0.026580191415341188,-0.014845121712666942,0.07383846952359922,-0.023180680333258145,-0.008964927563783524,-0.0021955472471417506,5.001005063653269e-5,-0.006019351222878069,-0.022955576783870633,0.0307520988546301,0.008673933965791386,0.0024212684542638764,-0.008077879296187251,-0.020769898182662457,0.04175895107761988,0.007849028852734691,0.0007281847839102728,-0.01013290864269739,0.0028463373951764133,0.03426865651091636,0.016513420781912085,0.017488634400127077,-0.039105461925897644,0.017182417932991252,-0.00963788280924182,-0.004015452861035365,0.004327880227935324,0.0023269461086217118,-0.052866480258696016,0.02119864603000036,0.00023077839068097908,0.006528503052083554,-0.009561353862150238,-0.03242502390326942,0.007849028852734691,0.04650072238796006,0.0008883415850472894,-0.024998338359704483,0.030238036934105372,0.03631061737400125,0.015338424351539185,0.005290313661787633,-0.04357677320400484,0.014052751712285854,-0.0038191770667175187,0.0012507958119051916,-0.0025423002053211433,0.005954887637701339,-0.0016784368395649871,0.0022188012513011317,-0.007392292171257268,-0.004959026426047121,0.002900062059493615,-0.004474806357583542,0.0007281847839102728,0.0008883415850472894,0.020960695418928928,-0.00543739106806424,0.003635834177279218,-0.0004594191812909456,0.003204406112528923,0.005417495564828522,-0.009964096170094682,-0.0029172821466314953,0.011632908113915857,0.004806818760021401,-0.0010192656990526817,0.0020165459546660665,0.04518457403577488,-0.024948132702594092,-0.00030357305611111235,0.0021143810485689065,0.004197654058864644,0.03790043228797087,-0.01013290864269739,-0.024998338359704483,-0.00543739106806424,0.04019001654227446,-0.03260077361100291,-0.029991873660190273,-0.018210097941858204,-0.013424566167168119,0.047843042325692385,-0.01523206748062397,-0.007703935952972214,-0.012469918080753064,0.0015184017295190467,0.013433342229824901,-0.044394352966095396,0.02401586470849181,-0.010181037863562852,-0.0014794821392004592,0.004634184712905419,-0.03228542120494648,0.0028463373951764133,0.030238036934105372,0.003635834177279218,-0.03260077361100291,0.08642493992744521,0.018444613466382386,0.011090992695023213,0.009641845221855126,-0.03645838014450893,0.025218567301201165,-0.01832417219411649,-0.0010417240457102758,0.0009465659818040679,-0.00910288707698637,-0.08540675832854362,0.051119677376694914,0.01852099444974155,0.023216913754335614,-0.03000975234004019,-0.05079900906049983,0.03426865651091636,0.03631061737400125,-0.0004594191812909456,-0.029991873660190273,0.018444613466382386,0.09663000224773688,0.029597274273746813,0.011689619707922315,-0.08408571451949953,0.021946834797592202,-0.010857329848071749,0.00020242448173170757,-0.0013058499272412217,-0.006063342598123534,-0.031083509754692894,0.0249940678107071,0.005391113823755334,0.0001039911564123104,-0.0065554011242021535,-0.026580191415341188,0.016513420781912085,0.015338424351539185,0.003204406112528923,-0.018210097941858204,0.011090992695023213,0.029597274273746813,0.03023445693945236,0.01209489760741352,-0.03538572427371266,0.015394709283154282,-0.006803162808354128,-0.004609891563216919,-0.00026111705533054164,0.00029685510849656075,-0.0028781882383881233,0.013811771756057849,-0.0038922910379972503,-0.0055483655123776615,0.0033929888120130492,-0.014845121712666942,0.017488634400127077,0.005290313661787633,0.005417495564828522,-0.013424566167168119,0.009641845221855126,0.011689619707922315,0.01209489760741352,0.03486707817815421,-0.02502923134234738,0.008668758256484475,0.02152388035195544,0.008227639516266403,0.0023272554997348462,0.005872817491091031,0.0924097671944542,-0.061533669751435385,-0.008709233712304743,-0.009888942169875596,0.01862853398076668,0.07383846952359922,-0.039105461925897644,-0.04357677320400484,-0.009964096170094682,0.047843042325692385,-0.03645838014450893,-0.08408571451949953,-0.03538572427371266,-0.02502923134234738,0.12302110135785829,-0.030003419532520132,-0.004960096418732602,-0.005247817191378068,0.0008731449880854212,-0.003691646924407211,-0.026778877540081007,0.02463126334598382,0.0025944323449761607,0.002434799821079625,-0.008093178644093499,-0.023180680333258145,0.017182417932991252,0.014052751712285854,-0.0029172821466314953,-0.01523206748062397,0.025218567301201165,0.021946834797592202,0.015394709283154282,0.008668758256484475,-0.030003419532520132,0.029252745917836137
0.0242522623788803,-0.0017161877940362633,0.006617390690051318,-0.011495276808622244,0.006375887974293776,0.0019827874139392633,0.006334610356080343,-0.005478036763284873,0.0009054819959610479,0.003076610377286695,-0.00696187277395857,-0.011549393583795411,-0.0027619448257088465,0.010015198676588937,0.006609854035123406,0.006819550259075574,-0.0029080188438841232,0.0006417995683685224,-0.0012391037904059404,-0.003390799517936612,-0.0017161877940362633,0.03132659539988753,-0.0026264167708154617,0.00012403408207554306,-8.81451969418699e-6,-0.009461004238713192,0.003535432441023536,-0.0024742194701925712,-0.0011868554502040235,0.0005596448237444537,-0.005808086340365037,0.0035637600721111053,-0.00692105558610943,0.0005588190684212438,0.004676426584612488,0.004298463032375917,-0.00264983127008964,-0.008035299357245637,-0.01727801604897893,0.005107792479670757,0.006617390690051318,-0.0026264167708154617,0.03959689785149778,0.022366447249634838,-0.009374350291552366,0.020182860919448757,-0.008795731191394603,-0.006143786308677871,-0.010751720103042685,-0.0034917216766743213,0.0015115525115876295,-0.0047269476494121955,-0.004994894505977815,0.003980904396519401,-0.003965386329790413,-0.012751530253739604,-0.004479233311648739,-0.01887852692823682,0.0002735018134606389,0.006852853207114389,-0.011495276808622244,0.00012403408207554306,0.022366447249634838,0.06448423496060283,-0.03549967781397367,0.024166158954694775,-0.003365919288959544,-0.008763957349615777,-0.012334081762840302,-0.008790464774570326,-0.0002112194560064764,0.01368947714236039,0.006157481310217661,0.014417999839990392,-0.010690236574647223,-0.029618945062346202,-0.009086041560213975,-0.004139859568821044,-0.0026384981467224263,-0.002344308204673951,0.006375887974293776,-8.81451969418699e-6,-0.009374350291552366,-0.03549967781397367,0.04014501549027351,-0.014506293220054116,-0.0004291975891049294,0.0022662520044279197,0.002782393889945225,0.01009138891904705,-0.0059406295576021305,-0.014100250237921297,-0.004145209156797168,-0.006759283208504838,0.010455301040550908,0.016143398644418473,0.006167183496971897,0.005772007658688132,0.004838578109223441,0.006689642463856254,0.0019827874139392633,-0.009461004238713192,0.020182860919448757,0.024166158954694775,-0.014506293220054116,0.0432365371578246,-0.011797731315972625,0.0056343414592807915,-0.009788379991842101,-0.005108086181061686,0.0030762774442721235,-0.006293999253251644,0.003131133076181236,0.002604221633326558,-0.002698452801577411,-0.021546366415933965,-0.005783289994512689,-0.009371036968458719,0.0072928261040931235,0.003447477323945765,0.006334610356080343,0.003535432441023536,-0.008795731191394603,-0.003365919288959544,-0.0004291975891049294,-0.011797731315972625,0.03445277201086778,-0.015229652848284442,0.005520767349190077,0.010173916377800695,-0.01692058897305778,-0.002511018244178819,0.007319660388018207,0.016887459578951342,0.00807128437815495,0.008866903599713151,-0.009947063687441167,-0.0013636077188639922,-0.011415986204067124,-0.016668608060750933,-0.005478036763284873,-0.0024742194701925712,-0.006143786308677871,-0.008763957349615777,0.0022662520044279197,0.0056343414592807915,-0.015229652848284442,0.03944638137100844,0.004978664717591532,-0.01240738963535472,0.018165623000908154,-0.007447010186839785,-0.00017264698680466255,-0.019742514561588268,-0.0035825115748880218,-0.003043577505900774,0.0030294688757462065,-0.000587537291857643,0.012727798301529026,0.012553107494674667,0.0009054819959610479,-0.0011868554502040235,-0.010751720103042685,-0.012334081762840302,0.002782393889945225,-0.009788379991842101,0.005520767349190077,0.004978664717591532,0.025708389129666876,-0.0015699397546668202,0.0017854506589822295,-0.0024974562783999987,0.002853505866225208,-0.0027739996575008204,0.003549916780332895,0.004546303485596105,-0.0008659567044392168,0.008516920479301155,0.0009644108856773381,0.0011789535650232404,0.003076610377286695,0.0005596448237444537,-0.0034917216766743213,-0.008790464774570326,0.01009138891904705,-0.005108086181061686,0.010173916377800695,-0.01240738963535472,-0.0015699397546668202,0.025947283517496637,-0.014454004615785304,-0.0067761908598627015,-0.0008260763526915006,0.006071867003577116,0.0015550060405630142,0.00917136028043047,-0.0009687670264644407,0.002797743879956605,-0.006104636451366949,-0.008393656028974936,-0.00696187277395857,-0.005808086340365037,0.0015115525115876295,-0.0002112194560064764,-0.0059406295576021305,0.0030762774442721235,-0.01692058897305778,0.018165623000908154,0.0017854506589822295,-0.014454004615785304,0.03619259988795256,0.0028917100286788055,-0.004846340781385857,-0.023838524716600577,-0.007031790104716403,-0.006415088000461469,0.008734319847059597,0.0034521443434790415,0.012501014020447562,0.010857777551459702,-0.011549393583795411,0.0035637600721111053,-0.0047269476494121955,0.01368947714236039,-0.014100250237921297,-0.006293999253251644,-0.002511018244178819,-0.007447010186839785,-0.0024974562783999987,-0.0067761908598627015,0.0028917100286788055,0.05017762076524332,0.0019258657405355662,0.0006332344414606776,-0.009421789894488664,-0.008380830394304681,-0.002019288138683155,0.005025012926873617,-0.007720001086440161,-7.477470887508531e-5,-0.0027619448257088465,-0.00692105558610943,-0.004994894505977815,0.006157481310217661,-0.004145209156797168,0.003131133076181236,0.007319660388018207,-0.00017264698680466255,0.002853505866225208,-0.0008260763526915006,-0.004846340781385857,0.0019258657405355662,0.02529641764457093,0.005863428478067571,-0.0015327634364122595,-0.0034658188174424035,-0.00481265136796156,0.002703577099578992,0.0008276580204971091,-0.012643471593728254,0.010015198676588937,0.0005588190684212438,0.003980904396519401,0.014417999839990392,-0.006759283208504838,0.002604221633326558,0.016887459578951342,-0.019742514561588268,-0.0027739996575008204,0.006071867003577116,-0.023838524716600577,0.0006332344414606776,0.005863428478067571,0.045501511198379876,0.004604504385504712,0.0018503152997949273,-0.015441814502840438,-0.004862212427664426,-0.007614484048860481,-0.011162089259626792,0.006609854035123406,0.004676426584612488,-0.003965386329790413,-0.010690236574647223,0.010455301040550908,-0.002698452801577411,0.00807128437815495,-0.0035825115748880218,0.003549916780332895,0.0015550060405630142,-0.007031790104716403,-0.009421789894488664,-0.0015327634364122595,0.004604504385504712,0.02501293245805289,0.002986695719053454,-0.0046626298099200925,-0.003273586098004787,-0.002473837735380054,0.004562138227673546,0.006819550259075574,0.004298463032375917,-0.012751530253739604,-0.029618945062346202,0.016143398644418473,-0.021546366415933965,0.008866903599713151,-0.003043577505900774,0.004546303485596105,0.00917136028043047,-0.006415088000461469,-0.008380830394304681,-0.0034658188174424035,0.0018503152997949273,0.002986695719053454,0.042114980360302076,0.005842267296743903,-0.000756996464242514,-0.0018071501354017267,-0.009715289204241527,-0.0029080188438841232,-0.00264983127008964,-0.004479233311648739,-0.009086041560213975,0.006167183496971897,-0.005783289994512689,-0.009947063687441167,0.0030294688757462065,-0.0008659567044392168,-0.0009687670264644407,0.008734319847059597,-0.002019288138683155,-0.00481265136796156,-0.015441814502840438,-0.0046626298099200925,0.005842267296743903,0.026138251287684523,0.007830975786912055,0.0033552790937896324,-0.00037165450632602236,0.0006417995683685224,-0.008035299357245637,-0.01887852692823682,-0.004139859568821044,0.005772007658688132,-0.009371036968458719,-0.0013636077188639922,-0.000587537291857643,0.008516920479301155,0.002797743879956605,0.0034521443434790415,0.005025012926873617,0.002703577099578992,-0.004862212427664426,-0.003273586098004787,-0.000756996464242514,0.007830975786912055,0.03206901620969771,-0.0013037776868789752,-0.009428098351176063,-0.0012391037904059404,-0.01727801604897893,0.0002735018134606389,-0.0026384981467224263,0.004838578109223441,0.0072928261040931235,-0.011415986204067124,0.012727798301529026,0.0009644108856773381,-0.006104636451366949,0.012501014020447562,-0.007720001086440161,0.0008276580204971091,-0.007614484048860481,-0.002473837735380054,-0.0018071501354017267,0.0033552790937896324,-0.0013037776868789752,0.0261214083250597,0.004813970294043015,-0.003390799517936612,0.005107792479670757,0.006852853207114389,-0.002344308204673951,0.006689642463856254,0.003447477323945765,-0.016668608060750933,0.012553107494674667,0.0011789535650232404,-0.008393656028974936,0.010857777551459702,-7.477470887508531e-5,-0.012643471593728254,-0.011162089259626792,0.004562138227673546,-0.009715289204241527,-0.00037165450632602236,-0.009428098351176063,0.004813970294043015,0.03625246700902607
