0.06732533137834776,-0.019337962034918957,-0.0012385560790236496,-0.029709021707014158,0.0026451520247651157,0.008259222857193129,0.009391808890094576,-0.007720357696093256,-0.005065135849023022,-0.0027886357125097116,-0.008264235206080044,-0.0053608544283391905,0.022236997351316828,0.0223218099644543,0.041103181660122265,0.013494449916295254,0.006804108399984304,-0.03706447787950555,-0.0151190124903425,-0.016148099057489956,-0.019337962034918957,0.040511864041300256,0.003540100289094036,0.018774131657574078,-0.007264600953290512,0.0012944223683385792,-0.006642747344447469,0.020457053368645332,0.003869037420829254,-0.0004925169412067752,0.007016833034029884,-0.003880538494113548,-0.0028754291206339743,-0.0039089813398522945,-0.034327704594481714,-0.011015713117507164,0.0030623056964934666,0.01569209562108058,0.01088758375700144,0.015333793649753562,-0.0012385560790236496,0.003540100289094036,0.025532494735744024,0.003389865203321636,0.001713901867917175,0.017099491988443842,-0.0006082302336652785,0.0016546659791980196,0.005522891276510941,0.003471876413714565,-0.001602119118965847,0.0009910756231876557,0.004996536973611127,-0.0028703956294756604,0.00034829373989676783,-0.0020725441369565008,0.0057569893052674456,0.004153512255237654,0.0033325090743158113,0.007894102331297344,-0.029709021707014158,0.018774131657574078,0.003389865203321636,0.041692020601112774,-0.005649725381073825,0.0035306652227507403,-0.0023821949890687434,0.01376565965025095,0.009593667960956474,0.0062651852195864804,0.006054406622534427,0.006282663799668786,-0.010208410200067143,-0.01532552140712633,-0.02547477544449671,-0.01158000892823393,0.0012592920459711485,0.01121895195412096,0.005291316188006229,0.010831054841746037,0.0026451520247651157,-0.007264600953290512,0.001713901867917175,-0.005649725381073825,0.032193675675950204,0.0026433710840790417,0.005083311452926819,-0.01095869779797631,0.00016283881820176069,-0.006403528564326749,0.008610569908564337,0.007532215980296063,0.0012147941310871938,0.009829501666590919,-0.0026392205837444294,0.014381141002707855,-0.0004458172391075296,0.017540170160035458,-0.008285888726426466,0.0052677745329243715,0.008259222857193129,0.0012944223683385792,0.017099491988443842,0.0035306652227507403,0.0026433710840790417,0.054678113213469645,0.012596748385352723,-0.009350326032096297,0.00657655818310526,-0.009448623231405084,-0.00997019375489984,-0.00040340645986762275,0.013145460399654202,-0.006347602808929335,0.009639439139940888,0.0060991905792148636,0.015864365826091603,0.00578602657236249,-0.008623324062956914,0.01491175230141076,0.009391808890094576,-0.006642747344447469,-0.0006082302336652785,-0.0023821949890687434,0.005083311452926819,0.012596748385352723,0.025205472833578213,-0.011305595201997528,0.011564204314809631,-0.00030484070979690703,-0.010350427099149823,0.001125783502155892,0.018338354240366235,-0.003156480213325632,0.009164990369450513,0.005195422653879086,0.004137460218887511,-0.011951241117204737,-0.0014585556574196296,-0.008886554971377168,-0.007720357696093256,0.020457053368645332,0.0016546659791980196,0.01376565965025095,-0.01095869779797631,-0.009350326032096297,-0.011305595201997528,0.04683078228501711,2.751276492372846e-5,0.00860413166442451,0.007547175740475014,-0.003313617940802683,-0.005325241775268392,-0.001359983817104271,-0.01236926689001001,-0.015831484425336884,-0.005644960757162268,0.00027000693495724004,0.005451349618093582,0.014488321845117641,-0.005065135849023022,0.003869037420829254,0.005522891276510941,0.009593667960956474,0.00016283881820176069,0.00657655818310526,0.011564204314809631,2.751276492372846e-5,0.02935733461508995,0.0066900846747591294,-0.006226036180028441,0.0005940904216064843,0.01653374629785479,-0.006558678557500926,-0.004390559988826665,-0.004308857117236985,0.004233430182843357,-0.010123639126124661,0.0075849006494688774,-0.0023598577134255104,-0.0027886357125097116,-0.0004925169412067752,0.003471876413714565,0.0062651852195864804,-0.006403528564326749,-0.009448623231405084,-0.00030484070979690703,0.00860413166442451,0.0066900846747591294,0.033291745277654876,0.0013219489483758382,-0.0019646106854573834,-0.005862168523238256,-0.009788416372926361,0.006572391517797362,-0.005151169819346097,-0.004734481385821032,-0.011209513715991187,0.004456907412649807,0.005765541818566784,-0.008264235206080044,0.007016833034029884,-0.001602119118965847,0.006054406622534427,0.008610569908564337,-0.00997019375489984,-0.010350427099149823,0.007547175740475014,-0.006226036180028441,0.0013219489483758382,0.028753288334700318,0.004455263614630281,-0.012158641690189737,0.004882365964424842,-0.01634005369257279,0.0028795724460837046,-0.001305942074944126,0.01731178083185781,-0.003028952902907635,0.012733766505079836,-0.0053608544283391905,-0.003880538494113548,0.0009910756231876557,0.006282663799668786,0.007532215980296063,-0.00040340645986762275,0.001125783502155892,-0.003313617940802683,0.0005940904216064843,-0.0019646106854573834,0.004455263614630281,0.024304251013497213,-0.011748295247441854,-0.0027974177711648776,-0.0045112961260178885,-0.000651802891201076,-0.00422588030083736,0.004562546693580574,-0.00046913584349807334,-0.00045160751665820106,0.022236997351316828,-0.0028754291206339743,0.004996536973611127,-0.010208410200067143,0.0012147941310871938,0.013145460399654202,0.018338354240366235,-0.005325241775268392,0.01653374629785479,-0.005862168523238256,-0.012158641690189737,-0.011748295247441854,0.054175770481046555,0.0060213929755400545,0.011150807782127434,0.004127812315791424,0.006085593500194103,-0.019288733795248827,-0.0034735563432121805,-0.004525292297696225,0.0223218099644543,-0.0039089813398522945,-0.0028703956294756604,-0.01532552140712633,0.009829501666590919,-0.006347602808929335,-0.003156480213325632,-0.001359983817104271,-0.006558678557500926,-0.009788416372926361,0.004882365964424842,-0.0027974177711648776,0.0060213929755400545,0.03443378267024811,0.009939080184701691,0.01081826598303535,0.005553017270306687,0.0029977929553471235,-0.0014416231577742433,-0.0052622093157471735,0.041103181660122265,-0.034327704594481714,0.00034829373989676783,-0.02547477544449671,-0.0026392205837444294,0.009639439139940888,0.009164990369450513,-0.01236926689001001,-0.004390559988826665,0.006572391517797362,-0.01634005369257279,-0.0045112961260178885,0.011150807782127434,0.009939080184701691,0.06883600117693447,0.0074552366122004315,0.006379396561803453,-0.02811088594011457,-0.015061676476381878,-0.015396271171788878,0.013494449916295254,-0.011015713117507164,-0.0020725441369565008,-0.01158000892823393,0.014381141002707855,0.0060991905792148636,0.005195422653879086,-0.015831484425336884,-0.004308857117236985,-0.005151169819346097,0.0028795724460837046,-0.000651802891201076,0.004127812315791424,0.01081826598303535,0.0074552366122004315,0.02628475957910725,4.097325730065206e-5,0.0015265881308017635,-0.011486156367680321,-0.0016107785678000789,0.006804108399984304,0.0030623056964934666,0.0057569893052674456,0.0012592920459711485,-0.0004458172391075296,0.015864365826091603,0.004137460218887511,-0.005644960757162268,0.004233430182843357,-0.004734481385821032,-0.001305942074944126,-0.00422588030083736,0.006085593500194103,0.005553017270306687,0.006379396561803453,4.097325730065206e-5,0.026475125613057305,0.003468236883031446,0.0006810591537390061,0.007717528237920528,-0.03706447787950555,0.01569209562108058,0.004153512255237654,0.01121895195412096,0.017540170160035458,0.00578602657236249,-0.011951241117204737,0.00027000693495724004,-0.010123639126124661,-0.011209513715991187,0.01731178083185781,0.004562546693580574,-0.019288733795248827,0.0029977929553471235,-0.02811088594011457,0.0015265881308017635,0.003468236883031446,0.06919200383235073,-0.00041331320716228223,0.028579602563498563,-0.0151190124903425,0.01088758375700144,0.0033325090743158113,0.005291316188006229,-0.008285888726426466,-0.008623324062956914,-0.0014585556574196296,0.005451349618093582,0.0075849006494688774,0.004456907412649807,-0.003028952902907635,-0.00046913584349807334,-0.0034735563432121805,-0.0014416231577742433,-0.015061676476381878,-0.011486156367680321,0.0006810591537390061,-0.00041331320716228223,0.02326452721711619,0.006674717810039032,-0.016148099057489956,0.015333793649753562,0.007894102331297344,0.010831054841746037,0.0052677745329243715,0.01491175230141076,-0.008886554971377168,0.014488321845117641,-0.0023598577134255104,0.005765541818566784,0.012733766505079836,-0.00045160751665820106,-0.004525292297696225,-0.0052622093157471735,-0.015396271171788878,-0.0016107785678000789,0.007717528237920528,0.028579602563498563,0.006674717810039032,0.04472464592399624
0.06350617272477481,-0.0006050196367033034,-0.018716728316112572,-0.022173658999620295,-0.0022339082163978894,-0.014778756874741167,-0.0018734410113649454,0.004862390798902624,-0.020741483716185942,0.005738366794110213,0.01482428817351336,-0.014598673010100581,0.0006398899874685059,0.022939899332657134,0.03550679098077948,0.006023737584896385,-0.0041353388970306075,-0.006553760379980655,-0.02260215229108541,-0.014570478988829395,-0.0006050196367033034,0.04196333809244271,-0.007643586372100682,-0.0057160004229061916,0.0017401171026511838,-0.008268975329840143,5.5926397358289914e-6,0.007485444315935703,-0.013140946520687615,-0.00263991857695424,0.014244796898406065,-0.0019976593073889326,0.00031661328052187514,-0.0013496783890737962,-0.01434290568163298,-0.004678987267620836,-0.006472524140786553,0.022361797912895248,-0.005986486038854356,0.0021462205946833415,-0.018716728316112572,-0.007643586372100682,0.04417869766862631,0.020915457645703257,0.008788116280731641,0.011244444379449138,-0.003049283387759954,-0.00020018687870209458,0.00027995755397883324,0.002946324091078724,-0.01031723041920151,0.00921292715967651,0.0013242243975590744,-0.008371029382993266,-0.0016957192742846953,-0.005558341580480364,0.009459012438699926,-0.014506669637561014,-0.0015789128340996466,-0.00904127624550646,-0.022173658999620295,-0.0057160004229061916,0.020915457645703257,0.05330131807333275,-0.011089556796857698,0.014189738672321865,0.004541156982256463,0.011105496715685564,0.008976885185634841,0.0038883472534847942,-0.007584672412842707,0.008106072316097009,0.0007624189152931988,-0.017685705722942313,-0.021177830368535315,-0.00221121155182843,0.0037988684788207794,-0.008477081757704247,0.0034655997616310076,0.005804330544324545,-0.0022339082163978894,0.0017401171026511838,0.008788116280731641,-0.011089556796857698,0.03173226320821796,-0.00231932194911388,0.004100595053754606,-0.00924648327592693,-0.006814936095776186,-0.002680190952224799,-0.006134898895091689,0.0006407242449372539,0.00938515833088791,0.00446868419755145,0.002838458064675129,-0.0016262626506390232,-0.00795016461671522,-0.0014799160883767583,-0.007378058489319408,-0.007426857473479171,-0.014778756874741167,-0.008268975329840143,0.011244444379449138,0.014189738672321865,-0.00231932194911388,0.03720034385137697,0.006317306034532175,0.0055269488307409,0.008842052412871972,-0.0037374396545960973,-0.01612634846764196,-0.005505678211211027,0.001085275227617148,-0.015324617644852928,-0.0018086059315505594,-0.008800265208028228,0.0017691000264225235,-0.0043658860869366396,-0.0023464686376802866,0.006161729740249727,-0.0018734410113649454,5.5926397358289914e-6,-0.003049283387759954,0.004541156982256463,0.004100595053754606,0.006317306034532175,0.03796526488391749,-0.004401599681349486,0.016264097882686655,0.009679811183585725,0.0038385491324343167,-0.011514888884754538,0.021212258028790516,-0.014647604205685132,0.0028245545264595395,0.009924749705021824,-0.015638533493517758,-0.011574268528571166,0.004454253917931118,-0.0003253690335524829,0.004862390798902624,0.007485444315935703,-0.00020018687870209458,0.011105496715685564,-0.00924648327592693,0.0055269488307409,-0.004401599681349486,0.033542859409496854,-0.009425053959047275,0.005271787398276939,0.01178226019505128,-0.003944193090518942,-0.005065816350353003,-0.002268858539257037,-0.003628628261132414,-0.002647616945716835,0.0026950616950093182,0.006089029072727598,-0.01522019682603513,0.006747496121512212,-0.020741483716185942,-0.013140946520687615,0.00027995755397883324,0.008976885185634841,-0.006814936095776186,0.008842052412871972,0.016264097882686655,-0.009425053959047275,0.05337763889109551,0.001003274479277255,-0.006177307755553563,-0.008495882508474061,0.011430799676732776,-0.018356245495373267,-0.0018546940503044757,0.005563641887118939,0.0022241967410508135,-0.021637788217532303,0.02911266643880252,0.01039921862985618,0.005738366794110213,-0.00263991857695424,0.002946324091078724,0.0038883472534847942,-0.002680190952224799,-0.0037374396545960973,0.009679811183585725,0.005271787398276939,0.001003274479277255,0.04377640699067516,0.012283762300820508,-0.0008208513810155039,-0.008754439310025532,-0.005497262824058755,0.01671206883018439,-0.001472859592462484,-0.006280006596144003,-0.005198934240445431,-0.000718551725962217,0.0005607230071722363,0.01482428817351336,0.014244796898406065,-0.01031723041920151,-0.007584672412842707,-0.006134898895091689,-0.01612634846764196,0.0038385491324343167,0.01178226019505128,-0.006177307755553563,0.012283762300820508,0.03704321853391095,0.0008617651021361796,0.0006083416419434401,0.006180812429479545,0.006976823553732165,0.009950992071760315,-0.003219467876347514,0.0029358854668899113,-0.006872111194837178,0.003022909077856318,-0.014598673010100581,-0.0019976593073889326,0.00921292715967651,0.008106072316097009,0.0006407242449372539,-0.005505678211211027,-0.011514888884754538,-0.003944193090518942,-0.008495882508474061,-0.0008208513810155039,0.0008617651021361796,0.03406886901797119,-0.005855918920345896,0.0015342775134626876,-0.009317538256801722,-0.004450808440279572,0.0012885917666548665,0.007203798862388568,0.003363048302192759,0.0010733767752708658,0.0006398899874685059,0.00031661328052187514,0.0013242243975590744,0.0007624189152931988,0.00938515833088791,0.001085275227617148,0.021212258028790516,-0.005065816350353003,0.011430799676732776,-0.008754439310025532,0.0006083416419434401,-0.005855918920345896,0.03830174579360044,-0.002766965932086139,-0.004012730696155145,0.004874010406007137,-0.012430356236591437,-0.011680978910041079,-0.0026474716537844938,-0.002731920170934642,0.022939899332657134,-0.0013496783890737962,-0.008371029382993266,-0.017685705722942313,0.00446868419755145,-0.015324617644852928,-0.014647604205685132,-0.002268858539257037,-0.018356245495373267,-0.005497262824058755,0.006180812429479545,0.0015342775134626876,-0.002766965932086139,0.03575539932916448,0.013685055685779931,0.0027298794641898256,0.009855898099826184,0.008288948454975303,-0.006350206487293524,-0.005964647816468308,0.03550679098077948,-0.01434290568163298,-0.0016957192742846953,-0.021177830368535315,0.002838458064675129,-0.0018086059315505594,0.0028245545264595395,-0.003628628261132414,-0.0018546940503044757,0.01671206883018439,0.006976823553732165,-0.009317538256801722,-0.004012730696155145,0.013685055685779931,0.06440109180286371,0.00538709639796975,0.004618104594300972,-0.027800482344063876,-0.011025553935670063,-0.014266904765426299,0.006023737584896385,-0.004678987267620836,-0.005558341580480364,-0.00221121155182843,-0.0016262626506390232,-0.008800265208028228,0.009924749705021824,-0.002647616945716835,0.005563641887118939,-0.001472859592462484,0.009950992071760315,-0.004450808440279572,0.004874010406007137,0.0027298794641898256,0.00538709639796975,0.02180248393122055,0.00014352105213256963,-0.007316854988841567,0.00011848724481810877,-0.00027404928130812366,-0.0041353388970306075,-0.006472524140786553,0.009459012438699926,0.0037988684788207794,-0.00795016461671522,0.0017691000264225235,-0.015638533493517758,0.0026950616950093182,0.0022241967410508135,-0.006280006596144003,-0.003219467876347514,0.0012885917666548665,-0.012430356236591437,0.009855898099826184,0.004618104594300972,0.00014352105213256963,0.031342188325793136,-0.0015238524523424595,0.0059036456829979775,0.0030810218943416907,-0.006553760379980655,0.022361797912895248,-0.014506669637561014,-0.008477081757704247,-0.0014799160883767583,-0.0043658860869366396,-0.011574268528571166,0.006089029072727598,-0.021637788217532303,-0.005198934240445431,0.0029358854668899113,0.007203798862388568,-0.011680978910041079,0.008288948454975303,-0.027800482344063876,-0.007316854988841567,-0.0015238524523424595,0.05655723710050969,-0.005620701364510774,0.011909222130030648,-0.02260215229108541,-0.005986486038854356,-0.0015789128340996466,0.0034655997616310076,-0.007378058489319408,-0.0023464686376802866,0.004454253917931118,-0.01522019682603513,0.02911266643880252,-0.000718551725962217,-0.006872111194837178,0.003363048302192759,-0.0026474716537844938,-0.006350206487293524,-0.011025553935670063,0.00011848724481810877,0.0059036456829979775,-0.005620701364510774,0.03724971240416375,0.013937543080435294,-0.014570478988829395,0.0021462205946833415,-0.00904127624550646,0.005804330544324545,-0.007426857473479171,0.006161729740249727,-0.0003253690335524829,0.006747496121512212,0.01039921862985618,0.0005607230071722363,0.003022909077856318,0.0010733767752708658,-0.002731920170934642,-0.005964647816468308,-0.014266904765426299,-0.00027404928130812366,0.0030810218943416907,0.011909222130030648,0.013937543080435294,0.023133836492923457
0.017819239983454055,-0.007378623588308861,0.015400044014964155,0.002677203080883645,0.004287763168457231,-0.008615977768575152,0.004347111060192704,-0.0066360988172343895,-0.0009168111470341403,-0.002590805395061251,-0.007803914935213823,-0.003928940106307382,0.0002742040587249739,0.0006238466051906181,-0.008932284365222788,0.002389056789645662,2.0521496797621178e-5,0.0037378735518445857,0.0030880912473214735,-0.0002838595072735304,-0.007378623588308861,0.02168687979012705,-0.012572643920813108,-0.0014779556357662532,-0.0004904855047400374,0.004221427983474404,-0.0008678587111195994,0.0024352528772053354,-8.608809708182522e-5,-0.0007085978213243972,0.0033070117974364514,-0.004727466183532232,0.005801331283289286,0.00650963734138328,0.002515745337588167,0.0021147157984674403,-0.00472330722157404,0.0005009737835429373,-0.002395752649445664,0.003494744979846082,0.015400044014964155,-0.012572643920813108,0.03756556804870405,0.0056113345168937265,0.005819507409417732,-0.020249600864309405,0.0009340361589124048,-0.01217403858559768,-0.00013852508239883918,-0.00572281641520179,-0.007711570423558576,0.00450064024944258,-0.005081247066418617,0.006214879126655576,-0.01374328861184251,-0.002138356278941933,0.006013786840477202,0.0005996654422357295,0.00866439121221064,-0.008846497579992195,0.002677203080883645,-0.0014779556357662532,0.0056113345168937265,0.0380637035820452,0.007006443846826879,-0.008410028655837527,-0.011416439195969205,-0.0030643493555324855,0.0006640016265045457,-0.007722924566039803,0.006736326119478881,-0.006481491147367702,-0.0018739192168044806,0.008712234577993755,-0.003428566778083215,0.0006043566636678272,0.013707308169629446,-0.004619664125758956,0.0028419490426197427,-0.01153247867414957,0.004287763168457231,-0.0004904855047400374,0.005819507409417732,0.007006443846826879,0.024786881127210236,-0.013084774759073468,-0.00712667900164946,-0.0023860814497714405,-0.003141668240077879,-0.0013594724197419695,0.003584163750592845,0.005498014924319333,-0.005024995074779548,0.014668008434802694,-0.0014680298775806766,0.0093903936652207,0.004945117684102132,-0.011967727120758085,-0.005075397499995908,-0.008317145509323911,-0.008615977768575152,0.004221427983474404,-0.020249600864309405,-0.008410028655837527,-0.013084774759073468,0.050241047674256425,0.001450498890450591,0.009808909930823862,-0.004628490918985373,-0.0018363308249503,0.0018850058840888,-0.00572352476675753,0.007972763321401184,-0.025421222953702256,0.011743752802648114,0.0006828447662112084,-0.008687523207302053,0.0012561414674570719,-0.005505535503290793,0.01477621023810723,0.004347111060192704,-0.0008678587111195994,0.0009340361589124048,-0.011416439195969205,-0.00712667900164946,0.001450498890450591,0.0387519787772339,0.0008409237766926542,-0.0005208810176943253,-0.0015469085839242736,-0.00811557426088538,0.007560111729628535,-0.004143770271316684,-0.006285728294488157,0.0007603716605194997,-0.010564503518787427,-0.011789619656837617,-0.006815105541882945,0.009191204261201739,0.008278055358774142,-0.0066360988172343895,0.0024352528772053354,-0.01217403858559768,-0.0030643493555324855,-0.0023860814497714405,0.009808909930823862,0.0008409237766926542,0.03194737784957317,-0.0019959722243441573,-0.013410303455146322,0.007781925159587962,-0.009661073117549409,-0.0032228527717388863,-0.0002479001200235044,0.00593932643013766,0.0029874737230488205,0.003049367515648194,-0.007373440050690872,-0.004115403575557654,0.007237749012265031,-0.0009168111470341403,-8.608809708182522e-5,-0.00013852508239883918,0.0006640016265045457,-0.003141668240077879,-0.004628490918985373,-0.0005208810176943253,-0.0019959722243441573,0.02527574033305656,0.003183478855106928,-0.0011810886121410378,0.00369888639594895,0.001038967985759026,-0.001420558555679587,0.0012254461175494886,-0.006392550595207552,-0.0008045056928359996,0.002973821375178345,0.006558558990012951,-0.006934380816918181,-0.002590805395061251,-0.0007085978213243972,-0.00572281641520179,-0.007722924566039803,-0.0013594724197419695,-0.0018363308249503,-0.0015469085839242736,-0.013410303455146322,0.003183478855106928,0.059696154524663834,-0.01707396989838079,0.004010012423515069,0.018132871414749202,0.003357757465521193,0.001550700605424957,0.0010999638647866726,-0.02169808231237671,-0.0030371488350768427,-0.01206006900478519,0.010258186107602672,-0.007803914935213823,0.0033070117974364514,-0.007711570423558576,0.006736326119478881,0.003584163750592845,0.0018850058840888,-0.00811557426088538,0.007781925159587962,-0.0011810886121410378,-0.01707396989838079,0.028466994369862116,-0.0025709344190171526,-0.00762021853909542,0.0035133604493852253,0.007091218347165581,0.006515212389804754,0.011456731829776686,-0.0038906329546340265,-0.001570492078494171,-0.013067960120472802,-0.003928940106307382,-0.004727466183532232,0.00450064024944258,-0.006481491147367702,0.005498014924319333,-0.00572352476675753,0.007560111729628535,-0.009661073117549409,0.00369888639594895,0.004010012423515069,-0.0025709344190171526,0.0329785302128356,-0.009206701539477448,0.0035163498355763835,0.001030195906666005,0.003485341549714512,-0.007460565836504174,-0.0071557778941290125,0.009092734820080002,-0.01311564777973901,0.0002742040587249739,0.005801331283289286,-0.005081247066418617,-0.0018739192168044806,-0.005024995074779548,0.007972763321401184,-0.004143770271316684,-0.0032228527717388863,0.001038967985759026,0.018132871414749202,-0.00762021853909542,-0.009206701539477448,0.030210870164049677,-0.002282505951319948,-0.0014480984780345853,0.0002450114318695478,-0.011316655400134122,0.0036623664727821396,-0.014990726906720283,0.011950143807877326,0.0006238466051906181,0.00650963734138328,0.006214879126655576,0.008712234577993755,0.014668008434802694,-0.025421222953702256,-0.006285728294488157,-0.0002479001200235044,-0.001420558555679587,0.003357757465521193,0.0035133604493852253,0.0035163498355763835,-0.002282505951319948,0.036949275673448925,-0.001637704120492918,0.007228581389863965,0.003685632510549928,-0.009539316749864564,-0.0034506241443266325,-0.0066555817514687855,-0.008932284365222788,0.002515745337588167,-0.01374328861184251,-0.003428566778083215,-0.0014680298775806766,0.011743752802648114,0.0007603716605194997,0.00593932643013766,0.0012254461175494886,0.001550700605424957,0.007091218347165581,0.001030195906666005,-0.0014480984780345853,-0.001637704120492918,0.03285012483589526,-0.0009206058511966448,-0.0038000274007577908,-0.008503511159088702,-0.01477225588755136,-0.0015405723372847982,0.002389056789645662,0.0021147157984674403,-0.002138356278941933,0.0006043566636678272,0.0093903936652207,0.0006828447662112084,-0.010564503518787427,0.0029874737230488205,-0.006392550595207552,0.0010999638647866726,0.006515212389804754,0.003485341549714512,0.0002450114318695478,0.007228581389863965,-0.0009206058511966448,0.02642116611448724,0.0011612081085255936,-0.00455887000154467,-0.009806716098205898,-0.0014897360927752182,2.0521496797621178e-5,-0.00472330722157404,0.006013786840477202,0.013707308169629446,0.004945117684102132,-0.008687523207302053,-0.011789619656837617,0.003049367515648194,-0.0008045056928359996,-0.02169808231237671,0.011456731829776686,-0.007460565836504174,-0.011316655400134122,0.003685632510549928,-0.0038000274007577908,0.0011612081085255936,0.040209088398127625,0.0033461072370008665,0.009442441091404602,-0.02035862810740621,0.0037378735518445857,0.0005009737835429373,0.0005996654422357295,-0.004619664125758956,-0.011967727120758085,0.0012561414674570719,-0.006815105541882945,-0.007373440050690872,0.002973821375178345,-0.0030371488350768427,-0.0038906329546340265,-0.0071557778941290125,0.0036623664727821396,-0.009539316749864564,-0.008503511159088702,-0.00455887000154467,0.0033461072370008665,0.037226027375158864,0.0037788165171982807,0.005685246421345991,0.0030880912473214735,-0.002395752649445664,0.00866439121221064,0.0028419490426197427,-0.005075397499995908,-0.005505535503290793,0.009191204261201739,-0.004115403575557654,0.006558558990012951,-0.01206006900478519,-0.001570492078494171,0.009092734820080002,-0.014990726906720283,-0.0034506241443266325,-0.01477225588755136,-0.009806716098205898,0.009442441091404602,0.0037788165171982807,0.040680068761415535,-0.005293222198632309,-0.0002838595072735304,0.003494744979846082,-0.008846497579992195,-0.01153247867414957,-0.008317145509323911,0.01477621023810723,0.008278055358774142,0.007237749012265031,-0.006934380816918181,0.010258186107602672,-0.013067960120472802,-0.01311564777973901,0.011950143807877326,-0.0066555817514687855,-0.0015405723372847982,-0.0014897360927752182,-0.02035862810740621,0.005685246421345991,-0.005293222198632309,0.03956914386150258
