0.04531546902282188,0.012284985374420243,-0.0009052913560709025,-0.005133254273332074,0.021490174425210284,-0.007465266573831005,0.009102237884053965,-0.007958116707271524,-0.004239781248697151,0.018903923195223483,0.0038511105446102497,-0.014538987672090458,0.018125621521374494,-0.0061929440552082535,0.011958864721456953,-0.024922597342373964,0.0028722569819162056,-0.010192708972982092,0.01416556757019196,0.01149618632943342,0.012284985374420243,0.015590139571188683,0.0035983646336832887,0.0029170688661066127,0.012271214252983751,-0.00489423852422273,0.00421475692125961,-0.003026737928952732,0.004684170895567821,0.006977842335235504,0.003255208969792971,-0.008058775486700788,0.007571200848200989,-0.0033420456058678378,0.005146231751448262,-0.005276113926388493,-0.0003276587785672522,0.0004962730353996801,0.003531034432551175,0.007857082274764813,-0.0009052913560709025,0.0035983646336832887,0.025659082978291184,0.0010067269717900834,0.0013886464968147507,-0.004660682075175061,0.003934970141229876,0.0035392517495862006,0.0001853807076757937,0.0005662198510398454,0.0021210477391628325,-0.001590297481989022,-0.00407156990584031,-0.00227944682816901,0.0037674262851408197,-0.004053993297731033,-0.0053185998694785085,-0.000419706244948989,0.007194636949175739,8.033647969812616e-5,-0.005133254273332074,0.0029170688661066127,0.0010067269717900834,0.018310038742628355,0.004206456682814405,0.0037842699632955096,0.0032920971453608548,0.0011271674442107187,0.00629827182990237,0.0005089883144265036,0.0033266069197015295,-0.0030817147633123722,-0.005249862266190472,-0.0026651646463867525,-0.0011067988570048243,0.004726136519295404,-0.00209290367210565,0.0018495660777078451,-0.00703895800748088,-0.0031499276879537767,0.021490174425210284,0.012271214252983751,0.0013886464968147507,0.004206456682814405,0.03773703569369934,-0.00500097891732848,0.005471101133741926,0.0017501924294862452,0.0026726834704358304,0.01407642926965164,0.0011752681933615652,-0.019440017735941437,0.011727641078666487,-0.008330445994628576,0.005754017472175949,-0.016360711629069002,0.0009265993166321883,-0.0049716632573162285,0.009821437620181282,0.00898226719274455,-0.007465266573831005,-0.00489423852422273,-0.004660682075175061,0.0037842699632955096,-0.00500097891732848,0.02320436339004558,-0.0006664731798909138,0.006510794209875012,0.006132883817458261,-0.00736125677646409,0.0021566819027701812,0.010491056080845216,-0.005760417133940809,0.010468909831883227,-0.0053931310017323875,0.011988299130448701,0.0012215167061440809,0.009120627289664174,-0.006780117843838279,-0.0021546323936181924,0.009102237884053965,0.00421475692125961,0.003934970141229876,0.0032920971453608548,0.005471101133741926,-0.0006664731798909138,0.022041390229033474,0.004444353512422037,0.003270020782638075,0.005411502150848265,0.0016848473549049784,-0.006803278327748153,0.003520135345260177,-0.0034319835677348483,0.004023050493130227,-0.0035293487233368573,0.0018771841710853413,-0.0040987321068715,0.0033209855646803652,0.007862513992830514,-0.007958116707271524,-0.003026737928952732,0.0035392517495862006,0.0011271674442107187,0.0017501924294862452,0.006510794209875012,0.004444353512422037,0.02741321339583972,0.003538020885295339,-0.0017741887517369746,0.0008936454485949001,0.0026909594066969545,-0.007690811102124763,0.007125520511753668,-0.0035964456101596916,0.003754078132811794,-0.001502694266854716,0.003487768619659027,0.005088656193335575,0.0008635639801415904,-0.004239781248697151,0.004684170895567821,0.0001853807076757937,0.00629827182990237,0.0026726834704358304,0.006132883817458261,0.003270020782638075,0.003538020885295339,0.02276645536124968,-0.0020895080508582784,0.001699018379293585,-0.00605482253542076,-0.010210747065069803,0.004756209174653553,-0.0029181782567682963,0.004504640145955554,-0.004273173144193258,0.006733492315615475,-0.007504669488748312,-0.001137989372360457,0.018903923195223483,0.006977842335235504,0.0005662198510398454,0.0005089883144265036,0.01407642926965164,-0.00736125677646409,0.005411502150848265,-0.0017741887517369746,-0.0020895080508582784,0.022349215163364862,0.0037062718662622036,-0.007891045694931844,0.011984006874565762,-0.007228435888790848,0.00801818036267693,-0.016141790986132665,0.002009274976818613,-0.0030617099412550046,0.007517680082429378,0.0074952324453795224,0.0038511105446102497,0.003255208969792971,0.0021210477391628325,0.0033266069197015295,0.0011752681933615652,0.0021566819027701812,0.0016848473549049784,0.0008936454485949001,0.001699018379293585,0.0037062718662622036,0.02422660756014694,0.0037318325878010726,-0.0014259822132685097,0.0003610198153393397,-0.00273132654098177,0.005100791243423684,-0.0019738923833209445,-0.0021441452637089046,-3.1758715847043334e-5,0.00133744193563457,-0.014538987672090458,-0.008058775486700788,-0.001590297481989022,-0.0030817147633123722,-0.019440017735941437,0.010491056080845216,-0.006803278327748153,0.0026909594066969545,-0.00605482253542076,-0.007891045694931844,0.0037318325878010726,0.028850311883153665,-0.006759384906609168,0.010602487047604983,-0.0031283010248478378,0.01520205355616052,0.001959572834123805,0.006709885178376133,-0.007462645600495038,-0.011928078497722771,0.018125621521374494,0.007571200848200989,-0.00407156990584031,-0.005249862266190472,0.011727641078666487,-0.005760417133940809,0.003520135345260177,-0.007690811102124763,-0.010210747065069803,0.011984006874565762,-0.0014259822132685097,-0.006759384906609168,0.026939726573828947,-0.01023956569014121,0.008105259540739013,-0.010576571767529264,0.00622188131504956,-0.00511292356106176,0.008565426723787815,0.007100364109228818,-0.0061929440552082535,-0.0033420456058678378,-0.00227944682816901,-0.0026651646463867525,-0.008330445994628576,0.010468909831883227,-0.0034319835677348483,0.007125520511753668,0.004756209174653553,-0.007228435888790848,0.0003610198153393397,0.010602487047604983,-0.01023956569014121,0.025960133945879364,-0.004965595912476685,0.008132622222016144,0.000707771826883764,0.006920668731533687,-0.0071717147865123666,-0.00730633670991861,0.011958864721456953,0.005146231751448262,0.0037674262851408197,-0.0011067988570048243,0.005754017472175949,-0.0053931310017323875,0.004023050493130227,-0.0035964456101596916,-0.0029181782567682963,0.00801818036267693,-0.00273132654098177,-0.0031283010248478378,0.008105259540739013,-0.004965595912476685,0.016707367053840953,-0.009330535000178386,0.00422745225333527,-0.0035540612142618442,0.00415878754859921,0.005077185445534919,-0.024922597342373964,-0.005276113926388493,-0.004053993297731033,0.004726136519295404,-0.016360711629069002,0.011988299130448701,-0.0035293487233368573,0.003754078132811794,0.004504640145955554,-0.016141790986132665,0.005100791243423684,0.01520205355616052,-0.010576571767529264,0.008132622222016144,-0.009330535000178386,0.03901305704888501,-0.0017137614380128914,0.010748554853161564,-0.01299387432725233,-0.011833719274837472,0.0028722569819162056,-0.0003276587785672522,-0.0053185998694785085,-0.00209290367210565,0.0009265993166321883,0.0012215167061440809,0.0018771841710853413,-0.001502694266854716,-0.004273173144193258,0.002009274976818613,-0.0019738923833209445,0.001959572834123805,0.00622188131504956,0.000707771826883764,0.00422745225333527,-0.0017137614380128914,0.01671059612410206,-0.001125081419632413,0.0006276579705701546,-0.00026357035285917187,-0.010192708972982092,0.0004962730353996801,-0.000419706244948989,0.0018495660777078451,-0.0049716632573162285,0.009120627289664174,-0.0040987321068715,0.003487768619659027,0.006733492315615475,-0.0030617099412550046,-0.0021441452637089046,0.006709885178376133,-0.00511292356106176,0.006920668731533687,-0.0035540612142618442,0.010748554853161564,-0.001125081419632413,0.023300551960033115,-0.005429414890304388,-0.0016460605832233533,0.01416556757019196,0.003531034432551175,0.007194636949175739,-0.00703895800748088,0.009821437620181282,-0.006780117843838279,0.0033209855646803652,0.005088656193335575,-0.007504669488748312,0.007517680082429378,-3.1758715847043334e-5,-0.007462645600495038,0.008565426723787815,-0.0071717147865123666,0.00415878754859921,-0.01299387432725233,0.0006276579705701546,-0.005429414890304388,0.031966088197891276,0.008033083203491564,0.01149618632943342,0.007857082274764813,8.033647969812616e-5,-0.0031499276879537767,0.00898226719274455,-0.0021546323936181924,0.007862513992830514,0.0008635639801415904,-0.001137989372360457,0.0074952324453795224,0.00133744193563457,-0.011928078497722771,0.007100364109228818,-0.00730633670991861,0.005077185445534919,-0.011833719274837472,-0.00026357035285917187,-0.0016460605832233533,0.008033083203491564,0.019721946036617144
0.016114030461512985,0.004429286795762305,0.007163587627603078,0.0025474425984032293,0.001868377243348872,0.0055846021936241785,-0.002413437745007023,0.005998252008682049,-0.002664246527129793,-0.0029309247887073873,0.00042719156985459694,0.0024392100587516587,-0.004796648017533272,0.0006014217140760497,0.0023260452534262094,-0.005166738318272621,-0.00320175066256143,-0.002953299655171027,-0.003394390323319886,-0.0011728491770302625,0.004429286795762305,0.015523789147177593,0.0026107767811134504,-0.0031668439018877714,0.0028155582421242,-0.0018934916128697894,0.00010105678898011882,0.004344163124970331,-0.001664656769291453,0.004772969083374344,0.0003864930581486087,-0.00565038566883393,-0.006482229253711671,-0.002322060452058179,-0.005306126759916202,-0.006353313984249477,-0.0015999897269791065,-0.002768979591183203,0.0057650514895855685,0.0011861812966304855,0.007163587627603078,0.0026107767811134504,0.023778308137679338,0.001840166745573771,0.001795580906285822,0.0038189000688080817,0.001225169448960429,-0.0027014813203406823,-0.001993184612510933,0.0019453639115690987,0.0013819502560477599,-0.0037412527183898294,-0.0031748116180753162,-0.006100647135659238,-0.0072884184531531605,-0.00816243720428154,-0.004891246437708281,-0.007893000301602672,0.005253910515702325,-0.007841610941312223,0.0025474425984032293,-0.0031668439018877714,0.001840166745573771,0.013410435055909876,-0.00129598775809069,0.00040758414440073335,0.0006588940959019453,0.0026735268617722077,5.870306400684157e-5,-0.004428550838213377,-0.002276124034083181,0.001195132500376347,0.005593569207431279,-0.001598455351531676,-0.007174442192083181,0.004674940344298488,-0.0006868673564741864,-0.0012873337173476978,-0.0008640341908623921,-0.006228286613588852,0.001868377243348872,0.0028155582421242,0.001795580906285822,-0.00129598775809069,0.016974234554316573,0.0001443632948592427,0.0049625414718249845,-0.0001123615784383751,0.00010460279497342425,0.0025316957654056066,-7.454296927015581e-5,0.0003069627102326839,-0.005364282471105597,-0.0070867779269234345,-0.004950977310307029,-0.004104151611240893,-0.0002867658157525244,0.0007899854762664462,-0.0018500904294409858,-0.005479554585223073,0.0055846021936241785,-0.0018934916128697894,0.0038189000688080817,0.00040758414440073335,0.0001443632948592427,0.015698617615695836,0.001690163885246378,-0.006177564379278898,-0.00025929503799908043,-0.0007922457418631147,-0.002036565098121707,-0.0007740549034217287,0.0013876805091449643,-0.004882348391319844,-0.001125060390292197,-0.005206159047340033,0.001523105317547662,0.002229001704595426,-0.000291507038914279,-0.002801133840462911,-0.002413437745007023,0.00010105678898011882,0.001225169448960429,0.0006588940959019453,0.0049625414718249845,0.001690163885246378,0.019348825547861322,-0.005400191534292931,-0.0006982184047221367,0.0032199334742010104,-0.0005741675783552101,0.0020838613966841528,-0.0012737869306589443,-0.002745438910191149,-0.005238893467326219,-0.00563455369889225,-0.000374259987258482,-0.00036774422088078185,-0.000215587195315287,-0.006393533883777981,0.005998252008682049,0.004344163124970331,-0.0027014813203406823,0.0026735268617722077,-0.0001123615784383751,-0.006177564379278898,-0.005400191534292931,0.03624738907174144,0.0002863380172218146,-0.011007306786424932,0.0022688927464343915,0.00346021668524571,-0.006907889407020659,0.002563523392656685,-0.0018964029455007525,0.006907417252209994,-0.0004642492151213528,-0.009362195237786157,-0.0033479326372711582,0.005718438592732663,-0.002664246527129793,-0.001664656769291453,-0.001993184612510933,5.870306400684157e-5,0.00010460279497342425,-0.00025929503799908043,-0.0006982184047221367,0.0002863380172218146,0.019025789989437516,0.0012854760818001082,0.0009530665797202249,0.0019551539722223706,0.0023229284021949693,-0.00020550457107138746,-0.0013425637794397204,0.0073466422453228285,-0.004438598045753794,-0.0019490735079508601,-0.005441981399342373,0.002717199404084869,-0.0029309247887073873,0.004772969083374344,0.0019453639115690987,-0.004428550838213377,0.0025316957654056066,-0.0007922457418631147,0.0032199334742010104,-0.011007306786424932,0.0012854760818001082,0.023251030349149913,0.0013113455170466685,-0.008985109283943853,-0.003890284599240807,-0.0009950763978851397,-0.0025903287705776957,-0.0067499570442945064,0.0031498004608352236,0.005244470744606932,0.009617501791421604,-0.0005955952847910004,0.00042719156985459694,0.0003864930581486087,0.0013819502560477599,-0.002276124034083181,-7.454296927015581e-5,-0.002036565098121707,-0.0005741675783552101,0.0022688927464343915,0.0009530665797202249,0.0013113455170466685,0.016879557101491034,0.005456390741666874,-0.0007345199687770664,0.004806370839703087,-0.004226743281015435,-0.002891149500441172,-0.004513894132597762,-0.004697778335375139,-0.0036936552244356425,0.0035684054513793985,0.0024392100587516587,-0.00565038566883393,-0.0037412527183898294,0.001195132500376347,0.0003069627102326839,-0.0007740549034217287,0.0020838613966841528,0.00346021668524571,0.0019551539722223706,-0.008985109283943853,0.005456390741666874,0.020163535438817402,0.00406215751610487,0.0004562728214698164,0.0026396592762520767,0.0020915168481533074,-0.004627648832141368,-0.0022403163038736346,-0.009047206012664104,0.001837736755017852,-0.004796648017533272,-0.006482229253711671,-0.0031748116180753162,0.005593569207431279,-0.005364282471105597,0.0013876805091449643,-0.0012737869306589443,-0.006907889407020659,0.0023229284021949693,-0.003890284599240807,-0.0007345199687770664,0.00406215751610487,0.029238138431854483,0.0016574426343717802,-0.00030979786199630355,0.005783575112339814,0.0038060751632766105,-0.0007269076531079587,-0.005685856559392934,-0.00042744436685067253,0.0006014217140760497,-0.002322060452058179,-0.006100647135659238,-0.001598455351531676,-0.0070867779269234345,-0.004882348391319844,-0.002745438910191149,0.002563523392656685,-0.00020550457107138746,-0.0009950763978851397,0.004806370839703087,0.0004562728214698164,0.0016574426343717802,0.02897655955389463,0.007848513836784796,0.006128271982206456,-0.001495338856284501,0.007969026010534829,-0.005939823242415214,0.006154413507560377,0.0023260452534262094,-0.005306126759916202,-0.0072884184531531605,-0.007174442192083181,-0.004950977310307029,-0.001125060390292197,-0.005238893467326219,-0.0018964029455007525,-0.0013425637794397204,-0.0025903287705776957,-0.004226743281015435,0.0026396592762520767,-0.00030979786199630355,0.007848513836784796,0.02940815799862008,0.005414072552935615,0.004855456896668485,0.009569649254594345,-0.0007493849144605057,0.0017785237213748754,-0.005166738318272621,-0.006353313984249477,-0.00816243720428154,0.004674940344298488,-0.004104151611240893,-0.005206159047340033,-0.00563455369889225,0.006907417252209994,0.0073466422453228285,-0.0067499570442945064,-0.002891149500441172,0.0020915168481533074,0.005783575112339814,0.006128271982206456,0.005414072552935615,0.028498644171026377,0.0012517928436463458,0.0027541647745561127,-0.008493565649577959,0.002933569583329251,-0.00320175066256143,-0.0015999897269791065,-0.004891246437708281,-0.0006868673564741864,-0.0002867658157525244,0.001523105317547662,-0.000374259987258482,-0.0004642492151213528,-0.004438598045753794,0.0031498004608352236,-0.004513894132597762,-0.004627648832141368,0.0038060751632766105,-0.001495338856284501,0.004855456896668485,0.0012517928436463458,0.022204404114515887,0.0048702301856937465,0.002957742223066286,-0.0009332406981683054,-0.002953299655171027,-0.002768979591183203,-0.007893000301602672,-0.0012873337173476978,0.0007899854762664462,0.002229001704595426,-0.00036774422088078185,-0.009362195237786157,-0.0019490735079508601,0.005244470744606932,-0.004697778335375139,-0.0022403163038736346,-0.0007269076531079587,0.007969026010534829,0.009569649254594345,0.0027541647745561127,0.0048702301856937465,0.02553821549659764,0.0019300656920367225,0.0029093743586963003,-0.003394390323319886,0.0057650514895855685,0.005253910515702325,-0.0008640341908623921,-0.0018500904294409858,-0.000291507038914279,-0.000215587195315287,-0.0033479326372711582,-0.005441981399342373,0.009617501791421604,-0.0036936552244356425,-0.009047206012664104,-0.005685856559392934,-0.005939823242415214,-0.0007493849144605057,-0.008493565649577959,0.002957742223066286,0.0019300656920367225,0.025210008888884087,-0.0019518460751305625,-0.0011728491770302625,0.0011861812966304855,-0.007841610941312223,-0.006228286613588852,-0.005479554585223073,-0.002801133840462911,-0.006393533883777981,0.005718438592732663,0.002717199404084869,-0.0005955952847910004,0.0035684054513793985,0.001837736755017852,-0.00042744436685067253,0.006154413507560377,0.0017785237213748754,0.002933569583329251,-0.0009332406981683054,0.0029093743586963003,-0.0019518460751305625,0.02173717516190158
