0.020571495943968742,0.00651143475458924,0.0039912478892507545,0.0055426937925154695,0.009303505379850408,0.008835284936554187,-0.005837793588576431,0.004804734757462672,-0.0012632511794289816,-0.005108403504495935,-0.004732555838288008,-0.0003710935425387319,-0.002181793167161882,-0.0009630197682395093,0.006687767943491423,-0.0043195420045890704,-0.002363661945685974,0.00021705573470525257,-0.008008588515325148,-0.005565391623985759,0.00651143475458924,0.02055199983389003,0.00645027672448205,-0.005363890437403955,0.00024828424035560915,0.004492570377026786,-0.0009885912130739903,0.006570280814652142,-0.0002825052123126557,0.0002074683202532865,-0.003891674356755256,-0.0063772526356283,-0.005427937417392574,-0.0039778190851733,-0.00314898230816329,-0.008126226425413958,0.00039492492087096087,-0.003843598470018526,0.0076005397195404965,-0.00045325196560763855,0.0039912478892507545,0.00645027672448205,0.03223824475977045,0.000963834517725088,-0.00198024737897398,0.0025217432888936324,0.012356545977119972,-0.001859072324884693,0.006353056192935802,0.00039348649600705397,-0.0023062451179218122,-0.011781732637964053,0.0011141489735943706,-0.007610267663636211,-0.014933830566749757,-0.00896672838211179,-0.009970957992570837,-0.021643599342841102,0.009810915331029917,-0.008595178698600481,0.0055426937925154695,-0.005363890437403955,0.000963834517725088,0.02640522105028028,0.0017566847768779683,-0.004277240144593464,-0.00545187906973069,-0.0017267024923318243,-0.0022741634919885133,-0.00991951998930055,-0.0031139421336954464,-0.002818328272384654,0.014672017508001747,-0.004038451569886244,-0.0028968733666422776,0.007943063447597168,0.0009693857696039485,0.005527032668415321,-0.0007089054359482823,-0.010108304341481546,0.009303505379850408,0.00024828424035560915,-0.00198024737897398,0.0017566847768779683,0.03285290380691795,0.0021492751278035585,0.004300155458174817,0.0019063863740625049,-0.0019787450548821696,-0.0016698098989130535,-0.008740799700238343,-0.008019124471393059,-0.0091440388542219,-0.00508146093770356,0.004006967580764378,-0.0015398634180865535,0.007490454364911779,0.002367257756347589,-0.007096855334207871,-0.00696819650510431,0.008835284936554187,0.004492570377026786,0.0025217432888936324,-0.004277240144593464,0.0021492751278035585,0.01779739775995497,-0.0003265592641472846,2.713201232727204e-5,-0.0006584395022341378,0.0032228502513200383,-0.002003022832940388,-0.00116279088230685,0.00030189149576344623,0.002330672704473049,0.0008252582784843324,-0.005705985859875095,-0.0009607919519566315,0.004368962545139581,-0.0019835749173155847,-0.003516318714039708,-0.005837793588576431,-0.0009885912130739903,0.012356545977119972,-0.00545187906973069,0.004300155458174817,-0.0003265592641472846,0.05254823463585412,0.007473731335015403,0.008694256991179126,-0.0052809141663125655,-0.004177731139390964,-0.003382440967257366,-0.007972153853633606,-0.00884117020300567,-0.01936009586121126,-0.010518543329591906,0.010116806303855256,-0.031436316618333654,0.0026971643320004247,-0.0016059196582771554,0.004804734757462672,0.006570280814652142,-0.001859072324884693,-0.0017267024923318243,0.0019063863740625049,2.713201232727204e-5,0.007473731335015403,0.042094101895310536,0.003660505790754093,-0.011178361249887012,0.00010105967980894711,0.0027395407738681128,-0.012425957475528077,-0.004819152038070443,-0.004524529008731341,0.003243025829410834,0.007947473965879446,-0.015948384602284357,-0.0003759416099482836,0.00662594315279578,-0.0012632511794289816,-0.0002825052123126557,0.006353056192935802,-0.0022741634919885133,-0.0019787450548821696,-0.0006584395022341378,0.008694256991179126,0.003660505790754093,0.026763241930331798,0.0016313131037640296,0.0017785567977613341,0.000490253464555089,-0.003233439552576941,-0.0046795578114450335,-0.010063763412886215,0.004513926245873754,-0.007317506313457308,-0.020269352660904585,-0.005551674825761775,0.0022890872612237817,-0.005108403504495935,0.0002074683202532865,0.00039348649600705397,-0.00991951998930055,-0.0016698098989130535,0.0032228502513200383,-0.0052809141663125655,-0.011178361249887012,0.0016313131037640296,0.03687982996467538,0.0043946788640502514,-0.007372710294714927,-0.003025918881719927,0.0080384045203588,-0.0008733545856064861,-0.005077247617881577,-0.0037358218591447222,0.011097591440095318,0.00686163397090785,-0.0011060997107189925,-0.004732555838288008,-0.003891674356755256,-0.0023062451179218122,-0.0031139421336954464,-0.008740799700238343,-0.002003022832940388,-0.004177731139390964,0.00010105967980894711,0.0017785567977613341,0.0043946788640502514,0.02203740422231518,0.009562610385058758,0.0019845902650658864,0.007450933777811015,-0.005073486745066159,0.0026771476203660996,-0.008697599827731543,0.00021663248724813485,-0.0036834338315386477,0.0072286566078560354,-0.0003710935425387319,-0.0063772526356283,-0.011781732637964053,-0.002818328272384654,-0.008019124471393059,-0.00116279088230685,-0.003382440967257366,0.0027395407738681128,0.000490253464555089,-0.007372710294714927,0.009562610385058758,0.033951701896486775,0.0002232374990000862,-0.00046664593152503133,0.0019516858536445525,0.0037842687788859327,-0.004147431631420183,7.201265498153804e-5,-0.006866053658703511,0.006362976517519805,-0.002181793167161882,-0.005427937417392574,0.0011141489735943706,0.014672017508001747,-0.0091440388542219,0.00030189149576344623,-0.007972153853633606,-0.012425957475528077,-0.003233439552576941,-0.003025918881719927,0.0019845902650658864,0.0002232374990000862,0.0527778600814447,0.009115944546062009,-0.006047487920713871,0.003274650066898952,0.0008912588314231415,0.0072557912179527055,-0.0033804002265244307,-0.0009124611060208458,-0.0009630197682395093,-0.0039778190851733,-0.007610267663636211,-0.004038451569886244,-0.00508146093770356,0.002330672704473049,-0.00884117020300567,-0.004819152038070443,-0.0046795578114450335,0.0080384045203588,0.007450933777811015,-0.00046664593152503133,0.009115944546062009,0.03104500072051292,0.0033013087947830868,0.0030515421072859054,-0.005761993212939643,0.011786484619974785,-0.0033942455817825828,0.004282107097122375,0.006687767943491423,-0.00314898230816329,-0.014933830566749757,-0.0028968733666422776,0.004006967580764378,0.0008252582784843324,-0.01936009586121126,-0.004524529008731341,-0.010063763412886215,-0.0008733545856064861,-0.005073486745066159,0.0019516858536445525,-0.006047487920713871,0.0033013087947830868,0.04120505149433343,0.002712919192606328,0.00844137827915474,0.02897873860739261,-0.002598600423952222,-0.004244496460313831,-0.0043195420045890704,-0.008126226425413958,-0.00896672838211179,0.007943063447597168,-0.0015398634180865535,-0.005705985859875095,-0.010518543329591906,0.003243025829410834,0.004513926245873754,-0.005077247617881577,0.0026771476203660996,0.0037842687788859327,0.003274650066898952,0.0030515421072859054,0.002712919192606328,0.03443910458812237,-0.0022833315281127657,0.006278438639047555,-0.008865432465543131,0.011487313813846295,-0.002363661945685974,0.00039492492087096087,-0.009970957992570837,0.0009693857696039485,0.007490454364911779,-0.0009607919519566315,0.010116806303855256,0.007947473965879446,-0.007317506313457308,-0.0037358218591447222,-0.008697599827731543,-0.004147431631420183,0.0008912588314231415,-0.005761993212939643,0.00844137827915474,-0.0022833315281127657,0.036742921020321805,0.008101384973903863,0.005005897764851169,0.00039450512857377984,0.00021705573470525257,-0.003843598470018526,-0.021643599342841102,0.005527032668415321,0.002367257756347589,0.004368962545139581,-0.031436316618333654,-0.015948384602284357,-0.020269352660904585,0.011097591440095318,0.00021663248724813485,7.201265498153804e-5,0.0072557912179527055,0.011786484619974785,0.02897873860739261,0.006278438639047555,0.008101384973903863,0.06343289765966792,-0.005451043048951323,-0.004177989021265873,-0.008008588515325148,0.0076005397195404965,0.009810915331029917,-0.0007089054359482823,-0.007096855334207871,-0.0019835749173155847,0.0026971643320004247,-0.0003759416099482836,-0.005551674825761775,0.00686163397090785,-0.0036834338315386477,-0.006866053658703511,-0.0033804002265244307,-0.0033942455817825828,-0.002598600423952222,-0.008865432465543131,0.005005897764851169,-0.005451043048951323,0.041707887017307765,-0.0019302801329210036,-0.005565391623985759,-0.00045325196560763855,-0.008595178698600481,-0.010108304341481546,-0.00696819650510431,-0.003516318714039708,-0.0016059196582771554,0.00662594315279578,0.0022890872612237817,-0.0011060997107189925,0.0072286566078560354,0.006362976517519805,-0.0009124611060208458,0.004282107097122375,-0.004244496460313831,0.011487313813846295,0.00039450512857377984,-0.004177989021265873,-0.0019302801329210036,0.03179335517373868
0.06042002908331254,0.018554508920808982,-3.7081007000215084e-5,-0.007695802822231812,0.025432914155161208,-0.011473692718246036,0.011173242828349568,-0.01728299677817028,0.003672203508112458,0.020556935253408393,0.006885882677767687,-0.020495140894957124,0.016180728339657405,-0.0014997038254517254,0.020729653700925166,-0.014373445008236466,0.008309970882214513,-0.017858116031971464,0.009716103455900921,0.006571460657564828,0.018554508920808982,0.02220653426524708,0.0044239009117509505,0.004331613212882377,0.015762251764588453,-0.0009002313380456354,0.004556556766237377,-0.004141867622566387,0.009537837951382614,0.010091747993607087,0.006407589256629248,-0.00815673457788129,0.011221095563387014,0.0019835195809980496,0.009067504254407437,-0.0009675947581784684,0.005359273285895741,-0.0011116676225889242,0.0019466034450558965,0.007966937042668706,-3.7081007000215084e-5,0.0044239009117509505,0.03635414235794095,0.0035444214412990237,0.003065316017575279,-0.008476028184753251,0.005040505649337064,0.00461095169669461,-0.00258300788253225,0.0030836234746971763,0.003941291365070165,-0.006904818621654221,-0.003621087381641838,0.00576746491751751,0.004974981676233986,-0.008611307409538518,-0.007814828392863528,-0.0005442716151937614,0.008397961698095275,0.0007673103536538276,-0.007695802822231812,0.004331613212882377,0.0035444214412990237,0.033985317775548474,-0.0006514711151852865,0.007938914141635684,0.0032819071195836517,-0.00019796103865836337,-0.0019455024658229184,-0.004126611928633594,0.010104082227586188,0.0006786069828172009,-0.003749635043598736,4.206057463032251e-6,0.007020907025974253,0.005256435487290592,-0.0008360553179100126,0.006123020804872818,-0.0024270573007819235,-3.300981933675867e-5,0.025432914155161208,0.015762251764588453,0.003065316017575279,-0.0006514711151852865,0.04019365102920162,-0.009658038573588212,0.006153347350592399,-0.00791653963406927,0.0035387962413148013,0.015418500326024022,-0.003434309716800584,-0.020863632079683985,0.01388414897411638,-0.002015474286316035,0.014352225552382093,-0.01454574853901151,0.00691612613172034,-0.013778466349712507,0.01287039337681653,0.004579280211025116,-0.011473692718246036,-0.0009002313380456354,-0.008476028184753251,0.007938914141635684,-0.009658038573588212,0.04624370672103998,-0.010581842922765951,0.014089716508645513,0.014942113476423421,-0.011410046652187106,0.004647145742854308,0.021881931654512105,-0.0073444658133714645,0.014260261492833978,-0.014569630874082497,0.024865915892921905,0.009061612724737917,0.019334166148663692,-0.012971387043620438,-0.002592492298192254,0.011173242828349568,0.004556556766237377,0.005040505649337064,0.0032819071195836517,0.006153347350592399,-0.010581842922765951,0.04055571199987905,-0.0015576402482073393,-0.004808063453392549,0.012997561688100998,0.0002042487256739018,-0.00919458144000575,0.009798497937363359,-0.0010563621369711305,0.004794777825849299,-0.005716961460436578,0.00955165947930221,-0.0009704724975780239,0.010245966768587255,0.010622849421472423,-0.01728299677817028,-0.004141867622566387,0.00461095169669461,-0.00019796103865836337,-0.00791653963406927,0.014089716508645513,-0.0015576402482073393,0.03461748675395458,0.00489048684778106,-0.00439410396074604,0.0025020565577702136,0.011782529346542175,-0.007863203136778173,0.007869136627613252,-0.015457295293867463,0.011199469480944881,-0.0007310070315113069,0.016348751687819567,-0.00017377632647171636,-0.0016012988097057047,0.003672203508112458,0.009537837951382614,-0.00258300788253225,-0.0019455024658229184,0.0035387962413148013,0.014942113476423421,-0.004808063453392549,0.00489048684778106,0.030343285296179835,0.0017441437979962338,0.008158145944843912,8.96783690160439e-5,-0.006715229546991567,0.005789368107307418,-0.002042565729143473,0.011141573246829658,0.002313989288604731,0.01155088286783329,-0.009151648076635165,0.0002843748158783217,0.020556935253408393,0.010091747993607087,0.0030836234746971763,-0.004126611928633594,0.015418500326024022,-0.011410046652187106,0.012997561688100998,-0.00439410396074604,0.0017441437979962338,0.032575081764140736,0.0038346471270059154,-0.012422509685108767,0.015174936737613448,-0.004071978609649285,0.011013441708894529,-0.008697825651520124,0.008553010237339701,-0.004556625620716249,0.011908502397087465,0.008483303545368442,0.006885882677767687,0.006407589256629248,0.003941291365070165,0.010104082227586188,-0.003434309716800584,0.004647145742854308,0.0002042487256739018,0.0025020565577702136,0.008158145944843912,0.0038346471270059154,0.042390074569715,0.008122713915363261,-0.0028986790922396516,0.002120981082513396,0.003824960090353731,0.012610374358553864,0.0006542150827887798,0.006540533928547084,-0.0028932948491964443,0.00045006219774504515,-0.020495140894957124,-0.00815673457788129,-0.006904818621654221,0.0006786069828172009,-0.020863632079683985,0.021881931654512105,-0.00919458144000575,0.011782529346542175,8.96783690160439e-5,-0.012422509685108767,0.008122713915363261,0.03369680542634135,-0.010762661187758645,0.008429724095300758,-0.013896983358864976,0.018689421404280867,0.0024937766257615737,0.01389909054053205,-0.0072781547025275485,-0.009746836608645334,0.016180728339657405,0.011221095563387014,-0.003621087381641838,-0.003749635043598736,0.01388414897411638,-0.0073444658133714645,0.009798497937363359,-0.007863203136778173,-0.006715229546991567,0.015174936737613448,-0.0028986790922396516,-0.010762661187758645,0.043042683942883214,-0.008518795664235992,0.010158184470098332,-0.005118253302957541,0.008464886662838497,-0.009318070163302924,0.004118033577815773,0.0015411372513046947,-0.0014997038254517254,0.0019835195809980496,0.00576746491751751,4.206057463032251e-6,-0.002015474286316035,0.014260261492833978,-0.0010563621369711305,0.007869136627613252,0.005789368107307418,-0.004071978609649285,0.002120981082513396,0.008429724095300758,-0.008518795664235992,0.028326840710409935,-0.006368261888836051,0.00783751295854177,0.004751300472632877,0.009376636148108087,-0.004436191354885035,-0.005417734801428248,0.020729653700925166,0.009067504254407437,0.004974981676233986,0.007020907025974253,0.014352225552382093,-0.014569630874082497,0.004794777825849299,-0.015457295293867463,-0.002042565729143473,0.011013441708894529,0.003824960090353731,-0.013896983358864976,0.010158184470098332,-0.006368261888836051,0.032300399424348536,-0.01355870336040324,0.002872802205458753,-0.01142205115890279,0.010753838294638652,0.0057739211080416394,-0.014373445008236466,-0.0009675947581784684,-0.008611307409538518,0.005256435487290592,-0.01454574853901151,0.024865915892921905,-0.005716961460436578,0.011199469480944881,0.011141573246829658,-0.008697825651520124,0.012610374358553864,0.018689421404280867,-0.005118253302957541,0.00783751295854177,-0.01355870336040324,0.04209102942097986,0.0027996701032632445,0.015693492183951874,-0.015136951058989968,-0.008094622499177598,0.008309970882214513,0.005359273285895741,-0.007814828392863528,-0.0008360553179100126,0.00691612613172034,0.009061612724737917,0.00955165947930221,-0.0007310070315113069,0.002313989288604731,0.008553010237339701,0.0006542150827887798,0.0024937766257615737,0.008464886662838497,0.004751300472632877,0.002872802205458753,0.0027996701032632445,0.03341382430898631,0.0012252645090915027,0.0046622320367597555,0.0018904469675093745,-0.017858116031971464,-0.0011116676225889242,-0.0005442716151937614,0.006123020804872818,-0.013778466349712507,0.019334166148663692,-0.0009704724975780239,0.016348751687819567,0.01155088286783329,-0.004556625620716249,0.006540533928547084,0.01389909054053205,-0.009318070163302924,0.009376636148108087,-0.01142205115890279,0.015693492183951874,0.0012252645090915027,0.041594574072472724,-0.006063006211954841,0.0016907327018322823,0.009716103455900921,0.0019466034450558965,0.008397961698095275,-0.0024270573007819235,0.01287039337681653,-0.012971387043620438,0.010245966768587255,-0.00017377632647171636,-0.009151648076635165,0.011908502397087465,-0.0028932948491964443,-0.0072781547025275485,0.004118033577815773,-0.004436191354885035,0.010753838294638652,-0.015136951058989968,0.0046622320367597555,-0.006063006211954841,0.03540612181984958,0.0057032511857650625,0.006571460657564828,0.007966937042668706,0.0007673103536538276,-3.300981933675867e-5,0.004579280211025116,-0.002592492298192254,0.010622849421472423,-0.0016012988097057047,0.0002843748158783217,0.008483303545368442,0.00045006219774504515,-0.009746836608645334,0.0015411372513046947,-0.005417734801428248,0.0057739211080416394,-0.008094622499177598,0.0018904469675093745,0.0016907327018322823,0.0057032511857650625,0.019656886307432557
