0.04468010090459198,-0.025500709639675725,0.011308022184743412,-0.022349469652328084,0.004552709732216539,-0.009911999810775243,-0.015072806413115813,-0.007919029026704594,0.005233196967748301,-0.0012778781140113742,-0.014647291822962392,-0.009674138280326237,0.01942520126161994,0.006849769925181929,-0.021511246926106935,0.00157121632810793,0.019804756083548467,0.005070872307536676,0.009415922215971748,-0.007358816183335505,-0.025500709639675725,0.09743427323603628,0.021746202768177368,0.06375555904461003,-0.03218155033697258,0.010918309730619281,0.023790034773411503,-0.009509718071406383,-0.06156956815925848,0.006019559586681594,0.016952258484553742,0.04379327029703785,-0.03834545197175471,-0.022716589221569647,0.0578712793845977,-0.0010726206740605915,-0.05210554971368979,-0.06954441601728549,-0.019808552900610003,-0.007045831521662237,0.011308022184743412,0.021746202768177368,0.09926415808795215,0.01571652996493674,-0.021605591366889693,0.0017061465076479991,-0.0012261442431999604,-0.024503275844848425,-0.04657815476947331,-0.0613366316293138,-0.00032425273341124875,0.032016184800001624,-0.04378266739725162,0.013414066199679258,0.05086062606416477,-0.01286511261807723,-0.014988439199802,-0.012365280252255542,-0.008172304382711748,-0.012336522439104821,-0.022349469652328084,0.06375555904461003,0.01571652996493674,0.1427031551766992,-0.04239630273438162,0.02140124140463349,0.02643093409798877,0.007501375933137152,-0.06777879476999826,0.010383755942959984,0.06006985746194335,0.048059750452488725,-0.05266077762203579,-0.03362159671557573,0.06851221874623623,-0.007113727647963006,-0.07346278428413257,-0.10893046459019817,-0.02011940774418254,-0.030823743669122904,0.004552709732216539,-0.03218155033697258,-0.021605591366889693,-0.04239630273438162,0.054776803220721614,-0.004322053903456131,-0.022274633740718787,-0.0012141879868086342,0.037421579486367346,0.006044500511835209,-0.02730994205998722,-0.03377956219671417,0.01735417137880449,0.007694774835346017,-0.03210068181422073,0.008567912283365314,0.018273866382364397,0.03635816029313619,0.010670659837562279,0.019822290238917285,-0.009911999810775243,0.010918309730619281,0.0017061465076479991,0.02140124140463349,-0.004322053903456131,0.0271611638296966,0.004073561815689447,0.005792042934504705,-0.02304381724603582,-0.00024082841730719635,0.010855219268482515,0.005838529460346385,-0.013601833435315357,-0.012392288213173201,0.02117854178801258,-0.0019762949269238506,-0.01405673980489221,-0.016246937241890805,-0.0014122818839082812,-0.005383920038609984,-0.015072806413115813,0.023790034773411503,-0.0012261442431999604,0.02643093409798877,-0.022274633740718787,0.004073561815689447,0.07132298453060736,0.010726947373312264,-0.02560848199043087,0.016239348382562392,0.04189261994053238,0.024667838985833253,-0.013017795891109536,-0.02242453379583994,0.012210517572576355,-0.002672654555155662,-0.02115366433701919,-0.0418796810181528,-0.019159770718500564,-0.013649576924227868,-0.007919029026704594,-0.009509718071406383,-0.024503275844848425,0.007501375933137152,-0.0012141879868086342,0.005792042934504705,0.010726947373312264,0.05008078524107706,-0.01256088391911056,0.005933229779010481,0.021302883295681186,-0.0012403256393846806,-0.01884178274199775,0.002287155108713936,0.0037488652020685295,-0.005252382798771101,-0.01251955820606502,0.004254620448015153,-0.0021880106198183,-0.0069614067175880765,0.005233196967748301,-0.06156956815925848,-0.04657815476947331,-0.06777879476999826,0.037421579486367346,-0.02304381724603582,-0.02560848199043087,-0.01256088391911056,0.11793395817163584,0.019370328403219145,-0.039918930562677674,-0.046809715992664154,0.06367523685517963,0.021803129111933325,-0.07566263939323398,0.015707022952048982,0.0442486316690615,0.07378382198700925,0.02207865099413456,0.030627352616756445,-0.0012778781140113742,0.006019559586681594,-0.0613366316293138,0.010383755942959984,0.006044500511835209,-0.00024082841730719635,0.016239348382562392,0.005933229779010481,0.019370328403219145,0.09409692482122037,0.018334717464241028,-0.016506804683466037,0.03211089570695408,-0.029964159677512852,-0.03749396372892845,0.01556455410740997,-0.0048787833623303535,-0.030717362494410084,-0.0008771713570417201,-0.005528103362527795,-0.014647291822962392,0.016952258484553742,-0.00032425273341124875,0.06006985746194335,-0.02730994205998722,0.010855219268482515,0.04189261994053238,0.021302883295681186,-0.039918930562677674,0.018334717464241028,0.06736057316336151,0.02989771813137566,-0.034489522115907646,-0.014077768867162228,0.030912269154215386,-0.005193677361823516,-0.030284491988067395,-0.054075601936098325,-0.02098146211361989,-0.026899086023613926,-0.009674138280326237,0.04379327029703785,0.032016184800001624,0.048059750452488725,-0.03377956219671417,0.005838529460346385,0.024667838985833253,-0.0012403256393846806,-0.046809715992664154,-0.016506804683466037,0.02989771813137566,0.06363818788927174,-0.04013580998677106,-0.010135126531564164,0.03745265860349559,-0.006065258164035843,-0.03653420440486098,-0.039795621892931364,-0.02019923665095895,-0.016192103374653814,0.01942520126161994,-0.03834545197175471,-0.04378266739725162,-0.05266077762203579,0.01735417137880449,-0.013601833435315357,-0.013017795891109536,-0.01884178274199775,0.06367523685517963,0.03211089570695408,-0.034489522115907646,-0.04013580998677106,0.09388298955422994,0.0007900791598619895,-0.057327166079927765,0.013479112885089158,0.04701977544382384,0.03119516477910879,0.02207026583763419,0.013120812879132566,0.006849769925181929,-0.022716589221569647,0.013414066199679258,-0.03362159671557573,0.007694774835346017,-0.012392288213173201,-0.02242453379583994,0.002287155108713936,0.021803129111933325,-0.029964159677512852,-0.014077768867162228,-0.010135126531564164,0.0007900791598619895,0.03616697760114768,-0.010907821133120034,-0.0037100875929417876,0.019716771712015857,0.05145063401126816,0.0017972303542267678,0.0069017481984287605,-0.021511246926106935,0.0578712793845977,0.05086062606416477,0.06851221874623623,-0.03210068181422073,0.02117854178801258,0.012210517572576355,0.0037488652020685295,-0.07566263939323398,-0.03749396372892845,0.030912269154215386,0.03745265860349559,-0.057327166079927765,-0.010907821133120034,0.09268073423238547,-0.015206147184076115,-0.04747283575896685,-0.054050853820782,-0.019293695805084242,-0.023517135457804116,0.00157121632810793,-0.0010726206740605915,-0.01286511261807723,-0.007113727647963006,0.008567912283365314,-0.0019762949269238506,-0.002672654555155662,-0.005252382798771101,0.015707022952048982,0.01556455410740997,-0.005193677361823516,-0.006065258164035843,0.013479112885089158,-0.0037100875929417876,-0.015206147184076115,0.018079312983783725,0.005487558468189966,-0.006211415870355612,-0.00013637120043699078,0.003998226041300075,0.019804756083548467,-0.05210554971368979,-0.014988439199802,-0.07346278428413257,0.018273866382364397,-0.01405673980489221,-0.02115366433701919,-0.01251955820606502,0.0442486316690615,-0.0048787833623303535,-0.030284491988067395,-0.03653420440486098,0.04701977544382384,0.019716771712015857,-0.04747283575896685,0.005487558468189966,0.0768203147768638,0.059748437788118364,0.013966861051989684,0.005687300700307426,0.005070872307536676,-0.06954441601728549,-0.012365280252255542,-0.10893046459019817,0.03635816029313619,-0.016246937241890805,-0.0418796810181528,0.004254620448015153,0.07378382198700925,-0.030717362494410084,-0.054075601936098325,-0.039795621892931364,0.03119516477910879,0.05145063401126816,-0.054050853820782,-0.006211415870355612,0.059748437788118364,0.15755283801312428,0.019509760306500944,0.025576696253460894,0.009415922215971748,-0.019808552900610003,-0.008172304382711748,-0.02011940774418254,0.010670659837562279,-0.0014122818839082812,-0.019159770718500564,-0.0021880106198183,0.02207865099413456,-0.0008771713570417201,-0.02098146211361989,-0.02019923665095895,0.02207026583763419,0.0017972303542267678,-0.019293695805084242,-0.00013637120043699078,0.013966861051989684,0.019509760306500944,0.03056715375903066,0.005696271975262323,-0.007358816183335505,-0.007045831521662237,-0.012336522439104821,-0.030823743669122904,0.019822290238917285,-0.005383920038609984,-0.013649576924227868,-0.0069614067175880765,0.030627352616756445,-0.005528103362527795,-0.026899086023613926,-0.016192103374653814,0.013120812879132566,0.0069017481984287605,-0.023517135457804116,0.003998226041300075,0.005687300700307426,0.025576696253460894,0.005696271975262323,0.056171206003205285
0.052992650426478584,0.021531315936855144,0.003282402881067228,0.01996870023927639,0.005527605006414424,-0.028458070124942607,0.005533514022938057,0.033887640349667236,-0.017930750103227984,0.0026540539298206237,-0.016091124914415188,-0.03295699183908067,-0.01991660386417316,-0.018815524205717988,-0.00036958401347943724,0.01676361338978677,-0.01431552085890584,-0.024904766556086318,0.01866604910652002,0.028717953270618234,0.021531315936855144,0.06462267233173241,-0.01372709763475836,0.011118526139575115,-0.010437775919957124,-0.017443436091936423,-0.0008220389688297245,0.03981698787751416,-0.0012219427748906943,-0.005753807886968795,-0.01653181734867885,-0.03987323292783545,-0.00810541277594201,-0.022278569364609146,-0.0069159942354746085,-0.0035182127806568132,-0.03495559699100513,-0.015646514448825227,0.01965688012684557,0.02724573146907558,0.003282402881067228,-0.01372709763475836,0.05063066729554662,-0.006261120249389575,0.015224378435653947,-0.0028707136268612656,-0.003907602417233948,-0.005325887499736307,0.008181696348641125,-0.0016112882226492918,0.012051618050128356,0.02992321274796675,0.003181461339526386,0.013847807433154016,0.0044915067937181564,-0.002970482496945895,0.0075514107150230665,0.008123903296555206,0.004538207358057557,-0.01015621612383432,0.01996870023927639,0.011118526139575115,-0.006261120249389575,0.041152228200211104,0.004769828203796825,1.9599679013936576e-5,0.010364819021115251,0.00909012398411171,-0.00826880871354493,0.00977238370141531,0.003938227848710637,-0.02336955618517491,-0.0057623817150592,-0.011984019163807917,0.0005456847676621864,0.012248720710410771,-0.003525579672206667,-0.01905174115794371,0.005233553238708593,0.012858445198666711,0.005527605006414424,-0.010437775919957124,0.015224378435653947,0.004769828203796825,0.02921591285032323,-0.0010112949361829162,-0.007161443529062623,-0.00039424826414143944,0.006421881295541055,0.0059363615507562195,0.008150295808100677,0.010126597391424299,0.004558774094487201,-0.004443205913568239,0.0069658120375525445,-0.00856140076660732,0.0098496321832585,-0.006180213258202897,0.005446313896676405,-0.0006946829809056221,-0.028458070124942607,-0.017443436091936423,-0.0028707136268612656,1.9599679013936576e-5,-0.0010112949361829162,0.06380475379402858,-0.009404432937448578,-0.03188162621675253,0.018023119188911675,-0.017725317271718027,0.019551670158750777,0.019602623652413845,0.02279777117930406,0.026360202130067713,0.0016701357414703102,0.016211497791013434,0.02997698663418521,0.015480130887148818,-0.022891907273333838,-0.03609803550996431,0.005533514022938057,-0.0008220389688297245,-0.003907602417233948,0.010364819021115251,-0.007161443529062623,-0.009404432937448578,0.024609778237327858,0.003537578263134609,-0.006749947341157306,0.006961858221368007,-0.00795428249150191,-0.014113468246535166,-0.007123822749161535,-0.0019595524695980005,0.00514363406026792,0.009869120299043365,0.0012033990045315897,-0.004059994689790123,-0.0038119355796950366,-0.004145905639885677,0.033887640349667236,0.03981698787751416,-0.005325887499736307,0.00909012398411171,-0.00039424826414143944,-0.03188162621675253,0.003537578263134609,0.08087744903527264,-0.0071890356655561,-0.004992509373274259,-0.029941113307261832,-0.042911237936452205,-0.01648310009614708,-0.02952435844329758,-0.010398957395799643,-0.005847913168877431,-0.04276782242397402,-0.01462544459504797,0.02858377863767165,0.05833923382626693,-0.017930750103227984,-0.0012219427748906943,0.008181696348641125,-0.00826880871354493,0.006421881295541055,0.018023119188911675,-0.006749947341157306,-0.0071890356655561,0.05532120062667307,0.003700047102020383,0.008867494036577175,0.018630081900016058,0.02297558174571024,-0.0007933263174608209,0.005887181728195792,-0.030532071718241398,0.00797757784784772,0.017711632883385408,-0.005724877821049234,-0.023185858279035663,0.0026540539298206237,-0.005753807886968795,-0.0016112882226492918,0.00977238370141531,0.0059363615507562195,-0.017725317271718027,0.006961858221368007,-0.004992509373274259,0.003700047102020383,0.044555128615209605,0.007040010555414912,-0.003244195718628468,-0.0015679195798730381,-0.01264160378656502,0.014899240405121757,-0.015035844167210984,0.006648150317612319,-0.009630078548015997,0.005368120444383868,-0.0010945038828698251,-0.016091124914415188,-0.01653181734867885,0.012051618050128356,0.003938227848710637,0.008150295808100677,0.019551670158750777,-0.00795428249150191,-0.029941113307261832,0.008867494036577175,0.007040010555414912,0.044766711059320785,0.02173205831028103,0.01889328908529663,0.019281270780899442,0.01933873329045791,-0.006926461489850657,0.02244622379495314,-0.0009162516417776154,-0.006071304213726817,-0.021619736858328187,-0.03295699183908067,-0.03987323292783545,0.02992321274796675,-0.02336955618517491,0.010126597391424299,0.019602623652413845,-0.014113468246535166,-0.042911237936452205,0.018630081900016058,-0.003244195718628468,0.02173205831028103,0.08505163651133874,0.010715384104748295,0.03017349052872005,0.010414768343387684,-0.003904963675122983,0.0314112909018735,0.027346866988640313,-0.005656175887951046,-0.0335620849595618,-0.01991660386417316,-0.00810541277594201,0.003181461339526386,-0.0057623817150592,0.004558774094487201,0.02279777117930406,-0.007123822749161535,-0.01648310009614708,0.02297558174571024,-0.0015679195798730381,0.01889328908529663,0.010715384104748295,0.05200600286756061,0.028825837522297566,0.016568691238612487,-0.01572242213095696,0.009826324083443081,0.014775695023606431,-0.010193075379200164,-0.03248944261577241,-0.018815524205717988,-0.022278569364609146,0.013847807433154016,-0.011984019163807917,-0.004443205913568239,0.026360202130067713,-0.0019595524695980005,-0.02952435844329758,-0.0007933263174608209,-0.01264160378656502,0.019281270780899442,0.03017349052872005,0.028825837522297566,0.06496500680739849,0.005198760620396644,0.015153086883419986,0.018481626146615922,0.022137828641213043,-0.013022786384763526,-0.029517894985066156,-0.00036958401347943724,-0.0069159942354746085,0.0044915067937181564,0.0005456847676621864,0.0069658120375525445,0.0016701357414703102,0.00514363406026792,-0.010398957395799643,0.005887181728195792,0.014899240405121757,0.01933873329045791,0.010414768343387684,0.016568691238612487,0.005198760620396644,0.04173026168004326,-0.011449014130934044,0.010738022539381855,-0.009613171705171838,0.004800174267668377,-0.018510724629328224,0.01676361338978677,-0.0035182127806568132,-0.002970482496945895,0.012248720710410771,-0.00856140076660732,0.016211497791013434,0.009869120299043365,-0.005847913168877431,-0.030532071718241398,-0.015035844167210984,-0.006926461489850657,-0.003904963675122983,-0.01572242213095696,0.015153086883419986,-0.011449014130934044,0.07916431052372215,0.005567257014802073,-0.004277954757525384,-0.0007643372321252525,0.0019717598140845446,-0.01431552085890584,-0.03495559699100513,0.0075514107150230665,-0.003525579672206667,0.0098496321832585,0.02997698663418521,0.0012033990045315897,-0.04276782242397402,0.00797757784784772,0.006648150317612319,0.02244622379495314,0.0314112909018735,0.009826324083443081,0.018481626146615922,0.010738022539381855,0.005567257014802073,0.06811118652189822,0.0012998502756349551,-0.016355112615622093,-0.034309048845933804,-0.024904766556086318,-0.015646514448825227,0.008123903296555206,-0.01905174115794371,-0.006180213258202897,0.015480130887148818,-0.004059994689790123,-0.01462544459504797,0.017711632883385408,-0.009630078548015997,-0.0009162516417776154,0.027346866988640313,0.014775695023606431,0.022137828641213043,-0.009613171705171838,-0.004277954757525384,0.0012998502756349551,0.052162508334803896,-0.021412144158440775,-0.017325900095503447,0.01866604910652002,0.01965688012684557,0.004538207358057557,0.005233553238708593,0.005446313896676405,-0.022891907273333838,-0.0038119355796950366,0.02858377863767165,-0.005724877821049234,0.005368120444383868,-0.006071304213726817,-0.005656175887951046,-0.010193075379200164,-0.013022786384763526,0.004800174267668377,-0.0007643372321252525,-0.016355112615622093,-0.021412144158440775,0.048838405921710334,0.03133190682744115,0.028717953270618234,0.02724573146907558,-0.01015621612383432,0.012858445198666711,-0.0006946829809056221,-0.03609803550996431,-0.004145905639885677,0.05833923382626693,-0.023185858279035663,-0.0010945038828698251,-0.021619736858328187,-0.0335620849595618,-0.03248944261577241,-0.029517894985066156,-0.018510724629328224,0.0019717598140845446,-0.034309048845933804,-0.017325900095503447,0.03133190682744115,0.0834390264967614
