0.017338782936435888,-0.004535070327707027,0.0061377794308785615,0.002353114407255788,0.0028114675748534684,0.0005349313865802639,-0.0045256919153640034,0.0019799122525754253,-0.005728501497016165,-0.0024652858490778707,-2.081339892451722e-6,-0.0013361659943796431,-0.00198707591376904,-0.00019150356417530593,0.0032845274655742334,0.001977009981185264,-0.00019587636855611596,-0.0058973698431452875,0.0020715586751609543,-0.005457918715507912,-0.004535070327707027,0.017334142409864806,-0.0011844112474978315,0.005073270054974648,-0.0023544529407078627,-0.0005295383443954741,0.0032721706953792815,-0.004247516035133941,-0.0023770954984691567,-0.000903377356079778,-0.0028774960847450237,0.001611178534562274,0.005528085962140515,0.0003302239785577211,0.004665512692147853,0.0017596043120313401,-0.0010814806746030697,-0.0007496828393212212,0.0017530355165232352,0.0015699143248336465,0.0061377794308785615,-0.0011844112474978315,0.022213809052979656,-0.0027535781989257114,0.0018263767911728622,0.0011125431687121286,-0.0007352441498709079,-0.0034183462049855178,-4.155111633790199e-5,-0.0010501967621933056,0.0004088947151742395,0.003302233309176464,-0.004839825863770515,0.0032798335490391082,0.0017671958753053294,-0.001243112798498652,-0.0029576900484847846,0.0010638920437347848,-0.0004680093403895911,-0.005681084004010286,0.002353114407255788,0.005073270054974648,-0.0027535781989257114,0.023284050842950012,0.001980354688511236,-0.0022661658042669153,0.004125198946640262,-0.00014231687078685587,-0.0033762585181602023,0.008002288399305588,0.004585520686320295,-0.0012118430544848344,-0.0005172250568309464,-0.005414717241880234,0.0005248319080991498,-0.001795047488604112,-0.006600498780380451,-0.01062116825268124,-0.0011458608322174706,0.004344358409669154,0.0028114675748534684,-0.0023544529407078627,0.0018263767911728622,0.001980354688511236,0.017310421430683866,-0.0003895859748508985,-0.0019035352931592846,-0.002230125793916178,-0.0007715197335180201,6.611221145995304e-5,0.0007681503247690416,-0.00246848144644091,0.00024527060150434385,-0.0009079849025189343,0.0005983364125192032,0.0006305784064932008,-0.0013901595332512303,-0.005782769106872076,0.0016402420775514998,-0.0013373263848715793,0.0005349313865802639,-0.0005295383443954741,0.0011125431687121286,-0.0022661658042669153,-0.0003895859748508985,0.012975608940983173,-0.005694532423532054,-0.00045301075853883927,0.0027327243108986126,0.0007140884473466691,-0.0011524936237099779,0.0017482011047190997,-0.00512736432760716,-0.0005835383909728257,9.953514473938275e-7,0.0016340688109770653,0.0005457444681423215,0.0019403948235723134,-0.0012245482173116177,0.000829342729776177,-0.0045256919153640034,0.0032721706953792815,-0.0007352441498709079,0.004125198946640262,-0.0019035352931592846,-0.005694532423532054,0.011685392813702221,0.0014911988044457973,0.0016919698902777421,0.0015323898389393749,0.002686973259838666,-0.004905395917901803,0.0013781956607659606,-0.0008475415665704694,0.003168631496353635,0.0001875209435803426,-0.0002397195957207492,-0.0024958502345735004,-0.0035658445737065747,-0.0015747076638098806,0.0019799122525754253,-0.004247516035133941,-0.0034183462049855178,-0.00014231687078685587,-0.002230125793916178,-0.00045301075853883927,0.0014911988044457973,0.019166756267242138,0.0017915425134083915,0.0029962992610926935,-0.0007120518864661249,-0.004949590019037498,1.5791874315600294e-5,-0.002012710024133632,-0.0011983140142166231,0.0015624714435121898,-0.0018269587644490605,-0.005552536250579325,0.004325541211963269,0.00499048713227129,-0.005728501497016165,-0.0023770954984691567,-4.155111633790199e-5,-0.0033762585181602023,-0.0007715197335180201,0.0027327243108986126,0.0016919698902777421,0.0017915425134083915,0.025659432776387374,0.00485982217166369,-0.0019522873328640402,0.0003413472842614506,0.004766943949010644,0.0005021704780278644,-0.002415948095275622,-0.0016418662604509428,-0.005575278274120235,0.005453678072948224,0.003274548241285401,0.0011348685172680984,-0.0024652858490778707,-0.000903377356079778,-0.0010501967621933056,0.008002288399305588,6.611221145995304e-5,0.0007140884473466691,0.0015323898389393749,0.0029962992610926935,0.00485982217166369,0.02100542840033487,0.004769956253276213,-0.004539725737430028,-0.0015598554712303123,-0.0076228989239298705,-0.0038691352812199684,0.0010723975315179745,-0.0012804880440571158,-0.004408845868687139,0.002072156871598352,-0.0006978930470721743,-2.081339892451722e-6,-0.0028774960847450237,0.0004088947151742395,0.004585520686320295,0.0007681503247690416,-0.0011524936237099779,0.002686973259838666,-0.0007120518864661249,-0.0019522873328640402,0.004769956253276213,0.02043666273198286,0.002278454093856971,-0.0036652610697115984,0.003248573642326511,0.005367988191814459,0.0010320808019196102,0.0036415356409555304,-0.006299806941789632,-0.003897056954905797,-0.0023858950000823567,-0.0013361659943796431,0.001611178534562274,0.003302233309176464,-0.0012118430544848344,-0.00246848144644091,0.0017482011047190997,-0.004905395917901803,-0.004949590019037498,0.0003413472842614506,-0.004539725737430028,0.002278454093856971,0.021667670264299523,-0.004221818181880455,0.0004144289489383479,-0.0005298517876593982,0.001256278789146999,0.0019279512194277297,0.005318324123775155,-0.0037791138736077813,-0.003249140214769522,-0.00198707591376904,0.005528085962140515,-0.004839825863770515,-0.0005172250568309464,0.00024527060150434385,-0.00512736432760716,0.0013781956607659606,1.5791874315600294e-5,0.004766943949010644,-0.0015598554712303123,-0.0036652610697115984,-0.004221818181880455,0.022198743271352985,0.008251492730347698,0.004006444258956356,-0.0037326959605664895,-0.0044994378906825245,0.006514274927301177,-0.0013670776758596152,0.00030275842082754857,-0.00019150356417530593,0.0003302239785577211,0.0032798335490391082,-0.005414717241880234,-0.0009079849025189343,-0.0005835383909728257,-0.0008475415665704694,-0.002012710024133632,0.0005021704780278644,-0.0076228989239298705,0.003248573642326511,0.0004144289489383479,0.008251492730347698,0.014297426569144065,-0.0012939280508698974,-0.0016334769880867502,0.002989580405214226,0.008490856435926106,-0.0017873561643544,-0.0013569922484770358,0.0032845274655742334,0.004665512692147853,0.0017671958753053294,0.0005248319080991498,0.0005983364125192032,9.953514473938275e-7,0.003168631496353635,-0.0011983140142166231,-0.002415948095275622,-0.0038691352812199684,0.005367988191814459,-0.0005298517876593982,0.004006444258956356,-0.0012939280508698974,0.020352816689756924,-0.0004013379279983251,-0.003897636442317687,-0.007251936805363536,-0.004233353036713612,-0.0028251305538279244,0.001977009981185264,0.0017596043120313401,-0.001243112798498652,-0.001795047488604112,0.0006305784064932008,0.0016340688109770653,0.0001875209435803426,0.0015624714435121898,-0.0016418662604509428,0.0010723975315179745,0.0010320808019196102,0.001256278789146999,-0.0037326959605664895,-0.0016334769880867502,-0.0004013379279983251,0.016695960702048263,-9.476215192084667e-5,-0.004340549345184773,-0.0016239633510116973,0.0007173384164169004,-0.00019587636855611596,-0.0010814806746030697,-0.0029576900484847846,-0.006600498780380451,-0.0013901595332512303,0.0005457444681423215,-0.0002397195957207492,-0.0018269587644490605,-0.005575278274120235,-0.0012804880440571158,0.0036415356409555304,0.0019279512194277297,-0.0044994378906825245,0.002989580405214226,-0.003897636442317687,-9.476215192084667e-5,0.021922652096336474,0.005225859223051719,-0.008164172448241,-0.0017886864745327263,-0.0058973698431452875,-0.0007496828393212212,0.0010638920437347848,-0.01062116825268124,-0.005782769106872076,0.0019403948235723134,-0.0024958502345735004,-0.005552536250579325,0.005453678072948224,-0.004408845868687139,-0.006299806941789632,0.005318324123775155,0.006514274927301177,0.008490856435926106,-0.007251936805363536,-0.004340549345184773,0.005225859223051719,0.03233526506911604,-0.0010138727209346222,0.000615294776263421,0.0020715586751609543,0.0017530355165232352,-0.0004680093403895911,-0.0011458608322174706,0.0016402420775514998,-0.0012245482173116177,-0.0035658445737065747,0.004325541211963269,0.003274548241285401,0.002072156871598352,-0.003897056954905797,-0.0037791138736077813,-0.0013670776758596152,-0.0017873561643544,-0.004233353036713612,-0.0016239633510116973,-0.008164172448241,-0.0010138727209346222,0.01972799546126772,0.0010718205659221722,-0.005457918715507912,0.0015699143248336465,-0.005681084004010286,0.004344358409669154,-0.0013373263848715793,0.000829342729776177,-0.0015747076638098806,0.00499048713227129,0.0011348685172680984,-0.0006978930470721743,-0.0023858950000823567,-0.003249140214769522,0.00030275842082754857,-0.0013569922484770358,-0.0028251305538279244,0.0007173384164169004,-0.0017886864745327263,0.000615294776263421,0.0010718205659221722,0.025300289803906147
