0.07041669471900985,0.01644117209452673,-0.015495022539286264,-0.0035714574275492236,0.009665168981621248,-0.026558736793227827,0.018714177867975513,0.0014472850829509456,0.005066879649137613,0.00896432542724698,-0.007977750338117045,-0.017809324465692188,0.020249744733016627,-0.036642136750991997,-0.009927014694601864,-0.04022780967850094,-0.013278355907978323,-0.022147315662434088,0.011640601224210095,0.008814419100365694,0.01644117209452673,0.037553904469762735,-0.020364873753679916,0.007698184320633241,-0.00015443438115176483,-0.005085672485645263,0.009544246259954196,-0.00938204436779565,0.0023454695857155973,-0.015160327888799018,0.004828603067418168,0.011508643776218644,0.00013057224909463914,-0.017920164774980936,-0.01304102596957158,-0.012648843025993482,-0.018381023121242672,-0.012784837003442677,0.0087111626093478,0.001229442763058065,-0.015495022539286264,-0.020364873753679916,0.07089372620720652,-0.01407420109050556,0.0009995209025064886,-0.008290391585272974,0.010795805603618772,0.0019992226266159784,-0.018725640925857365,0.009051296139634478,0.002575332157611613,-0.003648453658935488,-0.004840004402536039,1.1453900443523374e-5,0.01981964702593047,0.024008687537156022,0.015076702929323569,0.035067254642448586,-0.004787672228096938,-0.017004447370712363,-0.0035714574275492236,0.007698184320633241,-0.01407420109050556,0.034852973857154704,-0.0027779936779983006,0.01314287321213055,-0.006878641911213687,0.004786926412077389,0.008404731444262754,-0.017622479022168538,0.0021360150634885944,0.0009482026308537916,-0.010219036198010798,0.0019183800431508342,-0.018386602492230966,-0.0032751763066848376,0.0018652955830228508,0.0024610892674005566,0.00835419783582636,-0.002312169572087408,0.009665168981621248,-0.00015443438115176483,0.0009995209025064886,-0.0027779936779983006,0.039552428311357093,0.005851310326900585,-0.0183792351987243,-0.0002656850688751548,-0.002412675447349135,0.010853253554280084,-0.013948187086869176,-0.018859007347029035,-0.003051593938317452,-0.019112846018244076,0.008408215777741385,-0.011465121558292567,-0.00626758550012132,-0.0025209967163771036,0.0020020561253774214,0.00796933923662442,-0.026558736793227827,-0.005085672485645263,-0.008290391585272974,0.01314287321213055,0.005851310326900585,0.058872606160911396,-0.025621660203979213,0.006254801181398033,0.0074544426530814825,-0.00936779619864616,0.005650465356733062,0.009922006743917378,-0.01749873817773994,0.034666522576625745,0.0002585284821383237,0.010585750030273625,0.013653825156986366,-0.003473065148263366,-0.010019865818370673,-0.014442070284859127,0.018714177867975513,0.009544246259954196,0.010795805603618772,-0.006878641911213687,-0.0183792351987243,-0.025621660203979213,0.09332540852652645,-0.020295750189445926,-0.018648076403551803,-0.02697998797079561,0.03715098965072977,-0.008071328880642555,0.016020442552817902,-0.047514986055306005,-0.015556671235301968,-0.025503461562606015,-0.021445435584639058,-0.004599274047441168,0.04527605212261286,-0.010576430807853593,0.0014472850829509456,-0.00938204436779565,0.0019992226266159784,0.004786926412077389,-0.0002656850688751548,0.006254801181398033,-0.020295750189445926,0.04467258717630654,0.0037469255473525456,0.017688109483953038,-0.009570986520123,-0.008111213607579413,-0.002539198089009554,0.03450613094445773,0.014182439491218588,0.026955384481854062,0.02316843005149835,-0.0005509479113041532,-0.04187197146886251,0.0019468493631267189,0.005066879649137613,0.0023454695857155973,-0.018725640925857365,0.008404731444262754,-0.002412675447349135,0.0074544426530814825,-0.018648076403551803,0.0037469255473525456,0.043925153577155214,0.010125303961960987,-0.012418845566396363,0.00312714755690156,0.0015613654455472992,0.004498455540106275,-0.008178110959893481,0.006230670114661781,0.008658179074144477,-0.011970584438322478,-0.019435498513252908,0.007070359879605458,0.00896432542724698,-0.015160327888799018,0.009051296139634478,-0.017622479022168538,0.010853253554280084,-0.00936779619864616,-0.02697998797079561,0.017688109483953038,0.010125303961960987,0.06663822392383574,-0.028582405360134212,-0.015298849457426501,0.012933153203001927,0.0028463696425523573,0.006979206606501649,0.020586446964364482,0.016071569963927994,-0.010269671657314464,-0.053087253604992043,0.015657908928452983,-0.007977750338117045,0.004828603067418168,0.002575332157611613,0.0021360150634885944,-0.013948187086869176,0.005650465356733062,0.03715098965072977,-0.009570986520123,-0.012418845566396363,-0.028582405360134212,0.04461906707515165,0.004777946263222276,-0.0040997687176569896,0.0018725187556557445,-6.251446886222168e-5,-0.0025593093856943003,-0.010635596955767462,5.5273120514016515e-5,0.019305046528463893,-0.014735609274253906,-0.017809324465692188,0.011508643776218644,-0.003648453658935488,0.0009482026308537916,-0.018859007347029035,0.009922006743917378,-0.008071328880642555,-0.008111213607579413,0.00312714755690156,-0.015298849457426501,0.004777946263222276,0.05515647143993568,-0.0003574960915167404,0.029960471448561614,-0.0009471142196056086,0.0026453949929180734,0.0031209786149452804,-0.001840919305855472,-0.0016777386215513154,-0.007538189953544049,0.020249744733016627,0.00013057224909463914,-0.004840004402536039,-0.010219036198010798,-0.003051593938317452,-0.01749873817773994,0.016020442552817902,-0.002539198089009554,0.0015613654455472992,0.012933153203001927,-0.0040997687176569896,-0.0003574960915167404,0.03151501121243245,-0.02195423423370933,-0.0009635735285815328,-0.015300755679430154,-0.006968170450756267,-0.004288816844715103,0.005654277092986999,0.009071314597054186,-0.036642136750991997,-0.017920164774980936,1.1453900443523374e-5,0.0019183800431508342,-0.019112846018244076,0.034666522576625745,-0.047514986055306005,0.03450613094445773,0.004498455540106275,0.0028463696425523573,0.0018725187556557445,0.029960471448561614,-0.02195423423370933,0.12931287591274962,0.027929351142386795,0.04597999580237286,0.047374209451653174,-0.004373243707835561,-0.06381274778760529,-0.012923247037151284,-0.009927014694601864,-0.01304102596957158,0.01981964702593047,-0.018386602492230966,0.008408215777741385,0.0002585284821383237,-0.015556671235301968,0.014182439491218588,-0.008178110959893481,0.006979206606501649,-6.251446886222168e-5,-0.0009471142196056086,-0.0009635735285815328,0.027929351142386795,0.05559655104769061,0.012635051566616214,0.008983734711800315,0.004465119045573621,-0.02142717565591939,0.002048983844089974,-0.04022780967850094,-0.012648843025993482,0.024008687537156022,-0.0032751763066848376,-0.011465121558292567,0.010585750030273625,-0.025503461562606015,0.026955384481854062,0.006230670114661781,0.020586446964364482,-0.0025593093856943003,0.0026453949929180734,-0.015300755679430154,0.04597999580237286,0.012635051566616214,0.08677192068325586,0.02432622848721734,0.010885742523034456,-0.0807891617287332,0.002526571983988711,-0.013278355907978323,-0.018381023121242672,0.015076702929323569,0.0018652955830228508,-0.00626758550012132,0.013653825156986366,-0.021445435584639058,0.02316843005149835,0.008658179074144477,0.016071569963927994,-0.010635596955767462,0.0031209786149452804,-0.006968170450756267,0.047374209451653174,0.008983734711800315,0.02432622848721734,0.04453774377650607,0.00253099809634372,-0.032551985604187046,-0.009695901961349474,-0.022147315662434088,-0.012784837003442677,0.035067254642448586,0.0024610892674005566,-0.0025209967163771036,-0.003473065148263366,-0.004599274047441168,-0.0005509479113041532,-0.011970584438322478,-0.010269671657314464,5.5273120514016515e-5,-0.001840919305855472,-0.004288816844715103,-0.004373243707835561,0.004465119045573621,0.010885742523034456,0.00253099809634372,0.04253492310227057,0.015379741588083293,-0.0012628614966024724,0.011640601224210095,0.0087111626093478,-0.004787672228096938,0.00835419783582636,0.0020020561253774214,-0.010019865818370673,0.04527605212261286,-0.04187197146886251,-0.019435498513252908,-0.053087253604992043,0.019305046528463893,-0.0016777386215513154,0.005654277092986999,-0.06381274778760529,-0.02142717565591939,-0.0807891617287332,-0.032551985604187046,0.015379741588083293,0.14692852011827998,-0.008842994986182412,0.008814419100365694,0.001229442763058065,-0.017004447370712363,-0.002312169572087408,0.00796933923662442,-0.014442070284859127,-0.010576430807853593,0.0019468493631267189,0.007070359879605458,0.015657908928452983,-0.014735609274253906,-0.007538189953544049,0.009071314597054186,-0.012923247037151284,0.002048983844089974,0.002526571983988711,-0.009695901961349474,-0.0012628614966024724,-0.008842994986182412,0.03555199705075958
0.09431155718330284,-0.0025170264046385387,-0.026244488603523755,-0.006425997773573992,-0.017664284150321403,-0.06152725179949917,0.06390395713709518,0.022062894096909338,0.029391004189433752,0.011593803718917627,0.009871505970460562,-0.026844207869234107,0.05034154741251766,-0.04163434604222087,0.0442909447913778,-0.09697678749192704,-0.018582666687625905,-0.008769070874741172,0.048910377967498295,0.033506401082803824,-0.0025170264046385387,0.0454557665328204,-0.00628144604266856,0.015110167464724081,0.01014418758521855,0.019925944664161983,-0.009750578822409175,-0.00963491318582374,-0.0050758227768285796,-0.006281547403648863,0.030976042897022864,-0.021836284525058897,-0.02458787458864144,-0.00266619160176403,-0.003761323942727386,0.02584707675143148,-0.008565533173108986,0.00347435697252815,-0.022756710219277,-0.004361559876798534,-0.026244488603523755,-0.00628144604266856,0.038654463825350066,-0.001891808796440824,0.0063959897913777085,0.010028655617623596,-0.01122704046453914,-0.019683539762145402,-0.02992215230804624,-0.006622040777969495,-0.012456616676034236,0.0275244260120207,-0.015248569085241746,-0.0002268885639711278,-0.01848442168609852,0.029526589630566133,0.01091685650898562,0.01109683662003608,-0.005089620471944314,-0.008534997221353806,-0.006425997773573992,0.015110167464724081,-0.001891808796440824,0.03830541618293488,0.0013655415437597563,0.012456384446432798,-0.0016384436645670176,-0.012316492668618978,0.01653052446588483,-0.004517747467461489,0.01578971800490992,-0.029756102746297225,-0.010582368796626022,-0.005953204322873681,-0.014614830885742298,0.02632803954765574,-0.005825059863760592,0.01121320785134933,-0.016002989508388216,0.011688324956742787,-0.017664284150321403,0.01014418758521855,0.0063959897913777085,0.0013655415437597563,0.025764468549643368,0.018492548344183984,-0.01119191638138432,-0.01131563134797603,-0.019745344706179113,-0.00331129600527333,-0.0021979993955964115,0.007368357075487974,-0.01144682798923122,0.0004397075824196702,-0.0075533226199708415,0.01862771112064938,-0.005560702067763195,-0.002381641840808409,-0.009422641227368644,-0.001479726574568293,-0.06152725179949917,0.019925944664161983,0.010028655617623596,0.012456384446432798,0.018492548344183984,0.09141013166836441,-0.07022128888773485,-0.019025826321151865,-0.002317380395226212,-0.004507800069047181,0.0002031698257665375,0.009928282252444093,-0.05511888612288553,0.04799143587135936,-0.034338594510540846,0.08631799947306351,0.00604644199330427,-0.000608717067741339,-0.06494406440104597,-0.035772643834695805,0.06390395713709518,-0.009750578822409175,-0.01122704046453914,-0.0016384436645670176,-0.01119191638138432,-0.07022128888773485,0.10408773852900434,0.0033309018920664162,0.0013497451652174823,-0.00822069138125898,0.008340955724359172,-0.03177469486880699,0.0522012242575318,-0.06738287739483331,0.03132830134748292,-0.09248012408918835,-0.029618942195375947,0.005051621284059409,0.06841924076058215,0.04498524173023111,0.022062894096909338,-0.00963491318582374,-0.019683539762145402,-0.012316492668618978,-0.01131563134797603,-0.019025826321151865,0.0033309018920664162,0.042843489134169764,0.017569391779448836,0.012666211922063915,-0.002450327853496079,-0.0019019167811530516,0.017843587030442067,0.02047183723624233,0.030204780654397228,-0.031305784504587396,-0.004083806681375743,-0.01344101802964273,0.001292022970118674,-0.018247848020469415,0.029391004189433752,-0.0050758227768285796,-0.02992215230804624,0.01653052446588483,-0.019745344706179113,-0.002317380395226212,0.0013497451652174823,0.017569391779448836,0.11726287026959299,0.0299270273935188,7.902426131114321e-5,-0.02542129451059679,0.01893433843855569,0.027517953235001176,0.001051997124162482,-0.015551250892157432,-0.0033126291158043462,-0.012938909170942757,-0.021454520310525207,0.011434451283991513,0.011593803718917627,-0.006281547403648863,-0.006622040777969495,-0.004517747467461489,-0.00331129600527333,-0.004507800069047181,-0.00822069138125898,0.012666211922063915,0.0299270273935188,0.03803963935110495,-0.006403971656897637,0.013705173218675235,0.022932513013151752,0.007491847395684609,0.010445259694650431,-0.009356288190543204,0.0021092768384448194,-0.015736122035168117,-0.0072378489125588434,0.0035673725034793954,0.009871505970460562,0.030976042897022864,-0.012456616676034236,0.01578971800490992,-0.0021979993955964115,0.0002031698257665375,0.008340955724359172,-0.002450327853496079,7.902426131114321e-5,-0.006403971656897637,0.0758362368537384,-0.06849789252486407,-0.01971889902476405,-0.030411437590918064,0.00282793204497218,0.010824253254839229,0.0020071009329150416,0.014039142283199208,-0.004264909999592543,-0.009436979170897596,-0.026844207869234107,-0.021836284525058897,0.0275244260120207,-0.029756102746297225,0.007368357075487974,0.009928282252444093,-0.03177469486880699,-0.0019019167811530516,-0.02542129451059679,0.013705173218675235,-0.06849789252486407,0.12628476934589222,0.01733548533479106,0.032183761611563964,0.0010117736186166437,0.005845463532756425,0.011488192802098273,-0.024491755084347783,0.0017783320474326911,-0.0010456291792696288,0.05034154741251766,-0.02458787458864144,-0.015248569085241746,-0.010582368796626022,-0.01144682798923122,-0.05511888612288553,0.0522012242575318,0.017843587030442067,0.01893433843855569,0.022932513013151752,-0.01971889902476405,0.01733548533479106,0.08442803878620882,-0.0422436976845999,0.042073774681130625,-0.08117807671589314,-0.016279249552829927,-0.012322049044468751,0.05701520971133926,0.03418006858225499,-0.04163434604222087,-0.00266619160176403,-0.0002268885639711278,-0.005953204322873681,0.0004397075824196702,0.04799143587135936,-0.06738287739483331,0.02047183723624233,0.027517953235001176,0.007491847395684609,-0.030411437590918064,0.032183761611563964,-0.0422436976845999,0.14169850459444608,-0.019090137950774806,0.058324506708648034,0.01490616448812018,-0.015762338200671855,-0.08018448926841285,-0.05354566876414349,0.0442909447913778,-0.003761323942727386,-0.01848442168609852,-0.014614830885742298,-0.0075533226199708415,-0.034338594510540846,0.03132830134748292,0.030204780654397228,0.001051997124162482,0.010445259694650431,0.00282793204497218,0.0010117736186166437,0.042073774681130625,-0.019090137950774806,0.09304689853193437,-0.07294914346692324,-0.037874012045456804,-0.020457398056457958,0.031799899554535355,-0.001385250361652292,-0.09697678749192704,0.02584707675143148,0.029526589630566133,0.02632803954765574,0.01862771112064938,0.08631799947306351,-0.09248012408918835,-0.031305784504587396,-0.015551250892157432,-0.009356288190543204,0.010824253254839229,0.005845463532756425,-0.08117807671589314,0.058324506708648034,-0.07294914346692324,0.15333306358052015,0.02832541023484863,0.01127461240932372,-0.08728493922178765,-0.034950237452798356,-0.018582666687625905,-0.008565533173108986,0.01091685650898562,-0.005825059863760592,-0.005560702067763195,0.00604644199330427,-0.029618942195375947,-0.004083806681375743,-0.0033126291158043462,0.0021092768384448194,0.0020071009329150416,0.011488192802098273,-0.016279249552829927,0.01490616448812018,-0.037874012045456804,0.02832541023484863,0.05843256519848809,0.005467001556919496,-0.007463200963176389,-0.007262063664675783,-0.008769070874741172,0.00347435697252815,0.01109683662003608,0.01121320785134933,-0.002381641840808409,-0.000608717067741339,0.005051621284059409,-0.01344101802964273,-0.012938909170942757,-0.015736122035168117,0.014039142283199208,-0.024491755084347783,-0.012322049044468751,-0.015762338200671855,-0.020457398056457958,0.01127461240932372,0.005467001556919496,0.029784232368525686,0.0029336058802706196,0.006268552599571027,0.048910377967498295,-0.022756710219277,-0.005089620471944314,-0.016002989508388216,-0.009422641227368644,-0.06494406440104597,0.06841924076058215,0.001292022970118674,-0.021454520310525207,-0.0072378489125588434,-0.004264909999592543,0.0017783320474326911,0.05701520971133926,-0.08018448926841285,0.031799899554535355,-0.08728493922178765,-0.007463200963176389,0.0029336058802706196,0.09694469823807048,0.04298360013724725,0.033506401082803824,-0.004361559876798534,-0.008534997221353806,0.011688324956742787,-0.001479726574568293,-0.035772643834695805,0.04498524173023111,-0.018247848020469415,0.011434451283991513,0.0035673725034793954,-0.009436979170897596,-0.0010456291792696288,0.03418006858225499,-0.05354566876414349,-0.001385250361652292,-0.034950237452798356,-0.007262063664675783,0.006268552599571027,0.04298360013724725,0.07522823820232558
0.11396470933110915,-0.023358351954191323,0.038413284793402024,-0.00994282567346245,-0.016855999635109448,0.0017515863249475952,-0.0012716422230887418,-0.029521601877432583,0.007420734261351477,0.04584587336892169,0.035124537948432386,0.013817719051287128,0.00618009491096785,0.002943479125775382,-0.07483610927345202,0.015082006221229903,0.0026737633477667997,-0.003076942229652442,-0.04238618074784459,-0.06408256220761685,-0.023358351954191323,0.039617186184900545,-0.011083245384796981,-0.027925267641723144,-0.003956995066387296,-0.008256050446315865,0.007110577294272349,0.003855973337568993,-0.013258199342674016,0.006120817639515911,-0.011494518323225875,-0.026477152695895463,0.015456217958309381,0.004552746686584969,0.03165243879560234,0.0013429822971489265,-0.007212730646821646,-0.002965726935440279,0.007190062896906383,0.015634854189734326,0.038413284793402024,-0.011083245384796981,0.11945826855205634,0.019866506676239633,0.03274627549699206,0.014445723284285627,-0.006162294250263883,-0.0008152624652462081,-0.03857870500961042,0.03846644918560582,0.02975406673216567,0.014857989478653404,-0.019076069891467963,-0.03571720095877945,-0.0823412170656974,-0.0462957290473691,-0.006723989076073492,0.028372072215411135,-0.03167289086589967,-0.059738300401035976,-0.00994282567346245,-0.027925267641723144,0.019866506676239633,0.06346457731370388,0.012411108887487799,0.004990117548476276,-0.022092284868646544,0.011013550896942685,0.005366879448884598,-0.03009019991040419,-0.002254494722366469,0.023368215857909803,-0.0200039134272543,-0.016075319742869902,-0.014652429568751816,-0.00547093751952708,0.014578757279814343,0.011796468831392196,-0.010287170168012272,0.004680096786579238,-0.016855999635109448,-0.003956995066387296,0.03274627549699206,0.012411108887487799,0.03844415317712953,0.021712180316164495,-0.00412330210692563,0.012045101901922858,-0.011121238488049835,0.006358114409923685,0.0006183689570761072,0.0010578611348400222,-0.014207927448186806,-0.015039787515929735,-0.022344664352333708,-0.03153012255279274,0.009937406450194374,0.020985087825774466,-0.0008335577293379442,-0.014336752491112712,0.0017515863249475952,-0.008256050446315865,0.014445723284285627,0.004990117548476276,0.021712180316164495,0.057105470423957305,-0.0011863732828928267,0.014837040453613034,0.010372945153642772,0.008524877325645991,-0.004992111302301805,-0.009588715997175465,-0.016955028769510556,0.0007699850462668902,-0.01668680949137697,-0.030382771058560222,0.0180189734857105,0.02677798293130633,-0.001661580722096337,-0.03416788890072209,-0.0012716422230887418,0.007110577294272349,-0.006162294250263883,-0.022092284868646544,-0.00412330210692563,-0.0011863732828928267,0.03973942445367696,-0.007754125964519605,-0.0014868446420589537,0.01450257782911838,-0.005383423932915172,-0.014457244518801014,0.0008111902157257015,0.006530436377448804,0.009239755913220083,-0.010155562991595883,2.3869229816596347e-5,-0.004216563871301646,0.007627978929850754,-0.00483824875280654,-0.029521601877432583,0.003855973337568993,-0.0008152624652462081,0.011013550896942685,0.012045101901922858,0.014837040453613034,-0.007754125964519605,0.044981522447283664,0.001594585395531739,-0.02012111781745943,-0.0017621802513986481,0.007898877305417122,-0.00820615535343275,-0.011422533840926863,0.010148045274013452,-0.024903732659487747,0.0001226066503163093,0.016190136107277327,-0.0002318138962407267,-0.0028106920685100245,0.007420734261351477,-0.013258199342674016,-0.03857870500961042,0.005366879448884598,-0.011121238488049835,0.010372945153642772,-0.0014868446420589537,0.001594585395531739,0.0442339929397519,-0.014350979867126069,-0.014337178358497245,0.0065900541882392165,-0.003608775235406021,0.012541980993659245,0.008743128709594507,0.018664251082462127,0.00958298128440168,-0.0014132003296737248,0.0038649350827465664,0.000975323298389241,0.04584587336892169,0.006120817639515911,0.03846644918560582,-0.03009019991040419,0.006358114409923685,0.008524877325645991,0.01450257782911838,-0.02012111781745943,-0.014350979867126069,0.08414234720457185,0.02678646272855076,-0.024947732430708195,0.0067771525818058195,0.005629382394188583,-0.053017318674277225,-0.020541273812095865,-0.002237722426646073,0.013081456333755497,-0.01322291120175467,-0.055241763370352304,0.035124537948432386,-0.011494518323225875,0.02975406673216567,-0.002254494722366469,0.0006183689570761072,-0.004992111302301805,-0.005383423932915172,-0.0017621802513986481,-0.014337178358497245,0.02678646272855076,0.07817879774076664,0.025144671156769275,-0.005122072807233601,-0.02456461062097145,-0.049687794546391315,-0.01277374406734617,-0.012744273960670585,0.008571759138061248,-0.024722900964424397,-0.04349131407912911,0.013817719051287128,-0.026477152695895463,0.014857989478653404,0.023368215857909803,0.0010578611348400222,-0.009588715997175465,-0.014457244518801014,0.007898877305417122,0.0065900541882392165,-0.024947732430708195,0.025144671156769275,0.0656431286731243,-0.0026525146062835844,-0.02215668568868996,-0.030112284978017958,0.0011557497299115997,-0.006851149008010381,0.0038133517746709623,-0.03439545145375965,-0.006461225181979167,0.00618009491096785,0.015456217958309381,-0.019076069891467963,-0.0200039134272543,-0.014207927448186806,-0.016955028769510556,0.0008111902157257015,-0.00820615535343275,-0.003608775235406021,0.0067771525818058195,-0.005122072807233601,-0.0026525146062835844,0.04503297522000008,0.005087356521043291,0.01367564045129575,0.014385197289680504,-0.01531836849865305,-0.008307389727002741,0.002329518293837634,0.01247634579819443,0.002943479125775382,0.004552746686584969,-0.03571720095877945,-0.016075319742869902,-0.015039787515929735,0.0007699850462668902,0.006530436377448804,-0.011422533840926863,0.012541980993659245,0.005629382394188583,-0.02456461062097145,-0.02215668568868996,0.005087356521043291,0.04755667953125929,0.031464249999462054,0.020141436545608092,0.004604127184618486,-0.016241524820106042,0.021400523688962537,0.020634228821571926,-0.07483610927345202,0.03165243879560234,-0.0823412170656974,-0.014652429568751816,-0.022344664352333708,-0.01668680949137697,0.009239755913220083,0.010148045274013452,0.008743128709594507,-0.053017318674277225,-0.049687794546391315,-0.030112284978017958,0.01367564045129575,0.031464249999462054,0.12616800602563877,0.030567939968742103,-0.00437456783551592,-0.029348277811485718,0.05053659381807318,0.08536903888412958,0.015082006221229903,0.0013429822971489265,-0.0462957290473691,-0.00547093751952708,-0.03153012255279274,-0.030382771058560222,-0.010155562991595883,-0.024903732659487747,0.018664251082462127,-0.020541273812095865,-0.01277374406734617,0.0011557497299115997,0.014385197289680504,0.020141436545608092,0.030567939968742103,0.0726617423790446,-0.0009166937008374542,-0.030811116888034226,-0.00028931743500815003,0.03856686946488959,0.0026737633477667997,-0.007212730646821646,-0.006723989076073492,0.014578757279814343,0.009937406450194374,0.0180189734857105,2.3869229816596347e-5,0.0001226066503163093,0.00958298128440168,-0.002237722426646073,-0.012744273960670585,-0.006851149008010381,-0.01531836849865305,0.004604127184618486,-0.00437456783551592,-0.0009166937008374542,0.03514104444294039,0.006477990262447221,0.0005956214260570171,0.0009525667853870295,-0.003076942229652442,-0.002965726935440279,0.028372072215411135,0.011796468831392196,0.020985087825774466,0.02677798293130633,-0.004216563871301646,0.016190136107277327,-0.0014132003296737248,0.013081456333755497,0.008571759138061248,0.0038133517746709623,-0.008307389727002741,-0.016241524820106042,-0.029348277811485718,-0.030811116888034226,0.006477990262447221,0.048942759420927816,-0.014973878188184884,-0.03135974876777624,-0.04238618074784459,0.007190062896906383,-0.03167289086589967,-0.010287170168012272,-0.0008335577293379442,-0.001661580722096337,0.007627978929850754,-0.0002318138962407267,0.0038649350827465664,-0.01322291120175467,-0.024722900964424397,-0.03439545145375965,0.002329518293837634,0.021400523688962537,0.05053659381807318,-0.00028931743500815003,0.0005956214260570171,-0.014973878188184884,0.06514802947330564,0.03377885663561708,-0.06408256220761685,0.015634854189734326,-0.059738300401035976,0.004680096786579238,-0.014336752491112712,-0.03416788890072209,-0.00483824875280654,-0.0028106920685100245,0.000975323298389241,-0.055241763370352304,-0.04349131407912911,-0.006461225181979167,0.01247634579819443,0.020634228821571926,0.08536903888412958,0.03856686946488959,0.0009525667853870295,-0.03135974876777624,0.03377885663561708,0.10130472864840702
