0.04973750147218458,-0.012262606045212954,-0.00884970228396029,-0.018880787837505957,0.004595717807574125,0.00043552293775537144,0.004157902134603639,-0.000541365957144349,-0.009728762044527958,-0.0013696893552506647,0.0036857672533824022,-0.009735584320259276,0.012305232559780051,0.023309615004528723,0.030360221645173834,0.011310552989337051,0.0008236572236728742,-0.021677450861501944,-0.015928937637448397,-0.012393539147003295,-0.012262606045212954,0.03610788906975257,-0.001570178869794324,0.010075835340016763,-0.007128085008574404,-0.004057515852265812,-0.005051779491758045,0.012086127239656314,-0.0004066604430260863,-0.004603225027413768,0.004523857268165301,0.000502843219314217,-0.0028138880200642433,4.049489135672413e-7,-0.028205131153342555,-0.005337212454552775,0.003324524468841659,0.008242013518356147,0.00920334331810748,0.009071565564841247,-0.00884970228396029,-0.001570178869794324,0.02296785785052192,0.009681844820358073,0.001329492634147713,0.0073294629019109,-0.004002539830405877,0.0012501691074182138,0.004161452027395338,0.007169735090625199,4.28909899419043e-5,0.0066297093339408725,-0.007436872671939347,-0.005406593558097654,-0.002000806506309447,-0.0044998727780487975,0.004457175934282824,0.000750813253466896,0.0025686835699492774,0.0005926678983334847,-0.018880787837505957,0.010075835340016763,0.009681844820358073,0.03943962224431877,-0.009383146537172147,0.003786726520822222,-0.006037591101213942,0.01314183620467468,0.007560990219177827,0.009625783487934348,0.0018719348124771997,0.009873829215004293,-0.007418661477375389,-0.012702768670970086,-0.020333985983838468,-0.008464404843779607,0.0036883556371289103,0.0008801136172467779,0.006410988970578044,0.01342525307278725,0.004595717807574125,-0.007128085008574404,0.001329492634147713,-0.009383146537172147,0.02451299214343119,0.0014808198896239825,0.007610467475270336,-0.006478278821203118,-0.0005979348918845982,-0.0014812536131870832,-8.341063107745889e-5,0.001135592206869858,0.007920835178298186,0.007361194555244499,0.004657675460434758,0.007903048093705225,-0.008049685123206932,0.005060825954185173,-0.009011134175363922,-0.0037135431817656665,0.00043552293775537144,-0.004057515852265812,0.0073294629019109,0.003786726520822222,0.0014808198896239825,0.03820993565609865,0.012697299957244286,-0.0008457540114205098,0.002780110349648681,-0.0012994322618402289,-0.01181309226460549,-0.003185682182262109,0.0052747949744871275,-0.0039759148952957435,0.011759513975328212,-0.0010451626683878681,0.0012936553384487333,-0.0011983605260660233,-0.009509883865327598,0.0010636252482141503,0.004157902134603639,-0.005051779491758045,-0.004002539830405877,-0.006037591101213942,0.007610467475270336,0.012697299957244286,0.03231379984091746,-0.008874371539238035,0.0071933960936239666,0.005255583419978893,-0.008619758766374684,-0.004177153493506948,0.022018917289116903,-0.004453758802093431,0.011317739632645523,0.008523688942066388,-0.012250532972210888,-0.005019667760893826,-0.004276039547390026,-0.007809172809613723,-0.000541365957144349,0.012086127239656314,0.0012501691074182138,0.01314183620467468,-0.006478278821203118,-0.0008457540114205098,-0.008874371539238035,0.032825198387476766,-0.0028747104413521475,0.004989935983187845,0.007828221142997228,-0.00043398264343982775,-0.007356896172749195,0.0005858092485868649,-0.007682046238040845,-0.006781934832355298,0.0006873182310355476,-0.0012026797798749913,-0.0019457146790384573,0.011487885529030217,-0.009728762044527958,-0.0004066604430260863,0.004161452027395338,0.007560990219177827,-0.0005979348918845982,0.002780110349648681,0.0071933960936239666,-0.0028747104413521475,0.025219952179957483,0.006447242903843643,-0.006664124363990267,5.487280367984758e-5,0.010305460128450685,-0.008156127837247153,-0.0035343084181099433,-0.002964499676924952,0.0026989726305339822,-0.00793356329632455,0.011052557065531078,0.001837399390163529,-0.0013696893552506647,-0.004603225027413768,0.007169735090625199,0.009625783487934348,-0.0014812536131870832,-0.0012994322618402289,0.005255583419978893,0.004989935983187845,0.006447242903843643,0.0370128418043545,-0.0015945168372323063,0.0003295087364609135,-0.005389429943432358,-0.01009336466249917,0.007349310251321681,-0.003809448364802688,-0.006416682726426107,-0.008453668474922817,-5.033291671689009e-5,0.0025057822187151565,0.0036857672533824022,0.004523857268165301,4.28909899419043e-5,0.0018719348124771997,-8.341063107745889e-5,-0.01181309226460549,-0.008619758766374684,0.007828221142997228,-0.006664124363990267,-0.0015945168372323063,0.027249769840508867,0.006582596329896481,-0.008602950900928611,0.007670657136552295,-0.00949360775414765,0.005243752292001247,0.000682628684182025,0.008062333816976335,-0.0017672951225559427,0.006653383422965897,-0.009735584320259276,0.000502843219314217,0.0066297093339408725,0.009873829215004293,0.001135592206869858,-0.003185682182262109,-0.004177153493506948,-0.00043398264343982775,5.487280367984758e-5,0.0003295087364609135,0.006582596329896481,0.021262763129542114,-0.008076045420982718,-0.0036297379945393325,-0.009233957302334174,0.00014173725339112618,-0.0015079510596111316,0.007188947469249111,0.002486345736470866,0.00369754783528095,0.012305232559780051,-0.0028138880200642433,-0.007436872671939347,-0.007418661477375389,0.007920835178298186,0.0052747949744871275,0.022018917289116903,-0.007356896172749195,0.010305460128450685,-0.005389429943432358,-0.008602950900928611,-0.008076045420982718,0.04204923275963191,0.0038938294431356485,0.007128455268596208,0.006641124821183313,-0.007235939841395179,-0.01290743757039273,-0.006252561976973789,-0.006802616907139524,0.023309615004528723,4.049489135672413e-7,-0.005406593558097654,-0.012702768670970086,0.007361194555244499,-0.0039759148952957435,-0.004453758802093431,0.0005858092485868649,-0.008156127837247153,-0.01009336466249917,0.007670657136552295,-0.0036297379945393325,0.0038938294431356485,0.03641490055430516,0.00893635987394267,0.009789390083656382,0.009696369849703458,0.00013518343307008146,-0.0023745049540078744,-0.0035668773766033873,0.030360221645173834,-0.028205131153342555,-0.002000806506309447,-0.020333985983838468,0.004657675460434758,0.011759513975328212,0.011317739632645523,-0.007682046238040845,-0.0035343084181099433,0.007349310251321681,-0.00949360775414765,-0.009233957302334174,0.007128455268596208,0.00893635987394267,0.05962035463097139,0.003381174702468061,0.0012216433240463016,-0.02201850520887915,-0.015704935260514814,-0.016760059958670463,0.011310552989337051,-0.005337212454552775,-0.0044998727780487975,-0.008464404843779607,0.007903048093705225,-0.0010451626683878681,0.008523688942066388,-0.006781934832355298,-0.002964499676924952,-0.003809448364802688,0.005243752292001247,0.00014173725339112618,0.006641124821183313,0.009789390083656382,0.003381174702468061,0.020683678994585904,-0.004476625075463536,0.0008192026974782837,-0.007087043165749563,-0.003233555242221328,0.0008236572236728742,0.003324524468841659,0.004457175934282824,0.0036883556371289103,-0.008049685123206932,0.0012936553384487333,-0.012250532972210888,0.0006873182310355476,0.0026989726305339822,-0.006416682726426107,0.000682628684182025,-0.0015079510596111316,-0.007235939841395179,0.009696369849703458,0.0012216433240463016,-0.004476625075463536,0.02864687835312578,-0.003783035587485205,0.008662022681414378,0.004924112773994021,-0.021677450861501944,0.008242013518356147,0.000750813253466896,0.0008801136172467779,0.005060825954185173,-0.0011983605260660233,-0.005019667760893826,-0.0012026797798749913,-0.00793356329632455,-0.008453668474922817,0.008062333816976335,0.007188947469249111,-0.01290743757039273,0.00013518343307008146,-0.02201850520887915,0.0008192026974782837,-0.003783035587485205,0.046507879690956835,-0.0007398031059258075,0.010199258446540627,-0.015928937637448397,0.00920334331810748,0.0025686835699492774,0.006410988970578044,-0.009011134175363922,-0.009509883865327598,-0.004276039547390026,-0.0019457146790384573,0.011052557065531078,-5.033291671689009e-5,-0.0017672951225559427,0.002486345736470866,-0.006252561976973789,-0.0023745049540078744,-0.015704935260514814,-0.007087043165749563,0.008662022681414378,-0.0007398031059258075,0.027264206937803313,0.010362191018476557,-0.012393539147003295,0.009071565564841247,0.0005926678983334847,0.01342525307278725,-0.0037135431817656665,0.0010636252482141503,-0.007809172809613723,0.011487885529030217,0.001837399390163529,0.0025057822187151565,0.006653383422965897,0.00369754783528095,-0.006802616907139524,-0.0035668773766033873,-0.016760059958670463,-0.003233555242221328,0.004924112773994021,0.010199258446540627,0.010362191018476557,0.02416835745378254
0.017371184934551222,-0.006230851596597057,0.014599711023089199,0.002464343905177944,0.002699109212354198,-0.008794628133394938,0.0041438212041861235,-0.006551808020446937,0.0005412035365765042,-0.0030156823032863322,-0.007557129796163259,-0.004960446475839644,2.5850570192984366e-5,0.0013797642599326053,-0.009528568215590984,0.002082317494573103,0.00023478367318063577,0.006114715309628493,0.003718300595250073,0.00016671379201183361,-0.006230851596597057,0.019039040632041353,-0.010993967889966,-0.0030635690109355445,0.0010631741324119168,0.0034094810902755386,0.0006470256102480601,-0.0004103002474255954,-0.000665921252744428,-0.0003403567629414807,0.0011379321215975401,-0.0024660680156802987,0.0071273304645031975,0.004559963036628442,0.0020614027476429765,0.000875819975630952,-0.005530086793562861,-0.0018459265920276655,-0.002432171752092574,0.0035112245593781313,0.014599711023089199,-0.010993967889966,0.03831233742391047,0.005778211338438735,0.005217540439171078,-0.01891097044564618,0.0007134679359991588,-0.010879454810224235,-0.0006176215276922675,-0.007251635125516645,-0.005818924878008294,0.0036773953691936955,-0.00784679070369612,0.006687166398282212,-0.013678458523112013,-0.0011525683649190686,0.008301908407276463,0.000674554983392193,0.010507183052275968,-0.009881157901500412,0.002464343905177944,-0.0030635690109355445,0.005778211338438735,0.03907108083185437,0.008524429784191458,-0.009565626468673247,-0.012248504741041472,-0.005283255270474456,0.0027595854715347272,-0.008419031416617987,0.0076449688259539825,-0.006405239430220555,-0.0020463452747044144,0.00823209665356215,-0.004737144614840953,-0.0015613537942463659,0.012749728883899518,-0.005006571518193144,0.0030715216755088817,-0.011495121863849841,0.002699109212354198,0.0010631741324119168,0.005217540439171078,0.008524429784191458,0.02368626669838195,-0.012846679563718107,-0.008180787318456171,-0.0027896028725839734,-0.0016848026171943468,-0.0021607016242990752,0.004807249477688076,0.004636779477645287,-0.006323128103379235,0.015672915201604395,-0.0017258424299785619,0.008409810788454382,0.005356661273956308,-0.009997681694173415,-0.004284222520880338,-0.008576506926050869,-0.008794628133394938,0.0034094810902755386,-0.01891097044564618,-0.009565626468673247,-0.012846679563718107,0.04988650964135701,0.0022717662912918692,0.01155446128943586,-0.006119696402358474,-0.0008531641721981756,0.0018762273854752679,-0.005697146265607331,0.005759146258058149,-0.025343137369187137,0.012545586852389434,-0.00043357610164551294,-0.0052860231920229045,0.00011080695065442222,-0.0044853661648319035,0.011578302605786382,0.0041438212041861235,0.0006470256102480601,0.0007134679359991588,-0.012248504741041472,-0.008180787318456171,0.0022717662912918692,0.04072087357054685,0.001091803399216316,-0.0019272100516984757,-0.0020085801837520954,-0.00843740736331776,0.009005712317737478,-0.002709360426684652,-0.005549395089928619,0.002024093785526868,-0.0090393675560159,-0.012752585288372757,-0.007939341501742816,0.008587025004794743,0.008304265820457114,-0.006551808020446937,-0.0004103002474255954,-0.010879454810224235,-0.005283255270474456,-0.0027896028725839734,0.01155446128943586,0.001091803399216316,0.031291196863249916,-0.0029579240403054927,-0.011753556415981435,0.0068855830986361815,-0.009905439935433129,-0.002866763726718128,-0.0021694801614484636,0.00671046031530459,0.00043407389954982166,0.0031538527120499515,-0.0072020115342698665,-0.004352958384147666,0.007325567782548111,0.0005412035365765042,-0.000665921252744428,-0.0006176215276922675,0.0027595854715347272,-0.0016848026171943468,-0.006119696402358474,-0.0019272100516984757,-0.0029579240403054927,0.02628535892267816,0.0024806440860382986,-0.0024324165616634993,0.0042660803872625955,0.0045985537038964255,-0.0009914784298851874,0.0016341201538927932,-0.005425121933491206,-0.003707796440705018,0.002459370252502144,0.0035560922497140644,-0.006023750963532514,-0.0030156823032863322,-0.0003403567629414807,-0.007251635125516645,-0.008419031416617987,-0.0021607016242990752,-0.0008531641721981756,-0.0020085801837520954,-0.011753556415981435,0.0024806440860382986,0.060856967391255,-0.016663906110490363,0.0033514617147552134,0.018155969575726925,0.0027654843327892696,0.0011133465502186175,0.003521440228452912,-0.020809924620400017,-0.0033834083686381904,-0.012936240008228194,0.011017879690876815,-0.007557129796163259,0.0011379321215975401,-0.005818924878008294,0.0076449688259539825,0.004807249477688076,0.0018762273854752679,-0.00843740736331776,0.0068855830986361815,-0.0024324165616634993,-0.016663906110490363,0.027903243772203712,-0.0010555567321215895,-0.009195630083271681,0.0030550731558332,0.007463828116332542,0.005579928088020564,0.012762994797194081,-0.005819527434648289,0.00018849213056487587,-0.01438275954145138,-0.004960446475839644,-0.0024660680156802987,0.0036773953691936955,-0.006405239430220555,0.004636779477645287,-0.005697146265607331,0.009005712317737478,-0.009905439935433129,0.0042660803872625955,0.0033514617147552134,-0.0010555567321215895,0.03350894238303308,-0.010916101549497258,0.005033371249118039,0.0017300810411705239,0.003234724402009054,-0.008384928069840942,-0.0071540596694423305,0.009959345468096435,-0.014021560689355303,2.5850570192984366e-5,0.0071273304645031975,-0.00784679070369612,-0.0020463452747044144,-0.006323128103379235,0.005759146258058149,-0.002709360426684652,-0.002866763726718128,0.0045985537038964255,0.018155969575726925,-0.009195630083271681,-0.010916101549497258,0.033731322870957,-0.0020492122646802767,-0.0034698930470386997,-0.001741034410612513,-0.014336492086492736,0.005910010107843153,-0.016327770331342528,0.015396421113338554,0.0013797642599326053,0.004559963036628442,0.006687166398282212,0.00823209665356215,0.015672915201604395,-0.025343137369187137,-0.005549395089928619,-0.0021694801614484636,-0.0009914784298851874,0.0027654843327892696,0.0030550731558332,0.005033371249118039,-0.0020492122646802767,0.036465393047832216,-0.0019519442647248143,0.006345930260562203,0.003215318685557118,-0.010527175400972788,-0.0031769333628473093,-0.006745897591528891,-0.009528568215590984,0.0020614027476429765,-0.013678458523112013,-0.004737144614840953,-0.0017258424299785619,0.012545586852389434,0.002024093785526868,0.00671046031530459,0.0016341201538927932,0.0011133465502186175,0.007463828116332542,0.0017300810411705239,-0.0034698930470386997,-0.0019519442647248143,0.033921143393596996,-0.0016398795288994341,-0.0034527170386960296,-0.009502640093033369,-0.014025445342755554,-0.001970832434083353,0.002082317494573103,0.000875819975630952,-0.0011525683649190686,-0.0015613537942463659,0.008409810788454382,-0.00043357610164551294,-0.0090393675560159,0.00043407389954982166,-0.005425121933491206,0.003521440228452912,0.005579928088020564,0.003234724402009054,-0.001741034410612513,0.006345930260562203,-0.0016398795288994341,0.02296492410974969,0.001556657815935196,-0.0033308318667982987,-0.008118117399891888,-0.001883903978542166,0.00023478367318063577,-0.005530086793562861,0.008301908407276463,0.012749728883899518,0.005356661273956308,-0.0052860231920229045,-0.012752585288372757,0.0031538527120499515,-0.003707796440705018,-0.020809924620400017,0.012762994797194081,-0.008384928069840942,-0.014336492086492736,0.003215318685557118,-0.0034527170386960296,0.001556657815935196,0.04395749703004506,0.001736101426210816,0.011557355494535612,-0.022706539875027108,0.006114715309628493,-0.0018459265920276655,0.000674554983392193,-0.005006571518193144,-0.009997681694173415,0.00011080695065442222,-0.007939341501742816,-0.0072020115342698665,0.002459370252502144,-0.0033834083686381904,-0.005819527434648289,-0.0071540596694423305,0.005910010107843153,-0.010527175400972788,-0.009502640093033369,-0.0033308318667982987,0.001736101426210816,0.03684739181565207,0.0019104094393689246,0.007870515869976362,0.003718300595250073,-0.002432171752092574,0.010507183052275968,0.0030715216755088817,-0.004284222520880338,-0.0044853661648319035,0.008587025004794743,-0.004352958384147666,0.0035560922497140644,-0.012936240008228194,0.00018849213056487587,0.009959345468096435,-0.016327770331342528,-0.0031769333628473093,-0.014025445342755554,-0.008118117399891888,0.011557355494535612,0.0019104094393689246,0.042176792096035684,-0.008319635593098663,0.00016671379201183361,0.0035112245593781313,-0.009881157901500412,-0.011495121863849841,-0.008576506926050869,0.011578302605786382,0.008304265820457114,0.007325567782548111,-0.006023750963532514,0.011017879690876815,-0.01438275954145138,-0.014021560689355303,0.015396421113338554,-0.006745897591528891,-0.001970832434083353,-0.001883903978542166,-0.022706539875027108,0.007870515869976362,-0.008319635593098663,0.0418026382513181
