0.05823871566324928,0.005846902084323657,-0.0007490380121799219,-0.005129342226288267,-0.004766418764663013,-0.029675377141223404,0.02066043177696684,0.0036999646076832223,0.010073954966546943,-0.008108299943171386,-0.005376399158375522,-0.009542895571493577,0.019960962882713932,-0.010807712831906766,0.010701884419177951,-0.03910476000100634,0.0007442037640614067,-0.0035413537063362947,0.017529034065831027,0.004548510243620946,0.005846902084323657,0.0346745222518463,-0.009179142883283357,0.0036582857016575565,0.005895423193153258,0.004568805411709899,-0.002805142117127382,-0.0018025509623487165,0.004439362822431181,-0.006784298221401357,0.00536505348952572,0.013800568111835157,-0.004041418866992299,0.002527244604518715,0.0008553513410378885,0.005909529449759168,-0.0060425347315788335,-0.0090513970792288,-0.013474765494511012,0.0011055710149321856,-0.0007490380121799219,-0.009179142883283357,0.039814256651018606,-0.007856172200159349,-0.005591799204292034,-0.013271948644757012,0.006682018684465914,-0.0037406717840547973,-0.00854896087362203,0.0034691460109150096,-0.0035736088579801056,0.0027447860524096035,-0.0055593596463527194,-0.0006037430507080422,-0.0004261389310836611,0.010964421289090566,0.00378918076564585,0.016141448956404125,-0.0030905595048030176,-0.012752931999485509,-0.005129342226288267,0.0036582857016575565,-0.007856172200159349,0.031567681315139796,0.00020970494066073253,0.013910229205812946,-0.005304896738883239,0.0035606814093429584,0.016850980950094095,0.0008264270593867479,-0.00035047614579820577,-0.00814143933234554,-0.002672641509637943,0.00397290282940685,-0.01060931190966276,0.008414138247405658,0.0057944055819194795,-0.0013227743110401928,-0.01634506695367464,0.0022531821613718107,-0.004766418764663013,0.005895423193153258,-0.005591799204292034,0.00020970494066073253,0.033281534236416346,0.0106041685472483,-0.009160796625006773,-0.0020506465921584674,-0.01639076341380371,0.0022657677001764586,0.00024398024871843515,0.0005048919826087336,-0.0007005817184868222,-0.008128488660349821,0.00011024172981190586,-0.00225963913837781,-0.010390092390544833,-0.00016403371895318367,0.0016509155473021127,0.014236698943612385,-0.029675377141223404,0.004568805411709899,-0.013271948644757012,0.013910229205812946,0.0106041685472483,0.0672918324881241,-0.03305995644190169,-0.0018565538329468074,0.010973411921289736,0.007945578728422933,-0.00042134870290906065,0.015291498537802598,-0.013432209647601943,0.015380694556699374,-0.013892231088881834,0.022576668928845408,0.004114433860152096,-0.010440029174289035,-0.03206748436486648,-0.009046976880415909,0.02066043177696684,-0.002805142117127382,0.006682018684465914,-0.005304896738883239,-0.009160796625006773,-0.03305995644190169,0.07044712053518006,-0.008129948176465403,-0.012278663296838962,-0.014304428683518632,0.01894005130939897,-0.02111111675538877,0.022308257370352438,-0.03377208446362151,0.011402173269817755,-0.03295017547620478,-0.010630570610393457,0.00401200416080701,0.04583342522355338,0.011544405408286787,0.0036999646076832223,-0.0018025509623487165,-0.0037406717840547973,0.0035606814093429584,-0.0020506465921584674,-0.0018565538329468074,-0.008129948176465403,0.02191329999746926,0.005000984776687997,0.004017058555859118,-0.0032925005754790545,-0.0073609685206084624,-0.006074370563356905,0.013862893478851269,0.0020664862267186566,0.006168474549480805,0.00698320037046315,-0.004937963673672663,-0.013322287343472256,-0.008538221132121337,0.010073954966546943,0.004439362822431181,-0.00854896087362203,0.016850980950094095,-0.01639076341380371,0.010973411921289736,-0.012278663296838962,0.005000984776687997,0.06119630185031964,0.008585138528815504,-0.004224077530811519,-0.004778740512573665,0.0013209915536410047,0.008874792716955925,-0.0026185861677366995,0.006996273517879573,0.012667385652057672,-0.012996230217956248,-0.025780831084707617,-0.008810594711732867,-0.008108299943171386,-0.006784298221401357,0.0034691460109150096,0.0008264270593867479,0.0022657677001764586,0.007945578728422933,-0.014304428683518632,0.004017058555859118,0.008585138528815504,0.032402323894539085,-0.008950085944442604,0.001431878675725436,0.0015633044833907512,0.0017107387193210676,-0.005888784211102321,0.012654645428598735,0.003284566135452577,-0.008875193339333304,-0.020692915805937642,0.00015095542008094278,-0.005376399158375522,0.00536505348952572,-0.0035736088579801056,-0.00035047614579820577,0.00024398024871843515,-0.00042134870290906065,0.01894005130939897,-0.0032925005754790545,-0.004224077530811519,-0.008950085944442604,0.036132667056897,-0.012837869261676634,-0.005914132765974845,-0.0084661883371507,0.008928714876130648,0.002008380605725772,-0.005356183180886045,-0.00017088495212433762,0.006925045101664418,0.0014730413117887676,-0.009542895571493577,0.013800568111835157,0.0027447860524096035,-0.00814143933234554,0.0005048919826087336,0.015291498537802598,-0.02111111675538877,-0.0073609685206084624,-0.004778740512573665,0.001431878675725436,-0.012837869261676634,0.06637094461087156,-0.0007549990148854151,0.02406445091087267,-0.0033914488766742714,0.0047724035871765085,0.00442457413467583,-0.010583725637916801,-0.006821994912680877,-0.00378705592328226,0.019960962882713932,-0.004041418866992299,-0.0055593596463527194,-0.002672641509637943,-0.0007005817184868222,-0.013432209647601943,0.022308257370352438,-0.006074370563356905,0.0013209915536410047,0.0015633044833907512,-0.005914132765974845,-0.0007549990148854151,0.03766825196699548,-0.022125184565998286,0.007292671679519093,-0.031331311946850626,-0.004970135470861635,0.0024105977913161446,0.029390115899920296,0.01515455575554204,-0.010807712831906766,0.002527244604518715,-0.0006037430507080422,0.00397290282940685,-0.008128488660349821,0.015380694556699374,-0.03377208446362151,0.013862893478851269,0.008874792716955925,0.0017107387193210676,-0.0084661883371507,0.02406445091087267,-0.022125184565998286,0.06621337462391565,-0.00605811495069999,0.025955051168088685,0.023612902666318394,-0.013168135558801787,-0.03824071558189933,-0.021284887589157947,0.010701884419177951,0.0008553513410378885,-0.0004261389310836611,-0.01060931190966276,0.00011024172981190586,-0.013892231088881834,0.011402173269817755,0.0020664862267186566,-0.0026185861677366995,-0.005888784211102321,0.008928714876130648,-0.0033914488766742714,0.007292671679519093,-0.00605811495069999,0.0421790110476873,-0.018718912058999018,-0.009458174410113283,-0.0035136361489594165,0.014223346706650007,0.006634190450718196,-0.03910476000100634,0.005909529449759168,0.010964421289090566,0.008414138247405658,-0.00225963913837781,0.022576668928845408,-0.03295017547620478,0.006168474549480805,0.006996273517879573,0.012654645428598735,0.002008380605725772,0.0047724035871765085,-0.031331311946850626,0.025955051168088685,-0.018718912058999018,0.06686681557234128,0.0058520110078570595,-0.0020252031999217295,-0.051574801900099124,-0.014407263386272302,0.0007442037640614067,-0.0060425347315788335,0.00378918076564585,0.0057944055819194795,-0.010390092390544833,0.004114433860152096,-0.010630570610393457,0.00698320037046315,0.012667385652057672,0.003284566135452577,-0.005356183180886045,0.00442457413467583,-0.004970135470861635,0.023612902666318394,-0.009458174410113283,0.0058520110078570595,0.032828159956599656,-0.003312093727963752,-0.011671029584828387,-0.01262745185760656,-0.0035413537063362947,-0.0090513970792288,0.016141448956404125,-0.0013227743110401928,-0.00016403371895318367,-0.010440029174289035,0.00401200416080701,-0.004937963673672663,-0.012996230217956248,-0.008875193339333304,-0.00017088495212433762,-0.010583725637916801,0.0024105977913161446,-0.013168135558801787,-0.0035136361489594165,-0.0020252031999217295,-0.003312093727963752,0.02910938943668989,0.014645992010571221,0.006460003652183399,0.017529034065831027,-0.013474765494511012,-0.0030905595048030176,-0.01634506695367464,0.0016509155473021127,-0.03206748436486648,0.04583342522355338,-0.013322287343472256,-0.025780831084707617,-0.020692915805937642,0.006925045101664418,-0.006821994912680877,0.029390115899920296,-0.03824071558189933,0.014223346706650007,-0.051574801900099124,-0.011671029584828387,0.014645992010571221,0.08786661352834271,0.02591657589292632,0.004548510243620946,0.0011055710149321856,-0.012752931999485509,0.0022531821613718107,0.014236698943612385,-0.009046976880415909,0.011544405408286787,-0.008538221132121337,-0.008810594711732867,0.00015095542008094278,0.0014730413117887676,-0.00378705592328226,0.01515455575554204,-0.021284887589157947,0.006634190450718196,-0.014407263386272302,-0.01262745185760656,0.006460003652183399,0.02591657589292632,0.039422731824026634
0.05292636478849973,0.01261347842235155,-0.003230754894930512,0.03995483771248391,-0.007428679459060781,-0.004683437941368981,1.3180703592804034e-5,-0.010523461849288575,0.015031529490965402,-0.006133506271780375,0.013621979884812794,-0.04489182079868402,-0.02725799625381521,-0.00427643702841594,0.014704643113167992,-0.028486914004245287,-0.008114860559324371,-0.0035319575693127285,0.04457336457372321,0.02118387411904353,0.01261347842235155,0.04919969330615535,-0.030667358103593872,0.048318300528333205,-0.002756749205116888,0.023268801380745843,-0.031903222319220416,-0.014858689939532696,0.04137960545937901,0.005180584099520648,0.0010338897542404835,-0.034131296795842744,-0.05316271740983199,0.035259574459258744,0.02981219107905977,-0.008967611444405355,-0.007564736435371476,-0.013619812881634497,-0.00828648745984283,0.038060207890284,-0.003230754894930512,-0.030667358103593872,0.07318945319754984,-0.04243534166163167,0.005646538266414711,-0.03410134306632316,0.07587799657825664,0.0009506439904849746,-0.07445733643724356,-0.030889540774468406,0.02694384166703325,0.036682046862302656,0.059013464181684516,-0.10143019474648812,-0.03678557720467683,-0.01865248194226052,-0.02177122031582699,0.04064300292488019,0.06754108035971426,-0.06645940940693802,0.03995483771248391,0.048318300528333205,-0.04243534166163167,0.12374958590975542,-0.017093934448946503,0.036495527032471956,-0.051523376817131386,-0.020354107780995487,0.06545813558157894,-0.01474828612784345,0.01728563692997019,-0.07190512393015559,-0.09694232051470393,0.05094633420902141,0.03570146936522245,-0.018099146149071037,-0.020913324088517326,-0.012562091843287,0.039084135009412505,0.05772357781489401,-0.007428679459060781,-0.002756749205116888,0.005646538266414711,-0.017093934448946503,0.032329907765095554,0.008153072096396357,0.0018796951478090508,-2.696794864489845e-5,-0.011401577383770276,0.0015296404117427355,-0.004008347868697382,-0.004741105739665754,-0.0008242311938171857,-0.011446433552678593,0.01358884529737258,0.0004857129654099613,0.0018571625009506847,-0.011341200398080948,-0.01425215043079151,-0.010506620678155307,-0.004683437941368981,0.023268801380745843,-0.03410134306632316,0.036495527032471956,0.008153072096396357,0.06772500187699682,-0.05952191890046074,-0.002100145203007777,0.04713039461278849,0.009485773027896003,-0.007293469104563908,-0.0217010032166068,-0.06391683214226399,0.07437120340984962,0.026067820659769387,0.023353390905551996,0.012173763877417636,-0.03139072307160281,-0.04361030670337804,0.01983803853084807,1.3180703592804034e-5,-0.031903222319220416,0.07587799657825664,-0.051523376817131386,0.0018796951478090508,-0.05952191890046074,0.1992602783401696,-0.0027376249333871568,-0.05565682871303415,-0.06717920904109867,0.06447369804809966,0.04229786307166635,0.1094076106652953,-0.19272258863382752,-0.07323710277595837,-0.07087290589087242,-0.08683476488404768,0.06930346834723143,0.14229301190891436,-0.051929486479035336,-0.010523461849288575,-0.014858689939532696,0.0009506439904849746,-0.020354107780995487,-2.696794864489845e-5,-0.002100145203007777,-0.0027376249333871568,0.026472223141274683,-0.009867206898943097,0.0016303138265687123,-0.005408800139447718,0.017733825294379002,0.012891723458483174,0.017268497326490495,-0.0063496110796163715,0.01816947251464651,0.01376158002535928,-0.0014912875939226502,-0.023261187626235587,-0.017744262769221985,0.015031529490965402,0.04137960545937901,-0.07445733643724356,0.06545813558157894,-0.011401577383770276,0.04713039461278849,-0.05565682871303415,-0.009867206898943097,0.15140880751123728,0.040004523710443524,-0.025876418732366964,-0.0480909582323233,-0.0705378579073062,0.08871501188494876,0.023910602248230377,0.008278884836847985,0.0015011842075596132,-0.0345515570403317,-0.05849944743009644,0.0946508460082867,-0.006133506271780375,0.005180584099520648,-0.030889540774468406,-0.01474828612784345,0.0015296404117427355,0.009485773027896003,-0.06717920904109867,0.0016303138265687123,0.040004523710443524,0.07898848727533615,-0.05122963102379669,-0.015250826225408042,-0.011317194034791696,0.06680061529544483,0.024175672667893187,0.025551144330682958,0.050899898337388276,-0.03143390262524762,-0.08774095704999227,0.04290652248916413,0.013621979884812794,0.0010338897542404835,0.02694384166703325,0.01728563692997019,-0.004008347868697382,-0.007293469104563908,0.06447369804809966,-0.005408800139447718,-0.025876418732366964,-0.05122963102379669,0.06072588145208198,0.0030044048088068696,0.006370965723740252,-0.06250723387658336,-0.014508121479542294,-0.03374084329578175,-0.045793257650105494,0.020827347747842333,0.08774658219397441,-0.032190623349954296,-0.04489182079868402,-0.034131296795842744,0.036682046862302656,-0.07190512393015559,-0.004741105739665754,-0.0217010032166068,0.04229786307166635,0.017733825294379002,-0.0480909582323233,-0.015250826225408042,0.0030044048088068696,0.10152802240998188,0.07226443363102136,-0.03152784056945728,-0.051477882614743606,0.02990813942514159,0.0012366880830765562,0.018654851426331377,-0.02595918686960802,-0.05714231824654184,-0.02725799625381521,-0.05316271740983199,0.059013464181684516,-0.09694232051470393,-0.0008242311938171857,-0.06391683214226399,0.1094076106652953,0.012891723458483174,-0.0705378579073062,-0.011317194034791696,0.006370965723740252,0.07226443363102136,0.1405925121602961,-0.12533184092055352,-0.07156579142265648,-0.016625053330660847,-0.018454777228474526,0.05221263036253892,0.043040268417970484,-0.05781074419496145,-0.00427643702841594,0.035259574459258744,-0.10143019474648812,0.05094633420902141,-0.011446433552678593,0.07437120340984962,-0.19272258863382752,0.017268497326490495,0.08871501188494876,0.06680061529544483,-0.06250723387658336,-0.03152784056945728,-0.12533184092055352,0.268079575478693,0.07357482620781047,0.09157674998874579,0.09388767275460905,-0.08946175254286474,-0.1864496892175418,0.07206207474849427,0.014704643113167992,0.02981219107905977,-0.03678557720467683,0.03570146936522245,0.01358884529737258,0.026067820659769387,-0.07323710277595837,-0.0063496110796163715,0.023910602248230377,0.024175672667893187,-0.014508121479542294,-0.051477882614743606,-0.07156579142265648,0.07357482620781047,0.0881299356143764,-0.007299115835134444,0.023852666267285834,-0.04445520784141675,-0.0269407438074567,0.03495743938379166,-0.028486914004245287,-0.008967611444405355,-0.01865248194226052,-0.018099146149071037,0.0004857129654099613,0.023353390905551996,-0.07087290589087242,0.01816947251464651,0.008278884836847985,0.025551144330682958,-0.03374084329578175,0.02990813942514159,-0.016625053330660847,0.09157674998874579,-0.007299115835134444,0.08713080299634825,0.04600865720718954,-0.031993278425625146,-0.12148202694981919,-0.003470625303466755,-0.008114860559324371,-0.007564736435371476,-0.02177122031582699,-0.020913324088517326,0.0018571625009506847,0.012173763877417636,-0.08683476488404768,0.01376158002535928,0.0015011842075596132,0.050899898337388276,-0.045793257650105494,0.0012366880830765562,-0.018454777228474526,0.09388767275460905,0.023852666267285834,0.04600865720718954,0.07368898700212709,-0.03391270322660907,-0.09271526140553331,0.007938610502487276,-0.0035319575693127285,-0.013619812881634497,0.04064300292488019,-0.012562091843287,-0.011341200398080948,-0.03139072307160281,0.06930346834723143,-0.0014912875939226502,-0.0345515570403317,-0.03143390262524762,0.020827347747842333,0.018654851426331377,0.05221263036253892,-0.08946175254286474,-0.04445520784141675,-0.031993278425625146,-0.03391270322660907,0.05672543808717909,0.07645840100952607,-0.024886326314208132,0.04457336457372321,-0.00828648745984283,0.06754108035971426,0.039084135009412505,-0.01425215043079151,-0.04361030670337804,0.14229301190891436,-0.023261187626235587,-0.05849944743009644,-0.08774095704999227,0.08774658219397441,-0.02595918686960802,0.043040268417970484,-0.1864496892175418,-0.0269407438074567,-0.12148202694981919,-0.09271526140553331,0.07645840100952607,0.26525783957535476,-0.03766738854718292,0.02118387411904353,0.038060207890284,-0.06645940940693802,0.05772357781489401,-0.010506620678155307,0.01983803853084807,-0.051929486479035336,-0.017744262769221985,0.0946508460082867,0.04290652248916413,-0.032190623349954296,-0.05714231824654184,-0.05781074419496145,0.07206207474849427,0.03495743938379166,-0.003470625303466755,0.007938610502487276,-0.024886326314208132,-0.03766738854718292,0.10822908661003691
0.09630598390097743,-0.015353338527754765,0.04029693491730744,-0.019358551556130227,-0.009815776198601862,0.005875443025594949,0.004614086944987127,-0.028902458106324306,-0.000353495080038546,0.04487005545532159,0.03085499943161984,0.0055551721572975245,0.004985476248840302,0.00028257042702014136,-0.06015690843939885,0.009397862522376177,0.0006656972656261844,-0.001533131816064602,-0.03094123797252392,-0.05591598454840109,-0.015353338527754765,0.028683864926485374,-0.003153720285315911,-0.014354119799047377,0.00126395504141749,-0.004471850495448971,0.003523219502413332,0.0068717439120858596,-0.007163270190252269,0.0018530463372637565,-0.011264764337076644,-0.01622934182634299,0.007547505827456783,0.003066619266624158,0.018212806828034417,-0.002170367686788994,-0.004315646637591807,0.0011233695511165852,-0.0008327692698237819,0.007672910390038758,0.04029693491730744,-0.003153720285315911,0.08297399952226016,-0.0028151036074024454,0.011929255046131196,-0.005357616461188993,0.0037055736083617423,-0.010267485739750467,-0.024155670072650293,0.03782610098730965,0.03525878962168856,0.01549201199401018,0.0016283325648323024,-0.03259585214410898,-0.04693198430134757,-0.021367108698454155,-0.012571454916046106,0.014385278442456434,-0.021400256302539847,-0.037678525012401085,-0.019358551556130227,-0.014354119799047377,-0.0028151036074024454,0.04002496626057099,0.00315619543825645,-0.004011726664204383,-0.015301743482577176,0.011421883279721105,0.0031574862838263072,-0.023786096051570844,0.002773247274323499,0.01170762707221824,-0.008788420671439555,-0.010483318167766837,0.004329618778394433,-0.0006896618644406478,0.008816741402023424,0.0010493915544038637,0.003498788814200407,0.01370480139246829,-0.009815776198601862,0.00126395504141749,0.011929255046131196,0.00315619543825645,0.023256341803131377,0.003059239308312608,-0.0013634836108171477,0.0026008124544662915,-0.0035134951355625874,0.0073137380767886034,0.005360103547716773,0.0027389765171111644,-0.0012084640298748303,-0.011950887023599224,-0.011136402516566484,-0.010416312942006232,0.004559520032259069,0.009987328919947615,-0.0037809860346703166,-0.004187907889769923,0.005875443025594949,-0.004471850495448971,-0.005357616461188993,-0.004011726664204383,0.003059239308312608,0.033289935629050985,0.005750824448021236,0.00039465407495887866,0.008928727858253962,0.007013162842025482,-0.008399245017097406,-0.013187297463123401,-0.001989537794156991,0.009435491413144956,-0.0013853188100414059,-0.010819793516012553,0.01015260728284317,0.005392752105433298,0.004350219035183016,-0.014652358390689282,0.004614086944987127,0.003523219502413332,0.0037055736083617423,-0.015301743482577176,-0.0013634836108171477,0.005750824448021236,0.03677867453355766,-0.008265034901733036,0.00022448172024248166,0.017329743492968345,-0.007191043845717911,-0.013382067453985808,-0.004538675379840049,0.005257180479125467,-0.002523059954528573,-0.013940469614586157,0.003643286331282914,0.000989095977975897,0.0014946327779221031,-0.012875564788874735,-0.028902458106324306,0.0068717439120858596,-0.010267485739750467,0.011421883279721105,0.0026008124544662915,0.00039465407495887866,-0.008265034901733036,0.03549231042208113,-0.001037830002516015,-0.018786489609590118,0.0011163013467394374,0.004899122592335192,0.0012775104803345264,-0.009510414034594955,0.016905275279902324,-0.01164299211416658,-0.0003207902609747724,0.004922689597997037,0.0018373595272988736,0.010168546260168936,-0.000353495080038546,-0.007163270190252269,-0.024155670072650293,0.0031574862838263072,-0.0035134951355625874,0.008928727858253962,0.00022448172024248166,-0.001037830002516015,0.029938744572671146,-0.008652619295719918,-0.00849731182408849,0.0006183725002240092,-0.005580858453345095,0.008527108781834778,0.0015778997173025362,0.009578806566798445,0.006073020006752646,-0.0015543225194062675,0.006773234501973913,-0.0012356446928394951,0.04487005545532159,0.0018530463372637565,0.03782610098730965,-0.023786096051570844,0.0073137380767886034,0.007013162842025482,0.017329743492968345,-0.018786489609590118,-0.008652619295719918,0.07754950766255307,0.025022832023955888,-0.011606789208217134,0.005105268777474654,-0.000661534194548912,-0.05151378320004403,-0.021720696763713177,-0.0034756168934356583,0.017599423673233517,-0.024605580836719675,-0.05439697910971665,0.03085499943161984,-0.011264764337076644,0.03525878962168856,0.002773247274323499,0.005360103547716773,-0.008399245017097406,-0.007191043845717911,0.0011163013467394374,-0.00849731182408849,0.025022832023955888,0.07805619197886839,0.03409176393427417,-0.003454549223174945,-0.03496418489720522,-0.04130265309143526,-0.01028510097814109,-0.0071802907737993586,0.01955028588648877,-0.026475979392025662,-0.03544809799244592,0.0055551721572975245,-0.01622934182634299,0.01549201199401018,0.01170762707221824,0.0027389765171111644,-0.013187297463123401,-0.013382067453985808,0.004899122592335192,0.0006183725002240092,-0.011606789208217134,0.03409176393427417,0.05639867265055953,0.00415711477875401,-0.021679821869991442,-0.021293914601560972,0.0036264261271008137,-0.006631591003575807,0.006231656584994947,-0.021982445095224012,-0.0009137161107132418,0.004985476248840302,0.007547505827456783,0.0016283325648323024,-0.008788420671439555,-0.0012084640298748303,-0.001989537794156991,-0.004538675379840049,0.0012775104803345264,-0.005580858453345095,0.005105268777474654,-0.003454549223174945,0.00415711477875401,0.039106373525373946,-0.0006700782601630412,-0.00294526391554696,0.0006482692212799483,-0.016161644012088482,0.0020082886737282767,-0.0007564791819384162,0.0008177531753398094,0.00028257042702014136,0.003066619266624158,-0.03259585214410898,-0.010483318167766837,-0.011950887023599224,0.009435491413144956,0.005257180479125467,-0.009510414034594955,0.008527108781834778,-0.000661534194548912,-0.03496418489720522,-0.021679821869991442,-0.0006700782601630412,0.05397972303047989,0.0248318006812025,0.01168637711756297,0.005168177480809852,-0.018841235343040365,0.015649760784768166,0.01890991634084922,-0.06015690843939885,0.018212806828034417,-0.04693198430134757,0.004329618778394433,-0.011136402516566484,-0.0013853188100414059,-0.002523059954528573,0.016905275279902324,0.0015778997173025362,-0.05151378320004403,-0.04130265309143526,-0.021293914601560972,-0.00294526391554696,0.0248318006812025,0.09567497528536456,0.015632541839977268,-0.0019832362985486448,-0.020042546103686533,0.03713255674182427,0.06122506861627509,0.009397862522376177,-0.002170367686788994,-0.021367108698454155,-0.0006896618644406478,-0.010416312942006232,-0.010819793516012553,-0.013940469614586157,-0.01164299211416658,0.009578806566798445,-0.021720696763713177,-0.01028510097814109,0.0036264261271008137,0.0006482692212799483,0.01168637711756297,0.015632541839977268,0.05145524727831234,0.0014655897976519612,-0.01623158607967721,-0.002064018717219589,0.021583034833570373,0.0006656972656261844,-0.004315646637591807,-0.012571454916046106,0.008816741402023424,0.004559520032259069,0.01015260728284317,0.003643286331282914,-0.0003207902609747724,0.006073020006752646,-0.0034756168934356583,-0.0071802907737993586,-0.006631591003575807,-0.016161644012088482,0.005168177480809852,-0.0019832362985486448,0.0014655897976519612,0.027431438986720992,-0.0019214286001128355,-0.00015002008581796174,0.0006027319183650958,-0.001533131816064602,0.0011233695511165852,0.014385278442456434,0.0010493915544038637,0.009987328919947615,0.005392752105433298,0.000989095977975897,0.004922689597997037,-0.0015543225194062675,0.017599423673233517,0.01955028588648877,0.006231656584994947,0.0020082886737282767,-0.018841235343040365,-0.020042546103686533,-0.01623158607967721,-0.0019214286001128355,0.036997748005234976,-0.013623041165580472,-0.01912543855053188,-0.03094123797252392,-0.0008327692698237819,-0.021400256302539847,0.003498788814200407,-0.0037809860346703166,0.004350219035183016,0.0014946327779221031,0.0018373595272988736,0.006773234501973913,-0.024605580836719675,-0.026475979392025662,-0.021982445095224012,-0.0007564791819384162,0.015649760784768166,0.03713255674182427,-0.002064018717219589,-0.00015002008581796174,-0.013623041165580472,0.04881043964983037,0.024948119727355958,-0.05591598454840109,0.007672910390038758,-0.037678525012401085,0.01370480139246829,-0.004187907889769923,-0.014652358390689282,-0.012875564788874735,0.010168546260168936,-0.0012356446928394951,-0.05439697910971665,-0.03544809799244592,-0.0009137161107132418,0.0008177531753398094,0.01890991634084922,0.06122506861627509,0.021583034833570373,0.0006027319183650958,-0.01912543855053188,0.024948119727355958,0.07784074793486795
