0.012328253327989615,-0.0007154248058790085,0.0056717493576759915,-0.000858054559778456,0.0022074080200160783,-0.0005184363701142335,0.003956615419358647,-0.0016204303169365187,0.0009178070166169445,0.00178157352169463,-0.003505701289577127,-0.004352286662583174,0.0020577744990018187,0.00219069112809813,0.0010371874913377302,0.0012563408076498265,-0.0012760681487403354,-0.004853847073603288,-0.00023135756069241038,-0.006246773929141738,-0.0007154248058790085,0.021995710749273898,-0.008323575258513965,-0.003729608407684315,0.0010333495208073135,0.0013054907067978653,0.001823158806961627,0.0014982492131376856,-0.0008444654372365528,-0.011002609797250967,0.0022507127791156056,-0.007789500080329293,0.002232011186039969,0.005292522512030168,-0.002918596430459742,0.00016072491985263845,-0.0016698468461884318,0.006588865622396184,0.001189802844529086,0.0006403055181287285,0.0056717493576759915,-0.008323575258513965,0.017940716967052343,0.0016129324928648462,0.0020968559222596965,0.0006374109997199414,-0.0018719209959966706,-0.002837094287320185,0.00028356909517911915,0.0026426108322152616,0.0016402304848972089,0.002712866732748148,0.002771650447159651,-0.0016479458095607557,-0.00036057131709629363,0.005355617549638666,-0.00015116948818554618,-0.004806383026682542,-0.004393649396078044,-0.004592659471920918,-0.000858054559778456,-0.003729608407684315,0.0016129324928648462,0.025255071659963824,-0.001377706840782663,0.0021388984416344896,0.0015335044947843296,0.004023950848461729,0.0027582304895766487,0.0005412697023896051,-0.0010933184470582787,-0.0016323814676680961,0.004873222088720963,-0.002081275704364488,-0.00086293672192306,-0.0015519936283546663,-0.0007126571392510415,-0.007651297755122544,-0.0002380920075447235,0.001231668650486968,0.0022074080200160783,0.0010333495208073135,0.0020968559222596965,-0.001377706840782663,0.01822038865885126,-0.004755361068684081,-0.0024551593832522573,-0.002068928464013184,0.00015494846328394565,0.0024531054041980853,-0.0010675340083036284,0.004341543002765733,-0.003755563726984534,0.003596020759669941,0.001280408699611154,0.0019475042151147798,-0.0019302274953663834,-0.001820622079704561,-0.0021182380783277732,1.5529046725142178e-5,-0.0005184363701142335,0.0013054907067978653,0.0006374109997199414,0.0021388984416344896,-0.004755361068684081,0.026175724276972477,0.008923239853757377,0.0037936107637143767,-0.00019786848547267817,-0.0006250466689170004,-0.005174269743626933,-0.0018513902798097815,0.002201857096183793,-0.006416944348339766,0.007367976666678377,-0.001857549452327557,-7.165207031384563e-5,-0.0012235777637997786,-0.0051010414676326546,0.0046135228416196,0.003956615419358647,0.001823158806961627,-0.0018719209959966706,0.0015335044947843296,-0.0024551593832522573,0.008923239853757377,0.016988968823932506,-0.0003967604612436985,0.001899500321657476,0.006586826519630464,-0.0013247229138270119,0.000943992355946719,0.005767216025942145,-0.005320480925372526,0.0031385581343740844,0.00037667281695990976,-0.0036257593705455154,-0.004832872032716528,0.0003721141290802829,-5.7723470757114066e-5,-0.0016204303169365187,0.0014982492131376856,-0.002837094287320185,0.004023950848461729,-0.002068928464013184,0.0037936107637143767,-0.0003967604612436985,0.020151886565377686,0.0011425385987105807,-0.004069222358185743,-0.0005423241753598635,-0.007302188865565485,0.0015113271845894212,0.0025172841318195525,0.0007630218236824029,-4.402436824505232e-5,0.0001681233350234152,-0.0031281616366061124,-0.0028447781656499244,0.003334942088417964,0.0009178070166169445,-0.0008444654372365528,0.00028356909517911915,0.0027582304895766487,0.00015494846328394565,-0.00019786848547267817,0.001899500321657476,0.0011425385987105807,0.018587895515217393,0.0014345507481224658,7.674709606138637e-5,-0.0008434578657451279,0.005492102032129588,-0.003125635540625802,-0.00019388492181270366,-0.00037569217633383887,2.6770334671451694e-5,-0.0038905997211267198,0.00361257631252761,-2.145005643989998e-5,0.00178157352169463,-0.011002609797250967,0.0026426108322152616,0.0005412697023896051,0.0024531054041980853,-0.0006250466689170004,0.006586826519630464,-0.004069222358185743,0.0014345507481224658,0.03377778836465498,-0.0047881203015610755,0.0034193012063850163,0.001214387951694856,-0.005483499302920913,0.00250018426132528,0.0012059858445254616,-0.005963812503133408,-0.005558857258824641,-0.0033847016492134004,0.0032304857485222467,-0.003505701289577127,0.0022507127791156056,0.0016402304848972089,-0.0010933184470582787,-0.0010675340083036284,-0.005174269743626933,-0.0013247229138270119,-0.0005423241753598635,7.674709606138637e-5,-0.0047881203015610755,0.014440794752539907,0.00028659962574070666,-0.0010621108416262212,0.004512902151602292,-0.0008997560847270464,0.0022557457697588833,0.0017709042781848784,-0.0003138365565005683,0.002376540499781567,-0.0021972444339735404,-0.004352286662583174,-0.007789500080329293,0.002712866732748148,-0.0016323814676680961,0.004341543002765733,-0.0018513902798097815,0.000943992355946719,-0.007302188865565485,-0.0008434578657451279,0.0034193012063850163,0.00028659962574070666,0.022339920359140293,-0.0024460328182716855,-0.0023588446901495006,-0.001794740924150297,0.004433389307960219,-0.0059412860781395925,0.00018689572118353495,0.00011473916371268654,-0.0019547963346207876,0.0020577744990018187,0.002232011186039969,0.002771650447159651,0.004873222088720963,-0.003755563726984534,0.002201857096183793,0.005767216025942145,0.0015113271845894212,0.005492102032129588,0.001214387951694856,-0.0010621108416262212,-0.0024460328182716855,0.020886057365894946,-0.001491436684060934,-0.002410696678128901,-0.004118611190277852,-0.0011298629377399102,-0.005905623061349964,-0.0009363631074002247,-0.0014305116948077332,0.00219069112809813,0.005292522512030168,-0.0016479458095607557,-0.002081275704364488,0.003596020759669941,-0.006416944348339766,-0.005320480925372526,0.0025172841318195525,-0.003125635540625802,-0.005483499302920913,0.004512902151602292,-0.0023588446901495006,-0.001491436684060934,0.018958891239224774,-0.0008933168975515634,0.004508183770647864,0.004522874122450584,0.0010315140576983334,0.0018038015285649382,-0.002524033632721587,0.0010371874913377302,-0.002918596430459742,-0.00036057131709629363,-0.00086293672192306,0.001280408699611154,0.007367976666678377,0.0031385581343740844,0.0007630218236824029,-0.00019388492181270366,0.00250018426132528,-0.0008997560847270464,-0.001794740924150297,-0.002410696678128901,-0.0008933168975515634,0.024739034732802142,-0.0009593459473575333,0.004655764704173552,-0.005038728375973672,-0.0051817063666802585,-0.0007689624246067189,0.0012563408076498265,0.00016072491985263845,0.005355617549638666,-0.0015519936283546663,0.0019475042151147798,-0.001857549452327557,0.00037667281695990976,-4.402436824505232e-5,-0.00037569217633383887,0.0012059858445254616,0.0022557457697588833,0.004433389307960219,-0.004118611190277852,0.004508183770647864,-0.0009593459473575333,0.01130501883294961,0.001892313182566295,-0.004151803358785303,3.274466808532782e-5,-0.0018155877655411407,-0.0012760681487403354,-0.0016698468461884318,-0.00015116948818554618,-0.0007126571392510415,-0.0019302274953663834,-7.165207031384563e-5,-0.0036257593705455154,0.0001681233350234152,2.6770334671451694e-5,-0.005963812503133408,0.0017709042781848784,-0.0059412860781395925,-0.0011298629377399102,0.004522874122450584,0.004655764704173552,0.001892313182566295,0.016265538191634364,0.0029176898669020833,-0.0008421429035120949,0.0009501024012679512,-0.004853847073603288,0.006588865622396184,-0.004806383026682542,-0.007651297755122544,-0.001820622079704561,-0.0012235777637997786,-0.004832872032716528,-0.0031281616366061124,-0.0038905997211267198,-0.005558857258824641,-0.0003138365565005683,0.00018689572118353495,-0.005905623061349964,0.0010315140576983334,-0.005038728375973672,-0.004151803358785303,0.0029176898669020833,0.03030970560111563,0.0013651414732275423,0.005476229602729343,-0.00023135756069241038,0.001189802844529086,-0.004393649396078044,-0.0002380920075447235,-0.0021182380783277732,-0.0051010414676326546,0.0003721141290802829,-0.0028447781656499244,0.00361257631252761,-0.0033847016492134004,0.002376540499781567,0.00011473916371268654,-0.0009363631074002247,0.0018038015285649382,-0.0051817063666802585,3.274466808532782e-5,-0.0008421429035120949,0.0013651414732275423,0.012756912256202763,0.006597938430816351,-0.006246773929141738,0.0006403055181287285,-0.004592659471920918,0.001231668650486968,1.5529046725142178e-5,0.0046135228416196,-5.7723470757114066e-5,0.003334942088417964,-2.145005643989998e-5,0.0032304857485222467,-0.0021972444339735404,-0.0019547963346207876,-0.0014305116948077332,-0.002524033632721587,-0.0007689624246067189,-0.0018155877655411407,0.0009501024012679512,0.005476229602729343,0.006597938430816351,0.017102857562294613
