0.04035672050213642,0.00017512358596827478,0.012417699400581739,-0.01744484950432152,0.006883756359768461,0.017088811360003016,-0.006066001198660387,0.0021079434057718295,-0.002790675601092552,-0.001123758866404603,0.013252873827473985,-0.009500294746097777,0.0006691783001209705,-0.01019578771960159,0.0077400002604251636,0.0017183913074655245,0.010390805835443356,-0.0032608789903951214,0.00043380073728196836,0.006504391364213987,0.00017512358596827478,0.03575237664290229,0.004178543776162478,0.004575155477229547,0.003196709245869068,-0.00765604791770374,0.017403963358794072,-0.008983334482881623,0.01128729022915187,0.008865244392740225,0.0034554190509011045,-0.007931277514574201,-0.014261706382020796,0.012990922113837844,0.006841319429419632,0.0011302581457412568,-0.01630904285261371,0.01532477745232358,0.007838486957827039,0.003469934654001342,0.012417699400581739,0.004178543776162478,0.04102428659799748,-0.016838167911735376,-0.0008325468553869574,0.005220846389804749,0.00021729979918146472,0.002287882858035351,0.012086837275681665,-0.007153098339856448,0.015492060817496664,0.004620941957867333,0.010723995094809924,-0.005396968067244104,0.011558820000214312,-0.0018384896885237964,0.004574917924942362,-0.005214201706925731,-0.00023723656617700658,0.013570145121716193,-0.01744484950432152,0.004575155477229547,-0.016838167911735376,0.06392277934134236,0.007914344861454575,-0.006430120166643422,0.018109230655126513,0.0009326739501218043,0.003424313643128023,0.016618658160971016,-0.0053869076909645475,0.0069276784796329085,0.00324036431996203,0.015509460071436311,0.003978451864671257,0.013539298118075912,0.006543791187365804,0.004661184839057186,-0.003238975861113732,0.005992022095418912,0.006883756359768461,0.003196709245869068,-0.0008325468553869574,0.007914344861454575,0.03142149497264378,0.0068461530662336945,0.00434962772431089,-0.004653375506260365,0.0010469354201574702,0.0023152637438721333,-0.0029123539748719123,-0.0012740176887350114,-0.004069771458206532,0.006263934260173635,-0.0012703993829677532,0.005693947347436688,0.006385535345964684,0.0020296981522137537,-0.005688701458119913,0.0006576201014210953,0.017088811360003016,-0.00765604791770374,0.005220846389804749,-0.006430120166643422,0.0068461530662336945,0.041483474714646446,-0.009423820129529427,0.0052883217617274705,-0.015929850538659196,0.004215293563595769,0.0020858880114275687,-0.001811861745743728,0.005635111363739266,-0.009701491790376472,-0.00022015721489372506,0.001456339457400828,0.008140308331012657,-0.019162414251222202,-0.008378469084469028,0.0026629118170464912,-0.006066001198660387,0.017403963358794072,0.00021729979918146472,0.018109230655126513,0.00434962772431089,-0.009423820129529427,0.0402439413517051,-0.013584160537213364,0.02087337416781812,-0.002853355807746057,0.009170094230054514,-0.00956932804121396,-0.011773407563986663,0.014475880463881995,0.008494234979551613,0.0015632872670197652,-0.018253360782125177,0.014248688781860834,0.01370655799122466,0.004420002643501599,0.0021079434057718295,-0.008983334482881623,0.002287882858035351,0.0009326739501218043,-0.004653375506260365,0.0052883217617274705,-0.013584160537213364,0.03099500619678089,-0.007719917522018964,0.007369433025982087,-0.00786878238988847,0.0161693209437299,0.02528032741991876,-0.010525491452939973,-0.006978767744916068,-0.006450850196603788,0.00469572158508756,-0.023833309630432186,-0.01248322506981043,-0.00547023350481678,-0.002790675601092552,0.01128729022915187,0.012086837275681665,0.003424313643128023,0.0010469354201574702,-0.015929850538659196,0.02087337416781812,-0.007719917522018964,0.04166764149724273,-0.008716367641529804,0.01604381770383595,0.005172594234653473,-0.006676415101685569,0.019878996266840445,0.019792796880176676,0.0072277945699673295,-0.0031667369841010895,0.025256454682538856,0.013818452918361552,0.011753875268537214,-0.001123758866404603,0.008865244392740225,-0.007153098339856448,0.016618658160971016,0.0023152637438721333,0.004215293563595769,-0.002853355807746057,0.007369433025982087,-0.008716367641529804,0.037889489448364976,-0.010358380388612653,0.00824946705955521,0.0031666934043012747,0.0038821827269204766,-0.004863472815373849,0.003800275502837456,-0.0019152441578023875,-0.003804123910597,-0.004661635525733484,3.8453240494696565e-5,0.013252873827473985,0.0034554190509011045,0.015492060817496664,-0.0053869076909645475,-0.0029123539748719123,0.0020858880114275687,0.009170094230054514,-0.00786878238988847,0.01604381770383595,-0.010358380388612653,0.04067373759227942,-0.004385960745347238,0.00459472072298725,-0.0025619504769493315,0.019086039245595286,-0.007710497649051433,0.004727956739660199,0.007797897921531805,0.004373161431504938,0.006559975143505344,-0.009500294746097777,-0.007931277514574201,0.004620941957867333,0.0069276784796329085,-0.0012740176887350114,-0.001811861745743728,-0.00956932804121396,0.0161693209437299,0.005172594234653473,0.00824946705955521,-0.004385960745347238,0.05534195524264837,0.03326287314345756,-0.002244572003495517,0.0024567316965466487,0.0010130461092807104,0.013445532317364357,-0.017769159069823313,-0.01012720972743062,0.0003768440889630651,0.0006691783001209705,-0.014261706382020796,0.010723995094809924,0.00324036431996203,-0.004069771458206532,0.005635111363739266,-0.011773407563986663,0.02528032741991876,-0.006676415101685569,0.0031666934043012747,0.00459472072298725,0.03326287314345756,0.061593483476993505,-0.01730315036106552,0.0051890913600127295,-0.0027050619385938475,0.01729633659082616,-0.03408419264610335,-0.015716627982670355,-0.0020965184918182445,-0.01019578771960159,0.012990922113837844,-0.005396968067244104,0.015509460071436311,0.006263934260173635,-0.009701491790376472,0.014475880463881995,-0.010525491452939973,0.019878996266840445,0.0038821827269204766,-0.0025619504769493315,-0.002244572003495517,-0.01730315036106552,0.04250642442254947,0.0008485279712599383,-0.0009901067966147372,-0.014080195403096766,0.018768635450182248,0.005875206801311582,0.0016110817489585062,0.0077400002604251636,0.006841319429419632,0.011558820000214312,0.003978451864671257,-0.0012703993829677532,-0.00022015721489372506,0.008494234979551613,-0.006978767744916068,0.019792796880176676,-0.004863472815373849,0.019086039245595286,0.0024567316965466487,0.0051890913600127295,0.0008485279712599383,0.03231982729886672,0.005720625872601573,0.005264125617331075,0.00944327365267183,0.005671798925001754,0.012819825491122788,0.0017183913074655245,0.0011302581457412568,-0.0018384896885237964,0.013539298118075912,0.005693947347436688,0.001456339457400828,0.0015632872670197652,-0.006450850196603788,0.0072277945699673295,0.003800275502837456,-0.007710497649051433,0.0010130461092807104,-0.0027050619385938475,-0.0009901067966147372,0.005720625872601573,0.0399283402297496,0.010436476110562566,0.001821093729749062,0.0060199421452304495,0.011785130660112882,0.010390805835443356,-0.01630904285261371,0.004574917924942362,0.006543791187365804,0.006385535345964684,0.008140308331012657,-0.018253360782125177,0.00469572158508756,-0.0031667369841010895,-0.0019152441578023875,0.004727956739660199,0.013445532317364357,0.01729633659082616,-0.014080195403096766,0.005264125617331075,0.010436476110562566,0.050146220948998135,-0.009716116806988341,-0.016009752530206485,0.0070659631282567695,-0.0032608789903951214,0.01532477745232358,-0.005214201706925731,0.004661184839057186,0.0020296981522137537,-0.019162414251222202,0.014248688781860834,-0.023833309630432186,0.025256454682538856,-0.003804123910597,0.007797897921531805,-0.017769159069823313,-0.03408419264610335,0.018768635450182248,0.00944327365267183,0.001821093729749062,-0.009716116806988341,0.056521640406660315,0.011678938850634228,0.007359699500475056,0.00043380073728196836,0.007838486957827039,-0.00023723656617700658,-0.003238975861113732,-0.005688701458119913,-0.008378469084469028,0.01370655799122466,-0.01248322506981043,0.013818452918361552,-0.004661635525733484,0.004373161431504938,-0.01012720972743062,-0.015716627982670355,0.005875206801311582,0.005671798925001754,0.0060199421452304495,-0.016009752530206485,0.011678938850634228,0.03445614171402352,0.00643465772941594,0.006504391364213987,0.003469934654001342,0.013570145121716193,0.005992022095418912,0.0006576201014210953,0.0026629118170464912,0.004420002643501599,-0.00547023350481678,0.011753875268537214,3.8453240494696565e-5,0.006559975143505344,0.0003768440889630651,-0.0020965184918182445,0.0016110817489585062,0.012819825491122788,0.011785130660112882,0.0070659631282567695,0.007359699500475056,0.00643465772941594,0.029767519943408833
0.0716577525973,-0.018735013697933983,0.029157156371017103,0.062307888641698686,-0.12645599537416813,-0.004508575493271299,-0.096778062388579,-0.08611097707060472,0.08909608126195312,0.020418768490122856,0.01730902804279906,0.023487869608766667,0.07956114292768876,0.0144736826753677,-0.09387959817712516,-0.0860999548566238,0.009419574384345864,0.10198395393002868,0.004551875388787566,0.044311991189107655,-0.018735013697933983,0.05465973050834728,-0.015459384573252744,-0.0379556464034493,0.030002087707067457,-0.03292291199220433,0.02385336779897705,0.02483643932289662,-0.02280922381086397,0.014415786795633934,0.007385168552733322,-0.013596609240685197,-0.014656073404619569,0.014359028459454533,0.007551825865156363,0.017613185246444125,-0.020812051908802483,-0.039463204066358906,0.0155581263135018,-0.005033475386642694,0.029157156371017103,-0.015459384573252744,0.07080968066162671,0.052799754833058356,-0.10657226677382393,0.0056248480388268254,-0.0776222521078377,-0.07380592061558999,0.08360562469142446,-0.009698415985198917,0.007923682586211081,0.01810222395837831,0.06554469297157006,0.0004491152046950749,-0.07644808318415194,-0.07166221145851927,0.018232379167537522,0.08450125887741322,-0.016836850808814877,0.027644468772777063,0.062307888641698686,-0.0379556464034493,0.052799754833058356,0.12311297052555016,-0.18280549651978267,-0.005212916221106126,-0.14902873797505017,-0.12521458241322952,0.14799241146784708,0.00763802630866969,0.03645979423880029,0.024211996966759568,0.115512211003122,0.016229298224776062,-0.141708503346813,-0.12359974573583596,0.02362329478278412,0.15931031046727429,-0.0055818542309961005,0.05857538434047199,-0.12645599537416813,0.030002087707067457,-0.10657226677382393,-0.18280549651978267,0.4125907425411062,0.05812536533011524,0.3189715627413557,0.2675299396574257,-0.3086503574168006,-0.04446109015529982,-0.07800609812361245,-0.046956607975189045,-0.263942909136026,-0.054699545669017344,0.3275818074209138,0.28600394361389286,-0.02590915335569021,-0.30559185761225327,-0.00484504363790594,-0.14119388118533766,-0.004508575493271299,-0.03292291199220433,0.0056248480388268254,-0.005212916221106126,0.05812536533011524,0.09016553405630906,0.05866094045222861,0.03677744147759725,-0.054021401231201915,-0.041007164031129764,-0.027714450750897977,0.007925681804491717,-0.0538807872175467,-0.04277504306776478,0.08559830620777431,0.0682146757939146,0.017705214962706644,-0.03466599673511647,-0.028070798690321412,-0.03647098426211417,-0.096778062388579,0.02385336779897705,-0.0776222521078377,-0.14902873797505017,0.3189715627413557,0.05866094045222861,0.2777563355977984,0.21437504417011052,-0.25099347473450323,-0.04303576724789658,-0.0630283721101878,-0.03486083752204626,-0.21246584455901038,-0.05404936223801513,0.26757743853216504,0.23649519341008185,-0.014346800382157646,-0.2452067771765142,-0.006024801942914325,-0.11411550810068688,-0.08611097707060472,0.02483643932289662,-0.07380592061558999,-0.12521458241322952,0.2675299396574257,0.03677744147759725,0.21437504417011052,0.200307421415144,-0.20781798840559157,-0.02723516060584706,-0.04330066878854687,-0.03559820904370843,-0.17543531425601397,-0.037632714653379334,0.22197010135328035,0.19040906890033912,-0.018315711958014347,-0.21117626661154587,-0.004243048714172416,-0.08972319135109971,0.08909608126195312,-0.02280922381086397,0.08360562469142446,0.14799241146784708,-0.3086503574168006,-0.054021401231201915,-0.25099347473450323,-0.20781798840559157,0.27863665937685045,0.033832589421218376,0.06656583443525191,0.02874334791973956,0.21593287094204272,0.0450286968718927,-0.27413591738403026,-0.2306024578127588,0.016988298557234393,0.24687818708510603,0.004425480218343368,0.10757979100889695,0.020418768490122856,0.014415786795633934,-0.009698415985198917,0.00763802630866969,-0.04446109015529982,-0.041007164031129764,-0.04303576724789658,-0.02723516060584706,0.033832589421218376,0.04833394336276367,0.018087197329574874,-8.135346521274706e-5,0.03784001094271168,0.02565477474898439,-0.05715566888178865,-0.04849842077559481,-0.015553595200773259,0.02668042694702032,0.02137542359794234,0.02908960577193523,0.01730902804279906,0.007385168552733322,0.007923682586211081,0.03645979423880029,-0.07800609812361245,-0.027714450750897977,-0.0630283721101878,-0.04330066878854687,0.06656583443525191,0.018087197329574874,0.047746083776739015,-0.0010790030091331034,0.05926223456197556,0.021185390412325318,-0.07331005997930107,-0.06062753480533284,-0.00303415825667589,0.05088738977687704,0.009772716769021101,0.03067662217733081,0.023487869608766667,-0.013596609240685197,0.01810222395837831,0.024211996966759568,-0.046956607975189045,0.007925681804491717,-0.03486083752204626,-0.03559820904370843,0.02874334791973956,-8.135346521274706e-5,-0.0010790030091331034,0.028118541589516367,0.026536248821203534,0.003346556559088297,-0.02853984734799585,-0.026258668005187218,0.007608335305818828,0.040886205273450237,-0.004847097515247006,0.01667545232400203,0.07956114292768876,-0.014656073404619569,0.06554469297157006,0.115512211003122,-0.263942909136026,-0.0538807872175467,-0.21246584455901038,-0.17543531425601397,0.21593287094204272,0.03784001094271168,0.05926223456197556,0.026536248821203534,0.20056079192195508,0.0451125059927929,-0.23409087967664796,-0.20148937678631101,0.006768749175226887,0.19879036826527513,0.007239695614436149,0.09616615267323542,0.0144736826753677,0.014359028459454533,0.0004491152046950749,0.016229298224776062,-0.054699545669017344,-0.04277504306776478,-0.05404936223801513,-0.037632714653379334,0.0450286968718927,0.02565477474898439,0.021185390412325318,0.003346556559088297,0.0451125059927929,0.04589046924382817,-0.07295661994918086,-0.05682704190384781,-0.010289199923504608,0.04297333804619627,0.013274002988985444,0.02582110631090679,-0.09387959817712516,0.007551825865156363,-0.07644808318415194,-0.141708503346813,0.3275818074209138,0.08559830620777431,0.26757743853216504,0.22197010135328035,-0.27413591738403026,-0.05715566888178865,-0.07331005997930107,-0.02853984734799585,-0.23409087967664796,-0.07295661994918086,0.32743537948962675,0.25718133304887636,-0.0008025634613777945,-0.2561433993936977,-0.016686219450640624,-0.12159314738520789,-0.0860999548566238,0.017613185246444125,-0.07166221145851927,-0.12359974573583596,0.28600394361389286,0.0682146757939146,0.23649519341008185,0.19040906890033912,-0.2306024578127588,-0.04849842077559481,-0.06062753480533284,-0.026258668005187218,-0.20148937678631101,-0.05682704190384781,0.25718133304887636,0.23179215818741977,-0.009043560386376118,-0.22468831145215312,-0.004405497804354128,-0.1077517325041696,0.009419574384345864,-0.020812051908802483,0.018232379167537522,0.02362329478278412,-0.02590915335569021,0.017705214962706644,-0.014346800382157646,-0.018315711958014347,0.016988298557234393,-0.015553595200773259,-0.00303415825667589,0.007608335305818828,0.006768749175226887,-0.010289199923504608,-0.0008025634613777945,-0.009043560386376118,0.0325909153389526,0.028510568152706157,-0.011388512455968926,0.0026313735524389386,0.10198395393002868,-0.039463204066358906,0.08450125887741322,0.15931031046727429,-0.30559185761225327,-0.03466599673511647,-0.2452067771765142,-0.21117626661154587,0.24687818708510603,0.02668042694702032,0.05088738977687704,0.040886205273450237,0.19879036826527513,0.04297333804619627,-0.2561433993936977,-0.22468831145215312,0.028510568152706157,0.26528063660116985,-0.0010064960948928752,0.10064612927711661,0.004551875388787566,0.0155581263135018,-0.016836850808814877,-0.0055818542309961005,-0.00484504363790594,-0.028070798690321412,-0.006024801942914325,-0.004243048714172416,0.004425480218343368,0.02137542359794234,0.009772716769021101,-0.004847097515247006,0.007239695614436149,0.013274002988985444,-0.016686219450640624,-0.004405497804354128,-0.011388512455968926,-0.0010064960948928752,0.030987209271023313,0.013033185797979942,0.044311991189107655,-0.005033475386642694,0.027644468772777063,0.05857538434047199,-0.14119388118533766,-0.03647098426211417,-0.11411550810068688,-0.08972319135109971,0.10757979100889695,0.02908960577193523,0.03067662217733081,0.01667545232400203,0.09616615267323542,0.02582110631090679,-0.12159314738520789,-0.1077517325041696,0.0026313735524389386,0.10064612927711661,0.013033185797979942,0.06932301260369544
