0.04838189592309847,0.0022771728790964675,-0.002169381612704274,-0.012792243278571884,-0.01692701754675499,0.01297465231989515,0.001212325629747144,0.024947605026501778,-0.015600103256041095,0.024063225225165394,0.009062637157351058,-0.009170696943729203,0.006609710512105167,-0.015888989051467295,0.008398964265963529,0.016287472015897482,-0.0027782732229069806,-0.020502804146489948,-0.003016037625704744,0.02410619022429596,0.0022771728790964675,0.0716613930711205,0.11601323120048174,0.0003781672719267628,-0.0558073046318082,0.02447704160011234,-0.06785917136844084,0.01584162665784629,-0.06265280729871343,0.04537965206202136,-0.01625467234665462,-0.04052581760778794,0.007630888289956101,0.004337929074830034,-0.003585381563514547,0.01177753920087151,0.03188092428601329,-0.03936186597130084,0.014822799929818924,0.010713491225521106,-0.002169381612704274,0.11601323120048174,0.3555539883504323,-0.024453075765299547,-0.1292833923388691,0.05192090878533566,-0.12070855882113547,0.06556223848102234,-0.09332166327716676,0.13283978291668344,-0.0423780644545578,-0.08207271072677484,-0.008376622257703014,0.016834886725449447,0.006980694558034714,0.014976389025822809,0.0837103121962862,-0.11109557236568596,-0.02626764650897071,-0.004310431140350075,-0.012792243278571884,0.0003781672719267628,-0.024453075765299547,0.10440252006783585,0.030046802271126664,0.011809131831021091,-0.018394572765141854,0.052398808009994115,0.014797530641986422,0.031828318315859805,-0.022770538596830415,0.021251761193759995,-0.015375449417467227,0.0034428569158465863,-0.03128724022317356,-0.022677752151814487,-0.024700772472342224,0.031311146885996614,0.00041956857762043796,-0.03735546788654447,-0.01692701754675499,-0.0558073046318082,-0.1292833923388691,0.030046802271126664,0.10547066351066678,-0.02685827392362037,0.07690245500114859,-0.031027258299902494,0.10815054359110826,-0.08829300731731993,0.011666716562567576,0.059923726855528305,-0.002641861843254543,0.015360166487462527,-0.000599173693846889,-0.004395395637251798,-0.049892645597537,0.071803472451247,-0.0034266152449309167,-0.057710216892977936,0.01297465231989515,0.02447704160011234,0.05192090878533566,0.011809131831021091,-0.02685827392362037,0.04206149376876934,-0.015186393715029778,0.02910119756249113,-0.011114685475489886,0.06600258658859426,-0.0013843173433028268,-0.004695942549817668,-0.005401708632635187,-0.0011794189895042734,0.009338613692470561,0.02132389851196921,-0.005296708951783738,-0.02673346970778376,-0.020019400845181834,-0.014015691072239392,0.001212325629747144,-0.06785917136844084,-0.12070855882113547,-0.018394572765141854,0.07690245500114859,-0.015186393715029778,0.18381120142584662,-0.10068424046409846,0.1364128473444961,-0.08502060601554567,0.031111521223375148,0.052697159907183974,0.007172383838331008,0.009299925677578176,0.05240695013869998,0.01196039430130747,-0.06645403606676595,0.02315119880098947,-0.061291501286452915,-0.07306054675639465,0.024947605026501778,0.01584162665784629,0.06556223848102234,0.052398808009994115,-0.031027258299902494,0.02910119756249113,-0.10068424046409846,0.1808909691056377,-0.06411882149464584,0.1352920339232241,-0.023975897503420312,-0.013705401665275636,-0.01981469230358949,-0.023919077279993917,-0.03662569647667481,-0.015005987886931076,0.026393761040278338,-0.014467288179792034,-0.004951589264484087,0.028876542986488937,-0.015600103256041095,-0.06265280729871343,-0.09332166327716676,0.014797530641986422,0.10815054359110826,-0.011114685475489886,0.1364128473444961,-0.06411882149464584,0.1917636040997842,-0.07730331921291039,0.007662682691465805,0.08310620676248545,-0.019372600409551525,0.03461689170813258,0.042232978383782566,0.021128618491379612,-0.09403082388804926,0.06372199857541644,-0.05577091474344616,-0.1373734309922407,0.024063225225165394,0.04537965206202136,0.13283978291668344,0.031828318315859805,-0.08829300731731993,0.06600258658859426,-0.08502060601554567,0.1352920339232241,-0.07730331921291039,0.290994254145244,-0.0658373607880237,-0.04297709701343124,-0.06049200077467096,-0.021827910182643805,0.016315135005625946,0.013429964090653022,-0.032019558096558945,-0.09599268250979351,-0.03969849982391532,-0.044061004371037396,0.009062637157351058,-0.01625467234665462,-0.0423780644545578,-0.022770538596830415,0.011666716562567576,-0.0013843173433028268,0.031111521223375148,-0.023975897503420312,0.007662682691465805,-0.0658373607880237,0.06015097546023904,0.012242133201345857,0.03308831876004689,-0.009358009724466114,-0.0014558516893183702,0.014054435042336945,0.013852779555220032,0.013686579203350473,-0.004268787195070425,0.03754162683577815,-0.009170696943729203,-0.04052581760778794,-0.08207271072677484,0.021251761193759995,0.059923726855528305,-0.004695942549817668,0.052697159907183974,-0.013705401665275636,0.08310620676248545,-0.04297709701343124,0.012242133201345857,0.08407649993683833,-0.0026944564392627607,0.01682595252995056,0.011229378244786186,0.01261469437008591,-0.04854216517642179,0.052842275084928426,-0.012972516947135299,-0.05044157304096637,0.006609710512105167,0.007630888289956101,-0.008376622257703014,-0.015375449417467227,-0.002641861843254543,-0.005401708632635187,0.007172383838331008,-0.01981469230358949,-0.019372600409551525,-0.06049200077467096,0.03308831876004689,-0.0026944564392627607,0.05319858038977627,-0.00659829612040315,-0.005599661245684397,0.009487159254438517,0.02881713867500277,-0.003782452547695796,0.017752044447223295,0.04415462004870073,-0.015888989051467295,0.004337929074830034,0.016834886725449447,0.0034428569158465863,0.015360166487462527,-0.0011794189895042734,0.009299925677578176,-0.023919077279993917,0.03461689170813258,-0.021827910182643805,-0.009358009724466114,0.01682595252995056,-0.00659829612040315,0.03916273616667926,0.010724507287311124,0.0001944662750046509,-0.007456342349628494,0.0106845771618399,-0.012157113501220524,-0.037661095863655306,0.008398964265963529,-0.003585381563514547,0.006980694558034714,-0.03128724022317356,-0.000599173693846889,0.009338613692470561,0.05240695013869998,-0.03662569647667481,0.042232978383782566,0.016315135005625946,-0.0014558516893183702,0.011229378244786186,-0.005599661245684397,0.010724507287311124,0.06564338431068782,0.027978841612023984,-0.035509870157213734,-0.02196583499664188,-0.026608617471467862,-0.050434119567641426,0.016287472015897482,0.01177753920087151,0.014976389025822809,-0.022677752151814487,-0.004395395637251798,0.02132389851196921,0.01196039430130747,-0.015005987886931076,0.021128618491379612,0.013429964090653022,0.014054435042336945,0.01261469437008591,0.009487159254438517,0.0001944662750046509,0.027978841612023984,0.06602432675788851,-0.027078553799227075,-0.008822644703617374,-0.006476614733891689,-0.036930663755394125,-0.0027782732229069806,0.03188092428601329,0.0837103121962862,-0.024700772472342224,-0.049892645597537,-0.005296708951783738,-0.06645403606676595,0.026393761040278338,-0.09403082388804926,-0.032019558096558945,0.013852779555220032,-0.04854216517642179,0.02881713867500277,-0.007456342349628494,-0.035509870157213734,-0.027078553799227075,0.13045100812151716,-0.02509954946294205,0.015372440417604787,0.1141164980242413,-0.020502804146489948,-0.03936186597130084,-0.11109557236568596,0.031311146885996614,0.071803472451247,-0.02673346970778376,0.02315119880098947,-0.014467288179792034,0.06372199857541644,-0.09599268250979351,0.013686579203350473,0.052842275084928426,-0.003782452547695796,0.0106845771618399,-0.02196583499664188,-0.008822644703617374,-0.02509954946294205,0.10692828173987241,0.02331619692254315,-0.01691046679152204,-0.003016037625704744,0.014822799929818924,-0.02626764650897071,0.00041956857762043796,-0.0034266152449309167,-0.020019400845181834,-0.061291501286452915,-0.004951589264484087,-0.05577091474344616,-0.03969849982391532,-0.004268787195070425,-0.012972516947135299,0.017752044447223295,-0.012157113501220524,-0.026608617471467862,-0.006476614733891689,0.015372440417604787,0.02331619692254315,0.07312868789072444,0.045103495577581615,0.02410619022429596,0.010713491225521106,-0.004310431140350075,-0.03735546788654447,-0.057710216892977936,-0.014015691072239392,-0.07306054675639465,0.028876542986488937,-0.1373734309922407,-0.044061004371037396,0.03754162683577815,-0.05044157304096637,0.04415462004870073,-0.037661095863655306,-0.050434119567641426,-0.036930663755394125,0.1141164980242413,-0.01691046679152204,0.045103495577581615,0.20524102789170137
0.1861253517616788,0.007519695727758645,0.04036680383340992,-0.07801643399059469,-0.14350395756667284,0.06417463989139711,-0.101592804982511,-0.03106507497151242,0.008772650735310453,0.08283278676340085,-0.051126641412968646,-0.10191877642328223,-0.09794909753859532,0.007931442736367509,0.08030343451659025,0.03776429755777954,0.1155396266075101,-0.04966541777310228,-0.0011350865156921682,0.018645735471813855,0.007519695727758645,0.022217748538968313,0.003642765439801835,-0.008886930611158108,-0.003288322265589236,0.006830367997652484,-0.00990273625360673,-0.009918814144069569,-0.000518011750118529,0.010870898791413598,-0.002711100223102642,-0.013741147849433397,-0.0028791125501522867,0.008503142110568417,0.005064928201436908,0.012669305041454533,0.005577759130347978,-0.010129451795963224,0.005871623029197834,0.0057580418000836645,0.04036680383340992,0.003642765439801835,0.0673600936844432,-0.003175462276330519,-0.02835391138390398,-0.028872500116118142,-0.023585052856850648,0.0012967948705716252,-0.03709819814121676,0.012676624591651097,-0.019982618830867174,-0.022953249083754134,-0.03390685939563285,0.027497706608398634,0.025743869709332828,0.024663970187813987,0.04997905421260228,-0.001074624969711448,0.0015782619178880612,-0.031218917171094283,-0.07801643399059469,-0.008886930611158108,-0.003175462276330519,0.11668831823349439,0.06419027601383581,-0.10690739949868394,0.07594785119431119,0.04461810409536241,-0.047820732971354446,-0.04975302293882272,0.0023179202595203455,0.06983386771227111,0.03464944614739359,0.007037583329129779,-0.04302028758518369,-0.01712600952329897,-0.02907964511209414,0.04449697367268765,0.005530868783252854,-0.06929900909216344,-0.14350395756667284,-0.003288322265589236,-0.02835391138390398,0.06419027601383581,0.1594814008709048,-0.05282682951179019,0.08861763796277633,0.01264406609190702,-0.0013842027410739324,-0.07520512594972575,0.0494840697856756,0.07071083600900138,0.07321581507551159,0.0026806159833652823,-0.06246613635791482,-0.015029027658085059,-0.09406185217575037,0.036961201441935765,0.001737622286997302,-0.029913051070922327,0.06417463989139711,0.006830367997652484,-0.028872500116118142,-0.10690739949868394,-0.05282682951179019,0.20167435430984576,-0.04746472294942126,-0.06991513415837766,0.07220982248906996,0.05137928987614548,0.010913495874072327,-0.07102044163595993,-0.03567109882830502,-0.04584142241111044,0.023428859375803773,-0.005596525894517542,0.001679781055306126,-0.07584775072220834,-0.018274569251463313,0.11238071792046442,-0.101592804982511,-0.00990273625360673,-0.023585052856850648,0.07594785119431119,0.08861763796277633,-0.04746472294942126,0.13670515619395532,-0.01694412408605492,-0.005948101126454754,-0.05575736434204184,0.013251620202777056,0.06134265495527169,0.04144487080008173,-0.014957134297332093,-0.06381836647411446,-0.03392024384422396,-0.03691349536712191,0.025927521104312082,-0.00806673759309114,-0.029884987768905098,-0.03106507497151242,-0.009918814144069569,0.0012967948705716252,0.04461810409536241,0.01264406609190702,-0.06991513415837766,-0.01694412408605492,0.11118735860565716,-0.03764580943902561,-0.03493469708292797,0.01343419725628366,0.06184623859420309,0.030710158048870916,0.022519242230187142,-0.005267971665625688,-0.008616795909659745,-0.04430251657330739,0.03595581511654832,0.014868550476887447,-0.029667422048333406,0.008772650735310453,-0.000518011750118529,-0.03709819814121676,-0.047820732971354446,-0.0013842027410739324,0.07220982248906996,-0.005948101126454754,-0.03764580943902561,0.07216099110466329,0.007361000711601379,0.008286059502502746,-0.02160038476723156,0.007770420403421272,-0.027411636614915635,-0.0018995211671349486,-0.008580169756346567,-0.013939478487112904,-0.016898226787236646,-0.0027181041427958687,0.04927746390523241,0.08283278676340085,0.010870898791413598,0.012676624591651097,-0.04975302293882272,-0.07520512594972575,0.05137928987614548,-0.05575736434204184,-0.03493469708292797,0.007361000711601379,0.0893417858696244,-0.025158410825778396,-0.07898065988828958,-0.052775872949248744,0.001842169596812009,0.03830658915920296,0.02763434740943007,0.0584027211249317,-0.040130218481907884,-0.0022386183368003913,0.03267485849312288,-0.051126641412968646,-0.002711100223102642,-0.019982618830867174,0.0023179202595203455,0.0494840697856756,0.010913495874072327,0.013251620202777056,0.01343419725628366,0.008286059502502746,-0.025158410825778396,0.05285048671562503,0.03285504157770832,0.032122673473647764,-0.008550911578272181,-0.01669076109988958,-0.01560274546742698,-0.04936531333873864,0.00817905085480269,-0.003530243593726028,0.007496395338656012,-0.10191877642328223,-0.013741147849433397,-0.022953249083754134,0.06983386771227111,0.07071083600900138,-0.07102044163595993,0.06134265495527169,0.06184623859420309,-0.02160038476723156,-0.07898065988828958,0.03285504157770832,0.12944498584624492,0.06486153085717533,-0.0009983212151329877,-0.05220779374935562,-0.0365205722455554,-0.07597693853877616,0.05005294282855244,0.011434174505151027,-0.04366145193057909,-0.09794909753859532,-0.0028791125501522867,-0.03390685939563285,0.03464944614739359,0.07321581507551159,-0.03567109882830502,0.04144487080008173,0.030710158048870916,0.007770420403421272,-0.052775872949248744,0.032122673473647764,0.06486153085717533,0.09880834562169846,-0.008562380937750289,-0.049507113398766525,-0.020658121109986168,-0.0915615725496694,0.03434172338659382,0.009074468615105084,0.00695212002087881,0.007931442736367509,0.008503142110568417,0.027497706608398634,0.007037583329129779,0.0026806159833652823,-0.04584142241111044,-0.014957134297332093,0.022519242230187142,-0.027411636614915635,0.001842169596812009,-0.008550911578272181,-0.0009983212151329877,-0.008562380937750289,0.04390289475296946,0.010804279917009312,0.01423772024176535,0.014992074773397951,0.010104526156626565,-0.0006286153388747774,-0.03331623653784625,0.08030343451659025,0.005064928201436908,0.025743869709332828,-0.04302028758518369,-0.06246613635791482,0.023428859375803773,-0.06381836647411446,-0.005267971665625688,-0.0018995211671349486,0.03830658915920296,-0.01669076109988958,-0.05220779374935562,-0.049507113398766525,0.010804279917009312,0.06858482032628543,0.024973368044960444,0.05055033222687895,-0.023178264055559637,-0.00719093696951118,0.009919756766622332,0.03776429755777954,0.012669305041454533,0.024663970187813987,-0.01712600952329897,-0.015029027658085059,-0.005596525894517542,-0.03392024384422396,-0.008616795909659745,-0.008580169756346567,0.02763434740943007,-0.01560274546742698,-0.0365205722455554,-0.020658121109986168,0.01423772024176535,0.024973368044960444,0.046734721162107515,0.013682993047129173,-0.018772069306861497,0.00022425313053091919,-0.0009202520880994521,0.1155396266075101,0.005577759130347978,0.04997905421260228,-0.02907964511209414,-0.09406185217575037,0.001679781055306126,-0.03691349536712191,-0.04430251657330739,-0.013939478487112904,0.0584027211249317,-0.04936531333873864,-0.07597693853877616,-0.0915615725496694,0.014992074773397951,0.05055033222687895,0.013682993047129173,0.14806837854783106,-0.006875727235970356,-0.009182054752648963,-0.03358783601376483,-0.04966541777310228,-0.010129451795963224,-0.001074624969711448,0.04449697367268765,0.036961201441935765,-0.07584775072220834,0.025927521104312082,0.03595581511654832,-0.016898226787236646,-0.040130218481907884,0.00817905085480269,0.05005294282855244,0.03434172338659382,0.010104526156626565,-0.023178264055559637,-0.018772069306861497,-0.006875727235970356,0.07491764278309551,0.0015068316796430993,-0.05030971408728424,-0.0011350865156921682,0.005871623029197834,0.0015782619178880612,0.005530868783252854,0.001737622286997302,-0.018274569251463313,-0.00806673759309114,0.014868550476887447,-0.0027181041427958687,-0.0022386183368003913,-0.003530243593726028,0.011434174505151027,0.009074468615105084,-0.0006286153388747774,-0.00719093696951118,0.00022425313053091919,-0.009182054752648963,0.0015068316796430993,0.026419234940129713,-0.003429356427014085,0.018645735471813855,0.0057580418000836645,-0.031218917171094283,-0.06929900909216344,-0.029913051070922327,0.11238071792046442,-0.029884987768905098,-0.029667422048333406,0.04927746390523241,0.03267485849312288,0.007496395338656012,-0.04366145193057909,0.00695212002087881,-0.03331623653784625,0.009919756766622332,-0.0009202520880994521,-0.03358783601376483,-0.05030971408728424,-0.003429356427014085,0.11286408327387405
0.16945710014441934,0.07742525526472227,0.20019265560421518,-0.20959155620169012,-0.1333280909251643,-0.051404073899294585,0.10408889458779513,-0.0805878509413312,-0.10373555802748688,0.06590211238740495,0.10872373662630375,0.02082307304063806,-0.030832784873328183,0.03717045786890345,-0.03132803108971462,0.008946057392543224,-0.058918625566953244,-0.12251065937379112,-0.03468419083631976,0.009288835281169935,0.07742525526472227,0.3022270643925866,0.21613742572909916,-0.4032588269785955,-0.24316189791411796,-0.16132119919077503,-0.01914471763233029,-0.37393071591660143,-0.149001507802548,0.08892662678227502,0.31647076633716736,0.060019719436252186,-0.07113057899104767,-0.025676539845616013,0.13100425180727432,0.1935570072692463,-0.17085981418715598,-0.026888575322764736,0.02337268193301035,0.15209336421830483,0.20019265560421518,0.21613742572909916,0.4541699486716803,-0.4333777532096883,-0.289992497004818,-0.16349028158446738,0.10750137249468686,-0.28947404348088923,-0.17409935789428038,0.1277776140983647,0.28467034457616963,0.058263399908396504,-0.05931089795477523,0.04612055594437162,0.04571127721822925,0.09145355262681631,-0.1798329703739511,-0.1712869983993639,-0.028707110391149482,0.06454342229350485,-0.20959155620169012,-0.4032588269785955,-0.4333777532096883,0.7651427461066409,0.42443247405980317,0.34330335516253846,0.04367455166108675,0.56684848742852,0.23324460108101358,-0.09261594349363142,-0.5510361217686622,-0.14337956788629452,0.0989705567571725,-0.0017502874830250584,-0.1906607039324918,-0.24772561507395954,0.3362632049863925,0.06715206528164921,-0.06644033281222379,-0.3002004762556684,-0.1333280909251643,-0.24316189791411796,-0.289992497004818,0.42443247405980317,0.282867227176187,0.14619270665710393,-0.015617634865010898,0.33700874710894346,0.15725554762342542,-0.0881354863935597,-0.3096471256461052,-0.06526013194368009,0.06664283468774498,0.0025811102602973325,-0.09788838453873716,-0.16703886640937504,0.18561204958758043,0.08745678246174748,-0.008882219753309646,-0.12272408723305456,-0.051404073899294585,-0.16132119919077503,-0.16349028158446738,0.34330335516253846,0.14619270665710393,0.29181271454580016,0.1072263630123137,0.24451557115221692,0.07690656230858534,0.02974545525208662,-0.28621873239703455,-0.11186707262399576,0.027068886519402487,-0.02081562869440569,-0.10544804088336485,-0.059020653408124346,0.18209416136178125,-0.04635080507546565,-0.07754884462351401,-0.2267450318208234,0.10408889458779513,-0.01914471763233029,0.10750137249468686,0.04367455166108675,-0.015617634865010898,0.1072263630123137,0.237738121257218,0.06666925892968947,-0.08872469549406428,0.0844732865025471,-0.0693492486004365,-0.03360431354785884,-0.009648934151545307,0.038992867082706814,-0.1074786048089047,-0.024208049555014478,0.07981200375174427,-0.1619139579264729,-0.1104778971493579,-0.14535438561329825,-0.0805878509413312,-0.37393071591660143,-0.28947404348088923,0.56684848742852,0.33700874710894346,0.24451557115221692,0.06666925892968947,0.5838827135871154,0.1917551642644798,-0.09867349808929268,-0.49123962395646625,-0.11591455567501921,0.07697508061489725,0.041644821376051744,-0.2220417498348032,-0.32051768832730554,0.271133855645361,0.009533104939812525,-0.06590459257777471,-0.24343669089280393,-0.10373555802748688,-0.149001507802548,-0.17409935789428038,0.23324460108101358,0.15725554762342542,0.07690656230858534,-0.08872469549406428,0.1917551642644798,0.16028347800546214,-0.06744224054614123,-0.19065029656455357,-0.05156638990048188,0.045278742799811894,-0.012299396915998073,-0.022313096112107994,-0.10031903874578667,0.08406971357426254,0.09767791046648747,0.01738825334685632,-0.062169196355530476,0.06590211238740495,0.08892662678227502,0.1277776140983647,-0.09261594349363142,-0.0881354863935597,0.02974545525208662,0.0844732865025471,-0.09867349808929268,-0.06744224054614123,0.12277384785989623,0.04651856864659726,-0.017681872293141478,-0.025639286894761804,-0.00904240622104026,0.007190176048499294,0.07988302280229605,-0.012285158240105374,-0.0794157030100909,-0.04164966531940436,-0.04852811589148847,0.10872373662630375,0.31647076633716736,0.28467034457616963,-0.5510361217686622,-0.3096471256461052,-0.28621873239703455,-0.0693492486004365,-0.49123962395646625,-0.19065029656455357,0.04651856864659726,0.48888185789064964,0.13333505128905515,-0.05964252361624445,-0.008486673441047591,0.1770800891575303,0.24268194965110523,-0.2691235366291508,-0.021863314961800703,0.07008364317972998,0.2662212945453509,0.02082307304063806,0.060019719436252186,0.058263399908396504,-0.14337956788629452,-0.06526013194368009,-0.11186707262399576,-0.03360431354785884,-0.11591455567501921,-0.05156638990048188,-0.017681872293141478,0.13333505128905515,0.08488410414985435,-0.01498209504640697,0.009011108670513602,0.053052773599920944,0.03780283343475833,-0.08773858495167436,0.015221203678999342,0.04018775264599252,0.1046238244500122,-0.030832784873328183,-0.07113057899104767,-0.05931089795477523,0.0989705567571725,0.06664283468774498,0.027068886519402487,-0.009648934151545307,0.07697508061489725,0.045278742799811894,-0.025639286894761804,-0.05964252361624445,-0.01498209504640697,0.04495052996989432,0.007960391115792352,-0.027004202798597547,-0.031155961814961285,0.029741809036733007,0.015241947959650637,0.00771476970371426,-0.03120264389066131,0.03717045786890345,-0.025676539845616013,0.04612055594437162,-0.0017502874830250584,0.0025811102602973325,-0.02081562869440569,0.038992867082706814,0.041644821376051744,-0.012299396915998073,-0.00904240622104026,-0.008486673441047591,0.009011108670513602,0.007960391115792352,0.04578481285905113,-0.04782747343102871,-0.058833466084933325,0.0038932541479456684,-0.039230433024275035,-0.024289138652074486,-0.011884968249766677,-0.03132803108971462,0.13100425180727432,0.04571127721822925,-0.1906607039324918,-0.09788838453873716,-0.10544804088336485,-0.1074786048089047,-0.2220417498348032,-0.022313096112107994,0.007190176048499294,0.1770800891575303,0.053052773599920944,-0.027004202798597547,-0.04782747343102871,0.16837123950104455,0.13443925071945634,-0.11900484003121704,0.07462736039519016,0.0753817577063042,0.13384053521797903,0.008946057392543224,0.1935570072692463,0.09145355262681631,-0.24772561507395954,-0.16703886640937504,-0.059020653408124346,-0.024208049555014478,-0.32051768832730554,-0.10031903874578667,0.07988302280229605,0.24268194965110523,0.03780283343475833,-0.031155961814961285,-0.058833466084933325,0.13443925071945634,0.2817557508117885,-0.11852731146619025,-0.007516501853881634,0.03023196933823045,0.08661268741496628,-0.058918625566953244,-0.17085981418715598,-0.1798329703739511,0.3362632049863925,0.18561204958758043,0.18209416136178125,0.07981200375174427,0.271133855645361,0.08406971357426254,-0.012285158240105374,-0.2691235366291508,-0.08773858495167436,0.029741809036733007,0.0038932541479456684,-0.11900484003121704,-0.11852731146619025,0.2032147460649099,-0.004294429950603357,-0.07475281586147171,-0.17055093352865275,-0.12251065937379112,-0.026888575322764736,-0.1712869983993639,0.06715206528164921,0.08745678246174748,-0.04635080507546565,-0.1619139579264729,0.009533104939812525,0.09767791046648747,-0.0794157030100909,-0.021863314961800703,0.015221203678999342,0.015241947959650637,-0.039230433024275035,0.07462736039519016,-0.007516501853881634,-0.004294429950603357,0.1750071833465521,0.07746109717397145,0.08872921645459639,-0.03468419083631976,0.02337268193301035,-0.028707110391149482,-0.06644033281222379,-0.008882219753309646,-0.07754884462351401,-0.1104778971493579,-0.06590459257777471,0.01738825334685632,-0.04164966531940436,0.07008364317972998,0.04018775264599252,0.00771476970371426,-0.024289138652074486,0.0753817577063042,0.03023196933823045,-0.07475281586147171,0.07746109717397145,0.08442130424818799,0.09887156311647041,0.009288835281169935,0.15209336421830483,0.06454342229350485,-0.3002004762556684,-0.12272408723305456,-0.2267450318208234,-0.14535438561329825,-0.24343669089280393,-0.062169196355530476,-0.04852811589148847,0.2662212945453509,0.1046238244500122,-0.03120264389066131,-0.011884968249766677,0.13384053521797903,0.08661268741496628,-0.17055093352865275,0.08872921645459639,0.09887156311647041,0.2567228948248774
