0.03165143897644007,0.007304140496642183,-0.009673027311382667,0.007558666591082375,0.012037956817466852,0.003556160052778527,-0.0030084659533843473,-0.014634342678784603,0.01603417232018368,-0.008456085485490651,0.018878335102968685,0.015737548293801286,-0.004387698617791397,-0.02209356403442071,-0.016209938408731073,0.016560856795597566,-0.00922894646803158,-0.007823205599375372,-0.004644171448379997,0.030390553941195025,0.007304140496642183,0.037541169776139666,0.012621075510149744,0.015793202035170137,0.02401134901631771,-0.005755378704128263,-0.017066603039943826,-0.007036859485713398,0.0032861459136717033,-0.0009596719011759553,-0.009310429756800583,0.012950681768020014,0.007303439866268163,-0.03113930545653618,-0.005290447307274881,-0.010710679450337709,-0.0059305783083847055,-0.00542809228684776,0.0038967221246324893,0.012523541940501258,-0.009673027311382667,0.012621075510149744,0.04749773136996492,0.003572958600935085,0.020615262494498517,-0.0022338997100530182,-0.012686893898291798,0.02114507059596565,-0.014288134347491006,0.013770033134527501,-0.023764703219629563,0.007695827153344209,0.019719673096136953,0.015414555677476915,0.024243904621885432,-0.03279499507661962,0.011636329511255438,0.009140091402308221,0.01465301329571856,-0.029535426706858964,0.007558666591082375,0.015793202035170137,0.003572958600935085,0.03888432290620921,0.018440171844539624,0.00042350085928930046,-0.014525621788721568,-0.009688306602517866,0.01897249412974712,-0.010418411250542797,-0.005682470945809393,0.014868303313285135,0.0015307267470362354,-0.04341060740570563,-0.019114048297723688,-0.007899910198998007,-0.0012041458438712322,-0.007751397034422537,0.005585975045202139,0.015730004497772093,0.012037956817466852,0.02401134901631771,0.020615262494498517,0.018440171844539624,0.07360783408639143,-0.010712460354800222,-0.04026594387026642,0.009855734503649152,0.0005040596561796166,0.00034175872133151617,-0.009486083734542745,0.0245792819392544,0.02795475348701313,-0.03907957220522739,0.0031523487643831246,-0.04223612963244344,-0.0031990801782273547,-0.018152175244699566,-0.014688186767710922,0.007838525406619798,0.003556160052778527,-0.005755378704128263,-0.0022338997100530182,0.00042350085928930046,-0.010712460354800222,0.01867355484540306,0.006293654141158753,-0.01050207603668371,0.010011258442287329,-0.0017754375266544277,-0.0005174320018905597,-0.0025559925607068342,-0.005632538356573293,-0.0013323076306659837,-0.007751631009039939,0.014347050450769762,-0.0017013927322625647,0.013711693925035875,0.013809529576927247,-0.005900815618262396,-0.0030084659533843473,-0.017066603039943826,-0.012686893898291798,-0.014525621788721568,-0.04026594387026642,0.006293654141158753,0.04742047445414015,-0.00345090864942252,-0.0021469924436243455,0.010752610661737882,0.007517383441886813,-0.01730348458992624,-0.010977587306085203,0.04033608932020934,0.00966503985980531,0.021644553502396215,0.01248792533552157,0.017353832102605625,0.01265103881012137,-0.010217832885022387,-0.014634342678784603,-0.007036859485713398,0.02114507059596565,-0.009688306602517866,0.009855734503649152,-0.01050207603668371,-0.00345090864942252,0.07094372568999649,-0.027573539199514222,0.018671542192681412,-0.011677662683839626,-0.006555512250100482,0.01955130737230386,0.037726002080804295,0.04274713240678172,-0.0341827216105822,0.009083055829770786,-0.006008241426753245,-0.021363890246086523,-0.03243422520621386,0.01603417232018368,0.0032861459136717033,-0.014288134347491006,0.01897249412974712,0.0005040596561796166,0.010011258442287329,-0.0021469924436243455,-0.027573539199514222,0.04144260597548531,-0.016929799360361444,0.013183888449371132,0.013003104867537408,-0.008506770010280187,-0.0361953265215865,-0.030973853246648114,0.018121350479442515,-0.010377514447360696,-0.002372106728720332,0.002497080953831705,0.031895932146988104,-0.008456085485490651,-0.0009596719011759553,0.013770033134527501,-0.010418411250542797,0.00034175872133151617,-0.0017754375266544277,0.010752610661737882,0.018671542192681412,-0.016929799360361444,0.032288569658715814,-0.008742176608569035,-0.00709490687533741,0.014256535061601905,0.03253922759221063,0.030800769248952514,-0.01932327185360102,0.013403766709598638,0.006682114503489423,0.007654833867686508,-0.027890785797408713,0.018878335102968685,-0.009310429756800583,-0.023764703219629563,-0.005682470945809393,-0.009486083734542745,-0.0005174320018905597,0.007517383441886813,-0.011677662683839626,0.013183888449371132,-0.008742176608569035,0.045745658066455246,0.004234791760679657,-0.014132928634139485,-0.012485226348066678,-0.01995530669522176,0.036069803581755114,-0.01108216262349063,-0.00731184042960911,-0.019950187277261937,0.03176547309440135,0.015737548293801286,0.012950681768020014,0.007695827153344209,0.014868303313285135,0.0245792819392544,-0.0025559925607068342,-0.01730348458992624,-0.006555512250100482,0.013003104867537408,-0.00709490687533741,0.004234791760679657,0.031231686454967503,0.006862008964164061,-0.027742328197728698,-0.010032649900711517,-0.0035123894900486287,-0.007218788201264476,-0.004699814708597705,-0.004579194179110832,0.022901401252033948,-0.004387698617791397,0.007303439866268163,0.019719673096136953,0.0015307267470362354,0.02795475348701313,-0.005632538356573293,-0.010977587306085203,0.01955130737230386,-0.008506770010280187,0.014256535061601905,-0.014132928634139485,0.006862008964164061,0.03935045365837733,0.0026291565220380106,0.023021199802116733,-0.035284291553002334,0.008370226017087165,-0.0017475517349916639,-0.003890810997986497,-0.013464570014712619,-0.02209356403442071,-0.03113930545653618,0.015414555677476915,-0.04341060740570563,-0.03907957220522739,-0.0013323076306659837,0.04033608932020934,0.037726002080804295,-0.0361953265215865,0.03253922759221063,-0.012485226348066678,-0.027742328197728698,0.0026291565220380106,0.10926233710867234,0.05408076072984132,-0.0038778880479514457,0.019069939088473785,0.029982237106702954,0.010837580703194436,-0.0626997662882402,-0.016209938408731073,-0.005290447307274881,0.024243904621885432,-0.019114048297723688,0.0031523487643831246,-0.007751631009039939,0.00966503985980531,0.04274713240678172,-0.030973853246648114,0.030800769248952514,-0.01995530669522176,-0.010032649900711517,0.023021199802116733,0.05408076072984132,0.060971301690157825,-0.03171124965880638,0.01650731992942254,0.009840522287016713,0.00017809205704438606,-0.046005208118611696,0.016560856795597566,-0.010710679450337709,-0.03279499507661962,-0.007899910198998007,-0.04223612963244344,0.014347050450769762,0.021644553502396215,-0.0341827216105822,0.018121350479442515,-0.01932327185360102,0.036069803581755114,-0.0035123894900486287,-0.035284291553002334,-0.0038778880479514457,-0.03171124965880638,0.09446440906049926,-0.021843560580160917,0.010628542300267883,0.003975801431935152,0.035770337172670225,-0.00922894646803158,-0.0059305783083847055,0.011636329511255438,-0.0012041458438712322,-0.0031990801782273547,-0.0017013927322625647,0.01248792533552157,0.009083055829770786,-0.010377514447360696,0.013403766709598638,-0.01108216262349063,-0.007218788201264476,0.008370226017087165,0.019069939088473785,0.01650731992942254,-0.021843560580160917,0.0330048711278855,0.010606164590712584,0.0150825531269283,-0.025117978657282207,-0.007823205599375372,-0.00542809228684776,0.009140091402308221,-0.007751397034422537,-0.018152175244699566,0.013711693925035875,0.017353832102605625,-0.006008241426753245,-0.002372106728720332,0.006682114503489423,-0.00731184042960911,-0.004699814708597705,-0.0017475517349916639,0.029982237106702954,0.009840522287016713,0.010628542300267883,0.010606164590712584,0.041802895317391134,0.027258842649089968,-0.02346112274899964,-0.004644171448379997,0.0038967221246324893,0.01465301329571856,0.005585975045202139,-0.014688186767710922,0.013809529576927247,0.01265103881012137,-0.021363890246086523,0.002497080953831705,0.007654833867686508,-0.019950187277261937,-0.004579194179110832,-0.003890810997986497,0.010837580703194436,0.00017809205704438606,0.003975801431935152,0.0150825531269283,0.027258842649089968,0.056739885434596696,-0.025514323566526883,0.030390553941195025,0.012523541940501258,-0.029535426706858964,0.015730004497772093,0.007838525406619798,-0.005900815618262396,-0.010217832885022387,-0.03243422520621386,0.031895932146988104,-0.027890785797408713,0.03176547309440135,0.022901401252033948,-0.013464570014712619,-0.0626997662882402,-0.046005208118611696,0.035770337172670225,-0.025117978657282207,-0.02346112274899964,-0.025514323566526883,0.09058137314210624
0.03002434727941785,0.0043206296252677615,0.00013497923497565777,-0.01639114555076387,-0.009288699053753015,-0.015144437137134367,0.007618710938460168,-0.03010060065104081,0.027720242821892123,0.008293542220989198,0.002061757145867769,-0.018176954549972785,-0.0028478470834679102,-0.002783984973839404,0.009328210149358673,0.007185524506196767,0.0019520845853198267,0.00045508941403804896,-0.016464698788422504,0.023989143733884694,0.0043206296252677615,0.055039687635180745,-0.03425377138658496,-0.003791021887173042,-0.004431246219098928,-0.012493944441365448,-0.00010174002101625136,0.004074027500509061,-0.05717082394131094,-0.01191183042987094,-0.018624592806349927,0.02058536509605497,0.0010931018493255732,-0.017687624823387857,0.011569894703348106,0.003965793696199801,-0.007110235060207306,0.0017359031163181225,0.0058264887910230555,0.032164906496999705,0.00013497923497565777,-0.03425377138658496,0.0663589327007009,-0.0065254376209733555,-0.002234997532941181,-0.022942662715467098,0.008770754725275033,-0.04397235676123515,0.08740383555245804,0.022909450780423515,0.028468405944868866,-0.02886903373407492,-0.012334532049100977,0.015429436321768696,-0.010218242862679016,0.010345086822809924,0.0023030833886897206,0.0043698624008978015,-0.010159579564197926,-0.032346327133543754,-0.01639114555076387,-0.003791021887173042,-0.0065254376209733555,0.05775727791798292,0.0010315031802470038,-0.008285845543645535,-0.0029655283778643087,0.02614706216687391,-0.01784927886331163,0.004991811816252872,-0.00484835025518257,0.020903870031931393,0.004625827130177108,-0.021037204777029514,-0.01368542055845737,-0.009947805365884396,0.011827306204095204,-0.009309599421270007,0.010931180217285027,-0.029409990647424264,-0.009288699053753015,-0.004431246219098928,-0.002234997532941181,0.0010315031802470038,0.03356982531079583,0.032276190385377594,-0.01054684348607057,0.03074219078807759,-0.025532114714088918,-0.010702761806902366,-0.005280690779329154,0.007095125956510377,0.0006242403516130115,6.400728594671069e-5,-0.003363097921005488,-0.01788289271773834,0.003269541532250238,-0.0009248831097634445,0.00727203927898576,-0.01013694919655202,-0.015144437137134367,-0.012493944441365448,-0.022942662715467098,-0.008285845543645535,0.032276190385377594,0.095443856370708,-0.017086615652613275,0.06730879585866609,-0.05745702359358564,-0.03183820893462924,-0.00822958387733202,0.010666039233885882,0.00563233340423478,0.01911632550675352,-0.014913883833964216,-0.014919859790034672,0.004618798565462446,0.0006547000595374062,0.020248041477408073,-0.010898920775145014,0.007618710938460168,-0.00010174002101625136,0.008770754725275033,-0.0029655283778643087,-0.01054684348607057,-0.017086615652613275,0.022826868241457972,-0.020954327149034425,0.024140700398528427,0.006749275881598325,0.015393387085239251,-0.010521738872969885,-0.011431388627926638,0.002060749985204221,0.0007890855893381055,0.0076769423236058626,0.0011624062004228926,0.0014645131771142674,-0.0034530284099946983,-0.007179103005134072,-0.03010060065104081,0.004074027500509061,-0.04397235676123515,0.02614706216687391,0.03074219078807759,0.06730879585866609,-0.020954327149034425,0.11826745420988949,-0.11001071879472805,-0.034630502617985524,-0.029554538434083386,0.043688232339155045,0.022500924784968145,0.0035155915796893427,-0.012814681754520954,-0.01846716888860378,0.01976867512671828,-0.005851822306689559,0.025714325680061483,-0.01396187441446024,0.027720242821892123,-0.05717082394131094,0.08740383555245804,-0.01784927886331163,-0.025532114714088918,-0.05745702359358564,0.024140700398528427,-0.11001071879472805,0.22478426946118352,0.04836669970990964,0.04436275211508947,-0.06863408611339263,-0.02247575335699325,0.019304850213922968,-0.024248503346810737,0.007424838254358728,-0.01211250605419597,0.007107928962281457,-0.04839094644441241,-0.022986886958737966,0.008293542220989198,-0.01191183042987094,0.022909450780423515,0.004991811816252872,-0.010702761806902366,-0.03183820893462924,0.006749275881598325,-0.034630502617985524,0.04836669970990964,0.04099760140770799,0.013040545773586699,-0.01913842140046281,-0.00682809133939438,-0.007969995404911993,0.004356084600893376,0.002516227442101867,0.007627827493664609,-0.00034861082730607224,-0.012294272809813826,0.0005790463411789353,0.002061757145867769,-0.018624592806349927,0.028468405944868866,-0.00484835025518257,-0.005280690779329154,-0.00822958387733202,0.015393387085239251,-0.029554538434083386,0.04436275211508947,0.013040545773586699,0.04337319065772757,-0.024672399022008684,-0.02503784954664725,0.004871939134432389,0.0009920388739446985,0.005376199793343025,-0.001519743900185736,-0.0014441395810114582,0.001170161044476569,-0.01784115331270781,-0.018176954549972785,0.02058536509605497,-0.02886903373407492,0.020903870031931393,0.007095125956510377,0.010666039233885882,-0.010521738872969885,0.043688232339155045,-0.06863408611339263,-0.01913842140046281,-0.024672399022008684,0.055277524102557436,0.019638539154676088,-0.007931197874908178,-0.0012086595542222362,-0.007311950152704392,-0.0034360159074843305,-0.003908057942034288,0.004158264405322534,0.006034816294815575,-0.0028478470834679102,0.0010931018493255732,-0.012334532049100977,0.004625827130177108,0.0006242403516130115,0.00563233340423478,-0.011431388627926638,0.022500924784968145,-0.02247575335699325,-0.00682809133939438,-0.02503784954664725,0.019638539154676088,0.03506084918198371,0.007307244769464804,0.0029666048792055966,-0.007492486883706408,0.0009676183478334533,-0.003144197780048936,-0.00654984727106544,0.012022588035305603,-0.002783984973839404,-0.017687624823387857,0.015429436321768696,-0.021037204777029514,6.400728594671069e-5,0.01911632550675352,0.002060749985204221,0.0035155915796893427,0.019304850213922968,-0.007969995404911993,0.004871939134432389,-0.007931197874908178,0.007307244769464804,0.05860072619462566,-0.005295749758820023,0.009733142141668386,-0.017472615530775233,-0.0003063146546125842,-0.024217953189320483,0.0021690630971054692,0.009328210149358673,0.011569894703348106,-0.010218242862679016,-0.01368542055845737,-0.003363097921005488,-0.014913883833964216,0.0007890855893381055,-0.012814681754520954,-0.024248503346810737,0.004356084600893376,0.0009920388739446985,-0.0012086595542222362,0.0029666048792055966,-0.005295749758820023,0.03953966918869141,0.0033818766999443367,0.002218789716497505,-0.0028297034445486993,0.003691396206579557,0.02721138383091088,0.007185524506196767,0.003965793696199801,0.010345086822809924,-0.009947805365884396,-0.01788289271773834,-0.014919859790034672,0.0076769423236058626,-0.01846716888860378,0.007424838254358728,0.002516227442101867,0.005376199793343025,-0.007311950152704392,-0.007492486883706408,0.009733142141668386,0.0033818766999443367,0.0345811522939709,-0.009755568338427247,0.0024060755795485512,-0.015720850406169426,0.004445739039190431,0.0019520845853198267,-0.007110235060207306,0.0023030833886897206,0.011827306204095204,0.003269541532250238,0.004618798565462446,0.0011624062004228926,0.01976867512671828,-0.01211250605419597,0.007627827493664609,-0.001519743900185736,-0.0034360159074843305,0.0009676183478334533,-0.017472615530775233,0.002218789716497505,-0.009755568338427247,0.038978588017439746,0.000188635433934505,0.019734914506808407,-0.018353456981523575,0.00045508941403804896,0.0017359031163181225,0.0043698624008978015,-0.009309599421270007,-0.0009248831097634445,0.0006547000595374062,0.0014645131771142674,-0.005851822306689559,0.007107928962281457,-0.00034861082730607224,-0.0014441395810114582,-0.003908057942034288,-0.003144197780048936,-0.0003063146546125842,-0.0028297034445486993,0.0024060755795485512,0.000188635433934505,0.027329501436976815,0.008030871105329625,-0.009714046686897926,-0.016464698788422504,0.0058264887910230555,-0.010159579564197926,0.010931180217285027,0.00727203927898576,0.020248041477408073,-0.0034530284099946983,0.025714325680061483,-0.04839094644441241,-0.012294272809813826,0.001170161044476569,0.004158264405322534,-0.00654984727106544,-0.024217953189320483,0.003691396206579557,-0.015720850406169426,0.019734914506808407,0.008030871105329625,0.07212957065401188,-0.02975387540215444,0.023989143733884694,0.032164906496999705,-0.032346327133543754,-0.029409990647424264,-0.01013694919655202,-0.010898920775145014,-0.007179103005134072,-0.01396187441446024,-0.022986886958737966,0.0005790463411789353,-0.01784115331270781,0.006034816294815575,0.012022588035305603,0.0021690630971054692,0.02721138383091088,0.004445739039190431,-0.018353456981523575,-0.009714046686897926,-0.02975387540215444,0.08821019976506392
0.05337823225639314,0.012497535711954923,-0.008760904187907141,0.022990722444833953,0.007920399465777755,-0.026935322874906124,0.0030934867150191735,0.003996343790967043,0.0014158161855484315,0.004255779881749571,0.0021496728070915707,-0.0056240866275829695,-0.010586005239873988,-0.014387374333345915,0.00181248660209504,-0.003004149676074545,0.016444531500041083,-0.002132899812496935,0.010898648673965597,0.005572353182669297,0.012497535711954923,0.041716391764794136,-0.00654733648881964,0.013130568229295822,0.005329319036865382,-0.015684003576795117,-0.00973728069840422,0.007196212490497066,0.005831245484214935,0.005043035790869064,3.3994968931136795e-5,0.000835679428977441,-0.006859505266831983,-0.015916556506770256,0.011428002228325577,-0.0095873668746276,0.008852582448486248,0.0014633674664734407,0.00868465997885488,0.01685446479752229,-0.008760904187907141,-0.00654733648881964,0.0348055707279658,0.003703082555201267,0.0030327719140622535,-0.017283228803101694,0.0022719180538809678,-0.01189624286347944,0.013756368984961458,-0.004061815488793013,-0.0015372281529884126,0.0018983601076099715,-0.00018121417850347948,-0.010995358443551902,-0.0016562009316826874,0.005316329651635841,0.011675828258783938,-0.007436167826794297,-0.0007338226668027259,-0.009874853541792135,0.022990722444833953,0.013130568229295822,0.003703082555201267,0.07407631629219225,0.03634823878443333,-0.02728254517993476,0.009262077146442607,0.0272024471316177,-0.02545190331846775,0.005374230544181754,-0.01681317953369943,0.009222475900189459,-0.006430693044307224,-0.018674251940497218,-0.010319776502472556,-0.006412323794743191,0.021201519624155805,-0.014356082021564825,0.0042306048764240494,-0.02392588959052303,0.007920399465777755,0.005329319036865382,0.0030327719140622535,0.03634823878443333,0.0360589850672124,-0.012794938103839668,0.010063570109057767,0.023606116447727886,-0.026947578304091863,0.004193789611675055,-0.012600611335943573,0.007887716744461197,-0.002394093905276321,-0.013906004805613405,-0.004488654537436185,-0.01159546192097462,0.017812092911382194,-0.013042967000619504,0.0029569446486580916,-0.023103481386306655,-0.026935322874906124,-0.015684003576795117,-0.017283228803101694,-0.02728254517993476,-0.012794938103839668,0.08764996485713134,-0.006074858729102888,0.013526071930823998,-0.012074534109496259,-0.0004947590440127731,0.0010741629251932033,0.0009936821087888326,0.017720493380034938,0.04138896398335729,-0.019035142424718952,0.013511280700907138,-0.021952845802394733,0.006767368618921883,-0.01723721544619243,-0.011537186540211642,0.0030934867150191735,-0.00973728069840422,0.0022719180538809678,0.009262077146442607,0.010063570109057767,-0.006074858729102888,0.03334769996245328,-0.004238579024060598,-0.015572075486780693,-0.006228095438326641,-0.008272693495220817,0.0050505409458128665,-0.002287397443852648,-0.003793660299127727,-0.011516872562294469,-0.008059293440362237,0.013739713332287285,-0.011200683948234171,0.0038219118554133156,-0.017110133146116268,0.003996343790967043,0.007196212490497066,-0.01189624286347944,0.0272024471316177,0.023606116447727886,0.013526071930823998,-0.004238579024060598,0.05961395656260472,-0.02357529704147924,0.008542188476357664,-0.012049967088633956,0.0029184321962436813,-0.003207754556618028,0.012748607961691034,-0.0109763570987948,0.005456848792733763,0.009689000448719363,-0.013253143251989914,-0.003941280619297152,-0.016406326948635246,0.0014158161855484315,0.005831245484214935,0.013756368984961458,-0.02545190331846775,-0.026947578304091863,-0.012074534109496259,-0.015572075486780693,-0.02357529704147924,0.09673867574916539,0.009924220704635387,0.0071711712235512075,-0.01828986957190812,0.0133999049558103,0.01104019306627656,0.004198369702794152,-0.00857174205453783,-0.011636472893312707,0.010562966010963917,-0.0029216655764643454,0.021627953723809896,0.004255779881749571,0.005043035790869064,-0.004061815488793013,0.005374230544181754,0.004193789611675055,-0.0004947590440127731,-0.006228095438326641,0.008542188476357664,0.009924220704635387,0.023809958682276654,-0.0023921822730973135,-0.007969133914886035,0.0043852103948678655,-0.0004244199814837726,0.0017304636834856127,-0.0025898733880769477,-0.00028188900409389537,0.0005727160957492896,0.0007974139797897479,0.0016752133056879507,0.0021496728070915707,3.3994968931136795e-5,-0.0015372281529884126,-0.01681317953369943,-0.012600611335943573,0.0010741629251932033,-0.008272693495220817,-0.012049967088633956,0.0071711712235512075,-0.0023921822730973135,0.020935167716075013,0.0003284273567418414,-0.0012876271070350026,-0.001677038062839322,0.013745184947748366,0.005990225681180029,-0.011280460483400173,0.008360572699882971,-0.0015384550725353265,0.012287808609287472,-0.0056240866275829695,0.000835679428977441,0.0018983601076099715,0.009222475900189459,0.007887716744461197,0.0009936821087888326,0.0050505409458128665,0.0029184321962436813,-0.01828986957190812,-0.007969133914886035,0.0003284273567418414,0.028551832188484377,0.0004024597357786007,-0.012390694067661686,-0.007894023346400061,0.0021549524874593107,-0.0037433992266350507,0.0013683676171705014,-0.0017168766206310153,-0.012311862643326663,-0.010586005239873988,-0.006859505266831983,-0.00018121417850347948,-0.006430693044307224,-0.002394093905276321,0.017720493380034938,-0.002287397443852648,-0.003207754556618028,0.0133999049558103,0.0043852103948678655,-0.0012876271070350026,0.0004024597357786007,0.026862022172675276,0.012580258340268428,-0.004848038961253,-0.0053924475670841425,-0.010889754131241098,0.001688369949225916,-0.010662350128071112,-0.007045970413486622,-0.014387374333345915,-0.015916556506770256,-0.010995358443551902,-0.018674251940497218,-0.013906004805613405,0.04138896398335729,-0.003793660299127727,0.012748607961691034,0.01104019306627656,-0.0004244199814837726,-0.001677038062839322,-0.012390694067661686,0.012580258340268428,0.055825480517875926,-0.006916119583032079,0.006417737318248023,-0.018448060216471506,-0.00546829831587684,-0.020465205121137316,0.00482079383188461,0.00181248660209504,0.011428002228325577,-0.0016562009316826874,-0.010319776502472556,-0.004488654537436185,-0.019035142424718952,-0.011516872562294469,-0.0109763570987948,0.004198369702794152,0.0017304636834856127,0.013745184947748366,-0.007894023346400061,-0.004848038961253,-0.006916119583032079,0.0439014131158441,0.002478329887591601,-0.004622344235647157,0.006605746255922869,-3.836231575190651e-5,0.026924798208455517,-0.003004149676074545,-0.0095873668746276,0.005316329651635841,-0.006412323794743191,-0.01159546192097462,0.013511280700907138,-0.008059293440362237,0.005456848792733763,-0.00857174205453783,-0.0025898733880769477,0.005990225681180029,0.0021549524874593107,-0.0053924475670841425,0.006417737318248023,0.002478329887591601,0.03774072917552062,-0.015379721116679172,0.005659558741945473,-0.012259788578080208,0.0006470421190760637,0.016444531500041083,0.008852582448486248,0.011675828258783938,0.021201519624155805,0.017812092911382194,-0.021952845802394733,0.013739713332287285,0.009689000448719363,-0.011636472893312707,-0.00028188900409389537,-0.011280460483400173,-0.0037433992266350507,-0.010889754131241098,-0.018448060216471506,-0.004622344235647157,-0.015379721116679172,0.04496866049958985,-0.020107011370153784,0.010861165679522607,-0.016395146036345946,-0.002132899812496935,0.0014633674664734407,-0.007436167826794297,-0.014356082021564825,-0.013042967000619504,0.006767368618921883,-0.011200683948234171,-0.013253143251989914,0.010562966010963917,0.0005727160957492896,0.008360572699882971,0.0013683676171705014,0.001688369949225916,-0.00546829831587684,0.006605746255922869,0.005659558741945473,-0.020107011370153784,0.036653093708758536,0.008668950620688478,0.01027221898029803,0.010898648673965597,0.00868465997885488,-0.0007338226668027259,0.0042306048764240494,0.0029569446486580916,-0.01723721544619243,0.0038219118554133156,-0.003941280619297152,-0.0029216655764643454,0.0007974139797897479,-0.0015384550725353265,-0.0017168766206310153,-0.010662350128071112,-0.020465205121137316,-3.836231575190651e-5,-0.012259788578080208,0.010861165679522607,0.008668950620688478,0.039486835493818484,0.0020181549025077945,0.005572353182669297,0.01685446479752229,-0.009874853541792135,-0.02392588959052303,-0.023103481386306655,-0.011537186540211642,-0.017110133146116268,-0.016406326948635246,0.021627953723809896,0.0016752133056879507,0.012287808609287472,-0.012311862643326663,-0.007045970413486622,0.00482079383188461,0.026924798208455517,0.0006470421190760637,-0.016395146036345946,0.01027221898029803,0.0020181549025077945,0.05973062073259676
