0.03602872283488648,-0.0019436791258423082,0.007978929841254288,-0.00962343111292224,-0.010272170933859865,0.013659837159075651,-0.005125491589198186,-0.008832491834585272,0.004612903838990464,0.008193716335613065,0.00018704567147474229,-0.011463315082029257,-0.006234628717957813,-0.0028817546959926535,0.005304760418301255,0.006381004671646578,0.013878718599595597,-0.0033272582455034826,-6.154743685151363e-5,-0.0020947087119998356,-0.0019436791258423082,0.0175836066092867,-0.004659550934458419,-0.00017144543857184252,0.0011606743250550584,0.0035204612496837684,0.000864568392722895,-0.007211314193706236,-0.0043479618340338,0.0009580522409616317,3.9100420672305504e-5,-0.001787408353485104,0.0010153548725937594,0.0037656869074477297,0.003670397429186204,0.005653758499367131,-0.0015405015000012265,-0.0020993853625428964,-5.263760223236556e-5,-0.0002469325552976336,0.007978929841254288,-0.004659550934458419,0.03030151335317273,-0.0029949787349533275,-0.010377932890896575,0.002247034426887859,0.0054754274186376,-0.004470924068419266,-0.0024564764981685134,0.0023309790632509314,-0.004151488159789546,-0.006497192723917514,-0.007884643598093564,-0.00026222056334584715,0.006379691895040113,0.00186242161192954,0.01413955726169916,0.004183727499769082,-0.0028745026245284118,0.0026547782742088214,-0.00962343111292224,-0.00017144543857184252,-0.0029949787349533275,0.029770839224252325,0.009464392162171749,-0.012280469888893912,0.006168997971007324,0.005872531521052076,-0.005557931963832263,0.0011892484472131135,-0.005937951339725555,0.0060995921606725135,0.0029056045136187925,0.001638772307775351,-0.0030866217177455235,0.00040755931595204235,-0.006670308103007958,-0.0032345343301908853,0.000725337418506091,-0.007000535294037151,-0.010272170933859865,0.0011606743250550584,-0.010377932890896575,0.009464392162171749,0.024780006337678604,-0.008331348962879098,0.00832828039975178,0.004179913504341073,-0.0009982345962189962,-0.006715818244818265,0.004449013163265043,0.004135918774126412,-0.00265805939945419,0.007116826871321464,0.0018337266061697465,-0.0024448753870475173,-0.00047147648566898243,-0.0008042046124539265,-0.0026621659379355367,-0.005915799578733281,0.013659837159075651,0.0035204612496837684,0.002247034426887859,-0.012280469888893912,-0.008331348962879098,0.03247214715942413,-0.0029182864625974534,-0.012870190805564024,-0.0011591704782298704,0.007533104561950022,0.006215314919874338,-0.003966779999314396,-0.010166312555167473,-0.003442569382319602,-0.0020965899609421495,-0.004129143691343446,0.00511131314810992,-0.0056633412276274634,-0.0018652918135856613,0.0006302596992826892,-0.005125491589198186,0.000864568392722895,0.0054754274186376,0.006168997971007324,0.00832828039975178,-0.0029182864625974534,0.03121781293983484,-0.009718909097287934,-0.004553799725221195,-0.007398530023465616,-0.0026937370653888587,0.004662888934749435,0.0007228790315746724,-0.0012137393419896331,0.002662252222109346,-0.00017508080261064,-0.00025481485714835123,-0.00033784458618185475,-0.005794862646014051,-0.0034695788608510307,-0.008832491834585272,-0.007211314193706236,-0.004470924068419266,0.005872531521052076,0.004179913504341073,-0.012870190805564024,-0.009718909097287934,0.05074735859835396,-0.002880649265650793,-0.0019996867964339913,0.0030595035521007894,0.00771043906496947,0.007919672811235928,0.006574570310024759,-0.0025009984019526204,-0.0037938212182770286,-0.005693256949559336,0.00392667615173041,0.0025812996404536185,0.008223732216213628,0.004612903838990464,-0.0043479618340338,-0.0024564764981685134,-0.005557931963832263,-0.0009982345962189962,-0.0011591704782298704,-0.004553799725221195,-0.002880649265650793,0.016867504181529894,-0.004885300736609475,-0.0014535891308331285,-0.0025913846837655563,0.0002480682179204283,1.1851324834847259e-5,0.003568854748523786,0.0021158999180354225,0.0006394696786373034,0.004457640446038656,-0.0033769757919450446,-0.005002427200467072,0.008193716335613065,0.0009580522409616317,0.0023309790632509314,0.0011892484472131135,-0.006715818244818265,0.007533104561950022,-0.007398530023465616,-0.0019996867964339913,-0.004885300736609475,0.030978476971570017,0.0012537876234634576,-0.008735873872901579,0.004000048784627714,-0.0022564514332496077,-0.0012004151730844674,0.01006690651987431,-0.002148541352376788,-0.003934230864963011,0.0033394604780894867,-0.0026808648283345015,0.00018704567147474229,3.9100420672305504e-5,-0.004151488159789546,-0.005937951339725555,0.004449013163265043,0.006215314919874338,-0.0026937370653888587,0.0030595035521007894,-0.0014535891308331285,0.0012537876234634576,0.023990817495691607,0.0006736325623881313,-0.0004913270305416881,-0.0035566934053844544,-0.0013034437200168864,-0.002465559583992712,-0.0014886170451532757,-0.0012278610551573095,-0.003600140483229794,0.0019467872184286948,-0.011463315082029257,-0.001787408353485104,-0.006497192723917514,0.0060995921606725135,0.004135918774126412,-0.003966779999314396,0.004662888934749435,0.00771043906496947,-0.0025913846837655563,-0.008735873872901579,0.0006736325623881313,0.03206330247291114,0.0019400775546281617,0.003070329234416078,-0.004953651543693145,-0.008580184126558778,-0.010370883720208857,-0.004324569190442967,0.003538527984122199,-0.00031574477463189456,-0.006234628717957813,0.0010153548725937594,-0.007884643598093564,0.0029056045136187925,-0.00265805939945419,-0.010166312555167473,0.0007228790315746724,0.007919672811235928,0.0002480682179204283,0.004000048784627714,-0.0004913270305416881,0.0019400775546281617,0.02013564934792992,-0.00048211933643441,0.0014926383190255327,-0.0010448308767171876,-0.011079887348297433,-0.00010573525251729615,0.0034699810314960024,0.005432978944078529,-0.0028817546959926535,0.0037656869074477297,-0.00026222056334584715,0.001638772307775351,0.007116826871321464,-0.003442569382319602,-0.0012137393419896331,0.006574570310024759,1.1851324834847259e-5,-0.0022564514332496077,-0.0035566934053844544,0.003070329234416078,-0.00048211933643441,0.02233733272391564,-0.001123230134268545,-0.0010646018214839142,-0.005705487558545326,-0.003325441418812654,-0.004705317210164443,-0.0033044723583422492,0.005304760418301255,0.003670397429186204,0.006379691895040113,-0.0030866217177455235,0.0018337266061697465,-0.0020965899609421495,0.002662252222109346,-0.0025009984019526204,0.003568854748523786,-0.0012004151730844674,-0.0013034437200168864,-0.004953651543693145,0.0014926383190255327,-0.001123230134268545,0.0183917747834298,0.007822975520368793,-2.657840732045501e-5,-0.0031036163466615255,0.0007316606611633638,-0.0005704228437973455,0.006381004671646578,0.005653758499367131,0.00186242161192954,0.00040755931595204235,-0.0024448753870475173,-0.004129143691343446,-0.00017508080261064,-0.0037938212182770286,0.0021158999180354225,0.01006690651987431,-0.002465559583992712,-0.008580184126558778,-0.0010448308767171876,-0.0010646018214839142,0.007822975520368793,0.022187097971052703,-0.0014922805700678813,-0.002371059587887807,-0.00571876243985293,-0.007339108700278998,0.013878718599595597,-0.0015405015000012265,0.01413955726169916,-0.006670308103007958,-0.00047147648566898243,0.00511131314810992,-0.00025481485714835123,-0.005693256949559336,0.0006394696786373034,-0.002148541352376788,-0.0014886170451532757,-0.010370883720208857,-0.011079887348297433,-0.005705487558545326,-2.657840732045501e-5,-0.0014922805700678813,0.037059347207183964,0.006348003838695342,-0.002235459559108383,0.0008974283940658048,-0.0033272582455034826,-0.0020993853625428964,0.004183727499769082,-0.0032345343301908853,-0.0008042046124539265,-0.0056633412276274634,-0.00033784458618185475,0.00392667615173041,0.004457640446038656,-0.003934230864963011,-0.0012278610551573095,-0.004324569190442967,-0.00010573525251729615,-0.003325441418812654,-0.0031036163466615255,-0.002371059587887807,0.006348003838695342,0.02033296622605469,0.0009156821048947508,0.0047519526625540015,-6.154743685151363e-5,-5.263760223236556e-5,-0.0028745026245284118,0.000725337418506091,-0.0026621659379355367,-0.0018652918135856613,-0.005794862646014051,0.0025812996404536185,-0.0033769757919450446,0.0033394604780894867,-0.003600140483229794,0.003538527984122199,0.0034699810314960024,-0.004705317210164443,0.0007316606611633638,-0.00571876243985293,-0.002235459559108383,0.0009156821048947508,0.012308359118344133,0.00307610274805931,-0.0020947087119998356,-0.0002469325552976336,0.0026547782742088214,-0.007000535294037151,-0.005915799578733281,0.0006302596992826892,-0.0034695788608510307,0.008223732216213628,-0.005002427200467072,-0.0026808648283345015,0.0019467872184286948,-0.00031574477463189456,0.005432978944078529,-0.0033044723583422492,-0.0005704228437973455,-0.007339108700278998,0.0008974283940658048,0.0047519526625540015,0.00307610274805931,0.029868408775971973
