0.051798785767087796,0.04141852078691969,0.05400893744083346,0.04009608492504561,0.028428277068224223,-0.0007347464326721183,0.024057471392767392,0.03028457441898241,0.03249414398184341,0.05582333104522806,0.016023682250528273,0.03786642688558662,0.03331523855921861,0.03213905878357823,0.01758004458959072,0.015728285435271896,0.04038792522578043,0.0011744692637899257,0.021197121538354895,0.00964292447178501,0.04141852078691969,0.06915544588342348,0.07047963175469786,0.051625401530731946,0.03643207684125585,-0.009388761941475296,0.03742428825534426,0.031930490482275226,0.03410233184813362,0.0654063013001335,0.021173172275059327,0.04682685786914599,0.04597973160931363,0.04267978710820524,0.017933806799653687,0.02502215114489536,0.0634957493601352,0.002644163819861353,0.027096219925489207,0.008324070061334825,0.05400893744083346,0.07047963175469786,0.14233575491438338,0.0910310345107484,0.0626691938495814,-0.020647413889992833,0.05651477807903617,0.026304059848455935,0.05027629996638087,0.10529347777578232,0.027161847540618865,0.0698584532560097,0.07447159682261292,0.0573525700834591,0.030371472879724526,0.03573644845427512,0.10939237162796028,-0.015311515365420065,0.03476708727455498,-0.010674824817960428,0.04009608492504561,0.051625401530731946,0.0910310345107484,0.13816465900715766,0.058800685829803426,-0.02056277959683063,0.02304276789274652,0.02166125757515915,0.09434395221184558,0.09634943532334103,0.031087920664685034,0.07871290185902988,0.06255089241315544,0.06012329235050695,0.018944742911727673,0.021756096362940167,0.07906335721027702,-0.009026585156377347,0.03353914824362122,0.0214392445096275,0.028428277068224223,0.03643207684125585,0.0626691938495814,0.058800685829803426,0.0516044563408909,-0.0033940294308953557,0.01756417914578763,0.022821447058407086,0.04249292749776786,0.06456154936620406,0.02033709639205876,0.041202210433384096,0.03718572418196914,0.03353505951045846,0.005333892327280099,0.017281508155291628,0.045781996663481456,-0.004462236827334152,0.019919418717221006,0.010999880113886844,-0.0007347464326721183,-0.009388761941475296,-0.020647413889992833,-0.02056277959683063,-0.0033940294308953557,0.0436689902606034,-0.023767008428358313,0.022967056301648976,0.014765478587299659,-0.00349547589990227,-0.007190770776576858,-0.011934045468951625,-0.010929244072861936,-0.0064239294040484085,-0.024009381289653235,-0.0006095143206551244,-0.04294717847450508,0.010358235846756677,-0.003414250654306269,0.02266263098599857,0.024057471392767392,0.03742428825534426,0.05651477807903617,0.02304276789274652,0.01756417914578763,-0.023767008428358313,0.07389414144397313,0.008614143105076981,0.0027376657444937802,0.04324329261619335,0.02873267906446029,0.03371688663122743,0.044025303676679006,0.023977473186164007,0.026019618158916877,0.011841114401718415,0.08063587932592113,-0.009826395677164992,0.020939587137417753,-0.010100485823767696,0.03028457441898241,0.031930490482275226,0.026304059848455935,0.02166125757515915,0.022821447058407086,0.022967056301648976,0.008614143105076981,0.06087379782388467,0.03685269297956239,0.04489948381315029,0.010683658592411802,0.01809434661552517,0.022181947067709557,0.021442351660879665,-0.007211579953851526,0.02019705359553045,0.018682668119289415,0.016849112374456163,0.0227733374289437,0.0320969720746969,0.03249414398184341,0.03410233184813362,0.05027629996638087,0.09434395221184558,0.04249292749776786,0.014765478587299659,0.0027376657444937802,0.03685269297956239,0.11777059089459409,0.07321904340217097,0.019789538793174785,0.052082715652687815,0.04618890231255426,0.04923139270851091,-0.0015008203980719356,0.022315287958513733,0.034869589841701465,0.0073665326072093985,0.023754361105093845,0.041566627152668574,0.05582333104522806,0.0654063013001335,0.10529347777578232,0.09634943532334103,0.06456154936620406,-0.00349547589990227,0.04324329261619335,0.04489948381315029,0.07321904340217097,0.11785040687182138,0.034988761540737906,0.06956381810742332,0.06878188330991364,0.059909442478084524,0.017175144925590947,0.034379316832118624,0.09037632443482828,-0.0009712728480058743,0.041515782212075455,0.017139242964293533,0.016023682250528273,0.021173172275059327,0.027161847540618865,0.031087920664685034,0.02033709639205876,-0.007190770776576858,0.02873267906446029,0.010683658592411802,0.019789538793174785,0.034988761540737906,0.05027966717217175,0.025339940035627243,0.032934694486504594,0.02076387348163233,0.017853601827385844,0.003050924904807059,0.04598594553548123,0.003478436977072016,0.01613531041584497,0.012941800078193032,0.03786642688558662,0.04682685786914599,0.0698584532560097,0.07871290185902988,0.041202210433384096,-0.011934045468951625,0.03371688663122743,0.01809434661552517,0.052082715652687815,0.06956381810742332,0.025339940035627243,0.07676591220756195,0.048838605238198315,0.04524356269048439,0.023467940594002243,0.015054854153066118,0.06012776198070428,-0.007816514571159113,0.026126761581130108,0.011466015390143792,0.03331523855921861,0.04597973160931363,0.07447159682261292,0.06255089241315544,0.03718572418196914,-0.010929244072861936,0.044025303676679006,0.022181947067709557,0.04618890231255426,0.06878188330991364,0.032934694486504594,0.048838605238198315,0.07274419238042379,0.037484594796034304,0.018886643664201633,0.019054034332209778,0.07449510115376691,-0.000910285417287846,0.024607147774959884,0.004435811966765341,0.03213905878357823,0.04267978710820524,0.0573525700834591,0.06012329235050695,0.03353505951045846,-0.0064239294040484085,0.023977473186164007,0.021442351660879665,0.04923139270851091,0.059909442478084524,0.02076387348163233,0.04524356269048439,0.037484594796034304,0.05508837306840786,0.01283147043629811,0.01836587301278537,0.04568942661520112,-0.001659254681958441,0.022280181198101955,0.01251097866769144,0.01758004458959072,0.017933806799653687,0.030371472879724526,0.018944742911727673,0.005333892327280099,-0.024009381289653235,0.026019618158916877,-0.007211579953851526,-0.0015008203980719356,0.017175144925590947,0.017853601827385844,0.023467940594002243,0.018886643664201633,0.01283147043629811,0.03844369061047283,-0.004005010375205842,0.03738030547619996,-0.008351523330085611,0.007143131709795768,-0.012570606663608926,0.015728285435271896,0.02502215114489536,0.03573644845427512,0.021756096362940167,0.017281508155291628,-0.0006095143206551244,0.011841114401718415,0.02019705359553045,0.022315287958513733,0.034379316832118624,0.003050924904807059,0.015054854153066118,0.019054034332209778,0.01836587301278537,-0.004005010375205842,0.03712350273721006,0.029885537980043148,-0.002698540089582254,0.014104642175372183,0.005916717367573647,0.04038792522578043,0.0634957493601352,0.10939237162796028,0.07906335721027702,0.045781996663481456,-0.04294717847450508,0.08063587932592113,0.018682668119289415,0.034869589841701465,0.09037632443482828,0.04598594553548123,0.06012776198070428,0.07449510115376691,0.04568942661520112,0.03738030547619996,0.029885537980043148,0.1572830384707951,-0.019504281311388934,0.03823403775822749,-0.00887155031851543,0.0011744692637899257,0.002644163819861353,-0.015311515365420065,-0.009026585156377347,-0.004462236827334152,0.010358235846756677,-0.009826395677164992,0.016849112374456163,0.0073665326072093985,-0.0009712728480058743,0.003478436977072016,-0.007816514571159113,-0.000910285417287846,-0.001659254681958441,-0.008351523330085611,-0.002698540089582254,-0.019504281311388934,0.02898501439306613,0.0026887866469761743,0.018312989008061872,0.021197121538354895,0.027096219925489207,0.03476708727455498,0.03353914824362122,0.019919418717221006,-0.003414250654306269,0.020939587137417753,0.0227733374289437,0.023754361105093845,0.041515782212075455,0.01613531041584497,0.026126761581130108,0.024607147774959884,0.022280181198101955,0.007143131709795768,0.014104642175372183,0.03823403775822749,0.0026887866469761743,0.030595557767608472,0.010558292450993004,0.00964292447178501,0.008324070061334825,-0.010674824817960428,0.0214392445096275,0.010999880113886844,0.02266263098599857,-0.010100485823767696,0.0320969720746969,0.041566627152668574,0.017139242964293533,0.012941800078193032,0.011466015390143792,0.004435811966765341,0.01251097866769144,-0.012570606663608926,0.005916717367573647,-0.00887155031851543,0.018312989008061872,0.010558292450993004,0.05485868825864631
0.048782911252384153,-0.0026875880700148805,0.016342598021861977,0.022105858175013558,0.013462427815484136,0.030475166667530116,0.014008004448913758,0.031273915572039346,0.02193187022446402,0.021149599164268534,0.018791459909319436,0.013439578266531596,0.012389722991030874,0.040326686605221915,0.02881215798276224,0.027850948873427813,0.005919970297311967,0.027500784131728094,0.006701989230055979,0.028192118852960777,-0.0026875880700148805,0.06319609072852342,-0.001222152507452032,0.010680711099899935,0.0009810437458102027,0.00293573821692279,0.0017842221393953826,-0.002527128695439652,0.01054788688621384,0.003031037545095612,0.002229597973794224,-0.006987724882025371,0.01454594636269298,0.0169829765324907,0.022256391734254602,-0.007719186642720583,0.019589927820646308,0.015805061874024154,-0.006193496621580631,0.01391335319579877,0.016342598021861977,-0.001222152507452032,0.025565262887391457,0.011256927507589436,0.008591124942933261,0.015058038669880222,0.008019287482563402,0.00914648679919154,0.010014187359373273,0.008108550236892362,0.017485719513534746,0.011161237639755307,0.009705510773607269,0.025815910184449863,0.006551495956093558,0.021747945783741122,0.0007994881986488835,0.013563488844688686,0.005434143650059313,0.011292533409145092,0.022105858175013558,0.010680711099899935,0.011256927507589436,0.032967136434441324,0.019001152154494765,0.010369786906554412,0.009106450511274313,0.015182599047446817,0.020600220730348832,0.013616056585143305,0.011591351746772088,0.009324508456952166,0.00457675102166241,0.02565432137136576,0.013545642830189643,0.019728816345372324,0.0076832933479021835,0.017458298162623103,0.013249658123774152,0.013095604650879252,0.013462427815484136,0.0009810437458102027,0.008591124942933261,0.019001152154494765,0.03819035675556044,0.005146817470031912,0.010116789180300817,0.012500361673088912,0.028327355698433962,0.008941231422864324,0.002459801730586929,-0.0015270462684374344,0.007176128771672573,0.015597859687712665,0.010984560977532313,0.019324575348906234,0.0032436707202854326,0.014351166795873048,0.015418785094473992,0.017679744407318093,0.030475166667530116,0.00293573821692279,0.015058038669880222,0.010369786906554412,0.005146817470031912,0.06383539211199926,0.011264900937523414,0.032771264367736586,0.021325729344282614,0.019763288137930782,0.0169186944164902,0.023111148728654024,0.021941651929644826,0.04077874764423241,0.037823929004365056,0.02368860757351862,0.00204789574097323,0.024281755791742764,0.005952484200678825,0.04331903879996255,0.014008004448913758,0.0017842221393953826,0.008019287482563402,0.009106450511274313,0.010116789180300817,0.011264900937523414,0.0526371072195935,0.0130690637976321,0.011117479719275215,0.013316397372148783,0.017292668736423884,0.0029738211803866962,0.013995261535225602,0.03783211965965609,0.015585016217782894,0.018398645408030247,0.025188031258452183,0.01235881248951462,0.008657241288034717,0.0270020959851461,0.031273915572039346,-0.002527128695439652,0.00914648679919154,0.015182599047446817,0.012500361673088912,0.032771264367736586,0.0130690637976321,0.06617956276405271,0.028202517080935137,0.017653502705491198,0.0024799949052683127,0.015509943940788452,0.013323357264763951,0.029456286244779854,0.036186516073426114,0.02149021880269359,0.0017174409398323306,0.03229876115885742,-0.0004119955547012585,0.04577945676102299,0.02193187022446402,0.01054788688621384,0.010014187359373273,0.020600220730348832,0.028327355698433962,0.021325729344282614,0.011117479719275215,0.028202517080935137,0.06391674521559586,0.012487603680254056,0.005145440526999357,0.009350853835404915,0.018145822804226525,0.0268791103940412,0.030200849855500134,0.021694995526117245,0.005168415265885282,0.028893613480626072,0.020779163069205863,0.040291621464037114,0.021149599164268534,0.003031037545095612,0.008108550236892362,0.013616056585143305,0.008941231422864324,0.019763288137930782,0.013316397372148783,0.017653502705491198,0.012487603680254056,0.027363992594340605,0.010146329017281512,0.006599568996398079,0.011400390996815451,0.03438400182428762,0.02444814102191697,0.01750815085190931,0.003682810135686925,0.015482474179582355,0.00639860954983257,0.025323392641679036,0.018791459909319436,0.002229597973794224,0.017485719513534746,0.011591351746772088,0.002459801730586929,0.0169186944164902,0.017292668736423884,0.0024799949052683127,0.005145440526999357,0.010146329017281512,0.05692436024490908,0.013809618602248563,0.01042877884580449,0.042432212412435534,0.011515496321051756,0.025971161807183233,0.022308268171196168,0.008644349374536925,0.008842856652411742,0.0017586310905669707,0.013439578266531596,-0.006987724882025371,0.011161237639755307,0.009324508456952166,-0.0015270462684374344,0.023111148728654024,0.0029738211803866962,0.015509943940788452,0.009350853835404915,0.006599568996398079,0.013809618602248563,0.038045908533342776,0.005786910191346365,0.030295289602933866,0.00728606349012845,0.020444958671857902,0.0006013481090939741,0.010543508701959754,0.0005710838567191685,0.018045529098085183,0.012389722991030874,0.01454594636269298,0.009705510773607269,0.00457675102166241,0.007176128771672573,0.021941651929644826,0.013995261535225602,0.013323357264763951,0.018145822804226525,0.011400390996815451,0.01042877884580449,0.005786910191346365,0.034518581155682314,0.023867212563646868,0.025884672451982987,0.013201011840022916,0.012980560178138843,0.013515643680483951,0.0011016219588131004,0.029463812341257337,0.040326686605221915,0.0169829765324907,0.025815910184449863,0.02565432137136576,0.015597859687712665,0.04077874764423241,0.03783211965965609,0.029456286244779854,0.0268791103940412,0.03438400182428762,0.042432212412435534,0.030295289602933866,0.023867212563646868,0.10248495390991122,0.044598613003762486,0.042504710505871346,0.03373874352203687,0.030551534617870458,0.014775173364032338,0.050908919604110654,0.02881215798276224,0.022256391734254602,0.006551495956093558,0.013545642830189643,0.010984560977532313,0.037823929004365056,0.015585016217782894,0.036186516073426114,0.030200849855500134,0.02444814102191697,0.011515496321051756,0.00728606349012845,0.025884672451982987,0.044598613003762486,0.06610819795525424,0.01444109315535284,0.015003650771590799,0.023857774750745395,-0.0008061460522608178,0.05100663109826505,0.027850948873427813,-0.007719186642720583,0.021747945783741122,0.019728816345372324,0.019324575348906234,0.02368860757351862,0.018398645408030247,0.02149021880269359,0.021694995526117245,0.01750815085190931,0.025971161807183233,0.020444958671857902,0.013201011840022916,0.042504710505871346,0.01444109315535284,0.05326010759041279,0.00818070022842187,0.02421677021796407,0.01934389915707744,0.023835742301177396,0.005919970297311967,0.019589927820646308,0.0007994881986488835,0.0076832933479021835,0.0032436707202854326,0.00204789574097323,0.025188031258452183,0.0017174409398323306,0.005168415265885282,0.003682810135686925,0.022308268171196168,0.0006013481090939741,0.012980560178138843,0.03373874352203687,0.015003650771590799,0.00818070022842187,0.03845925363802201,0.005565033749361667,-0.005231674737689809,0.014382703095063855,0.027500784131728094,0.015805061874024154,0.013563488844688686,0.017458298162623103,0.014351166795873048,0.024281755791742764,0.01235881248951462,0.03229876115885742,0.028893613480626072,0.015482474179582355,0.008644349374536925,0.010543508701959754,0.013515643680483951,0.030551534617870458,0.023857774750745395,0.02421677021796407,0.005565033749361667,0.049993953788908814,0.009295264086313256,0.032569773683515886,0.006701989230055979,-0.006193496621580631,0.005434143650059313,0.013249658123774152,0.015418785094473992,0.005952484200678825,0.008657241288034717,-0.0004119955547012585,0.020779163069205863,0.00639860954983257,0.008842856652411742,0.0005710838567191685,0.0011016219588131004,0.014775173364032338,-0.0008061460522608178,0.01934389915707744,-0.005231674737689809,0.009295264086313256,0.03882560194517822,0.004748520985537684,0.028192118852960777,0.01391335319579877,0.011292533409145092,0.013095604650879252,0.017679744407318093,0.04331903879996255,0.0270020959851461,0.04577945676102299,0.040291621464037114,0.025323392641679036,0.0017586310905669707,0.018045529098085183,0.029463812341257337,0.050908919604110654,0.05100663109826505,0.023835742301177396,0.014382703095063855,0.032569773683515886,0.004748520985537684,0.07721137928336971
