0.04230476697212419,-0.028677864901021116,0.013590774424444823,-0.016846088701782523,0.006261855125464809,-0.003247796530594921,-0.015712656864051773,-0.008778373228847816,0.00025548001239893907,-0.003385001277971209,-0.010701596699130032,-0.009041854335089115,0.01726606160846435,0.004402422408235918,-0.01805802502241473,0.0016117794082409144,0.01822236261052989,0.0031607033527917766,0.009552296080876235,-0.006854159716318123,-0.028677864901021116,0.09658532425502675,0.01767341820322453,0.07414232138848198,-0.03386185339632194,0.011758990386675645,0.02533881697255139,-0.008363963603433416,-0.05119101700552263,0.0007852460181637826,0.015807805080957908,0.04974373730920629,-0.036510210110637084,-0.022380155120767055,0.057959787931383115,-0.0010739369436839142,-0.059590791939869964,-0.06783358488010077,-0.02194878025904918,-0.007218716557076057,0.013590774424444823,0.01767341820322453,0.09062403887535955,0.01486743772356501,-0.01484876527398736,0.003908801802060557,-0.006324987672702653,-0.03002634459347099,-0.03545992927102269,-0.05331467191786963,-0.005316807522004941,0.02812319356302062,-0.0312726935081763,0.008675029049081691,0.04330114739598012,-0.009690008750472032,-0.010900658293544231,-0.011306604705244881,-0.005667916362046365,-0.010065142296828967,-0.016846088701782523,0.07414232138848198,0.01486743772356501,0.14658279146882547,-0.03966509011540559,0.018738249468675246,0.02016568032619867,0.008360787779063704,-0.06432373781753153,0.00886255287255161,0.050020272015936104,0.05174846371059952,-0.058895041572943355,-0.03030374926950527,0.06475157960893155,-0.007480616276499565,-0.0832988059698471,-0.11047244380408058,-0.021932457249074742,-0.02600694249404284,0.006261855125464809,-0.03386185339632194,-0.01484876527398736,-0.03966509011540559,0.044790539269821794,-0.0073669544041687005,-0.0113309855381275,-0.005514503863883753,0.03207941634131281,0.00850486137643447,-0.018188211283644867,-0.03227002428072921,0.01925548356096108,0.004279540689286534,-0.027839842949252278,0.006722996037939635,0.01964362061200263,0.027054404635015822,0.007838878697023067,0.01287261834150127,-0.003247796530594921,0.011758990386675645,0.003908801802060557,0.018738249468675246,-0.0073669544041687005,0.0222026895417953,0.006585670867461741,0.006334442865455498,-0.021681397279630865,0.0007270712396289986,0.01146538078128828,0.006665306814180089,-0.018108028046971533,-0.009555229411915148,0.017532024628209533,-0.003118776910314749,-0.013625902918764088,-0.01759449887079244,-0.003722390272518649,-0.00647493967191021,-0.015712656864051773,0.02533881697255139,-0.006324987672702653,0.02016568032619867,-0.0113309855381275,0.006585670867461741,0.06752660627816527,0.013032497581020715,-0.016517020112573548,0.013039529652992533,0.03267298870057607,0.022808417855658597,-0.012661712360485619,-0.019060080890972282,0.00783034140736082,-0.0012948584241432842,-0.024605562457982375,-0.030365407957626316,-0.017708038197285444,-0.008425687431630191,-0.008778373228847816,-0.008363963603433416,-0.03002634459347099,0.008360787779063704,-0.005514503863883753,0.006334442865455498,0.013032497581020715,0.054787313787267373,-0.010395734598815144,0.011663840498933778,0.023411296819117074,-0.0014192815643918155,-0.020061886458709925,0.0003359142078667967,0.003647736561352003,-0.007037987965760101,-0.014038566956421552,0.0038080875808096677,-0.001832264041552924,-0.008650375182366799,0.00025548001239893907,-0.05119101700552263,-0.03545992927102269,-0.06432373781753153,0.03207941634131281,-0.021681397279630865,-0.016517020112573548,-0.010395734598815144,0.09368703792486806,0.01883127045032635,-0.028326049690122125,-0.042766819999398895,0.05218841701036282,0.020619935024937183,-0.06265328474160406,0.01596915783684435,0.04220652206921524,0.06432858593317153,0.01813023088583862,0.02559367105804038,-0.003385001277971209,0.0007852460181637826,-0.05331467191786963,0.00886255287255161,0.00850486137643447,0.0007270712396289986,0.013039529652992533,0.011663840498933778,0.01883127045032635,0.0802183035905849,0.015908538041991757,-0.014188922548326483,0.020239237899861907,-0.02186341796925166,-0.03593213420189288,0.013098422797858417,-0.010794968701571105,-0.01803572522576437,-0.0011009974373760662,-0.0034012475682544535,-0.010701596699130032,0.015807805080957908,-0.005316807522004941,0.050020272015936104,-0.018188211283644867,0.01146538078128828,0.03267298870057607,0.023411296819117074,-0.028326049690122125,0.015908538041991757,0.05650503971307898,0.026672329110883325,-0.03392441057384281,-0.007872308411017138,0.021926117774552948,-0.004440145648847704,-0.030888060069624985,-0.042460167506650534,-0.016836765461709553,-0.020887101242891316,-0.009041854335089115,0.04974373730920629,0.02812319356302062,0.05174846371059952,-0.03227002428072921,0.006665306814180089,0.022808417855658597,-0.0014192815643918155,-0.042766819999398895,-0.014188922548326483,0.026672329110883325,0.06594078661117383,-0.037401819151170884,-0.011055501325266481,0.03623559984485357,-0.005730339430062617,-0.040605086428303724,-0.041835211331437167,-0.019357163737399808,-0.013988883509235791,0.01726606160846435,-0.036510210110637084,-0.0312726935081763,-0.058895041572943355,0.01925548356096108,-0.018108028046971533,-0.012661712360485619,-0.020061886458709925,0.05218841701036282,0.020239237899861907,-0.03392441057384281,-0.037401819151170884,0.08237788752913998,0.00759678454490046,-0.05276279684796304,0.013853577237767273,0.04731716939361706,0.03407009997974067,0.017739373126521393,0.016199930727785906,0.004402422408235918,-0.022380155120767055,0.008675029049081691,-0.03030374926950527,0.004279540689286534,-0.009555229411915148,-0.019060080890972282,0.0003359142078667967,0.020619935024937183,-0.02186341796925166,-0.007872308411017138,-0.011055501325266481,0.00759678454490046,0.031152011296312707,-0.008814642906386665,-0.0028417039632153175,0.022718789935141592,0.044871864827118205,0.001653060238068178,0.0027639580616319664,-0.01805802502241473,0.057959787931383115,0.04330114739598012,0.06475157960893155,-0.027839842949252278,0.017532024628209533,0.00783034140736082,0.003647736561352003,-0.06265328474160406,-0.03593213420189288,0.021926117774552948,0.03623559984485357,-0.05276279684796304,-0.008814642906386665,0.08397988402703843,-0.013895473841183012,-0.0486010647445454,-0.049217642372783,-0.01893447001783525,-0.019301431973706613,0.0016117794082409144,-0.0010739369436839142,-0.009690008750472032,-0.007480616276499565,0.006722996037939635,-0.003118776910314749,-0.0012948584241432842,-0.007037987965760101,0.01596915783684435,0.013098422797858417,-0.004440145648847704,-0.005730339430062617,0.013853577237767273,-0.0028417039632153175,-0.013895473841183012,0.019291001309055516,0.0065727916513659765,-0.006756911448654143,-0.0005268096594962808,0.004145194340524662,0.01822236261052989,-0.059590791939869964,-0.010900658293544231,-0.0832988059698471,0.01964362061200263,-0.013625902918764088,-0.024605562457982375,-0.014038566956421552,0.04220652206921524,-0.010794968701571105,-0.030888060069624985,-0.040605086428303724,0.04731716939361706,0.022718789935141592,-0.0486010647445454,0.0065727916513659765,0.0887586279670825,0.06701743805088939,0.01794205159191634,0.004813639916804402,0.0031607033527917766,-0.06783358488010077,-0.011306604705244881,-0.11047244380408058,0.027054404635015822,-0.01759449887079244,-0.030365407957626316,0.0038080875808096677,0.06432858593317153,-0.01803572522576437,-0.042460167506650534,-0.041835211331437167,0.03407009997974067,0.044871864827118205,-0.049217642372783,-0.006756911448654143,0.06701743805088939,0.14845945738825833,0.016536201001476826,0.017317293304343603,0.009552296080876235,-0.02194878025904918,-0.005667916362046365,-0.021932457249074742,0.007838878697023067,-0.003722390272518649,-0.017708038197285444,-0.001832264041552924,0.01813023088583862,-0.0011009974373760662,-0.016836765461709553,-0.019357163737399808,0.017739373126521393,0.001653060238068178,-0.01893447001783525,-0.0005268096594962808,0.01794205159191634,0.016536201001476826,0.030198667067242727,0.003828941779975466,-0.006854159716318123,-0.007218716557076057,-0.010065142296828967,-0.02600694249404284,0.01287261834150127,-0.00647493967191021,-0.008425687431630191,-0.008650375182366799,0.02559367105804038,-0.0034012475682544535,-0.020887101242891316,-0.013988883509235791,0.016199930727785906,0.0027639580616319664,-0.019301431973706613,0.004145194340524662,0.004813639916804402,0.017317293304343603,0.003828941779975466,0.05600858020912873
0.04962301876196188,0.017598080300867694,0.004972124127819877,0.018337709401747795,0.004103463041561749,-0.023459089962374037,0.003997090848231566,0.027040599353154064,-0.010915534026364629,0.0031750763514616642,-0.012997146666931235,-0.02609718648343661,-0.018958854868528427,-0.015150548186596374,-0.0034024870607459825,0.019016360707144964,-0.008635206625253005,-0.018215283863959507,0.014166107716408041,0.02324014799907223,0.017598080300867694,0.054026689796779666,-0.012413585614869542,0.005455978271585296,-0.0064857963061904856,-0.019739810559043867,-0.006554765543634461,0.032217979157795326,-0.0016297131478586126,0.0021971945341142077,-0.009326268759983086,-0.028466267652730866,-0.00980516842116151,-0.023698738922489845,-0.005578448728306651,-0.006470380219390989,-0.028924364357246234,-0.011228790259606394,0.019296319208012818,0.02994476506354171,0.004972124127819877,-0.012413585614869542,0.047528218995193924,-0.006054628601375631,0.010158628437051762,-0.0027004422337195836,-0.002614075634979036,-0.006805387096840332,0.0010099457525074341,0.0015760206615554467,0.008180338204559427,0.024473111621534184,-0.0009473938827901192,0.012397541343666687,0.0019912952173383566,0.005109253626221118,0.008881488795681583,0.007003625103359046,0.0046342467107361885,-0.008185429595004033,0.018337709401747795,0.005455978271585296,-0.006054628601375631,0.04343294335621023,0.004411000263860444,-0.003619219742110778,0.013039961887073176,0.0014837502035911737,-0.006028004881179354,0.012676647645515626,0.003698824150672816,-0.01865493191593837,-0.007645946229024352,-0.011725297454992914,-0.005025980512007425,0.015053173996148052,0.0002320504980699666,-0.012848402097070482,0.0032728406646993476,0.010964418493018664,0.004103463041561749,-0.0064857963061904856,0.010158628437051762,0.004411000263860444,0.023264804627355876,0.0020768217736595075,-0.0003830049229679504,-0.0032052354999912327,0.006056638243730851,0.005395844855129466,0.0025971907472649505,0.002693156665716668,0.003980405260614161,-0.0006105920878556198,0.004609325793860056,-0.002164315159048779,0.010844891312389788,-0.006301229194677843,0.0011348830082144542,-0.008814999565913213,-0.023459089962374037,-0.019739810559043867,-0.0027004422337195836,-0.003619219742110778,0.0020768217736595075,0.038760399975289975,-0.0061407049553618654,-0.025241370433083908,0.005091372385513137,-0.010480842706303797,0.006184646633758215,0.018672230577066833,0.010519872433038615,0.015499653031234639,0.0014435522749778845,-0.0005391003951904441,0.02229203631929915,0.008879875375012043,-0.018505289073683734,-0.023568985076648796,0.003997090848231566,-0.006554765543634461,-0.002614075634979036,0.013039961887073176,-0.0003830049229679504,-0.0061407049553618654,0.024066371577042257,-0.0002984037531100917,0.0016785144836309915,0.006927494839927918,-0.00572720874572414,-0.006699571865687599,-0.004744175274595558,0.0005190973568616069,0.0022647199859727463,0.01417450747347758,0.005499907688131279,0.0012335052307603789,-0.0033411659102115313,-0.0047387627010322085,0.027040599353154064,0.032217979157795326,-0.006805387096840332,0.0014837502035911737,-0.0032052354999912327,-0.025241370433083908,-0.0002984037531100917,0.07097844307971359,-0.0030354677296100347,-0.0036474195121447913,-0.022742071220231856,-0.03327445412516313,-0.016731320799579494,-0.021629023258645352,-0.014376380079473864,0.007252445075264518,-0.0381179044782481,-0.009608543776343098,0.024126970870809086,0.05592461518980413,-0.010915534026364629,-0.0016297131478586126,0.0010099457525074341,-0.006028004881179354,0.006056638243730851,0.005091372385513137,0.0016785144836309915,-0.0030354677296100347,0.045865845561740136,0.015207474373771804,0.0037100431386895326,0.009811946801057935,0.013489282641075656,-0.002413425240258708,0.009682938175185236,-0.026327829845495906,0.006718973686820527,0.00390690482310114,0.001037798962221686,-0.013441725343332572,0.0031750763514616642,0.0021971945341142077,0.0015760206615554467,0.012676647645515626,0.005395844855129466,-0.010480842706303797,0.006927494839927918,-0.0036474195121447913,0.015207474373771804,0.04191507044921082,0.012994681215416654,-0.005050241051627753,0.0070257981641665196,-0.0029048442643798476,0.013673161705744244,-0.013946298599841617,0.00563281797376696,-0.007187118779107318,0.007658097699735472,-0.0075533232327742615,-0.012997146666931235,-0.009326268759983086,0.008180338204559427,0.003698824150672816,0.0025971907472649505,0.006184646633758215,-0.00572720874572414,-0.022742071220231856,0.0037100431386895326,0.012994681215416654,0.04212032071036612,0.016440159127453752,0.01607039496755134,0.013729197700035702,0.01901832079620984,-0.01800461861859573,0.017709813296719404,-0.002522669991719906,-0.0022648685064750613,-0.018699815875919963,-0.02609718648343661,-0.028466267652730866,0.024473111621534184,-0.01865493191593837,0.002693156665716668,0.018672230577066833,-0.006699571865687599,-0.03327445412516313,0.009811946801057935,-0.005050241051627753,0.016440159127453752,0.07061510484380626,0.00871794069770936,0.029560430421792846,0.01570560707287251,0.000945440095721027,0.026642981188096906,0.020204371005948307,-0.0011132540778831445,-0.033478434015422304,-0.018958854868528427,-0.00980516842116151,-0.0009473938827901192,-0.007645946229024352,0.003980405260614161,0.010519872433038615,-0.004744175274595558,-0.016731320799579494,0.013489282641075656,0.0070257981641665196,0.01607039496755134,0.00871794069770936,0.04671310789896544,0.023611055670065658,0.019138779050960692,-0.025603485846601444,0.012395908811605367,0.007535678510174464,-0.008440480020133792,-0.02709443029358595,-0.015150548186596374,-0.023698738922489845,0.012397541343666687,-0.011725297454992914,-0.0006105920878556198,0.015499653031234639,0.0005190973568616069,-0.021629023258645352,-0.002413425240258708,-0.0029048442643798476,0.013729197700035702,0.029560430421792846,0.023611055670065658,0.057124657526279196,0.008019814636467965,0.000663716052505349,0.01946639860402547,0.022092605192038137,-0.008623696455272525,-0.022916755841081042,-0.0034024870607459825,-0.005578448728306651,0.0019912952173383566,-0.005025980512007425,0.004609325793860056,0.0014435522749778845,0.0022647199859727463,-0.014376380079473864,0.009682938175185236,0.013673161705744244,0.01901832079620984,0.01570560707287251,0.019138779050960692,0.008019814636467965,0.042058396434669784,-0.021221054249184156,0.014608894827811865,-0.0077259993705310025,0.0002414084925836474,-0.023285942643241277,0.019016360707144964,-0.006470380219390989,0.005109253626221118,0.015053173996148052,-0.002164315159048779,-0.0005391003951904441,0.01417450747347758,0.007252445075264518,-0.026327829845495906,-0.013946298599841617,-0.01800461861859573,0.000945440095721027,-0.025603485846601444,0.000663716052505349,-0.021221054249184156,0.07079345277766518,-0.0021518522790564803,0.005916066174998367,0.004550519825170154,0.01521032326058123,-0.008635206625253005,-0.028924364357246234,0.008881488795681583,0.0002320504980699666,0.010844891312389788,0.02229203631929915,0.005499907688131279,-0.0381179044782481,0.006718973686820527,0.00563281797376696,0.017709813296719404,0.026642981188096906,0.012395908811605367,0.01946639860402547,0.014608894827811865,-0.0021518522790564803,0.05970195480093845,0.0007453285628146467,-0.017117525837616696,-0.03871269796944472,-0.018215283863959507,-0.011228790259606394,0.007003625103359046,-0.012848402097070482,-0.006301229194677843,0.008879875375012043,0.0012335052307603789,-0.009608543776343098,0.00390690482310114,-0.007187118779107318,-0.002522669991719906,0.020204371005948307,0.007535678510174464,0.022092605192038137,-0.0077259993705310025,0.005916066174998367,0.0007453285628146467,0.04105146287612382,-0.009344764517581473,-0.007056237146866904,0.014166107716408041,0.019296319208012818,0.0046342467107361885,0.0032728406646993476,0.0011348830082144542,-0.018505289073683734,-0.0033411659102115313,0.024126970870809086,0.001037798962221686,0.007658097699735472,-0.0022648685064750613,-0.0011132540778831445,-0.008440480020133792,-0.008623696455272525,0.0002414084925836474,0.004550519825170154,-0.017117525837616696,-0.009344764517581473,0.04515552979971202,0.024219032015369527,0.02324014799907223,0.02994476506354171,-0.008185429595004033,0.010964418493018664,-0.008814999565913213,-0.023568985076648796,-0.0047387627010322085,0.05592461518980413,-0.013441725343332572,-0.0075533232327742615,-0.018699815875919963,-0.033478434015422304,-0.02709443029358595,-0.022916755841081042,-0.023285942643241277,0.01521032326058123,-0.03871269796944472,-0.007056237146866904,0.024219032015369527,0.07701580750091556
