0.016463522597035582,0.0003611448574717262,0.004081574876660261,-0.00128395649929537,-0.001602355448104342,-0.0011034327535738829,-2.3088319446844004e-5,0.003995965069010112,0.0007619663642784511,0.0024078196394255644,0.0014799442466118505,0.00228031776739165,0.0009950143414247884,0.005372523937981926,-0.00024597657499406323,0.0006576698321408182,0.0023131206471297544,-0.005745780870565224,-0.005560071203676936,-0.005515783398124811,0.0003611448574717262,0.012895566851532569,0.002790347900309451,-0.002114672688751678,0.0013160127350519937,-0.003531947796024198,0.001611253565911941,-0.0002945882522503657,-0.0012275378518689349,-5.093323385238939e-5,0.0015653525890566532,-0.001139009687812318,-1.204328080266537e-5,-0.00021517346186476755,0.002909269201386766,0.0035075478028996614,-0.0008013629074921267,-0.0004469305439712527,-0.007702288741482712,-0.004404584049337617,0.004081574876660261,0.002790347900309451,0.02209398314038229,-0.002863264606896937,0.004463940344900859,-0.0010474457589082996,0.004486637067968466,-0.006628793588070383,-0.003710850774463991,0.0067989756951636615,0.0040485571976492,0.0016063176104589884,-0.002747667585571837,-0.008980545283475843,-0.002433484320261373,0.002487784317713264,-0.0011536911029959684,0.005236104274224209,5.185388459950023e-5,-0.005898726630744769,-0.00128395649929537,-0.002114672688751678,-0.002863264606896937,0.01365470223983724,8.510333816289642e-5,0.000510254861591388,-0.00399009476373571,0.0018509147518313198,0.006746676110950667,-0.0028506582128097514,-0.004098609277247667,-0.0013660552539891662,0.0016135587238482387,-3.2779417522793864e-5,-0.004122677984956328,0.0033399466244888034,0.0037251081427125874,0.003923591745255282,-0.00385706067956662,0.0043371099236160435,-0.001602355448104342,0.0013160127350519937,0.004463940344900859,8.510333816289642e-5,0.01153973948543896,0.0011465659819559807,-0.0014826869590642204,-0.002224015718784654,-0.0016959125226074612,0.0003375882571141286,-0.001133119121348368,-2.552169158013806e-5,1.0292389457177199e-5,-0.0016127674833256002,-0.00042004794429612426,0.0012635073130374892,0.001879810880366086,0.00040307086106288696,-0.0007256276203092122,0.0003558431298252793,-0.0011034327535738829,-0.003531947796024198,-0.0010474457589082996,0.000510254861591388,0.0011465659819559807,0.017506562583189663,-0.005472112248619109,0.0006544041918343582,0.003189641798468271,-0.0011853006668212339,-0.0018654024551650445,-0.0030155489449227926,-0.0017035861306478584,0.002710898683353752,-0.0026230473880436856,-0.0010123775189615114,0.004113407857092901,0.002123211956835249,0.0017667262099928768,-0.002256698033424343,-2.3088319446844004e-5,0.001611253565911941,0.004486637067968466,-0.00399009476373571,-0.0014826869590642204,-0.005472112248619109,0.0215845254736716,-0.0007492528905398132,-0.004570827536965501,-0.0008906781647155563,0.00497745107498415,-0.0010125550276664655,0.002447786801125857,-0.00673386520226206,0.001927383282230014,-0.005230466534695587,-0.002577628430944088,-0.003300915114369575,0.004788328913682045,-0.0038440822170254596,0.003995965069010112,-0.0002945882522503657,-0.006628793588070383,0.0018509147518313198,-0.002224015718784654,0.0006544041918343582,-0.0007492528905398132,0.016610474212476627,0.002449277917157981,-0.0016763316058373914,-0.002850138422049434,-0.004213086917751423,-0.0014053032853914645,0.005112529381226881,-0.00087257363231078,0.0016720717442810819,0.002248690735052076,-2.0049730762744347e-5,-0.005250106672401299,-0.0006526603533299651,0.0007619663642784511,-0.0012275378518689349,-0.003710850774463991,0.006746676110950667,-0.0016959125226074612,0.003189641798468271,-0.004570827536965501,0.002449277917157981,0.02071688198519598,-0.0021411007568344557,-0.005959154010467549,0.0011995901397037858,-0.0004302484317733712,0.002474715474146536,-0.004490496838842882,0.0029418248420107016,0.002465109782724223,0.0012136298759083536,0.0006501540758040718,0.0034658210584508,0.0024078196394255644,-5.093323385238939e-5,0.0067989756951636615,-0.0028506582128097514,0.0003375882571141286,-0.0011853006668212339,-0.0008906781647155563,-0.0016763316058373914,-0.0021411007568344557,0.020102450980723132,0.0008631801319476493,0.0009700701185656247,0.0009224641722290049,0.001749281901988805,-0.005317473997069739,-0.000387387461256075,0.0038375071918664364,-0.0021716227139319533,-0.004486127999584814,-0.0006222466671090502,0.0014799442466118505,0.0015653525890566532,0.0040485571976492,-0.004098609277247667,-0.001133119121348368,-0.0018654024551650445,0.00497745107498415,-0.002850138422049434,-0.005959154010467549,0.0008631801319476493,0.0199268668898123,0.0005383548566045713,-0.001654479565366514,-0.00472375260961206,0.0023993680097911035,-0.0030498160129364908,-0.0030250399610129586,0.0009612563001355084,0.006179042712142748,-0.004083833526781506,0.00228031776739165,-0.001139009687812318,0.0016063176104589884,-0.0013660552539891662,-2.552169158013806e-5,-0.0030155489449227926,-0.0010125550276664655,-0.004213086917751423,0.0011995901397037858,0.0009700701185656247,0.0005383548566045713,0.014908024822290594,0.00201476318400469,0.0008933817164576414,-0.006852687208873667,0.001017402830303995,0.0027511923940383054,-0.0010269772842580074,-0.006598792624132124,0.0009522716720298743,0.0009950143414247884,-1.204328080266537e-5,-0.002747667585571837,0.0016135587238482387,1.0292389457177199e-5,-0.0017035861306478584,0.002447786801125857,-0.0014053032853914645,-0.0004302484317733712,0.0009224641722290049,-0.001654479565366514,0.00201476318400469,0.018336104058142694,-0.0035792655350439864,-0.0020789654674568973,-0.002463839361020283,-0.0022620190389660024,0.0015229800405950002,0.002403397857341505,-0.00031072844141468044,0.005372523937981926,-0.00021517346186476755,-0.008980545283475843,-3.2779417522793864e-5,-0.0016127674833256002,0.002710898683353752,-0.00673386520226206,0.005112529381226881,0.002474715474146536,0.001749281901988805,-0.00472375260961206,0.0008933817164576414,-0.0035792655350439864,0.022031191910406967,-0.003232159890943414,0.0038830259547746934,0.005400196279497123,-0.004287748009752336,-0.007828038062925532,0.006437702694552486,-0.00024597657499406323,0.002909269201386766,-0.002433484320261373,-0.004122677984956328,-0.00042004794429612426,-0.0026230473880436856,0.001927383282230014,-0.00087257363231078,-0.004490496838842882,-0.005317473997069739,0.0023993680097911035,-0.006852687208873667,-0.0020789654674568973,-0.003232159890943414,0.01772915080473956,-0.0027531755960079228,-0.003945420970291186,-0.000956822784130692,0.004746339935506293,0.005187486890049118,0.0006576698321408182,0.0035075478028996614,0.002487784317713264,0.0033399466244888034,0.0012635073130374892,-0.0010123775189615114,-0.005230466534695587,0.0016720717442810819,0.0029418248420107016,-0.000387387461256075,-0.0030498160129364908,0.001017402830303995,-0.002463839361020283,0.0038830259547746934,-0.0027531755960079228,0.017768149416755006,0.0006733895496246182,-0.0018372697718759905,-0.010104924266200518,0.0028867909248622807,0.0023131206471297544,-0.0008013629074921267,-0.0011536911029959684,0.0037251081427125874,0.001879810880366086,0.004113407857092901,-0.002577628430944088,0.002248690735052076,0.002465109782724223,0.0038375071918664364,-0.0030250399610129586,0.0027511923940383054,-0.0022620190389660024,0.005400196279497123,-0.003945420970291186,0.0006733895496246182,0.014603006219911327,-0.003011639759242515,-0.001981955109567398,0.0025171960337342005,-0.005745780870565224,-0.0004469305439712527,0.005236104274224209,0.003923591745255282,0.00040307086106288696,0.002123211956835249,-0.003300915114369575,-2.0049730762744347e-5,0.0012136298759083536,-0.0021716227139319533,0.0009612563001355084,-0.0010269772842580074,0.0015229800405950002,-0.004287748009752336,-0.000956822784130692,-0.0018372697718759905,-0.003011639759242515,0.01636718921842098,0.0033275664658132574,0.0034378528729794274,-0.005560071203676936,-0.007702288741482712,5.185388459950023e-5,-0.00385706067956662,-0.0007256276203092122,0.0017667262099928768,0.004788328913682045,-0.005250106672401299,0.0006501540758040718,-0.004486127999584814,0.006179042712142748,-0.006598792624132124,0.002403397857341505,-0.007828038062925532,0.004746339935506293,-0.010104924266200518,-0.001981955109567398,0.0033275664658132574,0.03134354862811865,0.0018442542583614345,-0.005515783398124811,-0.004404584049337617,-0.005898726630744769,0.0043371099236160435,0.0003558431298252793,-0.002256698033424343,-0.0038440822170254596,-0.0006526603533299651,0.0034658210584508,-0.0006222466671090502,-0.004083833526781506,0.0009522716720298743,-0.00031072844141468044,0.006437702694552486,0.005187486890049118,0.0028867909248622807,0.0025171960337342005,0.0034378528729794274,0.0018442542583614345,0.01975107947682325
