0.035505582751829405,0.0020598272776854503,0.003912918322305515,-0.017379799208792828,0.003547760297552476,0.006012051381824252,0.0019521785649377395,0.00048360383809611246,-0.00035729289641951115,0.0003200516819775287,0.012052468966005338,-0.007676333053792426,-0.00592051970799029,-0.0028690050662785135,-0.0006907736174591252,-0.005763537012024402,-0.003071698212773798,0.004366461807258249,0.0018866319581595707,-0.0006763620524642229,0.0020598272776854503,0.034282910313300136,0.007491180391581509,-0.009814865872558432,0.0005448688734477972,-0.009439707765736459,0.012938193128889736,-0.0070169410022587935,0.014257523119551566,0.0008931784417356425,0.0010678964551985221,-0.009488817321265513,-0.014566230545270446,0.012972800696076155,0.008520452489907727,-0.0006645734454652039,-0.01937363601990998,0.01734235306502329,0.009240842896449183,0.0035706889274512077,0.003912918322305515,0.007491180391581509,0.045644936702105794,-0.024086178355938452,-0.004982454695504401,-0.003736320087163832,0.0006169003860943081,0.001896437271374615,0.00916505952941965,-0.0062909781649473535,0.007377587924782633,-0.00023043585489623255,0.0020674805229418383,0.004330425786873445,0.003182807125936608,-0.013244202514385902,-0.00707729538817517,-0.006392003239779462,0.007193988670675631,0.015168681597202468,-0.017379799208792828,-0.009814865872558432,-0.024086178355938452,0.06157942836629833,0.008455998494846597,-0.0016171353068046412,0.004382173354935392,-0.0003340126635848999,-0.003465642974930118,0.003437982443107537,-0.009408530952668477,0.0098328104226966,0.005825785449259411,0.004480131865594339,0.002069314109725243,0.02195894637877952,0.01681135434792365,0.002405233934445637,-0.003009524196699464,-0.004004622596533485,0.003547760297552476,0.0005448688734477972,-0.004982454695504401,0.008455998494846597,0.03197630232526253,0.004558596883478069,0.0005704492161072958,-0.0019189218494582477,0.004606154529161908,0.0014880600527750877,-0.00155846207924892,0.016058339184133925,0.007568317900285799,0.010948993520122248,0.0006706401276848288,0.00505000109731083,0.007492234565994089,0.0017980527018757152,-0.011930220774296079,-0.005476405166604609,0.006012051381824252,-0.009439707765736459,-0.003736320087163832,-0.0016171353068046412,0.004558596883478069,0.033121529725408626,-0.008624524472343336,0.007250643830596367,-0.015125612337684337,0.003808613205367295,0.003829130281235041,0.006128571324944296,0.0034587762013322323,-0.009130335080209589,-0.0061872503065977255,-0.00867575170520414,0.007488939221680688,-0.014296667689055492,-0.011649321376666645,-0.003948159647095532,0.0019521785649377395,0.012938193128889736,0.0006169003860943081,0.004382173354935392,0.0005704492161072958,-0.008624524472343336,0.03546441935774485,-0.01187353923038018,0.021987218514981595,-0.005724686975475788,0.001102147525715156,-0.009968724653671986,-0.01537627032436042,0.0128876608790693,0.008184977636359211,0.006258204310937212,-0.020353381086319955,0.016195742457008812,0.013353000064930686,0.005002409219493787,0.00048360383809611246,-0.0070169410022587935,0.001896437271374615,-0.0003340126635848999,-0.0019189218494582477,0.007250643830596367,-0.01187353923038018,0.024671619936739286,-0.00913730116249941,0.004856054625068017,-0.0034077045267460323,0.006494580298136925,0.01284600292239952,-0.012204738018586625,-0.007188383502656083,-0.01012193505947093,0.0038463285399713385,-0.018138047335991475,-0.008149665398394412,-0.003211109347464959,-0.00035729289641951115,0.014257523119551566,0.00916505952941965,-0.003465642974930118,0.004606154529161908,-0.015125612337684337,0.021987218514981595,-0.00913730116249941,0.04603348227123205,-0.006701794737560093,0.010599006730892,0.0041365790844813234,-0.01321468804807115,0.0249544637158131,0.019102340178482884,0.007560573487610833,-0.008445343916330065,0.02939800330570786,0.015205208431900107,0.008531296935589114,0.0003200516819775287,0.0008931784417356425,-0.0062909781649473535,0.003437982443107537,0.0014880600527750877,0.003808613205367295,-0.005724686975475788,0.004856054625068017,-0.006701794737560093,0.02057559259646101,-0.002115552595071321,0.000618683481350283,0.0038543539356785316,-0.005811166424286772,-0.002339909726898649,0.002896223432446639,0.002015525209189558,-0.001502678926314696,-0.005797430150556524,-0.005192842770272481,0.012052468966005338,0.0010678964551985221,0.007377587924782633,-0.009408530952668477,-0.00155846207924892,0.003829130281235041,0.001102147525715156,-0.0034077045267460323,0.010599006730892,-0.002115552595071321,0.03365823410408551,0.004133338345465512,0.0009211229243354883,-0.00019509852993641842,0.00634652331191397,-0.014443008557299686,0.0045968832157955095,0.007450052995581522,0.0007664751649700819,7.206519188620274e-5,-0.007676333053792426,-0.009488817321265513,-0.00023043585489623255,0.0098328104226966,0.016058339184133925,0.006128571324944296,-0.009968724653671986,0.006494580298136925,0.0041365790844813234,0.000618683481350283,0.004133338345465512,0.05106371896742061,0.025748491740624626,3.028365968208227e-5,0.002233243321864671,0.0015154963056453262,0.019024768685100377,-0.013124754297271076,-0.01123160721389467,-0.0014044081101109549,-0.00592051970799029,-0.014566230545270446,0.0020674805229418383,0.005825785449259411,0.007568317900285799,0.0034587762013322323,-0.01537627032436042,0.01284600292239952,-0.01321468804807115,0.0038543539356785316,0.0009211229243354883,0.025748491740624626,0.047827704060341675,-0.01396612571486816,-0.00278915888716081,-0.0009748034717190646,0.025924765789488977,-0.0256187286250504,-0.01577436470280364,-0.004765969674916378,-0.0028690050662785135,0.012972800696076155,0.004330425786873445,0.004480131865594339,0.010948993520122248,-0.009130335080209589,0.0128876608790693,-0.012204738018586625,0.0249544637158131,-0.005811166424286772,-0.00019509852993641842,3.028365968208227e-5,-0.01396612571486816,0.038127796653025764,0.007545407596285022,0.002288662809491202,-0.008595863055813455,0.0173234377998192,0.00671203100249992,0.0036355068434493496,-0.0006907736174591252,0.008520452489907727,0.003182807125936608,0.002069314109725243,0.0006706401276848288,-0.0061872503065977255,0.008184977636359211,-0.007188383502656083,0.019102340178482884,-0.002339909726898649,0.00634652331191397,0.002233243321864671,-0.00278915888716081,0.007545407596285022,0.022436220219475517,0.0035843349019275012,-0.002767967100117211,0.015234573978636331,0.005549866729480076,0.00611026292250063,-0.005763537012024402,-0.0006645734454652039,-0.013244202514385902,0.02195894637877952,0.00505000109731083,-0.00867575170520414,0.006258204310937212,-0.01012193505947093,0.007560573487610833,0.002896223432446639,-0.014443008557299686,0.0015154963056453262,-0.0009748034717190646,0.002288662809491202,0.0035843349019275012,0.042905989853489236,0.008368861867827586,0.0067638546859004585,0.0035711640151532115,-0.001372629172553964,-0.003071698212773798,-0.01937363601990998,-0.00707729538817517,0.01681135434792365,0.007492234565994089,0.007488939221680688,-0.020353381086319955,0.0038463285399713385,-0.008445343916330065,0.002015525209189558,0.0045968832157955095,0.019024768685100377,0.025924765789488977,-0.008595863055813455,-0.002767967100117211,0.008368861867827586,0.05253228381353385,-0.01527676287295306,-0.017795191757709092,-0.004437704466363433,0.004366461807258249,0.01734235306502329,-0.006392003239779462,0.002405233934445637,0.0017980527018757152,-0.014296667689055492,0.016195742457008812,-0.018138047335991475,0.02939800330570786,-0.001502678926314696,0.007450052995581522,-0.013124754297271076,-0.0256187286250504,0.0173234377998192,0.015234573978636331,0.0067638546859004585,-0.01527676287295306,0.05133175288703931,0.013361973868821295,0.006087595456374028,0.0018866319581595707,0.009240842896449183,0.007193988670675631,-0.003009524196699464,-0.011930220774296079,-0.011649321376666645,0.013353000064930686,-0.008149665398394412,0.015205208431900107,-0.005797430150556524,0.0007664751649700819,-0.01123160721389467,-0.01577436470280364,0.00671203100249992,0.005549866729480076,0.0035711640151532115,-0.017795191757709092,0.013361973868821295,0.03679381886763417,0.01272423971447359,-0.0006763620524642229,0.0035706889274512077,0.015168681597202468,-0.004004622596533485,-0.005476405166604609,-0.003948159647095532,0.005002409219493787,-0.003211109347464959,0.008531296935589114,-0.005192842770272481,7.206519188620274e-5,-0.0014044081101109549,-0.004765969674916378,0.0036355068434493496,0.00611026292250063,-0.001372629172553964,-0.004437704466363433,0.006087595456374028,0.01272423971447359,0.02672138972153206
0.06528112106767238,-0.014534086537653021,0.02900731527832682,0.06123113398793226,-0.11099991883003153,-0.001139971745352521,-0.0865347301625181,-0.07485837536954103,0.0855912777810541,0.015781087196573326,0.018027113611333738,0.018887945149285087,0.06909230759689103,0.008964672108958942,-0.08477670469789464,-0.07452195998907747,0.009497661515013231,0.09394133854607228,0.00042076094825108427,0.03499028291087837,-0.014534086537653021,0.048310402541671904,-0.016529024197170512,-0.03532081913299905,0.029901286429397683,-0.02622746269628636,0.025071330622767736,0.022028059118051814,-0.02957101066067535,0.011537220756854512,0.008072632363036021,-0.013674367519277754,-0.019152626767396902,0.016813443335738386,0.013750054734948707,0.0191665063611601,-0.0175649856457956,-0.03785866311512612,0.01723074936106319,-0.005119324497665867,0.02900731527832682,-0.016529024197170512,0.07070140472915343,0.05477486765751764,-0.0968283498844164,0.008588024324261792,-0.07125491559578571,-0.07310643559673646,0.08152357366745322,-0.009332248286128986,0.006471210115549788,0.01870210861352087,0.06203038647734585,-0.00028078346903300997,-0.07349860554303247,-0.06645756923860818,0.0189944637278604,0.08511163228359267,-0.01657359003460898,0.02502843801640277,0.06123113398793226,-0.03532081913299905,0.05477486765751764,0.11570976201726157,-0.1734832919080941,-0.002576740557848811,-0.14269260008724372,-0.12103424416430822,0.14735075106486567,0.007983204644211143,0.03150621451200444,0.027919533022246257,0.11320333697914425,0.011887170987964869,-0.13705696021721706,-0.11877701579877584,0.02289663067399358,0.1544962398675312,-0.010845507275225312,0.052816085209972954,-0.11099991883003153,0.029901286429397683,-0.0968283498844164,-0.1734832919080941,0.3644980420792002,0.04541486966952746,0.28509685224296377,0.24281451735321202,-0.289486452057045,-0.03831725489017988,-0.07509436875845663,-0.041411394955040814,-0.23495023731102757,-0.045219240005983305,0.29666471829894114,0.2545963624659063,-0.028377139689932593,-0.286148410286052,-0.0010585665270736952,-0.12170565070264991,-0.001139971745352521,-0.02622746269628636,0.008588024324261792,-0.002576740557848811,0.04541486966952746,0.08588500630076222,0.04942981648662398,0.030437146868867046,-0.04438246817497053,-0.037238177115260306,-0.028653501795960937,0.00832397244850203,-0.04241629809406833,-0.04414372480253349,0.07478389629461274,0.061719808491295595,0.01590582194683577,-0.02984763273012449,-0.029424400008665873,-0.03369513366236313,-0.0865347301625181,0.025071330622767736,-0.07125491559578571,-0.14269260008724372,0.28509685224296377,0.04942981648662398,0.25638523493084514,0.19881695563818863,-0.2401633620637011,-0.040980780561924404,-0.0611699726583288,-0.03194540157259039,-0.1946829781551727,-0.04776428228891107,0.25049877939255294,0.21736063683999152,-0.015069763510745321,-0.23389077812327524,-0.003350089617221062,-0.10088752145410261,-0.07485837536954103,0.022028059118051814,-0.07310643559673646,-0.12103424416430822,0.24281451735321202,0.030437146868867046,0.19881695563818863,0.18887359148791266,-0.20233068913942764,-0.02207619561170572,-0.04448052187857806,-0.029192007830744,-0.1624002432801649,-0.031248902138492768,0.20862076782908673,0.17584284397743202,-0.02005471036876518,-0.20123035089472707,0.0015939146951184778,-0.076689176983651,0.0855912777810541,-0.02957101066067535,0.08152357366745322,0.14735075106486567,-0.289486452057045,-0.04438246817497053,-0.2401633620637011,-0.20233068913942764,0.2727820491950371,0.02958402686450535,0.06151938431114117,0.03219874343060038,0.20242399204120926,0.040135992712370866,-0.26087528040751695,-0.2199786760607233,0.02073127585191361,0.24551342870479032,-0.0005506411697972903,0.10040540974938486,0.015781087196573326,0.011537220756854512,-0.009332248286128986,0.007983204644211143,-0.03831725489017988,-0.037238177115260306,-0.040980780561924404,-0.02207619561170572,0.02958402686450535,0.043780844390395854,0.017608160686248493,-0.002100142287088258,0.02948914546193536,0.023011082048646853,-0.049282869844370504,-0.044205254774261835,-0.014344323845488206,0.024140691928796656,0.018953495592719413,0.025123804562547546,0.018027113611333738,0.008072632363036021,0.006471210115549788,0.03150621451200444,-0.07509436875845663,-0.028653501795960937,-0.0611699726583288,-0.04448052187857806,0.06151938431114117,0.017608160686248493,0.0425653189400759,0.0030887771413628832,0.05524601504068809,0.02141617757965215,-0.06995683240458223,-0.058821905720365664,-0.004266674165287107,0.050467796430834294,0.0103329132351252,0.03031764372582319,0.018887945149285087,-0.013674367519277754,0.01870210861352087,0.027919533022246257,-0.041411394955040814,0.00832397244850203,-0.03194540157259039,-0.029192007830744,0.03219874343060038,-0.002100142287088258,0.0030887771413628832,0.025113728684920067,0.026382620897764317,0.0017117174958960583,-0.029450684986071576,-0.023005879090328224,0.006575574601822703,0.03952485146275156,-0.006013299132328934,0.01392293440509563,0.06909230759689103,-0.019152626767396902,0.06203038647734585,0.11320333697914425,-0.23495023731102757,-0.04241629809406833,-0.1946829781551727,-0.1624002432801649,0.20242399204120926,0.02948914546193536,0.05524601504068809,0.026382620897764317,0.18103657048977087,0.03745610579198998,-0.21155979201249997,-0.1821788528998655,0.010391817755187278,0.1900001668211842,0.0021340213171224306,0.08418600502887469,0.008964672108958942,0.016813443335738386,-0.00028078346903300997,0.011887170987964869,-0.045219240005983305,-0.04414372480253349,-0.04776428228891107,-0.031248902138492768,0.040135992712370866,0.023011082048646853,0.02141617757965215,0.0017117174958960583,0.03745610579198998,0.04720994577940213,-0.07015740459515393,-0.05143891194163981,-0.012382400595176007,0.038068298343948356,0.013780083352849307,0.021503835345304062,-0.08477670469789464,0.013750054734948707,-0.07349860554303247,-0.13705696021721706,0.29666471829894114,0.07478389629461274,0.25049877939255294,0.20862076782908673,-0.26087528040751695,-0.049282869844370504,-0.06995683240458223,-0.029450684986071576,-0.21155979201249997,-0.07015740459515393,0.3086348779429737,0.24104305001777948,-0.005801871613440338,-0.24910712867512996,-0.009826925503409824,-0.10918709107509356,-0.07452195998907747,0.0191665063611601,-0.06645756923860818,-0.11877701579877584,0.2545963624659063,0.061719808491295595,0.21736063683999152,0.17584284397743202,-0.2199786760607233,-0.044205254774261835,-0.058821905720365664,-0.023005879090328224,-0.1821788528998655,-0.05143891194163981,0.24104305001777948,0.2154110534985207,-0.010375948724829626,-0.21604011258860667,-0.0010343287855298572,-0.0958757181098561,0.009497661515013231,-0.0175649856457956,0.0189944637278604,0.02289663067399358,-0.028377139689932593,0.01590582194683577,-0.015069763510745321,-0.02005471036876518,0.02073127585191361,-0.014344323845488206,-0.004266674165287107,0.006575574601822703,0.010391817755187278,-0.012382400595176007,-0.005801871613440338,-0.010375948724829626,0.03128633550667037,0.030211972535806902,-0.011191251590970376,0.002746475420617375,0.09394133854607228,-0.03785866311512612,0.08511163228359267,0.1544962398675312,-0.286148410286052,-0.02984763273012449,-0.23389077812327524,-0.20123035089472707,0.24551342870479032,0.024140691928796656,0.050467796430834294,0.03952485146275156,0.1900001668211842,0.038068298343948356,-0.24910712867512996,-0.21604011258860667,0.030211972535806902,0.26055919925373033,-0.008457228533372739,0.08959645602648567,0.00042076094825108427,0.01723074936106319,-0.01657359003460898,-0.010845507275225312,-0.0010585665270736952,-0.029424400008665873,-0.003350089617221062,0.0015939146951184778,-0.0005506411697972903,0.018953495592719413,0.0103329132351252,-0.006013299132328934,0.0021340213171224306,0.013780083352849307,-0.009826925503409824,-0.0010343287855298572,-0.011191251590970376,-0.008457228533372739,0.030519074379458777,0.011579277108145315,0.03499028291087837,-0.005119324497665867,0.02502843801640277,0.052816085209972954,-0.12170565070264991,-0.03369513366236313,-0.10088752145410261,-0.076689176983651,0.10040540974938486,0.025123804562547546,0.03031764372582319,0.01392293440509563,0.08418600502887469,0.021503835345304062,-0.10918709107509356,-0.0958757181098561,0.002746475420617375,0.08959645602648567,0.011579277108145315,0.06376903765483305
