0.1311810257007288,0.05036748644408508,0.006387312187630898,0.09619319193075754,-0.030718917593821525,-0.07006850157213657,-0.0012388643124567585,-0.05959101077215172,0.003469484859411702,0.05120760881016855,-0.0021865889888367483,0.0028265505946027574,-0.054805218468400446,-0.018039761692496537,0.05863499848974034,-0.04961105517632646,-0.0032153534391395244,0.09908504882778585,-0.028931848963231803,-0.04632520970857106,0.05036748644408508,0.08547562056811442,-0.01941407122966904,0.03137997471970238,0.012479184911403304,-0.029591383386730327,-0.0069737021988490145,0.004621042798807252,0.010535808830724611,0.013953691234695293,-0.015252869969115098,-0.03400436638132272,0.0026007371239698132,-0.0018511116323889402,0.07019328397633316,-0.021779267604374684,-0.0048970929619268026,0.00957164691908158,-0.0071747320985839635,-0.040969523024092805,0.006387312187630898,-0.01941407122966904,0.0533194927697995,0.001434583747618189,-0.01645633738883702,0.0008849088840940436,-0.007376331548736552,-0.004843289112153501,-0.0047904858951525724,0.004226423937803085,0.003233870742486577,0.017031805159371798,-0.015169832595575767,0.002901037870268633,-0.015744412247064823,0.006096517208887563,-0.010992903248333026,0.005754510043324789,-0.007777815343560892,0.017660860109265875,0.09619319193075754,0.03137997471970238,0.001434583747618189,0.11784430421300597,-0.018542834639589265,-0.051066251042747576,-0.015495077145389165,-0.04805951914660163,0.006035420927294943,0.04019366626146509,0.004451353146271897,0.020064124499628005,-0.055993990636757085,-0.026327167669059293,0.03179962140957081,-0.03336605483856091,-0.011541878892657526,0.07421391901859195,-0.026227544256596493,-0.02940969839788566,-0.030718917593821525,0.012479184911403304,-0.01645633738883702,-0.018542834639589265,0.05791951410858263,0.025449790670014745,0.002777206395581315,0.030044980957265,0.01478907641749018,-0.009541821441963947,-0.014784977186086144,-0.016831181065443703,0.03490494568296628,-0.0057215905609597426,0.009226949280499412,0.014399403402548656,-0.0022036637477275516,-0.04120036109114551,0.019297426688461856,-0.017128344987782738,-0.07006850157213657,-0.029591383386730327,0.0008849088840940436,-0.051066251042747576,0.025449790670014745,0.0651668075510189,-0.0037922822556190686,0.04319470727045542,-0.0024777421613898804,-0.023430142022800048,-0.0009328575325588243,-0.009216271238116636,0.039293082045117556,0.00485737383846839,-0.01961091585217098,0.030923165966761576,-0.006101833733300699,-0.06367018605667848,0.01901289017193892,0.02731058679376524,-0.0012388643124567585,-0.0069737021988490145,-0.007376331548736552,-0.015495077145389165,0.002777206395581315,-0.0037922822556190686,0.028795294454080373,-0.01140710766588324,0.0030189083649632643,-0.006705642191876237,-0.0022774075656415405,-0.007368420235994667,0.0036728518201074433,0.007713213868932623,-0.014181333298559182,0.008621040425056892,0.007509124736970255,0.006339585845011142,0.0073523264809516615,-0.004575299508159515,-0.05959101077215172,0.004621042798807252,-0.004843289112153501,-0.04805951914660163,0.030044980957265,0.04319470727045542,-0.01140710766588324,0.07042105426658903,0.010043057961338949,-0.029011202487920773,-0.01738238863172107,-0.014761065429937902,0.037626478793331995,0.006233968848939584,0.002319582251651296,0.02631084693835229,-0.006738284774577833,-0.07740056933169773,0.01648497594536346,0.013218517066800191,0.003469484859411702,0.010535808830724611,-0.0047904858951525724,0.006035420927294943,0.01478907641749018,-0.0024777421613898804,0.0030189083649632643,0.010043057961338949,0.02864976047488298,-0.004615783619881801,-0.02015371374570881,-0.008400395606789613,0.005588758608816762,-0.010069938012607655,0.016535705884915385,0.005210064388830886,0.0027597993898286046,-0.012887550597398436,0.004770176065035343,-0.008022187021359966,0.05120760881016855,0.013953691234695293,0.004226423937803085,0.04019366626146509,-0.009541821441963947,-0.023430142022800048,-0.006705642191876237,-0.029011202487920773,-0.004615783619881801,0.04682145539666195,-0.005760103400240437,-0.0021135767979161696,-0.02263228363549869,-0.0068808589400663825,0.0377195738204604,-0.02338941723768731,-0.004952902290924492,0.04737026109071241,-0.010333966868023844,-0.022720920620534404,-0.0021865889888367483,-0.015252869969115098,0.003233870742486577,0.004451353146271897,-0.014784977186086144,-0.0009328575325588243,-0.0022774075656415405,-0.01738238863172107,-0.02015371374570881,-0.005760103400240437,0.046491005104591795,0.020390977455012338,-0.01242234183963514,0.007838069770837827,-0.03715525702311266,-0.0015873124970996824,-0.004947240238591167,0.017152488814718682,-0.009491013866604168,0.017448874925765426,0.0028265505946027574,-0.03400436638132272,0.017031805159371798,0.020064124499628005,-0.016831181065443703,-0.009216271238116636,-0.007368420235994667,-0.014761065429937902,-0.008400395606789613,-0.0021135767979161696,0.020390977455012338,0.06273182853312981,-0.03282577962491534,-0.004200778282577554,-0.05755440250792851,0.003173055517571294,-0.013476706464696977,0.01700144540593758,-0.014492330367455536,0.010751675520791622,-0.054805218468400446,0.0026007371239698132,-0.015169832595575767,-0.055993990636757085,0.03490494568296628,0.039293082045117556,0.0036728518201074433,0.037626478793331995,0.005588758608816762,-0.02263228363549869,-0.01242234183963514,-0.03282577962491534,0.0573614909166879,0.007803094255698525,0.005837452105313281,0.022441085127785927,0.003908665838705632,-0.05307632684488371,0.0210829176145892,0.004782723607763306,-0.018039761692496537,-0.0018511116323889402,0.002901037870268633,-0.026327167669059293,-0.0057215905609597426,0.00485737383846839,0.007713213868932623,0.006233968848939584,-0.010069938012607655,-0.0068808589400663825,0.007838069770837827,-0.004200778282577554,0.007803094255698525,0.03446223407218414,-0.010797303834059097,0.008205767186632466,-0.007697802192806831,-0.0010560822488146645,0.0015597433894301964,-0.005663527543241707,0.05863499848974034,0.07019328397633316,-0.015744412247064823,0.03179962140957081,0.009226949280499412,-0.01961091585217098,-0.014181333298559182,0.002319582251651296,0.016535705884915385,0.0377195738204604,-0.03715525702311266,-0.05755440250792851,0.005837452105313281,-0.010797303834059097,0.13576401989578923,-0.03583376660098934,-0.0003844235882381258,0.012247461452871216,-0.0047457277289851135,-0.034849274204682854,-0.04961105517632646,-0.021779267604374684,0.006096517208887563,-0.03336605483856091,0.014399403402548656,0.030923165966761576,0.008621040425056892,0.02631084693835229,0.005210064388830886,-0.02338941723768731,-0.0015873124970996824,0.003173055517571294,0.022441085127785927,0.008205767186632466,-0.03583376660098934,0.04512085322481811,-0.00842817651818122,-0.04501904716867085,0.0182460874813919,0.011274462769206166,-0.0032153534391395244,-0.0048970929619268026,-0.010992903248333026,-0.011541878892657526,-0.0022036637477275516,-0.006101833733300699,0.007509124736970255,-0.006738284774577833,0.0027597993898286046,-0.004952902290924492,-0.004947240238591167,-0.013476706464696977,0.003908665838705632,-0.007697802192806831,-0.0003844235882381258,-0.00842817651818122,0.03511302135922442,-0.0005554476806300778,0.010873365101932597,0.00989280462130463,0.09908504882778585,0.00957164691908158,0.005754510043324789,0.07421391901859195,-0.04120036109114551,-0.06367018605667848,0.006339585845011142,-0.07740056933169773,-0.012887550597398436,0.04737026109071241,0.017152488814718682,0.01700144540593758,-0.05307632684488371,-0.0010560822488146645,0.012247461452871216,-0.04501904716867085,-0.0005554476806300778,0.13453230772667515,-0.03733134141511023,-0.030684486554583612,-0.028931848963231803,-0.0071747320985839635,-0.007777815343560892,-0.026227544256596493,0.019297426688461856,0.01901289017193892,0.0073523264809516615,0.01648497594536346,0.004770176065035343,-0.010333966868023844,-0.009491013866604168,-0.014492330367455536,0.0210829176145892,0.0015597433894301964,-0.0047457277289851135,0.0182460874813919,0.010873365101932597,-0.03733134141511023,0.03929034988420613,-0.0029115682187442725,-0.04632520970857106,-0.040969523024092805,0.017660860109265875,-0.02940969839788566,-0.017128344987782738,0.02731058679376524,-0.004575299508159515,0.013218517066800191,-0.008022187021359966,-0.022720920620534404,0.017448874925765426,0.010751675520791622,0.004782723607763306,-0.005663527543241707,-0.034849274204682854,0.011274462769206166,0.00989280462130463,-0.030684486554583612,-0.0029115682187442725,0.065732939409363
0.04189266355506235,0.0037390523641863665,0.005129627255812048,-0.012892177526811637,-0.0012913086952169315,-0.008306227962847475,0.003458482320023119,0.0006278110604610234,-0.020422617958345116,0.008698072299862622,0.007694405602865172,-0.0032140896160189813,-0.007430658622565401,0.014522445918301433,-0.006714915742542595,-0.005275599412499131,-0.012775219586279649,0.0009634953570828787,-0.03540270013219797,0.013240498117324782,0.0037390523641863665,0.019833510408007148,0.005896898728840509,0.004946477131360273,-0.002720389299158737,-0.00504733407952834,0.0012561507675095322,0.0004989132696368317,0.0062747610886800635,-0.002672774128062124,0.004790212547133654,-0.005742906565393755,0.0012490230165283864,0.0013517316562655093,0.002825851447777411,-0.0013004015605281097,-0.00022201782790354978,0.0025344206111241473,-0.0033689588694390113,0.00044960929323995175,0.005129627255812048,0.005896898728840509,0.03430675541250068,0.0033563691763970225,-0.004218697242854452,-0.001932111264511089,-0.0009132775088320332,-0.005205768375029003,-0.008937359051857524,-0.003285366520781795,0.008137787268831184,-0.004148410610144007,-0.0016913793212307245,0.0008754265144140336,-0.00548719818746647,0.004840636295133766,-0.0031036921635713664,0.005483308307452689,-0.0031314788260471344,0.0009650050449986959,-0.012892177526811637,0.004946477131360273,0.0033563691763970225,0.03962418549203628,0.003377176563496865,-0.008484245021365291,-0.011623350544696018,0.0037037762706268237,0.0040790191065415635,-0.007989300379824708,-0.0003959509082123051,-0.0034508877327616458,0.0002881770776181822,-0.01216548125619891,0.007215193575148403,0.00043594610034232336,0.01077315999786069,-0.0028153346774471314,0.020946595552456072,-0.0032849648906882857,-0.0012913086952169315,-0.002720389299158737,-0.004218697242854452,0.003377176563496865,0.043568303212359535,0.003532373763493012,-0.006748415341844419,-0.004176458193307078,0.015926739345752422,-0.0017951386717393325,0.007033719216812154,-0.019574006161718623,0.01512154346504942,-0.006513860659184231,-0.009768566016151618,-0.014331455756265547,-0.009009941106877115,0.001466600651035106,-0.0044048506932856685,0.029437948994742266,-0.008306227962847475,-0.00504733407952834,-0.001932111264511089,-0.008484245021365291,0.003532373763493012,0.03335580953113295,0.010161414779086803,-0.008290041534469425,0.00542306294204159,-0.0067246417844283035,-0.007377432236549987,0.006764343305438382,0.016286229915822414,-0.0038181472339742666,-0.0015102179436320435,-0.0026396934539319353,0.000964765577377214,0.00013041233500098626,0.0028833213268210983,-0.0028514289253600195,0.003458482320023119,0.0012561507675095322,-0.0009132775088320332,-0.011623350544696018,-0.006748415341844419,0.010161414779086803,0.031606413901333175,-0.007256445975922203,-0.009335519597917908,-0.007868125595269181,0.0028649044866343922,8.620711076187749e-5,0.008263788247043245,-0.0019914544773998,-0.0001486203203812358,0.0005334954990406577,0.005429626879901647,-0.0016058314571359023,-0.008096926147445609,-0.0003835470123095842,0.0006278110604610234,0.0004989132696368317,-0.005205768375029003,0.0037037762706268237,-0.004176458193307078,-0.008290041534469425,-0.007256445975922203,0.02162898714168055,0.0015065676172698835,0.008051859188413838,-0.0032215436210593423,0.006199297732511221,-0.012898522767313639,0.001970721619345653,0.005016189827896027,-0.00024262181309092575,-0.0025243613309714726,0.00030551446447311275,0.00949984905145378,-0.007944229283642008,-0.020422617958345116,0.0062747610886800635,-0.008937359051857524,0.0040790191065415635,0.015926739345752422,0.00542306294204159,-0.009335519597917908,0.0015065676172698835,0.04691006282393688,-0.007338273465072789,0.003041056901935603,-0.0049023181100027735,0.003266704681403261,-0.022054317440767794,0.00437097355027379,-0.00422450528234497,0.006754184231706197,0.0007087217873416407,0.029141532021804008,-0.0008350682097471484,0.008698072299862622,-0.002672774128062124,-0.003285366520781795,-0.007989300379824708,-0.0017951386717393325,-0.0067246417844283035,-0.007868125595269181,0.008051859188413838,-0.007338273465072789,0.030044522233088518,-0.005352753058094085,0.009394592614703427,-0.01503913413164255,0.01352081050302573,-0.0009401334829461506,0.003416203361893098,-0.012882624373521357,0.0042473163781228005,-0.0019379141658236057,-0.006759992848290056,0.007694405602865172,0.004790212547133654,0.008137787268831184,-0.0003959509082123051,0.007033719216812154,-0.007377432236549987,0.0028649044866343922,-0.0032215436210593423,0.003041056901935603,-0.005352753058094085,0.030306952080853922,-0.02279660779445125,0.006096193156475945,-0.006006056979080421,-0.008715505194848646,-0.0031018422958373473,0.0007264680745662862,0.0013710322465378087,-0.007356679706972734,0.020620282547529144,-0.0032140896160189813,-0.005742906565393755,-0.004148410610144007,-0.0034508877327616458,-0.019574006161718623,0.006764343305438382,8.620711076187749e-5,0.006199297732511221,-0.0049023181100027735,0.009394592614703427,-0.02279660779445125,0.05791982827214745,-0.013399135530218445,0.015794937139711897,0.018598677262294187,0.009531721601176808,-6.476576706387395e-5,0.0016568248632460232,0.00551017527164189,-0.037361422384744575,-0.007430658622565401,0.0012490230165283864,-0.0016913793212307245,0.0002881770776181822,0.01512154346504942,0.016286229915822414,0.008263788247043245,-0.012898522767313639,0.003266704681403261,-0.01503913413164255,0.006096193156475945,-0.013399135530218445,0.0356799640091073,-0.005863074472191313,-0.00814252624793223,-0.005927936306417928,0.0008073449353479446,-0.0026307069365348462,-0.004861565486071106,0.014539778348748793,0.014522445918301433,0.0013517316562655093,0.0008754265144140336,-0.01216548125619891,-0.006513860659184231,-0.0038181472339742666,-0.0019914544773998,0.001970721619345653,-0.022054317440767794,0.01352081050302573,-0.006006056979080421,0.015794937139711897,-0.005863074472191313,0.03910657486960628,0.0004415877020579254,0.006298390420253408,-0.016893799677967003,0.0018542623732584291,-0.022047118850748983,-0.008935955760114408,-0.006714915742542595,0.002825851447777411,-0.00548719818746647,0.007215193575148403,-0.009768566016151618,-0.0015102179436320435,-0.0001486203203812358,0.005016189827896027,0.00437097355027379,-0.0009401334829461506,-0.008715505194848646,0.018598677262294187,-0.00814252624793223,0.0004415877020579254,0.030264938542088744,0.002852345134487033,0.005060757493029457,0.0046897450599577666,0.007276092641208003,-0.022381526361329854,-0.005275599412499131,-0.0013004015605281097,0.004840636295133766,0.00043594610034232336,-0.014331455756265547,-0.0026396934539319353,0.0005334954990406577,-0.00024262181309092575,-0.00422450528234497,0.003416203361893098,-0.0031018422958373473,0.009531721601176808,-0.005927936306417928,0.006298390420253408,0.002852345134487033,0.0234930410693453,0.00509424047571367,-0.002177371619916795,0.0061635443949451755,-0.010093968187255626,-0.012775219586279649,-0.00022201782790354978,-0.0031036921635713664,0.01077315999786069,-0.009009941106877115,0.000964765577377214,0.005429626879901647,-0.0025243613309714726,0.006754184231706197,-0.012882624373521357,0.0007264680745662862,-6.476576706387395e-5,0.0008073449353479446,-0.016893799677967003,0.005060757493029457,0.00509424047571367,0.03305097214050821,-0.009453381002823669,0.01957724933458406,-0.008107748842464143,0.0009634953570828787,0.0025344206111241473,0.005483308307452689,-0.0028153346774471314,0.001466600651035106,0.00013041233500098626,-0.0016058314571359023,0.00030551446447311275,0.0007087217873416407,0.0042473163781228005,0.0013710322465378087,0.0016568248632460232,-0.0026307069365348462,0.0018542623732584291,0.0046897450599577666,-0.002177371619916795,-0.009453381002823669,0.021325171429974005,-0.004922227988867678,-0.008926025417945732,-0.03540270013219797,-0.0033689588694390113,-0.0031314788260471344,0.020946595552456072,-0.0044048506932856685,0.0028833213268210983,-0.008096926147445609,0.00949984905145378,0.029141532021804008,-0.0019379141658236057,-0.007356679706972734,0.00551017527164189,-0.004861565486071106,-0.022047118850748983,0.007276092641208003,0.0061635443949451755,0.01957724933458406,-0.004922227988867678,0.06769003837057394,-0.01508372353866573,0.013240498117324782,0.00044960929323995175,0.0009650050449986959,-0.0032849648906882857,0.029437948994742266,-0.0028514289253600195,-0.0003835470123095842,-0.007944229283642008,-0.0008350682097471484,-0.006759992848290056,0.020620282547529144,-0.037361422384744575,0.014539778348748793,-0.008935955760114408,-0.022381526361329854,-0.010093968187255626,-0.008107748842464143,-0.008926025417945732,-0.01508372353866573,0.06679147686894803
0.17569195620770078,0.05820717087303434,-0.0254969316964822,0.13371799930938066,-0.07686479745798888,-0.10554820737483536,0.01433755544597354,-0.10789484996189112,-0.006536899429873206,0.03031039843430381,0.04949319931023749,-0.031007522167809432,-0.059815915536560314,-0.031883758425813785,0.030569017863037576,-0.0716391331269732,0.027636234707447173,0.09117822001730705,-0.02884413427287119,-0.019228158593953156,0.05820717087303434,0.06094950068170675,-0.034398829959592106,0.06427661053044247,-0.032752580903418954,-0.04666433226892919,0.004818136203841826,-0.0284034008702077,0.007355856861319484,-0.0064005652853874224,0.01572364159160218,-0.014361223715140786,-0.02995516359901467,-0.003906235236025307,-0.0012253420975097827,-0.02830231976781581,0.011710238809749633,0.03579055789764955,-0.008103501684446656,-0.0049804249749167435,-0.0254969316964822,-0.034398829959592106,0.08040382958327448,-0.052065645519190365,0.017259687868321372,0.02846614099696726,-0.015706523945178713,0.010597544984149623,-0.013330438134626622,0.018899239984712244,-0.0185907822652137,0.010040627279774112,0.02024262036113937,-0.003019384506873524,0.01380305938949676,0.01956641870542279,-0.024895220473657997,-0.012007325033685564,-0.00291814602637549,-0.006155606109558396,0.13371799930938066,0.06427661053044247,-0.052065645519190365,0.15330891258129514,-0.06708442017201521,-0.09700096747309823,0.008414943694159268,-0.09517832326092318,-0.010623116054808408,0.013239241186587654,0.04935519612500143,-0.035485595615860246,-0.06921177788313601,-0.025280382853831766,0.01177753714223283,-0.06266401922059778,0.03682886339209274,0.06473194250112047,-0.014487278011105133,-0.009266903573374799,-0.07686479745798888,-0.032752580903418954,0.017259687868321372,-0.06708442017201521,0.06486084570030756,0.057582243416867164,-0.0026768818143128527,0.054644181937234165,0.0003960839474192058,-0.016944778188179913,-0.024917352281950186,0.01164219476224758,0.03979230120390418,0.011225402261154864,-0.010452600294822614,0.023875235560371945,-0.017291304357663146,-0.045413818848459894,0.01243384478130726,-0.008292125607860058,-0.10554820737483536,-0.04666433226892919,0.02846614099696726,-0.09700096747309823,0.057582243416867164,0.09317913917277475,-0.007768883514264597,0.07584717454120762,-0.0011162612273526305,-0.01761728424262978,-0.032173784623983376,0.021156526848363166,0.048573370551805384,0.01384801856362169,-0.019527197880302848,0.04699706211567026,-0.032493581156801926,-0.06724692693622836,0.020889939591335626,0.0024399551732127408,0.01433755544597354,0.004818136203841826,-0.015706523945178713,0.008414943694159268,-0.0026768818143128527,-0.007768883514264597,0.025434882518501872,-0.012186883652412106,0.00929533363165638,-0.0021295622638529393,0.007902503217874801,-0.008338566105242022,-0.002979029991649792,-0.0011829417913377114,-0.0006380006571866056,-0.0009942806292778596,0.0005185231150077064,0.004623391934053382,0.001365018072162578,0.00631888396720247,-0.10789484996189112,-0.0284034008702077,0.010597544984149623,-0.09517832326092318,0.054644181937234165,0.07584717454120762,-0.012186883652412106,0.10698674586702732,0.013375874877975775,-0.029889297170614105,-0.04007447337773319,0.0269038133222814,0.04682200251982266,0.028026285609516213,-0.031143151074028794,0.053262926518009346,-0.024619435467175002,-0.067392479798383,0.026258101966148716,-0.0021874374523019975,-0.006536899429873206,0.007355856861319484,-0.013330438134626622,-0.010623116054808408,0.0003960839474192058,-0.0011162612273526305,0.00929533363165638,0.013375874877975775,0.03823756539020967,-0.009663376519678827,-0.005704627875609365,-0.00019700772464435507,0.011884337380915003,0.012721217493548861,-0.010090082348002714,0.011091715633495732,0.005745819187851161,-0.0028787799258712236,0.003408165144003734,0.0037918042997590017,0.03031039843430381,-0.0064005652853874224,0.018899239984712244,0.013239241186587654,-0.016944778188179913,-0.01761728424262978,-0.0021295622638529393,-0.029889297170614105,-0.009663376519678827,0.034044016285232216,0.008843604273444744,-0.0027608446698020586,-0.015830689081756305,-0.011808718813954922,0.00971049600957813,-0.010701432389661316,-0.00029148379445559185,0.01709806829197342,-0.004465197037911445,-0.0003299531575177566,0.04949319931023749,0.01572364159160218,-0.0185907822652137,0.04935519612500143,-0.024917352281950186,-0.032173784623983376,0.007902503217874801,-0.04007447337773319,-0.005704627875609365,0.008843604273444744,0.03686535646483309,-0.010486224256562177,-0.027088741008724215,-0.01604346429089088,-0.0013219228273730916,-0.019971962224053792,0.008796143495504099,0.021414400668877683,-0.0010724754457488805,0.008722675135068681,-0.031007522167809432,-0.014361223715140786,0.010040627279774112,-0.035485595615860246,0.01164219476224758,0.021156526848363166,-0.008338566105242022,0.0269038133222814,-0.00019700772464435507,-0.0027608446698020586,-0.010486224256562177,0.027521947175315992,0.012571529432093593,0.007950247176010006,-0.0031528938613981233,0.017958557670712964,-0.014407987658924053,-0.015284470479509886,0.004420486058818944,0.004761410495376831,-0.059815915536560314,-0.02995516359901467,0.02024262036113937,-0.06921177788313601,0.03979230120390418,0.048573370551805384,-0.002979029991649792,0.04682200251982266,0.011884337380915003,-0.015830689081756305,-0.027088741008724215,0.012571529432093593,0.05486764941096682,0.015923319360638864,-0.005231724053510894,0.02702075708918978,-0.015107309708675121,-0.031460551174006646,0.005340091654512895,0.0010318381702974072,-0.031883758425813785,-0.003906235236025307,-0.003019384506873524,-0.025280382853831766,0.011225402261154864,0.01384801856362169,-0.0011829417913377114,0.028026285609516213,0.012721217493548861,-0.011808718813954922,-0.01604346429089088,0.007950247176010006,0.015923319360638864,0.03045273771825617,-0.00775985964170383,0.014522145272212414,0.0030380749757576674,-0.007993581588015674,0.002951808999508167,-0.005152989795015578,0.030569017863037576,-0.0012253420975097827,0.01380305938949676,0.01177753714223283,-0.010452600294822614,-0.019527197880302848,-0.0006380006571866056,-0.031143151074028794,-0.010090082348002714,0.00971049600957813,-0.0013219228273730916,-0.0031528938613981233,-0.005231724053510894,-0.00775985964170383,0.04821100103528532,-0.010852516674727837,0.0004920116942492012,0.03044194854024616,-0.02709265316704984,-0.00451105442650576,-0.0716391331269732,-0.02830231976781581,0.01956641870542279,-0.06266401922059778,0.023875235560371945,0.04699706211567026,-0.0009942806292778596,0.053262926518009346,0.011091715633495732,-0.010701432389661316,-0.019971962224053792,0.017958557670712964,0.02702075708918978,0.014522145272212414,-0.010852516674727837,0.058149631282043666,-0.021391894448007702,-0.04320625504236729,0.013542460831896811,0.008243744496263243,0.027636234707447173,0.011710238809749633,-0.024895220473657997,0.03682886339209274,-0.017291304357663146,-0.032493581156801926,0.0005185231150077064,-0.024619435467175002,0.005745819187851161,-0.00029148379445559185,0.008796143495504099,-0.014407987658924053,-0.015107309708675121,0.0030380749757576674,0.0004920116942492012,-0.021391894448007702,0.044162781629454625,0.017288317638324145,-0.003792064156332051,0.001796051195901479,0.09117822001730705,0.03579055789764955,-0.012007325033685564,0.06473194250112047,-0.045413818848459894,-0.06724692693622836,0.004623391934053382,-0.067392479798383,-0.0028787799258712236,0.01709806829197342,0.021414400668877683,-0.015284470479509886,-0.031460551174006646,-0.007993581588015674,0.03044194854024616,-0.04320625504236729,0.017288317638324145,0.08684090143963485,-0.03269249281839921,-0.004887238437145617,-0.02884413427287119,-0.008103501684446656,-0.00291814602637549,-0.014487278011105133,0.01243384478130726,0.020889939591335626,0.001365018072162578,0.026258101966148716,0.003408165144003734,-0.004465197037911445,-0.0010724754457488805,0.004420486058818944,0.005340091654512895,0.002951808999508167,-0.02709265316704984,0.013542460831896811,-0.003792064156332051,-0.03269249281839921,0.03402140854554465,0.0020578775436752915,-0.019228158593953156,-0.0049804249749167435,-0.006155606109558396,-0.009266903573374799,-0.008292125607860058,0.0024399551732127408,0.00631888396720247,-0.0021874374523019975,0.0037918042997590017,-0.0003299531575177566,0.008722675135068681,0.004761410495376831,0.0010318381702974072,-0.005152989795015578,-0.00451105442650576,0.008243744496263243,0.001796051195901479,-0.004887238437145617,0.0020578775436752915,0.040595076590998626
