0.031602354498222386,-0.004862761478572791,0.01976429424985831,-0.004198931686261851,-0.0038598980013855888,0.01727867904439067,0.004954473644708633,-0.01588087301224412,-0.0006127999710855722,-0.0018221898731481173,-0.003686686719616837,-0.013213112175181835,-0.004313539798039729,0.010810764525388726,0.003572371901361022,0.008139316605235262,-0.015176117629219776,-0.017334183888954902,0.007058081810050944,0.006403766933575271,-0.004862761478572791,0.02889992585314694,0.0012543843430558588,0.0002366071944949347,-0.001329600785681554,-0.006223940440891952,-0.0009946847039890789,-0.002153327497280752,-0.005015450910691803,0.004436475301423819,-0.008006380968792148,0.007928596349431535,-0.0016188941652289434,0.0031651097111244694,0.0004928231645894812,-0.0018609965591747425,0.0022479220023144267,-0.00506445734090951,-0.023237186068229176,0.00249432591178412,0.01976429424985831,0.0012543843430558588,0.05620851108200747,0.022453946395802032,-0.015404402986548556,0.0304258234538113,-0.011401459186739014,-0.02260289000245387,-0.01635237967021652,-0.007123549838015975,-0.002245578313301083,-0.0014757668745570976,-0.011552647313098071,0.013938115982641091,-0.008872348214600747,-0.006240259834913035,-0.01554878824753152,-0.042695176939142154,0.00535148469260539,0.018545406895878483,-0.004198931686261851,0.0002366071944949347,0.022453946395802032,0.0716605002922425,-0.03613990429460823,0.029923685771438793,-0.002880952741065742,-0.016479396861925087,-0.014538150413225669,-0.007159860441629437,-0.0005670264936438415,0.010781303212011411,0.009412616950403362,0.001709605430959845,-0.021557456677554127,-0.028335041637794753,-0.007107501885588193,-0.0024447156044907067,0.00011799045645549504,0.0030497301239320053,-0.0038598980013855888,-0.001329600785681554,-0.015404402986548556,-0.03613990429460823,0.04301496700810167,-0.02283330363791439,-0.0032916559586679407,0.016097489404163237,0.0023129209378090175,0.0038946784748041777,0.0009217217495471066,-0.009042073246931924,-0.010496019059507783,-0.011271997533545571,0.013112513463277714,0.012595400529358654,0.011114533302400312,0.010142489806791034,0.00970303696659041,0.006879278358489003,0.01727867904439067,-0.006223940440891952,0.0304258234538113,0.029923685771438793,-0.02283330363791439,0.05927824604464159,-0.005305467146276338,-0.010964281310834111,-0.010905835335650236,-0.00945705032162714,0.008848723051841863,-0.014711373481125459,0.004867492525371534,0.002352392408077301,-0.0023387539367160847,-0.014799021865508768,-0.026065016733120144,-0.02928823982269665,0.011456154142260568,0.018453508932474494,0.004954473644708633,-0.0009946847039890789,-0.011401459186739014,-0.002880952741065742,-0.0032916559586679407,-0.005305467146276338,0.04254589886261683,-0.015382773898431706,0.012391263367703576,0.019023822153188014,-0.019173246448398303,-0.011277228253051188,0.014812596110625936,0.02576801374169281,0.011856260171392572,0.011235272598400991,-0.014732536701004982,-0.004742822120671073,-0.010475461291426461,-0.017965750452535297,-0.01588087301224412,-0.002153327497280752,-0.02260289000245387,-0.016479396861925087,0.016097489404163237,-0.010964281310834111,-0.015382773898431706,0.06333521126557468,0.006609413175120758,-0.018482479158679295,0.02742812145000129,-0.0020211459840931895,0.0013381108522018154,-0.03761097897416779,0.0036262801408434046,-0.005019804984600184,0.009482767868551366,0.018878016063848466,0.012770893471718475,0.007885850968035676,-0.0006127999710855722,-0.005015450910691803,-0.01635237967021652,-0.014538150413225669,0.0023129209378090175,-0.010905835335650236,0.012391263367703576,0.006609413175120758,0.03646251043546406,0.005145533840473219,-0.002488638883062318,-0.008998455451206602,0.007362394849085029,0.00304565633478711,0.009769834222771504,0.005919357523081656,0.0008238273780383892,0.014470308898270206,-0.0004822829304533876,-0.0076488529119886715,-0.0018221898731481173,0.004436475301423819,-0.007123549838015975,-0.007159860441629437,0.0038946784748041777,-0.00945705032162714,0.019023822153188014,-0.018482479158679295,0.005145533840473219,0.03526043604222002,-0.019241863508825743,-0.0012652836829352412,0.007813550924334257,0.019153221205909506,-0.001461932412430898,0.009024412463218456,0.002799588008978755,0.005376905903725854,-0.01834688108715882,-0.016444277818117754,-0.003686686719616837,-0.008006380968792148,-0.002245578313301083,-0.0005670264936438415,0.0009217217495471066,0.008848723051841863,-0.019173246448398303,0.02742812145000129,-0.002488638883062318,-0.019241863508825743,0.04059361052908789,0.0002913888619033854,-0.0066158107915633355,-0.03854284181029619,-0.0033054240423734424,-0.006960425438185568,0.0062543524041859455,0.005026850768304084,0.022951176891785798,0.015444818634451659,-0.013213112175181835,0.007928596349431535,-0.0014757668745570976,0.010781303212011411,-0.009042073246931924,-0.014711373481125459,-0.011277228253051188,-0.0020211459840931895,-0.008998455451206602,-0.0012652836829352412,0.0002913888619033854,0.052965000774816626,0.0016361721355529495,-0.005911895356109586,-0.013961684480524483,-0.007150916738221871,0.012551749295915415,0.013651787699510157,-0.014061750637069478,-0.006069311741331155,-0.004313539798039729,-0.0016188941652289434,-0.011552647313098071,0.009412616950403362,-0.010496019059507783,0.004867492525371534,0.014812596110625936,0.0013381108522018154,0.007362394849085029,0.007813550924334257,-0.0066158107915633355,0.0016361721355529495,0.04283373408199453,0.010142108726731209,-0.0035871191167670172,-0.0012939466141857932,-0.01249419965314922,0.007572273541910835,-0.009407365082222636,-0.020782883226416284,0.010810764525388726,0.0031651097111244694,0.013938115982641091,0.001709605430959845,-0.011271997533545571,0.002352392408077301,0.02576801374169281,-0.03761097897416779,0.00304565633478711,0.019153221205909506,-0.03854284181029619,-0.005911895356109586,0.010142108726731209,0.07837124247647141,0.010392712569424974,0.00955362374873249,-0.02321211966721832,-0.023925641894954962,-0.02297451350942653,-0.012777493346990671,0.003572371901361022,0.0004928231645894812,-0.008872348214600747,-0.021557456677554127,0.013112513463277714,-0.0023387539367160847,0.011856260171392572,0.0036262801408434046,0.009769834222771504,-0.001461932412430898,-0.0033054240423734424,-0.013961684480524483,-0.0035871191167670172,0.010392712569424974,0.03538492040085991,0.006162609878604692,-0.011641294533729363,-0.0061710623084689185,0.0007481591502827498,0.006406201845700235,0.008139316605235262,-0.0018609965591747425,-0.006240259834913035,-0.028335041637794753,0.012595400529358654,-0.014799021865508768,0.011235272598400991,-0.005019804984600184,0.005919357523081656,0.009024412463218456,-0.006960425438185568,-0.007150916738221871,-0.0012939466141857932,0.00955362374873249,0.006162609878604692,0.03831602960978974,-0.0007185498219375842,-0.0070687520512158555,0.0021494675091226385,-0.010296256462013095,-0.015176117629219776,0.0022479220023144267,-0.01554878824753152,-0.007107501885588193,0.011114533302400312,-0.026065016733120144,-0.014732536701004982,0.009482767868551366,0.0008238273780383892,0.002799588008978755,0.0062543524041859455,0.012551749295915415,-0.01249419965314922,-0.02321211966721832,-0.011641294533729363,-0.0007185498219375842,0.04733405184431071,0.028069690755755834,-0.0036864957444116683,-0.007288784160256249,-0.017334183888954902,-0.00506445734090951,-0.042695176939142154,-0.0024447156044907067,0.010142489806791034,-0.02928823982269665,-0.004742822120671073,0.018878016063848466,0.014470308898270206,0.005376905903725854,0.005026850768304084,0.013651787699510157,0.007572273541910835,-0.023925641894954962,-0.0061710623084689185,-0.0070687520512158555,0.028069690755755834,0.06697490432326476,-0.011963637737560463,-0.026021307384390357,0.007058081810050944,-0.023237186068229176,0.00535148469260539,0.00011799045645549504,0.00970303696659041,0.011456154142260568,-0.010475461291426461,0.012770893471718475,-0.0004822829304533876,-0.01834688108715882,0.022951176891785798,-0.014061750637069478,-0.009407365082222636,-0.02297451350942653,0.0007481591502827498,0.0021494675091226385,-0.0036864957444116683,-0.011963637737560463,0.04853627452900051,0.01605481978908574,0.006403766933575271,0.00249432591178412,0.018545406895878483,0.0030497301239320053,0.006879278358489003,0.018453508932474494,-0.017965750452535297,0.007885850968035676,-0.0076488529119886715,-0.016444277818117754,0.015444818634451659,-0.006069311741331155,-0.020782883226416284,-0.012777493346990671,0.006406201845700235,-0.010296256462013095,-0.007288784160256249,-0.026021307384390357,0.01605481978908574,0.05256099838611825
0.0795485789282093,0.041600972498141105,-0.041689122570473004,-0.03075977196120911,-0.00942212063150505,-0.022460206874234556,0.0407833815608017,-0.005681864512088443,0.01695284790395638,0.02441758720382057,-0.005465639102035283,-0.048031595011570685,-0.02141407420734604,0.04633125532499627,0.04903694939900379,0.026791659690625382,-0.02469730147032445,0.02817419219431555,-0.011102937340458027,-0.026453463588701185,0.041600972498141105,0.0738637024844892,-0.04486533399095827,-0.021093089681961073,-0.027321423925289495,-0.05587705334166225,0.040851637798374266,0.0005136941829150931,0.01408120158206998,0.014940080315877707,0.011379340446124424,-0.02737477184446997,-0.03460821678922488,0.024521960184890373,0.053429758480098496,0.04218048759355499,-0.012731458576559041,0.003174718899221644,-0.030864380246146447,-0.008989800589870957,-0.041689122570473004,-0.04486533399095827,0.1247472797325331,0.047789998259800494,0.041153614290099484,0.05235915420486973,-0.03967041375396109,-0.027845370168996166,-0.024449194408759208,-0.019865075672190313,-0.021296179601048217,0.03547665834664912,0.027900491643622856,-0.02337259024275326,-0.05337113806355853,-0.04503104576202205,0.004898036791595381,-0.0495466447525992,-0.0027801163918725934,0.026032019848265742,-0.03075977196120911,-0.021093089681961073,0.047789998259800494,0.108560701077156,-0.07629587953828612,0.03134297931991768,-0.019966554284562912,-0.0013843830521799959,-0.01521612029633489,-0.04579155350547612,0.03264205296248713,0.03965184020654734,0.004919557768677723,0.015190849809728263,-0.05349677830509527,-0.02853372150589272,0.008696295390621573,-0.0013929636137414748,0.005535167269404201,-0.009433185535239752,-0.00942212063150505,-0.027321423925289495,0.041153614290099484,-0.07629587953828612,0.16012603551067353,0.02614030580458017,-0.01759241852270747,-0.02288875663161434,-0.003010679754908319,0.04455615764894424,-0.07531617714361642,-0.018103068188803917,0.03199770362843035,-0.03390843824414458,0.008286748752913374,-0.024428877514718422,-0.01064047281638356,-0.01682551988795235,0.007692914279100374,0.032674932868711204,-0.022460206874234556,-0.05587705334166225,0.05235915420486973,0.03134297931991768,0.02614030580458017,0.0991941762183974,-0.04492422369349521,0.006949034560551616,-0.01610605126509513,0.0057269945926195324,-0.022505301228876513,-0.0029472315636428345,0.026790972666611193,-0.006358475131827658,-0.037406967820023396,-0.06359983943274766,-0.014235639576687269,-0.009786798965273435,0.033021834678695156,0.015240198828379375,0.0407833815608017,0.040851637798374266,-0.03967041375396109,-0.019966554284562912,-0.01759241852270747,-0.04492422369349521,0.055747632105303785,-0.008241903425265385,0.016319260574077888,0.012819978596146604,0.0050844107393755306,-0.027045534345911088,-0.019566839888563087,0.020700454766045935,0.034789026659971495,0.037494634134606464,-0.010986628757871174,0.01446114416635054,-0.019616457607509505,-0.027749972275243725,-0.005681864512088443,0.0005136941829150931,-0.027845370168996166,-0.0013843830521799959,-0.02288875663161434,0.006949034560551616,-0.008241903425265385,0.03696893875740671,0.007446230204649582,-0.001993666928672203,0.015255968338946732,-0.008667943990402771,-0.003435920834781294,-0.0048854050302598335,0.0035268881930489893,-0.005497125039172108,-0.00216003361892081,0.004564600691915364,0.012702392419418045,0.009315743978415562,0.01695284790395638,0.01408120158206998,-0.024449194408759208,-0.01521612029633489,-0.003010679754908319,-0.01610605126509513,0.016319260574077888,0.007446230204649582,0.030961211779902527,0.008027699555291977,0.0002050404303560755,-0.0136114647619704,-0.009562760058921815,0.006640978773009072,0.013517107725037131,0.001247580626489309,-0.014019918225478078,0.016754843617612262,-7.285227630170383e-5,-0.0006800724516411879,0.02441758720382057,0.014940080315877707,-0.019865075672190313,-0.04579155350547612,0.04455615764894424,0.0057269945926195324,0.012819978596146604,-0.001993666928672203,0.008027699555291977,0.08412640653956883,-0.03696145652309536,-0.046036620836375136,-0.010829861252586694,-0.00037662217163899323,0.050878082600736285,-0.0006740728062891672,-0.035258698658471865,-0.0010971094710512546,0.0033122561578221516,0.006571326045775554,-0.005465639102035283,0.011379340446124424,-0.021296179601048217,0.03264205296248713,-0.07531617714361642,-0.022505301228876513,0.0050844107393755306,0.015255968338946732,0.0002050404303560755,-0.03696145652309536,0.07131425204341496,0.019212909114742077,-0.0160237218225812,0.0013585266392000129,-0.008843232357912751,0.015279410849955016,0.018667849595858245,0.011331915666785965,-0.0019604417624846243,-0.010716883950398144,-0.048031595011570685,-0.02737477184446997,0.03547665834664912,0.03965184020654734,-0.018103068188803917,-0.0029472315636428345,-0.027045534345911088,-0.008667943990402771,-0.0136114647619704,-0.046036620836375136,0.019212909114742077,0.09312034775162518,0.012007634147204512,-0.018867929300058036,-0.04968786201712304,-0.012166097101192652,0.02851002656985359,-0.009924611382581584,-0.0038952964801844056,0.007060026817050414,-0.02141407420734604,-0.03460821678922488,0.027900491643622856,0.004919557768677723,0.03199770362843035,0.026790972666611193,-0.019566839888563087,-0.003435920834781294,-0.009562760058921815,-0.010829861252586694,-0.0160237218225812,0.012007634147204512,0.03618104179809233,-0.011573032348831901,-0.026957744694261397,-0.014858549724420576,0.01296273972553778,-0.006600290786744447,0.012115842919963208,-0.0009180565651745413,0.04633125532499627,0.024521960184890373,-0.02337259024275326,0.015190849809728263,-0.03390843824414458,-0.006358475131827658,0.020700454766045935,-0.0048854050302598335,0.006640978773009072,-0.00037662217163899323,0.0013585266392000129,-0.018867929300058036,-0.011573032348831901,0.06560401319240855,0.018864439638397144,0.010966298518334127,-0.022391356909072554,0.019351744339767486,-0.004941033001746396,-0.019327531991711437,0.04903694939900379,0.053429758480098496,-0.05337113806355853,-0.05349677830509527,0.008286748752913374,-0.037406967820023396,0.034789026659971495,0.0035268881930489893,0.013517107725037131,0.050878082600736285,-0.008843232357912751,-0.04968786201712304,-0.026957744694261397,0.018864439638397144,0.08520728080211876,0.04093211051969902,-0.022491882024806686,0.0006004089980574596,-0.012354515798971758,-0.004406673978967532,0.026791659690625382,0.04218048759355499,-0.04503104576202205,-0.02853372150589272,-0.024428877514718422,-0.06359983943274766,0.037494634134606464,-0.005497125039172108,0.001247580626489309,-0.0006740728062891672,0.015279410849955016,-0.012166097101192652,-0.014858549724420576,0.010966298518334127,0.04093211051969902,0.08632446542596164,0.023974345729241175,0.0021005662319925978,-0.02379235472271669,-0.03320286550517435,-0.02469730147032445,-0.012731458576559041,0.004898036791595381,0.008696295390621573,-0.01064047281638356,-0.014235639576687269,-0.010986628757871174,-0.00216003361892081,-0.014019918225478078,-0.035258698658471865,0.018667849595858245,0.02851002656985359,0.01296273972553778,-0.022391356909072554,-0.022491882024806686,0.023974345729241175,0.05455422474429886,-0.001393320252130244,-0.0044022505372533945,-0.01374704205776648,0.02817419219431555,0.003174718899221644,-0.0495466447525992,-0.0013929636137414748,-0.01682551988795235,-0.009786798965273435,0.01446114416635054,0.004564600691915364,0.016754843617612262,-0.0010971094710512546,0.011331915666785965,-0.009924611382581584,-0.006600290786744447,0.019351744339767486,0.0006004089980574596,0.0021005662319925978,-0.001393320252130244,0.05588420291546037,0.005950225304791324,-0.027244449440648598,-0.011102937340458027,-0.030864380246146447,-0.0027801163918725934,0.005535167269404201,0.007692914279100374,0.033021834678695156,-0.019616457607509505,0.012702392419418045,-7.285227630170383e-5,0.0033122561578221516,-0.0019604417624846243,-0.0038952964801844056,0.012115842919963208,-0.004941033001746396,-0.012354515798971758,-0.02379235472271669,-0.0044022505372533945,0.005950225304791324,0.03431463868348649,0.0030988678225942782,-0.026453463588701185,-0.008989800589870957,0.026032019848265742,-0.009433185535239752,0.032674932868711204,0.015240198828379375,-0.027749972275243725,0.009315743978415562,-0.0006800724516411879,0.006571326045775554,-0.010716883950398144,0.007060026817050414,-0.0009180565651745413,-0.019327531991711437,-0.004406673978967532,-0.03320286550517435,-0.01374704205776648,-0.027244449440648598,0.0030988678225942782,0.058986552264612684
0.02822388896113256,-0.00130836047460641,0.002061905500995599,-0.0011719757882043256,0.02057117347510148,-0.00793448842775516,0.006791396669061021,-0.004459565006314416,0.0054845087042074475,0.020219690280934073,-0.007810441885176681,-0.009145828973710309,-0.0035620980286822056,0.012387602390772346,0.003658158240099013,-0.022618731902352276,-0.006966876711747853,-0.002711024393765568,0.024307949470977825,0.004205131826119413,-0.00130836047460641,0.02169466537048291,0.007730613522343681,-0.002230818835602239,0.013414557305446866,-0.003535063600395045,0.0018622979216540655,0.008483879252373632,-0.002233690410465239,0.01564248975848446,-0.0034624782873545878,-0.005114387031887022,-0.0007090919093428977,0.006707187302469636,-0.01822761132529528,-0.005420362488354214,0.000894536072878119,0.0015106749548166299,0.010379497000396318,-0.009867965313682916,0.002061905500995599,0.007730613522343681,0.024078827114113632,0.0010851614604444342,0.010608878216444035,-0.004802333945721361,0.0022911249453659906,0.005008599238122947,0.0006539135377455075,0.015734073279508126,-0.006135483304204463,-0.0021629344246502447,-0.008138057561122312,0.0016449042657746178,-0.006989147648936997,-0.012944346886890827,-0.0044892847123986414,-0.0047803705430752574,0.013567037978699176,-0.0017929354408584188,-0.0011719757882043256,-0.002230818835602239,0.0010851614604444342,0.033411494713851984,0.004284347125975044,0.00634820589210615,-0.00916179694265564,-0.0019653872558864473,0.008341767475942051,-0.004208074245673458,-0.0035587429778167817,0.005914995477529333,0.007203170591169276,-0.000810960420411631,0.010329906211704029,-0.00157376228069671,0.0018921591471432,-0.001349831308350077,0.0030124519596310523,-0.002631272320261782,0.02057117347510148,0.013414557305446866,0.010608878216444035,0.004284347125975044,0.1367838706996079,-0.05794556114116619,-0.022748307366501665,-0.004759981913790424,0.03308989247327063,0.08949170716660323,-0.02686229359971857,-0.057679584258943345,-0.006280229770812753,0.05506010736311935,-0.06288775444090905,-0.0923238417728427,-0.023560759064690615,-0.003998781023372514,0.10510637760577032,-0.03643961294837386,-0.00793448842775516,-0.003535063600395045,-0.004802333945721361,0.00634820589210615,-0.05794556114116619,0.09416921431577516,0.018397938177932074,0.015169792334191887,-0.02129606833325387,-0.05084619669981849,0.04864112618615404,0.03983443351930348,0.008221365717642273,-0.030381346902000967,0.017188741190554732,0.0917853245333544,0.027807390643749923,0.031175511706494595,-0.077157845565157,0.02091691143354078,0.006791396669061021,0.0018622979216540655,0.0022911249453659906,-0.00916179694265564,-0.022748307366501665,0.018397938177932074,0.03402276646666444,0.007368972489100555,-0.018200539106770025,-0.009697932259113914,0.014729187347156395,0.008855288389592158,-0.005029642155824661,-0.006552493551235027,0.004467499093774317,0.021115431825509623,0.003644027572540954,0.0016490577671628688,-0.016959670110698398,0.010589018376095573,-0.004459565006314416,0.008483879252373632,0.005008599238122947,-0.0019653872558864473,-0.004759981913790424,0.015169792334191887,0.007368972489100555,0.024301491896517965,-0.0032749022175812465,-0.0009404902339900309,0.005933827584687695,0.006455992169822209,-0.0019465627431167237,-0.001138528944781983,-0.016528715156641876,0.020015802955277908,0.003878917921696219,-0.0013755809958020592,-0.014440020140553986,-0.00358366928319938,0.0054845087042074475,-0.002233690410465239,0.0006539135377455075,0.008341767475942051,0.03308989247327063,-0.02129606833325387,-0.018200539106770025,-0.0032749022175812465,0.03163078248766692,0.015691047969465265,-0.010506640731357725,-0.014608896542192565,-0.0013499089483355827,0.009469482307502908,-0.004287421048234912,-0.035694276480770136,0.001475528345711338,-0.001242488419304411,0.023052427134681155,-0.01285273672544699,0.020219690280934073,0.01564248975848446,0.015734073279508126,-0.004208074245673458,0.08949170716660323,-0.05084619669981849,-0.009697932259113914,-0.0009404902339900309,0.015691047969465265,0.09709016837191888,-0.026550158412154128,-0.03902283706081776,-0.019139588198266638,0.04178747753484715,-0.03821009417047312,-0.07819047703269982,-0.021663497446999504,-0.009749210645101036,0.09078410059663655,-0.02082851938027184,-0.007810441885176681,-0.0034624782873545878,-0.006135483304204463,-0.0035587429778167817,-0.02686229359971857,0.04864112618615404,0.014729187347156395,0.005933827584687695,-0.010506640731357725,-0.026550158412154128,0.05298582508564084,0.01801636329510354,0.0018542030058549745,-0.009802122441398123,0.0016950134623312785,0.05647713271913261,0.015178596675787484,0.027329867211287363,-0.04720826064026216,0.012002117378740497,-0.009145828973710309,-0.005114387031887022,-0.0021629344246502447,0.005914995477529333,-0.057679584258943345,0.03983443351930348,0.008855288389592158,0.006455992169822209,-0.014608896542192565,-0.03902283706081776,0.01801636329510354,0.05109085518164048,0.0006984180987750193,-0.02746982887561314,0.02590696252172517,0.048089610164220725,0.013231208744111808,0.008674048344561945,-0.05066798686965301,0.01338209299513022,-0.0035620980286822056,-0.0007090919093428977,-0.008138057561122312,0.007203170591169276,-0.006280229770812753,0.008221365717642273,-0.005029642155824661,-0.0019465627431167237,-0.0013499089483355827,-0.019139588198266638,0.0018542030058549745,0.0006984180987750193,0.029843438038152204,-0.0052860862903935605,-0.0017359251087735153,0.016640169050134476,0.005393691680586106,0.004962452440367117,-0.019566451345951932,-0.006067168355211488,0.012387602390772346,0.006707187302469636,0.0016449042657746178,-0.000810960420411631,0.05506010736311935,-0.030381346902000967,-0.006552493551235027,-0.001138528944781983,0.009469482307502908,0.04178747753484715,-0.009802122441398123,-0.02746982887561314,-0.0052860862903935605,0.048026153612699504,-0.03408989319134466,-0.04066227653103458,-0.014135587504607965,-0.006789863286537962,0.054859827794115884,-0.013233946405796788,0.003658158240099013,-0.01822761132529528,-0.006989147648936997,0.010329906211704029,-0.06288775444090905,0.017188741190554732,0.004467499093774317,-0.016528715156641876,-0.004287421048234912,-0.03821009417047312,0.0016950134623312785,0.02590696252172517,-0.0017359251087735153,-0.03408989319134466,0.11135604531755844,0.015026741406445087,0.009330201629996055,0.009836695291507097,-0.03667258017005091,0.04029931994203229,-0.022618731902352276,-0.005420362488354214,-0.012944346886890827,-0.00157376228069671,-0.0923238417728427,0.0917853245333544,0.021115431825509623,0.020015802955277908,-0.035694276480770136,-0.07819047703269982,0.05647713271913261,0.048089610164220725,0.016640169050134476,-0.04066227653103458,0.015026741406445087,0.1345735922345054,0.03440697554670538,0.03628786404503484,-0.10823691552142534,0.02063780486858345,-0.006966876711747853,0.000894536072878119,-0.0044892847123986414,0.0018921591471432,-0.023560759064690615,0.027807390643749923,0.003644027572540954,0.003878917921696219,0.001475528345711338,-0.021663497446999504,0.015178596675787484,0.013231208744111808,0.005393691680586106,-0.014135587504607965,0.009330201629996055,0.03440697554670538,0.03511911318335013,0.01999167767041588,-0.03274778338106438,0.009690768925409078,-0.002711024393765568,0.0015106749548166299,-0.0047803705430752574,-0.001349831308350077,-0.003998781023372514,0.031175511706494595,0.0016490577671628688,-0.0013755809958020592,-0.001242488419304411,-0.009749210645101036,0.027329867211287363,0.008674048344561945,0.004962452440367117,-0.006789863286537962,0.009836695291507097,0.03628786404503484,0.01999167767041588,0.05583573041475647,-0.023371157962901068,0.008100819512088728,0.024307949470977825,0.010379497000396318,0.013567037978699176,0.0030124519596310523,0.10510637760577032,-0.077157845565157,-0.016959670110698398,-0.014440020140553986,0.023052427134681155,0.09078410059663655,-0.04720826064026216,-0.05066798686965301,-0.019566451345951932,0.054859827794115884,-0.03667258017005091,-0.10823691552142534,-0.03274778338106438,-0.023371157962901068,0.1387962961082903,-0.023119367831511008,0.004205131826119413,-0.009867965313682916,-0.0017929354408584188,-0.002631272320261782,-0.03643961294837386,0.02091691143354078,0.010589018376095573,-0.00358366928319938,-0.01285273672544699,-0.02082851938027184,0.012002117378740497,0.01338209299513022,-0.006067168355211488,-0.013233946405796788,0.04029931994203229,0.02063780486858345,0.009690768925409078,0.008100819512088728,-0.023119367831511008,0.03657398432905866
