0.03887083045321756,-0.010157938274545399,-0.0034725592115011352,-0.026353291088553513,-0.00195176461550863,-0.0019476046616514625,0.010060616015834054,0.0033128025359572284,0.011978275009312832,0.0028371370312804834,0.007729506727071922,-0.01134606707010653,5.224148019625176e-5,-0.0015247077356690232,0.004727151419080678,0.011074616607253536,0.0008333563105388736,0.0004829571919672029,-0.004319648822082597,-0.0006144194762341311,-0.010157938274545399,0.04933149274285707,0.005335994119350339,0.0014676043372401724,-0.004792956658702544,0.018210059891757273,0.008068343714431768,-0.028557622406279425,-0.008404219145613595,0.006634564978777645,-0.0006285341722680082,0.0015603370940564312,0.0009681326893070453,-0.005272984509169571,0.002285760612014644,0.0017136268453562366,-0.011235575876271251,0.000960103547776224,0.002945968419468873,0.006076287549439561,-0.0034725592115011352,0.005335994119350339,0.08475720133894533,-0.015028217134058382,-0.025445301055782715,0.024753976744933827,0.00816499363889722,-0.016419007808347715,0.014111104325778008,0.02606502170834392,-0.00854764391512418,-0.0013433842188979158,-0.009327509863438058,0.006431989235709469,0.012946449082927176,0.003152636978197891,-0.009257651843129709,-0.009336296071538104,-0.017839416047641873,-0.022170876269750703,-0.026353291088553513,0.0014676043372401724,-0.015028217134058382,0.059606397018125284,0.01503758561906179,-0.011142256321188952,-0.008357728642872795,0.01106838857836315,-0.014837865096203549,-0.014692840307436901,-0.007487770010706269,0.010075659802577526,0.0007474889321669961,-0.006851244883670924,-0.0200948241784779,-0.0192659815343703,-0.002494778901750909,-0.004386238052957412,0.011544171892941218,0.0011071047966540433,-0.00195176461550863,-0.004792956658702544,-0.025445301055782715,0.01503758561906179,0.026655200668370658,-0.01905902112760429,-0.003014074712508478,0.022894157758135927,-0.002379697338102113,-0.01822074382051759,-0.002719090114648861,-0.0006773004319523335,0.002251156658474027,-0.0013635462032075335,-0.012343513648900274,-0.017246892612422092,0.012956634706109874,0.000511390962094471,0.007062530761506678,0.011071225243939487,-0.0019476046616514625,0.018210059891757273,0.024753976744933827,-0.011142256321188952,-0.01905902112760429,0.03920139706911848,0.006410968206496195,-0.031158209850093162,-0.00034312356370105944,0.020290424243344776,0.0018384002040124122,0.0003946839908285727,-0.0010683800418483532,0.0007298615650084581,0.012183833669566827,0.021025699552364586,-0.014177644113887122,-0.00255231881993828,-0.004192993553487099,-0.006031360000793698,0.010060616015834054,0.008068343714431768,0.00816499363889722,-0.008357728642872795,-0.003014074712508478,0.006410968206496195,0.02856025933173294,-0.00862359978317331,-0.00023685264527304774,0.008067865304410995,-0.0008639756713925259,-0.0027167880808027377,-0.004881874810355752,-0.004771385970489295,0.0003180649378440241,0.00045200026103788416,-0.007117246437371539,-0.001289134061577522,-0.010716177456015195,-0.001776361515553094,0.0033128025359572284,-0.028557622406279425,-0.016419007808347715,0.01106838857836315,0.022894157758135927,-0.031158209850093162,-0.00862359978317331,0.06568127377672325,0.0011840143434925282,-0.020532243787493343,-0.005402533386429325,-0.0072678398534786,-0.0020572875550735523,0.0021514805117394857,-0.015051295336999377,-0.025834021064123757,0.023995135846756853,-0.0017649996278416087,-0.0022971016325632177,0.006834619384481958,0.011978275009312832,-0.008404219145613595,0.014111104325778008,-0.014837865096203549,-0.002379697338102113,-0.00034312356370105944,-0.00023685264527304774,0.0011840143434925282,0.024615661584322046,0.0024821071883467994,-0.0007491691689419187,-0.004774304397737645,0.0018115725531056056,0.001201625051871547,0.009857442499817497,0.001918581002610737,-0.0034075188095508413,0.0010051942184854303,-0.005445893090236603,-0.012525995288518995,0.0028371370312804834,0.006634564978777645,0.02606502170834392,-0.014692840307436901,-0.01822074382051759,0.020290424243344776,0.008067865304410995,-0.020532243787493343,0.0024821071883467994,0.037122761742036686,-0.004507284345873204,0.0023635692489550517,-0.0011314612975209287,0.001998140173210353,0.014656605466049397,0.016987504037536943,-0.01284620767964946,-0.005274264760110737,-0.00667146869345989,-0.01628248612675497,0.007729506727071922,-0.0006285341722680082,-0.00854764391512418,-0.007487770010706269,-0.002719090114648861,0.0018384002040124122,-0.0008639756713925259,-0.005402533386429325,-0.0007491691689419187,-0.004507284345873204,0.01844054959175836,-0.005530012992197105,-0.00021278664610236374,-0.004588149889333085,0.0013792905873513139,0.009228575179695851,-0.0020882842081106356,0.006000067218581432,-0.0012482789346909247,0.00698126128072411,-0.01134606707010653,0.0015603370940564312,-0.0013433842188979158,0.010075659802577526,-0.0006773004319523335,0.0003946839908285727,-0.0027167880808027377,-0.0072678398534786,-0.004774304397737645,0.0023635692489550517,-0.005530012992197105,0.0336878678097133,-0.0015520002517505765,0.004808300246614874,0.004137282445364314,-0.005177544454457089,-0.0025978435980036838,-0.003549796116803219,0.004860986431718403,-2.7079308498850366e-5,5.224148019625176e-5,0.0009681326893070453,-0.009327509863438058,0.0007474889321669961,0.002251156658474027,-0.0010683800418483532,-0.004881874810355752,-0.0020572875550735523,0.0018115725531056056,-0.0011314612975209287,-0.00021278664610236374,-0.0015520002517505765,0.01628650765916663,-6.857643355451799e-5,0.0030831468343618957,0.0033284438917028075,0.0014487055045865097,-0.0011276330898708487,0.0093117987745803,-0.002363842270908237,-0.0015247077356690232,-0.005272984509169571,0.006431989235709469,-0.006851244883670924,-0.0013635462032075335,0.0007298615650084581,-0.004771385970489295,0.0021514805117394857,0.001201625051871547,0.001998140173210353,-0.004588149889333085,0.004808300246614874,-6.857643355451799e-5,0.018622944269589173,0.006832764982641517,-0.0007699628448126856,0.0034397212001008558,-0.0011392299663798991,-0.0026546836116639006,-0.00392006193645301,0.004727151419080678,0.002285760612014644,0.012946449082927176,-0.0200948241784779,-0.012343513648900274,0.012183833669566827,0.0003180649378440241,-0.015051295336999377,0.009857442499817497,0.014656605466049397,0.0013792905873513139,0.004137282445364314,0.0030831468343618957,0.006832764982641517,0.03421660092786892,0.017041133401627842,-0.003373818914482169,0.00015586925557311315,-0.0006946084563775233,-0.009671920827752221,0.011074616607253536,0.0017136268453562366,0.003152636978197891,-0.0192659815343703,-0.017246892612422092,0.021025699552364586,0.00045200026103788416,-0.025834021064123757,0.001918581002610737,0.016987504037536943,0.009228575179695851,-0.005177544454457089,0.0033284438917028075,-0.0007699628448126856,0.017041133401627842,0.04663262656530859,-0.011931699650876097,0.002661306714233035,0.0017107650463214943,-0.012105159231589698,0.0008333563105388736,-0.011235575876271251,-0.009257651843129709,-0.002494778901750909,0.012956634706109874,-0.014177644113887122,-0.007117246437371539,0.023995135846756853,-0.0034075188095508413,-0.01284620767964946,-0.0020882842081106356,-0.0025978435980036838,0.0014487055045865097,0.0034397212001008558,-0.003373818914482169,-0.011931699650876097,0.032516432355760565,-0.0012379856157458727,-0.0008347745659356813,0.008671483885523362,0.0004829571919672029,0.000960103547776224,-0.009336296071538104,-0.004386238052957412,0.000511390962094471,-0.00255231881993828,-0.001289134061577522,-0.0017649996278416087,0.0010051942184854303,-0.005274264760110737,0.006000067218581432,-0.003549796116803219,-0.0011276330898708487,-0.0011392299663798991,0.00015586925557311315,0.002661306714233035,-0.0012379856157458727,0.020469976681546036,0.0018191713926452736,0.011885302366595088,-0.004319648822082597,0.002945968419468873,-0.017839416047641873,0.011544171892941218,0.007062530761506678,-0.004192993553487099,-0.010716177456015195,-0.0022971016325632177,-0.005445893090236603,-0.00667146869345989,-0.0012482789346909247,0.004860986431718403,0.0093117987745803,-0.0026546836116639006,-0.0006946084563775233,0.0017107650463214943,-0.0008347745659356813,0.0018191713926452736,0.01719250634757345,0.003639333969147747,-0.0006144194762341311,0.006076287549439561,-0.022170876269750703,0.0011071047966540433,0.011071225243939487,-0.006031360000793698,-0.001776361515553094,0.006834619384481958,-0.012525995288518995,-0.01628248612675497,0.00698126128072411,-2.7079308498850366e-5,-0.002363842270908237,-0.00392006193645301,-0.009671920827752221,-0.012105159231589698,0.008671483885523362,0.011885302366595088,0.003639333969147747,0.04842362459591881
0.1539681265587787,0.011493027779919146,0.027421700506872607,-0.06676550013430987,-0.12742250190776405,0.060754686127021215,-0.08269615907414642,-0.02754226895420195,0.0010089580679797264,0.07330625114108699,-0.042483306351112665,-0.09273571779653843,-0.06775086969826347,-0.003140490247493079,0.05661927049897722,0.029768636438432063,0.09452886572333076,-0.03387829255225151,-0.000621648900543891,0.02793246133433399,0.011493027779919146,0.021717606112567803,0.0007650082119580878,-0.007768513489877598,-0.012114918672022308,0.0027710997162596488,-0.00794232248350947,-0.01014078669447446,-0.00020345560563641944,0.010855708151213523,-0.00793585335699468,-0.013764188045436162,-0.0060231275374564375,0.005488779672810786,0.003552553497078171,0.010755639822523262,0.012613433628295853,-0.007021647228163366,0.006497478164037071,0.004000958744121693,0.027421700506872607,0.0007650082119580878,0.04560791468509077,0.01169872967562414,-0.022804731687361995,-0.03050642260098068,-0.004758239270571437,0.005634258892652075,-0.031208557485934128,0.00776077081385978,-0.022808918011123676,-0.016325962565403994,-0.023919499843312316,0.015056217325600236,0.013111595764826664,0.012970733881462162,0.03772328936155647,0.004011292786962316,0.0034633582486230134,-0.02086011112956875,-0.06676550013430987,-0.007768513489877598,0.01169872967562414,0.10039434044787258,0.05572343003411604,-0.09879230739822652,0.05320103779185656,0.039594397557916605,-0.050030651896206056,-0.034502142251426726,-0.001396415550486513,0.0662053981214246,0.016211270043909397,0.01544450029620894,-0.024256292164045193,-0.004341396388793684,-0.023247793249139812,0.032193718200948455,0.0032303188687871215,-0.06792987108005506,-0.12742250190776405,-0.012114918672022308,-0.022804731687361995,0.05572343003411604,0.14588876762409722,-0.04551579822747343,0.08322577759691832,0.008540415802145325,0.011376731795437986,-0.07730570145534299,0.0383583145244374,0.07297521049343246,0.06140190619522767,0.0040064132386161844,-0.055993158971677004,-0.01950784908853579,-0.0855144409728956,0.031652624050215086,0.002402066673335094,-0.026913110897350035,0.060754686127021215,0.0027710997162596488,-0.03050642260098068,-0.09879230739822652,-0.04551579822747343,0.1515282506748415,-0.04408889761396906,-0.049195365621478415,0.06665719483310402,0.03371350705995878,0.010643115076284373,-0.05633880364087594,-0.01093626838221396,-0.03853422033488347,0.01583945067417749,-0.00423218501569528,0.0009660121005040604,-0.0446630987530789,-0.009127781425126302,0.09133141367543429,-0.08269615907414642,-0.00794232248350947,-0.004758239270571437,0.05320103779185656,0.08322577759691832,-0.04408889761396906,0.11240419850887316,-0.020427897347673682,-0.006003669482688902,-0.052352460207151036,0.007739642650824588,0.05580538623608175,0.02247052156696036,0.002857431647873091,-0.04053064470018683,-0.020323760712018312,-0.022565068487513232,0.023394538650571055,-0.013282084533651225,-0.04161338098371574,-0.02754226895420195,-0.01014078669447446,0.005634258892652075,0.039594397557916605,0.008540415802145325,-0.049195365621478415,-0.020427897347673682,0.09721229001717871,-0.034640672709345594,-0.01543423645658335,0.011567056322395537,0.0490794315182381,0.02521027477596502,0.01744283572291897,-0.005601072339044333,-0.002571417943790907,-0.045577069606278636,0.016346050296317614,0.013024024589398248,-0.01550211806352347,0.0010089580679797264,-0.00020345560563641944,-0.031208557485934128,-0.050030651896206056,0.011376731795437986,0.06665719483310402,-0.006003669482688902,-0.034640672709345594,0.07371150326402012,0.00017018574094759256,0.015407241308008097,-0.020012769459809298,0.01762758278025492,-0.022417377672675633,-0.007918130907646505,-0.0016013690821196714,-0.023731743040283367,-0.012906411980303411,-0.0025721025605632162,0.04771232034721477,0.07330625114108699,0.010855708151213523,0.00776077081385978,-0.034502142251426726,-0.07730570145534299,0.03371350705995878,-0.052352460207151036,-0.01543423645658335,0.00017018574094759256,0.08031979296673317,-0.023695123285074657,-0.06599528780477319,-0.039935244515787865,-0.0007180898828892575,0.03337306498816,0.017529198933354903,0.057037470775151325,-0.025883744709025443,0.003638312168525074,0.02618496067439005,-0.042483306351112665,-0.00793585335699468,-0.022808918011123676,-0.001396415550486513,0.0383583145244374,0.010643115076284373,0.007739642650824588,0.011567056322395537,0.015407241308008097,-0.023695123285074657,0.04944300878653372,0.03151603920685117,0.030531853456688303,-0.012311873048993189,-0.017442373110285302,-0.018056611720805138,-0.045686995891975446,0.004795843657534611,-0.002211833734666775,0.008550435775381622,-0.09273571779653843,-0.013764188045436162,-0.016325962565403994,0.0662053981214246,0.07297521049343246,-0.05633880364087594,0.05580538623608175,0.0490794315182381,-0.020012769459809298,-0.06599528780477319,0.03151603920685117,0.12301951302821122,0.05064431435853411,0.005106723308940768,-0.04488282004480741,-0.027520982694744633,-0.07488810247098593,0.030922753156945752,0.005133354361088132,-0.04762502077055504,-0.06775086969826347,-0.0060231275374564375,-0.023919499843312316,0.016211270043909397,0.06140190619522767,-0.01093626838221396,0.02247052156696036,0.02521027477596502,0.01762758278025492,-0.039935244515787865,0.030531853456688303,0.05064431435853411,0.06630835711607697,-0.005721622703064381,-0.03244090921117618,-0.01252641020065844,-0.08186190161914486,0.010592650246893195,0.011839005498650194,0.00968539943778332,-0.003140490247493079,0.005488779672810786,0.015056217325600236,0.01544450029620894,0.0040064132386161844,-0.03853422033488347,0.002857431647873091,0.01744283572291897,-0.022417377672675633,-0.0007180898828892575,-0.012311873048993189,0.005106723308940768,-0.005721622703064381,0.037846028669489544,0.0007028913776732854,0.003293169927499409,0.008188943054290278,0.007180001654870925,-0.004558265474565774,-0.02431465557194462,0.05661927049897722,0.003552553497078171,0.013111595764826664,-0.024256292164045193,-0.055993158971677004,0.01583945067417749,-0.04053064470018683,-0.005601072339044333,-0.007918130907646505,0.03337306498816,-0.017442373110285302,-0.04488282004480741,-0.03244090921117618,0.0007028913776732854,0.050228668538824954,0.01611463295276666,0.041398580223759404,-0.011073493033888953,-0.011227114072503453,0.011428932801385525,0.029768636438432063,0.010755639822523262,0.012970733881462162,-0.004341396388793684,-0.01950784908853579,-0.00423218501569528,-0.020323760712018312,-0.002571417943790907,-0.0016013690821196714,0.017529198933354903,-0.018056611720805138,-0.027520982694744633,-0.01252641020065844,0.003293169927499409,0.01611463295276666,0.033414532033598995,0.007763706783544382,-0.011175529528020034,0.002350267755683773,0.00460889854873813,0.09452886572333076,0.012613433628295853,0.03772328936155647,-0.023247793249139812,-0.0855144409728956,0.0009660121005040604,-0.022565068487513232,-0.045577069606278636,-0.023731743040283367,0.057037470775151325,-0.045686995891975446,-0.07488810247098593,-0.08186190161914486,0.008188943054290278,0.041398580223759404,0.007763706783544382,0.14722298560291264,0.0015329123773372834,-0.014063818589536956,-0.02433789713933377,-0.03387829255225151,-0.007021647228163366,0.004011292786962316,0.032193718200948455,0.031652624050215086,-0.0446630987530789,0.023394538650571055,0.016346050296317614,-0.012906411980303411,-0.025883744709025443,0.004795843657534611,0.030922753156945752,0.010592650246893195,0.007180001654870925,-0.011073493033888953,-0.011175529528020034,0.0015329123773372834,0.047549422416152606,-0.0050465909369084815,-0.03471822977967108,-0.000621648900543891,0.006497478164037071,0.0034633582486230134,0.0032303188687871215,0.002402066673335094,-0.009127781425126302,-0.013282084533651225,0.013024024589398248,-0.0025721025605632162,0.003638312168525074,-0.002211833734666775,0.005133354361088132,0.011839005498650194,-0.004558265474565774,-0.011227114072503453,0.002350267755683773,-0.014063818589536956,-0.0050465909369084815,0.030895668497341714,0.002554425402724929,0.02793246133433399,0.004000958744121693,-0.02086011112956875,-0.06792987108005506,-0.026913110897350035,0.09133141367543429,-0.04161338098371574,-0.01550211806352347,0.04771232034721477,0.02618496067439005,0.008550435775381622,-0.04762502077055504,0.00968539943778332,-0.02431465557194462,0.011428932801385525,0.00460889854873813,-0.02433789713933377,-0.03471822977967108,0.002554425402724929,0.09544649527874696
0.023537380180202495,0.008771090111520012,0.0052998224593934625,-0.012368040463973023,0.002724180029715545,0.001553387434249123,0.014045935937395497,-0.002529277805158688,0.0038810286357510108,0.007840326283409797,-0.007984824498688536,-0.012017002576087382,-0.0020612393134023087,0.0014107043295673092,0.010296843342894657,0.005899385749719077,0.004344703473303943,-0.009590789645762439,-0.004584712642590797,-0.017506450944969207,0.008771090111520012,0.05137090941243871,0.023144090977162975,-0.027421810361352494,-0.015626478256015593,0.024863672414381012,0.016331744191911246,-0.018636701197964768,0.009062830478570046,0.013403413493189872,-0.0012336566499568744,-0.03508098990689783,-0.002880520468507284,0.0009498326053360576,0.031413160405623065,0.03548259749912371,-0.007811932760559037,-0.02690858092384899,-0.01942230467821246,-0.049338390207167446,0.0052998224593934625,0.023144090977162975,0.07723245487083315,-0.01854343497886369,-0.02500920242734918,0.011884482305616898,0.04299552713220422,-0.01314687507316123,0.006635558839200872,0.024976043280745368,-0.014218417397033315,-0.02947328290331311,-0.008575785061165915,-0.006128915877032361,0.03389220117429921,-0.0003088151344256586,0.008496853695099237,-0.02039273880501756,-0.02895740715494742,-0.048795484936538513,-0.012368040463973023,-0.027421810361352494,-0.01854343497886369,0.06383616249952996,0.016901553360680163,-0.012313312984888677,-0.02258554295037407,-0.003948528747946985,-0.00930522613483257,-0.0018857707792048232,0.014035624780018055,0.02325662420875103,0.004210689825114854,0.014246281125137324,-0.025911130085538987,-0.014763720975515753,0.00024810996765341334,0.012050635820439446,0.013749923923691074,0.02154740550730277,0.002724180029715545,-0.015626478256015593,-0.02500920242734918,0.016901553360680163,0.04303999368067542,-0.024985341481409434,-0.0036368963001806153,0.017155334664066955,-0.005775996162875055,-0.008848225745888453,-0.00027324959689489217,0.01540001879107674,0.006344952761560262,0.003244647532401097,-0.022802719665109036,-0.014649114918896585,0.00858035674534708,0.019712564862617726,0.019032792385587402,0.029476853733623173,0.001553387434249123,0.024863672414381012,0.011884482305616898,-0.012313312984888677,-0.024985341481409434,0.047387876670828825,0.0029964303835351906,-0.024058124789324578,0.008042095945399126,0.006999193324125814,0.006243657698867967,-0.017955273598821927,-0.008465117199760577,-0.0015261950277956336,0.013152770664142945,0.026881199033310745,-0.01084744389761214,-0.028691392466819177,-0.014347727496675641,-0.04020466169278092,0.014045935937395497,0.016331744191911246,0.04299552713220422,-0.02258554295037407,-0.0036368963001806153,0.0029964303835351906,0.07534288047119567,0.0007997310306264037,0.006736665858451259,0.02253315675118899,-0.021024256616870247,-0.02937810423236714,0.00390618248973909,-0.01025229113017979,0.034947514792635054,0.0013550070228347405,0.018146704369860562,-0.015774495360998814,-0.03471685769061206,-0.05179809106767293,-0.002529277805158688,-0.018636701197964768,-0.01314687507316123,-0.003948528747946985,0.017155334664066955,-0.024058124789324578,0.0007997310306264037,0.04692172994625581,0.0015097056798308171,-0.013860309731023632,-0.011411452656794024,0.017534734769746915,0.01110739238152086,-0.010386570688650645,-0.014489512106087218,-0.02547574055315137,0.006715779312827097,0.02488802546223068,0.015086256959349242,0.02449994754757881,0.0038810286357510108,0.009062830478570046,0.006635558839200872,-0.00930522613483257,-0.005775996162875055,0.008042095945399126,0.006736665858451259,0.0015097056798308171,0.017937414436559294,0.0023876784730896584,-0.006717248077155798,-0.007382089433879836,0.002472951513901527,-0.004432094842252378,0.009048546673671751,0.006104424560434158,-0.004311098795666151,-0.009070982792498797,-0.008734020213742425,-0.023904100088775658,0.007840326283409797,0.013403413493189872,0.024976043280745368,-0.0018857707792048232,-0.008848225745888453,0.006999193324125814,0.02253315675118899,-0.013860309731023632,0.0023876784730896584,0.030279030730713107,-0.006957878893830373,-0.019806897872137297,-0.0038042871548626643,0.000812556076710021,0.020242266278971473,0.01293037733743985,-0.0003967162828572185,-0.013749763931672192,-0.017214459387774675,-0.033653579591390884,-0.007984824498688536,-0.0012336566499568744,-0.014218417397033315,0.014035624780018055,-0.00027324959689489217,0.006243657698867967,-0.021024256616870247,-0.011411452656794024,-0.006717248077155798,-0.006957878893830373,0.03024862654818902,0.004702328918588596,0.0022009829285697543,0.00604891205702126,-0.009509770168330581,0.004822565184383348,-0.0036546227971914202,0.001866039766936692,0.0017165585284846803,0.015542610914641698,-0.012017002576087382,-0.03508098990689783,-0.02947328290331311,0.02325662420875103,0.01540001879107674,-0.017955273598821927,-0.02937810423236714,0.017534734769746915,-0.007382089433879836,-0.019806897872137297,0.004702328918588596,0.04901109583532586,0.0017946974230440376,0.0053859158322641975,-0.034334179480912906,-0.028845580335224108,0.0039874531933699435,0.02568116725572412,0.023653781792701507,0.04675859329237909,-0.0020612393134023087,-0.002880520468507284,-0.008575785061165915,0.004210689825114854,0.006344952761560262,-0.008465117199760577,0.00390618248973909,0.01110739238152086,0.002472951513901527,-0.0038042871548626643,0.0022009829285697543,0.0017946974230440376,0.021861947907471653,-0.0011901251570689368,-0.0030571550101703734,0.0009539136708897038,0.0007814064585729451,0.008003402683372626,0.006270439074286151,0.007117399514834826,0.0014107043295673092,0.0009498326053360576,-0.006128915877032361,0.014246281125137324,0.003244647532401097,-0.0015261950277956336,-0.01025229113017979,-0.010386570688650645,-0.004432094842252378,0.000812556076710021,0.00604891205702126,0.0053859158322641975,-0.0011901251570689368,0.022918315500578844,0.002662319833712218,-0.003906087389904867,-0.0025555377403153274,-0.004628507069317374,0.00023561171776427257,0.0006959331677778191,0.010296843342894657,0.031413160405623065,0.03389220117429921,-0.025911130085538987,-0.022802719665109036,0.013152770664142945,0.034947514792635054,-0.014489512106087218,0.009048546673671751,0.020242266278971473,-0.009509770168330581,-0.034334179480912906,-0.0030571550101703734,0.002662319833712218,0.057562343783906865,0.019602567961414238,-0.004578492142485717,-0.024619182473298036,-0.027248740474836296,-0.05231343565595056,0.005899385749719077,0.03548259749912371,-0.0003088151344256586,-0.014763720975515753,-0.014649114918896585,0.026881199033310745,0.0013550070228347405,-0.02547574055315137,0.006104424560434158,0.01293037733743985,0.004822565184383348,-0.028845580335224108,0.0009539136708897038,-0.003906087389904867,0.019602567961414238,0.07181781802641032,-0.015240138333598304,-0.019068905127763925,-0.011100143588776994,-0.033602590308615815,0.004344703473303943,-0.007811932760559037,0.008496853695099237,0.00024810996765341334,0.00858035674534708,-0.01084744389761214,0.018146704369860562,0.006715779312827097,-0.004311098795666151,-0.0003967162828572185,-0.0036546227971914202,0.0039874531933699435,0.0007814064585729451,-0.0025555377403153274,-0.004578492142485717,-0.015240138333598304,0.03449358099113357,-0.0023782311915610246,-0.010500785433845108,0.0029456819388739026,-0.009590789645762439,-0.02690858092384899,-0.02039273880501756,0.012050635820439446,0.019712564862617726,-0.028691392466819177,-0.015774495360998814,0.02488802546223068,-0.009070982792498797,-0.013749763931672192,0.001866039766936692,0.02568116725572412,0.008003402683372626,-0.004628507069317374,-0.024619182473298036,-0.019068905127763925,-0.0023782311915610246,0.04746052094055603,0.026503468086873032,0.05301122414005274,-0.004584712642590797,-0.01942230467821246,-0.02895740715494742,0.013749923923691074,0.019032792385587402,-0.014347727496675641,-0.03471685769061206,0.015086256959349242,-0.008734020213742425,-0.017214459387774675,0.0017165585284846803,0.023653781792701507,0.006270439074286151,0.00023561171776427257,-0.027248740474836296,-0.011100143588776994,-0.010500785433845108,0.026503468086873032,0.03935420019943138,0.042915026332962,-0.017506450944969207,-0.049338390207167446,-0.048795484936538513,0.02154740550730277,0.029476853733623173,-0.04020466169278092,-0.05179809106767293,0.02449994754757881,-0.023904100088775658,-0.033653579591390884,0.015542610914641698,0.04675859329237909,0.007117399514834826,0.0006959331677778191,-0.05231343565595056,-0.033602590308615815,0.0029456819388739026,0.05301122414005274,0.042915026332962,0.11596938428271751
