0.07246283868828798,-0.010276315954541825,-0.047723492377579835,-0.03811333920911866,-0.014783420139654207,0.014630925526172896,0.0010236131827337036,-0.03595709252777418,0.0029886665344229695,-0.034644732726149596,0.023696853664679725,0.003217143546956395,0.0038219840556111785,-0.019358736014020425,-0.034983320935231155,0.008180965791138167,0.006153252736917339,0.010952828878054434,0.0158242016438379,0.009088973621713237,-0.010276315954541825,0.05326850633012785,0.043558097664232916,-0.011940512297678067,-0.008417049932071971,0.010822250628397399,0.01621088026648424,-0.03223509499752612,0.006964388885037066,0.033550704774437695,-0.01618983981098219,-0.01827362959763644,0.006929510882670311,0.018388097387382195,0.041517069327775546,0.02345516426743865,-0.03195994247991759,-0.03670616937051725,-0.007523299205528055,-0.03689521067996741,-0.047723492377579835,0.043558097664232916,0.16031008869486255,0.012438483919180449,-0.025446602692472238,0.008300817602779821,0.04045344309658107,0.008392218642142735,0.017247131732244812,0.08263254026458877,-0.04298041002241699,-0.03615325990149293,-0.009672040207708411,0.015317174014028202,0.06880276449595436,-0.013564047840715663,0.015507667588315066,-0.060392340982349406,-0.054478330594234,-0.0354401386786282,-0.03811333920911866,-0.011940512297678067,0.012438483919180449,0.0817457081440761,0.023563944955298274,-0.0053151603659730455,0.009510117726009147,0.06257794871470945,-0.004642599316772721,0.03533993852614034,-0.00867852994660533,0.007845656507670676,-0.006028649958321319,0.004707292303434434,-0.004659964558163641,-0.021210617006395625,-0.0026221152535900938,-0.0011849162917854945,-0.024331715965494848,-0.006672954447162886,-0.014783420139654207,-0.008417049932071971,-0.025446602692472238,0.023563944955298274,0.04079414802027572,-0.018997129798972147,-0.003496411315186852,0.030588387260475126,0.0027838433159821955,-0.009665921265921014,-0.004977766170471104,0.006537148311385214,0.0038823418500387127,0.010297966867444976,-0.0011838456303084818,-0.006000571511377072,-0.012290088763433158,0.010909274185150492,0.010386299902994934,0.00044935831479461026,0.014630925526172896,0.010822250628397399,0.008300817602779821,-0.0053151603659730455,-0.018997129798972147,0.04010405105776585,0.01465206821547934,-0.024369325718960097,-0.001603603158655512,0.015646311674792482,0.011024475255142035,-0.007250025552625121,-0.0054222789652075935,-0.010455066842771452,-0.007909631701944588,0.018308555606316636,-0.003771628453686217,-0.011815447373049438,-0.01282166806310528,-0.009626175338804763,0.0010236131827337036,0.01621088026648424,0.04045344309658107,0.009510117726009147,-0.003496411315186852,0.01465206821547934,0.0636932749107538,-0.009019535111707156,0.007915881567844212,0.029635156493024235,-0.005508959404667354,-0.017964772577079707,0.009233855392194713,0.004147447844794508,0.023736854008064974,0.0017377640575684038,-0.0009142265360340802,-0.04023752293350183,-0.03792710197550639,-0.014722179076556742,-0.03595709252777418,-0.03223509499752612,0.008392218642142735,0.06257794871470945,0.030588387260475126,-0.024369325718960097,-0.009019535111707156,0.12653774169956525,-0.008585548344240183,0.0252867483964964,-0.004810124225643474,0.01540425373750421,-0.013863615702727419,-0.0051812989011808495,-0.01885304043134186,-0.04137438017936292,0.019275726171835775,0.02716660562100536,-0.022940925552030166,0.015299809914865096,0.0029886665344229695,0.006964388885037066,0.017247131732244812,-0.004642599316772721,0.0027838433159821955,-0.001603603158655512,0.007915881567844212,-0.008585548344240183,0.02620781504531189,0.007114530500408747,-0.010273968657554798,-0.010601106145718278,0.0010964675620129655,0.0006997613129256213,0.014973399192396541,0.0003688708782128402,-0.018323122011499444,-0.008548707671140573,-0.005599532257674865,-0.018985032824818282,-0.034644732726149596,0.033550704774437695,0.08263254026458877,0.03533993852614034,-0.009665921265921014,0.015646311674792482,0.029635156493024235,0.0252867483964964,0.007114530500408747,0.10373699527682018,-0.022206250269823147,-0.021466003546732317,-0.010694381096444846,0.009321759635014738,0.044878898076944396,0.002341553776268608,-0.025821789660379114,-0.04502980594057732,-0.049995362405223925,-0.048199408691304846,0.023696853664679725,-0.01618983981098219,-0.04298041002241699,-0.00867852994660533,-0.004977766170471104,0.011024475255142035,-0.005508959404667354,-0.004810124225643474,-0.010273968657554798,-0.022206250269823147,0.05315302487701361,0.012705588097851486,0.00490116308468456,-0.015150125947944756,-0.03132936724333718,0.006991908069875704,-0.0029958763746885837,0.02052626838785149,-0.0021100299808538186,0.021673597314072222,0.003217143546956395,-0.01827362959763644,-0.03615325990149293,0.007845656507670676,0.006537148311385214,-0.007250025552625121,-0.017964772577079707,0.01540425373750421,-0.010601106145718278,-0.021466003546732317,0.012705588097851486,0.04010332306320379,0.0007279685289256652,-0.0024720218191003522,-0.023611284236157562,-0.01129760172643401,0.0016933577802395294,0.027951353824953815,0.014420013900716547,0.020696567524155322,0.0038219840556111785,0.006929510882670311,-0.009672040207708411,-0.006028649958321319,0.0038823418500387127,-0.0054222789652075935,0.009233855392194713,-0.013863615702727419,0.0010964675620129655,-0.010694381096444846,0.00490116308468456,0.0007279685289256652,0.02353627038336885,0.006937756118200964,0.003922910115838441,0.007882487064080332,-0.009527659268789058,-0.00852281959528612,0.007411515171979389,-0.0007374409465827091,-0.019358736014020425,0.018388097387382195,0.015317174014028202,0.004707292303434434,0.010297966867444976,-0.010455066842771452,0.004147447844794508,-0.0051812989011808495,0.0006997613129256213,0.009321759635014738,-0.015150125947944756,-0.0024720218191003522,0.006937756118200964,0.03585012230772901,0.031871489463528885,0.0010895999474674761,-0.013786034280530244,-0.020988594127381344,-0.0028349030928255413,-0.014239296826769767,-0.034983320935231155,0.041517069327775546,0.06880276449595436,-0.004659964558163641,-0.0011838456303084818,-0.007909631701944588,0.023736854008064974,-0.01885304043134186,0.014973399192396541,0.044878898076944396,-0.03132936724333718,-0.023611284236157562,0.003922910115838441,0.031871489463528885,0.08933585483367176,0.014552858101202291,-0.02783077691123721,-0.046408718211819404,-0.014852582572037535,-0.04512622701455456,0.008180965791138167,0.02345516426743865,-0.013564047840715663,-0.021210617006395625,-0.006000571511377072,0.018308555606316636,0.0017377640575684038,-0.04137438017936292,0.0003688708782128402,0.002341553776268608,0.006991908069875704,-0.01129760172643401,0.007882487064080332,0.0010895999474674761,0.014552858101202291,0.06474934506883488,-0.04731021626126153,-0.005689800443412293,0.01714858373511658,-0.03760185526154418,0.006153252736917339,-0.03195994247991759,0.015507667588315066,-0.0026221152535900938,-0.012290088763433158,-0.003771628453686217,-0.0009142265360340802,0.019275726171835775,-0.018323122011499444,-0.025821789660379114,-0.0029958763746885837,0.0016933577802395294,-0.009527659268789058,-0.013786034280530244,-0.02783077691123721,-0.04731021626126153,0.12154821799080134,0.0023756974295069734,-0.015916438881262374,0.06933123261986184,0.010952828878054434,-0.03670616937051725,-0.060392340982349406,-0.0011849162917854945,0.010909274185150492,-0.011815447373049438,-0.04023752293350183,0.02716660562100536,-0.008548707671140573,-0.04502980594057732,0.02052626838785149,0.027951353824953815,-0.00852281959528612,-0.020988594127381344,-0.046408718211819404,-0.005689800443412293,0.0023756974295069734,0.07287104775971512,0.03285663215880782,0.030928683491173146,0.0158242016438379,-0.007523299205528055,-0.054478330594234,-0.024331715965494848,0.010386299902994934,-0.01282166806310528,-0.03792710197550639,-0.022940925552030166,-0.005599532257674865,-0.049995362405223925,-0.0021100299808538186,0.014420013900716547,0.007411515171979389,-0.0028349030928255413,-0.014852582572037535,0.01714858373511658,-0.015916438881262374,0.03285663215880782,0.057906268377932654,0.0022633597237127195,0.009088973621713237,-0.03689521067996741,-0.0354401386786282,-0.006672954447162886,0.00044935831479461026,-0.009626175338804763,-0.014722179076556742,0.015299809914865096,-0.018985032824818282,-0.048199408691304846,0.021673597314072222,0.020696567524155322,-0.0007374409465827091,-0.014239296826769767,-0.04512622701455456,-0.03760185526154418,0.06933123261986184,0.030928683491173146,0.0022633597237127195,0.0979684043909123
0.15226349404637604,0.01005292313569171,0.03135911303800004,-0.05271040234532735,-0.12297009907198715,0.05766519043608956,-0.07404573192401995,-0.019418730951617676,0.0013611598654631658,0.0688889302484687,-0.035522321491973194,-0.08749765088065384,-0.07107717566619014,0.001143014269640735,0.058902404037155305,0.02353333643706229,0.09715572377007502,-0.04373698523971728,-0.0013941786687263775,0.02016759261206052,0.01005292313569171,0.023260368567457168,0.0010592393375530812,-0.005875681335620201,-0.007769165531985006,0.0015583902450646125,-0.008010681654231406,-0.009464675300892615,-0.0006316124731399471,0.011214615867781368,-0.005835325349650967,-0.01467839683831514,-0.004899255598124836,0.006257621861873367,0.0035213402079411196,0.013502005000505963,0.010947539074171644,-0.009101795555109267,0.006867753695055972,0.002249571468721892,0.03135911303800004,0.0010592393375530812,0.04805848361232147,0.009583865640848538,-0.02477030298803762,-0.027741103043894405,-0.0052085594720177215,0.0011034539975232462,-0.031200871909090037,0.012472635871824204,-0.019983866566208368,-0.02242524865319778,-0.024661880647109845,0.014485868632054493,0.015530676366431372,0.013160462726752085,0.0434984209505504,-0.0011457610459413613,0.0023964366271279074,-0.019197755792479274,-0.05271040234532735,-0.005875681335620201,0.009583865640848538,0.09252917797772356,0.043709125941147106,-0.08847194211624572,0.049184833656272395,0.03517452064116873,-0.04811311035330121,-0.02789619345439094,-0.003915044468755262,0.05836961207410821,0.006175182331353259,0.013240896215758316,-0.021362703841317936,-0.005519108694233282,-0.01542441745783246,0.027086238702786175,0.00574235435036605,-0.06418981098634968,-0.12297009907198715,-0.007769165531985006,-0.02477030298803762,0.043709125941147106,0.14146454200463235,-0.04107701005525558,0.07505511186388562,4.302756631602029e-5,0.00999470168063274,-0.06900498310363963,0.03426400381054125,0.06458300813033355,0.05989015406186679,0.0015759471307041446,-0.05532560663854487,-0.011185051467824815,-0.08221879942002429,0.036706278616668996,0.0005770640799632309,-0.022931765014745375,0.05766519043608956,0.0015583902450646125,-0.027741103043894405,-0.08847194211624572,-0.04107701005525558,0.15598888597362393,-0.03435719247352133,-0.047532956899109136,0.06869561376648527,0.02904783825222655,0.008116195860409799,-0.05336258813021037,-0.013664527100441134,-0.03797855710342885,0.011997658279597655,-0.009198985954261638,0.0015463596337031635,-0.0475019394671339,-0.010505356529783736,0.08722047189248801,-0.07404573192401995,-0.008010681654231406,-0.0052085594720177215,0.049184833656272395,0.07505511186388562,-0.03435719247352133,0.10858607547202467,-0.021972790939619596,-0.003456459643647271,-0.04505066008322399,0.005907992527987949,0.05038363766801947,0.014209312049173249,-0.0017515370029618457,-0.04422071072312237,-0.021862263495608658,-0.017953179226987616,0.02146967627437953,-0.009235899527888614,-0.03587757568905996,-0.019418730951617676,-0.009464675300892615,0.0011034539975232462,0.03517452064116873,4.302756631602029e-5,-0.047532956899109136,-0.021972790939619596,0.09176030411829063,-0.033299916749321284,-0.01753346759478043,0.010084774930185683,0.05176307292499547,0.0201749574130582,0.01371749502278118,-0.001448660014005889,-0.004581994944044808,-0.040652624266521074,0.016804227524702044,0.014450407319054817,-0.0162064093883707,0.0013611598654631658,-0.0006316124731399471,-0.031200871909090037,-0.04811311035330121,0.00999470168063274,0.06869561376648527,-0.003456459643647271,-0.033299916749321284,0.07309826433816534,-0.005138052106109953,0.013718247966274544,-0.01533162401536004,0.014655465083880697,-0.024323202915221113,-0.0055838825596657895,-0.005959100971086615,-0.020276802506961594,-0.010601650094743224,-0.0034891726733180363,0.045493026388308655,0.0688889302484687,0.011214615867781368,0.012472635871824204,-0.02789619345439094,-0.06900498310363963,0.02904783825222655,-0.04505066008322399,-0.01753346759478043,-0.005138052106109953,0.08609565358105924,-0.025716608636406645,-0.07485768597263204,-0.038666990558340955,0.007434838390461836,0.029298519849515384,0.02115868095486171,0.0578577409535264,-0.02938149190540353,0.00043986551398436007,0.02247077280247123,-0.035522321491973194,-0.005835325349650967,-0.019983866566208368,-0.003915044468755262,0.03426400381054125,0.008116195860409799,0.005907992527987949,0.010084774930185683,0.013718247966274544,-0.025716608636406645,0.04387233877528559,0.0306797798527191,0.02753206644394332,-0.010639369982583328,-0.014557654421793038,-0.013526626460509259,-0.04271091324528961,0.0063489378734440955,-0.002099752997301854,0.00648927068667649,-0.08749765088065384,-0.01467839683831514,-0.02242524865319778,0.05836961207410821,0.06458300813033355,-0.05336258813021037,0.05038363766801947,0.05176307292499547,-0.01533162401536004,-0.07485768597263204,0.0306797798527191,0.12876180487910854,0.04680116195817936,-0.0030889981279703634,-0.04185239988358564,-0.03133711285649736,-0.07644538568002841,0.037022424037151294,0.010346640533622544,-0.042895055509535186,-0.07107717566619014,-0.004899255598124836,-0.024661880647109845,0.006175182331353259,0.05989015406186679,-0.013664527100441134,0.014209312049173249,0.0201749574130582,0.014655465083880697,-0.038666990558340955,0.02753206644394332,0.04680116195817936,0.07372234390252894,-0.007742181531256529,-0.030656265634708635,-0.005220885725427114,-0.08540044381947506,0.016580290948082277,0.009404021002406763,0.016103460735303672,0.001143014269640735,0.006257621861873367,0.014485868632054493,0.013240896215758316,0.0015759471307041446,-0.03797855710342885,-0.0017515370029618457,0.01371749502278118,-0.024323202915221113,0.007434838390461836,-0.010639369982583328,-0.0030889981279703634,-0.007742181531256529,0.03833315191631723,0.0027386149759265795,0.006084101969836935,0.012656813391794888,0.003619139929634631,-0.005442231401587384,-0.022003946896913425,0.058902404037155305,0.0035213402079411196,0.015530676366431372,-0.021362703841317936,-0.05532560663854487,0.011997658279597655,-0.04422071072312237,-0.001448660014005889,-0.0055838825596657895,0.029298519849515384,-0.014557654421793038,-0.04185239988358564,-0.030656265634708635,0.0027386149759265795,0.05494545955912937,0.015162370865605183,0.04208105202862178,-0.015198045531272547,-0.009060000966548364,0.00875712633003342,0.02353333643706229,0.013502005000505963,0.013160462726752085,-0.005519108694233282,-0.011185051467824815,-0.009198985954261638,-0.021862263495608658,-0.004581994944044808,-0.005959100971086615,0.02115868095486171,-0.013526626460509259,-0.03133711285649736,-0.005220885725427114,0.006084101969836935,0.015162370865605183,0.03872751195413311,0.0060731385926537755,-0.011461105387262267,0.0007007787458617595,0.0028923261994217853,0.09715572377007502,0.010947539074171644,0.0434984209505504,-0.01542441745783246,-0.08221879942002429,0.0015463596337031635,-0.017953179226987616,-0.040652624266521074,-0.020276802506961594,0.0578577409535264,-0.04271091324528961,-0.07644538568002841,-0.08540044381947506,0.012656813391794888,0.04208105202862178,0.0060731385926537755,0.14906689127045183,-0.00684514501172878,-0.01350941797310966,-0.027770585723807938,-0.04373698523971728,-0.009101795555109267,-0.0011457610459413613,0.027086238702786175,0.036706278616668996,-0.0475019394671339,0.02146967627437953,0.016804227524702044,-0.010601650094743224,-0.02938149190540353,0.0063489378734440955,0.037022424037151294,0.016580290948082277,0.003619139929634631,-0.015198045531272547,-0.011461105387262267,-0.00684514501172878,0.055342119597683044,-0.0033898667753964754,-0.03105187203259059,-0.0013941786687263775,0.006867753695055972,0.0023964366271279074,0.00574235435036605,0.0005770640799632309,-0.010505356529783736,-0.009235899527888614,0.014450407319054817,-0.0034891726733180363,0.00043986551398436007,-0.002099752997301854,0.010346640533622544,0.009404021002406763,-0.005442231401587384,-0.009060000966548364,0.0007007787458617595,-0.01350941797310966,-0.0033898667753964754,0.02956203636990453,-0.0006289922191357513,0.02016759261206052,0.002249571468721892,-0.019197755792479274,-0.06418981098634968,-0.022931765014745375,0.08722047189248801,-0.03587757568905996,-0.0162064093883707,0.045493026388308655,0.02247077280247123,0.00648927068667649,-0.042895055509535186,0.016103460735303672,-0.022003946896913425,0.00875712633003342,0.0028923261994217853,-0.027770585723807938,-0.03105187203259059,-0.0006289922191357513,0.09243308879161811
0.033362279590754274,-0.014505886994424575,-0.005969245596114234,-0.004659326795298707,0.011102131222286647,-0.008981043709084733,-0.017265556614668883,0.010458474479981788,-0.0068212688161784565,-0.01788701451131685,0.022678832972135188,0.006154897267974205,-5.845829544680499e-5,0.008992674733119758,-0.005613800729400391,-0.021320893590900322,-0.014473947079551838,-0.004100087159003515,0.01739347811558768,0.02646665002444762,-0.014505886994424575,0.09716714964732333,-0.007711628172024695,-0.054006932161708425,-0.0021059212619216963,0.0716242825955258,0.03848131711051411,-0.03653151477743542,0.014795993410097534,0.05952010224117145,-0.02647914379704356,-0.03150204464144102,0.020137657513272574,-0.021896716131252755,-0.016519250719221827,0.06423669229598433,0.011440725077398125,-0.010628973736869293,-0.016318932186685932,-0.0706670844287404,-0.005969245596114234,-0.007711628172024695,0.15261101122356097,0.04891797704285027,-0.044754361706773646,-0.032317865472177715,0.0454781828313854,-0.02570546095310599,0.03229329914650475,0.06796505742610051,-0.0789212669772643,-0.02016890440969263,-0.04586502228079198,-0.004067553171879604,0.04503221150247037,0.043415427896554046,-0.008591000706771216,0.012861619283211367,-0.05483971431257157,0.01070560721132175,-0.004659326795298707,-0.054006932161708425,0.04891797704285027,0.13840527950298612,-0.01563897682636803,-0.06906114912643095,-0.02380908968994427,-0.010023453322830719,0.008725917756318246,-0.025470113384828873,-0.03101989791580209,0.004368824074468495,-0.01675726762112613,0.020659192039776265,0.021092428877953588,-0.00489228579729839,-0.022861818947251398,0.009696374379394974,-0.008556132374318851,0.04428492098212099,0.011102131222286647,-0.0021059212619216963,-0.044754361706773646,-0.01563897682636803,0.09173867313562312,-0.021301913954033653,-0.0020616140969900963,0.04793429745880204,-0.016978592106438872,0.032491019364737514,0.00624565559657662,-0.01788429348245616,-0.005313412708701633,-0.021263298568248004,-0.03022375705449991,0.02204534816172008,0.04619948585608339,0.016741443966686406,0.02674576187008301,0.014355369473625285,-0.008981043709084733,0.0716242825955258,-0.032317865472177715,-0.06906114912643095,-0.021301913954033653,0.12032690400565087,0.015065466150088993,-0.038686042087296896,0.01306047514528104,0.03706954397641539,0.014331131609879843,-0.017570424449969257,0.031249589096251557,-0.018362538368670984,-0.019432019060866876,0.05644565962938866,-0.017805562841752068,-0.029002398626017716,-0.0028261008153713844,-0.07131659014799155,-0.017265556614668883,0.03848131711051411,0.0454781828313854,-0.02380908968994427,-0.0020616140969900963,0.015065466150088993,0.08534301414464396,-0.010157958250569511,0.023361678631122464,0.07881722095274526,-0.07468506069860682,-0.031797833739101916,-0.016153784822367206,-0.02418556872547603,0.01595535548072463,0.058857162805680235,0.038379971577249386,0.011205794584016654,-0.050868502594569764,-0.03948021010258561,0.010458474479981788,-0.03653151477743542,-0.02570546095310599,-0.010023453322830719,0.04793429745880204,-0.038686042087296896,-0.010157958250569511,0.07330715108777572,-0.00980901123111869,-0.00869542402894144,-0.00021005718177512017,0.006374522199921374,-0.014676324149500377,-0.008978511079171466,-0.006129293218873732,-0.029019205028509937,0.0370025451902293,0.013003552493075443,0.01887265146488704,0.01894050690622794,-0.0068212688161784565,0.014795993410097534,0.03229329914650475,0.008725917756318246,-0.016978592106438872,0.01306047514528104,0.023361678631122464,-0.00980901123111869,0.04667615860810782,0.04133391541043252,-0.049523487508123534,-0.016528751379219685,-0.0018349098557264025,-0.007349265969627462,0.01846668286430436,0.05325165604297115,-0.004124190702669554,0.008354540092046843,-0.030382566050581154,-0.033273434056979696,-0.01788701451131685,0.05952010224117145,0.06796505742610051,-0.025470113384828873,0.032491019364737514,0.03706954397641539,0.07881722095274526,-0.00869542402894144,0.04133391541043252,0.22310442699597824,-0.11344948367840532,-0.07320594577985207,-0.032603489097218705,-0.06928577609085815,0.007913171193758686,0.20573756787482372,0.04429766420372324,0.02837698635863544,-0.053782794351845,-0.051905201529092226,0.022678832972135188,-0.02647914379704356,-0.0789212669772643,-0.03101989791580209,0.00624565559657662,0.014331131609879843,-0.07468506069860682,-0.00021005718177512017,-0.049523487508123534,-0.11344948367840532,0.14890493763891602,0.03595396024612661,0.03431892833872133,0.031614459360022315,-0.0242176269682861,-0.10382857024614539,-0.04005940357110882,-0.022500441084096098,0.05641123277974515,0.04082263112656319,0.006154897267974205,-0.03150204464144102,-0.02016890440969263,0.004368824074468495,-0.01788429348245616,-0.017570424449969257,-0.031797833739101916,0.006374522199921374,-0.016528751379219685,-0.07320594577985207,0.03595396024612661,0.061730955614463276,0.0035154326147026575,0.0291931735216956,-0.0005044862384732721,-0.08107924575686866,-0.025085982385310752,-0.009728752824915511,0.02256538485031907,0.019272445467868694,-5.845829544680499e-5,0.020137657513272574,-0.04586502228079198,-0.01675726762112613,-0.005313412708701633,0.031249589096251557,-0.016153784822367206,-0.014676324149500377,-0.0018349098557264025,-0.032603489097218705,0.03431892833872133,0.0035154326147026575,0.039765204674343295,0.008841317540677353,-0.012854533263516226,-0.01277623010551419,-0.013525918103513147,-0.015778404943074902,0.01684223567135693,-0.01898829369124909,0.008992674733119758,-0.021896716131252755,-0.004067553171879604,0.020659192039776265,-0.021263298568248004,-0.018362538368670984,-0.02418556872547603,-0.008978511079171466,-0.007349265969627462,-0.06928577609085815,0.031614459360022315,0.0291931735216956,0.008841317540677353,0.03908067139737306,0.010002056188425954,-0.066882037209895,-0.027852571518499458,-0.009331036075141588,0.008067272618481659,0.02162946972052046,-0.005613800729400391,-0.016519250719221827,0.04503221150247037,0.021092428877953588,-0.03022375705449991,-0.019432019060866876,0.01595535548072463,-0.006129293218873732,0.01846668286430436,0.007913171193758686,-0.0242176269682861,-0.0005044862384732721,-0.012854533263516226,0.010002056188425954,0.04841593951045664,0.009020188153250126,0.000719037403008329,0.007391973735276107,-0.026771845097080943,-0.002372731390225289,-0.021320893590900322,0.06423669229598433,0.043415427896554046,-0.00489228579729839,0.02204534816172008,0.05644565962938866,0.058857162805680235,-0.029019205028509937,0.05325165604297115,0.20573756787482372,-0.10382857024614539,-0.08107924575686866,-0.01277623010551419,-0.066882037209895,0.009020188153250126,0.25064324534340254,0.032244227911707835,0.024294184120831404,-0.05072031689818768,-0.06052021878989368,-0.014473947079551838,0.011440725077398125,-0.008591000706771216,-0.022861818947251398,0.04619948585608339,-0.017805562841752068,0.038379971577249386,0.0370025451902293,-0.004124190702669554,0.04429766420372324,-0.04005940357110882,-0.025085982385310752,-0.013525918103513147,-0.027852571518499458,0.000719037403008329,0.032244227911707835,0.08670060239613438,0.01499236156722851,-0.013371922998852467,-0.024693405350999877,-0.004100087159003515,-0.010628973736869293,0.012861619283211367,0.009696374379394974,0.016741443966686406,-0.029002398626017716,0.011205794584016654,0.013003552493075443,0.008354540092046843,0.02837698635863544,-0.022500441084096098,-0.009728752824915511,-0.015778404943074902,-0.009331036075141588,0.007391973735276107,0.024294184120831404,0.01499236156722851,0.03448294664186517,-0.00875893917296421,0.02179856955663955,0.01739347811558768,-0.016318932186685932,-0.05483971431257157,-0.008556132374318851,0.02674576187008301,-0.0028261008153713844,-0.050868502594569764,0.01887265146488704,-0.030382566050581154,-0.053782794351845,0.05641123277974515,0.02256538485031907,0.01684223567135693,0.008067272618481659,-0.026771845097080943,-0.05072031689818768,-0.013371922998852467,-0.00875893917296421,0.05436934132824073,0.019539476867886527,0.02646665002444762,-0.0706670844287404,0.01070560721132175,0.04428492098212099,0.014355369473625285,-0.07131659014799155,-0.03948021010258561,0.01894050690622794,-0.033273434056979696,-0.051905201529092226,0.04082263112656319,0.019272445467868694,-0.01898829369124909,0.02162946972052046,-0.002372731390225289,-0.06052021878989368,-0.024693405350999877,0.02179856955663955,0.019539476867886527,0.139218507175195
