0.09540965498007858,-0.015208951399523328,0.04311592760414379,-0.015897627962414222,-0.00968276828927538,0.0011701376122098023,-0.0004029371985711117,-0.026710706358258653,-0.0014299792084594945,0.04462564771695665,0.038713061389149275,0.008791659353815375,0.0021853874956839167,-0.002856197416073917,-0.06340361464972866,0.011334064913874599,-8.529571240095777e-5,-0.00036641106877866145,-0.03083713777612125,-0.058104537055372746,-0.015208951399523328,0.028598864719914133,-0.0010201989785868569,-0.013047598045707147,9.498252106820754e-6,-0.005291157330733843,0.0027807554435988653,0.0057600000564739535,-0.008991162542608417,0.001642304263004242,-0.010230216053926256,-0.014876502807753472,0.007299468838757017,0.0024946225958874507,0.017253471150546464,-0.001332593575690307,-0.002798611957237426,0.0007854286906977463,2.955549238152402e-5,0.007939662061396218,0.04311592760414379,-0.0010201989785868569,0.09869357253838412,0.004139354376562375,0.015193058903415923,-0.011445259293991032,-0.003175401729530709,-0.008153339611317707,-0.03046828669589685,0.032119815429949836,0.04240711242292666,0.022060850612891703,-0.0022823260373750934,-0.043882830329554104,-0.05443190757754765,-0.017123553263119692,-0.01271222679451597,0.011803018536540259,-0.02649712524446768,-0.0407773197404748,-0.015897627962414222,-0.013047598045707147,0.004139354376562375,0.040868932381256697,0.005843966814306459,-0.004983348131727897,-0.015652832766729873,0.011050821338542313,0.001537721282880572,-0.023323913246114616,0.0038354227419007893,0.013117731792780564,-0.008267211738522283,-0.015990132838320056,0.000106829116697347,0.0022751754977890495,0.009557082633263405,0.0023172576904849267,-0.001598488722839188,0.01165693122845213,-0.00968276828927538,9.498252106820754e-6,0.015193058903415923,0.005843966814306459,0.024118909290282042,0.003313366071905219,-0.0013210911387169751,0.002475310099665031,-0.004932233129719161,0.0036667588417996747,0.004194369084844296,0.003369648304511893,-0.002219728757219687,-0.014061446829580333,-0.01082321481497779,-0.009775333534230326,0.004873143668801359,0.008289416655763746,-0.004710093468370039,-0.0022418518690808954,0.0011701376122098023,-0.005291157330733843,-0.011445259293991032,-0.004983348131727897,0.003313366071905219,0.03287396478147425,0.008359455601981895,-0.00025042672848646385,0.010862798554119991,0.005664901770240562,-0.01058230000382,-0.014622574072087094,-0.0023752141474503146,0.011681077259990798,0.0017614238203557861,-0.011688278277213728,0.009574026366965306,0.005095962242467486,0.00693967676920272,-0.011011485254979955,-0.0004029371985711117,0.0027807554435988653,-0.003175401729530709,-0.015652832766729873,-0.0013210911387169751,0.008359455601981895,0.03706186918697688,-0.008112150913722176,0.0024146506457757505,0.01605756900163386,-0.008819284302371808,-0.014355841335401083,-0.004629050999732078,0.008033433924477645,0.0022441392153995923,-0.015186750633170033,0.003608266402172804,0.000972595468070715,0.004262681136129272,-0.01016728590122357,-0.026710706358258653,0.0057600000564739535,-0.008153339611317707,0.011050821338542313,0.002475310099665031,-0.00025042672848646385,-0.008112150913722176,0.03490626263797281,-0.0015506501998957302,-0.019368258211674337,-0.0017514959506623135,0.004290975011958719,0.001844893894574731,-0.009525225926376321,0.016228491667624335,-0.011786664390679595,-0.0026285606999882152,0.0036673053792836974,0.002163641421980261,0.009332745477571715,-0.0014299792084594945,-0.008991162542608417,-0.03046828669589685,0.001537721282880572,-0.004932233129719161,0.010862798554119991,0.0024146506457757505,-0.0015506501998957302,0.03314475275397594,-0.006371448427315387,-0.011426412216140241,-0.002870365386092566,-0.00472865332719766,0.013024658174710314,0.004721379608031399,0.008185781255482208,0.004469778755690191,-0.0008417680565667479,0.009579998416919783,-0.001729836421989499,0.04462564771695665,0.001642304263004242,0.032119815429949836,-0.023323913246114616,0.0036667588417996747,0.005664901770240562,0.01605756900163386,-0.019368258211674337,-0.006371448427315387,0.07420698873180047,0.024998102833805977,-0.01236535532129887,0.0031463994959674436,0.0028331503246544895,-0.048177540821485274,-0.017438363704443162,-0.0026161115280509567,0.016134913047769133,-0.02079304389595969,-0.05329734909527521,0.038713061389149275,-0.010230216053926256,0.04240711242292666,0.0038354227419007893,0.004194369084844296,-0.01058230000382,-0.008819284302371808,-0.0017514959506623135,-0.011426412216140241,0.024998102833805977,0.07785953135560765,0.03499838318279777,-0.002822344725659054,-0.03614222499420432,-0.04683601616751676,-0.004805867756809872,-0.005531860970604962,0.0169180317439874,-0.02937286993523019,-0.038266505935027055,0.008791659353815375,-0.014876502807753472,0.022060850612891703,0.013117731792780564,0.003369648304511893,-0.014622574072087094,-0.014355841335401083,0.004290975011958719,-0.002870365386092566,-0.01236535532129887,0.03499838318279777,0.0576442866183048,0.0030274960010630565,-0.025901832765720473,-0.024556463933001912,0.006182331793468176,-0.004560685561201492,0.006277201101411155,-0.024997307127237474,-0.0029074826881302514,0.0021853874956839167,0.007299468838757017,-0.0022823260373750934,-0.008267211738522283,-0.002219728757219687,-0.0023752141474503146,-0.004629050999732078,0.001844893894574731,-0.00472865332719766,0.0031463994959674436,-0.002822344725659054,0.0030274960010630565,0.03740083809827801,0.00016459873171751797,-0.00034127344837091875,0.0016031181500038368,-0.014491649175122353,0.0014185766290049592,0.0011617162735003156,0.004299577053710006,-0.002856197416073917,0.0024946225958874507,-0.043882830329554104,-0.015990132838320056,-0.014061446829580333,0.011681077259990798,0.008033433924477645,-0.009525225926376321,0.013024658174710314,0.0028331503246544895,-0.03614222499420432,-0.025901832765720473,0.00016459873171751797,0.05844344704464185,0.02885972347135368,0.007330583544049477,0.0033585346402929942,-0.015250774198969665,0.01904654799456891,0.01913397174656855,-0.06340361464972866,0.017253471150546464,-0.05443190757754765,0.000106829116697347,-0.01082321481497779,0.0017614238203557861,0.0022441392153995923,0.016228491667624335,0.004721379608031399,-0.048177540821485274,-0.04683601616751676,-0.024556463933001912,-0.00034127344837091875,0.02885972347135368,0.09858662554093534,0.011307104068144613,-0.0017652199162508477,-0.01824819160748585,0.03919766950485838,0.06338881816930063,0.011334064913874599,-0.001332593575690307,-0.017123553263119692,0.0022751754977890495,-0.009775333534230326,-0.011688278277213728,-0.015186750633170033,-0.011786664390679595,0.008185781255482208,-0.017438363704443162,-0.004805867756809872,0.006182331793468176,0.0016031181500038368,0.007330583544049477,0.011307104068144613,0.052537631830361475,0.005617564227658434,-0.011955825385555324,-0.0061061510882578565,0.018238154866367776,-8.529571240095777e-5,-0.002798611957237426,-0.01271222679451597,0.009557082633263405,0.004873143668801359,0.009574026366965306,0.003608266402172804,-0.0026285606999882152,0.004469778755690191,-0.0026161115280509567,-0.005531860970604962,-0.004560685561201492,-0.014491649175122353,0.0033585346402929942,-0.0017652199162508477,0.005617564227658434,0.031116159843537168,0.0015591562658058325,-0.0033630133538353974,0.00285296667067292,-0.00036641106877866145,0.0007854286906977463,0.011803018536540259,0.0023172576904849267,0.008289416655763746,0.005095962242467486,0.000972595468070715,0.0036673053792836974,-0.0008417680565667479,0.016134913047769133,0.0169180317439874,0.006277201101411155,0.0014185766290049592,-0.015250774198969665,-0.01824819160748585,-0.011955825385555324,0.0015591562658058325,0.03445132153842707,-0.012701311791856303,-0.01762781305744572,-0.03083713777612125,2.955549238152402e-5,-0.02649712524446768,-0.001598488722839188,-0.004710093468370039,0.00693967676920272,0.004262681136129272,0.002163641421980261,0.009579998416919783,-0.02079304389595969,-0.02937286993523019,-0.024997307127237474,0.0011617162735003156,0.01904654799456891,0.03919766950485838,-0.0061061510882578565,-0.0033630133538353974,-0.012701311791856303,0.04818569157325238,0.02383660297962576,-0.058104537055372746,0.007939662061396218,-0.0407773197404748,0.01165693122845213,-0.0022418518690808954,-0.011011485254979955,-0.01016728590122357,0.009332745477571715,-0.001729836421989499,-0.05329734909527521,-0.038266505935027055,-0.0029074826881302514,0.004299577053710006,0.01913397174656855,0.06338881816930063,0.018238154866367776,0.00285296667067292,-0.01762781305744572,0.02383660297962576,0.0818839041098471
0.05116112115181996,0.011410122695302137,-0.01158313412232066,-0.0012876179128547564,-0.0026836814199017824,-0.016403005885114272,0.01591262195202598,0.0017942648650779215,0.004418616581442802,-0.0020521984754128704,-0.005954057445110997,-0.005178662429196597,0.016011200114613842,-0.01761163936597232,-0.005344290465799741,-0.0332544267412104,-0.0037084515038669228,-0.011406330964293988,0.015688168164235475,0.008030128337861184,0.011410122695302137,0.03821478952685968,-0.015904200404611372,0.006193060460015007,0.003986735002882614,0.01042606305883333,-0.006730697035384211,0.0016454359094966048,0.004586380785511934,-0.00411154770569668,-0.0006269540963747916,0.01205691275697131,-0.005786586710126846,0.002952208513247032,0.0017105917456438303,0.0027909419741474575,-0.006942896695758717,-0.01696286366800219,-0.012015990648530426,-0.001381807033158153,-0.01158313412232066,-0.015904200404611372,0.04657603051854707,-0.00953279949283047,0.0017136132405805207,-0.009547129896618848,0.008816038352349021,-0.008928409107341143,-0.019233481175170323,-0.0009738311734293067,0.002650888822885183,0.0020239260561119164,-0.0034315996494012975,0.0040689993016364435,0.0016737798647677529,0.01227580438527777,0.006650305615061155,0.02284288285302373,0.004206390339188245,-0.016157480550858985,-0.0012876179128547564,0.006193060460015007,-0.00953279949283047,0.028156213371056598,-0.0005821815627779377,0.007911904022271155,-0.004995790551474764,0.005306273227017118,0.013314782168762111,-0.001231019073551336,-0.0013665232355843846,-0.003370188848734015,-0.0019054391675257193,-0.0004429315591669865,-0.007277716607588401,0.008160967760859523,0.002366834424615882,-0.003241995700399235,-0.011328887264576464,0.005635164659307188,-0.0026836814199017824,0.003986735002882614,0.0017136132405805207,-0.0005821815627779377,0.02236917015404131,0.005304146472441554,-0.004217878863243235,0.0007682682507393994,-0.009712426276442719,0.0014123396966743804,-0.0011139920145148653,-0.002673329087194929,-0.0025659298575098693,-0.001489112254014987,0.006907131154946942,0.00038166027425236217,-0.0054776408614361175,-0.0030602334786444816,-0.004419567207026359,0.0016335674824001698,-0.016403005885114272,0.01042606305883333,-0.009547129896618848,0.007911904022271155,0.005304146472441554,0.05063872338111975,-0.029010025844433424,0.0038181430496539055,0.012690830863405816,0.0017069165977317779,-0.0012502519631561351,0.014216917460748572,-0.010719907148123741,0.019849431362155,0.0043550926915642395,0.01864482528357122,0.0072514844289526485,-0.011675073286458426,-0.02272427855407061,-0.01204731210909504,0.01591262195202598,-0.006730697035384211,0.008816038352349021,-0.004995790551474764,-0.004217878863243235,-0.029010025844433424,0.07071453271652606,-0.00932729846327814,-0.010497213468815837,-0.013752704495031454,0.015405595071536202,-0.02103736995133702,0.019325658923162035,-0.044459993323524905,-0.0009963045684036943,-0.031647731321859184,-0.01851120763428847,0.008247487294218727,0.036227879982505026,0.01394451957470724,0.0017942648650779215,0.0016454359094966048,-0.008928409107341143,0.005306273227017118,0.0007682682507393994,0.0038181430496539055,-0.00932729846327814,0.021893751933294327,0.002904458737240689,0.006634202060049702,-0.003477422388253961,-0.0022041620593375006,-0.0052293279584060045,0.01494332003963513,-0.0004977088734411007,0.006586841470083454,0.007491053729189085,-0.008674990811761294,-0.013815423209787571,-0.005007718402170452,0.004418616581442802,0.004586380785511934,-0.019233481175170323,0.013314782168762111,-0.009712426276442719,0.012690830863405816,-0.010497213468815837,0.002904458737240689,0.053236221127568026,0.007692748877651142,-0.005303025008105474,0.008588474728511269,0.00815771430730388,0.0007608293284940557,-0.0030004558029242184,0.0010013883137655584,0.009738575047185711,-0.011415464532507257,-0.009807836792035757,0.011681111395563847,-0.0020521984754128704,-0.00411154770569668,-0.0009738311734293067,-0.001231019073551336,0.0014123396966743804,0.0017069165977317779,-0.013752704495031454,0.006634202060049702,0.007692748877651142,0.030104339556625535,-0.006708568967423051,0.004007306310635059,0.006300704973456711,0.00490349124914208,-0.0026849251348961844,0.005974563393876267,0.007181417210318576,-0.007535594267431636,-0.014655213417270531,0.004605664133765057,-0.005954057445110997,-0.0006269540963747916,0.002650888822885183,-0.0013665232355843846,-0.0011139920145148653,-0.0012502519631561351,0.015405595071536202,-0.003477422388253961,-0.005303025008105474,-0.006708568967423051,0.029720378550343415,-0.010003416536481747,-0.004937707549150469,-0.010948095872330605,0.004262454658623557,0.0019865785728003195,-0.007640616525049129,0.0044522674484295,0.006336521790411326,-0.0014887549569881954,-0.005178662429196597,0.01205691275697131,0.0020239260561119164,-0.003370188848734015,-0.002673329087194929,0.014216917460748572,-0.02103736995133702,-0.0022041620593375006,0.008588474728511269,0.004007306310635059,-0.010003416536481747,0.048236094456239414,-0.0002499837791768055,0.023410855065389785,0.0037991543038960627,0.005391268076906557,0.0048121401392131205,-0.010687383879827414,-0.014076000345092824,-0.008024516129249508,0.016011200114613842,-0.005786586710126846,-0.0034315996494012975,-0.0019054391675257193,-0.0025659298575098693,-0.010719907148123741,0.019325658923162035,-0.0052293279584060045,0.00815771430730388,0.006300704973456711,-0.004937707549150469,-0.0002499837791768055,0.036747195365692736,-0.022224699687496696,0.007868316575443717,-0.027483183178708008,-0.004566750252990644,0.002078009700516607,0.019920642104326862,0.01377531674498185,-0.01761163936597232,0.002952208513247032,0.0040689993016364435,-0.0004429315591669865,-0.001489112254014987,0.019849431362155,-0.044459993323524905,0.01494332003963513,0.0007608293284940557,0.00490349124914208,-0.010948095872330605,0.023410855065389785,-0.022224699687496696,0.09359123777870369,0.0015021860376888934,0.037841092557220304,0.03199095306136962,-0.012926497619728108,-0.043647913378167806,-0.028654036070201352,-0.005344290465799741,0.0017105917456438303,0.0016737798647677529,-0.007277716607588401,0.006907131154946942,0.0043550926915642395,-0.0009963045684036943,-0.0004977088734411007,-0.0030004558029242184,-0.0026849251348961844,0.004262454658623557,0.0037991543038960627,0.007868316575443717,0.0015021860376888934,0.05025274784493177,-0.012321387377795812,-0.005582647872496769,-0.0059091063107617635,0.006595602063650691,0.0017964105274103444,-0.0332544267412104,0.0027909419741474575,0.01227580438527777,0.008160967760859523,0.00038166027425236217,0.01864482528357122,-0.031647731321859184,0.006586841470083454,0.0010013883137655584,0.005974563393876267,0.0019865785728003195,0.005391268076906557,-0.027483183178708008,0.037841092557220304,-0.012321387377795812,0.06220493184822956,0.012877198200320527,-0.0003068943608577863,-0.04019202280545996,-0.016082282118566,-0.0037084515038669228,-0.006942896695758717,0.006650305615061155,0.002366834424615882,-0.0054776408614361175,0.0072514844289526485,-0.01851120763428847,0.007491053729189085,0.009738575047185711,0.007181417210318576,-0.007640616525049129,0.0048121401392131205,-0.004566750252990644,0.03199095306136962,-0.005582647872496769,0.012877198200320527,0.03501663575081167,-0.0029471166065376557,-0.013302747486903778,-0.013746969715705744,-0.011406330964293988,-0.01696286366800219,0.02284288285302373,-0.003241995700399235,-0.0030602334786444816,-0.011675073286458426,0.008247487294218727,-0.008674990811761294,-0.011415464532507257,-0.007535594267431636,0.0044522674484295,-0.010687383879827414,0.002078009700516607,-0.012926497619728108,-0.0059091063107617635,-0.0003068943608577863,-0.0029471166065376557,0.033867222530992586,0.014413464499159168,0.002696035345571009,0.015688168164235475,-0.012015990648530426,0.004206390339188245,-0.011328887264576464,-0.004419567207026359,-0.02272427855407061,0.036227879982505026,-0.013815423209787571,-0.009807836792035757,-0.014655213417270531,0.006336521790411326,-0.014076000345092824,0.019920642104326862,-0.043647913378167806,0.006595602063650691,-0.04019202280545996,-0.013302747486903778,0.014413464499159168,0.06311442500650438,0.014536503546509122,0.008030128337861184,-0.001381807033158153,-0.016157480550858985,0.005635164659307188,0.0016335674824001698,-0.01204731210909504,0.01394451957470724,-0.005007718402170452,0.011681111395563847,0.004605664133765057,-0.0014887549569881954,-0.008024516129249508,0.01377531674498185,-0.028654036070201352,0.0017964105274103444,-0.016082282118566,-0.013746969715705744,0.002696035345571009,0.014536503546509122,0.037641096318735946
