0.02001116496039714,-0.0034851914329282387,-0.0032295997282251595,-0.0044678328666706525,0.0026278600583398495,0.0025370743226677886,0.002707138787912777,-0.0018440124158065612,0.0012774380512758944,0.002094088922112908,-0.004455480746950928,0.0032030862111181923,0.0011098790249158942,-0.002314572557391144,0.003197266007768433,-0.00026208620371428624,0.0011666793987873173,0.0025824912076647935,0.0023099718624476013,9.722494901556893e-5,-0.0034851914329282387,0.034237766772669084,0.0031074387418761687,-0.011525919353265437,0.002337577960094475,-0.012218401502857362,0.002991557013920217,-0.004976527403434204,0.0015461987843164633,0.0049692095075191765,-0.0009792619839464499,-0.00037621465683760724,0.005022574111460707,0.013755347362072193,-0.00905047193238437,-0.004389745064082199,-0.007452715213295857,0.006322403569223197,0.005706090372544371,-0.002539641558706539,-0.0032295997282251595,0.0031074387418761687,0.02700722957725303,-0.0038717395089745547,-0.00044710565357302637,0.0014142621069979178,-0.0016637602302580264,0.0005015351763630242,0.0012246975255119149,-0.0036471050382506057,-0.0013070809217816822,0.0025433928857542323,0.0038833915493188785,0.0005163814525617151,-0.0009207394472164183,-0.005470132612176812,-0.0015939238172301556,-0.0023933308344742063,-0.004552086507564272,0.0012695710407905148,-0.0044678328666706525,-0.011525919353265437,-0.0038717395089745547,0.026699057954711822,0.004194372653313431,0.0031747363842046118,-0.0016647983810416907,0.0015026700643709487,0.0016124355213328614,-0.002310260315755816,0.003287042316902325,-0.0011410001762373239,-0.0006098952694304906,-0.0030247216003048555,0.006060948123168918,0.0051951474049278315,0.008518273975409107,0.0075570607152697115,-0.001787183857493824,-0.0033498341731683636,0.0026278600583398495,0.002337577960094475,-0.00044710565357302637,0.004194372653313431,0.025352116092502076,0.002837209135590796,0.008013062629590343,0.005555682434646795,0.0038664579811971377,0.0026537182028368448,-0.0005552876149084568,-0.0020963839003963953,-0.005052191804804954,-0.002131303711643901,0.005980386543505285,0.0028351790856438654,-0.0024036222562950045,-0.0034569633311585767,-0.004014639391023204,-0.0040428430380087255,0.0025370743226677886,-0.012218401502857362,0.0014142621069979178,0.0031747363842046118,0.002837209135590796,0.03218087518619782,0.0003906837672522161,0.004649064542604336,0.0003865724014650031,-0.0065378203896916546,-0.0002870886010133965,0.002534962834235919,-0.005772548013693141,-0.009672247092653807,0.00830347387998416,0.007954792224796631,0.0032493109763286477,-0.0044766201129242626,-0.011229477983582207,-0.0031758339256882148,0.002707138787912777,0.002991557013920217,-0.0016637602302580264,-0.0016647983810416907,0.008013062629590343,0.0003906837672522161,0.021094284532647365,-0.001898519592937936,0.006705067970676276,-0.0019146375175926903,-0.0002794046153801618,-0.0006688738492840317,0.002044771330497597,-0.004181519724318072,0.0004297325112002236,0.00467668763383057,-0.002247418020158428,-0.0021874775185983034,0.0005456131187635715,-0.0017089924518971706,-0.0018440124158065612,-0.004976527403434204,0.0005015351763630242,0.0015026700643709487,0.005555682434646795,0.004649064542604336,-0.001898519592937936,0.016150267030547172,0.00459930393162577,-0.0012689360460374777,0.0004442306626074952,-0.0019367378919813681,-0.0007529642234733833,-0.00482545615239596,0.0022088875046254327,0.00024594667061908276,-1.0786444369211446e-5,-0.003163736858816512,-0.007614927594145178,-0.002253256561503783,0.0012774380512758944,0.0015461987843164633,0.0012246975255119149,0.0016124355213328614,0.0038664579811971377,0.0003865724014650031,0.006705067970676276,0.00459930393162577,0.015303459096226366,-0.003978003552865839,0.004680245941106266,-0.0007561796337042285,-0.0022450962686943925,-0.00024294437224394588,0.0047704506334669,0.003230607732408902,0.0030397867825117195,0.003218525479075854,0.0011225998150839625,-0.0031139171094111333,0.002094088922112908,0.0049692095075191765,-0.0036471050382506057,-0.002310260315755816,0.0026537182028368448,-0.0065378203896916546,-0.0019146375175926903,-0.0012689360460374777,-0.003978003552865839,0.023162330582718618,-0.003926060903131827,6.326969271389592e-5,0.000856694728336022,0.004554280660452741,-0.004337235630541416,-0.007001189148905563,-0.004546349432781,0.0030892727745416987,0.005047196302313638,-0.0001979374479428758,-0.004455480746950928,-0.0009792619839464499,-0.0013070809217816822,0.003287042316902325,-0.0005552876149084568,-0.0002870886010133965,-0.0002794046153801618,0.0004442306626074952,0.004680245941106266,-0.003926060903131827,0.021445268403811175,-0.0003629309927005327,0.008000543703815798,-0.0007417079421607685,0.0008493762771283372,-0.004791914706163719,0.004297525191251856,0.0030418429554796896,-0.003563269649415804,-0.004676891375417401,0.0032030862111181923,-0.00037621465683760724,0.0025433928857542323,-0.0011410001762373239,-0.0020963839003963953,0.002534962834235919,-0.0006688738492840317,-0.0019367378919813681,-0.0007561796337042285,6.326969271389592e-5,-0.0003629309927005327,0.018772988438583972,0.0036501424671328163,-0.0005005515484670889,-0.001257811655269748,0.0010370756981780236,-0.0013286938598268266,0.0005519941180844887,-0.0026560021624411957,0.005003952018516592,0.0011098790249158942,0.005022574111460707,0.0038833915493188785,-0.0006098952694304906,-0.005052191804804954,-0.005772548013693141,0.002044771330497597,-0.0007529642234733833,-0.0022450962686943925,0.000856694728336022,0.008000543703815798,0.0036501424671328163,0.022151555724679656,0.00324403151810721,-0.002777170316263956,-0.005401965201806368,-0.001072076917157131,-0.0021114575036193855,0.001524039419825872,0.0028332932125004202,-0.002314572557391144,0.013755347362072193,0.0005163814525617151,-0.0030247216003048555,-0.002131303711643901,-0.009672247092653807,-0.004181519724318072,-0.00482545615239596,-0.00024294437224394588,0.004554280660452741,-0.0007417079421607685,-0.0005005515484670889,0.00324403151810721,0.027596941521957085,-0.01279511670027559,-0.006081131039861591,-0.00604043042664347,0.005377655031386014,0.005637236850366989,-0.0006568019266886588,0.003197266007768433,-0.00905047193238437,-0.0009207394472164183,0.006060948123168918,0.005980386543505285,0.00830347387998416,0.0004297325112002236,0.0022088875046254327,0.0047704506334669,-0.004337235630541416,0.0008493762771283372,-0.001257811655269748,-0.002777170316263956,-0.01279511670027559,0.03170041051842377,0.0046062052736695076,0.007059666961942698,-0.004252080365337816,-0.005057461995703257,-0.0007916047004798013,-0.00026208620371428624,-0.004389745064082199,-0.005470132612176812,0.0051951474049278315,0.0028351790856438654,0.007954792224796631,0.00467668763383057,0.00024594667061908276,0.003230607732408902,-0.007001189148905563,-0.004791914706163719,0.0010370756981780236,-0.005401965201806368,-0.006081131039861591,0.0046062052736695076,0.01810796606508343,0.0011538103449934213,-0.006379248777833134,0.0035381885856058956,-0.004582148088386482,0.0011666793987873173,-0.007452715213295857,-0.0015939238172301556,0.008518273975409107,-0.0024036222562950045,0.0032493109763286477,-0.002247418020158428,-1.0786444369211446e-5,0.0030397867825117195,-0.004546349432781,0.004297525191251856,-0.0013286938598268266,-0.001072076917157131,-0.00604043042664347,0.007059666961942698,0.0011538103449934213,0.02440269041179373,0.005015358544848709,-0.0017874028848823907,0.0023688748061087995,0.0025824912076647935,0.006322403569223197,-0.0023933308344742063,0.0075570607152697115,-0.0034569633311585767,-0.0044766201129242626,-0.0021874775185983034,-0.003163736858816512,0.003218525479075854,0.0030892727745416987,0.0030418429554796896,0.0005519941180844887,-0.0021114575036193855,0.005377655031386014,-0.004252080365337816,-0.006379248777833134,0.005015358544848709,0.02165565202333588,0.006539846896199853,-0.00046886567558397695,0.0023099718624476013,0.005706090372544371,-0.004552086507564272,-0.001787183857493824,-0.004014639391023204,-0.011229477983582207,0.0005456131187635715,-0.007614927594145178,0.0011225998150839625,0.005047196302313638,-0.003563269649415804,-0.0026560021624411957,0.001524039419825872,0.005637236850366989,-0.005057461995703257,0.0035381885856058956,-0.0017874028848823907,0.006539846896199853,0.02404913831323851,0.003216723480844401,9.722494901556893e-5,-0.002539641558706539,0.0012695710407905148,-0.0033498341731683636,-0.0040428430380087255,-0.0031758339256882148,-0.0017089924518971706,-0.002253256561503783,-0.0031139171094111333,-0.0001979374479428758,-0.004676891375417401,0.005003952018516592,0.0028332932125004202,-0.0006568019266886588,-0.0007916047004798013,-0.004582148088386482,0.0023688748061087995,-0.00046886567558397695,0.003216723480844401,0.014776032008846585
