0.015799261310278204,0.0038330142262447005,0.004600453437829419,0.0033919708210626413,-0.0040539194355216895,-0.00411361164340877,0.00039858624212699053,-0.0013514300066564974,-0.0025646858671587005,0.0016000938999645086,-0.0001635135837271014,0.0028276913034227216,-0.002403204218115947,-0.0010715442722057107,0.0037780625177560997,-0.002581396911415175,-0.001370650843704648,0.00503450744205609,-0.002116197415148112,-0.005996648329211082,0.0038330142262447005,0.008490240379715679,0.0006522765208652785,0.0029455098787435395,-0.0011395356803852398,-0.0021818893533507113,-0.00010169137904213221,0.0018065503476680208,0.001996650887697845,-0.0014809703027396114,0.002587780972200032,-0.0022658113075897587,-0.002171032015600779,0.0014925101644571556,0.001004214241963476,0.000780560157218124,0.001361767232369865,0.0028067735294767604,-0.0026299466295822303,0.001796164871267305,0.004600453437829419,0.0006522765208652785,0.018674295584801808,-0.0036164978777033707,-0.0038613990364759496,-0.0018719744668810566,-0.0035712668362332615,-0.003459761754454113,-0.005110929090729192,0.0015098355447978528,-0.0013080421196102051,0.0009099029983244789,-0.0017415743165149994,-0.00033011935828910815,0.0026410180380949527,0.0017395431895281602,-0.002172572674019293,0.003234861654827056,-0.0017467165990945666,-0.0031174959779407484,0.0033919708210626413,0.0029455098787435395,-0.0036164978777033707,0.019896069507809165,0.0007675023513105024,-0.003321607970844913,-0.004533363092902824,-0.0008980055440424577,-0.0002701557435384443,-0.0018828256638275416,1.3083000332843169e-5,0.0002875059435959648,-0.00648419468834162,0.0013966016813602563,0.0010231487271633222,-0.0021704357180351197,0.0020707488334985435,-0.001967254255547692,0.003922551186657237,-0.003141446803136483,-0.0040539194355216895,-0.0011395356803852398,-0.0038613990364759496,0.0007675023513105024,0.013923727108910437,0.0020672387695276247,0.003905364163820102,0.0031019730815818078,0.005371938611588582,-0.0018944903266294366,0.0003700967134816226,-0.0013271213099308576,0.003536691617669949,-4.235713608172064e-5,-0.00018758955132370592,-0.0009863425601137634,-0.00036628021959702044,-0.0011514510487054274,-0.0003219090215443801,0.001997986925462659,-0.00411361164340877,-0.0021818893533507113,-0.0018719744668810566,-0.003321607970844913,0.0020672387695276247,0.016284398576202973,0.0010129364086599302,-3.2206196657815056e-5,-0.0005348303035298374,-0.0006591464595015198,-0.003914145312532229,-0.0027655065836717386,0.0064725342316504526,-0.0007572120346183355,-0.0002772026101502718,-0.0022475370904175285,-0.002385855676918577,-0.0013556553667283674,-0.0028130349398118562,0.0016227115297792144,0.00039858624212699053,-0.00010169137904213221,-0.0035712668362332615,-0.004533363092902824,0.003905364163820102,0.0010129364086599302,0.013360985444389649,-0.001449749225161813,-0.0009021325599357492,-0.0010130172814276873,-0.0019412003271899179,-0.0018613959382862322,0.0006948096350439135,-0.000371280554360294,-0.0006170259270100008,0.0019159826971833311,-0.0013526366617466574,-0.0007446764792873835,-0.0011229396838922235,0.002561446163139099,-0.0013514300066564974,0.0018065503476680208,-0.003459761754454113,-0.0008980055440424577,0.0031019730815818078,-3.2206196657815056e-5,-0.001449749225161813,0.01112004960953876,0.0022398880362502096,-0.0005589628621558503,-0.0033053880110776417,-0.0017669264279744654,0.0011887193615613527,-0.00010418998224826458,0.0004240523240236434,-0.0017254972124717291,0.0013016978086329224,-0.002851881651445454,0.0014455877482094496,0.0010515559612350638,-0.0025646858671587005,0.001996650887697845,-0.005110929090729192,-0.0002701557435384443,0.005371938611588582,-0.0005348303035298374,-0.0009021325599357492,0.0022398880362502096,0.012511927762268832,-0.0029190386669457656,0.004192976752025577,-0.0006813906184366413,0.0008797463511172766,-0.0020540702612813918,0.0009509557399096134,0.0005623695823489676,0.0004934367850390404,-0.0009316769754077405,0.002151570731100441,0.0019879881923603442,0.0016000938999645086,-0.0014809703027396114,0.0015098355447978528,-0.0018828256638275416,-0.0018944903266294366,-0.0006591464595015198,-0.0010130172814276873,-0.0005589628621558503,-0.0029190386669457656,0.01107346383768148,-0.003591029823316866,0.0022830949259726053,-0.0024884768993613717,-5.144634971408219e-5,0.0004648054655665564,5.850001164867155e-5,-0.002500202061594647,0.00043602016587671944,0.000739095017847844,-0.0033896250749387365,-0.0001635135837271014,0.002587780972200032,-0.0013080421196102051,1.3083000332843169e-5,0.0003700967134816226,-0.003914145312532229,-0.0019412003271899179,-0.0033053880110776417,0.004192976752025577,-0.003591029823316866,0.010632581215266222,-0.0013756154508044694,0.002762417961856736,0.00048236476350876624,-0.0005537781213750736,-0.0008052419631340381,0.0013996624829970246,0.0021108610738217438,-0.0011948060861619167,0.004910955010751606,0.0028276913034227216,-0.0022658113075897587,0.0009099029983244789,0.0002875059435959648,-0.0013271213099308576,-0.0027655065836717386,-0.0018613959382862322,-0.0017669264279744654,-0.0006813906184366413,0.0022830949259726053,-0.0013756154508044694,0.014308715816338972,-0.004051482448565161,0.003043631863528677,0.0004077392720716565,-0.0009981628120491913,-0.0028239208351604254,0.00031823783053562993,-0.0004487211249909406,-0.00323380847464939,-0.002403204218115947,-0.002171032015600779,-0.0017415743165149994,-0.00648419468834162,0.003536691617669949,0.0064725342316504526,0.0006948096350439135,0.0011887193615613527,0.0008797463511172766,-0.0024884768993613717,0.002762417961856736,-0.004051482448565161,0.01804976690597062,-0.0014309703785316866,-0.0029963402047435694,0.0033853891444586134,-0.0011330095315173457,0.0014528099007617696,-0.0006371589435178542,0.004034307551024555,-0.0010715442722057107,0.0014925101644571556,-0.00033011935828910815,0.0013966016813602563,-4.235713608172064e-5,-0.0007572120346183355,-0.000371280554360294,-0.00010418998224826458,-0.0020540702612813918,-5.144634971408219e-5,0.00048236476350876624,0.003043631863528677,-0.0014309703785316866,0.010080284118156348,0.0005839138580802162,4.3817851440657905e-5,-0.0004254662393477792,-0.0007086073769305882,-0.00015201333043436728,-0.005353330363745417,0.0037780625177560997,0.001004214241963476,0.0026410180380949527,0.0010231487271633222,-0.00018758955132370592,-0.0002772026101502718,-0.0006170259270100008,0.0004240523240236434,0.0009509557399096134,0.0004648054655665564,-0.0005537781213750736,0.0004077392720716565,-0.0029963402047435694,0.0005839138580802162,0.010448501532912203,0.001581679279268485,-0.0020144939492935366,0.0014334522582215162,-0.0018070431511136489,-0.0027509380477305817,-0.002581396911415175,0.000780560157218124,0.0017395431895281602,-0.0021704357180351197,-0.0009863425601137634,-0.0022475370904175285,0.0019159826971833311,-0.0017254972124717291,0.0005623695823489676,5.850001164867155e-5,-0.0008052419631340381,-0.0009981628120491913,0.0033853891444586134,4.3817851440657905e-5,0.001581679279268485,0.010901644567051028,-0.0015791987104477917,0.0006333805767132527,-0.0030105650828737914,-0.0006347193272016379,-0.001370650843704648,0.001361767232369865,-0.002172572674019293,0.0020707488334985435,-0.00036628021959702044,-0.002385855676918577,-0.0013526366617466574,0.0013016978086329224,0.0004934367850390404,-0.002500202061594647,0.0013996624829970246,-0.0028239208351604254,-0.0011330095315173457,-0.0004254662393477792,-0.0020144939492935366,-0.0015791987104477917,0.014338808507510433,-0.004484422934343213,0.00576835504512359,0.003772407770526688,0.00503450744205609,0.0028067735294767604,0.003234861654827056,-0.001967254255547692,-0.0011514510487054274,-0.0013556553667283674,-0.0007446764792873835,-0.002851881651445454,-0.0009316769754077405,0.00043602016587671944,0.0021108610738217438,0.00031823783053562993,0.0014528099007617696,-0.0007086073769305882,0.0014334522582215162,0.0006333805767132527,-0.004484422934343213,0.015185609294333985,-0.00591168768919041,-0.002572743436352414,-0.002116197415148112,-0.0026299466295822303,-0.0017467165990945666,0.003922551186657237,-0.0003219090215443801,-0.0028130349398118562,-0.0011229396838922235,0.0014455877482094496,0.002151570731100441,0.000739095017847844,-0.0011948060861619167,-0.0004487211249909406,-0.0006371589435178542,-0.00015201333043436728,-0.0018070431511136489,-0.0030105650828737914,0.00576835504512359,-0.00591168768919041,0.018574800119733385,-0.00021912026843482065,-0.005996648329211082,0.001796164871267305,-0.0031174959779407484,-0.003141446803136483,0.001997986925462659,0.0016227115297792144,0.002561446163139099,0.0010515559612350638,0.0019879881923603442,-0.0033896250749387365,0.004910955010751606,-0.00323380847464939,0.004034307551024555,-0.005353330363745417,-0.0027509380477305817,-0.0006347193272016379,0.003772407770526688,-0.002572743436352414,-0.00021912026843482065,0.018802779235626045
