0.03748060831786604,0.0017668505573332789,-0.0020149751075368124,-0.009689115439283708,-0.012565427175598325,0.018045235359329725,-0.005458165943301196,-0.007892249151630757,0.012808106427029791,0.008549242433619594,-0.0020848583030141183,-0.015369053344499575,-0.005965737167245546,-0.005947597708682731,0.005536280564982345,0.005951849598999199,0.008273824993921092,-0.005839235832450548,0.0027769641775477593,0.004663609242072565,0.0017668505573332789,0.015220410543308596,0.0021759037553066136,-0.002453965792005595,-0.0034809809891462725,0.004012002379188778,-0.0002685484854027566,-0.006955161137598805,-0.002743457348880273,0.0004268039859385935,-0.0010278859914777966,-0.00574716596678081,-0.0004423939999073928,0.0011603065926533295,0.006394490348057537,0.006022408732060773,0.00418155672652285,-0.002584421327360141,-0.0001990861790138515,0.0017564834630769148,-0.0020149751075368124,0.0021759037553066136,0.03218394265683835,-0.0021812659830600014,-0.0072949249656172055,-0.0018087916018345732,0.008992240308264374,-0.005753086083403872,-0.008014934774354297,-0.003801601770031115,-0.0010983665329773185,-0.007184975315600162,-0.007037067957905919,0.0064305375139352165,0.007504256427920037,0.003094239652938296,0.012609723536041352,0.0005803646486982699,-0.00749617575837719,-0.0020936727464214706,-0.009689115439283708,-0.002453965792005595,-0.0021812659830600014,0.04162920411494248,0.010330876593520503,-0.0152836086409734,0.011863896291004681,0.005022832022349761,-0.008419661801241124,-0.006674052683654152,-0.008883777262257373,0.013318288977338708,0.0034284832544172706,-0.0008865589641636113,-0.008595571298717523,-0.007247249648225337,-0.0021709355531018965,-0.0009450721807572413,0.002992679709920134,-0.014225080784346086,-0.012565427175598325,-0.0034809809891462725,-0.0072949249656172055,0.010330876593520503,0.02240090804229355,-0.012008988372317892,0.00415563159352807,0.00853528584450961,-0.004029197828122165,-0.006731380404623068,0.002998686187191297,0.008936001016674154,-0.0006930869216435423,0.008077646887091804,-0.0020391565216523666,-0.006906217316676114,-0.0007719711339149326,0.003959756864770231,0.0007203838284471839,-0.0086111870703695,0.018045235359329725,0.004012002379188778,-0.0018087916018345732,-0.0152836086409734,-0.012008988372317892,0.03522063157578165,-0.004713111627300631,-0.009629818476604147,0.008884458099337848,0.011185268693654587,0.005029793885711254,-0.0060572549247587685,-0.007477969681305438,-0.00818139178570802,0.0016485082859737693,-0.0011754729082391537,0.005118473153068999,-0.0057655351052160134,-0.0010825263890489275,0.011008454430506276,-0.005458165943301196,-0.0002685484854027566,0.008992240308264374,0.011863896291004681,0.00415563159352807,-0.004713111627300631,0.03616360265808417,-0.013219054368950593,-0.007907736636969214,-0.01075023178713376,-0.004962663212541288,0.005356481354399989,0.004336466369291376,-0.0008474134076421422,-0.0018338250530046262,-0.003672990036682957,0.003058253331676474,-0.002743345688281838,-0.007657482976243172,-0.008382824692888667,-0.007892249151630757,-0.006955161137598805,-0.005753086083403872,0.005022832022349761,0.00853528584450961,-0.009629818476604147,-0.013219054368950593,0.04519244288605074,-0.006218597449242469,-0.004785917888962241,0.006098263580967989,0.012842956510391544,0.0007808874045013545,0.006915581351937399,-0.003235217744979797,-0.004887028148492787,-0.008534408857182148,0.00835039154601187,0.0046190066434027965,0.004037211030663382,0.012808106427029791,-0.002743457348880273,-0.008014934774354297,-0.008419661801241124,-0.004029197828122165,0.008884458099337848,-0.007907736636969214,-0.006218597449242469,0.024699284736071112,0.0037420290023929582,-0.002856312917248351,-0.00948338929513582,-0.001747820624669267,-0.0017018829036622135,0.0036989554534442677,0.005587943939681236,-0.0004814656504264674,0.0011777122659356637,-0.0038744488941765834,0.0005544559489995366,0.008549242433619594,0.0004268039859385935,-0.003801601770031115,-0.006674052683654152,-0.006731380404623068,0.011185268693654587,-0.01075023178713376,-0.004785917888962241,0.0037420290023929582,0.031425201267156824,0.002932555635469094,-0.010078597812310868,0.0016399348268742826,-0.006741476604996995,0.00042864046336946984,0.014157465210641222,-0.003824382918795231,-0.0029200299282985892,0.0017174376846234636,0.0039615466019633895,-0.0020848583030141183,-0.0010278859914777966,-0.0010983665329773185,-0.008883777262257373,0.002998686187191297,0.005029793885711254,-0.004962663212541288,0.006098263580967989,-0.002856312917248351,0.002932555635469094,0.02565156455382968,0.001831202826987764,0.0010929490422456663,-0.002750649818009357,0.000519464680958585,-0.0018651106526336616,-0.003367888853481208,-0.0005691199988053118,-0.003269135120550992,0.004389819792715808,-0.015369053344499575,-0.00574716596678081,-0.007184975315600162,0.013318288977338708,0.008936001016674154,-0.0060572549247587685,0.005356481354399989,0.012842956510391544,-0.00948338929513582,-0.010078597812310868,0.001831202826987764,0.03976816773293578,0.0029605163341664366,0.00432053553471064,-0.0107443087655224,-0.012438320947181385,-0.012832998005552298,0.0021133850380923996,0.004062440094470357,-0.00815052779811788,-0.005965737167245546,-0.0004423939999073928,-0.007037067957905919,0.0034284832544172706,-0.0006930869216435423,-0.007477969681305438,0.004336466369291376,0.0007808874045013545,-0.001747820624669267,0.0016399348268742826,0.0010929490422456663,0.0029605163341664366,0.019319928166594554,-0.0013352366835414763,-2.4349121744452742e-5,-0.0042610147412813736,-0.007546636230299109,-0.002858822455054897,0.0014564664860217188,0.0011400388491278465,-0.005947597708682731,0.0011603065926533295,0.0064305375139352165,-0.0008865589641636113,0.008077646887091804,-0.00818139178570802,-0.0008474134076421422,0.006915581351937399,-0.0017018829036622135,-0.006741476604996995,-0.002750649818009357,0.00432053553471064,-0.0013352366835414763,0.027383774884970614,-0.0012452926078853808,-0.0005296898410535147,-0.00364117458851105,0.00019418068766218041,-0.008728539157781056,-0.007346230454492304,0.005536280564982345,0.006394490348057537,0.007504256427920037,-0.008595571298717523,-0.0020391565216523666,0.0016485082859737693,-0.0018338250530046262,-0.003235217744979797,0.0036989554534442677,0.00042864046336946984,0.000519464680958585,-0.0107443087655224,-2.4349121744452742e-5,-0.0012452926078853808,0.020865428947034113,0.007175621409344575,-0.0007301760447999571,-0.0070239735019072234,0.002658372041420761,0.002760336025255673,0.005951849598999199,0.006022408732060773,0.003094239652938296,-0.007247249648225337,-0.006906217316676114,-0.0011754729082391537,-0.003672990036682957,-0.004887028148492787,0.005587943939681236,0.014157465210641222,-0.0018651106526336616,-0.012438320947181385,-0.0042610147412813736,-0.0005296898410535147,0.007175621409344575,0.026726984262827692,-0.003615797024294095,-0.001621155199744612,-0.007655572197484641,-0.0017066235120864954,0.008273824993921092,0.00418155672652285,0.012609723536041352,-0.0021709355531018965,-0.0007719711339149326,0.005118473153068999,0.003058253331676474,-0.008534408857182148,-0.0004814656504264674,-0.003824382918795231,-0.003367888853481208,-0.012832998005552298,-0.007546636230299109,-0.00364117458851105,-0.0007301760447999571,-0.003615797024294095,0.03770124253822298,0.0018318579256633492,-0.0028973352987130426,-0.003423498455607627,-0.005839235832450548,-0.002584421327360141,0.0005803646486982699,-0.0009450721807572413,0.003959756864770231,-0.0057655351052160134,-0.002743345688281838,0.00835039154601187,0.0011777122659356637,-0.0029200299282985892,-0.0005691199988053118,0.0021133850380923996,-0.002858822455054897,0.00019418068766218041,-0.0070239735019072234,-0.001621155199744612,0.0018318579256633492,0.02443944282671847,0.0007975365394521372,0.0026530539345760483,0.0027769641775477593,-0.0001990861790138515,-0.00749617575837719,0.002992679709920134,0.0007203838284471839,-0.0010825263890489275,-0.007657482976243172,0.0046190066434027965,-0.0038744488941765834,0.0017174376846234636,-0.003269135120550992,0.004062440094470357,0.0014564664860217188,-0.008728539157781056,0.002658372041420761,-0.007655572197484641,-0.0028973352987130426,0.0007975365394521372,0.016805266713413577,0.0026533017028811637,0.004663609242072565,0.0017564834630769148,-0.0020936727464214706,-0.014225080784346086,-0.0086111870703695,0.011008454430506276,-0.008382824692888667,0.004037211030663382,0.0005544559489995366,0.0039615466019633895,0.004389819792715808,-0.00815052779811788,0.0011400388491278465,-0.007346230454492304,0.002760336025255673,-0.0017066235120864954,-0.003423498455607627,0.0026530539345760483,0.0026533017028811637,0.03862320537424534
