0.04415867997935313,-0.007174360523035092,-0.0051029519163801745,0.027033972781938132,0.016404544198717043,-0.0012115714111207102,0.007825198767871949,0.04142955153166154,0.004784615265617534,0.01552391066939481,-0.0004566507961063643,-0.0029460309397030364,-0.007843219883649338,0.017164211486629152,0.02694215985817925,0.011956953880224786,0.006330434243791566,0.018752282120435497,0.011138435936265921,0.01824102786165342,-0.007174360523035092,0.10063114309007612,0.002698489822145187,-0.012578147837797145,-0.03938553889869377,0.029276059773448774,0.0020068423362763965,-0.058262071774282276,0.006109158683258717,0.0027794792937130284,0.008868185587272403,-0.015819157553055456,0.05686955287494407,0.016187529399431463,0.037361009281644396,-0.020214254721116036,0.03432941806062577,-0.004391642101377904,-0.030352343563614662,0.006773357015437527,-0.0051029519163801745,0.002698489822145187,0.023953995901645857,0.0029706016832994394,0.006490914114636507,0.015039325810414072,-0.007152210169126524,-0.001170163581683811,0.01890042683191718,-0.005212133682315845,0.022515120740007107,0.008057842844067834,0.00880255032891427,7.300224500824629e-6,-0.0012924325167105889,0.015744580551458727,-0.0038900710366420485,0.005163910710057496,0.003154987085803078,-0.00025468000724355403,0.027033972781938132,-0.012578147837797145,0.0029706016832994394,0.045390472592982525,0.0287770995194572,-0.0017482090008620315,-0.00940389321447144,0.05244315009090886,0.011475312224627561,0.011471973022177756,-0.000649651507267611,0.003194372731688139,-0.027931644311341403,0.0126725082509985,0.011860256276085692,0.018493234474965193,-0.009033643743442666,0.023640342875114028,0.029427281319387707,0.007609377946892652,0.016404544198717043,-0.03938553889869377,0.006490914114636507,0.0287770995194572,0.07043575158905713,-0.022515516392656643,0.014891057021883472,0.04679442616443187,0.047484855593114196,5.369328221649025e-5,0.008732470238718468,0.007276956347264685,-0.014270141278028321,0.010806294446471422,-0.0009825136964746722,0.035876393365378165,-0.0030048108606101935,0.016321499979161352,0.047240060110841156,0.01987017687903593,-0.0012115714111207102,0.029276059773448774,0.015039325810414072,-0.0017482090008620315,-0.022515516392656643,0.05795878215056646,-0.028547168504787602,-0.015279777949923998,-0.010189327079878087,0.007596194575335703,0.015161125332675777,0.008064780265830351,0.01444633454516924,0.015025299098937303,0.024576306063041994,0.014292435228666614,-0.0015186216629139845,0.008506500952239461,-0.006268092171101175,0.006603032567611565,0.007825198767871949,0.0020068423362763965,-0.007152210169126524,-0.00940389321447144,0.014891057021883472,-0.028547168504787602,0.09356112431248828,-0.024423756429960322,0.03286458031234876,-0.003553107344343274,0.008816085946831326,-0.0014678964393503293,0.04973920125705282,0.012905904199731515,0.0017166691752824488,0.002515852294725721,0.05169767070916079,0.008364486017867954,0.007043414765705007,0.028016966902305596,0.04142955153166154,-0.058262071774282276,-0.001170163581683811,0.05244315009090886,0.04679442616443187,-0.015279777949923998,-0.024423756429960322,0.16443297829848766,0.032617633889003614,0.02862647849244563,0.01095860278591181,0.03490906187951773,-0.05759415210396967,0.02971687689993125,0.019237183115137797,0.03505317058937976,-0.028569467697127017,0.04471439535157308,0.035622332002890784,0.038083342722774666,0.004784615265617534,0.006109158683258717,0.01890042683191718,0.011475312224627561,0.047484855593114196,-0.010189327079878087,0.03286458031234876,0.032617633889003614,0.10227459521879628,-0.003746220839528129,0.0407564172705798,0.014174231361595005,0.036911663980055506,0.017503211489190457,0.015172690622114234,0.03602736759262219,0.02603514257664016,0.028698331289171944,0.03666077356990912,0.04231409868001575,0.01552391066939481,0.0027794792937130284,-0.005212133682315845,0.011471973022177756,5.369328221649025e-5,0.007596194575335703,-0.003553107344343274,0.02862647849244563,-0.003746220839528129,0.023438601140003103,0.00281516557604497,0.007446472078113237,-0.0015637422905033886,0.01908628677303889,0.022368769304450357,0.0066171068320055966,-0.0020587345968523406,0.009152253180850951,-0.00017372553442496826,0.014789934289248016,-0.0004566507961063643,0.008868185587272403,0.022515120740007107,-0.000649651507267611,0.008732470238718468,0.015161125332675777,0.008816085946831326,0.01095860278591181,0.0407564172705798,0.00281516557604497,0.06141863050826066,0.023155512655241517,0.023611373268291165,0.012134171841699693,0.006746601608209526,0.032657976045659134,0.012930799498336996,0.0237158662820688,0.0021024060392959825,0.008770801698979144,-0.0029460309397030364,-0.015819157553055456,0.008057842844067834,0.003194372731688139,0.007276956347264685,0.008064780265830351,-0.0014678964393503293,0.03490906187951773,0.014174231361595005,0.007446472078113237,0.023155512655241517,0.05369154080284487,-0.003104276377146109,0.032570104477900375,0.0046630186130695445,0.02709177015929995,-0.001055792710244626,0.017914185498032746,5.801985132889483e-5,0.02493150796854083,-0.007843219883649338,0.05686955287494407,0.00880255032891427,-0.027931644311341403,-0.014270141278028321,0.01444633454516924,0.04973920125705282,-0.05759415210396967,0.036911663980055506,-0.0015637422905033886,0.023611373268291165,-0.003104276377146109,0.08687978031123733,0.015148891596692911,0.026047524731309002,-0.002146114329660352,0.04990411484000489,-0.002082032824980949,-0.016252139332379407,0.02820711009603418,0.017164211486629152,0.016187529399431463,7.300224500824629e-6,0.0126725082509985,0.010806294446471422,0.015025299098937303,0.012905904199731515,0.02971687689993125,0.017503211489190457,0.01908628677303889,0.012134171841699693,0.032570104477900375,0.015148891596692911,0.07022640275350907,0.042305695422713945,0.029524675354013485,0.03048159113197056,0.019812802152519748,0.011388844235354887,0.04473784320079659,0.02694215985817925,0.037361009281644396,-0.0012924325167105889,0.011860256276085692,-0.0009825136964746722,0.024576306063041994,0.0017166691752824488,0.019237183115137797,0.015172690622114234,0.022368769304450357,0.006746601608209526,0.0046630186130695445,0.026047524731309002,0.042305695422713945,0.07127627764392615,0.01353343510374377,0.022871096424692795,0.008294110089389205,-0.0009605867108506191,0.03771586388101227,0.011956953880224786,-0.020214254721116036,0.015744580551458727,0.018493234474965193,0.035876393365378165,0.014292435228666614,0.002515852294725721,0.03505317058937976,0.03602736759262219,0.0066171068320055966,0.032657976045659134,0.02709177015929995,-0.002146114329660352,0.029524675354013485,0.01353343510374377,0.06952745540496666,0.006956073727390374,0.040440312202856515,0.037024973289728876,0.02230636973590635,0.006330434243791566,0.03432941806062577,-0.0038900710366420485,-0.009033643743442666,-0.0030048108606101935,-0.0015186216629139845,0.05169767070916079,-0.028569467697127017,0.02603514257664016,-0.0020587345968523406,0.012930799498336996,-0.001055792710244626,0.04990411484000489,0.03048159113197056,0.022871096424692795,0.006956073727390374,0.059239557963814436,0.011419607677578512,-0.006115536313552972,0.02849990086155883,0.018752282120435497,-0.004391642101377904,0.005163910710057496,0.023640342875114028,0.016321499979161352,0.008506500952239461,0.008364486017867954,0.04471439535157308,0.028698331289171944,0.009152253180850951,0.0237158662820688,0.017914185498032746,-0.002082032824980949,0.019812802152519748,0.008294110089389205,0.040440312202856515,0.011419607677578512,0.06654844571094859,0.028759202280220456,0.0243171405571469,0.011138435936265921,-0.030352343563614662,0.003154987085803078,0.029427281319387707,0.047240060110841156,-0.006268092171101175,0.007043414765705007,0.035622332002890784,0.03666077356990912,-0.00017372553442496826,0.0021024060392959825,5.801985132889483e-5,-0.016252139332379407,0.011388844235354887,-0.0009605867108506191,0.037024973289728876,-0.006115536313552972,0.028759202280220456,0.06786420755841943,0.015012798546576604,0.01824102786165342,0.006773357015437527,-0.00025468000724355403,0.007609377946892652,0.01987017687903593,0.006603032567611565,0.028016966902305596,0.038083342722774666,0.04231409868001575,0.014789934289248016,0.008770801698979144,0.02493150796854083,0.02820711009603418,0.04473784320079659,0.03771586388101227,0.02230636973590635,0.02849990086155883,0.0243171405571469,0.015012798546576604,0.06555190586650937
0.039869801848515296,0.00013611861249650248,0.019344139726210147,0.019569632156748937,0.009737783614002429,0.029084670217470264,1.4245945512986885e-5,0.025210249877939715,0.0307885295973808,0.013030345673153554,0.013830656749993783,0.016620667955465178,0.009280248356225995,0.030348877586948878,0.018672743972410238,0.018969077424591488,0.0009539866526313365,0.02303226303283145,-3.59095299549304e-5,0.022161384888650715,0.00013611861249650248,0.052155790852379695,0.0017626388572280494,0.013075461258945709,-0.0014654273050034097,0.007846678572858059,0.007026364096712903,0.0011916218855034088,-0.0020830002314531845,0.004056705179434032,0.006148863846422263,-0.00043249869295265654,0.0132156481320994,0.01605466473862878,0.02380613605579314,0.0007356895377364945,0.015010972213177806,0.013565158418926315,-0.002794644081946225,0.011435956924246857,0.019344139726210147,0.0017626388572280494,0.029894920087106376,0.013253435023881904,0.004329558928943564,0.01793578888939972,0.007872062114543036,0.014046841597376646,0.017336299426520457,0.00888041402198795,0.013681452658877585,0.014350759283624042,0.009098733520313321,0.026703490893949137,0.0066168865310785455,0.020671229399452876,-0.0023895654463914704,0.01602896644552964,0.0035169056383740154,0.01791452169101565,0.019569632156748937,0.013075461258945709,0.013253435023881904,0.044531439531226416,0.019593442522834813,0.012475915762978358,0.00045851378869839893,0.016325081770374457,0.027218468753365595,0.014250682037663396,0.011902917965450878,0.017944406279745907,0.01198835499553649,0.031091515647850343,0.01743618525036635,0.017748604252783972,0.013617327020965374,0.016858052147049798,0.010866299378519483,0.014808597037442927,0.009737783614002429,-0.0014654273050034097,0.004329558928943564,0.019593442522834813,0.0411603780786049,0.013620902154124823,-0.007847118251312464,0.019604566307643546,0.03045756228096247,0.004178769272741333,-0.008012982803958141,0.00033340683926664193,0.012688889642732383,0.004841236342975768,0.0097754112947224,0.007333157065015647,0.001684906403985693,0.012971708987861747,0.004168753316831815,0.01940568588648115,0.029084670217470264,0.007846678572858059,0.01793578888939972,0.012475915762978358,0.013620902154124823,0.06623843480807748,0.0011248268811541108,0.030836915601005196,0.02916865228336451,0.01677984246530304,0.012375980320992571,0.020848664291983662,0.02343286026452243,0.037769663195714745,0.0287630392396661,0.021220728270512183,-0.0008396683624941872,0.028015793021606342,0.004777784443128902,0.03689525036307823,1.4245945512986885e-5,0.007026364096712903,0.007872062114543036,0.00045851378869839893,-0.007847118251312464,0.0011248268811541108,0.04427802391898817,-0.0021862062605443417,-0.006273376704202581,0.006388153811300664,0.016873300589520634,0.0018115944196313502,0.0045371156622612,0.0199751150020617,0.006964956951611591,0.005559260755920402,0.013781230922675906,0.0007931063378965025,0.001706565539570037,0.010871794136306547,0.025210249877939715,0.0011916218855034088,0.014046841597376646,0.016325081770374457,0.019604566307643546,0.030836915601005196,-0.0021862062605443417,0.055411322938612534,0.03077480162777333,0.008934070469020387,0.00417093823057911,0.01340613137663207,0.01474136915290243,0.0245735512487337,0.018903844229816547,0.013247748253977409,0.0037323216384774574,0.0246006712425767,-0.003767035721123513,0.03424011185451167,0.0307885295973808,-0.0020830002314531845,0.017336299426520457,0.027218468753365595,0.03045756228096247,0.02916865228336451,-0.006273376704202581,0.03077480162777333,0.078573546799661,0.006425094256785755,0.0036530343292753564,0.012540049223046553,0.01593045875309128,0.021702768497911744,0.02369147395316176,0.023672770055869118,-4.9796437403390806e-5,0.030801555436167815,0.01845978686896784,0.03276904204695685,0.013030345673153554,0.004056705179434032,0.00888041402198795,0.014250682037663396,0.004178769272741333,0.01677984246530304,0.006388153811300664,0.008934070469020387,0.006425094256785755,0.024586719838146802,0.01159314675227037,0.007427405943759984,0.00898644962289482,0.03227310026155933,0.015067565138312158,0.013417693712633735,0.0036226345491528456,0.011016005450764909,0.005095773559158398,0.0131218579295133,0.013830656749993783,0.006148863846422263,0.013681452658877585,0.011902917965450878,-0.008012982803958141,0.012375980320992571,0.016873300589520634,0.00417093823057911,0.0036530343292753564,0.01159314675227037,0.03894387311575305,0.012336657016823916,0.004557473781436415,0.03151697312874302,0.01246602675152727,0.012168551325872173,0.011588751146291983,0.009049816756025513,0.007021494781094162,0.0013120754174537463,0.016620667955465178,-0.00043249869295265654,0.014350759283624042,0.017944406279745907,0.00033340683926664193,0.020848664291983662,0.0018115944196313502,0.01340613137663207,0.012540049223046553,0.007427405943759984,0.012336657016823916,0.03670339468470174,0.006231022784989008,0.031465661221532784,0.0049193362942223495,0.022123870087835784,0.0008092456074698271,0.009807151197993368,0.005475281390370565,0.016644263358349187,0.009280248356225995,0.0132156481320994,0.009098733520313321,0.01198835499553649,0.012688889642732383,0.02343286026452243,0.0045371156622612,0.01474136915290243,0.01593045875309128,0.00898644962289482,0.004557473781436415,0.006231022784989008,0.026220325589878593,0.017573293385434965,0.015566746551669937,0.008838126900112842,0.008430117753130417,0.013633368433752097,0.002323026546899719,0.021834041758229047,0.030348877586948878,0.01605466473862878,0.026703490893949137,0.031091515647850343,0.004841236342975768,0.037769663195714745,0.0199751150020617,0.0245735512487337,0.021702768497911744,0.03227310026155933,0.03151697312874302,0.031465661221532784,0.017573293385434965,0.08971573079364052,0.028220189408013775,0.03130866259398905,0.018175771879084045,0.02114921877264361,0.020778807061337785,0.03686552967858078,0.018672743972410238,0.02380613605579314,0.0066168865310785455,0.01743618525036635,0.0097754112947224,0.0287630392396661,0.006964956951611591,0.018903844229816547,0.02369147395316176,0.015067565138312158,0.01246602675152727,0.0049193362942223495,0.015566746551669937,0.028220189408013775,0.04653531969301841,0.006145101755600653,0.010166529507572686,0.01942630758335256,0.001520604624282902,0.02352607162128796,0.018969077424591488,0.0007356895377364945,0.020671229399452876,0.017748604252783972,0.007333157065015647,0.021220728270512183,0.005559260755920402,0.013247748253977409,0.023672770055869118,0.013417693712633735,0.012168551325872173,0.022123870087835784,0.008838126900112842,0.03130866259398905,0.006145101755600653,0.043854756887195694,-0.0010005204232126502,0.020095404044185618,0.016096920288986013,0.021047837833124278,0.0009539866526313365,0.015010972213177806,-0.0023895654463914704,0.013617327020965374,0.001684906403985693,-0.0008396683624941872,0.013781230922675906,0.0037323216384774574,-4.9796437403390806e-5,0.0036226345491528456,0.011588751146291983,0.0008092456074698271,0.008430117753130417,0.018175771879084045,0.010166529507572686,-0.0010005204232126502,0.028276091530033326,0.0030279045115853553,-0.006113213837317058,0.007745979539019218,0.02303226303283145,0.013565158418926315,0.01602896644552964,0.016858052147049798,0.012971708987861747,0.028015793021606342,0.0007931063378965025,0.0246006712425767,0.030801555436167815,0.011016005450764909,0.009049816756025513,0.009807151197993368,0.013633368433752097,0.02114921877264361,0.01942630758335256,0.020095404044185618,0.0030279045115853553,0.05002164004812934,0.0039104295165926445,0.02377690367599077,-3.59095299549304e-5,-0.002794644081946225,0.0035169056383740154,0.010866299378519483,0.004168753316831815,0.004777784443128902,0.001706565539570037,-0.003767035721123513,0.01845978686896784,0.005095773559158398,0.007021494781094162,0.005475281390370565,0.002323026546899719,0.020778807061337785,0.001520604624282902,0.016096920288986013,-0.006113213837317058,0.0039104295165926445,0.041062413040326956,0.005806246300875611,0.022161384888650715,0.011435956924246857,0.01791452169101565,0.014808597037442927,0.01940568588648115,0.03689525036307823,0.010871794136306547,0.03424011185451167,0.03276904204695685,0.0131218579295133,0.0013120754174537463,0.016644263358349187,0.021834041758229047,0.03686552967858078,0.02352607162128796,0.021047837833124278,0.007745979539019218,0.02377690367599077,0.005806246300875611,0.059346204695514576
0.048237745503331174,0.037897006902470824,0.052027164422857514,0.040194228327951775,0.025263986994618723,0.000642949202356202,0.016692140419476087,0.02799481793146278,0.03259749265754705,0.053407566325818556,0.013679439419063603,0.03341108039576213,0.03688533629322779,0.0326165942815593,0.01025915523518987,0.021716609105080775,0.027815581208914315,0.004232787640501301,0.022029373207912994,0.008146488376358518,0.037897006902470824,0.059532704178274165,0.06667531274591362,0.04920667572528606,0.03379330499635301,-0.0021026361265284316,0.030822373460675272,0.03234848912748159,0.03554239238273822,0.06399862743369894,0.01973941736263897,0.03747529824355776,0.048387062451686946,0.03966938956076309,0.0072205001243208005,0.03040841805980544,0.0528561826769853,0.0029055798692275477,0.028175912619544042,0.009745430990517417,0.052027164422857514,0.06667531274591362,0.14151862133770743,0.08127975096885405,0.05336365259416598,-0.01759313608717788,0.05025969617340671,0.028055182076461307,0.04096765412745902,0.09901350827457378,0.018367248705273745,0.05721909220171091,0.07631453261795212,0.05017422335961656,0.021066185940066075,0.048563973543744005,0.09622144001817887,-0.012989694312628773,0.03718344617946086,-0.014699017455715252,0.040194228327951775,0.04920667572528606,0.08127975096885405,0.11478155628938846,0.04299301513548652,-0.018432946227462763,0.02185330170304261,0.0250895247874561,0.07937461590546022,0.08284342335959595,0.018529350583032324,0.06544554336725181,0.05631264295436807,0.05426810174850254,0.010833925727139326,0.03282759719068942,0.06391549771357469,-0.0030730641361404786,0.035677563956309395,0.018659574871368635,0.025263986994618723,0.03379330499635301,0.05336365259416598,0.04299301513548652,0.039642320287070335,-0.0069202835391188305,0.018390678564895853,0.019138542670763075,0.031013130835054782,0.05229560332879944,0.013743687301130587,0.03128498463253032,0.033211999106808096,0.02744322269162456,0.004290258709709548,0.02459178313725684,0.04038479887152512,-0.0031000180452031185,0.01869844366819637,0.005764949463103322,0.000642949202356202,-0.0021026361265284316,-0.01759313608717788,-0.018432946227462763,-0.0069202835391188305,0.03622304462752633,-0.02053476557525347,0.015805748522885563,0.0077297701583334015,-0.007700039623183745,-0.0053419980688676275,-0.006406822997901703,-0.01147961818629042,7.53172403278829e-5,-0.011972488148561548,-0.004639551118970245,-0.03892598816590937,0.00536546241763784,-0.006631069926619812,0.01609487341380448,0.016692140419476087,0.030822373460675272,0.05025969617340671,0.02185330170304261,0.018390678564895853,-0.02053476557525347,0.0656923571313058,0.006566605646775237,0.004589297890619444,0.039637381881579524,0.02908733500411314,0.022691137422625785,0.04434716536964101,0.016961666446832495,0.013704950883703543,0.015851157219694302,0.06916672241039978,-0.0056174044584291274,0.020014683351317564,-0.009525885891234442,0.02799481793146278,0.03234848912748159,0.028055182076461307,0.0250895247874561,0.019138542670763075,0.015805748522885563,0.006566605646775237,0.04863192710300328,0.03390949913452568,0.039828258042139256,0.01343871780109521,0.017157369622378023,0.024564989170944324,0.02765046486886255,0.00014292204959215696,0.018632428465121642,0.0150208763506939,0.013404228075502053,0.01796129041689315,0.02320342256802805,0.03259749265754705,0.03554239238273822,0.04096765412745902,0.07937461590546022,0.031013130835054782,0.0077297701583334015,0.004589297890619444,0.03390949913452568,0.10647572828477252,0.056967208988022155,0.008732972226495526,0.04695301251928283,0.038562113680352644,0.04953913726392396,4.81191309758839e-6,0.026824901056641162,0.025087646353797396,0.006715640684880085,0.019494066170336298,0.03448039499849855,0.053407566325818556,0.06399862743369894,0.09901350827457378,0.08284342335959595,0.05229560332879944,-0.007700039623183745,0.039637381881579524,0.039828258042139256,0.056967208988022155,0.10629158699645339,0.026869201580254472,0.05876624098731882,0.06717701921669353,0.054684048040656213,0.01400240861339537,0.042281017102174065,0.07969764333344229,0.00025531078589681845,0.04276845331956028,0.007856147792112897,0.013679439419063603,0.01973941736263897,0.018367248705273745,0.018529350583032324,0.013743687301130587,-0.0053419980688676275,0.02908733500411314,0.01343871780109521,0.008732972226495526,0.026869201580254472,0.04835636031294425,0.017646893576339175,0.0283803245857799,0.015138610235173298,0.012457028692281621,0.007625018972521838,0.040068903846945295,0.006869283467774795,0.017619308718785108,0.01313126952036091,0.03341108039576213,0.03747529824355776,0.05721909220171091,0.06544554336725181,0.03128498463253032,-0.006406822997901703,0.022691137422625785,0.017157369622378023,0.04695301251928283,0.05876624098731882,0.017646893576339175,0.06192007708215709,0.04117168141137164,0.03847745971759345,0.010475737252245286,0.02317452631630479,0.03975990244618899,-0.001387063879688649,0.02413987855169973,0.014233575373176488,0.03688533629322779,0.048387062451686946,0.07631453261795212,0.05631264295436807,0.033211999106808096,-0.01147961818629042,0.04434716536964101,0.024564989170944324,0.038562113680352644,0.06717701921669353,0.0283803245857799,0.04117168141137164,0.07385903567255592,0.0355436474555958,0.013642595494217192,0.02523829566964466,0.06829493915791064,0.003682449764681085,0.028604959043750097,0.0034535104745588453,0.0326165942815593,0.03966938956076309,0.05017422335961656,0.05426810174850254,0.02744322269162456,7.53172403278829e-5,0.016961666446832495,0.02765046486886255,0.04953913726392396,0.054684048040656213,0.015138610235173298,0.03847745971759345,0.0355436474555958,0.0526771477385112,0.004300420137357256,0.02501275115339801,0.03174944144172927,0.0017975122910985526,0.022167301719646572,0.016485904026867997,0.01025915523518987,0.0072205001243208005,0.021066185940066075,0.010833925727139326,0.004290258709709548,-0.011972488148561548,0.013704950883703543,0.00014292204959215696,4.81191309758839e-6,0.01400240861339537,0.012457028692281621,0.010475737252245286,0.013642595494217192,0.004300420137357256,0.021123852610247153,0.0031864667056720275,0.01979332959907517,-0.0025905138979218207,0.0073361158378742524,-0.005750031234290806,0.021716609105080775,0.03040841805980544,0.048563973543744005,0.03282759719068942,0.02459178313725684,-0.004639551118970245,0.015851157219694302,0.018632428465121642,0.026824901056641162,0.042281017102174065,0.007625018972521838,0.02317452631630479,0.02523829566964466,0.02501275115339801,0.0031864667056720275,0.03817310287189839,0.0368568566687071,-0.00811653312910698,0.015739157324380873,0.002728642562234161,0.027815581208914315,0.0528561826769853,0.09622144001817887,0.06391549771357469,0.04038479887152512,-0.03892598816590937,0.06916672241039978,0.0150208763506939,0.025087646353797396,0.07969764333344229,0.040068903846945295,0.03975990244618899,0.06829493915791064,0.03174944144172927,0.01979332959907517,0.0368568566687071,0.14127121352948627,-0.014987143921504364,0.03818803302900406,-0.015593412945595596,0.004232787640501301,0.0029055798692275477,-0.012989694312628773,-0.0030730641361404786,-0.0031000180452031185,0.00536546241763784,-0.0056174044584291274,0.013404228075502053,0.006715640684880085,0.00025531078589681845,0.006869283467774795,-0.001387063879688649,0.003682449764681085,0.0017975122910985526,-0.0025905138979218207,-0.00811653312910698,-0.014987143921504364,0.026428328617612934,0.002760593848633211,0.01773892703730826,0.022029373207912994,0.028175912619544042,0.03718344617946086,0.035677563956309395,0.01869844366819637,-0.006631069926619812,0.020014683351317564,0.01796129041689315,0.019494066170336298,0.04276845331956028,0.017619308718785108,0.02413987855169973,0.028604959043750097,0.022167301719646572,0.0073361158378742524,0.015739157324380873,0.03818803302900406,0.002760593848633211,0.03292710204579466,0.006291334031658484,0.008146488376358518,0.009745430990517417,-0.014699017455715252,0.018659574871368635,0.005764949463103322,0.01609487341380448,-0.009525885891234442,0.02320342256802805,0.03448039499849855,0.007856147792112897,0.01313126952036091,0.014233575373176488,0.0034535104745588453,0.016485904026867997,-0.005750031234290806,0.002728642562234161,-0.015593412945595596,0.01773892703730826,0.006291334031658484,0.05088200048742739
