0.013130973648260276,-0.0006243551429356328,0.003111680625653977,-0.00030609932175345195,-0.0006576128117142994,0.0006942446852680002,-0.000502801621534958,0.004340358114938438,0.00030170029046741153,-0.0001379840546519043,0.001024449747082879,0.0003010013170217972,0.00035573090869461425,0.0035382884869402547,8.5196358392307e-5,-0.0014523179529403575,0.0007451592160732537,-0.002267192539687048,-0.00371343126485852,-0.005594446054554353,-0.0006243551429356328,0.013514472194483769,0.0006738257608235076,-8.946431100084588e-5,0.0016888549921804555,-0.0013328912237652079,-0.0006294472062456022,0.0010247947721637248,0.00012421961169116984,-0.0010796281888325208,-0.0010266321843845259,-0.0012566825260455225,-0.0016989633024355416,0.002160371507382528,0.0024468238045734407,0.004045822681205964,0.0018083139858602142,0.00010554721296070189,-0.010908155286945807,-0.002997974191676217,0.003111680625653977,0.0006738257608235076,0.015636521784601128,0.0011934814589729978,0.0013871799447386763,-0.0015838901610066094,0.003806950595574255,-0.0026147241623750437,-0.004186865671129813,0.004762998974508402,-0.0006841103554837242,6.239556908505851e-5,-0.0016279000549968947,-0.006988511447375749,-0.002296785712300368,0.002119840427957813,-0.0009106654884458127,0.005422947475715373,-0.003935041495707808,-0.003920236118771106,-0.00030609932175345195,-8.946431100084588e-5,0.0011934814589729978,0.013025452328085425,0.0016853245815671631,0.0017024942737946024,-0.004822043339021089,0.000524108462491536,0.004728819524881047,-0.0012942442114549657,-0.0016764872761372515,-0.0031041334196233437,0.0011608431717709253,-0.001064357487929247,-0.0026633140468012213,0.0048609722191592444,0.003884094872252171,0.0048772526062871155,-0.0034927437315270026,0.003405231506398094,-0.0006576128117142994,0.0016888549921804555,0.0013871799447386763,0.0016853245815671631,0.00946206417629301,0.00041272440428601466,-0.0021122714854604906,-0.0008002784185325209,-0.0006217974081771483,-0.00014562251003091392,-0.0006170997072675627,-0.0002717361737212808,0.00017886727522796908,0.0008616057415125741,-0.00038014047520601115,0.0008660858153295523,0.0021166941858537878,0.0003988229622224758,-0.0018203169223310472,0.0008630884672195615,0.0006942446852680002,-0.0013328912237652079,-0.0015838901610066094,0.0017024942737946024,0.00041272440428601466,0.018060889754475146,-0.005144646291963443,0.0013218854763134926,0.004937065889007086,-0.0020515887774275533,-0.0022426971509326987,-0.0033213587724367066,-0.000645035222490475,0.003335595023854801,-0.0030340506404165895,-0.0007346369885295693,0.0033055352780154614,0.002097849503585082,-0.0007567387943088554,-0.00468847880092361,-0.000502801621534958,-0.0006294472062456022,0.003806950595574255,-0.004822043339021089,-0.0021122714854604906,-0.005144646291963443,0.02041666755562344,-0.00026609689370526095,-0.0071904052072915454,0.0018196431440519233,0.006423838761310885,-0.0002664606127037438,0.0027736852638563583,-0.005537574342408107,0.0020531616743610258,-0.006151288306728953,-0.00165475083256384,-0.003431072567030212,0.0047228066293019105,-0.00044157184195582535,0.004340358114938438,0.0010247947721637248,-0.0026147241623750437,0.000524108462491536,-0.0008002784185325209,0.0013218854763134926,-0.00026609689370526095,0.01291843150330265,0.0027310997814255183,-0.0012809196304637573,-0.0014343341018672865,-0.003826584298744432,-0.0006336639987070628,0.0018457002886175596,5.623320168750624e-5,0.0006338863396383237,0.00046617575126090276,0.001842052300681022,-0.0030307404785853012,-0.002724270050402139,0.00030170029046741153,0.00012421961169116984,-0.004186865671129813,0.004728819524881047,-0.0006217974081771483,0.004937065889007086,-0.0071904052072915454,0.0027310997814255183,0.021427554368260993,-0.0023005207220980553,-0.006934160287810965,-0.0006491229777906946,-0.0008900617178594309,0.0016633494366760193,-0.0017423205403299031,0.0032258214844455746,0.0014773700902310921,0.0008401063832739785,0.0007403814846347338,0.002714512338567335,-0.0001379840546519043,-0.0010796281888325208,0.004762998974508402,-0.0012942442114549657,-0.00014562251003091392,-0.0020515887774275533,0.0018196431440519233,-0.0012809196304637573,-0.0023005207220980553,0.015167481092930181,-0.0022592723656187684,0.00066420377306348,0.002522582645197253,-0.0011709927257364462,-0.005567048224341696,0.0004637193104444394,0.001679985767060694,-0.0031080953151902072,-0.0038105311633902786,-0.00043678786468179893,0.001024449747082879,-0.0010266321843845259,-0.0006841103554837242,-0.0016764872761372515,-0.0006170997072675627,-0.0022426971509326987,0.006423838761310885,-0.0014343341018672865,-0.006934160287810965,-0.0022592723656187684,0.016659624212888517,0.003063618800948591,-0.0015182017554779288,-0.002337118267440899,0.000723256774471832,-0.0037007485584972357,-0.0023927875094422128,-0.0014281651475779836,0.0012961013914859904,-0.0022768494251054396,0.0003010013170217972,-0.0012566825260455225,6.239556908505851e-5,-0.0031041334196233437,-0.0002717361737212808,-0.0033213587724367066,-0.0002664606127037438,-0.003826584298744432,-0.0006491229777906946,0.00066420377306348,0.003063618800948591,0.0124751912139703,0.0019041315511660471,-0.002059280076126502,-0.005390077670069408,-0.0010954283671066694,0.0012047401439694238,-0.0016862830139920413,-0.0031090971856891116,-0.0015729003720089882,0.00035573090869461425,-0.0016989633024355416,-0.0016279000549968947,0.0011608431717709253,0.00017886727522796908,-0.000645035222490475,0.0027736852638563583,-0.0006336639987070628,-0.0008900617178594309,0.002522582645197253,-0.0015182017554779288,0.0019041315511660471,0.02149006858285982,-0.005075733147724214,-0.00386443294963351,-0.0030144847030382105,-0.002114813249295338,0.0032243774658928604,0.006147133069929049,-0.0001675972632659372,0.0035382884869402547,0.002160371507382528,-0.006988511447375749,-0.001064357487929247,0.0008616057415125741,0.003335595023854801,-0.005537574342408107,0.0018457002886175596,0.0016633494366760193,-0.0011709927257364462,-0.002337118267440899,-0.002059280076126502,-0.005075733147724214,0.016793682703481912,-0.0008661759471856336,0.001760251857619465,0.0025146451340743925,-0.00523221260151654,-0.00406736727575749,0.0020187377057461773,8.5196358392307e-5,0.0024468238045734407,-0.002296785712300368,-0.0026633140468012213,-0.00038014047520601115,-0.0030340506404165895,0.0020531616743610258,5.623320168750624e-5,-0.0017423205403299031,-0.005567048224341696,0.000723256774471832,-0.005390077670069408,-0.00386443294963351,-0.0008661759471856336,0.015812109020467056,-0.0012673179497311939,-0.0017866296164776236,-0.0010935521041372,0.002965132570836787,0.006856411120983734,-0.0014523179529403575,0.004045822681205964,0.002119840427957813,0.0048609722191592444,0.0008660858153295523,-0.0007346369885295693,-0.006151288306728953,0.0006338863396383237,0.0032258214844455746,0.0004637193104444394,-0.0037007485584972357,-0.0010954283671066694,-0.0030144847030382105,0.001760251857619465,-0.0012673179497311939,0.017620511020453554,0.000989106896380413,-0.0008038561292331694,-0.00915570013990754,0.0030846288704707023,0.0007451592160732537,0.0018083139858602142,-0.0009106654884458127,0.003884094872252171,0.0021166941858537878,0.0033055352780154614,-0.00165475083256384,0.00046617575126090276,0.0014773700902310921,0.001679985767060694,-0.0023927875094422128,0.0012047401439694238,-0.002114813249295338,0.0025146451340743925,-0.0017866296164776236,0.000989106896380413,0.013034046807283026,-0.002831596571927433,-0.0019829753078500567,0.0007558407178915388,-0.002267192539687048,0.00010554721296070189,0.005422947475715373,0.0048772526062871155,0.0003988229622224758,0.002097849503585082,-0.003431072567030212,0.001842052300681022,0.0008401063832739785,-0.0031080953151902072,-0.0014281651475779836,-0.0016862830139920413,0.0032243774658928604,-0.00523221260151654,-0.0010935521041372,-0.0008038561292331694,-0.002831596571927433,0.014288618121614572,0.0010529376013406443,-0.00025628189218563984,-0.00371343126485852,-0.010908155286945807,-0.003935041495707808,-0.0034927437315270026,-0.0018203169223310472,-0.0007567387943088554,0.0047228066293019105,-0.0030307404785853012,0.0007403814846347338,-0.0038105311633902786,0.0012961013914859904,-0.0031090971856891116,0.006147133069929049,-0.00406736727575749,0.002965132570836787,-0.00915570013990754,-0.0019829753078500567,0.0010529376013406443,0.027392123662821868,0.00497610535259904,-0.005594446054554353,-0.002997974191676217,-0.003920236118771106,0.003405231506398094,0.0008630884672195615,-0.00468847880092361,-0.00044157184195582535,-0.002724270050402139,0.002714512338567335,-0.00043678786468179893,-0.0022768494251054396,-0.0015729003720089882,-0.0001675972632659372,0.0020187377057461773,0.006856411120983734,0.0030846288704707023,0.0007558407178915388,-0.00025628189218563984,0.00497610535259904,0.01634941311782693
