0.021543760007779293,0.0034682648503422536,0.0034538574265301353,0.00613881630610485,-0.0028343979293360684,-0.003501170175262674,-0.0021614383857994825,0.006737170358077278,0.004823710095568798,0.004261446125093216,0.0027970258472408043,0.001135017994041141,-0.0020796781721510015,0.0070394763680031395,0.005678891967984077,0.0025963796862359563,0.0002138848098793395,0.003927493328474571,-0.005564676156925397,0.0030381183881905095,0.0034682648503422536,0.02702819160392915,0.0040485693028752545,0.003420077351595264,-0.0021627173425667794,-0.0016871693915858884,0.003100904992482405,0.0038879950899412038,0.005787076870853641,0.0018407878658749923,0.002744916956026036,0.0024960314079179825,0.008750910490427645,0.013313837646866916,0.004884497306665882,0.00444571396244227,0.0069184977393941215,0.009812505997173138,-0.0005513080353466015,0.0092302329230578,0.0034538574265301353,0.0040485693028752545,0.0156439482379345,0.004006712611722826,-0.0011966165570490288,-0.0002663652707785391,0.007665880842233105,0.0004833812100688939,0.0024833714835525676,0.002414789645451342,0.008369651781350714,0.003222803242731998,0.005520688388209653,0.010916225928989557,0.0027258662435944445,0.0065172445217029865,0.0041332076376995345,0.0007829906225208299,-0.004575332400863327,0.0020727632733439304,0.00613881630610485,0.003420077351595264,0.004006712611722826,0.030727183456607497,0.00276742950227221,-0.013682348251507291,0.0011469087167816474,-0.0005137204093888547,0.005577328177215526,0.008007329110447686,0.006760959434287336,0.01074570647742808,-0.0007097258044482463,0.009454566845103714,0.00013230162362377375,0.002124263417188863,0.011557283753019343,-0.0024761190782875133,-0.0010599612137134015,0.0006714290568778968,-0.0028343979293360684,-0.0021627173425667794,-0.0011966165570490288,0.00276742950227221,0.01744247165270731,-0.004054003310472464,-0.0013976976197171106,-0.004190427091305465,-0.0018519165887887679,0.0034469956601103397,0.0026389871990413947,-0.0030256639211550724,-0.00030105478816004497,0.0009679544891554195,-0.0038552830955703864,0.0017991620154320103,-0.0015800074516318962,-0.006830247887974796,0.0033071544028081736,-0.0011867092666374719,-0.003501170175262674,-0.0016871693915858884,-0.0002663652707785391,-0.013682348251507291,-0.004054003310472464,0.023150286256394214,-0.0025405970973553854,0.00276328375663353,-0.0012140003673068575,-0.0008245385779252017,-0.002626918755576654,0.0014968381051119377,0.0035969806928459473,-0.002073823077174047,-4.2299556344829346e-5,-0.0042582353454418236,-0.007479649449685003,-0.004804475921436643,-0.0032013813057340844,0.007627696283768838,-0.0021614383857994825,0.003100904992482405,0.007665880842233105,0.0011469087167816474,-0.0013976976197171106,-0.0025405970973553854,0.03146451792208378,0.006779289698766488,0.006218683907739616,0.004862884316209101,0.010309642100266853,0.00025220270519320416,0.012128910630587172,0.006653070272477153,0.004696381004592699,0.0032257214968418914,0.007629647723959447,0.005980300624736619,0.0026069178827064056,0.009041232808780369,0.006737170358077278,0.0038879950899412038,0.0004833812100688939,-0.0005137204093888547,-0.004190427091305465,0.00276328375663353,0.006779289698766488,0.028348020685181323,0.0014361287809854318,0.002829561391772424,0.007976814805840896,0.0050220379687842005,0.0006405073528809142,0.011085393091003062,0.005552767699470711,0.0038998875049785107,0.0051940408203993375,0.007640128347060775,-0.004904709396850596,0.014554704179415137,0.004823710095568798,0.005787076870853641,0.0024833714835525676,0.005577328177215526,-0.0018519165887887679,-0.0012140003673068575,0.006218683907739616,0.0014361287809854318,0.027983886331036226,0.0014718818278472061,0.01435400606970964,0.009101971539776411,0.007269746417435797,0.012129741010479804,0.007641111161227529,0.002758486697413302,0.012121674113407657,0.005356745532888112,0.0009842674400353613,0.009360456330877879,0.004261446125093216,0.0018407878658749923,0.002414789645451342,0.008007329110447686,0.0034469956601103397,-0.0008245385779252017,0.004862884316209101,0.002829561391772424,0.0014718818278472061,0.015618049901002174,0.0052944119350527745,0.0024783753828336633,0.004430961083781125,0.012865820373706007,0.002182227904626185,0.005841766190878077,0.002206097050089453,0.0029294066584594114,0.0010807519989959795,0.006500695196101958,0.0027970258472408043,0.002744916956026036,0.008369651781350714,0.006760959434287336,0.0026389871990413947,-0.002626918755576654,0.010309642100266853,0.007976814805840896,0.01435400606970964,0.0052944119350527745,0.03827628264645396,0.0035683022324274807,0.010205710983299473,0.010079606653307576,0.009325458393174998,0.005555348446675955,0.011983654527679442,0.007871970030198933,0.003601795732241256,0.0007175352543460434,0.001135017994041141,0.0024960314079179825,0.003222803242731998,0.01074570647742808,-0.0030256639211550724,0.0014968381051119377,0.00025220270519320416,0.0050220379687842005,0.009101971539776411,0.0024783753828336633,0.0035683022324274807,0.02423289694951078,0.003531658232723475,0.012555226314777054,-0.0006694721441248535,0.004513839849466778,0.0022928857176384414,0.0043711030768922784,-0.000944725949849984,0.00918184755195947,-0.0020796781721510015,0.008750910490427645,0.005520688388209653,-0.0007097258044482463,-0.00030105478816004497,0.0035969806928459473,0.012128910630587172,0.0006405073528809142,0.007269746417435797,0.004430961083781125,0.010205710983299473,0.003531658232723475,0.027302776163251333,0.007855191181771729,0.003650330514029345,0.003181728099764304,0.009382026520706608,0.006061577032155763,0.0021177210798386872,0.008967273660252118,0.0070394763680031395,0.013313837646866916,0.010916225928989557,0.009454566845103714,0.0009679544891554195,-0.002073823077174047,0.006653070272477153,0.011085393091003062,0.012129741010479804,0.012865820373706007,0.010079606653307576,0.012555226314777054,0.007855191181771729,0.042304428819627954,0.0017976322922582085,0.014746889318247866,0.012000930474224358,0.009198416596025234,0.008213039094915435,0.014926156813853782,0.005678891967984077,0.004884497306665882,0.0027258662435944445,0.00013230162362377375,-0.0038552830955703864,-4.2299556344829346e-5,0.004696381004592699,0.005552767699470711,0.007641111161227529,0.002182227904626185,0.009325458393174998,-0.0006694721441248535,0.003650330514029345,0.0017976322922582085,0.01996690259006855,-0.003353612350981991,0.0005738442213602782,0.004888393651019321,-0.001538943809286371,0.005388955878637015,0.0025963796862359563,0.00444571396244227,0.0065172445217029865,0.002124263417188863,0.0017991620154320103,-0.0042582353454418236,0.0032257214968418914,0.0038998875049785107,0.002758486697413302,0.005841766190878077,0.005555348446675955,0.004513839849466778,0.003181728099764304,0.014746889318247866,-0.003353612350981991,0.02532252239707198,0.005411473467917637,0.002350229303711557,0.004206273668872206,0.005907409162164104,0.0002138848098793395,0.0069184977393941215,0.0041332076376995345,0.011557283753019343,-0.0015800074516318962,-0.007479649449685003,0.007629647723959447,0.0051940408203993375,0.012121674113407657,0.002206097050089453,0.011983654527679442,0.0022928857176384414,0.009382026520706608,0.012000930474224358,0.0005738442213602782,0.005411473467917637,0.021537048428143083,0.006147877059447934,0.00031084438388493524,0.005904443336525171,0.003927493328474571,0.009812505997173138,0.0007829906225208299,-0.0024761190782875133,-0.006830247887974796,-0.004804475921436643,0.005980300624736619,0.007640128347060775,0.005356745532888112,0.0029294066584594114,0.007871970030198933,0.0043711030768922784,0.006061577032155763,0.009198416596025234,0.004888393651019321,0.002350229303711557,0.006147877059447934,0.021852166469179785,-0.00017189670929399078,0.00976115864333671,-0.005564676156925397,-0.0005513080353466015,-0.004575332400863327,-0.0010599612137134015,0.0033071544028081736,-0.0032013813057340844,0.0026069178827064056,-0.004904709396850596,0.0009842674400353613,0.0010807519989959795,0.003601795732241256,-0.000944725949849984,0.0021177210798386872,0.008213039094915435,-0.001538943809286371,0.004206273668872206,0.00031084438388493524,-0.00017189670929399078,0.02084289856580311,0.0011585256226406971,0.0030381183881905095,0.0092302329230578,0.0020727632733439304,0.0006714290568778968,-0.0011867092666374719,0.007627696283768838,0.009041232808780369,0.014554704179415137,0.009360456330877879,0.006500695196101958,0.0007175352543460434,0.00918184755195947,0.008967273660252118,0.014926156813853782,0.005388955878637015,0.005907409162164104,0.005904443336525171,0.00976115864333671,0.0011585256226406971,0.03400846618799547
