0.038365715145702514,0.005897796037835237,0.010560579007878042,0.01037638516740764,-0.016882411120557474,-0.012758461421294337,0.00010243404865630803,-0.02129414948085782,-0.005374812570763935,0.021272972373814585,0.0020509988865186858,0.006777845464054999,-0.01266130940253679,-0.010683577159840484,0.012525567639672636,-0.013907090664654736,0.0013231017079231911,0.01966697829499931,0.0009130774488271592,-0.004354878311637127,0.005897796037835237,0.013447061181298355,0.0018633938796182637,0.002805652765665966,-0.008728511546678464,-0.0058235272281664235,-0.0029736508539385067,-0.004481085879942415,0.0012180891744640035,0.0030186989704449863,-0.0008666254162003559,0.0012970890467563488,-0.0030615421983658897,-0.0009165766549768016,-0.001312348841847315,-0.005043093743238209,0.004641109240068436,0.0055710998539993785,-0.0011645505867968326,0.004594499122340157,0.010560579007878042,0.0018633938796182637,0.021768499936253086,0.0017403719395675693,-0.005448345926169557,-0.007853530957151484,-0.004321187724573205,-0.006556061664608493,-0.007295529598711834,0.004934475256314953,-0.0028901520696241016,0.0007950827740565206,-0.007404664593615165,-0.0002838151789954019,0.005033059348658414,-0.00437119420489029,0.0007916842531093024,0.005129476857562543,-0.00020748982236975475,-0.004236472205235156,0.01037638516740764,0.002805652765665966,0.0017403719395675693,0.02342095446346331,-0.00868153615680006,-0.0019317350945302777,-0.005622346145611755,-0.009591730569590149,-0.0018539206459804495,0.008494586779964168,0.0022132347906276204,0.003375127440360624,-0.01415789645204696,-0.0033502881246564543,0.002367640595482898,-0.005184295074411995,0.0011677084703627825,0.00010433663206290344,0.008195839321619748,0.003171684830133975,-0.016882411120557474,-0.008728511546678464,-0.005448345926169557,-0.00868153615680006,0.02726571535704301,0.007350024397231907,0.002034299569409457,0.012054040697236132,0.00034335578482362015,-0.007574815238978432,6.816321267697517e-5,0.0018192444989809362,0.012763784543641103,0.001867267854192195,-0.004923436302985036,0.001930611059389083,-0.001883708520228464,-0.006588778659894697,0.00016509993944969456,-0.0008216905025955445,-0.012758461421294337,-0.0058235272281664235,-0.007853530957151484,-0.0019317350945302777,0.007350024397231907,0.020531005083403088,-0.0027311554147174616,0.014100947962608152,-0.002204101414787189,-0.012040184936704928,0.000635854152669407,-0.0003554430824703837,0.009522242838075866,0.002291713257516645,-0.009732389347388848,0.005528704042949594,-0.004245900139733,-0.010301824474898446,-0.00257920392339592,0.0004205145273708156,0.00010243404865630803,-0.0029736508539385067,-0.004321187724573205,-0.005622346145611755,0.002034299569409457,-0.0027311554147174616,0.018359641737110147,-0.005201448099459559,0.005499906841136354,0.0014793077734337858,-0.004097824234268733,-0.006055902761604301,0.006343022589263673,0.0036578144661293882,0.0011250599669365463,0.007382602080024742,-0.0023318967163240435,0.006329204375343997,-0.007184144452819551,0.0026864595593105185,-0.02129414948085782,-0.004481085879942415,-0.006556061664608493,-0.009591730569590149,0.012054040697236132,0.014100947962608152,-0.005201448099459559,0.022698868379179147,-0.0015213882476936744,-0.016051774112582115,0.0006240602706651195,-0.003630326397681752,0.012858296222015618,0.0027678076060182254,-0.009767686888347605,0.005225283855521275,-0.0037132367843956205,-0.012846960264519112,-0.001045166541472776,0.004112406010447864,-0.005374812570763935,0.0012180891744640035,-0.007295529598711834,-0.0018539206459804495,0.00034335578482362015,-0.002204101414787189,0.005499906841136354,-0.0015213882476936744,0.012919941558387629,-0.0036553559174750468,0.0007976495253429206,-0.006728111804300139,0.0026722101351971932,0.002624889824960148,-0.002431344975259789,0.00020444677424323634,0.006308740677308865,0.0016315154202918652,-0.0011732673762712528,0.005169931321752372,0.021272972373814585,0.0030186989704449863,0.004934475256314953,0.008494586779964168,-0.007574815238978432,-0.012040184936704928,0.0014793077734337858,-0.016051774112582115,-0.0036553559174750468,0.020932653692590047,-0.00011495628164591993,0.0036939241720966554,-0.012892162802998975,-0.002443422503843099,0.01106036426989885,-0.009071262943278102,-0.000578793156846527,0.014335618788940697,0.0006277730734980886,-0.007282171459253012,0.0020509988865186858,-0.0008666254162003559,-0.0028901520696241016,0.0022132347906276204,6.816321267697517e-5,0.000635854152669407,-0.004097824234268733,0.0006240602706651195,0.0007976495253429206,-0.00011495628164591993,0.015418115812367881,0.005474740641072831,-0.004446671363339198,-0.0029425910882754118,-0.003688040833757085,0.0016142594148568419,0.00045845141920040813,-0.004644281469935238,0.005039393043177018,0.005695754271135391,0.006777845464054999,0.0012970890467563488,0.0007950827740565206,0.003375127440360624,0.0018192444989809362,-0.0003554430824703837,-0.006055902761604301,-0.003630326397681752,-0.006728111804300139,0.0036939241720966554,0.005474740641072831,0.01971218502125968,-0.007888403866235773,-0.004744182734014901,0.0005741133797376593,-0.004089540468008515,-0.007688564596012002,-0.00020437836503562815,0.0018483795743890956,-0.0017568986851387986,-0.01266130940253679,-0.0030615421983658897,-0.007404664593615165,-0.01415789645204696,0.012763784543641103,0.009522242838075866,0.006343022589263673,0.012858296222015618,0.0026722101351971932,-0.012892162802998975,-0.004446671363339198,-0.007888403866235773,0.025489229283707393,0.0033454428323094346,-0.004739356981521409,0.0065581853452266956,0.0005463327809955044,5.863593195142578e-5,-0.0016165822915779134,0.0011068292014656503,-0.010683577159840484,-0.0009165766549768016,-0.0002838151789954019,-0.0033502881246564543,0.001867267854192195,0.002291713257516645,0.0036578144661293882,0.0027678076060182254,0.002624889824960148,-0.002443422503843099,-0.0029425910882754118,-0.004744182734014901,0.0033454428323094346,0.013631595026856928,0.001664779841849176,0.004706144564673269,-0.001013335972975979,0.001520403329069209,-0.0032943524306087713,-0.0006707521699518411,0.012525567639672636,-0.001312348841847315,0.005033059348658414,0.002367640595482898,-0.004923436302985036,-0.009732389347388848,0.0011250599669365463,-0.009767686888347605,-0.002431344975259789,0.01106036426989885,-0.003688040833757085,0.0005741133797376593,-0.004739356981521409,0.001664779841849176,0.016760117956150913,-0.0065298782949999665,0.0037861518779098843,0.0067721185132150995,0.0012306807456052239,-0.004900540619465812,-0.013907090664654736,-0.005043093743238209,-0.00437119420489029,-0.005184295074411995,0.001930611059389083,0.005528704042949594,0.007382602080024742,0.005225283855521275,0.00020444677424323634,-0.009071262943278102,0.0016142594148568419,-0.004089540468008515,0.0065581853452266956,0.004706144564673269,-0.0065298782949999665,0.01657278007632581,-0.004808469816172996,-0.008458438977088544,-0.0003176147460517765,0.0020781501764576466,0.0013231017079231911,0.004641109240068436,0.0007916842531093024,0.0011677084703627825,-0.001883708520228464,-0.004245900139733,-0.0023318967163240435,-0.0037132367843956205,0.006308740677308865,-0.000578793156846527,0.00045845141920040813,-0.007688564596012002,0.0005463327809955044,-0.001013335972975979,0.0037861518779098843,-0.004808469816172996,0.017350747650210926,-0.003870537401999807,0.001599997780787533,0.004548071256274974,0.01966697829499931,0.0055710998539993785,0.005129476857562543,0.00010433663206290344,-0.006588778659894697,-0.010301824474898446,0.006329204375343997,-0.012846960264519112,0.0016315154202918652,0.014335618788940697,-0.004644281469935238,-0.00020437836503562815,5.863593195142578e-5,0.001520403329069209,0.0067721185132150995,-0.008458438977088544,-0.003870537401999807,0.026450434732576536,-0.0025585077077661736,-0.0071031786507977715,0.0009130774488271592,-0.0011645505867968326,-0.00020748982236975475,0.008195839321619748,0.00016509993944969456,-0.00257920392339592,-0.007184144452819551,-0.001045166541472776,-0.0011732673762712528,0.0006277730734980886,0.005039393043177018,0.0018483795743890956,-0.0016165822915779134,-0.0032943524306087713,0.0012306807456052239,-0.0003176147460517765,0.001599997780787533,-0.0025585077077661736,0.012154290262737675,-0.0005931804076678778,-0.004354878311637127,0.004594499122340157,-0.004236472205235156,0.003171684830133975,-0.0008216905025955445,0.0004205145273708156,0.0026864595593105185,0.004112406010447864,0.005169931321752372,-0.007282171459253012,0.005695754271135391,-0.0017568986851387986,0.0011068292014656503,-0.0006707521699518411,-0.004900540619465812,0.0020781501764576466,0.004548071256274974,-0.0071031786507977715,-0.0005931804076678778,0.018600410115088017
0.025994916446298037,0.0020437498883832807,0.008666323446393677,0.0009169193406223667,-0.003707851289945573,-0.01221858187313814,0.000796549568819087,-0.00040269263381233217,-0.012059448804170416,0.005779764652484507,-0.0010120668343948352,0.003091125733600357,-0.013434974064266948,0.004866261704818764,-0.00020759127086804243,-0.003317612251465525,0.0018044532256352211,-0.0024628732743510406,-0.008954697350754196,-3.619492714047946e-5,0.0020437498883832807,0.014096550279512473,0.0036508317671727925,0.0018448627356684628,0.0008872701156628028,-0.0029742709994103576,0.0020477881361545764,0.0013383027707018404,0.0036329424276044723,-0.0013378088596631035,0.0007177481993534933,-0.005934192357756293,0.0017948240663043496,0.0016844658621239705,0.0034208639932011824,-0.004634046361835709,-0.0014355653769028767,3.7518783416182026e-5,-0.0035455178862968933,0.0004922314102157468,0.008666323446393677,0.0036508317671727925,0.030945822425466715,0.0012553190808478002,-0.005852194958319379,-0.007591107517829131,-0.0028546819733149082,-0.0006219118158547497,-0.008806408908082843,0.0003395900873330519,0.008660103521133583,-0.007636523789989284,-0.00698747402591156,-0.0020610258525108702,0.001400765530711254,0.0021863429345063672,-0.0005749199147000964,0.004254953493115358,-0.004452624574321853,-0.005281783023126782,0.0009169193406223667,0.0018448627356684628,0.0012553190808478002,0.0177061152259068,0.0043573781291694445,-0.007440333740241851,-0.008880580791696612,0.0023905304179819,-0.0016933675296982077,-0.0005111784878595713,0.006081244532985119,-0.003517523835782517,-0.001477650911499817,0.0026588824253947524,-0.001403680452751352,-0.0006402424990000321,-0.0009670858386228579,-0.0004169813580411969,-2.8979266488412536e-5,-0.001542427044759188,-0.003707851289945573,0.0008872701156628028,-0.005852194958319379,0.0043573781291694445,0.019854418807658782,0.004719830141624977,0.0049160494055226645,0.00019508697512737183,0.011627521606433265,-0.007386059284070936,-0.0006235712684322027,-0.006498875104357819,0.006843935827421229,-0.0053910248661047655,-0.00437583727672235,-0.00927014454680716,-0.0022113561084382023,-0.0010096387825795305,0.002946476289962909,0.006764217714467185,-0.01221858187313814,-0.0029742709994103576,-0.007591107517829131,-0.007440333740241851,0.004719830141624977,0.034386173578647976,0.005787794531068798,-0.0047525208470017045,0.012242374251074635,-0.007769499801721862,-0.006106703491889531,0.004769519379545421,0.016718593438184513,-0.005911563833985861,0.00022540928855883154,-0.003110745097940208,-0.003767366673597832,0.006229882914286096,0.00038597362330915707,-0.0002696407773190758,0.000796549568819087,0.0020477881361545764,-0.0028546819733149082,-0.008880580791696612,0.0049160494055226645,0.005787794531068798,0.02053910410074673,-0.0012313566047703348,-4.8470984444340826e-5,-0.004964308094299212,-0.000177539358882836,-0.003594350131231382,0.006496305452474149,-0.005876235578609829,-0.0010947129015740872,-0.0018686645840551002,0.00021241764617777384,-0.0013832185735256552,-0.004595882068047679,0.006896401758476985,-0.00040269263381233217,0.0013383027707018404,-0.0006219118158547497,0.0023905304179819,0.00019508697512737183,-0.0047525208470017045,-0.0012313566047703348,0.01585660753476828,4.092554682780304e-5,0.0044564915052553635,0.0023599956342637623,-0.0019432892407130566,-0.008034217590498254,-0.0009391764579273854,0.000828084143302221,-0.0017249341031767475,-0.0011841865499276683,-0.0009673553458736804,0.004676388101417361,0.0004277075074976068,-0.012059448804170416,0.0036329424276044723,-0.008806408908082843,-0.0016933675296982077,0.011627521606433265,0.012242374251074635,-4.8470984444340826e-5,4.092554682780304e-5,0.02982280179453938,-0.009759597542027449,0.002944754200693353,-0.0007772709952635084,0.007973640060586498,-0.010034376922594724,0.004322378623238313,-0.007143379388341353,-0.006750660494308057,0.005389772260046184,0.009980762787524676,0.0017446344340581337,0.005779764652484507,-0.0013378088596631035,0.0003395900873330519,-0.0005111784878595713,-0.007386059284070936,-0.007769499801721862,-0.004964308094299212,0.0044564915052553635,-0.009759597542027449,0.022788566759313723,-0.0046074654696252795,0.007215751045620689,-0.014443002208360319,0.008678850286021835,0.002494269946860859,0.0068176443059325105,-0.0011270699935703255,0.00036821450555552806,-0.00042325710631044533,-0.009769165994331672,-0.0010120668343948352,0.0007177481993534933,0.008660103521133583,0.006081244532985119,-0.0006235712684322027,-0.006106703491889531,-0.000177539358882836,0.0023599956342637623,0.002944754200693353,-0.0046074654696252795,0.018755122228557942,-0.007040646023391157,-0.0026058430112482784,-0.006173747747232951,-0.0006602441366972229,-0.0008644124572089374,0.0020692281132862417,0.003411254939093439,0.005972688411686447,0.005384950232446834,0.003091125733600357,-0.005934192357756293,-0.007636523789989284,-0.003517523835782517,-0.006498875104357819,0.004769519379545421,-0.003594350131231382,-0.0019432892407130566,-0.0007772709952635084,0.007215751045620689,-0.007040646023391157,0.039676944436231064,-0.007696158706429828,0.014677557126394306,0.013959926203965994,0.0075671717348717235,-0.0020126174154766955,0.005017950762028005,-0.006727764395067417,-0.0165712448880135,-0.013434974064266948,0.0017948240663043496,-0.00698747402591156,-0.001477650911499817,0.006843935827421229,0.016718593438184513,0.006496305452474149,-0.008034217590498254,0.007973640060586498,-0.014443002208360319,-0.0026058430112482784,-0.007696158706429828,0.03423251244872354,-0.008910859528709843,-0.004908854896420284,-0.0052016432053711825,0.000771882749847595,-0.0012323701355487367,0.005349376038026717,0.005317735476295752,0.004866261704818764,0.0016844658621239705,-0.0020610258525108702,0.0026588824253947524,-0.0053910248661047655,-0.005911563833985861,-0.005876235578609829,-0.0009391764579273854,-0.010034376922594724,0.008678850286021835,-0.006173747747232951,0.014677557126394306,-0.008910859528709843,0.023633979363413892,0.007949698840215673,0.007221636076570016,0.001383898505861056,-0.0018976987958088233,-0.005665674789279866,-0.015038438828948234,-0.00020759127086804243,0.0034208639932011824,0.001400765530711254,-0.001403680452751352,-0.00437583727672235,0.00022540928855883154,-0.0010947129015740872,0.000828084143302221,0.004322378623238313,0.002494269946860859,-0.0006602441366972229,0.013959926203965994,-0.004908854896420284,0.007949698840215673,0.022602074517678088,0.005957902841857485,-0.0037369178699786115,0.0054246326802992436,-0.0057336994017852735,-0.015620918022002866,-0.003317612251465525,-0.004634046361835709,0.0021863429345063672,-0.0006402424990000321,-0.00927014454680716,-0.003110745097940208,-0.0018686645840551002,-0.0017249341031767475,-0.007143379388341353,0.0068176443059325105,-0.0008644124572089374,0.0075671717348717235,-0.0052016432053711825,0.007221636076570016,0.005957902841857485,0.02438457209048728,0.0066840287205210975,0.002888110829562845,0.0006688245823868967,-0.007703929931027449,0.0018044532256352211,-0.0014355653769028767,-0.0005749199147000964,-0.0009670858386228579,-0.0022113561084382023,-0.003767366673597832,0.00021241764617777384,-0.0011841865499276683,-0.006750660494308057,-0.0011270699935703255,0.0020692281132862417,-0.0020126174154766955,0.000771882749847595,0.001383898505861056,-0.0037369178699786115,0.0066840287205210975,0.016207020223758965,-0.0054716908478721436,0.00041268487921837537,0.006021318768248094,-0.0024628732743510406,3.7518783416182026e-5,0.004254953493115358,-0.0004169813580411969,-0.0010096387825795305,0.006229882914286096,-0.0013832185735256552,-0.0009673553458736804,0.005389772260046184,0.00036821450555552806,0.003411254939093439,0.005017950762028005,-0.0012323701355487367,-0.0018976987958088233,0.0054246326802992436,0.002888110829562845,-0.0054716908478721436,0.01978133808462351,7.317229620437319e-5,-0.009358606830825573,-0.008954697350754196,-0.0035455178862968933,-0.004452624574321853,-2.8979266488412536e-5,0.002946476289962909,0.00038597362330915707,-0.004595882068047679,0.004676388101417361,0.009980762787524676,-0.00042325710631044533,0.005972688411686447,-0.006727764395067417,0.005349376038026717,-0.005665674789279866,-0.0057336994017852735,0.0006688245823868967,0.00041268487921837537,7.317229620437319e-5,0.018512286536911997,0.007943851552305524,-3.619492714047946e-5,0.0004922314102157468,-0.005281783023126782,-0.001542427044759188,0.006764217714467185,-0.0002696407773190758,0.006896401758476985,0.0004277075074976068,0.0017446344340581337,-0.009769165994331672,0.005384950232446834,-0.0165712448880135,0.005317735476295752,-0.015038438828948234,-0.015620918022002866,-0.007703929931027449,0.006021318768248094,-0.009358606830825573,0.007943851552305524,0.038270346368495786
0.17249292362924729,6.903992384083575,-7.998161843016815,8.324302735460298,3.0843561431385136,-2.1839671182630873,2.56374274874528,0.9169942740487456,-2.7955401771775032,-5.716445146029511,-1.7632661007690842,-1.1064149579477542,5.5490794781499115,-5.421367841637764,-3.2781884532097374,4.230495460837611,-3.2692244537982873,-0.5569804277806369,-2.21201274533134,6.455940867256216,6.903992384083575,300.10322867924947,-347.59876680362794,362.4231251867676,134.04891922913694,-94.92639695585991,111.36750974231332,39.58287754979538,-121.54238433853118,-248.60113129068586,-76.73398490522287,-48.19197600934134,241.55543630647324,-235.9970154496128,-142.49103972868903,183.56498413362232,-142.4085397723487,-24.1338440130346,-96.24954340081015,280.95284393831093,-7.998161843016815,-347.59876680362794,402.6358113816076,-419.80369295922,-155.2639116243507,109.94926732664999,-128.99241236304135,-45.842490638047984,140.77970035197038,287.9542330093051,88.87203414820597,55.82199631707029,-279.793523935976,273.35723315993897,165.04211714788707,-212.61960947610535,164.95535072960027,27.950557449708054,111.4807086649558,-325.42616910143374,8.324302735460298,362.4231251867676,-419.80369295922,437.74390598948855,161.88692607428942,-114.63821932816563,134.4867155417972,47.78963193151632,-146.78644720152727,-300.23511784467337,-92.67038012164633,-58.212094805785966,291.75672695165775,-285.03282322166854,-172.0821214580854,221.68181432441546,-171.99693613944646,-29.146760722497618,-116.24221939636676,339.3229059367335,3.0843561431385136,134.04891922913694,-155.2639116243507,161.88692607428942,59.89481327918622,-42.412247013932166,49.75735485121213,17.704797188226127,-54.297136051335634,-111.05560567237686,-34.274602626865914,-21.534952306915173,107.8835684471056,-105.40889337547837,-63.66042275737625,81.99807946182166,-63.60034712447256,-10.779951661581908,-42.999378538436474,125.50430848532008,-2.1839671182630873,-94.92639695585991,109.94926732664999,-114.63821932816563,-42.412247013932166,30.04917177793643,-35.247493978618685,-12.550106842447782,38.454625043055934,78.6526957798752,24.258971283851952,15.258699776598826,-76.38139209444768,74.64294241604327,45.0817200383443,-58.05234463990632,45.03425632150808,7.6287901902153745,30.458716427544402,-88.88434112673633,2.56374274874528,111.36750974231332,-128.99241236304135,134.4867155417972,49.75735485121213,-35.247493978618685,41.36110170284863,14.72894621393536,-45.11513821405758,-92.2767809255819,-28.45754409212513,-17.90007499324395,89.60110903700641,-87.56004441280994,-52.89001456546739,68.11363131096687,-52.82977384947492,-8.947487524634399,-35.732093608918674,104.27319930598692,0.9169942740487456,39.58287754979538,-45.842490638047984,47.78963193151632,17.704797188226127,-12.550106842447782,14.72894621393536,5.288204718117761,-16.046735743075494,-32.81945835390424,-10.101497040631022,-6.380130039105879,31.805861436633652,-31.097195884178216,-18.81569725648153,24.21318722006041,-18.751387313337453,-3.176439209836458,-12.717524528518041,37.073864570075244,-2.7955401771775032,-121.54238433853118,140.77970035197038,-146.78644720152727,-54.297136051335634,38.454625043055934,-45.11513821405758,-16.046735743075494,49.23429992066911,100.69339461866522,31.07254339638527,19.52705034877213,-97.82042374336083,95.57699159826608,57.71576585519172,-74.33988643173713,57.6699791387544,9.771998081888913,38.98909627236905,-113.79612459143823,-5.716445146029511,-248.60113129068586,287.9542330093051,-300.23511784467337,-111.05560567237686,78.6526957798752,-92.2767809255819,-32.81945835390424,100.69339461866522,205.96375180492797,63.551599149274494,39.93777059806775,-200.07685709037875,195.4892222287886,118.04761980575476,-152.05829230523912,117.96053574855918,19.984081022414365,79.74466415981298,-232.7548020349132,-1.7632661007690842,-76.73398490522287,88.87203414820597,-92.67038012164633,-34.274602626865914,24.258971283851952,-28.45754409212513,-10.101497040631022,31.07254339638527,63.551599149274494,19.644151189350747,12.314281526729438,-61.79077324873495,60.350702875045364,36.43411869850841,-46.946381521820676,36.419740796689155,6.178586197819659,24.60219742220132,-71.82943534027301,-1.1064149579477542,-48.19197600934134,55.82199631707029,-58.212094805785966,-21.534952306915173,15.258699776598826,-17.90007499324395,-6.380130039105879,19.52705034877213,39.93777059806775,12.314281526729438,7.759615211895795,-38.77962844912707,37.894050041273175,22.892531754966146,-29.47412692160643,22.859759041243837,3.8730556895015322,15.469190030993266,-45.13410521536317,5.5490794781499115,241.55543630647324,-279.793523935976,291.75672695165775,107.8835684471056,-76.38139209444768,89.60110903700641,31.805861436633652,-97.82042374336083,-200.07685709037875,-61.79077324873495,-38.77962844912707,194.50623769218444,-189.99212422059216,-114.68160463625514,147.76255418408326,-114.65392259485434,-19.438907254934655,-77.45771881338426,226.1398808398573,-5.421367841637764,-235.9970154496128,273.35723315993897,-285.03282322166854,-105.40889337547837,74.64294241604327,-87.56004441280994,-31.097195884178216,95.57699159826608,195.4892222287886,60.350702875045364,37.894050041273175,-189.99212422059216,185.61872845020275,112.04734014223382,-144.34415923350002,112.00975335917114,18.980696852510174,75.68436085143148,-220.94645345280352,-3.2781884532097374,-142.49103972868903,165.04211714788707,-172.0821214580854,-63.66042275737625,45.0817200383443,-52.89001456546739,-18.81569725648153,57.71576585519172,118.04761980575476,36.43411869850841,22.892531754966146,-114.68160463625514,112.04734014223382,67.67005345861078,-87.16116683273758,67.60757262433692,11.458547442675187,45.70702757422595,-133.40696612103758,4.230495460837611,183.56498413362232,-212.61960947610535,221.68181432441546,81.99807946182166,-58.05234463990632,68.11363131096687,24.21318722006041,-74.33988643173713,-152.05829230523912,-46.946381521820676,-29.47412692160643,147.76255418408326,-144.34415923350002,-87.16116683273758,112.3116729680719,-87.10307712976564,-14.76854087718877,-58.8672016933775,171.84033376070076,-3.2692244537982873,-142.4085397723487,164.95535072960027,-171.99693613944646,-63.60034712447256,45.03425632150808,-52.82977384947492,-18.751387313337453,57.6699791387544,117.96053574855918,36.419740796689155,22.859759041243837,-114.65392259485434,112.00975335917114,67.60757262433692,-87.10307712976564,67.59984060798682,11.453611833672806,45.66421114699781,-133.3201149447391,-0.5569804277806369,-24.1338440130346,27.950557449708054,-29.146760722497618,-10.779951661581908,7.6287901902153745,-8.947487524634399,-3.176439209836458,9.771998081888913,19.984081022414365,6.178586197819659,3.8730556895015322,-19.438907254934655,18.980696852510174,11.458547442675187,-14.76854087718877,11.453611833672806,1.9490795866214894,7.737221438484453,-22.590281740086684,-2.21201274533134,-96.24954340081015,111.4807086649558,-116.24221939636676,-42.999378538436474,30.458716427544402,-35.732093608918674,-12.717524528518041,38.98909627236905,79.74466415981298,24.60219742220132,15.469190030993266,-77.45771881338426,75.68436085143148,45.70702757422595,-58.8672016933775,45.66421114699781,7.737221438484453,30.883462089913394,-90.12079602849433,6.455940867256216,280.95284393831093,-325.42616910143374,339.3229059367335,125.50430848532008,-88.88434112673633,104.27319930598692,37.073864570075244,-113.79612459143823,-232.7548020349132,-71.82943534027301,-45.13410521536317,226.1398808398573,-220.94645345280352,-133.40696612103758,171.84033376070076,-133.3201149447391,-22.590281740086684,-90.12079602849433,263.0525932875562
