0.02411438363294264,0.007091960404887021,-0.009776830809789597,0.012396904875726242,0.006221141394912798,0.0026350612711069582,-0.0011985960810737997,-0.013842411610219117,0.013914025154166582,-0.009491755357636088,0.014004024988463298,0.013355005418327789,-0.005943533061387904,-0.020197207078884456,-0.016275000463748635,0.009836387898517113,-0.006951510417786796,-0.0019316231318409363,-0.00629997246301621,0.024898499982907187,0.007091960404887021,0.030557970725829272,0.0048686264519057845,0.015502805212741787,0.02024272479648368,-0.0024478686988509317,-0.012281618076016807,-0.005941533411293393,0.009528729921307124,-0.0017519506619749505,0.0034264772853493403,0.010806718284786118,0.006280703616744568,-0.03355905838118881,-0.010780278808337613,0.000966223541472241,-0.0015520118695169908,-0.0006940127311887484,-0.0013979109751037296,0.01611477228115382,-0.009776830809789597,0.0048686264519057845,0.0313708149708845,0.0034439476234946246,0.018402240611536023,-0.0013360893708345976,-0.012252514729426619,0.012374783016719819,-0.0026113110251959103,0.009799099758558567,-0.009908628203652015,0.000747428332755391,0.01766935101622726,0.0018660346633515043,0.011166446941399448,-0.02287487700663075,0.01027889940677337,0.001386947717221444,0.005942807131338176,-0.01577670376121597,0.012396904875726242,0.015502805212741787,0.0034439476234946246,0.03444730336111165,0.02081601884597371,0.0004948289820665502,-0.010624155351477713,-0.014062216955479281,0.02208003050315705,-0.005654956330580415,0.0041277997296446,0.01708554785950077,0.005457213276622415,-0.03999452008861766,-0.018313664334674795,-0.008012010214001117,0.0024142420697457825,-5.4685413764183874e-5,0.0033161576036263582,0.02102743455620993,0.006221141394912798,0.02024272479648368,0.018402240611536023,0.02081601884597371,0.05963943218011315,-0.01282741293766523,-0.028400686974419262,0.01588867267436582,0.0033991570924606865,0.006592237076482614,0.0014395222347539172,0.01830145909192535,0.030097147582920935,-0.03366725517351071,0.007424275996606755,-0.03489736316932418,0.005606041103220599,-0.011823605182949976,-0.020710373805606176,0.012286000474526364,0.0026350612711069582,-0.0024478686988509317,-0.0013360893708345976,0.0004948289820665502,-0.01282741293766523,0.017513573676628914,0.004967694624410062,-0.016338833644727494,0.011437705514033298,-0.004517535066856235,-0.0028306781003059403,-0.001990219079868971,-0.01071298211670568,-0.005858975084425195,-0.011152939917661793,0.01262949800078568,-0.000501655555230486,0.0132499539248849,0.01575524066752375,-0.0016453358771876337,-0.0011985960810737997,-0.012281618076016807,-0.012252514729426619,-0.010624155351477713,-0.028400686974419262,0.004967694624410062,0.03597218632185246,-0.008096123737434426,-0.0018322479032018726,0.0009148195505470462,-9.363879813175833e-5,-0.01201419953184896,-0.015643675607182973,0.026876394317084606,0.00041704881393042815,0.019406530528947065,0.0008461992924744238,0.009049697621531533,0.015564047979355632,-0.0026418772175193905,-0.013842411610219117,-0.005941533411293393,0.012374783016719819,-0.014062216955479281,0.01588867267436582,-0.016338833644727494,-0.008096123737434426,0.057489999693444926,-0.03264262608698648,0.016670966339481088,-0.007464302474672032,-0.008706989790644465,0.020876250812481397,0.028305899952374557,0.0349172717565339,-0.02728192864598102,0.00975335661052309,-0.015511852272767605,-0.023180630644971202,-0.02249791239876813,0.013914025154166582,0.009528729921307124,-0.0026113110251959103,0.02208003050315705,0.0033991570924606865,0.011437705514033298,-0.0018322479032018726,-0.03264262608698648,0.04460469164923723,-0.013336393881884533,0.007749638067073615,0.019562862105030644,-0.007621434253140576,-0.03300026462754557,-0.028457784022544882,0.009100502001334913,-0.004500619710247509,0.010032263704339007,0.01130018321743015,0.023368124279775533,-0.009491755357636088,-0.0017519506619749505,0.009799099758558567,-0.005654956330580415,0.006592237076482614,-0.004517535066856235,0.0009148195505470462,0.016670966339481088,-0.013336393881884533,0.02459740012303901,-0.006890320866824336,-0.009094156884048413,0.013531600563352144,0.017103465437714533,0.022282023889537837,-0.015251322868370954,0.010784946777274238,-0.003470361894108852,0.0030702527866695497,-0.017445472952591214,0.014004024988463298,0.0034264772853493403,-0.009908628203652015,0.0041277997296446,0.0014395222347539172,-0.0028306781003059403,-9.363879813175833e-5,-0.007464302474672032,0.007749638067073615,-0.006890320866824336,0.026310955301386482,0.00944417836106013,-0.007193538651380306,-0.01419317832871681,-0.014549612199087847,0.015806276662427492,-0.011650202382317686,-0.0036612961171538765,-0.013375940703512742,0.0244147929332571,0.013355005418327789,0.010806718284786118,0.000747428332755391,0.01708554785950077,0.01830145909192535,-0.001990219079868971,-0.01201419953184896,-0.008706989790644465,0.019562862105030644,-0.009094156884048413,0.00944417836106013,0.028689472944120113,0.008032942776691332,-0.02940516109302221,-0.015032020038797438,-0.0024845114495197795,-0.004770505916798817,-0.0023984891392750856,-0.007815175623211535,0.022293189869550478,-0.005943533061387904,0.006280703616744568,0.01766935101622726,0.005457213276622415,0.030097147582920935,-0.01071298211670568,-0.015643675607182973,0.020876250812481397,-0.007621434253140576,0.013531600563352144,-0.007193538651380306,0.008032942776691332,0.038510232093655124,-0.003957895717698576,0.020806202675366637,-0.03316784001446014,0.00797019407920764,-0.009188393573210892,-0.013803967346780504,-0.00613190518317978,-0.020197207078884456,-0.03355905838118881,0.0018660346633515043,-0.03999452008861766,-0.03366725517351071,-0.005858975084425195,0.026876394317084606,0.028305899952374557,-0.03300026462754557,0.017103465437714533,-0.01419317832871681,-0.02940516109302221,-0.003957895717698576,0.08703754012208394,0.03665602354428114,0.001160525513199815,0.007200589752782265,0.007877551932064684,0.007900610857572519,-0.0459940817062813,-0.016275000463748635,-0.010780278808337613,0.011166446941399448,-0.018313664334674795,0.007424275996606755,-0.011152939917661793,0.00041704881393042815,0.0349172717565339,-0.028457784022544882,0.022282023889537837,-0.014549612199087847,-0.015032020038797438,0.020806202675366637,0.03665602354428114,0.050636730805437194,-0.025461008125375648,0.012343629604883421,-0.006815137118697041,-0.008471179822848063,-0.032329686673660284,0.009836387898517113,0.000966223541472241,-0.02287487700663075,-0.008012010214001117,-0.03489736316932418,0.01262949800078568,0.019406530528947065,-0.02728192864598102,0.009100502001334913,-0.015251322868370954,0.015806276662427492,-0.0024845114495197795,-0.03316784001446014,0.001160525513199815,-0.025461008125375648,0.06722488323497684,-0.016042664349119762,0.018304506680756314,0.017114380152036528,0.0182255795444887,-0.006951510417786796,-0.0015520118695169908,0.01027889940677337,0.0024142420697457825,0.005606041103220599,-0.000501655555230486,0.0008461992924744238,0.00975335661052309,-0.004500619710247509,0.010784946777274238,-0.011650202382317686,-0.004770505916798817,0.00797019407920764,0.007200589752782265,0.012343629604883421,-0.016042664349119762,0.021249536330081812,0.002655447786161531,0.010010552623362331,-0.01673707132697541,-0.0019316231318409363,-0.0006940127311887484,0.001386947717221444,-5.4685413764183874e-5,-0.011823605182949976,0.0132499539248849,0.009049697621531533,-0.015511852272767605,0.010032263704339007,-0.003470361894108852,-0.0036612961171538765,-0.0023984891392750856,-0.009188393573210892,0.007877551932064684,-0.006815137118697041,0.018304506680756314,0.002655447786161531,0.031331565929512466,0.026172208697786345,-0.0035741007482969203,-0.00629997246301621,-0.0013979109751037296,0.005942807131338176,0.0033161576036263582,-0.020710373805606176,0.01575524066752375,0.015564047979355632,-0.023180630644971202,0.01130018321743015,0.0030702527866695497,-0.013375940703512742,-0.007815175623211535,-0.013803967346780504,0.007900610857572519,-0.008471179822848063,0.017114380152036528,0.010010552623362331,0.026172208697786345,0.055402253752992424,-0.017051833736959683,0.024898499982907187,0.01611477228115382,-0.01577670376121597,0.02102743455620993,0.012286000474526364,-0.0016453358771876337,-0.0026418772175193905,-0.02249791239876813,0.023368124279775533,-0.017445472952591214,0.0244147929332571,0.022293189869550478,-0.00613190518317978,-0.0459940817062813,-0.032329686673660284,0.0182255795444887,-0.01673707132697541,-0.0035741007482969203,-0.017051833736959683,0.0607865630930466
0.024337833603435194,0.001941518253065272,-0.0019673063602487443,-7.374447246962163e-5,-0.0023410785181361537,-0.008028360189903532,0.004464501688437652,-0.010189745181886367,0.011211689337029263,0.0026697873495314006,0.00046215386187038775,-0.008813892488490939,-0.0008673273321051296,-0.005870250633121878,0.003153725578409773,-0.0024699407971901684,0.010348431966814509,0.0013277830707374085,0.0017594208032518197,0.006124379033505172,0.001941518253065272,0.027953927822333136,-0.006908735361126483,0.0040048768481711315,0.006846110797053418,-0.004831888366608985,-0.0007751110161988083,0.002573522173271961,-0.01818948748303624,0.0016411821443386848,-0.0015492522343216568,0.009380679945148337,-0.005707204620447943,-0.013657215593025726,0.0064609241974978105,-0.006749896448685285,0.005853236065523312,0.0033361845270257033,0.007836306425851891,0.007403591116388431,-0.0019673063602487443,-0.006908735361126483,0.02173030545817144,-0.002419019518069016,-0.0022639442453132475,-0.008184763778839897,-0.002022515082128303,-0.007461909765655834,0.01884811400065809,0.0024958916129291134,0.001261929638727186,-0.0036336338829350613,0.0014696138099679571,-0.0002880259287314967,-0.0035423424339379095,0.007396357912829879,0.0017269317793849916,-0.0026812722543084486,-0.0004946912388442923,-0.0015504262154207448,-7.374447246962163e-5,0.0040048768481711315,-0.002419019518069016,0.038305496804584435,0.009543475827337621,-0.010176052072236989,0.0018221901652727057,0.009699126217592464,-0.010026314911271867,0.0007567440672260437,-0.005861806559009176,0.0065318729336977036,0.0004764757969248571,-0.008254097929035352,-0.008577015332906508,-0.004337854180916687,0.004331946026795921,-0.0026059841255817585,-0.0028843304134628144,-0.014961691753878337,-0.0023410785181361537,0.006846110797053418,-0.0022639442453132475,0.009543475827337621,0.01808993029806639,-0.002276274821635907,0.0006853056295347722,0.011754503716782857,-0.018585253748374504,0.0028942130726543596,-0.004778255216673941,0.004632224982334475,-0.0017929521073677683,-0.006772271548714983,0.002178495820392424,-0.010779686138762323,0.006839489505626712,-0.0027292512991419064,0.0032455227275674276,-0.005153692235641461,-0.008028360189903532,-0.004831888366608985,-0.008184763778839897,-0.010176052072236989,-0.002276274821635907,0.044918122364440635,-0.004498127469670267,0.01168580235432655,-0.012759702277694511,-0.0067657520604758065,-0.0004256944448200113,0.00010232893091631997,0.0005100861947221292,0.020557667423689703,-0.009801494838055813,0.007194705014968992,-0.00833665301902764,0.0024508486375798147,-0.0007807458509581258,-0.0013652341236325013,0.004464501688437652,-0.0007751110161988083,-0.002022515082128303,0.0018221901652727057,0.0006853056295347722,-0.004498127469670267,0.014109726770755738,-0.0024412714394019363,0.0014881063735732196,-0.001725558208224092,0.0022166850657767147,5.965122259142349e-5,-0.0011429359758291478,-0.0012740130129995646,0.0031280328025546284,-0.0020502987107329043,0.0032484797036586915,-0.00025853054142888006,0.002008655714595105,-0.0036321553316086604,-0.010189745181886367,0.002573522173271961,-0.007461909765655834,0.009699126217592464,0.011754503716782857,0.01168580235432655,-0.0024412714394019363,0.03878139914428423,-0.023700996009819234,-0.0021168509913302045,-0.004191583736375447,0.01118804607483624,-3.616980927199172e-5,0.006428315094017354,-0.006971810180919526,0.003680259689897478,0.0023647176635485908,-0.00398261972857031,-0.007085183601498794,-0.007630284226629503,0.011211689337029263,-0.01818948748303624,0.01884811400065809,-0.010026314911271867,-0.018585253748374504,-0.012759702277694511,0.0014881063735732196,-0.023700996009819234,0.08613458109567695,0.004842254539989372,2.425505140431706e-5,-0.019714887584819308,0.011189307925723485,0.011569786625567572,-0.011570398727579614,-0.00252865033804564,-0.006633328029991459,0.0023981878259560227,-0.006318948695948852,0.003041924692879173,0.0026697873495314006,0.0016411821443386848,0.0024958916129291134,0.0007567440672260437,0.0028942130726543596,-0.0067657520604758065,-0.001725558208224092,-0.0021168509913302045,0.004842254539989372,0.019442441982157242,0.00027905788218597345,-0.007177850351600811,-0.001014643738619763,-0.005455586625793507,0.003654710701678756,-0.0038988062074751684,0.0052256901945454595,-0.000668373288898922,-0.0004556413059142991,0.004887187524692578,0.00046215386187038775,-0.0015492522343216568,0.001261929638727186,-0.005861806559009176,-0.004778255216673941,-0.0004256944448200113,0.0022166850657767147,-0.004191583736375447,2.425505140431706e-5,0.00027905788218597345,0.016538812239047195,-0.0023670296361763517,-0.005410843857513869,-0.0013011919349209086,0.005574075436685932,0.003498279403921422,-0.002985783474341784,-0.0008879146176076025,0.0025695501488793475,0.002862374317417222,-0.008813892488490939,0.009380679945148337,-0.0036336338829350613,0.0065318729336977036,0.004632224982334475,0.00010232893091631997,5.965122259142349e-5,0.01118804607483624,-0.019714887584819308,-0.007177850351600811,-0.0023670296361763517,0.025506048829473826,-0.0015961055020827816,-0.00646111225976894,-0.0012786520843419869,0.001791266772882198,-0.0018737818703314197,0.0014036536066676436,-0.0007617556257621973,-0.004163057194962804,-0.0008673273321051296,-0.005707204620447943,0.0014696138099679571,0.0004764757969248571,-0.0017929521073677683,0.0005100861947221292,-0.0011429359758291478,-3.616980927199172e-5,0.011189307925723485,-0.001014643738619763,-0.005410843857513869,-0.0015961055020827816,0.019578229185086234,0.008698632345802662,-0.004776167105118963,-0.005081398831132706,-0.003980988195153861,-0.0020722162381096366,-0.007068206229777667,-0.0012452453886377052,-0.005870250633121878,-0.013657215593025726,-0.0002880259287314967,-0.008254097929035352,-0.006772271548714983,0.020557667423689703,-0.0012740130129995646,0.006428315094017354,0.011569786625567572,-0.005455586625793507,-0.0013011919349209086,-0.00646111225976894,0.008698632345802662,0.04067963379873286,-0.008168346293676788,0.005121234551943386,-0.015119003951184,-0.004922171287429399,-0.014347003403735927,0.0028093744574606188,0.003153725578409773,0.0064609241974978105,-0.0035423424339379095,-0.008577015332906508,0.002178495820392424,-0.009801494838055813,0.0031280328025546284,-0.006971810180919526,-0.011570398727579614,0.003654710701678756,0.005574075436685932,-0.0012786520843419869,-0.004776167105118963,-0.008168346293676788,0.030939420886968723,0.00010395362588076933,0.00508568219496743,-0.002347107254962003,0.006271113471915068,0.012226694983840849,-0.0024699407971901684,-0.006749896448685285,0.007396357912829879,-0.004337854180916687,-0.010779686138762323,0.007194705014968992,-0.0020502987107329043,0.003680259689897478,-0.00252865033804564,-0.0038988062074751684,0.003498279403921422,0.001791266772882198,-0.005081398831132706,0.005121234551943386,0.00010395362588076933,0.03359357234492566,-0.00897936799415916,0.001158493600908052,-0.011385412467110254,-0.002638629379931356,0.010348431966814509,0.005853236065523312,0.0017269317793849916,0.004331946026795921,0.006839489505626712,-0.00833665301902764,0.0032484797036586915,0.0023647176635485908,-0.006633328029991459,0.0052256901945454595,-0.002985783474341784,-0.0018737818703314197,-0.003980988195153861,-0.015119003951184,0.00508568219496743,-0.00897936799415916,0.025453962791904504,-0.0037048076025447746,0.006575547911886713,-0.0017315527515242447,0.0013277830707374085,0.0033361845270257033,-0.0026812722543084486,-0.0026059841255817585,-0.0027292512991419064,0.0024508486375798147,-0.00025853054142888006,-0.00398261972857031,0.0023981878259560227,-0.000668373288898922,-0.0008879146176076025,0.0014036536066676436,-0.0020722162381096366,-0.004922171287429399,-0.002347107254962003,0.001158493600908052,-0.0037048076025447746,0.022932322474997543,0.008756518550661053,-0.0034366355659678494,0.0017594208032518197,0.007836306425851891,-0.0004946912388442923,-0.0028843304134628144,0.0032455227275674276,-0.0007807458509581258,0.002008655714595105,-0.007085183601498794,-0.006318948695948852,-0.0004556413059142991,0.0025695501488793475,-0.0007617556257621973,-0.007068206229777667,-0.014347003403735927,0.006271113471915068,-0.011385412467110254,0.006575547911886713,0.008756518550661053,0.03375571617374145,-0.0004237089474748404,0.006124379033505172,0.007403591116388431,-0.0015504262154207448,-0.014961691753878337,-0.005153692235641461,-0.0013652341236325013,-0.0036321553316086604,-0.007630284226629503,0.003041924692879173,0.004887187524692578,0.002862374317417222,-0.004163057194962804,-0.0012452453886377052,0.0028093744574606188,0.012226694983840849,-0.002638629379931356,-0.0017315527515242447,-0.0034366355659678494,-0.0004237089474748404,0.03159565058159842
