0.016868219888265024,-0.002745640850695272,-0.003693556848551687,-0.004628897321835201,0.003140125993561821,0.001339660344431399,0.0018713372728823526,-0.0007637775133807452,0.00021827341570375031,0.002885121187977121,-0.0030278533528692603,0.001225028512764491,0.0017460979253821384,-0.00026242833571440353,0.002991072998236158,-0.00040408073980060437,-0.00018755861202172008,0.000989954353479225,0.0025182232675398796,-0.0015642350447648457,-0.002745640850695272,0.030781674120207107,0.001123729086269987,-0.011530273663633026,0.005395696580103745,-0.009509620554248222,0.004773593000191544,-0.004026606022184794,0.002026578524049379,0.004889368677435153,-0.0021815104871773616,-0.0003713713692787147,0.002426401384509795,0.007581778096223982,-0.0023490134692552454,-0.0016170406084007492,-0.007376524895196895,0.002480152940394363,0.0035686649634681725,-0.002778381415745402,-0.003693556848551687,0.001123729086269987,0.02372124631019199,-0.005516194874986363,0.0019766180423486136,0.003751856289561276,0.0021335557068893223,0.0019509239781629996,0.003224122350409117,-0.003250479582916957,0.00012545986188041713,0.0030256445463510413,0.001210866517916596,-0.002100147152573532,-0.0007687562800470144,-0.003580702153329622,-0.002207281518959753,-0.004384396874783078,-0.006014086771668035,0.0005338408815756504,-0.004628897321835201,-0.011530273663633026,-0.005516194874986363,0.028653665326679116,0.003271404523993254,0.0012062457080244647,-0.0021843813752682115,0.0012992667778019096,0.000494368146654853,-0.0053430722336272485,0.0022134026256243108,0.00023184957661949793,-0.0015296387357929366,-0.0022295943460228303,0.0024710446693776795,0.00576856823038388,0.010037047705840709,0.009408197351847343,-0.002939522692066059,-0.0021549410667255015,0.003140125993561821,0.005395696580103745,0.0019766180423486136,0.003271404523993254,0.021456684573721324,-0.0008377440406102813,0.0050718064167396045,0.0021924015812184294,0.0005799369623816769,0.0027826922107119074,-0.005057071434145358,0.000911992382247531,-0.004972469030024277,0.003128201079236206,-0.0004749163179101961,0.0012570405781198969,-0.004315188404833085,-0.0014671740311925504,-0.0028760125214170864,-0.0011047439774242817,0.001339660344431399,-0.009509620554248222,0.003751856289561276,0.0012062457080244647,-0.0008377440406102813,0.03015797969160964,0.0012566285552050582,0.002318297093753029,0.0008230376848074499,-0.005062705008006204,0.001904472298287219,0.0021545325806331056,-0.0033837512234888446,-0.006652668920977629,0.0020011049019042627,0.004992781818413556,0.00168942238262287,-0.0012885384541591297,-0.007385184559639673,-0.0018486749660222143,0.0018713372728823526,0.004773593000191544,0.0021335557068893223,-0.0021843813752682115,0.0050718064167396045,0.0012566285552050582,0.020618314380924048,-0.0032503534929049756,0.0055582075019389825,-0.002471793068469807,-0.0022353319668775603,-0.0018622568003566202,0.002511529149331346,-0.004241475861601448,0.00013336830379761069,0.003489006707349006,-0.002384867166594632,-0.0010405639142342005,0.0008832363961888488,-0.0015187535340999625,-0.0007637775133807452,-0.004026606022184794,0.0019509239781629996,0.0012992667778019096,0.0021924015812184294,0.002318297093753029,-0.0032503534929049756,0.01539268426082059,0.004540152890697816,-0.00042535392145369086,-0.0014544561567678732,-0.0021585787325231493,0.00039989022312446494,-0.0020455926114971183,-0.0008789696559546042,-0.0018523136287415132,-9.599413315696334e-5,-0.0012645552831386606,-0.006141882298996966,-0.000566359473979132,0.00021827341570375031,0.002026578524049379,0.003224122350409117,0.000494368146654853,0.0005799369623816769,0.0008230376848074499,0.0055582075019389825,0.004540152890697816,0.016507634070198226,-0.004553848928865949,0.005604798020997657,-0.00035555852219234716,-0.0008812344891869099,0.0003615590271815722,0.0049509069937254575,0.0019576065392788054,0.0036325484456839544,0.0032102325873898776,0.0014153454106926363,-0.0018612616500993226,0.002885121187977121,0.004889368677435153,-0.003250479582916957,-0.0053430722336272485,0.0027826922107119074,-0.005062705008006204,-0.002471793068469807,-0.00042535392145369086,-0.004553848928865949,0.026003800085604746,-0.003741614804235401,0.0025056801352937932,0.0016893129899728597,0.0037733252295094645,-0.003331668552674909,-0.008634252157478615,-0.004340503568460576,0.002259154368284122,0.004449108331136557,0.0010039150181922328,-0.0030278533528692603,-0.0021815104871773616,0.00012545986188041713,0.0022134026256243108,-0.005057071434145358,0.001904472298287219,-0.0022353319668775603,-0.0014544561567678732,0.005604798020997657,-0.003741614804235401,0.019259466388777718,0.0014339324889160118,0.006899258147694421,0.001649958128693729,0.001774486794745535,-0.00447423135141104,0.0042925581596923,0.004674327387751344,-0.0012535544609394455,-0.0034004152981793657,0.001225028512764491,-0.0003713713692787147,0.0030256445463510413,0.00023184957661949793,0.000911992382247531,0.0021545325806331056,-0.0018622568003566202,-0.0021585787325231493,-0.00035555852219234716,0.0025056801352937932,0.0014339324889160118,0.017072661383575057,0.003416321033930538,0.0028503694893348233,-1.988637364371557e-5,0.0011441842245437832,-0.0016520656357929336,-0.00034820616612727426,-0.001117565097833191,0.0038337185800751857,0.0017460979253821384,0.002426401384509795,0.001210866517916596,-0.0015296387357929366,-0.004972469030024277,-0.0033837512234888446,0.002511529149331346,0.00039989022312446494,-0.0008812344891869099,0.0016893129899728597,0.006899258147694421,0.003416321033930538,0.019428355442573986,-0.0006149763928741803,0.0021860132954400974,-0.0036322641647241246,1.8425352379887287e-5,-0.0025787674042248784,0.00273929775549693,0.003409533820415921,-0.00026242833571440353,0.007581778096223982,-0.002100147152573532,-0.0022295943460228303,0.003128201079236206,-0.006652668920977629,-0.004241475861601448,-0.0020455926114971183,0.0003615590271815722,0.0037733252295094645,0.001649958128693729,0.0028503694893348233,-0.0006149763928741803,0.02443538130562031,-0.009201035067731116,-0.004349031288711232,-0.005479013866432949,0.003982156807558762,0.0018327737325694459,-0.0025635353866950306,0.002991072998236158,-0.0023490134692552454,-0.0007687562800470144,0.0024710446693776795,-0.0004749163179101961,0.0020011049019042627,0.00013336830379761069,-0.0008789696559546042,0.0049509069937254575,-0.003331668552674909,0.001774486794745535,-1.988637364371557e-5,0.0021860132954400974,-0.009201035067731116,0.02148176084085845,0.0016182197037447686,0.005962395117096906,-0.0015672989161219,-6.797610191590267e-5,0.002917262196731135,-0.00040408073980060437,-0.0016170406084007492,-0.003580702153329622,0.00576856823038388,0.0012570405781198969,0.004992781818413556,0.003489006707349006,-0.0018523136287415132,0.0019576065392788054,-0.008634252157478615,-0.00447423135141104,0.0011441842245437832,-0.0036322641647241246,-0.004349031288711232,0.0016182197037447686,0.01751536383132009,0.001714372614165648,-0.0048320297608397764,0.00487277681007476,-0.004328725103280835,-0.00018755861202172008,-0.007376524895196895,-0.002207281518959753,0.010037047705840709,-0.004315188404833085,0.00168942238262287,-0.002384867166594632,-9.599413315696334e-5,0.0036325484456839544,-0.004340503568460576,0.0042925581596923,-0.0016520656357929336,1.8425352379887287e-5,-0.005479013866432949,0.005962395117096906,0.001714372614165648,0.023061275660464016,0.0036979173845427403,-0.002468113883613213,0.0014646270719939547,0.000989954353479225,0.002480152940394363,-0.004384396874783078,0.009408197351847343,-0.0014671740311925504,-0.0012885384541591297,-0.0010405639142342005,-0.0012645552831386606,0.0032102325873898776,0.002259154368284122,0.004674327387751344,-0.00034820616612727426,-0.0025787674042248784,0.003982156807558762,-0.0015672989161219,-0.0048320297608397764,0.0036979173845427403,0.01892161917333507,0.00360115477907833,-0.002235067587549199,0.0025182232675398796,0.0035686649634681725,-0.006014086771668035,-0.002939522692066059,-0.0028760125214170864,-0.007385184559639673,0.0008832363961888488,-0.006141882298996966,0.0014153454106926363,0.004449108331136557,-0.0012535544609394455,-0.001117565097833191,0.00273929775549693,0.0018327737325694459,-6.797610191590267e-5,0.00487277681007476,-0.002468113883613213,0.00360115477907833,0.02248452786547776,0.0030076380608428264,-0.0015642350447648457,-0.002778381415745402,0.0005338408815756504,-0.0021549410667255015,-0.0011047439774242817,-0.0018486749660222143,-0.0015187535340999625,-0.000566359473979132,-0.0018612616500993226,0.0010039150181922328,-0.0034004152981793657,0.0038337185800751857,0.003409533820415921,-0.0025635353866950306,0.002917262196731135,-0.004328725103280835,0.0014646270719939547,-0.002235067587549199,0.0030076380608428264,0.015311736099098024
