0.01882949626666478,-0.000848395563399432,0.004597184453399683,-0.0002771340661471344,-0.0021017414645165015,-0.0035577634148184134,0.0022781326107514936,0.004826905061278732,0.00048347819365566016,0.003840341550447284,0.00019769194862299217,0.00014293123835958332,0.0011920642017199876,0.007093505464446242,-0.0014226739899893524,-0.0020579703370233716,0.003115411117908958,-0.007125225504176401,-0.0037365544542270366,-0.00627123098806945,-0.000848395563399432,0.013525514453178494,0.0011652138577219263,-0.0027339810255115364,-0.000874149356890653,-0.004356270328462376,0.00012654978590960071,-0.0008511289480851133,-0.002725069681978158,0.0007878137587207913,0.0014043479371119842,-0.002410455450880156,0.001247625853790854,-0.00042016330461417393,0.005454355704298246,0.003694428556515186,0.00032602317755399076,0.00029321059322586374,-0.004629683597758795,-0.0027101907908126765,0.004597184453399683,0.0011652138577219263,0.025647944033881688,0.001282488294329921,0.00249624972737336,-0.0033903259850537075,0.006981140826023566,-0.0062402205670994155,-0.006975441722088113,0.004178733605379377,0.00048327624653091226,0.002377563127857908,-0.004289862073143619,-0.009337567781495793,-0.00481335082612884,0.0007452858609096391,0.002596535453025933,0.0092528988875137,-0.0001136023363567112,-0.005266757901629064,-0.0002771340661471344,-0.0027339810255115364,0.001282488294329921,0.02153017274822666,0.0014876185886799718,0.003095405541365754,-0.003258980846952669,0.0016718926842990956,0.004935066381501192,-0.003538667170592578,-0.0028299483688054897,-0.006663295394085432,-0.0027938536829743557,-0.0018605671854396181,-0.005846288277290659,0.0010913387432828158,0.007380901721353682,0.006191377597549515,-0.0047489362227213045,0.0020965390816364764,-0.0021017414645165015,-0.000874149356890653,0.00249624972737336,0.0014876185886799718,0.012761862207254114,0.005281992816065267,-0.004739176091499376,0.00011919655931073343,-0.0012216318854235946,0.00032936374109137744,-0.00025368167608598175,-0.0009547751539526503,-0.0021974229646886754,-0.0012607056061689653,-0.0020465880782867523,0.0004768929918408597,0.001401081869421472,0.00033174111184974765,-0.002735669406508095,-0.000890134734088594,-0.0035577634148184134,-0.004356270328462376,-0.0033903259850537075,0.003095405541365754,0.005281992816065267,0.026279402019172945,-0.005122878103544117,0.001432451245457155,0.0056558781050448596,-0.00332996680544249,0.0030908813749439337,-0.006040536629651458,-0.006179851286528169,0.0001849497776790251,-0.002796055178238448,-0.0031057377256711025,0.004489755530537331,0.0008368920511280166,0.001086970501419371,-0.0055836271582773225,0.0022781326107514936,0.00012654978590960071,0.006981140826023566,-0.003258980846952669,-0.004739176091499376,-0.005122878103544117,0.02576235358866201,-0.00029293360184112543,-0.00390831040662361,-0.0026588323511315902,0.002834826893215614,0.0018017327456982981,0.0028166025968934137,-0.006104785037534317,-0.000979849144408961,-0.006370303106577567,-0.0004007586216873938,-0.0017507548175984572,0.005340893550415402,-0.004501035779742061,0.004826905061278732,-0.0008511289480851133,-0.0062402205670994155,0.0016718926842990956,0.00011919655931073343,0.001432451245457155,-0.00029293360184112543,0.01816403898097334,0.002227967027127092,-0.001333730667952897,0.0003617182311204222,-0.005513735458228371,-0.002766640701818479,0.0037657853744675505,-0.001219632907593357,-0.0036642866078524946,0.003298878760161257,-2.907923593882677e-5,-0.002881843595904006,-0.0034896993609740577,0.00048347819365566016,-0.002725069681978158,-0.006975441722088113,0.004935066381501192,-0.0012216318854235946,0.0056558781050448596,-0.00390831040662361,0.002227967027127092,0.020927604100256052,-0.00030663846510993253,-0.0022717488605097412,0.0022407582892134004,-0.0007348498404429222,0.001840530196708249,-0.0055169819904286425,-0.00011915740148864845,0.000821864527359349,-0.002352907793111762,-0.0005209934497284031,0.0007795712998276643,0.003840341550447284,0.0007878137587207913,0.004178733605379377,-0.003538667170592578,0.00032936374109137744,-0.00332996680544249,-0.0026588323511315902,-0.001333730667952897,-0.00030663846510993253,0.020652439704272246,0.001040486128743276,0.0009570033892022876,0.005202981188762576,0.0011617762494978289,-0.0036052274733116996,0.0008062707601616915,0.001323038349994739,-0.004570168996495672,-0.0058444523266149035,-0.0003761713490996932,0.00019769194862299217,0.0014043479371119842,0.00048327624653091226,-0.0028299483688054897,-0.00025368167608598175,0.0030908813749439337,0.002834826893215614,0.0003617182311204222,-0.0022717488605097412,0.001040486128743276,0.025127151626458327,7.939255289794965e-5,-0.004612111368236215,-0.00560411228821602,0.003431997530311497,-0.001474650146319353,-0.0003894466644436892,-0.0004990703790624033,0.003322130136855907,-0.003560845881528597,0.00014293123835958332,-0.002410455450880156,0.002377563127857908,-0.006663295394085432,-0.0009547751539526503,-0.006040536629651458,0.0018017327456982981,-0.005513735458228371,0.0022407582892134004,0.0009570033892022876,7.939255289794965e-5,0.022772406808306268,0.003266564846544585,-0.0002342716397208751,-0.010524959539869132,-0.0012069420321210982,-0.0016134662677199183,0.00040483495460734984,-0.0062450956913220855,0.0012240285896437492,0.0011920642017199876,0.001247625853790854,-0.004289862073143619,-0.0027938536829743557,-0.0021974229646886754,-0.006179851286528169,0.0028166025968934137,-0.002766640701818479,-0.0007348498404429222,0.005202981188762576,-0.004612111368236215,0.003266564846544585,0.024989032409499085,-0.0011570409659504006,-0.0014772405027572415,0.0011581082483689146,-0.006771866561620016,-0.0005373041884199514,0.002197316294452864,0.002281462499254201,0.007093505464446242,-0.00042016330461417393,-0.009337567781495793,-0.0018605671854396181,-0.0012607056061689653,0.0001849497776790251,-0.006104785037534317,0.0037657853744675505,0.001840530196708249,0.0011617762494978289,-0.00560411228821602,-0.0002342716397208751,-0.0011570409659504006,0.02477588939256307,-0.002930177005412516,0.00452669954326435,0.001999959192330822,-0.006382875132388259,-0.005316905563177533,0.00640276871717498,-0.0014226739899893524,0.005454355704298246,-0.00481335082612884,-0.005846288277290659,-0.0020465880782867523,-0.002796055178238448,-0.000979849144408961,-0.001219632907593357,-0.0055169819904286425,-0.0036052274733116996,0.003431997530311497,-0.010524959539869132,-0.0014772405027572415,-0.002930177005412516,0.023522549552688524,0.0023382498088152146,-0.0036349236024684262,-0.0026131444639408267,0.004486820152626927,0.006578228093320906,-0.0020579703370233716,0.003694428556515186,0.0007452858609096391,0.0010913387432828158,0.0004768929918408597,-0.0031057377256711025,-0.006370303106577567,-0.0036642866078524946,-0.00011915740148864845,0.0008062707601616915,-0.001474650146319353,-0.0012069420321210982,0.0011581082483689146,0.00452669954326435,0.0023382498088152146,0.020013892518272437,-0.002242530925763736,-0.0022130499732425013,-0.005407946397791132,0.0073639944469233755,0.003115411117908958,0.00032602317755399076,0.002596535453025933,0.007380901721353682,0.001401081869421472,0.004489755530537331,-0.0004007586216873938,0.003298878760161257,0.000821864527359349,0.001323038349994739,-0.0003894466644436892,-0.0016134662677199183,-0.006771866561620016,0.001999959192330822,-0.0036349236024684262,-0.002242530925763736,0.015314593008261433,-0.00017078076125285696,-0.0014484502429423008,-0.0018927498621656332,-0.007125225504176401,0.00029321059322586374,0.0092528988875137,0.006191377597549515,0.00033174111184974765,0.0008368920511280166,-0.0017507548175984572,-2.907923593882677e-5,-0.002352907793111762,-0.004570168996495672,-0.0004990703790624033,0.00040483495460734984,-0.0005373041884199514,-0.006382875132388259,-0.0026131444639408267,-0.0022130499732425013,-0.00017078076125285696,0.020400068804256637,0.002075687161796802,0.003096739694700622,-0.0037365544542270366,-0.004629683597758795,-0.0001136023363567112,-0.0047489362227213045,-0.002735669406508095,0.001086970501419371,0.005340893550415402,-0.002881843595904006,-0.0005209934497284031,-0.0058444523266149035,0.003322130136855907,-0.0062450956913220855,0.002197316294452864,-0.005316905563177533,0.004486820152626927,-0.005407946397791132,-0.0014484502429423008,0.002075687161796802,0.027657304962996024,0.0008540076346121661,-0.00627123098806945,-0.0027101907908126765,-0.005266757901629064,0.0020965390816364764,-0.000890134734088594,-0.0055836271582773225,-0.004501035779742061,-0.0034896993609740577,0.0007795712998276643,-0.0003761713490996932,-0.003560845881528597,0.0012240285896437492,0.002281462499254201,0.00640276871717498,0.006578228093320906,0.0073639944469233755,-0.0018927498621656332,0.003096739694700622,0.0008540076346121661,0.02011355194412272
