0.042807361212644945,-0.034697550964296886,0.007865683238052562,-0.025062339490375708,0.00464449605799974,-0.0050277980045002404,-0.011270074742889312,-0.0040469688564902665,0.010460136657662295,0.0072875067013746,-0.0030653797320445817,-0.010211952259306208,0.02182287853549128,0.00485809895163655,-0.02298124740672574,0.0026152920344092454,0.021912733872746337,0.003302009851099687,0.008228042054861724,-0.0118993365670589,-0.034697550964296886,0.0964393612458396,0.012704148765385715,0.04859803056608977,-0.021605619982897926,0.004807695096174446,0.01857111241963279,-0.01233590328824066,-0.049149476147590083,-0.015299835853727569,-0.0018174552323064882,0.04619579734648935,-0.03508023804454695,-0.010577116429799931,0.051367965802109894,-0.004810179762303641,-0.05197677514529705,-0.033194963800345464,-0.02253453646145217,0.009918154327225344,0.007865683238052562,0.012704148765385715,0.07899076703559095,-0.0022971500573130913,-0.017254312599230503,0.009697670839049561,-0.0007548822294501413,-0.025305778655090108,-0.03357081121785162,-0.05868807987782487,-0.0058943490872868575,0.021155391960198645,-0.02867883106165925,0.009283354980942154,0.04133214590859838,-0.012770569155494321,0.011323498373650986,-0.00029549767804560646,-0.0028166151910024788,-0.010315944697599156,-0.025062339490375708,0.04859803056608977,-0.0022971500573130913,0.0508386293435537,-0.0217844533915277,-0.003305479276675318,-0.003460948775878968,-0.0020170254083799336,-0.02549507049560466,-0.004809324943343711,0.0035976082584238986,0.028521758538244613,-0.01888144524125663,-0.0020199958815054968,0.028816584155851532,-0.009756439163110558,-0.025222000045807047,-0.007760121885770992,-0.012207838322780482,0.0007282540063858236,0.00464449605799974,-0.021605619982897926,-0.017254312599230503,-0.0217844533915277,0.03970059394140788,-0.004450136237496917,-0.002777550177905674,0.006660697169138859,0.028276579676676752,0.02059448235729342,-0.004238328961175896,-0.024488046235156193,0.012468157378415149,-0.0008794889601841487,-0.01973481075822731,0.006053555713095502,0.006838131282476784,0.007853741009884672,0.0069012865681383085,0.004159125210858228,-0.0050277980045002404,0.004807695096174446,0.009697670839049561,-0.003305479276675318,-0.004450136237496917,0.019270702329948725,-0.0017624089707106202,0.004389006956806418,-0.013490544927296297,-0.009156499224160529,-5.8901398122693975e-5,0.003887554611279785,-0.016173942031208942,-0.0006597875759534221,0.013106723288096747,-0.0019519841779541967,-0.0054573139714167145,0.008979164506849473,-0.0032565079359708495,0.004331783460418001,-0.011270074742889312,0.01857111241963279,-0.0007548822294501413,-0.003460948775878968,-0.002777550177905674,-0.0017624089707106202,0.05317734148844411,-0.009435707499102629,-0.01450065033046092,0.006818062528338447,0.007390602044413795,0.011731740349667856,0.0023914900393593452,-0.016866070910437722,-0.005339571210812751,0.0015107369024734843,-0.007853777467190768,-0.013608648474252805,-0.01626551157151499,0.005063451446369968,-0.0040469688564902665,-0.01233590328824066,-0.025305778655090108,-0.0020170254083799336,0.006660697169138859,0.004389006956806418,-0.009435707499102629,0.03312128977449362,-0.006906388929272719,0.0007444524411670986,-0.001935274693326463,-0.01186681224503032,-0.005702971360971655,-0.0011432410978022432,-0.00037540994975407286,-0.0007390159782344134,-0.0029058156333491257,0.007968582091282895,0.005449836487931332,0.00577621957319208,0.010460136657662295,-0.049149476147590083,-0.03357081121785162,-0.02549507049560466,0.028276579676676752,-0.013490544927296297,-0.01450065033046092,-0.006906388929272719,0.09475897373917416,0.038085418947109054,-0.012359574149083518,-0.043340299093431386,0.05140862596811858,0.007365659932371009,-0.05352150111716964,0.016350651866012672,0.021218177523361414,0.022353851261911258,0.023286530313605662,0.007450338465972527,0.0072875067013746,-0.015299835853727569,-0.05868807987782487,-0.004809324943343711,0.02059448235729342,-0.009156499224160529,0.006818062528338447,0.0007444524411670986,0.038085418947109054,0.08676439164257013,0.005126377615719472,-0.02187156407537217,0.03905097756393179,-0.0190254763522818,-0.05553832169470427,0.016315431737041832,-0.007568311877998591,-0.004442759155934995,0.0019911006472917254,6.312925032520575e-5,-0.0030653797320445817,-0.0018174552323064882,-0.0058943490872868575,0.0035976082584238986,-0.004238328961175896,-5.8901398122693975e-5,0.007390602044413795,-0.001935274693326463,-0.012359574149083518,0.005126377615719472,0.01610892600799505,0.007716305875861645,-0.003180931767661729,-0.0019130085888186036,-0.0007338926886244279,0.0018074840138451375,0.003746800474157732,-0.000578986898498045,-0.006654481970461207,-0.002973161234610007,-0.010211952259306208,0.04619579734648935,0.021155391960198645,0.028521758538244613,-0.024488046235156193,0.003887554611279785,0.011731740349667856,-0.01186681224503032,-0.043340299093431386,-0.02187156407537217,0.007716305875861645,0.05643296495440965,-0.026748865232875632,-0.009409007694239493,0.030141240957703493,-0.004913835028373786,-0.024862479886825592,-0.02488210671378694,-0.017552904390933516,-0.0035888429067191547,0.02182287853549128,-0.03508023804454695,-0.02867883106165925,-0.01888144524125663,0.012468157378415149,-0.016173942031208942,0.0023914900393593452,-0.005702971360971655,0.05140862596811858,0.03905097756393179,-0.003180931767661729,-0.026748865232875632,0.06352029023773154,0.004063785871110052,-0.04818965707653562,0.013454347198043956,0.012810855620833873,0.0007240481109578071,0.009739951556077783,-0.0014690588047925068,0.00485809895163655,-0.010577116429799931,0.009283354980942154,-0.0020199958815054968,-0.0008794889601841487,-0.0006597875759534221,-0.016866070910437722,-0.0011432410978022432,0.007365659932371009,-0.0190254763522818,-0.0019130085888186036,-0.009409007694239493,0.004063785871110052,0.019265236008426268,0.0033740765266205668,-0.0025878202092213813,0.015741366945697555,0.012710471370242594,0.004658168259454461,-0.007634686460718253,-0.02298124740672574,0.051367965802109894,0.04133214590859838,0.028816584155851532,-0.01973481075822731,0.013106723288096747,-0.005339571210812751,-0.00037540994975407286,-0.05352150111716964,-0.05553832169470427,-0.0007338926886244279,0.030141240957703493,-0.04818965707653562,0.0033740765266205668,0.07557932086468365,-0.01298766710331116,-0.02687212872953358,-0.006377687437959188,-0.014908895206644839,0.001418967519452734,0.0026152920344092454,-0.004810179762303641,-0.012770569155494321,-0.009756439163110558,0.006053555713095502,-0.0019519841779541967,0.0015107369024734843,-0.0007390159782344134,0.016350651866012672,0.016315431737041832,0.0018074840138451375,-0.004913835028373786,0.013454347198043956,-0.0025878202092213813,-0.01298766710331116,0.02019574603528164,0.0043586455322959265,-0.006758914359147586,-0.0005334610365149587,0.00010821679871169223,0.021912733872746337,-0.05197677514529705,0.011323498373650986,-0.025222000045807047,0.006838131282476784,-0.0054573139714167145,-0.007853777467190768,-0.0029058156333491257,0.021218177523361414,-0.007568311877998591,0.003746800474157732,-0.024862479886825592,0.012810855620833873,0.015741366945697555,-0.02687212872953358,0.0043586455322959265,0.050877543273376305,0.0215237519810505,0.007547202006040336,-0.011114979615910469,0.003302009851099687,-0.033194963800345464,-0.00029549767804560646,-0.007760121885770992,0.007853741009884672,0.008979164506849473,-0.013608648474252805,0.007968582091282895,0.022353851261911258,-0.004442759155934995,-0.000578986898498045,-0.02488210671378694,0.0007240481109578071,0.012710471370242594,-0.006377687437959188,-0.006758914359147586,0.0215237519810505,0.04592366930249301,0.013136392738693787,-0.007972162527748274,0.008228042054861724,-0.02253453646145217,-0.0028166151910024788,-0.012207838322780482,0.0069012865681383085,-0.0032565079359708495,-0.01626551157151499,0.005449836487931332,0.023286530313605662,0.0019911006472917254,-0.006654481970461207,-0.017552904390933516,0.009739951556077783,0.004658168259454461,-0.014908895206644839,-0.0005334610365149587,0.007547202006040336,0.013136392738693787,0.029077198235698466,0.0019203537346803613,-0.0118993365670589,0.009918154327225344,-0.010315944697599156,0.0007282540063858236,0.004159125210858228,0.004331783460418001,0.005063451446369968,0.00577621957319208,0.007450338465972527,6.312925032520575e-5,-0.002973161234610007,-0.0035888429067191547,-0.0014690588047925068,-0.007634686460718253,0.001418967519452734,0.00010821679871169223,-0.011114979615910469,-0.007972162527748274,0.0019203537346803613,0.04328985026024717
0.03395300707820711,0.008652798336638125,0.00028758124594770976,0.006795535579970836,0.013648141586267273,0.03058249562993289,-0.04941176990870357,-0.014061006493811631,-0.013639157090086071,-0.02660456830830992,-0.034773611726485916,-0.025723985027202675,0.01031885471468321,0.0022405644093522054,0.009596619890827102,0.017724172066814828,0.056806869384712404,-0.0036097634583754637,-0.02139660480144595,0.01981811696849906,0.008652798336638125,0.062289957952524566,-0.026338856534835385,-0.013641281180491694,0.0113235439982551,0.019102308712805334,0.009590732058992961,0.00021373564174707852,0.0008281092492672041,0.001662043430453894,0.006917334651674943,-0.015083569556254756,-0.01645366862583539,0.01737925291065406,-0.0022974111818584277,-0.01229975530759743,-0.023631450629571744,0.019372998557731554,-0.054311974931648854,0.028882028459976263,0.00028758124594770976,-0.026338856534835385,0.020475670587905195,0.008601323140810944,-0.0018544783467403817,-0.0020881471604274563,-0.02283880616460015,-0.005469683975732332,-0.00016150069908361199,-0.004379663845384002,-0.013811489333448708,0.004927198118839404,0.009433527603730873,-0.010045617467609794,-0.0007265956532569711,0.006410613005669867,0.024196394757798778,-0.012802432744261093,0.025691161227955565,-0.006472181934147289,0.006795535579970836,-0.013641281180491694,0.008601323140810944,0.014503430088047255,0.001323915034722402,0.005519375171653824,-0.023821075246685662,-0.006759136634894273,-0.00601240310559555,-0.01475999520257525,-0.01505873651224656,-0.0027536200878674607,0.012548823290588994,-0.0027883307488648845,0.004061884213757006,0.011148003752144106,0.025360550452896122,-0.0032151185769480205,0.0034056531352973833,0.001903811387003564,0.013648141586267273,0.0113235439982551,-0.0018544783467403817,0.001323915034722402,0.012609850760435236,0.018572990956242083,-0.02175916415182947,-0.005662547310806072,-0.005093685430389246,-0.011646662832584158,-0.015320635705328245,-0.012109417650995217,-0.0003024446332993845,0.0029296291272792414,0.004734005136864596,0.00560898821465888,0.0207379772991183,0.0006739438290403357,-0.012872197868799989,0.014192235990283604,0.03058249562993289,0.019102308712805334,-0.0020881471604274563,0.005519375171653824,0.018572990956242083,0.052070297431131916,-0.06495286265591893,-0.019453904422537298,-0.01720415171653667,-0.03459869726271299,-0.04252420580147108,-0.03503895042484466,0.006144046493919161,-0.0029698142346063863,0.011272892149426773,0.01636285835149259,0.06998773739887952,-0.0010074255453722334,-0.032150510678242976,0.026452657775957435,-0.04941176990870357,0.009590732058992961,-0.02283880616460015,-0.023821075246685662,-0.02175916415182947,-0.06495286265591893,0.13567871124105202,0.03555318836775659,0.026766562979595954,0.06137653654356538,0.08284956525909822,0.039859688328241036,-0.02882652471949281,0.012229504316385855,-0.017422630233224903,-0.0392582738036456,-0.138357134742937,0.0194882647211492,0.01792599066305166,-0.033206274191645964,-0.014061006493811631,0.00021373564174707852,-0.005469683975732332,-0.006759136634894273,-0.005662547310806072,-0.019453904422537298,0.03555318836775659,0.018722543558538807,0.010231512126371271,0.018808422843165026,0.028709023171474085,0.018547746228278063,-0.01212268164468298,0.004175627739375206,-0.005013574279354045,-0.008155547855100129,-0.04340264066326941,0.004502341376512705,0.00784465183329783,-0.008629420236797112,-0.013639157090086071,0.0008281092492672041,-0.00016150069908361199,-0.00601240310559555,-0.005093685430389246,-0.01720415171653667,0.026766562979595954,0.010231512126371271,0.016614917166173103,0.02015356150681706,0.019392895890018327,0.013733814818001476,-0.011190399297896425,-0.0005280113647599911,-0.008394827118570238,-0.011200323064687717,-0.03569624673476189,0.0018784549226773168,0.012299721876824316,-0.00606043951939843,-0.02660456830830992,0.001662043430453894,-0.004379663845384002,-0.01475999520257525,-0.011646662832584158,-0.03459869726271299,0.06137653654356538,0.018808422843165026,0.02015356150681706,0.04146403443416307,0.04124677670467146,0.024139789968048032,-0.022885910215878866,-1.8527770098512175e-5,-0.01300491302712296,-0.02295186325770773,-0.06742160447256655,0.004705988184337818,0.019631204197336702,-0.019368216272472,-0.034773611726485916,0.006917334651674943,-0.013811489333448708,-0.01505873651224656,-0.015320635705328245,-0.04252420580147108,0.08284956525909822,0.028709023171474085,0.019392895890018327,0.04124677670467146,0.06466304991363568,0.033398104227901855,-0.024067686476162697,0.007514468034802486,-0.010468526838967407,-0.021207054888352613,-0.09442115610280546,0.011818588144897177,0.011548253131215151,-0.021828213997554715,-0.025723985027202675,-0.015083569556254756,0.004927198118839404,-0.0027536200878674607,-0.012109417650995217,-0.03503895042484466,0.039859688328241036,0.018547746228278063,0.013733814818001476,0.024139789968048032,0.033398104227901855,0.04008154305068407,-0.00808930166781449,0.004072518664797656,-0.008903875009473273,-0.009730899823354415,-0.056115879233370074,-0.0018452836193008607,0.026432428838143035,-0.015612077129347241,0.01031885471468321,-0.01645366862583539,0.009433527603730873,0.012548823290588994,-0.0003024446332993845,0.006144046493919161,-0.02882652471949281,-0.01212268164468298,-0.011190399297896425,-0.022885910215878866,-0.024067686476162697,-0.00808930166781449,0.028424014660093574,-0.0010365150382387232,0.0036715110173537757,0.012301668353257505,0.03688481120511303,-0.007949250312794864,0.002414112589033802,0.0036441335088974514,0.0022405644093522054,0.01737925291065406,-0.010045617467609794,-0.0027883307488648845,0.0029296291272792414,-0.0029698142346063863,0.012229504316385855,0.004175627739375206,-0.0005280113647599911,-1.8527770098512175e-5,0.007514468034802486,0.004072518664797656,-0.0010365150382387232,0.016894080622418726,-0.0018156541606616833,-0.0016191083724108129,-0.020636934336228565,0.007180404834588031,-0.01676788828377991,0.009850421592717075,0.009596619890827102,-0.0022974111818584277,-0.0007265956532569711,0.004061884213757006,0.004734005136864596,0.011272892149426773,-0.017422630233224903,-0.005013574279354045,-0.008394827118570238,-0.01300491302712296,-0.010468526838967407,-0.008903875009473273,0.0036715110173537757,-0.0018156541606616833,0.01193066885497361,0.010269164395625923,0.022934701509903083,-0.0005928554068947157,-0.006880413959159098,0.0031647406193333455,0.017724172066814828,-0.01229975530759743,0.006410613005669867,0.011148003752144106,0.00560898821465888,0.01636285835149259,-0.0392582738036456,-0.008155547855100129,-0.011200323064687717,-0.02295186325770773,-0.021207054888352613,-0.009730899823354415,0.012301668353257505,-0.0016191083724108129,0.010269164395625923,0.022827321901699726,0.04218679822521567,-0.00773431929286566,-0.001707926443248936,0.005314409120870773,0.056806869384712404,-0.023631450629571744,0.024196394757798778,0.025360550452896122,0.0207379772991183,0.06998773739887952,-0.138357134742937,-0.04340264066326941,-0.03569624673476189,-0.06742160447256655,-0.09442115610280546,-0.056115879233370074,0.03688481120511303,-0.020636934336228565,0.022934701509903083,0.04218679822521567,0.1703746559278554,-0.024228282558382115,-0.01112868447959925,0.0224112559946787,-0.0036097634583754637,0.019372998557731554,-0.012802432744261093,-0.0032151185769480205,0.0006739438290403357,-0.0010074255453722334,0.0194882647211492,0.004502341376512705,0.0018784549226773168,0.004705988184337818,0.011818588144897177,-0.0018452836193008607,-0.007949250312794864,0.007180404834588031,-0.0005928554068947157,-0.00773431929286566,-0.024228282558382115,0.015303076693198442,-0.01878025087390467,0.005936279030179314,-0.02139660480144595,-0.054311974931648854,0.025691161227955565,0.0034056531352973833,-0.012872197868799989,-0.032150510678242976,0.01792599066305166,0.00784465183329783,0.012299721876824316,0.019631204197336702,0.011548253131215151,0.026432428838143035,0.002414112589033802,-0.01676788828377991,-0.006880413959159098,-0.001707926443248936,-0.01112868447959925,-0.01878025087390467,0.06615902506543035,-0.03295334784296508,0.01981811696849906,0.028882028459976263,-0.006472181934147289,0.001903811387003564,0.014192235990283604,0.026452657775957435,-0.033206274191645964,-0.008629420236797112,-0.00606043951939843,-0.019368216272472,-0.021828213997554715,-0.015612077129347241,0.0036441335088974514,0.009850421592717075,0.0031647406193333455,0.005314409120870773,0.0224112559946787,0.005936279030179314,-0.03295334784296508,0.03231540729810974
0.017751831648981507,0.003449202711764493,-0.0005233295269371169,0.007603787496814781,-0.00025554606569578805,-0.004681764502622043,0.0006390785044719787,0.0059074214712194015,0.004969885297717311,0.004644534309407752,-0.0028552182299385912,-0.003175513660098016,-0.002377833328114309,-0.00279404714401618,0.004037351642697767,0.005783741910158398,-0.005585842565751103,-0.006949572440201159,0.004377374691278678,-0.0011778495961222441,0.003449202711764493,0.020585474713617262,-0.00444576295732661,0.008095587613081025,-0.0022166588579775348,0.0029146828294651364,-0.0005745525810013361,0.003915383926980633,0.008208969221444503,0.003989060879179565,0.0019278043777348718,0.0011572131711878784,0.00483308932263965,-0.0010056488813978187,0.005295568399425277,0.004096677175747187,-0.001236268318399271,-0.005211079008101782,0.007163833929422207,-0.0006426352577135742,-0.0005233295269371169,-0.00444576295732661,0.03002702482361625,-0.009825150085769629,0.0031387310381361605,0.006009589054246393,-0.008923418827599006,-0.00017510718101870423,0.0035233739471082896,-0.0009781674416454156,0.005695083822579584,0.012838131546359642,0.0010535016645566867,0.006184718953840254,-0.0033053131742429025,-0.00836117355809068,0.002401439740106262,0.005698055998760535,0.0018176955628051365,-0.007632916977337579,0.007603787496814781,0.008095587613081025,-0.009825150085769629,0.027075718930526793,-0.0016075080857950203,6.994547846778977e-5,0.010982786225375298,-0.0009527247966434811,0.0045416774240424635,0.008568330156389834,0.0025426449778260733,-0.0015366033256494515,0.0025012523528713214,-0.004138078051266315,0.0105788577596115,0.008101443026468032,0.0002913468582284658,-0.006109957912031753,-0.0016299160160448377,0.005117253722235649,-0.00025554606569578805,-0.0022166588579775348,0.0031387310381361605,-0.0016075080857950203,0.01417127299451193,0.004671462776651984,-0.0032409167172494204,0.0011867773703829521,-0.000366065867717132,-0.0029001816199993534,0.002602403965025437,1.9417974517791476e-5,-0.0009561503677346619,-0.00010004267046873484,0.0002600526300673876,-0.002347249457849156,0.005733636811467638,-0.003465376580220584,0.003933037262978884,-0.0013194444035093842,-0.004681764502622043,0.0029146828294651364,0.006009589054246393,6.994547846778977e-5,0.004671462776651984,0.018403270858404604,-0.0023299451339797187,-0.010561871209241227,-0.0020620697007262753,-0.00543055882721554,0.004174586514000258,0.005119279974221053,0.0025479166186310543,0.003170613165144089,0.005014987471622889,0.0007669804768647127,0.016237791182234014,0.007007339664280966,-0.004902973791797494,-0.008609018311072037,0.0006390785044719787,-0.0005745525810013361,-0.008923418827599006,0.010982786225375298,-0.0032409167172494204,-0.0023299451339797187,0.014578326493541321,-0.0010687232270289548,0.0021283533906179025,0.0061577321472696895,-0.0010948884810538378,-0.00708252661199612,-0.0017058958803574825,-0.0009307927396643182,0.005604400425214184,0.007098908008922782,0.003636025485355694,-0.003975238383109857,-0.0021665567983500814,0.0011838779519000103,0.0059074214712194015,0.003915383926980633,-0.00017510718101870423,-0.0009527247966434811,0.0011867773703829521,-0.010561871209241227,-0.0010687232270289548,0.02830447077810823,0.008255319900752832,0.005347738161583801,-0.005390322591930103,-0.005177168141006936,-9.772745924148144e-5,-0.010112468346934519,-0.002236522375907467,-0.0003096231041418737,-0.015732681469966862,-0.010369689479573937,0.007031321236223947,0.009683107444199118,0.004969885297717311,0.008208969221444503,0.0035233739471082896,0.0045416774240424635,-0.000366065867717132,-0.0020620697007262753,0.0021283533906179025,0.008255319900752832,0.022071182691885186,0.009631022561599378,0.0009632122513828946,0.0020530047484027124,0.001874987888156662,-0.0005590156715928774,0.009838917662473686,-0.012097614403863026,-0.0033922116332502877,-0.002123465496374051,0.004096653471173975,0.003433997523226152,0.004644534309407752,0.003989060879179565,-0.0009781674416454156,0.008568330156389834,-0.0029001816199993534,-0.00543055882721554,0.0061577321472696895,0.005347738161583801,0.009631022561599378,0.027006670479245282,0.00017637321949212973,-0.00284901520358125,-0.006126720153878872,-0.00610924538027016,0.009163243362255503,-0.0035763412588201335,-0.0015080760223738802,-0.006866407880703247,0.004937220992330552,0.0029425244691348644,-0.0028552182299385912,0.0019278043777348718,0.005695083822579584,0.0025426449778260733,0.002602403965025437,0.004174586514000258,-0.0010948884810538378,-0.005390322591930103,0.0009632122513828946,0.00017637321949212973,0.01879120827949447,0.006943265800131066,0.005533299264495148,0.0052164512082246706,0.010402475452490196,-0.0031732784505076727,0.007406364556764803,-0.00010614165979411341,-0.0005360095305916258,-0.0035642285633326566,-0.003175513660098016,0.0011572131711878784,0.012838131546359642,-0.0015366033256494515,1.9417974517791476e-5,0.005119279974221053,-0.00708252661199612,-0.005177168141006936,0.0020530047484027124,-0.00284901520358125,0.006943265800131066,0.029009475219651554,-0.0002508872244056385,0.0039649090017884435,0.0016741368680676847,-0.0018774473051268597,0.009838562181736552,0.009305908896054968,-0.006408023076988453,-0.0038456078683897343,-0.002377833328114309,0.00483308932263965,0.0010535016645566867,0.0025012523528713214,-0.0009561503677346619,0.0025479166186310543,-0.0017058958803574825,-9.772745924148144e-5,0.001874987888156662,-0.006126720153878872,0.005533299264495148,-0.0002508872244056385,0.020957272990178372,0.01281374105823061,0.00396230068682482,-0.008567283864458382,0.0032658177938110398,0.006670119031297944,0.00046985518147058973,0.00220512846158505,-0.00279404714401618,-0.0010056488813978187,0.006184718953840254,-0.004138078051266315,-0.00010004267046873484,0.003170613165144089,-0.0009307927396643182,-0.010112468346934519,-0.0005590156715928774,-0.00610924538027016,0.0052164512082246706,0.0039649090017884435,0.01281374105823061,0.02436509649820011,0.000562104642946583,-0.005201952926936486,0.003033973838767757,0.013843194010911143,-0.0005602373304995233,-0.004891316744712251,0.004037351642697767,0.005295568399425277,-0.0033053131742429025,0.0105788577596115,0.0002600526300673876,0.005014987471622889,0.005604400425214184,-0.002236522375907467,0.009838917662473686,0.009163243362255503,0.010402475452490196,0.0016741368680676847,0.00396230068682482,0.000562104642946583,0.024844126959459187,-0.004856210208517978,0.008967706856150361,-0.009028209200881982,0.0010663072247693015,-0.00047280277921176296,0.005783741910158398,0.004096677175747187,-0.00836117355809068,0.008101443026468032,-0.002347249457849156,0.0007669804768647127,0.007098908008922782,-0.0003096231041418737,-0.012097614403863026,-0.0035763412588201335,-0.0031732784505076727,-0.0018774473051268597,-0.008567283864458382,-0.005201952926936486,-0.004856210208517978,0.03739943325995672,0.00102864210218865,0.00014792182298400987,0.0011451431925489622,0.004169075013773567,-0.005585842565751103,-0.001236268318399271,0.002401439740106262,0.0002913468582284658,0.005733636811467638,0.016237791182234014,0.003636025485355694,-0.015732681469966862,-0.0033922116332502877,-0.0015080760223738802,0.007406364556764803,0.009838562181736552,0.0032658177938110398,0.003033973838767757,0.008967706856150361,0.00102864210218865,0.038154489060839736,0.005489261018273162,-0.013029139040634317,-0.011880802359905457,-0.006949572440201159,-0.005211079008101782,0.005698055998760535,-0.006109957912031753,-0.003465376580220584,0.007007339664280966,-0.003975238383109857,-0.010369689479573937,-0.002123465496374051,-0.006866407880703247,-0.00010614165979411341,0.009305908896054968,0.006670119031297944,0.013843194010911143,-0.009028209200881982,0.00014792182298400987,0.005489261018273162,0.03260403113344572,-0.008189887181075068,0.0002931285535780928,0.004377374691278678,0.007163833929422207,0.0018176955628051365,-0.0016299160160448377,0.003933037262978884,-0.004902973791797494,-0.0021665567983500814,0.007031321236223947,0.004096653471173975,0.004937220992330552,-0.0005360095305916258,-0.006408023076988453,0.00046985518147058973,-0.0005602373304995233,0.0010663072247693015,0.0011451431925489622,-0.013029139040634317,-0.008189887181075068,0.02665398638571128,0.00018303681507276647,-0.0011778495961222441,-0.0006426352577135742,-0.007632916977337579,0.005117253722235649,-0.0013194444035093842,-0.008609018311072037,0.0011838779519000103,0.009683107444199118,0.003433997523226152,0.0029425244691348644,-0.0035642285633326566,-0.0038456078683897343,0.00220512846158505,-0.004891316744712251,-0.00047280277921176296,0.004169075013773567,-0.011880802359905457,0.0002931285535780928,0.00018303681507276647,0.022275702427790575
