0.012070482182332237,0.0029236583550259904,-7.969563941384663e-5,0.001372638642242853,0.0017408282811347785,0.00028239637691478375,-0.0009810964838921979,0.004655781427826314,0.003478402888910617,0.0027945868799074828,0.001997899990400803,0.0024677228327874227,0.00030283207613272675,0.004694822899898379,0.0024391121845517933,0.00023133891620345378,-0.0030333559883504993,0.0010179957542039793,-0.000464557993604408,0.003929298275293541,0.0029236583550259904,0.016818303379971093,0.002750906050425731,0.0057400113414196405,0.0013980029681213229,-0.0016539607848110737,0.0016158777310683273,0.0013115325914191825,0.002192277708783705,0.002242249765118056,0.005144908327709412,0.0020577732758408555,0.003975183670674258,0.006676829223560395,0.0013996798756766252,0.001637478470454739,0.0022240877512607077,0.0035403549879027643,0.0006142639475254644,0.0035177826501557566,-7.969563941384663e-5,0.002750906050425731,0.009768715199486739,0.0024335375143768557,0.0006878010171863986,-0.000506290158314341,0.0033677521618000967,-0.0016509374877141704,-0.0018925612092640586,-0.0009253654407941768,0.004319746153208424,0.00012622502569139166,0.003102728077395025,0.003975502545425353,0.0006535923539907872,-2.3553540785757395e-5,0.001629764624154074,-0.0006501302062163772,-0.001626336293717284,0.0005157790264101736,0.001372638642242853,0.0057400113414196405,0.0024335375143768557,0.01494273103306925,0.0020899778825202164,-0.004655454433512305,0.003210777123105416,-0.0013797284657168724,0.0024597820160280094,0.0036257334165364485,0.002542655965733028,0.007054941456069649,0.0011523451109745893,0.006140524611446235,0.000932245664683551,-0.000985955508592857,0.003840753794281512,-0.0018845477837055604,0.0019150573972142684,0.001958496979068354,0.0017408282811347785,0.0013980029681213229,0.0006878010171863986,0.0020899778825202164,0.01219541325813195,-0.002337500949314313,-0.003042593170268634,-0.00045297088007557776,0.00016408899806498459,0.002158761591318327,0.0022230512333952478,0.0010243019201191454,0.00047766739502313056,0.0022135218177290698,-0.00022363800969369682,0.0018721446684518972,-0.0014372178661552644,-0.0039086167460795265,-0.0011870262463616532,0.0009339389428943987,0.00028239637691478375,-0.0016539607848110737,-0.000506290158314341,-0.004655454433512305,-0.002337500949314313,0.010879985440902436,-0.0033524589715615014,0.002076344999438373,-0.0019914115664679422,0.0019036590730771683,-0.0011104304056901303,9.824512280102767e-5,-0.00019776399623305276,0.00021265162228030385,-0.0016700559395174876,-0.0018391518177369253,-0.004186797923612047,-0.002839951723807131,-0.0017117044033083443,0.002114745248823123,-0.0009810964838921979,0.0016158777310683273,0.0033677521618000967,0.003210777123105416,-0.003042593170268634,-0.0033524589715615014,0.022741166351603583,0.00308079162764187,0.004146591012891157,2.4029619701640318e-5,0.006111698534151219,0.000822122537853444,0.006335550630385639,0.0007110545996360431,-7.653437865509615e-5,-0.0031056806479343125,0.00633878212180756,0.00486073767820756,0.0027271889379369583,0.0038884497357727496,0.004655781427826314,0.0013115325914191825,-0.0016509374877141704,-0.0013797284657168724,-0.00045297088007557776,0.002076344999438373,0.00308079162764187,0.014800375498467763,0.002494726502721808,0.0010394472377361248,0.004678395832438924,0.0037201694186029376,0.0019342651944877207,0.003930929517387025,0.003069834007155831,0.0011535082875891495,0.001295181277511931,0.0027500849798168915,-0.0016842094337231215,0.006940490375605624,0.003478402888910617,0.002192277708783705,-0.0018925612092640586,0.0024597820160280094,0.00016408899806498459,-0.0019914115664679422,0.004146591012891157,0.002494726502721808,0.019543786709487115,-0.00030860589169688494,0.006732636803780922,0.008595924580799483,0.003161651855875569,0.007062606879321205,0.004311641062106855,0.0018641432839802974,0.007051425405979213,0.0031278989534135318,0.003336089054481634,0.008301857548021162,0.0027945868799074828,0.002242249765118056,-0.0009253654407941768,0.0036257334165364485,0.002158761591318327,0.0019036590730771683,2.4029619701640318e-5,0.0010394472377361248,-0.00030860589169688494,0.010674698038601518,0.0006314690073323831,0.00039357477886312395,0.0019523728046983496,0.003992399605595604,0.001598576065403175,0.0015012773075987924,-0.002293703189038196,-0.00015920611981497316,-0.0013570684935476436,0.002635950015763656,0.001997899990400803,0.005144908327709412,0.004319746153208424,0.002542655965733028,0.0022230512333952478,-0.0011104304056901303,0.006111698534151219,0.004678395832438924,0.006732636803780922,0.0006314690073323831,0.017311201457700404,0.004924645571841465,0.006187857394149628,0.004803683603086338,0.004286573452349532,0.000980649751606687,0.005039966910445111,0.005289390396310009,0.0013445317203716594,0.0021834201880985716,0.0024677228327874227,0.0020577732758408555,0.00012622502569139166,0.007054941456069649,0.0010243019201191454,9.824512280102767e-5,0.000822122537853444,0.0037201694186029376,0.008595924580799483,0.00039357477886312395,0.004924645571841465,0.017377515328443942,0.0007124955859149349,0.008054706053298152,0.00140678225637208,0.001302875058674254,0.0007572032934528251,0.002323037036171031,0.0025548456029787026,0.006320680690740011,0.00030283207613272675,0.003975183670674258,0.003102728077395025,0.0011523451109745893,0.00047766739502313056,-0.00019776399623305276,0.006335550630385639,0.0019342651944877207,0.003161651855875569,0.0019523728046983496,0.006187857394149628,0.0007124955859149349,0.01467306265038773,0.002073545542969307,-0.0003692705051184147,0.00020045896323897164,0.007258419425717161,0.0024918833036399928,-0.001025454160733462,0.002696021600639294,0.004694822899898379,0.006676829223560395,0.003975502545425353,0.006140524611446235,0.0022135218177290698,0.00021265162228030385,0.0007110545996360431,0.003930929517387025,0.007062606879321205,0.003992399605595604,0.004803683603086338,0.008054706053298152,0.002073545542969307,0.015425880074830126,0.0008086163799845016,0.001086798839972469,0.0025363026911165106,0.00135845632733972,0.0030051684240913748,0.0070762060475270065,0.0024391121845517933,0.0013996798756766252,0.0006535923539907872,0.000932245664683551,-0.00022363800969369682,-0.0016700559395174876,-7.653437865509615e-5,0.003069834007155831,0.004311641062106855,0.001598576065403175,0.004286573452349532,0.00140678225637208,-0.0003692705051184147,0.0008086163799845016,0.012883188426327413,0.00036212080982787095,-0.0016625533832959414,-0.0004854883607766521,0.0011110552777559464,0.0020477797046755055,0.00023133891620345378,0.001637478470454739,-2.3553540785757395e-5,-0.000985955508592857,0.0018721446684518972,-0.0018391518177369253,-0.0031056806479343125,0.0011535082875891495,0.0018641432839802974,0.0015012773075987924,0.000980649751606687,0.001302875058674254,0.00020045896323897164,0.001086798839972469,0.00036212080982787095,0.0137621975155852,-0.0002611670034003773,-0.0017832809061782192,0.0008357482050382216,0.0008395549206296942,-0.0030333559883504993,0.0022240877512607077,0.001629764624154074,0.003840753794281512,-0.0014372178661552644,-0.004186797923612047,0.00633878212180756,0.001295181277511931,0.007051425405979213,-0.002293703189038196,0.005039966910445111,0.0007572032934528251,0.007258419425717161,0.0025363026911165106,-0.0016625533832959414,-0.0002611670034003773,0.013357395486202718,0.0035259698430280496,-8.775061464283018e-5,0.0022197472257401464,0.0010179957542039793,0.0035403549879027643,-0.0006501302062163772,-0.0018845477837055604,-0.0039086167460795265,-0.002839951723807131,0.00486073767820756,0.0027500849798168915,0.0031278989534135318,-0.00015920611981497316,0.005289390396310009,0.002323037036171031,0.0024918833036399928,0.00135845632733972,-0.0004854883607766521,-0.0017832809061782192,0.0035259698430280496,0.013950424016699254,-0.000841710725735085,0.004579132140580016,-0.000464557993604408,0.0006142639475254644,-0.001626336293717284,0.0019150573972142684,-0.0011870262463616532,-0.0017117044033083443,0.0027271889379369583,-0.0016842094337231215,0.003336089054481634,-0.0013570684935476436,0.0013445317203716594,0.0025548456029787026,-0.001025454160733462,0.0030051684240913748,0.0011110552777559464,0.0008357482050382216,-8.775061464283018e-5,-0.000841710725735085,0.010600254360473377,0.002770742745719545,0.003929298275293541,0.0035177826501557566,0.0005157790264101736,0.001958496979068354,0.0009339389428943987,0.002114745248823123,0.0038884497357727496,0.006940490375605624,0.008301857548021162,0.002635950015763656,0.0021834201880985716,0.006320680690740011,0.002696021600639294,0.0070762060475270065,0.0020477797046755055,0.0008395549206296942,0.0022197472257401464,0.004579132140580016,0.002770742745719545,0.019464108569612205
