0.09868281176055269,-0.04338473845886577,0.015126728497436837,-0.08388358267556002,0.03859499426397192,-0.014978398558933025,-0.04169336752775457,0.012524202954122788,0.01639998256457062,-0.06021472074569216,0.04726816848943097,-0.025034057456807163,-0.031423175667660126,0.01858252736459618,0.002060256223316641,-0.06131085229989121,0.01965089249999307,0.0067151751295334424,0.008624769678371362,-0.07155009663446792,-0.04338473845886577,0.07407517785294086,-0.02263515212601837,0.060214464186890415,0.004759684112132875,0.011847009050528854,0.01688677324162418,-0.010066825032856028,-0.03621202227919771,0.015484474261413198,-0.013435357568543856,0.0176259296312629,-0.003536524808657026,0.020585911027589936,0.009419399945444287,0.04431859760010955,-0.04588698367287944,-0.013939854647414244,-0.03781214650253974,0.044436873510027605,0.015126728497436837,-0.02263515212601837,0.05301717175267965,-0.03364545366115762,0.0007818504525192195,-0.01186134088092109,-0.010270144782708563,-0.004492437158853898,-0.006680044904127661,-0.010655044470090826,0.007380653090512111,0.009114509431984939,-0.012527865017172995,0.004098488540457941,-0.006538365941606412,0.0031755035662444234,0.011860351437790163,0.025076546142836036,0.010872633151154644,-0.04152002456887294,-0.08388358267556002,0.060214464186890415,-0.03364545366115762,0.11027985898215151,-0.02039114141074682,0.01500808886179761,0.048304726424369414,-0.01817742345473703,-0.014916947508572559,0.06256257535010237,-0.051307526024258546,0.020106488416103668,0.036436975023882205,-0.019440518018703244,-0.003161992681640315,0.06329966075853802,-0.035994095117212084,-0.025542961927261278,-0.01875756805380553,0.0980601479566452,0.03859499426397192,0.004759684112132875,0.0007818504525192195,-0.02039114141074682,0.0572760640226511,0.010914071714096602,-0.04945309265107374,0.0061309370239405764,-0.01461954739623571,-0.03107808832939012,0.029733597212491882,-0.003689257340862332,-0.031043411031824023,0.04799398213479768,0.012787821427158428,0.0005810377938214161,-0.012401404334015279,-0.014160069001656214,-0.03673618491527079,-0.040241779573080436,-0.014978398558933025,0.011847009050528854,-0.01186134088092109,0.01500808886179761,0.010914071714096602,0.06120709372684346,-0.0671604840910113,0.024190637656201195,0.013860630815569965,-0.0166253828947822,0.01710072286883576,0.0007518466402944528,-0.04848416259938919,0.05467450611390537,-0.006670462731348711,0.03529772939826453,0.008328411631384945,-0.00239216610661073,-0.05877469760479111,-0.037389072207552373,-0.04169336752775457,0.01688677324162418,-0.010270144782708563,0.048304726424369414,-0.04945309265107374,-0.0671604840910113,0.20434845126601187,-0.06520899169591109,-0.0352458958887414,0.09139270199199695,-0.05849936324174001,-0.007557767050908727,0.12867900882763128,-0.15541854373728214,-0.002572436526291015,-0.043136526726388034,-0.024724322763567542,-0.02131214945656973,0.11523979635481918,0.14051856296573098,0.012524202954122788,-0.010066825032856028,-0.004492437158853898,-0.01817742345473703,0.0061309370239405764,0.024190637656201195,-0.06520899169591109,0.04907713217856273,0.019734808580961556,-0.03967942626486043,0.025208030884006687,-0.005302552698167613,-0.04988486908040727,0.0539336489904072,0.001630961755742911,0.002574398104936969,0.016618831510197864,0.01739389263373136,-0.04333042447624018,-0.05576429481334493,0.01639998256457062,-0.03621202227919771,-0.006680044904127661,-0.014916947508572559,-0.01461954739623571,0.013860630815569965,-0.0352458958887414,0.019734808580961556,0.09499113005029826,-0.0073325509432036265,-0.000357428657580995,-0.01922215117820196,-0.014485295801724331,-0.0336007680167586,-0.02273795907611232,-0.015568417509725787,0.03317344640165356,0.013123255040392249,0.00737267705629501,-0.0024648368303814153,-0.06021472074569216,0.015484474261413198,-0.010655044470090826,0.06256257535010237,-0.03107808832939012,-0.0166253828947822,0.09139270199199695,-0.03967942626486043,-0.0073325509432036265,0.11975719487644162,-0.060426949333042254,0.008317659815925832,0.0772575826444698,-0.08750243136448005,-0.015318303170677373,0.02832394507850239,-0.00048202851030788255,-0.04103612689483119,0.04261896690544256,0.11319199247209509,0.04726816848943097,-0.013435357568543856,0.007380653090512111,-0.051307526024258546,0.029733597212491882,0.01710072286883576,-0.05849936324174001,0.025208030884006687,-0.000357428657580995,-0.060426949333042254,0.06046174255226483,-0.015894373044989397,-0.06066893579342509,0.0558167770449033,0.00020905792237347026,-0.020227653986425218,0.011682725042368215,0.011813902486790567,-0.03587483884192688,-0.08370507144631131,-0.025034057456807163,0.0176259296312629,0.009114509431984939,0.020106488416103668,-0.003689257340862332,0.0007518466402944528,-0.007557767050908727,-0.005302552698167613,-0.01922215117820196,0.008317659815925832,-0.015894373044989397,0.04678976601433879,0.006870603673354831,0.0253860519702759,0.010574794716537543,0.03069516093471196,-0.017996968265715473,-0.006140619464739502,-0.014307379194824929,0.00943253025907838,-0.031423175667660126,-0.003536524808657026,-0.012527865017172995,0.036436975023882205,-0.031043411031824023,-0.04848416259938919,0.12867900882763128,-0.04988486908040727,-0.014485295801724331,0.0772575826444698,-0.06066893579342509,0.006870603673354831,0.1325081733969664,-0.11587549631443289,0.006160799021801987,-0.02690282177500973,-0.01620285089690656,-0.02168708819565027,0.09124365409453784,0.11144851596494393,0.01858252736459618,0.020585911027589936,0.004098488540457941,-0.019440518018703244,0.04799398213479768,0.05467450611390537,-0.15541854373728214,0.0539336489904072,-0.0336007680167586,-0.08750243136448005,0.0558167770449033,0.0253860519702759,-0.11587549631443289,0.21797086818740474,0.01915785228663895,0.06264485484638012,0.00035181181105371437,-0.0022005561843743285,-0.13285667979572652,-0.1366990814359824,0.002060256223316641,0.009419399945444287,-0.006538365941606412,-0.003161992681640315,0.012787821427158428,-0.006670462731348711,-0.002572436526291015,0.001630961755742911,-0.02273795907611232,-0.015318303170677373,0.00020905792237347026,0.010574794716537543,0.006160799021801987,0.01915785228663895,0.045700161067166616,-0.010016647665335223,-0.019238892440393902,-0.006893014683951891,-0.003669571534170981,-0.002736850116451385,-0.06131085229989121,0.04431859760010955,0.0031755035662444234,0.06329966075853802,0.0005810377938214161,0.03529772939826453,-0.043136526726388034,0.002574398104936969,-0.015568417509725787,0.02832394507850239,-0.020227653986425218,0.03069516093471196,-0.02690282177500973,0.06264485484638012,-0.010016647665335223,0.1066599688107003,-0.01718244801261829,-0.01792991149011347,-0.07038551691747283,0.011942556234642871,0.01965089249999307,-0.04588698367287944,0.011860351437790163,-0.035994095117212084,-0.012401404334015279,0.008328411631384945,-0.024724322763567542,0.016618831510197864,0.03317344640165356,-0.00048202851030788255,0.011682725042368215,-0.017996968265715473,-0.01620285089690656,0.00035181181105371437,-0.019238892440393902,-0.01718244801261829,0.05935567911471626,0.007133512957490329,0.009398620234058625,-0.04102734063487491,0.0067151751295334424,-0.013939854647414244,0.025076546142836036,-0.025542961927261278,-0.014160069001656214,-0.00239216610661073,-0.02131214945656973,0.01739389263373136,0.013123255040392249,-0.04103612689483119,0.011813902486790567,-0.006140619464739502,-0.02168708819565027,-0.0022005561843743285,-0.006893014683951891,-0.01792991149011347,0.007133512957490329,0.05892319913705001,0.0085810806388129,-0.03224502863371722,0.008624769678371362,-0.03781214650253974,0.010872633151154644,-0.01875756805380553,-0.03673618491527079,-0.05877469760479111,0.11523979635481918,-0.04333042447624018,0.00737267705629501,0.04261896690544256,-0.03587483884192688,-0.014307379194824929,0.09124365409453784,-0.13285667979572652,-0.003669571534170981,-0.07038551691747283,0.009398620234058625,0.0085810806388129,0.13820845322910613,0.07617418567442633,-0.07155009663446792,0.044436873510027605,-0.04152002456887294,0.0980601479566452,-0.040241779573080436,-0.037389072207552373,0.14051856296573098,-0.05576429481334493,-0.0024648368303814153,0.11319199247209509,-0.08370507144631131,0.00943253025907838,0.11144851596494393,-0.1366990814359824,-0.002736850116451385,0.011942556234642871,-0.04102734063487491,-0.03224502863371722,0.07617418567442633,0.19801848902480645
0.07427781432618412,0.02198739065006284,-0.0173415767997238,0.004210651239113779,-0.004343513067622531,-0.023433576488637857,0.0303433350767352,0.007863787014029256,0.005894514913669055,-0.0025287431323480964,-0.0024743306183655843,-0.00039941744295641157,0.02145465549750092,-0.0436917718332127,-0.0084429031345271,-0.043865156516283435,-0.009903458437731261,-0.016253994426338753,0.017913845643262243,0.013924272654361726,0.02198739065006284,0.05240598266509806,-0.02995644368854026,0.008913923355904057,0.0008894246966907227,-0.005883666466770885,0.008957503738379198,-0.0002507869932476509,0.0022558377629706052,-0.020565983821454845,0.01160004423788633,0.00635213153352256,0.0016915520059332554,-0.03023795598922247,-0.012211584806861006,-0.007531151097116244,-0.007782308687198784,-0.01695448723161005,0.011366586575862751,0.0034421191404792936,-0.0173415767997238,-0.02995644368854026,0.05461726767359898,-0.01311566450406715,0.0009181565497251647,-0.004353775491459044,-0.0026012896408202256,-0.006247379743004188,-0.012525516898088625,0.016121773260624545,-0.004816692723806042,0.0031171345385503342,-0.007133698686774333,0.022694589354026913,0.014548451198991147,0.0156460682726572,0.010372348464550943,0.025226323966075735,-0.015757279116701203,-0.012694646780828649,0.004210651239113779,0.008913923355904057,-0.01311566450406715,0.02655841190733719,0.0001795636635692086,0.003246830825042236,0.0018569291190972917,-0.0017710658765197028,0.009476273322665225,-0.009504101599504353,0.0021238530459452096,-0.0055341685918095015,0.0023504133669260863,-0.012793835162791234,-0.015457184259265936,-0.0023767650676773154,-0.0056532411659413855,-0.0004199559376849714,0.007120544547127986,0.005563917001139942,-0.004343513067622531,0.0008894246966907227,0.0009181565497251647,0.0001795636635692086,0.022572977460498807,0.007997789242271687,-0.0002003728278507609,-0.0014955936476723289,-0.008320388100926286,-0.0038853532739159093,-0.000726754152995925,-0.009247233451705535,-0.003267100171090531,-0.003362129624539577,0.0018481106454140855,-0.0009243871666479788,-0.0026840539146932452,-0.00047850477061763046,0.0027190223017245266,0.0022520340364373627,-0.023433576488637857,-0.005883666466770885,-0.004353775491459044,0.003246830825042236,0.007997789242271687,0.0591933283941179,-0.02582414442628724,-0.004281127169974664,0.01761806764938211,0.005005125773364025,-0.0032250042163006897,0.004032383455811505,-0.013629316261738543,0.02273769269502817,0.00021518264959338187,0.01695537506601213,0.007653616653286311,-0.006446086767881295,-0.027663119405212946,-0.008782352914356063,0.0303433350767352,0.008957503738379198,-0.0026012896408202256,0.0018569291190972917,-0.0002003728278507609,-0.02582414442628724,0.074189505438697,-0.003920129229800418,-0.016562657927020802,-0.019791299394372755,0.012635823154484884,-0.013164850040355936,0.018121368805244724,-0.05704326815092936,0.000976889586140046,-0.03691833359079963,-0.030966732959346502,-0.0004262435887682082,0.04470433715246579,0.020753546679730707,0.007863787014029256,-0.0002507869932476509,-0.006247379743004188,-0.0017710658765197028,-0.0014955936476723289,-0.004281127169974664,-0.003920129229800418,0.022224535359265447,0.0012909310525192014,0.005072857828797231,-0.001939015314704836,-0.00744810213862597,-0.0049558914193134716,0.010578831224108418,-0.0024139227585273765,0.0070149664488039385,0.004734090808131063,-0.006646323750603908,-0.010081064034338172,-0.00763361960452925,0.005894514913669055,0.0022558377629706052,-0.012525516898088625,0.009476273322665225,-0.008320388100926286,0.01761806764938211,-0.016562657927020802,0.0012909310525192014,0.053898207646000854,0.013214882857704124,-0.007634644679807581,0.007192302398525023,0.005905144743935617,0.005566828143608871,-0.0015353339235291603,0.004812000381438171,0.008487433252227422,-0.011930089267798517,-0.0233159939994486,0.00037603291956275075,-0.0025287431323480964,-0.020565983821454845,0.016121773260624545,-0.009504101599504353,-0.0038853532739159093,0.005005125773364025,-0.019791299394372755,0.005072857828797231,0.013214882857704124,0.04109350457576196,-0.010547726113630917,0.005782588144485752,0.0034407079711329088,0.022032139582259008,0.0001634490417369973,0.014739204336104449,0.01679231052571278,-0.0020414674523038844,-0.03605838958801362,-0.001981070252359475,-0.0024743306183655843,0.01160004423788633,-0.004816692723806042,0.0021238530459452096,-0.000726754152995925,-0.0032250042163006897,0.012635823154484884,-0.001939015314704836,-0.007634644679807581,-0.010547726113630917,0.03202763417085693,-0.009046295620226762,-0.002961524206333849,-0.010717577284440765,0.0034312700018726858,0.00028397326929104413,-0.0087167573751986,0.0008516815108372416,0.012691499888768287,-0.0020799327571113077,-0.00039941744295641157,0.00635213153352256,0.0031171345385503342,-0.0055341685918095015,-0.009247233451705535,0.004032383455811505,-0.013164850040355936,-0.00744810213862597,0.007192302398525023,0.005782588144485752,-0.009046295620226762,0.05461244392696399,0.006478519340788665,0.01708040261048095,0.002394635180254933,-0.004531367251842414,0.013423367156881603,-0.005474392471778697,-0.007273187123126524,0.003628057068497023,0.02145465549750092,0.0016915520059332554,-0.007133698686774333,0.0023504133669260863,-0.003267100171090531,-0.013629316261738543,0.018121368805244724,-0.0049558914193134716,0.005905144743935617,0.0034407079711329088,-0.002961524206333849,0.006478519340788665,0.03544245474721483,-0.03129076890225252,0.0008421129803478792,-0.027845616076120027,-0.005261276527749036,0.00018060378652525312,0.02457197322977866,0.013622122014022502,-0.0436917718332127,-0.03023795598922247,0.022694589354026913,-0.012793835162791234,-0.003362129624539577,0.02273769269502817,-0.05704326815092936,0.010578831224108418,0.005566828143608871,0.022032139582259008,-0.010717577284440765,0.01708040261048095,-0.03129076890225252,0.11983191618609053,0.015591060351705176,0.04344082922189871,0.03961316076566466,0.0033271137116313906,-0.060367450105321054,-0.024182946592538338,-0.0084429031345271,-0.012211584806861006,0.014548451198991147,-0.015457184259265936,0.0018481106454140855,0.00021518264959338187,0.000976889586140046,-0.0024139227585273765,-0.0015353339235291603,0.0001634490417369973,0.0034312700018726858,0.002394635180254933,0.0008421129803478792,0.015591060351705176,0.05544542141035104,-0.015722071130460716,3.597101898653531e-5,0.0008321160637521415,0.008852846538607566,-0.0019276645670470267,-0.043865156516283435,-0.007531151097116244,0.0156460682726572,-0.0023767650676773154,-0.0009243871666479788,0.01695537506601213,-0.03691833359079963,0.0070149664488039385,0.004812000381438171,0.014739204336104449,0.00028397326929104413,-0.004531367251842414,-0.027845616076120027,0.04344082922189871,-0.015722071130460716,0.07623909969115533,0.01800374482324119,0.0032335302183745173,-0.05957747847939367,-0.01659094021542106,-0.009903458437731261,-0.007782308687198784,0.010372348464550943,-0.0056532411659413855,-0.0026840539146932452,0.007653616653286311,-0.030966732959346502,0.004734090808131063,0.008487433252227422,0.01679231052571278,-0.0087167573751986,0.013423367156881603,-0.005261276527749036,0.03961316076566466,3.597101898653531e-5,0.01800374482324119,0.0364387295688065,-0.00036760054266934527,-0.026268320510026637,-0.010317227229291364,-0.016253994426338753,-0.01695448723161005,0.025226323966075735,-0.0004199559376849714,-0.00047850477061763046,-0.006446086767881295,-0.0004262435887682082,-0.006646323750603908,-0.011930089267798517,-0.0020414674523038844,0.0008516815108372416,-0.005474392471778697,0.00018060378652525312,0.0033271137116313906,0.0008321160637521415,0.0032335302183745173,-0.00036760054266934527,0.030222466563304372,0.008590397022366896,0.000527613993033979,0.017913845643262243,0.011366586575862751,-0.015757279116701203,0.007120544547127986,0.0027190223017245266,-0.027663119405212946,0.04470433715246579,-0.010081064034338172,-0.0233159939994486,-0.03605838958801362,0.012691499888768287,-0.007273187123126524,0.02457197322977866,-0.060367450105321054,0.008852846538607566,-0.05957747847939367,-0.026268320510026637,0.008590397022366896,0.10452404384057096,0.021202674729101957,0.013924272654361726,0.0034421191404792936,-0.012694646780828649,0.005563917001139942,0.0022520340364373627,-0.008782352914356063,0.020753546679730707,-0.00763361960452925,0.00037603291956275075,-0.001981070252359475,-0.0020799327571113077,0.003628057068497023,0.013622122014022502,-0.024182946592538338,-0.0019276645670470267,-0.01659094021542106,-0.010317227229291364,0.000527613993033979,0.021202674729101957,0.0373938214394087
0.10458796081524918,-0.00846142346843166,0.050079486927897335,-0.01794863489859012,-0.010463982827334666,-0.0012837615166277527,-0.0034356251466973985,-0.02953678706400867,-0.004984922671787364,0.05097454807815861,0.046988231213044726,0.009822446381464489,0.004381394593308998,-0.009681364785210023,-0.0713859257422239,0.014993647056487501,0.004881356577245085,-0.00016920761906213445,-0.04202809380215579,-0.062308134164238166,-0.00846142346843166,0.026395909706776858,-0.006691390470694437,-0.014498569254933012,-0.004917294423004372,-0.004168066315277562,0.002782302763872922,0.003910352016791515,-0.0063679639713109006,0.001242477546684078,-0.00863155446498727,-0.015185697510168647,0.010788941359966296,0.005145487357018121,0.02016394237009266,0.0027425416954101117,-0.003989342013037429,-0.0009613972083224358,-0.0008369040923196236,0.007530529465493558,0.050079486927897335,-0.006691390470694437,0.11493022384800441,0.0129507536563255,0.023190007956142518,0.0023385235412963336,-0.0066988702536346315,-0.011787168966444677,-0.0355321627442499,0.03295663832689597,0.03223885915898175,0.022495355553915193,-0.005786054728572377,-0.04359379548659999,-0.06993769781246031,-0.02631569802722947,-0.001104650357057993,0.0216945437262691,-0.0314723659315064,-0.04341536196780435,-0.01794863489859012,-0.014498569254933012,0.0129507536563255,0.047782076434916186,0.010606751177740705,0.0017003557397172876,-0.01667421494067924,0.012071420336289128,-0.00022192944930451335,-0.025689008247714577,-0.006274848645730054,0.012018076177135722,-0.01109453264430229,-0.014534018498305249,-0.0027991818918617637,-0.004149727765500107,0.01380210346134719,0.006865896350918491,-0.0027400607918996664,0.013629135756488053,-0.010463982827334666,-0.004917294423004372,0.023190007956142518,0.010606751177740705,0.02898755811349194,0.009339813729778431,-0.0007058000385797719,0.0026398230015844586,-0.007126671125282567,0.0030340835641926357,-0.00220958081045916,0.004625112260304094,-0.00511617282265947,-0.013220017690282861,-0.017631133469852033,-0.01781110066376939,0.008540861947061103,0.012490658351727855,-0.002534002214592804,-0.0030449511198882588,-0.0012837615166277527,-0.004168066315277562,0.0023385235412963336,0.0017003557397172876,0.009339813729778431,0.035661901237893985,0.0038951886748714295,0.004890623063146105,0.0062438319123310744,0.00651701703625872,-0.013089196026131771,-0.013582610239312704,-0.007741185641691552,0.006525038101755637,-0.006409369520667457,-0.019437698012367888,0.013753220820161444,0.011461180526871952,0.004765989279631911,-0.01606545981309817,-0.0034356251466973985,0.002782302763872922,-0.0066988702536346315,-0.01667421494067924,-0.0007058000385797719,0.0038951886748714295,0.034773530410891054,-0.0076348359960847195,0.00255517083191359,0.014327023115996297,-0.006289309716436675,-0.012935830475662765,-0.00440693483437727,0.009300359181179472,0.003152112876077612,-0.012955338105620577,-0.00011563415848906116,0.00036549312405338317,0.0059169312789045005,-0.00805695799828133,-0.02953678706400867,0.003910352016791515,-0.011787168966444677,0.012071420336289128,0.0026398230015844586,0.004890623063146105,-0.0076348359960847195,0.03711473299027811,-0.0007263064389833361,-0.02205137303678574,-0.004834773108350352,0.004786713867975715,0.004649636368560144,-0.006431346361782076,0.01767347871321522,-0.015726947115569413,-0.0010477057728430282,0.0067396071412614555,0.0067090044555858635,0.01100668088415897,-0.004984922671787364,-0.0063679639713109006,-0.0355321627442499,-0.00022192944930451335,-0.007126671125282567,0.0062438319123310744,0.00255517083191359,-0.0007263064389833361,0.0361055576297979,-0.005958104439118489,-0.00892402194911244,-0.0036570208841417186,-0.005558152470017399,0.013179433783119983,0.010494675457738398,0.012088083074711537,0.002908111344950533,-0.0037620025227818273,0.010733849867524022,0.0017890587566521117,0.05097454807815861,0.001242477546684078,0.03295663832689597,-0.025689008247714577,0.0030340835641926357,0.00651701703625872,0.014327023115996297,-0.02205137303678574,-0.005958104439118489,0.07507106146928176,0.02997979215158555,-0.008750291527953844,0.006267087283536726,0.000327306281555545,-0.05243164204460214,-0.014979567608593505,0.0009206359502823429,0.012897544374443057,-0.02118605309357649,-0.05433669377474895,0.046988231213044726,-0.00863155446498727,0.03223885915898175,-0.006274848645730054,-0.00220958081045916,-0.013089196026131771,-0.006289309716436675,-0.004834773108350352,-0.00892402194911244,0.02997979215158555,0.08671675680967426,0.03503415566078738,0.004774517086082141,-0.034432108530195196,-0.046355074011288494,0.0007605169459161048,-0.006922680678845959,0.010240946447663038,-0.027782452859930605,-0.04033505229493406,0.009822446381464489,-0.015185697510168647,0.022495355553915193,0.012018076177135722,0.004625112260304094,-0.013582610239312704,-0.012935830475662765,0.004786713867975715,-0.0036570208841417186,-0.008750291527953844,0.03503415566078738,0.05777592027563672,0.005803752888788467,-0.027253927515383546,-0.027285018073782627,0.0027789987946611264,-0.00354834920704818,0.006733320194407089,-0.0247031070721392,-0.005996265566802694,0.004381394593308998,0.010788941359966296,-0.005786054728572377,-0.01109453264430229,-0.00511617282265947,-0.007741185641691552,-0.00440693483437727,0.004649636368560144,-0.005558152470017399,0.006267087283536726,0.004774517086082141,0.005803752888788467,0.04118322459848532,-0.003058665525278007,0.0010731269158727602,0.0038702522565792416,-0.016503175354107894,0.002391203083188174,-0.0028450622217894685,6.306320276593211e-5,-0.009681364785210023,0.005145487357018121,-0.04359379548659999,-0.014534018498305249,-0.013220017690282861,0.006525038101755637,0.009300359181179472,-0.006431346361782076,0.013179433783119983,0.000327306281555545,-0.034432108530195196,-0.027253927515383546,-0.003058665525278007,0.05550003551922633,0.03336836630052516,0.006637796750993943,-0.0004433040083634028,-0.01598843178377557,0.020957028532303308,0.019299497720986748,-0.0713859257422239,0.02016394237009266,-0.06993769781246031,-0.0027991818918617637,-0.017631133469852033,-0.006409369520667457,0.003152112876077612,0.01767347871321522,0.010494675457738398,-0.05243164204460214,-0.046355074011288494,-0.027285018073782627,0.0010731269158727602,0.03336836630052516,0.11023471907294206,0.01883783216342134,-0.011741956688192823,-0.021884162882097803,0.043095021008038414,0.06785672005324078,0.014993647056487501,0.0027425416954101117,-0.02631569802722947,-0.004149727765500107,-0.01781110066376939,-0.019437698012367888,-0.012955338105620577,-0.015726947115569413,0.012088083074711537,-0.014979567608593505,0.0007605169459161048,0.0027789987946611264,0.0038702522565792416,0.006637796750993943,0.01883783216342134,0.062055156541051065,0.0002247156147751389,-0.01860407305021984,-0.009022169101635665,0.01929436058867042,0.004881356577245085,-0.003989342013037429,-0.001104650357057993,0.01380210346134719,0.008540861947061103,0.013753220820161444,-0.00011563415848906116,-0.0010477057728430282,0.002908111344950533,0.0009206359502823429,-0.006922680678845959,-0.00354834920704818,-0.016503175354107894,-0.0004433040083634028,-0.011741956688192823,0.0002247156147751389,0.034939051374873166,0.004163040370088452,-0.005856933118252167,-0.005092904677151304,-0.00016920761906213445,-0.0009613972083224358,0.0216945437262691,0.006865896350918491,0.012490658351727855,0.011461180526871952,0.00036549312405338317,0.0067396071412614555,-0.0037620025227818273,0.012897544374443057,0.010240946447663038,0.006733320194407089,0.002391203083188174,-0.01598843178377557,-0.021884162882097803,-0.01860407305021984,0.004163040370088452,0.03755505905693247,-0.011050885054669276,-0.01736202567363967,-0.04202809380215579,-0.0008369040923196236,-0.0314723659315064,-0.0027400607918996664,-0.002534002214592804,0.004765989279631911,0.0059169312789045005,0.0067090044555858635,0.010733849867524022,-0.02118605309357649,-0.027782452859930605,-0.0247031070721392,-0.0028450622217894685,0.020957028532303308,0.043095021008038414,-0.009022169101635665,-0.005856933118252167,-0.011050885054669276,0.057168071333121157,0.024093745247996783,-0.062308134164238166,0.007530529465493558,-0.04341536196780435,0.013629135756488053,-0.0030449511198882588,-0.01606545981309817,-0.00805695799828133,0.01100668088415897,0.0017890587566521117,-0.05433669377474895,-0.04033505229493406,-0.005996265566802694,6.306320276593211e-5,0.019299497720986748,0.06785672005324078,0.01929436058867042,-0.005092904677151304,-0.01736202567363967,0.024093745247996783,0.07882647921176424
