0.03221334052951439,0.0022051654129318075,0.003996370157256488,-0.012589071763540379,0.002724247473064134,0.0059381078138631554,-0.001405152994244014,0.007619161121964622,-0.0012230640563073132,0.0002557040640503767,0.01039604827106941,-0.008323017609907618,-0.005829408568544239,-0.003006440716931347,-0.003003644618033531,-0.007621383882949472,-0.0020186639363198398,0.002112632333624902,-0.0006696888714322807,-0.0028382040240652563,0.0022051654129318075,0.02313183425836939,0.001921541372008713,-0.0020500140474156215,-5.5108007689540805e-5,-0.008287208268820425,0.005233500795363856,-0.004976295976762625,0.0078026496048653185,0.004722032432332237,0.0012539010881884452,-0.006488494651192561,-0.00789767740924575,0.008513598944930562,0.002705672659286596,0.002058837187067875,-0.007743154738445345,0.013632740381775347,0.005789883460718966,0.002533455707614457,0.003996370157256488,0.001921541372008713,0.02880481566754126,-0.010232844716138417,-0.0036439655024903565,-0.003122498980015844,-0.0015451948176374093,0.0030783078453067987,0.006998348777727361,-0.0010342383655558875,0.004322311100919541,0.008542989791065998,0.004902225659214298,-0.0008614224099008938,-0.0012860453473833684,-0.0016686455626158813,-0.00506379620536782,-0.002299527299518345,0.005291713780696341,0.010098295212824349,-0.012589071763540379,-0.0020500140474156215,-0.010232844716138417,0.04034810989233153,0.005356106620652926,-0.002884336599509204,0.008271333122994738,-0.0011571990511123266,-0.002937169884116785,0.0020652598211220036,-0.008387792598403079,0.0015143525533759788,0.001134435184817274,0.006068490211893623,0.008635397575944375,0.008129426287025662,0.005897645737537274,0.0012460114378073583,-0.0023129123837538094,0.0005233802778448345,0.002724247473064134,-5.5108007689540805e-5,-0.0036439655024903565,0.005356106620652926,0.026035589739912875,0.005971392013053226,-0.000854529739514864,0.003872337682337959,-0.0015035247179176075,0.0007757156339578161,-0.004978828591255978,0.0032986544057859897,0.00686911671076239,0.006777397516465035,-0.003836094964954873,-7.603907873726947e-5,0.005513366307591517,-0.003367521600234989,-0.008378542256960166,-0.00583321550056411,0.0059381078138631554,-0.008287208268820425,-0.003122498980015844,-0.002884336599509204,0.005971392013053226,0.031873769701610974,-0.009493529980036046,0.006185101213372674,-0.009085453750509176,-0.00047684961892709415,0.0032576582023487767,0.007105164459301257,0.0005005561668033674,-0.002875490960765584,-0.0013038573996838319,-0.008836042632023268,0.006027082611236411,-0.007606120099073233,-0.0074583015078767845,-0.0009026901623820698,-0.001405152994244014,0.005233500795363856,-0.0015451948176374093,0.008271333122994738,-0.000854529739514864,-0.009493529980036046,0.026783025722141005,-0.0026628619779699974,0.011585935225238035,-0.0026753484185720842,-0.0018564961283122727,-0.004607098968729841,-0.0007842684678690723,0.000739950631564644,0.005275122728862758,0.0024390499950828638,-0.009373409691765044,0.005931132291761608,0.006894687700538233,0.0031834709993289086,0.007619161121964622,-0.004976295976762625,0.0030783078453067987,-0.0011571990511123266,0.003872337682337959,0.006185101213372674,-0.0026628619779699974,0.022557171526349975,0.0009553491894924806,0.0019324614038289936,-0.0002868114269067102,0.00603369239707289,0.006408791580508313,-0.004583991620303587,-0.005481442965700508,-0.00788976727271027,-0.0007321182044596723,-0.014023327605502426,-0.00032012890955760895,-0.0010118758668121695,-0.0012230640563073132,0.0078026496048653185,0.006998348777727361,-0.002937169884116785,-0.0015035247179176075,-0.009085453750509176,0.011585935225238035,0.0009553491894924806,0.02607029723289111,-0.001881548939520169,0.0010841438916441132,5.2242635190246333e-5,-0.0037361110175225458,0.011730244943413407,0.010056167771208695,0.004983475338411123,-0.0041185149122272904,0.013713864135664593,0.008640557177934662,0.005050721039980918,0.0002557040640503767,0.004722032432332237,-0.0010342383655558875,0.0020652598211220036,0.0007757156339578161,-0.00047684961892709415,-0.0026753484185720842,0.0019324614038289936,-0.001881548939520169,0.02166099568856663,-0.002930142920052551,-0.0021394923111943713,0.0038251303481100654,-0.002308153642283633,3.609815726961002e-5,0.004921791586050765,0.001677184939183868,0.0018143305474679747,-0.002427909515261496,-0.00047312373719221975,0.01039604827106941,0.0012539010881884452,0.004322311100919541,-0.008387792598403079,-0.004978828591255978,0.0032576582023487767,-0.0018564961283122727,-0.0002868114269067102,0.0010841438916441132,-0.002930142920052551,0.026316633635265443,0.0018655496182296179,0.0034280300987911943,-0.0023025504865461623,0.0008679929694476265,-0.013677732739391355,-0.0009565197874926438,0.0002760686956341403,0.003070264334180755,-0.004110770631081763,-0.008323017609907618,-0.006488494651192561,0.008542989791065998,0.0015143525533759788,0.0032986544057859897,0.007105164459301257,-0.004607098968729841,0.00603369239707289,5.2242635190246333e-5,-0.0021394923111943713,0.0018655496182296179,0.03434342449041516,0.02034374232395148,-0.003952380711485365,-0.0013084187066285972,-0.0015534329961228856,0.009001275662217081,-0.016363843997212937,-0.003706165187614042,0.0015642037918331417,-0.005829408568544239,-0.00789767740924575,0.004902225659214298,0.001134435184817274,0.00686911671076239,0.0005005561668033674,-0.0007842684678690723,0.006408791580508313,-0.0037361110175225458,0.0038251303481100654,0.0034280300987911943,0.02034374232395148,0.043627440751565626,-0.013968958358325942,-0.0012637752936112364,0.006329955360554268,0.015551801955911791,-0.018731222217900773,-0.008499811139259544,-0.005855997509170227,-0.003006440716931347,0.008513598944930562,-0.0008614224099008938,0.006068490211893623,0.006777397516465035,-0.002875490960765584,0.000739950631564644,-0.004583991620303587,0.011730244943413407,-0.002308153642283633,-0.0023025504865461623,-0.003952380711485365,-0.013968958358325942,0.031713979053179284,0.0030137112466427506,-0.0015730259362977917,-0.006857474953356887,0.008861021795781156,0.001472210506810988,0.0001446466856022392,-0.003003644618033531,0.002705672659286596,-0.0012860453473833684,0.008635397575944375,-0.003836094964954873,-0.0013038573996838319,0.005275122728862758,-0.005481442965700508,0.010056167771208695,3.609815726961002e-5,0.0008679929694476265,-0.0013084187066285972,-0.0012637752936112364,0.0030137112466427506,0.021394934590562343,0.007684293363075101,0.0026519563652444766,0.008161614399661836,-7.042930103442192e-5,0.003916427811860634,-0.007621383882949472,0.002058837187067875,-0.0016686455626158813,0.008129426287025662,-7.603907873726947e-5,-0.008836042632023268,0.0024390499950828638,-0.00788976727271027,0.004983475338411123,0.004921791586050765,-0.013677732739391355,-0.0015534329961228856,0.006329955360554268,-0.0015730259362977917,0.007684293363075101,0.03364731116619923,0.009722660019473521,0.002784365327620016,-0.004930320047258453,0.00104524617166942,-0.0020186639363198398,-0.007743154738445345,-0.00506379620536782,0.005897645737537274,0.005513366307591517,0.006027082611236411,-0.009373409691765044,-0.0007321182044596723,-0.0041185149122272904,0.001677184939183868,-0.0009565197874926438,0.009001275662217081,0.015551801955911791,-0.006857474953356887,0.0026519563652444766,0.009722660019473521,0.03609812518788905,-0.007556239888883253,-0.014838936393518833,-0.005687302966510049,0.002112632333624902,0.013632740381775347,-0.002299527299518345,0.0012460114378073583,-0.003367521600234989,-0.007606120099073233,0.005931132291761608,-0.014023327605502426,0.013713864135664593,0.0018143305474679747,0.0002760686956341403,-0.016363843997212937,-0.018731222217900773,0.008861021795781156,0.008161614399661836,0.002784365327620016,-0.007556239888883253,0.04120945824762136,0.006155573024137315,0.005167471707199458,-0.0006696888714322807,0.005789883460718966,0.005291713780696341,-0.0023129123837538094,-0.008378542256960166,-0.0074583015078767845,0.006894687700538233,-0.00032012890955760895,0.008640557177934662,-0.002427909515261496,0.003070264334180755,-0.003706165187614042,-0.008499811139259544,0.001472210506810988,-7.042930103442192e-5,-0.004930320047258453,-0.014838936393518833,0.006155573024137315,0.025737118109742815,0.005244178665907437,-0.0028382040240652563,0.002533455707614457,0.010098295212824349,0.0005233802778448345,-0.00583321550056411,-0.0009026901623820698,0.0031834709993289086,-0.0010118758668121695,0.005050721039980918,-0.00047312373719221975,-0.004110770631081763,0.0015642037918331417,-0.005855997509170227,0.0001446466856022392,0.003916427811860634,0.00104524617166942,-0.005687302966510049,0.005167471707199458,0.005244178665907437,0.025787390041718934
0.06770485138214853,-0.021202025313542466,0.031702897841204294,0.06590378651815545,-0.1250193042967057,0.0020675738088795897,-0.09757327376378672,-0.09541241298017893,0.10639386034313698,0.015976521738390325,0.017732708889915905,0.022623964170972236,0.07761597000756482,0.005643484893612016,-0.10594920027188157,-0.07902367841767091,0.014056225020641945,0.10986023819084509,0.0060251041307387175,0.03549131647953424,-0.021202025313542466,0.06108727982344277,-0.00918137105487405,-0.04830539613424707,0.025494191805364573,-0.03042680508116208,0.018740075790263114,0.03787694066515197,-0.026068880018573447,0.014152532765100203,0.011715380126224566,-0.018643152463293775,-0.012552304937214738,0.02150696806680668,0.0018485896969473669,0.010054343176418831,-0.029003334703162388,-0.03960330269967406,0.010234686621541285,-0.008637563621658038,0.031702897841204294,-0.00918137105487405,0.09548136748488777,0.04901544847128807,-0.11974675356897682,0.011534029795211898,-0.08108790912370234,-0.10043574637223582,0.11705859933784318,-0.006766849774937642,0.011757396898910904,0.022173290435533767,0.08809309923342595,-0.009840314485723194,-0.10391128416976272,-0.07716538144490884,0.007303149304300497,0.09095775088723988,-0.01683448753709084,0.02068806055568918,0.06590378651815545,-0.04830539613424707,0.04901544847128807,0.12162873917824982,-0.1567891341431712,0.025032204257240193,-0.11072855349999683,-0.12529618730004594,0.13231987070204632,-0.002243812015146002,0.02258554695256651,0.029688149990065762,0.0921599836164697,-0.012510148201962959,-0.10982396038420099,-0.08412669460762594,0.03303836780637169,0.1377067207189436,-0.009330578761547643,0.04305393567384209,-0.1250193042967057,0.025494191805364573,-0.11974675356897682,-0.1567891341431712,0.40055555757293704,0.03726664444461348,0.3063895627230264,0.27042771025241985,-0.330709453216927,-0.05982861845343945,-0.08015698053323167,-0.04764998267695415,-0.26563026589227734,-0.028834927718365745,0.34064829604738966,0.2610800966338207,-0.011497593159129082,-0.29495589726050836,-0.014518542088895886,-0.11278586533878149,0.0020675738088795897,-0.03042680508116208,0.011534029795211898,0.025032204257240193,0.03726664444461348,0.08455751789649381,0.05034630547364379,0.004366493836924485,-0.031297771214923824,-0.049684869256387376,-0.02843900948272003,0.008814382590316486,-0.04759143251282767,-0.046893299198638105,0.07230618071115574,0.0602651317224413,0.030420810252455348,-0.018300424859224368,-0.03691197208384476,-0.029868016630388607,-0.09757327376378672,0.018740075790263114,-0.08108790912370234,-0.11072855349999683,0.3063895627230264,0.05034630547364379,0.29256333726829575,0.21629062837089524,-0.27777387160390254,-0.06797936117166706,-0.0659465499704126,-0.036980892524560535,-0.22261164996970997,-0.03954374660127827,0.2929876449773532,0.22502588088153816,0.007792188401422037,-0.24819938745179004,-0.03325807972348825,-0.08810119661317548,-0.09541241298017893,0.03787694066515197,-0.10043574637223582,-0.12529618730004594,0.27042771025241985,0.004366493836924485,0.21629062837089524,0.24367703166281462,-0.2563142987167657,-0.021595454699051907,-0.037827477844351955,-0.05106226675946102,-0.19150423358031188,-0.0056870144166946725,0.24680729094044013,0.17768264036319276,-0.010768459768537735,-0.236947171328876,-0.01025960908092979,-0.0663887270976517,0.10639386034313698,-0.026068880018573447,0.11705859933784318,0.13231987070204632,-0.330709453216927,-0.031297771214923824,-0.27777387160390254,-0.2563142987167657,0.3381862633273291,0.042610873176222176,0.06241364105453354,0.05229510389928534,0.25029655568526477,0.02039550258994282,-0.3185068724646667,-0.23105685409412596,-0.001972293998544575,0.27997418892586146,0.02084798286758387,0.08693503531084792,0.015976521738390325,0.014152532765100203,-0.006766849774937642,-0.002243812015146002,-0.05982861845343945,-0.049684869256387376,-0.06797936117166706,-0.021595454699051907,0.042610873176222176,0.06156141642331165,0.026215719204785368,-0.0029531108968642397,0.05065038861065512,0.03523942539566927,-0.07503916659581547,-0.06654973314809318,-0.024356865198020945,0.035768508977437885,0.027097416866127426,0.031649582719862235,0.017732708889915905,0.011715380126224566,0.011757396898910904,0.02258554695256651,-0.08015698053323167,-0.02843900948272003,-0.0659465499704126,-0.037827477844351955,0.06241364105453354,0.026215719204785368,0.04714525245909062,0.0019510887756516884,0.06403560664328534,0.02258711312090355,-0.0788808770069222,-0.06386841941649127,-0.014611239980722605,0.04536243900548733,0.009713115591685601,0.02887031915361049,0.022623964170972236,-0.018643152463293775,0.022173290435533767,0.029688149990065762,-0.04764998267695415,0.008814382590316486,-0.036980892524560535,-0.05106226675946102,0.05229510389928534,-0.0029531108968642397,0.0019510887756516884,0.02949193967767419,0.03711413736163599,-0.0007018435403737591,-0.046089316332049046,-0.028034037347397144,0.005523865119212146,0.05292228540125575,-0.00012217149488287862,0.012731433880933653,0.07761597000756482,-0.012552304937214738,0.08809309923342595,0.0921599836164697,-0.26563026589227734,-0.04759143251282767,-0.22261164996970997,-0.19150423358031188,0.25029655568526477,0.05065038861065512,0.06403560664328534,0.03711413736163599,0.22187787786679755,0.033014528510274414,-0.261879032889757,-0.20153630082635632,-0.015135270917874723,0.20754491238780007,0.019121155565284292,0.0785077688864299,0.005643484893612016,0.02150696806680668,-0.009840314485723194,-0.012510148201962959,-0.028834927718365745,-0.046893299198638105,-0.03954374660127827,-0.0056870144166946725,0.02039550258994282,0.03523942539566927,0.02258711312090355,-0.0007018435403737591,0.033014528510274414,0.052281001167576224,-0.06065425458737858,-0.04421280147099382,-0.025687114774717027,0.020779456489494072,0.021701948042998548,0.016664584031531326,-0.10594920027188157,0.0018485896969473669,-0.10391128416976272,-0.10982396038420099,0.34064829604738966,0.07230618071115574,0.2929876449773532,0.24680729094044013,-0.3185068724646667,-0.07503916659581547,-0.0788808770069222,-0.046089316332049046,-0.261879032889757,-0.06065425458737858,0.378873945778836,0.2597222197180742,0.02715616084159106,-0.27680206983902156,-0.035100335729865574,-0.10085247044992302,-0.07902367841767091,0.010054343176418831,-0.07716538144490884,-0.08412669460762594,0.2610800966338207,0.0602651317224413,0.22502588088153816,0.17768264036319276,-0.23105685409412596,-0.06654973314809318,-0.06386841941649127,-0.028034037347397144,-0.20153630082635632,-0.04421280147099382,0.2597222197180742,0.21129263418809272,0.016420287868651854,-0.20424922164991147,-0.02098416276904576,-0.08567980412523946,0.014056225020641945,-0.029003334703162388,0.007303149304300497,0.03303836780637169,-0.011497593159129082,0.030420810252455348,0.007792188401422037,-0.010768459768537735,-0.001972293998544575,-0.024356865198020945,-0.014611239980722605,0.005523865119212146,-0.015135270917874723,-0.025687114774717027,0.02715616084159106,0.016420287868651854,0.051395986861353896,0.014618015919883875,-0.014410126848974681,-0.002066874699881519,0.10986023819084509,-0.03960330269967406,0.09095775088723988,0.1377067207189436,-0.29495589726050836,-0.018300424859224368,-0.24819938745179004,-0.236947171328876,0.27997418892586146,0.035768508977437885,0.04536243900548733,0.05292228540125575,0.20754491238780007,0.020779456489494072,-0.27680206983902156,-0.20424922164991147,0.014618015919883875,0.27468556656723525,0.019816915669022828,0.0753906131435903,0.0060251041307387175,0.010234686621541285,-0.01683448753709084,-0.009330578761547643,-0.014518542088895886,-0.03691197208384476,-0.03325807972348825,-0.01025960908092979,0.02084798286758387,0.027097416866127426,0.009713115591685601,-0.00012217149488287862,0.019121155565284292,0.021701948042998548,-0.035100335729865574,-0.02098416276904576,-0.014410126848974681,0.019816915669022828,0.03875608071742257,0.015492044767364006,0.03549131647953424,-0.008637563621658038,0.02068806055568918,0.04305393567384209,-0.11278586533878149,-0.029868016630388607,-0.08810119661317548,-0.0663887270976517,0.08693503531084792,0.031649582719862235,0.02887031915361049,0.012731433880933653,0.0785077688864299,0.016664584031531326,-0.10085247044992302,-0.08567980412523946,-0.002066874699881519,0.0753906131435903,0.015492044767364006,0.05886704933665936
0.09617821974826495,-0.037492101056534596,0.03487300616900754,0.06377641647789814,-0.07430151768750189,0.007645741662977206,-0.037476417595521616,-0.028410672263091206,0.03676559473067354,0.026722322632132738,-0.003944333224105083,0.0357063891900616,0.020890050931030836,-0.01588173630293035,-0.022868692930305995,-0.0410324682324545,0.0041850426276999995,0.07659440645911035,0.004795044011568821,0.023528798916864054,-0.037492101056534596,0.05206629842824937,-0.018054059082264276,-0.040003496820468776,0.02377638766679789,-0.019600700219658353,0.00992806567191839,0.0026342267619654663,-0.011767097130015563,-0.0024766028198278025,0.010937515135176355,-0.015565045850122444,-0.006934147989145164,0.027774536344176662,0.0020727071192013806,0.015871595607725143,-0.008311033442545725,-0.034629036720314484,0.01192699247858332,-0.008830476020825602,0.03487300616900754,-0.018054059082264276,0.06945640443667522,0.05973802159657151,-0.0854513295288534,0.01633219904599178,-0.07078714463729927,-0.06653753722576569,0.06382173129518597,-0.00722735670186523,-0.013671547234524635,0.021721830496239065,0.045645515893667124,-0.0016290701241507592,-0.05932205672850663,-0.060429626306861814,0.01502888305052805,0.08835503006418602,-0.010867890710381481,0.03053237975123766,0.06377641647789814,-0.040003496820468776,0.05973802159657151,0.1231578369258717,-0.17450169522872055,0.0019128903824788546,-0.15051699818145314,-0.12070655048525922,0.14303676524185566,0.010636619003418316,0.01622659054464875,0.037279040492084636,0.11015850244165032,0.0069885993894663115,-0.12428077776383377,-0.12588653839530126,0.02362136510598452,0.16445651822964275,-0.01089890391279124,0.06800834866174599,-0.07430151768750189,0.02377638766679789,-0.0854513295288534,-0.17450169522872055,0.4306006246034555,0.04078171482314,0.3684375890474114,0.31826917797944076,-0.35612724783973654,-0.010704737322468533,-0.05375052781873402,-0.04808177748217953,-0.2820440489439,-0.0653165074160719,0.3410668598307011,0.31023082810334063,-0.03562999090403804,-0.33148232650078846,-0.008218872477634896,-0.18503016720965312,0.007645741662977206,-0.019600700219658353,0.01633219904599178,0.0019128903824788546,0.04078171482314,0.08839609469595146,0.055764586859985435,0.03999661375733292,-0.0430700577883813,-0.02922149791955984,-0.02972047663917232,0.004836637077664489,-0.03609017012012608,-0.03047048044300316,0.0452612687151846,0.05613683627164304,0.011269634173276822,-0.02006916274661303,-0.020699618126201823,-0.0280377642941275,-0.037476417595521616,0.00992806567191839,-0.07078714463729927,-0.15051699818145314,0.3684375890474114,0.055764586859985435,0.3654673819719316,0.29688466671516944,-0.3335892163865133,-0.014181796287274936,-0.045744122220771524,-0.03387883644287861,-0.2598103725265713,-0.07811637485979339,0.32339793480695295,0.2968713502677439,-0.027831971649918706,-0.29286062899586274,0.0011674097278971454,-0.17438634198306457,-0.028410672263091206,0.0026342267619654663,-0.06653753722576569,-0.12070655048525922,0.31826917797944076,0.03999661375733292,0.29688466671516944,0.27849475925700895,-0.28607356392520816,0.0030294804639456833,-0.03499941558943147,-0.02906660867639852,-0.2220381084939164,-0.06605200084870792,0.27722860287014306,0.24251741184793354,-0.028752882136924146,-0.24660456549532572,-0.0029867018833091633,-0.13865373480037851,0.03676559473067354,-0.011767097130015563,0.06382173129518597,0.14303676524185566,-0.35612724783973654,-0.0430700577883813,-0.3335892163865133,-0.28607356392520816,0.3582813495588914,0.003976780259912554,0.05408934801772803,0.024845849979515583,0.26199769206712575,0.07512986193293542,-0.3312143386724201,-0.28899166344333943,0.02510973514911556,0.28750877516518464,-0.004388579977906722,0.16565901784791626,0.026722322632132738,-0.0024766028198278025,-0.00722735670186523,0.010636619003418316,-0.010704737322468533,-0.02922149791955984,-0.014181796287274936,0.0030294804639456833,0.003976780259912554,0.04837764383673482,0.014170812153504684,0.0053561194936948085,0.003746525353549692,0.005770146536747201,-0.008458912645586295,-0.02101791633410416,-0.01207954979912853,0.006749020505004921,0.013969768292514841,0.01054103447279403,-0.003944333224105083,0.010937515135176355,-0.013671547234524635,0.01622659054464875,-0.05375052781873402,-0.02972047663917232,-0.045744122220771524,-0.03499941558943147,0.05408934801772803,0.014170812153504684,0.056868730841789256,-0.00367243561290349,0.04405981898620795,0.020050795191203605,-0.04625650040214943,-0.04002674623774067,0.00044639232308312676,0.023720403783032085,0.016087865023240083,0.02314244102612441,0.0357063891900616,-0.015565045850122444,0.021721830496239065,0.037279040492084636,-0.04808177748217953,0.004836637077664489,-0.03387883644287861,-0.02906660867639852,0.024845849979515583,0.0053561194936948085,-0.00367243561290349,0.03053176029502857,0.02303130487938941,-0.0016675880552799783,-0.02180435092548453,-0.02665347560489663,0.006278356181864247,0.04855731465472269,-0.0013340138448753587,0.01833833728928543,0.020890050931030836,-0.006934147989145164,0.045645515893667124,0.11015850244165032,-0.2820440489439,-0.03609017012012608,-0.2598103725265713,-0.2220381084939164,0.26199769206712575,0.003746525353549692,0.04405981898620795,0.02303130487938941,0.22058766256781023,0.054752506512600656,-0.25012762898109253,-0.22439507557945504,0.022352524613805422,0.21944083314752197,0.00028648216341274483,0.1306280422592887,-0.01588173630293035,0.027774536344176662,-0.0016290701241507592,0.0069885993894663115,-0.0653165074160719,-0.03047048044300316,-0.07811637485979339,-0.06605200084870792,0.07512986193293542,0.005770146536747201,0.020050795191203605,-0.0016675880552799783,0.054752506512600656,0.0696527189010769,-0.09983943201848591,-0.06523674812482011,-0.008921538257731745,0.04886605900435434,0.015934970112792546,0.03541782242159645,-0.022868692930305995,0.0020727071192013806,-0.05932205672850663,-0.12428077776383377,0.3410668598307011,0.0452612687151846,0.32339793480695295,0.27722860287014306,-0.3312143386724201,-0.008458912645586295,-0.04625650040214943,-0.02180435092548453,-0.25012762898109253,-0.09983943201848591,0.3542602131330456,0.2807645010466883,-0.012474791252847426,-0.2729364315655677,-0.006874383638758712,-0.16227663242515783,-0.0410324682324545,0.015871595607725143,-0.060429626306861814,-0.12588653839530126,0.31023082810334063,0.05613683627164304,0.2968713502677439,0.24251741184793354,-0.28899166344333943,-0.02101791633410416,-0.04002674623774067,-0.02665347560489663,-0.22439507557945504,-0.06523674812482011,0.2807645010466883,0.27466353522447345,-0.02246007301450139,-0.2650979127537828,0.007194106073443492,-0.1516413810273724,0.0041850426276999995,-0.008311033442545725,0.01502888305052805,0.02362136510598452,-0.03562999090403804,0.011269634173276822,-0.027831971649918706,-0.028752882136924146,0.02510973514911556,-0.01207954979912853,0.00044639232308312676,0.006278356181864247,0.022352524613805422,-0.008921538257731745,-0.012474791252847426,-0.02246007301450139,0.032221441754365136,0.0385356149211903,-0.011017132657041828,0.010448907185534841,0.07659440645911035,-0.034629036720314484,0.08835503006418602,0.16445651822964275,-0.33148232650078846,-0.02006916274661303,-0.29286062899586274,-0.24660456549532572,0.28750877516518464,0.006749020505004921,0.023720403783032085,0.04855731465472269,0.21944083314752197,0.04886605900435434,-0.2729364315655677,-0.2650979127537828,0.0385356149211903,0.3063154631686503,-0.012877761956883239,0.14230587114849494,0.004795044011568821,0.01192699247858332,-0.010867890710381481,-0.01089890391279124,-0.008218872477634896,-0.020699618126201823,0.0011674097278971454,-0.0029867018833091633,-0.004388579977906722,0.013969768292514841,0.016087865023240083,-0.0013340138448753587,0.00028648216341274483,0.015934970112792546,-0.006874383638758712,0.007194106073443492,-0.011017132657041828,-0.012877761956883239,0.03502260732577841,0.006109657344338278,0.023528798916864054,-0.008830476020825602,0.03053237975123766,0.06800834866174599,-0.18503016720965312,-0.0280377642941275,-0.17438634198306457,-0.13865373480037851,0.16565901784791626,0.01054103447279403,0.02314244102612441,0.01833833728928543,0.1306280422592887,0.03541782242159645,-0.16227663242515783,-0.1516413810273724,0.010448907185534841,0.14230587114849494,0.006109657344338278,0.10524404117659854
