0.11988279013412423,0.03721364001867712,0.016568284432448226,0.04568925830844375,0.009087365710137449,0.06001771677580636,-0.033642617948775884,0.06660718789063948,0.08309802791911865,0.04863531186458776,0.008015858033702857,0.009169912252772295,0.02976068841573439,0.05425703392141903,0.06165375638234434,0.03958220907029404,0.011608692180785123,0.09101132782279348,-0.02716266879787313,0.04464150435844385,0.03721364001867712,0.09823551721920855,-0.0007022331982206031,0.028872921377504933,0.006206449440539809,0.02957898671892401,-0.02394922107575039,0.04707554112316218,0.050862937330236266,0.012031808006524123,0.0006506409994543189,-0.010946164184844318,0.04405223707130639,0.028851851720241108,0.06504443329852437,0.0030230154049920195,0.04020474457552075,0.05827493553326382,-0.018500829063409992,0.05151829941171915,0.016568284432448226,-0.0007022331982206031,0.020751753921902653,0.010251777388943395,0.0029916320714919297,0.018535541252232533,-0.0008329504524702868,0.007111483898703497,0.01900320414135572,0.004584024550913139,0.010827703921161103,0.01189458880882472,0.006775680958361634,0.018351691906544364,0.005334539936321492,0.016592781881684844,0.003176003343579728,0.02078550125644754,0.001029648147700533,0.009508116723217847,0.04568925830844375,0.028872921377504933,0.010251777388943395,0.043783755524802764,0.014574760879448825,0.0053637074713367774,-0.014307591901477686,0.036814792373567405,0.04108439572470967,0.0184487717001211,0.00671076000697639,0.007726588629347769,0.01322321965563052,0.019384935682817052,0.030436211101811293,0.017795238783118908,0.014227143944968934,0.033675201823251955,-0.012059128321235547,0.016885798927591678,0.009087365710137449,0.006206449440539809,0.0029916320714919297,0.014574760879448825,0.042118415799489245,-0.008506142306341608,-0.000451716126509856,0.029229888792219234,0.0407746273846854,-0.005278802138898491,-0.004322964428306202,-0.006105334822195521,0.010421434256582693,-0.015246804931672287,0.02349748323346986,0.003995610848702501,0.003916637823413614,0.00552267779579479,-0.0022948230505835444,0.023445073619027153,0.06001771677580636,0.02957898671892401,0.018535541252232533,0.0053637074713367774,-0.008506142306341608,0.15573835521912177,-0.01050298295734921,0.0026718762673530547,0.06407603816324205,0.048056607692934614,-0.011814720922028562,0.042954512016888186,0.04814816936831327,0.11354460567895788,0.05008571462085726,0.05104911224419153,0.0024268360864482287,0.10055535789620057,0.03732102927494057,0.06716493384072504,-0.033642617948775884,-0.02394922107575039,-0.0008329504524702868,-0.014307591901477686,-0.000451716126509856,-0.01050298295734921,0.041319752465308564,-0.02664996126123912,-0.02561381287913094,-0.010600352665103304,0.0039343552207722135,0.005544533855685998,-0.006667061419357871,-0.00643927958592125,-0.01600084948271463,-0.008276927436217232,-0.002272550523476925,-0.03089188174681818,0.015069626885561148,-0.009672532591095174,0.06660718789063948,0.04707554112316218,0.007111483898703497,0.036814792373567405,0.029229888792219234,0.0026718762673530547,-0.02664996126123912,0.10287700814888819,0.06659857729356099,0.014500343427650837,0.01402998148580862,-0.013936760699123129,0.02784929640519993,-0.009513754023231874,0.05864512126882618,0.00845539972153902,0.018605407863353567,0.04966354714562865,-0.042195367533059025,0.04998700933838288,0.08309802791911865,0.050862937330236266,0.01900320414135572,0.04108439572470967,0.0407746273846854,0.06407603816324205,-0.02561381287913094,0.06659857729356099,0.14579403216371906,0.027608172932615044,-0.013303943823755554,0.006358539543662146,0.04558340160608468,0.037737720230909655,0.08674319455789256,0.04427521155828602,0.017977956650864664,0.10089927151359931,-0.00016768796520482462,0.07949924094012895,0.04863531186458776,0.012031808006524123,0.004584024550913139,0.0184487717001211,-0.005278802138898491,0.048056607692934614,-0.010600352665103304,0.014500343427650837,0.027608172932615044,0.049748812997030316,-0.005240599827208337,0.011670517394943913,0.01970470877281766,0.06471408741129836,0.03188512896870138,0.024334488591044014,0.000662883544496078,0.042268933345070744,0.00858291867507278,0.034529050331297405,0.008015858033702857,0.0006506409994543189,0.010827703921161103,0.00671076000697639,-0.004322964428306202,-0.011814720922028562,0.0039343552207722135,0.01402998148580862,-0.013303943823755554,-0.005240599827208337,0.05713336927243129,0.0042462788162221776,0.0023395726617864974,-0.004617405465243602,-0.002075404873557716,0.003764510068062015,0.013440225348736541,-0.006628298792777721,-0.010261715281523988,-0.017158942675596797,0.009169912252772295,-0.010946164184844318,0.01189458880882472,0.007726588629347769,-0.006105334822195521,0.042954512016888186,0.005544533855685998,-0.013936760699123129,0.006358539543662146,0.011670517394943913,0.0042462788162221776,0.0457705028646718,0.0035327657265484657,0.04684302165743659,-0.005690647014582965,0.02778203790384185,-0.0056160111231229074,0.022227905511308564,0.019198933878124776,0.0031759463390505687,0.02976068841573439,0.04405223707130639,0.006775680958361634,0.01322321965563052,0.010421434256582693,0.04814816936831327,-0.006667061419357871,0.02784929640519993,0.04558340160608468,0.01970470877281766,0.0023395726617864974,0.0035327657265484657,0.04632794737456791,0.04702612395443306,0.044400176470233775,0.016591465922483596,0.024168633668130234,0.0462998036989533,0.010801067098183204,0.05279434506070213,0.05425703392141903,0.028851851720241108,0.018351691906544364,0.019384935682817052,-0.015246804931672287,0.11354460567895788,-0.00643927958592125,-0.009513754023231874,0.037737720230909655,0.06471408741129836,-0.004617405465243602,0.04684302165743659,0.04702612395443306,0.1705054955929333,0.03606988227342584,0.05302239810734974,0.025914948993689114,0.0783993259863397,0.05404538941915068,0.06655885231200973,0.06165375638234434,0.06504443329852437,0.005334539936321492,0.030436211101811293,0.02349748323346986,0.05008571462085726,-0.01600084948271463,0.05864512126882618,0.08674319455789256,0.03188512896870138,-0.002075404873557716,-0.005690647014582965,0.044400176470233775,0.03606988227342584,0.10203407433148856,0.01953069991366646,0.025248366097738784,0.06773561884608206,-0.010133913344094483,0.07293264931345675,0.03958220907029404,0.0030230154049920195,0.016592781881684844,0.017795238783118908,0.003995610848702501,0.05104911224419153,-0.008276927436217232,0.00845539972153902,0.04427521155828602,0.024334488591044014,0.003764510068062015,0.02778203790384185,0.016591465922483596,0.05302239810734974,0.01953069991366646,0.049324444424378666,0.0016426738106917272,0.05168552193474531,0.022834342906614322,0.024895860242633294,0.011608692180785123,0.04020474457552075,0.003176003343579728,0.014227143944968934,0.003916637823413614,0.0024268360864482287,-0.002272550523476925,0.018605407863353567,0.017977956650864664,0.000662883544496078,0.013440225348736541,-0.0056160111231229074,0.024168633668130234,0.025914948993689114,0.025248366097738784,0.0016426738106917272,0.04198540980386424,0.020368347668168425,-0.009841950635533774,0.02564042900333336,0.09101132782279348,0.05827493553326382,0.02078550125644754,0.033675201823251955,0.00552267779579479,0.10055535789620057,-0.03089188174681818,0.04966354714562865,0.10089927151359931,0.042268933345070744,-0.006628298792777721,0.022227905511308564,0.0462998036989533,0.0783993259863397,0.06773561884608206,0.05168552193474531,0.020368347668168425,0.1321701460272606,0.0017121102801893355,0.07073700130059915,-0.02716266879787313,-0.018500829063409992,0.001029648147700533,-0.012059128321235547,-0.0022948230505835444,0.03732102927494057,0.015069626885561148,-0.042195367533059025,-0.00016768796520482462,0.00858291867507278,-0.010261715281523988,0.019198933878124776,0.010801067098183204,0.05404538941915068,-0.010133913344094483,0.022834342906614322,-0.009841950635533774,0.0017121102801893355,0.07526366214310626,0.014627165750707521,0.04464150435844385,0.05151829941171915,0.009508116723217847,0.016885798927591678,0.023445073619027153,0.06716493384072504,-0.009672532591095174,0.04998700933838288,0.07949924094012895,0.034529050331297405,-0.017158942675596797,0.0031759463390505687,0.05279434506070213,0.06655885231200973,0.07293264931345675,0.024895860242633294,0.02564042900333336,0.07073700130059915,0.014627165750707521,0.10589516128233845
0.07627169740517512,0.06642245825480729,0.08035903970896424,0.06295322895404744,0.04542287722380049,0.0030187916966465285,0.032396748388368174,0.05095590641722309,0.044730067997131154,0.08738909380512774,0.025580446796743324,0.06011896047475013,0.049866896374755,0.049721068543080456,0.023615450747481833,0.028228407018707137,0.054570252949932514,0.005526396963572856,0.02678907830205502,0.02721616968408124,0.06642245825480729,0.09459086627142438,0.09546524962393034,0.0732584364732244,0.05011952774041713,-0.005612660670151318,0.043625589008084865,0.0527842196518803,0.044530072053816726,0.09667636174610797,0.031084599661950946,0.0688302214719261,0.06210991396614683,0.06262282112130882,0.026308884463460275,0.03656971442280468,0.07476735185215909,0.012174751872062803,0.03309895071987788,0.029213082648581055,0.08035903970896424,0.09546524962393034,0.16742506889841507,0.11568202041148223,0.07839493889262315,-0.018744339001313927,0.06460785780326322,0.039938521581787165,0.05964028518542505,0.13817597730914594,0.03783181336209544,0.09415002640231057,0.09120820566034185,0.07406222883816885,0.03809926349853742,0.04581525939689149,0.12037541695740872,-0.009229104562061198,0.03792227365922285,0.007102882024913337,0.06295322895404744,0.0732584364732244,0.11568202041148223,0.1481460986952503,0.0703934061497051,-0.016446160648563395,0.03305211681296685,0.033960634182642,0.09276369222324343,0.12224846222518067,0.03759114831054793,0.09760454533773086,0.0726360990466918,0.07194004111290479,0.028941196227494644,0.028461554640930108,0.09129823533368274,-0.010105498299814821,0.04181823425656357,0.026465815651706363,0.04542287722380049,0.05011952774041713,0.07839493889262315,0.0703934061497051,0.06216026818445693,-0.0008017183639384691,0.02125483054115351,0.02955386918671233,0.04396881344461466,0.08302390878531968,0.024142552624436472,0.054259688207874884,0.04267966946325531,0.03838635367889356,0.009490298442137248,0.02354633412347676,0.04956382817817402,-0.005799139387772474,0.022913010297531844,0.01550393936066381,0.0030187916966465285,-0.005612660670151318,-0.018744339001313927,-0.016446160648563395,-0.0008017183639384691,0.04307935772204517,-0.022226723221202137,0.02670373745279312,0.017228542541229786,-0.00045098208061981714,-0.006488762612850469,-0.008815442332068543,-0.010316307158645349,-0.004612578129386343,-0.022038579262322357,0.0020332599320185317,-0.03985667093795365,0.00910161456652172,-0.00207985392059928,0.02744566539168427,0.032396748388368174,0.043625589008084865,0.06460785780326322,0.03305211681296685,0.02125483054115351,-0.022226723221202137,0.07427794338703812,0.013577735546551284,0.011673740408057529,0.05233698319562056,0.03096894392575135,0.03926687607688491,0.05251044362331639,0.03055787875695748,0.02622580679572114,0.013943431855526336,0.08324196492586566,-0.005203268238843756,0.019919644176858063,-0.0026159969362888344,0.05095590641722309,0.0527842196518803,0.039938521581787165,0.033960634182642,0.02955386918671233,0.02670373745279312,0.013577735546551284,0.08172840481813154,0.04287884982841055,0.06270053609049908,0.017998229075663067,0.034536606289178706,0.034319289108640155,0.037137519399433785,-0.0005302841631323729,0.02994075953334354,0.023804974791857125,0.02611201010658406,0.027737456993004374,0.05329950827106958,0.044730067997131154,0.044530072053816726,0.05964028518542505,0.09276369222324343,0.04396881344461466,0.017228542541229786,0.011673740408057529,0.04287884982841055,0.11617779093509098,0.08128097515234416,0.020527141781859506,0.05838711172013838,0.04963200370101273,0.053037277108019906,0.005725378575162785,0.02452852116324483,0.0442618440945439,0.003647206789020951,0.02688996861425034,0.0414886470469738,0.08738909380512774,0.09667636174610797,0.13817597730914594,0.12224846222518067,0.08302390878531968,-0.00045098208061981714,0.05233698319562056,0.06270053609049908,0.08128097515234416,0.15680331086255472,0.04470486370113397,0.0971135472421823,0.08607562771244337,0.08157045108196417,0.026177071725850126,0.04664749036935159,0.10448559922557549,0.005308178754360454,0.04822856000347951,0.03655886483618122,0.025580446796743324,0.031084599661950946,0.03783181336209544,0.03759114831054793,0.024142552624436472,-0.006488762612850469,0.03096894392575135,0.017998229075663067,0.020527141781859506,0.04470486370113397,0.049754335221127724,0.03255143854048759,0.0387056993458561,0.02718527870494679,0.018888878256060615,0.006714280644968336,0.049373236784825206,0.008032769389489335,0.018167798847329095,0.018408243126473177,0.06011896047475013,0.0688302214719261,0.09415002640231057,0.09760454533773086,0.054259688207874884,-0.008815442332068543,0.03926687607688491,0.034536606289178706,0.05838711172013838,0.0971135472421823,0.03255143854048759,0.09575413675927316,0.06116658580012685,0.05929837632115368,0.03156901685465602,0.023704349749805065,0.0705321140355695,-0.003292051010414068,0.03276251173753456,0.023006550944515793,0.049866896374755,0.06210991396614683,0.09120820566034185,0.0726360990466918,0.04267966946325531,-0.010316307158645349,0.05251044362331639,0.034319289108640155,0.04963200370101273,0.08607562771244337,0.0387056993458561,0.06116658580012685,0.08377135443216979,0.0501882504725643,0.02483740681405594,0.024602566929863585,0.08404026216974772,0.006931311620214502,0.027884666287872294,0.016001348241571768,0.049721068543080456,0.06262282112130882,0.07406222883816885,0.07194004111290479,0.03838635367889356,-0.004612578129386343,0.03055787875695748,0.037137519399433785,0.053037277108019906,0.08157045108196417,0.02718527870494679,0.05929837632115368,0.0501882504725643,0.07165064597505816,0.017942630726831124,0.02715309489743848,0.056525712503296396,0.009690478258714302,0.025844562542507464,0.03061482882477376,0.023615450747481833,0.026308884463460275,0.03809926349853742,0.028941196227494644,0.009490298442137248,-0.022038579262322357,0.02622580679572114,-0.0005302841631323729,0.005725378575162785,0.026177071725850126,0.018888878256060615,0.03156901685465602,0.02483740681405594,0.017942630726831124,0.04051543868488405,-0.0006800650753801514,0.04093930176076589,-0.006489305154780895,0.00900934544487315,-0.0072138415062506815,0.028228407018707137,0.03656971442280468,0.04581525939689149,0.028461554640930108,0.02354633412347676,0.0020332599320185317,0.013943431855526336,0.02994075953334354,0.02452852116324483,0.04664749036935159,0.006714280644968336,0.023704349749805065,0.024602566929863585,0.02715309489743848,-0.0006800650753801514,0.037278512884213334,0.03078889936060256,0.004823048786882595,0.01644759827233793,0.01478460332362887,0.054570252949932514,0.07476735185215909,0.12037541695740872,0.09129823533368274,0.04956382817817402,-0.03985667093795365,0.08324196492586566,0.023804974791857125,0.0442618440945439,0.10448559922557549,0.049373236784825206,0.0705321140355695,0.08404026216974772,0.056525712503296396,0.04093930176076589,0.03078889936060256,0.1598361160909636,-0.014672579291634461,0.037011908156737605,0.00042293838027554834,0.005526396963572856,0.012174751872062803,-0.009229104562061198,-0.010105498299814821,-0.005799139387772474,0.00910161456652172,-0.005203268238843756,0.02611201010658406,0.003647206789020951,0.005308178754360454,0.008032769389489335,-0.003292051010414068,0.006931311620214502,0.009690478258714302,-0.006489305154780895,0.004823048786882595,-0.014672579291634461,0.03947724219646838,0.004874251947865027,0.02890857368093948,0.02678907830205502,0.03309895071987788,0.03792227365922285,0.04181823425656357,0.022913010297531844,-0.00207985392059928,0.019919644176858063,0.027737456993004374,0.02688996861425034,0.04822856000347951,0.018167798847329095,0.03276251173753456,0.027884666287872294,0.025844562542507464,0.00900934544487315,0.01644759827233793,0.037011908156737605,0.004874251947865027,0.032394823697672714,0.017359979661674182,0.02721616968408124,0.029213082648581055,0.007102882024913337,0.026465815651706363,0.01550393936066381,0.02744566539168427,-0.0026159969362888344,0.05329950827106958,0.0414886470469738,0.03655886483618122,0.018408243126473177,0.023006550944515793,0.016001348241571768,0.03061482882477376,-0.0072138415062506815,0.01478460332362887,0.00042293838027554834,0.02890857368093948,0.017359979661674182,0.06940228051153241
0.03500387403418925,-0.007476762261489016,0.007929096878791956,0.017499321783348797,0.003995543333227724,0.02563205357916485,0.014732107514703753,0.02536442493123057,0.012452783458986962,0.013097638262261221,0.011313863775840271,0.016149733377499455,0.001344963229776109,0.026678116182834017,0.019717383922354115,0.02000668714151352,0.006351809106451126,0.018202728014378687,0.0027719161728185235,0.02562973007611049,-0.007476762261489016,0.07794791748069849,0.0045244125079515534,0.003992650892231537,-0.00026677655005974497,-0.004771139346061834,-0.017374322768650773,-0.022492974856690565,-0.002122537881198143,0.0029320260583008567,0.006476595758095088,-0.014298019478682394,0.011667593317589497,0.005821237598169491,0.015413369732523843,-0.005488280138537135,0.0013093729138028724,0.005946495792943744,-0.006485997360056086,-0.010319146016904163,0.007929096878791956,0.0045244125079515534,0.04358628044342126,0.004764714992523152,0.001255901801454514,0.027844324413161745,-0.003120899935285175,0.0066935069329148575,0.007320464076603583,0.01501886606286008,0.015435838981098314,-0.004126733587687338,0.019227584677535273,0.01004927375060736,0.002008777816842197,0.01978087044406391,-0.016574985585653994,0.00991907490715807,0.0036848355518607637,-0.0068299390505701454,0.017499321783348797,0.003992650892231537,0.004764714992523152,0.03773925337713337,0.02012017832683806,0.013181606329766768,0.017929482368897097,0.012795112216306227,0.01478517309014114,0.012417451939977422,0.00836225532564881,0.013448845627264526,0.004560429724506088,0.020389274325426,0.0133114023809199,0.025243098513504647,0.013985280791919002,0.020379002618570556,0.013853344586927085,0.01939500079505397,0.003995543333227724,-0.00026677655005974497,0.001255901801454514,0.02012017832683806,0.04825827012136852,-0.0031815810872220336,0.0005138143561069985,-0.005496094365334226,0.025211324753804675,0.004229927641138769,-0.003799414808229284,-0.007477572969268492,0.0020326165651739295,0.0010746564082839399,0.0006578323477492848,0.017167883706783384,-0.0008244405046194904,0.011010782889840353,0.020384927379955793,0.009984138054423598,0.02563205357916485,-0.004771139346061834,0.027844324413161745,0.013181606329766768,-0.0031815810872220336,0.0731725729733829,0.005178348038492726,0.02761238731880141,0.008026012802799812,0.025269831670998034,0.02317601522985941,0.019023951158184164,0.02565788937810832,0.03274849922330021,0.029413496996396716,0.031988374101226055,-0.0005678886416455482,0.015063794225046624,0.00363540912833272,0.027055629782012085,0.014732107514703753,-0.017374322768650773,-0.003120899935285175,0.017929482368897097,0.0005138143561069985,0.005178348038492726,0.09041827164789554,0.018320893563303235,0.010188219901504628,0.006290457782944686,0.02022999825435015,0.020537816729666217,0.018388780200148877,0.04310812578889316,0.015006874063384704,0.026311367779791615,0.05260035555690792,0.01574914971141487,0.00556600852037014,0.04857086214659715,0.02536442493123057,-0.022492974856690565,0.0066935069329148575,0.012795112216306227,-0.005496094365334226,0.02761238731880141,0.018320893563303235,0.07343873700960987,0.014007707732943464,0.013332810525056471,0.012514622173840396,0.030917382923511073,-0.002059444131964806,0.04434986128127403,0.023893740144148884,0.024105039091191823,0.011293253811869188,0.025253897098078893,0.001647953358185909,0.03875998987060997,0.012452783458986962,-0.002122537881198143,0.007320464076603583,0.01478517309014114,0.025211324753804675,0.008026012802799812,0.010188219901504628,0.014007707732943464,0.06446005289789501,-0.0030156913116127166,0.0036118974935913173,0.0024752623115802024,0.010922066448106303,0.008449412746633165,0.0082575038665147,0.008746827148454822,0.002537217836790716,0.023799630792085785,0.027451558652843898,0.026086764371858383,0.013097638262261221,0.0029320260583008567,0.01501886606286008,0.012417451939977422,0.004229927641138769,0.025269831670998034,0.006290457782944686,0.013332810525056471,-0.0030156913116127166,0.028525869532376166,0.012811249506754416,0.0051127273786679564,0.01315224308412185,0.026226200111035776,0.016284930831819214,0.022668661480601378,0.0019161663883421488,0.011489471595593326,-0.00065822419630577,0.010374064631492395,0.011313863775840271,0.006476595758095088,0.015435838981098314,0.00836225532564881,-0.003799414808229284,0.02317601522985941,0.02022999825435015,0.012514622173840396,0.0036118974935913173,0.012811249506754416,0.03955213125906983,0.01105639507912959,0.014924696089741696,0.02706501842866483,0.014658366579788827,0.02073567528893367,0.016245589163646067,0.012575805885883543,-5.244716321563909e-5,0.010324685423452419,0.016149733377499455,-0.014298019478682394,-0.004126733587687338,0.013448845627264526,-0.007477572969268492,0.019023951158184164,0.020537816729666217,0.030917382923511073,0.0024752623115802024,0.0051127273786679564,0.01105639507912959,0.04722454294248446,-0.0018530275896149447,0.03720498806149904,0.013654826351430949,0.02219371242321374,0.01707085218930282,0.01685546957952532,-0.0008740888024829805,0.0355216026637482,0.001344963229776109,0.011667593317589497,0.019227584677535273,0.004560429724506088,0.0020326165651739295,0.02565788937810832,0.018388780200148877,-0.002059444131964806,0.010922066448106303,0.01315224308412185,0.014924696089741696,-0.0018530275896149447,0.03732270344267742,0.011964035500704961,0.012210053868774561,0.012540344166038386,0.010654543482308406,0.005710708606784422,0.0011652759392807052,0.012772309886639467,0.026678116182834017,0.005821237598169491,0.01004927375060736,0.020389274325426,0.0010746564082839399,0.03274849922330021,0.04310812578889316,0.04434986128127403,0.008449412746633165,0.026226200111035776,0.02706501842866483,0.03720498806149904,0.011964035500704961,0.08466233371662031,0.03734122043405004,0.03960399931249612,0.03622092299059499,0.02830233647757012,0.005059536854940343,0.052084801645917576,0.019717383922354115,0.015413369732523843,0.002008777816842197,0.0133114023809199,0.0006578323477492848,0.029413496996396716,0.015006874063384704,0.023893740144148884,0.0082575038665147,0.016284930831819214,0.014658366579788827,0.013654826351430949,0.012210053868774561,0.03734122043405004,0.04608669081964297,0.01857494358141144,0.01815585159155631,0.014803320091143556,-0.002355649040797045,0.03342290821863628,0.02000668714151352,-0.005488280138537135,0.01978087044406391,0.025243098513504647,0.017167883706783384,0.031988374101226055,0.026311367779791615,0.024105039091191823,0.008746827148454822,0.022668661480601378,0.02073567528893367,0.02219371242321374,0.012540344166038386,0.03960399931249612,0.01857494358141144,0.07031771746323978,0.01369607589957975,0.024970523559197592,0.015111477596263849,0.03417914906384689,0.006351809106451126,0.0013093729138028724,-0.016574985585653994,0.013985280791919002,-0.0008244405046194904,-0.0005678886416455482,0.05260035555690792,0.011293253811869188,0.002537217836790716,0.0019161663883421488,0.016245589163646067,0.01707085218930282,0.010654543482308406,0.03622092299059499,0.01815585159155631,0.01369607589957975,0.054422564010029,0.007918428997369553,-0.00719756304277931,0.03765543931212542,0.018202728014378687,0.005946495792943744,0.00991907490715807,0.020379002618570556,0.011010782889840353,0.015063794225046624,0.01574914971141487,0.025253897098078893,0.023799630792085785,0.011489471595593326,0.012575805885883543,0.01685546957952532,0.005710708606784422,0.02830233647757012,0.014803320091143556,0.024970523559197592,0.007918428997369553,0.04699338311154482,0.015788168403860072,0.026775991779366168,0.0027719161728185235,-0.006485997360056086,0.0036848355518607637,0.013853344586927085,0.020384927379955793,0.00363540912833272,0.00556600852037014,0.001647953358185909,0.027451558652843898,-0.00065822419630577,-5.244716321563909e-5,-0.0008740888024829805,0.0011652759392807052,0.005059536854940343,-0.002355649040797045,0.015111477596263849,-0.00719756304277931,0.015788168403860072,0.039133967161509194,0.008361462405160636,0.02562973007611049,-0.010319146016904163,-0.0068299390505701454,0.01939500079505397,0.009984138054423598,0.027055629782012085,0.04857086214659715,0.03875998987060997,0.026086764371858383,0.010374064631492395,0.010324685423452419,0.0355216026637482,0.012772309886639467,0.052084801645917576,0.03342290821863628,0.03417914906384689,0.03765543931212542,0.026775991779366168,0.008361462405160636,0.08176218315700123
