0.016206974858434253,0.0021324446153975205,0.006203967762707141,-0.002591136565919162,7.460659115762248e-5,0.002152382373083484,0.0008529000802339839,-0.0015170696253456117,-0.00019946843611714008,-0.000639278342961795,-0.0007927011178816395,0.0010156427092861996,-0.001526149374426723,0.0031670147822387682,-0.001263172149379087,-0.0013579394350911461,-0.004376966924116559,-0.0008316463623136379,-0.0004118999102449509,0.0014998943789492694,0.0021324446153975205,0.013865240976066583,0.001644039026243901,0.0009453255314654296,-0.001104335492749856,0.0015261365484384134,-0.003147553937376043,-0.0006402465755509844,-0.0021605127867680178,-0.00020074841884316983,0.0004306621595520987,0.0022940806638706173,0.0021640554302541654,-0.0031363711706836467,-0.0022799689478088334,4.362419055908362e-5,7.337750587134466e-5,-0.0030975462333148627,-0.004964540903169585,-0.0013642321336566356,0.006203967762707141,0.001644039026243901,0.020444930152589805,0.0031978063490961444,-0.00022163353573309813,0.0027016631490926367,-0.004352663556660987,-0.0017819034323212702,-0.0012745040083401707,-0.0008027400425878156,-0.0002184187517579101,-7.953495779482905e-5,-0.001671607917887895,-0.0008656531384186662,-0.0030390438433920345,-0.00214150667399103,-0.004347491447254543,-0.008579343655770224,-0.0016641827868830441,0.003220777141340021,-0.002591136565919162,0.0009453255314654296,0.0031978063490961444,0.019088269226050964,-0.0056759130118733455,0.0031902608423368148,0.0006573898932890161,-0.0006986784272934061,0.00037634334872067464,-0.0018462717897043124,-0.00043051231555608015,0.0013530789027286485,0.0042102245362594815,0.00041812373296370563,0.000725047017661745,-0.0023374857756829582,-0.0013048440328038832,0.0026079362884515603,0.0006410797848456625,-0.0004288333932795667,7.460659115762248e-5,-0.001104335492749856,-0.00022163353573309813,-0.0056759130118733455,0.02128048844750009,-0.001712498800068,-0.0018131352638651181,-0.0031569342040216543,-0.0030530670663582635,0.0016655966234357953,0.0038987631255259962,-0.0028916534759309692,-0.004902802315552382,-0.001577778917476608,0.0041769191030077875,-0.001095127381612793,0.00255692845848914,0.004105789682429817,0.006746806027942476,0.007714815227634649,0.002152382373083484,0.0015261365484384134,0.0027016631490926367,0.0031902608423368148,-0.001712498800068,0.018747038606732457,-0.0015508530304039194,0.0019214415688048373,-0.0013859047987419084,0.001112605950767111,0.00048335840625155093,-0.0024110281041858947,0.0017248567097623972,-0.0004927643249302001,0.0016448311310087965,-0.001130472388466064,-0.0009966463395687834,-0.0033628069219930074,-0.002043991348802396,0.003553726394132973,0.0008529000802339839,-0.003147553937376043,-0.004352663556660987,0.0006573898932890161,-0.0018131352638651181,-0.0015508530304039194,0.015293415222958313,0.0016050111854847946,-0.002574260811431104,-0.0006984685216252884,0.002411862018722628,-0.0030400530287616736,-0.001955386393106785,0.0014397083801290461,0.0032254819872814325,0.0019485886116977892,0.00015475344199190313,-0.000988350510275964,-0.00039753433482892257,-0.0028510752647139892,-0.0015170696253456117,-0.0006402465755509844,-0.0017819034323212702,-0.0006986784272934061,-0.0031569342040216543,0.0019214415688048373,0.0016050111854847946,0.013009047903769654,0.0032227912836063186,-0.0020338006875200267,-0.0021075205980917605,-0.0010971001538534946,-0.0007152439596493198,0.0016556755667167947,-0.0016216986968970533,0.00442860006300364,-0.0008151991926860631,-0.002744335614729639,-0.0003218194799754232,0.0008803056610390582,-0.00019946843611714008,-0.0021605127867680178,-0.0012745040083401707,0.00037634334872067464,-0.0030530670663582635,-0.0013859047987419084,-0.002574260811431104,0.0032227912836063186,0.013682221893765317,-0.004165929439401548,0.0012041660455901913,-0.0008343880327270659,-0.0017829946109818812,-0.002520502326456197,2.9881353125373446e-5,-0.0021369466057647906,0.0032241017828437465,0.005158388587506847,0.003060868722362862,-0.0021584426693215825,-0.000639278342961795,-0.00020074841884316983,-0.0008027400425878156,-0.0018462717897043124,0.0016655966234357953,0.001112605950767111,-0.0006984685216252884,-0.0020338006875200267,-0.004165929439401548,0.013275639214739125,0.006013341413930008,-0.000990986376787457,-0.0042560776605792905,-0.0017608992003504452,0.00344646036371357,0.0011746256490823997,-2.9446856697068458e-5,-0.00019629577183332049,0.0013407623074029175,0.003960066985624128,-0.0007927011178816395,0.0004306621595520987,-0.0002184187517579101,-0.00043051231555608015,0.0038987631255259962,0.00048335840625155093,0.002411862018722628,-0.0021075205980917605,0.0012041660455901913,0.006013341413930008,0.013169818497224792,0.00025091340985259193,0.0004029953993627439,-0.0018975878422314543,0.0013890630082327238,-0.0034727082929202225,-0.0010487003796741821,0.002235319078760304,0.002510642345936252,0.0009801309672336563,0.0010156427092861996,0.0022940806638706173,-7.953495779482905e-5,0.0013530789027286485,-0.0028916534759309692,-0.0024110281041858947,-0.0030400530287616736,-0.0010971001538534946,-0.0008343880327270659,-0.000990986376787457,0.00025091340985259193,0.024977749089713713,-0.002677666419048157,-0.0006476213944717767,-0.0018356550579043934,-0.003504926366008876,0.0026097224911234185,0.0027157899904493125,-0.002673681616958733,0.0001094742628722985,-0.001526149374426723,0.0021640554302541654,-0.001671607917887895,0.0042102245362594815,-0.004902802315552382,0.0017248567097623972,-0.001955386393106785,-0.0007152439596493198,-0.0017829946109818812,-0.0042560776605792905,0.0004029953993627439,-0.002677666419048157,0.02019654977253761,0.00039778894766618917,-0.0016727137841105457,0.0011479707120158164,-0.003552739724540519,-0.0003373502633466065,-0.00496323024543036,-0.00222637452979867,0.0031670147822387682,-0.0031363711706836467,-0.0008656531384186662,0.00041812373296370563,-0.001577778917476608,-0.0004927643249302001,0.0014397083801290461,0.0016556755667167947,-0.002520502326456197,-0.0017608992003504452,-0.0018975878422314543,-0.0006476213944717767,0.00039778894766618917,0.02273322850998024,0.0010192276834082477,0.00021988443999365782,-0.0021572329301788773,-0.0029291728435398403,0.001824081969100284,-0.0008394271647942828,-0.001263172149379087,-0.0022799689478088334,-0.0030390438433920345,0.000725047017661745,0.0041769191030077875,0.0016448311310087965,0.0032254819872814325,-0.0016216986968970533,2.9881353125373446e-5,0.00344646036371357,0.0013890630082327238,-0.0018356550579043934,-0.0016727137841105457,0.0010192276834082477,0.02163269008352206,-0.0037501958522549,-0.00020385443470619693,0.0015156292111748817,0.0021050539501122015,0.002131890248327442,-0.0013579394350911461,4.362419055908362e-5,-0.00214150667399103,-0.0023374857756829582,-0.001095127381612793,-0.001130472388466064,0.0019485886116977892,0.00442860006300364,-0.0021369466057647906,0.0011746256490823997,-0.0034727082929202225,-0.003504926366008876,0.0011479707120158164,0.00021988443999365782,-0.0037501958522549,0.01791908588495668,0.003599408085006187,-0.0009678760229324035,-0.0018465228782334597,-0.009615190234226672,-0.004376966924116559,7.337750587134466e-5,-0.004347491447254543,-0.0013048440328038832,0.00255692845848914,-0.0009966463395687834,0.00015475344199190313,-0.0008151991926860631,0.0032241017828437465,-2.9446856697068458e-5,-0.0010487003796741821,0.0026097224911234185,-0.003552739724540519,-0.0021572329301788773,-0.00020385443470619693,0.003599408085006187,0.018352597073710463,0.002888345939019292,-0.0009750646539583561,0.0014327757190848054,-0.0008316463623136379,-0.0030975462333148627,-0.008579343655770224,0.0026079362884515603,0.004105789682429817,-0.0033628069219930074,-0.000988350510275964,-0.002744335614729639,0.005158388587506847,-0.00019629577183332049,0.002235319078760304,0.0027157899904493125,-0.0003373502633466065,-0.0029291728435398403,0.0015156292111748817,-0.0009678760229324035,0.002888345939019292,0.01906321565666446,-0.002005307398102234,-0.002973727903402904,-0.0004118999102449509,-0.004964540903169585,-0.0016641827868830441,0.0006410797848456625,0.006746806027942476,-0.002043991348802396,-0.00039753433482892257,-0.0003218194799754232,0.003060868722362862,0.0013407623074029175,0.002510642345936252,-0.002673681616958733,-0.00496323024543036,0.001824081969100284,0.0021050539501122015,-0.0018465228782334597,-0.0009750646539583561,-0.002005307398102234,0.018042638992003694,0.0028551848339470236,0.0014998943789492694,-0.0013642321336566356,0.003220777141340021,-0.0004288333932795667,0.007714815227634649,0.003553726394132973,-0.0028510752647139892,0.0008803056610390582,-0.0021584426693215825,0.003960066985624128,0.0009801309672336563,0.0001094742628722985,-0.00222637452979867,-0.0008394271647942828,0.002131890248327442,-0.009615190234226672,0.0014327757190848054,-0.002973727903402904,0.0028551848339470236,0.018194715668646336
