0.039213774983766644,-0.0326642795650519,0.0071331434845794675,-0.01937741843388232,0.00742560384941927,-0.0038145214409910375,-0.0143305949642898,-0.004454595864257234,0.00464795362036589,-0.0008714920730784357,-0.00814633701858052,-0.01075590509400666,0.01699456932381823,0.0038472414770802646,-0.018532579224558483,0.0010459006272757788,0.016406731218670773,0.005565480003943224,0.009205254072854684,-0.006393033981101561,-0.0326642795650519,0.1038446322645038,0.01595711018215014,0.075548978352795,-0.03261840347126136,0.012320825155573398,0.03325111560545321,-0.011488271694325855,-0.0529508305807664,-0.003692371152795833,0.018087323976764498,0.055947196879219965,-0.036893395745145385,-0.020721695671747607,0.05852232751752988,-0.0034367955491453944,-0.06111185517933759,-0.06797900988057629,-0.026911764938521154,-0.005121400303735849,0.0071331434845794675,0.01595711018215014,0.08296504796044622,0.0215046591396982,-0.013714561057186627,0.010939280618811782,0.006939694497918161,-0.024499886757858774,-0.02914630714933625,-0.05320612073224611,0.00945096745189069,0.027863145273768108,-0.039619068138757554,0.006706007143852111,0.04590832629118057,-0.0135412882655053,-0.013998033960202093,-0.021258593239842204,-0.00465787295162237,-0.012695340893589377,-0.01937741843388232,0.075548978352795,0.0215046591396982,0.13641750031795713,-0.034510051314824534,0.015076205799202016,0.018940895958696857,-0.009031250145011407,-0.05079961706015518,0.0005999520252249398,0.03669052961156624,0.05122687979180349,-0.04172109128264674,-0.026351408183765874,0.060653237879994853,-0.006344494873337997,-0.07393426884047752,-0.0986614100097257,-0.02283858891340603,-0.020812356025370515,0.00742560384941927,-0.03261840347126136,-0.013714561057186627,-0.034510051314824534,0.04212848845937219,-0.00711356662691578,-0.012547653677162821,0.0029309750325077506,0.027784460821728904,0.010470308108878234,-0.014523101209762523,-0.030435200889762436,0.014544105152265435,0.005400067517622493,-0.02217437827118518,0.004454472309296858,0.015120817284117537,0.02836393692831623,0.007493160491669653,0.009007359061985664,-0.0038145214409910375,0.012320825155573398,0.010939280618811782,0.015076205799202016,-0.00711356662691578,0.022725976780097423,0.005218884957881897,0.002796807538303499,-0.020209870061839497,-0.0025871916068322654,0.008064248707273573,0.006193822657953081,-0.019271375338620025,-0.008535242738855878,0.019585581545605572,-0.0024908296648351053,-0.014392076318456563,-0.014237538737561143,-0.004910367849895649,-0.0037302504701127617,-0.0143305949642898,0.03325111560545321,0.006939694497918161,0.018940895958696857,-0.012547653677162821,0.005218884957881897,0.06358077304933099,0.00038776144131038854,-0.021002037082594828,0.012564325241169497,0.025462091946707704,0.025153981585750086,-0.012717003126795863,-0.02225030835641647,0.00921232533819297,0.0015211340853037107,-0.024845384723805826,-0.03848064560419359,-0.020671267546708044,-0.002580282914072787,-0.004454595864257234,-0.011488271694325855,-0.024499886757858774,-0.009031250145011407,0.0029309750325077506,0.002796807538303499,0.00038776144131038854,0.041132770231558514,-0.006010488576039627,0.011236244896108605,0.006988020994960612,-0.007394137040604674,-0.0068349029268018995,-0.0014080470158482651,-0.005136376058986598,0.0011863291913777525,-0.0022310220215156795,0.0018858666497609865,0.00164423350459007,0.003168670355161414,0.00464795362036589,-0.0529508305807664,-0.02914630714933625,-0.05079961706015518,0.027784460821728904,-0.020209870061839497,-0.021002037082594828,-0.006010488576039627,0.08400656690220146,0.02067958846813396,-0.023459626870317093,-0.04278894957876306,0.04598946519785492,0.01900199992256229,-0.054048287832359654,0.011310045616584472,0.03647339146162662,0.05903952344052273,0.019350900375925212,0.014901288100789535,-0.0008714920730784357,-0.003692371152795833,-0.05320612073224611,0.0005999520252249398,0.010470308108878234,-0.0025871916068322654,0.012564325241169497,0.011236244896108605,0.02067958846813396,0.0831089753920589,0.012652926276249076,-0.01750245766502815,0.027230307285190512,-0.01910075481417302,-0.04043802919259443,0.014035634991807886,-0.009626731550224582,-0.008386090026690211,-0.0038311388435588673,-0.002361620437726076,-0.00814633701858052,0.018087323976764498,0.00945096745189069,0.03669052961156624,-0.014523101209762523,0.008064248707273573,0.025462091946707704,0.006988020994960612,-0.023459626870317093,0.012652926276249076,0.04090532246678119,0.023806381687362058,-0.023926122975138294,-0.008738445618447187,0.01884868295280568,0.0006068136617193097,-0.023426904366236623,-0.039594177117460314,-0.014726515933545965,-0.013876595145464209,-0.01075590509400666,0.055947196879219965,0.027863145273768108,0.05122687979180349,-0.030435200889762436,0.006193822657953081,0.025153981585750086,-0.007394137040604674,-0.04278894957876306,-0.01750245766502815,0.023806381687362058,0.06954160456234032,-0.03677494470282473,-0.013486763644234775,0.035887863750039356,-0.0032501002738561002,-0.04031563493922466,-0.05044375921314323,-0.020556187355670576,-0.011822450852571012,0.01699456932381823,-0.036893395745145385,-0.039619068138757554,-0.04172109128264674,0.014544105152265435,-0.019271375338620025,-0.012717003126795863,-0.0068349029268018995,0.04598946519785492,0.027230307285190512,-0.023926122975138294,-0.03677494470282473,0.06960610047878407,0.008257814832377905,-0.04878189378489668,0.011118937641091998,0.03453690623661147,0.03456914499139946,0.013744430311399533,0.008070530016028749,0.0038472414770802646,-0.020721695671747607,0.006706007143852111,-0.026351408183765874,0.005400067517622493,-0.008535242738855878,-0.02225030835641647,-0.0014080470158482651,0.01900199992256229,-0.01910075481417302,-0.008738445618447187,-0.013486763644234775,0.008257814832377905,0.02844717721635264,-0.009349601609532318,-0.0019903263188804877,0.024646379399523802,0.0380538525487497,0.005726480312070622,0.0005211355227064863,-0.018532579224558483,0.05852232751752988,0.04590832629118057,0.060653237879994853,-0.02217437827118518,0.019585581545605572,0.00921232533819297,-0.005136376058986598,-0.054048287832359654,-0.04043802919259443,0.01884868295280568,0.035887863750039356,-0.04878189378489668,-0.009349601609532318,0.08308462255908415,-0.012488479198556356,-0.04480775089022003,-0.051205602964927786,-0.017493372459948017,-0.013413156794374775,0.0010459006272757788,-0.0034367955491453944,-0.0135412882655053,-0.006344494873337997,0.004454472309296858,-0.0024908296648351053,0.0015211340853037107,0.0011863291913777525,0.011310045616584472,0.014035634991807886,0.0006068136617193097,-0.0032501002738561002,0.011118937641091998,-0.0019903263188804877,-0.012488479198556356,0.01666819848400092,0.0030766242174608284,-0.0024044517430980112,-0.0016578546962152745,0.0007474641053631814,0.016406731218670773,-0.06111185517933759,-0.013998033960202093,-0.07393426884047752,0.015120817284117537,-0.014392076318456563,-0.024845384723805826,-0.0022310220215156795,0.03647339146162662,-0.009626731550224582,-0.023426904366236623,-0.04031563493922466,0.03453690623661147,0.024646379399523802,-0.04480775089022003,0.0030766242174608284,0.07955856515099041,0.06960703820944714,0.01616678696707745,0.004778059963551571,0.005565480003943224,-0.06797900988057629,-0.021258593239842204,-0.0986614100097257,0.02836393692831623,-0.014237538737561143,-0.03848064560419359,0.0018858666497609865,0.05903952344052273,-0.008386090026690211,-0.039594177117460314,-0.05044375921314323,0.03456914499139946,0.0380538525487497,-0.051205602964927786,-0.0024044517430980112,0.06960703820944714,0.1291363618227798,0.023259244887684126,0.01708804273828743,0.009205254072854684,-0.026911764938521154,-0.00465787295162237,-0.02283858891340603,0.007493160491669653,-0.004910367849895649,-0.020671267546708044,0.00164423350459007,0.019350900375925212,-0.0038311388435588673,-0.014726515933545965,-0.020556187355670576,0.013744430311399533,0.005726480312070622,-0.017493372459948017,-0.0016578546962152745,0.01616678696707745,0.023259244887684126,0.028881120765048555,0.00521986865732124,-0.006393033981101561,-0.005121400303735849,-0.012695340893589377,-0.020812356025370515,0.009007359061985664,-0.0037302504701127617,-0.002580282914072787,0.003168670355161414,0.014901288100789535,-0.002361620437726076,-0.013876595145464209,-0.011822450852571012,0.008070530016028749,0.0005211355227064863,-0.013413156794374775,0.0007474641053631814,0.004778059963551571,0.01708804273828743,0.00521986865732124,0.04478593438567355
0.05239063613865388,0.030202829432500203,0.013615038469442144,0.013320187643789779,-0.019475492631667396,-0.03083514242625441,0.00274810249556506,0.021183254396215136,-0.01652550356212731,-0.002046796294356515,-0.0076730876735189996,-0.024141063928286598,-0.025711667403928877,-0.013123418748690024,0.00770045685122016,0.0007447195854635381,-0.04249391661348362,-0.02039411337521495,0.012464445486191824,0.028323362999572516,0.030202829432500203,0.05098306807087273,0.009079301797542755,0.0013569782670034103,-0.016206789650611828,-0.03167517674912744,-0.0017974550402269742,0.02775908183308214,-0.010000281129274166,-0.00705610705380752,-0.007715679542526718,-0.02013064376637959,-0.018481277418396502,-0.015083309756847452,-0.0030203381844763314,0.0013893159601283973,-0.0390997823845575,-0.008158503178687701,0.01846622797327096,0.03243076378541103,0.013615038469442144,0.009079301797542755,0.036728175296869225,-0.009273614495781006,0.0006344905625984304,-0.014071965210105914,-7.864938313451891e-6,0.003903199442675917,-0.0006913142597500125,0.003504627422581523,0.0055084049374468196,-0.0009116559645569449,-0.00012686442110000225,0.0008795801418240707,0.015353827011117153,-0.01907753204420301,-0.016391108010670542,-0.008622021862354917,0.002749294123446846,-0.004080365324248268,0.013320187643789779,0.0013569782670034103,-0.009273614495781006,0.04189572559593451,-0.006811214616895579,0.013422340807241688,0.008372343435041486,-0.018317836469884316,-0.005828216765821679,0.004345190210941364,0.011748039443707295,0.009721353068857876,-0.015081665638865318,0.008853713245183359,0.009013089508648507,0.015044177120563482,0.007366377109957167,-0.013274401881224229,-0.002206239111456313,0.01172791136686474,-0.019475492631667396,-0.016206789650611828,0.0006344905625984304,-0.006811214616895579,0.031152474717046113,0.02304212531555449,-0.004610554918881676,-0.008251010083843475,0.014824833103293699,0.0008420199041018317,0.004370054503044981,0.00814178068409039,0.024685755648298113,0.010787890038201303,0.005260792839067401,-0.011079347051286364,0.0351266219597966,0.006236806272649855,-0.0063054056458468465,-0.02384196314617933,-0.03083514242625441,-0.03167517674912744,-0.014071965210105914,0.013422340807241688,0.02304212531555449,0.08085754264478384,-0.012931439532064756,-0.029695866900594767,0.03254058278169975,-0.011773107493039909,0.013177551975786298,0.0298376048690378,0.031437076458697984,0.027468054215924673,0.006078551408138601,-0.004705563641805068,0.06068057829239367,0.023158551117060555,-0.01679396468337325,-0.020730037997906674,0.00274810249556506,-0.0017974550402269742,-7.864938313451891e-6,0.008372343435041486,-0.004610554918881676,-0.012931439532064756,0.022007117165000315,-0.002611183373124178,-0.010561661912963937,0.010231175200003068,0.00019046810403404907,-0.005972231844444704,-0.011013156603567865,-0.005046276402380749,0.016155296563228894,0.006295983198517183,0.0032697058311453517,-0.010756206321672502,-0.002858647775802933,-0.006876941870414802,0.021183254396215136,0.02775908183308214,0.003903199442675917,-0.018317836469884316,-0.008251010083843475,-0.029695866900594767,-0.002611183373124178,0.06874440638060729,0.004049476200400578,-0.008759730654147934,-0.027970715477915326,-0.04293841789397487,-0.0025571377949057785,-0.03693627646895316,-0.01614078535735717,-0.01231003752004248,-0.04812153714000278,0.004245339125317483,0.02319046424575165,0.03161988658908148,-0.01652550356212731,-0.010000281129274166,-0.0006913142597500125,-0.005828216765821679,0.014824833103293699,0.03254058278169975,-0.010561661912963937,0.004049476200400578,0.05971696854188005,0.0009789281122599882,0.003822707592228306,0.004056514832905105,0.03362819013777151,0.00338643367342831,0.0011886084962266829,-0.035595974212840165,0.011426708637865459,0.02262914592323923,-0.00399145121878623,-0.015349210609852785,-0.002046796294356515,-0.00705610705380752,0.003504627422581523,0.004345190210941364,0.0008420199041018317,-0.011773107493039909,0.010231175200003068,-0.008759730654147934,0.0009789281122599882,0.032047443094302436,0.008107487577171068,-0.0005983307903920029,-0.00753885664489877,-0.005773185084006032,0.010085555157632393,-0.0006081349824315245,0.003493888270374405,-0.015365895405382385,-0.002975310549112392,-0.016003816528607016,-0.0076730876735189996,-0.007715679542526718,0.0055084049374468196,0.011748039443707295,0.004370054503044981,0.013177551975786298,0.00019046810403404907,-0.027970715477915326,0.003822707592228306,0.008107487577171068,0.038250772156081685,0.020156957985576998,0.0012358498966360807,0.02024539825176175,0.015567178301104604,-0.00018924057770325058,0.022174297046335587,-0.011197617535760696,-0.009024164161681104,-0.011509404913813906,-0.024141063928286598,-0.02013064376637959,-0.0009116559645569449,0.009721353068857876,0.00814178068409039,0.0298376048690378,-0.005972231844444704,-0.04293841789397487,0.004056514832905105,-0.0005983307903920029,0.020156957985576998,0.06920256455348592,-0.0036276349670363132,0.030908734217233048,0.004489760730388961,0.018436907455137222,0.03722033388901955,0.015797767786335768,-0.01123774599433534,-0.018027214902513668,-0.025711667403928877,-0.018481277418396502,-0.00012686442110000225,-0.015081665638865318,0.024685755648298113,0.031437076458697984,-0.011013156603567865,-0.0025571377949057785,0.03362819013777151,-0.00753885664489877,0.0012358498966360807,-0.0036276349670363132,0.06404622287795965,0.019196932890355945,0.00746773423735953,-0.032948061240581195,0.02727199918873764,0.018719467461938696,-0.013064048539022015,-0.026588912714873722,-0.013123418748690024,-0.015083309756847452,0.0008795801418240707,0.008853713245183359,0.010787890038201303,0.027468054215924673,-0.005046276402380749,-0.03693627646895316,0.00338643367342831,-0.005773185084006032,0.02024539825176175,0.030908734217233048,0.019196932890355945,0.047925603844735425,0.009142298487298094,0.0010079483348336689,0.03383704334637186,0.008203498596323907,-0.012800309930087711,-0.01172306197483988,0.00770045685122016,-0.0030203381844763314,0.015353827011117153,0.009013089508648507,0.005260792839067401,0.006078551408138601,0.016155296563228894,-0.01614078535735717,0.0011886084962266829,0.010085555157632393,0.015567178301104604,0.004489760730388961,0.00746773423735953,0.009142298487298094,0.05346703987894627,-0.020025182521885954,0.01376494290299353,-0.017224641454467865,-0.013198485721022502,-0.017370196302456717,0.0007447195854635381,0.0013893159601283973,-0.01907753204420301,0.015044177120563482,-0.011079347051286364,-0.004705563641805068,0.006295983198517183,-0.01231003752004248,-0.035595974212840165,-0.0006081349824315245,-0.00018924057770325058,0.018436907455137222,-0.032948061240581195,0.0010079483348336689,-0.020025182521885954,0.0709044463207714,0.006465482573776885,-0.001577943041685445,0.0035916688482138816,0.016156267233089078,-0.04249391661348362,-0.0390997823845575,-0.016391108010670542,0.007366377109957167,0.0351266219597966,0.06068057829239367,0.0032697058311453517,-0.04812153714000278,0.011426708637865459,0.003493888270374405,0.022174297046335587,0.03722033388901955,0.02727199918873764,0.03383704334637186,0.01376494290299353,0.006465482573776885,0.11323807940718958,0.0050142465706734555,-0.026809300906040383,-0.046129774238929916,-0.02039411337521495,-0.008158503178687701,-0.008622021862354917,-0.013274401881224229,0.006236806272649855,0.023158551117060555,-0.010756206321672502,0.004245339125317483,0.02262914592323923,-0.015365895405382385,-0.011197617535760696,0.015797767786335768,0.018719467461938696,0.008203498596323907,-0.017224641454467865,-0.001577943041685445,0.0050142465706734555,0.05570934623635719,-0.005714201941190822,0.002605778628245843,0.012464445486191824,0.01846622797327096,0.002749294123446846,-0.002206239111456313,-0.0063054056458468465,-0.01679396468337325,-0.002858647775802933,0.02319046424575165,-0.00399145121878623,-0.002975310549112392,-0.009024164161681104,-0.01123774599433534,-0.013064048539022015,-0.012800309930087711,-0.013198485721022502,0.0035916688482138816,-0.026809300906040383,-0.005714201941190822,0.035349563815411836,0.014626054480074188,0.028323362999572516,0.03243076378541103,-0.004080365324248268,0.01172791136686474,-0.02384196314617933,-0.020730037997906674,-0.006876941870414802,0.03161988658908148,-0.015349210609852785,-0.016003816528607016,-0.011509404913813906,-0.018027214902513668,-0.026588912714873722,-0.01172306197483988,-0.017370196302456717,0.016156267233089078,-0.046129774238929916,0.002605778628245843,0.014626054480074188,0.07124207997723295
0.044425483176137946,0.0171881948406188,0.00038691712431209585,0.024068223370204634,0.0015994769557096445,-0.021478334423993273,0.005532112214107033,0.026329522642496602,-0.006221325662230152,0.003492577202528631,-0.007868194515908498,-0.017117921108208325,-0.022656447774062886,-0.01845492148165958,-0.003014700438072432,0.010401052147636642,-0.002509822320892729,-0.017325831330719597,0.007454907971207866,0.02135416323162232,0.0171881948406188,0.06086825522591181,-0.014461297702345818,0.009108161603383878,0.002418300800717315,-0.023460941072464936,-0.011528667481077708,0.023645850528182973,0.0027239866650886056,0.022247414851733392,0.006825633048536891,-0.017405511765926467,0.006121858161627953,-0.01946309630766036,0.016256076888999518,-0.010617502935481476,-0.02154452512746898,-0.017944329216124738,0.03177945380644148,0.020828296080368985,0.00038691712431209585,-0.014461297702345818,0.05607749472795282,-0.0035971703524866555,0.0020848225800101684,0.0041976655359391435,0.003972529124616343,0.0016120664554885042,0.016277301878473285,-0.011080869190471729,-0.002408238629046461,0.028351269229451553,-0.005135179472455617,0.008755699454887403,-0.0035840802350516343,0.000559685830929461,-0.0020398388757587632,0.02137547328949211,-0.011738555072617996,-0.009859741982857946,0.024068223370204634,0.009108161603383878,-0.0035971703524866555,0.04613295484597453,0.004636970126423482,-0.017062712212428187,0.020067244970655512,0.016419667325914114,-0.006401186155651646,0.00399795843502489,-0.00036993227426216664,-0.016326024803040188,-0.006547327762023819,-0.01696394934448922,-0.0110891513046251,0.010840520454226541,0.0026803957889517216,-0.020069756473181922,-0.005440921642895133,0.017019403482626653,0.0015994769557096445,0.002418300800717315,0.0020848225800101684,0.004636970126423482,0.0236203111476963,-0.005288390261698467,0.0005384273633132933,0.0027101049350002106,0.010574133181921241,0.004274296402525147,-0.0019351429527550007,-0.0014316979831235765,0.003312221516452902,-0.003922661080926542,-0.0014147835131869484,-0.008761993160686715,0.003746450563264726,-0.0034941083585612745,-0.0011469307155753373,-0.0015307318498302136,-0.021478334423993273,-0.023460941072464936,0.0041976655359391435,-0.017062712212428187,-0.005288390261698467,0.040812475250774555,-0.0022184036420679677,-0.02770460321231699,0.006689863388452797,-0.007910840659528379,-0.0012691383291703446,0.01970554558076906,-0.0007851403734167608,0.015623316575357198,2.423927902190846e-5,0.012575401173840078,0.02532538792840177,0.0165523011293547,-0.018649494174398297,-0.03136768085150797,0.005532112214107033,-0.011528667481077708,0.003972529124616343,0.020067244970655512,0.0005384273633132933,-0.0022184036420679677,0.03373714452313525,0.0017629024370176408,3.128803667338944e-5,-0.003927741522253704,-0.011372255994557035,-0.008663289097376719,-0.014239151923679784,0.0027300617848758863,-0.010702364019977529,0.019791255991814378,0.011147891510210003,0.002157843917025574,-0.019343818647238678,-0.0060041965899735265,0.026329522642496602,0.023645850528182973,0.0016120664554885042,0.016419667325914114,0.0027101049350002106,-0.02770460321231699,0.0017629024370176408,0.05484700817370814,0.004439126581751274,0.009206031621438633,-0.007869480284977541,-0.021344502683746325,-0.0164189505726124,-0.026518953996673793,-0.005419812455463406,-0.002861327721282183,-0.024193677164942945,-0.022243595232574492,0.013633265365422115,0.043940417270853876,-0.006221325662230152,0.0027239866650886056,0.016277301878473285,-0.006401186155651646,0.010574133181921241,0.006689863388452797,3.128803667338944e-5,0.004439126581751274,0.06312090383782983,0.014590087616861334,-0.006943160948642888,0.02025699658319373,-0.0032753564251557675,-0.016888988806358095,0.005930490352148959,-0.017017560856326525,0.004619280851458913,-0.006503704460592587,-0.0031502159752229376,-0.007804748649889568,0.003492577202528631,0.022247414851733392,-0.011080869190471729,0.00399795843502489,0.004274296402525147,-0.007910840659528379,-0.003927741522253704,0.009206031621438633,0.014590087616861334,0.042554815723777575,0.010571319407181085,-0.015720662659996196,0.008250167504414811,-0.009523471455296136,0.018310139431901074,-0.014755487747168755,-0.004874535613715794,-0.011515385183094414,0.017476066265810886,0.0021638761999820053,-0.007868194515908498,0.006825633048536891,-0.002408238629046461,-0.00036993227426216664,-0.0019351429527550007,-0.0012691383291703446,-0.011372255994557035,-0.007869480284977541,-0.006943160948642888,0.010571319407181085,0.03309500360046688,0.005092972147142234,0.022469395673952668,0.00822803665385289,0.017965532590742354,-0.008742353324643005,-0.0013073114794843743,-0.0001824734864174713,0.01444859386433794,-0.0027506511756111183,-0.017117921108208325,-0.017405511765926467,0.028351269229451553,-0.016326024803040188,-0.0014316979831235765,0.01970554558076906,-0.008663289097376719,-0.021344502683746325,0.02025699658319373,-0.015720662659996196,0.005092972147142234,0.05878267261268635,0.004462020868381296,0.011651756417812468,0.0076714533680972835,0.0026482667033898384,0.015192566673364091,0.02161099547660986,-0.015437734643118026,-0.028151147813987722,-0.022656447774062886,0.006121858161627953,-0.005135179472455617,-0.006547327762023819,0.003312221516452902,-0.0007851403734167608,-0.014239151923679784,-0.0164189505726124,-0.0032753564251557675,0.008250167504414811,0.022469395673952668,0.004462020868381296,0.061057412850137736,0.025521481157722813,0.020444186482500196,-0.021611936722500738,-0.007920196833730842,0.01337265733550777,0.01665638273145153,-0.01417963214501973,-0.01845492148165958,-0.01946309630766036,0.008755699454887403,-0.01696394934448922,-0.003922661080926542,0.015623316575357198,0.0027300617848758863,-0.026518953996673793,-0.016888988806358095,-0.009523471455296136,0.00822803665385289,0.011651756417812468,0.025521481157722813,0.057268184802978926,0.006175314371128863,0.0055697190175358425,0.009165628575973805,0.04087267055715341,0.002889542463302755,-0.022594977751602605,-0.003014700438072432,0.016256076888999518,-0.0035840802350516343,-0.0110891513046251,-0.0014147835131869484,2.423927902190846e-5,-0.010702364019977529,-0.005419812455463406,0.005930490352148959,0.018310139431901074,0.017965532590742354,0.0076714533680972835,0.020444186482500196,0.006175314371128863,0.04655271151655453,-0.01379256105743959,-0.011533292117422017,0.0013311414798169688,0.015910141296174147,-0.00895312308407879,0.010401052147636642,-0.010617502935481476,0.000559685830929461,0.010840520454226541,-0.008761993160686715,0.012575401173840078,0.019791255991814378,-0.002861327721282183,-0.017017560856326525,-0.014755487747168755,-0.008742353324643005,0.0026482667033898384,-0.021611936722500738,0.0055697190175358425,-0.01379256105743959,0.05618492511355143,0.016994169602997454,0.012797905047796734,-0.0171416151709917,-0.0030542971226600463,-0.002509822320892729,-0.02154452512746898,-0.0020398388757587632,0.0026803957889517216,0.003746450563264726,0.02532538792840177,0.011147891510210003,-0.024193677164942945,0.004619280851458913,-0.004874535613715794,-0.0013073114794843743,0.015192566673364091,-0.007920196833730842,0.009165628575973805,-0.011533292117422017,0.016994169602997454,0.05462130950177741,0.007145453987196621,-0.0214683534931804,-0.026526381379320917,-0.017325831330719597,-0.017944329216124738,0.02137547328949211,-0.020069756473181922,-0.0034941083585612745,0.0165523011293547,0.002157843917025574,-0.022243595232574492,-0.006503704460592587,-0.011515385183094414,-0.0001824734864174713,0.02161099547660986,0.01337265733550777,0.04087267055715341,0.0013311414798169688,0.012797905047796734,0.007145453987196621,0.056761019898066645,-0.0071574603066040295,-0.018552770078127653,0.007454907971207866,0.03177945380644148,-0.011738555072617996,-0.005440921642895133,-0.0011469307155753373,-0.018649494174398297,-0.019343818647238678,0.013633265365422115,-0.0031502159752229376,0.017476066265810886,0.01444859386433794,-0.015437734643118026,0.01665638273145153,0.002889542463302755,0.015910141296174147,-0.0171416151709917,-0.0214683534931804,-0.0071574603066040295,0.06367451609163306,0.02543240266290831,0.02135416323162232,0.020828296080368985,-0.009859741982857946,0.017019403482626653,-0.0015307318498302136,-0.03136768085150797,-0.0060041965899735265,0.043940417270853876,-0.007804748649889568,0.0021638761999820053,-0.0027506511756111183,-0.028151147813987722,-0.01417963214501973,-0.022594977751602605,-0.00895312308407879,-0.0030542971226600463,-0.026526381379320917,-0.018552770078127653,0.02543240266290831,0.07275644160046749
