0.01645424721480071,0.003080767540145885,0.002887801474834526,0.0035132022610559954,0.0008464852375437627,0.006635309802141276,-0.0026168287441329,0.016052685475716786,-0.0035144888097438493,-0.010497565311306318,-0.002760614169665743,0.002906416265737677,-0.0035746369622485577,-0.005023254185989043,0.0030159340379236317,-0.008291437419169819,-0.00261802765764355,-0.005861145465979313,-0.006782035492704239,-0.00172054316283588,0.003080767540145885,0.017577767493836525,0.0035363283713292365,-0.0068571528139757506,0.0007840138394241856,0.0025231341870194796,0.00504712916334666,-0.00011962644854411207,-0.0063245125817677945,0.004273528672104214,-0.003158449342050169,-0.011842573106975889,-0.010354073166999048,-0.004118352737119079,-0.00805296616776484,-0.012558834981339528,-0.0001989972119860045,-0.00045308083233267676,0.006532786842777287,0.0024951836298734527,0.002887801474834526,0.0035363283713292365,0.009093763271628363,0.0014799848042553031,0.0024793578135496306,-0.0018039448248052398,0.006237449235315816,0.0001642636027522793,-0.00867689529676256,-0.005757202385107358,-0.0022998857758638118,0.00108998028505224,-0.003743721132912414,-0.004740070297130069,-0.0019405778027777665,-0.008810847237724389,-0.0013788260189122703,-0.0024790116819045187,0.0043860215677570214,-0.005448720626190085,0.0035132022610559954,-0.0068571528139757506,0.0014799848042553031,0.013322381758215113,-0.006105210657788462,0.00024021014169866596,-0.0011976207376671855,0.0037916400510041364,-0.0018959480869243433,-0.004396699129621019,-0.0011416970688500414,0.00048303222342173277,0.008476985357939691,0.002257525432981383,0.0019140098155040824,0.0022634901744313075,-0.0018374564569361663,0.002477017923283789,0.0002992187159925257,-0.007576419397944222,0.0008464852375437627,0.0007840138394241856,0.0024793578135496306,-0.006105210657788462,0.013383570074176723,0.0002092620439117887,0.0027643278323780606,0.005100694831964923,-0.0035066638864704553,-0.0012786322994812241,0.006134151920214186,0.00437644783752868,-0.0007140401009785059,-0.0026660777401667137,-0.003262691244194454,-0.00733109020877366,0.0017409477864392831,-0.0023876851745911806,-0.0012634629149629443,0.0017443744653975924,0.006635309802141276,0.0025231341870194796,-0.0018039448248052398,0.00024021014169866596,0.0002092620439117887,0.01216551762100562,0.0011170896386448995,0.005612799741427685,-0.0019397440946989932,-0.0037973502134059887,-0.0021398552235052147,-0.00032760363272171176,-0.0018869965459599428,-0.0011306491269327168,0.0023468973815216334,-0.0020087407002712023,0.00041320692587535376,0.0009232315815587751,0.0005346403087086499,-0.00484518325247633,-0.0026168287441329,0.00504712916334666,0.006237449235315816,-0.0011976207376671855,0.0027643278323780606,0.0011170896386448995,0.01680903261681161,-0.00030887625052189894,-0.007752935062133853,-0.0006899235840783035,-0.006323817018576226,-0.004101858209338665,-0.0009389939854428748,-0.0005036758836307951,-0.006139373215133929,-0.002352809107947315,0.003213935469294822,-0.004192123100292893,0.006238124968001921,-0.00549395320746114,0.016052685475716786,-0.00011962644854411207,0.0001642636027522793,0.0037916400510041364,0.005100694831964923,0.005612799741427685,-0.00030887625052189894,0.031002218091177147,0.004930726943661627,-0.007020340767644104,-0.0008127926463886133,0.003214616286638671,-0.0027127950918657533,0.0007863219158248816,-0.002890956031604117,-0.0043100257586140625,0.0008671852461822206,-0.004860148386370271,-0.012815889028602343,0.00922095123969677,-0.0035144888097438493,-0.0063245125817677945,-0.00867689529676256,-0.0018959480869243433,-0.0035066638864704553,-0.0019397440946989932,-0.007752935062133853,0.004930726943661627,0.02252936717373731,0.0021675717128141194,0.0025783748854405833,0.003276119031645525,0.0010666714555492862,0.009619444471281127,0.0037751336690899787,0.01186533457711883,0.002067098476277975,0.0004599943233479949,-0.006909244787256647,0.013669661444355139,-0.010497565311306318,0.004273528672104214,-0.005757202385107358,-0.004396699129621019,-0.0012786322994812241,-0.0037973502134059887,-0.0006899235840783035,-0.007020340767644104,0.0021675717128141194,0.02062633060849587,0.005081781631923932,-0.00872086330962863,-0.0009732791188796865,0.005285335022542975,-0.013950999355865058,-0.0022973038065490503,0.0003501235540156594,0.005214229027411477,0.008020265153698036,0.010810225557095366,-0.002760614169665743,-0.003158449342050169,-0.0022998857758638118,-0.0011416970688500414,0.006134151920214186,-0.0021398552235052147,-0.006323817018576226,-0.0008127926463886133,0.0025783748854405833,0.005081781631923932,0.0115495801542598,0.0014642008421345434,0.0012824913395972457,0.0022401661602203136,-0.004142965660195707,-0.003498931983710236,-0.003196385683357579,0.0028347282119301743,0.0031550613339641764,0.00547631340805179,0.002906416265737677,-0.011842573106975889,0.00108998028505224,0.00048303222342173277,0.00437644783752868,-0.00032760363272171176,-0.004101858209338665,0.003214616286638671,0.003276119031645525,-0.00872086330962863,0.0014642008421345434,0.01961544743702446,0.0034925706236809623,-0.001608814369103314,0.007819221397251514,-0.00018593470950167476,0.0022813828412969273,-0.004336131339943058,-0.007264341481016543,-0.002935391942690587,-0.0035746369622485577,-0.010354073166999048,-0.003743721132912414,0.008476985357939691,-0.0007140401009785059,-0.0018869965459599428,-0.0009389939854428748,-0.0027127950918657533,0.0010666714555492862,-0.0009732791188796865,0.0012824913395972457,0.0034925706236809623,0.025932025740871306,0.004693111120988768,0.005925473645240336,0.006130721903412821,0.007000266454225146,-0.0016463452955518113,-0.00605896837482219,-0.012829124369976592,-0.005023254185989043,-0.004118352737119079,-0.004740070297130069,0.002257525432981383,-0.0026660777401667137,-0.0011306491269327168,-0.0005036758836307951,0.0007863219158248816,0.009619444471281127,0.005285335022542975,0.0022401661602203136,-0.001608814369103314,0.004693111120988768,0.008076474456270055,-0.0026750178460712617,0.006771375556325362,0.0015575215666861614,0.00254829163423415,0.0011369672778139815,0.004777294798154424,0.0030159340379236317,-0.00805296616776484,-0.0019405778027777665,0.0019140098155040824,-0.003262691244194454,0.0023468973815216334,-0.006139373215133929,-0.002890956031604117,0.0037751336690899787,-0.013950999355865058,-0.004142965660195707,0.007819221397251514,0.005925473645240336,-0.0026750178460712617,0.019345055518012435,0.012488363531894458,0.0018203269710843515,-0.0009259098833211906,-0.011208134249143822,-0.009334256742270695,-0.008291437419169819,-0.012558834981339528,-0.008810847237724389,0.0022634901744313075,-0.00733109020877366,-0.0020087407002712023,-0.002352809107947315,-0.0043100257586140625,0.01186533457711883,-0.0022973038065490503,-0.003498931983710236,-0.00018593470950167476,0.006130721903412821,0.006771375556325362,0.012488363531894458,0.030747881561013282,0.0026639463122343646,0.005295256360363844,-0.01044793171832143,0.0009417942281076217,-0.00261802765764355,-0.0001989972119860045,-0.0013788260189122703,-0.0018374564569361663,0.0017409477864392831,0.00041320692587535376,0.003213935469294822,0.0008671852461822206,0.002067098476277975,0.0003501235540156594,-0.003196385683357579,0.0022813828412969273,0.007000266454225146,0.0015575215666861614,0.0018203269710843515,0.0026639463122343646,0.010017552341375736,0.003635292905877203,-0.0050073017400330214,-0.003788037391189348,-0.005861145465979313,-0.00045308083233267676,-0.0024790116819045187,0.002477017923283789,-0.0023876851745911806,0.0009232315815587751,-0.004192123100292893,-0.004860148386370271,0.0004599943233479949,0.005214229027411477,0.0028347282119301743,-0.004336131339943058,-0.0016463452955518113,0.00254829163423415,-0.0009259098833211906,0.005295256360363844,0.003635292905877203,0.02138332159003446,0.004071246876109802,-0.0014582862404842302,-0.006782035492704239,0.006532786842777287,0.0043860215677570214,0.0002992187159925257,-0.0012634629149629443,0.0005346403087086499,0.006238124968001921,-0.012815889028602343,-0.006909244787256647,0.008020265153698036,0.0031550613339641764,-0.007264341481016543,-0.00605896837482219,0.0011369672778139815,-0.011208134249143822,-0.01044793171832143,-0.0050073017400330214,0.004071246876109802,0.02088850921162359,-0.002539552370715982,-0.00172054316283588,0.0024951836298734527,-0.005448720626190085,-0.007576419397944222,0.0017443744653975924,-0.00484518325247633,-0.00549395320746114,0.00922095123969677,0.013669661444355139,0.010810225557095366,0.00547631340805179,-0.002935391942690587,-0.012829124369976592,0.004777294798154424,-0.009334256742270695,0.0009417942281076217,-0.003788037391189348,-0.0014582862404842302,-0.002539552370715982,0.025266482194434843
0.015140854062031802,0.00178261253553635,-0.0010420445551438387,0.001418966971880001,0.002754630607628455,-0.0010666176064353212,0.0044262086604293475,-0.000635960713954869,0.0014292219363300411,0.0013131193171146771,0.0025876803087352147,0.004320406000096031,-0.0009656214354063585,0.005605339713576354,0.0025595064269499966,0.0005955617722570269,0.003150960853624483,-0.0010618546178588258,-0.008499439879840242,-0.008725696323261454,0.00178261253553635,0.010199343169064233,0.003253331318597638,-0.0013859635996065116,0.002775649136874906,-0.0037148111368604532,-0.0016847858682620797,0.0007108035630951812,0.0019235804715665625,-6.255951487248775e-5,-0.0007066645751375692,0.0019494190475979173,0.0005715906144701122,0.003419348304179958,0.0016949848224418196,0.002946592116382447,-0.000587444740160353,0.0014258868630231086,-1.4653410844974683e-5,0.0010412064200864017,-0.0010420445551438387,0.003253331318597638,0.024650102298457443,-0.0028530491696399413,0.000563025348839932,-0.006855390418261408,0.002348880478846901,0.0025796619287336326,-0.0017126614905429932,0.00396402662155425,0.0030719385418748538,-0.0029830838913237406,-0.0006162018204329785,-0.004065720644839162,0.0015865098025590494,0.0051872790142429796,-0.01056921623482246,-0.0022488390847375337,0.009368635649743152,-0.00030799520733986564,0.001418966971880001,-0.0013859635996065116,-0.0028530491696399413,0.011750303353817241,0.0009297644675155198,0.00105167481003035,-0.0013049657956358297,-0.003009236766341852,-0.006330546914420313,0.0022561269446835937,0.0022591672299695498,0.0014765109557280597,0.0008417662469648996,-0.001247703716443943,-0.004902706297132383,-0.002795074778977467,0.0017145221614271833,-0.0017420754826073378,-0.007447761584665362,-0.003999920241073587,0.002754630607628455,0.002775649136874906,0.000563025348839932,0.0009297644675155198,0.014218127066241495,-0.0011621864216326333,0.0027006666456920935,0.004203866283039783,0.0013896976363480505,0.0022414674505224896,-0.0029254927206101918,-0.005091952315898037,-0.001410970907235334,0.003371811635182593,-0.006610537697403163,-0.0022364162456851616,-0.009033746982458917,0.003105437369255176,-0.004918035900435163,0.0016663015088010569,-0.0010666176064353212,-0.0037148111368604532,-0.006855390418261408,0.00105167481003035,-0.0011621864216326333,0.01904952233219516,-0.002175514642047756,-0.00259552953345218,-0.0002789828112097986,-0.006962984541391572,0.0023860364125288273,0.006418304852804339,0.004207376745570044,-0.0005588506286574961,-0.0006394503803112295,0.006584531948524264,-0.0007195318884151566,5.7214134937927136e-5,-0.0061845597323484615,0.0028364256477044314,0.0044262086604293475,-0.0016847858682620797,0.002348880478846901,-0.0013049657956358297,0.0027006666456920935,-0.002175514642047756,0.012021218926915522,0.0057708162423640436,0.0018291323704697532,0.0035725794283344723,0.0021415028884527705,0.0003848743499907374,-0.005458966679666498,-0.00013361955407066556,0.00023690719469287146,-0.006941901127685882,-0.0026408848890996546,-0.007943482772109888,0.0004861501182419672,0.002992390521494006,-0.000635960713954869,0.0007108035630951812,0.0025796619287336326,-0.003009236766341852,0.004203866283039783,-0.00259552953345218,0.0057708162423640436,0.023274823204462773,0.00137259879643591,0.0024000455603550522,0.0005401759700481868,-0.004897508833443252,-7.789835161797277e-5,-0.0016414911758689365,-0.00016240833579319886,-0.004713577024824171,-0.006557960732707925,-0.0021266010451695613,0.003958650969746767,0.008305268362285876,0.0014292219363300411,0.0019235804715665625,-0.0017126614905429932,-0.006330546914420313,0.0013896976363480505,-0.0002789828112097986,0.0018291323704697532,0.00137259879643591,0.005985607550664655,-0.0007239844289876564,-0.002735118458456205,-0.0005719525390496712,-0.0018286689048511435,0.0009629905306514353,0.0018069820173957296,-0.000171102704954256,0.0014951939606719822,0.0017072439086434042,0.0008571386222408787,0.002779999444724331,0.0013131193171146771,-6.255951487248775e-5,0.00396402662155425,0.0022561269446835937,0.0022414674505224896,-0.006962984541391572,0.0035725794283344723,0.0024000455603550522,-0.0007239844289876564,0.010066093683482736,-0.006510698725574377,-0.0008397274924596377,0.0009442028922293406,-0.004087471436187399,0.0028566772579522105,-0.006850260167868721,-0.002350129842985239,0.0003797178376784745,-0.0009989910440736773,-0.0016772175501393069,0.0025876803087352147,-0.0007066645751375692,0.0030719385418748538,0.0022591672299695498,-0.0029254927206101918,0.0023860364125288273,0.0021415028884527705,0.0005401759700481868,-0.002735118458456205,-0.006510698725574377,0.013178095821306359,0.0025265854231485076,-0.0037535353393004928,-0.00013699690383888954,-0.0055486882655894874,0.004101359341225661,0.0009058823616249367,-0.006375399719507197,0.003661783695376628,-0.001032359158036355,0.004320406000096031,0.0019494190475979173,-0.0029830838913237406,0.0014765109557280597,-0.005091952315898037,0.006418304852804339,0.0003848743499907374,-0.004897508833443252,-0.0005719525390496712,-0.0008397274924596377,0.0025265854231485076,0.01266976532719018,0.004458995546007193,-0.0018523004225940577,0.005823417680553824,0.0034337106366197512,0.0025849240326350532,-0.0008911618444174421,-0.000918815497275042,-0.0035674522907739297,-0.0009656214354063585,0.0005715906144701122,-0.0006162018204329785,0.0008417662469648996,-0.001410970907235334,0.004207376745570044,-0.005458966679666498,-7.789835161797277e-5,-0.0018286689048511435,0.0009442028922293406,-0.0037535353393004928,0.004458995546007193,0.008727255154630159,-0.0017451559976642392,0.005521037082328512,0.004106348465394553,-0.0029868395863646294,0.006479883704166904,-0.0004773045429482511,-0.0028543816255165817,0.005605339713576354,0.003419348304179958,-0.004065720644839162,-0.001247703716443943,0.003371811635182593,-0.0005588506286574961,-0.00013361955407066556,-0.0016414911758689365,0.0009629905306514353,-0.004087471436187399,-0.00013699690383888954,-0.0018523004225940577,-0.0017451559976642392,0.016313809432990677,0.0028195045401573715,0.0015416337408483774,0.0016708090011485427,-0.0022396456604527708,-0.008256948452375814,-0.0014313004056915315,0.0025595064269499966,0.0016949848224418196,0.0015865098025590494,-0.004902706297132383,-0.006610537697403163,-0.0006394503803112295,0.00023690719469287146,-0.00016240833579319886,0.0018069820173957296,0.0028566772579522105,-0.0055486882655894874,0.005823417680553824,0.005521037082328512,0.0028195045401573715,0.01540122563200694,0.001332012515058468,0.0019462841464824858,0.0013096797894714934,0.0004688119387293953,-0.00261234444216256,0.0005955617722570269,0.002946592116382447,0.0051872790142429796,-0.002795074778977467,-0.0022364162456851616,0.006584531948524264,-0.006941901127685882,-0.004713577024824171,-0.000171102704954256,-0.006850260167868721,0.004101359341225661,0.0034337106366197512,0.004106348465394553,0.0015416337408483774,0.001332012515058468,0.012729533470603214,-0.001641029839864733,0.003822687380805767,0.0016170873367813037,-0.0030028092300274263,0.003150960853624483,-0.000587444740160353,-0.01056921623482246,0.0017145221614271833,-0.009033746982458917,-0.0007195318884151566,-0.0026408848890996546,-0.006557960732707925,0.0014951939606719822,-0.002350129842985239,0.0009058823616249367,0.0025849240326350532,-0.0029868395863646294,0.0016708090011485427,0.0019462841464824858,-0.001641029839864733,0.01692970692398392,-0.0022862661310736727,-0.0052216922065023855,-0.0034087423397774347,-0.0010618546178588258,0.0014258868630231086,-0.0022488390847375337,-0.0017420754826073378,0.003105437369255176,5.7214134937927136e-5,-0.007943482772109888,-0.0021266010451695613,0.0017072439086434042,0.0003797178376784745,-0.006375399719507197,-0.0008911618444174421,0.006479883704166904,-0.0022396456604527708,0.0013096797894714934,0.003822687380805767,-0.0022862661310736727,0.013126681709270777,0.0007073613699604171,-0.0035665007649550136,-0.008499439879840242,-1.4653410844974683e-5,0.009368635649743152,-0.007447761584665362,-0.004918035900435163,-0.0061845597323484615,0.0004861501182419672,0.003958650969746767,0.0008571386222408787,-0.0009989910440736773,0.003661783695376628,-0.000918815497275042,-0.0004773045429482511,-0.008256948452375814,0.0004688119387293953,0.0016170873367813037,-0.0052216922065023855,0.0007073613699604171,0.01957099480201548,0.004424610265808348,-0.008725696323261454,0.0010412064200864017,-0.00030799520733986564,-0.003999920241073587,0.0016663015088010569,0.0028364256477044314,0.002992390521494006,0.008305268362285876,0.002779999444724331,-0.0016772175501393069,-0.001032359158036355,-0.0035674522907739297,-0.0028543816255165817,-0.0014313004056915315,-0.00261234444216256,-0.0030028092300274263,-0.0034087423397774347,-0.0035665007649550136,0.004424610265808348,0.013133121652153919
0.004780881986054036,0.0005780049087465774,-0.0006948835944968919,0.0022013763655810694,0.002417155410731701,0.000941572321146607,-0.004008927481662825,0.005370677533969043,-0.004921510075101677,0.0025719121566037326,-0.00023748841090637837,-0.0017344968708266173,-0.003679878188220388,-0.00010636595165449108,-0.001445602466993927,0.005644093689167937,0.006875435077389903,0.0019254019941763799,-0.0006142886869681362,0.00070426532043478,0.0005780049087465774,0.019623040002607315,0.010185880330270534,-0.008609586470596526,0.010329539337781028,0.004446289253311399,-0.01035950235731193,0.005632080925874996,0.005979081710300647,0.008866519243928304,-0.010030241737922444,-0.013790837730025884,-0.000801234315323357,-0.02018884184057714,-0.008229995778567254,0.0011961728530118995,0.0060978461052974536,-0.008726638708955105,0.006163106171005483,-0.0058587137034896986,-0.0006948835944968919,0.010185880330270534,0.032058165961996156,-0.007806073864029799,0.004168643999896639,0.0012221596851338405,-0.008441466885911516,-0.005195567905585203,0.0031713334404512737,0.0003334622569852392,-0.017002242610181222,-0.01551505988099914,-0.009442194337191671,-0.0161473741227456,-0.004662339868494217,0.004155538022010751,-0.004168728580585551,-0.005325480978078441,0.01370948135363918,-0.002087205346982348,0.0022013763655810694,-0.008609586470596526,-0.007806073864029799,0.034058812187481025,-0.015612146253614626,-0.006008548189883247,0.0037112537822346684,-0.0099417860783364,-0.00930213444333779,-0.018490321366602006,0.0018612043744866682,0.009501218580438491,0.009109225528190025,-0.0014770719217909456,-0.009744723733165832,0.008888371456341587,0.004534762362312051,-0.003612441337697225,0.005022964771746806,-0.005138739682553297,0.002417155410731701,0.010329539337781028,0.004168643999896639,-0.015612146253614626,0.02182362875977975,0.0035415608578703065,-0.010641794687150374,0.00885418963361932,0.002770671722981503,0.010515372705403998,-0.0023183314573174294,-0.017896092731349802,-0.0145390550808219,-0.0034569832935138207,0.0019419108747390334,0.0025932666671706767,0.009474717456038263,-0.00023064957528562044,0.0011034842468402271,-0.00043232097969334244,0.000941572321146607,0.004446289253311399,0.0012221596851338405,-0.006008548189883247,0.0035415608578703065,0.017414479076512127,-0.0049262184167130916,0.00852790860159171,0.004922208325364015,0.0010386328281012493,-1.738753793488479e-5,0.004565447612265866,-0.009469499628999269,-0.004654539254045299,-0.00920020953105015,0.002419703357245929,0.0019391910625016324,0.001547223365172018,7.755094109194885e-5,-0.00477959951402997,-0.004008927481662825,-0.01035950235731193,-0.008441466885911516,0.0037112537822346684,-0.010641794687150374,-0.0049262184167130916,0.018174431423849974,-0.007696208118036861,0.002005833114068575,-0.0029381336438224787,0.006608958050111654,0.010872736386752898,0.0044200002946021616,0.006610108178328977,0.007529763740001777,-0.0006589490095929051,-0.015085006373014619,0.002877239151585713,-0.0048257005316816705,0.004015387488626574,0.005370677533969043,0.005632080925874996,-0.005195567905585203,-0.0099417860783364,0.00885418963361932,0.00852790860159171,-0.007696208118036861,0.031453965586405855,-0.01533979576869765,0.005110264889293633,8.329080677742023e-5,-0.006155951011474109,-0.0032255148015473164,0.006028031070588761,0.007185138753592573,-0.0007202467708878435,0.014424101702431339,0.007822271477414943,-0.0011086036273507886,-0.006902029809333722,-0.004921510075101677,0.005979081710300647,0.0031713334404512737,-0.00930213444333779,0.002770671722981503,0.004922208325364015,0.002005833114068575,-0.01533979576869765,0.02159954720437155,0.007730900349566932,-0.0013054692750662786,0.0024095530369746855,-0.002496462352075754,-0.011311248982580464,-0.00862473403085959,-0.0028477372458166053,-0.010436842018680625,-0.007446242998157644,-0.001871091103216903,0.0030361811369819577,0.0025719121566037326,0.008866519243928304,0.0003334622569852392,-0.018490321366602006,0.010515372705403998,0.0010386328281012493,-0.0029381336438224787,0.005110264889293633,0.007730900349566932,0.025671872670111305,-0.007051711522735631,-0.007902222005201269,-0.005136457562067655,-0.008478241637774116,0.003164956167831267,-0.0012950919281642726,0.0029799624436521867,-0.004632754836954299,-0.006890598726304783,0.0041433498588821765,-0.00023748841090637837,-0.010030241737922444,-0.017002242610181222,0.0018612043744866682,-0.0023183314573174294,-1.738753793488479e-5,0.006608958050111654,8.329080677742023e-5,-0.0013054692750662786,-0.007051711522735631,0.02644923720687582,0.015677635553052464,0.002010642551577186,0.018392838317425803,0.003941728348978408,0.0016082834062156196,-0.0032398647842252996,0.015995846501684167,-0.01584148997464912,0.014899597633768085,-0.0017344968708266173,-0.013790837730025884,-0.01551505988099914,0.009501218580438491,-0.017896092731349802,0.004565447612265866,0.010872736386752898,-0.006155951011474109,0.0024095530369746855,-0.007902222005201269,0.015677635553052464,0.02861779110033375,0.01147381472137306,0.012433505178140028,-0.002785676322377282,-0.0025245975403504054,-0.009829487233164024,0.006419964885603523,-0.00908651058102306,0.007597049347175434,-0.003679878188220388,-0.000801234315323357,-0.009442194337191671,0.009109225528190025,-0.0145390550808219,-0.009469499628999269,0.0044200002946021616,-0.0032255148015473164,-0.002496462352075754,-0.005136457562067655,0.002010642551577186,0.01147381472137306,0.033111502574755605,0.0036768935645613322,0.0031595194875484196,-0.012413053260744425,-0.003661522666245284,-0.00791285356692693,0.0065256455908384164,-9.306285052685835e-5,-0.00010636595165449108,-0.02018884184057714,-0.0161473741227456,-0.0014770719217909456,-0.0034569832935138207,-0.004654539254045299,0.006610108178328977,0.006028031070588761,-0.011311248982580464,-0.008478241637774116,0.018392838317425803,0.012433505178140028,0.0036768935645613322,0.0345610317807488,0.016844921091536718,-0.007439379610738066,-0.0015301441822345042,0.016750578835028358,-0.009783676493467557,0.008926690997722107,-0.001445602466993927,-0.008229995778567254,-0.004662339868494217,-0.009744723733165832,0.0019419108747390334,-0.00920020953105015,0.007529763740001777,0.007185138753592573,-0.00862473403085959,0.003164956167831267,0.003941728348978408,-0.002785676322377282,0.0031595194875484196,0.016844921091536718,0.021757592693252094,-0.0070902873398654,-0.004471859490176096,0.0058195866030543685,-0.0012486086164141042,0.004979059576174706,0.005644093689167937,0.0011961728530118995,0.004155538022010751,0.008888371456341587,0.0025932666671706767,0.002419703357245929,-0.0006589490095929051,-0.0007202467708878435,-0.0028477372458166053,-0.0012950919281642726,0.0016082834062156196,-0.0025245975403504054,-0.012413053260744425,-0.007439379610738066,-0.0070902873398654,0.01765259948786433,0.0032374909318035414,0.0030277956785902615,0.0007156689143969304,0.003161779986049491,0.006875435077389903,0.0060978461052974536,-0.004168728580585551,0.004534762362312051,0.009474717456038263,0.0019391910625016324,-0.015085006373014619,0.014424101702431339,-0.010436842018680625,0.0029799624436521867,-0.0032398647842252996,-0.009829487233164024,-0.003661522666245284,-0.0015301441822345042,-0.004471859490176096,0.0032374909318035414,0.022395147445191124,-5.486810945140412e-5,-0.0008245548337623193,-0.006243344552912131,0.0019254019941763799,-0.008726638708955105,-0.005325480978078441,-0.003612441337697225,-0.00023064957528562044,0.001547223365172018,0.002877239151585713,0.007822271477414943,-0.007446242998157644,-0.004632754836954299,0.015995846501684167,0.006419964885603523,-0.00791285356692693,0.016750578835028358,0.0058195866030543685,0.0030277956785902615,-5.486810945140412e-5,0.019428599196465675,-0.014681913348932749,0.009698565663736402,-0.0006142886869681362,0.006163106171005483,0.01370948135363918,0.005022964771746806,0.0011034842468402271,7.755094109194885e-5,-0.0048257005316816705,-0.0011086036273507886,-0.001871091103216903,-0.006890598726304783,-0.01584148997464912,-0.00908651058102306,0.0065256455908384164,-0.009783676493467557,-0.0012486086164141042,0.0007156689143969304,-0.0008245548337623193,-0.014681913348932749,0.028113955450726976,-0.01136100731562203,0.00070426532043478,-0.0058587137034896986,-0.002087205346982348,-0.005138739682553297,-0.00043232097969334244,-0.00477959951402997,0.004015387488626574,-0.006902029809333722,0.0030361811369819577,0.0041433498588821765,0.014899597633768085,0.007597049347175434,-9.306285052685835e-5,0.008926690997722107,0.004979059576174706,0.003161779986049491,-0.006243344552912131,0.009698565663736402,-0.01136100731562203,0.019509216331243386
