0.032043123267093174,0.018694716475117494,-0.00629784276617412,0.015438273024372156,0.02504654495110181,0.0006377405366691298,-0.009002888467210961,-0.014411757127851142,0.025800337990949985,-0.00721295064973253,0.018263997694194876,0.027740142302807497,0.00715421696372971,-0.03156471316597351,-0.01916294655434265,0.010597732648756977,-0.011848435717917258,-0.01402989174991557,-0.009559255008725608,0.02474953850824445,0.018694716475117494,0.07501868216583787,0.015357960202272586,0.03969639055847009,0.05777676290899958,-0.007240234382119534,-0.03689363120550984,-0.00012968297030676017,0.01806873923973032,0.012785800125439005,-0.015279522058217232,0.03027448140043559,0.029098675274615203,-0.07299024609149844,-0.027605398827005172,-0.028936125729128695,-0.009762519127700113,-0.0175395290689511,0.0030086500908236466,0.025102878463153042,-0.00629784276617412,0.015357960202272586,0.04434367680232675,0.005929126748812599,0.019813186011408447,-0.006906960462199577,-0.008939048456448988,0.02949304913704487,-0.013559230910103685,0.018043435797874475,-0.023768420527955372,0.002012360808647874,0.023569245020290217,0.008277814393377384,0.019792153236058443,-0.052191234787989475,0.019939911606372977,-0.009099716853273095,0.008790709075486174,-0.025181441525178195,0.015438273024372156,0.03969639055847009,0.005929126748812599,0.06526226150922977,0.048384937768427325,0.002852278476612978,-0.02931098574187248,-0.0022953748389375516,0.03792390714184729,-0.0016405256840793195,-0.013054043408157308,0.030265516784002945,0.026812151763532403,-0.07705833059495511,-0.03215414307355517,-0.028941205534376388,-0.007542585651763734,-0.011903560207231559,0.005070251940538988,0.02648958920541139,0.02504654495110181,0.05777676290899958,0.019813186011408447,0.048384937768427325,0.1040090895934052,-0.01074550418015056,-0.052996947079259234,0.014135102014370057,0.028036945591672722,0.006841427046636714,0.00022683400565462909,0.05458437452929336,0.05831604620608019,-0.08223904945377794,-0.0122942252053756,-0.048321599601199985,-0.016419110487727998,-0.026598875982558317,-0.02310031434902136,0.020167239497544683,0.0006377405366691298,-0.007240234382119534,-0.006906960462199577,0.002852278476612978,-0.01074550418015056,0.019249347180248635,0.007946401029813114,-0.01936716784085825,0.013277420552307205,-0.004796716763037013,-0.0029639194009134463,-0.0033360015429146324,-0.006098028040311195,-0.00526944041905761,-0.012288553370961545,0.017287290645952226,0.0009282358895646157,0.020823308683291377,0.022527594919480153,-0.004434585530868744,-0.009002888467210961,-0.03689363120550984,-0.008939048456448988,-0.02931098574187248,-0.052996947079259234,0.007946401029813114,0.06273874104985071,-0.01372115995967075,-0.009041632880199504,0.009152668482417057,0.011405961424691564,-0.027107405030228883,-0.018848837464941724,0.0640493742044937,0.019559481194889445,0.01788291984722313,0.024555146437584448,0.0287799886414348,0.022967474672186704,-0.01782282096870632,-0.014411757127851142,-0.00012968297030676017,0.02949304913704487,-0.0022953748389375516,0.014135102014370057,-0.01936716784085825,-0.01372115995967075,0.07809682090411156,-0.03576937250722713,0.020383035259368396,-0.016155914021633737,-0.007104484250778892,0.01981989634220506,0.027300228102298964,0.0392675699330544,-0.058323742667864165,0.013595606383917295,-0.025992320141611073,-0.026071690421955077,-0.028709021518493374,0.025800337990949985,0.01806873923973032,-0.013559230910103685,0.03792390714184729,0.028036945591672722,0.013277420552307205,-0.009041632880199504,-0.03576937250722713,0.06877696380944473,-0.016422546246333065,0.017549291216080166,0.034966078707316585,0.01357007537655026,-0.06217884845022859,-0.03979642909214666,0.011858769588212088,-0.014291475474062398,-0.000244540989160709,0.0035944567935609854,0.0378220511918915,-0.00721295064973253,0.012785800125439005,0.018043435797874475,-0.0016405256840793195,0.006841427046636714,-0.004796716763037013,0.009152668482417057,0.020383035259368396,-0.016422546246333065,0.04300768189075695,-0.009519818493352216,-0.00319943669824521,0.022783167598750154,0.01896799781045564,0.023372084258937227,-0.035782230592822165,0.020564063703597903,0.004396251754816181,0.015778116627981398,-0.020392226662037303,0.018263997694194876,-0.015279522058217232,-0.023768420527955372,-0.013054043408157308,0.00022683400565462909,-0.0029639194009134463,0.011405961424691564,-0.016155914021633737,0.017549291216080166,-0.009519818493352216,0.0701518911576925,0.01877859244955972,-0.008501581132216676,0.0004811968305410574,-0.010199635511829439,0.05102224923760558,-0.02059141638574212,-0.0016961262794467863,-0.031667457816156964,0.022675044252785104,0.027740142302807497,0.03027448140043559,0.002012360808647874,0.030265516784002945,0.05458437452929336,-0.0033360015429146324,-0.027107405030228883,-0.007104484250778892,0.034966078707316585,-0.00319943669824521,0.01877859244955972,0.05390144439405028,0.029723436043121023,-0.05379297296700597,-0.022383599252957374,-0.006556799641333903,-0.018443924842960275,-0.017888138673575082,-0.015560511778500707,0.022614533851960602,0.00715421696372971,0.029098675274615203,0.023569245020290217,0.026812151763532403,0.05831604620608019,-0.006098028040311195,-0.018848837464941724,0.01981989634220506,0.01357007537655026,0.022783167598750154,-0.008501581132216676,0.029723436043121023,0.06865578120646257,-0.03001598094777618,0.015300300048477253,-0.06292745258454237,0.00890055724301234,-0.007397024933281303,-0.0029728400303752744,-0.004561450027107374,-0.03156471316597351,-0.07299024609149844,0.008277814393377384,-0.07705833059495511,-0.08223904945377794,-0.00526944041905761,0.0640493742044937,0.027300228102298964,-0.06217884845022859,0.01896799781045564,0.0004811968305410574,-0.05379297296700597,-0.03001598094777618,0.14889772879391805,0.06695908408943545,0.010071752585947325,0.033397372802832795,0.02680830926662192,0.012233785567722564,-0.0659849262177897,-0.01916294655434265,-0.027605398827005172,0.019792153236058443,-0.03215414307355517,-0.0122942252053756,-0.012288553370961545,0.019559481194889445,0.0392675699330544,-0.03979642909214666,0.023372084258937227,-0.010199635511829439,-0.022383599252957374,0.015300300048477253,0.06695908408943545,0.07299835765752365,-0.03967310439513329,0.025210716618387464,0.0032686738784465505,-0.006643422072644976,-0.03935163021185868,0.010597732648756977,-0.028936125729128695,-0.052191234787989475,-0.028941205534376388,-0.048321599601199985,0.017287290645952226,0.01788291984722313,-0.058323742667864165,0.011858769588212088,-0.035782230592822165,0.05102224923760558,-0.006556799641333903,-0.06292745258454237,0.010071752585947325,-0.03967310439513329,0.15251316174809926,-0.03995134091002885,0.022807459366161305,0.0008452603408655715,0.02894150425220399,-0.011848435717917258,-0.009762519127700113,0.019939911606372977,-0.007542585651763734,-0.016419110487727998,0.0009282358895646157,0.024555146437584448,0.013595606383917295,-0.014291475474062398,0.020564063703597903,-0.02059141638574212,-0.018443924842960275,0.00890055724301234,0.033397372802832795,0.025210716618387464,-0.03995134091002885,0.044846052532437966,0.013372848377183453,0.02495373985537014,-0.03149293119374295,-0.01402989174991557,-0.0175395290689511,-0.009099716853273095,-0.011903560207231559,-0.026598875982558317,0.020823308683291377,0.0287799886414348,-0.025992320141611073,-0.000244540989160709,0.004396251754816181,-0.0016961262794467863,-0.017888138673575082,-0.007397024933281303,0.02680830926662192,0.0032686738784465505,0.022807459366161305,0.013372848377183453,0.06134559012724929,0.04474046683007318,-0.016337730870764424,-0.009559255008725608,0.0030086500908236466,0.008790709075486174,0.005070251940538988,-0.02310031434902136,0.022527594919480153,0.022967474672186704,-0.026071690421955077,0.0035944567935609854,0.015778116627981398,-0.031667457816156964,-0.015560511778500707,-0.0029728400303752744,0.012233785567722564,-0.006643422072644976,0.0008452603408655715,0.02495373985537014,0.04474046683007318,0.07905694456937931,-0.029072734977074896,0.02474953850824445,0.025102878463153042,-0.025181441525178195,0.02648958920541139,0.020167239497544683,-0.004434585530868744,-0.01782282096870632,-0.028709021518493374,0.0378220511918915,-0.020392226662037303,0.022675044252785104,0.022614533851960602,-0.004561450027107374,-0.0659849262177897,-0.03935163021185868,0.02894150425220399,-0.03149293119374295,-0.016337730870764424,-0.029072734977074896,0.07998823433600726
0.07804610434251083,0.015688749421809423,-0.033512395782979015,0.027888291333772696,-0.013806345940204589,0.018879010479974367,0.005450895132174241,-0.04364358637540193,0.03331237239171897,-0.04702301123357473,0.04444557868279588,0.059263933371131214,-0.01919319639650912,-0.07817399194604677,-0.050928916077430275,0.057287750253957985,-0.02162349949120182,-0.007682775879142487,-0.020827789153232964,0.09791155029827303,0.015688749421809423,0.057699579403936996,0.008304113984970133,0.03401999647016778,0.06161921796980045,-0.007769210039349688,-0.06385754196327628,-0.013907547857677876,0.010979139419014143,-0.028247467008893794,0.004483368781037009,0.03124716008922363,0.025938845685518054,-0.10835581610639894,-0.036722044576979515,-0.03387029111253747,-0.019859394920379192,-0.026609186788448987,-0.025564497989672672,0.03020542680978734,-0.033512395782979015,0.008304113984970133,0.06682255124110818,0.0014054869236940605,0.04592680741857132,-0.011350069626246207,-0.04282230557417635,0.03213662311311139,-0.028111492149498228,0.01740236680789123,-0.02674483483130533,-0.009366575877178221,0.04242011445705933,0.003218171315165461,0.01981522086053604,-0.05130297237593534,0.019326634767850764,-0.006110926892394366,0.008693953206205559,-0.04630978174225352,0.027888291333772696,0.03401999647016778,0.0014054869236940605,0.0467421752169117,0.0421579207071271,0.0013086926294464591,-0.039789530433425264,-0.015936075343790858,0.022498522426808807,-0.029602016482146644,0.007668147179035645,0.037525445512875746,0.01377479842189096,-0.09172332975621086,-0.03588916691482226,-0.021953266597834524,-0.007638814599911968,-0.014950296226024729,-0.01300648152927376,0.03587865406885943,-0.013806345940204589,0.06161921796980045,0.04592680741857132,0.0421579207071271,0.18928539363813734,-0.042430001154720426,-0.16061885436114498,0.035198751601167734,-0.005106436499015208,-0.017247850697979933,-0.008406900545586933,0.03041341470335077,0.07461793916610424,-0.14944902372731722,-0.02497652418597697,-0.15295013905713384,-0.024875209196924847,-0.07000713988724763,-0.07731189304776151,0.0003211087613891536,0.018879010479974367,-0.007769210039349688,-0.011350069626246207,0.0013086926294464591,-0.042430001154720426,0.037499959567963974,0.04230120229307541,-0.017887893538893546,0.019870060605617832,-0.005277911133619324,-0.005936863774773916,0.002212143440909634,-0.021968292502160577,0.017176274080054947,0.0007973828732545205,0.03923410575744318,0.01155065620931622,0.036872580060096555,0.031400394501456916,-0.006875131315173245,0.005450895132174241,-0.06385754196327628,-0.04282230557417635,-0.039789530433425264,-0.16061885436114498,0.04230120229307541,0.18742115692001066,-0.006816815916089701,0.006162920379063016,0.03457139048490632,-0.011902610030686937,-0.04606272097324302,-0.06283845831428708,0.18164898747441843,0.056837929503394474,0.12562486365393497,0.046622137326671545,0.08496191663301136,0.0796884543216696,-0.029275981020022015,-0.04364358637540193,-0.013907547857677876,0.03213662311311139,-0.015936075343790858,0.035198751601167734,-0.017887893538893546,-0.006816815916089701,0.09891201506328497,-0.03278542536475396,0.034261903982220517,-0.04600987686730436,-0.02786149473746459,0.04754883449715229,0.0863771484310599,0.06862829386423933,-0.07012511333306942,0.03355704130664819,0.017378199957060185,-0.021165478392636595,-0.0847811624215199,0.03331237239171897,0.010979139419014143,-0.028111492149498228,0.022498522426808807,-0.005106436499015208,0.019870060605617832,0.006162920379063016,-0.03278542536475396,0.05447035432883733,-0.025762367126932313,0.013813483670419178,0.029448450589239276,-0.016738526494143598,-0.04422530658069225,-0.03158156285468822,0.01798048491358547,-0.01639970796422222,0.010511185167005044,-0.004480254270229584,0.0426308709125649,-0.04702301123357473,-0.028247467008893794,0.01740236680789123,-0.029602016482146644,-0.017247850697979933,-0.005277911133619324,0.03457139048490632,0.034261903982220517,-0.025762367126932313,0.06193880416881191,-0.027824934935502674,-0.05399622976798257,0.004343868302037635,0.10343974409923473,0.06337741814028758,-0.017871644309328843,0.028674764154476843,0.022484368569661572,0.03094094761672912,-0.0729449698135395,0.04444557868279588,0.004483368781037009,-0.02674483483130533,0.007668147179035645,-0.008406900545586933,-0.005936863774773916,-0.011902610030686937,-0.04600987686730436,0.013813483670419178,-0.027824934935502674,0.07556428528682603,0.033167587096381096,-0.030881403517197606,-0.08070619780369029,-0.05452314816779662,0.04973583832289835,-0.04056747194371113,-0.040396907390270645,-0.03048770999523369,0.09818740419903041,0.059263933371131214,0.03124716008922363,-0.009366575877178221,0.037525445512875746,0.03041341470335077,0.002212143440909634,-0.04606272097324302,-0.02786149473746459,0.029448450589239276,-0.05399622976798257,0.033167587096381096,0.082002341883816,0.00926080052501288,-0.11205767279472205,-0.055307127362793695,0.01628248528101742,-0.02585339704200611,-0.021801561530121374,-0.03988204903798824,0.09055034888781723,-0.01919319639650912,0.025938845685518054,0.04242011445705933,0.01377479842189096,0.07461793916610424,-0.021968292502160577,-0.06283845831428708,0.04754883449715229,-0.016738526494143598,0.004343868302037635,-0.030881403517197606,0.00926080052501288,0.08576482966349658,-0.02270008447418083,0.018455225475291596,-0.07736181819992408,0.002667413349816291,-0.016194102436090256,-0.04068037643546272,-0.027847722213645856,-0.07817399194604677,-0.10835581610639894,0.003218171315165461,-0.09172332975621086,-0.14944902372731722,0.017176274080054947,0.18164898747441843,0.0863771484310599,-0.04422530658069225,0.10343974409923473,-0.08070619780369029,-0.11205767279472205,-0.02270008447418083,0.35836200857280587,0.15340502723695562,0.056188256840013925,0.0796248671247601,0.12145682171420125,0.0834183055767685,-0.16911746549352724,-0.050928916077430275,-0.036722044576979515,0.01981522086053604,-0.03588916691482226,-0.02497652418597697,0.0007973828732545205,0.056837929503394474,0.06862829386423933,-0.03158156285468822,0.06337741814028758,-0.05452314816779662,-0.055307127362793695,0.018455225475291596,0.15340502723695562,0.1084885612513057,-0.022737764964677352,0.05492389221833084,0.051796519302542546,0.032135973465041615,-0.11143363598078973,0.057287750253957985,-0.03387029111253747,-0.05130297237593534,-0.021953266597834524,-0.15295013905713384,0.03923410575744318,0.12562486365393497,-0.07012511333306942,0.01798048491358547,-0.017871644309328843,0.04973583832289835,0.01628248528101742,-0.07736181819992408,0.056188256840013925,-0.022737764964677352,0.19024590181179,-0.007366064880129478,0.044542450542646085,0.05084947426730816,0.08323572515262698,-0.02162349949120182,-0.019859394920379192,0.019326634767850764,-0.007638814599911968,-0.024875209196924847,0.01155065620931622,0.046622137326671545,0.03355704130664819,-0.01639970796422222,0.028674764154476843,-0.04056747194371113,-0.02585339704200611,0.002667413349816291,0.0796248671247601,0.05492389221833084,-0.007366064880129478,0.06336474099710623,0.038582924408492876,0.04726774694721105,-0.06966307648275989,-0.007682775879142487,-0.026609186788448987,-0.006110926892394366,-0.014950296226024729,-0.07000713988724763,0.036872580060096555,0.08496191663301136,0.017378199957060185,0.010511185167005044,0.022484368569661572,-0.040396907390270645,-0.021801561530121374,-0.016194102436090256,0.12145682171420125,0.051796519302542546,0.044542450542646085,0.038582924408492876,0.08897637064509706,0.052813882386584785,-0.059053315305477846,-0.020827789153232964,-0.025564497989672672,0.008693953206205559,-0.01300648152927376,-0.07731189304776151,0.031400394501456916,0.0796884543216696,-0.021165478392636595,-0.004480254270229584,0.03094094761672912,-0.03048770999523369,-0.03988204903798824,-0.04068037643546272,0.0834183055767685,0.032135973465041615,0.05084947426730816,0.04726774694721105,0.052813882386584785,0.10941210279232035,-0.059288961783541046,0.09791155029827303,0.03020542680978734,-0.04630978174225352,0.03587865406885943,0.0003211087613891536,-0.006875131315173245,-0.029275981020022015,-0.0847811624215199,0.0426308709125649,-0.0729449698135395,0.09818740419903041,0.09055034888781723,-0.027847722213645856,-0.16911746549352724,-0.11143363598078973,0.08323572515262698,-0.06966307648275989,-0.059053315305477846,-0.059288961783541046,0.21301743041258564
0.02954679023160477,0.004081978005127564,-0.006493303163512598,0.0020065600954033845,-0.003777816593477406,-0.007699431063085224,0.001209214238159581,-0.008635591752763096,0.00028536881780724736,-0.001443818554677094,0.002807060261103454,-0.0071378208180729215,-0.0014727176556907826,-0.0031482039395977404,0.004505892547118201,-5.116164180130197e-5,0.007219057851934775,-0.0010408177697646187,-0.002169772029853531,0.010490295280073097,0.004081978005127564,0.038061306815498394,-0.009825825532335644,0.0004642250318948769,0.002934287843999117,-0.004688890943186285,-0.0002961196112587117,0.0031191344193666377,-0.0164345944980525,-0.0029052993569694914,-0.001494638868139114,0.004802784478887894,-0.003915922785871083,-0.011998122663672894,0.0067712240388580714,-0.007368459770075086,0.0067796613245743615,0.00419521073692845,0.005981563497315812,0.012108630287430111,-0.006493303163512598,-0.009825825532335644,0.029754636458822897,-0.0018467096536015975,-0.003193839294322654,-0.013570247991865852,7.366971838259652e-5,-0.012301128031253394,0.025024918316013476,0.003809508305979845,0.0032353309536734725,0.0010107036750816231,0.0012173417583451556,0.002696332973281256,-0.0018610609596129515,0.008337878469281936,6.2792730137815975e-6,-0.006146223934815637,-0.002603737716310999,-0.005634650582892805,0.0020065600954033845,0.0004642250318948769,-0.0018467096536015975,0.03885596884745388,0.011160426540111545,-0.00865777817688311,0.001606136719943509,0.008578977181994529,-0.002011005438792359,0.007311455992946806,-0.010759640401060547,0.004447615284644435,0.002609408054173455,-0.004871118745299274,-0.00980270833136265,-0.006629968002029044,0.004281243865349482,-0.006890896055129497,-0.0032121516244164156,-0.012578289022719537,-0.003777816593477406,0.002934287843999117,-0.003193839294322654,0.011160426540111545,0.027432847109037546,0.010555873174300356,-0.00038670574311367107,0.019312712190109008,-0.01704311184057751,-0.002237133723052779,-0.0043197538243662775,0.004890074377987214,-0.0020936576578249625,-0.009604946988809624,-0.002737584106274971,-0.012798070638897934,0.006278034761134295,-0.002278213322757938,0.0034157898648555624,-0.013857079181208046,-0.007699431063085224,-0.004688890943186285,-0.013570247991865852,-0.00865777817688311,0.010555873174300356,0.06548283969342741,-0.004937129696697909,0.026029234178076933,-0.022146334363564016,-0.009627360449178342,-0.0002697952948763399,-0.0017415662340809043,0.0013148658338513702,0.012903690818737207,-0.011480058746281545,0.0034132007803752886,0.0019485301942106345,0.004396091782941317,-0.0013598616365666184,-0.017642345245307334,0.001209214238159581,-0.0002961196112587117,7.366971838259652e-5,0.001606136719943509,-0.00038670574311367107,-0.004937129696697909,0.02100706490721318,-0.0037659711135024252,-0.004412827049909595,-0.0019364231757511537,-0.0005409501804712967,0.0024107583240283994,-0.002971954185214288,-0.0016465367116858915,-0.004433277327187353,0.0016255554606213096,0.003232485041912865,-0.0016870057678507041,0.0037941408340172273,-0.006254166905663133,-0.008635591752763096,0.0031191344193666377,-0.012301128031253394,0.008578977181994529,0.019312712190109008,0.026029234178076933,-0.0037659711135024252,0.0526870042548233,-0.019302065528918444,-0.0013996148957671037,-0.010856104481326491,0.003966630441780286,-0.0007971416877743309,0.005533306756351704,-0.014257318171610495,-0.0005300201938988218,0.007069188876072215,-0.001751039463896902,0.00038858858095040306,-0.015741100767884732,0.00028536881780724736,-0.0164345944980525,0.025024918316013476,-0.002011005438792359,-0.01704311184057751,-0.022146334363564016,-0.004412827049909595,-0.019302065528918444,0.09323599709601926,0.014961582519703864,0.00045082473394022636,-0.017422547608598238,0.0107137855703369,0.028825964015186938,-0.0054731611319084805,-0.0046418660972384375,-0.010046218645001666,-0.013626082335210333,-0.02322200744207137,0.0070670864175912135,-0.001443818554677094,-0.0029052993569694914,0.003809508305979845,0.007311455992946806,-0.002237133723052779,-0.009627360449178342,-0.0019364231757511537,-0.0013996148957671037,0.014961582519703864,0.02856778736511317,-0.006792623231604443,-0.008508575166996112,0.005408459774826452,0.003914318804803336,-0.0016861419052455863,-0.00022011962262527443,-0.00068690427959244,-0.005002571899769103,-0.0011515564581935614,0.0042214753081125074,0.002807060261103454,-0.001494638868139114,0.0032353309536734725,-0.010759640401060547,-0.0043197538243662775,-0.0002697952948763399,-0.0005409501804712967,-0.010856104481326491,0.00045082473394022636,-0.006792623231604443,0.021601578854168114,0.0007200585569034824,-0.005554780879657646,-0.0022027379381424576,0.010628067492321265,0.000281790646216341,-0.0038133074654297773,-0.0018114024796241231,0.0002790013892537303,0.007825483707599902,-0.0071378208180729215,0.004802784478887894,0.0010107036750816231,0.004447615284644435,0.004890074377987214,-0.0017415662340809043,0.0024107583240283994,0.003966630441780286,-0.017422547608598238,-0.008508575166996112,0.0007200585569034824,0.029884161837902278,-0.0005596975248447675,-0.014959418834652865,-0.00624643476313417,0.0005304342679303508,-0.002631560456184616,0.00469514990244937,0.004007677062972153,-0.009937101400549472,-0.0014727176556907826,-0.003915922785871083,0.0012173417583451556,0.002609408054173455,-0.0020936576578249625,0.0013148658338513702,-0.002971954185214288,-0.0007971416877743309,0.0107137855703369,0.005408459774826452,-0.005554780879657646,-0.0005596975248447675,0.022182354342431914,0.00951984964930339,0.00014638282088731079,-0.0036992545661451116,-0.004158611797028465,-0.0043476158323775965,-0.008983836504702044,-0.0010163135586354474,-0.0031482039395977404,-0.011998122663672894,0.002696332973281256,-0.004871118745299274,-0.009604946988809624,0.012903690818737207,-0.0016465367116858915,0.005533306756351704,0.028825964015186938,0.003914318804803336,-0.0022027379381424576,-0.014959418834652865,0.00951984964930339,0.05155270318050055,-0.002528925020298347,0.005734308952741233,-0.011904763584359306,-0.015404564771153097,-0.02647219419839525,0.007506992285847237,0.004505892547118201,0.0067712240388580714,-0.0018610609596129515,-0.00980270833136265,-0.002737584106274971,-0.011480058746281545,-0.004433277327187353,-0.014257318171610495,-0.0054731611319084805,-0.0016861419052455863,0.010628067492321265,-0.00624643476313417,0.00014638282088731079,-0.002528925020298347,0.034840676818944476,-0.0017106377481553845,0.0005466203669847308,-5.8910291557539305e-6,-0.000716859356767158,0.020126178198815216,-5.116164180130197e-5,-0.007368459770075086,0.008337878469281936,-0.006629968002029044,-0.012798070638897934,0.0034132007803752886,0.0016255554606213096,-0.0005300201938988218,-0.0046418660972384375,-0.00022011962262527443,0.000281790646216341,0.0005304342679303508,-0.0036992545661451116,0.005734308952741233,-0.0017106377481553845,0.033804998619942996,-0.009425101940894156,0.007234563033780829,-0.006746013084596052,-0.0017923764484217013,0.007219057851934775,0.0067796613245743615,6.2792730137815975e-6,0.004281243865349482,0.006278034761134295,0.0019485301942106345,0.003232485041912865,0.007069188876072215,-0.010046218645001666,-0.00068690427959244,-0.0038133074654297773,-0.002631560456184616,-0.004158611797028465,-0.011904763584359306,0.0005466203669847308,-0.009425101940894156,0.027333047593251517,-0.00572020332185739,0.007365490307191031,-0.008615628017337746,-0.0010408177697646187,0.00419521073692845,-0.006146223934815637,-0.006890896055129497,-0.002278213322757938,0.004396091782941317,-0.0016870057678507041,-0.001751039463896902,-0.013626082335210333,-0.005002571899769103,-0.0018114024796241231,0.00469514990244937,-0.0043476158323775965,-0.015404564771153097,-5.8910291557539305e-6,0.007234563033780829,-0.00572020332185739,0.03955367083697513,0.015759382778853838,-0.005631144088615863,-0.002169772029853531,0.005981563497315812,-0.002603737716310999,-0.0032121516244164156,0.0034157898648555624,-0.0013598616365666184,0.0037941408340172273,0.00038858858095040306,-0.02322200744207137,-0.0011515564581935614,0.0002790013892537303,0.004007677062972153,-0.008983836504702044,-0.02647219419839525,-0.000716859356767158,-0.006746013084596052,0.007365490307191031,0.015759382778853838,0.047155246497115916,-0.005907659274596751,0.010490295280073097,0.012108630287430111,-0.005634650582892805,-0.012578289022719537,-0.013857079181208046,-0.017642345245307334,-0.006254166905663133,-0.015741100767884732,0.0070670864175912135,0.0042214753081125074,0.007825483707599902,-0.009937101400549472,-0.0010163135586354474,0.007506992285847237,0.020126178198815216,-0.0017923764484217013,-0.008615628017337746,-0.005631144088615863,-0.005907659274596751,0.04768982654584465
