0.014562600516269966,-0.004202659566944466,0.006363867641219854,0.0007077649860776533,0.0033855039834822433,-0.0010684688152868414,-0.003497453129601796,0.0014794639969359143,-0.0025398833564245957,-0.0042467016746080164,-0.0006750320781808038,-0.0013320811115121879,5.662903867869114e-5,0.0024099785305824887,0.00040412991172110305,0.000720915806005979,-0.000404999491751392,-0.0025187437451519457,0.0031536245256035076,-0.004531367845975435,-0.004202659566944466,0.018246385952467956,-0.0016152927666248107,0.005505981527542008,-0.004258539146951837,0.00034548806759164574,0.004763109648263284,-0.002151125449021753,-0.0012756510257246477,0.0009756125911645567,8.3546604126657e-5,0.0004704175980821309,0.004785978274157108,0.00034840123883824885,0.005522829468465962,0.002108617007678229,0.0006841328249024779,-0.0020997468491756282,0.0017254457380395925,-3.05981526520396e-5,0.006363867641219854,-0.0016152927666248107,0.023155063540803378,-0.004172902857952203,0.0016423830756960305,-0.0006579934812061626,-0.0006566752455231656,-0.002645379367098852,0.001469680285930889,-0.0005405917432452077,0.0014591539820797451,0.004906305365086543,-0.003388963119079622,0.005113735711879642,0.0008440432638991744,-0.0011767609103923472,-0.0027913906312056506,0.0025417106473289426,0.001061236669738542,-0.007519432542337881,0.0007077649860776533,0.005505981527542008,-0.004172902857952203,0.018311106826851668,-0.0022935187058913285,-0.0021784229773991787,0.0056299695116664,-2.8456650989096844e-5,-0.0004284840639457746,0.004117151707680471,0.0020822971697531433,2.6252408734629088e-5,0.0011998058554980287,-0.004273768513877239,0.0021991018451396793,-0.0003506945490174865,-0.0051484494932081,-0.00437090679596651,-0.003480060423763828,0.004557379546810762,0.0033855039834822433,-0.004258539146951837,0.0016423830756960305,-0.0022935187058913285,0.015470391893387735,0.00044515221102069157,-0.0021417573771264197,0.0007618087718364499,0.0006190352534359194,-0.0026180025409120447,-0.0006840857581256448,-0.002479563369406624,-0.000850996991438003,0.0003387713478127816,0.00034056882473481963,0.0004251942756239663,0.0006106797305607608,-0.0017298224164460753,0.0026813110745972,-0.00249132012822703,-0.0010684688152868414,0.00034548806759164574,-0.0006579934812061626,-0.0021784229773991787,0.00044515221102069157,0.011148994331835284,-0.005032153680257176,-0.0002631292719899619,0.0008712002507820856,0.0007670497252255468,-0.0009206529816330244,-0.0010907432729335728,-0.003005618280860673,0.0013420184959178016,-0.0004617692266108745,-0.0005306610768917636,0.0021616841696311924,0.003609631317634159,-0.00032699080580746284,0.0001389313938634722,-0.003497453129601796,0.004763109648263284,-0.0006566752455231656,0.0056299695116664,-0.0021417573771264197,-0.005032153680257176,0.011677592991778153,-2.865384761585671e-5,0.000788517377342486,0.00083514980050875,0.0005482564312291581,-0.004455767081382841,0.000798085543883776,-0.002482711793484817,0.003542472204648046,0.0007218118954065975,-0.0016321347712759471,-0.0027070021173759874,-0.0032494019371865383,-0.0014474274974626325,0.0014794639969359143,-0.002151125449021753,-0.002645379367098852,-2.8456650989096844e-5,0.0007618087718364499,-0.0002631292719899619,-2.865384761585671e-5,0.01945848422562375,0.001440311534290834,0.0025462361184164237,-0.00356511198485951,-0.006132971513159141,0.002360412985822964,-0.0021123910763448488,-0.0012235272510797142,0.0008936289706079062,-0.00522521619387077,-0.006348538685483858,0.007201449331358837,0.006695082786332185,-0.0025398833564245957,-0.0012756510257246477,0.001469680285930889,-0.0004284840639457746,0.0006190352534359194,0.0008712002507820856,0.000788517377342486,0.001440311534290834,0.01639225092816088,0.004285643707847994,-0.0004979898619319784,0.002250022787916607,0.004841850708631969,0.00034251140971988843,0.000757011307797759,-0.0008261018951188412,-0.0038233892594163035,0.0017065146165876639,-0.00038325969493284526,-0.0009748153602098149,-0.0042467016746080164,0.0009756125911645567,-0.0005405917432452077,0.004117151707680471,-0.0026180025409120447,0.0007670497252255468,0.00083514980050875,0.0025462361184164237,0.004285643707847994,0.01994766960125471,0.0029132491833235028,-0.003851343188360525,0.0003723941663293277,-0.007138013274174489,-0.000535626876396556,0.0006955476399311434,-0.0016435452439823685,-0.003544766683853619,0.001834147103336296,-0.001880269811243764,-0.0006750320781808038,8.3546604126657e-5,0.0014591539820797451,0.0020822971697531433,-0.0006840857581256448,-0.0009206529816330244,0.0005482564312291581,-0.00356511198485951,-0.0004979898619319784,0.0029132491833235028,0.012896647220741143,0.003583149267419798,-0.0012442750675677114,0.0024615756943020244,0.004944688007083442,0.0006082578589449601,0.001433309428637669,-0.0012323403960271698,-0.0022318267610751913,-0.0024785753415707554,-0.0013320811115121879,0.0004704175980821309,0.004906305365086543,2.6252408734629088e-5,-0.002479563369406624,-0.0010907432729335728,-0.004455767081382841,-0.006132971513159141,0.002250022787916607,-0.003851343188360525,0.003583149267419798,0.023563830126792345,-0.003048653890224559,0.0021071862530628394,-0.002370597799242937,0.0014553467336621021,0.0036728451989962102,0.005693917612990301,-0.006605310539262707,-0.002851858713467926,5.662903867869114e-5,0.004785978274157108,-0.003388963119079622,0.0011998058554980287,-0.000850996991438003,-0.003005618280860673,0.000798085543883776,0.002360412985822964,0.004841850708631969,0.0003723941663293277,-0.0012442750675677114,-0.003048653890224559,0.01869392326358023,0.007065735238616651,0.003047634347496087,-0.0024510712294782125,-0.0036642606795105706,0.0036292088711802435,-0.001999441504864661,-0.0010965350129685828,0.0024099785305824887,0.00034840123883824885,0.005113735711879642,-0.004273768513877239,0.0003387713478127816,0.0013420184959178016,-0.002482711793484817,-0.0021123910763448488,0.00034251140971988843,-0.007138013274174489,0.0024615756943020244,0.0021071862530628394,0.007065735238616651,0.01341924089792272,-0.002007946367700079,-0.001135175895792713,0.0013712809831841037,0.0081219177002322,-0.0007893390209470319,-0.003158026771618205,0.00040412991172110305,0.005522829468465962,0.0008440432638991744,0.0021991018451396793,0.00034056882473481963,-0.0004617692266108745,0.003542472204648046,-0.0012235272510797142,0.000757011307797759,-0.000535626876396556,0.004944688007083442,-0.002370597799242937,0.003047634347496087,-0.002007946367700079,0.015198870004288424,-0.0013273768798699869,-0.00269234229916714,-0.0050286945065066875,-0.002117995699495216,-0.0013002005298795335,0.000720915806005979,0.002108617007678229,-0.0011767609103923472,-0.0003506945490174865,0.0004251942756239663,-0.0005306610768917636,0.0007218118954065975,0.0008936289706079062,-0.0008261018951188412,0.0006955476399311434,0.0006082578589449601,0.0014553467336621021,-0.0024510712294782125,-0.001135175895792713,-0.0013273768798699869,0.013276272338015838,-0.0014809327043571537,-0.0029474476929574086,-2.040521635879958e-5,-0.0006666079493203179,-0.000404999491751392,0.0006841328249024779,-0.0027913906312056506,-0.0051484494932081,0.0006106797305607608,0.0021616841696311924,-0.0016321347712759471,-0.00522521619387077,-0.0038233892594163035,-0.0016435452439823685,0.001433309428637669,0.0036728451989962102,-0.0036642606795105706,0.0013712809831841037,-0.00269234229916714,-0.0014809327043571537,0.017741489667699804,0.004427366852806131,-0.006301991137500247,-0.0013127706030773541,-0.0025187437451519457,-0.0020997468491756282,0.0025417106473289426,-0.00437090679596651,-0.0017298224164460753,0.003609631317634159,-0.0027070021173759874,-0.006348538685483858,0.0017065146165876639,-0.003544766683853619,-0.0012323403960271698,0.005693917612990301,0.0036292088711802435,0.0081219177002322,-0.0050286945065066875,-0.0029474476929574086,0.004427366852806131,0.02745700933682673,-0.003731436971991246,0.0018956899624727407,0.0031536245256035076,0.0017254457380395925,0.001061236669738542,-0.003480060423763828,0.0026813110745972,-0.00032699080580746284,-0.0032494019371865383,0.007201449331358837,-0.00038325969493284526,0.001834147103336296,-0.0022318267610751913,-0.006605310539262707,-0.001999441504864661,-0.0007893390209470319,-0.002117995699495216,-2.040521635879958e-5,-0.006301991137500247,-0.003731436971991246,0.019115247615391774,0.0013070738252258683,-0.004531367845975435,-3.05981526520396e-5,-0.007519432542337881,0.004557379546810762,-0.00249132012822703,0.0001389313938634722,-0.0014474274974626325,0.006695082786332185,-0.0009748153602098149,-0.001880269811243764,-0.0024785753415707554,-0.002851858713467926,-0.0010965350129685828,-0.003158026771618205,-0.0013002005298795335,-0.0006666079493203179,-0.0013127706030773541,0.0018956899624727407,0.0013070738252258683,0.025648358328742113
