0.042503768225091325,0.007736803020233974,-0.013583801586486446,-0.011464341493708029,-0.004304834881999144,-0.005027661122220112,0.002819222847870922,-0.013228082428559967,0.0027724410313454424,-0.012547161368177063,0.0016392780678747092,-0.014209761656784068,-0.005962749550745096,-0.011871818584117403,0.006225108398862528,0.007062880411386135,0.013498836123453633,0.004303684234518448,-0.012294658887906526,0.010557728228161225,0.007736803020233974,0.05576385046063556,-0.011880100544377695,0.008417782924062176,0.0006971745251501396,-0.009222102948669776,0.001164796247899797,0.0015702705508605793,-0.033881381782163045,-0.01008622990191192,-0.010150426336982977,0.010222566994081169,-0.006359932280669821,-0.014095871704986612,0.002380196641129877,-0.006138440202627342,0.012129272652303843,0.0064776178945578095,0.013339540559755366,0.013695227823849253,-0.013583801586486446,-0.011880100544377695,0.0556896636669223,-0.002930011130406742,-0.008202023873187594,-0.03105406959199275,0.0029344240651461755,-0.019502648713498737,0.047317538740209365,0.015322400822558733,0.0038787251083254046,-0.001928314471281976,0.005072936107366218,0.002156886496773208,-0.0011767640274887646,0.009451532317035289,0.003529094477080374,-0.00797459424202815,0.017234441984511663,-0.005138202111748713,-0.011464341493708029,0.008417782924062176,-0.002930011130406742,0.07155618839879686,0.03417024273468165,0.00013355058321040908,0.0012385247057105542,0.021178383046166795,0.0013564303386357154,0.01845417330809844,-0.02001820477665572,0.013770198978038297,0.010713546455002988,9.197809823247873e-5,-0.010339753880792174,-0.03884632832558686,0.011197959181738503,-0.042179738595074276,-0.013952046977763265,-0.022237490343278328,-0.004304834881999144,0.0006971745251501396,-0.008202023873187594,0.03417024273468165,0.055357172615662045,0.023215534930772677,-0.002639552672378982,0.024474633807886018,-0.0025718665793996644,0.004216869948800316,-0.01485757134528467,-0.0008891414047588985,0.008376532741323951,-0.007877348609723077,0.0034330152742425833,-0.04859699865147456,0.022791577263819317,-0.03847717180853908,-0.012394068776060252,-0.027234551086305233,-0.005027661122220112,-0.009222102948669776,-0.03105406959199275,0.00013355058321040908,0.023215534930772677,0.09073122041244211,-0.010678238011076046,0.04421250438815894,-0.04103318483283063,-0.010811825923562975,-0.007592678138361314,0.0005823214049583668,0.004100623719872867,0.01672813963422948,-0.019905872068205606,-0.00857321095507138,0.0013667505874891935,0.0025458109793220834,0.0016258571955570847,-0.023746451531347305,0.002819222847870922,0.001164796247899797,0.0029344240651461755,0.0012385247057105542,-0.002639552672378982,-0.010678238011076046,0.025565396650170335,-0.0026892663722180256,-0.002093486569280988,0.0021483343314169516,0.0023612414228614065,0.0024164679530097877,-0.0013278455300229051,0.0024970789008974103,0.004054488475606567,0.008908068691406227,0.0018985118498400626,-0.006516857389336647,-0.0050500738778299515,0.003063626530536196,-0.013228082428559967,0.0015702705508605793,-0.019502648713498737,0.021178383046166795,0.024474633807886018,0.04421250438815894,-0.0026892663722180256,0.0629943182828417,-0.036011070069525516,-0.003698306853185665,-0.015543418845762163,0.0037239590240208927,0.004527998594681859,0.02186812235220698,-0.018214227595334746,-0.008585161876646045,0.009454472449028379,-0.012897153673050905,0.0027512868483858073,-0.02646286451110222,0.0027724410313454424,-0.033881381782163045,0.047317538740209365,0.0013564303386357154,-0.0025718665793996644,-0.04103318483283063,-0.002093486569280988,-0.036011070069525516,0.14880463444501804,0.0280207716379703,-0.0043196657418250765,-0.03588582655296325,0.009451797312463855,0.01656971868534716,0.007610821136080642,-0.02562142702645573,0.00448825619224175,-0.03329557625749971,-0.018347235221844393,0.0044986468006039376,-0.012547161368177063,-0.01008622990191192,0.015322400822558733,0.01845417330809844,0.004216869948800316,-0.010811825923562975,0.0021483343314169516,-0.003698306853185665,0.0280207716379703,0.04280472220085163,-0.006282431329362532,1.2955939982396214e-5,0.005898720749838724,0.005139545670688542,-0.0058963238370651466,-0.01470348523224898,-0.0021639005759671796,-0.01895091567267878,0.0037064347896960843,0.004126457067230959,0.0016392780678747092,-0.010150426336982977,0.0038787251083254046,-0.02001820477665572,-0.01485757134528467,-0.007592678138361314,0.0023612414228614065,-0.015543418845762163,-0.0043196657418250765,-0.006282431329362532,0.026005926563709546,0.0010317177949836715,-0.007334442857908355,-0.002145107048674142,0.011044556363778001,0.01409443485596993,-0.011975601626137837,0.009246309086902795,0.00185996975129314,0.011300470664000712,-0.014209761656784068,0.010222566994081169,-0.001928314471281976,0.013770198978038297,-0.0008891414047588985,0.0005823214049583668,0.0024164679530097877,0.0037239590240208927,-0.03588582655296325,1.2955939982396214e-5,0.0010317177949836715,0.039182265456398184,0.003254457986979517,-0.01181409682548626,-0.008540186128713389,0.005258542996947344,-0.013413116161542952,0.005202948345925553,0.003576894409540857,-0.0002756870079907116,-0.005962749550745096,-0.006359932280669821,0.005072936107366218,0.010713546455002988,0.008376532741323951,0.004100623719872867,-0.0013278455300229051,0.004527998594681859,0.009451797312463855,0.005898720749838724,-0.007334442857908355,0.003254457986979517,0.023313278944066117,0.00897588770801357,-0.006267697338149341,-0.011792036225784407,0.001858414702605486,-0.016242429901576733,-0.010899439517273506,-0.01297063786664836,-0.011871818584117403,-0.014095871704986612,0.002156886496773208,9.197809823247873e-5,-0.007877348609723077,0.01672813963422948,0.0024970789008974103,0.02186812235220698,0.01656971868534716,0.005139545670688542,-0.002145107048674142,-0.01181409682548626,0.00897588770801357,0.06622843657977855,-0.007264793960140032,0.003400517733991583,-0.013506094477516172,-0.015678317125000864,-0.014005736928918624,-0.003399170608973932,0.006225108398862528,0.002380196641129877,-0.0011767640274887646,-0.010339753880792174,0.0034330152742425833,-0.019905872068205606,0.004054488475606567,-0.018214227595334746,0.007610821136080642,-0.0058963238370651466,0.011044556363778001,-0.008540186128713389,-0.006267697338149341,-0.007264793960140032,0.03832540720787848,-0.0049768291192232375,0.0034104070549183223,-0.007536948616269129,-0.010866233910934702,0.019336262932578875,0.007062880411386135,-0.006138440202627342,0.009451532317035289,-0.03884632832558686,-0.04859699865147456,-0.00857321095507138,0.008908068691406227,-0.008585161876646045,-0.02562142702645573,-0.01470348523224898,0.01409443485596993,0.005258542996947344,-0.011792036225784407,0.003400517733991583,-0.0049768291192232375,0.08076930860332249,-0.023822426115406154,0.04690571628874206,0.0015910495550711297,0.013441976438209812,0.013498836123453633,0.012129272652303843,0.003529094477080374,0.011197959181738503,0.022791577263819317,0.0013667505874891935,0.0018985118498400626,0.009454472449028379,0.00448825619224175,-0.0021639005759671796,-0.011975601626137837,-0.013413116161542952,0.001858414702605486,-0.013506094477516172,0.0034104070549183223,-0.023822426115406154,0.040683357495027786,-0.02019667632868031,0.005597295223338405,-0.01804328966024419,0.004303684234518448,0.0064776178945578095,-0.00797459424202815,-0.042179738595074276,-0.03847717180853908,0.0025458109793220834,-0.006516857389336647,-0.012897153673050905,-0.03329557625749971,-0.01895091567267878,0.009246309086902795,0.005202948345925553,-0.016242429901576733,-0.015678317125000864,-0.007536948616269129,0.04690571628874206,-0.02019667632868031,0.08290175594145255,0.03104660479067408,0.009688022508738665,-0.012294658887906526,0.013339540559755366,0.017234441984511663,-0.013952046977763265,-0.012394068776060252,0.0016258571955570847,-0.0050500738778299515,0.0027512868483858073,-0.018347235221844393,0.0037064347896960843,0.00185996975129314,0.003576894409540857,-0.010899439517273506,-0.014005736928918624,-0.010866233910934702,0.0015910495550711297,0.005597295223338405,0.03104660479067408,0.07497084794245065,-0.00247866550693928,0.010557728228161225,0.013695227823849253,-0.005138202111748713,-0.022237490343278328,-0.027234551086305233,-0.023746451531347305,0.003063626530536196,-0.02646286451110222,0.0044986468006039376,0.004126457067230959,0.011300470664000712,-0.0002756870079907116,-0.01297063786664836,-0.003399170608973932,0.019336262932578875,0.013441976438209812,-0.01804328966024419,0.009688022508738665,-0.00247866550693928,0.061810314285335816
0.03195906522119747,0.00514481716863564,-0.00880364962797216,0.013311505052951478,0.021157460440327507,0.0010014543538030332,-0.00532563761409208,-0.012515722041505892,0.027389018086379568,-0.007804544197257895,0.018532087295416475,0.02432603197802586,0.009778561586517678,-0.030949175734747363,-0.012931850883445803,0.001441677726626748,-0.005422788165518291,-0.017011958549457293,-0.008783832554322538,0.033323372802737776,0.00514481716863564,0.06505895630224055,0.02018005722788749,0.02783201309704838,0.035231725468993676,-0.009210849950168094,-0.02672414462822584,0.0007901779231041968,-0.006549228458399588,0.010145829105402989,-0.014197036588737538,0.013569342311641168,0.012019394416823355,-0.04617090281894581,-0.015954878423223046,-0.022189527006690767,-0.007693493096066614,-0.00854391578989093,0.010062526285423753,0.0024078604507362066,-0.00880364962797216,0.02018005722788749,0.05074201956115068,-0.0028131283023001903,0.020498649480527827,-0.011110510756432027,-0.016610045738091127,0.021260579931410638,-0.023309238251715447,0.01945599703125228,-0.01689675389720214,0.010327301454441957,0.01607862941856204,0.01746119226484867,0.02666779793513363,-0.03597633133636528,0.011347891835392828,-0.0006127219554712996,0.014717426679927337,-0.031425217083320814,0.013311505052951478,0.02783201309704838,-0.0028131283023001903,0.05934728668815273,0.03188607833461391,0.0077481867626783794,-0.017023318359945375,-0.009893303175641438,0.03556818566229905,-0.006761362825499143,-0.011347409064670766,0.01630142325889429,0.019669928677556663,-0.06991919170007847,-0.029424789591980444,-0.025725069127871973,-0.002130624586326481,-0.005579488225498405,0.00828811522853545,0.025691469031331873,0.021157460440327507,0.035231725468993676,0.020498649480527827,0.03188607833461391,0.08979665928810553,-0.016407664624288845,-0.04608012867330659,0.015232989490084085,0.012448248547000289,0.009128909650148415,0.0005457997197101908,0.04194583176668773,0.05312072669856221,-0.056489500041892654,0.008428275776138364,-0.0592580695874286,-0.002420923712416362,-0.024386845163204995,-0.012214202061816823,0.017512346365776275,0.0010014543538030332,-0.009210849950168094,-0.011110510756432027,0.0077481867626783794,-0.016407664624288845,0.02823332893795741,0.012583626156127783,-0.020493630221619714,0.019782299214755876,-0.007822881138624102,-0.009624534262302059,-0.010647100074530964,-0.008308658996047394,-0.013368879090496884,-0.020731703215526184,0.020284647023365444,0.002057063863095781,0.016997108696061032,0.016882658571864974,-0.0028113097348121895,-0.00532563761409208,-0.02672414462822584,-0.016610045738091127,-0.017023318359945375,-0.04608012867330659,0.012583626156127783,0.05696794187502716,-0.005240158742259429,0.0028418988398771433,0.0025553764267389418,0.004416144534034038,-0.023295640112238888,-0.019217585655545284,0.04365333396572178,0.00704654137360753,0.035647022668457776,0.0159651609090235,0.021243970656695935,0.016494991555791386,-0.009156913195521145,-0.012515722041505892,0.0007901779231041968,0.021260579931410638,-0.009893303175641438,0.015232989490084085,-0.020493630221619714,-0.005240158742259429,0.06808594508770993,-0.0344797653781759,0.024944236712067108,-0.004193916818772086,-0.0029950809060917023,0.021353208809364747,0.03898737894481155,0.04314711898713429,-0.04098161656865132,0.01630111528381886,-0.006619445289065922,-0.010599900066182628,-0.030675990439539183,0.027389018086379568,-0.006549228458399588,-0.023309238251715447,0.03556818566229905,0.012448248547000289,0.019782299214755876,0.0028418988398771433,-0.0344797653781759,0.07693500300908633,-0.018215318755004893,0.012142533744690175,0.025823446651838347,0.014463709124883251,-0.05782895403591362,-0.036050166472221694,0.0026890565576074537,-0.0034161852751614153,-0.005684264700827481,0.002894340470951887,0.047859500667918914,-0.007804544197257895,0.010145829105402989,0.01945599703125228,-0.006761362825499143,0.009128909650148415,-0.007822881138624102,0.0025553764267389418,0.024944236712067108,-0.018215318755004893,0.037920237421314756,-0.006006183244676386,0.00019785550099763946,0.016137277102487746,0.025853652816819728,0.029434081090501253,-0.02194930549107278,0.012092217611672987,0.0009750635677113759,0.01281993884798262,-0.026100711951008,0.018532087295416475,-0.014197036588737538,-0.01689675389720214,-0.011347409064670766,0.0005457997197101908,-0.009624534262302059,0.004416144534034038,-0.004193916818772086,0.012142533744690175,-0.006006183244676386,0.052034178934988615,0.018428494627884505,-0.00496427658768814,-0.00028509442402436505,-0.006788398103279747,0.024386966491435333,-0.012440504319396029,-0.015827414204542506,-0.030062575994332853,0.026291411659101573,0.02432603197802586,0.013569342311641168,0.010327301454441957,0.01630142325889429,0.04194583176668773,-0.010647100074530964,-0.023295640112238888,-0.0029950809060917023,0.025823446651838347,0.00019785550099763946,0.018428494627884505,0.053583650517528426,0.027628452679335218,-0.03411704839120855,-0.004838594425075799,-0.019307935383048543,-0.005983901256700138,-0.02276987290057532,-0.013606345351797403,0.023920773398269878,0.009778561586517678,0.012019394416823355,0.01607862941856204,0.019669928677556663,0.05312072669856221,-0.008308658996047394,-0.019217585655545284,0.021353208809364747,0.014463709124883251,0.016137277102487746,-0.00496427658768814,0.027628452679335218,0.07009206360056328,-0.022194315773271845,0.02521298144308671,-0.060122032312288284,0.014101461751531836,-0.011476692363676983,0.002075074819335397,-0.004766878137616182,-0.030949175734747363,-0.04617090281894581,0.01746119226484867,-0.06991919170007847,-0.056489500041892654,-0.013368879090496884,0.04365333396572178,0.03898737894481155,-0.05782895403591362,0.025853652816819728,-0.00028509442402436505,-0.03411704839120855,-0.022194315773271845,0.14077623574603293,0.06354800057893155,0.019367008849661242,0.019057143854617674,0.026645606380511874,0.005449855363721942,-0.06835200705849478,-0.012931850883445803,-0.015954878423223046,0.02666779793513363,-0.029424789591980444,0.008428275776138364,-0.020731703215526184,0.00704654137360753,0.04314711898713429,-0.036050166472221694,0.029434081090501253,-0.006788398103279747,-0.004838594425075799,0.02521298144308671,0.06354800057893155,0.08477635540437001,-0.039446439202511466,0.023150034293222075,0.005691264501879218,0.004652715543431267,-0.038125664728946976,0.001441677726626748,-0.022189527006690767,-0.03597633133636528,-0.025725069127871973,-0.0592580695874286,0.020284647023365444,0.035647022668457776,-0.04098161656865132,0.0026890565576074537,-0.02194930549107278,0.024386966491435333,-0.019307935383048543,-0.060122032312288284,0.019367008849661242,-0.039446439202511466,0.11952634637917034,-0.02032009995572052,0.016230095873533964,-0.0022333520641069594,0.018916058783152834,-0.005422788165518291,-0.007693493096066614,0.011347891835392828,-0.002130624586326481,-0.002420923712416362,0.002057063863095781,0.0159651609090235,0.01630111528381886,-0.0034161852751614153,0.012092217611672987,-0.012440504319396029,-0.005983901256700138,0.014101461751531836,0.019057143854617674,0.023150034293222075,-0.02032009995572052,0.03508658021535499,0.013029722300132334,0.0219134341010492,-0.02080703237385734,-0.017011958549457293,-0.00854391578989093,-0.0006127219554712996,-0.005579488225498405,-0.024386845163204995,0.016997108696061032,0.021243970656695935,-0.006619445289065922,-0.005684264700827481,0.0009750635677113759,-0.015827414204542506,-0.02276987290057532,-0.011476692363676983,0.026645606380511874,0.005691264501879218,0.016230095873533964,0.013029722300132334,0.047765239013019094,0.03171199170884904,-0.023348247868952086,-0.008783832554322538,0.010062526285423753,0.014717426679927337,0.00828811522853545,-0.012214202061816823,0.016882658571864974,0.016494991555791386,-0.010599900066182628,0.002894340470951887,0.01281993884798262,-0.030062575994332853,-0.013606345351797403,0.002075074819335397,0.005449855363721942,0.004652715543431267,-0.0022333520641069594,0.0219134341010492,0.03171199170884904,0.06764856628569532,-0.023709884994239934,0.033323372802737776,0.0024078604507362066,-0.031425217083320814,0.025691469031331873,0.017512346365776275,-0.0028113097348121895,-0.009156913195521145,-0.030675990439539183,0.047859500667918914,-0.026100711951008,0.026291411659101573,0.023920773398269878,-0.004766878137616182,-0.06835200705849478,-0.038125664728946976,0.018916058783152834,-0.02080703237385734,-0.023348247868952086,-0.023709884994239934,0.09430555887923861
0.030166690449061253,0.0038636224479821468,-0.005181072964863724,0.010113717157383314,0.011158736309151245,-0.008085048831143023,0.004338496831837381,0.0022632356240974497,-0.019099864667942834,0.006863849293566376,0.002060677877884114,-0.008967425475726185,-0.00076458898436286,-0.008905539298744814,0.015536528343190904,0.007923235335688285,0.0020242923426764753,0.005887283918266395,0.0027013167581527177,0.010395178557743402,0.0038636224479821468,0.045035851538158415,-0.009564323574078524,0.009359783410269397,0.0056358410594663216,-0.011124692708980019,-0.012982107693600285,0.01060598391483612,0.0010985635034866164,0.0075624837412714705,0.007337121803502112,0.0075725707279412375,-0.003991096366298687,-0.01617551395757178,0.008450598409201914,-0.012110697067812554,0.004069785318822907,-0.0008573651920285911,0.0063275678017386495,0.012915055000576277,-0.005181072964863724,-0.009564323574078524,0.027009792755115822,-0.0022602137057812885,-0.004514763283851191,-0.0020912992897306674,-0.006178724433200911,-0.014441868662745598,0.027693789288203114,-0.005509218228104493,0.004272995809879426,-0.001083902577865621,-0.002038854659714679,0.010007590357427674,-0.001880518559643879,0.008100508014186178,0.0020763523841496614,-0.007461900570306056,-0.015259393006851987,-0.0039291421748637355,0.010113717157383314,0.009359783410269397,-0.0022602137057812885,0.0815812583135141,0.03183881027213713,-0.01923625439961439,-0.012681020297213394,0.04460560617945808,-0.035108188640394,0.023521027089532597,-0.012860956590416722,0.0054330199695591785,-0.0017805876533187675,-0.02503294214371509,0.0023702277857858985,0.0006520665067984302,0.022711839860261117,-0.003063074392123246,0.001630962449927865,-0.013393706268155269,0.011158736309151245,0.0056358410594663216,-0.004514763283851191,0.03183881027213713,0.050035086649993066,-0.002297106210996022,0.0013257127213914797,0.05070948296816239,-0.06637936510476568,0.012123078411189047,-0.0113476755723818,0.00525722373774421,-0.004274899576518712,-0.018296417521837777,0.014043228997877119,0.012161119767956956,0.004707482062030594,0.00856792069141301,0.0016673761724610488,-0.012022115532670609,-0.008085048831143023,-0.011124692708980019,-0.0020912992897306674,-0.01923625439961439,-0.002297106210996022,0.08809325888788752,-0.00933707132999446,-0.008378565020230294,-0.018151155425861598,-0.021283662974059855,0.014364123608388318,-0.012203172126755597,-0.002453893176008549,0.04198237120077562,-0.001608259487886507,0.014024148133762975,-0.010719181070340858,-0.01147635891359429,-0.020326133357503127,0.006185703650362979,0.004338496831837381,-0.012982107693600285,-0.006178724433200911,-0.012681020297213394,0.0013257127213914797,-0.00933707132999446,0.05271344718079351,-0.008788727197709706,-0.01534377736916713,0.002233728831793437,-0.013089619846924562,4.3462393927491184e-5,0.003839927164561762,-0.008818845717077832,-0.019691766852615342,0.0007728977294686381,-0.005307330845533784,0.014056359376670881,0.024836476624337134,-0.02444572523024073,0.0022632356240974497,0.01060598391483612,-0.014441868662745598,0.04460560617945808,0.05070948296816239,-0.008378565020230294,-0.008788727197709706,0.11324876072924159,-0.05990203767031152,0.019683480987127903,-0.021498802016324703,0.026319321363768286,-0.002271371985884372,-0.025133239787790727,-0.0024903189596091183,0.013150737241608906,0.02223064602335474,0.015930498923626794,-0.00272730401361804,-0.02153449408533476,-0.019099864667942834,0.0010985635034866164,0.027693789288203114,-0.035108188640394,-0.06637936510476568,-0.018151155425861598,-0.01534377736916713,-0.05990203767031152,0.18376550548020135,-0.01319977836605651,0.012706683086315897,0.007777373183539052,0.009875771758347786,0.028413866426739015,-0.044741338872535535,-0.037959609071820846,-0.0015459474270402267,-0.01682553809703207,-0.018367135457717655,0.0010869970545635062,0.006863849293566376,0.0075624837412714705,-0.005509218228104493,0.023521027089532597,0.012123078411189047,-0.021283662974059855,0.002233728831793437,0.019683480987127903,-0.01319977836605651,0.034448406020113856,-0.006657878788920884,-0.001981222635220385,0.005584869820811069,-0.022980358781829274,0.003884420512542866,0.0001740356557540187,0.00634315138508389,0.011416268829926014,0.01305727380264858,-0.0048765344559342436,0.002060677877884114,0.007337121803502112,0.004272995809879426,-0.012860956590416722,-0.0113476755723818,0.014364123608388318,-0.013089619846924562,-0.021498802016324703,0.012706683086315897,-0.006657878788920884,0.03113643098340307,-0.007833588664495033,-0.004571735513178077,0.009122625038478157,0.015728287449481175,-0.0009778189601681846,-0.007715728585420647,-0.010402522551635042,-0.009327059135794003,0.018884751501957904,-0.008967425475726185,0.0075725707279412375,-0.001083902577865621,0.0054330199695591785,0.00525722373774421,-0.012203172126755597,4.3462393927491184e-5,0.026319321363768286,0.007777373183539052,-0.001981222635220385,-0.007833588664495033,0.043486179763881416,0.0014761451130050965,-0.014523895807653439,-0.015176045508618187,-0.006003490424294563,0.00672729722015813,0.0007793598717578488,0.003789109901949337,-0.01936028811229067,-0.00076458898436286,-0.003991096366298687,-0.002038854659714679,-0.0017805876533187675,-0.004274899576518712,-0.002453893176008549,0.003839927164561762,-0.002271371985884372,0.009875771758347786,0.005584869820811069,-0.004571735513178077,0.0014761451130050965,0.020246431210349213,9.787574071321438e-6,-0.004263830648617509,-0.006732711981384177,-0.004536618232770249,0.005234904291661449,0.004149108785925542,-0.004098582902588499,-0.008905539298744814,-0.01617551395757178,0.010007590357427674,-0.02503294214371509,-0.018296417521837777,0.04198237120077562,-0.008818845717077832,-0.025133239787790727,0.028413866426739015,-0.022980358781829274,0.009122625038478157,-0.014523895807653439,9.787574071321438e-6,0.0636283836783792,-0.004379948575770528,0.010205278959779886,-0.022530495927557938,-0.017266153739635123,-0.03341438452145232,0.019951730303389217,0.015536528343190904,0.008450598409201914,-0.001880518559643879,0.0023702277857858985,0.014043228997877119,-0.001608259487886507,-0.019691766852615342,-0.0024903189596091183,-0.044741338872535535,0.003884420512542866,0.015728287449481175,-0.015176045508618187,-0.004263830648617509,-0.004379948575770528,0.06399883193338798,0.015537541652391892,-0.0010901048131713353,4.106017903027378e-5,-0.00599638188015824,0.0351894957013133,0.007923235335688285,-0.012110697067812554,0.008100508014186178,0.0006520665067984302,0.012161119767956956,0.014024148133762975,0.0007728977294686381,0.013150737241608906,-0.037959609071820846,0.0001740356557540187,-0.0009778189601681846,-0.006003490424294563,-0.006732711981384177,0.010205278959779886,0.015537541652391892,0.04562233390028594,-0.01563056973605257,0.004220028279544319,-0.015515943771264808,0.0018179097516824593,0.0020242923426764753,0.004069785318822907,0.0020763523841496614,0.022711839860261117,0.004707482062030594,-0.010719181070340858,-0.005307330845533784,0.02223064602335474,-0.0015459474270402267,0.00634315138508389,-0.007715728585420647,0.00672729722015813,-0.004536618232770249,-0.022530495927557938,-0.0010901048131713353,-0.01563056973605257,0.0453833830889394,-0.0015514660850260754,0.002733563076176518,-0.01372936163342094,0.005887283918266395,-0.0008573651920285911,-0.007461900570306056,-0.003063074392123246,0.00856792069141301,-0.01147635891359429,0.014056359376670881,0.015930498923626794,-0.01682553809703207,0.011416268829926014,-0.010402522551635042,0.0007793598717578488,0.005234904291661449,-0.017266153739635123,4.106017903027378e-5,0.004220028279544319,-0.0015514660850260754,0.03719080417948243,0.01500684250326608,-0.01190681396761534,0.0027013167581527177,0.0063275678017386495,-0.015259393006851987,0.001630962449927865,0.0016673761724610488,-0.020326133357503127,0.024836476624337134,-0.00272730401361804,-0.018367135457717655,0.01305727380264858,-0.009327059135794003,0.003789109901949337,0.004149108785925542,-0.03341438452145232,-0.00599638188015824,-0.015515943771264808,0.002733563076176518,0.01500684250326608,0.05614133606340378,-0.013506191999370708,0.010395178557743402,0.012915055000576277,-0.0039291421748637355,-0.013393706268155269,-0.012022115532670609,0.006185703650362979,-0.02444572523024073,-0.02153449408533476,0.0010869970545635062,-0.0048765344559342436,0.018884751501957904,-0.01936028811229067,-0.004098582902588499,0.019951730303389217,0.0351894957013133,0.0018179097516824593,-0.01372936163342094,-0.01190681396761534,-0.013506191999370708,0.0669160666041038
