0.026310612138846855,-0.0024877224203708817,0.007990565348012613,0.004718243262075588,-0.004530383835305216,0.0007076903647707983,-0.00284591582712135,0.001312591882807983,0.004367785414063297,0.0018121329240181107,-0.0015375120813354974,0.004401097210357407,0.004464292007709992,0.0067129596212133665,-0.0035288297013011827,0.0004805132849791129,0.0033845263519488708,-0.0045208672957371505,-0.009367566338625179,-0.009568575574124693,-0.0024877224203708817,0.016727843756737304,-0.0029549967495529697,-0.007414900418210923,-0.003930419655328324,-0.0033873917670429183,0.0010856119450755515,0.002067727434560837,0.0015398272314124798,0.0024212917045339146,0.00039504875708040315,-0.0010260095356467223,-0.0009697111384138465,0.0020889155308054137,0.006866855196420053,0.0038278415348425923,0.0011969919991810592,-0.002989089483206747,-0.0070972223695925235,-0.0015512259246360793,0.007990565348012613,-0.0029549967495529697,0.029460948634011865,0.004067348300006417,0.008188316469078347,-0.002951361056207152,0.007775595980673141,-0.006385513627481923,-0.008513490297799138,0.00464662024493185,0.002987321204956942,0.002157149338252873,-0.0024692682254536225,-0.014719549087744886,-0.0048679594667288455,-0.0013274087824703563,-3.6061847409760628e-6,0.009825245252765355,-0.001145643349026171,-0.007496528596206759,0.004718243262075588,-0.007414900418210923,0.004067348300006417,0.0232353139042296,-0.0002746001362013472,-0.0004599613060499121,-0.004144675550889167,0.0004969855666603722,0.005489224350413718,-0.004913641967896223,5.425938573574144e-5,-0.0033939315808630575,-0.0023149770579061683,-0.003938129009035661,-0.009394693569791666,0.002021158812419072,0.004393494503073504,0.005324718385127443,-0.0022885897855623727,-0.0005095743546503551,-0.004530383835305216,-0.003930419655328324,0.008188316469078347,-0.0002746001362013472,0.02330584762484794,0.004393632472844631,-0.0027470458044941484,-0.002708660504860326,-0.008169508743299041,0.0019871575719291514,0.001531004228321307,-0.0036455413477087875,-0.001254353704299194,-0.00615546463057654,0.0003986326700981803,-0.006365482379562191,0.002350595305006982,0.003671453073200762,0.005820927523951315,0.000212838509304811,0.0007076903647707983,-0.0033873917670429183,-0.002951361056207152,-0.0004599613060499121,0.004393632472844631,0.02879756751244962,-0.008762436822044983,0.002927995261982727,0.006746207171248151,-0.001921414780152159,-0.00458871831038811,-0.0029270145809104173,-0.002619923721004033,0.004110003762695774,-0.004023126413853056,-0.0025723595710432858,0.007111212640040885,0.0003338649181715522,-0.0013004796930027036,-0.006680387093474382,-0.00284591582712135,0.0010856119450755515,0.007775595980673141,-0.004144675550889167,-0.0027470458044941484,-0.008762436822044983,0.03418347627586657,0.0005718974496351748,-0.006244435646915354,-0.0013738920438822115,0.005627641881109615,-0.003951805472994125,0.0018982631934940705,-0.009493301740316939,0.0031765568690420107,-0.008831056077477202,-0.0047926384646326155,-0.0015005186924978088,0.006007885609119849,-0.0018557820497024469,0.001312591882807983,0.002067727434560837,-0.006385513627481923,0.0004969855666603722,-0.002708660504860326,0.002927995261982727,0.0005718974496351748,0.017113272826308392,0.004380234680595188,0.000603123436198157,-0.0018135404574013447,-0.006118649928605992,-0.0007988271965034583,0.0005893090243348045,-0.00010467640233012847,-0.000876073589140417,0.00284214456810032,0.00046276023502542105,-0.0028649135200743006,-0.0033117692354271864,0.004367785414063297,0.0015398272314124798,-0.008513490297799138,0.005489224350413718,-0.008169508743299041,0.006746207171248151,-0.006244435646915354,0.004380234680595188,0.02991420285146696,-0.0032602038268241744,-0.007274575099737843,0.003094553504451117,-0.0018535665863319546,0.002610591970801127,-0.005267986755768233,0.006425632229684182,0.0004438201870368639,-0.0051709104889854,-0.005458219826622838,-0.0023167875384822087,0.0018121329240181107,0.0024212917045339146,0.00464662024493185,-0.004913641967896223,0.0019871575719291514,-0.001921414780152159,-0.0013738920438822115,0.000603123436198157,-0.0032602038268241744,0.021281733027893008,0.0018115214483909934,0.0005719875200432882,0.004812940199506047,0.0007912273481021101,-0.003060153886817957,-0.0027080358970159794,0.00030637709054191347,-0.0010601214969468112,-0.008706768144509127,-0.0012450584164269828,-0.0015375120813354974,0.00039504875708040315,0.002987321204956942,5.425938573574144e-5,0.001531004228321307,-0.00458871831038811,0.005627641881109615,-0.0018135404574013447,-0.007274575099737843,0.0018115214483909934,0.03179444466430858,-0.002020854327825894,-0.004095078125444818,-0.007345565155609113,0.002241324282119571,-0.0041008837383007,-0.0029440065693756646,0.0023092010283102486,0.008521544575390168,-0.00233243846823456,0.004401097210357407,-0.0010260095356467223,0.002157149338252873,-0.0033939315808630575,-0.0036455413477087875,-0.0029270145809104173,-0.003951805472994125,-0.006118649928605992,0.003094553504451117,0.0005719875200432882,-0.002020854327825894,0.02329095535363797,0.0036897980700561,0.0015490718622218176,-0.010241727556103645,0.002645141891966173,-0.0003484124555236612,-1.6374961912479807e-5,-0.01325070106371912,-0.0005312597037678774,0.004464292007709992,-0.0009697111384138465,-0.0024692682254536225,-0.0023149770579061683,-0.001254353704299194,-0.002619923721004033,0.0018982631934940705,-0.0007988271965034583,-0.0018535665863319546,0.004812940199506047,-0.004095078125444818,0.0036897980700561,0.024139025207062105,-0.0005028287326541294,-0.0025251237907132906,0.0008028813786924982,-0.004630812861897711,0.00033058803054242106,-0.00018678695226982572,2.6443604657518625e-7,0.0067129596212133665,0.0020889155308054137,-0.014719549087744886,-0.003938129009035661,-0.00615546463057654,0.004110003762695774,-0.009493301740316939,0.0005893090243348045,0.002610591970801127,0.0007912273481021101,-0.007345565155609113,0.0015490718622218176,-0.0005028287326541294,0.031715545174360815,-0.0003801363529693548,0.002597485373788289,0.005150125415543513,-0.006591811852430651,-0.0065013882952419675,0.008417720573055412,-0.0035288297013011827,0.006866855196420053,-0.0048679594667288455,-0.009394693569791666,0.0003986326700981803,-0.004023126413853056,0.0031765568690420107,-0.00010467640233012847,-0.005267986755768233,-0.003060153886817957,0.002241324282119571,-0.010241727556103645,-0.0025251237907132906,-0.0003801363529693548,0.02468256728223251,0.002544027237613096,-0.0028614469622804325,-0.0035670643455974387,0.00553038991987735,0.010049104792207077,0.0004805132849791129,0.0038278415348425923,-0.0013274087824703563,0.002021158812419072,-0.006365482379562191,-0.0025723595710432858,-0.008831056077477202,-0.000876073589140417,0.006425632229684182,-0.0027080358970159794,-0.0041008837383007,0.002645141891966173,0.0008028813786924982,0.002597485373788289,0.002544027237613096,0.029889477201853108,-0.0026323523014309827,-0.004490972868094172,-0.009058533154213042,0.006931566431174797,0.0033845263519488708,0.0011969919991810592,-3.6061847409760628e-6,0.004393494503073504,0.002350595305006982,0.007111212640040885,-0.0047926384646326155,0.00284214456810032,0.0004438201870368639,0.00030637709054191347,-0.0029440065693756646,-0.0003484124555236612,-0.004630812861897711,0.005150125415543513,-0.0028614469622804325,-0.0026323523014309827,0.01703695577578988,-0.0013783031193621217,0.0002791578510460567,-0.0011484047157102818,-0.0045208672957371505,-0.002989089483206747,0.009825245252765355,0.005324718385127443,0.003671453073200762,0.0003338649181715522,-0.0015005186924978088,0.00046276023502542105,-0.0051709104889854,-0.0010601214969468112,0.0023092010283102486,-1.6374961912479807e-5,0.00033058803054242106,-0.006591811852430651,-0.0035670643455974387,-0.004490972868094172,-0.0013783031193621217,0.018184978903497358,0.003305480041021043,0.00140184544362472,-0.009367566338625179,-0.0070972223695925235,-0.001145643349026171,-0.0022885897855623727,0.005820927523951315,-0.0013004796930027036,0.006007885609119849,-0.0028649135200743006,-0.005458219826622838,-0.008706768144509127,0.008521544575390168,-0.01325070106371912,-0.00018678695226982572,-0.0065013882952419675,0.00553038991987735,-0.009058533154213042,0.0002791578510460567,0.003305480041021043,0.03877793360942788,0.003169729989366686,-0.009568575574124693,-0.0015512259246360793,-0.007496528596206759,-0.0005095743546503551,0.000212838509304811,-0.006680387093474382,-0.0018557820497024469,-0.0033117692354271864,-0.0023167875384822087,-0.0012450584164269828,-0.00233243846823456,-0.0005312597037678774,2.6443604657518625e-7,0.008417720573055412,0.010049104792207077,0.006931566431174797,-0.0011484047157102818,0.00140184544362472,0.003169729989366686,0.023269314361711632
