0.021840842961394685,0.0070306523154979594,0.005367756564934085,0.005700078434762877,-0.003554069764171033,-0.005420845189986579,0.001511941674416155,-0.001366764205448966,-0.0007906382889434297,0.00022738158093503385,0.002060129817669145,0.0012137588572609299,-0.006081385553997853,-0.004192220449459195,0.005875403539601563,-0.005449493721680007,-0.002293466493236275,0.006144739988747551,-0.008879407731064534,-0.005208127477363776,0.0070306523154979594,0.01403842258579803,0.0055588293046622585,0.006189476607989394,-0.004207265824414906,-0.0025665249487519977,-0.0018752244140150718,0.0020686270334372672,0.0033657870490385582,0.0018351521631865609,0.0019814043826716695,-0.0037640734608126603,-0.005340747180746712,0.0009279334906298067,0.00024721985843946385,0.0010776419562944885,-0.0011874332701746165,0.00358055039802375,-0.0014628510353063093,-0.0007544378703391865,0.005367756564934085,0.0055588293046622585,0.026096050698305406,-0.001735522208294246,-0.003465509338767032,0.0004168671926074446,-0.0033965310796265865,-0.005839596661219221,-0.0036934593572317408,0.0023694944142637715,0.00029715936517056205,-0.0026089797117905865,-0.0013510251931311066,-0.00027446287850502003,-0.003008379395165886,0.0006341169727138581,-0.006273714666944459,0.005096173729491754,-0.0035991069421227153,-0.002501653300973102,0.005700078434762877,0.006189476607989394,-0.001735522208294246,0.02322624638416021,-0.0033939142021361304,-0.006565644289019876,-0.0059251013843653316,-0.0009745860422558059,-0.002582172363139827,0.0019459360501363479,0.00045241867176591406,-0.0023045159624374553,-0.008468513113859289,-0.0016131474622439667,0.003887209097384354,0.0012637252648039082,0.0014759298134348307,0.00046116931242316675,0.0014657247450318908,-0.0017612371472592488,-0.003554069764171033,-0.004207265824414906,-0.003465509338767032,-0.0033939142021361304,0.020852736028286255,0.0041048921914541596,0.004639618460476025,0.003300632712884752,0.005666981733114182,0.0005403804218343453,-0.00017480941912488286,-0.0004646241234444933,0.007296531549556028,0.0016367071623800827,-0.0018123141641426606,-0.004419588954820862,1.750139784103966e-5,0.0008293529152182391,0.00037251723686227854,-0.003867343714242302,-0.005420845189986579,-0.0025665249487519977,0.0004168671926074446,-0.006565644289019876,0.0041048921914541596,0.019661056479587453,0.0017615410338313927,-0.0020980821693311943,0.0038820807686065183,-0.004855877034229939,-0.0023293774743413523,-0.00011902792568817703,0.010951489287111645,-5.223418757226208e-5,-0.005053019007958801,-0.003093675875805855,-0.0038579130512299597,-0.002480208996668432,-0.0005437919414891044,0.00326763057119474,0.001511941674416155,-0.0018752244140150718,-0.0033965310796265865,-0.0059251013843653316,0.004639618460476025,0.0017615410338313927,0.017662825936769315,-0.004795545480771381,-0.0007346195629801982,-0.005652933450447191,0.0009692505520651999,-0.004461428671246666,0.002826623566708676,-0.0012134998146205887,0.001343894367645362,0.0020652389906543555,0.0010141586507998583,-0.002718502160441846,-0.0008120757571726126,0.003929141852960404,-0.001366764205448966,0.0020686270334372672,-0.005839596661219221,-0.0009745860422558059,0.003300632712884752,-0.0020980821693311943,-0.004795545480771381,0.016213075489794105,0.002658914027483169,0.0023590039642405677,-0.00676849575894351,0.0030216661095970494,-0.0011874138961947423,0.0028140073054930695,0.0010525655216336,-0.0025107523595516972,0.00044080809132441667,-0.0022017874085760065,0.002989184534430566,-0.0037052896475971617,-0.0007906382889434297,0.0033657870490385582,-0.0036934593572317408,-0.002582172363139827,0.005666981733114182,0.0038820807686065183,-0.0007346195629801982,0.002658914027483169,0.017523299026177077,-0.002089728048452343,0.0015388912455905485,0.00031171269720147,0.0009761063909990093,-0.0024518877352768644,-0.0018261207419324097,-0.000952584433259295,-0.002167809302674227,-0.0016977960127188586,0.004426734851518926,-0.0029401215137499033,0.00022738158093503385,0.0018351521631865609,0.0023694944142637715,0.0019459360501363479,0.0005403804218343453,-0.004855877034229939,-0.005652933450447191,0.0023590039642405677,-0.002089728048452343,0.017774300743326615,-0.0034757212018556184,-4.4501218415938195e-5,-0.006164532542598055,0.001177835307528754,3.8226499359893784e-5,2.6253653528755473e-5,-0.0028280213560047127,0.004609791207453033,0.0011620101273711303,-0.007307075898512884,0.002060129817669145,0.0019814043826716695,0.00029715936517056205,0.00045241867176591406,-0.00017480941912488286,-0.0023293774743413523,0.0009692505520651999,-0.00676849575894351,0.0015388912455905485,-0.0034757212018556184,0.01239427009354832,-0.003995183509260695,0.003575739622579191,-0.0012159250302596547,-0.00011655968383981096,-0.001981976473747909,0.000456260611164901,0.0013600326851804455,-0.0035037083875280066,0.0069575668744797856,0.0012137588572609299,-0.0037640734608126603,-0.0026089797117905865,-0.0023045159624374553,-0.0004646241234444933,-0.00011902792568817703,-0.004461428671246666,0.0030216661095970494,0.00031171269720147,-4.4501218415938195e-5,-0.003995183509260695,0.02216437558118003,-0.0033201552845398773,0.0027933119337852745,0.0029829608868343857,-0.0016860615008204485,-0.00265017126399181,0.0005694641279666538,-0.0024257340118610674,-0.0009851922300656638,-0.006081385553997853,-0.005340747180746712,-0.0013510251931311066,-0.008468513113859289,0.007296531549556028,0.010951489287111645,0.002826623566708676,-0.0011874138961947423,0.0009761063909990093,-0.006164532542598055,0.003575739622579191,-0.0033201552845398773,0.022296422653899764,0.0011751745529955623,-0.007381032514770763,0.002102028456033884,-7.182360848581327e-5,-0.004391800443465799,-7.811928070184683e-5,0.006376106535583238,-0.004192220449459195,0.0009279334906298067,-0.00027446287850502003,-0.0016131474622439667,0.0016367071623800827,-5.223418757226208e-5,-0.0012134998146205887,0.0028140073054930695,-0.0024518877352768644,0.001177835307528754,-0.0012159250302596547,0.0027933119337852745,0.0011751745529955623,0.0137958932353523,0.0021154530061670597,0.0019227864571928037,-0.002662303472897273,0.0004960801779625001,0.0007508664107558564,-0.0068245785803365145,0.005875403539601563,0.00024721985843946385,-0.003008379395165886,0.003887209097384354,-0.0018123141641426606,-0.005053019007958801,0.001343894367645362,0.0010525655216336,-0.0018261207419324097,3.8226499359893784e-5,-0.00011655968383981096,0.0029829608868343857,-0.007381032514770763,0.0021154530061670597,0.018274150183592196,0.0025660133518243897,-0.0012673706336561244,0.0034320694309873338,-0.004854563177465858,-0.002946195862622028,-0.005449493721680007,0.0010776419562944885,0.0006341169727138581,0.0012637252648039082,-0.004419588954820862,-0.003093675875805855,0.0020652389906543555,-0.0025107523595516972,-0.000952584433259295,2.6253653528755473e-5,-0.001981976473747909,-0.0016860615008204485,0.002102028456033884,0.0019227864571928037,0.0025660133518243897,0.01562245525973725,0.0007722809259593287,-0.003608130465521956,0.0001083939210946774,-0.0007095194848064,-0.002293466493236275,-0.0011874332701746165,-0.006273714666944459,0.0014759298134348307,1.750139784103966e-5,-0.0038579130512299597,0.0010141586507998583,0.00044080809132441667,-0.002167809302674227,-0.0028280213560047127,0.000456260611164901,-0.00265017126399181,-7.182360848581327e-5,-0.002662303472897273,-0.0012673706336561244,0.0007722809259593287,0.020435069317100762,-0.006509761202087186,0.0069279101002883425,0.005134706480329964,0.006144739988747551,0.00358055039802375,0.005096173729491754,0.00046116931242316675,0.0008293529152182391,-0.002480208996668432,-0.002718502160441846,-0.0022017874085760065,-0.0016977960127188586,0.004609791207453033,0.0013600326851804455,0.0005694641279666538,-0.004391800443465799,0.0004960801779625001,0.0034320694309873338,-0.003608130465521956,-0.006509761202087186,0.019856885220691813,-0.007819023480102747,-0.005454202796406203,-0.008879407731064534,-0.0014628510353063093,-0.0035991069421227153,0.0014657247450318908,0.00037251723686227854,-0.0005437919414891044,-0.0008120757571726126,0.002989184534430566,0.004426734851518926,0.0011620101273711303,-0.0035037083875280066,-0.0024257340118610674,-7.811928070184683e-5,0.0007508664107558564,-0.004854563177465858,0.0001083939210946774,0.0069279101002883425,-0.007819023480102747,0.023049041913965545,0.0008982407257827178,-0.005208127477363776,-0.0007544378703391865,-0.002501653300973102,-0.0017612371472592488,-0.003867343714242302,0.00326763057119474,0.003929141852960404,-0.0037052896475971617,-0.0029401215137499033,-0.007307075898512884,0.0069575668744797856,-0.0009851922300656638,0.006376106535583238,-0.0068245785803365145,-0.002946195862622028,-0.0007095194848064,0.005134706480329964,-0.005454202796406203,0.0008982407257827178,0.024698128512691778
