0.1528452853482661,0.010482531250486123,0.03295586403660001,-0.05928176929544618,-0.11983189045609384,0.07565870748629713,-0.06673691365343559,-0.04176434044471397,0.005885890581876205,0.07760914712047148,-0.03109345083051153,-0.09406691977449351,-0.07841577077443726,-0.00310657251407494,0.06178206279227817,0.025953315732845813,0.09828351362415955,-0.04724248602142704,-0.007658995102116655,0.01657407390736241,0.010482531250486123,0.024151712474189086,0.00042953619344755214,-0.008592195743843341,-0.008252932176700766,0.007487469160781491,-0.006110732369037821,-0.01756624733608437,0.0023385280393160186,0.015642507986329754,-0.005843821850380514,-0.01853497110580253,-0.0048530801254860634,0.0038424455372296066,0.004674127349522732,0.012794288547898382,0.012669030016431384,-0.009769616289531567,0.005921353129290402,0.005738079517411389,0.03295586403660001,0.00042953619344755214,0.05062171450539365,0.007953484018753705,-0.022367496627972872,-0.02416947362741268,-0.003911264604611686,-0.005610698227726508,-0.03148135916173347,0.014547663626457121,-0.01896835251359812,-0.024155537246271813,-0.02928871228348218,0.015199069256416366,0.014830110481444721,0.014480369249486109,0.04746522247270685,-0.00020824866161943902,0.0006236617254986743,-0.02485296133377108,-0.05928176929544618,-0.008592195743843341,0.007953484018753705,0.09847578175283013,0.04685370446970677,-0.09875355686863009,0.05197243315148678,0.05081121670301356,-0.053099223785905925,-0.03866322427865196,-0.0054396276771439545,0.06779121957473722,0.013133536207427042,0.015333410966509156,-0.029572753232015463,-0.009202478976406601,-0.021798237347531536,0.03375899675046661,0.007721462723880637,-0.0656496547856116,-0.11983189045609384,-0.008252932176700766,-0.022367496627972872,0.04685370446970677,0.1399230978604177,-0.051721735630958346,0.07027024912147134,0.009410539627804203,0.003675543705952796,-0.07106736997732821,0.03263812350668936,0.0632788654350876,0.05632632111742049,0.006360470814536143,-0.05446257264958765,-0.010569220659453383,-0.07622041609815625,0.03556482342215675,0.002026393816090993,-0.026456579360712287,0.07565870748629713,0.007487469160781491,-0.02416947362741268,-0.09875355686863009,-0.051721735630958346,0.17137544168739854,-0.04209164322234273,-0.06910687780521715,0.0738030824546568,0.04757215346696925,0.013925603597187466,-0.06938785438372397,-0.02737069614996865,-0.04066269919464863,0.0327482673102425,-0.000692351251434769,0.011979911384902418,-0.06264832996390499,-0.014080841561903808,0.0868302572782153,-0.06673691365343559,-0.006110732369037821,-0.003911264604611686,0.05197243315148678,0.07027024912147134,-0.04209164322234273,0.10439747265019132,-0.012548294229105255,-0.009421754266506686,-0.04515611059149799,0.008093942141343177,0.049475028507549534,0.012182924639089727,0.0015090290557011848,-0.04002379336267441,-0.019702337987645042,-0.018296961582049583,0.01877654141259382,-0.006743806101204371,-0.037711808477915505,-0.04176434044471397,-0.01756624733608437,-0.005610698227726508,0.05081121670301356,0.009410539627804203,-0.06910687780521715,-0.012548294229105255,0.12029210419046336,-0.03715808874547273,-0.040767261928920155,0.003549258765320824,0.0745396292443832,0.03934802675635775,0.01554740134982091,-0.01892193810808568,-0.01517220204194807,-0.05685922702168905,0.030891926914717947,0.01745815263743449,-0.013487846539294884,0.005885890581876205,0.0023385280393160186,-0.03148135916173347,-0.053099223785905925,0.003675543705952796,0.0738030824546568,-0.009421754266506686,-0.03715808874547273,0.07498481174476793,0.0017725070764846897,0.015029901447966634,-0.02080087228285414,0.013482280261538148,-0.025277051976578507,0.0012228270186572026,-0.0037256974753398136,-0.019687851926822215,-0.016330425451257208,-0.003435059724302473,0.0522060047908626,0.07760914712047148,0.015642507986329754,0.014547663626457121,-0.03866322427865196,-0.07106736997732821,0.04757215346696925,-0.04515611059149799,-0.040767261928920155,0.0017725070764846897,0.0982598507975562,-0.02000988470648636,-0.08404207688748677,-0.04782449010802087,0.003585647801452283,0.03697873276178132,0.02408524014351901,0.06586500733959783,-0.03444180811191505,-0.0026056296146234528,0.020957247673960597,-0.03109345083051153,-0.005843821850380514,-0.01896835251359812,-0.0054396276771439545,0.03263812350668936,0.013925603597187466,0.008093942141343177,0.003549258765320824,0.015029901447966634,-0.02000988470648636,0.04101036284552054,0.023402318505653663,0.02084430792310344,-0.011480982444827252,-0.011578956994995516,-0.011461186943066932,-0.03689466470048604,0.0013589428379397537,-0.00427401148030067,0.0051821709185529,-0.09406691977449351,-0.01853497110580253,-0.024155537246271813,0.06779121957473722,0.0632788654350876,-0.06938785438372397,0.049475028507549534,0.0745396292443832,-0.02080087228285414,-0.08404207688748677,0.023402318505653663,0.136820462784226,0.056019457872044764,0.0005826091228297184,-0.04856623958210733,-0.034368461518736015,-0.08248889471675759,0.0424527617505573,0.013130167371762504,-0.039915402770220945,-0.07841577077443726,-0.0048530801254860634,-0.02928871228348218,0.013133536207427042,0.05632632111742049,-0.02737069614996865,0.012182924639089727,0.03934802675635775,0.013482280261538148,-0.04782449010802087,0.02084430792310344,0.056019457872044764,0.08941645864846817,-0.005953831995289666,-0.035237848813034,-0.01041151526028294,-0.09238679864996754,0.023039193503821637,0.013936715249458973,0.024562488379575698,-0.00310657251407494,0.0038424455372296066,0.015199069256416366,0.015333410966509156,0.006360470814536143,-0.04066269919464863,0.0015090290557011848,0.01554740134982091,-0.025277051976578507,0.003585647801452283,-0.011480982444827252,0.0005826091228297184,-0.005953831995289666,0.03658953969098326,-0.004088994494497357,0.0041936216250427994,0.013085229164659574,0.009456210221045673,-0.003926773267118259,-0.023646896272017028,0.06178206279227817,0.004674127349522732,0.014830110481444721,-0.029572753232015463,-0.05446257264958765,0.0327482673102425,-0.04002379336267441,-0.01892193810808568,0.0012228270186572026,0.03697873276178132,-0.011578956994995516,-0.04856623958210733,-0.035237848813034,-0.004088994494497357,0.055559077911394125,0.01558322906129438,0.04332586148208518,-0.019499538939904814,-0.01162974215898941,0.010910147251591866,0.025953315732845813,0.012794288547898382,0.014480369249486109,-0.009202478976406601,-0.010569220659453383,-0.000692351251434769,-0.019702337987645042,-0.01517220204194807,-0.0037256974753398136,0.02408524014351901,-0.011461186943066932,-0.034368461518736015,-0.01041151526028294,0.0041936216250427994,0.01558322906129438,0.03688139710757411,0.011573612308426712,-0.01197065391990856,-0.001515629588688949,0.0002567685721436147,0.09828351362415955,0.012669030016431384,0.04746522247270685,-0.021798237347531536,-0.07622041609815625,0.011979911384902418,-0.018296961582049583,-0.05685922702168905,-0.019687851926822215,0.06586500733959783,-0.03689466470048604,-0.08248889471675759,-0.09238679864996754,0.013085229164659574,0.04332586148208518,0.011573612308426712,0.1486322591851584,-0.009289956002017548,-0.015465365300164298,-0.03340272553188215,-0.04724248602142704,-0.009769616289531567,-0.00020824866161943902,0.03375899675046661,0.03556482342215675,-0.06264832996390499,0.01877654141259382,0.030891926914717947,-0.016330425451257208,-0.03444180811191505,0.0013589428379397537,0.0424527617505573,0.023039193503821637,0.009456210221045673,-0.019499538939904814,-0.01197065391990856,-0.009289956002017548,0.0589930798716827,-0.0002079306206228902,-0.03133295925245337,-0.007658995102116655,0.005921353129290402,0.0006236617254986743,0.007721462723880637,0.002026393816090993,-0.014080841561903808,-0.006743806101204371,0.01745815263743449,-0.003435059724302473,-0.0026056296146234528,-0.00427401148030067,0.013130167371762504,0.013936715249458973,-0.003926773267118259,-0.01162974215898941,-0.001515629588688949,-0.015465365300164298,-0.0002079306206228902,0.027632154287795044,0.002212752448235448,0.01657407390736241,0.005738079517411389,-0.02485296133377108,-0.0656496547856116,-0.026456579360712287,0.0868302572782153,-0.037711808477915505,-0.013487846539294884,0.0522060047908626,0.020957247673960597,0.0051821709185529,-0.039915402770220945,0.024562488379575698,-0.023646896272017028,0.010910147251591866,0.0002567685721436147,-0.03340272553188215,-0.03133295925245337,0.002212752448235448,0.10482812609534872
0.06465603885575665,0.002881946408604676,0.00626148385463995,-0.035983857210452955,-0.04630367930792723,0.03127977804783903,0.027051874321527336,-0.0512999944210472,0.011783441016610819,0.0016947369499943107,0.006562867663894127,-0.02429589330352283,-0.003067020044575917,0.0005580237397423493,0.02246457803323363,0.028020558195871948,-0.016210121085790848,-0.0009610073673771862,-0.016774083064739174,0.005844926269898146,0.002881946408604676,0.05298479063347269,0.04227633532246142,0.009350606024428835,-0.02483136310268786,0.019058401838435535,0.00798774626965779,-0.04620397387902418,0.008471304089287673,0.010332624757618768,-0.01563593729509487,-0.006007581450413907,0.008001284538893405,0.003922534582942909,0.01562806920688658,0.002885241175465912,-0.018171866755316603,-0.00828589144127908,-0.0010868524377896328,-0.02218666590945167,0.00626148385463995,0.04227633532246142,0.15282488571188035,0.006612660292669681,-0.029949875549988507,0.03094089917434848,0.03451397737013462,-0.034457473119286756,0.03914305742075328,0.0316661904369206,-0.01929699612053557,-0.034366247285679136,0.011202506492003083,0.001646484833395329,0.014869987021237974,-0.003714105531824942,-0.007420208240393148,-0.028476239264552013,-0.023545533444632283,-0.06293918562526055,-0.035983857210452955,0.009350606024428835,0.006612660292669681,0.09267478026366928,0.027523567154721644,-0.018471980994930075,-0.009887773514990653,0.027082857337563514,-0.010074891473170408,-0.00790976149840621,-0.024774726665545817,0.015824465264689076,-0.00797207571476401,0.010029775862302998,-0.018869644987803164,-0.04015324316980927,0.008348222746718929,-0.000977993969864188,0.008892123349953296,-0.017940204846227926,-0.04630367930792723,-0.02483136310268786,-0.029949875549988507,0.027523567154721644,0.09973727274907927,-0.04872542164260393,-0.03891389513575269,0.10154111689517527,-0.006180162030524819,-0.004394352469178323,0.0004021104156350522,0.017478516824077105,0.0095270731026707,-0.004423241583921152,-0.052641847690815355,-0.03406868178331561,0.03661569867663034,-0.002234117482487122,0.03200417968167607,0.0008864417308982377,0.03127977804783903,0.019058401838435535,0.03094089917434848,-0.018471980994930075,-0.04872542164260393,0.058877167536580635,0.03029856179629034,-0.06411331910176865,0.01160778290347754,0.016407288683033094,0.010347123343527071,-0.022922662150618865,0.003322149626012765,-0.004601087256121737,0.016789880814811996,0.03837326685846006,-0.02025388267685966,-0.010634541908761088,-0.022565677539382954,-0.013253861355503351,0.027051874321527336,0.00798774626965779,0.03451397737013462,-0.009887773514990653,-0.03891389513575269,0.03029856179629034,0.058850582272467866,-0.042409161367901134,0.006039527962998935,0.0033824668942528564,-0.0007585591338197589,-0.014909451808683551,-0.005048339354922512,0.0013079145937613813,0.02605686201505645,0.0183885427967647,-0.006338244913188437,-0.00975168769754977,-0.03370375649550519,-0.012980318284827659,-0.0512999944210472,-0.04620397387902418,-0.034457473119286756,0.027082857337563514,0.10154111689517527,-0.06411331910176865,-0.042409161367901134,0.1657986718102236,-0.01665201309633962,0.004984687283535603,0.0025267585635861717,0.012113581026274859,-0.0024449055898686438,-0.010455394587672345,-0.06342559126527848,-0.04910039189950418,0.05221424431038972,-0.0043696739432141345,0.022072727255169802,0.0033536557214173678,0.011783441016610819,0.008471304089287673,0.03914305742075328,-0.010074891473170408,-0.006180162030524819,0.01160778290347754,0.006039527962998935,-0.01665201309633962,0.03439592292237455,0.0013911249423873271,-0.007151720584944343,-0.013374067179190052,0.012572574208472279,-0.00034435747724476237,-0.0020741374142199303,0.009379673517918576,-0.013332088639167055,-2.3272293155954227e-6,-0.006413182029742889,-0.014925488156685702,0.0016947369499943107,0.010332624757618768,0.0316661904369206,-0.00790976149840621,-0.004394352469178323,0.016407288683033094,0.0033824668942528564,0.004984687283535603,0.0013911249423873271,0.058936387114086185,0.0006304540526725372,-0.014825362827193985,0.0017980935793831746,-0.008453526866244666,0.0038159423933019463,0.01716801129548033,-0.0037732904968270087,-0.02703824266074619,-0.008676693315376035,-0.031801203796520496,0.006562867663894127,-0.01563593729509487,-0.01929699612053557,-0.024774726665545817,0.0004021104156350522,0.010347123343527071,-0.0007585591338197589,0.0025267585635861717,-0.007151720584944343,0.0006304540526725372,0.04200324017997667,-0.007146300874725663,2.180072923534549e-5,-0.007474224924168063,-0.003323378900676577,0.01623869654554108,0.005676794459644946,0.0009665921692130615,-0.008119412173039468,0.014272944982915195,-0.02429589330352283,-0.006007581450413907,-0.034366247285679136,0.015824465264689076,0.017478516824077105,-0.022922662150618865,-0.014909451808683551,0.012113581026274859,-0.013374067179190052,-0.014825362827193985,-0.007146300874725663,0.054262597346013595,-0.007552479578087757,0.00729980128304039,0.005817828882929211,-0.01871282428123632,-0.0007659723328408356,0.011309315352791963,0.01719396711064322,0.01404967450076115,-0.003067020044575917,0.008001284538893405,0.011202506492003083,-0.00797207571476401,0.0095270731026707,0.003322149626012765,-0.005048339354922512,-0.0024449055898686438,0.012572574208472279,0.0017980935793831746,2.180072923534549e-5,-0.007552479578087757,0.028721863801826487,-0.006516417612685491,-0.011646128575273904,0.011552924553171844,-0.005303027246032609,-0.0030100380830008705,0.011735225755432762,-0.002793858276414719,0.0005580237397423493,0.003922534582942909,0.001646484833395329,0.010029775862302998,-0.004423241583921152,-0.004601087256121737,0.0013079145937613813,-0.010455394587672345,-0.00034435747724476237,-0.008453526866244666,-0.007474224924168063,0.00729980128304039,-0.006516417612685491,0.020433962268221677,0.011671299896849324,-0.013154532507953474,-0.0031407539149692397,0.00035667753568302806,-0.004344666955358269,-0.0033806306812735132,0.02246457803323363,0.01562806920688658,0.014869987021237974,-0.018869644987803164,-0.052641847690815355,0.016789880814811996,0.02605686201505645,-0.06342559126527848,-0.0020741374142199303,0.0038159423933019463,-0.003323378900676577,0.005817828882929211,-0.011646128575273904,0.011671299896849324,0.07440180597654589,0.01728282625784333,-0.015502378465277463,-0.003873644948343342,-0.014300433814414908,-0.0052400996709432695,0.028020558195871948,0.002885241175465912,-0.003714105531824942,-0.04015324316980927,-0.03406868178331561,0.03837326685846006,0.0183885427967647,-0.04910039189950418,0.009379673517918576,0.01716801129548033,0.01623869654554108,-0.01871282428123632,0.011552924553171844,-0.013154532507953474,0.01728282625784333,0.08025389631914842,-0.0213748498362812,-0.0081069425819092,-0.01316801319475842,0.0021841549874507993,-0.016210121085790848,-0.018171866755316603,-0.007420208240393148,0.008348222746718929,0.03661569867663034,-0.02025388267685966,-0.006338244913188437,0.05221424431038972,-0.013332088639167055,-0.0037732904968270087,0.005676794459644946,-0.0007659723328408356,-0.005303027246032609,-0.0031407539149692397,-0.015502378465277463,-0.0213748498362812,0.04835261123063972,-0.004538746068194499,0.0004349314230931294,0.0005716292724312411,-0.0009610073673771862,-0.00828589144127908,-0.028476239264552013,-0.000977993969864188,-0.002234117482487122,-0.010634541908761088,-0.00975168769754977,-0.0043696739432141345,-2.3272293155954227e-6,-0.02703824266074619,0.0009665921692130615,0.011309315352791963,-0.0030100380830008705,0.00035667753568302806,-0.003873644948343342,-0.0081069425819092,-0.004538746068194499,0.04023041549426841,0.010683590252955514,0.029049140325384488,-0.016774083064739174,-0.0010868524377896328,-0.023545533444632283,0.008892123349953296,0.03200417968167607,-0.022565677539382954,-0.03370375649550519,0.022072727255169802,-0.006413182029742889,-0.008676693315376035,-0.008119412173039468,0.01719396711064322,0.011735225755432762,-0.004344666955358269,-0.014300433814414908,-0.01316801319475842,0.0004349314230931294,0.010683590252955514,0.03860617085670794,0.008700444874118692,0.005844926269898146,-0.02218666590945167,-0.06293918562526055,-0.017940204846227926,0.0008864417308982377,-0.013253861355503351,-0.012980318284827659,0.0033536557214173678,-0.014925488156685702,-0.031801203796520496,0.014272944982915195,0.01404967450076115,-0.002793858276414719,-0.0033806306812735132,-0.0052400996709432695,0.0021841549874507993,0.0005716292724312411,0.029049140325384488,0.008700444874118692,0.06584649138850188
