0.12050987941570812,-0.00024990299666379927,0.012365886595380602,-0.07472744319045138,-0.08992425041414545,0.06164073604510267,-0.05075941774453502,-0.05048618840939342,0.027668489524402214,0.06260990171243805,-0.013393342748483163,-0.08611486464850068,-0.04588695729372745,-0.02155765222055472,0.04814465298214593,0.017083471813712517,0.08011020827676965,-0.02134565410846719,-0.004308440376017447,0.024649083182186057,-0.00024990299666379927,0.017876269907339985,-0.0016975394559879742,-0.0066939168227613186,0.0006891542585941211,0.0007798859388990422,0.003946900342281541,-0.017773550303730085,0.003374960292191328,0.005909691334400875,-0.0009916058362986406,-0.010362135408154637,-0.001296551132134431,0.0005911143955022762,-2.0319161922342857e-5,0.006206879103990394,0.008569955276506613,-0.0035888175547718897,0.0056737123643193915,0.002077312521602841,0.012365886595380602,-0.0016975394559879742,0.04063004127620598,0.015255309770675927,-0.007439530391703365,-0.025938997713431687,0.007067382971581002,-0.006293025334211088,-0.026530172959527074,0.005004141995018165,-0.015551826404676788,-0.014909238099411339,-0.02142853700786067,0.005355336480908102,0.015672883401964245,0.009056849419826159,0.03644291542812164,0.009564549631342022,-0.0010976210564266405,-0.018142461555960276,-0.07472744319045138,-0.0066939168227613186,0.015255309770675927,0.11602755796778576,0.05832349149488732,-0.10923676276344016,0.059469527834684,0.04451416000126593,-0.058818769895028045,-0.038335267810459706,-0.0071508579906846455,0.0741245108042476,0.017734088879635047,0.01905366585310125,-0.025522513889578886,-0.0034905186047569084,-0.025556477015150732,0.031475848133941234,0.001581355848791164,-0.07046213489015946,-0.08992425041414545,0.0006891542585941211,-0.007439530391703365,0.05832349149488732,0.10847425122113905,-0.03901797376951321,0.049397731034449215,0.02372526612384468,-0.011871622691937587,-0.06450749247757409,0.011209084867028192,0.06001286024975579,0.03419816713406431,0.017348862504501406,-0.044487643555224776,-0.005940986851013066,-0.06464312333484765,0.018215896555442847,0.005558163674717803,-0.019702134509763918,0.06164073604510267,0.0007798859388990422,-0.025938997713431687,-0.10923676276344016,-0.03901797376951321,0.14958609237464698,-0.04200583443744532,-0.04950963838574762,0.07432372369180049,0.027554503929523265,0.018265084188887754,-0.05301655017224508,-0.003173877993365509,-0.03487526853512851,0.004968061275332717,-0.004933455385008701,-0.007379335828467281,-0.047933464240622656,-0.00197310448294574,0.08809345961146836,-0.05075941774453502,0.003946900342281541,0.007067382971581002,0.059469527834684,0.049397731034449215,-0.04200583443744532,0.08808648838824418,-0.012331143714081717,-0.030458307069851677,-0.03534216704555586,-0.01406014252912996,0.04022950933621329,-0.004992416605837879,0.010982585754292782,-0.026377042678012025,-0.008590899799910318,0.004074328592132057,0.01256116373951853,-0.013608708857322384,-0.03669159416559218,-0.05048618840939342,-0.017773550303730085,-0.006293025334211088,0.04451416000126593,0.02372526612384468,-0.04950963838574762,-0.012331143714081717,0.09864562885751132,-0.027297402237590057,-0.023198469923163857,0.021900540045992706,0.061161989677442505,0.03871188987048048,0.012966764821044153,-0.005076876394467309,-0.008979938106151223,-0.0639928213867343,0.024812959655505777,0.005008753549128626,-0.01621589967709057,0.027668489524402214,0.003374960292191328,-0.026530172959527074,-0.058818769895028045,-0.011871622691937587,0.07432372369180049,-0.030458307069851677,-0.027297402237590057,0.0699529462792571,0.012225824229317866,0.0063338533699840134,-0.03547054355155115,0.004953548569339201,-0.018294165751527793,-0.0003132640804015146,0.0047369898040809325,-0.009254279298065542,-0.01742356839833252,-0.0008429733436014951,0.05177484166493819,0.06260990171243805,0.005909691334400875,0.005004141995018165,-0.038335267810459706,-0.06450749247757409,0.027554503929523265,-0.03534216704555586,-0.023198469923163857,0.012225824229317866,0.07768905042432679,-0.014920961370347879,-0.06072513537312388,-0.026319679214059408,-0.004877564581199274,0.023170653269498992,0.01356965104583966,0.0488521208876231,-0.022034583299524645,0.007982279318634159,0.02071543180889208,-0.013393342748483163,-0.0009916058362986406,-0.015551826404676788,-0.0071508579906846455,0.011209084867028192,0.018265084188887754,-0.01406014252912996,0.021900540045992706,0.0063338533699840134,-0.014920961370347879,0.0358948206599695,0.023942465203512488,0.0154560903855715,-0.002906026502120347,-0.012416506471719088,-0.010725740074402934,-0.032929424987712036,-0.004457141981826757,-0.0005664552564516368,0.011416824416761591,-0.08611486464850068,-0.010362135408154637,-0.014909238099411339,0.0741245108042476,0.06001286024975579,-0.05301655017224508,0.04022950933621329,0.061161989677442505,-0.03547054355155115,-0.06072513537312388,0.023942465203512488,0.1242105226004295,0.03928164452436021,0.01076042121045548,-0.0368007121798068,-0.02493167338120949,-0.06970682894799402,0.026837277041556057,7.82015658246482e-5,-0.04315779905134155,-0.04588695729372745,-0.001296551132134431,-0.02142853700786067,0.017734088879635047,0.03419816713406431,-0.003173877993365509,-0.004992416605837879,0.03871188987048048,0.004953548569339201,-0.026319679214059408,0.0154560903855715,0.03928164452436021,0.048265712457540785,0.00014489598936391097,-0.017966407752923463,-0.00506918869595106,-0.06844267936306286,0.006136945103671558,0.007448659215122524,0.015665332182018155,-0.02155765222055472,0.0005911143955022762,0.005355336480908102,0.01905366585310125,0.017348862504501406,-0.03487526853512851,0.010982585754292782,0.012966764821044153,-0.018294165751527793,-0.004877564581199274,-0.002906026502120347,0.01076042121045548,0.00014489598936391097,0.029389079765899214,0.003347850200383379,-0.0026671644188661285,-0.0003768622666503849,0.014432099092102038,-0.011049421719541298,-0.022567992103342864,0.04814465298214593,-2.0319161922342857e-5,0.015672883401964245,-0.025522513889578886,-0.044487643555224776,0.004968061275332717,-0.026377042678012025,-0.005076876394467309,-0.0003132640804015146,0.023170653269498992,-0.012416506471719088,-0.0368007121798068,-0.017966407752923463,0.003347850200383379,0.04411389223810419,0.01480439988055348,0.028130666971033245,-0.009111171958038764,-0.007776272930842015,0.005276292952955794,0.017083471813712517,0.006206879103990394,0.009056849419826159,-0.0034905186047569084,-0.005940986851013066,-0.004933455385008701,-0.008590899799910318,-0.008979938106151223,0.0047369898040809325,0.01356965104583966,-0.010725740074402934,-0.02493167338120949,-0.00506918869595106,-0.0026671644188661285,0.01480439988055348,0.03127827887524438,2.2895634911544594e-5,-0.008887235535872975,0.00019773453984422035,0.005722229636033152,0.08011020827676965,0.008569955276506613,0.03644291542812164,-0.025556477015150732,-0.06464312333484765,-0.007379335828467281,0.004074328592132057,-0.0639928213867343,-0.009254279298065542,0.0488521208876231,-0.032929424987712036,-0.06970682894799402,-0.06844267936306286,-0.0003768622666503849,0.028130666971033245,2.2895634911544594e-5,0.14569281530467737,0.009206642001407455,-0.009460020337474687,-0.03289158189628516,-0.02134565410846719,-0.0035888175547718897,0.009564549631342022,0.031475848133941234,0.018215896555442847,-0.047933464240622656,0.01256116373951853,0.024812959655505777,-0.01742356839833252,-0.022034583299524645,-0.004457141981826757,0.026837277041556057,0.006136945103671558,0.014432099092102038,-0.009111171958038764,-0.008887235535872975,0.009206642001407455,0.04857620806504528,-0.0024586632617094196,-0.037450103335551765,-0.004308440376017447,0.0056737123643193915,-0.0010976210564266405,0.001581355848791164,0.005558163674717803,-0.00197310448294574,-0.013608708857322384,0.005008753549128626,-0.0008429733436014951,0.007982279318634159,-0.0005664552564516368,7.82015658246482e-5,0.007448659215122524,-0.011049421719541298,-0.007776272930842015,0.00019773453984422035,-0.009460020337474687,-0.0024586632617094196,0.028930444173688025,0.006599898008161801,0.024649083182186057,0.002077312521602841,-0.018142461555960276,-0.07046213489015946,-0.019702134509763918,0.08809345961146836,-0.03669159416559218,-0.01621589967709057,0.05177484166493819,0.02071543180889208,0.011416824416761591,-0.04315779905134155,0.015665332182018155,-0.022567992103342864,0.005276292952955794,0.005722229636033152,-0.03289158189628516,-0.037450103335551765,0.006599898008161801,0.09201003431670987
0.020131837587435527,-0.0005768198298724601,-0.004285022564218619,-0.007963255435350505,-0.0013211228890402532,0.0015169852351779559,0.0018609518022429695,0.001049440067884523,0.001818231600080987,0.007434688626817372,-0.0001581039436448218,-0.0029641009042036485,0.0006909941962227509,-0.0042987148658182525,-0.0023173486166955274,0.00532165287282607,0.0010304820011426984,-0.004239898092891261,0.001270792343991738,-0.0021431980861116766,-0.0005768198298724601,0.01731934967715423,0.010604805164184907,-0.005217543511265118,-0.004395641675288095,0.006532018271403574,0.001315294735363095,-0.007971718524564766,0.0023509796043167603,0.0035843217606344414,-0.001289025355922882,-0.0030659553155620513,0.0007372894993143879,0.0014998229989262942,0.006012439743701019,0.006897916497429825,-0.0028973222980628165,-0.0031680103577971753,-0.0009380295823472836,-0.007403201635222267,-0.004285022564218619,0.010604805164184907,0.0474786433158221,-0.0043039160495028745,-0.013192067270087086,0.011304892777215157,0.004231515156665013,-0.014197118104463537,0.008438463587096087,0.008023711326053881,-0.0006544676865172694,-0.008350967359965312,-0.0024955090736438804,0.0026738477020771994,0.01128231504766495,-0.001028477819446616,-0.005695799242863335,-0.002677696846655136,-0.0063447106324212915,-0.0080595530529886,-0.007963255435350505,-0.005217543511265118,-0.0043039160495028745,0.03329127576333427,0.008983503149337583,-0.004311564483097418,0.0009870227952936557,0.0025833484359356405,-0.003186902789398047,-0.005605241236777251,-0.0007036400466972167,-5.1364872303900395e-5,0.0022262427196349317,0.000127312655041799,-0.007112097629229976,-0.004903155142486875,-0.0003449276040895125,0.0012558755213677008,0.0030243738750603453,-0.003286700616832485,-0.0013211228890402532,-0.004395641675288095,-0.013192067270087086,0.008983503149337583,0.021473809829106905,-0.009657365198645906,0.00181631169020896,0.010398758227937429,-0.0011433726595761447,-0.005351174649776464,0.0006983384898973805,0.002279470179450473,-0.001127605170405951,-0.0017821983736521327,-0.00863689486615377,-0.008198880607882743,0.008795798258971217,0.002871032108741994,0.0027824944801133115,0.005121416673907619,0.0015169852351779559,0.006532018271403574,0.011304892777215157,-0.004311564483097418,-0.009657365198645906,0.025495266458314018,-0.001249086673499931,-0.009345453835996786,0.0033311176379198877,0.0017394857526603848,0.0040438650737855825,-0.004725731325169199,-0.0012884284506678705,-0.00033076484994640546,0.00248636711386445,0.011516184643314348,-0.006949307148795202,-0.0041647310808493885,-0.002499957081713529,-0.0035723286961846902,0.0018609518022429695,0.001315294735363095,0.004231515156665013,0.0009870227952936557,0.00181631169020896,-0.001249086673499931,0.01851462410675126,-0.0006265154353353896,-0.0010075554674135625,0.0050117403575759435,-0.003939060858975756,-0.004706113486804193,-0.003384917440291571,-0.0027480525218927395,0.0006447946106307783,0.0013543694524001668,8.961583480494829e-5,0.0009424378873460182,-0.007407511659842764,-0.006644611322137102,0.001049440067884523,-0.007971718524564766,-0.014197118104463537,0.0025833484359356405,0.010398758227937429,-0.009345453835996786,-0.0006265154353353896,0.027659480607298163,-2.38534893410612e-5,-0.0024854354500880756,-0.004226023263530496,0.0033356793395399997,0.0026628202809833843,-0.0011848844384536677,-0.005627736981861546,-0.010647819782037719,0.00941086424564288,0.0027708180613828987,0.0012313904082701691,0.0031569865387823014,0.001818231600080987,0.0023509796043167603,0.008438463587096087,-0.003186902789398047,-0.0011433726595761447,0.0033311176379198877,-0.0010075554674135625,-2.38534893410612e-5,0.011558207232995825,-0.0005604307471696647,0.0004497045115727889,-0.002625358720412789,0.0030844027865273814,-0.0009738583819017831,0.0024887905470852454,-0.0004275666973523823,-0.0004778362955941865,4.510949066945035e-5,-0.0022672845175412534,-0.005303986645508076,0.007434688626817372,0.0035843217606344414,0.008023711326053881,-0.005605241236777251,-0.005351174649776464,0.0017394857526603848,0.0050117403575759435,-0.0024854354500880756,-0.0005604307471696647,0.02248254100022757,-0.006374492979882421,-0.004120491143223681,8.140475601806374e-5,-0.0012077273611869402,0.0035987993884670985,0.005996355472672278,-0.0012306946077953284,-0.001162522438329303,-0.0017833064992852604,-0.010167809186740021,-0.0001581039436448218,-0.001289025355922882,-0.0006544676865172694,-0.0007036400466972167,0.0006983384898973805,0.0040438650737855825,-0.003939060858975756,-0.004226023263530496,0.0004497045115727889,-0.006374492979882421,0.01382540738122606,0.00013599619727567487,-0.0005317230584648946,-0.0003617717540103786,-0.00030718680342746863,0.002775175144546101,-0.0037851437308504443,0.001338996126183923,-0.0006428294534634638,0.005115176604761436,-0.0029641009042036485,-0.0030659553155620513,-0.008350967359965312,-5.1364872303900395e-5,0.002279470179450473,-0.004725731325169199,-0.004706113486804193,0.0033356793395399997,-0.002625358720412789,-0.004120491143223681,0.00013599619727567487,0.017212108208150907,-0.001197572935409657,0.0048896019231917595,-0.0002667363243591664,-0.006710120003651945,0.0019197157176585032,0.0026893158880704022,0.002652071781455914,0.0074629254784609285,0.0006909941962227509,0.0007372894993143879,-0.0024955090736438804,0.0022262427196349317,-0.001127605170405951,-0.0012884284506678705,-0.003384917440291571,0.0026628202809833843,0.0030844027865273814,8.140475601806374e-5,-0.0005317230584648946,-0.001197572935409657,0.012776756634648546,-0.0012325612052959203,-3.481669775873273e-5,0.002179879903634956,0.0003717698147782512,0.001016631046722521,0.005148968063096197,-0.002047306488187743,-0.0042987148658182525,0.0014998229989262942,0.0026738477020771994,0.000127312655041799,-0.0017821983736521327,-0.00033076484994640546,-0.0027480525218927395,-0.0011848844384536677,-0.0009738583819017831,-0.0012077273611869402,-0.0003617717540103786,0.0048896019231917595,-0.0012325612052959203,0.012751240877426715,0.005634290079098516,-0.00299794755163084,-0.0012529253390623231,-0.0010459952888298546,-0.0017431654147796669,-0.0014910749719361394,-0.0023173486166955274,0.006012439743701019,0.01128231504766495,-0.007112097629229976,-0.00863689486615377,0.00248636711386445,0.0006447946106307783,-0.005627736981861546,0.0024887905470852454,0.0035987993884670985,-0.00030718680342746863,-0.0002667363243591664,-3.481669775873273e-5,0.005634290079098516,0.020671802578490658,0.004078788036380093,-0.0028127209761789926,-0.0007923038110133206,-0.0021108739283596523,-0.005228434063504914,0.00532165287282607,0.006897916497429825,-0.001028477819446616,-0.004903155142486875,-0.008198880607882743,0.011516184643314348,0.0013543694524001668,-0.010647819782037719,-0.0004275666973523823,0.005996355472672278,0.002775175144546101,-0.006710120003651945,0.002179879903634956,-0.00299794755163084,0.004078788036380093,0.032216697411859306,-0.010144379027355387,-0.0008693516851791673,0.0010500542561407479,-0.011709873920176191,0.0010304820011426984,-0.0028973222980628165,-0.005695799242863335,-0.0003449276040895125,0.008795798258971217,-0.006949307148795202,8.961583480494829e-5,0.00941086424564288,-0.0004778362955941865,-0.0012306946077953284,-0.0037851437308504443,0.0019197157176585032,0.0003717698147782512,-0.0012529253390623231,-0.0028127209761789926,-0.010144379027355387,0.020688168872875685,0.0004630698710776093,-0.0014003187168051046,0.004041392433795606,-0.004239898092891261,-0.0031680103577971753,-0.002677696846655136,0.0012558755213677008,0.002871032108741994,-0.0041647310808493885,0.0009424378873460182,0.0027708180613828987,4.510949066945035e-5,-0.001162522438329303,0.001338996126183923,0.0026893158880704022,0.001016631046722521,-0.0010459952888298546,-0.0007923038110133206,-0.0008693516851791673,0.0004630698710776093,0.018792045618797295,0.0023484042553118998,0.0067128166612422865,0.001270792343991738,-0.0009380295823472836,-0.0063447106324212915,0.0030243738750603453,0.0027824944801133115,-0.002499957081713529,-0.007407511659842764,0.0012313904082701691,-0.0022672845175412534,-0.0017833064992852604,-0.0006428294534634638,0.002652071781455914,0.005148968063096197,-0.0017431654147796669,-0.0021108739283596523,0.0010500542561407479,-0.0014003187168051046,0.0023484042553118998,0.010753742029517286,0.003045005070198791,-0.0021431980861116766,-0.007403201635222267,-0.0080595530529886,-0.003286700616832485,0.005121416673907619,-0.0035723286961846902,-0.006644611322137102,0.0031569865387823014,-0.005303986645508076,-0.010167809186740021,0.005115176604761436,0.0074629254784609285,-0.002047306488187743,-0.0014910749719361394,-0.005228434063504914,-0.011709873920176191,0.004041392433795606,0.0067128166612422865,0.003045005070198791,0.03239170393130519
