0.023874818447126186,0.00041686508081408306,0.0001592969359978007,-0.0043226509949977,0.004468218630003497,0.009387915544395376,0.0021474902018223333,0.002326009708754172,-0.005259366165798144,-0.0013923237134360613,0.004355800761161629,-0.0036175545487833302,-0.0010476230448769757,-0.006176545201487434,0.0008408790093421831,-0.0014483793459854379,0.004305119231299219,-0.0009271573955360966,-0.0029740037699146505,0.001420702149084818,0.00041686508081408306,0.020064216983206623,0.0003742914455671332,-0.0039148081813462614,-0.0006397141413066236,-0.006516245806810348,0.000624441538372661,-0.0043071077450350164,0.0025436051264003693,0.005144151127029742,0.0041729473682923235,-0.0059297683184945955,-0.00048322086734207834,0.000701746643337862,0.002931738586767466,0.004160047506951393,-0.0035084499341150894,0.009368310770289429,0.0034736457722349644,0.00209896381626861,0.0001592969359978007,0.0003742914455671332,0.020546289432176477,-0.008030339872956021,-0.0022562561671327953,0.0004753736528585166,-0.0015430616913539755,0.0032752620109730434,0.007972523832388115,-0.00038724443199953155,0.004369487525735998,0.0034315242051303836,0.003631618119137236,0.002396152427154282,0.003325255029753403,-0.0024336039726747683,-0.0025300693609916058,-0.002172823972762382,0.005009699332298384,0.007104450683080253,-0.0043226509949977,-0.0039148081813462614,-0.008030339872956021,0.027923028119422186,0.0010326904691664485,-0.0011805612177941626,0.002272905838466824,-0.0008743373134227311,-0.005655352239886701,1.1497843361402502e-5,-0.002874223105236752,-0.0003117997922873232,-0.0011126414337342724,0.0031167401062206198,0.0011982216926521936,-0.0013093842140884367,0.0038071104860644242,0.006360670521863525,-0.004439311369855366,-0.004978078040384883,0.004468218630003497,-0.0006397141413066236,-0.0022562561671327953,0.0010326904691664485,0.02130856127779353,0.008903833481992432,-0.0021946202501721213,0.0002991128749221444,-0.004259359914896749,0.0006875752961199566,-0.006716604978716529,-0.0005122493372836319,-0.00018938358519579417,0.005859496087574068,-0.004573671339840613,-0.00046159454961392334,0.001743359124609497,-0.002692614267742671,-0.005413934985525044,-0.003618809096165224,0.009387915544395376,-0.006516245806810348,0.0004753736528585166,-0.0011805612177941626,0.008903833481992432,0.031080516717413152,-0.008272513952351412,0.006004527214361644,-0.009014669141376386,0.0037291937172208908,-0.0017238497381996626,0.0036182383811308727,0.0010826222405224688,0.0005870615001295312,-0.001824059558737799,-0.005744987590908555,0.006364149301963343,-0.010207879451890643,-0.0050964291088170886,-0.0011153657514460567,0.0021474902018223333,0.000624441538372661,-0.0015430616913539755,0.002272905838466824,-0.0021946202501721213,-0.008272513952351412,0.01831197909535837,-0.006189818240143339,0.007151513608474135,-0.004290639202512209,0.004301204839823438,-0.0013308359667816758,0.0010561220022240845,-0.0030008682363870534,0.002979785811801137,0.002808764382158306,-0.0009456220007538515,0.005601817840099493,0.0011826621235113016,-0.0008765968273981209,0.002326009708754172,-0.0043071077450350164,0.0032752620109730434,-0.0008743373134227311,0.0002991128749221444,0.006004527214361644,-0.006189818240143339,0.014825183289218955,0.00013983094036404398,0.0017828083074080086,-0.002844705383579382,0.005686530427485452,0.005089156301164573,-0.0036837422419376386,-0.003063557306833435,-0.002301105629659751,0.003822887681280646,-0.011523353392573214,0.00017949567363623179,-0.0022307197758763405,-0.005259366165798144,0.0025436051264003693,0.007972523832388115,-0.005655352239886701,-0.004259359914896749,-0.009014669141376386,0.007151513608474135,0.00013983094036404398,0.019777008672666505,-0.001749578841224693,0.004956941709027156,0.00340805690604668,0.0011612589437029995,0.0024221822149529853,0.006101208986380335,0.00362460405182682,-0.001876623497976081,0.009357493327460626,0.009358434359055309,0.005457102163074485,-0.0013923237134360613,0.005144151127029742,-0.00038724443199953155,1.1497843361402502e-5,0.0006875752961199566,0.0037291937172208908,-0.004290639202512209,0.0017828083074080086,-0.001749578841224693,0.02124484271240611,0.0011272210742789635,0.0015372699399302018,0.003959596471386578,-0.0032625844672940427,-0.0014216563712819048,0.0010581188605059953,0.0006414490809188659,0.0024482639944322262,0.003379201431165238,-0.0012391172872934712,0.004355800761161629,0.0041729473682923235,0.004369487525735998,-0.002874223105236752,-0.006716604978716529,-0.0017238497381996626,0.004301204839823438,-0.002844705383579382,0.004956941709027156,0.0011272210742789635,0.019870442335547953,0.002844524910891804,0.0029103962886566797,-0.004258485200238422,0.006268414232288812,-0.005372588838292542,-0.0021037076835063277,0.004481204963304922,0.0034314042791111356,0.0017217346813229663,-0.0036175545487833302,-0.0059297683184945955,0.0034315242051303836,-0.0003117997922873232,-0.0005122493372836319,0.0036182383811308727,-0.0013308359667816758,0.005686530427485452,0.00340805690604668,0.0015372699399302018,0.002844524910891804,0.028285856028088165,0.015693945896319283,-0.0028559405522347835,0.0005645477652692876,-0.0013575235754110506,0.007684220508384508,-0.01136010152585758,2.175667586318155e-5,-0.0029043739090925226,-0.0010476230448769757,-0.00048322086734207834,0.003631618119137236,-0.0011126414337342724,-0.00018938358519579417,0.0010826222405224688,0.0010561220022240845,0.005089156301164573,0.0011612589437029995,0.003959596471386578,0.0029103962886566797,0.015693945896319283,0.028482363034470447,-0.005734911588988579,-8.006877739469616e-5,0.006417955338023529,0.010408265766052863,-0.01193938357465261,-0.0011180555990895457,-0.006529758819331342,-0.006176545201487434,0.000701746643337862,0.002396152427154282,0.0031167401062206198,0.005859496087574068,0.0005870615001295312,-0.0030008682363870534,-0.0036837422419376386,0.0024221822149529853,-0.0032625844672940427,-0.004258485200238422,-0.0028559405522347835,-0.005734911588988579,0.022154275524812517,-0.0015072873124250563,-0.0031661508247653875,-0.008431148640469385,0.0022178410033459346,-0.002740401174743341,0.002402875467730001,0.0008408790093421831,0.002931738586767466,0.003325255029753403,0.0011982216926521936,-0.004573671339840613,-0.001824059558737799,0.002979785811801137,-0.003063557306833435,0.006101208986380335,-0.0014216563712819048,0.006268414232288812,0.0005645477652692876,-8.006877739469616e-5,-0.0015072873124250563,0.014224486508196342,-0.001068148921572973,-0.000956215779644118,0.005229009237487811,0.0012700555819801205,0.004022448128536686,-0.0014483793459854379,0.004160047506951393,-0.0024336039726747683,-0.0013093842140884367,-0.00046159454961392334,-0.005744987590908555,0.002808764382158306,-0.002301105629659751,0.00362460405182682,0.0010581188605059953,-0.005372588838292542,-0.0013575235754110506,0.006417955338023529,-0.0031661508247653875,-0.001068148921572973,0.019572054070852978,0.004336916364094606,0.0012771763788776303,0.0021338973593116877,-0.0007997719962769994,0.004305119231299219,-0.0035084499341150894,-0.0025300693609916058,0.0038071104860644242,0.001743359124609497,0.006364149301963343,-0.0009456220007538515,0.003822887681280646,-0.001876623497976081,0.0006414490809188659,-0.0021037076835063277,0.007684220508384508,0.010408265766052863,-0.008431148640469385,-0.000956215779644118,0.004336916364094606,0.025680589037996575,-0.006954257482289616,-0.00682836302944047,-0.0022318341168911632,-0.0009271573955360966,0.009368310770289429,-0.002172823972762382,0.006360670521863525,-0.002692614267742671,-0.010207879451890643,0.005601817840099493,-0.011523353392573214,0.009357493327460626,0.0024482639944322262,0.004481204963304922,-0.01136010152585758,-0.01193938357465261,0.0022178410033459346,0.005229009237487811,0.0012771763788776303,-0.006954257482289616,0.03736105813689927,0.005952402766049249,0.009289947995767725,-0.0029740037699146505,0.0034736457722349644,0.005009699332298384,-0.004439311369855366,-0.005413934985525044,-0.0050964291088170886,0.0011826621235113016,0.00017949567363623179,0.009358434359055309,0.003379201431165238,0.0034314042791111356,2.175667586318155e-5,-0.0011180555990895457,-0.002740401174743341,0.0012700555819801205,0.0021338973593116877,-0.00682836302944047,0.005952402766049249,0.022959689924340686,0.0024352520909184158,0.001420702149084818,0.00209896381626861,0.007104450683080253,-0.004978078040384883,-0.003618809096165224,-0.0011153657514460567,-0.0008765968273981209,-0.0022307197758763405,0.005457102163074485,-0.0012391172872934712,0.0017217346813229663,-0.0029043739090925226,-0.006529758819331342,0.002402875467730001,0.004022448128536686,-0.0007997719962769994,-0.0022318341168911632,0.009289947995767725,0.0024352520909184158,0.019282926560138514
0.05649844251745782,-0.014962042822773018,0.02231475309573851,0.05034352509000581,-0.09232855272825405,0.0016643073592910805,-0.06823793648000995,-0.06350569587098602,0.07137586297643184,0.01533891563100822,0.013486567071006539,0.017311425619635695,0.0480653399220059,0.003195666570214266,-0.06434315439045489,-0.05603938333510142,0.0111298048273983,0.07720046446908657,0.00504322107825953,0.027515827654150032,-0.014962042822773018,0.03798945555122057,-0.01191898530789485,-0.027960262171299266,0.023708850082857977,-0.01760784339555623,0.016399068745944226,0.021178125772946907,-0.020070010624859302,0.00417184765579749,0.008333483931486717,-0.008695321369262769,-0.014845513952490987,0.015334556725522835,0.01436861452792098,0.014505795813443429,-0.013558577378760981,-0.025628940793266906,0.011549584604017237,-0.006228536164074603,0.02231475309573851,-0.01191898530789485,0.05854599633076251,0.04149593177186561,-0.0717696804213113,0.012742668677483401,-0.04875032795960449,-0.05872647960307819,0.059381779600028724,-0.008222091992811965,0.0011718189417263968,0.01016657509379412,0.041675442304165165,-0.010483331310702339,-0.050212348388997,-0.04270775739210901,0.01661391903852635,0.05777979885267758,-0.010233680430035811,0.01737427596823405,0.05034352509000581,-0.027960262171299266,0.04149593177186561,0.09174376741800358,-0.132926806746122,0.007137141824016559,-0.10198892664099612,-0.09428811235682416,0.10529372932801079,0.008000911013804873,0.02364138223917303,0.021343418741381136,0.07687771870498677,-0.0029856942242353977,-0.09013235068734554,-0.07598264834663265,0.022386369483897307,0.10987280109505065,-0.0029342846009479274,0.037459188279445776,-0.09232855272825405,0.023708850082857977,-0.0717696804213113,-0.132926806746122,0.2988439916915939,0.02496118646991069,0.21969801819448365,0.19909262539166828,-0.22082025646117892,-0.03575863448882803,-0.061161488007804896,-0.033423459566847696,-0.1715697567855548,-0.0161615863415886,0.2100629120584564,0.17974022432924253,-0.02887152686935983,-0.2122681663574715,-0.01898017309033314,-0.09809019517441961,0.0016643073592910805,-0.01760784339555623,0.012742668677483401,0.007137141824016559,0.02496118646991069,0.06679934966450098,0.03088733207240733,0.012574921998020929,-0.022120423008375585,-0.02990520532166436,-0.024787121039361273,0.004397443075020969,-0.025100730161371973,-0.03042577494704928,0.03780402898681067,0.03876058209672009,0.014333927882380817,-0.012491413383427772,-0.02992772323593426,-0.026403585245893965,-0.06823793648000995,0.016399068745944226,-0.04875032795960449,-0.10198892664099612,0.21969801819448365,0.03088733207240733,0.19247986500823314,0.15265158763079434,-0.17128696001042049,-0.03987068179056728,-0.04838316673270851,-0.02410292864153466,-0.13229741611538826,-0.022143700742862663,0.16910489155660083,0.1478025290522072,-0.012692307613828627,-0.16216496942176944,-0.01890256129386248,-0.08101644640377112,-0.06350569587098602,0.021178125772946907,-0.05872647960307819,-0.09428811235682416,0.19909262539166828,0.012574921998020929,0.15265158763079434,0.16087632004842278,-0.1558831263521129,-0.018656068554118554,-0.03324992520869065,-0.025273089625564432,-0.1181760102752767,-0.00925757602102676,0.1488168412526305,0.12410174973802579,-0.023260840678799303,-0.1512513712312697,-0.011103986287780674,-0.06371761175421539,0.07137586297643184,-0.020070010624859302,0.059381779600028724,0.10529372932801079,-0.22082025646117892,-0.022120423008375585,-0.17128696001042049,-0.1558831263521129,0.1997823460166179,0.024838757148550834,0.047759295326582456,0.02551584581620127,0.1400504865172167,0.012843973759694184,-0.17591422086998765,-0.14480721678784064,0.01829886117246381,0.1699320717898692,0.013341095781172891,0.07698862539690343,0.01533891563100822,0.00417184765579749,-0.008222091992811965,0.008000911013804873,-0.03575863448882803,-0.02990520532166436,-0.03987068179056728,-0.018656068554118554,0.024838757148550834,0.04356497859040471,0.016204496506830725,-0.0001328063862669652,0.024643036486452753,0.018959181917747918,-0.039301548456965055,-0.04088499153612184,-0.012121552595063582,0.02217080742576676,0.017413778556897047,0.023540539191782332,0.013486567071006539,0.008333483931486717,0.0011718189417263968,0.02364138223917303,-0.061161488007804896,-0.024787121039361273,-0.04838316673270851,-0.03324992520869065,0.047759295326582456,0.016204496506830725,0.042000587578601895,0.00405709674627577,0.039786716623269484,0.016055069227075006,-0.04760306603517328,-0.040951655511969484,-0.003028813942893227,0.03589838066966311,0.015664799916412613,0.023681262297840185,0.017311425619635695,-0.008695321369262769,0.01016657509379412,0.021343418741381136,-0.033423459566847696,0.004397443075020969,-0.02410292864153466,-0.025273089625564432,0.02551584581620127,-0.0001328063862669652,0.00405709674627577,0.019381435189452248,0.01894239781185398,0.0016010305062079224,-0.024309494412776182,-0.015724784236449692,0.005010987134318083,0.030532085271643146,0.0009100675705362242,0.010769394072772864,0.0480653399220059,-0.014845513952490987,0.041675442304165165,0.07687771870498677,-0.1715697567855548,-0.025100730161371973,-0.13229741611538826,-0.1181760102752767,0.1400504865172167,0.024643036486452753,0.039786716623269484,0.01894239781185398,0.12093835772766096,0.011033578965682245,-0.13265251651667653,-0.11567526857907648,0.013399107841197638,0.12414763573056828,0.013659577816292843,0.06299617265739338,0.003195666570214266,0.015334556725522835,-0.010483331310702339,-0.0029856942242353977,-0.0161615863415886,-0.03042577494704928,-0.022143700742862663,-0.00925757602102676,0.012843973759694184,0.018959181917747918,0.016055069227075006,0.0016010305062079224,0.011033578965682245,0.03946836945409228,-0.03683876660823976,-0.023804027774532163,-0.014150229775416119,0.01469968033500714,0.018201081467935597,0.01179137184725914,-0.06434315439045489,0.01436861452792098,-0.050212348388997,-0.09013235068734554,0.2100629120584564,0.03780402898681067,0.16910489155660083,0.1488168412526305,-0.17591422086998765,-0.039301548456965055,-0.04760306603517328,-0.024309494412776182,-0.13265251651667653,-0.03683876660823976,0.20445421616824508,0.1506152841637175,-0.005839508755544663,-0.16300993289834878,-0.021569029985674632,-0.07912014121558833,-0.05603938333510142,0.014505795813443429,-0.04270775739210901,-0.07598264834663265,0.17974022432924253,0.03876058209672009,0.1478025290522072,0.12410174973802579,-0.14480721678784064,-0.04088499153612184,-0.040951655511969484,-0.015724784236449692,-0.11567526857907648,-0.023804027774532163,0.1506152841637175,0.1409251153795129,-0.00812508739055754,-0.13971025970598366,-0.013880009531336963,-0.07293436687495511,0.0111298048273983,-0.013558577378760981,0.01661391903852635,0.022386369483897307,-0.02887152686935983,0.014333927882380817,-0.012692307613828627,-0.023260840678799303,0.01829886117246381,-0.012121552595063582,-0.003028813942893227,0.005010987134318083,0.013399107841197638,-0.014150229775416119,-0.005839508755544663,-0.00812508739055754,0.03244765265867321,0.02729921418749325,-0.008423402800647276,0.0019870935891099927,0.07720046446908657,-0.025628940793266906,0.05777979885267758,0.10987280109505065,-0.2122681663574715,-0.012491413383427772,-0.16216496942176944,-0.1512513712312697,0.1699320717898692,0.02217080742576676,0.03589838066966311,0.030532085271643146,0.12414763573056828,0.01469968033500714,-0.16300993289834878,-0.13971025970598366,0.02729921418749325,0.18150504931285663,0.008934091233279186,0.06693408628764291,0.00504322107825953,0.011549584604017237,-0.010233680430035811,-0.0029342846009479274,-0.01898017309033314,-0.02992772323593426,-0.01890256129386248,-0.011103986287780674,0.013341095781172891,0.017413778556897047,0.015664799916412613,0.0009100675705362242,0.013659577816292843,0.018201081467935597,-0.021569029985674632,-0.013880009531336963,-0.008423402800647276,0.008934091233279186,0.03141001952697819,0.01692144095254064,0.027515827654150032,-0.006228536164074603,0.01737427596823405,0.037459188279445776,-0.09809019517441961,-0.026403585245893965,-0.08101644640377112,-0.06371761175421539,0.07698862539690343,0.023540539191782332,0.023681262297840185,0.010769394072772864,0.06299617265739338,0.01179137184725914,-0.07912014121558833,-0.07293436687495511,0.0019870935891099927,0.06693408628764291,0.01692144095254064,0.053633644007897455
