0.024585605159143518,-0.00202720458732583,-0.0028729189551518902,-0.008829482338431524,-0.0025845417303007757,0.004553230226329632,-0.001405502036618303,-0.00027616097498732743,0.00416398073035658,0.00023601940664123486,0.003435242897401088,-0.0028349576943760505,-0.0025396643039641,0.0014750169909509571,0.0018481063242518155,0.0033153004260874502,0.0025673381351033918,-0.0036405810488080383,-0.00029151221686884196,-0.001800586297480704,-0.00202720458732583,0.016919461111277907,-0.0025656747593424305,-0.003861100677628649,-0.0006223135930832828,0.004909594230213907,0.0003476440431479691,-0.007560208050212816,-0.003997240055027333,0.0012272798115406877,0.001042952231083619,-0.0025670477420537308,0.0005608374166151801,0.0022021029697624488,0.004122388425008677,0.005107738074963744,0.002131219388780862,-0.0003645783823157078,0.0005703929831037792,0.0014814565375620855,-0.0028729189551518902,-0.0025656747593424305,0.030669020580208844,-0.0036718155497111656,-0.011755087480075657,0.007091210523108004,0.004005110848937753,-0.011044379309514716,-0.0054652120530092095,0.0050598690677595105,-0.00414813748080909,-0.003186457176668535,-0.008685765553560371,0.004113717837556569,0.004128520577142269,0.001209366722939335,0.005207298085083652,-1.7163000569479134e-5,-0.004841905280887437,0.0005356727510418334,-0.008829482338431524,-0.003861100677628649,-0.0036718155497111656,0.03371597566897595,0.006694626165496953,-0.011674211091258335,0.0012915116085986244,0.006918554975127772,-0.0038438103930566823,0.0030943103286622106,-0.0030142640778360137,0.0027581989696341697,0.003609352265994974,-0.004660354824493576,-0.005505894391400769,-0.003347907694706895,-0.004720438860105247,-0.0028037588581930643,0.0037991993249753167,-0.008468466062457207,-0.0025845417303007757,-0.0006223135930832828,-0.011755087480075657,0.006694626165496953,0.01720470442237949,-0.007982392113906198,0.0001981692380363782,0.00907416776214934,0.0014520941292160564,-0.002886155222793647,0.0018021217013386218,0.0017940301754269619,0.0021090314205010692,0.0016126522277865032,0.0012497872516765772,-0.0044300897568038365,0.0015508083559100496,0.0019537027000308725,0.0031281903099756887,-0.0004474978920525518,0.004553230226329632,0.004909594230213907,0.007091210523108004,-0.011674211091258335,-0.007982392113906198,0.025432824268066045,0.0029034754259594656,-0.012335346765063109,-0.0003138970178239015,0.005064005720628996,0.001514162864608219,-0.0019957570000874825,-0.007509505543185236,0.002066719031505211,0.0008536748052840033,0.001584309268209863,0.003898504461800699,-0.004756846202975711,-0.007598338797038092,0.0027566796238128934,-0.001405502036618303,0.0003476440431479691,0.004005110848937753,0.0012915116085986244,0.0001981692380363782,0.0029034754259594656,0.025254536450255508,-0.010701656022708912,-0.005519337207145128,-0.0013354868961239887,-0.004907411519973087,-0.0009076283255846245,0.0007096136703869287,-0.005089712486845113,-0.0016820441313780093,0.001465875050452694,0.0016885182023933243,0.000712363425514352,-0.004161316536665502,-0.0023068856187329276,-0.00027616097498732743,-0.007560208050212816,-0.011044379309514716,0.006918554975127772,0.00907416776214934,-0.012335346765063109,-0.010701656022708912,0.03651047756282227,0.005227401467703722,-0.006261954461678283,0.0027705707154132633,0.0008143708590848218,0.005891612005292889,-0.0008561774868603588,-0.00041456283538126454,-0.004426383682162615,-0.0013978393293562375,0.00781489598807144,0.0038765250565753005,0.0036304181212247974,0.00416398073035658,-0.003997240055027333,-0.0054652120530092095,-0.0038438103930566823,0.0014520941292160564,-0.0003138970178239015,-0.005519337207145128,0.005227401467703722,0.0168586601574214,-0.004269637877394106,0.0007857701540433942,0.0029111265707809694,0.002837206890650167,-0.00016342094211670562,0.005999842711709245,0.000812425562809807,-0.003064418782493642,0.003350011491859033,-0.0018472601753724664,-0.001969412078769831,0.00023601940664123486,0.0012272798115406877,0.0050598690677595105,0.0030943103286622106,-0.002886155222793647,0.005064005720628996,-0.0013354868961239887,-0.006261954461678283,-0.004269637877394106,0.022006391255577972,-0.0007178361569300604,-0.004380320372380892,0.0015494992904370522,0.0007525257868005504,0.00029475961546517894,0.008056617766185947,-0.00370548577167358,-0.003462062741482498,1.800186131784645e-5,-0.0022420973046163263,0.003435242897401088,0.001042952231083619,-0.00414813748080909,-0.0030142640778360137,0.0018021217013386218,0.001514162864608219,-0.004907411519973087,0.0027705707154132633,0.0007857701540433942,-0.0007178361569300604,0.01846968082349021,-0.0025784886077513157,0.00129306763352766,-0.001833968492057427,0.0001862739853184104,0.00023753205978367054,-0.0011842877916627228,-0.002151720110312534,-0.003251707790036339,0.0002712417359426652,-0.0028349576943760505,-0.0025670477420537308,-0.003186457176668535,0.0027581989696341697,0.0017940301754269619,-0.0019957570000874825,-0.0009076283255846245,0.0008143708590848218,0.0029111265707809694,-0.004380320372380892,-0.0025784886077513157,0.0262347978133599,0.0003094693875674628,0.0020595975964760906,-0.0017511430071848926,-0.0044302752825176196,-0.0031580030130945467,-0.002312688362533259,0.0032615878934782977,-0.0046262804772432145,-0.0025396643039641,0.0005608374166151801,-0.008685765553560371,0.003609352265994974,0.0021090314205010692,-0.007509505543185236,0.0007096136703869287,0.005891612005292889,0.002837206890650167,0.0015494992904370522,0.00129306763352766,0.0003094693875674628,0.014773519362835467,-0.0009037380687714333,0.0006467608809437647,-0.0027807287050393295,-0.004669275410324192,0.002235146211180328,0.0025731668346461265,0.0005884864887110673,0.0014750169909509571,0.0022021029697624488,0.004113717837556569,-0.004660354824493576,0.0016126522277865032,0.002066719031505211,-0.005089712486845113,-0.0008561774868603588,-0.00016342094211670562,0.0007525257868005504,-0.001833968492057427,0.0020595975964760906,-0.0009037380687714333,0.016787090717179397,-0.0013884707515817642,-0.0044108164966316825,-0.0005262862268996661,-0.0014405627527021522,-0.00209932080067614,-0.0008911278348532251,0.0018481063242518155,0.004122388425008677,0.004128520577142269,-0.005505894391400769,0.0012497872516765772,0.0008536748052840033,-0.0016820441313780093,-0.00041456283538126454,0.005999842711709245,0.00029475961546517894,0.0001862739853184104,-0.0017511430071848926,0.0006467608809437647,-0.0013884707515817642,0.01715324453387765,0.00640209144033484,-0.0009706203854686786,-0.0008959037681053172,0.0022667452073368436,-0.0006143269767991983,0.0033153004260874502,0.005107738074963744,0.001209366722939335,-0.003347907694706895,-0.0044300897568038365,0.001584309268209863,0.001465875050452694,-0.004426383682162615,0.000812425562809807,0.008056617766185947,0.00023753205978367054,-0.0044302752825176196,-0.0027807287050393295,-0.0044108164966316825,0.00640209144033484,0.01700903974264738,-0.0023310596698736634,-0.0018261691299474396,-0.0027508558624256873,-0.002564235914386846,0.0025673381351033918,0.002131219388780862,0.005207298085083652,-0.004720438860105247,0.0015508083559100496,0.003898504461800699,0.0016885182023933243,-0.0013978393293562375,-0.003064418782493642,-0.00370548577167358,-0.0011842877916627228,-0.0031580030130945467,-0.004669275410324192,-0.0005262862268996661,-0.0009706203854686786,-0.0023310596698736634,0.02089385868059534,0.00016461387617670005,-0.0028289957045101437,0.004000155112173075,-0.0036405810488080383,-0.0003645783823157078,-1.7163000569479134e-5,-0.0028037588581930643,0.0019537027000308725,-0.004756846202975711,0.000712363425514352,0.00781489598807144,0.003350011491859033,-0.003462062741482498,-0.002151720110312534,-0.002312688362533259,0.002235146211180328,-0.0014405627527021522,-0.0008959037681053172,-0.0018261691299474396,0.00016461387617670005,0.019136465934255265,0.001782241172213992,0.005854080044412862,-0.00029151221686884196,0.0005703929831037792,-0.004841905280887437,0.0037991993249753167,0.0031281903099756887,-0.007598338797038092,-0.004161316536665502,0.0038765250565753005,-0.0018472601753724664,1.800186131784645e-5,-0.003251707790036339,0.0032615878934782977,0.0025731668346461265,-0.00209932080067614,0.0022667452073368436,-0.0027508558624256873,-0.0028289957045101437,0.001782241172213992,0.010081297932020701,-0.001853061983161938,-0.001800586297480704,0.0014814565375620855,0.0005356727510418334,-0.008468466062457207,-0.0004474978920525518,0.0027566796238128934,-0.0023068856187329276,0.0036304181212247974,-0.001969412078769831,-0.0022420973046163263,0.0002712417359426652,-0.0046262804772432145,0.0005884864887110673,-0.0008911278348532251,-0.0006143269767991983,-0.002564235914386846,0.004000155112173075,0.005854080044412862,-0.001853061983161938,0.02757759085377433
