0.022127907895369288,0.005343281824085535,0.008804547702213224,0.00470868322358136,-0.006453919545042102,-0.007692119436783246,-0.0008422628260639923,-0.002806120437617788,-0.0046286308085792555,0.002311848372941021,0.0035650496136716164,0.0023276429122405053,-0.0058586979047542745,-0.0035727602065823826,0.006683445795094684,-0.005813449875229809,-0.00044837859806887755,0.006189196027706591,-0.007648165551768104,-0.003837117962339298,0.005343281824085535,0.019364592743734345,0.004591907623774718,0.00551486257735373,-0.005619356121816101,-0.005323532889498441,0.0016207586399981462,0.0026555634287131064,0.004171070483167956,-0.003402593064918056,0.00560579884009145,-0.0037386253172329792,-0.004832814949463436,0.004999868524610207,-0.0017459396303790278,0.0049084497116434304,-0.0007738456111673145,0.000434556314154807,-0.0023116416133483145,0.0034710144973194353,0.008804547702213224,0.004591907623774718,0.04485382602639219,-0.00020482081571222702,-0.005792903982499569,-0.0017859540163334135,-0.009239915555051917,-0.00654381390718241,-0.012611519665109287,0.005362364728435542,0.0016398192044588206,-0.004316504709456392,-0.002997151270770568,-0.00523878050346101,0.0038010853964654846,0.0005678629607182377,-0.01161195029835025,0.00042798811423623855,-0.01079994673073158,0.0034807876119553726,0.00470868322358136,0.00551486257735373,-0.00020482081571222702,0.028156668934199897,-0.0025652949253490744,-0.005415952727576423,-0.008400783511021397,9.223473933702831e-5,-0.003426191255189558,-0.006065011332370035,-0.00037155183118454444,-0.0024385698282791885,-0.005434919586379065,-0.002229756395674674,-0.00015816163450222111,0.0007910487851348044,0.003963139131731369,-0.0012624092293419928,0.0016294959218821634,-2.028586718960478e-5,-0.006453919545042102,-0.005619356121816101,-0.005792903982499569,-0.0025652949253490744,0.024042468659635628,0.007384187074367455,0.005448760960895228,0.0036484546232609183,0.008366094263092885,-0.0023289040347894583,-0.0013690872474990158,-0.002243980945472124,0.011258148851887737,0.0011271358388062318,-0.0035035642036893434,-0.0033829772500224317,-0.0003924550486375852,-7.176258965044301e-6,0.0016117839688406263,-0.0015360030970490552,-0.007692119436783246,-0.005323532889498441,-0.0017859540163334135,-0.005415952727576423,0.007384187074367455,0.021671508129837536,0.0009730316641356996,0.0016940920738351423,0.0023405843331672305,-0.003400613253857273,-0.00661020765404521,-0.0013454048666045396,0.013417226634104823,0.00026817246402156315,-0.003731821371730227,-0.002719846042493792,-0.004011275311310505,-0.0036195375951149603,0.0022543384911822457,0.001456903684392709,-0.0008422628260639923,0.0016207586399981462,-0.009239915555051917,-0.008400783511021397,0.005448760960895228,0.0009730316641356996,0.021702255536867856,-0.00444245923122653,0.003720335034358566,-0.0051431526778691165,0.0035792585851631585,-0.005735760880083641,0.004262445717938218,0.003193057952280504,-0.0032666690557697246,0.0029510727878611543,0.0017442358860262133,-0.0030712025480562556,0.00026498786724377316,0.005166734053089181,-0.002806120437617788,0.0026555634287131064,-0.00654381390718241,9.223473933702831e-5,0.0036484546232609183,0.0016940920738351423,-0.00444245923122653,0.016883460162094112,0.004976093689407917,-0.0014722649078767777,-0.008136473724116654,0.0023605204396840024,-0.00062727310368935,0.0028629087712611517,0.0004974610088105717,-0.0027633494331830303,-0.0023893534327476132,-0.0034490366963009795,0.006219429083903663,-0.004335710658144148,-0.0046286308085792555,0.004171070483167956,-0.012611519665109287,-0.003426191255189558,0.008366094263092885,0.0023405843331672305,0.003720335034358566,0.004976093689407917,0.023431489256110334,-0.0061249669321449506,0.0007862236613758338,0.00253576243689495,0.0004692667125410561,-0.0008327952589868839,-0.002838634670280205,0.002105983922885489,0.001974487867057857,-0.0033410267181289335,0.009431689375272313,-0.0023036212754409934,0.002311848372941021,-0.003402593064918056,0.005362364728435542,-0.006065011332370035,-0.0023289040347894583,-0.003400613253857273,-0.0051431526778691165,-0.0014722649078767777,-0.0061249669321449506,0.025312882469324234,-0.004858505490415667,0.005562748466428392,-0.005613005348082119,-0.0009521288958830905,0.00295938590612539,-0.0009816380531064484,-0.006797968492055432,0.006220218233376628,0.00024336623256332495,-0.005680527952494437,0.0035650496136716164,0.00560579884009145,0.0016398192044588206,-0.00037155183118454444,-0.0013690872474990158,-0.00661020765404521,0.0035792585851631585,-0.008136473724116654,0.0007862236613758338,-0.004858505490415667,0.01714391980816145,-0.005302962025070418,0.0018751578271180103,0.00017261666926012426,-0.001499123662801972,-0.0018227861904353349,0.002373418548404405,0.0020845142610518173,-0.008074799618999472,0.009985951489326437,0.0023276429122405053,-0.0037386253172329792,-0.004316504709456392,-0.0024385698282791885,-0.002243980945472124,-0.0013454048666045396,-0.005735760880083641,0.0023605204396840024,0.00253576243689495,0.005562748466428392,-0.005302962025070418,0.025628301473123876,-0.005716309651264793,0.00294439971537344,0.00629056418318452,0.0005039965787151568,-0.001497378086106938,-0.0009350416298336602,0.0021901930679535503,-0.0031080941480960775,-0.0058586979047542745,-0.004832814949463436,-0.002997151270770568,-0.005434919586379065,0.011258148851887737,0.013417226634104823,0.004262445717938218,-0.00062727310368935,0.0004692667125410561,-0.005613005348082119,0.0018751578271180103,-0.005716309651264793,0.024714191260604458,0.0034193255952307353,-0.008977925216887582,0.0010365703940202267,-0.002204133919113199,-0.0015034246579642533,-6.25071894501839e-5,0.003824850528144542,-0.0035727602065823826,0.004999868524610207,-0.00523878050346101,-0.002229756395674674,0.0011271358388062318,0.00026817246402156315,0.003193057952280504,0.0028629087712611517,-0.0008327952589868839,-0.0009521288958830905,0.00017261666926012426,0.00294439971537344,0.0034193255952307353,0.0179732458352844,0.0009414353550195805,0.004612970887037106,-0.0023712565496135144,-0.0001405363315842107,0.0002358341821218847,-0.006158957379955106,0.006683445795094684,-0.0017459396303790278,0.0038010853964654846,-0.00015816163450222111,-0.0035035642036893434,-0.003731821371730227,-0.0032666690557697246,0.0004974610088105717,-0.002838634670280205,0.00295938590612539,-0.001499123662801972,0.00629056418318452,-0.008977925216887582,0.0009414353550195805,0.022908895420288962,0.003342915030864376,-0.001286444131372184,0.0022486211695775765,-0.006135942146290535,-0.005342274942380151,-0.005813449875229809,0.0049084497116434304,0.0005678629607182377,0.0007910487851348044,-0.0033829772500224317,-0.002719846042493792,0.0029510727878611543,-0.0027633494331830303,0.002105983922885489,-0.0009816380531064484,-0.0018227861904353349,0.0005039965787151568,0.0010365703940202267,0.004612970887037106,0.003342915030864376,0.019160335422708962,0.0017419897141696737,-0.0041803101829501615,-0.0011845120794167774,-0.0028881916935815308,-0.00044837859806887755,-0.0007738456111673145,-0.01161195029835025,0.003963139131731369,-0.0003924550486375852,-0.004011275311310505,0.0017442358860262133,-0.0023893534327476132,0.001974487867057857,-0.006797968492055432,0.002373418548404405,-0.001497378086106938,-0.002204133919113199,-0.0023712565496135144,-0.001286444131372184,0.0017419897141696737,0.026155522045578753,-0.00626140629364298,0.004682214363507235,-0.00028144163090628685,0.006189196027706591,0.000434556314154807,0.00042798811423623855,-0.0012624092293419928,-7.176258965044301e-6,-0.0036195375951149603,-0.0030712025480562556,-0.0034490366963009795,-0.0033410267181289335,0.006220218233376628,0.0020845142610518173,-0.0009350416298336602,-0.0015034246579642533,-0.0001405363315842107,0.0022486211695775765,-0.0041803101829501615,-0.00626140629364298,0.02349667466689836,-0.006903619844306624,-0.006266533920849626,-0.007648165551768104,-0.0023116416133483145,-0.01079994673073158,0.0016294959218821634,0.0016117839688406263,0.0022543384911822457,0.00026498786724377316,0.006219429083903663,0.009431689375272313,0.00024336623256332495,-0.008074799618999472,0.0021901930679535503,-6.25071894501839e-5,0.0002358341821218847,-0.006135942146290535,-0.0011845120794167774,0.004682214363507235,-0.006903619844306624,0.026005978608819178,-0.002533705033787145,-0.003837117962339298,0.0034710144973194353,0.0034807876119553726,-2.028586718960478e-5,-0.0015360030970490552,0.001456903684392709,0.005166734053089181,-0.004335710658144148,-0.0023036212754409934,-0.005680527952494437,0.009985951489326437,-0.0031080941480960775,0.003824850528144542,-0.006158957379955106,-0.005342274942380151,-0.0028881916935815308,-0.00028144163090628685,-0.006266533920849626,-0.002533705033787145,0.027685139634444
