0.016512797597215443,-0.004861011088773899,0.013996619671363451,0.0033384988601067034,0.0020598034803092817,-0.01058126508004422,0.0066390300426119,-0.004662861946169971,0.0035030204429776276,-0.003921303363592596,-0.007292108098777135,-0.0027134302328841427,6.710339116885295e-5,0.0029437550128431356,-0.0070473162376961185,0.002444249326698367,-0.0013572138196647275,0.002167021722945142,0.0001597490002315485,-0.003557911721650913,-0.004861011088773899,0.019547504828116506,-0.010786364688400192,-0.006536688012207583,0.0027693047610048583,0.005463188851577474,-6.407598634199635e-5,-0.0008341521313602409,-0.00225268096940766,-0.001631032750226353,0.002171193915286768,-0.0023940262242011477,0.004699937666042191,0.0034106373576930525,0.004106341514003619,0.0021355786032403092,-0.005732496402694541,0.0014529487939757056,-0.002213093179797808,0.0036843939081970456,0.013996619671363451,-0.010786364688400192,0.0342217342397949,0.004409335629223238,0.0025089335533042363,-0.016279516490339485,0.003480249007377929,-0.01107581685967561,0.00343855319171138,-0.005184550314937881,-0.007927434381576889,0.004472435168913588,-0.004771032589106003,0.003945070080007719,-0.008792738074488729,-0.0023979554613821185,0.0042066969121336215,0.00026704243246402216,0.005100226429423664,-0.009737426674435824,0.0033384988601067034,-0.006536688012207583,0.004409335629223238,0.03194825636089832,0.0029821395779708465,-0.0020957084319788996,-0.008576807310479455,-0.003341058690143478,0.00063654728198478,-0.008549283019027083,0.006900311808890662,-0.006215647763558592,-0.006412456236282655,-0.0016175042426373443,-0.001382088356058612,0.0005529499128922022,0.012144762476821232,5.314272231115298e-5,0.0028448682101295357,-0.00949258343430117,0.0020598034803092817,0.0027693047610048583,0.0025089335533042363,0.0029821395779708465,0.018856070880364405,-0.003712637572898313,-0.0036784108670200773,-0.0019032338048870254,0.0016233881477667944,-0.004941730284200998,0.0036300404323233223,0.006518595236661227,-0.006703107552195512,0.00534717836087519,0.0009819436245261486,0.0061958159753483346,-0.0003983711141569039,-0.007289843124390594,-0.003596493213513945,-0.007179901139094795,-0.01058126508004422,0.005463188851577474,-0.016279516490339485,-0.0020957084319788996,-0.003712637572898313,0.037152323295579756,-0.0029171629829459348,0.009627348784688624,-0.006071764302049046,-0.004499978058005989,0.005968420495267572,-0.004735786526915235,0.00688557548408563,-0.012572003427173083,0.006095436110071125,0.00041539503624193956,-0.0003344823188992402,-0.0012989715760258196,-0.004720120279956367,0.010193294914010984,0.0066390300426119,-6.407598634199635e-5,0.003480249007377929,-0.008576807310479455,-0.0036784108670200773,-0.0029171629829459348,0.04358222964252034,-0.0008782034209487861,-0.0013817842025725625,0.0008959017526286864,-0.009558540954674007,0.010390128359982223,-0.001580386496032667,0.00033683865413949,0.0028822008050577268,-0.009835788043297933,-0.011713549513636885,-0.01253009655540194,0.0076855426484666416,0.004521218918928142,-0.004662861946169971,-0.0008341521313602409,-0.01107581685967561,-0.003341058690143478,-0.0019032338048870254,0.009627348784688624,-0.0008782034209487861,0.026899663593612472,-0.003311345391149952,-0.006878060531180938,0.003995356302771438,-0.009968249404312741,0.0009710328451593787,-0.0031690824598880497,0.0006321493983423886,0.0010859297639160925,0.0024493293185821373,-0.0032036969747693852,-0.001864608247099713,0.008100876913383463,0.0035030204429776276,-0.00225268096940766,0.00343855319171138,0.00063654728198478,0.0016233881477667944,-0.006071764302049046,-0.0013817842025725625,-0.003311345391149952,0.02397248089998144,0.006444861124839515,-0.002759978156968626,0.005009108970675649,0.003930717425485812,0.0033383848252573176,0.0009582765242902513,0.002429381703073979,-0.0010607684535351015,-0.002025537484399981,-0.0004477512896036364,-0.008405615940796354,-0.003921303363592596,-0.001631032750226353,-0.005184550314937881,-0.008549283019027083,-0.004941730284200998,-0.004499978058005989,0.0008959017526286864,-0.006878060531180938,0.006444861124839515,0.0642509230801092,-0.020674693529968813,0.00150510571584916,0.019414379321893105,0.0043666333379667015,-0.0007163566858680893,-0.0021093326094981575,-0.02283936909364215,-0.006015910704527259,-0.010466050589526979,0.014132743996759671,-0.007292108098777135,0.002171193915286768,-0.007927434381576889,0.006900311808890662,0.0036300404323233223,0.005968420495267572,-0.009558540954674007,0.003995356302771438,-0.002759978156968626,-0.020674693529968813,0.03051550337370516,0.00027142834195659465,-0.00815010379363419,-0.001675926049489424,0.006000474420002953,0.008421414321904465,0.01158636934629725,-0.003062804833292206,0.0003319299919446015,-0.014557562398873701,-0.0027134302328841427,-0.0023940262242011477,0.004472435168913588,-0.006215647763558592,0.006518595236661227,-0.004735786526915235,0.010390128359982223,-0.009968249404312741,0.005009108970675649,0.00150510571584916,0.00027142834195659465,0.032463924122471205,-0.01128092322504783,0.004140567344836196,0.0007003207415871035,0.005673861242445802,-0.006441690957529587,-0.008789738598309626,0.009755889930816237,-0.015240897155132566,6.710339116885295e-5,0.004699937666042191,-0.004771032589106003,-0.006412456236282655,-0.006703107552195512,0.00688557548408563,-0.001580386496032667,0.0009710328451593787,0.003930717425485812,0.019414379321893105,-0.00815010379363419,-0.01128092322504783,0.02984670619538526,-0.0022380199785188397,-0.0017042856922215978,-0.002591578889869073,-0.011077693507766613,0.00562518567298303,-0.013832065111963714,0.01379539800212324,0.0029437550128431356,0.0034106373576930525,0.003945070080007719,-0.0016175042426373443,0.00534717836087519,-0.012572003427173083,0.00033683865413949,-0.0031690824598880497,0.0033383848252573176,0.0043666333379667015,-0.001675926049489424,0.004140567344836196,-0.0022380199785188397,0.020036377839238055,0.0011240649983577057,0.004104550928139279,-0.003192552915333524,-0.006445976387926271,-0.0011658229684012658,-0.0029306409681439435,-0.0070473162376961185,0.004106341514003619,-0.008792738074488729,-0.001382088356058612,0.0009819436245261486,0.006095436110071125,0.0028822008050577268,0.0006321493983423886,0.0009582765242902513,-0.0007163566858680893,0.006000474420002953,0.0007003207415871035,-0.0017042856922215978,0.0011240649983577057,0.023399631147546132,-0.002004545634958539,-0.0015217380597319368,-0.00881183246344975,-0.007307360349885113,0.0009844459794613853,0.002444249326698367,0.0021355786032403092,-0.0023979554613821185,0.0005529499128922022,0.0061958159753483346,0.00041539503624193956,-0.009835788043297933,0.0010859297639160925,0.002429381703073979,-0.0021093326094981575,0.008421414321904465,0.005673861242445802,-0.002591578889869073,0.004104550928139279,-0.002004545634958539,0.023972790706167476,-0.0008768110538593368,-0.0029868460699687596,-0.005812725865744136,-0.005447184381484029,-0.0013572138196647275,-0.005732496402694541,0.0042066969121336215,0.012144762476821232,-0.0003983711141569039,-0.0003344823188992402,-0.011713549513636885,0.0024493293185821373,-0.0010607684535351015,-0.02283936909364215,0.01158636934629725,-0.006441690957529587,-0.011077693507766613,-0.003192552915333524,-0.0015217380597319368,-0.0008768110538593368,0.03842621453402629,0.006144187836561551,0.012387881057303502,-0.018891675384515434,0.002167021722945142,0.0014529487939757056,0.00026704243246402216,5.314272231115298e-5,-0.007289843124390594,-0.0012989715760258196,-0.01253009655540194,-0.0032036969747693852,-0.002025537484399981,-0.006015910704527259,-0.003062804833292206,-0.008789738598309626,0.00562518567298303,-0.006445976387926271,-0.00881183246344975,-0.0029868460699687596,0.006144187836561551,0.034758371836134255,-0.0016347432708338821,0.005717435831008762,0.0001597490002315485,-0.002213093179797808,0.005100226429423664,0.0028448682101295357,-0.003596493213513945,-0.004720120279956367,0.0076855426484666416,-0.001864608247099713,-0.0004477512896036364,-0.010466050589526979,0.0003319299919446015,0.009755889930816237,-0.013832065111963714,-0.0011658229684012658,-0.007307360349885113,-0.005812725865744136,0.012387881057303502,-0.0016347432708338821,0.033975330346045204,-0.007535219168593215,-0.003557911721650913,0.0036843939081970456,-0.009737426674435824,-0.00949258343430117,-0.007179901139094795,0.010193294914010984,0.004521218918928142,0.008100876913383463,-0.008405615940796354,0.014132743996759671,-0.014557562398873701,-0.015240897155132566,0.01379539800212324,-0.0029306409681439435,0.0009844459794613853,-0.005447184381484029,-0.018891675384515434,0.005717435831008762,-0.007535219168593215,0.040472392512724484
0.0530640982276533,-0.012667961562817801,-0.004336801296575949,-0.010794489943810954,0.0042497424593403495,-0.0006651271659396537,-0.0022222849395487905,0.0075798110662100675,-0.01206021967367245,-0.001708142118113302,0.0049769615720808656,-0.004006838534639285,0.0038340364041486337,0.019313911415595228,0.03256522136049258,0.004765796322543091,0.0014822143665010254,-0.022242031779897926,-0.018932300508713373,-0.011105917391660173,-0.012667961562817801,0.029203874620056424,-0.0005686815273682765,0.003803251439931288,-0.0006607009119444059,-0.004101079275686138,-0.0009921312713401785,0.006084734970444596,-0.00199527021037101,-0.004605530270383397,0.006181713176107311,0.0003091047299236903,-0.0007685268702498149,-0.0014366553913010393,-0.021753307743867537,-0.003776451223627579,-0.0007510037634436724,0.015257856854988709,0.004382600557682102,0.004519570737641062,-0.004336801296575949,-0.0005686815273682765,0.02290623026738616,0.0013682947206853672,-0.0023766919955138036,0.00798380190695397,-0.002204742452541767,-0.00010224948759008626,-0.0010633758899000337,0.00457658279646758,-0.003248951734615247,0.0028496369251510907,-0.0031919098771884206,-0.007363939591102028,0.0017178207838105051,-0.0037313751632199795,0.000523609169026559,-0.0019099625862382147,0.001599937404875208,-0.0035159579635143682,-0.010794489943810954,0.003803251439931288,0.0013682947206853672,0.020649679507878698,-0.0036360036883513894,0.0005618281471681849,0.0011166319176059496,0.0006786826694507059,0.0031786939726536375,0.0024473069284255827,0.0009690690598897203,0.0028417336395985147,0.0006706219359316395,-0.006666429870293029,-0.012225350184443021,-0.001103865268353678,-0.00368059808113022,-0.002751613544699621,0.0035053672459956797,0.0022054418318830328,0.0042497424593403495,-0.0006607009119444059,-0.0023766919955138036,-0.0036360036883513894,0.0196124144699202,-0.006285720658570362,0.0016675514164499682,-0.0024450335705450965,-0.0008334365731075108,-0.003912686737804061,0.0032413346867649186,0.004593345158711579,0.004388576888354683,0.005419005931586037,-0.0007822005462051021,0.00548656896128121,-0.004568255745314427,0.00402627235617882,-0.005989523678863875,-6.72736826018318e-5,-0.0006651271659396537,-0.004101079275686138,0.00798380190695397,0.0005618281471681849,-0.006285720658570362,0.03003921134469902,0.005066147404756837,-0.0022721202788973777,0.0019420784252427272,-0.004398901681855171,-0.008548716547544967,-0.005408028472591132,-0.0004532238010736355,-0.006606018236609422,0.010191009116344666,-0.0014968206720692608,0.005858665906919884,-0.00036145345424946906,-0.004006896739267424,0.0015380055893259375,-0.0022222849395487905,-0.0009921312713401785,-0.002204742452541767,0.0011166319176059496,0.0016675514164499682,0.005066147404756837,0.020426050998025712,-0.0025587896325320655,0.00460220737702189,0.00289748767409975,-0.0015485599175356249,-0.0024033449428709887,0.007714855367405179,-0.004485374843906324,3.953903972871461e-5,0.0051527036745242305,-0.0015474860165263543,-0.001536350180502415,0.0015634904509894574,-0.0019906871490711353,0.0075798110662100675,0.006084734970444596,-0.00010224948759008626,0.0006786826694507059,-0.0024450335705450965,-0.0022721202788973777,-0.0025587896325320655,0.023658180622489516,-0.003751530663571864,0.005556593142563193,0.0073623571020407005,-0.0033593964364940928,0.00028850701604568596,0.002174207392083926,0.0029470645145983506,-0.00539561176560277,-0.0005651032932976732,-0.0008820615451929528,-0.005701344331140792,0.0045484813259049905,-0.01206021967367245,-0.00199527021037101,-0.0010633758899000337,0.0031786939726536375,-0.0008334365731075108,0.0019420784252427272,0.00460220737702189,-0.003751530663571864,0.023050073387235748,0.001314978723232746,-0.00433487989149317,-0.0031855040123257372,0.005539708512290385,-0.004419133670732064,-0.004710776418769363,0.0019805154745127793,0.002578933834211969,0.0005931896773629979,0.009386994870498423,0.0029188239643224297,-0.001708142118113302,-0.004605530270383397,0.00457658279646758,0.0024473069284255827,-0.003912686737804061,-0.004398901681855171,0.00289748767409975,0.005556593142563193,0.001314978723232746,0.026398983422980513,0.003910272572151988,-0.0014074953718037403,-0.0075519074501939065,-0.006298514514683053,0.009177509724028424,-0.0030804876982619793,-0.002090256774485436,-0.008195046803927568,0.004045560652646569,0.003294277910521383,0.0049769615720808656,0.006181713176107311,-0.003248951734615247,0.0009690690598897203,0.0032413346867649186,-0.008548716547544967,-0.0015485599175356249,0.0073623571020407005,-0.00433487989149317,0.003910272572151988,0.015569100438467107,0.0009391463191404032,-0.0013357565440815658,0.005416022074530083,-0.0015425569301311297,0.00015151275354099042,-0.0029098296015209017,-0.0006674818861277867,-0.003244037221572239,0.0012425050410103163,-0.004006838534639285,0.0003091047299236903,0.0028496369251510907,0.0028417336395985147,0.004593345158711579,-0.005408028472591132,-0.0024033449428709887,-0.0033593964364940928,-0.0031855040123257372,-0.0014074953718037403,0.0009391463191404032,0.01711868010405208,-0.0018461507603476865,-0.0004581723041970608,-0.0036014057251444525,0.0008857351740378811,-0.0035912929966402385,0.00343140836741783,0.0005807563200611399,-0.0006066703408387899,0.0038340364041486337,-0.0007685268702498149,-0.0031919098771884206,0.0006706219359316395,0.004388576888354683,-0.0004532238010736355,0.007714855367405179,0.00028850701604568596,0.005539708512290385,-0.0075519074501939065,-0.0013357565440815658,-0.0018461507603476865,0.025190390472882282,0.00374378690780928,-0.003998461378290196,0.0055569775097285695,-0.005348035284779596,-0.0019872132646126,-0.005061868358360415,-0.0008769545146463952,0.019313911415595228,-0.0014366553913010393,-0.007363939591102028,-0.006666429870293029,0.005419005931586037,-0.006606018236609422,-0.004485374843906324,0.002174207392083926,-0.004419133670732064,-0.006298514514683053,0.005416022074530083,-0.0004581723041970608,0.00374378690780928,0.025681687020982485,0.012740992015503569,0.002868376100381483,0.0055226141869059876,-0.0025891386010238825,-0.003466746048760529,-0.0032596273458722004,0.03256522136049258,-0.021753307743867537,0.0017178207838105051,-0.012225350184443021,-0.0007822005462051021,0.010191009116344666,3.953903972871461e-5,0.0029470645145983506,-0.004710776418769363,0.009177509724028424,-0.0015425569301311297,-0.0036014057251444525,-0.003998461378290196,0.012740992015503569,0.05463244231551255,0.002221427622737942,0.007217779165033557,-0.02244213361007605,-0.013400803432230674,-0.007974609340347147,0.004765796322543091,-0.003776451223627579,-0.0037313751632199795,-0.001103865268353678,0.00548656896128121,-0.0014968206720692608,0.0051527036745242305,-0.00539561176560277,0.0019805154745127793,-0.0030804876982619793,0.00015151275354099042,0.0008857351740378811,0.0055569775097285695,0.002868376100381483,0.002221427622737942,0.013820213768418741,-0.0036458030233317475,-0.002173336637838635,-0.004794941770274837,-0.0027095797681268704,0.0014822143665010254,-0.0007510037634436724,0.000523609169026559,-0.00368059808113022,-0.004568255745314427,0.005858665906919884,-0.0015474860165263543,-0.0005651032932976732,0.002578933834211969,-0.002090256774485436,-0.0029098296015209017,-0.0035912929966402385,-0.005348035284779596,0.0055226141869059876,0.007217779165033557,-0.0036458030233317475,0.01759868720733966,0.001723238608492655,0.0037443120727192426,0.0011334223013836123,-0.022242031779897926,0.015257856854988709,-0.0019099625862382147,-0.002751613544699621,0.00402627235617882,-0.00036145345424946906,-0.001536350180502415,-0.0008820615451929528,0.0005931896773629979,-0.008195046803927568,-0.0006674818861277867,0.00343140836741783,-0.0019872132646126,-0.0025891386010238825,-0.02244213361007605,-0.002173336637838635,0.001723238608492655,0.036015701617490015,0.003853866745753154,0.009863985800744043,-0.018932300508713373,0.004382600557682102,0.001599937404875208,0.0035053672459956797,-0.005989523678863875,-0.004006896739267424,0.0015634904509894574,-0.005701344331140792,0.009386994870498423,0.004045560652646569,-0.003244037221572239,0.0005807563200611399,-0.005061868358360415,-0.003466746048760529,-0.013400803432230674,-0.004794941770274837,0.0037443120727192426,0.003853866745753154,0.022719938464118395,0.008917808233083024,-0.011105917391660173,0.004519570737641062,-0.0035159579635143682,0.0022054418318830328,-6.72736826018318e-5,0.0015380055893259375,-0.0019906871490711353,0.0045484813259049905,0.0029188239643224297,0.003294277910521383,0.0012425050410103163,-0.0006066703408387899,-0.0008769545146463952,-0.0032596273458722004,-0.007974609340347147,-0.0027095797681268704,0.0011334223013836123,0.009863985800744043,0.008917808233083024,0.018503629171048586
