0.11519282770745862,-0.02574090036811632,0.035512727869936436,0.09231123221468421,-0.20665649638434694,-0.02822454567106381,-0.135980101364207,-0.1473411375776178,0.16328593906300332,0.02866266790220507,0.02024817633241958,0.03819210509283925,0.10998608730107393,0.02923891981176461,-0.15514532539073095,-0.12375688758289272,0.013202116006402797,0.15354481756663824,0.007250000941888412,0.06837547759800827,-0.02574090036811632,0.07849243862431568,-0.0004035171216400338,-0.05376772840797554,0.027362656533519457,-0.03828664963528697,0.03579934285199588,0.03846755684392199,-0.03249548345927882,0.011988248963317051,0.009111822732489804,-0.01766300133078441,-0.011564695197656594,0.02310515932071988,-0.007312129987039831,0.024627114753328724,-0.030907601699853765,-0.04676192261029626,0.023397403283957535,-0.011592715759009095,0.035512727869936436,-0.0004035171216400338,0.09595169538812447,0.0499112623258202,-0.11780807572864066,-0.0036081500320764136,-0.07557854468551295,-0.09143440203883146,0.0988959178151397,-0.010535268375488554,0.0017151873052611824,0.02754039720006695,0.06161260408727035,0.0028108212690939787,-0.11360127951119636,-0.06869805371650081,0.009935546922721208,0.09383014805390538,-0.010287980851822882,0.02698498167739364,0.09231123221468421,-0.05376772840797554,0.0499112623258202,0.14588735134757844,-0.2333488002803526,-0.02101262431814338,-0.17741923976177326,-0.17330923592305866,0.2004637451442836,0.020256246001415193,0.038987991635856784,0.03539794369331066,0.13037218282886037,0.015351721391918047,-0.18097795703358424,-0.1494127766700058,0.032417548642542336,0.19600102796158309,-0.006613932610108777,0.07330320758922337,-0.20665649638434694,0.027362656533519457,-0.11780807572864066,-0.2333488002803526,0.5776344134678069,0.11373427062162877,0.4001418021270242,0.3877626750090717,-0.45865008902361976,-0.08348613910643721,-0.09361838243378068,-0.07022220849922943,-0.33074800913880076,-0.08129188206859544,0.4706604846212902,0.35501325762913905,-0.02017792629500069,-0.40290973930521967,-0.02146010290014615,-0.18073728758188234,-0.02822454567106381,-0.03828664963528697,-0.0036081500320764136,-0.02101262431814338,0.11373427062162877,0.12362143757527787,0.09554456507559188,0.0630274568625947,-0.10736618442444101,-0.05691953015420374,-0.04873818225551163,0.0033430583905533287,-0.09460631546512513,-0.058315426296672065,0.13817587665646827,0.10063613431091965,0.020354825854636945,-0.07017971572867011,-0.03165756922033295,-0.044519279168568925,-0.135980101364207,0.03579934285199588,-0.07557854468551295,-0.17741923976177326,0.4001418021270242,0.09554456507559188,0.3240346974087458,0.2804958322240907,-0.33797558053690313,-0.06664381758674824,-0.07790000729627969,-0.04789105837722603,-0.24571189341558716,-0.05942597389453353,0.33962328198147607,0.2744717150245653,-0.017703693330723677,-0.2983180736970845,-0.010149146493941254,-0.130274881773133,-0.1473411375776178,0.03846755684392199,-0.09143440203883146,-0.17330923592305866,0.3877626750090717,0.0630274568625947,0.2804958322240907,0.3001958500042851,-0.3243158285060621,-0.0463186368146341,-0.04836926352198588,-0.05747905263671345,-0.22558731540331858,-0.051141089462374056,0.31981227256766387,0.24467628477720804,-0.018282639782897542,-0.2901013296336149,-0.009814009971839854,-0.12247656170510868,0.16328593906300332,-0.03249548345927882,0.0988959178151397,0.2004637451442836,-0.45865008902361976,-0.10736618442444101,-0.33797558053690313,-0.3243158285060621,0.4197382814123217,0.07389062371620675,0.07935946680418428,0.056515725683915934,0.2904373401654974,0.06908077731764897,-0.4032857724428116,-0.31079256344709577,0.020189381155459908,0.34930417359378807,0.010086140679399586,0.14571105818586058,0.02866266790220507,0.011988248963317051,-0.010535268375488554,0.020256246001415193,-0.08348613910643721,-0.05691953015420374,-0.06664381758674824,-0.0463186368146341,0.07389062371620675,0.06697836219625729,0.026246773940747148,-0.0035192490128646433,0.06079350205358389,0.0382108702875984,-0.08540948545815842,-0.07173910247167173,-0.017400940843798028,0.05386320922315359,0.024982656397708542,0.031898033032369544,0.02024817633241958,0.009111822732489804,0.0017151873052611824,0.038987991635856784,-0.09361838243378068,-0.04873818225551163,-0.07790000729627969,-0.04836926352198588,0.07935946680418428,0.026246773940747148,0.06196401795447231,-0.0008652436178322861,0.06684612335897526,0.019331167560964375,-0.09075961076345718,-0.06529435986816817,-0.001524010060499738,0.055954691049634256,0.009736002604103412,0.02588167092369928,0.03819210509283925,-0.01766300133078441,0.02754039720006695,0.03539794369331066,-0.07022220849922943,0.0033430583905533287,-0.04789105837722603,-0.05747905263671345,0.056515725683915934,-0.0035192490128646433,-0.0008652436178322861,0.03650342163753537,0.031687796120956166,0.00044951727115429555,-0.05346894808093734,-0.03413317029640113,0.013559386193165737,0.05732020123700571,-0.00429482467151235,0.02740866631381919,0.10998608730107393,-0.011564695197656594,0.06161260408727035,0.13037218282886037,-0.33074800913880076,-0.09460631546512513,-0.24571189341558716,-0.22558731540331858,0.2904373401654974,0.06079350205358389,0.06684612335897526,0.031687796120956166,0.24260328612473783,0.06451476359412185,-0.29127334108085984,-0.23781844594135892,0.0016905842573195563,0.235734719980478,0.00811079429820364,0.10567817142890126,0.02923891981176461,0.02310515932071988,0.0028108212690939787,0.015351721391918047,-0.08129188206859544,-0.058315426296672065,-0.05942597389453353,-0.051141089462374056,0.06908077731764897,0.0382108702875984,0.019331167560964375,0.00044951727115429555,0.06451476359412185,0.06187253244125144,-0.095045187842588,-0.06927171941929972,-0.01784157623610158,0.05509101041235284,0.023993845653830715,0.030788995861105953,-0.15514532539073095,-0.007312129987039831,-0.11360127951119636,-0.18097795703358424,0.4706604846212902,0.13817587665646827,0.33962328198147607,0.31981227256766387,-0.4032857724428116,-0.08540948545815842,-0.09075961076345718,-0.05346894808093734,-0.29127334108085984,-0.095045187842588,0.47518931736489245,0.3117899062536523,0.006470986548980937,-0.3468098198287881,-0.032805045869766,-0.14698646059465567,-0.12375688758289272,0.024627114753328724,-0.06869805371650081,-0.1494127766700058,0.35501325762913905,0.10063613431091965,0.2744717150245653,0.24467628477720804,-0.31079256344709577,-0.07173910247167173,-0.06529435986816817,-0.03413317029640113,-0.23781844594135892,-0.06927171941929972,0.3117899062536523,0.2677900266268868,-0.010667994461888632,-0.27296230007446154,-0.005056306299966424,-0.1184633627250049,0.013202116006402797,-0.030907601699853765,0.009935546922721208,0.032417548642542336,-0.02017792629500069,0.020354825854636945,-0.017703693330723677,-0.018282639782897542,0.020189381155459908,-0.017400940843798028,-0.001524010060499738,0.013559386193165737,0.0016905842573195563,-0.01784157623610158,0.006470986548980937,-0.010667994461888632,0.04330821076800841,0.03453950119516505,-0.016025353495082016,0.007669880576114799,0.15354481756663824,-0.04676192261029626,0.09383014805390538,0.19600102796158309,-0.40290973930521967,-0.07017971572867011,-0.2983180736970845,-0.2901013296336149,0.34930417359378807,0.05386320922315359,0.055954691049634256,0.05732020123700571,0.235734719980478,0.05509101041235284,-0.3468098198287881,-0.27296230007446154,0.03453950119516505,0.33540634593421614,0.0046323393961271876,0.12551118814185547,0.007250000941888412,0.023397403283957535,-0.010287980851822882,-0.006613932610108777,-0.02146010290014615,-0.03165756922033295,-0.010149146493941254,-0.009814009971839854,0.010086140679399586,0.024982656397708542,0.009736002604103412,-0.00429482467151235,0.00811079429820364,0.023993845653830715,-0.032805045869766,-0.005056306299966424,-0.016025353495082016,0.0046323393961271876,0.03851383229225618,0.015513029145187235,0.06837547759800827,-0.011592715759009095,0.02698498167739364,0.07330320758922337,-0.18073728758188234,-0.044519279168568925,-0.130274881773133,-0.12247656170510868,0.14571105818586058,0.031898033032369544,0.02588167092369928,0.02740866631381919,0.10567817142890126,0.030788995861105953,-0.14698646059465567,-0.1184633627250049,0.007669880576114799,0.12551118814185547,0.015513029145187235,0.08186002900972898
0.13681937164865193,-0.02351422276095871,0.05511920622488976,0.11658421669230942,-0.18390339099201317,0.03684733187149683,-0.21200618660967585,-0.14355402766874464,0.2052215312915363,0.04719521399770936,-0.004504214662365219,0.04457066719999112,0.13829245527540956,-0.017470234431961988,-0.18826864188189937,-0.13238545044998584,0.00223378691146154,0.17591543185728342,-0.012571695637477068,0.0721282061130555,-0.02351422276095871,0.06900628092932919,-0.04546629085785739,-0.035327111289132226,0.03962142527703902,-0.06297829364259995,0.0021185427403497058,0.03746754693344086,-0.026025063158078125,0.03457589338815896,0.007734526218933562,-0.017290390037625333,-0.013594259234923958,0.041109940400720066,-0.016138364336858852,0.0005283314743051155,-0.04364035539723045,-0.04575679455136987,0.017956715652660347,0.017409491380188005,0.05511920622488976,-0.04546629085785739,0.16183829377146663,0.07802831346468045,-0.1421505263112782,0.12156572136876512,-0.052578175275621336,-0.13316215140921805,0.12116215234854383,-0.057756710072018214,-0.02796521859095399,0.015848067924751266,0.0651461715115611,-0.10685883383435402,-0.023132435570534272,-0.03481308590136577,0.06363456403369638,0.11115175417554499,-0.048128014248324594,-0.002726306597398211,0.11658421669230942,-0.035327111289132226,0.07802831346468045,0.19165803897556044,-0.2592140204403144,0.025435417050302913,-0.2591477466258749,-0.20365328399441812,0.27034892241027886,0.04490211815855854,0.041847661150257766,0.05411492131141209,0.20074449098310998,0.009171819967337194,-0.2707845029736589,-0.1903590307388762,-0.014644853888611774,0.23773776728021398,-0.02698597282317499,0.0913778672979787,-0.18390339099201317,0.03962142527703902,-0.1421505263112782,-0.2592140204403144,0.5227224764816596,0.019893665031056617,0.4575681394396265,0.3646423469917639,-0.49064385053652143,-0.10155167591927952,-0.1177656166693065,-0.05552567517058164,-0.3716469147799447,-0.017685187156223414,0.47088103055213715,0.3940379735227758,0.029405766573484014,-0.3993615457818459,0.013796368680665645,-0.2060141786150956,0.03684733187149683,-0.06297829364259995,0.12156572136876512,0.025435417050302913,0.019893665031056617,0.23642627783199133,0.09236420356349698,-0.027221372807697448,-0.029594223064259753,-0.13099791171097852,-0.09314608478369915,0.03175887686266109,-0.06701416445604982,-0.15192233487469897,0.14621939866219616,0.13396153373343017,0.09506633884399426,0.02033539499993324,-0.07923174598262087,-0.1022696953786077,-0.21200618660967585,0.0021185427403497058,-0.052578175275621336,-0.2591477466258749,0.4575681394396265,0.09236420356349698,0.5754854166766721,0.3298370864044387,-0.5018681781838209,-0.1808958872994265,-0.08262380312213974,-0.061932753454357614,-0.3778905076285799,-0.08988435127442865,0.5597695203186417,0.41648260245464397,0.07182542777984174,-0.39435028073289424,-0.011750138210718113,-0.2316416588166098,-0.14355402766874464,0.03746754693344086,-0.13316215140921805,-0.20365328399441812,0.3646423469917639,-0.027221372807697448,0.3298370864044387,0.31153409786970876,-0.3713222115557655,-0.04908343772232319,-0.048403387446908606,-0.05034691720646167,-0.2600320819911824,0.021113525411555832,0.3326748028139731,0.2599236084665313,0.0038482178452291195,-0.30824518698709025,0.023464933722042183,-0.12150788988913584,0.2052215312915363,-0.026025063158078125,0.12116215234854383,0.27034892241027886,-0.49064385053652143,-0.029594223064259753,-0.5018681781838209,-0.3713222115557655,0.5594617943073505,0.11398458393405753,0.09785867813173404,0.06168368680371905,0.3869033083175376,0.025768671553098206,-0.5276216742453159,-0.4073369315893809,-0.058874099872037275,0.4153310993749799,-0.018483313964542874,0.21393553737472212,0.04719521399770936,0.03457589338815896,-0.057756710072018214,0.04490211815855854,-0.10155167591927952,-0.13099791171097852,-0.1808958872994265,-0.04908343772232319,0.11398458393405753,0.13846899038930252,0.05092032772410052,0.002588767043797899,0.1140608998159478,0.09509379142153151,-0.20652217794369027,-0.15754120781297365,-0.06854368850902172,0.06792155903270519,0.039790051037030386,0.10550670696981487,-0.004504214662365219,0.007734526218933562,-0.02796521859095399,0.041847661150257766,-0.1177656166693065,-0.09314608478369915,-0.08262380312213974,-0.048403387446908606,0.09785867813173404,0.05092032772410052,0.12618665684439748,0.002610515997040172,0.10248081117894804,0.08454435432171009,-0.135027878998853,-0.13788628282629606,-0.06125683131685129,0.06416255804559023,0.023015631867365327,0.07823130587416699,0.04457066719999112,-0.017290390037625333,0.015848067924751266,0.05411492131141209,-0.05552567517058164,0.03175887686266109,-0.061932753454357614,-0.05034691720646167,0.06168368680371905,0.002588767043797899,0.002610515997040172,0.0464129801572807,0.05082139054781219,0.006419564190285061,-0.06992233160614268,-0.03334375028350603,-0.005440806840679913,0.06722261990704853,-0.021041144541237233,0.012552946554768404,0.13829245527540956,-0.013594259234923958,0.0651461715115611,0.20074449098310998,-0.3716469147799447,-0.06701416445604982,-0.3778905076285799,-0.2600320819911824,0.3869033083175376,0.1140608998159478,0.10248081117894804,0.05082139054781219,0.31936922441104093,0.06553086139299891,-0.4180223675739942,-0.326641924084106,-0.061113908194996625,0.2952247913286066,0.00042250024260659543,0.17509934370208208,-0.017470234431961988,0.041109940400720066,-0.10685883383435402,0.009171819967337194,-0.017685187156223414,-0.15192233487469897,-0.08988435127442865,0.021113525411555832,0.025768671553098206,0.09509379142153151,0.08454435432171009,0.006419564190285061,0.06553086139299891,0.16558699040260458,-0.15780770695844493,-0.10766193451008972,-0.08811422024668171,0.010703207432564244,0.039497925214564494,0.06706076307793124,-0.18826864188189937,-0.016138364336858852,-0.023132435570534272,-0.2707845029736589,0.47088103055213715,0.14621939866219616,0.5597695203186417,0.3326748028139731,-0.5276216742453159,-0.20652217794369027,-0.135027878998853,-0.06992233160614268,-0.4180223675739942,-0.15780770695844493,0.6641524742784206,0.4629259098963224,0.1297436129976039,-0.3960782237738388,-0.008333715050357734,-0.25355115266747386,-0.13238545044998584,0.0005283314743051155,-0.03481308590136577,-0.1903590307388762,0.3940379735227758,0.13396153373343017,0.41648260245464397,0.2599236084665313,-0.4073369315893809,-0.15754120781297365,-0.13788628282629606,-0.03334375028350603,-0.326641924084106,-0.10766193451008972,0.4629259098963224,0.38994855440397896,0.08755700619734466,-0.3042734707239869,-0.016689725960205272,-0.21681746215107728,0.00223378691146154,-0.04364035539723045,0.06363456403369638,-0.014644853888611774,0.029405766573484014,0.09506633884399426,0.07182542777984174,0.0038482178452291195,-0.058874099872037275,-0.06854368850902172,-0.06125683131685129,-0.005440806840679913,-0.061113908194996625,-0.08811422024668171,0.1297436129976039,0.08755700619734466,0.09535100098225738,-0.01610923922447069,-0.016514551516182197,-0.060299796998791295,0.17591543185728342,-0.04575679455136987,0.11115175417554499,0.23773776728021398,-0.3993615457818459,0.02033539499993324,-0.39435028073289424,-0.30824518698709025,0.4153310993749799,0.06792155903270519,0.06416255804559023,0.06722261990704853,0.2952247913286066,0.010703207432564244,-0.3960782237738388,-0.3042734707239869,-0.01610923922447069,0.36383184273974173,-0.021962225166205555,0.14448533552150708,-0.012571695637477068,0.017956715652660347,-0.048128014248324594,-0.02698597282317499,0.013796368680665645,-0.07923174598262087,-0.011750138210718113,0.023464933722042183,-0.018483313964542874,0.039790051037030386,0.023015631867365327,-0.021041144541237233,0.00042250024260659543,0.039497925214564494,-0.008333715050357734,-0.016689725960205272,-0.016514551516182197,-0.021962225166205555,0.056065524298458694,0.023731122227211413,0.0721282061130555,0.017409491380188005,-0.002726306597398211,0.0913778672979787,-0.2060141786150956,-0.1022696953786077,-0.2316416588166098,-0.12150788988913584,0.21393553737472212,0.10550670696981487,0.07823130587416699,0.012552946554768404,0.17509934370208208,0.06706076307793124,-0.25355115266747386,-0.21681746215107728,-0.060299796998791295,0.14448533552150708,0.023731122227211413,0.1437250349798971
0.048379383896805926,0.016079938268867902,0.012458708583045753,-0.02705422104438944,0.0066107408816325295,0.02348210633032318,-0.011692481397554595,-0.003824248300960283,0.006510296928497231,0.019099739091495642,0.046976304289277904,-0.0021782147745705803,0.007185804189332581,-0.010603977206291219,0.006800635012260172,-0.003239002750216574,0.015439014419611843,0.01898326447873927,0.027777049261936144,-0.004821881110481306,0.016079938268867902,0.08744272826932087,-0.0008775353300854911,-0.013653194295466891,0.030395833786314608,0.02866221061632786,-0.023185552232451622,-0.01006632556839083,0.013107583000191205,0.039084449329923276,0.029319678318369482,-0.0025655983542105768,-0.03117067347748286,0.032903276978530405,-0.004835987484500399,0.00977160106827744,-0.010473173283643729,0.05658645819442142,0.03793647765735232,-0.02311523826132529,0.012458708583045753,-0.0008775353300854911,0.04713015281708692,-0.014153982219466309,-0.0067255939538547575,0.000318554836612632,-0.00021291611139503692,0.006234625665806867,0.014297782639823214,-0.012736221265782097,0.01125761081602304,0.005358829401639658,0.017666520010858063,-0.00639955977549414,0.015196836082797774,-0.0036251425315074193,0.0023913717843482675,0.003561613670670205,-0.0036646114548707855,0.016336560698041187,-0.02705422104438944,-0.013653194295466891,-0.014153982219466309,0.06790728139540621,0.002974417818391564,-0.012428199461031384,0.023529810267577944,0.006798837763178433,0.0003156888806308093,-0.016814698853672233,-0.02990131607248133,-0.0039737698516093475,-0.01013793861877294,0.01828246587450232,0.00495740453888519,0.018644179663606514,-0.009079227632962846,-0.015188521302138961,-0.020682605837562325,0.011914904369830032,0.0066107408816325295,0.030395833786314608,-0.0067255939538547575,0.002974417818391564,0.04220611320943984,0.016776435530485793,-0.010360572898825061,-0.0013497196718515307,0.006348528075267885,0.011217141722315672,0.0038615413101722373,-0.004110170422059639,-0.020168043304696043,0.02186221886951134,-0.004820936773062709,0.010866210365127473,-0.003787912845362072,0.019425270296442344,0.009123353718062487,-0.009970461834741401,0.02348210633032318,0.02866221061632786,0.000318554836612632,-0.012428199461031384,0.016776435530485793,0.0811908525054974,-0.017991029695468008,-0.01078899889902013,-0.00040644855001787544,0.02168224777946079,0.0575131109313609,-0.006162206429112996,-0.004841864420852413,0.007612323664466715,-0.002596210311416239,0.017137656155960333,0.01093931875498733,0.012538428718410669,0.03140047522586392,-0.011664350920901245,-0.011692481397554595,-0.023185552232451622,-0.00021291611139503692,0.023529810267577944,-0.010360572898825061,-0.017991029695468008,0.049824018304507826,-0.00018587101741307684,0.016917103342643493,-0.01923597725404977,-0.012872096463071678,-0.002769068935780477,0.009106801256031222,0.0028145878189300847,0.011929895018365756,0.002135373839319661,-0.02023220211199607,-0.02020366615025856,-0.0016746724931175176,0.01692768769051523,-0.003824248300960283,-0.01006632556839083,0.006234625665806867,0.006798837763178433,-0.0013497196718515307,-0.01078899889902013,-0.00018587101741307684,0.030884289426151137,0.0023025061686383274,-0.013702301909692252,-0.018852902927158306,0.005311213676755122,0.012207192461822565,-0.0013165835590748225,0.0013823670884245067,-0.008191005294255007,-0.00967570134933608,-0.022307145529918686,-0.01953362153975908,0.00016896602310630072,0.006510296928497231,0.013107583000191205,0.014297782639823214,0.0003156888806308093,0.006348528075267885,-0.00040644855001787544,0.016917103342643493,0.0023025061686383274,0.04431294652241574,-0.008003891319968589,0.02226268917914727,0.0072678977943123335,0.0009643030726520577,0.023078800512611772,0.019006497846516264,0.007832411370431412,-0.009022570238608276,0.022934748369001282,0.024281619775362223,0.01009725168562765,0.019099739091495642,0.039084449329923276,-0.012736221265782097,-0.016814698853672233,0.011217141722315672,0.02168224777946079,-0.01923597725404977,-0.013702301909692252,-0.008003891319968589,0.11019736063347159,0.039609536533197744,0.03407538581204912,0.022074006752432606,-0.01457042987588146,-0.012815474941906229,-0.014025700392901167,0.018096022663103332,0.04148952076049707,0.04011927688760318,-0.021925895713615903,0.046976304289277904,0.029319678318369482,0.01125761081602304,-0.02990131607248133,0.0038615413101722373,0.0575131109313609,-0.012872096463071678,-0.018852902927158306,0.02226268917914727,0.039609536533197744,0.11895448004868749,0.017713638703436195,0.02643770036916608,-0.008261935571531143,0.011276832655429149,-0.004841860205285469,0.02903853604432252,0.028860805517928308,0.06663692475663899,-0.006344409095025837,-0.0021782147745705803,-0.0025655983542105768,0.005358829401639658,-0.0039737698516093475,-0.004110170422059639,-0.006162206429112996,-0.002769068935780477,0.005311213676755122,0.0072678977943123335,0.03407538581204912,0.017713638703436195,0.0677713947360104,0.05137906026301761,-0.008391475456299464,0.002188445051147797,-0.021793735099075513,0.01578619275619912,-0.0024084876308286427,0.010619691071228787,0.0029390486444509038,0.007185804189332581,-0.03117067347748286,0.017666520010858063,-0.01013793861877294,-0.020168043304696043,-0.004841864420852413,0.009106801256031222,0.012207192461822565,0.0009643030726520577,0.022074006752432606,0.02643770036916608,0.05137906026301761,0.10068933596747207,-0.03705806192256865,0.013082812309605046,-0.02321788198364058,0.027986307007691533,-0.02935856500005555,-0.0009074297857145849,0.006326457635522184,-0.010603977206291219,0.032903276978530405,-0.00639955977549414,0.01828246587450232,0.02186221886951134,0.007612323664466715,0.0028145878189300847,-0.0013165835590748225,0.023078800512611772,-0.01457042987588146,-0.008261935571531143,-0.008391475456299464,-0.03705806192256865,0.05933427091200465,-0.00028443708970712954,0.011205351160245859,-0.026010519168269925,0.023385482088488313,0.0083981329069645,-0.0034917138221752615,0.006800635012260172,-0.004835987484500399,0.015196836082797774,0.00495740453888519,-0.004820936773062709,-0.002596210311416239,0.011929895018365756,0.0013823670884245067,0.019006497846516264,-0.012815474941906229,0.011276832655429149,0.002188445051147797,0.013082812309605046,-0.00028443708970712954,0.03047690745625298,-0.0004380133815755687,0.0012102304825419752,0.0008870199296838396,0.00047631982386789513,0.013113225541995255,-0.003239002750216574,0.00977160106827744,-0.0036251425315074193,0.018644179663606514,0.010866210365127473,0.017137656155960333,0.002135373839319661,-0.008191005294255007,0.007832411370431412,-0.014025700392901167,-0.004841860205285469,-0.021793735099075513,-0.02321788198364058,0.011205351160245859,-0.0004380133815755687,0.057756451992516,0.0024287380508632586,0.00023025614270342793,0.0002300857847756816,0.0024247776496337478,0.015439014419611843,-0.010473173283643729,0.0023913717843482675,-0.009079227632962846,-0.003787912845362072,0.01093931875498733,-0.02023220211199607,-0.00967570134933608,-0.009022570238608276,0.018096022663103332,0.02903853604432252,0.01578619275619912,0.027986307007691533,-0.026010519168269925,0.0012102304825419752,0.0024287380508632586,0.05446808521637283,-0.0019531112002781834,0.003495945773060105,0.0016803795827638763,0.01898326447873927,0.05658645819442142,0.003561613670670205,-0.015188521302138961,0.019425270296442344,0.012538428718410669,-0.02020366615025856,-0.022307145529918686,0.022934748369001282,0.04148952076049707,0.028860805517928308,-0.0024084876308286427,-0.02935856500005555,0.023385482088488313,0.0008870199296838396,0.00023025614270342793,-0.0019531112002781834,0.09669101145530254,0.042148892498221735,-0.011391940633123133,0.027777049261936144,0.03793647765735232,-0.0036646114548707855,-0.020682605837562325,0.009123353718062487,0.03140047522586392,-0.0016746724931175176,-0.01953362153975908,0.024281619775362223,0.04011927688760318,0.06663692475663899,0.010619691071228787,-0.0009074297857145849,0.0083981329069645,0.00047631982386789513,0.0002300857847756816,0.003495945773060105,0.042148892498221735,0.07779720184169969,-0.005817711347993538,-0.004821881110481306,-0.02311523826132529,0.016336560698041187,0.011914904369830032,-0.009970461834741401,-0.011664350920901245,0.01692768769051523,0.00016896602310630072,0.01009725168562765,-0.021925895713615903,-0.006344409095025837,0.0029390486444509038,0.006326457635522184,-0.0034917138221752615,0.013113225541995255,0.0024247776496337478,0.0016803795827638763,-0.011391940633123133,-0.005817711347993538,0.03552835855404735
