0.08100803848693681,0.04431529512631148,-0.005107000416628225,0.03981333414496216,-0.021783143628618704,-0.03360331825373064,-0.007272903516078508,-0.022086413620096553,-0.008373817160119531,0.009444913165409475,-0.0016281274528137032,-0.007562252051234507,-0.01114776825427747,-0.031028158964725272,0.024154223306549996,-0.03313517542087851,0.01611214324234157,0.044384292061591946,-0.017460058235239294,-0.018353691147172675,0.04431529512631148,0.05895611106860175,-0.024388697425460258,0.04147846661855896,-0.017311830715710692,-0.04077855484645085,-0.006061709748142664,-0.008709551690100781,0.0026695799260071785,-0.00856730363467726,-0.003240547568147602,-0.021077607580342703,-0.008260530574011767,-0.015260493458799936,0.012930895655396134,-0.027638024929910174,0.02873344429305683,0.032552865423090174,-0.01399735281451514,2.826652170763726e-5,-0.005107000416628225,-0.024388697425460258,0.09927078341875531,-0.047139690198030965,0.018046135766942105,0.02254456615923419,-0.0034664976036941075,0.014865031400037396,-0.008093682304731668,0.022075688458008755,-0.0330779297460039,0.03275885727129621,0.013814250823699532,0.0016184322893825908,0.011450218435987475,0.021085657989732078,-0.016029744048880346,-0.023478442310174402,0.009927325003939957,0.01020814364177768,0.03981333414496216,0.04147846661855896,-0.047139690198030965,0.08678604147325333,-0.016384309796201365,-0.0445533424395797,-0.011620029211485992,-0.030183962057319443,0.014445951344479329,-0.010116047281685133,0.016331756751226587,-0.02436894406962747,-0.029358578851846246,-0.007529011897654324,-0.0015657858027943298,-0.03091326563438161,0.018871173411720496,0.025308401614169404,-0.007688800189228864,-0.018464694867757904,-0.021783143628618704,-0.017311830715710692,0.018046135766942105,-0.016384309796201365,0.0458335662420882,0.017516607704602952,0.0030302554979595173,0.023526523728245242,0.014295923575482901,-0.004054918949036743,-0.010224074366656845,0.004982411287446231,0.014145457835378414,0.0016005799351088584,-0.0024165336487320223,0.013847809297913505,-0.016270072163905833,-0.0211390755434174,0.010029768593453031,-0.01073509835885624,-0.03360331825373064,-0.04077855484645085,0.02254456615923419,-0.0445533424395797,0.017516607704602952,0.057667180567447636,-0.000998744960044318,0.030315270064382803,-0.004262479371785409,-0.0011496370356996943,-0.0029008817828272164,0.026195445422507145,0.01694448233563957,0.002940672840444636,-0.01152692550281231,0.02970864113697296,-0.029073266601880983,-0.037234192443739225,0.008606665099021915,0.001184698302118477,-0.007272903516078508,-0.006061709748142664,-0.0034664976036941075,-0.011620029211485992,0.0030302554979595173,-0.000998744960044318,0.030468184055805026,-0.013208517063850896,0.0010965188213462006,-0.002401982809024256,-0.0036369148960370265,-0.010173496331795612,0.003243690040899569,0.01493012439843894,0.004601397865885256,0.006102291425672319,0.004190114343256161,0.004530857418501278,0.0006120091057099022,0.0027942619412382307,-0.022086413620096553,-0.008709551690100781,0.014865031400037396,-0.030183962057319443,0.023526523728245242,0.030315270064382803,-0.013208517063850896,0.06082647684445976,0.0038944420850381993,-0.013453296788001232,-0.01577886664667007,0.013743433215276605,0.015209670990254068,-0.0066686190112644275,-0.011270765328400784,0.022548792122438613,-0.011546755880121641,-0.03361010927546805,0.009208254270233997,0.0018594020351902223,-0.008373817160119531,0.0026695799260071785,-0.008093682304731668,0.014445951344479329,0.014295923575482901,-0.004262479371785409,0.0010965188213462006,0.0038944420850381993,0.029352171586273214,-0.00848866661400987,0.0015366557723985493,-0.004013173196925833,-0.00502489893842033,0.0042259416165205945,-0.007040195119823272,0.006739029785128445,-0.0020558764626386295,-0.010765239116846497,0.003841395660279402,-0.00630902568773746,0.009444913165409475,-0.00856730363467726,0.022075688458008755,-0.010116047281685133,-0.004054918949036743,-0.0011496370356996943,-0.002401982809024256,-0.013453296788001232,-0.00848866661400987,0.026685470126372453,-0.0029531241629729404,0.011533153464625363,-0.0033798888660775913,-0.002560348281493479,0.012174489502289913,-0.001679127096133377,-0.006686902712362247,0.0048077024859205725,0.0008729369785441261,0.00019829303682078475,-0.0016281274528137032,-0.003240547568147602,-0.0330779297460039,0.016331756751226587,-0.010224074366656845,-0.0029008817828272164,-0.0036369148960370265,-0.01577886664667007,0.0015366557723985493,-0.0029531241629729404,0.032169699607370456,-0.0028272252164090006,-0.008419175547192638,-0.00030850135173898546,-0.0077863377474467945,-0.002904261950844258,-0.004288916662617787,0.008688094960406845,-0.005182818268831999,0.0013752763559637781,-0.007562252051234507,-0.021077607580342703,0.03275885727129621,-0.02436894406962747,0.004982411287446231,0.026195445422507145,-0.010173496331795612,0.013743433215276605,-0.004013173196925833,0.011533153464625363,-0.0028272252164090006,0.04210118438534304,-0.0005553974450212291,-0.002134085325173672,-0.0008315146373353956,0.01904424916935165,-0.021763237188101855,-0.021796782359687007,0.00521199383900211,0.004344851487569152,-0.01114776825427747,-0.008260530574011767,0.013814250823699532,-0.029358578851846246,0.014145457835378414,0.01694448233563957,0.003243690040899569,0.015209670990254068,-0.00502489893842033,-0.0033798888660775913,-0.008419175547192638,-0.0005553974450212291,0.031531685573845475,-0.002265280386247686,0.001401884965285732,0.008944063174757374,-0.0028133550171789644,-0.0030089439625854784,0.0004585859828499761,0.007220332453899901,-0.031028158964725272,-0.015260493458799936,0.0016184322893825908,-0.007529011897654324,0.0016005799351088584,0.002940672840444636,0.01493012439843894,-0.0066686190112644275,0.0042259416165205945,-0.002560348281493479,-0.00030850135173898546,-0.002134085325173672,-0.002265280386247686,0.03307537873785179,-0.007820096881487569,0.008802336351445481,0.0015926601993452249,-0.011193348050163969,0.007742478099142144,0.005192151769199774,0.024154223306549996,0.012930895655396134,0.011450218435987475,-0.0015657858027943298,-0.0024165336487320223,-0.01152692550281231,0.004601397865885256,-0.011270765328400784,-0.007040195119823272,0.012174489502289913,-0.0077863377474467945,-0.0008315146373353956,0.001401884965285732,-0.007820096881487569,0.031026221378651242,-0.006370535898497096,0.005091267106334605,0.014672222223142257,-0.007084673160579896,0.0004541737576931842,-0.03313517542087851,-0.027638024929910174,0.021085657989732078,-0.03091326563438161,0.013847809297913505,0.02970864113697296,0.006102291425672319,0.022548792122438613,0.006739029785128445,-0.001679127096133377,-0.002904261950844258,0.01904424916935165,0.008944063174757374,0.008802336351445481,-0.006370535898497096,0.04142774023346608,-0.0209067867941316,-0.03263212540217003,0.007054321741633493,0.005847553708601897,0.01611214324234157,0.02873344429305683,-0.016029744048880346,0.018871173411720496,-0.016270072163905833,-0.029073266601880983,0.004190114343256161,-0.011546755880121641,-0.0020558764626386295,-0.006686902712362247,-0.004288916662617787,-0.021763237188101855,-0.0028133550171789644,0.0015926601993452249,0.005091267106334605,-0.0209067867941316,0.044738414836645105,0.017912373957912352,-0.0011702982231561346,0.01308991614083997,0.044384292061591946,0.032552865423090174,-0.023478442310174402,0.025308401614169404,-0.0211390755434174,-0.037234192443739225,0.004530857418501278,-0.03361010927546805,-0.010765239116846497,0.0048077024859205725,0.008688094960406845,-0.021796782359687007,-0.0030089439625854784,-0.011193348050163969,0.014672222223142257,-0.03263212540217003,0.017912373957912352,0.06322486296916116,-0.023415489243607,-0.00195192094445671,-0.017460058235239294,-0.01399735281451514,0.009927325003939957,-0.007688800189228864,0.010029768593453031,0.008606665099021915,0.0006120091057099022,0.009208254270233997,0.003841395660279402,0.0008729369785441261,-0.005182818268831999,0.00521199383900211,0.0004585859828499761,0.007742478099142144,-0.007084673160579896,0.007054321741633493,-0.0011702982231561346,-0.023415489243607,0.023592207947295524,-0.002106423789246404,-0.018353691147172675,2.826652170763726e-5,0.01020814364177768,-0.018464694867757904,-0.01073509835885624,0.001184698302118477,0.0027942619412382307,0.0018594020351902223,-0.00630902568773746,0.00019829303682078475,0.0013752763559637781,0.004344851487569152,0.007220332453899901,0.005192151769199774,0.0004541737576931842,0.005847553708601897,0.01308991614083997,-0.00195192094445671,-0.002106423789246404,0.0395737345035382
0.030073367707813492,0.003391066067090525,0.010156471513864685,-0.0052309613971211364,0.0018625524282971837,-0.0139723984031593,-0.0025524161999542936,-0.0003608882263154245,-0.011880537082767782,0.006800978285191538,0.006265133549363209,-0.0011875488827345036,-0.00866364611572066,0.009076544254437529,-0.004810694596249974,-0.002299251927488412,-0.0023237197852578276,-0.001490313362786402,-0.018877411858143907,0.008701601870796102,0.003391066067090525,0.013947996078024487,0.0032799571169493313,0.0002648210140127436,0.00165863615266735,-0.0035304271322347523,0.0009061232908843523,0.0015080201576201148,0.0037568066716305577,-0.000880987473477178,0.0025241901197134474,-0.006626092243435437,0.0022022510355436085,0.0023004173540596734,0.0024401276819323906,-0.004912426079211602,-0.003122101734630605,0.00076716581491817,-0.00610634971987457,0.002152784414415771,0.010156471513864685,0.0032799571169493313,0.02957455221174214,-0.00048479387007808366,-0.004110642231453519,-0.008311532719499635,-0.0024781215097427313,-0.000626191851315889,-0.009629924289272474,0.0007043744861493441,0.010107387416386934,-0.008522979865153709,-0.006050506474016089,-0.0014411687123223572,-0.000571342634097406,0.001439339358146817,-0.0015594918251988512,0.004023302572388038,-0.007541726123677437,-0.0024636646819575607,-0.0052309613971211364,0.0002648210140127436,-0.00048479387007808366,0.024253734859844594,-0.0019276732096925233,-0.002914728951176008,-0.004586890957726974,0.0019599312978412038,-0.001151524130028401,-0.0028265301404190903,-0.0008372294763356625,0.00010613119484010018,-0.003039284905880452,-0.0030693697794093528,0.0025658604128758105,-0.0005972865138625284,0.00312908583715804,-0.0005003832181061649,0.011581477465343635,-0.00987577683890975,0.0018625524282971837,0.00165863615266735,-0.004110642231453519,-0.0019276732096925233,0.025253946174286727,0.001185259984347734,-9.901641367750366e-5,0.0005771060564975893,0.011131465662157163,-0.003966409966205196,0.006709138196460161,-0.00992612215144048,0.008802597082593174,8.083737097902739e-5,-0.008325458462711047,-0.008183338065051737,-0.0065723064852761595,-0.00021014702429700575,-0.007552051799931387,0.014406149273203023,-0.0139723984031593,-0.0035304271322347523,-0.008311532719499635,-0.002914728951176008,0.001185259984347734,0.0337508881765929,0.007454312864510681,-0.004350832231926777,0.01104328138027233,-0.008065759826662515,-0.010117696546438217,0.008232191141641552,0.01356074448428137,-0.007891138896752631,0.0033575993598577887,-0.0030054903676961647,-0.00023920354515155292,0.005081701282334513,0.006022172821250693,-0.0051723269069127616,-0.0025524161999542936,0.0009061232908843523,-0.0024781215097427313,-0.004586890957726974,-9.901641367750366e-5,0.007454312864510681,0.021567870750998374,-0.0020125375539098347,-0.00029421797587806346,-0.005239437083365595,-0.00417749860154846,0.000698231539687294,0.00465009238979547,-0.007665519148682709,0.002742463763756947,-0.00028616822038602323,0.003520512727091999,-0.001015120082058202,0.0026636080203312363,-0.0007269345282320324,-0.0003608882263154245,0.0015080201576201148,-0.000626191851315889,0.0019599312978412038,0.0005771060564975893,-0.004350832231926777,-0.0020125375539098347,0.016328737566072275,0.0005542579521974204,0.005204147421740799,0.002822477463972838,-0.002391040788381046,-0.0079715241785587,-0.00016343649973890449,0.0004857130099038667,-0.001453775270660619,-0.0012773398916981278,-0.0008048545529062807,0.004269507505734486,0.0003434846014504746,-0.011880537082767782,0.0037568066716305577,-0.009629924289272474,-0.001151524130028401,0.011131465662157163,0.01104328138027233,-0.00029421797587806346,0.0005542579521974204,0.029752285624836082,-0.00951427248598494,0.003066457419175362,-0.001081332151149582,0.0066608804824874485,-0.010721889730689448,0.0047907260725384496,-0.007898704130401817,-0.0067121997041474785,0.0051567957973816265,0.010219308794970954,0.0022711284372312103,0.006800978285191538,-0.000880987473477178,0.0007043744861493441,-0.0028265301404190903,-0.003966409966205196,-0.008065759826662515,-0.005239437083365595,0.005204147421740799,-0.00951427248598494,0.021930033102340186,-0.0022241354249790393,0.004825310705892571,-0.013069911475253944,0.01018392305944087,0.0005980046637018464,0.0063671624116215485,-0.002410207515081521,0.00034197099882173635,-0.00436133756532337,-0.006045876701467395,0.006265133549363209,0.0025241901197134474,0.010107387416386934,-0.0008372294763356625,0.006709138196460161,-0.010117696546438217,-0.00417749860154846,0.002822477463972838,0.003066457419175362,-0.0022241354249790393,0.026147226418720124,-0.013151408864528383,-0.0011219027752984035,-0.0011206988184052134,-0.0065073367154291,-0.002476174024126145,-0.004297881520345544,0.0036110300557133583,-0.006599652897591659,0.015069438491710033,-0.0011875488827345036,-0.006626092243435437,-0.008522979865153709,0.00010613119484010018,-0.00992612215144048,0.008232191141641552,0.000698231539687294,-0.002391040788381046,-0.001081332151149582,0.004825310705892571,-0.013151408864528383,0.04153696012135085,-0.008079600803525513,0.010334442500402295,0.01630337950889182,0.006881939504294509,0.001097788056257252,0.004500954345552229,-0.00010967853523542238,-0.02184506415504828,-0.00866364611572066,0.0022022510355436085,-0.006050506474016089,-0.003039284905880452,0.008802597082593174,0.01356074448428137,0.00465009238979547,-0.0079715241785587,0.0066608804824874485,-0.013069911475253944,-0.0011219027752984035,-0.008079600803525513,0.03233079780993893,-0.00632409517895516,-0.005402215535823465,-0.005907465039896396,-0.0016138420182293192,-0.0012755606717149825,-0.0004280758813814986,0.006812153544243485,0.009076544254437529,0.0023004173540596734,-0.0014411687123223572,-0.0030693697794093528,8.083737097902739e-5,-0.007891138896752631,-0.007665519148682709,-0.00016343649973890449,-0.010721889730689448,0.01018392305944087,-0.0011206988184052134,0.010334442500402295,-0.00632409517895516,0.02616156556124655,0.0028994580674840302,0.006789428910181765,-0.0022554359034309274,-0.002115745952646378,-0.01448441343868688,-0.00668150656460373,-0.004810694596249974,0.0024401276819323906,-0.000571342634097406,0.0025658604128758105,-0.008325458462711047,0.0033575993598577887,0.002742463763756947,0.0004857130099038667,0.0047907260725384496,0.0005980046637018464,-0.0065073367154291,0.01630337950889182,-0.005402215535823465,0.0028994580674840302,0.025157586259025567,0.0050794714286247645,-0.0008858708675281621,0.004381155834769916,0.0019521007576848845,-0.02062922131782811,-0.002299251927488412,-0.004912426079211602,0.001439339358146817,-0.0005972865138625284,-0.008183338065051737,-0.0030054903676961647,-0.00028616822038602323,-0.001453775270660619,-0.007898704130401817,0.0063671624116215485,-0.002476174024126145,0.006881939504294509,-0.005907465039896396,0.006789428910181765,0.0050794714286247645,0.022248493217410764,0.006247024505727578,0.0014101025028929522,-0.0002264663311381623,-0.007470889135077281,-0.0023237197852578276,-0.003122101734630605,-0.0015594918251988512,0.00312908583715804,-0.0065723064852761595,-0.00023920354515155292,0.003520512727091999,-0.0012773398916981278,-0.0067121997041474785,-0.002410207515081521,-0.004297881520345544,0.001097788056257252,-0.0016138420182293192,-0.0022554359034309274,-0.0008858708675281621,0.006247024505727578,0.01921927454610445,-0.00617236841578056,0.00870898624403435,-0.0011019746731301665,-0.001490313362786402,0.00076716581491817,0.004023302572388038,-0.0005003832181061649,-0.00021014702429700575,0.005081701282334513,-0.001015120082058202,-0.0008048545529062807,0.0051567957973816265,0.00034197099882173635,0.0036110300557133583,0.004500954345552229,-0.0012755606717149825,-0.002115745952646378,0.004381155834769916,0.0014101025028929522,-0.00617236841578056,0.01900174253912117,-0.0015592371840627468,-0.007946875528360483,-0.018877411858143907,-0.00610634971987457,-0.007541726123677437,0.011581477465343635,-0.007552051799931387,0.006022172821250693,0.0026636080203312363,0.004269507505734486,0.010219308794970954,-0.00436133756532337,-0.006599652897591659,-0.00010967853523542238,-0.0004280758813814986,-0.01448441343868688,0.0019521007576848845,-0.0002264663311381623,0.00870898624403435,-0.0015592371840627468,0.03791433183701104,-0.0063223003379431035,0.008701601870796102,0.002152784414415771,-0.0024636646819575607,-0.00987577683890975,0.014406149273203023,-0.0051723269069127616,-0.0007269345282320324,0.0003434846014504746,0.0022711284372312103,-0.006045876701467395,0.015069438491710033,-0.02184506415504828,0.006812153544243485,-0.00668150656460373,-0.02062922131782811,-0.007470889135077281,-0.0011019746731301665,-0.007946875528360483,-0.0063223003379431035,0.04862870366347857
0.1225774452558605,0.023780309857344858,0.001636488067911961,0.06430269326744488,-0.05237291793941247,-0.07121176967762723,0.011231290497882693,-0.06898869451062004,0.005960563478580632,0.03088565673301541,0.02690720507424376,-0.01959991542886695,-0.03606657762355841,-0.005045830128337879,0.040589263852959676,-0.0503224765422672,0.029718637416109313,0.08105862679991074,-0.021665922592785554,-0.01284134792230407,0.023780309857344858,0.036922036343751415,0.0033917539972820095,0.01579727761192564,-0.008748101675158507,-0.019787436412626612,-0.0011595171990493413,-0.013806321095533397,0.004340862237136383,-0.007908595555848842,0.004393796732327621,-0.0006261897028258187,-0.007720603004486835,0.0012523846250197092,0.005419037245346835,-0.008596810065948372,-0.0041862787784618825,0.01895668051278193,-0.013726603632394752,-0.01179178762535614,0.001636488067911961,0.0033917539972820095,0.049240174476119204,-0.004320520793062647,-0.020046178839221777,-0.005123701731381895,-0.020145583121630953,-0.01274666585256028,-0.008865342112915786,0.01136341052744778,-0.005548302717592959,-0.002338474678306179,-0.009292558000080439,-0.0006545794338074734,0.011282426801302828,0.0053449261252124635,-0.005016858400938627,0.014437679692059878,-0.013577613896748978,-0.0008106619721806512,0.06430269326744488,0.01579727761192564,-0.004320520793062647,0.059607046039462826,-0.027347743714518858,-0.03913546595058992,-0.00028524643871647137,-0.040913452064307715,0.00043138937839061974,0.015137352109861432,0.01583234709260349,-0.011759620770383462,-0.027963865483276867,-0.0035646939288919884,0.025247600293688343,-0.026119413852631876,0.016488980806296585,0.04217501547063047,-0.00828747047991912,-0.006051254718209433,-0.05237291793941247,-0.008748101675158507,-0.020046178839221777,-0.027347743714518858,0.05206651231110676,0.03332234220930501,0.004610029050229046,0.03882367845616444,-0.0023869281980829615,-0.015574577240216074,-0.011862722464136385,0.014858846145204906,0.0220862465894454,-0.0006972423509186176,-0.018288362388636875,0.013155703675298374,-0.015732667836658006,-0.04379983775191451,0.015346627545712897,-0.0025192889198975216,-0.07121176967762723,-0.019787436412626612,-0.005123701731381895,-0.03913546595058992,0.03332234220930501,0.06780928832477595,-0.0020271255477304615,0.050012074379746335,-0.00840782088205715,-0.018497475015074677,-0.011012499618431733,0.006759670510003396,0.026883035427662447,0.0010750865896718568,-0.025947751927279994,0.03458036980056978,-0.027933107107970274,-0.055380597724208905,0.018771174959080827,0.01393513800796031,0.011231290497882693,-0.0011595171990493413,-0.020145583121630953,-0.00028524643871647137,0.004610029050229046,-0.0020271255477304615,0.03333559937830757,-0.007164256309815011,0.00655800464221392,-0.0006683146338369532,0.007509845450177976,-0.008757639479007009,0.003454337700728785,-0.0017405598971165885,-0.010434503363632788,-0.0020753657004654183,0.0010177728125053648,-0.001831276681941946,0.004361068262970943,0.010658186976770404,-0.06898869451062004,-0.013806321095533397,-0.01274666585256028,-0.040913452064307715,0.03882367845616444,0.050012074379746335,-0.007164256309815011,0.06824818296884243,0.0017863674474162562,-0.024522109738878105,-0.018037205101425653,0.01590332476782053,0.026965998032725515,0.007438648545547216,-0.027651882695204612,0.03344895927384343,-0.022031536000675922,-0.05883529539647376,0.02000525134151064,0.0008846802827474564,0.005960563478580632,0.004340862237136383,-0.008865342112915786,0.00043138937839061974,-0.0023869281980829615,-0.00840782088205715,0.00655800464221392,0.0017863674474162562,0.02487280502933387,-0.004036723222128046,-0.004762497882404201,-0.000496767592164676,0.005827193887575147,0.001929897366539075,-0.003281981550569394,0.003180206301653993,0.0035538298908183554,-0.0033216946869884423,-0.002429713468567158,-0.0018315983661417253,0.03088565673301541,-0.007908595555848842,0.01136341052744778,0.015137352109861432,-0.015574577240216074,-0.018497475015074677,-0.0006683146338369532,-0.024522109738878105,-0.004036723222128046,0.033073059933207485,0.002377522558011857,-0.005641625775034673,-0.014216292838581298,-0.004806051993500708,0.014355418876044319,-0.015416928938298758,0.00849489439424509,0.024925412939184634,-0.003897194110133682,0.00010694078972791796,0.02690720507424376,0.004393796732327621,-0.005548302717592959,0.01583234709260349,-0.011862722464136385,-0.011012499618431733,0.007509845450177976,-0.018037205101425653,-0.004762497882404201,0.002377522558011857,0.034884491550797266,-0.008131684301425128,-0.0135335559993638,-0.005930638209485602,-0.004735746307924902,-0.010430073751022829,0.008875959305117535,0.011816815829598034,0.007650485120660003,0.012280127754812246,-0.01959991542886695,-0.0006261897028258187,-0.002338474678306179,-0.011759620770383462,0.014858846145204906,0.006759670510003396,-0.008757639479007009,0.01590332476782053,-0.000496767592164676,-0.005641625775034673,-0.008131684301425128,0.02506294922591053,0.003770189894795958,0.00035982533465303795,-0.009620667169486768,0.006422726014531158,-0.009170842681921662,-0.01819264250745628,0.005461410954606788,-0.0072633991796460665,-0.03606657762355841,-0.007720603004486835,-0.009292558000080439,-0.027963865483276867,0.0220862465894454,0.026883035427662447,0.003454337700728785,0.026965998032725515,0.005827193887575147,-0.014216292838581298,-0.0135335559993638,0.003770189894795958,0.03509908658048176,0.004020501702193195,-0.01793450467492358,0.020147230688703797,-0.01170315971543608,-0.02949015830142912,0.00603419344903603,0.0023905142188966016,-0.005045830128337879,0.0012523846250197092,-0.0006545794338074734,-0.0035646939288919884,-0.0006972423509186176,0.0010750865896718568,-0.0017405598971165885,0.007438648545547216,0.001929897366539075,-0.004806051993500708,-0.005930638209485602,0.00035982533465303795,0.004020501702193195,0.018266512161262405,0.00041077261624449023,0.004182215544637704,-0.0008629798107661947,0.003200110756881076,0.0017364779807252995,-0.012119754574109614,0.040589263852959676,0.005419037245346835,0.011282426801302828,0.025247600293688343,-0.018288362388636875,-0.025947751927279994,-0.010434503363632788,-0.027651882695204612,-0.003281981550569394,0.014355418876044319,-0.004735746307924902,-0.009620667169486768,-0.01793450467492358,0.00041077261624449023,0.050117047574787146,-0.02318607927389034,0.010969629903801782,0.04127066839101331,-0.021028822216627593,-0.013536042868799157,-0.0503224765422672,-0.008596810065948372,0.0053449261252124635,-0.026119413852631876,0.013155703675298374,0.03458036980056978,-0.0020753657004654183,0.03344895927384343,0.003180206301653993,-0.015416928938298758,-0.010430073751022829,0.006422726014531158,0.020147230688703797,0.004182215544637704,-0.02318607927389034,0.04562123371035996,-0.020864910097831316,-0.03887954097692024,0.009850978111787864,0.004682204345352676,0.029718637416109313,-0.0041862787784618825,-0.005016858400938627,0.016488980806296585,-0.015732667836658006,-0.027933107107970274,0.0010177728125053648,-0.022031536000675922,0.0035538298908183554,0.00849489439424509,0.008875959305117535,-0.009170842681921662,-0.01170315971543608,-0.0008629798107661947,0.010969629903801782,-0.020864910097831316,0.03358941393424635,0.021571522784843512,-0.0023344832482626865,0.0025581103134183414,0.08105862679991074,0.01895668051278193,0.014437679692059878,0.04217501547063047,-0.04379983775191451,-0.055380597724208905,-0.001831276681941946,-0.05883529539647376,-0.0033216946869884423,0.024925412939184634,0.011816815829598034,-0.01819264250745628,-0.02949015830142912,0.003200110756881076,0.04127066839101331,-0.03887954097692024,0.021571522784843512,0.09186127935398251,-0.028033850287161863,-0.014364749514348296,-0.021665922592785554,-0.013726603632394752,-0.013577613896748978,-0.00828747047991912,0.015346627545712897,0.018771174959080827,0.004361068262970943,0.02000525134151064,-0.002429713468567158,-0.003897194110133682,0.007650485120660003,0.005461410954606788,0.00603419344903603,0.0017364779807252995,-0.021028822216627593,0.009850978111787864,-0.0023344832482626865,-0.028033850287161863,0.03599627927828336,0.0040883973056514405,-0.01284134792230407,-0.01179178762535614,-0.0008106619721806512,-0.006051254718209433,-0.0025192889198975216,0.01393513800796031,0.010658186976770404,0.0008846802827474564,-0.0018315983661417253,0.00010694078972791796,0.012280127754812246,-0.0072633991796460665,0.0023905142188966016,-0.012119754574109614,-0.013536042868799157,0.004682204345352676,0.0025581103134183414,-0.014364749514348296,0.0040883973056514405,0.038301856067180826
