0.041999171186526775,0.008589260994646575,0.006394155702141426,-0.007481471766217646,0.004715614793340737,-0.012562603322228487,0.0003127147368622371,0.003986259825239177,-0.010652505070694776,0.010068179341278618,0.009983759286661738,-0.005155178680918884,-0.009596994603252083,0.010607080978407762,-0.0024500295158889863,-0.0078694017243578,-0.01268251199866502,0.004474285579856905,-0.028144489026908706,0.013326812759956577,0.008589260994646575,0.019053380192521528,0.005972588094651098,0.003969920135986673,-0.0005908552391843402,-0.005133690291553538,0.0017508142347798894,0.002340296964369411,0.0033270323235322736,3.989536973669186e-5,0.0024287970947293297,-0.004870631026288712,-0.00037799195678655194,0.0010351195321016814,0.0007845769739092767,-0.0028577378250735034,-0.0026401661319018273,0.0012878384537064452,-0.008601814377966924,0.0042031337172343,0.006394155702141426,0.005972588094651098,0.0354809867556065,0.003288014696524743,-0.0020823910447949055,-0.001847649820590862,-0.0006479497769748174,-0.004872267170788175,-0.004527122914806038,-0.006123010723244722,0.014269305908649697,-0.012679802170770305,-0.0008376203582164696,-0.007291400893423134,-0.007346240639930831,2.2538460583007612e-5,-0.002272970033062098,0.0029551598757255487,-0.0023009828759552,0.006751143840669552,-0.007481471766217646,0.003969920135986673,0.003288014696524743,0.03238293525231153,0.0002782433739292446,-0.004307618694992323,-0.007836610477591273,0.0023184337395922554,-0.0010593575461407718,-0.007730272091522135,-0.003918066771029728,0.0003118790420122952,-0.0008313700761398306,-0.006426070832316978,0.004731989307969881,0.0003119946832555395,0.006978432745313586,-0.003039545557442745,0.011315335216432581,-0.003150928216619789,0.004715614793340737,-0.0005908552391843402,-0.0020823910447949055,0.0002782433739292446,0.032864784086524754,0.0026490307378903275,-0.003174155732163236,-0.002078022906553463,0.009350910879372383,-0.004422184441115679,0.010372435469566864,-0.02007254557031489,0.01371138127146099,0.00017579234502511183,-0.009666947561868443,-0.012864816801362533,-0.009659462761074173,0.002117634767140909,-0.010519973273237537,0.022766821310752746,-0.012562603322228487,-0.005133690291553538,-0.001847649820590862,-0.004307618694992323,0.0026490307378903275,0.033778225803198884,0.008559231767216544,-0.00815437719532575,0.01050083500769838,-0.0071976173584071025,-0.0057862647049260274,0.007988002641447837,0.016694366980002623,-0.005732638749153904,7.249739439144976e-6,0.001019170484355845,0.0016319695606485654,0.00012509007240077853,0.009374341345605369,-0.006946184671352872,0.0003127147368622371,0.0017508142347798894,-0.0006479497769748174,-0.007836610477591273,-0.003174155732163236,0.008559231767216544,0.02459613585126841,-0.0043904234288567046,-0.0002808534730470133,-0.007795903349829129,0.0002420480107948576,-0.00014020142553788302,0.006346058126941369,-0.009475048864770016,0.0006252500614028565,0.002201201814318645,0.00935691096093149,-0.00547311272033282,-0.0011771940302051746,-0.0014585525341607583,0.003986259825239177,0.002340296964369411,-0.004872267170788175,0.0023184337395922554,-0.002078022906553463,-0.00815437719532575,-0.0043904234288567046,0.02234373738003605,0.00016042725666151462,0.009936331010567314,-0.003341275107623584,0.004544928690129275,-0.013444367360128304,0.0013629198404002778,0.0031907171555226018,-0.0012582199162470226,-0.0032304160774465603,0.001105515723411461,0.004727115355371639,-0.0053701927604746505,-0.010652505070694776,0.0033270323235322736,-0.004527122914806038,-0.0010593575461407718,0.009350910879372383,0.01050083500769838,-0.0002808534730470133,0.00016042725666151462,0.03145760571151552,-0.007999403730314563,0.004119452903802171,-0.001822598053099109,0.0053119133766435685,-0.01337306924627343,-0.0012331010396019917,-0.0035150168891306954,0.0018177230034710722,0.0003065426377390167,0.016461195453890985,-0.001637256376474672,0.010068179341278618,3.989536973669186e-5,-0.006123010723244722,-0.007730272091522135,-0.004422184441115679,-0.0071976173584071025,-0.007795903349829129,0.009936331010567314,-0.007999403730314563,0.03310496488534572,-0.006597806744553359,0.010700047316232291,-0.016666632783012107,0.016620927772005592,0.003823083994818592,0.003727059759739482,-0.011489178060986684,0.007328215128281183,-0.002251236588176995,-0.01263995090425701,0.009983759286661738,0.0024287970947293297,0.014269305908649697,-0.003918066771029728,0.010372435469566864,-0.0057862647049260274,0.0002420480107948576,-0.003341275107623584,0.004119452903802171,-0.006597806744553359,0.03340442582108642,-0.0227919804295817,0.003580698521517406,-0.00659516699211255,-0.012778077148801727,-0.0074432220592341265,-0.003752159880393215,0.00044388195556146386,-0.010830785826920975,0.024485726332488866,-0.005155178680918884,-0.004870631026288712,-0.012679802170770305,0.0003118790420122952,-0.02007254557031489,0.007988002641447837,-0.00014020142553788302,0.004544928690129275,-0.001822598053099109,0.010700047316232291,-0.0227919804295817,0.05286844530620941,-0.009595132094563077,0.010853343051544027,0.0195809206315207,0.009696778200746463,0.005615780730713263,-0.0006866539080401251,0.011363634245709835,-0.03571572345198343,-0.009596994603252083,-0.00037799195678655194,-0.0008376203582164696,-0.0008313700761398306,0.01371138127146099,0.016694366980002623,0.006346058126941369,-0.013444367360128304,0.0053119133766435685,-0.016666632783012107,0.003580698521517406,-0.009595132094563077,0.03782816422163446,-0.0053234953779226915,-0.006400283340986519,-0.0029323143482160173,0.0007638602713400494,-0.0034476862958355108,-0.004120270138558041,0.010173834227636406,0.010607080978407762,0.0010351195321016814,-0.007291400893423134,-0.006426070832316978,0.00017579234502511183,-0.005732638749153904,-0.009475048864770016,0.0013629198404002778,-0.01337306924627343,0.016620927772005592,-0.00659516699211255,0.010853343051544027,-0.0053234953779226915,0.03430725223879635,0.007093539679129106,0.0033656561093055844,-0.014103289342716813,0.0030999355085051805,-0.011862240596860824,-0.007312284539209889,-0.0024500295158889863,0.0007845769739092767,-0.007346240639930831,0.004731989307969881,-0.009666947561868443,7.249739439144976e-6,0.0006252500614028565,0.0031907171555226018,-0.0012331010396019917,0.003823083994818592,-0.012778077148801727,0.0195809206315207,-0.006400283340986519,0.007093539679129106,0.028433297166881845,0.005463391709784628,0.0011416258113003711,0.004336554534502993,0.005211062465846545,-0.02206986414995528,-0.0078694017243578,-0.0028577378250735034,2.2538460583007612e-5,0.0003119946832555395,-0.012864816801362533,0.001019170484355845,0.002201201814318645,-0.0012582199162470226,-0.0035150168891306954,0.003727059759739482,-0.0074432220592341265,0.009696778200746463,-0.0029323143482160173,0.0033656561093055844,0.005463391709784628,0.024086239655140076,0.008160160090536307,-0.0028498388138593865,0.006373747808504594,-0.011491860900727477,-0.01268251199866502,-0.0026401661319018273,-0.002272970033062098,0.006978432745313586,-0.009659462761074173,0.0016319695606485654,0.00935691096093149,-0.0032304160774465603,0.0018177230034710722,-0.011489178060986684,-0.003752159880393215,0.005615780730713263,0.0007638602713400494,-0.014103289342716813,0.0011416258113003711,0.008160160090536307,0.03198463564731307,-0.011539180734607675,0.01548912207697285,-0.008958964446193624,0.004474285579856905,0.0012878384537064452,0.0029551598757255487,-0.003039545557442745,0.002117634767140909,0.00012509007240077853,-0.00547311272033282,0.001105515723411461,0.0003065426377390167,0.007328215128281183,0.00044388195556146386,-0.0006866539080401251,-0.0034476862958355108,0.0030999355085051805,0.004336554534502993,-0.0028498388138593865,-0.011539180734607675,0.01954172316396819,-0.004326858552354061,-0.005047126645353465,-0.028144489026908706,-0.008601814377966924,-0.0023009828759552,0.011315335216432581,-0.010519973273237537,0.009374341345605369,-0.0011771940302051746,0.004727115355371639,0.016461195453890985,-0.002251236588176995,-0.010830785826920975,0.011363634245709835,-0.004120270138558041,-0.011862240596860824,0.005211062465846545,0.006373747808504594,0.01548912207697285,-0.004326858552354061,0.05741159275470325,-0.02017663271980951,0.013326812759956577,0.0042031337172343,0.006751143840669552,-0.003150928216619789,0.022766821310752746,-0.006946184671352872,-0.0014585525341607583,-0.0053701927604746505,-0.001637256376474672,-0.01263995090425701,0.024485726332488866,-0.03571572345198343,0.010173834227636406,-0.007312284539209889,-0.02206986414995528,-0.011491860900727477,-0.008958964446193624,-0.005047126645353465,-0.02017663271980951,0.06179744836774386
0.11273035737310921,0.030019860309133204,-0.006826284854711271,0.06016667847709416,-0.05132447933483057,-0.0707834580842237,0.014490728513939522,-0.07419783586871151,0.005084581525628752,0.020144763461143786,0.023352262131667773,-0.015994754779135555,-0.02299486244110792,-0.013061287491562936,0.037525812829179835,-0.04630829104466621,0.037057114745733866,0.06217309183560997,-0.03104830660052532,-0.006117916650999816,0.030019860309133204,0.04963178617383935,-0.015471914216699224,0.032515119954286145,-0.022626252517866912,-0.029192330675309193,0.0013713858011144093,-0.020437136132672916,0.004952428521261705,-0.005495661457160362,0.007621167739568394,-0.0063248524188237645,-0.013348369545677386,0.0029640754359812503,0.008972264316804139,-0.01644377472701375,-0.0016412304367528884,0.03085052843711493,-0.015618841614149451,0.001133401657661123,-0.006826284854711271,-0.015471914216699224,0.08358816989486642,-0.0377442383605449,0.013777837938985493,0.016416053130865138,-0.02522795433810129,0.008390659082205907,-0.0353962507377765,0.018655467394330758,-0.017064895073176965,0.019325363556135393,0.014454729047173664,-0.006138952519838425,0.002501028202511356,0.006392267349477616,-0.0313059775892711,0.008120189701332747,0.009179647797730934,-0.020766292761593478,0.06016667847709416,0.032515119954286145,-0.0377442383605449,0.08170736883106168,-0.038583464954944954,-0.04018950026743996,0.008522026593505226,-0.04634238950591103,0.008395777510176668,0.004954016571235902,0.022011888151469993,-0.021783837054884223,-0.02985929193326796,-0.0011881723784794075,0.027735652274040748,-0.02333907043659813,0.01796146486695087,0.031245321856314665,-0.020831348887054575,0.010047857919275673,-0.05132447933483057,-0.022626252517866912,0.013777837938985493,-0.038583464954944954,0.05670089879523317,0.039862937529020495,-0.003879948663517386,0.045952875301907586,-0.01180971189737082,-0.0053107245258572685,-0.015429265632230935,0.019371991325805207,0.018614787167796777,0.002885661992919962,-0.018517070089672173,0.01746029178015715,-0.02769729700515098,-0.032958965223749,0.017818266139851324,-0.013401901322867994,-0.0707834580842237,-0.029192330675309193,0.016416053130865138,-0.04018950026743996,0.039862937529020495,0.07677280023090224,-0.013056729526634456,0.05881477156798671,-0.02560930076232429,-0.00702968531391496,-0.015497767459199036,0.012175368103399363,0.026184695143710184,0.005014961582283386,-0.01967640222757826,0.03793979581466947,-0.05177328429759413,-0.04064875441406304,0.019033376572166447,0.0020351424908759694,0.014490728513939522,0.0013713858011144093,-0.02522795433810129,0.008522026593505226,-0.003879948663517386,-0.013056729526634456,0.032757880015865604,-0.0156608867738079,0.019550935567797585,-0.00021989056919948565,0.011029049935921117,-0.012641659216025017,-0.008601575723477644,-0.002012284798371719,-0.006548097423402863,-0.0032225796908610252,0.016901750489238365,-0.0069606610896075505,0.001963897721978699,0.012061388098001558,-0.07419783586871151,-0.020437136132672916,0.008390659082205907,-0.04634238950591103,0.045952875301907586,0.05881477156798671,-0.0156608867738079,0.08034622083176977,-0.010406879072982454,-0.01959917361229123,-0.021708622746404657,0.01790229506866823,0.025636517350782796,0.010649221767049832,-0.024507510316720833,0.0382668773122935,-0.04082241115468261,-0.04599556538729982,0.02072448259598915,-0.004664186759095264,0.005084581525628752,0.004952428521261705,-0.0353962507377765,0.008395777510176668,-0.01180971189737082,-0.02560930076232429,0.019550935567797585,-0.010406879072982454,0.06963274363067322,-0.015442314137787643,0.0033945029207173884,-0.01645323481639796,-0.006798204087454671,0.007056626287211277,-0.014959193523490712,-0.0008729830507938148,0.04936706385444588,-0.020517672743505605,-0.004615508273728273,0.010882046398716943,0.020144763461143786,-0.005495661457160362,0.018655467394330758,0.004954016571235902,-0.0053107245258572685,-0.00702968531391496,-0.00021989056919948565,-0.01959917361229123,-0.015442314137787643,0.028694655756156002,0.0016188006579887961,0.002433664381497853,-0.007081499564975335,-0.009892174443232945,0.010473701329004638,-0.009968433915725966,-0.0078043228688008835,0.009501645790535647,-0.0021710579331143467,-0.002841541773953004,0.023352262131667773,0.007621167739568394,-0.017064895073176965,0.022011888151469993,-0.015429265632230935,-0.015497767459199036,0.011029049935921117,-0.021708622746404657,0.0033945029207173884,0.0016188006579887961,0.028361446473947748,-0.00926243313034372,-0.013285464857513904,-0.005752780822298612,-0.004201425891784552,-0.006773782504109961,0.011828256700185096,0.006501423894660371,0.002040445585983176,0.012109547172130643,-0.015994754779135555,-0.0063248524188237645,0.019325363556135393,-0.021783837054884223,0.019371991325805207,0.012175368103399363,-0.012641659216025017,0.01790229506866823,-0.01645323481639796,0.002433664381497853,-0.00926243313034372,0.028147010365101425,0.0039233782502001765,-0.0015479707737989646,-0.007007648950792353,0.0014359178341829535,-0.01925437837250433,-0.0046450455006590745,0.007969152397552451,-0.011157353541577927,-0.02299486244110792,-0.013348369545677386,0.014454729047173664,-0.02985929193326796,0.018614787167796777,0.026184695143710184,-0.008601575723477644,0.025636517350782796,-0.006798204087454671,-0.007081499564975335,-0.013285464857513904,0.0039233782502001765,0.035069528692387754,0.0057132351591126194,-0.0074519433165239485,0.014406520498581547,-0.0152128367512059,-0.007197844751843985,0.0005905808299397804,-0.004235690732344115,-0.013061287491562936,0.0029640754359812503,-0.006138952519838425,-0.0011881723784794075,0.002885661992919962,0.005014961582283386,-0.002012284798371719,0.010649221767049832,0.007056626287211277,-0.009892174443232945,-0.005752780822298612,-0.0015479707737989646,0.0057132351591126194,0.019936439759335692,-0.003910419099171107,0.0045675612558229006,0.001624120952353904,-0.000523939878522251,0.00022865521049587862,-0.004963983180235524,0.037525812829179835,0.008972264316804139,0.002501028202511356,0.027735652274040748,-0.018517070089672173,-0.01967640222757826,-0.006548097423402863,-0.024507510316720833,-0.014959193523490712,0.010473701329004638,-0.004201425891784552,-0.007007648950792353,-0.0074519433165239485,-0.003910419099171107,0.04700618544642898,-0.014382510971648058,-0.001526209387493108,0.03455026911033933,-0.02417908628613558,-0.007642138623565451,-0.04630829104466621,-0.01644377472701375,0.006392267349477616,-0.02333907043659813,0.01746029178015715,0.03793979581466947,-0.0032225796908610252,0.0382668773122935,-0.0008729830507938148,-0.009968433915725966,-0.006773782504109961,0.0014359178341829535,0.014406520498581547,0.0045675612558229006,-0.014382510971648058,0.043321844039013395,-0.02418667287606603,-0.03540565924253602,0.011932118896418561,0.0018970974002101748,0.037057114745733866,-0.0016412304367528884,-0.0313059775892711,0.01796146486695087,-0.02769729700515098,-0.05177328429759413,0.016901750489238365,-0.04082241115468261,0.04936706385444588,-0.0078043228688008835,0.011828256700185096,-0.01925437837250433,-0.0152128367512059,0.001624120952353904,-0.001526209387493108,-0.02418667287606603,0.09030677491621752,0.0010472477909505597,-0.005958729435784642,0.007894446450716592,0.06217309183560997,0.03085052843711493,0.008120189701332747,0.031245321856314665,-0.032958965223749,-0.04064875441406304,-0.0069606610896075505,-0.04599556538729982,-0.020517672743505605,0.009501645790535647,0.006501423894660371,-0.0046450455006590745,-0.007197844751843985,-0.000523939878522251,0.03455026911033933,-0.03540565924253602,0.0010472477909505597,0.08019005075369393,-0.028316564065486417,-0.008236383876680221,-0.03104830660052532,-0.015618841614149451,0.009179647797730934,-0.020831348887054575,0.017818266139851324,0.019033376572166447,0.001963897721978699,0.02072448259598915,-0.004615508273728273,-0.0021710579331143467,0.002040445585983176,0.007969152397552451,0.0005905808299397804,0.00022865521049587862,-0.02417908628613558,0.011932118896418561,-0.005958729435784642,-0.028316564065486417,0.0432688145322429,-0.0006688526465048314,-0.006117916650999816,0.001133401657661123,-0.020766292761593478,0.010047857919275673,-0.013401901322867994,0.0020351424908759694,0.012061388098001558,-0.004664186759095264,0.010882046398716943,-0.002841541773953004,0.012109547172130643,-0.011157353541577927,-0.004235690732344115,-0.004963983180235524,-0.007642138623565451,0.0018970974002101748,0.007894446450716592,-0.008236383876680221,-0.0006688526465048314,0.0363993779540469
0.13415862058163225,0.07238336643195231,0.004037186800751788,0.09501277797104574,-0.032761157807077126,-0.08189768024081766,0.01080044845500551,-0.0649284709216538,0.010585911907347926,-0.0008202793054603261,0.014088346757714313,-0.02270663119693925,-0.044790582301146506,-0.022295881484422665,0.005969470477423739,-0.044783737055997835,0.011057421093479855,0.08241650757979524,-0.025069610431134648,-0.046708307304595985,0.07238336643195231,0.07336188046426181,-0.0075944451406332976,0.05988962222381125,-0.0016042092841213208,-0.04975877894462843,0.0023578178112241633,-0.016679439706243165,0.01357358790715963,-0.011742827739485241,0.0022823683184596565,-0.022481022846028202,-0.02133940558562599,-0.007180463715860211,-0.0014299255944225714,-0.02028843260159598,0.006188708337607108,0.037319348259522794,-0.011299918042997072,-0.04763843508771479,0.004037186800751788,-0.0075944451406332976,0.042040734910708234,-0.008639554785384045,-0.016886956588440014,0.005203521339941199,-0.005680448599296806,-0.004096127469300875,-0.009579241810136654,0.004285510434968736,-0.00015031182748961262,0.006005063485009209,-0.008778405821478284,0.0032548383459687826,0.0016485441874244952,-0.00046149863119759497,-0.004348828311330891,-0.00868743179912893,-0.003980548802645689,0.01767497240317483,0.09501277797104574,0.05988962222381125,-0.008639554785384045,0.10716917753125096,-0.01816058053392871,-0.07501309097175565,0.0026024994308680993,-0.055559034628012635,0.013087475774957922,-0.009849316896676022,0.016829618211429705,-0.01176304169715534,-0.039471051471739425,-0.025699966074374157,-0.0075749786687651505,-0.025771228870733895,0.0053802436941966895,0.057248508075103205,-0.015291643679173555,-0.0361471404940334,-0.032761157807077126,-0.0016042092841213208,-0.016886956588440014,-0.01816058053392871,0.05276979052182341,0.0206675223723753,0.001007966553575393,0.029719016948433173,0.014258245267383764,-0.0024752281343839934,-0.013557600288566281,-0.005418097392895489,0.027466234047819435,-0.0002675046559152676,0.0036657087345680146,0.014839324254944008,-0.0022608542857365573,-0.020986148465017916,0.010524971420270157,-0.023153035605267536,-0.08189768024081766,-0.04975877894462843,0.005203521339941199,-0.07501309097175565,0.0206675223723753,0.08221514999797938,-0.006721182716056298,0.054636645031839154,-0.009056379253172993,-0.004489633664457532,-0.009455556618819576,0.010987942658784118,0.035344506289964946,0.018849289505450825,0.0013200361088922695,0.0258380744682755,-0.006849764626659795,-0.06312189227698234,0.01652340579419849,0.029959100729599897,0.01080044845500551,0.0023578178112241633,-0.005680448599296806,0.0026024994308680993,0.001007966553575393,-0.006721182716056298,0.02623988856874264,-0.01285220674291776,0.0040079332100576405,-0.004169289347245604,-0.0003328303031253632,-0.011956017885732976,-0.0004130410434048437,0.006874293226230379,-0.0017434032899411411,0.0021376164637169114,0.0005430861762988016,0.010849815049996278,-0.0012933903919600139,-0.004001860850606725,-0.0649284709216538,-0.016679439706243165,-0.004096127469300875,-0.055559034628012635,0.029719016948433173,0.054636645031839154,-0.01285220674291776,0.07698250800353901,0.0016076220345058322,-0.008731311651545365,-0.020440958340922813,0.006677398636417642,0.025402970975726524,0.02038319343313703,-0.009270192094459865,0.0319970571965973,-0.005539265609023417,-0.0566746891431848,0.0198888720847282,-0.004457654245583779,0.010585911907347926,0.01357358790715963,-0.009579241810136654,0.013087475774957922,0.014258245267383764,-0.009056379253172993,0.0040079332100576405,0.0016076220345058322,0.027069108080190897,-0.0053453415037431375,-0.00620984997675337,-0.0008982773023009209,0.005254865724896637,-0.0029696507221689235,-0.0021146372242666824,0.01080581527613437,0.0011554654537085525,0.005897301417285825,0.0010336713931544666,-0.02344351712796903,-0.0008202793054603261,-0.011742827739485241,0.004285510434968736,-0.009849316896676022,-0.0024752281343839934,-0.004489633664457532,-0.004169289347245604,-0.008731311651545365,-0.0053453415037431375,0.03579070758354191,-0.006478474445844196,0.0033583569498257916,-0.004060384954559217,-0.0022354605763064677,0.009884700425694006,0.0006010727215112017,0.0008836668489477862,0.012997487199895356,-0.00019002752286540898,-0.00103934363319163,0.014088346757714313,0.0022823683184596565,-0.00015031182748961262,0.016829618211429705,-0.013557600288566281,-0.009455556618819576,-0.0003328303031253632,-0.020440958340922813,-0.00620984997675337,-0.006478474445844196,0.03308364295140627,0.005053631889861583,-0.012951853467344248,-0.0039555648985759775,-0.004278858775038774,-0.007370203008406871,0.0011667874727413986,0.009771581542395671,-0.0027023620790177557,0.017810213110911525,-0.02270663119693925,-0.022481022846028202,0.006005063485009209,-0.01176304169715534,-0.005418097392895489,0.010987942658784118,-0.011956017885732976,0.006677398636417642,-0.0008982773023009209,0.0033583569498257916,0.005053631889861583,0.04455951648007615,-0.004552031932053383,-0.004270776169150488,-0.008663802431973863,0.022405690457514952,-0.01537818247031625,-0.021686939363713527,0.007410525090489046,0.01489986634936874,-0.044790582301146506,-0.02133940558562599,-0.008778405821478284,-0.039471051471739425,0.027466234047819435,0.035344506289964946,-0.0004130410434048437,0.025402970975726524,0.005254865724896637,-0.004060384954559217,-0.012951853467344248,-0.004552031932053383,0.041292818618000986,0.006487934632174805,0.004786128139326659,0.012911043049179106,-0.0012379642116446348,-0.027212376528116616,0.007833921704328634,0.005089496213116278,-0.022295881484422665,-0.007180463715860211,0.0032548383459687826,-0.025699966074374157,-0.0002675046559152676,0.018849289505450825,0.006874293226230379,0.02038319343313703,-0.0029696507221689235,-0.0022354605763064677,-0.0039555648985759775,-0.004270776169150488,0.006487934632174805,0.03119203114222035,-0.005484333465305335,0.011903742837528949,8.233499834576466e-6,-0.013019289650147356,0.0059182726149138686,-0.00275142622799208,0.005969470477423739,-0.0014299255944225714,0.0016485441874244952,-0.0075749786687651505,0.0036657087345680146,0.0013200361088922695,-0.0017434032899411411,-0.009270192094459865,-0.0021146372242666824,0.009884700425694006,-0.004278858775038774,-0.008663802431973863,0.004786128139326659,-0.005484333465305335,0.03263066387118278,-0.014838571885365682,0.006085982515033244,0.005018536611937031,-0.007689724510896013,0.0049702694084860916,-0.044783737055997835,-0.02028843260159598,-0.00046149863119759497,-0.025771228870733895,0.014839324254944008,0.0258380744682755,0.0021376164637169114,0.0319970571965973,0.01080581527613437,0.0006010727215112017,-0.007370203008406871,0.022405690457514952,0.012911043049179106,0.011903742837528949,-0.014838571885365682,0.05374487530982597,-0.015695297711973068,-0.0370401603076842,0.015681848873047778,-0.004513035552219427,0.011057421093479855,0.006188708337607108,-0.004348828311330891,0.0053802436941966895,-0.0022608542857365573,-0.006849764626659795,0.0005430861762988016,-0.005539265609023417,0.0011554654537085525,0.0008836668489477862,0.0011667874727413986,-0.01537818247031625,-0.0012379642116446348,8.233499834576466e-6,0.006085982515033244,-0.015695297711973068,0.029364351771435655,0.013919596364283884,-8.41435520020522e-5,0.004481680040640515,0.08241650757979524,0.037319348259522794,-0.00868743179912893,0.057248508075103205,-0.020986148465017916,-0.06312189227698234,0.010849815049996278,-0.0566746891431848,0.005897301417285825,0.012997487199895356,0.009771581542395671,-0.021686939363713527,-0.027212376528116616,-0.013019289650147356,0.005018536611937031,-0.0370401603076842,0.013919596364283884,0.09473246498487531,-0.025699143214368225,-0.027814180132515007,-0.025069610431134648,-0.011299918042997072,-0.003980548802645689,-0.015291643679173555,0.010524971420270157,0.01652340579419849,-0.0012933903919600139,0.0198888720847282,0.0010336713931544666,-0.00019002752286540898,-0.0027023620790177557,0.007410525090489046,0.007833921704328634,0.0059182726149138686,-0.007689724510896013,0.015681848873047778,-8.41435520020522e-5,-0.025699143214368225,0.02074424937456832,0.000729478176054103,-0.046708307304595985,-0.04763843508771479,0.01767497240317483,-0.0361471404940334,-0.023153035605267536,0.029959100729599897,-0.004001860850606725,-0.004457654245583779,-0.02344351712796903,-0.00103934363319163,0.017810213110911525,0.01489986634936874,0.005089496213116278,-0.00275142622799208,0.0049702694084860916,-0.004513035552219427,0.004481680040640515,-0.027814180132515007,0.000729478176054103,0.08394319958757104
