0.024047104425888595,0.0010391050392066412,0.0003955273694945618,-0.012019473226635718,-0.00426840361460825,0.007453097973443568,-0.002073245503041804,-0.000981457486161007,0.004231898343781043,0.0023958303372517715,0.00491424515321379,-0.005650031473572035,-0.0017873255503323667,0.0016081717113386805,0.005641471808807473,0.004665766898975842,0.0035557593057214633,-0.001994744790783574,-0.0001617601305136503,-0.0005231074229398917,0.0010391050392066412,0.017668363801664602,-0.003118694204194752,-0.0029191383699494504,-0.001192261353136324,0.006049657091080829,-0.0011838060249699546,-0.008010674752868863,-0.005431937321550033,0.0008490978503446818,0.001313872559642766,-0.0013021545278405315,-0.0006707545113201624,0.0011257264153956017,0.004507222391110757,0.005136326276625835,0.0015549634914898162,-0.0019037715126314202,0.002137806510623283,8.358181097011701e-5,0.0003955273694945618,-0.003118694204194752,0.026005949517822896,-0.004931262440639059,-0.008145365989597798,0.002481725640926586,0.005764937773640704,-0.005742023441202977,-0.0040992672340958245,0.002099438945691525,-0.0012359700723173622,-0.0007767085047579594,-0.0056369912103474435,0.0005713906633449551,0.005959056882214457,0.0004392714202389842,0.008513308181181685,0.0006230631437719808,-0.002751251568521373,0.0007916028302065226,-0.012019473226635718,-0.0029191383699494504,-0.004931262440639059,0.03908120405658633,0.007969672732687585,-0.011129368628197571,0.0038461901727020417,0.0031793428159561828,-0.003753554463877882,0.0006701495712966284,-0.003329834123726386,0.0055712026102699985,0.0013347367694959869,-0.0058464011411794095,-0.0076724949483677005,-0.002380500210093647,-0.005366544999790827,-0.002990476442085873,0.0013062964647150232,-0.011980470633185622,-0.00426840361460825,-0.001192261353136324,-0.008145365989597798,0.007969672732687585,0.015913962597682466,-0.007424790334515501,-4.641279309840484e-5,0.00606411166431218,0.0021376564695427306,-0.00196296051675228,0.001947314150204607,0.0014610035088741945,0.0010773467931171382,0.002389546805779062,0.001271548385967553,-0.0034426144191286928,0.0016612590520247166,0.002986197770433759,0.0012576962327197454,-0.0018372212300497364,0.007453097973443568,0.006049657091080829,0.002481725640926586,-0.011129368628197571,-0.007424790334515501,0.024837843872038343,0.0027690852203522583,-0.008934738012137127,-0.002549215979518942,0.007051465636460677,0.0029557725603738573,-0.001883777534994456,-0.006007044657986391,-0.00014091127170056707,0.0008193745228623926,0.0026545909872479493,2.5887891885424392e-5,-0.006935426261797487,-0.0047452364909251745,0.004508234788276822,-0.002073245503041804,-0.0011838060249699546,0.005764937773640704,0.0038461901727020417,-4.641279309840484e-5,0.0027690852203522583,0.026396013837989504,-0.00919092116420719,-0.003431094004506948,-0.000752341192720377,-0.0028501963694551663,-0.0014393218501810984,0.0008391739136873015,-0.007099001491635086,-0.0010870531292966263,0.002755528073298836,0.0006644851746461244,0.0031442238040570785,-0.005903025183263297,-0.0013352054480150026,-0.000981457486161007,-0.008010674752868863,-0.005742023441202977,0.0031793428159561828,0.00606411166431218,-0.008934738012137127,-0.00919092116420719,0.03476736188345552,0.0039747442710319075,-0.004087627105822743,0.0014171698458618571,0.0032538435639752525,0.0044660165929820556,0.001944841906051006,0.0011770236866580138,-0.0041889237931516665,-0.0010164639937034836,0.003390663012387398,0.003128466091413757,0.004755755697265201,0.004231898343781043,-0.005431937321550033,-0.0040992672340958245,-0.003753554463877882,0.0021376564695427306,-0.002549215979518942,-0.003431094004506948,0.0039747442710319075,0.01934832626690465,-0.003281031728357863,-0.0012482993913600694,-0.0010967087818566077,0.004580874599860915,0.002228040074108941,0.0058016237498580755,0.0011618118592560411,-0.003143862656514273,0.0055663761373869695,-0.003522801396432029,-0.002916360897422087,0.0023958303372517715,0.0008490978503446818,0.002099438945691525,0.0006701495712966284,-0.00196296051675228,0.007051465636460677,-0.000752341192720377,-0.004087627105822743,-0.003281031728357863,0.022301057457765013,0.0010139311053411276,-0.0037218955337911283,0.00091649869136572,0.0021935031520955756,-0.0007297596547324934,0.010271029723970461,-0.007113830944544339,-0.004536961654751906,-0.0024819842750087584,-0.0006254554451322121,0.00491424515321379,0.001313872559642766,-0.0012359700723173622,-0.003329834123726386,0.001947314150204607,0.0029557725603738573,-0.0028501963694551663,0.0014171698458618571,-0.0012482993913600694,0.0010139311053411276,0.021335653700315024,-0.0021849144487516483,0.00012068431082930525,-0.004043679080709826,0.0009722897966178134,0.0006063886234394454,0.0016122006996073684,-0.0002634138739647115,-0.0031393193814685683,0.002678704725800395,-0.005650031473572035,-0.0013021545278405315,-0.0007767085047579594,0.0055712026102699985,0.0014610035088741945,-0.001883777534994456,-0.0014393218501810984,0.0032538435639752525,-0.0010967087818566077,-0.0037218955337911283,-0.0021849144487516483,0.02627563076162798,-0.0016677060770580164,0.0027943151721882093,-0.002950380095913825,-0.004324431927842631,-0.0037695316225959757,-0.0026957956112233774,0.003064341989277238,-0.0025000705933029234,-0.0017873255503323667,-0.0006707545113201624,-0.0056369912103474435,0.0013347367694959869,0.0010773467931171382,-0.006007044657986391,0.0008391739136873015,0.0044660165929820556,0.004580874599860915,0.00091649869136572,0.00012068431082930525,-0.0016677060770580164,0.013395845757657707,0.0019027129071595703,0.00035722263351840416,-0.0030659869276547943,-0.003775015187781914,0.003556806433154655,0.0004884811927775134,0.0005606824642503338,0.0016081717113386805,0.0011257264153956017,0.0005713906633449551,-0.0058464011411794095,0.002389546805779062,-0.00014091127170056707,-0.007099001491635086,0.001944841906051006,0.002228040074108941,0.0021935031520955756,-0.004043679080709826,0.0027943151721882093,0.0019027129071595703,0.0199696962993634,-0.0009384280741956724,-0.0033541002485818205,-0.004660973033864777,-0.0020291043985743865,-0.0016754343113369252,0.0004970685084209652,0.005641471808807473,0.004507222391110757,0.005959056882214457,-0.0076724949483677005,0.001271548385967553,0.0008193745228623926,-0.0010870531292966263,0.0011770236866580138,0.0058016237498580755,-0.0007297596547324934,0.0009722897966178134,-0.002950380095913825,0.00035722263351840416,-0.0009384280741956724,0.018595742807760246,0.005814560082223887,0.0011801224399288384,-0.0006382220465226369,0.0027806070728649598,-0.000852415543193419,0.004665766898975842,0.005136326276625835,0.0004392714202389842,-0.002380500210093647,-0.0034426144191286928,0.0026545909872479493,0.002755528073298836,-0.0041889237931516665,0.0011618118592560411,0.010271029723970461,0.0006063886234394454,-0.004324431927842631,-0.0030659869276547943,-0.0033541002485818205,0.005814560082223887,0.019303218590206866,-0.005192108451707802,-0.002186123479448877,-0.004739773036825964,-0.002350892940734338,0.0035557593057214633,0.0015549634914898162,0.008513308181181685,-0.005366544999790827,0.0016612590520247166,2.5887891885424392e-5,0.0006644851746461244,-0.0010164639937034836,-0.003143862656514273,-0.007113830944544339,0.0016122006996073684,-0.0037695316225959757,-0.003775015187781914,-0.004660973033864777,0.0011801224399288384,-0.005192108451707802,0.029116446465081776,0.0034221551608618166,-0.0002189119429217986,0.000531684894399769,-0.001994744790783574,-0.0019037715126314202,0.0006230631437719808,-0.002990476442085873,0.002986197770433759,-0.006935426261797487,0.0031442238040570785,0.003390663012387398,0.0055663761373869695,-0.004536961654751906,-0.0002634138739647115,-0.0026957956112233774,0.003556806433154655,-0.0020291043985743865,-0.0006382220465226369,-0.002186123479448877,0.0034221551608618166,0.021538972467145975,0.001039203073980132,0.0014889150015206859,-0.0001617601305136503,0.002137806510623283,-0.002751251568521373,0.0013062964647150232,0.0012576962327197454,-0.0047452364909251745,-0.005903025183263297,0.003128466091413757,-0.003522801396432029,-0.0024819842750087584,-0.0031393193814685683,0.003064341989277238,0.0004884811927775134,-0.0016754343113369252,0.0027806070728649598,-0.004739773036825964,-0.0002189119429217986,0.001039203073980132,0.010970308063484372,-0.0024530686300450804,-0.0005231074229398917,8.358181097011701e-5,0.0007916028302065226,-0.011980470633185622,-0.0018372212300497364,0.004508234788276822,-0.0013352054480150026,0.004755755697265201,-0.002916360897422087,-0.0006254554451322121,0.002678704725800395,-0.0025000705933029234,0.0005606824642503338,0.0004970685084209652,-0.000852415543193419,-0.002350892940734338,0.000531684894399769,0.0014889150015206859,-0.0024530686300450804,0.028948375565172157
