0.041948569022702005,0.0016906210653365242,0.003209844743847203,-0.005421078699195168,-0.0012374031956555542,-0.013406824941582789,0.018412064521128396,-0.0022663853347752896,0.0033948615721139247,-0.0028590242265327057,0.0026955699207014154,-0.00793915426955254,0.013864340141741118,-0.011598532164274401,0.00479713213780025,-0.028352162096938603,0.0004866595287284925,-0.002113330566000226,0.014335171234709667,0.005309364940685548,0.0016906210653365242,0.031212802995487218,-0.006865540811883989,0.005050114899831079,0.004202387049467863,0.006440092855117444,-0.004219027281356378,-0.0035226302327783727,0.004273096498115846,-0.003702253282611533,0.004415900775713466,0.008168283215170238,-0.008436985141708762,0.0022986764114136366,-0.0059191202615457555,0.008288627921339152,-0.005980845231228453,-0.006051559347226106,-0.01569218102353177,-0.0015007805905291026,0.003209844743847203,-0.006865540811883989,0.031182549600652733,-0.011218454248772939,-0.0017857894340846674,-0.00893906950861104,0.010661547056535315,-0.005803026791284379,-0.01674285923520938,0.0024998154042636138,0.002867280643078944,0.00613327732157684,-0.0011635542601798371,-0.006110081034855176,0.003431428149237607,-0.0017924852628038732,-7.49261352292356e-5,0.011639970226396377,0.008521944212997536,-0.009247285233088052,-0.005421078699195168,0.005050114899831079,-0.011218454248772939,0.033238629810608086,-0.0014996856064100924,0.008540918518526553,-0.004702880704375866,0.0067286484067865995,0.017233073107972945,-0.0008546714062926826,-0.0014743564943957815,-0.006265509797768559,-0.0028887870603983806,0.005320394917500873,-0.007017779327001086,0.010182344934398856,0.0026165002132665736,-0.001065637060042428,-0.01423556584565655,0.007671231750050011,-0.0012374031956555542,0.004202387049467863,-0.0017857894340846674,-0.0014996856064100924,0.02153723228800813,0.0069310017829726876,-0.001902110671363421,-0.0022983206677797867,-0.006889102880814727,0.0011375795847531106,0.001461084414989911,-0.004459862684922926,-0.0013529868889264312,-0.00635057040656148,0.005309929579359154,-0.001058418429389565,-0.004959669375512368,-0.005159182270027228,-0.002054580313038219,0.003907487684694212,-0.013406824941582789,0.006440092855117444,-0.00893906950861104,0.008540918518526553,0.0069310017829726876,0.04641346157797023,-0.022696444222426993,0.0015098480846898457,0.01259643428529645,0.003829613462658067,-0.0010019666909148006,0.006314572208820969,-0.010502620205682232,0.011008523611273639,-0.0058911566144273265,0.0180427548494633,0.004536338866491593,-0.009921723996897846,-0.023945016556116833,-0.007990528286728797,0.018412064521128396,-0.004219027281356378,0.010661547056535315,-0.004702880704375866,-0.001902110671363421,-0.022696444222426993,0.059767270698316506,-0.0073694494649509,-0.01830591680132542,-0.008450954890962776,0.010706450641183439,-0.01586839579890311,0.021271606087576556,-0.03234424170411744,0.0013327054878501366,-0.03246719589500851,-0.011157579652915119,0.006441284769843135,0.033556929838395574,0.008831929142558183,-0.0022663853347752896,-0.0035226302327783727,-0.005803026791284379,0.0067286484067865995,-0.0022983206677797867,0.0015098480846898457,-0.0073694494649509,0.022072179119121328,0.0035796788755101464,0.003352894610977094,-0.0015152911716508825,-0.004566447018733111,-0.005840290786126059,0.016289939094904216,0.0009758403749514362,0.007878689373131485,0.010152710281194965,-0.004399927331060787,-0.010234354939419954,-0.005090944507653893,0.0033948615721139247,0.004273096498115846,-0.01674285923520938,0.017233073107972945,-0.006889102880814727,0.01259643428529645,-0.01830591680132542,0.0035796788755101464,0.054341453330493436,0.008777119366328683,-0.007808916502178166,0.004994249383849798,0.0038455359657092953,0.004847840122149222,-0.0058489143613342995,0.008144932920501103,0.006344706541320112,-0.01074329030808677,-0.01595799367232608,0.0072320892587646145,-0.0028590242265327057,-0.003702253282611533,0.0024998154042636138,-0.0008546714062926826,0.0011375795847531106,0.003829613462658067,-0.008450954890962776,0.003352894610977094,0.008777119366328683,0.03131747210623255,-0.0036237500146736046,0.0018340620952788226,0.0070425908838774864,-0.0014334658372967526,-0.0034247625431807933,0.007792744579260646,0.009635239160695492,-0.008684111193481253,-0.013691640178617636,0.0036274057212388904,0.0026955699207014154,0.004415900775713466,0.002867280643078944,-0.0014743564943957815,0.001461084414989911,-0.0010019666909148006,0.010706450641183439,-0.0015152911716508825,-0.007808916502178166,-0.0036237500146736046,0.023328711940143215,-0.00456688443259574,-0.0023680555376018168,-0.001300603099693826,0.006432560292116448,-0.004179512621522728,-0.004158272927259451,-0.00042594837581194916,0.0030236175306938293,-0.004364739644228536,-0.00793915426955254,0.008168283215170238,0.00613327732157684,-0.006265509797768559,-0.004459862684922926,0.006314572208820969,-0.01586839579890311,-0.004566447018733111,0.004994249383849798,0.0018340620952788226,-0.00456688443259574,0.039123307768167255,-0.0031406748409526955,0.011465764935011953,-0.001643600441489747,0.00927890262046157,0.0026268771251942618,-0.004400778284515107,-0.010703273294103876,-0.008302629417773828,0.013864340141741118,-0.008436985141708762,-0.0011635542601798371,-0.0028887870603983806,-0.0013529868889264312,-0.010502620205682232,0.021271606087576556,-0.005840290786126059,0.0038455359657092953,0.0070425908838774864,-0.0023680555376018168,-0.0031406748409526955,0.037337094246211,-0.02549729048198899,0.005255045258810428,-0.025474217256804106,-0.002063066428192335,0.00427730483086044,0.02123294125800112,0.01398347920150251,-0.011598532164274401,0.0022986764114136366,-0.006110081034855176,0.005320394917500873,-0.00635057040656148,0.011008523611273639,-0.03234424170411744,0.016289939094904216,0.004847840122149222,-0.0014334658372967526,-0.001300603099693826,0.011465764935011953,-0.02549729048198899,0.06672351860571718,-0.0019317289431321069,0.026903180947168294,0.020275044658356858,-0.011095010356060721,-0.03350697728664302,-0.017314277156873684,0.00479713213780025,-0.0059191202615457555,0.003431428149237607,-0.007017779327001086,0.005309929579359154,-0.0058911566144273265,0.0013327054878501366,0.0009758403749514362,-0.0058489143613342995,-0.0034247625431807933,0.006432560292116448,-0.001643600441489747,0.005255045258810428,-0.0019317289431321069,0.0390035376450825,-0.0170527405685861,-0.005042047156480539,-0.0018366451351875498,0.009805668194198727,0.004041527996465835,-0.028352162096938603,0.008288627921339152,-0.0017924852628038732,0.010182344934398856,-0.001058418429389565,0.0180427548494633,-0.03246719589500851,0.007878689373131485,0.008144932920501103,0.007792744579260646,-0.004179512621522728,0.00927890262046157,-0.025474217256804106,0.026903180947168294,-0.0170527405685861,0.05415453332537027,0.006031965192579829,-0.0064106796722231425,-0.0400279362989206,-0.0073091738905340774,0.0004866595287284925,-0.005980845231228453,-7.49261352292356e-5,0.0026165002132665736,-0.004959669375512368,0.004536338866491593,-0.011157579652915119,0.010152710281194965,0.006344706541320112,0.009635239160695492,-0.004158272927259451,0.0026268771251942618,-0.002063066428192335,0.020275044658356858,-0.005042047156480539,0.006031965192579829,0.026879105880223235,-0.0065235122763640544,-0.011653536296779059,-0.008249666836233533,-0.002113330566000226,-0.006051559347226106,0.011639970226396377,-0.001065637060042428,-0.005159182270027228,-0.009921723996897846,0.006441284769843135,-0.004399927331060787,-0.01074329030808677,-0.008684111193481253,-0.00042594837581194916,-0.004400778284515107,0.00427730483086044,-0.011095010356060721,-0.0018366451351875498,-0.0064106796722231425,-0.0065235122763640544,0.02447958055429855,0.016335661068866587,0.005143921762746491,0.014335171234709667,-0.01569218102353177,0.008521944212997536,-0.01423556584565655,-0.002054580313038219,-0.023945016556116833,0.033556929838395574,-0.010234354939419954,-0.01595799367232608,-0.013691640178617636,0.0030236175306938293,-0.010703273294103876,0.02123294125800112,-0.03350697728664302,0.009805668194198727,-0.0400279362989206,-0.011653536296779059,0.016335661068866587,0.06421993211010918,0.011092018791168366,0.005309364940685548,-0.0015007805905291026,-0.009247285233088052,0.007671231750050011,0.003907487684694212,-0.007990528286728797,0.008831929142558183,-0.005090944507653893,0.0072320892587646145,0.0036274057212388904,-0.004364739644228536,-0.008302629417773828,0.01398347920150251,-0.017314277156873684,0.004041527996465835,-0.0073091738905340774,-0.008249666836233533,0.005143921762746491,0.011092018791168366,0.032390419674562944
0.0924519106742736,-0.011454779296966745,0.034234982153076576,-0.02184969164495757,-0.004692490113357369,0.005770724699898669,0.0025386639020408552,-0.027466429949176627,0.0011471097999245484,0.05077560993250059,0.030351370214546737,0.002889932609481013,0.008783947049695349,0.0027594125206922126,-0.06558619770457491,0.013517756663067659,-0.0015084296501907406,-5.1873512679441444e-5,-0.03762493818551638,-0.05732507108747309,-0.011454779296966745,0.027286428554870335,-0.0058914752032870575,-0.015414510383157085,-0.0016157641594027566,-0.0009549291829353585,0.0052165625122504045,0.00560581978365511,-0.004314185156684405,0.001624170466994858,-0.009370895696902696,-0.018336065333294578,0.007132478059420037,0.005108381358927459,0.0198364260465856,0.00068081406498245,-0.003656130902790231,0.0008256432361447018,0.0012287054185368658,0.005469709777366584,0.034234982153076576,-0.0058914752032870575,0.0678133978263463,-0.0011891108298878626,0.010771949916647528,0.00041116082908524006,0.004151204858099275,-0.010476704559880142,-0.01884531054367078,0.03417449392739215,0.025229652862353867,0.010704858441636388,0.0004710648734990333,-0.01983448655939516,-0.04360090544718766,-0.01715314999046383,-0.010219713950288572,0.011802031527746126,-0.01812253301998918,-0.031220106002176316,-0.02184969164495757,-0.015414510383157085,-0.0011891108298878626,0.04313447517453556,0.003240795391908977,-0.006185703740563859,-0.013527510318313181,0.010483268524556806,0.0022956416210219966,-0.027502376589113205,-0.0027183513250116885,0.011951653768428008,-0.007520928617115402,-0.010926583853740264,0.005984358846206923,-0.004431705176224082,0.00794260271601174,-0.002634909987434722,0.006435251063322406,0.017506562037457506,-0.004692490113357369,-0.0016157641594027566,0.010771949916647528,0.003240795391908977,0.019264058399965034,0.0016972350719713755,-0.00042325166182665194,0.00030777185908036656,-0.0011399157024934176,0.005178323669601602,0.005251546895641966,0.003367800591408023,-0.004616925589900544,-0.010361149237579654,-0.011575477765738595,-0.006830989618852059,0.0061857494165124,0.008280934876233034,-0.0031719659930560034,-0.0022502538031005806,0.005770724699898669,-0.0009549291829353585,0.00041116082908524006,-0.006185703740563859,0.0016972350719713755,0.027678043846950884,0.004350109538751931,0.0017144808927779466,0.00702201785367834,0.010717546874173301,-0.0010500354506358276,-0.010416132552319497,-0.004851117760689083,0.001713457055426755,-0.0054469168624924754,-0.00876109288264745,0.007120776051692604,0.011380776133825559,-0.0015273046653896142,-0.01855539703508506,0.0025386639020408552,0.0052165625122504045,0.004151204858099275,-0.013527510318313181,-0.00042325166182665194,0.004350109538751931,0.03439420179440883,-0.006466608949120567,-0.0005366674917318078,0.018552255285425347,-0.005075022215538947,-0.011144098608436308,-0.003787774837009124,0.003234487113637548,-0.0013039125750901887,-0.011425038199465783,0.0049457117819893546,0.004814167427492026,-0.001219486704008867,-0.011881034292120481,-0.027466429949176627,0.00560581978365511,-0.010476704559880142,0.010483268524556806,0.00030777185908036656,0.0017144808927779466,-0.006466608949120567,0.03831647538512675,-0.00016793671806746168,-0.021311947407451026,-6.985284520660145e-5,0.00676495851309086,0.0012410996202104267,-0.010273748689048963,0.015029150289702128,-0.01673554032289396,2.192890518049843e-5,0.005436610788995503,0.003623310134453039,0.009296575396793334,0.0011471097999245484,-0.004314185156684405,-0.01884531054367078,0.0022956416210219966,-0.0011399157024934176,0.00702201785367834,-0.0005366674917318078,-0.00016793671806746168,0.026147819192322088,-0.0027725436247619546,-0.005433295814902294,0.0014354614222974967,-0.0045043315552289135,0.006466847562027528,-0.0019164068105922273,0.005863420812368418,0.006897123542089142,0.0011401508931736764,0.0020237087516324455,-0.0037139946222647284,0.05077560993250059,0.001624170466994858,0.03417449392739215,-0.027502376589113205,0.005178323669601602,0.010717546874173301,0.018552255285425347,-0.021311947407451026,-0.0027725436247619546,0.07703236265568515,0.019676791280627184,-0.014521940873941836,0.0033256386668848626,0.0038611005344467517,-0.049685250087004355,-0.012358900230063185,-0.00010076539950409542,0.01465738676120494,-0.024385379219762207,-0.05339753269188201,0.030351370214546737,-0.009370895696902696,0.025229652862353867,-0.0027183513250116885,0.005251546895641966,-0.0010500354506358276,-0.005075022215538947,-6.985284520660145e-5,-0.005433295814902294,0.019676791280627184,0.055235942997982464,0.027275765417217785,0.003408074682960032,-0.02562334899074465,-0.042331386175221294,-0.011092876414258662,-0.006829543036693281,0.01582991771671958,-0.022194019374255254,-0.03211158305621655,0.002889932609481013,-0.018336065333294578,0.010704858441636388,0.011951653768428008,0.003367800591408023,-0.010416132552319497,-0.011144098608436308,0.00676495851309086,0.0014354614222974967,-0.014521940873941836,0.027275765417217785,0.059743926809988995,0.004811280062022173,-0.016641297997971267,-0.02498224143323754,-0.004060384150719117,-0.004578494606228261,0.0032926063349213,-0.021806810078021082,-0.00025340724911609335,0.008783947049695349,0.007132478059420037,0.0004710648734990333,-0.007520928617115402,-0.004616925589900544,-0.004851117760689083,-0.003787774837009124,0.0012410996202104267,-0.0045043315552289135,0.0033256386668848626,0.003408074682960032,0.004811280062022173,0.035341950590910276,-0.001985322867220296,-0.003932612266862874,0.002934876117902597,-0.016062722154095363,0.0018760739185780277,-0.0017375409585016566,-0.003989519535710938,0.0027594125206922126,0.005108381358927459,-0.01983448655939516,-0.010926583853740264,-0.010361149237579654,0.001713457055426755,0.003234487113637548,-0.010273748689048963,0.006466847562027528,0.0038611005344467517,-0.02562334899074465,-0.016641297997971267,-0.001985322867220296,0.045561800381397254,0.022294380301527007,0.013118674630473955,-0.00025236896967317747,-0.01847844014069904,0.010654924582448492,0.015177241355935452,-0.06558619770457491,0.0198364260465856,-0.04360090544718766,0.005984358846206923,-0.011575477765738595,-0.0054469168624924754,-0.0013039125750901887,0.015029150289702128,-0.0019164068105922273,-0.049685250087004355,-0.042331386175221294,-0.02498224143323754,-0.003932612266862874,0.022294380301527007,0.09725639738904758,0.009956122988930992,-0.0056282261340617375,-0.01611000245347924,0.04178604616355361,0.05865286072036729,0.013517756663067659,0.00068081406498245,-0.01715314999046383,-0.004431705176224082,-0.006830989618852059,-0.00876109288264745,-0.011425038199465783,-0.01673554032289396,0.005863420812368418,-0.012358900230063185,-0.011092876414258662,-0.004060384150719117,0.002934876117902597,0.013118674630473955,0.009956122988930992,0.04974168195005866,0.0015572276817494269,-0.016777453683110274,-0.003977211510488033,0.015710638881559012,-0.0015084296501907406,-0.003656130902790231,-0.010219713950288572,0.00794260271601174,0.0061857494165124,0.007120776051692604,0.0049457117819893546,2.192890518049843e-5,0.006897123542089142,-0.00010076539950409542,-0.006829543036693281,-0.004578494606228261,-0.016062722154095363,-0.00025236896967317747,-0.0056282261340617375,0.0015572276817494269,0.027374815739904242,-0.0008693071775800251,-0.0023763598117386192,0.0007117507650987339,-5.1873512679441444e-5,0.0008256432361447018,0.011802031527746126,-0.002634909987434722,0.008280934876233034,0.011380776133825559,0.004814167427492026,0.005436610788995503,0.0011401508931736764,0.01465738676120494,0.01582991771671958,0.0032926063349213,0.0018760739185780277,-0.01847844014069904,-0.01611000245347924,-0.016777453683110274,-0.0008693071775800251,0.03738620959563705,-0.011335014345261123,-0.018627617149466154,-0.03762493818551638,0.0012287054185368658,-0.01812253301998918,0.006435251063322406,-0.0031719659930560034,-0.0015273046653896142,-0.001219486704008867,0.003623310134453039,0.0020237087516324455,-0.024385379219762207,-0.022194019374255254,-0.021806810078021082,-0.0017375409585016566,0.010654924582448492,0.04178604616355361,-0.003977211510488033,-0.0023763598117386192,-0.011335014345261123,0.05167483730939909,0.025804781922282305,-0.05732507108747309,0.005469709777366584,-0.031220106002176316,0.017506562037457506,-0.0022502538031005806,-0.01855539703508506,-0.011881034292120481,0.009296575396793334,-0.0037139946222647284,-0.05339753269188201,-0.03211158305621655,-0.00025340724911609335,-0.003989519535710938,0.015177241355935452,0.05865286072036729,0.015710638881559012,0.0007117507650987339,-0.018627617149466154,0.025804781922282305,0.07854535920034424
