0.023615441954117734,0.005350679978831199,0.006550054183241757,0.00729719937503037,0.006361955183134914,0.008383643561693169,0.005688845081636355,0.0054802318493359405,-0.0016446472297380514,-0.007256169446362182,-0.004753551000951433,0.0026376578338680773,-5.804760138882626e-5,0.0010629830533153465,0.003925328922002305,-0.005556172003321679,-0.0008875003134949588,-0.008127353894548934,-0.009804822585273616,-0.005912342037148111,0.005350679978831199,0.01726732867423254,0.0026754796955095186,-0.005750661698698277,7.607038281480535e-5,0.0025348299648935736,0.003746265869700193,0.006423775064362754,-0.0019894025402159583,-0.0003405131512629722,-0.0029051920528727253,-0.004068178506459798,-0.009313494153632569,-0.0016645359161223212,-0.0030141768724335745,-0.0058882810738186495,0.0011060684731811709,-0.005505999572530866,0.004653837013751793,0.0003186890353066013,0.006550054183241757,0.0026754796955095186,0.027138156723853012,0.005695441576494795,-0.003487926346581432,-8.281186502551551e-5,0.007697297504373009,-0.001950615511804621,-0.003159817611242374,-0.003078136612056055,-0.0001959477452972216,-0.0029605955149781538,0.0036864821024486863,-0.004236786586162451,-0.006293986789091295,-0.004313850209728782,-0.007708529820708962,-0.015428724525973296,0.009827344112418698,-0.009959717797484951,0.00729719937503037,-0.005750661698698277,0.005695441576494795,0.02804872662192588,-0.0008479557635208927,-0.00223786549735034,0.004246545775535574,-0.0010655582840790395,0.0005923682704435815,-0.010828419549286546,-0.0021164252336546042,-0.0026290418679215917,0.01813909293967598,-0.0029182556310952054,-0.007960765514738531,0.004867490719320537,0.0009386848034175975,-0.0007631321621378358,-0.0031345422541709444,-0.013357472278588915,0.006361955183134914,7.607038281480535e-5,-0.003487926346581432,-0.0008479557635208927,0.03183849732871756,0.0015567951402285442,0.0029864592207122587,0.003848936444555719,-0.0020653606664723825,-0.0015886067472734287,-0.004652341859410804,-0.003997630368131232,-0.006943473467264599,-0.004666319962254278,0.001026152841813168,-0.00224445539299168,0.005631599090303642,0.008579373252151346,-0.009433030175282527,-0.002404861642084517,0.008383643561693169,0.0025348299648935736,-8.281186502551551e-5,-0.00223786549735034,0.0015567951402285442,0.01861348456431828,0.003942106194774779,-0.00305321264262811,-0.0007723190366613704,0.0030998673213610013,-0.00033895502530642877,-0.0003904558701728695,-0.0022545105289307013,0.0030424659304547335,-0.0030685499335743114,-0.004394777278497781,-0.0003296789616430855,0.004004256219334818,-0.0038581310113724385,-0.0024420572649333427,0.005688845081636355,0.003746265869700193,0.007697297504373009,0.004246545775535574,0.0029864592207122587,0.003942106194774779,0.039374970990505,-0.001446526141056855,-0.004874262037315229,-0.0018400044467754752,-0.007162642012479382,0.0004706241495443258,0.0016341002083573885,-0.006105117370824237,-0.005678786794791526,-0.008566206251574341,0.00902362803840758,-0.01590104716463525,0.005719975942529824,-0.006786004846669502,0.0054802318493359405,0.006423775064362754,-0.001950615511804621,-0.0010655582840790395,0.003848936444555719,-0.00305321264262811,-0.001446526141056855,0.03954718964864745,0.00037090178483511777,-0.012872999324169548,0.0013512474166765302,0.0036954149019904963,-0.010169385842970386,-0.002154943574166527,-0.00040223904825891074,0.00632140237091087,0.0034859250056574233,-0.011445392883085402,-0.00359541327284272,0.004624144275632868,-0.0016446472297380514,-0.0019894025402159583,-0.003159817611242374,0.0005923682704435815,-0.0020653606664723825,-0.0007723190366613704,-0.004874262037315229,0.00037090178483511777,0.02098322185223964,-0.000805169327626796,0.003454771126893259,0.0044775311772599045,0.0009133310533986862,-0.0035113888475664244,-0.001368022523765036,0.009509372994852676,-0.005691671230004491,-0.0039052962427016833,-0.006995893788845822,0.00530769268249216,-0.007256169446362182,-0.0003405131512629722,-0.003078136612056055,-0.010828419549286546,-0.0015886067472734287,0.0030998673213610013,-0.0018400044467754752,-0.012872999324169548,-0.000805169327626796,0.032906888469024294,0.0003605666173933233,-0.006324248357076157,-0.004842089346840552,0.006192492857114144,0.0014304394773643082,-0.007013537223606451,-0.00016104212613578868,0.008839379565294585,0.012754934964864979,0.0005725184338850304,-0.004753551000951433,-0.0029051920528727253,-0.0001959477452972216,-0.0021164252336546042,-0.004652341859410804,-0.00033895502530642877,-0.007162642012479382,0.0013512474166765302,0.003454771126893259,0.0003605666173933233,0.020472968590811005,0.006513230143716124,0.00037111390656302925,0.0027571955743501374,-0.004881943530268587,0.002339407336177022,-0.006686018217136618,0.0026756423068971303,-0.004104080654601692,0.005025080025885791,0.0026376578338680773,-0.004068178506459798,-0.0029605955149781538,-0.0026290418679215917,-0.003997630368131232,-0.0003904558701728695,0.0004706241495443258,0.0036954149019904963,0.0044775311772599045,-0.006324248357076157,0.006513230143716124,0.02653450331352924,-0.0002648485663174282,-0.00421985310758855,0.0007510681516934231,0.0027676541825292734,-0.003598285090471309,-0.004817233775587498,-0.0065666891782220835,0.005258651713189972,-5.804760138882626e-5,-0.009313494153632569,0.0036864821024486863,0.01813909293967598,-0.006943473467264599,-0.0022545105289307013,0.0016341002083573885,-0.010169385842970386,0.0009133310533986862,-0.004842089346840552,0.00037111390656302925,-0.0002648485663174282,0.051481591236910235,0.010144695472480685,-0.006479828177263853,-0.00030337406000367653,-0.0005522585970175915,-0.0005652697778688175,-0.004377451332217206,-0.005589838200570619,0.0010629830533153465,-0.0016645359161223212,-0.004236786586162451,-0.0029182556310952054,-0.004666319962254278,0.0030424659304547335,-0.006105117370824237,-0.002154943574166527,-0.0035113888475664244,0.006192492857114144,0.0027571955743501374,-0.00421985310758855,0.010144695472480685,0.030619234713136417,0.004072836770965024,0.0007401034251598615,-0.0037427748300807805,0.007684209570066739,-0.0013532201270046627,0.001553764475342946,0.003925328922002305,-0.0030141768724335745,-0.006293986789091295,-0.007960765514738531,0.001026152841813168,-0.0030685499335743114,-0.005678786794791526,-0.00040223904825891074,-0.001368022523765036,0.0014304394773643082,-0.004881943530268587,0.0007510681516934231,-0.006479828177263853,0.004072836770965024,0.03206709406393653,-0.0015203086380851463,0.003887813504936659,0.009263065321059727,-0.0006434318338424031,-0.004701893448250855,-0.005556172003321679,-0.0058882810738186495,-0.004313850209728782,0.004867490719320537,-0.00224445539299168,-0.004394777278497781,-0.008566206251574341,0.00632140237091087,0.009509372994852676,-0.007013537223606451,0.002339407336177022,0.0027676541825292734,-0.00030337406000367653,0.0007401034251598615,-0.0015203086380851463,0.03090211571010021,-0.005144707103417893,0.0018077891908138111,-0.010121572255521002,0.008386935351328482,-0.0008875003134949588,0.0011060684731811709,-0.007708529820708962,0.0009386848034175975,0.005631599090303642,-0.0003296789616430855,0.00902362803840758,0.0034859250056574233,-0.005691671230004491,-0.00016104212613578868,-0.006686018217136618,-0.003598285090471309,-0.0005522585970175915,-0.0037427748300807805,0.003887813504936659,-0.005144707103417893,0.025579513329394787,0.003771426934717043,0.0035536763923083997,-0.0018559024205668487,-0.008127353894548934,-0.005505999572530866,-0.015428724525973296,-0.0007631321621378358,0.008579373252151346,0.004004256219334818,-0.01590104716463525,-0.011445392883085402,-0.0039052962427016833,0.008839379565294585,0.0026756423068971303,-0.004817233775587498,-0.0005652697778688175,0.007684209570066739,0.009263065321059727,0.0018077891908138111,0.003771426934717043,0.05105152687231284,-0.01243886684250431,-0.002265686479161578,-0.009804822585273616,0.004653837013751793,0.009827344112418698,-0.0031345422541709444,-0.009433030175282527,-0.0038581310113724385,0.005719975942529824,-0.00359541327284272,-0.006995893788845822,0.012754934964864979,-0.004104080654601692,-0.0065666891782220835,-0.004377451332217206,-0.0013532201270046627,-0.0006434318338424031,-0.010121572255521002,0.0035536763923083997,-0.01243886684250431,0.04428872027427522,-0.00543692930647057,-0.005912342037148111,0.0003186890353066013,-0.009959717797484951,-0.013357472278588915,-0.002404861642084517,-0.0024420572649333427,-0.006786004846669502,0.004624144275632868,0.00530769268249216,0.0005725184338850304,0.005025080025885791,0.005258651713189972,-0.005589838200570619,0.001553764475342946,-0.004701893448250855,0.008386935351328482,-0.0018559024205668487,-0.002265686479161578,-0.00543692930647057,0.030729541004494244
0.05830846201989011,0.016119355238426846,-0.0017735587649095903,-0.0069001301226815515,0.02293592024077802,-0.01010928038297961,0.012170529146116006,-0.012991062898408158,0.0031371883361524504,0.021820281873661966,0.010114663477921775,-0.020691774800136502,0.018394640110099413,-0.0036746561329830283,0.01667676381811893,-0.015197278354657031,0.012703841331877689,-0.017493075370949046,0.009675844433272681,0.00717092329478379,0.016119355238426846,0.02126096815200664,0.004764075727899477,0.006374994680210055,0.014056479897169755,0.001823586519268952,0.0022033490499936406,-0.0008485585983165366,0.010027247187682503,0.009332335433783834,0.009512822668102909,-0.005321550544973812,0.009981095314745028,0.0010499597215313712,0.008350000899154613,0.000793737788135154,0.006336438809673958,0.0009008908593340884,0.0025482546716993353,0.007179731307809443,-0.0017735587649095903,0.004764075727899477,0.035919214330994834,0.0012492049845196566,0.0029167123762010696,-0.007079722241145613,0.005238815456447074,0.0033606422321992534,0.0004413808039536323,0.004197415227696857,0.003668896691401278,-0.004812656170548183,-0.004278087446328747,0.003295563589703363,0.004733420803182797,-0.009615463342177308,-0.006450730437466701,0.001418845381368687,0.006922157834859626,0.0021670001775796342,-0.0069001301226815515,0.006374994680210055,0.0012492049845196566,0.03367764362075388,0.0009945799845123664,0.009848904335782779,0.0033244511130722625,0.0005142116718024872,0.001460006824737921,-0.003026086989478451,0.011636448173242227,0.001887156066560966,-0.004063629990649208,0.0017741408794728253,0.008748107780780248,0.006624196814459024,0.0013336942370037238,0.004618262258551305,-0.0018032397231547669,0.0005511259471220346,0.02293592024077802,0.014056479897169755,0.0029167123762010696,0.0009945799845123664,0.03853830769638643,-0.009209168640213067,0.005724735494478378,-0.0037870798762863664,0.0017775420058449946,0.015628179126102603,-0.0009543933223426023,-0.020369524018695857,0.014958208694268713,-0.004965914336887204,0.010141972163547158,-0.01699201363071749,0.008590717693332025,-0.012097136626340672,0.011731396011007311,0.00582903526499322,-0.01010928038297961,0.001823586519268952,-0.007079722241145613,0.009848904335782779,-0.009209168640213067,0.04887489592254088,-0.01150550656634025,0.012002121416368684,0.020852578315301396,-0.012760774490992917,0.004597369851704213,0.02055595094963275,-0.01291291264489847,0.018684313878118294,-0.011797889890244608,0.027537808646195823,0.005718016290687913,0.020204249237176057,-0.017265908794554065,-0.002571530230418546,0.012170529146116006,0.0022033490499936406,0.005238815456447074,0.0033244511130722625,0.005724735494478378,-0.01150550656634025,0.04036455404438873,-0.0011827677800724616,-0.006809257947488724,0.010809596323152315,0.00020867683610127684,-0.008384620908719772,0.008166611126625006,-0.003993225336204206,0.005392093031521108,-0.006380960485076696,0.01039731461302353,-0.004096924247841775,0.015445784241754523,0.01046377245469565,-0.012991062898408158,-0.0008485585983165366,0.0033606422321992534,0.0005142116718024872,-0.0037870798762863664,0.012002121416368684,-0.0011827677800724616,0.02870667303921161,0.006376689572398098,-0.004166263947333157,0.00042140925412584946,0.009223542433402215,-0.007505133791086777,0.008858112589053044,-0.010075324686674176,0.011720965336801196,-0.0006336472271395777,0.014333598706681496,-0.0031346484765953555,-0.0012881836165589005,0.0031371883361524504,0.010027247187682503,0.0004413808039536323,0.001460006824737921,0.0017775420058449946,0.020852578315301396,-0.006809257947488724,0.006376689572398098,0.03609446274275707,-0.0005143207204340609,0.013478645660556371,0.0013560931228413287,-0.010921236009565492,0.008603438372052226,-0.00137895602006216,0.015536004431162619,-0.0007651681964164418,0.014420834666573904,-0.013944133645650498,-0.0012786561421710692,0.021820281873661966,0.009332335433783834,0.004197415227696857,-0.003026086989478451,0.015628179126102603,-0.012760774490992917,0.010809596323152315,-0.004166263947333157,-0.0005143207204340609,0.031114579125532615,0.006778244309651031,-0.013019083699776328,0.014335967097669003,-0.006678428542786496,0.01182030193206083,-0.010049738511083168,0.00848866579077567,-0.006313417718807023,0.012322919784274156,0.008886411514114142,0.010114663477921775,0.009512822668102909,0.003668896691401278,0.011636448173242227,-0.0009543933223426023,0.004597369851704213,0.00020867683610127684,0.00042140925412584946,0.013478645660556371,0.006778244309651031,0.0465651779279454,0.005962991590423693,-0.004024817046902593,0.0015319398555738648,0.008165734953251728,0.012985544900217675,-0.0023732707768411567,0.005411877142879353,-0.004441358353514711,0.0018324249743860948,-0.020691774800136502,-0.005321550544973812,-0.004812656170548183,0.001887156066560966,-0.020369524018695857,0.02055595094963275,-0.008384620908719772,0.009223542433402215,0.0013560931228413287,-0.013019083699776328,0.005962991590423693,0.033542926256933545,-0.013507939815892461,0.011429867481343465,-0.011319601413709296,0.020825914269155567,-0.00217468059359025,0.015831587680536625,-0.008529212920628287,-0.009370461922023052,0.018394640110099413,0.009981095314745028,-0.004278087446328747,-0.004063629990649208,0.014958208694268713,-0.01291291264489847,0.008166611126625006,-0.007505133791086777,-0.010921236009565492,0.014335967097669003,-0.004024817046902593,-0.013507939815892461,0.04191616466937883,-0.01187409903613102,0.011372650440906584,-0.009660000254880315,0.008986263821981038,-0.013892125944363435,0.006582307579733611,0.0022886423705095558,-0.0036746561329830283,0.0010499597215313712,0.003295563589703363,0.0017741408794728253,-0.004965914336887204,0.018684313878118294,-0.003993225336204206,0.008858112589053044,0.008603438372052226,-0.006678428542786496,0.0015319398555738648,0.011429867481343465,-0.01187409903613102,0.030248117901122692,-0.008079606291395994,0.009573872910908712,0.003072091676950467,0.011985584935589164,-0.008458499618085646,-0.006635450601040056,0.01667676381811893,0.008350000899154613,0.004733420803182797,0.008748107780780248,0.010141972163547158,-0.011797889890244608,0.005392093031521108,-0.010075324686674176,-0.00137895602006216,0.01182030193206083,0.008165734953251728,-0.011319601413709296,0.011372650440906584,-0.008079606291395994,0.02943257447018629,-0.013275009783207996,0.005173350615866362,-0.008169949634619466,0.010105438755916,0.00723176001068998,-0.015197278354657031,0.000793737788135154,-0.009615463342177308,0.006624196814459024,-0.01699201363071749,0.027537808646195823,-0.006380960485076696,0.011720965336801196,0.015536004431162619,-0.010049738511083168,0.012985544900217675,0.020825914269155567,-0.009660000254880315,0.009573872910908712,-0.013275009783207996,0.04567533406738992,-0.0016083728353158346,0.01852266316836032,-0.019789246223595215,-0.0072011313183183755,0.012703841331877689,0.006336438809673958,-0.006450730437466701,0.0013336942370037238,0.008590717693332025,0.005718016290687913,0.01039731461302353,-0.0006336472271395777,-0.0007651681964164418,0.00848866579077567,-0.0023732707768411567,-0.00217468059359025,0.008986263821981038,0.003072091676950467,0.005173350615866362,-0.0016083728353158346,0.03311438746947652,-0.001421336644820016,0.006612242462008743,0.004566590182925914,-0.017493075370949046,0.0009008908593340884,0.001418845381368687,0.004618262258551305,-0.012097136626340672,0.020204249237176057,-0.004096924247841775,0.014333598706681496,0.014420834666573904,-0.006313417718807023,0.005411877142879353,0.015831587680536625,-0.013892125944363435,0.011985584935589164,-0.008169949634619466,0.01852266316836032,-0.001421336644820016,0.040306361738576234,-0.008343620928097675,0.0009992724973145123,0.009675844433272681,0.0025482546716993353,0.006922157834859626,-0.0018032397231547669,0.011731396011007311,-0.017265908794554065,0.015445784241754523,-0.0031346484765953555,-0.013944133645650498,0.012322919784274156,-0.004441358353514711,-0.008529212920628287,0.006582307579733611,-0.008458499618085646,0.010105438755916,-0.019789246223595215,0.006612242462008743,-0.008343620928097675,0.035466437866306884,0.01050799165287523,0.00717092329478379,0.007179731307809443,0.0021670001775796342,0.0005511259471220346,0.00582903526499322,-0.002571530230418546,0.01046377245469565,-0.0012881836165589005,-0.0012786561421710692,0.008886411514114142,0.0018324249743860948,-0.009370461922023052,0.0022886423705095558,-0.006635450601040056,0.00723176001068998,-0.0072011313183183755,0.004566590182925914,0.0009992724973145123,0.01050799165287523,0.018488919274928985
