0.02580345559485299,0.007336451015895999,-0.006313840683841321,-0.00046559922928735226,0.0007919464074290959,-0.014029795406049064,0.0064668688531567126,-0.00803736686797976,0.0004900072067826624,-0.0015224973188775102,-0.0002824940432952542,-0.00787671575844467,-0.002489531233533453,-0.007872360939179805,0.004161824300387865,-0.0039217600091368526,0.007159460104622029,0.00032372227097829604,0.0037652923464440054,0.007314440307168215,0.007336451015895999,0.052798453078403404,-0.006077664227707903,0.00931779006301598,0.003869828351377005,-0.02272814000287803,-0.00027775560535834437,-0.007682052198506804,-0.0036859525149785578,-0.004691806822694662,-0.009559032037575806,0.006270038973841067,-0.0030513753745458672,-0.024286236428944924,0.006913781359725791,-0.012454696334813501,0.005410664566180567,0.00600477418205681,0.012129555655108393,0.014825082723552884,-0.006313840683841321,-0.006077664227707903,0.051691579905219734,0.002058775475604788,-0.00880733673983668,-0.024764638706162384,0.0019394340900669455,-0.02618231858475424,0.06082268883196258,-0.003765126290643868,0.004859364547016682,0.0037253501829764904,0.0037385550328922676,-0.004512651550567109,-0.003674951864856296,0.008886798465512609,0.00557885824145097,-0.0023408838887204945,-0.00221251478050386,-0.01694888296091286,-0.00046559922928735226,0.00931779006301598,0.002058775475604788,0.036196485184134715,0.012394052175190854,-0.008993495465870211,0.002721513586490901,0.008152251987786073,-0.0014609724520768127,0.003384671124776722,-0.008196296267258133,0.011197367494423884,0.0019247326354118054,-0.012135505035981473,-0.00999764181088172,-0.010782070636436452,0.008756961756180943,-0.004425337659619745,0.0011159512171731005,-0.011791520954566136,0.0007919464074290959,0.003869828351377005,-0.00880733673983668,0.012394052175190854,0.03322801606495368,0.013129499517751601,0.0009185270642850197,0.023500896777057453,-0.02961744393980913,0.004524350010083725,-0.005240319126206009,0.0006707825169770918,-0.0006545162935351566,-0.004091365162762603,-0.003469155057771015,-0.016899835103433417,0.007394934032504696,-0.004465795351453186,0.0022877446810681563,-0.012144463750776663,-0.014029795406049064,-0.02272814000287803,-0.024764638706162384,-0.008993495465870211,0.013129499517751601,0.09036375829600236,-0.013347323363487509,0.03774951060921229,-0.04973087826261983,-0.006981930263078064,0.006990740409992813,-0.0006988553304504456,0.0017073616670737497,0.026150921007981557,-0.013085346725915638,0.0054871799525821885,0.00034427333272352357,-0.003123016773390066,-0.012443776936322596,-0.01751815309472035,0.0064668688531567126,-0.00027775560535834437,0.0019394340900669455,0.002721513586490901,0.0009185270642850197,-0.013347323363487509,0.030819849873323348,-0.0006472769711592836,0.004849324616568754,0.0005362935454410681,-0.004336974260527397,0.0045045843742405715,-0.002228681711960504,-0.004183797678010999,-0.013090409920666055,-0.0011304423639383596,0.006239827109393721,0.00021147899577741557,0.005363168625809579,-0.013786483906638036,-0.00803736686797976,-0.007682052198506804,-0.02618231858475424,0.008152251987786073,0.023500896777057453,0.03774951060921229,-0.0006472769711592836,0.06380890601269502,-0.04448098139122646,0.00585353823577813,-0.009457630379186526,0.0009182193014302688,-0.0012778017765739632,0.01806736299522064,-0.01755314843325318,0.0012776867589767607,0.004290982268204966,0.000963395242732605,-0.006645647629279239,-0.015249058706301357,0.0004900072067826624,-0.0036859525149785578,0.06082268883196258,-0.0014609724520768127,-0.02961744393980913,-0.04973087826261983,0.004849324616568754,-0.04448098139122646,0.15253945545434974,-0.0004946419669266825,-0.0022893243224059783,-0.008935522123610443,0.013594856941566005,0.004925530926762963,-0.009800877646653538,-0.00358998006242301,0.002936530622826351,0.0029141617688941473,-0.013253964579132494,-0.012781738294942533,-0.0015224973188775102,-0.004691806822694662,-0.003765126290643868,0.003384671124776722,0.004524350010083725,-0.006981930263078064,0.0005362935454410681,0.00585353823577813,-0.0004946419669266825,0.030048700497838594,-0.006012528301855751,-0.01007447682736972,0.0029112780377738502,0.005281821611133606,0.0031990454125204785,-0.001509232415940582,-0.003057997216794325,-0.003227243798094176,0.0008350427308880099,0.007146912556710072,-0.0002824940432952542,-0.009559032037575806,0.004859364547016682,-0.008196296267258133,-0.005240319126206009,0.006990740409992813,-0.004336974260527397,-0.009457630379186526,-0.0022893243224059783,-0.006012528301855751,0.025648396024409374,0.0007926938677998522,-0.003391434658400659,0.0027836761984197087,0.010835545403202175,0.002347481061628868,-0.0036824457254813264,-0.006521591411440319,-0.004805486101010043,0.004649913134244349,-0.00787671575844467,0.006270038973841067,0.0037253501829764904,0.011197367494423884,0.0006707825169770918,-0.0006988553304504456,0.0045045843742405715,0.0009182193014302688,-0.008935522123610443,-0.01007447682736972,0.0007926938677998522,0.037395830793333695,-0.0007557544622626056,-0.019544755634424968,-0.01208788170162455,-0.0015941813907880181,0.0023265373526166625,0.0016156726603532103,0.0033327906082488814,-0.011665994041300184,-0.002489531233533453,-0.0030513753745458672,0.0037385550328922676,0.0019247326354118054,-0.0006545162935351566,0.0017073616670737497,-0.002228681711960504,-0.0012778017765739632,0.013594856941566005,0.0029112780377738502,-0.003391434658400659,-0.0007557544622626056,0.021580322194903318,0.009264842348006896,-0.000603227975321633,-0.006001627219261894,-0.003106690160361945,-0.0035650077074722807,-0.008716524635284793,-0.0038000700966656794,-0.007872360939179805,-0.024286236428944924,-0.004512651550567109,-0.012135505035981473,-0.004091365162762603,0.026150921007981557,-0.004183797678010999,0.01806736299522064,0.004925530926762963,0.005281821611133606,0.0027836761984197087,-0.019544755634424968,0.009264842348006896,0.06238397830441944,0.002669060662851424,0.011251448452860408,-0.016559179006823882,-0.012854561303943614,-0.0320542100271029,0.008133102060288479,0.004161824300387865,0.006913781359725791,-0.003674951864856296,-0.00999764181088172,-0.003469155057771015,-0.013085346725915638,-0.013090409920666055,-0.01755314843325318,-0.009800877646653538,0.0031990454125204785,0.010835545403202175,-0.01208788170162455,-0.000603227975321633,0.002669060662851424,0.043516538695461626,0.00019339429074676529,-0.006395213217038041,-0.0026568130503847945,-0.00210144839517867,0.03313037074019269,-0.0039217600091368526,-0.012454696334813501,0.008886798465512609,-0.010782070636436452,-0.016899835103433417,0.0054871799525821885,-0.0011304423639383596,0.0012776867589767607,-0.00358998006242301,-0.001509232415940582,0.002347481061628868,-0.0015941813907880181,-0.006001627219261894,0.011251448452860408,0.00019339429074676529,0.042902804786203126,-0.016552076625227397,0.006414742251093936,-0.009721869178692893,0.0003697952407657682,0.007159460104622029,0.005410664566180567,0.00557885824145097,0.008756961756180943,0.007394934032504696,0.00034427333272352357,0.006239827109393721,0.004290982268204966,0.002936530622826351,-0.003057997216794325,-0.0036824457254813264,0.0023265373526166625,-0.003106690160361945,-0.016559179006823882,-0.006395213217038041,-0.016552076625227397,0.033902195742271046,-0.003021745923703523,0.009880941218634823,-0.018504085643739746,0.00032372227097829604,0.00600477418205681,-0.0023408838887204945,-0.004425337659619745,-0.004465795351453186,-0.003123016773390066,0.00021147899577741557,0.000963395242732605,0.0029141617688941473,-0.003227243798094176,-0.006521591411440319,0.0016156726603532103,-0.0035650077074722807,-0.012854561303943614,-0.0026568130503847945,0.006414742251093936,-0.003021745923703523,0.04037623117155331,0.01228951172336494,-0.004500736662043182,0.0037652923464440054,0.012129555655108393,-0.00221251478050386,0.0011159512171731005,0.0022877446810681563,-0.012443776936322596,0.005363168625809579,-0.006645647629279239,-0.013253964579132494,0.0008350427308880099,-0.004805486101010043,0.0033327906082488814,-0.008716524635284793,-0.0320542100271029,-0.00210144839517867,-0.009721869178692893,0.009880941218634823,0.01228951172336494,0.04515687896739721,-0.0056259164531737,0.007314440307168215,0.014825082723552884,-0.01694888296091286,-0.011791520954566136,-0.012144463750776663,-0.01751815309472035,-0.013786483906638036,-0.015249058706301357,-0.012781738294942533,0.007146912556710072,0.004649913134244349,-0.011665994041300184,-0.0038000700966656794,0.008133102060288479,0.03313037074019269,0.0003697952407657682,-0.018504085643739746,-0.004500736662043182,-0.0056259164531737,0.06790427358265215
0.04390779699487283,0.008163228373358828,-0.021361973974916397,0.019772103470997497,0.03490857519295788,0.010805142101456767,-0.004343090502787067,-0.03335145431353412,0.04300295818652697,-0.01583001129653141,0.01903035632029964,0.040516892564312734,0.02642606278883367,-0.058731063000733205,-0.023951617732755774,0.011585708528588087,-0.01019674039178205,-0.017007284957231188,-0.012550363063836981,0.0522472006080474,0.008163228373358828,0.0686249488148364,0.01880692816231551,0.028923012688334634,0.044069217303246505,-0.006800678848572704,-0.03421639020482629,-0.022279187192017158,-0.007041103790800349,0.009917074474318274,-0.01092581004786487,0.020854256981389263,0.007217134807609132,-0.05687045148994622,-0.027960982334837518,-0.011374731812908878,-0.01596956627519333,-0.01138801950231593,0.004363253832394041,0.004451968683187117,-0.021361973974916397,0.01880692816231551,0.06351403467877625,-0.007882388088785445,0.016831238935334503,-0.02607187977711268,-0.019563232218797202,0.044286736236194696,-0.04581307643600827,0.03092409199572397,-0.016056903846220626,0.0011399011872276494,0.012289584780939757,0.044469607870930725,0.04499712849022884,-0.052173710001687426,0.01571173177501283,-0.0007671074226984387,0.017564001276938326,-0.04987885849389256,0.019772103470997497,0.028923012688334634,-0.007882388088785445,0.057644565314798966,0.03812986023828421,0.014740964110206152,-0.02110654146348068,-0.032449686194510455,0.040025956501047344,-0.012809550641391117,-0.009861065218802945,0.021879107401227966,0.016521598245231917,-0.08447421480983616,-0.04094044667537591,-0.013561637346467792,-0.010796325893987671,-0.00816570051992135,-0.00035122077403895204,0.03289854894604661,0.03490857519295788,0.044069217303246505,0.016831238935334503,0.03812986023828421,0.11129810602217435,-0.008717302481409832,-0.04971430302967189,-0.015476570121771307,0.022041212069374393,0.00586118557588957,0.005182349813579469,0.0670038483574624,0.0685982125520874,-0.08515289533332124,-0.0035473885190525573,-0.04498297486886928,-0.010599071908297914,-0.029278096903062018,-0.01769742955472451,0.0309558610688768,0.010805142101456767,-0.006800678848572704,-0.02607187977711268,0.014740964110206152,-0.008717302481409832,0.04000848025771674,0.012505695011533726,-0.03932808381764947,0.034472434917213024,-0.017349828690450257,-0.011652652088050023,-0.005544719562963762,-0.004188868597021383,-0.040439891210026495,-0.0386493048364408,0.03076714457165053,-0.00247478027439794,0.014545048200160553,0.011056408107839488,0.011910753360180968,-0.004343090502787067,-0.03421639020482629,-0.019563232218797202,-0.02110654146348068,-0.04971430302967189,0.012505695011533726,0.0603832561522417,0.006852218872131081,0.00592337166084844,0.001988328181639577,0.002413022114823021,-0.02721489622621597,-0.016922960952546813,0.05209787746147852,0.014070358501786912,0.026996366939211428,0.01770079955947197,0.019212271270231937,0.01003392023786102,-0.008056862511951177,-0.03335145431353412,-0.022279187192017158,0.044286736236194696,-0.032449686194510455,-0.015476570121771307,-0.03932808381764947,0.006852218872131081,0.11961603548730412,-0.06495127706924761,0.03858628133367302,-0.0011325704841491577,-0.0219398437439638,0.010423367608515144,0.10944755518538944,0.08681947491542943,-0.06319054774790112,0.02598278305157073,-0.002948244776361283,-0.014025221028848879,-0.0648930704671836,0.04300295818652697,-0.007041103790800349,-0.04581307643600827,0.040025956501047344,0.022041212069374393,0.034472434917213024,0.00592337166084844,-0.06495127706924761,0.1080209437810408,-0.03684022114587289,0.017656835370356186,0.04001981118682539,0.02243612620014649,-0.09431828376608944,-0.05851263943397078,0.0201143380714379,-0.01288544682540808,-0.009537263229821631,-0.00883719783221902,0.07319532992483585,-0.01583001129653141,0.009917074474318274,0.03092409199572397,-0.012809550641391117,0.00586118557588957,-0.017349828690450257,0.001988328181639577,0.03858628133367302,-0.03684022114587289,0.0449379310891174,-0.00962639499321739,-0.006290835889461182,0.014579935943603291,0.047544336232186984,0.043090043489606086,-0.0324007299949854,0.01516990198763674,0.0019137608666160342,0.013298860113501853,-0.03893044818611635,0.01903035632029964,-0.01092581004786487,-0.016056903846220626,-0.009861065218802945,0.005182349813579469,-0.011652652088050023,0.002413022114823021,-0.0011325704841491577,0.017656835370356186,-0.00962639499321739,0.051990073157947604,0.022961878734417282,-0.00033694055783609327,-0.006677180944287535,-0.00360994212223069,0.020528550296351585,-0.012512523310180837,-0.014158698777467366,-0.02815750156051484,0.03313929906584011,0.040516892564312734,0.020854256981389263,0.0011399011872276494,0.021879107401227966,0.0670038483574624,-0.005544719562963762,-0.02721489622621597,-0.0219398437439638,0.04001981118682539,-0.006290835889461182,0.022961878734417282,0.07539046698396476,0.04951319028828542,-0.06445508135088521,-0.010715312950886891,-0.012442711763381634,-0.010925607356710342,-0.02584976007205591,-0.016408127841980445,0.04750972650712801,0.02642606278883367,0.007217134807609132,0.012289584780939757,0.016521598245231917,0.0685982125520874,-0.004188868597021383,-0.016922960952546813,0.010423367608515144,0.02243612620014649,0.014579935943603291,-0.00033694055783609327,0.04951319028828542,0.08658143068127724,-0.03166144228760705,0.027058582729217844,-0.05267300685341961,0.010155942123715508,-0.02043147880005975,-0.01075563927640862,0.013767818205169258,-0.058731063000733205,-0.05687045148994622,0.044469607870930725,-0.08447421480983616,-0.08515289533332124,-0.040439891210026495,0.05209787746147852,0.10944755518538944,-0.09431828376608944,0.047544336232186984,-0.006677180944287535,-0.06445508135088521,-0.03166144228760705,0.21433810363134462,0.10934059426146434,-0.021099121951090448,0.036096337864519046,0.0319909190904092,0.01619603492450174,-0.10852202905660635,-0.023951617732755774,-0.027960982334837518,0.04499712849022884,-0.04094044667537591,-0.0035473885190525573,-0.0386493048364408,0.014070358501786912,0.08681947491542943,-0.05851263943397078,0.043090043489606086,-0.00360994212223069,-0.010715312950886891,0.027058582729217844,0.10934059426146434,0.11965594689515581,-0.061342984027479924,0.03176155768821887,0.0032030341373496863,0.004240717989452329,-0.0564375054860686,0.011585708528588087,-0.011374731812908878,-0.052173710001687426,-0.013561637346467792,-0.04498297486886928,0.03076714457165053,0.026996366939211428,-0.06319054774790112,0.0201143380714379,-0.0324007299949854,0.020528550296351585,-0.012442711763381634,-0.05267300685341961,-0.021099121951090448,-0.061342984027479924,0.12904180206288476,-0.025506209643507336,0.01602922133174582,0.001284469539231915,0.041317855963894264,-0.01019674039178205,-0.01596956627519333,0.01571173177501283,-0.010796325893987671,-0.010599071908297914,-0.00247478027439794,0.01770079955947197,0.02598278305157073,-0.01288544682540808,0.01516990198763674,-0.012512523310180837,-0.010925607356710342,0.010155942123715508,0.036096337864519046,0.03176155768821887,-0.025506209643507336,0.0382479444659135,0.00876089607122843,0.01837310503582205,-0.02827682137322613,-0.017007284957231188,-0.01138801950231593,-0.0007671074226984387,-0.00816570051992135,-0.029278096903062018,0.014545048200160553,0.019212271270231937,-0.002948244776361283,-0.009537263229821631,0.0019137608666160342,-0.014158698777467366,-0.02584976007205591,-0.02043147880005975,0.0319909190904092,0.0032030341373496863,0.01602922133174582,0.00876089607122843,0.03812125705776063,0.022643632341719632,-0.025318750684408073,-0.012550363063836981,0.004363253832394041,0.017564001276938326,-0.00035122077403895204,-0.01769742955472451,0.011056408107839488,0.01003392023786102,-0.014025221028848879,-0.00883719783221902,0.013298860113501853,-0.02815750156051484,-0.016408127841980445,-0.01075563927640862,0.01619603492450174,0.004240717989452329,0.001284469539231915,0.01837310503582205,0.022643632341719632,0.06189045991044513,-0.030036435910921488,0.0522472006080474,0.004451968683187117,-0.04987885849389256,0.03289854894604661,0.0309558610688768,0.011910753360180968,-0.008056862511951177,-0.0648930704671836,0.07319532992483585,-0.03893044818611635,0.03313929906584011,0.04750972650712801,0.013767818205169258,-0.10852202905660635,-0.0564375054860686,0.041317855963894264,-0.02827682137322613,-0.025318750684408073,-0.030036435910921488,0.12489386252948083
