0.01399347642211333,-0.005026652118881803,0.009516152929539206,-0.001385175103397709,0.004847924322961791,-0.004965194225876784,0.002748571881802416,-0.004877521910750315,-0.0008796229306846778,3.06008579488362e-5,-0.005435678582996229,-0.0027014057396324963,0.0009742959666939513,0.003117451902599015,-0.002543952748379324,0.002487877956131972,0.0041295155914114375,-0.0002611148996300178,-0.00036976636167433826,-0.006899407681112209,-0.005026652118881803,0.02432718370394678,-0.01176462461378411,-0.003113546676332845,-0.00016871183375003374,0.004110236621834105,0.0021600016126867632,0.00261976991753948,0.0025053262961440056,-0.0037049109788087524,0.0037132736162855786,-0.006468442805757192,0.005182672959933347,0.004018613128397481,-8.630241679048338e-5,-0.0011196035064831502,-0.005411214489157845,0.002487494582879344,0.00017472576799021922,0.003655061990971035,0.009516152929539206,-0.01176462461378411,0.023685852892277735,0.002653808523779725,0.0032545117147620107,-0.0018456987502748485,-0.0014682949031827566,-0.002966306413009547,-0.002792435306876306,-0.002953323116308903,-0.0037502587692328313,0.0017094288849302567,0.0016420969436760813,-0.0034418103875173615,-0.004902003267980931,0.007839861530109075,0.005441016179789922,0.00016538871402210027,-0.0036491362784265187,-0.002760082715735337,-0.001385175103397709,-0.003113546676332845,0.002653808523779725,0.02944604924033877,-0.0014140099051272526,0.0010239537278334215,0.003647660251089091,-0.004023281020849424,0.001399492492085557,0.005320035308308673,-0.0034227640348164358,0.005280712440674582,-0.0013282189590065447,-0.005723780457865032,-0.0024036672144738466,0.004067578536275009,-0.0021925417472439777,-0.0038112936463089828,-0.00017926187630339636,0.0008986986193448575,0.004847924322961791,-0.00016871183375003374,0.0032545117147620107,-0.0014140099051272526,0.020311246304278642,-0.008199227063414099,-0.004261642406157525,-0.0020724717547848767,-0.0016340375477348857,0.0024385871963227158,-0.0023430383907801296,0.0030036935281871294,-0.006114827228900827,0.009272666738140065,0.0005707145725104532,0.0067865918824444645,0.004442344368590241,-0.001872847038248747,-0.0034204215756813527,-0.003813833515054204,-0.004965194225876784,0.004110236621834105,-0.0018456987502748485,0.0010239537278334215,-0.008199227063414099,0.03767141675125195,0.011055955023097627,0.0074363555227250164,0.004257210322706987,-0.00660821277971093,0.00025042323299454884,-0.0017313282734985106,0.0018756200821757104,-0.01683133507191466,0.009455426144719371,-0.00684961945269286,-0.006283932894269773,-0.005503740915717615,-0.0032321582679880802,0.008219084387913226,0.002748571881802416,0.0021600016126867632,-0.0014682949031827566,0.003647660251089091,-0.004261642406157525,0.011055955023097627,0.022087546620535223,0.0008596343830848392,0.0012418780483814745,0.002220738794902516,0.0016537060476503284,0.0015978174348659497,0.00404846999732927,-0.011883385029491518,0.0038836995614376377,-0.000669974764040797,-0.0056984971687162374,-0.00529111313314487,0.0022087146088437394,0.0033838960377642817,-0.004877521910750315,0.00261976991753948,-0.002966306413009547,-0.004023281020849424,-0.0020724717547848767,0.0074363555227250164,0.0008596343830848392,0.03594508463838125,0.0012221431622331626,-0.007039472888411355,0.009827449621452825,-0.013917769786949065,0.003986626722498471,0.0003668459733808364,0.005563780386940329,-0.004074246673523806,-0.006515006317444987,-0.010074102074884354,-0.002874427116149135,0.0076789211570506225,-0.0008796229306846778,0.0025053262961440056,-0.002792435306876306,0.001399492492085557,-0.0016340375477348857,0.004257210322706987,0.0012418780483814745,0.0012221431622331626,0.02121813578133272,-0.002057621921416762,0.002317918210290422,-0.00040399938253228546,0.007775882183631297,-0.003029554102150349,0.0019114473179987507,-0.006061594383930335,-0.0029447430641838003,-0.0012269096072590592,0.0008237983344956249,-0.003568361538218405,3.06008579488362e-5,-0.0037049109788087524,-0.002953323116308903,0.005320035308308673,0.0024385871963227158,-0.00660821277971093,0.002220738794902516,-0.007039472888411355,-0.002057621921416762,0.046828308749191,-0.0044662479347199165,-0.00036900220576456966,0.0005412304502970171,-0.0006721016263654558,-5.0142485729359656e-5,0.003926238341105266,-0.009922328501213029,-0.005078490336422174,-0.0006442000044833827,0.006365817402017819,-0.005435678582996229,0.0037132736162855786,-0.0037502587692328313,-0.0034227640348164358,-0.0023430383907801296,0.00025042323299454884,0.0016537060476503284,0.009827449621452825,0.002317918210290422,-0.0044662479347199165,0.020087069424318527,-0.0054399441407353664,-0.0006509183142430042,0.0012968178931275606,0.0021911865076361995,-0.003113712778904677,-0.002605929417074166,-0.007593409942174101,0.0013950024752334498,-0.0007373470220622387,-0.0027014057396324963,-0.006468442805757192,0.0017094288849302567,0.005280712440674582,0.0030036935281871294,-0.0017313282734985106,0.0015978174348659497,-0.013917769786949065,-0.00040399938253228546,-0.00036900220576456966,-0.0054399441407353664,0.02552489675913434,-0.007152491042925617,-0.001637127033322664,0.0007127445041254759,0.0088565840670717,-0.002998926521574327,0.001596841114587079,0.00027615561924658645,-0.005922186782810436,0.0009742959666939513,0.005182672959933347,0.0016420969436760813,-0.0013282189590065447,-0.006114827228900827,0.0018756200821757104,0.00404846999732927,0.003986626722498471,0.007775882183631297,0.0005412304502970171,-0.0006509183142430042,-0.007152491042925617,0.02613818642046571,0.0006347472026067865,-0.004232159095698215,-0.008502537404333143,-0.001542443751712804,-0.0017594231828856643,-0.0006491831442409118,0.0012269616358580953,0.003117451902599015,0.004018613128397481,-0.0034418103875173615,-0.005723780457865032,0.009272666738140065,-0.01683133507191466,-0.011883385029491518,0.0003668459733808364,-0.003029554102150349,-0.0006721016263654558,0.0012968178931275606,-0.001637127033322664,0.0006347472026067865,0.034798803535345375,-0.0021144542125984024,0.006203670698153634,0.009458458449431183,0.004815301997659277,0.0009814744322535255,-0.00544958367145764,-0.002543952748379324,-8.630241679048338e-5,-0.004902003267980931,-0.0024036672144738466,0.0005707145725104532,0.009455426144719371,0.0038836995614376377,0.005563780386940329,0.0019114473179987507,-5.0142485729359656e-5,0.0021911865076361995,0.0007127445041254759,-0.004232159095698215,-0.0021144542125984024,0.026439586842398968,-0.0014059369001731168,-0.0017085410236680255,-0.009331594074616412,-0.004510716659215649,-0.0012175797808305962,0.002487877956131972,-0.0011196035064831502,0.007839861530109075,0.004067578536275009,0.0067865918824444645,-0.00684961945269286,-0.000669974764040797,-0.004074246673523806,-0.006061594383930335,0.003926238341105266,-0.003113712778904677,0.0088565840670717,-0.008502537404333143,0.006203670698153634,-0.0014059369001731168,0.02014761700428738,0.005874273781735797,-0.005517600971027254,-0.0002773491136679675,-0.0017898723448963479,0.0041295155914114375,-0.005411214489157845,0.005441016179789922,-0.0021925417472439777,0.004442344368590241,-0.006283932894269773,-0.0056984971687162374,-0.006515006317444987,-0.0029447430641838003,-0.009922328501213029,-0.002605929417074166,-0.002998926521574327,-0.001542443751712804,0.009458458449431183,-0.0017085410236680255,0.005874273781735797,0.024431691082780378,0.005995233636655339,-0.0019362629625060052,-0.004421117881335454,-0.0002611148996300178,0.002487494582879344,0.00016538871402210027,-0.0038112936463089828,-0.001872847038248747,-0.005503740915717615,-0.00529111313314487,-0.010074102074884354,-0.0012269096072590592,-0.005078490336422174,-0.007593409942174101,0.001596841114587079,-0.0017594231828856643,0.004815301997659277,-0.009331594074616412,-0.005517600971027254,0.005995233636655339,0.03779541095983243,0.0021308562350505524,0.0048842252791124665,-0.00036976636167433826,0.00017472576799021922,-0.0036491362784265187,-0.00017926187630339636,-0.0034204215756813527,-0.0032321582679880802,0.0022087146088437394,-0.002874427116149135,0.0008237983344956249,-0.0006442000044833827,0.0013950024752334498,0.00027615561924658645,-0.0006491831442409118,0.0009814744322535255,-0.004510716659215649,-0.0002773491136679675,-0.0019362629625060052,0.0021308562350505524,0.012201567809452892,0.008858856816935524,-0.006899407681112209,0.003655061990971035,-0.002760082715735337,0.0008986986193448575,-0.003813833515054204,0.008219084387913226,0.0033838960377642817,0.0076789211570506225,-0.003568361538218405,0.006365817402017819,-0.0007373470220622387,-0.005922186782810436,0.0012269616358580953,-0.00544958367145764,-0.0012175797808305962,-0.0017898723448963479,-0.004421117881335454,0.0048842252791124665,0.008858856816935524,0.025193089538170337
