0.01647588498527842,0.0039464835917271835,0.0025759882454947005,0.004431270480222213,-0.0003318793526118385,0.0014283879681924422,-0.001048593314853553,0.002019266103614161,0.006625367939209372,0.004527847685241989,0.0044165831690392565,0.0028682892291134604,0.0026235092853626528,0.006364975731314707,0.004285613391002328,0.0018614624188774322,-0.0009265422881556639,9.955571232339197e-5,3.440880741411392e-5,0.005206079750003708,0.0039464835917271835,0.019023332641885826,0.0038189046067376832,0.007158293031366022,-0.0003010700744327154,-0.0016958050673012252,0.005013077855051078,0.0019233814132427415,0.004977522645845121,0.0030402886498655975,0.0065762653118693944,0.0028844933800706058,0.006747391790896863,0.00816324075678973,0.0033216736742568012,0.0033485596075834684,0.004129101378784309,0.0035036988888045165,0.0007769834799276798,0.0042764261588586995,0.0025759882454947005,0.0038189046067376832,0.011108892948710411,0.005057661940630799,0.0005066708729283781,7.633352043173242e-5,0.0029092202703292335,-0.002754908967994173,0.0008351429324332748,0.00047993692396091015,0.0034789735064654913,0.004650438239391546,0.0045380254039465795,0.008453820270892977,0.000863086260200212,0.0024826233261758916,0.0012479956272728925,-0.0019091018039092136,-0.0008948740703013187,0.0015386828022814515,0.004431270480222213,0.007158293031366022,0.005057661940630799,0.0227910795302774,0.004912211517954562,-0.009497437843783835,0.0009523394918028224,-0.005011355600551626,0.004891012627849852,0.0054897871616879255,0.005756933276034763,0.009427156529787548,0.0036788850720112865,0.011158706802219708,0.0016220373447651747,0.0005466319483771944,0.005668971930984125,-0.003972508030260719,0.004428002160957391,0.00022415932459431302,-0.0003318793526118385,-0.0003010700744327154,0.0005066708729283781,0.004912211517954562,0.010951376761758544,-0.005156417726603342,-0.001168889780319205,-0.001760419701339889,-0.00016076452239998986,0.0021514663439488,0.0018699971639663288,0.0022441685510937222,-0.0003455410859657497,0.0031311949976570346,-0.0011433681566623282,0.0004742202240235698,0.0002803292791354415,-0.002447230862154773,0.001294297468358329,0.0004168180345847898,0.0014283879681924422,-0.0016958050673012252,7.633352043173242e-5,-0.009497437843783835,-0.005156417726603342,0.017168820365275308,-0.0021066794716037562,0.004485834943710056,-0.0002844801638906436,0.00023269566132091886,-0.0015313884108562993,0.0019720111551392526,0.0003236224746444856,-0.001679343010380419,-0.00228099511841692,-0.0009098633863624785,-0.0060617116031801725,-0.0028132102174643443,-0.004651893712854386,0.005285322527557813,-0.001048593314853553,0.005013077855051078,0.0029092202703292335,0.0009523394918028224,-0.001168889780319205,-0.0021066794716037562,0.025853630151189057,0.0052354146970107485,0.007038769166144725,0.001931283078601016,0.006432797898504162,0.0010920463230095767,0.010752933368466094,0.004548528580805578,-0.0016002584453757237,0.0012820645740715493,0.008183473853981833,0.005891698526217107,0.002771981961276076,0.006901920639202437,0.002019266103614161,0.0019233814132427415,-0.002754908967994173,-0.005011355600551626,-0.001760419701339889,0.004485834943710056,0.0052354146970107485,0.017658142014995847,0.0009261682290825666,0.00039610455051511086,0.003344077864044256,0.0010066868335812614,0.002006532743512853,0.003146906010777741,0.003039127441439012,0.0013171511500990997,0.0030767474347829465,0.0035884171089459868,-0.004056261221207461,0.006464350321715072,0.006625367939209372,0.004977522645845121,0.0008351429324332748,0.004891012627849852,-0.00016076452239998986,-0.0002844801638906436,0.007038769166144725,0.0009261682290825666,0.02218354381952089,0.003387859663876382,0.0073420679640521565,0.008521677911305573,0.0062227664710902296,0.009786515511496903,0.005103728452950225,0.004130959200728613,0.007304685370497311,0.0010394224249596477,0.0020838923835106308,0.009059937698623375,0.004527847685241989,0.0030402886498655975,0.00047993692396091015,0.0054897871616879255,0.0021514663439488,0.00023269566132091886,0.001931283078601016,0.00039610455051511086,0.003387859663876382,0.01336034414460968,0.005735651962034693,0.004137685780261342,0.006118756638363596,0.008416988898496802,0.002589538430064505,0.0028952074831053694,-0.00028966840075334715,0.004073238569830085,0.002057724263574108,0.0058476305980310565,0.0044165831690392565,0.0065762653118693944,0.0034789735064654913,0.005756933276034763,0.0018699971639663288,-0.0015313884108562993,0.006432797898504162,0.003344077864044256,0.0073420679640521565,0.005735651962034693,0.024018015873408807,0.0040159235837942155,0.008279298001626929,0.005541803113927584,0.0041119601927451805,0.0042849686179062315,0.007156704668823004,0.008345511245384794,0.0033996110938700405,0.002840832232903299,0.0028682892291134604,0.0028844933800706058,0.004650438239391546,0.009427156529787548,0.0022441685510937222,0.0019720111551392526,0.0010920463230095767,0.0010066868335812614,0.008521677911305573,0.004137685780261342,0.0040159235837942155,0.021991940463841037,0.003894991194422963,0.012944230013776462,-0.0005723910669655039,0.0038508629488025036,-0.0008218578567469024,0.0014983529740553035,0.000966420014340473,0.00817701372766907,0.0026235092853626528,0.006747391790896863,0.0045380254039465795,0.0036788850720112865,-0.0003455410859657497,0.0003236224746444856,0.010752933368466094,0.002006532743512853,0.0062227664710902296,0.006118756638363596,0.008279298001626929,0.003894991194422963,0.021783319438115973,0.006779544241395036,0.0010593725926116527,0.003311075326328578,0.007855771897689287,0.004443743364181749,0.0015643947097810766,0.008390952888613454,0.006364975731314707,0.00816324075678973,0.008453820270892977,0.011158706802219708,0.0031311949976570346,-0.001679343010380419,0.004548528580805578,0.003146906010777741,0.009786515511496903,0.008416988898496802,0.005541803113927584,0.012944230013776462,0.006779544241395036,0.026827478193030222,0.002050530801030421,0.0037476836946167655,0.00443216558686859,0.0008969688060503441,0.00564291916948397,0.007300630131511674,0.004285613391002328,0.0033216736742568012,0.000863086260200212,0.0016220373447651747,-0.0011433681566623282,-0.00228099511841692,-0.0016002584453757237,0.003039127441439012,0.005103728452950225,0.002589538430064505,0.0041119601927451805,-0.0005723910669655039,0.0010593725926116527,0.002050530801030421,0.014266786238667117,0.00020146408148389488,-0.0002503420946443904,-0.000612889803511963,0.00014587416006364606,0.0008619648453904942,0.0018614624188774322,0.0033485596075834684,0.0024826233261758916,0.0005466319483771944,0.0004742202240235698,-0.0009098633863624785,0.0012820645740715493,0.0013171511500990997,0.004130959200728613,0.0028952074831053694,0.0042849686179062315,0.0038508629488025036,0.003311075326328578,0.0037476836946167655,0.00020146408148389488,0.014134218133869128,0.0014224405557023653,0.0012758050418277729,0.0008821199074537389,0.004426696616140577,-0.0009265422881556639,0.004129101378784309,0.0012479956272728925,0.005668971930984125,0.0002803292791354415,-0.0060617116031801725,0.008183473853981833,0.0030767474347829465,0.007304685370497311,-0.00028966840075334715,0.007156704668823004,-0.0008218578567469024,0.007855771897689287,0.00443216558686859,-0.0002503420946443904,0.0014224405557023653,0.015124631193818716,0.003819727206504668,7.59722703008033e-5,0.0018325026043907022,9.955571232339197e-5,0.0035036988888045165,-0.0019091018039092136,-0.003972508030260719,-0.002447230862154773,-0.0028132102174643443,0.005891698526217107,0.0035884171089459868,0.0010394224249596477,0.004073238569830085,0.008345511245384794,0.0014983529740553035,0.004443743364181749,0.0008969688060503441,-0.000612889803511963,0.0012758050418277729,0.003819727206504668,0.01940886529431866,-0.00018779563895324197,0.007873477015659028,3.440880741411392e-5,0.0007769834799276798,-0.0008948740703013187,0.004428002160957391,0.001294297468358329,-0.004651893712854386,0.002771981961276076,-0.004056261221207461,0.0020838923835106308,0.002057724263574108,0.0033996110938700405,0.000966420014340473,0.0015643947097810766,0.00564291916948397,0.00014587416006364606,0.0008821199074537389,7.59722703008033e-5,-0.00018779563895324197,0.013602436051155069,0.0021557381000038398,0.005206079750003708,0.0042764261588586995,0.0015386828022814515,0.00022415932459431302,0.0004168180345847898,0.005285322527557813,0.006901920639202437,0.006464350321715072,0.009059937698623375,0.0058476305980310565,0.002840832232903299,0.00817701372766907,0.008390952888613454,0.007300630131511674,0.0008619648453904942,0.004426696616140577,0.0018325026043907022,0.007873477015659028,0.0021557381000038398,0.025230817761816
