0.01858690637887765,0.0005794071674582272,0.005021146714009763,-0.001657801080754424,-0.003760032538486892,-0.005489798559249456,0.001853186906794692,0.00474901449871409,0.0005089859711296449,0.0025300185424320058,0.0014121414455949117,0.002454098999328194,0.0011441701762804554,0.006911437418720117,-0.0005348521432404178,-0.0013592692512937538,0.0021773574805112154,-0.005310520637267764,-0.003766247716619903,-0.0051487572822789774,0.0005794071674582272,0.013396070131018298,0.0013038929122011441,-0.0018062664112468492,0.00011757413527786585,-0.0026492150801542356,-0.0008846033710315206,-0.0009595352882124986,-0.0007774078832699773,-0.0006343659267497754,0.003231429508311627,-0.00046082099409147496,-0.0005883545605512119,0.0007953183517140815,0.003566083686786515,0.0031035258316422223,0.0014167147833277442,-0.0002944109483641474,-0.007117178085845768,-0.004018298684079925,0.005021146714009763,0.0013038929122011441,0.021310414181384074,-0.002391125129484439,0.002555441263157583,-0.0028138862354817875,0.002990562310967806,-0.005825459979512712,-0.005839741736725916,0.004146026509176524,0.003352280252666858,0.0018004546023593243,-0.0027744622154771935,-0.007512147590228641,-0.00020627174148062495,0.0034130433242828516,-0.0012528482774906277,0.007464874602709757,0.0012772189371344834,-0.0029527806581685846,-0.001657801080754424,-0.0018062664112468492,-0.002391125129484439,0.018828049658985855,-0.0005008081132592896,-0.0004026905973862603,-0.00295243338286984,-0.0016224673464062037,0.00574197505267483,-0.004956982618667127,-0.0037989355842899504,-0.004422135667814313,0.000552737018968434,0.0008009820351137868,-0.0025134195192094526,0.0034578578692532674,0.0049721873878788275,0.004804595080644891,-0.003677237886989623,0.006381344448141575,-0.003760032538486892,0.00011757413527786585,0.002555441263157583,-0.0005008081132592896,0.014127656395294157,0.003465557086864433,-0.004524330225883137,-0.0019535274922661823,-0.0032976903691931624,0.000989597823194954,-0.0020389896065208506,-0.001071790533658028,0.0005311305371318946,-0.0008109155115317522,-0.000806797082805866,0.0025288487843604076,0.0011504352966172644,0.0003653306760225481,-0.0008358957584590312,0.0003336107948683168,-0.005489798559249456,-0.0026492150801542356,-0.0028138862354817875,-0.0004026905973862603,0.003465557086864433,0.02464920335973429,-0.0033883514517967007,0.0005991715811622848,0.0042828036351645875,-0.001598272139872629,0.0011173661380807294,-0.00570398181246471,-0.003383333692246183,-0.0014712415860969833,-0.0017410648112989636,-0.00181704725017841,0.002405135872076284,0.0006392296640600158,0.0018383140937033035,-0.005505617541864889,0.001853186906794692,-0.0008846033710315206,0.002990562310967806,-0.00295243338286984,-0.004524330225883137,-0.0033883514517967007,0.02413773197828358,0.0014784556785146035,-0.003306758975888238,-0.0013058044614973597,0.00551627315889285,-8.072984823521081e-5,0.0034491270665213186,-0.004340005805823249,-0.0007661524184850888,-0.00960152788184681,-0.0006369882412593617,-0.0015011684756235763,0.007430249654080583,-0.0036810401398357255,0.00474901449871409,-0.0009595352882124986,-0.005825459979512712,-0.0016224673464062037,-0.0019535274922661823,0.0005991715811622848,0.0014784556785146035,0.0170526464714728,0.0011476467644815367,-0.000588504256590899,-0.0010579695835346435,-0.0025883172507410097,-0.00038039026282986994,0.0024019431152458616,-0.0009092320374070341,-0.0025199792092622246,0.0030146870332487465,-0.0008711367975112357,-0.0015641079645982523,-0.003645778596004611,0.0005089859711296449,-0.0007774078832699773,-0.005839741736725916,0.00574197505267483,-0.0032976903691931624,0.0042828036351645875,-0.003306758975888238,0.0011476467644815367,0.022272210013375905,-0.0011106018449860986,-0.004824279210955842,0.0027963852548221597,-0.0007925649796593282,0.0030916429037248106,-0.0067168001763249175,9.11164189006144e-5,0.002193684710897916,-0.0014321427835044746,-0.0006047246590688946,0.0009625366329944647,0.0025300185424320058,-0.0006343659267497754,0.004146026509176524,-0.004956982618667127,0.000989597823194954,-0.001598272139872629,-0.0013058044614973597,-0.000588504256590899,-0.0011106018449860986,0.02013891558458775,-0.00017372573665507595,0.0014972224961158284,0.0027690090842950755,0.0009537734885534878,-0.0044347271354312386,-0.0006096037365193001,0.0009950586597032933,-0.004848998653921029,-0.005269265482091173,-0.0011123268151015256,0.0014121414455949117,0.003231429508311627,0.003352280252666858,-0.0037989355842899504,-0.0020389896065208506,0.0011173661380807294,0.00551627315889285,-0.0010579695835346435,-0.004824279210955842,-0.00017372573665507595,0.026184791507226187,-0.001152973140662829,-0.004119406692059579,-0.006500119568402565,0.005458580380130085,-0.0007287211391459065,-0.001595607057672717,-8.102881258535495e-6,0.004745316710608886,-0.00440041000665764,0.002454098999328194,-0.00046082099409147496,0.0018004546023593243,-0.004422135667814313,-0.001071790533658028,-0.00570398181246471,-8.072984823521081e-5,-0.0025883172507410097,0.0027963852548221597,0.0014972224961158284,-0.001152973140662829,0.016418126596882916,0.0023049613204450385,0.0015601219175698329,-0.008707468473329658,0.00014536259593478024,-0.00018573055787035484,-0.0009259530499701888,-0.006424829482760217,-0.00018197153329632345,0.0011441701762804554,-0.0005883545605512119,-0.0027744622154771935,0.000552737018968434,0.0005311305371318946,-0.003383333692246183,0.0034491270665213186,-0.00038039026282986994,-0.0007925649796593282,0.0027690090842950755,-0.004119406692059579,0.0023049613204450385,0.01710050463658512,0.0003793450204022144,-0.0053831245661636225,-0.0033042054010192223,-0.0024085526403764285,0.0009031220345326974,0.0023833140582896445,-0.00020736093228218084,0.006911437418720117,0.0007953183517140815,-0.007512147590228641,0.0008009820351137868,-0.0008109155115317522,-0.0014712415860969833,-0.004340005805823249,0.0024019431152458616,0.0030916429037248106,0.0009537734885534878,-0.006500119568402565,0.0015601219175698329,0.0003793450204022144,0.02109045329350714,-0.0038810202323851196,0.0021545032316858054,0.002847051761197196,-0.005390837166165105,-0.007369154571013341,0.005643180020568412,-0.0005348521432404178,0.003566083686786515,-0.00020627174148062495,-0.0025134195192094526,-0.000806797082805866,-0.0017410648112989636,-0.0007661524184850888,-0.0009092320374070341,-0.0067168001763249175,-0.0044347271354312386,0.005458580380130085,-0.008707468473329658,-0.0053831245661636225,-0.0038810202323851196,0.020522693413455997,0.0018840995086522306,-0.002567886666275833,0.0004909622239486831,0.000760363620945228,0.006504905468462762,-0.0013592692512937538,0.0031035258316422223,0.0034130433242828516,0.0034578578692532674,0.0025288487843604076,-0.00181704725017841,-0.00960152788184681,-0.0025199792092622246,9.11164189006144e-5,-0.0006096037365193001,-0.0007287211391459065,0.00014536259593478024,-0.0033042054010192223,0.0021545032316858054,0.0018840995086522306,0.018740124125038525,-0.0010010292742540013,-0.0003310413170652765,-0.008992580184013959,0.006564228015886239,0.0021773574805112154,0.0014167147833277442,-0.0012528482774906277,0.0049721873878788275,0.0011504352966172644,0.002405135872076284,-0.0006369882412593617,0.0030146870332487465,0.002193684710897916,0.0009950586597032933,-0.001595607057672717,-0.00018573055787035484,-0.0024085526403764285,0.002847051761197196,-0.002567886666275833,-0.0010010292742540013,0.01310759417762907,-0.002223459321660782,-0.0005390701069122406,-0.0007694890611294374,-0.005310520637267764,-0.0002944109483641474,0.007464874602709757,0.004804595080644891,0.0003653306760225481,0.0006392296640600158,-0.0015011684756235763,-0.0008711367975112357,-0.0014321427835044746,-0.004848998653921029,-8.102881258535495e-6,-0.0009259530499701888,0.0009031220345326974,-0.005390837166165105,0.0004909622239486831,-0.0003310413170652765,-0.002223459321660782,0.01752083703742141,0.0030760512755696285,0.0036475352128830917,-0.003766247716619903,-0.007117178085845768,0.0012772189371344834,-0.003677237886989623,-0.0008358957584590312,0.0018383140937033035,0.007430249654080583,-0.0015641079645982523,-0.0006047246590688946,-0.005269265482091173,0.004745316710608886,-0.006424829482760217,0.0023833140582896445,-0.007369154571013341,0.000760363620945228,-0.008992580184013959,-0.0005390701069122406,0.0030760512755696285,0.03182640351151491,-0.001486393261464166,-0.0051487572822789774,-0.004018298684079925,-0.0029527806581685846,0.006381344448141575,0.0003336107948683168,-0.005505617541864889,-0.0036810401398357255,-0.003645778596004611,0.0009625366329944647,-0.0011123268151015256,-0.00440041000665764,-0.00018197153329632345,-0.00020736093228218084,0.005643180020568412,0.006504905468462762,0.006564228015886239,-0.0007694890611294374,0.0036475352128830917,-0.001486393261464166,0.020913717640904137
