0.11189518061407244,0.028036079230233248,0.018973005580006377,0.05062878192163549,0.02230736209714073,0.067563011846696,-0.03742905648951159,0.06014532378094823,0.07771665410072928,0.04295132192702416,0.01995219424985755,0.01825490714821205,0.0190923829880387,0.05215147054582009,0.04099803739255814,0.03798233879707488,-0.015026432413289771,0.07371476944539024,-0.003819873225291164,0.03581080212242163,0.028036079230233248,0.09509733104360127,-0.0010601131250057624,0.006840539558110311,0.0035933671330882766,0.06313670158435747,-0.015170480403724073,0.035642604480808325,0.039510051879729974,0.02805976821884868,0.01908972172866736,-0.005820943637962375,0.05547708366099026,0.030847372737785563,0.0695972861118092,0.010176607214004084,0.016723025616592536,0.022561885534976726,-0.010493743237267907,0.054229160951273545,0.018973005580006377,-0.0010601131250057624,0.03248738401299475,0.011895442522121515,0.022528652657116177,0.02080814677171426,0.008074169058951131,0.01586607828755102,0.024305256044219885,0.0038026006233300054,0.008737837708330826,0.0060232772513077746,0.01787763397736393,0.01843948695985384,0.005033684846187141,0.012013723771531282,0.002614364973092834,0.025864980059859287,-0.00460217031759743,0.025163381592577597,0.05062878192163549,0.006840539558110311,0.011895442522121515,0.048943833237874004,0.029147135336969193,0.022789365931542942,-0.010328008982783743,0.03287497537217619,0.041545090750771285,0.021246954778060226,0.006591579779717447,0.016797749619194415,0.0033155803272602712,0.03375627808567021,0.013645146292828304,0.019103688747122545,-0.007796419187842042,0.0391686636245365,0.013273173282737919,0.01437720699558445,0.02230736209714073,0.0035933671330882766,0.022528652657116177,0.029147135336969193,0.09105256561959575,0.0173402399106721,0.02377635011922294,0.04563257811458168,0.07214513431153374,0.008037875040566491,-0.0291950653037817,0.004068195448107039,0.03562210893952736,0.02920454364595585,0.019053132302024708,0.01651974457179147,-0.0067467971276436636,0.035431332538731465,0.01675749912734357,0.07476668217341897,0.067563011846696,0.06313670158435747,0.02080814677171426,0.022789365931542942,0.0173402399106721,0.13185693732086276,-0.02218093653375243,0.06415548852982685,0.0617561853425065,0.04848973159072533,0.032174773014691974,0.02764259501012063,0.06447347021847127,0.06928315175766533,0.07814423797562534,0.03511334227167584,-0.0005532281778786105,0.05362459786601319,0.0014474652454411936,0.07654553479293924,-0.03742905648951159,-0.015170480403724073,0.008074169058951131,-0.010328008982783743,0.02377635011922294,-0.02218093653375243,0.069356956080735,-0.0070485197801772315,-0.011854087287798947,-0.010402264319205339,-0.023927528094757934,0.009045526729165702,0.02035638789547646,0.007937678447704462,-0.01300140080011731,0.008167781636586862,0.013323560533725508,-0.015681966575513306,0.008255645398686399,0.02772513261685179,0.06014532378094823,0.035642604480808325,0.01586607828755102,0.03287497537217619,0.04563257811458168,0.06415548852982685,-0.0070485197801772315,0.09816214435370987,0.07069336237848431,0.031375123680249035,0.011294082283362962,0.019504790482105128,0.041407267953758875,0.04959012044073092,0.054682860978593456,0.033300673873064686,-0.0012024069388218335,0.060757407430343,0.0032899517130914194,0.08435685558690231,0.07771665410072928,0.039510051879729974,0.024305256044219885,0.041545090750771285,0.07214513431153374,0.0617561853425065,-0.011854087287798947,0.07069336237848431,0.13414582319023874,0.02625768719790758,-0.008057369239011285,0.007578902820392698,0.05088443871689941,0.04387648843441633,0.05328831808285218,0.037074404262747544,-0.011331979406163647,0.07178395715975533,0.01706860967133869,0.08714478583308505,0.04295132192702416,0.02805976821884868,0.0038026006233300054,0.021246954778060226,0.008037875040566491,0.04848973159072533,-0.010402264319205339,0.031375123680249035,0.02625768719790758,0.04678645281387474,0.017839727483415148,0.008467032046866736,0.028535903657662114,0.04571715140521397,0.03958548716756617,0.019981100088750172,-0.0005045789839741039,0.026793021751389687,-0.000944421816303134,0.03151644577416744,0.01995219424985755,0.01908972172866736,0.008737837708330826,0.006591579779717447,-0.0291950653037817,0.032174773014691974,-0.023927528094757934,0.011294082283362962,-0.008057369239011285,0.017839727483415148,0.07234919550896592,0.0013347380479441398,0.005611999876491219,0.020422360943267395,0.024159621351106234,0.0036198656190886396,0.022651376278795085,0.017549971690834516,-0.00813406300287346,-0.01415590758503001,0.01825490714821205,-0.005820943637962375,0.0060232772513077746,0.016797749619194415,0.004068195448107039,0.02764259501012063,0.009045526729165702,0.019504790482105128,0.007578902820392698,0.008467032046866736,0.0013347380479441398,0.048809645563469874,0.003524818535004722,0.03498191947956964,0.0026426906288760663,0.03415314385541862,-0.012818263853357466,0.016489476057189652,0.018371386713743387,0.012748029550360583,0.0190923829880387,0.05547708366099026,0.01787763397736393,0.0033155803272602712,0.03562210893952736,0.06447347021847127,0.02035638789547646,0.041407267953758875,0.05088443871689941,0.028535903657662114,0.005611999876491219,0.003524818535004722,0.07983647660218143,0.04023405317362982,0.05453536721501967,0.021250531209229605,0.017580865344108156,0.02637164851239461,-0.004592032666360383,0.08176007270533177,0.05215147054582009,0.030847372737785563,0.01843948695985384,0.03375627808567021,0.02920454364595585,0.06928315175766533,0.007937678447704462,0.04959012044073092,0.04387648843441633,0.04571715140521397,0.020422360943267395,0.03498191947956964,0.04023405317362982,0.09009275128253591,0.0493450228663621,0.038100142374621546,0.0066248162264735885,0.045900964996218284,0.017147589954962295,0.0589379543366123,0.04099803739255814,0.0695972861118092,0.005033684846187141,0.013645146292828304,0.019053132302024708,0.07814423797562534,-0.01300140080011731,0.054682860978593456,0.05328831808285218,0.03958548716756617,0.024159621351106234,0.0026426906288760663,0.05453536721501967,0.0493450228663621,0.10037651616967921,0.015883649414169865,0.013292077657059132,0.03324523362081237,-0.0009420133545664801,0.07606063653640166,0.03798233879707488,0.010176607214004084,0.012013723771531282,0.019103688747122545,0.01651974457179147,0.03511334227167584,0.008167781636586862,0.033300673873064686,0.037074404262747544,0.019981100088750172,0.0036198656190886396,0.03415314385541862,0.021250531209229605,0.038100142374621546,0.015883649414169865,0.0583511520538096,-0.008348602802064706,0.034526918145867516,0.01749247115554065,0.032365719494410465,-0.015026432413289771,0.016723025616592536,0.002614364973092834,-0.007796419187842042,-0.0067467971276436636,-0.0005532281778786105,0.013323560533725508,-0.0012024069388218335,-0.011331979406163647,-0.0005045789839741039,0.022651376278795085,-0.012818263853357466,0.017580865344108156,0.0066248162264735885,0.013292077657059132,-0.008348602802064706,0.03852524845862158,0.0014517679837718718,-0.015363956703348933,0.010669768329071645,0.07371476944539024,0.022561885534976726,0.025864980059859287,0.0391686636245365,0.035431332538731465,0.05362459786601319,-0.015681966575513306,0.060757407430343,0.07178395715975533,0.026793021751389687,0.017549971690834516,0.016489476057189652,0.02637164851239461,0.045900964996218284,0.03324523362081237,0.034526918145867516,0.0014517679837718718,0.08684884686663966,0.001026748169806481,0.049691873411677454,-0.003819873225291164,-0.010493743237267907,-0.00460217031759743,0.013273173282737919,0.01675749912734357,0.0014474652454411936,0.008255645398686399,0.0032899517130914194,0.01706860967133869,-0.000944421816303134,-0.00813406300287346,0.018371386713743387,-0.004592032666360383,0.017147589954962295,-0.0009420133545664801,0.01749247115554065,-0.015363956703348933,0.001026748169806481,0.04345118707295099,0.0033690780634053597,0.03581080212242163,0.054229160951273545,0.025163381592577597,0.01437720699558445,0.07476668217341897,0.07654553479293924,0.02772513261685179,0.08435685558690231,0.08714478583308505,0.03151644577416744,-0.01415590758503001,0.012748029550360583,0.08176007270533177,0.0589379543366123,0.07606063653640166,0.032365719494410465,0.010669768329071645,0.049691873411677454,0.0033690780634053597,0.14386848523526324
0.07278510515442105,0.06394205356600718,0.08834175790791038,0.0646426048218554,0.04440016565554816,-0.008438560796174003,0.040778605883686536,0.03697409066828069,0.022508188007223803,0.08988582390041719,0.025625740031339734,0.05698508755641717,0.051166418756958224,0.04163975470080128,0.022143530998632463,0.03247331519664884,0.07258002739170694,-0.00805223865705607,0.02981670367821665,0.014192825837885035,0.06394205356600718,0.09433417222725926,0.09924878394675775,0.07444350172080832,0.04902765841488085,-0.016338953093244537,0.05570726430259391,0.03670566412273528,0.025984819053366,0.10044266116987627,0.03892718387854556,0.06511719510503855,0.062145235796877446,0.05653633059440843,0.028295989726289546,0.03920438506108301,0.09561899071401628,-0.004343770077333474,0.03622968548491629,0.01696588181237499,0.08834175790791038,0.09924878394675775,0.18579442800265072,0.12405852882014637,0.0798615093802881,-0.034236003222350424,0.07876961399458887,0.02545337633881957,0.036724713175511806,0.1534488040294748,0.03745942465753241,0.09679741575814182,0.09568711180966752,0.07071015561258642,0.03767547873592512,0.06235233361614764,0.15256908045499268,-0.029136435550445615,0.044997313256060364,-0.00464385626167068,0.0646426048218554,0.07444350172080832,0.12405852882014637,0.13764071438158748,0.0648333426291056,-0.028523188711031714,0.04408648486467587,0.01897190486334123,0.06247773167992353,0.12106469362650626,0.030561518874357922,0.09161455288057208,0.07004762375795842,0.06653571768441487,0.025107231937383335,0.03510325231569529,0.10644131216767881,-0.02003872258600846,0.041427345844005675,0.013313175584600413,0.04440016565554816,0.04902765841488085,0.0798615093802881,0.0648333426291056,0.05902356321793553,-0.005740747482167116,0.02947078800078151,0.02493895945386622,0.033447951567499634,0.08135215829373457,0.02305336015648056,0.0518931073934,0.04337705328486584,0.03601929508318242,0.008214134019369277,0.02593974240403306,0.0595218292483119,-0.00919363422611984,0.02315803144719241,0.013185120353198987,-0.008438560796174003,-0.016338953093244537,-0.034236003222350424,-0.028523188711031714,-0.005740747482167116,0.05280778482518274,-0.03319333551932647,0.030758079345863415,0.024647462582540098,-0.016128319065057142,-0.006825140288449627,-0.020068703460114558,-0.010983113966928356,-0.00876223847452948,-0.024136541536704012,-0.009844951447344208,-0.06116054061472244,0.01939520854371815,-0.006381989979386805,0.03168990559098417,0.040778605883686536,0.05570726430259391,0.07876961399458887,0.04408648486467587,0.02947078800078151,-0.03319333551932647,0.08362550418435406,0.01101961267615189,-0.007623587757665961,0.06937498736539438,0.03612840087457443,0.045085446786748126,0.05255973751326892,0.03164552920006802,0.02784772495885557,0.027335532129091192,0.10422522076826643,-0.018071941317162315,0.026689917382125353,-0.006254064787589801,0.03697409066828069,0.03670566412273528,0.02545337633881957,0.01897190486334123,0.02493895945386622,0.030758079345863415,0.01101961267615189,0.08821339611648052,0.032904773170701174,0.04668156341524014,0.020893474132815983,0.022282180687772712,0.032008690276144884,0.0251386935223383,-0.0007692592587250687,0.016051300620601276,0.015055661749467987,0.03366434420423352,0.028024573555454367,0.056814718351763716,0.022508188007223803,0.025984819053366,0.036724713175511806,0.06247773167992353,0.033447951567499634,0.024647462582540098,-0.007623587757665961,0.032904773170701174,0.1077452274773949,0.049181286857926526,0.004684596569477717,0.034183680787484856,0.035695948879553976,0.0403471689411752,-0.005803346535472933,0.012754531920428464,0.004325884704529735,0.01319263138874187,0.014756662064367047,0.035391762499602915,0.08988582390041719,0.10044266116987627,0.1534488040294748,0.12106469362650626,0.08135215829373457,-0.016128319065057142,0.06937498736539438,0.04668156341524014,0.049181286857926526,0.16297082823224665,0.04688803468518382,0.0938648073269392,0.0900881085197033,0.07706384340633343,0.026304542698521484,0.05722619628159768,0.1328741296406897,-0.012349987479003389,0.05102069819964724,0.023414957807894533,0.025625740031339734,0.03892718387854556,0.03745942465753241,0.030561518874357922,0.02305336015648056,-0.006825140288449627,0.03612840087457443,0.020893474132815983,0.004684596569477717,0.04688803468518382,0.055982346077143474,0.025688500546887965,0.03503301825041469,0.02664213335502378,0.019410297128638954,0.012871252090133928,0.05621587792508592,0.004825110665738633,0.01901972501108483,0.021602135060869408,0.05698508755641717,0.06511719510503855,0.09679741575814182,0.09161455288057208,0.0518931073934,-0.020068703460114558,0.045085446786748126,0.022282180687772712,0.034183680787484856,0.0938648073269392,0.025688500546887965,0.08867721438660199,0.05572006646191006,0.05064995288817693,0.023555995554920522,0.028890981983409263,0.08342664676869221,-0.013919566709067265,0.03350226413806971,0.010754940751674507,0.051166418756958224,0.062145235796877446,0.09568711180966752,0.07004762375795842,0.04337705328486584,-0.010983113966928356,0.05255973751326892,0.032008690276144884,0.035695948879553976,0.0900881085197033,0.03503301825041469,0.05572006646191006,0.08256255276338353,0.04650027673772549,0.02022049615859172,0.03128692452881783,0.08429831227369042,0.0010056511383052182,0.03409327253639824,0.015092113110120629,0.04163975470080128,0.05653633059440843,0.07071015561258642,0.06653571768441487,0.03601929508318242,-0.00876223847452948,0.03164552920006802,0.0251386935223383,0.0403471689411752,0.07706384340633343,0.02664213335502378,0.05064995288817693,0.04650027673772549,0.06424488175232973,0.013432621403108549,0.028901082541159397,0.057703549453496324,0.002302024240150774,0.025319988213453996,0.022652041956446288,0.022143530998632463,0.028295989726289546,0.03767547873592512,0.025107231937383335,0.008214134019369277,-0.024136541536704012,0.02784772495885557,-0.0007692592587250687,-0.005803346535472933,0.026304542698521484,0.019410297128638954,0.023555995554920522,0.02022049615859172,0.013432621403108549,0.035019094944022895,0.0060154264731965956,0.04866241995552528,-0.010646134449194919,0.008797664048211418,-0.009284517695121022,0.03247331519664884,0.03920438506108301,0.06235233361614764,0.03510325231569529,0.02593974240403306,-0.009844951447344208,0.027335532129091192,0.016051300620601276,0.012754531920428464,0.05722619628159768,0.012871252090133928,0.028890981983409263,0.03128692452881783,0.028901082541159397,0.0060154264731965956,0.04539832746855204,0.05330224455528088,-0.008294918479073104,0.017411444715704993,0.004010196826459048,0.07258002739170694,0.09561899071401628,0.15256908045499268,0.10644131216767881,0.0595218292483119,-0.06116054061472244,0.10422522076826643,0.015055661749467987,0.004325884704529735,0.1328741296406897,0.05621587792508592,0.08342664676869221,0.08429831227369042,0.057703549453496324,0.04866241995552528,0.05330224455528088,0.2031001076246871,-0.03691584291500999,0.045056183059128146,-0.008987101183979634,-0.00805223865705607,-0.004343770077333474,-0.029136435550445615,-0.02003872258600846,-0.00919363422611984,0.01939520854371815,-0.018071941317162315,0.03366434420423352,0.01319263138874187,-0.012349987479003389,0.004825110665738633,-0.013919566709067265,0.0010056511383052182,0.002302024240150774,-0.010646134449194919,-0.008294918479073104,-0.03691584291500999,0.04749639742600232,0.0036057840521100436,0.03596826269634196,0.02981670367821665,0.03622968548491629,0.044997313256060364,0.041427345844005675,0.02315803144719241,-0.006381989979386805,0.026689917382125353,0.028024573555454367,0.014756662064367047,0.05102069819964724,0.01901972501108483,0.03350226413806971,0.03409327253639824,0.025319988213453996,0.008797664048211418,0.017411444715704993,0.045056183059128146,0.0036057840521100436,0.03665337392089339,0.0158591119140929,0.014192825837885035,0.01696588181237499,-0.00464385626167068,0.013313175584600413,0.013185120353198987,0.03168990559098417,-0.006254064787589801,0.056814718351763716,0.035391762499602915,0.023414957807894533,0.021602135060869408,0.010754940751674507,0.015092113110120629,0.022652041956446288,-0.009284517695121022,0.004010196826459048,-0.008987101183979634,0.03596826269634196,0.0158591119140929,0.07163136231502977
0.04803954641130373,-0.01053632188317992,0.01797823190417288,0.014640529126987642,0.003952591205679833,0.019226725222550964,0.022852713591962993,0.03252353872534751,0.02385625139717748,0.02026952582013026,0.02070342981459328,0.015104284200171923,0.00895624858413479,0.0394999787021566,0.019438387398695238,0.01733518698350858,0.008509009660674374,0.019998074991930247,-0.0020297286115281495,0.025767542144157708,-0.01053632188317992,0.083677289272116,-0.010994864421188124,0.024302498151232678,0.006081150578401374,0.00340698286478572,-0.0014991287157532923,-0.020921998033443225,-0.005806715300446557,0.004545214363495481,-0.005295555458309727,-0.008123033699706864,0.01579664407749059,0.01474228902023513,0.029822820664928133,0.009470826239407544,0.029459946973893467,0.020882135006573863,-0.004365933876721857,0.014018357271351414,0.01797823190417288,-0.010994864421188124,0.03915313966190617,0.00773932215552128,-0.004759585739029022,0.011963203267485178,0.015669901334078463,0.026884881415688625,0.027529582138714315,0.00885858008626072,0.031808331262791145,0.016626298622319347,0.018811759669635723,0.03086265384182582,0.0016015673913865932,0.025027509998149178,0.004332556424579357,0.013617148635179682,0.0018024259210431938,0.013374328493712577,0.014640529126987642,0.024302498151232678,0.00773932215552128,0.04364506149471068,0.018870979754771908,0.004006673641529845,0.007125691355732917,0.0019704556079064906,0.01795027717803897,0.011491856831504027,0.009212328234966415,0.014846926140938868,0.007685335888270608,0.02559363162422085,0.013045989055007652,0.027110123905130793,0.022401205555196754,0.01656268132268389,0.006880895370998988,0.015911070995419857,0.003952591205679833,0.006081150578401374,-0.004759585739029022,0.018870979754771908,0.03638136803206163,-0.003729491108440162,0.0013633425597290687,-0.005314323039710103,0.020196287648858023,0.0031294657730883864,-0.002698590648977016,-0.0012358702433240844,-0.003441468456766081,0.00675419397452629,0.0015085056301561888,0.012513436400134125,0.00833471035475573,0.00479899316031197,0.011943375758205806,0.006604082320890742,0.019226725222550964,0.00340698286478572,0.011963203267485178,0.004006673641529845,-0.003729491108440162,0.053192005799717536,0.010243751758171443,0.008655710227988521,0.0002710409828493264,0.014632605502019586,0.012478336964722468,0.01322309356904048,0.020251784731020538,0.026408342630731087,0.0296282234763752,0.018910964911208993,-0.000375837172417107,0.017267671729702158,0.005941637498654801,0.03169981251361532,0.022852713591962993,-0.0014991287157532923,0.015669901334078463,0.007125691355732917,0.0013633425597290687,0.010243751758171443,0.06901908138502291,0.02401776233927609,0.017921270046204543,0.013152276461917387,0.037512439048881366,0.013909212693841976,0.021597718641427503,0.04591092611584281,0.017831574070433464,0.014879127737210545,0.03712893228832991,0.016421390377004283,-0.00725706164406809,0.031169656712465275,0.03252353872534751,-0.020921998033443225,0.026884881415688625,0.0019704556079064906,-0.005314323039710103,0.008655710227988521,0.02401776233927609,0.0847821578478106,0.048156614559031426,0.020744305130141222,0.016380634207267316,0.01663235445206281,0.010257750343458829,0.0382759274884003,0.020069152069213614,0.013634816802440476,0.002673931173755685,0.0315773956625393,-0.010407728955364348,0.03089114933212094,0.02385625139717748,-0.005806715300446557,0.027529582138714315,0.01795027717803897,0.020196287648858023,0.0002710409828493264,0.017921270046204543,0.048156614559031426,0.09817759544844436,0.00932711640355659,0.01719099850403759,0.011618190343483943,0.012817237125430259,0.026791857725719428,0.012899966845665072,0.026313218239179235,0.009599058209424052,0.04069782872452773,0.0175933445144184,0.02984684462293944,0.02026952582013026,0.004545214363495481,0.00885858008626072,0.011491856831504027,0.0031294657730883864,0.014632605502019586,0.013152276461917387,0.020744305130141222,0.00932711640355659,0.028491970515707975,0.004461096863658295,0.009777354476737263,0.00852716846552272,0.033872953635666045,0.02362704353922342,0.016262808511214127,0.002976084509476562,0.01844318879053147,-0.0032973641939312757,0.024660504552834077,0.02070342981459328,-0.005295555458309727,0.031808331262791145,0.009212328234966415,-0.002698590648977016,0.012478336964722468,0.037512439048881366,0.016380634207267316,0.01719099850403759,0.004461096863658295,0.0782316517728967,0.0322932834969763,0.02213861553113255,0.052396871883570145,-0.0037452016300965896,0.030625348559945413,0.03905988715880904,0.007538225466057312,-0.009167539015286143,0.007869276663519834,0.015104284200171923,-0.008123033699706864,0.016626298622319347,0.014846926140938868,-0.0012358702433240844,0.01322309356904048,0.013909212693841976,0.01663235445206281,0.011618190343483943,0.009777354476737263,0.0322932834969763,0.05325746377049341,0.002141194189743208,0.04626636284118796,0.0013805542596219775,0.0244464018107819,0.017759742583406332,0.006087157090789429,-0.01795394276245752,0.018348449301750586,0.00895624858413479,0.01579664407749059,0.018811759669635723,0.007685335888270608,-0.003441468456766081,0.020251784731020538,0.021597718641427503,0.010257750343458829,0.012817237125430259,0.00852716846552272,0.02213861553113255,0.002141194189743208,0.04353789704192934,0.025428634392157208,0.020417616673424534,0.01898162220860146,0.02166398465277903,0.01644250752184087,0.007350110811232101,0.027831283751894757,0.0394999787021566,0.01474228902023513,0.03086265384182582,0.02559363162422085,0.00675419397452629,0.026408342630731087,0.04591092611584281,0.0382759274884003,0.026791857725719428,0.033872953635666045,0.052396871883570145,0.04626636284118796,0.025428634392157208,0.1109637958441747,0.03286634465711266,0.04323519444057268,0.05235231964032219,0.02336198094214361,-0.013922667895102237,0.05088703158292038,0.019438387398695238,0.029822820664928133,0.0016015673913865932,0.013045989055007652,0.0015085056301561888,0.0296282234763752,0.017831574070433464,0.020069152069213614,0.012899966845665072,0.02362704353922342,-0.0037452016300965896,0.0013805542596219775,0.020417616673424534,0.03286634465711266,0.06251533524383651,0.010133697108533322,0.010955351358050022,0.02434842069562928,-0.003306155410703238,0.04251247493750295,0.01733518698350858,0.009470826239407544,0.025027509998149178,0.027110123905130793,0.012513436400134125,0.018910964911208993,0.014879127737210545,0.013634816802440476,0.026313218239179235,0.016262808511214127,0.030625348559945413,0.0244464018107819,0.01898162220860146,0.04323519444057268,0.010133697108533322,0.06255648410979767,0.022798311200037745,0.032206453132170895,0.013320851480258075,0.03021408555099333,0.008509009660674374,0.029459946973893467,0.004332556424579357,0.022401205555196754,0.00833471035475573,-0.000375837172417107,0.03712893228832991,0.002673931173755685,0.009599058209424052,0.002976084509476562,0.03905988715880904,0.017759742583406332,0.02166398465277903,0.05235231964032219,0.010955351358050022,0.022798311200037745,0.06764063351057781,0.007357540506309353,-0.017964063207548488,0.02438835127478329,0.019998074991930247,0.020882135006573863,0.013617148635179682,0.01656268132268389,0.00479899316031197,0.017267671729702158,0.016421390377004283,0.0315773956625393,0.04069782872452773,0.01844318879053147,0.007538225466057312,0.006087157090789429,0.01644250752184087,0.02336198094214361,0.02434842069562928,0.032206453132170895,0.007357540506309353,0.06351923900201158,0.01545904561262798,0.03403407976260313,-0.0020297286115281495,-0.004365933876721857,0.0018024259210431938,0.006880895370998988,0.011943375758205806,0.005941637498654801,-0.00725706164406809,-0.010407728955364348,0.0175933445144184,-0.0032973641939312757,-0.009167539015286143,-0.01795394276245752,0.007350110811232101,-0.013922667895102237,-0.003306155410703238,0.013320851480258075,-0.017964063207548488,0.01545904561262798,0.053191176832293414,0.0014676494506807086,0.025767542144157708,0.014018357271351414,0.013374328493712577,0.015911070995419857,0.006604082320890742,0.03169981251361532,0.031169656712465275,0.03089114933212094,0.02984684462293944,0.024660504552834077,0.007869276663519834,0.018348449301750586,0.027831283751894757,0.05088703158292038,0.04251247493750295,0.03021408555099333,0.02438835127478329,0.03403407976260313,0.0014676494506807086,0.07060251095848541
