0.013098945752859309,0.0029733313447820775,0.006243087306700021,0.002229377360171139,0.004475576334987736,0.004587360570533704,-0.00023409272474646925,0.004292333181916152,0.00045098079091571326,7.69790913387138e-5,-0.000840694365998426,-0.0016574038432461736,-0.002899612176785196,0.0001718347785580615,0.003715656195373046,-0.0030941537101084266,0.0017685489880699752,-0.0032005428189806565,0.0029700273567038055,0.0003657681137078639,0.0029733313447820775,0.010740373348838646,0.0001381977146277553,-0.0016869931516759673,0.0015063583510001239,-0.0021309297952001142,-0.002198699021209726,0.004848724006619329,0.0029534874014478037,-0.0001534510820898748,0.0013130655836327378,-0.0018977605436470391,0.0012675899865789131,0.0012282897212412486,-0.0033259042829130976,0.0009780254952562887,0.0003611680061240733,-0.0004711896243119781,-0.0010438242722548223,0.004769807876050233,0.006243087306700021,0.0001381977146277553,0.02421041155903882,0.0007846272861892149,0.0005403995591203966,-0.00014384648703885975,0.0011711776895526045,-0.010255605633168229,0.0002782404430906253,0.0013215693115645139,-0.0013299541512453484,-0.0036299698604236627,-0.0014876535573251169,0.00052325852444529,0.002059549040527866,-0.001504944113361144,-0.011276402101918888,-0.0009877107184307482,0.004269346079929971,-0.005712051755489198,0.002229377360171139,-0.0016869931516759673,0.0007846272861892149,0.014030875085047379,-0.0018681468260301985,-0.00013710585948017247,0.000709418685443124,0.001706795199931397,-0.003110969135950493,-0.0025073605861002405,-0.00036535376620630924,-0.001675053441722551,0.0019186645256871028,-0.0010261584098672965,-0.001743620173669374,0.003319324855755545,0.00024155536644819673,0.0010124527956510887,0.0026941736805616333,-0.00842959673485167,0.004475576334987736,0.0015063583510001239,0.0005403995591203966,-0.0018681468260301985,0.023682840273275805,0.003044770260104598,0.00017319568404015244,-0.0031004922689267383,0.003687247449668968,0.003701691686094394,-0.003486705969046897,-0.006789230031485488,0.0007515964894761321,-0.0026519473752587633,0.0006269672744871736,-0.0032967482831988437,0.0030160304685006188,-0.0005169361200186495,0.002713094098198926,-0.0001712230920837334,0.004587360570533704,-0.0021309297952001142,-0.00014384648703885975,-0.00013710585948017247,0.003044770260104598,0.016032170938614407,0.0021030528353312766,0.002383263029501112,0.002833525381338794,-0.0030075363570232693,-0.0035345941018522305,0.0011194132377208472,0.0027556973311047206,-0.0021221256267897853,-0.0020509460927306683,0.0033784999992326112,0.002845024784618485,0.001086671188510305,0.0008424854271920571,0.00108053198491439,-0.00023409272474646925,-0.002198699021209726,0.0011711776895526045,0.000709418685443124,0.00017319568404015244,0.0021030528353312766,0.02172522172313453,-0.0025226143451637763,-0.0026327713370791032,0.0003557222086065028,-0.0014296975696525397,0.005359953386893955,0.0034453309425781986,0.003518208696539845,-0.0016909324006545907,0.00011981845576178882,0.003130824899774372,0.0006954385867229641,-0.0016466003687776111,-0.0011790130726535275,0.004292333181916152,0.004848724006619329,-0.010255605633168229,0.001706795199931397,-0.0031004922689267383,0.002383263029501112,-0.0025226143451637763,0.02716906373373742,-0.0009739193309789034,-0.003914679763647664,0.008206671731166303,0.00682817009207188,-0.005239885035834444,0.006953029559868907,-0.0017608487066273493,0.003458686751480874,0.0027493492102431244,0.00398682080721488,-0.0030432250532502012,0.003875857290257248,0.00045098079091571326,0.0029534874014478037,0.0002782404430906253,-0.003110969135950493,0.003687247449668968,0.002833525381338794,-0.0026327713370791032,-0.0009739193309789034,0.01769054729258044,0.0004416669404260229,-0.002768681295078757,-0.005434430379919292,-0.00500417490837341,-0.0008102010958808507,0.0032596446430681004,0.0033513942063502005,-0.0014636566762084057,-0.0006870889472922684,-0.0012228620063093338,-0.0006096892179191907,7.69790913387138e-5,-0.0001534510820898748,0.0013215693115645139,-0.0025073605861002405,0.003701691686094394,-0.0030075363570232693,0.0003557222086065028,-0.003914679763647664,0.0004416669404260229,0.014975034374315506,0.00029106345171874947,-0.0024311698201799356,0.002016450169414056,-0.0009430603662324743,-0.00024955381295070763,-0.003557668741937816,0.0010135410110423803,-2.6331037203875386e-5,0.0036196951908662152,0.0029000433404593124,-0.000840694365998426,0.0013130655836327378,-0.0013299541512453484,-0.00036535376620630924,-0.003486705969046897,-0.0035345941018522305,-0.0014296975696525397,0.008206671731166303,-0.002768681295078757,0.00029106345171874947,0.02318589698389974,0.005502478601976762,-0.0042037951728251645,0.0026881381577423405,-0.0022285357780732133,0.0023847879452309115,-0.003251827235960918,-0.0016767741213693512,-0.0011753535758725854,0.00510177008197666,-0.0016574038432461736,-0.0018977605436470391,-0.0036299698604236627,-0.001675053441722551,-0.006789230031485488,0.0011194132377208472,0.005359953386893955,0.00682817009207188,-0.005434430379919292,-0.0024311698201799356,0.005502478601976762,0.017904966435882158,-0.0028844339023206137,-0.00041780427778872467,-0.00028006346481632724,0.0008800453142180723,0.003579573077873611,-0.00027112042642478385,0.0011253229658909276,-0.0019761327713632235,-0.002899612176785196,0.0012675899865789131,-0.0014876535573251169,0.0019186645256871028,0.0007515964894761321,0.0027556973311047206,0.0034453309425781986,-0.005239885035834444,-0.00500417490837341,0.002016450169414056,-0.0042037951728251645,-0.0028844339023206137,0.030262501648244247,-0.0013162665016254365,-0.004433244793238519,-0.000943001963136371,0.0009512597661144409,-0.00017053060059951926,-0.0020256272562099486,-0.0034172837993414595,0.0001718347785580615,0.0012282897212412486,0.00052325852444529,-0.0010261584098672965,-0.0026519473752587633,-0.0021221256267897853,0.003518208696539845,0.006953029559868907,-0.0008102010958808507,-0.0009430603662324743,0.0026881381577423405,-0.00041780427778872467,-0.0013162665016254365,0.01580005752259692,-0.0009292939563265107,0.0014893195300065428,0.001867367276546641,-0.002183501178903432,0.0019346193888456278,-0.0008940684499606272,0.003715656195373046,-0.0033259042829130976,0.002059549040527866,-0.001743620173669374,0.0006269672744871736,-0.0020509460927306683,-0.0016909324006545907,-0.0017608487066273493,0.0032596446430681004,-0.00024955381295070763,-0.0022285357780732133,-0.00028006346481632724,-0.004433244793238519,-0.0009292939563265107,0.01984513193612669,-0.0017536379914479705,0.004379001524731672,-9.778858090518224e-5,0.006418817993919235,-0.0026295257430741003,-0.0030941537101084266,0.0009780254952562887,-0.001504944113361144,0.003319324855755545,-0.0032967482831988437,0.0033784999992326112,0.00011981845576178882,0.003458686751480874,0.0033513942063502005,-0.003557668741937816,0.0023847879452309115,0.0008800453142180723,-0.000943001963136371,0.0014893195300065428,-0.0017536379914479705,0.02344513554713331,-0.004480358466649735,0.005215099844552901,-0.004400176196676242,-0.0018096579964681067,0.0017685489880699752,0.0003611680061240733,-0.011276402101918888,0.00024155536644819673,0.0030160304685006188,0.002845024784618485,0.003130824899774372,0.0027493492102431244,-0.0014636566762084057,0.0010135410110423803,-0.003251827235960918,0.003579573077873611,0.0009512597661144409,0.001867367276546641,0.004379001524731672,-0.004480358466649735,0.025546672905754984,0.006391708704400551,0.0009202217734953135,0.0016593022188766226,-0.0032005428189806565,-0.0004711896243119781,-0.0009877107184307482,0.0010124527956510887,-0.0005169361200186495,0.001086671188510305,0.0006954385867229641,0.00398682080721488,-0.0006870889472922684,-2.6331037203875386e-5,-0.0016767741213693512,-0.00027112042642478385,-0.00017053060059951926,-0.002183501178903432,-9.778858090518224e-5,0.005215099844552901,0.006391708704400551,0.01968864004321934,-0.0027495019396550436,0.0016588919822105041,0.0029700273567038055,-0.0010438242722548223,0.004269346079929971,0.0026941736805616333,0.002713094098198926,0.0008424854271920571,-0.0016466003687776111,-0.0030432250532502012,-0.0012228620063093338,0.0036196951908662152,-0.0011753535758725854,0.0011253229658909276,-0.0020256272562099486,0.0019346193888456278,0.006418817993919235,-0.004400176196676242,0.0009202217734953135,-0.0027495019396550436,0.021830893534929684,-0.0028500770067057452,0.0003657681137078639,0.004769807876050233,-0.005712051755489198,-0.00842959673485167,-0.0001712230920837334,0.00108053198491439,-0.0011790130726535275,0.003875857290257248,-0.0006096892179191907,0.0029000433404593124,0.00510177008197666,-0.0019761327713632235,-0.0034172837993414595,-0.0008940684499606272,-0.0026295257430741003,-0.0018096579964681067,0.0016593022188766226,0.0016588919822105041,-0.0028500770067057452,0.01870584637666849
