0.09665751052219773,0.02519536213259512,-6.936903308377845e-5,0.04980949812853071,-0.03537205973663762,-0.05826150097583328,0.010180978389721295,-0.056270773929665716,0.0051022494912358884,0.020891751481557266,0.015422679095182457,-0.015007824730928874,-0.026432653255573237,-0.01277476883522948,0.029651809726301843,-0.04227944544356285,0.020014804561349575,0.06609800044830003,-0.019141688469569065,-0.016619397793013524,0.02519536213259512,0.04469203683624331,-0.01752995415129144,0.023360115906529325,-0.012529616410994617,-0.02522311640961146,0.0010330418046152548,-0.009321103989311234,0.012541997765429528,-0.012834538362975477,0.0035378865231583947,-0.0006259361153646476,-0.003884171824850395,0.003981032468561326,-0.0001120213628855311,-0.014190862979483637,0.003630970795799567,0.01828025768838881,-0.008207885905898226,-0.0026774928760848167,-6.936903308377845e-5,-0.01752995415129144,0.054655095606698165,-0.013364841865882611,0.005562488458716522,0.010662711856082306,-0.010524412065870547,0.00034681062172352793,-0.015018611772781517,0.016662011769533143,-0.0012362486728807356,-0.0016065013438213123,0.0030582995285317847,-0.009923674709551605,0.005057362931565791,0.010377779801216423,-0.014590419633108214,-0.005471146689498918,-0.0009787364563553298,-2.7614562716512733e-5,0.04980949812853071,0.023360115906529325,-0.013364841865882611,0.05585866082885263,-0.022577264732316443,-0.03531254361782712,0.0035529436985620236,-0.03769021734283946,0.003214936631329779,0.0031421074454000475,0.015014478371003325,-0.005818132697428088,-0.026110548686358773,-0.005377871751299303,0.011219296061713634,-0.022103212816795954,0.015385277898895093,0.03526520273173918,-0.009881099835262645,-0.0024757006872327264,-0.03537205973663762,-0.012529616410994617,0.005562488458716522,-0.022577264732316443,0.040640130013913686,0.025767551691434763,-0.0021677009378122817,0.02887965147361326,-0.0010613573194591856,-0.006983982313582935,-0.008566889626425222,0.002849756127548619,0.01684658663122366,-0.0031492773506030802,-0.008340303920260205,0.014454897220528697,-0.011516480064471382,-0.031171220766426998,0.009440725916616148,-0.0076500015830572865,-0.05826150097583328,-0.02522311640961146,0.010662711856082306,-0.03531254361782712,0.025767551691434763,0.05807776773061387,-0.0063064586854711694,0.0398067797455668,-0.009490325040890169,-0.008647739393487602,-0.008525752295833596,0.0075890384062675875,0.019552300384019436,0.0017979052200396764,-0.013561730457311603,0.03220024131298213,-0.02331518786391131,-0.04933622136925109,0.014014492089289904,0.010435796393901915,0.010180978389721295,0.0010330418046152548,-0.010524412065870547,0.0035529436985620236,-0.0021677009378122817,-0.0063064586854711694,0.023660972177149867,-0.011651102795139454,0.005727654186642964,2.637595907667986e-5,0.002300751001997994,-0.0076605252874781,-0.005779761998567789,0.004610031656413926,-0.000588282511067387,0.0011574016986809238,0.0014783930351323876,0.006623197271644416,0.0010455955392554923,-0.001711210892363643,-0.056270773929665716,-0.009321103989311234,0.00034681062172352793,-0.03769021734283946,0.02887965147361326,0.0398067797455668,-0.011651102795139454,0.06658766562402255,0.0024370664761112345,-0.01599966431002836,-0.021768418707131656,0.01114988687630453,0.022883446139540232,0.00705378423592185,-0.017917085384147102,0.0344245865973682,-0.0202477778454324,-0.05212859903338786,0.016145103395136723,-0.0016885883570430542,0.0051022494912358884,0.012541997765429528,-0.015018611772781517,0.003214936631329779,-0.0010613573194591856,-0.009490325040890169,0.005727654186642964,0.0024370664761112345,0.03045465963726536,-0.011549366924486083,-0.004159481948700093,-0.0010743511972759147,0.005537217853153855,0.007731454133698617,-0.005466494792621176,-0.0013630106644049054,0.0059262995561760404,0.0015869900372930193,0.0005596738914112026,-0.005662947604184501,0.020891751481557266,-0.012834538362975477,0.016662011769533143,0.0031421074454000475,-0.006983982313582935,-0.008647739393487602,2.637595907667986e-5,-0.01599966431002836,-0.011549366924486083,0.03296612041862548,-0.002110916666485202,-0.006174473993917231,-0.012638103959994769,-0.011088038772769027,0.01388464069358272,-0.006056744580338986,0.0003156325703206255,0.014658238485098934,-0.0009646132499826746,-0.006049587663940162,0.015422679095182457,0.0035378865231583947,-0.0012362486728807356,0.015014478371003325,-0.008566889626425222,-0.008525752295833596,0.002300751001997994,-0.021768418707131656,-0.004159481948700093,-0.002110916666485202,0.027987796001274365,-0.0024514293581860878,-0.009225864349152828,-0.003986944302416197,-0.0020958945203737502,-0.010983160327510764,0.004615721955691938,0.013748741134254911,-0.003905852020236428,0.011563064222184593,-0.015007824730928874,-0.0006259361153646476,-0.0016065013438213123,-0.005818132697428088,0.002849756127548619,0.0075890384062675875,-0.0076605252874781,0.01114988687630453,-0.0010743511972759147,-0.006174473993917231,-0.0024514293581860878,0.021732000723725848,0.003359475267378985,0.004159164040207315,-0.010395188961824491,0.007595836743260477,-0.008353951117247458,-0.011741742579035801,0.004201269192568425,0.002176118362233615,-0.026432653255573237,-0.003884171824850395,0.0030582995285317847,-0.026110548686358773,0.01684658663122366,0.019552300384019436,-0.005779761998567789,0.022883446139540232,0.005537217853153855,-0.012638103959994769,-0.009225864349152828,0.003359475267378985,0.03411804279182619,0.006477430933405963,-0.010439607101944443,0.011155728530071189,-0.007839110567371337,-0.02251486601957277,0.004272544158202846,0.0011996423919580835,-0.01277476883522948,0.003981032468561326,-0.009923674709551605,-0.005377871751299303,-0.0031492773506030802,0.0017979052200396764,0.004610031656413926,0.00705378423592185,0.007731454133698617,-0.011088038772769027,-0.003986944302416197,0.004159164040207315,0.006477430933405963,0.029931889959384075,-0.011979299133941499,0.00548065481078997,0.0025744851316410926,0.00040319134515515024,0.0013972544059654005,-0.005358970417605356,0.029651809726301843,-0.0001120213628855311,0.005057362931565791,0.011219296061713634,-0.008340303920260205,-0.013561730457311603,-0.000588282511067387,-0.017917085384147102,-0.005466494792621176,0.01388464069358272,-0.0020958945203737502,-0.010395188961824491,-0.010439607101944443,-0.011979299133941499,0.042567958101066165,-0.013804120539885946,0.005381146138214422,0.01736663678518969,-0.012313534918135456,-0.0038409758618097754,-0.04227944544356285,-0.014190862979483637,0.010377779801216423,-0.022103212816795954,0.014454897220528697,0.03220024131298213,0.0011574016986809238,0.0344245865973682,-0.0013630106644049054,-0.006056744580338986,-0.010983160327510764,0.007595836743260477,0.011155728530071189,0.00548065481078997,-0.013804120539885946,0.04806733659394382,-0.02105673953102192,-0.0411625622396634,0.012969092485340707,-0.00037002083754412453,0.020014804561349575,0.003630970795799567,-0.014590419633108214,0.015385277898895093,-0.011516480064471382,-0.02331518786391131,0.0014783930351323876,-0.0202477778454324,0.0059262995561760404,0.0003156325703206255,0.004615721955691938,-0.008353951117247458,-0.007839110567371337,0.0025744851316410926,0.005381146138214422,-0.02105673953102192,0.035728107551964046,0.020243239178540824,-0.0031484499481895505,0.0011489378519619511,0.06609800044830003,0.01828025768838881,-0.005471146689498918,0.03526520273173918,-0.031171220766426998,-0.04933622136925109,0.006623197271644416,-0.05212859903338786,0.0015869900372930193,0.014658238485098934,0.013748741134254911,-0.011741742579035801,-0.02251486601957277,0.00040319134515515024,0.01736663678518969,-0.0411625622396634,0.020243239178540824,0.0775662672032796,-0.022745391512228236,-0.008735710156217213,-0.019141688469569065,-0.008207885905898226,-0.0009787364563553298,-0.009881099835262645,0.009440725916616148,0.014014492089289904,0.0010455955392554923,0.016145103395136723,0.0005596738914112026,-0.0009646132499826746,-0.003905852020236428,0.004201269192568425,0.004272544158202846,0.0013972544059654005,-0.012313534918135456,0.012969092485340707,-0.0031484499481895505,-0.022745391512228236,0.0228642155213025,-0.0016547784746573863,-0.016619397793013524,-0.0026774928760848167,-2.7614562716512733e-5,-0.0024757006872327264,-0.0076500015830572865,0.010435796393901915,-0.001711210892363643,-0.0016885883570430542,-0.005662947604184501,-0.006049587663940162,0.011563064222184593,0.002176118362233615,0.0011996423919580835,-0.005358970417605356,-0.0038409758618097754,-0.00037002083754412453,0.0011489378519619511,-0.008735710156217213,-0.0016547784746573863,0.03599782404855478
0.04866524931569989,0.002861986058769409,0.009302912140429772,-0.013078536373381574,-0.0014863350582713067,-0.012257652498133702,-0.0010447799318371162,0.006042697753506378,-0.02168962984082903,0.011842704796694987,0.00868915085946544,-0.003675340725105609,-0.012474622711542715,0.013915517263431583,-0.0067932989701326475,-0.0111011580368691,-0.016929130286747737,0.004578603519175925,-0.035295929729295725,0.01190024238128665,0.002861986058769409,0.021182602529292178,0.005018703721584698,0.007224592386197987,-0.0007062004611025977,-0.007558731192686545,-0.0017031918524938133,0.0010106463500864343,0.008540698650107035,-0.001384125792069776,0.006369418939753671,-0.006460403886425203,-0.0018861661314539962,-0.0005540474447268441,0.0017737681603518147,-0.0045888914163426196,-0.00037727188382373055,0.004882257421535661,-0.003462066468540823,0.0030906477579048276,0.009302912140429772,0.005018703721584698,0.03490216026059757,0.002461425620337554,-0.00593568963098559,-0.002171869226932632,-0.0015538158865450104,-0.004121166317296939,-0.009559858661067823,-0.0020450744644221084,0.012715428241906605,-0.01079477133785518,-0.004000093204114178,-0.003207754565194669,-0.0022883736910720726,-1.8439497859674796e-5,-0.003029547057038495,0.009190319304610485,-0.005193338033428443,0.0006292312183035717,-0.013078536373381574,0.007224592386197987,0.002461425620337554,0.03638128756171767,-0.001383418705470514,-0.0035493519211702265,-0.007107706891920529,0.0012459009002900893,0.00448866580782507,-0.009973969973048018,-0.001535044952288021,0.0039024730162782115,-1.5312619918046277e-5,-0.007961732479774096,0.01134086904329749,0.002275180148355025,0.01202212209464535,-3.6757029272697006e-5,0.01936414508349028,-0.009160822510345834,-0.0014863350582713067,-0.0007062004611025977,-0.00593568963098559,-0.001383418705470514,0.03786745789431866,0.0018719595440191872,-0.0005593679265670563,-0.0005631286624831486,0.014518083557631647,-0.0036384235055442696,0.009689226318352588,-0.01815541439426812,0.014754044518355724,-0.002052900041126597,-0.010937269305435789,-0.011416988357100559,-0.007876660128918312,0.0009595166440553673,-0.00506394972344416,0.026342180887321473,-0.012257652498133702,-0.007558731192686545,-0.002171869226932632,-0.0035493519211702265,0.0018719595440191872,0.03189032111541694,0.007260431489912806,-0.00708320328286528,0.007285382452799871,-0.007774508018842306,-0.009550717043186621,0.006184648312913189,0.015805931286341307,-0.005414964213315186,-0.0011071072483741823,0.0010990736382767057,0.0035870945857203905,0.0008916785219675288,0.009912449378808077,-0.009270409497453487,-0.0010447799318371162,-0.0017031918524938133,-0.0015538158865450104,-0.007107706891920529,-0.0005593679265670563,0.007260431489912806,0.022080003617647417,-0.00574628890841789,-0.0008700419691624816,-0.006635448493099879,0.0003482965465321218,-0.002402739511979826,0.005593513346934821,-0.008578456219244718,-0.001303832297334738,0.0027754205425561795,0.0074315128395630314,-0.00595780286656289,-0.0007030938592260017,0.0026989449905932376,0.006042697753506378,0.0010106463500864343,-0.004121166317296939,0.0012459009002900893,-0.0005631286624831486,-0.00708320328286528,-0.00574628890841789,0.0228750185259124,-0.003043468205628181,0.009205068977543081,-0.0006579090178146543,0.003977734860723445,-0.011922407511405667,0.00340936583558354,0.0027516310076187117,-0.005776872079264405,-0.006242796385686373,0.0010206759450810895,0.0026146272460294377,-0.0025985399769849625,-0.02168962984082903,0.008540698650107035,-0.009559858661067823,0.00448866580782507,0.014518083557631647,0.007285382452799871,-0.0008700419691624816,-0.003043468205628181,0.04306974364345986,-0.01287214310039686,0.004974385275106865,-0.0036402379320586284,0.008773088763378307,-0.017950108784467754,-0.0018628300907805036,0.0001710460557169032,0.0069791104808333265,-0.002252999457257931,0.02425775681672783,0.0030284351196656267,0.011842704796694987,-0.001384125792069776,-0.0020450744644221084,-0.009973969973048018,-0.0036384235055442696,-0.007774508018842306,-0.006635448493099879,0.009205068977543081,-0.01287214310039686,0.037518948741491115,-0.002131476745729331,0.009738464164458047,-0.01659452346240002,0.018970527083687717,0.0034481849581727004,0.0038604886491071565,-0.014449787544348312,0.006880706558136268,-0.0033320825888364007,-0.009132969179625743,0.00868915085946544,0.006369418939753671,0.012715428241906605,-0.001535044952288021,0.009689226318352588,-0.009550717043186621,0.0003482965465321218,-0.0006579090178146543,0.004974385275106865,-0.002131476745729331,0.03364798269136586,-0.02239187885001235,0.001027517972783972,-0.007823343467980524,-0.009018218922146881,-0.006206732123497064,-0.0036814533552248403,0.002715453710180264,-0.010569798603129689,0.025883882250407685,-0.003675340725105609,-0.006460403886425203,-0.01079477133785518,0.0039024730162782115,-0.01815541439426812,0.006184648312913189,-0.002402739511979826,0.003977734860723445,-0.0036402379320586284,0.009738464164458047,-0.02239187885001235,0.05313890632381832,-0.010449501163054811,0.013388170044894418,0.023707320801517183,0.009567213693799384,0.004384681921660253,0.0019897402073012706,0.013078035699753753,-0.038349314880371715,-0.012474622711542715,-0.0018861661314539962,-0.004000093204114178,-1.5312619918046277e-5,0.014754044518355724,0.015805931286341307,0.005593513346934821,-0.011922407511405667,0.008773088763378307,-0.01659452346240002,0.001027517972783972,-0.010449501163054811,0.03384351781907422,-0.0071307353040730445,-0.007523251652465502,-0.00255724298560402,0.0034152852526236456,-0.0029115392471549964,0.002142075339986984,0.010429220791339566,0.013915517263431583,-0.0005540474447268441,-0.003207754565194669,-0.007961732479774096,-0.002052900041126597,-0.005414964213315186,-0.008578456219244718,0.00340936583558354,-0.017950108784467754,0.018970527083687717,-0.007823343467980524,0.013388170044894418,-0.0071307353040730445,0.036166426958923664,0.01021953100163552,0.0036358873071336063,-0.014505908115369271,0.0067738175054927454,-0.013150903993770911,-0.014980012882678851,-0.0067932989701326475,0.0017737681603518147,-0.0022883736910720726,0.01134086904329749,-0.010937269305435789,-0.0011071072483741823,-0.001303832297334738,0.0027516310076187117,-0.0018628300907805036,0.0034481849581727004,-0.009018218922146881,0.023707320801517183,-0.007523251652465502,0.01021953100163552,0.03851669449688139,0.008102775975426853,0.003100196037978159,0.010535004514564864,0.01244305924802577,-0.030177551852096834,-0.0111011580368691,-0.0045888914163426196,-1.8439497859674796e-5,0.002275180148355025,-0.011416988357100559,0.0010990736382767057,0.0027754205425561795,-0.005776872079264405,0.0001710460557169032,0.0038604886491071565,-0.006206732123497064,0.009567213693799384,-0.00255724298560402,0.0036358873071336063,0.008102775975426853,0.029813308666173138,0.009162928753523123,-0.006259150291237751,0.011793134030406535,-0.012789733281896119,-0.016929130286747737,-0.00037727188382373055,-0.003029547057038495,0.01202212209464535,-0.007876660128918312,0.0035870945857203905,0.0074315128395630314,-0.006242796385686373,0.0069791104808333265,-0.014449787544348312,-0.0036814533552248403,0.004384681921660253,0.0034152852526236456,-0.014505908115369271,0.003100196037978159,0.009162928753523123,0.03202300774739947,-0.011839317873214381,0.018872242476951857,-0.009063718737887172,0.004578603519175925,0.004882257421535661,0.009190319304610485,-3.6757029272697006e-5,0.0009595166440553673,0.0008916785219675288,-0.00595780286656289,0.0010206759450810895,-0.002252999457257931,0.006880706558136268,0.002715453710180264,0.0019897402073012706,-0.0029115392471549964,0.0067738175054927454,0.010535004514564864,-0.006259150291237751,-0.011839317873214381,0.027488085221745024,-0.002994268726120069,-0.01245647986685329,-0.035295929729295725,-0.003462066468540823,-0.005193338033428443,0.01936414508349028,-0.00506394972344416,0.009912449378808077,-0.0007030938592260017,0.0026146272460294377,0.02425775681672783,-0.0033320825888364007,-0.010569798603129689,0.013078035699753753,0.002142075339986984,-0.013150903993770911,0.01244305924802577,0.011793134030406535,0.018872242476951857,-0.002994268726120069,0.06276106914090988,-0.0213559599998392,0.01190024238128665,0.0030906477579048276,0.0006292312183035717,-0.009160822510345834,0.026342180887321473,-0.009270409497453487,0.0026989449905932376,-0.0025985399769849625,0.0030284351196656267,-0.009132969179625743,0.025883882250407685,-0.038349314880371715,0.010429220791339566,-0.014980012882678851,-0.030177551852096834,-0.012789733281896119,-0.009063718737887172,-0.01245647986685329,-0.0213559599998392,0.07382644904535847
