0.040061692742962306,0.0043270952360942045,0.010119134785514423,-0.012384429961946091,0.0026895080923197423,-0.0084430175874732,0.0029908517415205404,0.0036544568660513356,-0.02031489879322511,0.011275174763321065,0.011029722293133403,-0.0062299526004211785,-0.01186863946871639,0.013996298306372706,-0.008485834011804107,-0.009117980796321212,-0.014503438836667333,0.002160254099250386,-0.03405216424985569,0.019150820848388754,0.0043270952360942045,0.027051164204673645,0.01058884907192264,0.011546597129607334,-0.0024685946347717896,-0.012348112698541382,-0.005554490879456187,0.0027968590579505737,0.012265405225053396,-0.0035196233167778014,0.01004290198899047,-0.00781296154636019,-0.006482583619588499,-0.0026178277973357353,0.003614038753523811,-0.004373245128868273,-0.000973057886290396,0.0018123119611533898,0.003280192089025978,0.01018793415700077,0.010119134785514423,0.01058884907192264,0.06155228033206816,0.007520715448084431,-0.00953789926147293,-0.0016864692982076074,-0.006378882439432814,-0.001435836409322856,-0.012579506393434761,-0.005744286215261641,0.024364507030236397,-0.014208111367543038,-0.012358264552848719,-0.0042342404535668805,-0.0008819753428267044,0.0017858792902478208,-0.010362884778713012,0.009825508696532176,-0.002973870301254175,0.006798007893409039,-0.012384429961946091,0.011546597129607334,0.007520715448084431,0.04216849651408222,-0.006198488011316783,-0.007494316181071114,-0.01431168175422385,0.004292751797656775,0.006762774643935419,-0.009579854193682881,0.0014712110981097625,-0.0012697873707153415,-0.004925258575168467,-0.01033782221923802,0.013738986810057174,0.0034457121517568225,0.01039705111699707,-0.0006093645443123723,0.023981603189306915,-0.008389837105592315,0.0026895080923197423,-0.0024685946347717896,-0.00953789926147293,-0.006198488011316783,0.04669657439662325,0.00024961385995190383,-0.003555021759418694,-0.005390854746971289,0.020230082639993367,0.0026725770679762646,0.005474288663208521,-0.026434076042907612,0.017388812778115617,-0.013722431392489081,-0.023874229921247173,-0.018754338785638165,-0.0034150028532245066,0.002407095756882755,-0.0021034101474918425,0.030990474327709995,-0.0084430175874732,-0.012348112698541382,-0.0016864692982076074,-0.007494316181071114,0.00024961385995190383,0.0374985428707941,0.01550267945855519,-0.009869578457603237,-0.004837794472815444,-0.006156065464378136,-0.012235327994380808,0.01433284868579895,0.017202941574340908,0.002735263430440008,-0.0018502250802123522,0.005687955635806263,0.002129947457022291,0.0037092262959898094,-0.0026960764351384786,-0.015554812734516523,0.0029908517415205404,-0.005554490879456187,-0.006378882439432814,-0.01431168175422385,-0.003555021759418694,0.01550267945855519,0.03425131147852541,-0.007927889867524787,-0.011428047960679514,-0.008085189791414142,-0.004783229528626431,0.011606316059775058,0.007927751715835683,0.007043333741128872,-0.0022836486023461444,0.004382682970259273,0.0036671839311372516,0.0020586448588421355,-0.01260836813389847,-0.00882180593365189,0.0036544568660513356,0.0027968590579505737,-0.001435836409322856,0.004292751797656775,-0.005390854746971289,-0.009869578457603237,-0.007927889867524787,0.03000358260917935,0.0002314547906109372,0.009102519556709102,0.005276138684411293,0.0053973843918707146,-0.0204567025310382,0.004545378287403642,0.005705319900976523,-0.0042527251060351205,-0.0066943828771205,-0.005167834302509261,0.010259066117315224,-0.00031111322983316987,-0.02031489879322511,0.012265405225053396,-0.012579506393434761,0.006762774643935419,0.020230082639993367,-0.004837794472815444,-0.011428047960679514,0.0002314547906109372,0.05586925375019666,-0.012204651572076116,0.0021835554492384526,-0.00953414936191788,0.006753050196871575,-0.029082892238624525,-0.0014365882782168397,-0.008021480809658116,0.009014808579217883,-0.0018997881746671088,0.03846736434121156,0.004741516624672172,0.011275174763321065,-0.0035196233167778014,-0.005744286215261641,-0.009579854193682881,0.0026725770679762646,-0.006156065464378136,-0.008085189791414142,0.009102519556709102,-0.012204651572076116,0.03535427512859954,-0.0018384988131819725,0.0013497777688147913,-0.012798677625550123,0.012930186649230593,-0.0027680865605383526,9.888322629452909e-5,-0.01192619809868331,0.0015891750139972267,-0.00867464735362842,0.0033470291398173648,0.011029722293133403,0.01004290198899047,0.024364507030236397,0.0014712110981097625,0.005474288663208521,-0.012235327994380808,-0.004783229528626431,0.005276138684411293,0.0021835554492384526,-0.0018384988131819725,0.03912278092535555,-0.030516899812290874,-0.006163343929871383,-0.01101503698341246,-0.012479189052335353,-0.010228528470254492,-0.0050773055983544865,-0.0013777642612586342,-0.0028215708864548408,0.03466573220004779,-0.0062299526004211785,-0.00781296154636019,-0.014208111367543038,-0.0012697873707153415,-0.026434076042907612,0.01433284868579895,0.011606316059775058,0.0053973843918707146,-0.00953414936191788,0.0013497777688147913,-0.030516899812290874,0.07354792744403335,-0.012099719808638679,0.031058029341086892,0.0357724401970008,0.019432125038997362,0.0016046055876467872,0.003537899040480728,0.0013644808579282774,-0.05565920966697221,-0.01186863946871639,-0.006482583619588499,-0.012358264552848719,-0.004925258575168467,0.017388812778115617,0.017202941574340908,0.007927751715835683,-0.0204567025310382,0.006753050196871575,-0.012798677625550123,-0.006163343929871383,-0.012099719808638679,0.04474797348390027,-0.01138175085490272,-0.010479957191754112,-0.0015181019879403714,0.008566811069852366,-0.00013850813847121472,-0.0008533056214297516,0.004880578522594929,0.013996298306372706,-0.0026178277973357353,-0.0042342404535668805,-0.01033782221923802,-0.013722431392489081,0.002735263430440008,0.007043333741128872,0.004545378287403642,-0.029082892238624525,0.012930186649230593,-0.01101503698341246,0.031058029341086892,-0.01138175085490272,0.04976206783362159,0.01765348834145475,0.011777343494920864,-0.01719586980480837,0.005496638496286392,-0.02654297458358699,-0.02291366458378928,-0.008485834011804107,0.003614038753523811,-0.0008819753428267044,0.013738986810057174,-0.023874229921247173,-0.0018502250802123522,-0.0022836486023461444,0.005705319900976523,-0.0014365882782168397,-0.0027680865605383526,-0.012479189052335353,0.0357724401970008,-0.010479957191754112,0.01765348834145475,0.05542964597251915,0.01287148485690533,-0.0015291530938105517,0.009062600298077424,0.009012702888835968,-0.044924421518070703,-0.009117980796321212,-0.004373245128868273,0.0017858792902478208,0.0034457121517568225,-0.018754338785638165,0.005687955635806263,0.004382682970259273,-0.0042527251060351205,-0.008021480809658116,9.888322629452909e-5,-0.010228528470254492,0.019432125038997362,-0.0015181019879403714,0.011777343494920864,0.01287148485690533,0.03210755675676757,0.005638818753489861,-0.0013177898061517773,0.0029223453817560775,-0.022023590242076715,-0.014503438836667333,-0.000973057886290396,-0.010362884778713012,0.01039705111699707,-0.0034150028532245066,0.002129947457022291,0.0036671839311372516,-0.0066943828771205,0.009014808579217883,-0.01192619809868331,-0.0050773055983544865,0.0016046055876467872,0.008566811069852366,-0.01719586980480837,-0.0015291530938105517,0.005638818753489861,0.03134514688986441,-0.010129284682909127,0.017173346918030272,-0.006418842557886391,0.002160254099250386,0.0018123119611533898,0.009825508696532176,-0.0006093645443123723,0.002407095756882755,0.0037092262959898094,0.0020586448588421355,-0.005167834302509261,-0.0018997881746671088,0.0015891750139972267,-0.0013777642612586342,0.003537899040480728,-0.00013850813847121472,0.005496638496286392,0.009062600298077424,-0.0013177898061517773,-0.010129284682909127,0.03200819698907333,-0.007727023619448076,-0.02063762685701234,-0.03405216424985569,0.003280192089025978,-0.002973870301254175,0.023981603189306915,-0.0021034101474918425,-0.0026960764351384786,-0.01260836813389847,0.010259066117315224,0.03846736434121156,-0.00867464735362842,-0.0028215708864548408,0.0013644808579282774,-0.0008533056214297516,-0.02654297458358699,0.009012702888835968,0.0029223453817560775,0.017173346918030272,-0.007727023619448076,0.07275131227178466,-0.009599710921795221,0.019150820848388754,0.01018793415700077,0.006798007893409039,-0.008389837105592315,0.030990474327709995,-0.015554812734516523,-0.00882180593365189,-0.00031111322983316987,0.004741516624672172,0.0033470291398173648,0.03466573220004779,-0.05565920966697221,0.004880578522594929,-0.02291366458378928,-0.044924421518070703,-0.022023590242076715,-0.006418842557886391,-0.02063762685701234,-0.009599710921795221,0.09857606641885891
0.15540950399877512,0.045232630071455074,-0.021206089787857027,0.10166723402444604,-0.05091914098442557,-0.07402355526668944,0.012609419526045829,-0.08360399653175474,-0.010470580679689655,0.017142722739893288,0.04200996654128383,-0.020081792486928807,-0.04243290575670177,-0.02492046985474198,0.04447587705760046,-0.05799373498758073,0.011456336389854448,0.08323119968126566,-0.03845998458566004,-0.036149689329569,0.045232630071455074,0.06368255268938745,-0.020030970166056775,0.03837108743980002,-0.016701150921241973,-0.03272011206034746,-0.0027875783132765156,-0.012091325423405675,0.007030060993080148,-0.011417594735329193,0.003258506689386274,-0.004820778563583408,-0.009491097245170579,0.0011630942529192233,0.007220794598764651,-0.01685404622057677,0.005381879917700201,0.0250469416185519,-0.015939829688647565,-0.019539066018010046,-0.021206089787857027,-0.020030970166056775,0.05733306863961512,-0.02955397053789592,0.005562345280606106,0.01133274832843225,-0.01681300826484547,0.013463130089902988,-0.00584988250484262,0.012799733612732907,-0.016068781718182507,0.003830509538455579,0.009968685555407773,0.0014810767480322542,0.0014563084170918271,0.013017305207904025,-0.004588193473678134,-0.012178003138191522,0.0032182248524957467,0.006978446878010108,0.10166723402444604,0.03837108743980002,-0.02955397053789592,0.09876977694897993,-0.03894438035089105,-0.050355129343870375,0.007824597629605894,-0.06375343312765958,-0.011537718142185072,0.00594883858641866,0.033549333202837546,-0.014597282463805587,-0.041048159471896634,-0.01398771302448248,0.027762756087592776,-0.037641182744670404,0.007864137111994574,0.05840548085231438,-0.023027028736166792,-0.023731118506518642,-0.05091914098442557,-0.016701150921241973,0.005562345280606106,-0.03894438035089105,0.05264215566889505,0.04051633234982626,-0.0013881834050627666,0.02908424656330241,7.647326220910699e-5,-0.004583181497244817,-0.006593706191737699,0.004947010354318932,0.028454905180520206,0.0025859693654133,-0.006184643470781131,0.02104091115120115,-0.006822084699990443,-0.03451381770402361,0.008446836206549863,-0.004720243197716868,-0.07402355526668944,-0.03272011206034746,0.01133274832843225,-0.050355129343870375,0.04051633234982626,0.07884617247512968,0.0006446518115193154,0.038359218418485996,-0.01110788909820296,-0.00884293158754789,-0.009301208171260681,0.008079162510520516,0.030183076748886255,0.004459699237476461,-0.009574666717659674,0.03410110151461884,-0.015965043580125765,-0.05307725279920335,0.01647853986778671,0.020223923406387803,0.012609419526045829,-0.0027875783132765156,-0.01681300826484547,0.007824597629605894,-0.0013881834050627666,0.0006446518115193154,0.030256358086111435,-0.015842041868163383,0.0015847805028797843,-0.0056489905684147974,0.010212405685838867,-0.006708607526439538,-0.007183642841640795,-0.0005906311837062359,0.0010787245958207416,-0.0034616633121928634,0.0018487394078782074,0.00522287094926796,0.0009519815800170162,0.010954462009341203,-0.08360399653175474,-0.012091325423405675,0.013463130089902988,-0.06375343312765958,0.02908424656330241,0.038359218418485996,-0.015842041868163383,0.08105848929637847,0.015971474370111753,-0.016794970324738173,-0.03464022837942999,0.015171367291137517,0.029697497536195473,0.01811565527983318,-0.03753384320546775,0.04011937245451149,-0.015408042312636486,-0.05777931251291574,0.02802421084163811,0.0069204580318413976,-0.010470580679689655,0.007030060993080148,-0.00584988250484262,-0.011537718142185072,7.647326220910699e-5,-0.01110788909820296,0.0015847805028797843,0.015971474370111753,0.038239085387922984,-0.014537994156235655,-0.014694318862875443,0.006855587162172142,0.00450740210172223,0.008862275799926699,-0.019068070671145007,0.0035254598004069537,0.0030786591976353344,-0.008905663409474646,0.006054003412101783,-0.004192791583649857,0.017142722739893288,-0.011417594735329193,0.012799733612732907,0.00594883858641866,-0.004583181497244817,-0.00884293158754789,-0.0056489905684147974,-0.016794970324738173,-0.014537994156235655,0.031200110342855168,0.007809319222360614,-0.0045024823976616635,-0.00808587793008743,-0.009643402180814987,0.01287057867666886,-0.007507078886398543,-0.0022668585278412517,0.014495797989593792,-0.0025511325729311004,-0.0013814166858581844,0.04200996654128383,0.003258506689386274,-0.016068781718182507,0.033549333202837546,-0.006593706191737699,-0.009301208171260681,0.010212405685838867,-0.03464022837942999,-0.014694318862875443,0.007809319222360614,0.03990974882704769,-0.00846106917925535,-0.01761046456573074,-0.009691059473006391,0.012767427202068034,-0.013060436051236923,0.0013982857148836948,0.025694559157876645,-0.008080028405509792,-0.002223335044923621,-0.020081792486928807,-0.004820778563583408,0.003830509538455579,-0.014597282463805587,0.004947010354318932,0.008079162510520516,-0.006708607526439538,0.015171367291137517,0.006855587162172142,-0.0045024823976616635,-0.00846106917925535,0.023503567096253872,0.0037508847918978107,0.003381948690797544,-0.01549645745551223,0.007594321637669984,-0.00976125071745677,-0.017629173586773947,0.00845900114878788,0.002999756665611469,-0.04243290575670177,-0.009491097245170579,0.009968685555407773,-0.041048159471896634,0.028454905180520206,0.030183076748886255,-0.007183642841640795,0.029697497536195473,0.00450740210172223,-0.00808587793008743,-0.01761046456573074,0.0037508847918978107,0.04474577971141163,0.005434651538677824,-0.003192407456940854,0.023254527515261702,-0.0030596903428840943,-0.033174208953207905,0.002117585320467597,0.003823182568364562,-0.02492046985474198,0.0011630942529192233,0.0014810767480322542,-0.01398771302448248,0.0025859693654133,0.004459699237476461,-0.0005906311837062359,0.01811565527983318,0.008862275799926699,-0.009643402180814987,-0.009691059473006391,0.003381948690797544,0.005434651538677824,0.025433635324146265,-0.015001527540386164,0.009333917069833097,0.00344766070080759,-0.0036391298573332986,0.008715909279132027,-0.0013971606830021901,0.04447587705760046,0.007220794598764651,0.0014563084170918271,0.027762756087592776,-0.006184643470781131,-0.009574666717659674,0.0010787245958207416,-0.03753384320546775,-0.019068070671145007,0.01287057867666886,0.012767427202068034,-0.01549645745551223,-0.003192407456940854,-0.015001527540386164,0.05607686162872065,-0.012872034033968183,0.00861604863160391,0.025925014964439365,-0.02926289079122777,-0.006854331858482979,-0.05799373498758073,-0.01685404622057677,0.013017305207904025,-0.037641182744670404,0.02104091115120115,0.03410110151461884,-0.0034616633121928634,0.04011937245451149,0.0035254598004069537,-0.007507078886398543,-0.013060436051236923,0.007594321637669984,0.023254527515261702,0.009333917069833097,-0.012872034033968183,0.04995095657587437,-0.014613066154223349,-0.04276946973274224,0.013896542318591044,0.005616502716787462,0.011456336389854448,0.005381879917700201,-0.004588193473678134,0.007864137111994574,-0.006822084699990443,-0.015965043580125765,0.0018487394078782074,-0.015408042312636486,0.0030786591976353344,-0.0022668585278412517,0.0013982857148836948,-0.00976125071745677,-0.0030596903428840943,0.00344766070080759,0.00861604863160391,-0.014613066154223349,0.03974437193652656,0.017040440258186053,-0.004747933433251203,0.006150357546580339,0.08323119968126566,0.0250469416185519,-0.012178003138191522,0.05840548085231438,-0.03451381770402361,-0.05307725279920335,0.00522287094926796,-0.05777931251291574,-0.008905663409474646,0.014495797989593792,0.025694559157876645,-0.017629173586773947,-0.033174208953207905,-0.0036391298573332986,0.025925014964439365,-0.04276946973274224,0.017040440258186053,0.08470982278223962,-0.026265756440103913,-0.01553742285884474,-0.03845998458566004,-0.015939829688647565,0.0032182248524957467,-0.023027028736166792,0.008446836206549863,0.01647853986778671,0.0009519815800170162,0.02802421084163811,0.006054003412101783,-0.0025511325729311004,-0.008080028405509792,0.00845900114878788,0.002117585320467597,0.008715909279132027,-0.02926289079122777,0.013896542318591044,-0.004747933433251203,-0.026265756440103913,0.03529417172533899,0.010046025408896379,-0.036149689329569,-0.019539066018010046,0.006978446878010108,-0.023731118506518642,-0.004720243197716868,0.020223923406387803,0.010954462009341203,0.0069204580318413976,-0.004192791583649857,-0.0013814166858581844,-0.002223335044923621,0.002999756665611469,0.003823182568364562,-0.0013971606830021901,-0.006854331858482979,0.005616502716787462,0.006150357546580339,-0.01553742285884474,0.010046025408896379,0.05491419664033107
