0.15396812655851397,0.01149302777998002,0.027421700506834526,-0.06676550013418353,-0.1274225019073901,0.060754686126827426,-0.08269615907398307,-0.027542268954227053,0.0010089580681296082,0.07330625114090597,-0.04248330635102518,-0.09273571779637063,-0.06775086969805444,-0.0031404902475264795,0.05661927049883564,0.029768636438491418,0.09452886572315108,-0.033878292552127494,-0.0006216489004374059,0.027932461334228706,0.01149302777998002,0.021717606112601352,0.0007650082119495915,-0.007768513489958497,-0.0121149186720272,0.002771099716350611,-0.007942322483552658,-0.01014078669451958,-0.00020345560554403577,0.01085570815125425,-0.007935853356995617,-0.013764188045502822,-0.0060231275374445295,0.0054887796727891465,0.003552553497082755,0.010755639822554687,0.012613433628307823,-0.007021647228182875,0.0064974781640683614,0.004000958744194653,0.027421700506834526,0.0007650082119495915,0.04560791468508894,0.011698729675664241,-0.022804731687331145,-0.030506422601055794,-0.00475823927053984,0.005634258892638789,-0.031208557485943228,0.007760770813819657,-0.02280891801111567,-0.016325962565366857,-0.02391949984331306,0.015056217325595051,0.01311159576482124,0.01297073388145073,0.0377232893615788,0.004011292787003077,0.0034633582486195426,-0.02086011112963867,-0.06676550013418353,-0.007768513489958497,0.011698729675664241,0.10039434044791132,0.055723430033838,-0.09879230739828654,0.05320103779177705,0.039594397557980235,-0.050030651896444414,-0.0345021422513578,-0.0013964155505491135,0.06620539812139774,0.016211270043706996,0.015444500296255433,-0.024256292163932748,-0.004341396388881107,-0.023247793248940232,0.03219371820093124,0.003230318868679204,-0.06792987108016137,-0.1274225019073901,-0.0121149186720272,-0.022804731687331145,0.055723430033838,0.14588876762371497,-0.04551579822710103,0.08322577759665656,0.008540415802133647,0.01137673179544764,-0.07730570145508991,0.038358314524352205,0.07297521049315095,0.06140190619506496,0.004006413238625587,-0.05599315897151984,-0.019507849088527908,-0.08551444097274337,0.03165262405004477,0.0024020666732825066,-0.026913110897083363,0.060754686126827426,0.002771099716350611,-0.030506422601055794,-0.09879230739828654,-0.04551579822710103,0.15152825067495115,-0.04408889761389042,-0.049195365621501154,0.06665719483340754,0.033713507059862875,0.01064311507639663,-0.05633880364081751,-0.01093626838191782,-0.03853422033493197,0.01583945067402612,-0.00423218501559634,0.0009660121001678585,-0.04466309875307177,-0.009127781424995571,0.0913314136756152,-0.08269615907398307,-0.007942322483552658,-0.00475823927053984,0.05320103779177705,0.08322577759665656,-0.04408889761389042,0.11240419850871453,-0.020427897347596168,-0.0060036694828100754,-0.05235246020703847,0.007739642650778459,0.05580538623597756,0.02247052156684077,0.002857431647913805,-0.04053064470008391,-0.02032376071205048,-0.022565068487431172,0.023394538650492902,-0.013282084533705996,-0.04161338098365508,-0.027542268954227053,-0.01014078669451958,0.005634258892638789,0.039594397557980235,0.008540415802133647,-0.049195365621501154,-0.020427897347596168,0.09721229001717772,-0.03464067270942585,-0.015434236456618698,0.011567056322393356,0.049079431518314696,0.025210274775907458,0.017442835722921605,-0.005601072339043273,-0.002571417943866736,-0.04557706960621026,0.016346050296353637,0.013024024589333947,-0.015502118063604704,0.0010089580681296082,-0.00020345560554403577,-0.031208557485943228,-0.050030651896444414,0.01137673179544764,0.06665719483340754,-0.0060036694828100754,-0.03464067270942585,0.07371150326427368,0.00017018574106321757,0.01540724130800896,-0.020012769459993984,0.017627582780337804,-0.02241737767271233,-0.00791813090764833,-0.001601369082012333,-0.023731743040358556,-0.012906411980402543,-0.0025721025604745003,0.04771232034750092,0.07330625114090597,0.01085570815125425,0.007760770813819657,-0.0345021422513578,-0.07730570145508991,0.033713507059862875,-0.05235246020703847,-0.015434236456618698,0.00017018574106321757,0.08031979296661532,-0.023695123285011704,-0.06599528780467068,-0.03993524451564778,-0.0007180898829255206,0.033373064988060835,0.0175291989333924,0.05703747077501743,-0.025883744708958822,0.0036383121685952943,0.026184960674343002,-0.04248330635102518,-0.007935853356995617,-0.02280891801111567,-0.0013964155505491135,0.038358314524352205,0.01064311507639663,0.007739642650778459,0.011567056322393356,0.01540724130800896,-0.023695123285011704,0.049443008786508105,0.03151603920678782,0.030531853456656967,-0.012311873048990736,-0.01744237311025462,-0.018056611720795687,-0.045686995891963254,0.0047958436574793845,-0.002211833734685503,0.008550435775465314,-0.09273571779637063,-0.013764188045502822,-0.016325962565366857,0.06620539812139774,0.07297521049315095,-0.05633880364081751,0.05580538623597756,0.049079431518314696,-0.020012769459993984,-0.06599528780467068,0.03151603920678782,0.12301951302814573,0.05064431435835834,0.00510672330898951,-0.044882820044698776,-0.027520982694816787,-0.0748881024708295,0.030922753156893672,0.0051333543609871565,-0.04762502077055472,-0.06775086969805444,-0.0060231275374445295,-0.02391949984331306,0.016211270043706996,0.06140190619506496,-0.01093626838191782,0.02247052156684077,0.025210274775907458,0.017627582780337804,-0.03993524451564778,0.030531853456656967,0.05064431435835834,0.06630835711600715,-0.005721622703077309,-0.032440909211112715,-0.012526410200652616,-0.08186190161907617,0.010592650246784234,0.011839005498626341,0.009685399437989878,-0.0031404902475264795,0.0054887796727891465,0.015056217325595051,0.015444500296255433,0.004006413238625587,-0.03853422033493197,0.002857431647913805,0.017442835722921605,-0.02241737767271233,-0.0007180898829255206,-0.012311873048990736,0.00510672330898951,-0.005721622703077309,0.037846028669483445,0.0007028913776701614,0.0032931699274607786,0.008188943054321409,0.007180001654909755,-0.004558265474584865,-0.024314655572005323,0.05661927049883564,0.003552553497082755,0.01311159576482124,-0.024256292163932748,-0.05599315897151984,0.01583945067402612,-0.04053064470008391,-0.005601072339043273,-0.00791813090764833,0.033373064988060835,-0.01744237311025462,-0.044882820044698776,-0.032440909211112715,0.0007028913776701614,0.050228668538768,0.016114632952772302,0.0413985802237038,-0.011073493033818872,-0.011227114072480716,0.011428932801277195,0.029768636438491418,0.010755639822554687,0.01297073388145073,-0.004341396388881107,-0.019507849088527908,-0.00423218501559634,-0.02032376071205048,-0.002571417943866736,-0.001601369082012333,0.0175291989333924,-0.018056611720795687,-0.027520982694816787,-0.012526410200652616,0.0032931699274607786,0.016114632952772302,0.03341453203362306,0.007763706783577276,-0.01117552952803719,0.002350267755715712,0.0046088985488088405,0.09452886572315108,0.012613433628307823,0.0377232893615788,-0.023247793248940232,-0.08551444097274337,0.0009660121001678585,-0.022565068487431172,-0.04557706960621026,-0.023731743040358556,0.05703747077501743,-0.045686995891963254,-0.0748881024708295,-0.08186190161907617,0.008188943054321409,0.0413985802237038,0.007763706783577276,0.14722298560285252,0.0015329123774535716,-0.014063818589487031,-0.02433789713956061,-0.033878292552127494,-0.007021647228182875,0.004011292787003077,0.03219371820093124,0.03165262405004477,-0.04466309875307177,0.023394538650492902,0.016346050296353637,-0.012906411980402543,-0.025883744708958822,0.0047958436574793845,0.030922753156893672,0.010592650246784234,0.007180001654909755,-0.011073493033818872,-0.01117552952803719,0.0015329123774535716,0.047549422416133025,-0.0050465909369486,-0.03471822977969387,-0.0006216489004374059,0.0064974781640683614,0.0034633582486195426,0.003230318868679204,0.0024020666732825066,-0.009127781424995571,-0.013282084533705996,0.013024024589333947,-0.0025721025604745003,0.0036383121685952943,-0.002211833734685503,0.0051333543609871565,0.011839005498626341,-0.004558265474584865,-0.011227114072480716,0.002350267755715712,-0.014063818589487031,-0.0050465909369486,0.03089566849735467,0.002554425402814574,0.027932461334228706,0.004000958744194653,-0.02086011112963867,-0.06792987108016137,-0.026913110897083363,0.0913314136756152,-0.04161338098365508,-0.015502118063604704,0.04771232034750092,0.026184960674343002,0.008550435775465314,-0.04762502077055472,0.009685399437989878,-0.024314655572005323,0.011428932801277195,0.0046088985488088405,-0.02433789713956061,-0.03471822977969387,0.002554425402814574,0.09544649527893823
0.027482325384702945,-9.944244441194273e-5,-0.008433924700281044,-0.01228541119521358,0.001916636450943486,0.004146094045564637,0.005093740987293451,0.0018896011525584362,0.0036806270552017396,0.0006899860849412332,0.0014864582965294399,-0.007499330746093269,-0.0003897899870553702,0.0013039037085393963,-0.00037486890723296116,0.0066535173505982885,0.004238108463042983,-0.004837209757640891,-0.0016608856008066587,-0.003211021405038748,-9.944244441194273e-5,0.030112762084275532,0.015499193199039385,-0.006459033262218555,-0.004444566477275825,0.012192816348008567,0.0015008856505962748,-0.010063276577437696,0.0005308975254817911,0.015955556477621938,-0.004843750857449573,-0.011023929268195912,0.0006430056676334209,0.000677249477835531,0.008378089726631021,0.008504794296913256,-0.005721555629097404,-0.00913828419785152,-0.0016959136672607931,-0.01117140460307438,-0.008433924700281044,0.015499193199039385,0.08437694887223558,-0.005743834551428279,-0.02136012340010939,0.004932860527922751,0.006380300352476961,-0.007575392418010992,0.011928493962889987,0.02681684540204996,-0.018055103097996933,-0.01375595173782472,-0.010069746457637644,-0.0012965930110801509,0.01336579605468209,-0.009935780419608457,-0.010002067129666378,-0.009271307360600374,-0.011057524602659807,-0.02429265068175144,-0.01228541119521358,-0.006459033262218555,-0.005743834551428279,0.040608726126643485,0.00793134029138292,-0.008375526910364433,-0.004812836679887904,0.0026303363832268604,-0.003702836440451344,-0.0017166803948104623,-0.0049084607689343935,0.010552929114512367,0.00358922572118414,0.004447917105418392,-0.004118487249861767,-0.007595985072749287,-0.0033596426453273887,-0.0027018514964701726,0.005199442238163206,-0.0018268160612400792,0.001916636450943486,-0.004444566477275825,-0.02136012340010939,0.00793134029138292,0.025038459213295335,-0.010395793682659086,-0.0012220772437797878,0.010893493460046866,-0.00017122834471688654,-0.011643158835276838,0.0036543357699400994,0.0030545457165354114,0.004003521697487307,0.0027181692035205007,-0.005283158124598023,-0.004244007224271443,0.010107952875093529,0.002665154151113038,0.004583666153816647,0.01108141873240757,0.004146094045564637,0.012192816348008567,0.004932860527922751,-0.008375526910364433,-0.010395793682659086,0.031490891789486115,0.006157021783217732,-0.014895944074181527,-0.00343656941330018,0.015149423198884383,0.0013994239042525393,-0.007357693430188907,-0.001633077593388665,-0.002771854375927439,-0.0010898334412106558,0.01481108546666542,-0.004718095927418994,-0.009812596962623396,-0.0037074161145983324,-0.011273104020798803,0.005093740987293451,0.0015008856505962748,0.006380300352476961,-0.004812836679887904,-0.0012220772437797878,0.006157021783217732,0.026543749489107163,-0.005586733954267617,-0.002901334023377216,0.004922519031840673,-0.005937922344511992,-0.007335333353069058,-0.002707400105046989,-0.0034607623525618526,0.0012594035349247248,0.0006003885540781964,0.004342301704407371,-0.002109707927851728,-0.009361176269189569,-0.006881241740514061,0.0018896011525584362,-0.010063276577437696,-0.007575392418010992,0.0026303363832268604,0.010893493460046866,-0.014895944074181527,-0.005586733954267617,0.03570975879477764,0.004062082923467114,-0.010713840621545716,-0.003230950800612669,0.0022736911153537057,0.0006837860235895297,-0.0030384622307323885,-0.005373793928936985,-0.014185152445440923,0.010786270045568258,0.004527818970949805,0.0011773530758672815,0.008607437771786863,0.0036806270552017396,0.0005308975254817911,0.011928493962889987,-0.003702836440451344,-0.00017122834471688654,-0.00343656941330018,-0.002901334023377216,0.004062082923467114,0.01962050835192431,-0.0020981487164553232,-0.004535428832819881,-0.0030022328890481707,0.0018612754598731668,-0.0018676000737267917,0.006571737409469602,-0.002253243003462988,-0.0052626849577553664,0.0011349383903383192,-0.0013906379107065676,-0.006855188695368292,0.0006899860849412332,0.015955556477621938,0.02681684540204996,-0.0017166803948104623,-0.011643158835276838,0.015149423198884383,0.004922519031840673,-0.010713840621545716,-0.0020981487164553232,0.04115180976462722,-0.0110849209669078,-0.006744548409786359,-0.0032406862241448394,0.0015675620762792592,0.009119454805104668,0.00738196380426415,-0.01099170938351043,-0.01719260027862711,-0.007009204333995128,-0.023049240346660546,0.0014864582965294399,-0.004843750857449573,-0.018055103097996933,-0.0049084607689343935,0.0036543357699400994,0.0013994239042525393,-0.005937922344511992,-0.003230950800612669,-0.004535428832819881,-0.0110849209669078,0.02761478268400609,9.898923157752479e-5,0.0025251517831536563,-0.0018472177606596522,-0.0024442669122368573,0.007014070111858672,0.0033844241669846995,0.007215808395707453,-0.0015152500542574081,0.014666594365141958,-0.007499330746093269,-0.011023929268195912,-0.01375595173782472,0.010552929114512367,0.0030545457165354114,-0.007357693430188907,-0.007335333353069058,0.0022736911153537057,-0.0030022328890481707,-0.006744548409786359,9.898923157752479e-5,0.03398414485144546,-0.0017221457113608676,0.005062487773917853,-0.00131197437876943,-0.007446041345427026,-0.0022656036947003412,0.0013381602686283025,0.005767925537325783,0.004104810435309149,-0.0003897899870553702,0.0006430056676334209,-0.010069746457637644,0.00358922572118414,0.004003521697487307,-0.001633077593388665,-0.002707400105046989,0.0006837860235895297,0.0018612754598731668,-0.0032406862241448394,0.0025251517831536563,-0.0017221457113608676,0.014163895861651267,-5.192861844452002e-5,0.001164742152979396,0.006048042367090496,-0.002199555508724368,0.0023105065662454983,0.006713459608539885,0.0032268804746681404,0.0013039037085393963,0.000677249477835531,-0.0012965930110801509,0.004447917105418392,0.0027181692035205007,-0.002771854375927439,-0.0034607623525618526,-0.0030384622307323885,-0.0018676000737267917,0.0015675620762792592,-0.0018472177606596522,0.005062487773917853,-5.192861844452002e-5,0.01976365247784872,0.0053984085687667225,-0.004209009083380217,-0.00018231052534715416,-0.004150215129408614,-0.0028410688660218605,-0.002716874052030255,-0.00037486890723296116,0.008378089726631021,0.01336579605468209,-0.004118487249861767,-0.005283158124598023,-0.0010898334412106558,0.0012594035349247248,-0.005373793928936985,0.006571737409469602,0.009119454805104668,-0.0024442669122368573,-0.00131197437876943,0.001164742152979396,0.0053984085687667225,0.034169800348775495,0.005251686669453314,-0.005995642278967804,-0.003271456995577674,-0.0013880161662481899,-0.0067060578956345505,0.0066535173505982885,0.008504794296913256,-0.009935780419608457,-0.007595985072749287,-0.004244007224271443,0.01481108546666542,0.0006003885540781964,-0.014185152445440923,-0.002253243003462988,0.00738196380426415,0.007014070111858672,-0.007446041345427026,0.006048042367090496,-0.004209009083380217,0.005251686669453314,0.04203384217196897,-0.005527987771459533,-0.002173708044087919,0.0032150498886142557,-0.006861635417074772,0.004238108463042983,-0.005721555629097404,-0.010002067129666378,-0.0033596426453273887,0.010107952875093529,-0.004718095927418994,0.004342301704407371,0.010786270045568258,-0.0052626849577553664,-0.01099170938351043,0.0033844241669846995,-0.0022656036947003412,-0.002199555508724368,-0.00018231052534715416,-0.005995642278967804,-0.005527987771459533,0.033865661939836894,0.0029020296323444697,-0.0066410613423409336,0.011643718433550321,-0.004837209757640891,-0.00913828419785152,-0.009271307360600374,-0.0027018514964701726,0.002665154151113038,-0.009812596962623396,-0.002109707927851728,0.004527818970949805,0.0011349383903383192,-0.01719260027862711,0.007215808395707453,0.0013381602686283025,0.0023105065662454983,-0.004150215129408614,-0.003271456995577674,-0.002173708044087919,0.0029020296323444697,0.025768180433397233,0.005341021926886845,0.019839318364302624,-0.0016608856008066587,-0.0016959136672607931,-0.011057524602659807,0.005199442238163206,0.004583666153816647,-0.0037074161145983324,-0.009361176269189569,0.0011773530758672815,-0.0013906379107065676,-0.007009204333995128,-0.0015152500542574081,0.005767925537325783,0.006713459608539885,-0.0028410688660218605,-0.0013880161662481899,0.0032150498886142557,-0.0066410613423409336,0.005341021926886845,0.016333732461145962,0.004753023550788193,-0.003211021405038748,-0.01117140460307438,-0.02429265068175144,-0.0018268160612400792,0.01108141873240757,-0.011273104020798803,-0.006881241740514061,0.008607437771786863,-0.006855188695368292,-0.023049240346660546,0.014666594365141958,0.004104810435309149,0.0032268804746681404,-0.002716874052030255,-0.0067060578956345505,-0.006861635417074772,0.011643718433550321,0.019839318364302624,0.004753023550788193,0.04763825886963765
