0.009524435868870368,0.0026914128836735803,0.003725708546144564,0.0016127404777494172,0.00257812518302224,0.0025554024808938603,0.002871676614688668,0.0034463747398275997,-0.0007233761415225203,0.00013222205354584328,-0.0003248977090197805,-0.000863062821557109,-0.00036859404172338953,0.0011451690599432799,0.0018847402043651066,-0.0032215794000657145,0.0025391406626536,-0.003972463285304822,-0.001169363106501491,0.0010719997137471225,0.0026914128836735803,0.01078190051638808,-0.0009260597256940304,-0.0010986962091867132,0.0018491815517602643,-0.0016599838737113748,-0.0018812692132509127,0.004187887879899672,0.0032257957102989456,-0.0005619647423212094,-0.0006746450070588823,-0.0014955468135273002,0.0011440923129330742,0.0004370565091536944,-0.002328247667941737,0.0011171713748822788,0.0013563667042569938,-0.0010674925811245098,0.0007034467357729288,0.00447034115000327,0.003725708546144564,-0.0009260597256940304,0.017704721943040905,0.00010553982610169997,-0.002039705220740867,0.0007331993575705128,0.003561416424416779,-0.007474972044881159,-0.0020856234901419,-4.5541870317899817e-5,0.001476114541420335,0.00032857157851682466,0.0003176288253728534,-0.0013135822408471484,0.0011169311775300398,-0.0022524862029810835,-0.008833913002494753,-0.0007004811440172692,0.0011660378565329752,-0.0029090256198054994,0.0016127404777494172,-0.0010986962091867132,0.00010553982610169997,0.009968188532353027,-0.0005320921667913822,-0.0004632433425517959,0.0019451882242522995,0.001320914909890507,-0.00047912126551583414,-0.0030840603583560822,0.0002700097107313126,-0.0029425383980303086,0.00045175915213956986,-0.0005716219629320607,-0.00169129438807286,0.0012392025925143913,-0.0007711250899342201,0.000518106185681713,0.0004922522972594096,-0.005382358378954739,0.00257812518302224,0.0018491815517602643,-0.002039705220740867,-0.0005320921667913822,0.019340070219955287,-0.0001801314085388343,0.0003779975869347268,0.003958566360977247,0.0005699526715595253,0.003553972039109178,0.0012687567904664115,-0.0028861250694436616,0.0007285722995891302,-0.0015020002558745799,-0.002658978014500407,-0.0004321122557026317,0.0016157205476604423,0.002983003244698888,-0.002777790384574586,-0.0008089109469662445,0.0025554024808938603,-0.0016599838737113748,0.0007331993575705128,-0.0004632433425517959,-0.0001801314085388343,0.013073921385694662,0.0020350161117905744,0.002896163779620827,0.0018115485660520215,-0.00331314271091176,-0.0017146394651125644,0.0011767398893156814,0.002016250712474294,0.0003683087463477668,-0.002413858345445589,0.003987175188172825,0.0016385838694918946,0.0017042383835427592,-0.0003084021140729719,0.0008757947205296038,0.002871676614688668,-0.0018812692132509127,0.003561416424416779,0.0019451882242522995,0.0003779975869347268,0.0020350161117905744,0.018043922172875586,0.00042736795449532935,-0.0018246118355766713,5.7166445325302866e-5,0.0006369792668769939,0.0034337250254308366,-0.0017835930823388692,0.004087764272938584,-0.0008016843186769212,0.0021823072000055127,0.0003807599370387253,0.0005423952323191257,-0.0023937799207677957,-0.00014141641939265863,0.0034463747398275997,0.004187887879899672,-0.007474972044881159,0.001320914909890507,0.003958566360977247,0.002896163779620827,0.00042736795449532935,0.019918723231596318,0.0030530058243594706,-0.002187084982645541,-0.00035160690484585793,0.0013656845440980817,-0.002110621459092029,0.0068902801026189415,-0.002235879442427066,0.002143747805268421,0.0002524218424258411,0.0015229589175017341,-0.0012770651784341283,0.0013230335259410454,-0.0007233761415225203,0.0032257957102989456,-0.0020856234901419,-0.00047912126551583414,0.0005699526715595253,0.0018115485660520215,-0.0018246118355766713,0.0030530058243594706,0.014544047418014695,0.0008320641991293879,0.0002488152845753946,-0.003914316072447518,-0.003897433265770118,0.00036808267456378676,-0.00011329072219122125,0.0017889153427217393,-0.0019872785710675625,-0.0008887088138040315,-0.0006018220625117051,-0.00015933979787268368,0.00013222205354584328,-0.0005619647423212094,-4.5541870317899817e-5,-0.0030840603583560822,0.003553972039109178,-0.00331314271091176,5.7166445325302866e-5,-0.002187084982645541,0.0008320641991293879,0.01833109641011119,0.0018758024152109624,0.000433994871261821,-0.0011318609319133713,-0.0019344275621476508,0.0012337812295244643,-0.0034985563635210374,0.003932210329661921,0.0016871479577534845,0.004622593316662114,0.0028301058965312428,-0.0003248977090197805,-0.0006746450070588823,0.001476114541420335,0.0002700097107313126,0.0012687567904664115,-0.0017146394651125644,0.0006369792668769939,-0.00035160690484585793,0.0002488152845753946,0.0018758024152109624,0.015106300704764998,0.0012682062427131521,-0.0030402923052619945,0.0008880288944593116,-0.0022562591873201794,-0.0013926304094463108,-0.0011648026630664257,-0.002392208988430163,0.0006749933332199966,0.0006908249664672583,-0.000863062821557109,-0.0014955468135273002,0.00032857157851682466,-0.0029425383980303086,-0.0028861250694436616,0.0011767398893156814,0.0034337250254308366,0.0013656845440980817,-0.003914316072447518,0.000433994871261821,0.0012682062427131521,0.015306989830454053,-0.002207175225405029,-0.0020926998335894283,0.0010242157107753368,0.001319583321993691,0.0017562331737192532,-0.0012465441308767973,0.003766378241810379,-0.0029262133426757753,-0.00036859404172338953,0.0011440923129330742,0.0003176288253728534,0.00045175915213956986,0.0007285722995891302,0.002016250712474294,-0.0017835930823388692,-0.002110621459092029,-0.003897433265770118,-0.0011318609319133713,-0.0030402923052619945,-0.002207175225405029,0.01922880272703035,-0.0039238672910706495,0.002344706832398038,-0.0005573447172886481,0.0005082033854219886,0.0012266145102480881,-0.0036964308299104083,-0.0018728623764568881,0.0011451690599432799,0.0004370565091536944,-0.0013135822408471484,-0.0005716219629320607,-0.0015020002558745799,0.0003683087463477668,0.004087764272938584,0.0068902801026189415,0.00036808267456378676,-0.0019344275621476508,0.0008880288944593116,-0.0020926998335894283,-0.0039238672910706495,0.016975856357972566,-0.0020351338789684234,0.001831875127151847,0.004687176838743676,-0.0023434615880143722,0.0018933416242646831,0.0005619329948248821,0.0018847402043651066,-0.002328247667941737,0.0011169311775300398,-0.00169129438807286,-0.002658978014500407,-0.002413858345445589,-0.0008016843186769212,-0.002235879442427066,-0.00011329072219122125,0.0012337812295244643,-0.0022562591873201794,0.0010242157107753368,0.002344706832398038,-0.0020351338789684234,0.013655549056746303,-0.0029548159202024507,0.0027956409982749144,-0.0020720566561255524,0.0016144805832264647,-0.0012146907850907195,-0.0032215794000657145,0.0011171713748822788,-0.0022524862029810835,0.0012392025925143913,-0.0004321122557026317,0.003987175188172825,0.0021823072000055127,0.002143747805268421,0.0017889153427217393,-0.0034985563635210374,-0.0013926304094463108,0.001319583321993691,-0.0005573447172886481,0.001831875127151847,-0.0029548159202024507,0.019586801093521206,-0.00285577552188255,0.004872187021704723,-0.0027904203113047984,-0.00249644349128766,0.0025391406626536,0.0013563667042569938,-0.008833913002494753,-0.0007711250899342201,0.0016157205476604423,0.0016385838694918946,0.0003807599370387253,0.0002524218424258411,-0.0019872785710675625,0.003932210329661921,-0.0011648026630664257,0.0017562331737192532,0.0005082033854219886,0.004687176838743676,0.0027956409982749144,-0.00285577552188255,0.02399358886678455,0.0022141248041861765,0.001811788142940177,0.00325510447338317,-0.003972463285304822,-0.0010674925811245098,-0.0007004811440172692,0.000518106185681713,0.002983003244698888,0.0017042383835427592,0.0005423952323191257,0.0015229589175017341,-0.0008887088138040315,0.0016871479577534845,-0.002392208988430163,-0.0012465441308767973,0.0012266145102480881,-0.0023434615880143722,-0.0020720566561255524,0.004872187021704723,0.0022141248041861765,0.016023138507822006,0.0013256550270059736,0.001726092816261131,-0.001169363106501491,0.0007034467357729288,0.0011660378565329752,0.0004922522972594096,-0.002777790384574586,-0.0003084021140729719,-0.0023937799207677957,-0.0012770651784341283,-0.0006018220625117051,0.004622593316662114,0.0006749933332199966,0.003766378241810379,-0.0036964308299104083,0.0018933416242646831,0.0016144805832264647,-0.0027904203113047984,0.001811788142940177,0.0013256550270059736,0.020356983043904202,0.0005542058335808873,0.0010719997137471225,0.00447034115000327,-0.0029090256198054994,-0.005382358378954739,-0.0008089109469662445,0.0008757947205296038,-0.00014141641939265863,0.0013230335259410454,-0.00015933979787268368,0.0028301058965312428,0.0006908249664672583,-0.0029262133426757753,-0.0018728623764568881,0.0005619329948248821,-0.0012146907850907195,-0.00249644349128766,0.00325510447338317,0.001726092816261131,0.0005542058335808873,0.013551041963547738
