0.04123483120725908,-0.009541498195465955,0.015170720508761969,0.003795816071181568,0.001969990324338864,-0.009101575980238096,-0.016467026867912127,-0.010632175130404781,-0.000544842990518854,0.0020940116053593362,-0.003599710059018506,0.0032033987257848564,0.010177592198697016,0.0052456888391445786,-0.0038683011345629226,0.002496108735655142,0.00406574403554278,-0.009537043826840709,0.004290944297083724,-0.0181806843039944,-0.009541498195465955,0.027526817858713817,0.0003760072741158169,0.008679120579507853,-0.01054033629826669,0.004903237771481001,0.007776806823170472,0.0010709261068703717,-0.011560005454990877,-0.0036849790466944522,0.0034501924621027327,0.0046058597153065504,-0.003446985334205871,-0.002435047335710923,0.015213526273842549,-0.0001789642068525082,-0.005123221784143974,-0.013476218044134415,0.0035275753150095374,-0.0034414380134061666,0.015170720508761969,0.0003760072741158169,0.04556013431009059,-0.004350449599299975,-0.0014889268120263164,0.0002665504424251212,0.0005921516999598943,-0.0032215106183743026,-0.01333061613845148,-0.01429202995627435,0.0032925626885773364,0.014953867424881803,-0.014967895385993062,0.007781479331659312,0.011863224886781203,-0.0022549088888321528,-0.0038875592345787207,-0.0038270448020346947,-0.004849086729664928,-0.013875800591783834,0.003795816071181568,0.008679120579507853,-0.004350449599299975,0.0358075459021526,-0.004938383538518569,0.00019547533689319733,0.005661932059635404,0.0022716557377490806,-0.009379851207175669,0.012292380348759263,0.013488447411042171,0.0014479610511891896,-0.0032183531320091286,-0.0066000598954476936,0.00357572536251409,-0.0002572264024269489,-0.014681709443337758,-0.02693596407631681,-0.0028751795935438107,-0.003439965530940965,0.001969990324338864,-0.01054033629826669,-0.0014889268120263164,-0.004938383538518569,0.03142408131432776,-0.0005278084798660641,-0.005703544597256717,-0.0021014098373575638,0.006494723519971388,0.0011838100775097068,-0.011624352253023766,-0.009951449879631325,0.0031090062485736657,-0.004559701326192628,-0.0036488322685558384,0.004481016897422419,0.0008868266328013037,0.006328319770563655,0.000540868530161216,0.003810448296252907,-0.009101575980238096,0.004903237771481001,0.0002665504424251212,0.00019547533689319733,-0.0005278084798660641,0.022817277207349773,-0.0015024948640062624,0.010120799964672418,-0.017594807042679322,-0.014564777598978035,0.00104790256046249,0.005923182152477623,-0.0179361996947767,-0.0015571449195247553,0.013200408565797005,-0.003225449978991355,-0.005683710739766118,0.005281388591127857,-0.0020436493302729494,0.0061759033969236215,-0.016467026867912127,0.007776806823170472,0.0005921516999598943,0.005661932059635404,-0.005703544597256717,-0.0015024948640062624,0.026123881053489277,0.010019170004976255,0.0009804466748775161,0.0031112524283457114,0.010012471802391038,-0.005048197330665959,-0.008795231270459938,-0.005471460660835347,0.007829299836094417,5.7969931528247226e-5,-0.002911994578087303,-0.012251634967579063,-0.007058217367698362,-0.004817880773907952,-0.010632175130404781,0.0010709261068703717,-0.0032215106183743026,0.0022716557377490806,-0.0021014098373575638,0.010120799964672418,0.010019170004976255,0.033300115249445844,-0.018359261136059644,-0.00804243810673695,0.0053862238308598495,-0.0015644957559136103,-0.0130715319550508,-0.004686706946743486,0.013128536466844797,-0.004074364912849931,-0.008078864848208963,-0.007273494128976855,0.00015093541064740588,0.006979793167298194,-0.000544842990518854,-0.011560005454990877,-0.01333061613845148,-0.009379851207175669,0.006494723519971388,-0.017594807042679322,0.0009804466748775161,-0.018359261136059644,0.07304775124833814,0.030757493034384,-0.0108599314766947,-0.016072785732665636,0.03365393615931091,0.005911015265463322,-0.03623035853240211,0.008209044014896968,0.010446665162424056,0.02231509065247795,0.008966126429213638,0.004871362397694559,0.0020940116053593362,-0.0036849790466944522,-0.01429202995627435,0.012292380348759263,0.0011838100775097068,-0.014564777598978035,0.0031112524283457114,-0.00804243810673695,0.030757493034384,0.048579990250753095,0.008372945440854134,-0.015302056204092132,0.020912238995026974,-0.008595522971554713,-0.020250537919905137,0.007494123581575645,0.00465063338519116,-0.013924322763223829,0.0028032761201303245,-0.012501999685947125,-0.003599710059018506,0.0034501924621027327,0.0032925626885773364,0.013488447411042171,-0.011624352253023766,0.00104790256046249,0.010012471802391038,0.0053862238308598495,-0.0108599314766947,0.008372945440854134,0.033059953256543026,0.007723599272406085,-0.011238642309058472,0.0026408951379830597,0.009575432600329947,0.001923765878549133,-4.6132854460356146e-5,-0.02315326129031789,-0.008130005952927186,-0.009341994998436898,0.0032033987257848564,0.0046058597153065504,0.014953867424881803,0.0014479610511891896,-0.009951449879631325,0.005923182152477623,-0.005048197330665959,-0.0015644957559136103,-0.016072785732665636,-0.015302056204092132,0.007723599272406085,0.035708238868429686,-0.014553504981061366,0.0032968747825796807,0.010211699491374685,0.0018485600316765069,-0.002196117540675775,0.00443272663145689,-0.007144585573035519,-0.010199856450807746,0.010177592198697016,-0.003446985334205871,-0.014967895385993062,-0.0032183531320091286,0.0031090062485736657,-0.0179361996947767,-0.008795231270459938,-0.0130715319550508,0.03365393615931091,0.020912238995026974,-0.011238642309058472,-0.014553504981061366,0.042856920375622894,0.009101555095006044,-0.0209153750772563,0.003894033270335457,0.004472134486868364,0.008975069217214839,0.005482500003306304,-9.224846002286663e-5,0.0052456888391445786,-0.002435047335710923,0.007781479331659312,-0.0066000598954476936,-0.004559701326192628,-0.0015571449195247553,-0.005471460660835347,-0.004686706946743486,0.005911015265463322,-0.008595522971554713,0.0026408951379830597,0.0032968747825796807,0.009101555095006044,0.01982679137534159,-0.008869539448456152,0.0011639800042593886,0.005102504038426837,0.013005223625390944,-0.0003994180427879456,0.0023780597060456586,-0.0038683011345629226,0.015213526273842549,0.011863224886781203,0.00357572536251409,-0.0036488322685558384,0.013200408565797005,0.007829299836094417,0.013128536466844797,-0.03623035853240211,-0.020250537919905137,0.009575432600329947,0.010211699491374685,-0.0209153750772563,-0.008869539448456152,0.04370694626159658,-0.00798547957166384,-0.011112467072998714,-0.017729016399152545,-0.00564257274650997,-0.00823405947816828,0.002496108735655142,-0.0001789642068525082,-0.0022549088888321528,-0.0002572264024269489,0.004481016897422419,-0.003225449978991355,5.7969931528247226e-5,-0.004074364912849931,0.008209044014896968,0.007494123581575645,0.001923765878549133,0.0018485600316765069,0.003894033270335457,0.0011639800042593886,-0.00798547957166384,0.018320713373237395,0.0018514744536407158,-0.0037296758806456155,-0.0033574910843514284,-0.004586228616678251,0.00406574403554278,-0.005123221784143974,-0.0038875592345787207,-0.014681709443337758,0.0008868266328013037,-0.005683710739766118,-0.002911994578087303,-0.008078864848208963,0.010446665162424056,0.00465063338519116,-4.6132854460356146e-5,-0.002196117540675775,0.004472134486868364,0.005102504038426837,-0.011112467072998714,0.0018514744536407158,0.030116790549671375,0.011312813337226002,-0.006078924552738535,-0.0023661096517446317,-0.009537043826840709,-0.013476218044134415,-0.0038270448020346947,-0.02693596407631681,0.006328319770563655,0.005281388591127857,-0.012251634967579063,-0.007273494128976855,0.02231509065247795,-0.013924322763223829,-0.02315326129031789,0.00443272663145689,0.008975069217214839,0.013005223625390944,-0.017729016399152545,-0.0037296758806456155,0.011312813337226002,0.07340774342898819,0.004694914799085771,0.020378616824452057,0.004290944297083724,0.0035275753150095374,-0.004849086729664928,-0.0028751795935438107,0.000540868530161216,-0.0020436493302729494,-0.007058217367698362,0.00015093541064740588,0.008966126429213638,0.0028032761201303245,-0.008130005952927186,-0.007144585573035519,0.005482500003306304,-0.0003994180427879456,-0.00564257274650997,-0.0033574910843514284,-0.006078924552738535,0.004694914799085771,0.023712884602192976,0.0036530640681185183,-0.0181806843039944,-0.0034414380134061666,-0.013875800591783834,-0.003439965530940965,0.003810448296252907,0.0061759033969236215,-0.004817880773907952,0.006979793167298194,0.004871362397694559,-0.012501999685947125,-0.009341994998436898,-0.010199856450807746,-9.224846002286663e-5,0.0023780597060456586,-0.00823405947816828,-0.004586228616678251,-0.0023661096517446317,0.020378616824452057,0.0036530640681185183,0.05170159190402399
