0.051299370173072595,0.019445145203778616,-0.0005770118367495599,-0.0026889708749683414,0.01838170088682224,-0.007325082862765729,0.015484580305835934,-0.013119179773133144,0.0020069798555556904,0.022785910784007945,0.01002571563630938,-0.017877347389352927,0.02697757619157101,-0.004679513104860884,0.01585797582302818,-0.013303845880485582,0.01074419156422499,-0.008512435476803543,0.00878818740799554,0.01066488404319833,0.019445145203778616,0.023478228232647814,0.001561376949867778,0.009472608600835559,0.01154938561641363,0.0028162288336080485,0.0056981121703224774,-0.002452657028089783,0.009368920365686243,0.010903520296272302,0.009025087659596066,-0.006687990230567058,0.015217356016039286,-5.94193583081451e-7,0.01044678160303799,0.0019089237261574275,0.005903564857633672,0.0027862587106858325,0.00201388470006548,0.009399859751729422,-0.0005770118367495599,0.001561376949867778,0.02414519762306229,0.0007435795309613949,-0.0010422329175351081,-0.004780672646616295,0.00922082549718678,0.0021541608668058793,0.0010537050121987802,0.00012752759906289012,0.002376717392899664,-0.0016676356181679498,-0.0029541945617387252,-0.001725719378208859,0.0027366126532386067,-0.0010341121660964962,-0.008712864732564891,-0.0010887285761977741,0.003092577055420949,-0.0003417661732144585,-0.0026889708749683414,0.009472608600835559,0.0007435795309613949,0.03887118918929615,0.003423325019153326,0.015378326738771849,0.010267926798204709,0.001764482377792289,0.007932471433484481,0.0027686393207082744,0.012505346260239983,-0.0003429125770763868,-0.0006453926716771682,0.0016043906641717424,0.008279128789667065,0.01316257797260976,0.005268712686971844,0.006152692266013426,-0.0031183265640256984,0.0001321381617569498,0.01838170088682224,0.01154938561641363,-0.0010422329175351081,0.003423325019153326,0.03790570079060657,-0.008401391034993788,0.007092614969046156,-0.0015971040580778514,-0.002475146199657618,0.016937598663259112,0.0014302314282401318,-0.016317302427162294,0.01673616404450144,-0.008419058483520116,0.008930541443620649,-0.010193421166693792,0.00519512119171975,-0.009083642889091047,0.014965794013970014,0.004847397362145107,-0.007325082862765729,0.0028162288336080485,-0.004780672646616295,0.015378326738771849,-0.008401391034993788,0.038326397735042934,-0.007251378890587011,0.009839020632299437,0.01572431857892409,-0.009705892559836522,0.01162255673940726,0.016292368333292995,-0.0032705073685319382,0.014460170607343933,-0.004439901391295565,0.024028705708110207,0.003704114849647066,0.01826288669875116,-0.01169246266261104,-0.0035003062938863986,0.015484580305835934,0.0056981121703224774,0.00922082549718678,0.010267926798204709,0.007092614969046156,-0.007251378890587011,0.044099098024289726,-0.0006419385907695961,-0.002118416404678294,0.014447983359370874,0.0029229019630466215,-0.01163062035043099,0.008422372581713074,-0.004635767928752333,0.005492349186015057,-0.0022844116025256193,0.008626601147906116,-0.0009811741849760827,0.007894182844563908,0.011794709966251406,-0.013119179773133144,-0.002452657028089783,0.0021541608668058793,0.001764482377792289,-0.0015971040580778514,0.009839020632299437,-0.0006419385907695961,0.030130606153841614,0.006581494969518389,-0.004191119221948569,0.0027829169654125904,0.008100894157757582,-0.010426355177513839,0.0039750140162595725,-0.010952832290880567,0.01014145157639671,-0.0007465764284145752,0.012548576924876473,0.000572907849346872,-0.0005809015024155111,0.0020069798555556904,0.009368920365686243,0.0010537050121987802,0.007932471433484481,-0.002475146199657618,0.01572431857892409,-0.002118416404678294,0.006581494969518389,0.03157003349279064,-0.0021040552098445207,0.010451928508227907,-0.0005290166094288902,-0.004322367974508948,0.005979000908391768,0.0013787832374580842,0.011703724762325774,-0.003459927083257367,0.013296938873531764,-0.012049405534952783,-0.0031280864191010013,0.022785910784007945,0.010903520296272302,0.00012752759906289012,0.0027686393207082744,0.016937598663259112,-0.009705892559836522,0.014447983359370874,-0.004191119221948569,-0.0021040552098445207,0.03191703322320877,0.0055272523615962355,-0.009799969739348123,0.017018625660021075,-0.010674465148321807,0.011818789623699194,-0.007714221225456744,0.008348353152984846,-0.005448852406114672,0.01453597626857945,0.009461392074505758,0.01002571563630938,0.009025087659596066,0.002376717392899664,0.012505346260239983,0.0014302314282401318,0.01162255673940726,0.0029229019630466215,0.0027829169654125904,0.010451928508227907,0.0055272523615962355,0.03489244389160721,0.006948480157704768,0.0016091413152574175,0.002489612997626318,0.005159190469236288,0.010993334269707345,0.004061507651948952,0.00329746344085764,0.00020126102509264112,0.0004296630400394655,-0.017877347389352927,-0.006687990230567058,-0.0016676356181679498,-0.0003429125770763868,-0.016317302427162294,0.016292368333292995,-0.01163062035043099,0.008100894157757582,-0.0005290166094288902,-0.009799969739348123,0.006948480157704768,0.03372494624551125,-0.01500719318809932,0.011479765205160886,-0.00481234513250501,0.013267790385523734,0.001992571904559531,0.010852787970036347,-0.0016829526446042135,-0.011183427603496844,0.02697757619157101,0.015217356016039286,-0.0029541945617387252,-0.0006453926716771682,0.01673616404450144,-0.0032705073685319382,0.008422372581713074,-0.010426355177513839,-0.004322367974508948,0.017018625660021075,0.0016091413152574175,-0.01500719318809932,0.03843644885733053,-0.007476977720421772,0.015443315954210392,-0.006428700552839662,0.009413090421782223,-0.005617371952447828,0.005968300931832477,0.008247330439249974,-0.004679513104860884,-5.94193583081451e-7,-0.001725719378208859,0.0016043906641717424,-0.008419058483520116,0.014460170607343933,-0.004635767928752333,0.0039750140162595725,0.005979000908391768,-0.010674465148321807,0.002489612997626318,0.011479765205160886,-0.007476977720421772,0.026123169680478543,-0.0052204922798592315,0.010294740682586748,-0.0002532354624531865,0.008737392514101088,-0.01009602909866977,-0.007297975256939009,0.01585797582302818,0.01044678160303799,0.0027366126532386067,0.008279128789667065,0.008930541443620649,-0.004439901391295565,0.005492349186015057,-0.010952832290880567,0.0013787832374580842,0.011818789623699194,0.005159190469236288,-0.00481234513250501,0.015443315954210392,-0.0052204922798592315,0.02824609522680655,-0.006295590497418329,0.008168924227158175,-0.00787680703215305,0.008310259502750446,0.0032495109068556944,-0.013303845880485582,0.0019089237261574275,-0.0010341121660964962,0.01316257797260976,-0.010193421166693792,0.024028705708110207,-0.0022844116025256193,0.01014145157639671,0.011703724762325774,-0.007714221225456744,0.010993334269707345,0.013267790385523734,-0.006428700552839662,0.010294740682586748,-0.006295590497418329,0.039029891141145016,-0.0016385782335950185,0.016621171860373922,-0.011077406417096858,-0.005906132763520519,0.01074419156422499,0.005903564857633672,-0.008712864732564891,0.005268712686971844,0.00519512119171975,0.003704114849647066,0.008626601147906116,-0.0007465764284145752,-0.003459927083257367,0.008348353152984846,0.004061507651948952,0.001992571904559531,0.009413090421782223,-0.0002532354624531865,0.008168924227158175,-0.0016385782335950185,0.033919065496209405,0.003684065528427274,0.00912928257505724,0.0039035003210243597,-0.008512435476803543,0.0027862587106858325,-0.0010887285761977741,0.006152692266013426,-0.009083642889091047,0.01826288669875116,-0.0009811741849760827,0.012548576924876473,0.013296938873531764,-0.005448852406114672,0.00329746344085764,0.010852787970036347,-0.005617371952447828,0.008737392514101088,-0.00787680703215305,0.016621171860373922,0.003684065528427274,0.03655245963555384,-0.0076946105226940245,-0.00044517932128942364,0.00878818740799554,0.00201388470006548,0.003092577055420949,-0.0031183265640256984,0.014965794013970014,-0.01169246266261104,0.007894182844563908,0.000572907849346872,-0.012049405534952783,0.01453597626857945,0.00020126102509264112,-0.0016829526446042135,0.005968300931832477,-0.01009602909866977,0.008310259502750446,-0.011077406417096858,0.00912928257505724,-0.0076946105226940245,0.037542939275727175,0.005820078597983787,0.01066488404319833,0.009399859751729422,-0.0003417661732144585,0.0001321381617569498,0.004847397362145107,-0.0035003062938863986,0.011794709966251406,-0.0005809015024155111,-0.0031280864191010013,0.009461392074505758,0.0004296630400394655,-0.011183427603496844,0.008247330439249974,-0.007297975256939009,0.0032495109068556944,-0.005906132763520519,0.0039035003210243597,-0.00044517932128942364,0.005820078597983787,0.018898212567374985
0.02424834270822,0.005250505515986177,0.006587277703851874,0.007586834082456421,0.007198888567582714,0.008893573797450732,0.004910823714599563,0.004484866769868737,-0.001519499863552667,-0.0071810244983480705,-0.006127407450981375,0.002442392027986938,-0.0019069151576040278,0.00101933615261559,0.0048703271310576715,-0.004367702749219616,-0.001031030845163146,-0.0067468370881711304,-0.009768495410891729,-0.006343709712156451,0.005250505515986177,0.01784393657176438,0.0025901019893348042,-0.006736330925269945,0.0005783984592304313,0.0022785831496146595,0.0026129333159967886,0.007194541676985343,-0.002621525845892787,0.0005910169340821129,-0.003235305526829863,-0.004834544512533458,-0.009371103163978423,-0.00014537745679983128,-0.0033484422930569304,-0.005857668512678202,-0.00020434007613206372,-0.005706855978604231,0.005338314796516029,0.0005601816344230607,0.006587277703851874,0.0025901019893348042,0.026920513880582093,0.004217954109311289,-0.0021054159740197145,0.0014842854512171026,0.007016562294522997,-0.0037253866046256683,-0.0028189598161719553,-0.001684245634153093,-0.00137786366729279,-0.0027140007070480697,0.00020643835207118203,-0.005031047798646673,-0.006096212058028561,-0.003697106097699782,-0.008729699785867845,-0.014687532248519358,0.009260326580575223,-0.01065897046963625,0.007586834082456421,-0.006736330925269945,0.004217954109311289,0.027951897093511837,0.0007928614437331783,-0.0027207335717379824,0.0015516769613413764,0.0008424415032039331,-0.00013949544472908278,-0.008772988825634858,-0.004188544352955763,-0.0023455837310634633,0.017336802459493303,-0.0030837870950597085,-0.005240973439835072,0.004639660751713376,0.0008626197386932859,0.0031934365494007116,-0.003771390833854716,-0.014486713549742809,0.007198888567582714,0.0005783984592304313,-0.0021054159740197145,0.0007928614437331783,0.030869127213040352,0.0025495621442847604,0.00455047363168116,0.0053605572532734146,-0.0025262096504207396,-0.005047362961226338,-0.0035046994237526215,-0.003056507700910184,-0.006192931758587343,-0.005937411613023769,-0.00021543011648983591,-0.0019922680754707834,0.008093737152863488,0.00730921939213951,-0.009846018024444623,-0.0038150500074006204,0.008893573797450732,0.0022785831496146595,0.0014842854512171026,-0.0027207335717379824,0.0025495621442847604,0.018382692429062344,0.003456127627111688,-0.002957728019398271,-0.0013424450190972015,0.0032267407771388716,-0.0022656345582585677,-0.00010529629541304781,-0.0007015706512848336,0.002999601599398439,-0.002190995854580346,-0.0038457005073501737,-0.0008663693164338846,0.0026421909678936836,-0.002414538340818219,-0.0021305879779700606,0.004910823714599563,0.0026129333159967886,0.007016562294522997,0.0015516769613413764,0.00455047363168116,0.003456127627111688,0.0380909911763563,-0.0005144570351693842,-0.005844230880394123,-0.0012550159033723216,-0.009151904087162863,-0.0003661394750656255,-0.00011833043805120386,-0.005870440460736455,-0.0024993650690314003,-0.007999349424194772,0.00803805911786314,-0.014585429988906284,0.004292532243127564,-0.0072841676608075626,0.004484866769868737,0.007194541676985343,-0.0037253866046256683,0.0008424415032039331,0.0053605572532734146,-0.002957728019398271,-0.0005144570351693842,0.04099198173819265,0.0007109169288606406,-0.01473193011863384,0.0024350256801929397,0.0024585508965744057,-0.014590151978463925,-0.004414655322580676,-0.004968245649391084,0.008894708123648003,0.0042791537876652325,-0.012320015847617109,-0.003448748080528331,0.006399167688850646,-0.001519499863552667,-0.002621525845892787,-0.0028189598161719553,-0.00013949544472908278,-0.0025262096504207396,-0.0013424450190972015,-0.005844230880394123,0.0007109169288606406,0.021320594740700437,0.0003915858376411413,0.003508480629835175,0.005291367026787565,0.0010652880123748916,-0.003455797081657285,0.00012906488526049633,0.00933342409049738,-0.007279532678582351,-0.003756645243703968,-0.006913613768166732,0.0048685013136737796,-0.0071810244983480705,0.0005910169340821129,-0.001684245634153093,-0.008772988825634858,-0.005047362961226338,0.0032267407771388716,-0.0012550159033723216,-0.01473193011863384,0.0003915858376411413,0.02954554641410839,0.002028417597442119,-0.006567358263170427,0.0019886339583162736,0.008795899420443558,-0.0004239182684762213,-0.005935892266603651,0.0004599752048806263,0.007632694896612016,0.012292211711354376,0.001222527589948487,-0.006127407450981375,-0.003235305526829863,-0.00137786366729279,-0.004188544352955763,-0.0035046994237526215,-0.0022656345582585677,-0.009151904087162863,0.0024350256801929397,0.003508480629835175,0.002028417597442119,0.021940912326270545,0.006789773822250901,-0.0016927571025916342,0.0031618778656341594,-0.003867533646624516,0.0038353413536485028,-0.007491683278159843,0.0028963917435608586,-0.0031393609749131154,0.007578062840148732,0.002442392027986938,-0.004834544512533458,-0.0027140007070480697,-0.0023455837310634633,-0.003056507700910184,-0.00010529629541304781,-0.0003661394750656255,0.0024585508965744057,0.005291367026787565,-0.006567358263170427,0.006789773822250901,0.026825213265988104,-0.002878743071859413,-0.005666122181097109,-0.00026342140844225556,0.003589330313587458,-0.004142797109210379,-0.004908197719722481,-0.006688956318813252,0.005918490887089428,-0.0019069151576040278,-0.009371103163978423,0.00020643835207118203,0.017336802459493303,-0.006192931758587343,-0.0007015706512848336,-0.00011833043805120386,-0.014590151978463925,0.0010652880123748916,0.0019886339583162736,-0.0016927571025916342,-0.002878743071859413,0.04374035479011255,0.008619172466504768,-0.003583489725915102,0.0006505477126969217,-0.0011661451886610334,0.005911947398814711,-0.0037239923617395513,-0.007421326449170618,0.00101933615261559,-0.00014537745679983128,-0.005031047798646673,-0.0030837870950597085,-0.005937411613023769,0.002999601599398439,-0.005870440460736455,-0.004414655322580676,-0.003455797081657285,0.008795899420443558,0.0031618778656341594,-0.005666122181097109,0.008619172466504768,0.0321590503734296,0.004581133396361788,0.0008527865913716336,-0.0035421225989385498,0.008503214874050875,0.00033465158343410804,0.0026453121854272703,0.0048703271310576715,-0.0033484422930569304,-0.006096212058028561,-0.005240973439835072,-0.00021543011648983591,-0.002190995854580346,-0.0024993650690314003,-0.004968245649391084,0.00012906488526049633,-0.0004239182684762213,-0.003867533646624516,-0.00026342140844225556,-0.003583489725915102,0.004581133396361788,0.02891935066213727,-0.001905573031997859,0.005582159352159824,0.007721347691498031,-0.001951568718093927,-0.003619190405457285,-0.004367702749219616,-0.005857668512678202,-0.003697106097699782,0.004639660751713376,-0.0019922680754707834,-0.0038457005073501737,-0.007999349424194772,0.008894708123648003,0.00933342409049738,-0.005935892266603651,0.0038353413536485028,0.003589330313587458,0.0006505477126969217,0.0008527865913716336,-0.001905573031997859,0.02992071579798488,-0.005704818049959064,0.001160537711639697,-0.011475260624919565,0.007710161241965181,-0.001031030845163146,-0.00020434007613206372,-0.008729699785867845,0.0008626197386932859,0.008093737152863488,-0.0008663693164338846,0.00803805911786314,0.0042791537876652325,-0.007279532678582351,0.0004599752048806263,-0.007491683278159843,-0.004142797109210379,-0.0011661451886610334,-0.0035421225989385498,0.005582159352159824,-0.005704818049959064,0.02773763053053401,0.006870590826790244,0.0026657856994845436,-0.003010240214342817,-0.0067468370881711304,-0.005706855978604231,-0.014687532248519358,0.0031934365494007116,0.00730921939213951,0.0026421909678936836,-0.014585429988906284,-0.012320015847617109,-0.003756645243703968,0.007632694896612016,0.0028963917435608586,-0.004908197719722481,0.005911947398814711,0.008503214874050875,0.007721347691498031,0.001160537711639697,0.006870590826790244,0.05161844730267427,-0.012253747051967313,-0.001057042646698017,-0.009768495410891729,0.005338314796516029,0.009260326580575223,-0.003771390833854716,-0.009846018024444623,-0.002414538340818219,0.004292532243127564,-0.003448748080528331,-0.006913613768166732,0.012292211711354376,-0.0031393609749131154,-0.006688956318813252,-0.0037239923617395513,0.00033465158343410804,-0.001951568718093927,-0.011475260624919565,0.0026657856994845436,-0.012253747051967313,0.04450032828366799,-0.005517500371672876,-0.006343709712156451,0.0005601816344230607,-0.01065897046963625,-0.014486713549742809,-0.0038150500074006204,-0.0021305879779700606,-0.0072841676608075626,0.006399167688850646,0.0048685013136737796,0.001222527589948487,0.007578062840148732,0.005918490887089428,-0.007421326449170618,0.0026453121854272703,-0.003619190405457285,0.007710161241965181,-0.003010240214342817,-0.001057042646698017,-0.005517500371672876,0.031041486829644423
