0.006853125051475298,0.0010478356887772369,0.0005707859735073032,0.0006667266731697819,0.0007265517904488871,0.0019129231225510303,-0.001469797642457199,-0.0022444059426207598,0.0008823450796376869,0.002196108745418844,0.0007884703819165365,-0.002384136818763246,0.001873650527002547,-0.003215081781990837,-0.00016789988967159993,-0.0012267764944223292,-0.0036404312931079823,-0.00019326961603307214,0.0009078999539164935,0.0016743407080014611,0.0010478356887772369,0.014161825751346334,0.0024601389098241463,0.0005910325172694195,-0.0010378808345474794,-0.00048653492879255686,-0.0027077862695768563,0.001905999330395518,-0.00037704673588485156,0.0025089500653518145,-0.0001182790320285891,0.001258257001082929,0.00215004177586645,-0.003008928019085066,-0.0010989201660525404,-0.0022015927701275542,0.00022296728386286417,-0.0008375471558715892,-0.0021541912961043426,0.00020491757516225492,0.0005707859735073032,0.0024601389098241463,0.01018412840103365,0.0018284645295145153,-0.0030352802165495023,0.002054860710283936,-0.0002932422792000206,-0.000642191333957771,0.0029026940457799874,-0.0027943470504143723,0.0005212028215913047,0.00023980783825420764,-0.0022732024970721267,-0.0047077845395981565,-0.004057618883238837,0.004307485279904568,0.006184049155307088,0.003409990496473057,-0.0017188328516614274,-0.0014261835769138363,0.0006667266731697819,0.0005910325172694195,0.0018284645295145153,0.006193058416588738,0.002112614574496659,0.003366705785798169,0.0015449093288825173,-0.001276609593043549,-0.00046561265334621417,-0.0010460066370414707,-0.000967072277120069,-0.0024570789801876373,-0.0016479213091783844,0.0003200202298051059,-0.00034135935785354927,-0.0007523949200123695,6.014896969529617e-5,0.0009113881877860812,0.001758749028736076,0.0016263538782514465,0.0007265517904488871,-0.0010378808345474794,-0.0030352802165495023,0.002112614574496659,0.01633960199514862,-0.005271728647549748,0.004373395248155198,-0.003462975126114203,-0.004113811958480462,0.007044836141527452,1.510390124023837e-5,-0.00391107156146843,-0.002692785150731552,0.0019980296124122,0.0042117574939086674,-0.00836854147621522,-0.003297760208087785,-0.004819687909812569,0.0038467001436428465,0.0024927422043364515,0.0019129231225510303,-0.00048653492879255686,0.002054860710283936,0.003366705785798169,-0.005271728647549748,0.01295641274552471,-0.0021918167696852384,0.0017834647850821245,0.0034187449204064356,-0.0036588009599981407,0.0015657223105896229,0.0030060662129682255,-0.0024762268323015773,-0.0030748408822756056,-0.0032938025398481586,0.001528494606757021,0.0014477433706291945,0.0011125266464045457,-0.00040785975263953067,0.003893911233755535,-0.001469797642457199,-0.0027077862695768563,-0.0002932422792000206,0.0015449093288825173,0.004373395248155198,-0.0021918167696852384,0.006228668153803565,-0.0023954216149533704,-1.5167185998711718e-5,0.001299984763027034,-0.000562861812534042,-0.004901560302489334,-0.00038005419633806327,0.0022203794157688874,0.0012243142630199346,-0.006384773116301369,0.0007599053449424832,-0.0011770268638418165,0.004286973749609043,-0.0014045076359184578,-0.0022444059426207598,0.001905999330395518,-0.000642191333957771,-0.001276609593043549,-0.003462975126114203,0.0017834647850821245,-0.0023954216149533704,0.00757471125089116,0.0009398161771904041,-0.0019377933005720166,-0.0022378307328635534,0.0025461476212728235,0.001080244637497132,-0.0012713173862298193,0.000666548017266952,0.005029520548166902,0.0036128614871100903,0.0015703219380808005,-0.005786680825952078,0.0019413860221349866,0.0008823450796376869,-0.00037704673588485156,0.0029026940457799874,-0.00046561265334621417,-0.004113811958480462,0.0034187449204064356,-1.5167185998711718e-5,0.0009398161771904041,0.004497546282736919,-0.0019558588510013362,-0.0010640936097840463,-0.001370873938821255,-0.0022692312573161268,-0.0037496628815070106,9.144047091155794e-5,0.0001495477850566599,0.0008228141868809852,0.0004957057879230704,0.00047431995966332034,-0.0014905251069457196,0.002196108745418844,0.0025089500653518145,-0.0027943470504143723,-0.0010460066370414707,0.007044836141527452,-0.0036588009599981407,0.001299984763027034,-0.0019377933005720166,-0.0019558588510013362,0.01672367827619923,-0.00011489711075102053,-0.0064776209485910355,0.0024244187245921235,0.003655507641631148,0.003824691903287339,-0.006610308177175675,-7.107131687600051e-5,-0.00122364044611169,0.005247312316391629,0.0008434555991905651,0.0007884703819165365,-0.0001182790320285891,0.0005212028215913047,-0.000967072277120069,1.510390124023837e-5,0.0015657223105896229,-0.000562861812534042,-0.0022378307328635534,-0.0010640936097840463,-0.00011489711075102053,0.010283371081534124,-0.0015990081030542425,0.000257867857490147,0.00207560630423823,-0.006088726072294369,-0.0008967489368273228,0.00038179505311414366,-0.0030632587175823504,0.00048008882435883384,0.007869924255473022,-0.002384136818763246,0.001258257001082929,0.00023980783825420764,-0.0024570789801876373,-0.00391107156146843,0.0030060662129682255,-0.004901560302489334,0.0025461476212728235,-0.001370873938821255,-0.0064776209485910355,-0.0015990081030542425,0.01714640515294651,0.0010690351512514153,-0.0016179551791128078,-0.0026793094292673495,0.00631420968929325,0.001993833794365794,0.0033681788393352388,-0.0076674448447809134,-0.003141690738219507,0.001873650527002547,0.00215004177586645,-0.0022732024970721267,-0.0016479213091783844,-0.002692785150731552,-0.0024762268323015773,-0.00038005419633806327,0.001080244637497132,-0.0022692312573161268,0.0024244187245921235,0.000257867857490147,0.0010690351512514153,0.012770870416254534,0.003580162813426805,-0.002709277508812056,0.0001609827256158248,0.0007262460690033827,0.0028731890170840047,-0.0031455331200829447,0.000363788860686064,-0.003215081781990837,-0.003008928019085066,-0.0047077845395981565,0.0003200202298051059,0.0019980296124122,-0.0030748408822756056,0.0022203794157688874,-0.0012713173862298193,-0.0037496628815070106,0.003655507641631148,0.00207560630423823,-0.0016179551791128078,0.003580162813426805,0.00845157630817013,-1.4498351094500907e-5,-0.00242151875612244,-0.00048062929806006317,0.0006447853714846367,0.001972911781980418,0.001518241835534858,-0.00016789988967159993,-0.0010989201660525404,-0.004057618883238837,-0.00034135935785354927,0.0042117574939086674,-0.0032938025398481586,0.0012243142630199346,0.000666548017266952,9.144047091155794e-5,0.003824691903287339,-0.006088726072294369,-0.0026793094292673495,-0.002709277508812056,-1.4498351094500907e-5,0.007684940384045458,-0.003521236097805311,-0.004414611290754844,-0.00039039898219358257,0.0021289371247749074,-0.0038339625838353006,-0.0012267764944223292,-0.0022015927701275542,0.004307485279904568,-0.0007523949200123695,-0.00836854147621522,0.001528494606757021,-0.006384773116301369,0.005029520548166902,0.0001495477850566599,-0.006610308177175675,-0.0008967489368273228,0.00631420968929325,0.0001609827256158248,-0.00242151875612244,-0.003521236097805311,0.018970730632270363,0.00854266814954547,0.002422183795247516,-0.007093001700039625,0.001296353899127704,-0.0036404312931079823,0.00022296728386286417,0.006184049155307088,6.014896969529617e-5,-0.003297760208087785,0.0014477433706291945,0.0007599053449424832,0.0036128614871100903,0.0008228141868809852,-7.107131687600051e-5,0.00038179505311414366,0.001993833794365794,0.0007262460690033827,-0.00048062929806006317,-0.004414611290754844,0.00854266814954547,0.014507790470719411,0.00020026125509576957,-0.0015393380356823088,0.0007128079787442497,-0.00019326961603307214,-0.0008375471558715892,0.003409990496473057,0.0009113881877860812,-0.004819687909812569,0.0011125266464045457,-0.0011770268638418165,0.0015703219380808005,0.0004957057879230704,-0.00122364044611169,-0.0030632587175823504,0.0033681788393352388,0.0028731890170840047,0.0006447853714846367,-0.00039039898219358257,0.002422183795247516,0.00020026125509576957,0.012160669396951554,-0.005948471777624103,-0.0032863330511137276,0.0009078999539164935,-0.0021541912961043426,-0.0017188328516614274,0.001758749028736076,0.0038467001436428465,-0.00040785975263953067,0.004286973749609043,-0.005786680825952078,0.00047431995966332034,0.005247312316391629,0.00048008882435883384,-0.0076674448447809134,-0.0031455331200829447,0.001972911781980418,0.0021289371247749074,-0.007093001700039625,-0.0015393380356823088,-0.005948471777624103,0.01168650717343959,-0.0021762077311490505,0.0016743407080014611,0.00020491757516225492,-0.0014261835769138363,0.0016263538782514465,0.0024927422043364515,0.003893911233755535,-0.0014045076359184578,0.0019413860221349866,-0.0014905251069457196,0.0008434555991905651,0.007869924255473022,-0.003141690738219507,0.000363788860686064,0.001518241835534858,-0.0038339625838353006,0.001296353899127704,0.0007128079787442497,-0.0032863330511137276,-0.0021762077311490505,0.012452886976720772
0.026107155007900576,-0.002689019158340656,0.011621678023020813,-0.008346007473803856,0.005486068140496974,0.007429911059540134,0.005306285133710829,-0.013113230052877997,-0.0007528027303490541,0.003960128375909292,-0.007593629887691763,-0.014969396371461862,-0.0035446434952303755,0.013283466851564346,0.004836775263221971,0.002510667061281258,-0.00809219360916148,-0.001974608146956494,-0.00019198308131174093,-0.003011540927599403,-0.002689019158340656,0.0284382250131241,0.0028077696399659126,0.004863695185753394,0.0006713819264204763,-0.006067597438066717,0.003577959389556651,-0.0030090371637842652,-0.0017446005746792176,0.004251846440333822,-0.006961478775449357,0.000930701035167148,-0.006314358137382578,0.0023391391444091717,0.0037633806883067417,0.0057553019587299895,0.0017296535522728627,-0.010236182574453039,-0.014015188460302704,0.0018762421735124277,0.011621678023020813,0.0028077696399659126,0.024021202472993556,0.009871203362474022,-0.0022697865888496194,0.0020737619223234614,-0.005976814581774495,-0.014044350776832366,-0.0025227085284944334,-0.004195332028028177,-0.004545506773763969,0.0027761342429334893,-0.004707405103018194,0.006244205542681297,-0.0011792419637692195,0.0004438700924678665,-0.0009159703251519577,-0.005740234894832321,-0.005256241703167706,0.0015453543064896914,-0.008346007473803856,0.004863695185753394,0.009871203362474022,0.04346154376351241,-0.031008601923337372,0.004595872606346174,-0.006881802176064132,-0.003016780077466406,-0.008274774299962873,-0.014062513584671345,0.0024810487791396387,0.015971288454034616,-0.0043381169752227345,0.0058158299602271025,-0.010697075905611576,-0.00915141721192737,-0.0009168982072227698,-0.00023483591103329147,-0.00365250023805239,-0.0012358521205937858,0.005486068140496974,0.0006713819264204763,-0.0022697865888496194,-0.031008601923337372,0.042124230850974165,-0.00631606986109619,-0.002033447063520417,0.0018862506331525175,0.0013922540025621088,0.010022817675880794,-0.005049813141590856,-0.009718053469054588,0.0017184228033891287,-0.009724634189593052,0.010592103888477623,0.00501110290522889,0.002698879893844342,0.004025626072707624,0.004166544824324953,0.008707567990644443,0.007429911059540134,-0.006067597438066717,0.0020737619223234614,0.004595872606346174,-0.00631606986109619,0.01987705979546669,-0.006133076665366829,0.00303749074451603,-0.0023501494708667034,-0.009923091731494978,0.005870373861366237,-0.0009009739840088202,0.0033016438988497216,0.0007425162408211904,0.002240234176366483,-0.0006285340527275034,-0.0016500560522735574,0.0011131480067701068,0.004735362523242824,-0.0021022408448144415,0.005306285133710829,0.003577959389556651,-0.005976814581774495,-0.006881802176064132,-0.002033447063520417,-0.006133076665366829,0.030077812924735027,-0.008354045238227165,0.004921144699729549,0.007543077290558947,-0.008514455689748249,-0.009610821128937175,-0.0004506904110410497,0.0102848827761859,0.003746980041672846,0.010019868118986665,-0.010453384236668688,-0.00826284209274452,-0.004255633682493916,-0.010562241854698128,-0.013113230052877997,-0.0030090371637842652,-0.014044350776832366,-0.003016780077466406,0.0018862506331525175,0.00303749074451603,-0.008354045238227165,0.03602583685743117,0.006278154999041734,-0.009233691401613134,0.013619737992018403,3.8688324225923066e-5,0.009890706703375069,-0.01753810780418879,-0.0019997757719860555,-0.005447155910693526,0.006737718070159721,0.006405908463838032,0.008116350208184877,0.00600356268324199,-0.0007528027303490541,-0.0017446005746792176,-0.0025227085284944334,-0.008274774299962873,0.0013922540025621088,-0.0023501494708667034,0.004921144699729549,0.006278154999041734,0.023702073218129876,-0.0023763774879487594,0.00011612195050866365,-0.006831952965083951,0.003625866806870206,-0.0038197588830986813,0.0014119044026749022,0.00026593599312577646,-0.0007065833058086128,0.0015349067147608449,0.001445561941193017,0.0040001506808219804,0.003960128375909292,0.004251846440333822,-0.004195332028028177,-0.014062513584671345,0.010022817675880794,-0.009923091731494978,0.007543077290558947,-0.009233691401613134,-0.0023763774879487594,0.021587185468379327,-0.006776126049478172,-0.0024699682128994827,-0.0056890881328220365,3.468579400953619e-5,0.0024255106811076656,0.009421562601125378,-0.0027728077742850466,0.00025304862476550384,-0.004850838713944619,-0.000651190302248545,-0.007593629887691763,-0.006961478775449357,-0.004545506773763969,0.0024810487791396387,-0.005049813141590856,0.005870373861366237,-0.008514455689748249,0.013619737992018403,0.00011612195050866365,-0.006776126049478172,0.022799982654771282,0.005920308078615318,0.006662308843599774,-0.011975255395434379,-0.0032119373863925263,-0.008108024329913522,0.005435884970539555,0.006833142694150486,0.006536592264361218,0.0016611674417131004,-0.014969396371461862,0.000930701035167148,0.0027761342429334893,0.015971288454034616,-0.009718053469054588,-0.0009009739840088202,-0.009610821128937175,3.8688324225923066e-5,-0.006831952965083951,-0.0024699682128994827,0.005920308078615318,0.043779469174793056,-0.0010839756532862637,-0.010360182595440387,-0.009942478975069138,-0.01207443492090661,0.0010450531833849034,0.005537699866164536,-0.006749819928659839,0.0020156650087265553,-0.0035446434952303755,-0.006314358137382578,-0.004707405103018194,-0.0043381169752227345,0.0017184228033891287,0.0033016438988497216,-0.0004506904110410497,0.009890706703375069,0.003625866806870206,-0.0056890881328220365,0.006662308843599774,-0.0010839756532862637,0.01607530015684019,-0.0054870781105068505,-0.004881743956386989,-0.0030972575352021425,-0.0037246135014038606,0.0018593658492840799,0.004079664541774348,0.0008000873523334494,0.013283466851564346,0.0023391391444091717,0.006244205542681297,0.0058158299602271025,-0.009724634189593052,0.0007425162408211904,0.0102848827761859,-0.01753810780418879,-0.0038197588830986813,3.468579400953619e-5,-0.011975255395434379,-0.010360182595440387,-0.0054870781105068505,0.03473750139762685,0.00161204693866351,0.007985346145540948,-0.012811300781030984,-0.009460376980785296,-0.004791845304924199,-0.006667826978925958,0.004836775263221971,0.0037633806883067417,-0.0011792419637692195,-0.010697075905611576,0.010592103888477623,0.002240234176366483,0.003746980041672846,-0.0019997757719860555,0.0014119044026749022,0.0024255106811076656,-0.0032119373863925263,-0.009942478975069138,-0.004881743956386989,0.00161204693866351,0.01665278694505981,0.005257187415710853,-0.003274085720846096,-0.005539287571042566,5.0951322196103165e-5,0.004269888856937774,0.002510667061281258,0.0057553019587299895,0.0004438700924678665,-0.00915141721192737,0.00501110290522889,-0.0006285340527275034,0.010019868118986665,-0.005447155910693526,0.00026593599312577646,0.009421562601125378,-0.008108024329913522,-0.01207443492090661,-0.0030972575352021425,0.007985346145540948,0.005257187415710853,0.02534891333390202,-0.0018727876668901012,-0.011800849192001021,-0.00303502807787644,-0.005378924381357368,-0.00809219360916148,0.0017296535522728627,-0.0009159703251519577,-0.0009168982072227698,0.002698879893844342,-0.0016500560522735574,-0.010453384236668688,0.006737718070159721,-0.0007065833058086128,-0.0027728077742850466,0.005435884970539555,0.0010450531833849034,-0.0037246135014038606,-0.012811300781030984,-0.003274085720846096,-0.0018727876668901012,0.023579655032164554,0.003720493608122671,-0.0025584372028194047,0.005708556736159329,-0.001974608146956494,-0.010236182574453039,-0.005740234894832321,-0.00023483591103329147,0.004025626072707624,0.0011131480067701068,-0.00826284209274452,0.006405908463838032,0.0015349067147608449,0.00025304862476550384,0.006833142694150486,0.005537699866164536,0.0018593658492840799,-0.009460376980785296,-0.005539287571042566,-0.011800849192001021,0.003720493608122671,0.021267862825624078,7.975192041384462e-5,-7.318296933879747e-5,-0.00019198308131174093,-0.014015188460302704,-0.005256241703167706,-0.00365250023805239,0.004166544824324953,0.004735362523242824,-0.004255633682493916,0.008116350208184877,0.001445561941193017,-0.004850838713944619,0.006536592264361218,-0.006749819928659839,0.004079664541774348,-0.004791845304924199,5.0951322196103165e-5,-0.00303502807787644,-0.0025584372028194047,7.975192041384462e-5,0.02305466267984797,0.0012538448418387893,-0.003011540927599403,0.0018762421735124277,0.0015453543064896914,-0.0012358521205937858,0.008707567990644443,-0.0021022408448144415,-0.010562241854698128,0.00600356268324199,0.0040001506808219804,-0.000651190302248545,0.0016611674417131004,0.0020156650087265553,0.0008000873523334494,-0.006667826978925958,0.004269888856937774,-0.005378924381357368,0.005708556736159329,-7.318296933879747e-5,0.0012538448418387893,0.01886821642619345
405.2260392070736,339.92582873337534,-405.3720832736662,-23.88722168890984,-45.23993424076861,-133.4377270947025,-98.1825181833189,49.883281035473345,80.75125149097096,18.544428407581687,301.3961055106601,-154.47780057806523,-25.806254040653197,-137.31507320863057,94.70294529001119,-21.538191555646765,111.62253206662304,-114.64307008937128,-274.5595238221575,-34.8359626803393,339.92582873337534,545.1332644546931,-314.6592011560662,-152.8014735553191,152.2022735780985,-75.79840992529466,4.084348076532866,-26.163733043428895,-59.20529379158737,-145.1857276308074,215.65079056785308,-331.4437219925267,76.59263021972652,-375.92583887902447,-117.75602699686715,219.36310129959887,-27.543704730877252,89.93214204833089,-83.0972536151659,-176.49508843297883,-405.3720832736662,-314.6592011560662,424.25540352835475,-48.93575629083007,164.4599140236366,64.22817125318618,152.91307381650302,-30.793992750398832,-5.8254755952270685,-29.118785919894155,-340.955369797057,143.9572459513513,-29.321481356931617,117.56832222677937,-122.29593278449784,32.308582387145805,-116.15200881374986,107.28412084923309,273.7977779150223,18.912093345362244,-23.88722168890984,-152.8014735553191,-48.93575629083007,347.79479962756665,-580.4253383524614,289.0172610833262,-148.026910828035,102.81899145470085,-164.41897264425506,-11.867248518500027,198.46707196728232,-23.245966868026965,63.70755783982732,191.23796996629866,113.3376611679352,-16.4144379593157,-72.25163308239624,-1.2412622343219701,95.46306897181167,35.44241001714202,-45.23993424076861,152.2022735780985,164.4599140236366,-580.4253383524614,996.2977574612659,-471.7800094440077,239.78501153454536,-225.8394075495768,245.32714015921434,59.16135767057288,-412.45138845259936,128.52223391776653,-75.17910503617216,-281.2653852755194,-181.6049769562804,-15.763627803481226,144.2179679432126,4.913888665665861,-151.50080933383742,-18.944486754145192,-133.4377270947025,-75.79840992529466,64.22817125318618,289.0172610833262,-471.7800094440077,392.37870550536474,-130.51375036933757,-52.528960462983065,-384.00031528693177,-91.16515897951898,91.12734362284463,-72.77459727288937,244.95781459301998,21.411984266883476,-28.046619940658324,126.88759545347611,-140.450645444434,174.6136633850391,232.0028313435368,-27.606821803647588,-98.1825181833189,4.084348076532866,152.91307381650302,-148.026910828035,239.78501153454536,-130.51375036933757,248.82523916992594,214.4439924600607,290.95710324421515,-121.36696268127704,-118.47919186678942,-111.11049341331132,-279.5286158753603,37.942632828283074,-125.21724760430703,109.6441432715459,-152.55788482015848,8.750237483052384,175.7551786821567,-95.07905401275677,49.883281035473345,-26.163733043428895,-30.793992750398832,102.81899145470085,-225.8394075495768,-52.528960462983065,214.4439924600607,543.7208834466169,464.4649850125715,-160.29753782063185,177.83867126499504,-244.6002681774014,-496.5803846623232,265.1244041374677,14.425573838147876,81.54194471582322,-232.25390083518244,-125.07886584769388,186.264951772084,-104.90327466008098,80.75125149097096,-59.20529379158737,-5.8254755952270685,-164.41897264425506,245.32714015921434,-384.00031528693177,290.95710324421515,464.4649850125715,715.5568271609454,-15.59206023509057,-3.7335019587609546,-55.69704191862192,-617.1931240006065,251.50972326509785,49.51994249716658,-89.3563547813083,-49.642311743758015,-264.4886690681647,-42.016734627937964,-23.881478144056956,18.544428407581687,-145.1857276308074,-29.118785919894155,-11.867248518500027,59.16135767057288,-91.16515897951898,-121.36696268127704,-160.29753782063185,-15.59206023509057,196.49004393444727,-58.0568973472707,250.871509113007,79.67073838174774,65.76190886477717,139.4838086214714,-225.5812985027574,211.00320792097946,-118.88892254827898,-234.16743334025116,149.7796109437354,301.3961055106601,215.65079056785308,-340.955369797057,198.46707196728232,-412.45138845259936,91.12734362284463,-118.47919186678942,177.83867126499504,-3.7335019587609546,-58.0568973472707,382.1730670872622,-221.1375009305864,-33.54149133207044,2.9263068445193063,102.94304413403124,42.63465007212482,-29.394311351090874,-63.865670836503746,-80.65733960899112,-55.10821922434321,-154.47780057806523,-331.4437219925267,143.9572459513513,-23.245966868026965,128.52223391776653,-72.77459727288937,-111.11049341331132,-244.6002681774014,-55.69704191862192,250.871509113007,-221.1375009305864,400.03865214759253,120.23576843885276,132.77233352060315,134.15004479343617,-284.80157862314854,232.74334984833777,-102.08009367181228,-191.30438759588017,210.45531384479315,-25.806254040653197,76.59263021972652,-29.321481356931617,63.70755783982732,-75.17910503617216,244.95781459301998,-279.5286158753603,-496.5803846623232,-617.1931240006065,79.67073838174774,-33.54149133207044,120.23576843885276,575.274163281148,-268.59060464159927,-20.336609546588377,14.245713656223527,138.21446205851007,196.33152046803818,-81.4373890391026,56.84229069144944,-137.31507320863057,-375.92583887902447,117.56832222677937,191.23796996629866,-281.2653852755194,21.411984266883476,37.942632828283074,265.1244041374677,251.50972326509785,65.76190886477717,2.9263068445193063,132.77233352060315,-268.59060464159927,397.6348841289773,147.54941527307105,-164.22032450724842,-37.42106253900057,-166.0777640859989,60.925124778458766,100.5357146883842,94.70294529001119,-117.75602699686715,-122.29593278449784,113.3376611679352,-181.6049769562804,-28.046619940658324,-125.21724760430703,14.425573838147876,49.51994249716658,139.4838086214714,102.94304413403124,134.15004479343617,-20.336609546588377,147.54941527307105,178.62145906838802,-191.15739452751953,135.80694083579175,-153.29132912458468,-189.11793866724474,114.53836887662987,-21.538191555646765,219.36310129959887,32.308582387145805,-16.4144379593157,-15.763627803481226,126.88759545347611,109.6441432715459,81.54194471582322,-89.3563547813083,-225.5812985027574,42.63465007212482,-284.80157862314854,14.245713656223527,-164.22032450724842,-191.15739452751953,285.1964322131215,-222.6463946440219,188.27376929460434,258.889064944519,-178.94239641524325,111.62253206662304,-27.543704730877252,-116.15200881374986,-72.25163308239624,144.2179679432126,-140.450645444434,-152.55788482015848,-232.25390083518244,-49.642311743758015,211.00320792097946,-29.394311351090874,232.74334984833777,138.21446205851007,-37.42106253900057,135.80694083579175,-222.6463946440219,265.47607550151264,-116.92744014039737,-322.1236462836202,141.01090606925607,-114.64307008937128,89.93214204833089,107.28412084923309,-1.2412622343219701,4.913888665665861,174.6136633850391,8.750237483052384,-125.07886584769388,-264.4886690681647,-118.88892254827898,-63.865670836503746,-102.08009367181228,196.33152046803818,-166.0777640859989,-153.29132912458468,188.27376929460434,-116.92744014039737,207.13867860361356,194.4604562430887,-87.0440000959295,-274.5595238221575,-83.0972536151659,273.7977779150223,95.46306897181167,-151.50080933383742,232.0028313435368,175.7551786821567,186.264951772084,-42.016734627937964,-234.16743334025116,-80.65733960899112,-191.30438759588017,-81.4373890391026,60.925124778458766,-189.11793866724474,258.889064944519,-322.1236462836202,194.4604562430887,450.85594845540186,-139.14293802079723,-34.8359626803393,-176.49508843297883,18.912093345362244,35.44241001714202,-18.944486754145192,-27.606821803647588,-95.07905401275677,-104.90327466008098,-23.881478144056956,149.7796109437354,-55.10821922434321,210.45531384479315,56.84229069144944,100.5357146883842,114.53836887662987,-178.94239641524325,141.01090606925607,-87.0440000959295,-139.14293802079723,125.6656342848176
