0.04483913096956732,0.00508549443503491,0.002933490418257109,-0.005238966913935042,0.0028468604817352564,-0.019252255964852864,0.020390646019639018,-0.0027241303007348276,-0.0006570715069162854,-0.0038616650826512125,0.0010435176690667299,-0.005951539278295468,0.016838562525065343,-0.01899286927736068,0.017559928027242145,-0.031888958252560794,-0.006657212945855232,-0.0033713316896454553,0.013389787541471944,0.011407777783236237,0.00508549443503491,0.027079458201322633,-0.008251118436257442,0.003129214030545973,0.003011986180458155,0.005331508580050613,-0.0023824662375601206,-0.0012620553368844322,0.009471547760521393,-0.007071571812627192,0.0014450177877332279,0.004911718568873344,-0.003944286692426195,-0.0024258918822825416,-0.0010575326253535267,0.0015760623155326163,-0.005753825098607948,-0.004491481778519069,-0.009766451178597186,0.0005519998914085449,0.002933490418257109,-0.008251118436257442,0.04290517551924147,-0.01007859479418767,-0.0038713676121413573,-0.021442427080187253,0.010902650408584166,-0.0032235484052310025,-0.021395262317700364,0.0069170320955053415,5.7714359846266334e-5,0.010178939628763293,-0.001179418924113532,-0.012237891032538122,0.005312254957748723,0.0011917125754317328,0.0026418912056663225,0.021546350172215678,0.006981382241557596,-0.008111048356831569,-0.005238966913935042,0.003129214030545973,-0.01007859479418767,0.023395825033346918,-0.0038293569174888764,0.011049903858862373,-0.007242589727816393,0.004083010062276692,0.013702847894149576,-0.0003426677479005756,0.000570429724585488,-0.003147847056229839,-0.0046519726915971345,0.010980043944570932,-0.009301020329294127,0.008288725958170743,0.0060041475013979904,-0.002230280644066121,-0.006905237705205293,0.004596396754713517,0.0028468604817352564,0.003011986180458155,-0.0038713676121413573,-0.0038293569174888764,0.029224932991661328,0.00868822253270361,0.0013218657862154328,-0.0019057754724984706,-0.0044242885754012685,-0.004218756141868996,0.0028053512652882933,-0.010412373935986466,0.004158635933896513,-0.014274938160189342,0.008389181564715804,-0.006990431175947205,-0.012327300293114235,-0.0041228954151475514,0.002124258525381378,0.004286355934855442,-0.019252255964852864,0.005331508580050613,-0.021442427080187253,0.011049903858862373,0.00868822253270361,0.07285975943273425,-0.024475849193674053,-0.0018290116653734685,0.027151546365713566,-0.006196695319445699,0.006241934614519866,0.009725392219922484,-0.015408050794496251,0.022327547313544145,-0.015189270987508328,0.014479403904397125,0.006438409835100585,-0.017927737254850758,-0.015028069871566409,-0.012099897006279971,0.020390646019639018,-0.0023824662375601206,0.010902650408584166,-0.007242589727816393,0.0013218657862154328,-0.024475849193674053,0.06074398672181817,-0.01090575024381456,-0.017784948251973468,-0.008053394415807606,0.011825357820304357,-0.006949817417866221,0.026008683874350107,-0.041755008654200496,0.011738813540197145,-0.03226358758819945,-0.014971403677728614,0.0021152587724643217,0.030535179067433676,0.011627245200623913,-0.0027241303007348276,-0.0012620553368844322,-0.0032235484052310025,0.004083010062276692,-0.0019057754724984706,-0.0018290116653734685,-0.01090575024381456,0.02515745425745443,0.0022863724535056315,0.007528785813921369,-0.0033738478427914895,-0.006682638220175962,-0.004036433577272838,0.013535848022207003,0.0019964913716870305,0.01072794186519696,0.007550704129650417,-0.0003375872845832685,-0.010708592675944642,-0.0033239255323891832,-0.0006570715069162854,0.009471547760521393,-0.021395262317700364,0.013702847894149576,-0.0044242885754012685,0.027151546365713566,-0.017784948251973468,0.0022863724535056315,0.05877070886368782,0.006481233504978758,-0.0020200525137000895,0.0053023586429261655,0.0005097580213590887,0.010907210539222015,-0.015468402986787939,0.010912580008340157,0.011003127911720655,-0.01837936023456288,-0.016897855434271178,-0.0017404703510882134,-0.0038616650826512125,-0.007071571812627192,0.0069170320955053415,-0.0003426677479005756,-0.004218756141868996,-0.006196695319445699,-0.008053394415807606,0.007528785813921369,0.006481233504978758,0.029499922993490055,-0.007722527050621073,1.0644258038158957e-5,0.007717301190357333,-0.0030487223153521947,-0.005661919037532019,0.010633470189905257,0.010304473358243558,-0.0022172440973165924,-0.010451470946423328,0.0007183521656705474,0.0010435176690667299,0.0014450177877332279,5.7714359846266334e-5,0.000570429724585488,0.0028053512652882933,0.006241934614519866,0.011825357820304357,-0.0033738478427914895,-0.0020200525137000895,-0.007722527050621073,0.025113149000935933,-0.003471872869272078,-0.003123570601055136,-0.0010295344027850676,0.00769313731066819,-0.0046982333580698424,-0.00663901789631363,-0.0023243156079074505,0.005913828467115525,-0.0015633957575019691,-0.005951539278295468,0.004911718568873344,0.010178939628763293,-0.003147847056229839,-0.010412373935986466,0.009725392219922484,-0.006949817417866221,-0.006682638220175962,0.0053023586429261655,1.0644258038158957e-5,-0.003471872869272078,0.046857986075416455,-0.0006112787465072161,0.012048219302489355,-0.0007115498524342127,0.002410358581161346,0.010532956644487727,-0.004145647552029434,-0.006445299228922322,-0.009687796177924392,0.016838562525065343,-0.003944286692426195,-0.001179418924113532,-0.0046519726915971345,0.004158635933896513,-0.015408050794496251,0.026008683874350107,-0.004036433577272838,0.0005097580213590887,0.007717301190357333,-0.003123570601055136,-0.0006112787465072161,0.04463552753883559,-0.03105616452989488,0.009791694928515813,-0.025742995590868248,-0.005068573449913528,-0.00045003895064703444,0.015869984953954662,0.011587488558783192,-0.01899286927736068,-0.0024258918822825416,-0.012237891032538122,0.010980043944570932,-0.014274938160189342,0.022327547313544145,-0.041755008654200496,0.013535848022207003,0.010907210539222015,-0.0030487223153521947,-0.0010295344027850676,0.012048219302489355,-0.03105616452989488,0.08002858480903928,-0.007571505178451489,0.030730081715877135,0.022726715526886952,-0.008272309522945696,-0.029926980853813942,-0.012393899624170424,0.017559928027242145,-0.0010575326253535267,0.005312254957748723,-0.009301020329294127,0.008389181564715804,-0.015189270987508328,0.011738813540197145,0.0019964913716870305,-0.015468402986787939,-0.005661919037532019,0.00769313731066819,-0.0007115498524342127,0.009791694928515813,-0.007571505178451489,0.047416315844822705,-0.025005290360495466,-0.010095408141605977,-0.005055075158210987,0.006819350446883468,0.0062341602189700165,-0.031888958252560794,0.0015760623155326163,0.0011917125754317328,0.008288725958170743,-0.006990431175947205,0.014479403904397125,-0.03226358758819945,0.01072794186519696,0.010912580008340157,0.010633470189905257,-0.0046982333580698424,0.002410358581161346,-0.025742995590868248,0.030730081715877135,-0.025005290360495466,0.05685585822289126,0.01094050084684465,-0.0009414659575048038,-0.034175820762988716,-0.00967437557637119,-0.006657212945855232,-0.005753825098607948,0.0026418912056663225,0.0060041475013979904,-0.012327300293114235,0.006438409835100585,-0.014971403677728614,0.007550704129650417,0.011003127911720655,0.010304473358243558,-0.00663901789631363,0.010532956644487727,-0.005068573449913528,0.022726715526886952,-0.010095408141605977,0.01094050084684465,0.030239352306181324,-0.0031163473244499055,-0.010365121957970529,-0.011221387823182287,-0.0033713316896454553,-0.004491481778519069,0.021546350172215678,-0.002230280644066121,-0.0041228954151475514,-0.017927737254850758,0.0021152587724643217,-0.0003375872845832685,-0.01837936023456288,-0.0022172440973165924,-0.0023243156079074505,-0.004145647552029434,-0.00045003895064703444,-0.008272309522945696,-0.005055075158210987,-0.0009414659575048038,-0.0031163473244499055,0.03257250642042556,0.01248324618116306,0.00568719422437089,0.013389787541471944,-0.009766451178597186,0.006981382241557596,-0.006905237705205293,0.002124258525381378,-0.015028069871566409,0.030535179067433676,-0.010708592675944642,-0.016897855434271178,-0.010451470946423328,0.005913828467115525,-0.006445299228922322,0.015869984953954662,-0.029926980853813942,0.006819350446883468,-0.034175820762988716,-0.010365121957970529,0.01248324618116306,0.05199710884354608,0.013158696108037986,0.011407777783236237,0.0005519998914085449,-0.008111048356831569,0.004596396754713517,0.004286355934855442,-0.012099897006279971,0.011627245200623913,-0.0033239255323891832,-0.0017404703510882134,0.0007183521656705474,-0.0015633957575019691,-0.009687796177924392,0.011587488558783192,-0.012393899624170424,0.0062341602189700165,-0.00967437557637119,-0.011221387823182287,0.00568719422437089,0.013158696108037986,0.03523116910267026
0.09556062798126584,-0.010867829663301052,0.0392675686155686,-0.022307977483321,-0.007146696253256183,0.002503957092494506,0.004491443643932518,-0.027677374107480657,-0.0010035659865856575,0.05027383274716277,0.027831898660019214,0.0019670213677800688,0.006226355540660476,-0.0011055387273882884,-0.06419595585881148,0.011117344718738984,-0.0005291324909962244,-0.0010034598837821156,-0.03642366961964289,-0.056801122434183046,-0.010867829663301052,0.02697477943635107,-0.004241899098410566,-0.014583713384711837,-0.0003456018373420608,-0.001399683426762042,0.004332419237074604,0.005375517283739157,-0.005806243414865398,0.003332159217486058,-0.009179221834927635,-0.016753209621520222,0.007992379234315766,0.004653549107677625,0.01909000412188041,-0.0007064538156985349,-0.002564921658021282,0.002547531180545822,-0.0008290598580142142,0.005992205406189615,0.0392675686155686,-0.004241899098410566,0.07521657735541168,-0.003346809322384779,0.0103538372173974,-0.005439810497548249,0.005826922356339153,-0.014092508299228826,-0.022373814600294514,0.03801139179397822,0.02722258050495245,0.010171376105611463,-0.0004896371368426283,-0.025488177739855948,-0.0457990137515835,-0.016186640411874502,-0.010019485562290837,0.01186462143109169,-0.01966129500673374,-0.03318201092263631,-0.022307977483321,-0.014583713384711837,-0.003346809322384779,0.04137538787088127,0.003254330943192606,-0.004440097767741999,-0.013168444413818505,0.010429578260281135,0.003335417759382833,-0.027410977824395853,-0.0016122360821491984,0.010864497864121726,-0.006955202726940505,-0.009130847757719232,0.006497906639887973,-0.0032271814522228694,0.007600657837681054,-0.00242838460966338,0.007562632438037479,0.016207459167215128,-0.007146696253256183,-0.0003456018373420608,0.0103538372173974,0.003254330943192606,0.021944209277551748,0.003352990181825403,-0.0009837785461282835,0.00019105697428700017,-0.0030726862207767413,0.007817028331898011,0.005293773040327685,0.0025313830981271274,-0.0019781937357565855,-0.009321197449454227,-0.011159605867953264,-0.008061815912824321,0.006170546474469905,0.010081951062519488,-0.0041139684668566765,-0.0029232593638306515,0.002503957092494506,-0.001399683426762042,-0.005439810497548249,-0.004440097767741999,0.003352990181825403,0.033226033187246505,0.004700854691448495,0.0026390755401381884,0.007554545050329398,0.010256750341421587,-0.009167175280136435,-0.0148732600523481,-0.0023053874994943134,0.008169105011190697,-0.003169567345750063,-0.011997173517175741,0.009230519707421484,0.010326377428844825,0.0010575174983332319,-0.017000716934047908,0.004491443643932518,0.004332419237074604,0.005826922356339153,-0.013168444413818505,-0.0009837785461282835,0.004700854691448495,0.03449197368313649,-0.006747598165428491,0.00035690887450398915,0.017814510340149272,-0.006232890898770318,-0.010607592924829684,-0.003297717507506706,0.002812175585312467,-0.0037839331992444896,-0.012567518092008637,0.004339728322428786,0.003983981061986293,-0.0007875367263312273,-0.013018932830785486,-0.027677374107480657,0.005375517283739157,-0.014092508299228826,0.010429578260281135,0.00019105697428700017,0.0026390755401381884,-0.006747598165428491,0.035733323621974504,0.0009457574851863424,-0.020701019015460804,-0.0010616301413565172,0.0037355818543627134,0.0019165479419360819,-0.007337947733500194,0.01699856054950269,-0.013440813491991322,7.575589645282321e-5,0.0045573502758771995,0.004846650936874304,0.009870695427344874,-0.0010035659865856575,-0.005806243414865398,-0.022373814600294514,0.003335417759382833,-0.0030726862207767413,0.007554545050329398,0.00035690887450398915,0.0009457574851863424,0.030186568627421584,-0.00791828874822381,-0.006647422942994009,0.0011221236888522344,-0.006622481910136256,0.006951419586044422,0.0012316495246010011,0.008669585932407376,0.005375695246914667,-0.0011690330905066554,0.005346976031311482,-0.002768089341710557,0.05027383274716277,0.003332159217486058,0.03801139179397822,-0.027410977824395853,0.007817028331898011,0.010256750341421587,0.017814510340149272,-0.020701019015460804,-0.00791828874822381,0.07774092961184867,0.01877464238722909,-0.013693616506090932,0.006090368282070608,0.0019505296213229793,-0.05025538957457783,-0.016320066889624087,4.5192709130332305e-5,0.017044951981493507,-0.026588308617337145,-0.05237936626283338,0.027831898660019214,-0.009179221834927635,0.02722258050495245,-0.0016122360821491984,0.005293773040327685,-0.009167175280136435,-0.006232890898770318,-0.0010616301413565172,-0.006647422942994009,0.01877464238722909,0.062021623708109985,0.02959931424437263,0.00036467480415174503,-0.031163187042181337,-0.039441228397529095,-0.006712249250372956,-0.009385162510881609,0.016267978957078242,-0.022901343432408124,-0.029955946963276435,0.0019670213677800688,-0.016753209621520222,0.010171376105611463,0.010864497864121726,0.0025313830981271274,-0.0148732600523481,-0.010607592924829684,0.0037355818543627134,0.0011221236888522344,-0.013693616506090932,0.02959931424437263,0.05451855481873605,0.0018692744766675433,-0.019148102317284733,-0.020861047520523607,0.0013493655774058093,-0.00575680253541407,0.0016647904975905315,-0.019343082899049277,0.0010569496936204267,0.006226355540660476,0.007992379234315766,-0.0004896371368426283,-0.006955202726940505,-0.0019781937357565855,-0.0023053874994943134,-0.003297717507506706,0.0019165479419360819,-0.006622481910136256,0.006090368282070608,0.00036467480415174503,0.0018692744766675433,0.03637395527615957,0.00037550208098028834,-0.0030177592737021704,-0.0012608565063847506,-0.013277863026478806,0.003593501869049385,-0.0017607485705211912,-0.00247935332318723,-0.0011055387273882884,0.004653549107677625,-0.025488177739855948,-0.009130847757719232,-0.009321197449454227,0.008169105011190697,0.002812175585312467,-0.007337947733500194,0.006951419586044422,0.0019505296213229793,-0.031163187042181337,-0.019148102317284733,0.00037550208098028834,0.04935481109710312,0.0239546972191503,0.009421611980614333,0.0023392025980752294,-0.016419684607346732,0.012755719216001958,0.016989566480905216,-0.06419595585881148,0.01909000412188041,-0.0457990137515835,0.006497906639887973,-0.011159605867953264,-0.003169567345750063,-0.0037839331992444896,0.01699856054950269,0.0012316495246010011,-0.05025538957457783,-0.039441228397529095,-0.020861047520523607,-0.0030177592737021704,0.0239546972191503,0.09386664036170407,0.011852072031650257,-0.005789517035276131,-0.01474893336747406,0.03776427327786919,0.057903631048956,0.011117344718738984,-0.0007064538156985349,-0.016186640411874502,-0.0032271814522228694,-0.008061815912824321,-0.011997173517175741,-0.012567518092008637,-0.013440813491991322,0.008669585932407376,-0.016320066889624087,-0.006712249250372956,0.0013493655774058093,-0.0012608565063847506,0.009421611980614333,0.011852072031650257,0.050532891570390676,-0.0004434113755345327,-0.01663720144087756,-0.003675268073686911,0.01690043043720191,-0.0005291324909962244,-0.002564921658021282,-0.010019485562290837,0.007600657837681054,0.006170546474469905,0.009230519707421484,0.004339728322428786,7.575589645282321e-5,0.005375695246914667,4.5192709130332305e-5,-0.009385162510881609,-0.00575680253541407,-0.013277863026478806,0.0023392025980752294,-0.005789517035276131,-0.0004434113755345327,0.026943413178662043,-0.0003672747445627567,-0.0021430221144798653,0.00011458467478855624,-0.0010034598837821156,0.002547531180545822,0.01186462143109169,-0.00242838460966338,0.010081951062519488,0.010326377428844825,0.003983981061986293,0.0045573502758771995,-0.0011690330905066554,0.017044951981493507,0.016267978957078242,0.0016647904975905315,0.003593501869049385,-0.016419684607346732,-0.01474893336747406,-0.01663720144087756,-0.0003672747445627567,0.03734068234118777,-0.011206475820263974,-0.017689011480814885,-0.03642366961964289,-0.0008290598580142142,-0.01966129500673374,0.007562632438037479,-0.0041139684668566765,0.0010575174983332319,-0.0007875367263312273,0.004846650936874304,0.005346976031311482,-0.026588308617337145,-0.022901343432408124,-0.019343082899049277,-0.0017607485705211912,0.012755719216001958,0.03776427327786919,-0.003675268073686911,-0.0021430221144798653,-0.011206475820263974,0.05031471790580811,0.02515891525989429,-0.056801122434183046,0.005992205406189615,-0.03318201092263631,0.016207459167215128,-0.0029232593638306515,-0.017000716934047908,-0.013018932830785486,0.009870695427344874,-0.002768089341710557,-0.05237936626283338,-0.029955946963276435,0.0010569496936204267,-0.00247935332318723,0.016989566480905216,0.057903631048956,0.01690043043720191,0.00011458467478855624,-0.017689011480814885,0.02515891525989429,0.07601734122988239
0.047183691504985796,0.006194040314615401,0.0028109528943090194,-0.029543789156789384,0.00817999625119208,-0.023298984552899436,0.04467390756180239,0.005976629329728127,-0.021392424930599493,0.012630937087009252,0.02362026579409384,-0.024529287969105473,0.004099531243052739,0.0019593206856236313,-0.018834293362141222,-0.030876906525049333,0.028609110734910424,-0.013710483029030643,0.0019965296408847926,-0.0005514107361454471,0.006194040314615401,0.07968955898201538,0.011879876061701218,-0.030330293719837236,0.015100949861037613,0.03207493964478074,0.002973632825794709,-0.02777821635563706,-0.07151320403140052,0.02021966261189758,0.05044576987315194,0.021752314386830618,-0.03079897319656774,0.0034744964592601465,-0.029324567984118977,0.020289168903721923,-0.007304788532598675,-0.02096972079029788,-0.053296039539399924,-0.024363702879690613,0.0028109528943090194,0.011879876061701218,0.027810945101881118,-0.009649812399983087,0.0068528060215924625,0.004166105581483713,0.002371498429405804,-0.006698751316125098,-0.015341783961598415,0.006242405191107878,0.001002191024148967,0.008780042288084294,-0.005487498206679799,0.005289018480120814,0.005842755346949543,0.009846342504240522,0.0004905096246329403,-0.002143641254697362,-0.0010734954111429659,-0.008954430162784157,-0.029543789156789384,-0.030330293719837236,-0.009649812399983087,0.09520403579376335,-0.01614002451875209,-0.012554197392515957,-0.03939505836848768,0.004190714969802008,0.0825833722422549,-0.04442800827721266,-0.05737621648443934,0.01092546676311468,0.014559643016791633,-0.00887762193985207,0.017666997201211787,0.029411150394958674,-0.04144112102091915,0.03263796705129081,0.03454718930015622,0.03573126561872921,0.00817999625119208,0.015100949861037613,0.0068528060215924625,-0.01614002451875209,0.026017111743611376,0.0017520797427539178,0.004733053016644527,-0.00994180431169622,-0.019062232814286286,0.012509338245156744,0.01024257567927455,0.001108282520267262,0.00515463544127476,-0.005938181006383079,0.005795369506250501,-0.007976274319691107,0.007951563741407618,-0.013671963493743439,0.0073658691999466674,-0.0028984995472752587,-0.023298984552899436,0.03207493964478074,0.004166105581483713,-0.012554197392515957,0.0017520797427539178,0.07810169720197101,-0.05951498491977261,-0.009278265196208278,-0.041079499888134904,0.013274376960697361,0.01630973111465536,0.024860381388308924,-0.04285509749171893,0.02237800962390902,-0.011007513113728624,0.0458940937674084,-0.006611661713018728,-0.012244304852707874,-0.0703564950951549,-0.040720724634555935,0.04467390756180239,0.002973632825794709,0.002371498429405804,-0.03939505836848768,0.004733053016644527,-0.05951498491977261,0.11784008555306844,0.004408372293605986,-0.030502002223950324,0.01074577676006691,0.03642362766058638,-0.037161649214074395,0.028632214490583924,-0.025401135642175568,-0.029637819517387736,-0.06814995468889826,0.019391528275498095,-0.006808246748092412,0.0378754611338726,0.015945547745808343,0.005976629329728127,-0.02777821635563706,-0.006698751316125098,0.004190714969802008,-0.00994180431169622,-0.009278265196208278,0.004408372293605986,0.03118644644173664,0.018574045059530732,-0.012580948234904181,-0.013310969520393626,-0.02419990068987653,-0.0012917114468042551,0.016864752402972694,0.011766458943561743,-0.0044773515511982226,0.015884416502742985,0.006660413560259348,0.006899986862139191,-0.0011543513378272714,-0.021392424930599493,-0.07151320403140052,-0.015341783961598415,0.0825833722422549,-0.019062232814286286,-0.041079499888134904,-0.030502002223950324,0.018574045059530732,0.16644574905656648,-0.024943618641585362,-0.08427990905272248,0.010552884319025999,0.03838117220424203,-0.0006142636927396387,0.04110720874563235,0.00737835211351183,-0.020188803602957477,0.018657076251400128,0.05584365159069135,0.053154923447081955,0.012630937087009252,0.02021966261189758,0.006242405191107878,-0.04442800827721266,0.012509338245156744,0.013274376960697361,0.01074577676006691,-0.012580948234904181,-0.024943618641585362,0.05925809407972475,0.025733190135637494,0.01465055228727061,-0.0029072493758661453,0.00878144299375764,-0.021585614375664846,-0.00548658433950307,0.016904370455879447,-0.03439175751519491,-0.042918041216123026,-0.010476522889944996,0.02362026579409384,0.05044576987315194,0.001002191024148967,-0.05737621648443934,0.01024257567927455,0.01630973111465536,0.03642362766058638,-0.013310969520393626,-0.08427990905272248,0.025733190135637494,0.07946423197832604,-0.011369618988209672,-0.02366675491138654,-0.00441171989428515,-0.04077070554481529,-0.012928603650339385,0.020117773776754916,-0.018310951136989648,-0.04561485045730684,-0.032484618706668925,-0.024529287969105473,0.021752314386830618,0.008780042288084294,0.01092546676311468,0.001108282520267262,0.024860381388308924,-0.037161649214074395,-0.02419990068987653,0.010552884319025999,0.01465055228727061,-0.011369618988209672,0.07215508729535512,-0.0031700473214383833,0.0026007002461745777,-0.0038082772519170546,0.03023434675794536,-0.03927766278339796,-0.013088870373940917,-0.0283235990194129,0.0015499607847041926,0.004099531243052739,-0.03079897319656774,-0.005487498206679799,0.014559643016791633,0.00515463544127476,-0.04285509749171893,0.028632214490583924,-0.0012917114468042551,0.03838117220424203,-0.0029072493758661453,-0.02366675491138654,-0.0031700473214383833,0.05270574830396964,-0.02586817958909924,0.015822520674981345,-0.0328511651772663,-0.004255588715658188,0.0064058248415000876,0.06340209702378749,0.029591962499646924,0.0019593206856236313,0.0034744964592601465,0.005289018480120814,-0.00887762193985207,-0.005938181006383079,0.02237800962390902,-0.025401135642175568,0.016864752402972694,-0.0006142636927396387,0.00878144299375764,-0.00441171989428515,0.0026007002461745777,-0.02586817958909924,0.07402862384432561,0.006773114483048709,0.03307312881582567,0.027670218109955912,-0.018091091612774685,-0.048392337028867985,-0.01676350815624672,-0.018834293362141222,-0.029324567984118977,0.005842755346949543,0.017666997201211787,0.005795369506250501,-0.011007513113728624,-0.029637819517387736,0.011766458943561743,0.04110720874563235,-0.021585614375664846,-0.04077070554481529,-0.0038082772519170546,0.015822520674981345,0.006773114483048709,0.0761929682738261,0.004191125037202436,0.0053163422308869675,0.005510576271490691,0.05320186169223774,0.010988391383962287,-0.030876906525049333,0.020289168903721923,0.009846342504240522,0.029411150394958674,-0.007976274319691107,0.0458940937674084,-0.06814995468889826,-0.0044773515511982226,0.00737835211351183,-0.00548658433950307,-0.012928603650339385,0.03023434675794536,-0.0328511651772663,0.03307312881582567,0.004191125037202436,0.07601533891473912,-0.02254904394237333,-0.0029843240428689315,-0.05447992932433218,-0.01498839895735833,0.028609110734910424,-0.007304788532598675,0.0004905096246329403,-0.04144112102091915,0.007951563741407618,-0.006611661713018728,0.019391528275498095,0.015884416502742985,-0.020188803602957477,0.016904370455879447,0.020117773776754916,-0.03927766278339796,-0.004255588715658188,0.027670218109955912,0.0053163422308869675,-0.02254904394237333,0.0692978540696704,-0.012929665171639432,-0.004083202239787462,-0.01632286183498652,-0.013710483029030643,-0.02096972079029788,-0.002143641254697362,0.03263796705129081,-0.013671963493743439,-0.012244304852707874,-0.006808246748092412,0.006660413560259348,0.018657076251400128,-0.03439175751519491,-0.018310951136989648,-0.013088870373940917,0.0064058248415000876,-0.018091091612774685,0.005510576271490691,-0.0029843240428689315,-0.012929665171639432,0.04044108781977188,0.03157293179843945,0.012239869033475004,0.0019965296408847926,-0.053296039539399924,-0.0010734954111429659,0.03454718930015622,0.0073658691999466674,-0.0703564950951549,0.0378754611338726,0.006899986862139191,0.05584365159069135,-0.042918041216123026,-0.04561485045730684,-0.0283235990194129,0.06340209702378749,-0.048392337028867985,0.05320186169223774,-0.05447992932433218,-0.004083202239787462,0.03157293179843945,0.1546392963751584,0.04868806154282322,-0.0005514107361454471,-0.024363702879690613,-0.008954430162784157,0.03573126561872921,-0.0028984995472752587,-0.040720724634555935,0.015945547745808343,-0.0011543513378272714,0.053154923447081955,-0.010476522889944996,-0.032484618706668925,0.0015499607847041926,0.029591962499646924,-0.01676350815624672,0.010988391383962287,-0.01498839895735833,-0.01632286183498652,0.012239869033475004,0.04868806154282322,0.05100841556108268
