0.00044720716892523483,-1.700866221958914e-5,0.000108081248487799,0.0002103005149789976,1.9210460855199516e-5,-0.0002056124539693595,-0.00013322777787310735,0.000198857570438864,-8.215442686231077e-5,0.00011966905086650337,7.347870143817697e-5,0.00021087578583341181,0.0001409269383292208,0.00011209641700320671,-0.0001506986812712942,-0.0002236261559167072,7.046858217250935e-5,5.9581674437935795e-5,7.848108305931642e-5,0.0001581589073729765,-1.700866221958914e-5,0.00017971200407698924,2.6951878536124593e-5,8.020466326335841e-5,6.143411694116492e-5,-8.725968755942451e-6,1.1987747876852224e-5,1.1920405979672356e-5,1.9641397484340036e-5,-6.363460751316065e-5,9.491270433694604e-6,1.5584309850728868e-5,3.1588632124312655e-5,1.8904991321369028e-5,-1.15141694307915e-5,-0.00012824740872291072,3.9110880932693346e-5,0.00013295104642300766,6.62537783880692e-5,0.00013895482083513304,0.000108081248487799,2.6951878536124593e-5,0.0002548615259414839,0.0001460502961922796,6.110117448736918e-5,-8.953904997129334e-5,-0.00012797288070642387,5.036791885003176e-5,-9.080958003920061e-5,4.0328824487888875e-5,-1.6133519125282945e-5,7.92674636466124e-5,0.00011703771135865708,0.00010350148612783831,-3.4858331718751064e-5,-0.00015984403952218736,2.6330236757235407e-6,0.00010548705742807299,0.00012537166755487703,0.00017378796232473686,0.0002103005149789976,8.020466326335841e-5,0.0001460502961922796,0.0005410102526410889,7.506706666191322e-5,-0.00019695411029925172,-8.731200859778653e-5,0.0002466876471005265,-0.00014691262001096262,0.00010619785648104059,-2.7375808489223623e-5,0.0003483473496849027,0.00023934348831755766,4.635129023759882e-5,-0.00014441590457195633,-0.00027613414701966146,0.00010688621219784982,0.0003936883332477909,0.00018946884469683633,0.0005141737994099745,1.9210460855199516e-5,6.143411694116492e-5,6.110117448736918e-5,7.506706666191322e-5,0.0003935450121146145,0.000180823047750003,-9.699194251279757e-5,0.00010510898641699335,-1.2703021764791846e-5,-7.166128138792897e-5,4.202636096771648e-5,-5.1194897675533934e-5,-2.5720234603151763e-5,0.00015832643247649966,-0.00017813349378157333,-9.796695380829206e-5,2.815354569875801e-5,0.0003312238107606215,0.00029478675215880844,0.00015843573461351331,-0.0002056124539693595,-8.725968755942451e-6,-8.953904997129334e-5,-0.00019695411029925172,0.000180823047750003,0.0005210654454905436,7.707425519821141e-5,-7.604121367206108e-5,0.00015824485874775225,-0.00022428176297179927,3.955517538866812e-5,-0.0002362749303383317,-0.0002240470467038158,0.00012771928403804386,-9.369715889641887e-5,9.176395435207806e-5,-3.2891996573315055e-5,0.00016322352334338658,0.0002027055058671102,1.0409195066663819e-5,-0.00013322777787310735,1.1987747876852224e-5,-0.00012797288070642387,-8.731200859778653e-5,-9.699194251279757e-5,7.707425519821141e-5,0.0003823607433305655,-0.00011455046413205642,0.0002685018045015927,-0.0001877011667737455,-3.4282388756228938e-6,-3.06602859918118e-5,-8.464320557998928e-5,-6.368113583653092e-5,9.368189057936987e-5,0.0001037567675138089,-5.1013636286418364e-5,-5.035175974465019e-5,-0.00010130265754007237,6.348592641104596e-5,0.000198857570438864,1.1920405979672356e-5,5.036791885003176e-5,0.0002466876471005265,0.00010510898641699335,-7.604121367206108e-5,-0.00011455046413205642,0.0003955685658495921,-0.00015167134251205984,0.00015006276082150867,2.6576589726741823e-5,0.0002668065756654969,0.0001384610837330153,5.201133275316147e-5,-0.00018342803407361575,-0.0001650653451382028,2.8942081944205553e-5,0.00028381254646475814,0.00020036551215872167,0.00039521096127900887,-8.215442686231077e-5,1.9641397484340036e-5,-9.080958003920061e-5,-0.00014691262001096262,-1.2703021764791846e-5,0.00015824485874775225,0.0002685018045015927,-0.00015167134251205984,0.0005086612502079833,-0.00028767205956715583,0.0001294130041698832,-0.0002507498232975498,-0.00023477271073908077,0.00011991123546856928,6.0083690209911984e-5,3.9357753151521186e-5,3.1138094360721245e-6,-3.809766830959679e-5,-1.554792924655948e-5,0.00010116551534571203,0.00011966905086650337,-6.363460751316065e-5,4.0328824487888875e-5,0.00010619785648104059,-7.166128138792897e-5,-0.00022428176297179927,-0.0001877011667737455,0.00015006276082150867,-0.00028767205956715583,0.00045411101678805417,-4.774265805891211e-5,0.00025982949714947214,0.00015835366445593078,-0.0001107064713770294,-4.068540425447927e-6,5.5892235555422715e-5,-5.5066928488327826e-5,-0.0001449194942047111,-0.00013644102383682244,-0.00010588717512750397,7.347870143817697e-5,9.491270433694604e-6,-1.6133519125282945e-5,-2.7375808489223623e-5,4.202636096771648e-5,3.955517538866812e-5,-3.4282388756228938e-6,2.6576589726741823e-5,0.0001294130041698832,-4.774265805891211e-5,0.00026951802212212017,-0.00012094664906167988,-0.00011960841210145092,5.172196992185128e-5,-3.740062691983447e-5,-5.9330995067830315e-5,5.486632758843746e-5,3.886746706106065e-5,1.680336531863125e-5,7.700381479983919e-5,0.00021087578583341181,1.5584309850728868e-5,7.92674636466124e-5,0.0003483473496849027,-5.1194897675533934e-5,-0.0002362749303383317,-3.06602859918118e-5,0.0002668065756654969,-0.0002507498232975498,0.00025982949714947214,-0.00012094664906167988,0.0006126393239808806,0.00027288129188172993,-7.965569957304471e-5,-6.810660929052953e-5,-8.528565769037609e-5,-3.198444365578493e-5,0.0001659501870791395,1.844953634253695e-5,0.0002726289221241633,0.0001409269383292208,3.1588632124312655e-5,0.00011703771135865708,0.00023934348831755766,-2.5720234603151763e-5,-0.0002240470467038158,-8.464320557998928e-5,0.0001384610837330153,-0.00023477271073908077,0.00015835366445593078,-0.00011960841210145092,0.00027288129188172993,0.00038454143002918545,-9.21702071318301e-5,2.0749494329679737e-5,-9.024743341105786e-5,2.317792599789549e-5,9.853327480194792e-5,-1.625302594754144e-5,0.00013751633719437744,0.00011209641700320671,1.8904991321369028e-5,0.00010350148612783831,4.635129023759882e-5,0.00015832643247649966,0.00012771928403804386,-6.368113583653092e-5,5.201133275316147e-5,0.00011991123546856928,-0.0001107064713770294,5.172196992185128e-5,-7.965569957304471e-5,-9.21702071318301e-5,0.00035579529099152824,-0.0001501051343583208,-0.00018005142386767832,1.7476852846003474e-5,0.00015660429890445988,0.00025864585681968796,0.00021334172098889416,-0.0001506986812712942,-1.15141694307915e-5,-3.4858331718751064e-5,-0.00014441590457195633,-0.00017813349378157333,-9.369715889641887e-5,9.368189057936987e-5,-0.00018342803407361575,6.0083690209911984e-5,-4.068540425447927e-6,-3.740062691983447e-5,-6.810660929052953e-5,2.0749494329679737e-5,-0.0001501051343583208,0.0003569905467132284,0.00019040177357387204,-7.102125411958201e-5,-0.00024232241820817675,-0.0002341387531391164,-0.0002517547075172525,-0.0002236261559167072,-0.00012824740872291072,-0.00015984403952218736,-0.00027613414701966146,-9.796695380829206e-5,9.176395435207806e-5,0.0001037567675138089,-0.0001650653451382028,3.9357753151521186e-5,5.5892235555422715e-5,-5.9330995067830315e-5,-8.528565769037609e-5,-9.024743341105786e-5,-0.00018005142386767832,0.00019040177357387204,0.0006188230394440977,-8.578350516055068e-5,-0.0002402368020393592,-0.0003492847160323415,-0.00040823293191953917,7.046858217250935e-5,3.9110880932693346e-5,2.6330236757235407e-6,0.00010688621219784982,2.815354569875801e-5,-3.2891996573315055e-5,-5.1013636286418364e-5,2.8942081944205553e-5,3.1138094360721245e-6,-5.5066928488327826e-5,5.486632758843746e-5,-3.198444365578493e-5,2.317792599789549e-5,1.7476852846003474e-5,-7.102125411958201e-5,-8.578350516055068e-5,0.00022722566174970417,0.0001571495332798687,1.3892728201006112e-5,0.00015416188905458455,5.9581674437935795e-5,0.00013295104642300766,0.00010548705742807299,0.0003936883332477909,0.0003312238107606215,0.00016322352334338658,-5.035175974465019e-5,0.00028381254646475814,-3.809766830959679e-5,-0.0001449194942047111,3.886746706106065e-5,0.0001659501870791395,9.853327480194792e-5,0.00015660429890445988,-0.00024232241820817675,-0.0002402368020393592,0.0001571495332798687,0.0009084338699992661,0.0004952662900704317,0.0006750986564426147,7.848108305931642e-5,6.62537783880692e-5,0.00012537166755487703,0.00018946884469683633,0.00029478675215880844,0.0002027055058671102,-0.00010130265754007237,0.00020036551215872167,-1.554792924655948e-5,-0.00013644102383682244,1.680336531863125e-5,1.844953634253695e-5,-1.625302594754144e-5,0.00025864585681968796,-0.0002341387531391164,-0.0003492847160323415,1.3892728201006112e-5,0.0004952662900704317,0.000622727749237157,0.0004240627222880763,0.0001581589073729765,0.00013895482083513304,0.00017378796232473686,0.0005141737994099745,0.00015843573461351331,1.0409195066663819e-5,6.348592641104596e-5,0.00039521096127900887,0.00010116551534571203,-0.00010588717512750397,7.700381479983919e-5,0.0002726289221241633,0.00013751633719437744,0.00021334172098889416,-0.0002517547075172525,-0.00040823293191953917,0.00015416188905458455,0.0006750986564426147,0.0004240627222880763,0.0012593758853721442
