0.014705555015792732,0.0037220087096742436,-0.002781809029265978,0.00020439658014813065,0.001865411241528866,0.0020045283665784735,0.0013148192313824853,-0.00318983975659144,0.0012265887164499352,0.0015725271882177597,0.005035234422834723,-9.6246826914853e-5,0.0007467619121442331,-0.00022402828966537234,0.0014889789914385014,-0.0021452243717737267,0.001856891975508565,-0.0014481006877618944,-0.004583972251505174,0.0025077835868354873,0.0037220087096742436,0.02108479904845733,-0.00029607688926767126,0.005786115263086383,0.003148436662523013,-0.004453737907328637,-0.001100883269241776,-0.0008648956602735549,-0.0033914485034433044,0.0036397752978374756,0.0007308449582096722,0.002874344192010731,-0.001780522744890097,-0.010671019153810385,-0.002918064281434019,-0.0025437780141836417,0.0007766600184763976,-0.0002200672363433447,-0.0006420765372169211,0.005304635019409906,-0.002781809029265978,-0.00029607688926767126,0.01608930688516918,0.0009701806089796363,0.0038481071396686394,0.0017514162047032353,-0.003513205877206384,0.0006803686629913124,0.00424825583663325,-0.0014113908379202547,-0.0002695376920788177,0.0008954688522105133,0.0016000384742453015,-0.0004026686952887178,-0.002251576434583187,0.0006602657341406829,0.0057730025367012435,0.0009151041017221551,0.00489356793951627,-0.0042708519447825595,0.00020439658014813065,0.005786115263086383,0.0009701806089796363,0.02461918811613415,0.008270419240511633,-0.0035067591485200703,-0.002150378895803912,0.004637275414160529,0.001488095943922334,0.0036155560100074305,-0.0037122447012950923,0.0028152675879129416,0.004467310005820818,-0.008140944745585538,-0.004395276270117458,-0.010457702422815244,0.004834367999297337,-0.0005204555401853077,0.0011008666410158648,-0.005470497746006896,0.001865411241528866,0.003148436662523013,0.0038481071396686394,0.008270419240511633,0.016364766105701176,-0.00217133146207226,-0.003981297629141069,0.007883323728351325,-0.0020163917438245846,-0.0006967453648488386,-0.003746532610875197,0.0014564993207778095,0.002484870879233059,-0.0057725448909630005,0.00027309065047876284,-0.009938261333350594,0.0036992155367991386,-0.0027446317535561615,-0.0019880046517754585,-0.0008578786544269669,0.0020045283665784735,-0.004453737907328637,0.0017514162047032353,-0.0035067591485200703,-0.00217133146207226,0.013679361706048679,-0.00042475753103686796,-0.0023173598546667677,0.00566403355042522,-0.0011775491110992172,-0.0006801518559446228,-0.001433686192182989,-0.0003416562768542494,-0.0008811399887872168,-0.0030246848436890766,0.005694973654946456,-0.0006517962557709791,0.007254690079020524,0.003487885952004001,-0.005684311871647772,0.0013148192313824853,-0.001100883269241776,-0.003513205877206384,-0.002150378895803912,-0.003981297629141069,-0.00042475753103686796,0.018300421667040677,-0.003332730376128105,-5.976417735371314e-5,0.004569118498617289,0.0015221642961957419,-0.002965055731799585,-0.0021778255780960888,0.0067952883911685715,0.00335559692058514,0.0008973026598421334,0.0028916720340291637,-0.00032245860234736943,0.002249842021155589,-0.0002961057889741892,-0.00318983975659144,-0.0008648956602735549,0.0006803686629913124,0.004637275414160529,0.007883323728351325,-0.0023173598546667677,-0.003332730376128105,0.025273777332161598,-0.0047864744615384435,0.0005824914058321494,-0.0016430319321465653,-0.0007041401903586497,0.0028094301025442317,0.004493908762388284,0.0026763536698349473,0.0008991313029298495,0.0036567978619042297,0.0019475509567299528,-0.00563618868083639,-0.0018381145559747407,0.0012265887164499352,-0.0033914485034433044,0.00424825583663325,0.001488095943922334,-0.0020163917438245846,0.00566403355042522,-5.976417735371314e-5,-0.0047864744615384435,0.026801179972967323,-0.0014200845902450992,-0.0023847464011659174,0.0005136002344824295,0.0007433492768106591,0.0019225237735967485,-0.005369333313103249,-0.005249059845899868,-0.0003396200395627025,-0.00018178688723061265,0.002697435098801293,-0.0019087606848854333,0.0015725271882177597,0.0036397752978374756,-0.0014113908379202547,0.0036155560100074305,-0.0006967453648488386,-0.0011775491110992172,0.004569118498617289,0.0005824914058321494,-0.0014200845902450992,0.018721003915408273,0.0016161438996190693,-0.0018692626267518843,-0.0017326198138188273,0.002699553788571649,0.0015483891430515728,-0.0013632133079584548,0.003334311242665395,-0.0030690189031609997,0.0029359876794404845,0.0031234956942778084,0.005035234422834723,0.0007308449582096722,-0.0002695376920788177,-0.0037122447012950923,-0.003746532610875197,-0.0006801518559446228,0.0015221642961957419,-0.0016430319321465653,-0.0023847464011659174,0.0016161438996190693,0.015132316947547252,0.0025179018206504897,-0.004390158170371885,-0.0024214538438458747,0.0006454141508505609,0.003968747998209794,-0.0029852254469743328,-0.0022475970158840073,-0.004322145945829312,0.004411596118125522,-9.6246826914853e-5,0.002874344192010731,0.0008954688522105133,0.0028152675879129416,0.0014564993207778095,-0.001433686192182989,-0.002965055731799585,-0.0007041401903586497,0.0005136002344824295,-0.0018692626267518843,0.0025179018206504897,0.015353170089074912,0.0038145255429608755,-0.006126728198437964,-0.002188249427638755,-0.0026898344082532284,-0.0023929712131017617,-0.0007857362214366996,-0.0037911150162704098,-0.0020423702080435676,0.0007467619121442331,-0.001780522744890097,0.0016000384742453015,0.004467310005820818,0.002484870879233059,-0.0003416562768542494,-0.0021778255780960888,0.0028094301025442317,0.0007433492768106591,-0.0017326198138188273,-0.004390158170371885,0.0038145255429608755,0.015575763981045154,-0.0006662364560998059,-0.0004331870499732042,-0.005896206575840742,0.00023434831898167327,-0.001535158576092221,0.001613998343138559,-0.0005596911702131754,-0.00022402828966537234,-0.010671019153810385,-0.0004026686952887178,-0.008140944745585538,-0.0057725448909630005,-0.0008811399887872168,0.0067952883911685715,0.004493908762388284,0.0019225237735967485,0.002699553788571649,-0.0024214538438458747,-0.006126728198437964,-0.0006662364560998059,0.027208832778989507,0.002915842152488664,0.006290494564082974,-0.0034765319893701706,0.005131346039503569,-0.0004691512045713308,-0.00042523816870273433,0.0014889789914385014,-0.002918064281434019,-0.002251576434583187,-0.004395276270117458,0.00027309065047876284,-0.0030246848436890766,0.00335559692058514,0.0026763536698349473,-0.005369333313103249,0.0015483891430515728,0.0006454141508505609,-0.002188249427638755,-0.0004331870499732042,0.002915842152488664,0.017244773935584854,0.0032621814872711846,0.004179727134774462,-0.0007178054133602926,0.00010589081146340685,0.0036054758478830315,-0.0021452243717737267,-0.0025437780141836417,0.0006602657341406829,-0.010457702422815244,-0.009938261333350594,0.005694973654946456,0.0008973026598421334,0.0008991313029298495,-0.005249059845899868,-0.0013632133079584548,0.003968747998209794,-0.0026898344082532284,-0.005896206575840742,0.006290494564082974,0.0032621814872711846,0.02688266545890351,-0.010999523560819527,0.004277423931537897,-0.0047595293769623626,0.0020118477643792836,0.001856891975508565,0.0007766600184763976,0.0057730025367012435,0.004834367999297337,0.0036992155367991386,-0.0006517962557709791,0.0028916720340291637,0.0036567978619042297,-0.0003396200395627025,0.003334311242665395,-0.0029852254469743328,-0.0023929712131017617,0.00023434831898167327,-0.0034765319893701706,0.004179727134774462,-0.010999523560819527,0.026010930737577004,-0.00178668982890334,0.006616355781974529,-0.009484714487495905,-0.0014481006877618944,-0.0002200672363433447,0.0009151041017221551,-0.0005204555401853077,-0.0027446317535561615,0.007254690079020524,-0.00032245860234736943,0.0019475509567299528,-0.00018178688723061265,-0.0030690189031609997,-0.0022475970158840073,-0.0007857362214366996,-0.001535158576092221,0.005131346039503569,-0.0007178054133602926,0.004277423931537897,-0.00178668982890334,0.019808328140845773,0.006216154046372761,-0.0013100088899918468,-0.004583972251505174,-0.0006420765372169211,0.00489356793951627,0.0011008666410158648,-0.0019880046517754585,0.003487885952004001,0.002249842021155589,-0.00563618868083639,0.002697435098801293,0.0029359876794404845,-0.004322145945829312,-0.0037911150162704098,0.001613998343138559,-0.0004691512045713308,0.00010589081146340685,-0.0047595293769623626,0.006616355781974529,0.006216154046372761,0.026394753523229477,-0.012868511958343236,0.0025077835868354873,0.005304635019409906,-0.0042708519447825595,-0.005470497746006896,-0.0008578786544269669,-0.005684311871647772,-0.0002961057889741892,-0.0018381145559747407,-0.0019087606848854333,0.0031234956942778084,0.004411596118125522,-0.0020423702080435676,-0.0005596911702131754,-0.00042523816870273433,0.0036054758478830315,0.0020118477643792836,-0.009484714487495905,-0.0013100088899918468,-0.012868511958343236,0.02225737912899458
