0.00043247848188410063,-6.110443367199926e-5,-8.604722719289146e-5,-0.0002448697685341842,-8.692182454968011e-5,-5.144296804453097e-5,-6.049414213318258e-5,-4.48943266108219e-5,-1.9916840967312352e-5,0.00013897334624767463,5.681318318820168e-5,5.5526122206999386e-5,-8.409592392397347e-5,-0.00011194748095966575,0.00010769246165826763,-5.867843544699322e-5,6.860493831858e-5,2.8564621116545738e-5,9.207157476491073e-5,-0.00011210428388293248,-6.110443367199926e-5,0.000502231648991711,-0.00019000675058039013,0.00023086635971816122,0.00015329178805050336,-2.7857220824762252e-5,0.00026325395814187137,8.181354505463004e-5,-0.0001703075094304411,-0.0002030081571198125,-0.00018143302637264403,7.90583275513659e-6,0.00023904256958077986,-0.0001520010856915577,-0.00023630670266358109,0.00025569479318458675,-9.782984764826662e-5,-1.5027756376746884e-5,-0.00011242701893529378,0.000302700542164391,-8.604722719289146e-5,-0.00019000675058039013,0.0006643591098878472,-0.00028156487469872793,-0.00014884316483278616,-4.643105067406679e-5,-7.452488039648006e-5,0.00010789968892240478,7.921377991715128e-5,0.00018071381937282937,0.0001541034887718703,-8.859856452156028e-5,-0.0001828739917532718,0.00031260493682870984,0.0002047007957498239,-0.00022308016773610144,0.0002526747429972458,-9.297630920372554e-5,-0.00014315599426144578,-0.00015075992712874483,-0.0002448697685341842,0.00023086635971816122,-0.00028156487469872793,0.0008806799931933035,0.00024516425877890057,0.00011564418156861204,0.00022266696405694593,3.6813125198893084e-5,-0.0001485746705389854,-0.0001712813163696642,-0.00013639835676935161,-9.19270489399169e-5,0.0005134091621576357,-0.0002644555620661814,-0.0002026577042908629,0.00020234384645288444,-0.00011788278978974834,-2.592252716186408e-5,-1.978209516246518e-5,0.00043935278770515144,-8.692182454968011e-5,0.00015329178805050336,-0.00014884316483278616,0.00024516425877890057,0.00039943153271024755,-5.593835164074333e-5,0.0001337601997983468,0.00010419352316649668,-7.563429554374599e-5,-7.942443942557755e-5,-3.718743310337808e-5,4.2690050563669957e-5,8.778845024225252e-5,-0.00012189870760444119,-0.00019452560030262616,6.174312516306735e-5,-1.4223850935433339e-5,-7.100577091629636e-5,5.203662684502566e-6,0.0002505581880021321,-5.144296804453097e-5,-2.7857220824762252e-5,-4.643105067406679e-5,0.00011564418156861204,-5.593835164074333e-5,0.00041751613173476615,-9.459601621760038e-6,-0.00010759076861898125,-4.786682889096117e-6,6.893766988612629e-5,-7.983490129319923e-5,8.745260919051207e-5,0.00018584832708133805,0.0002419294291655559,2.6457743795593097e-5,0.00027164772445280945,4.554960273647988e-5,-2.0341206334285524e-6,0.00010384419331328175,-0.000188086309825981,-6.049414213318258e-5,0.00026325395814187137,-7.452488039648006e-5,0.00022266696405694593,0.0001337601997983468,-9.459601621760038e-6,0.000376529392675592,0.00010067665412748744,-0.0001032285138266281,-9.267570361489214e-5,-8.1916515181325e-5,-7.651762809921398e-5,0.00022784338895450346,-9.062100530577428e-5,-0.0001944286561556118,0.0002006273590159224,-4.328717739218172e-5,-3.3964007494181134e-5,-7.310641732724094e-5,0.00023103702413696214,-4.48943266108219e-5,8.181354505463004e-5,0.00010789968892240478,3.6813125198893084e-5,0.00010419352316649668,-0.00010759076861898125,0.00010067665412748744,0.0002992630263892269,-4.8329417766650935e-5,-5.652592242801706e-5,1.264434533632176e-5,-9.212687672389408e-5,-3.844098104224965e-5,1.6324953759480754e-5,-9.179549492580234e-5,-9.708050800417847e-6,5.6868661039618265e-5,-6.814455581272781e-5,-0.0001315434826024847,0.00021098747038023933,-1.9916840967312352e-5,-0.0001703075094304411,7.921377991715128e-5,-0.0001485746705389854,-7.563429554374599e-5,-4.786682889096117e-6,-0.0001032285138266281,-4.8329417766650935e-5,0.0002544338039301219,2.481282822658573e-5,8.957609933806952e-5,3.888862163660549e-5,-0.0001486103354614204,0.00010102998447341475,9.04881025068943e-5,-8.686907251813833e-5,1.1584272664846738e-5,4.8690039294015805e-5,7.692307120777352e-5,-0.00015079338761289177,0.00013897334624767463,-0.0002030081571198125,0.00018071381937282937,-0.0001712813163696642,-7.942443942557755e-5,6.893766988612629e-5,-9.267570361489214e-5,-5.652592242801706e-5,2.481282822658573e-5,0.0003962681278634218,0.00014332420544505795,5.755552372830093e-5,-7.84592483757678e-5,8.578627263709426e-5,0.00014695487286786818,-0.00011466051052032717,0.00015740831813081365,-5.0682981122038986e-5,8.426314514504708e-5,-0.00023587547184048555,5.681318318820168e-5,-0.00018143302637264403,0.0001541034887718703,-0.00013639835676935161,-3.718743310337808e-5,-7.983490129319923e-5,-8.1916515181325e-5,1.264434533632176e-5,8.957609933806952e-5,0.00014332420544505795,0.0002782645251714555,1.240134047218239e-5,-0.00014201068928298893,-2.6064533695521096e-5,0.0001441003566068418,-0.00018910463092199916,4.724265544557565e-5,-8.295983935019567e-6,3.219761437958524e-5,-0.00010334425673090707,5.5526122206999386e-5,7.90583275513659e-6,-8.859856452156028e-5,-9.19270489399169e-5,4.2690050563669957e-5,8.745260919051207e-5,-7.651762809921398e-5,-9.212687672389408e-5,3.888862163660549e-5,5.755552372830093e-5,1.240134047218239e-5,0.0003981297042418881,-6.614485209484268e-5,2.3078113100248532e-5,8.187098565236124e-5,1.4608266929404747e-5,-4.993166586226904e-5,4.3946225853254104e-5,0.00010975210908373621,-0.00012821342030701818,-8.409592392397347e-5,0.00023904256958077986,-0.0001828739917532718,0.0005134091621576357,8.778845024225252e-5,0.00018584832708133805,0.00022784338895450346,-3.844098104224965e-5,-0.0001486103354614204,-7.84592483757678e-5,-0.00014201068928298893,-6.614485209484268e-5,0.0006102562546282361,-0.0001450539024454414,-0.0001579633957620034,0.0003080794125830524,-5.3540303531885335e-5,-1.8368098340139462e-5,1.817967134397993e-5,0.00021448444309808782,-0.00011194748095966575,-0.0001520010856915577,0.00031260493682870984,-0.0002644555620661814,-0.00012189870760444119,0.0002419294291655559,-9.062100530577428e-5,1.6324953759480754e-5,0.00010102998447341475,8.578627263709426e-5,-2.6064533695521096e-5,2.3078113100248532e-5,-0.0001450539024454414,0.0006589052765057331,0.00011972819160493265,0.00014843179851445074,0.00021133234457449126,-4.007517709887126e-5,2.2725529745783064e-5,-0.0003333194196628251,0.00010769246165826763,-0.00023630670266358109,0.0002047007957498239,-0.0002026577042908629,-0.00019452560030262616,2.6457743795593097e-5,-0.0001944286561556118,-9.179549492580234e-5,9.04881025068943e-5,0.00014695487286786818,0.0001441003566068418,8.187098565236124e-5,-0.0001579633957620034,0.00011972819160493265,0.0003658635866695915,-0.00016821269427111948,9.598699854378314e-5,1.9166438903994335e-5,4.383637187757255e-5,-0.00023759748888791798,-5.867843544699322e-5,0.00025569479318458675,-0.00022308016773610144,0.00020234384645288444,6.174312516306735e-5,0.00027164772445280945,0.0002006273590159224,-9.708050800417847e-6,-8.686907251813833e-5,-0.00011466051052032717,-0.00018910463092199916,1.4608266929404747e-5,0.0003080794125830524,0.00014843179851445074,-0.00016821269427111948,0.0006540039011548302,-1.113346341835438e-5,-2.4779768137430505e-5,7.054959936970493e-5,-1.4572277894508254e-5,6.860493831858e-5,-9.782984764826662e-5,0.0002526747429972458,-0.00011788278978974834,-1.4223850935433339e-5,4.554960273647988e-5,-4.328717739218172e-5,5.6868661039618265e-5,1.1584272664846738e-5,0.00015740831813081365,4.724265544557565e-5,-4.993166586226904e-5,-5.3540303531885335e-5,0.00021133234457449126,9.598699854378314e-5,-1.113346341835438e-5,0.0003290918017362432,-6.048269697801418e-5,-1.935630438561753e-5,-0.00010687977867979614,2.8564621116545738e-5,-1.5027756376746884e-5,-9.297630920372554e-5,-2.592252716186408e-5,-7.100577091629636e-5,-2.0341206334285524e-6,-3.3964007494181134e-5,-6.814455581272781e-5,4.8690039294015805e-5,-5.0682981122038986e-5,-8.295983935019567e-6,4.3946225853254104e-5,-1.8368098340139462e-5,-4.007517709887126e-5,1.9166438903994335e-5,-2.4779768137430505e-5,-6.048269697801418e-5,0.00018567859979434545,2.7521352264417085e-5,-3.6379521351938724e-5,9.207157476491073e-5,-0.00011242701893529378,-0.00014315599426144578,-1.978209516246518e-5,5.203662684502566e-6,0.00010384419331328175,-7.310641732724094e-5,-0.0001315434826024847,7.692307120777352e-5,8.426314514504708e-5,3.219761437958524e-5,0.00010975210908373621,1.817967134397993e-5,2.2725529745783064e-5,4.383637187757255e-5,7.054959936970493e-5,-1.935630438561753e-5,2.7521352264417085e-5,0.0002834933711751136,-0.00015489871881010377,-0.00011210428388293248,0.000302700542164391,-0.00015075992712874483,0.00043935278770515144,0.0002505581880021321,-0.000188086309825981,0.00023103702413696214,0.00021098747038023933,-0.00015079338761289177,-0.00023587547184048555,-0.00010334425673090707,-0.00012821342030701818,0.00021448444309808782,-0.0003333194196628251,-0.00023759748888791798,-1.4572277894508254e-5,-0.00010687977867979614,-3.6379521351938724e-5,-0.00015489871881010377,0.0006994740613573954
