0.03238467026715927,-0.004083241251986995,0.001445478948100232,0.011963088311159536,0.0027096666364406254,0.017080863912126747,0.007912739820790325,0.017542606621710245,0.004478453037425532,0.01431975593895169,0.0027670210500880116,0.008753813760831279,0.0019414670211740787,0.023630137046906887,0.018605578637526533,0.012161451904118518,0.0044833920719102825,0.017755616659598482,0.00030726022764352833,0.017734092605397725,-0.004083241251986995,0.06646479229065495,-0.006802530067908619,0.02409441602527916,0.013453306036790957,0.0011778304440066643,-0.0015880527833801832,-0.010123186676654601,0.007023617786327652,0.003225088386486001,0.004727318170926998,0.002173915384435633,0.01005649343175113,0.02077030694391697,0.026869466731342845,0.0026826398658548163,0.02311461858042689,0.0031972738279273964,-0.005405222059991799,0.008194905380678283,0.001445478948100232,-0.006802530067908619,0.02638892416502925,-0.004060982858415212,-0.006437969645096155,0.01126521469695121,0.003702058636745259,0.009386531953740514,0.012054420861769461,0.0013995804110684632,0.013731601612046715,0.0029638769023323684,0.013736687508630878,0.002259077606871929,-0.004017191764432833,0.008617823779928735,-0.00797895826862145,0.007299973729771341,0.001775498264071914,-0.00016796868298403532,0.011963088311159536,0.02409441602527916,-0.004060982858415212,0.045248130501244085,0.029263913194233326,-0.001580912049747387,0.00910258713103623,0.003998827909085333,0.018385051101652384,0.0066042332702783615,0.0013466927987575601,0.006147292129273408,-0.003783687492557499,0.017450395191291393,0.01279195958928505,0.014593498326712102,0.01579235715865241,0.016785786254818573,0.02074647933271318,0.01346847093099237,0.0027096666364406254,0.013453306036790957,-0.006437969645096155,0.029263913194233326,0.050588820084123146,-0.011636544401103606,0.005217024503112342,-0.004621613074646637,0.032265321055471745,-0.0015850077717550243,-0.0017519694606188425,-0.0026008818517057226,-0.002246553632140336,0.0036701585177467246,0.004307955029530697,0.007827018754741583,0.007918874475632982,0.005135258338943548,0.020586452181496972,0.01637375291782228,0.017080863912126747,0.0011778304440066643,0.01126521469695121,-0.001580912049747387,-0.011636544401103606,0.049011049073328414,-0.006178935620514989,0.00869266589619435,-0.005224725285266579,0.013793907859129454,0.006427099384774116,0.013844775304951982,0.014618394872193383,0.02494969876606442,0.02075216730750949,0.01797494199376613,-0.0030224735678454403,0.014855910521121979,0.004446354828966145,0.016852237729792365,0.007912739820790325,-0.0015880527833801832,0.003702058636745259,0.00910258713103623,0.005217024503112342,-0.006178935620514989,0.06407223101302945,-0.007102291507743873,0.012632851495473947,0.000990992337830923,0.01508167904125509,0.0013281287642179086,0.02079693352407078,0.014316068082037,-0.0031837301653112778,0.000996857146596892,0.032262813470200574,0.004392443721123313,0.0021232480018133736,0.017908689560822748,0.017542606621710245,-0.010123186676654601,0.009386531953740514,0.003998827909085333,-0.004621613074646637,0.00869266589619435,-0.007102291507743873,0.0782627138701377,0.01828054430104659,0.021516975595583653,0.013758845167015242,0.020402786814184226,-0.0039026984973844596,0.029796969199223027,0.025838022483167827,0.018070228383274572,-0.006092274457779303,0.031535052861144865,-0.0068550909812210474,0.01881544875861756,0.004478453037425532,0.007023617786327652,0.012054420861769461,0.018385051101652384,0.032265321055471745,-0.005224725285266579,0.012632851495473947,0.01828054430104659,0.06770710690728235,0.0001004629107054138,0.01820905507487046,-0.0013586971939411338,0.012173151981209464,0.004007726461022295,0.00683207007155557,0.010674828707558608,0.0041075298862289136,0.019546868978002778,0.02376416704576257,0.01896360275889466,0.01431975593895169,0.003225088386486001,0.0013995804110684632,0.0066042332702783615,-0.0015850077717550243,0.013793907859129454,0.000990992337830923,0.021516975595583653,0.0001004629107054138,0.029416897300656872,0.003273983935471531,0.013634025930283799,0.008893582567362859,0.028300923684343397,0.02271504660434117,0.017897332407117775,-0.0014090799231491792,0.017923913474428593,-0.0021445539346206907,0.01703373153346842,0.0027670210500880116,0.004727318170926998,0.013731601612046715,0.0013466927987575601,-0.0017519694606188425,0.006427099384774116,0.01508167904125509,0.013758845167015242,0.01820905507487046,0.003273983935471531,0.04907895222706692,0.013394518267870487,0.01520845262553432,0.015259048521985808,0.007776187398194906,0.01454427466198932,0.013975031658772421,0.014458392792082875,0.0027049841850192912,0.007500536003943085,0.008753813760831279,0.002173915384435633,0.0029638769023323684,0.006147292129273408,-0.0026008818517057226,0.013844775304951982,0.0013281287642179086,0.020402786814184226,-0.0013586971939411338,0.013634025930283799,0.013394518267870487,0.03747114625453001,0.0023172059460422004,0.03265687036085011,0.01513343044189822,0.020212779163967517,0.004483082306580386,0.01656240791256674,-0.007340115180454732,0.022170395316601865,0.0019414670211740787,0.01005649343175113,0.013736687508630878,-0.003783687492557499,-0.002246553632140336,0.014618394872193383,0.02079693352407078,-0.0039026984973844596,0.012173151981209464,0.008893582567362859,0.01520845262553432,0.0023172059460422004,0.037180918135188604,0.010613997205672226,0.007678907789733763,0.008333881314361904,0.011305145589514927,0.006280658998063353,0.00028859854504592164,0.013667330315006752,0.023630137046906887,0.02077030694391697,0.002259077606871929,0.017450395191291393,0.0036701585177467246,0.02494969876606442,0.014316068082037,0.029796969199223027,0.004007726461022295,0.028300923684343397,0.015259048521985808,0.03265687036085011,0.010613997205672226,0.07351824564040771,0.04189654321726986,0.02845107481090861,0.023196660059491052,0.02527150532367188,0.0003816280206877078,0.037116836866866086,0.018605578637526533,0.026869466731342845,-0.004017191764432833,0.01279195958928505,0.004307955029530697,0.02075216730750949,-0.0031837301653112778,0.025838022483167827,0.00683207007155557,0.02271504660434117,0.007776187398194906,0.01513343044189822,0.007678907789733763,0.04189654321726986,0.05463941276828327,0.017974057813331074,0.012379346366141996,0.017559830072650252,-0.00578616693154032,0.02614479616555321,0.012161451904118518,0.0026826398658548163,0.008617823779928735,0.014593498326712102,0.007827018754741583,0.01797494199376613,0.000996857146596892,0.018070228383274572,0.010674828707558608,0.017897332407117775,0.01454427466198932,0.020212779163967517,0.008333881314361904,0.02845107481090861,0.017974057813331074,0.04730434031428747,0.004945228762354734,0.032115574037411276,0.016320946927620393,0.02258754369663444,0.0044833920719102825,0.02311461858042689,-0.00797895826862145,0.01579235715865241,0.007918874475632982,-0.0030224735678454403,0.032262813470200574,-0.006092274457779303,0.0041075298862289136,-0.0014090799231491792,0.013975031658772421,0.004483082306580386,0.011305145589514927,0.023196660059491052,0.012379346366141996,0.004945228762354734,0.04261727664140231,0.004096354806844832,-0.00625804797311176,0.01728424847008507,0.017755616659598482,0.0031972738279273964,0.007299973729771341,0.016785786254818573,0.005135258338943548,0.014855910521121979,0.004392443721123313,0.031535052861144865,0.019546868978002778,0.017923913474428593,0.014458392792082875,0.01656240791256674,0.006280658998063353,0.02527150532367188,0.017559830072650252,0.032115574037411276,0.004096354806844832,0.05724588549082628,0.017642434008095245,0.023355599669276257,0.00030726022764352833,-0.005405222059991799,0.001775498264071914,0.02074647933271318,0.020586452181496972,0.004446354828966145,0.0021232480018133736,-0.0068550909812210474,0.02376416704576257,-0.0021445539346206907,0.0027049841850192912,-0.007340115180454732,0.00028859854504592164,0.0003816280206877078,-0.00578616693154032,0.016320946927620393,-0.00625804797311176,0.017642434008095245,0.056010411296320534,0.005327135689442039,0.017734092605397725,0.008194905380678283,-0.00016796868298403532,0.01346847093099237,0.01637375291782228,0.016852237729792365,0.017908689560822748,0.01881544875861756,0.01896360275889466,0.01703373153346842,0.007500536003943085,0.022170395316601865,0.013667330315006752,0.037116836866866086,0.02614479616555321,0.02258754369663444,0.01728424847008507,0.023355599669276257,0.005327135689442039,0.0569177639982759
0.048004000295703245,0.03992658944625352,0.05170965678523344,0.0391403811792333,0.028887610299620836,0.004113253627314514,0.015787907454310163,0.030579215479051142,0.03600429504718762,0.055299584963027955,0.013773212610611152,0.03262571702115734,0.03371371434195157,0.03118795136660668,0.010396812616388255,0.02023117193143257,0.030941586987478346,0.004062034076771935,0.018204018375270362,0.011956744375813892,0.03992658944625352,0.06923811608689978,0.06846415210833946,0.05223454420088464,0.03424540445479287,-0.007246843286898176,0.03555167734270232,0.028496894861171976,0.03833585432358242,0.0654324574386203,0.021593132688398298,0.04430341897768703,0.048582782693592064,0.04415755950453573,0.015880762873145896,0.02737059738175409,0.06073090941269876,0.0026784858289350985,0.024340706983430688,0.008137937116278113,0.05170965678523344,0.06846415210833946,0.13709299228124172,0.0821996259753124,0.05314688845405716,-0.016032567805220672,0.04762531255891468,0.023072323208622965,0.05042958305644907,0.09825604255080234,0.01874410046328491,0.05564807900042997,0.06962858386318661,0.05348853180261584,0.023375909982208808,0.04405323921331646,0.09939571452581869,-0.013705585107855238,0.027856335519278252,-0.01251183039869462,0.0391403811792333,0.05223454420088464,0.0821996259753124,0.11450342845570252,0.045749268125620565,-0.018093757499574484,0.021834664508869762,0.01863863298185396,0.08018298068402749,0.08257074909392823,0.02371519894829012,0.06370574369620624,0.0527103400855577,0.056705441653730856,0.017863991856630346,0.02498981341671866,0.06782376555422806,-0.0061657388565563385,0.02983749811101929,0.01655983022475392,0.028887610299620836,0.03424540445479287,0.05314688845405716,0.045749268125620565,0.043656919941967645,-1.7260602188541065e-5,0.015942675522802218,0.022905246188854537,0.037512496425462956,0.056708197946899463,0.015785084470052953,0.032094347405284815,0.03126077481596289,0.02961666739874342,0.0023676112065461473,0.020222998027672922,0.0381560664080446,-0.0029628391743691997,0.017466689586192685,0.011634354161293978,0.004113253627314514,-0.007246843286898176,-0.016032567805220672,-0.018093757499574484,-1.7260602188541065e-5,0.04543546557124184,-0.020812347899907345,0.025932379374050216,0.013740581179187264,4.714142587011825e-5,-0.003247434010080488,-0.00673257925170893,-0.009052550676096362,-0.0039767080785935984,-0.02133817721104989,-0.0031684126322423225,-0.03868045158386769,0.0072168222399887905,-0.0012631195741424944,0.02500707462805312,0.015787907454310163,0.03555167734270232,0.04762531255891468,0.021834664508869762,0.015942675522802218,-0.020812347899907345,0.0635826084804146,0.006274258324233764,0.0068481199822875306,0.03838197819235318,0.025027476682801232,0.024088458854674418,0.04085510873681593,0.019121918701379366,0.017163800683804502,0.014864888373940387,0.0685688682036392,-0.005255541797385504,0.01620839889322903,-0.009664846648849097,0.030579215479051142,0.028496894861171976,0.023072323208622965,0.01863863298185396,0.022905246188854537,0.025932379374050216,0.006274258324233764,0.0615067106751977,0.03651987009446699,0.04367754647836809,0.012348415390260473,0.017592469616905096,0.021717652396616584,0.02049005789289745,-0.007696206888381441,0.01956819334721166,0.013909382739102548,0.016757014854075464,0.022798305839659694,0.035741365937930536,0.03600429504718762,0.03833585432358242,0.05042958305644907,0.08018298068402749,0.037512496425462956,0.013740581179187264,0.0068481199822875306,0.03651987009446699,0.1043822178083101,0.06532696931737043,0.0165990877832379,0.046382689161619896,0.04096665550607083,0.04870134761265299,0.0023220095148046883,0.021960383517612373,0.03326421618463729,0.005856330309754314,0.021961869842805595,0.03819830386983717,0.055299584963027955,0.0654324574386203,0.09825604255080234,0.08257074909392823,0.056708197946899463,4.714142587011825e-5,0.03838197819235318,0.04367754647836809,0.06532696931737043,0.10978681761150715,0.028110071038390083,0.05713993478344771,0.06096383182047983,0.05639024761495826,0.013124608458577432,0.038202014969353784,0.08078051887006166,0.00031309666446058433,0.03803149208416254,0.015320411880781232,0.013773212610611152,0.021593132688398298,0.01874410046328491,0.02371519894829012,0.015785084470052953,-0.003247434010080488,0.025027476682801232,0.012348415390260473,0.0165990877832379,0.028110071038390083,0.04616705777167802,0.018969188393967877,0.028148018811989632,0.017367908679160333,0.012935010976071923,0.003954530588790905,0.037606718559246355,0.007058681313592602,0.015291255763498914,0.015339700670811331,0.03262571702115734,0.04430341897768703,0.05564807900042997,0.06370574369620624,0.032094347405284815,-0.00673257925170893,0.024088458854674418,0.017592469616905096,0.046382689161619896,0.05713993478344771,0.018969188393967877,0.06210280361533662,0.04091346135859231,0.040111218688543296,0.014627712074226376,0.01941155367009579,0.04254009936839488,-0.0021232830426880485,0.021446580155270727,0.012525731408520806,0.03371371434195157,0.048582782693592064,0.06962858386318661,0.0527103400855577,0.03126077481596289,-0.009052550676096362,0.04085510873681593,0.021717652396616584,0.04096665550607083,0.06096383182047983,0.028148018811989632,0.04091346135859231,0.06780176483813591,0.033710139669115555,0.01680455241653582,0.020965395229946743,0.0662665014917436,0.0017986598832640732,0.02171141971361187,0.0034163134365513183,0.03118795136660668,0.04415755950453573,0.05348853180261584,0.056705441653730856,0.02961666739874342,-0.0039767080785935984,0.019121918701379366,0.02049005789289745,0.04870134761265299,0.05639024761495826,0.017367908679160333,0.040111218688543296,0.033710139669115555,0.05582454093574057,0.009421376186034228,0.020707490926158666,0.0387247108757917,-0.0002549195011150832,0.020179364085004616,0.01239745056683233,0.010396812616388255,0.015880762873145896,0.023375909982208808,0.017863991856630346,0.0023676112065461473,-0.02133817721104989,0.017163800683804502,-0.007696206888381441,0.0023220095148046883,0.013124608458577432,0.012935010976071923,0.014627712074226376,0.01680455241653582,0.009421376186034228,0.030823170990863187,0.0005329336954565935,0.027863310071827033,-0.0037979657879658006,0.004271311935771821,-0.011370406697717056,0.02023117193143257,0.02737059738175409,0.04405323921331646,0.02498981341671866,0.020222998027672922,-0.0031684126322423225,0.014864888373940387,0.01956819334721166,0.021960383517612373,0.038202014969353784,0.003954530588790905,0.01941155367009579,0.020965395229946743,0.020707490926158666,0.0005329336954565935,0.038148714946193346,0.035301705228453634,-0.005812942183413381,0.014163883964143038,0.00426788393801864,0.030941586987478346,0.06073090941269876,0.09939571452581869,0.06782376555422806,0.0381560664080446,-0.03868045158386769,0.0685688682036392,0.013909382739102548,0.03326421618463729,0.08078051887006166,0.037606718559246355,0.04254009936839488,0.0662665014917436,0.0387247108757917,0.027863310071827033,0.035301705228453634,0.14403384194915983,-0.014430843009612244,0.030985126126739183,-0.011728992923614895,0.004062034076771935,0.0026784858289350985,-0.013705585107855238,-0.0061657388565563385,-0.0029628391743691997,0.0072168222399887905,-0.005255541797385504,0.016757014854075464,0.005856330309754314,0.00031309666446058433,0.007058681313592602,-0.0021232830426880485,0.0017986598832640732,-0.0002549195011150832,-0.0037979657879658006,-0.005812942183413381,-0.014430843009612244,0.02669786381796409,0.004761319640145913,0.018992778083254155,0.018204018375270362,0.024340706983430688,0.027856335519278252,0.02983749811101929,0.017466689586192685,-0.0012631195741424944,0.01620839889322903,0.022798305839659694,0.021961869842805595,0.03803149208416254,0.015291255763498914,0.021446580155270727,0.02171141971361187,0.020179364085004616,0.004271311935771821,0.014163883964143038,0.030985126126739183,0.004761319640145913,0.030430785270393515,0.011861444735946773,0.011956744375813892,0.008137937116278113,-0.01251183039869462,0.01655983022475392,0.011634354161293978,0.02500707462805312,-0.009664846648849097,0.035741365937930536,0.03819830386983717,0.015320411880781232,0.015339700670811331,0.012525731408520806,0.0034163134365513183,0.01239745056683233,-0.011370406697717056,0.00426788393801864,-0.011728992923614895,0.018992778083254155,0.011861444735946773,0.058618716567592044
0.06312853625000864,0.012798089566626453,0.020988413961918133,0.02614266301777351,0.021112831677221226,0.03755009770527979,-0.016294340019724456,0.033026206528422405,0.05916889135827606,0.011106921034840572,0.015132661627351027,0.007492343870891692,0.014520992258647447,0.02646862199465645,0.03662418803676552,0.01476403751837366,0.008784106239054904,0.044664682491031144,-0.012410084109488333,0.02927941014578207,0.012798089566626453,0.06855655271914513,-6.170468243843572e-5,-0.0034908371398358062,-0.011790474581053614,0.021932242773211215,0.0018282738506573482,0.00900368496235909,0.007480496044954564,0.0034851425539981105,0.007812466997502576,-0.015640863352493064,0.01973959872356742,0.010314640697639006,0.04977304956696212,-0.018062485710910132,0.01336386404710497,0.01911410625788345,-0.012275560127373176,0.030411793122473104,0.020988413961918133,-6.170468243843572e-5,0.0396665937610031,0.005950884692160588,0.009797136157840135,-0.006698318501516307,0.0031980861093707505,-0.002109167853628042,0.01745017743854352,-0.013404449222943494,0.01584631711166355,0.009594653037716037,-0.011575076008878363,0.016393707910351732,0.013459703191919952,0.019953604267925605,-0.0046876242798822255,0.027558516739131504,0.005030181428501266,0.001728949046342126,0.02614266301777351,-0.0034908371398358062,0.005950884692160588,0.04736651043166404,0.026972612123315146,0.017922675164546098,-0.009640393844963199,0.024931905373011713,0.03434318879505993,0.02400429782464642,0.0017013058679805383,0.01767115435120547,0.020421842262271454,0.02787006583823995,-0.00031127444916941374,0.015798796990165967,0.013536932344328775,0.01914810043803693,0.0021473919338383207,0.017305999937532086,0.021112831677221226,-0.011790474581053614,0.009797136157840135,0.026972612123315146,0.056006920217252884,0.03028370720510893,-0.005087226124526749,0.03216009674778038,0.042662526864375425,0.017447086355729433,-0.0010075193404594793,0.0055838169460036445,0.029982057351923275,0.017833610376629293,0.008897349112816165,0.018913266856352837,0.012073978351906597,0.02288522077141223,1.953930683525843e-5,0.03613608453411311,0.03755009770527979,0.021932242773211215,-0.006698318501516307,0.017922675164546098,0.03028370720510893,0.1652323510049794,-0.003915920488992716,0.07174550339243894,0.043133541935240834,0.0660991625546658,0.023915729692892726,0.018305371926597397,0.08816485084012625,0.05150660320776196,0.04513957742101805,0.009810788005976553,0.013850716207459934,0.030765924757112834,-0.016938964843464556,0.08576593719076098,-0.016294340019724456,0.0018282738506573482,0.0031980861093707505,-0.009640393844963199,-0.005087226124526749,-0.003915920488992716,0.040449455734760074,-0.004445389077507604,-0.024174310971771685,-0.003232027705603613,0.004133400145323797,0.0038446372328147125,0.0010400013763130268,0.00834562850180154,-0.006031552426946478,0.006232046359961382,0.002505781357540769,-0.004495276785626149,0.009025208963690596,0.002256809548496376,0.033026206528422405,0.00900368496235909,-0.002109167853628042,0.024931905373011713,0.03216009674778038,0.07174550339243894,-0.004445389077507604,0.07731211549425285,0.04345815915419062,0.03532997736227818,0.002621149081515865,0.00566033532229065,0.052449307504117124,0.02597339569704034,0.02931948390157418,0.0036054276605577496,0.01532398986537721,0.028777770197475412,-0.01800125566910947,0.06457232054897194,0.05916889135827606,0.007480496044954564,0.01745017743854352,0.03434318879505993,0.042662526864375425,0.043133541935240834,-0.024174310971771685,0.04345815915419062,0.11560670895882139,0.0079964437746868,0.0011502785379628386,0.012969714252537264,0.03081614233550613,0.025366331962672344,0.04495827883961048,0.02315770566727844,0.016335742322624573,0.057205058310066975,0.0035223559426178544,0.05353235062532696,0.011106921034840572,0.0034851425539981105,-0.013404449222943494,0.02400429782464642,0.017447086355729433,0.0660991625546658,-0.003232027705603613,0.03532997736227818,0.0079964437746868,0.057593144604131105,0.004076740432953681,0.002324278757693956,0.04765255875669868,0.03665407836327716,0.010465407650669199,-0.0014082005478226348,0.0132188001720416,0.0034286548137864156,-0.011547298527585122,0.04014901013468616,0.015132661627351027,0.007812466997502576,0.01584631711166355,0.0017013058679805383,-0.0010075193404594793,0.023915729692892726,0.004133400145323797,0.002621149081515865,0.0011502785379628386,0.004076740432953681,0.042703212950861505,0.007359547537887067,0.0070246820810506705,0.01662298218874842,0.017238882029927446,0.005641106889089252,0.006719590817234271,0.010734136419600533,-0.004146934117418731,-0.0018159405692650347,0.007492343870891692,-0.015640863352493064,0.009594653037716037,0.01767115435120547,0.0055838169460036445,0.018305371926597397,0.0038446372328147125,0.00566033532229065,0.012969714252537264,0.002324278757693956,0.007359547537887067,0.049619282537159005,0.0036642493301068755,0.032364687299499074,-0.021418698416334838,0.03390397090482761,-0.0030431496611405115,0.01081512352097616,0.018420983815805154,0.0037562940465310987,0.014520992258647447,0.01973959872356742,-0.011575076008878363,0.020421842262271454,0.029982057351923275,0.08816485084012625,0.0010400013763130268,0.052449307504117124,0.03081614233550613,0.04765255875669868,0.0070246820810506705,0.0036642493301068755,0.07484502225077291,0.03266789493688851,0.02629230199927164,-0.001894046442350042,0.024445155933733018,0.015855355121140415,-0.012051471254127671,0.06677223725732405,0.02646862199465645,0.010314640697639006,0.016393707910351732,0.02787006583823995,0.017833610376629293,0.05150660320776196,0.00834562850180154,0.02597339569704034,0.025366331962672344,0.03665407836327716,0.01662298218874842,0.032364687299499074,0.03266789493688851,0.08592609073196994,0.017177781273238248,0.02592883293522686,0.019311487844309527,0.027922469646447186,0.015874064475653572,0.04698323467048962,0.03662418803676552,0.04977304956696212,0.013459703191919952,-0.00031127444916941374,0.008897349112816165,0.04513957742101805,-0.006031552426946478,0.02931948390157418,0.04495827883961048,0.010465407650669199,0.017238882029927446,-0.021418698416334838,0.02629230199927164,0.017177781273238248,0.10182839765269416,-0.024676614631056144,0.017592664228114435,0.03579322353638618,-0.022118674657996537,0.05566711220245322,0.01476403751837366,-0.018062485710910132,0.019953604267925605,0.015798796990165967,0.018913266856352837,0.009810788005976553,0.006232046359961382,0.0036054276605577496,0.02315770566727844,-0.0014082005478226348,0.005641106889089252,0.03390397090482761,-0.001894046442350042,0.02592883293522686,-0.024676614631056144,0.05799420122299164,-0.006575783718438708,0.020209314812034113,0.025947492832289542,0.0016689295268348331,0.008784106239054904,0.01336386404710497,-0.0046876242798822255,0.013536932344328775,0.012073978351906597,0.013850716207459934,0.002505781357540769,0.01532398986537721,0.016335742322624573,0.0132188001720416,0.006719590817234271,-0.0030431496611405115,0.024445155933733018,0.019311487844309527,0.017592664228114435,-0.006575783718438708,0.03041006101679338,0.00856322299498751,-0.012047845347463584,0.028052705473250544,0.044664682491031144,0.01911410625788345,0.027558516739131504,0.01914810043803693,0.02288522077141223,0.030765924757112834,-0.004495276785626149,0.028777770197475412,0.057205058310066975,0.0034286548137864156,0.010734136419600533,0.01081512352097616,0.015855355121140415,0.027922469646447186,0.03579322353638618,0.020209314812034113,0.00856322299498751,0.06389343260632682,-0.0016152324600207913,0.03652348928636091,-0.012410084109488333,-0.012275560127373176,0.005030181428501266,0.0021473919338383207,1.953930683525843e-5,-0.016938964843464556,0.009025208963690596,-0.01800125566910947,0.0035223559426178544,-0.011547298527585122,-0.004146934117418731,0.018420983815805154,-0.012051471254127671,0.015874064475653572,-0.022118674657996537,0.025947492832289542,-0.012047845347463584,-0.0016152324600207913,0.04559535676430449,-0.01135901967371295,0.02927941014578207,0.030411793122473104,0.001728949046342126,0.017305999937532086,0.03613608453411311,0.08576593719076098,0.002256809548496376,0.06457232054897194,0.05353235062532696,0.04014901013468616,-0.0018159405692650347,0.0037562940465310987,0.06677223725732405,0.04698323467048962,0.05566711220245322,0.0016689295268348331,0.028052705473250544,0.03652348928636091,-0.01135901967371295,0.1051234394926678
