0.023232468055521326,0.0044902314433808155,0.0011183539240819844,0.0018339224759334337,0.014316350099370208,-0.01938428295085641,0.002901806194655919,-8.96458212143944e-5,0.0007507631070369552,0.018181657624862714,-0.00869671196000744,0.00023973923062892643,0.00047678834768456616,0.028627214783543797,-0.022853712655479655,-0.014871643782159976,-0.00845484326702542,-0.012800392192884109,0.021165635114416423,-0.007100253277615768,0.0044902314433808155,0.024389398027457126,0.008366313087895715,-0.009431496479269877,0.016534436034876303,-0.015478062039987526,-0.0022116565928753055,9.613744385432855e-6,-0.004434065188127298,0.01606141037227764,-0.015872411725499615,-0.013376317499192748,0.003929078833900212,0.00958639641408449,-0.011315790251252518,-0.012000265278536816,-0.0034681944393712364,-0.001563684293012304,0.011575490359443998,-0.007801558122740696,0.0011183539240819844,0.008366313087895715,0.020546668718659813,-0.0069395784353495134,0.016710661199666566,-0.0063750311247713735,-0.006002977535041984,0.0022660989842906883,-1.5471865074394037e-5,0.013972657880294746,-0.009977143340711984,-0.01040003814905224,-0.0036055917223058046,0.009903461537682158,-0.0201235575507707,-0.0058058848727119295,-0.002538393687793317,-0.0020126206583984084,0.013867735040151045,-0.00883579643918694,0.0018339224759334337,-0.009431496479269877,-0.0069395784353495134,0.03717626868873166,-0.0009196884894855008,0.004018418908312126,-0.013612526402917758,-0.0016473407008269609,0.017357036139632492,-0.002682700852722963,0.01271183558077196,0.017705794863257455,0.003973148109666345,0.010274598659844703,-0.0029806532558776556,0.003025853661535658,0.004264438477533215,-0.0018198508208467222,-0.00026633067592052913,-0.006618793376713938,0.014316350099370208,0.016534436034876303,0.016710661199666566,-0.0009196884894855008,0.14932709714117523,-0.06866846456203102,-0.040330028533430706,-0.010373338034299648,0.020768154368429236,0.08150898561891697,-0.03070510130238873,-0.060690832922747344,0.024161164247712155,0.05840567031540536,-0.08419429667422634,-0.07664331410882874,-0.033912714275844885,0.013792393113502992,0.09659455260730541,-0.031815469388165485,-0.01938428295085641,-0.015478062039987526,-0.0063750311247713735,0.004018418908312126,-0.06866846456203102,0.0873162889288905,0.005133075475934943,0.009032516453266456,-0.006257978343937226,-0.05205540930189537,0.047323827756934604,0.03274092202483182,-0.002540702816697083,-0.03778669804663379,0.0188628515862974,0.06555358625276533,0.021718139611353406,0.003576025328647827,-0.07334797787043784,0.014924740602929969,0.002901806194655919,-0.0022116565928753055,-0.006002977535041984,-0.013612526402917758,-0.040330028533430706,0.005133075475934943,0.04365450832663101,0.009308307755742987,-0.01661605746543221,-0.017321924041703643,0.0064067249877651925,0.0050297441610977515,-0.015039194335104549,-0.026355583292223622,0.036626249284302956,0.0170503103000929,0.005958325236706972,0.009684028559061416,-0.019848212741240268,0.01898521908923054,-8.96458212143944e-5,9.613744385432855e-6,0.0022660989842906883,-0.0016473407008269609,-0.010373338034299648,0.009032516453266456,0.009308307755742987,0.018968142551442243,0.0017708921563284832,-0.005003911727982369,0.009227285585854263,0.0023225184668566453,-0.005549399759909663,-0.008207407446286383,-0.0071119852564200635,0.020428046883235018,0.00040239216899517105,0.008643870745591224,-0.009776173727733248,0.001608133955427497,0.0007507631070369552,-0.004434065188127298,-1.5471865074394037e-5,0.017357036139632492,0.020768154368429236,-0.006257978343937226,-0.01661605746543221,0.0017708921563284832,0.024807030629833943,0.008389043182825847,0.005135909937591186,-0.0012642005833640919,0.0018047252216041093,0.008543034513470348,-0.014068412518687252,-0.008739568958518197,0.0010954622001479234,0.008896281953014716,0.016448022304452293,-0.011307610657059486,0.018181657624862714,0.01606141037227764,0.013972657880294746,-0.002682700852722963,0.08150898561891697,-0.05205540930189537,-0.017321924041703643,-0.005003911727982369,0.008389043182825847,0.08548886569920222,-0.01891421073547235,-0.03980516016824938,0.008989014833925182,0.05319616356258755,-0.0702529977847681,-0.06133251164896975,-0.020428899676851422,-0.012029799911811814,0.0691088955406696,-0.02126512521268406,-0.00869671196000744,-0.015872411725499615,-0.009977143340711984,0.01271183558077196,-0.03070510130238873,0.047323827756934604,0.0064067249877651925,0.009227285585854263,0.005135909937591186,-0.01891421073547235,0.06684040762299841,0.018708665859990342,0.004460813246797651,-0.008175791108319837,-0.02438691667982621,0.043774674711375354,0.012077099430574986,0.011438791402167145,-0.03934099761332082,0.007864528109929885,0.00023973923062892643,-0.013376317499192748,-0.01040003814905224,0.017705794863257455,-0.060690832922747344,0.03274092202483182,0.0050297441610977515,0.0023225184668566453,-0.0012642005833640919,-0.03980516016824938,0.018708665859990342,0.05109746093673833,-0.007425714088856287,-0.008399850071778285,0.023354803627549894,0.036041178390986965,0.014788381615946262,-0.01429784707736173,-0.04417762380016675,0.0036583236288676587,0.00047678834768456616,0.003929078833900212,-0.0036055917223058046,0.003973148109666345,0.024161164247712155,-0.002540702816697083,-0.015039194335104549,-0.005549399759909663,0.0018047252216041093,0.008989014833925182,0.004460813246797651,-0.007425714088856287,0.03040848344009476,0.01100497262938304,-0.01617628353460892,-0.008247321842314321,-0.007860053914766818,0.005649169873253642,0.003606847080778064,-0.004758445770622846,0.028627214783543797,0.00958639641408449,0.009903461537682158,0.010274598659844703,0.05840567031540536,-0.03778669804663379,-0.026355583292223622,-0.008207407446286383,0.008543034513470348,0.05319616356258755,-0.008175791108319837,-0.008399850071778285,0.01100497262938304,0.10465439916562155,-0.10974729783264714,-0.040526494542931536,-0.016411119585121,-0.04209337787474666,0.06064820819159136,-0.041425901815824624,-0.022853712655479655,-0.011315790251252518,-0.0201235575507707,-0.0029806532558776556,-0.08419429667422634,0.0188628515862974,0.036626249284302956,-0.0071119852564200635,-0.014068412518687252,-0.0702529977847681,-0.02438691667982621,0.023354803627549894,-0.01617628353460892,-0.10974729783264714,0.21065493261996632,0.017644639652675792,0.025604216281149714,0.03459834007585237,-0.06495336625776651,0.06253921806157874,-0.014871643782159976,-0.012000265278536816,-0.0058058848727119295,0.003025853661535658,-0.07664331410882874,0.06555358625276533,0.0170503103000929,0.020428046883235018,-0.008739568958518197,-0.06133251164896975,0.043774674711375354,0.036041178390986965,-0.008247321842314321,-0.040526494542931536,0.017644639652675792,0.08864759866294984,0.022969114522379742,0.013069715422543348,-0.07469204274668409,0.009895078756387404,-0.00845484326702542,-0.0034681944393712364,-0.002538393687793317,0.004264438477533215,-0.033912714275844885,0.021718139611353406,0.005958325236706972,0.00040239216899517105,0.0010954622001479234,-0.020428899676851422,0.012077099430574986,0.014788381615946262,-0.007860053914766818,-0.016411119585121,0.025604216281149714,0.022969114522379742,0.026478368545145195,0.004093466119069404,-0.027324306796595012,0.010754429779449456,-0.012800392192884109,-0.001563684293012304,-0.0020126206583984084,-0.0018198508208467222,0.013792393113502992,0.003576025328647827,0.009684028559061416,0.008643870745591224,0.008896281953014716,-0.012029799911811814,0.011438791402167145,-0.01429784707736173,0.005649169873253642,-0.04209337787474666,0.03459834007585237,0.013069715422543348,0.004093466119069404,0.05949477853907734,-0.007021649690292463,0.013697649491915102,0.021165635114416423,0.011575490359443998,0.013867735040151045,-0.00026633067592052913,0.09659455260730541,-0.07334797787043784,-0.019848212741240268,-0.009776173727733248,0.016448022304452293,0.0691088955406696,-0.03934099761332082,-0.04417762380016675,0.003606847080778064,0.06064820819159136,-0.06495336625776651,-0.07469204274668409,-0.027324306796595012,-0.007021649690292463,0.12062917308899639,-0.029678765046000713,-0.007100253277615768,-0.007801558122740696,-0.00883579643918694,-0.006618793376713938,-0.031815469388165485,0.014924740602929969,0.01898521908923054,0.001608133955427497,-0.011307610657059486,-0.02126512521268406,0.007864528109929885,0.0036583236288676587,-0.004758445770622846,-0.041425901815824624,0.06253921806157874,0.009895078756387404,0.010754429779449456,0.013697649491915102,-0.029678765046000713,0.042008504246888664
0.023739078758724157,-0.00021213253390165972,0.008073255158600547,-0.009086117488324498,0.0038950911457425142,0.0034420389061593335,0.005519623700353301,-0.004894011993153953,-0.0004970309299003157,0.0009174029104570577,-0.007052853120686613,-0.008613461993001729,-0.0010313820710484256,0.010677470571428692,0.0043340481010419206,0.004785482734847631,-0.005497981094131844,-0.0012355572181635842,-0.0026197526994599513,-0.0012998275291043176,-0.00021213253390165972,0.028705448825538597,-0.0003236460083036361,-0.001219291775633721,0.0012246772119242238,-0.006912400396323138,0.0023442961626326366,-0.0019847735202153612,-0.003208040204025144,0.0003509778611830959,-0.004121434238075242,0.0009734368225816001,-0.0081873958544076,0.0005956633595020596,0.005774095243026978,0.004664722336144629,-0.001094566480852953,-0.009086118697020277,-0.015324219174536014,0.006129183547428841,0.008073255158600547,-0.0003236460083036361,0.04530248219059137,0.02669655520281462,-0.014674011721294731,0.023599530094560353,-0.008545418206748218,-0.009861954747187518,-0.016727942597719557,-0.004251922550748008,-0.0010595526241622025,0.0022437415284182484,-0.002779158867843819,0.010201514612546887,-0.009026630393444684,-0.014611044589764359,-0.010942568166131296,-0.025743002836515462,-0.0034094850332395945,0.009961942630248227,-0.009086117488324498,-0.001219291775633721,0.02669655520281462,0.06810287910097096,-0.03859392421327515,0.026315044525988186,-0.0013489942003847566,-0.01373137764665235,-0.014946730162531983,-0.006626594423798062,-0.00038312441572069863,0.014144092347371705,0.009776995838184995,0.015104378292248359,-0.014581661252532387,-0.029716183527085917,-0.014969991278581604,-0.005277843522249697,-0.003458039704684131,-0.00389908633908396,0.0038950911457425142,0.0012246772119242238,-0.014674011721294731,-0.03859392421327515,0.04235514335222158,-0.015221640467561262,-0.0007123412455295161,0.005210707340161099,0.00486132543017781,0.008478928656207032,-0.00668419012230009,-0.010741872026886467,-0.00396468062057355,-0.00706885989652858,0.011404660148117328,0.016343219332669117,0.0071263939942716615,0.006767348916674708,0.005768938184183345,0.006661686687647242,0.0034420389061593335,-0.006912400396323138,0.023599530094560353,0.026315044525988186,-0.015221640467561262,0.04534210433650139,-0.01095830152464278,5.6690121532123775e-5,-0.01370864967192377,-0.0037178455047284682,0.002350973511812119,-0.0020295854986098834,0.0058764558476965805,0.006634068408645399,-0.00504438658694273,-0.022387837798123304,-0.011109400221414302,-0.013493644441946335,0.004991925656253864,0.005388401762818032,0.005519623700353301,0.0023442961626326366,-0.008545418206748218,-0.0013489942003847566,-0.0007123412455295161,-0.01095830152464278,0.03122572550042826,-0.008954429796265343,0.005373584736093945,0.00846678097511799,-0.01279940402072871,-0.006473323002748209,0.005031927301328272,0.010976634200070765,0.009853212319503375,0.0069521038403727465,-0.007582058095189402,0.0016190036868685524,-0.009528847814738338,-0.013885605401236803,-0.004894011993153953,-0.0019847735202153612,-0.009861954747187518,-0.01373137764665235,0.005210707340161099,5.6690121532123775e-5,-0.008954429796265343,0.035532070811785554,0.00941233357547732,-0.009924649296052785,0.011180453928207327,-0.0063413847777303144,-0.0005457806924963905,-0.014577620772796618,-0.0009150652542613265,0.00043208021180985443,0.002525703092363413,0.0009019059209327733,0.00950963252598222,0.0075952551030187086,-0.0004970309299003157,-0.003208040204025144,-0.016727942597719557,-0.014946730162531983,0.00486132543017781,-0.01370864967192377,0.005373584736093945,0.00941233357547732,0.030724191170442717,-0.0019741717331641937,0.002884703373453288,-0.0057596491239062155,-0.00031202217537409753,-0.006969818562311356,0.005350059071597794,0.006518468027245519,0.0037778993665492583,0.015008691734883128,0.004638389287779809,-0.002852012571865426,0.0009174029104570577,0.0003509778611830959,-0.004251922550748008,-0.006626594423798062,0.008478928656207032,-0.0037178455047284682,0.00846678097511799,-0.009924649296052785,-0.0019741717331641937,0.025350770722134573,-0.00962323465228385,-0.004646909204768677,5.3468902135057456e-5,0.00409308326399491,0.003860973552164015,0.006351757522979885,0.00011524464448267043,0.003713556151519042,-0.005434088131752295,-0.0072921417469130195,-0.007052853120686613,-0.004121434238075242,-0.0010595526241622025,-0.00038312441572069863,-0.00668419012230009,0.002350973511812119,-0.01279940402072871,0.011180453928207327,0.002884703373453288,-0.00962323465228385,0.032580270881776056,0.004504550879718537,-0.002494510252934591,-0.020272179780174586,-0.006985824727268183,-0.004513375481930237,0.007955775303167704,0.0021135557100337905,0.011915279914364639,0.005728246174991071,-0.008613461993001729,0.0009734368225816001,0.0022437415284182484,0.014144092347371705,-0.010741872026886467,-0.0020295854986098834,-0.006473323002748209,-0.0063413847777303144,-0.0057596491239062155,-0.004646909204768677,0.004504550879718537,0.040180588592740075,-0.000294781015900079,-0.0017298778867110903,-0.007820349338217318,-0.008413147373341184,0.0013201094870166682,0.0032347863098512062,-0.004578212894527416,0.0033176122192103696,-0.0010313820710484256,-0.0081873958544076,-0.002779158867843819,0.009776995838184995,-0.00396468062057355,0.0058764558476965805,0.005031927301328272,-0.0005457806924963905,-0.00031202217537409753,5.3468902135057456e-5,-0.002494510252934591,-0.000294781015900079,0.026487069252336168,0.0054436267227758895,-0.0022931720902850897,-0.005293586088221284,-0.007567880133627705,0.0036163093775998297,0.0016571180324380281,-0.008960913465618208,0.010677470571428692,0.0005956633595020596,0.010201514612546887,0.015104378292248359,-0.00706885989652858,0.006634068408645399,0.010976634200070765,-0.014577620772796618,-0.006969818562311356,0.00409308326399491,-0.020272179780174586,-0.0017298778867110903,0.0054436267227758895,0.04242082553692288,0.0067777222392124345,-0.0020689616718175046,-0.01484784905569127,-0.008064603414589146,-0.008740331700730478,-0.003629163471897261,0.0043340481010419206,0.005774095243026978,-0.009026630393444684,-0.014581661252532387,0.011404660148117328,-0.00504438658694273,0.009853212319503375,-0.0009150652542613265,0.005350059071597794,0.003860973552164015,-0.006985824727268183,-0.007820349338217318,-0.0022931720902850897,0.0067777222392124345,0.027656720021357852,0.004819417684789145,-0.0037519540341513927,-0.0019018266617235222,-0.004443827421548061,0.0041161892837783464,0.004785482734847631,0.004664722336144629,-0.014611044589764359,-0.029716183527085917,0.016343219332669117,-0.022387837798123304,0.0069521038403727465,0.00043208021180985443,0.006518468027245519,0.006351757522979885,-0.004513375481930237,-0.008413147373341184,-0.005293586088221284,-0.0020689616718175046,0.004819417684789145,0.03980782538689967,0.010176161998670778,0.0016655388010724291,-0.0013506488625225086,-0.00888151923725784,-0.005497981094131844,-0.001094566480852953,-0.010942568166131296,-0.014969991278581604,0.0071263939942716615,-0.011109400221414302,-0.007582058095189402,0.002525703092363413,0.0037778993665492583,0.00011524464448267043,0.007955775303167704,0.0013201094870166682,-0.007567880133627705,-0.01484784905569127,-0.0037519540341513927,0.010176161998670778,0.031877882909501574,0.010077365305081534,0.0017828602158502876,-0.004956409154471705,-0.0012355572181635842,-0.009086118697020277,-0.025743002836515462,-0.005277843522249697,0.006767348916674708,-0.013493644441946335,0.0016190036868685524,0.0009019059209327733,0.015008691734883128,0.003713556151519042,0.0021135557100337905,0.0032347863098512062,0.0036163093775998297,-0.008064603414589146,-0.0019018266617235222,0.0016655388010724291,0.010077365305081534,0.03830461771621995,0.0010881079241665216,-0.016951313662550326,-0.0026197526994599513,-0.015324219174536014,-0.0034094850332395945,-0.003458039704684131,0.005768938184183345,0.004991925656253864,-0.009528847814738338,0.00950963252598222,0.004638389287779809,-0.005434088131752295,0.011915279914364639,-0.004578212894527416,0.0016571180324380281,-0.008740331700730478,-0.004443827421548061,-0.0013506488625225086,0.0017828602158502876,0.0010881079241665216,0.025710195103535064,0.002675879215606399,-0.0012998275291043176,0.006129183547428841,0.009961942630248227,-0.00389908633908396,0.006661686687647242,0.005388401762818032,-0.013885605401236803,0.0075952551030187086,-0.002852012571865426,-0.0072921417469130195,0.005728246174991071,0.0033176122192103696,-0.008960913465618208,-0.003629163471897261,0.0041161892837783464,-0.00888151923725784,-0.004956409154471705,-0.016951313662550326,0.002675879215606399,0.037721841717070125
0.02224102621640653,0.0044972693559019675,-0.0015977753081868515,-0.006013440391721186,0.029041865009345667,-0.01179770035175708,0.005809477732781002,-0.0026349819603308034,0.004907499251288093,0.020728861192619855,-0.0024034487275373935,-0.02178798001123515,-0.010119408622926169,0.02079255144683733,-0.007373484911815102,-0.02504165539008373,-0.01614321862759705,-0.006155841775863922,0.03436684413051798,-0.003282622989511856,0.0044972693559019675,0.018747267286892935,-8.85674257018413e-5,-0.0014281581387506426,0.01385526936707734,0.0037076611105289594,0.0053402233933496825,-0.0010168621074932798,-0.002434750996921452,0.005006836915852414,0.004377193151140747,-0.012081940823956475,0.0007376233827860073,0.007657733215621403,-0.01357024721946748,-0.00879619779221442,0.0002458763714750039,-0.0026483893147350216,0.014233395759670685,-0.004929221427830751,-0.0015977753081868515,-8.85674257018413e-5,0.0345280139550828,0.004531457835250738,-0.013692416258686283,0.00593743452827831,0.004676408183244604,0.016012056094852043,-0.0007632379773025798,-0.00411604402938345,-0.0018234440333177466,0.016247476491543553,0.006491231286451939,-0.00484904116547677,0.0029658924740821185,0.01441613688397727,0.007291107436845282,-0.014195831196539072,-0.0015520521624437025,0.0028047905737776614,-0.006013440391721186,-0.0014281581387506426,0.004531457835250738,0.02920723621701061,-0.017296602750043646,0.007310205606932246,-0.009830506930909649,0.005460636351574906,0.00788308427475485,-0.01646500099435471,-0.004007064836691564,0.009761462571967968,0.018030545054813454,-0.01609314878831905,0.012537754157319666,0.008632944053433797,0.0011280115688265837,0.005167651665311667,-0.026492446763210623,-0.0026136809730146313,0.029041865009345667,0.01385526936707734,-0.013692416258686283,-0.017296602750043646,0.14746012887510074,-0.04423857486410038,0.0052936337220033484,-0.019110262250563788,0.019896806991883235,0.07895201144725111,-0.004936606503732464,-0.06963452468277626,-0.03710821983656875,0.08122890427979378,-0.03167563970982633,-0.1058424363652419,-0.03735936990715137,-0.00039530441011117275,0.1423481172830804,-0.018843860319451854,-0.01179770035175708,0.0037076611105289594,0.00593743452827831,0.007310205606932246,-0.04423857486410038,0.06081582838690547,0.007377653395045694,0.010909824389068574,-0.009575557993567583,-0.04378151392289864,0.022407421852991077,0.019367965490584053,0.013737995092601048,-0.03111932497706498,0.011992955994724417,0.047208831493669716,0.031480959833921296,0.006929677195514421,-0.06166158344814379,0.02312381098762234,0.005809477732781002,0.0053402233933496825,0.004676408183244604,-0.009830506930909649,0.0052936337220033484,0.007377653395045694,0.03814612066172246,0.010280963787526319,-0.012476151616240792,0.002185724640657253,0.01011110368089916,-0.008564911753572362,-0.012109620866642013,0.00983918867439967,-0.010732560195067426,0.0066172649701623665,0.005541209417534861,-0.010264203890955372,0.017377066478061247,0.001900763430022778,-0.0026349819603308034,-0.0010168621074932798,0.016012056094852043,0.005460636351574906,-0.019110262250563788,0.010909824389068574,0.010280963787526319,0.03161842371573906,-0.002977532291346906,-0.003651468978986803,-0.0018668683057920916,0.01488455850930036,0.005501091845026805,-0.004778802577187866,0.001763517263176235,0.030221397268470826,0.006112398623962981,-0.016605738812128696,-0.01359202089807959,-5.208924236024619e-5,0.004907499251288093,-0.002434750996921452,-0.0007632379773025798,0.00788308427475485,0.019896806991883235,-0.009575557993567583,-0.012476151616240792,-0.002977532291346906,0.029281697309983912,0.0006022613367144621,-0.009794661498089241,-0.00603976388883368,0.0018702778134570817,0.004099927756191525,0.015218994230706329,-0.035399093604690915,-0.0049146421001029054,0.007120972823611746,0.016295633457711345,-0.008262235992950886,0.020728861192619855,0.005006836915852414,-0.00411604402938345,-0.01646500099435471,0.07895201144725111,-0.04378151392289864,0.002185724640657253,-0.003651468978986803,0.0006022613367144621,0.08451942144884707,-0.007088814791608972,-0.03933397727017045,-0.03059855348885551,0.05789272107598393,-0.027654910536698718,-0.04859995290933834,-0.035119850318534734,-0.013062708933114738,0.09847769951964785,-0.0211387413758652,-0.0024034487275373935,0.004377193151140747,-0.0018234440333177466,-0.004007064836691564,-0.004936606503732464,0.022407421852991077,0.01011110368089916,-0.0018668683057920916,-0.009794661498089241,-0.007088814791608972,0.04032392196028976,-0.002250921256574962,-0.004778158085082121,-0.001096156774378271,-0.000695610589800924,0.023385876662572327,0.008574319093770703,0.005015530720533982,-0.02159502197042138,0.01570577520908862,-0.02178798001123515,-0.012081940823956475,0.016247476491543553,0.009761462571967968,-0.06963452468277626,0.019367965490584053,-0.008564911753572362,0.01488455850930036,-0.00603976388883368,-0.03933397727017045,-0.002250921256574962,0.07165071475313675,0.015947807875380283,-0.04205944638008459,0.025958730627462918,0.05023744294703235,0.02992392342624476,-0.0030818938423456503,-0.06735065698885372,0.012868517988970188,-0.010119408622926169,0.0007376233827860073,0.006491231286451939,0.018030545054813454,-0.03710821983656875,0.013737995092601048,-0.012109620866642013,0.005501091845026805,0.0018702778134570817,-0.03059855348885551,-0.004778158085082121,0.015947807875380283,0.04261889513349251,-0.0309237460811593,0.008066774101722771,0.024742138721322145,0.01459523747900751,0.001482146349056985,-0.04969577344474626,-0.002401899290208723,0.02079255144683733,0.007657733215621403,-0.00484904116547677,-0.01609314878831905,0.08122890427979378,-0.03111932497706498,0.00983918867439967,-0.004778802577187866,0.004099927756191525,0.05789272107598393,-0.001096156774378271,-0.04205944638008459,-0.0309237460811593,0.06634781187463906,-0.02366456175767205,-0.055219081931254715,-0.02979192584315954,-0.008124667498924291,0.09440488247453438,-0.011447278732844623,-0.007373484911815102,-0.01357024721946748,0.0029658924740821185,0.012537754157319666,-0.03167563970982633,0.011992955994724417,-0.010732560195067426,0.001763517263176235,0.015218994230706329,-0.027654910536698718,-0.000695610589800924,0.025958730627462918,0.008066774101722771,-0.02366456175767205,0.06037040904375589,0.010217580241716154,0.009752285139695381,0.014261628291547354,-0.03832488204976796,0.011911817124651228,-0.02504165539008373,-0.00879619779221442,0.01441613688397727,0.008632944053433797,-0.1058424363652419,0.047208831493669716,0.0066172649701623665,0.030221397268470826,-0.035399093604690915,-0.04859995290933834,0.023385876662572327,0.05023744294703235,0.024742138721322145,-0.055219081931254715,0.010217580241716154,0.1267572203273311,0.03665228281857174,-0.006257192469930905,-0.11512037957752223,0.017973252717204014,-0.01614321862759705,0.0002458763714750039,0.007291107436845282,0.0011280115688265837,-0.03735936990715137,0.031480959833921296,0.005541209417534861,0.006112398623962981,-0.0049146421001029054,-0.035119850318534734,0.008574319093770703,0.02992392342624476,0.01459523747900751,-0.02979192584315954,0.009752285139695381,0.03665228281857174,0.04298886457792594,0.0027117022884106147,-0.043207880917681435,0.01533719377768298,-0.006155841775863922,-0.0026483893147350216,-0.014195831196539072,0.005167651665311667,-0.00039530441011117275,0.006929677195514421,-0.010264203890955372,-0.016605738812128696,0.007120972823611746,-0.013062708933114738,0.005015530720533982,-0.0030818938423456503,0.001482146349056985,-0.008124667498924291,0.014261628291547354,-0.006257192469930905,0.0027117022884106147,0.035579425308526584,-0.018883106171579456,0.0030395144363420876,0.03436684413051798,0.014233395759670685,-0.0015520521624437025,-0.026492446763210623,0.1423481172830804,-0.06166158344814379,0.017377066478061247,-0.01359202089807959,0.016295633457711345,0.09847769951964785,-0.02159502197042138,-0.06735065698885372,-0.04969577344474626,0.09440488247453438,-0.03832488204976796,-0.11512037957752223,-0.043207880917681435,-0.018883106171579456,0.19133333861406757,-0.024482673967297586,-0.003282622989511856,-0.004929221427830751,0.0028047905737776614,-0.0026136809730146313,-0.018843860319451854,0.02312381098762234,0.001900763430022778,-5.208924236024619e-5,-0.008262235992950886,-0.0211387413758652,0.01570577520908862,0.012868517988970188,-0.002401899290208723,-0.011447278732844623,0.011911817124651228,0.017973252717204014,0.01533719377768298,0.0030395144363420876,-0.024482673967297586,0.03116106746987375
