0.019566267147493203,0.0016526926216394087,-0.0007959576103736107,-0.008580283979921052,0.0006959085263748499,-0.00027183093766788033,0.004154384767026883,9.805056318175619e-5,0.002999284794470725,0.0020461012230864927,-0.0004876775947256554,-0.003918518558825744,-0.0004728017167568725,0.00013469360524408593,0.001043757825390615,0.0038229229283111297,0.0022475523988880093,-0.0007733494676272347,0.0003406201329168453,-0.0015298249147693574,0.0016526926216394087,0.022714554187340596,0.006751615613934883,-0.006601220583461308,-0.0026852864393084683,0.005169753658245883,0.004158352279395584,-0.008457259507859641,-0.0008588598691870287,0.003804737706075117,0.0017937529550341794,-0.008117839973028892,0.00028061601580643995,0.0009580567793340219,0.006873651900573997,0.007168555233624675,-0.0004092527715775007,-0.003460043095464823,-0.002667239027389779,-0.006563322173765632,-0.0007959576103736107,0.006751615613934883,0.06349352218390503,-0.003499032761045188,-0.017304705363507058,0.006233242193962039,0.010659401182211526,-0.007226118921430175,0.008009201545184202,0.0133774012351916,-0.009641516652786217,-0.004856289155419567,-0.01031920668052588,0.0031778557488934484,0.014732990369292145,-0.00887466402511045,0.0014906656907750283,-0.005455008485623526,-0.013233341422068588,-0.021801136465220725,-0.008580283979921052,-0.006601220583461308,-0.003499032761045188,0.033848042400457495,0.007338552096346145,-0.0019927457600118987,-0.004420472771969589,0.0016290611831564655,-0.001858219782628011,-0.0030542041015368887,-0.0023649226665951747,0.0034051084448055895,0.002546088019323633,0.0016157322364673383,-0.006817272269837997,-0.003864455737577005,-0.004527395265564426,-0.0016737120202482444,0.0058596842782318685,-0.005153408908102055,0.0006959085263748499,-0.0026852864393084683,-0.017304705363507058,0.007338552096346145,0.019379933357064068,-0.0068982165212344345,0.0008951234279204921,0.007889469746101994,0.00020378949304028336,-0.005628628106462694,6.801226944387273e-5,0.0006679745888072622,0.002541279559706881,-0.001546946030317842,-0.007719395566341796,-0.006129278807558166,0.004030949349994345,0.0014551703754809295,0.005722174395368361,0.006129660056492046,-0.00027183093766788033,0.005169753658245883,0.006233242193962039,-0.0019927457600118987,-0.0068982165212344345,0.022977826274817457,0.002195049548595199,-0.010448402308363827,7.810665745355933e-5,0.003303369347334265,0.0039053486473543623,-0.0011891400982004744,-0.001030927787033605,-0.0011611956234866372,0.003363717119239249,0.012299336139716713,-0.005397439021193036,-0.004403113541722523,-0.0015699225518270004,-0.005144224101034552,0.004154384767026883,0.004158352279395584,0.010659401182211526,-0.004420472771969589,0.0008951234279204921,0.002195049548595199,0.029413987337122766,-0.0016834043954481405,-0.0037293163853704668,0.005959104163276887,-0.004758852795718301,-0.008070474342876794,-0.003149572503869793,-0.00442468838089009,0.004968594090737982,-0.0007021378514415182,0.0032338070359518275,-0.0015742798735340993,-0.009498354722531537,-0.010590084045727893,9.805056318175619e-5,-0.008457259507859641,-0.007226118921430175,0.0016290611831564655,0.007889469746101994,-0.010448402308363827,-0.0016834043954481405,0.02857086462187216,0.0028182842432325395,-0.004449562101425122,-0.0038259850639086055,0.000994247670607865,0.0026810740066350266,-0.000829017578292451,-0.006456467369349103,-0.013300989602162739,0.006576048130381156,0.0029711369790781164,-0.00019391516957491088,0.0036073333995268195,0.002999284794470725,-0.0008588598691870287,0.008009201545184202,-0.001858219782628011,0.00020378949304028336,7.810665745355933e-5,-0.0037293163853704668,0.0028182842432325395,0.015413951918506532,-0.0012489838030726329,-0.0036168587742993153,0.0024382746373778396,0.0009624363860122148,1.8305790110392845e-5,0.00310647051277151,-0.0028281773374258636,-0.0011744816118027736,-0.001483214568470973,-0.0018782866061518582,-0.008335543452353534,0.0020461012230864927,0.003804737706075117,0.0133774012351916,-0.0030542041015368887,-0.005628628106462694,0.003303369347334265,0.005959104163276887,-0.004449562101425122,-0.0012489838030726329,0.01984340863762908,-0.004422627711592992,-0.0030862359194538586,-0.0020964593339490674,-0.0002868075125478486,0.00681263879883357,0.004849033199772105,0.00019769678077306407,-0.002350291811203654,-0.004128982237303926,-0.011486991043168564,-0.0004876775947256554,0.0017937529550341794,-0.009641516652786217,-0.0023649226665951747,6.801226944387273e-5,0.0039053486473543623,-0.004758852795718301,-0.0038259850639086055,-0.0036168587742993153,-0.004422627711592992,0.016451994094142126,-0.003277483227099939,0.0017313367928352172,-0.0025286791377817637,-0.003359977147365315,0.0065422024477533106,-0.0013738103352433366,0.003068298126490677,-0.0008089667107306908,0.00986645342060383,-0.003918518558825744,-0.008117839973028892,-0.004856289155419567,0.0034051084448055895,0.0006679745888072622,-0.0011891400982004744,-0.008070474342876794,0.000994247670607865,0.0024382746373778396,-0.0030862359194538586,-0.003277483227099939,0.02401494864300955,-0.001478557006705574,0.0048860230585704555,0.000894263166984506,-0.0043479549380116035,-0.00026376910134431387,0.0013108862959790523,0.004400643771632888,0.0030040691357497776,-0.0004728017167568725,0.00028061601580643995,-0.01031920668052588,0.002546088019323633,0.002541279559706881,-0.001030927787033605,-0.003149572503869793,0.0026810740066350266,0.0009624363860122148,-0.0020964593339490674,0.0017313367928352172,-0.001478557006705574,0.016718618030551094,-0.000361629635533763,-0.003058372118935915,0.0011315933883324755,-0.00042113807099978856,-0.000775306057974939,0.006820279668049382,0.0025534758635016672,0.00013469360524408593,0.0009580567793340219,0.0031778557488934484,0.0016157322364673383,-0.001546946030317842,-0.0011611956234866372,-0.00442468838089009,-0.000829017578292451,1.8305790110392845e-5,-0.0002868075125478486,-0.0025286791377817637,0.0048860230585704555,-0.000361629635533763,0.013797481734161928,0.003799011194935103,-0.0029572622264829136,-0.0008310647305926121,-0.0016782896255729163,-0.00037964706386490256,-0.0032791116124352244,0.001043757825390615,0.006873651900573997,0.014732990369292145,-0.006817272269837997,-0.007719395566341796,0.003363717119239249,0.004968594090737982,-0.006456467369349103,0.00310647051277151,0.00681263879883357,-0.003359977147365315,0.000894263166984506,-0.003058372118935915,0.003799011194935103,0.025792704674924467,0.006092147884087855,0.00017668003052202422,-0.0027959563446893756,-0.0016166131203242961,-0.013016449677971408,0.0038229229283111297,0.007168555233624675,-0.00887466402511045,-0.003864455737577005,-0.006129278807558166,0.012299336139716713,-0.0007021378514415182,-0.013300989602162739,-0.0028281773374258636,0.004849033199772105,0.0065422024477533106,-0.0043479549380116035,0.0011315933883324755,-0.0029572622264829136,0.006092147884087855,0.03880536256764832,-0.006510350048873166,-0.00015687998973281828,0.0019398947382855223,-0.006836980809028667,0.0022475523988880093,-0.0004092527715775007,0.0014906656907750283,-0.004527395265564426,0.004030949349994345,-0.005397439021193036,0.0032338070359518275,0.006576048130381156,-0.0011744816118027736,0.00019769678077306407,-0.0013738103352433366,-0.00026376910134431387,-0.00042113807099978856,-0.0008310647305926121,0.00017668003052202422,-0.006510350048873166,0.020840831386961425,-0.0014353533361636229,-0.0049036981395335,0.0009619965790847527,-0.0007733494676272347,-0.003460043095464823,-0.005455008485623526,-0.0016737120202482444,0.0014551703754809295,-0.004403113541722523,-0.0015742798735340993,0.0029711369790781164,-0.001483214568470973,-0.002350291811203654,0.003068298126490677,0.0013108862959790523,-0.000775306057974939,-0.0016782896255729163,-0.0027959563446893756,-0.00015687998973281828,-0.0014353533361636229,0.019812464541213375,0.003881600898825083,0.011690341302047672,0.0003406201329168453,-0.002667239027389779,-0.013233341422068588,0.0058596842782318685,0.005722174395368361,-0.0015699225518270004,-0.009498354722531537,-0.00019391516957491088,-0.0018782866061518582,-0.004128982237303926,-0.0008089667107306908,0.004400643771632888,0.006820279668049382,-0.00037964706386490256,-0.0016166131203242961,0.0019398947382855223,-0.0049036981395335,0.003881600898825083,0.015456832643805577,0.006413919787030244,-0.0015298249147693574,-0.006563322173765632,-0.021801136465220725,-0.005153408908102055,0.006129660056492046,-0.005144224101034552,-0.010590084045727893,0.0036073333995268195,-0.008335543452353534,-0.011486991043168564,0.00986645342060383,0.0030040691357497776,0.0025534758635016672,-0.0032791116124352244,-0.013016449677971408,-0.006836980809028667,0.0009619965790847527,0.011690341302047672,0.006413919787030244,0.04297541700378296
0.15396812655851397,0.01149302777998002,0.027421700506834526,-0.06676550013418353,-0.1274225019073901,0.060754686126827426,-0.08269615907398307,-0.027542268954227053,0.0010089580681296082,0.07330625114090597,-0.04248330635102518,-0.09273571779637063,-0.06775086969805444,-0.0031404902475264795,0.05661927049883564,0.029768636438491418,0.09452886572315108,-0.033878292552127494,-0.0006216489004374059,0.027932461334228706,0.01149302777998002,0.021717606112601352,0.0007650082119495915,-0.007768513489958497,-0.0121149186720272,0.002771099716350611,-0.007942322483552658,-0.01014078669451958,-0.00020345560554403577,0.01085570815125425,-0.007935853356995617,-0.013764188045502822,-0.0060231275374445295,0.0054887796727891465,0.003552553497082755,0.010755639822554687,0.012613433628307823,-0.007021647228182875,0.0064974781640683614,0.004000958744194653,0.027421700506834526,0.0007650082119495915,0.04560791468508894,0.011698729675664241,-0.022804731687331145,-0.030506422601055794,-0.00475823927053984,0.005634258892638789,-0.031208557485943228,0.007760770813819657,-0.02280891801111567,-0.016325962565366857,-0.02391949984331306,0.015056217325595051,0.01311159576482124,0.01297073388145073,0.0377232893615788,0.004011292787003077,0.0034633582486195426,-0.02086011112963867,-0.06676550013418353,-0.007768513489958497,0.011698729675664241,0.10039434044791132,0.055723430033838,-0.09879230739828654,0.05320103779177705,0.039594397557980235,-0.050030651896444414,-0.0345021422513578,-0.0013964155505491135,0.06620539812139774,0.016211270043706996,0.015444500296255433,-0.024256292163932748,-0.004341396388881107,-0.023247793248940232,0.03219371820093124,0.003230318868679204,-0.06792987108016137,-0.1274225019073901,-0.0121149186720272,-0.022804731687331145,0.055723430033838,0.14588876762371497,-0.04551579822710103,0.08322577759665656,0.008540415802133647,0.01137673179544764,-0.07730570145508991,0.038358314524352205,0.07297521049315095,0.06140190619506496,0.004006413238625587,-0.05599315897151984,-0.019507849088527908,-0.08551444097274337,0.03165262405004477,0.0024020666732825066,-0.026913110897083363,0.060754686126827426,0.002771099716350611,-0.030506422601055794,-0.09879230739828654,-0.04551579822710103,0.15152825067495115,-0.04408889761389042,-0.049195365621501154,0.06665719483340754,0.033713507059862875,0.01064311507639663,-0.05633880364081751,-0.01093626838191782,-0.03853422033493197,0.01583945067402612,-0.00423218501559634,0.0009660121001678585,-0.04466309875307177,-0.009127781424995571,0.0913314136756152,-0.08269615907398307,-0.007942322483552658,-0.00475823927053984,0.05320103779177705,0.08322577759665656,-0.04408889761389042,0.11240419850871453,-0.020427897347596168,-0.0060036694828100754,-0.05235246020703847,0.007739642650778459,0.05580538623597756,0.02247052156684077,0.002857431647913805,-0.04053064470008391,-0.02032376071205048,-0.022565068487431172,0.023394538650492902,-0.013282084533705996,-0.04161338098365508,-0.027542268954227053,-0.01014078669451958,0.005634258892638789,0.039594397557980235,0.008540415802133647,-0.049195365621501154,-0.020427897347596168,0.09721229001717772,-0.03464067270942585,-0.015434236456618698,0.011567056322393356,0.049079431518314696,0.025210274775907458,0.017442835722921605,-0.005601072339043273,-0.002571417943866736,-0.04557706960621026,0.016346050296353637,0.013024024589333947,-0.015502118063604704,0.0010089580681296082,-0.00020345560554403577,-0.031208557485943228,-0.050030651896444414,0.01137673179544764,0.06665719483340754,-0.0060036694828100754,-0.03464067270942585,0.07371150326427368,0.00017018574106321757,0.01540724130800896,-0.020012769459993984,0.017627582780337804,-0.02241737767271233,-0.00791813090764833,-0.001601369082012333,-0.023731743040358556,-0.012906411980402543,-0.0025721025604745003,0.04771232034750092,0.07330625114090597,0.01085570815125425,0.007760770813819657,-0.0345021422513578,-0.07730570145508991,0.033713507059862875,-0.05235246020703847,-0.015434236456618698,0.00017018574106321757,0.08031979296661532,-0.023695123285011704,-0.06599528780467068,-0.03993524451564778,-0.0007180898829255206,0.033373064988060835,0.0175291989333924,0.05703747077501743,-0.025883744708958822,0.0036383121685952943,0.026184960674343002,-0.04248330635102518,-0.007935853356995617,-0.02280891801111567,-0.0013964155505491135,0.038358314524352205,0.01064311507639663,0.007739642650778459,0.011567056322393356,0.01540724130800896,-0.023695123285011704,0.049443008786508105,0.03151603920678782,0.030531853456656967,-0.012311873048990736,-0.01744237311025462,-0.018056611720795687,-0.045686995891963254,0.0047958436574793845,-0.002211833734685503,0.008550435775465314,-0.09273571779637063,-0.013764188045502822,-0.016325962565366857,0.06620539812139774,0.07297521049315095,-0.05633880364081751,0.05580538623597756,0.049079431518314696,-0.020012769459993984,-0.06599528780467068,0.03151603920678782,0.12301951302814573,0.05064431435835834,0.00510672330898951,-0.044882820044698776,-0.027520982694816787,-0.0748881024708295,0.030922753156893672,0.0051333543609871565,-0.04762502077055472,-0.06775086969805444,-0.0060231275374445295,-0.02391949984331306,0.016211270043706996,0.06140190619506496,-0.01093626838191782,0.02247052156684077,0.025210274775907458,0.017627582780337804,-0.03993524451564778,0.030531853456656967,0.05064431435835834,0.06630835711600715,-0.005721622703077309,-0.032440909211112715,-0.012526410200652616,-0.08186190161907617,0.010592650246784234,0.011839005498626341,0.009685399437989878,-0.0031404902475264795,0.0054887796727891465,0.015056217325595051,0.015444500296255433,0.004006413238625587,-0.03853422033493197,0.002857431647913805,0.017442835722921605,-0.02241737767271233,-0.0007180898829255206,-0.012311873048990736,0.00510672330898951,-0.005721622703077309,0.037846028669483445,0.0007028913776701614,0.0032931699274607786,0.008188943054321409,0.007180001654909755,-0.004558265474584865,-0.024314655572005323,0.05661927049883564,0.003552553497082755,0.01311159576482124,-0.024256292163932748,-0.05599315897151984,0.01583945067402612,-0.04053064470008391,-0.005601072339043273,-0.00791813090764833,0.033373064988060835,-0.01744237311025462,-0.044882820044698776,-0.032440909211112715,0.0007028913776701614,0.050228668538768,0.016114632952772302,0.0413985802237038,-0.011073493033818872,-0.011227114072480716,0.011428932801277195,0.029768636438491418,0.010755639822554687,0.01297073388145073,-0.004341396388881107,-0.019507849088527908,-0.00423218501559634,-0.02032376071205048,-0.002571417943866736,-0.001601369082012333,0.0175291989333924,-0.018056611720795687,-0.027520982694816787,-0.012526410200652616,0.0032931699274607786,0.016114632952772302,0.03341453203362306,0.007763706783577276,-0.01117552952803719,0.002350267755715712,0.0046088985488088405,0.09452886572315108,0.012613433628307823,0.0377232893615788,-0.023247793248940232,-0.08551444097274337,0.0009660121001678585,-0.022565068487431172,-0.04557706960621026,-0.023731743040358556,0.05703747077501743,-0.045686995891963254,-0.0748881024708295,-0.08186190161907617,0.008188943054321409,0.0413985802237038,0.007763706783577276,0.14722298560285252,0.0015329123774535716,-0.014063818589487031,-0.02433789713956061,-0.033878292552127494,-0.007021647228182875,0.004011292787003077,0.03219371820093124,0.03165262405004477,-0.04466309875307177,0.023394538650492902,0.016346050296353637,-0.012906411980402543,-0.025883744708958822,0.0047958436574793845,0.030922753156893672,0.010592650246784234,0.007180001654909755,-0.011073493033818872,-0.01117552952803719,0.0015329123774535716,0.047549422416133025,-0.0050465909369486,-0.03471822977969387,-0.0006216489004374059,0.0064974781640683614,0.0034633582486195426,0.003230318868679204,0.0024020666732825066,-0.009127781424995571,-0.013282084533705996,0.013024024589333947,-0.0025721025604745003,0.0036383121685952943,-0.002211833734685503,0.0051333543609871565,0.011839005498626341,-0.004558265474584865,-0.011227114072480716,0.002350267755715712,-0.014063818589487031,-0.0050465909369486,0.03089566849735467,0.002554425402814574,0.027932461334228706,0.004000958744194653,-0.02086011112963867,-0.06792987108016137,-0.026913110897083363,0.0913314136756152,-0.04161338098365508,-0.015502118063604704,0.04771232034750092,0.026184960674343002,0.008550435775465314,-0.04762502077055472,0.009685399437989878,-0.024314655572005323,0.011428932801277195,0.0046088985488088405,-0.02433789713956061,-0.03471822977969387,0.002554425402814574,0.09544649527893823
