0.04578629508997193,-0.004306915394233621,0.013913539831592006,-0.014890823449800923,0.02118673829085588,0.0015492230838168742,0.006059883093989329,-0.01270360212184823,0.012452178293679858,0.009855726692738681,-0.027607752583555887,-0.010599049658287351,0.0005570815374723098,0.033907911903865,0.004534512369522996,-0.0003197340771420893,-0.012807531894780223,0.012194382104571855,-0.006407195026240369,0.004385894507406799,-0.004306915394233621,0.039255054073424105,-0.013950466180348505,0.0015378917516309435,-0.007825935225324066,-0.01060439054692095,0.016804347325101058,-0.0037869585403636358,0.005391505854106499,0.017314367550111794,-0.001137780977969129,-0.005339036168214569,-0.008270311713135478,-0.00926574899244192,0.0067278317963330335,0.00637180121238908,-0.011527698910437142,-0.0014682192646747888,-0.0197968549066453,-0.005315770481407619,0.013913539831592006,-0.013950466180348505,0.07183174401971032,0.03342735880212745,-0.004893547028438061,0.034080786278015564,-0.017676183232988495,-0.00231455979100443,-0.024777052729053825,-0.025459663423955323,0.006682951498058856,-0.018283942735745996,-0.004694591210692954,0.021639277967522536,-0.0012179969903625075,-0.019331947733684116,0.0016116312790519134,-0.03710529281882092,0.006284086572982497,0.011919223889922467,-0.014890823449800923,0.0015378917516309435,0.03342735880212745,0.08275700379679839,-0.06476373940997396,0.03113868766889195,0.00837929308207578,-0.004770964311302736,-0.023357062501274582,-0.016319919520952603,0.023153588673856744,-0.02243580808229831,0.026393102866838117,0.0040219478820657135,-0.012148404046800232,-0.008128055245950463,0.0032750402511398415,-0.018346328121989466,0.0019485737503205597,-0.03698802782194781,0.02118673829085588,-0.007825935225324066,-0.004893547028438061,-0.06476373940997396,0.08882585807125118,-0.013577745487592238,-0.02270476018405855,0.006916841478394213,0.015182076595854658,0.012457568019692052,-0.03126314988232695,0.011944405808951251,-0.0383413634154243,0.013241366738040534,0.011372696557756074,-0.013495694854502235,-0.010685476144040924,0.019203046068284067,0.005790901523439831,0.05081423383277278,0.0015492230838168742,-0.01060439054692095,0.034080786278015564,0.03113868766889195,-0.013577745487592238,0.04397284977008292,-0.00827526946952364,0.007677629820035299,-0.0140105607548236,-0.006696937918350235,0.008454071061957608,-0.020070695815131184,0.004570417514475237,0.005384123548931347,0.0007844625930917169,-0.016520894814478628,-0.004266144163442924,-0.018608892325024155,0.010095563397856194,-0.0029893056378576524,0.006059883093989329,0.016804347325101058,-0.017676183232988495,0.00837929308207578,-0.02270476018405855,-0.00827526946952364,0.049108988090334996,-0.02178799025548244,0.009561316571530278,0.030023919999940828,-0.013918010490740212,-0.009218047167345193,0.01976814816030928,0.008372170699624568,0.008806578212391322,0.014447714004924082,-0.0184406606506522,0.005396102823559262,-0.019477143508952167,-0.039007383135996054,-0.01270360212184823,-0.0037869585403636358,-0.00231455979100443,-0.004770964311302736,0.006916841478394213,0.007677629820035299,-0.02178799025548244,0.03971258889196011,0.000996207217072313,-0.020585874686133175,0.02322693248981065,-0.004099102058119491,-0.009814946863647726,-0.02520685685161666,-0.002062914635637336,-0.012261621604662423,0.009040675313036,-0.0036322372039986335,0.01682270532171147,0.021031783790281318,0.012452178293679858,0.005391505854106499,-0.024777052729053825,-0.023357062501274582,0.015182076595854658,-0.0140105607548236,0.009561316571530278,0.000996207217072313,0.04317421809495713,0.015777443543522132,-0.015380466074797084,0.0035934859935393805,0.00806063054637983,0.003140863400764488,-0.0011375350041991378,0.0029891302066269235,-0.00995996814220614,0.02531297464597468,-0.0029785551185080123,0.0015570869351384901,0.009855726692738681,0.017314367550111794,-0.025459663423955323,-0.016319919520952603,0.012457568019692052,-0.006696937918350235,0.030023919999940828,-0.020585874686133175,0.015777443543522132,0.07017061223621832,-0.034931148747934015,-0.0004311419309188842,-0.00040058413552570285,0.007972668197164674,0.013735970351264138,0.009762013329036152,-0.030604375673896074,0.02086506795802865,-0.02394055475914086,-0.012144304997908514,-0.027607752583555887,-0.001137780977969129,0.006682951498058856,0.023153588673856744,-0.03126314988232695,0.008454071061957608,-0.013918010490740212,0.02322693248981065,-0.015380466074797084,-0.034931148747934015,0.06092628960199308,-0.004748260945841128,0.0012120672013293749,-0.03805082910589606,-0.007340871330410265,-0.005836603970424166,0.023652864083930077,-0.01554353830954483,0.016518826300538636,-0.0024937482094471754,-0.010599049658287351,-0.005339036168214569,-0.018283942735745996,-0.02243580808229831,0.011944405808951251,-0.020070695815131184,-0.009218047167345193,-0.004099102058119491,0.0035934859935393805,-0.0004311419309188842,-0.004748260945841128,0.06535534964412115,-0.009442258351826827,-0.0075556333844191475,-0.010850965818627694,-0.0032815540924619295,0.0029006998534132555,0.01207907177262461,-0.009698823286867376,0.014595962901403647,0.0005570815374723098,-0.008270311713135478,-0.004694591210692954,0.026393102866838117,-0.0383413634154243,0.004570417514475237,0.01976814816030928,-0.009814946863647726,0.00806063054637983,-0.00040058413552570285,0.0012120672013293749,-0.009442258351826827,0.06464160286994125,0.003664386409659952,-0.010869231415875471,0.017835292102448844,0.005682748901026279,0.004494680050769946,-0.001821610571439888,-0.04450226986496788,0.033907911903865,-0.00926574899244192,0.021639277967522536,0.0040219478820657135,0.013241366738040534,0.005384123548931347,0.008372170699624568,-0.02520685685161666,0.003140863400764488,0.007972668197164674,-0.03805082910589606,-0.0075556333844191475,0.003664386409659952,0.07861121178496662,0.00554238694214907,-0.0019383215737505612,-0.021502390889998273,-0.003089664764085043,-0.005265623811713888,0.0026353162684553365,0.004534512369522996,0.0067278317963330335,-0.0012179969903625075,-0.012148404046800232,0.011372696557756074,0.0007844625930917169,0.008806578212391322,-0.002062914635637336,-0.0011375350041991378,0.013735970351264138,-0.007340871330410265,-0.010850965818627694,-0.010869231415875471,0.00554238694214907,0.027423248086495978,0.0019313607488529953,-0.008952446083881667,-0.008234564027691516,-0.004565806834937485,0.007766384099704602,-0.0003197340771420893,0.00637180121238908,-0.019331947733684116,-0.008128055245950463,-0.013495694854502235,-0.016520894814478628,0.014447714004924082,-0.012261621604662423,0.0029891302066269235,0.009762013329036152,-0.005836603970424166,-0.0032815540924619295,0.017835292102448844,-0.0019383215737505612,0.0019313607488529953,0.04094728388931753,0.012141069736089187,0.0011831878675994654,-0.007968890815057968,-0.022795586694574675,-0.012807531894780223,-0.011527698910437142,0.0016116312790519134,0.0032750402511398415,-0.010685476144040924,-0.004266144163442924,-0.0184406606506522,0.009040675313036,-0.00995996814220614,-0.030604375673896074,0.023652864083930077,0.0029006998534132555,0.005682748901026279,-0.021502390889998273,-0.008952446083881667,0.012141069736089187,0.04498526437601955,-0.0035477930996361483,0.009322446791838215,-0.0019564463919724837,0.012194382104571855,-0.0014682192646747888,-0.03710529281882092,-0.018346328121989466,0.019203046068284067,-0.018608892325024155,0.005396102823559262,-0.0036322372039986335,0.02531297464597468,0.02086506795802865,-0.01554353830954483,0.01207907177262461,0.004494680050769946,-0.003089664764085043,-0.008234564027691516,0.0011831878675994654,-0.0035477930996361483,0.053477011286707794,-0.00849737437596355,-0.01076083106454934,-0.006407195026240369,-0.0197968549066453,0.006284086572982497,0.0019485737503205597,0.005790901523439831,0.010095563397856194,-0.019477143508952167,0.01682270532171147,-0.0029785551185080123,-0.02394055475914086,0.016518826300538636,-0.009698823286867376,-0.001821610571439888,-0.005265623811713888,-0.004565806834937485,-0.007968890815057968,0.009322446791838215,-0.00849737437596355,0.034499994153197544,0.008619716603669711,0.004385894507406799,-0.005315770481407619,0.011919223889922467,-0.03698802782194781,0.05081423383277278,-0.0029893056378576524,-0.039007383135996054,0.021031783790281318,0.0015570869351384901,-0.012144304997908514,-0.0024937482094471754,0.014595962901403647,-0.04450226986496788,0.0026353162684553365,0.007766384099704602,-0.022795586694574675,-0.0019564463919724837,-0.01076083106454934,0.008619716603669711,0.0775862467980572
0.02738643769629933,-0.0010004460574445256,0.004077229768294997,-0.0005624412151006218,0.021142083339866773,-0.01647969190833383,0.006322377031040523,-0.007835042485884812,0.0033637045400926715,0.022825355103730193,-0.01140078412387877,-0.010874450899588411,-0.007807967021238253,0.01446379668684771,0.0033582972600411476,-0.028982844419663128,-0.011292191649593117,-0.008895880414886995,0.029481592135422757,0.00552826603120391,-0.0010004460574445256,0.019964625097511284,0.005558134735835753,-0.0013410440205145284,0.008377762698972191,-0.00464873857904775,0.00035803551183202374,0.007326509545423824,-0.004047442608279426,0.00776914744204324,-0.005764357914936181,-0.005311244701012993,0.001953868907823135,0.00582260421197024,-0.016711347449195224,-0.00183595277165427,7.722621165004461e-5,-0.004874274459057925,0.006688508864166182,-0.009255598957203213,0.004077229768294997,0.005558134735835753,0.018989256920251267,0.000640820395218838,0.01066226353791028,-0.010114871690494426,-0.0011307256574118595,0.004314189710432332,0.0001634666270948158,0.015340754251992019,-0.008021719225274615,-0.0034314897422770005,-0.006509374125534028,0.004713539826813206,-0.008526110288088206,-0.01280142325236431,-0.008803554243338032,-0.010926453289753824,0.01697716820683926,-0.0033647925089214563,-0.0005624412151006218,-0.0013410440205145284,0.000640820395218838,0.035288762530397644,0.012884383009191782,0.004387051202230827,-0.010446391428090463,-0.001960622952426663,0.010966407771329578,0.0035175980282979268,-0.0013229156917279022,0.0057716801698901,0.005726572232218383,-0.0025440642318009937,0.009804930545238531,-0.005705306177695303,-0.001209737666540714,0.0036860235132303415,0.004174848545837932,-0.006250977814931993,0.021142083339866773,0.008377762698972191,0.01066226353791028,0.012884383009191782,0.14336440690005287,-0.07678794738595324,-0.03399510896475333,-0.011219401613989991,0.037108196788652056,0.08689789632167659,-0.04001848524985871,-0.06751459477042604,-0.0049803197076850195,0.05832911974263455,-0.06426051596980033,-0.10858390356924744,-0.030203681389861074,-0.02210325765151018,0.11524814345262599,-0.03255897575055722,-0.01647969190833383,-0.00464873857904775,-0.010114871690494426,0.004387051202230827,-0.07678794738595324,0.1094948601575754,0.023981318591670964,0.014879264408836468,-0.030402567955837023,-0.06136117928331755,0.05283089569910239,0.0479605926323956,0.008816065559783998,-0.04389465436580411,0.035683516700000965,0.10692706811483808,0.02836505893880352,0.04100201773116016,-0.09012569322985609,0.022951118705897472,0.006322377031040523,0.00035803551183202374,-0.0011307256574118595,-0.010446391428090463,-0.03399510896475333,0.023981318591670964,0.042247192087389404,0.007515196208062998,-0.025519220471047294,-0.013903508447780604,0.015066942425468712,0.014204955623689258,-0.007227284223491507,-0.010570867643089558,0.015599903522983093,0.029791733392172514,0.0030138467508067784,0.005042203096457258,-0.02126756194880172,0.01278258388224954,-0.007835042485884812,0.007326509545423824,0.004314189710432332,-0.001960622952426663,-0.011219401613989991,0.014879264408836468,0.007515196208062998,0.022780840348990937,-0.006494825713355819,-0.0056766507007775975,0.00427802714626317,0.0063684806582199865,-0.0023808373979524455,-0.0035044522604453865,-0.010628827827664038,0.02278098622163082,0.002152640071388857,-0.0021607740638868375,-0.015188032734204607,-0.001673549292724567,0.0033637045400926715,-0.004047442608279426,0.0001634666270948158,0.010966407771329578,0.037108196788652056,-0.030402567955837023,-0.025519220471047294,-0.006494825713355819,0.03439135964803509,0.012034568721144567,-0.014398818236733406,-0.019771601261037396,0.0004499598293574218,0.012761047041526995,-0.006835748851565111,-0.043346362248225516,-0.001489236239132997,-0.005290970302832744,0.02821049274702847,-0.010570649204262799,0.022825355103730193,0.00776914744204324,0.015340754251992019,0.0035175980282979268,0.08689789632167659,-0.06136117928331755,-0.013903508447780604,-0.0056766507007775975,0.012034568721144567,0.09297721648434666,-0.0327001358589597,-0.0416758702680803,-0.015902561563102047,0.046162829684870954,-0.03748550847151433,-0.08444538916970584,-0.034202825427287774,-0.03283285792569498,0.09657040646476835,-0.01879173230060404,-0.01140078412387877,-0.005764357914936181,-0.008021719225274615,-0.0013229156917279022,-0.04001848524985871,0.05283089569910239,0.015066942425468712,0.00427802714626317,-0.014398818236733406,-0.0327001358589597,0.04979320975031205,0.021526697091870516,0.005128352328638679,-0.017124779784095323,0.014237750590052837,0.059948347298802565,0.014960649976672652,0.02602498857365408,-0.04954467430200939,0.014103735694796074,-0.010874450899588411,-0.005311244701012993,-0.0034314897422770005,0.0057716801698901,-0.06751459477042604,0.0479605926323956,0.014204955623689258,0.0063684806582199865,-0.019771601261037396,-0.0416758702680803,0.021526697091870516,0.05633416209973168,0.0026176239924164467,-0.037198634026612415,0.03858303452452028,0.05897724543354966,0.014749682992104553,0.01739028528513533,-0.06057461572015903,0.014616403591788063,-0.007807967021238253,0.001953868907823135,-0.006509374125534028,0.005726572232218383,-0.0049803197076850195,0.008816065559783998,-0.007227284223491507,-0.0023808373979524455,0.0004499598293574218,-0.015902561563102047,0.005128352328638679,0.0026176239924164467,0.02496100821755559,-0.004257573658972252,-0.0058065541419186064,0.014275867958937698,0.006548554352124513,0.010897547297242124,-0.01758595009638022,-0.00713074136610916,0.01446379668684771,0.00582260421197024,0.004713539826813206,-0.0025440642318009937,0.05832911974263455,-0.04389465436580411,-0.010570867643089558,-0.0035044522604453865,0.012761047041526995,0.046162829684870954,-0.017124779784095323,-0.037198634026612415,-0.004257573658972252,0.05183907625748189,-0.0384854690942166,-0.05319434328261037,-0.016542130977281452,-0.020489748045103097,0.06243649378952964,-0.013418540704982522,0.0033582972600411476,-0.016711347449195224,-0.008526110288088206,0.009804930545238531,-0.06426051596980033,0.035683516700000965,0.015599903522983093,-0.010628827827664038,-0.006835748851565111,-0.03748550847151433,0.014237750590052837,0.03858303452452028,-0.0058065541419186064,-0.0384854690942166,0.10798237430192895,0.027769594159354205,0.01181248163659604,0.020410165182396703,-0.05031018037127736,0.03535811693032599,-0.028982844419663128,-0.00183595277165427,-0.01280142325236431,-0.005705306177695303,-0.10858390356924744,0.10692706811483808,0.029791733392172514,0.02278098622163082,-0.043346362248225516,-0.08444538916970584,0.059948347298802565,0.05897724543354966,0.014275867958937698,-0.05319434328261037,0.027769594159354205,0.14904091004845504,0.038852546256514325,0.047761388095077725,-0.12016539774978745,0.019708215359783555,-0.011292191649593117,7.722621165004461e-5,-0.008803554243338032,-0.001209737666540714,-0.030203681389861074,0.02836505893880352,0.0030138467508067784,0.002152640071388857,-0.001489236239132997,-0.034202825427287774,0.014960649976672652,0.014749682992104553,0.006548554352124513,-0.016542130977281452,0.01181248163659604,0.038852546256514325,0.03620190397732331,0.01856016114971508,-0.04004185049048201,0.011028353884440834,-0.008895880414886995,-0.004874274459057925,-0.010926453289753824,0.0036860235132303415,-0.02210325765151018,0.04100201773116016,0.005042203096457258,-0.0021607740638868375,-0.005290970302832744,-0.03283285792569498,0.02602498857365408,0.01739028528513533,0.010897547297242124,-0.020489748045103097,0.020410165182396703,0.047761388095077725,0.01856016114971508,0.051171847891306764,-0.04196330524341968,0.00626766805882647,0.029481592135422757,0.006688508864166182,0.01697716820683926,0.004174848545837932,0.11524814345262599,-0.09012569322985609,-0.02126756194880172,-0.015188032734204607,0.02821049274702847,0.09657040646476835,-0.04954467430200939,-0.06057461572015903,-0.01758595009638022,0.06243649378952964,-0.05031018037127736,-0.12016539774978745,-0.04004185049048201,-0.04196330524341968,0.14751941159190884,-0.025768999189683006,0.00552826603120391,-0.009255598957203213,-0.0033647925089214563,-0.006250977814931993,-0.03255897575055722,0.022951118705897472,0.01278258388224954,-0.001673549292724567,-0.010570649204262799,-0.01879173230060404,0.014103735694796074,0.014616403591788063,-0.00713074136610916,-0.013418540704982522,0.03535811693032599,0.019708215359783555,0.011028353884440834,0.00626766805882647,-0.025768999189683006,0.03270973854627921
0.03503066212228659,-0.0021116651499909784,0.009116728037452806,-0.02075529302040107,0.006046193014192223,0.021050725630077538,0.004445576440009626,-0.014723974571836902,-0.0008519871663225913,0.0024974527092426493,0.0009008008943829017,-0.023746553710800172,-0.006890188054703678,0.006584014487833675,0.009753138903699055,0.012800844706213293,-0.010637299257576616,-0.012313603337219613,0.006354001448395399,0.0035040950644051987,-0.0021116651499909784,0.03924905477953882,0.0066552916750480615,0.00955707082134386,0.0027124322020612235,-0.012824156653427678,-0.008419462044514242,-0.010370367124179129,-0.012720249817887039,0.002281540790898152,-0.015277844047630265,0.01749317468592839,0.00025165528785207317,0.005844974832262622,-0.001835308571679277,0.0009732919228105149,0.008646354274031785,-0.006105250389740486,-0.023895264142207162,-0.004123312537278595,0.009116728037452806,0.0066552916750480615,0.05535573587589006,0.033030669764372106,-0.02417550912188151,0.03211589398248247,-0.02811805011988308,-0.016791300933990068,-0.016876901194308236,-0.007950022401397082,0.0040136454841139795,0.020792742902594988,-0.007970782298285819,0.002129796644278893,-0.0184032583324136,-0.01994624725120079,-0.003323022879517328,-0.0246283952225822,-0.003979823357169251,0.01120707103394072,-0.02075529302040107,0.00955707082134386,0.033030669764372106,0.0965862707447999,-0.04579369852706212,0.0198947310751027,-0.01346719974926437,-0.011269561855458188,-0.020389545220309092,-0.012526013588603413,-0.006766374984617262,0.04673136490163596,0.004451199396866556,0.002183884519419173,-0.02691172758596966,-0.04295713051915738,0.007119701126369752,0.000695545900303945,-0.0083824865795499,0.0033793253508482613,0.006046193014192223,0.0027124322020612235,-0.02417550912188151,-0.04579369852706212,0.055787589926644544,-0.021548182793201462,0.017068445760044904,-0.0024318116301576052,0.0002534494253209926,0.014244138903058253,-0.010369104693589353,-0.027889022398338084,0.0015850757274460078,-0.006605085966038995,0.021528021214604436,0.025538186856985143,0.0038606495711678446,0.004340184877582501,0.007077355827325311,0.0010203214726242373,0.021050725630077538,-0.012824156653427678,0.03211589398248247,0.0198947310751027,-0.021548182793201462,0.0782320340931895,-0.021931062128729986,-0.01131748729379351,-0.009831481139373053,-0.014950329695584387,0.01819379683485061,-0.013573046062675764,-0.003308799469951017,-0.0053267235278790775,-0.0011283283713605522,-0.019666028881267988,-0.023243586879388354,-0.024371250758123145,0.017241612582824854,0.022720263635158708,0.004445576440009626,-0.008419462044514242,-0.02811805011988308,-0.01346719974926437,0.017068445760044904,-0.021931062128729986,0.05857386419808091,-0.0074365397193485346,0.015970487255500335,0.012968833869355172,-0.014366662375804801,-0.028691659554846607,-2.5104002712264843e-5,0.010527833796046219,0.023875258239655597,0.024716799278902434,-0.008376873332180193,0.0005769784275578639,0.0025408164147672505,-0.00911232900495654,-0.014723974571836902,-0.010370367124179129,-0.016791300933990068,-0.011269561855458188,-0.0024318116301576052,-0.01131748729379351,-0.0074365397193485346,0.050908681079588416,0.013377779074701675,-0.004876001552913577,0.015990103116657592,-0.0004514763091878677,0.009160682633017501,-0.009290180144889944,-0.00680413329270327,-0.0020732210303160132,0.0015521546645454513,0.009450555563022236,0.008515282792538681,0.0010069898577392922,-0.0008519871663225913,-0.012720249817887039,-0.016876901194308236,-0.020389545220309092,0.0002534494253209926,-0.009831481139373053,0.015970487255500335,0.013377779074701675,0.0417348277698908,-0.00647506555047626,0.004401816747832146,-0.021533025133530365,-0.0022181901186527483,0.002966587054145255,0.018603453815104757,0.010604464990727033,-0.012392308503891223,0.006743341260902795,0.006344440840283506,0.004323326716365007,0.0024974527092426493,0.002281540790898152,-0.007950022401397082,-0.012526013588603413,0.014244138903058253,-0.014950329695584387,0.012968833869355172,-0.004876001552913577,-0.00647506555047626,0.03342366010494681,-0.011949715148340785,-0.009520060979563882,0.002510602154458476,0.004163296451459312,-0.0035757763361989967,0.00569383764815783,0.01175748921136504,0.0048581771400004695,-0.005572789811940343,-0.014347809027732108,0.0009008008943829017,-0.015277844047630265,0.0040136454841139795,-0.006766374984617262,-0.010369104693589353,0.01819379683485061,-0.014366662375804801,0.015990103116657592,0.004401816747832146,-0.011949715148340785,0.03946647633234926,0.0016529080806805489,-0.0034187072313430155,-0.01739965676238961,-0.0072650271638474324,-0.005149147332281789,-0.003714667384431821,-0.0047612021176045285,0.01929427136707152,0.015869201492125333,-0.023746553710800172,0.01749317468592839,0.020792742902594988,0.04673136490163596,-0.027889022398338084,-0.013573046062675764,-0.028691659554846607,-0.0004514763091878677,-0.021533025133530365,-0.009520060979563882,0.0016529080806805489,0.08208960118424877,0.0018927018964906427,-0.0027191000391856516,-0.02839762337557246,-0.02663300588551311,0.016820782220764274,0.007289162680295624,-0.018013378258764923,-0.002163918571122655,-0.006890188054703678,0.00025165528785207317,-0.007970782298285819,0.004451199396866556,0.0015850757274460078,-0.003308799469951017,-2.5104002712264843e-5,0.009160682633017501,-0.0022181901186527483,0.002510602154458476,-0.0034187072313430155,0.0018927018964906427,0.020372824566386245,0.0024559459779547148,-0.00364779071131441,-0.006440247971984166,0.0018479903237102965,0.007828003569123457,-0.0037944527135643055,-0.010175790206400883,0.006584014487833675,0.005844974832262622,0.002129796644278893,0.002183884519419173,-0.006605085966038995,-0.0053267235278790775,0.010527833796046219,-0.009290180144889944,0.002966587054145255,0.004163296451459312,-0.01739965676238961,-0.0027191000391856516,0.0024559459779547148,0.043780837628236494,0.010649916907013657,0.008536363249045564,-0.01289585071120906,-0.006565357366489982,-0.011308241290196391,-0.01245174490077253,0.009753138903699055,-0.001835308571679277,-0.0184032583324136,-0.02691172758596966,0.021528021214604436,-0.0011283283713605522,0.023875258239655597,-0.00680413329270327,0.018603453815104757,-0.0035757763361989967,-0.0072650271638474324,-0.02839762337557246,-0.00364779071131441,0.010649916907013657,0.047404363442651906,0.0207068425884792,-0.023054257591050887,-0.005684215072795462,0.004288609363964838,0.008613238518737486,0.012800844706213293,0.0009732919228105149,-0.01994624725120079,-0.04295713051915738,0.025538186856985143,-0.019666028881267988,0.024716799278902434,-0.0020732210303160132,0.010604464990727033,0.00569383764815783,-0.005149147332281789,-0.02663300588551311,-0.006440247971984166,0.008536363249045564,0.0207068425884792,0.05021065880987819,-0.008223718710486265,-0.005778480446233131,0.0024887748134842158,-0.007211774287138265,-0.010637299257576616,0.008646354274031785,-0.003323022879517328,0.007119701126369752,0.0038606495711678446,-0.023243586879388354,-0.008376873332180193,0.0015521546645454513,-0.012392308503891223,0.01175748921136504,-0.003714667384431821,0.016820782220764274,0.0018479903237102965,-0.01289585071120906,-0.023054257591050887,-0.008223718710486265,0.048467729310754194,0.017004460038222022,-0.009727510846408795,-0.01625205572554773,-0.012313603337219613,-0.006105250389740486,-0.0246283952225822,0.000695545900303945,0.004340184877582501,-0.024371250758123145,0.0005769784275578639,0.009450555563022236,0.006743341260902795,0.0048581771400004695,-0.0047612021176045285,0.007289162680295624,0.007828003569123457,-0.006565357366489982,-0.005684215072795462,-0.005778480446233131,0.017004460038222022,0.03839459485075668,-0.007636876310026776,-0.019403138414904,0.006354001448395399,-0.023895264142207162,-0.003979823357169251,-0.0083824865795499,0.007077355827325311,0.017241612582824854,0.0025408164147672505,0.008515282792538681,0.006344440840283506,-0.005572789811940343,0.01929427136707152,-0.018013378258764923,-0.0037944527135643055,-0.011308241290196391,0.004288609363964838,0.0024887748134842158,-0.009727510846408795,-0.007636876310026776,0.035021033934096314,0.015386427640965364,0.0035040950644051987,-0.004123312537278595,0.01120707103394072,0.0033793253508482613,0.0010203214726242373,0.022720263635158708,-0.00911232900495654,0.0010069898577392922,0.004323326716365007,-0.014347809027732108,0.015869201492125333,-0.002163918571122655,-0.010175790206400883,-0.01245174490077253,0.008613238518737486,-0.007211774287138265,-0.01625205572554773,-0.019403138414904,0.015386427640965364,0.04472527788609196
