0.013870256150562699,0.0008353982776680172,-0.0007320309697278775,-0.0026044149066333728,0.0025149805442956905,-0.006164824652445892,0.003615450136132824,-0.0006147884775312199,0.0010879570242003735,0.005480526136227636,-0.004531416927775223,-0.0019507473051483563,-0.0032515932213997237,0.0053921215081973485,-0.0029240334833433657,-0.007704353657955944,-0.0050574295161648734,-0.0037518390098873955,0.01048674517905823,0.0012871815234917902,0.0008353982776680172,0.014451631222845068,0.001929991265927554,-0.00010983601500661716,0.00658279078619267,-0.0022252678331449297,-0.000123904620051845,0.00024225204546993629,-0.002044602740822134,0.006411718851547652,0.00011067519142820024,-0.004498086736629639,4.700405241784014e-5,0.006533544038422672,-0.00878733704285401,-0.004258848187126047,-0.001170377881130292,-0.0006071042031569322,0.010425386667453114,-0.004818632341703549,-0.0007320309697278775,0.001929991265927554,0.013203361302507452,-0.00017100085992121988,-0.00016856845876576373,0.004167778989945703,0.0004888851214269661,0.0024258077442291777,-0.0003635960248889127,0.0009512817296997715,0.0011529546388103246,-0.0007017168960258795,-0.002266174052847119,-0.00026782366866615753,-0.0038419147991364698,0.0025207231491847382,0.0005212776123552389,-0.0013251886499219818,-0.0009642053597462639,-0.0007039660285941671,-0.0026044149066333728,-0.00010983601500661716,-0.00017100085992121988,0.025651208729532284,0.0055946454481113714,-0.003029807125218646,-0.008790221290003227,-0.0026320264849264124,0.007019133308434941,-0.00010727948574781708,-0.006852412631557931,0.0009485915449061569,0.0049666953196187014,-0.000272225396565083,0.01019468172772647,-0.008297580941846485,-0.0011078280659512565,0.002129811911713161,0.00549623387824052,-0.00018147445398388504,0.0025149805442956905,0.00658279078619267,-0.00016856845876576373,0.0055946454481113714,0.08031370046030019,-0.04219762632608045,-0.019206474928292576,-0.017738521671281322,0.013518899416983136,0.04396798411506575,-0.02373586885545972,-0.03044383964381208,0.005813690340196747,0.032458301740585574,-0.023337548047819158,-0.061793244160763816,-0.017257035892540358,-0.0009893044943152097,0.07517268355950862,-0.023580652966446385,-0.006164824652445892,-0.0022252678331449297,0.004167778989945703,-0.003029807125218646,-0.04219762632608045,0.05535140131456064,0.007729314454992715,0.01065765803975817,-0.01025347824631114,-0.03105132421160306,0.029560736922327073,0.0171392658425659,0.0010596189996280843,-0.02285567558183876,0.012792646577047612,0.05175896034672488,0.017059411842807133,0.006617097202543087,-0.061314780472973306,0.017825990112210928,0.003615450136132824,-0.000123904620051845,0.0004888851214269661,-0.008790221290003227,-0.019206474928292576,0.007729314454992715,0.026268525730401022,0.009339994536658517,-0.011950676173588835,-0.007998947114678943,0.010272022368972976,0.005113725984832498,-0.00973389129001472,-0.00167102353922617,-0.0043002107815324694,0.017842764854509637,0.004160746869001725,-0.00021969596757939866,-0.011580957825002777,0.005113230346339183,-0.0006147884775312199,0.00024225204546993629,0.0024258077442291777,-0.0026320264849264124,-0.017738521671281322,0.01065765803975817,0.009339994536658517,0.017879089708372084,-0.0035626788822247495,-0.008650093096907632,0.006007739329960786,0.009141546903996404,-0.004990237681420687,-0.004931783153758189,-0.0009880593048461964,0.022012968619191838,0.002689906791309797,-0.001550519231071236,-0.017379419250246022,0.004014928598429191,0.0010879570242003735,-0.002044602740822134,-0.0003635960248889127,0.007019133308434941,0.013518899416983136,-0.01025347824631114,-0.011950676173588835,-0.0035626788822247495,0.014826082785187794,0.003788206873109407,-0.007206869883005263,-0.006435989156750565,0.0043445487092780965,0.0006982187211004227,0.005105757149626919,-0.015579779042181522,-0.002983801049352309,0.0027340854748298432,0.013576075770152546,-0.006031707660485976,0.005480526136227636,0.006411718851547652,0.0009512817296997715,-0.00010727948574781708,0.04396798411506575,-0.03105132421160306,-0.007998947114678943,-0.008650093096907632,0.003788206873109407,0.0480661722979215,-0.01697143490623928,-0.02020551828043837,0.000496924843773316,0.02656663225193013,-0.024381668851602187,-0.04252937815955038,-0.01230379819940073,-0.006564563540593529,0.05797953544973172,-0.016488593876574347,-0.004531416927775223,0.00011067519142820024,0.0011529546388103246,-0.006852412631557931,-0.02373586885545972,0.029560736922327073,0.010272022368972976,0.006007739329960786,-0.007206869883005263,-0.01697143490623928,0.03934479803349662,0.006014817224362061,0.002774922086288195,-0.010805417622226381,0.0016754903982099398,0.0353329542160092,0.01067034837496967,0.00561166765391994,-0.03669922790166556,0.012932798035141618,-0.0019507473051483563,-0.004498086736629639,-0.0007017168960258795,0.0009485915449061569,-0.03044383964381208,0.0171392658425659,0.005113725984832498,0.009141546903996404,-0.006435989156750565,-0.02020551828043837,0.006014817224362061,0.03170376279596889,-0.003766453468692957,-0.013348819163854829,0.015669153618298542,0.02492119719773213,0.009466758202275953,-8.758681274854927e-5,-0.03304315971156499,0.010236802614826533,-0.0032515932213997237,4.700405241784014e-5,-0.002266174052847119,0.0049666953196187014,0.005813690340196747,0.0010596189996280843,-0.00973389129001472,-0.004990237681420687,0.0043445487092780965,0.000496924843773316,0.002774922086288195,-0.003766453468692957,0.018110051139816348,-0.0026657582950961956,0.006406882843429315,-0.0032787302147303347,0.002388260629822816,0.006749606156859546,-0.0027239080676422067,-0.000322175956389415,0.0053921215081973485,0.006533544038422672,-0.00026782366866615753,-0.000272225396565083,0.032458301740585574,-0.02285567558183876,-0.00167102353922617,-0.004931783153758189,0.0006982187211004227,0.02656663225193013,-0.010805417622226381,-0.013348819163854829,-0.0026657582950961956,0.03393658490489639,-0.021032193382273127,-0.029728142519737148,-0.010072956208791662,-0.006748786598994371,0.046261427391718235,-0.012644339728735684,-0.0029240334833433657,-0.00878733704285401,-0.0038419147991364698,0.01019468172772647,-0.023337548047819158,0.012792646577047612,-0.0043002107815324694,-0.0009880593048461964,0.005105757149626919,-0.024381668851602187,0.0016754903982099398,0.015669153618298542,0.006406882843429315,-0.021032193382273127,0.05178145920647498,0.013951399355915585,0.010508991108023967,0.00784294405800787,-0.030178667943779075,0.015295006468897542,-0.007704353657955944,-0.004258848187126047,0.0025207231491847382,-0.008297580941846485,-0.061793244160763816,0.05175896034672488,0.017842764854509637,0.022012968619191838,-0.015579779042181522,-0.04252937815955038,0.0353329542160092,0.02492119719773213,-0.0032787302147303347,-0.029728142519737148,0.013951399355915585,0.0807553401580926,0.02261644489742428,0.008428233070229916,-0.0818641140959325,0.017016446897060045,-0.0050574295161648734,-0.001170377881130292,0.0005212776123552389,-0.0011078280659512565,-0.017257035892540358,0.017059411842807133,0.004160746869001725,0.002689906791309797,-0.002983801049352309,-0.01230379819940073,0.01067034837496967,0.009466758202275953,0.002388260629822816,-0.010072956208791662,0.010508991108023967,0.02261644489742428,0.018283440095891286,0.00650667434245907,-0.024680952300151736,0.007239794102459483,-0.0037518390098873955,-0.0006071042031569322,-0.0013251886499219818,0.002129811911713161,-0.0009893044943152097,0.006617097202543087,-0.00021969596757939866,-0.001550519231071236,0.0027340854748298432,-0.006564563540593529,0.00561166765391994,-8.758681274854927e-5,0.006749606156859546,-0.006748786598994371,0.00784294405800787,0.008428233070229916,0.00650667434245907,0.02067647366539457,-0.010511117108938945,-0.0017141591604330209,0.01048674517905823,0.010425386667453114,-0.0009642053597462639,0.00549623387824052,0.07517268355950862,-0.061314780472973306,-0.011580957825002777,-0.017379419250246022,0.013576075770152546,0.05797953544973172,-0.03669922790166556,-0.03304315971156499,-0.0027239080676422067,0.046261427391718235,-0.030178667943779075,-0.0818641140959325,-0.024680952300151736,-0.010511117108938945,0.11767957823501345,-0.026474906351193074,0.0012871815234917902,-0.004818632341703549,-0.0007039660285941671,-0.00018147445398388504,-0.023580652966446385,0.017825990112210928,0.005113230346339183,0.004014928598429191,-0.006031707660485976,-0.016488593876574347,0.012932798035141618,0.010236802614826533,-0.000322175956389415,-0.012644339728735684,0.015295006468897542,0.017016446897060045,0.007239794102459483,-0.0017141591604330209,-0.026474906351193074,0.02434642046050259
0.02402612996476709,-0.0027730533042777204,0.005648744357998108,-0.008781998228550445,0.005083967143175274,0.0024958072622631674,0.00655813427644326,-0.011919566887523776,0.001904128041579541,0.0036853698089449943,-0.00782756437344959,-0.01151712928198375,-0.001392845412890945,0.010997145369022222,0.006385129360169336,0.005098030770323383,-0.005128334659727984,0.002885817340363422,-0.0002580420435025349,-0.0069720829071633055,-0.0027730533042777204,0.02645494608226042,-0.0003871549050030005,0.002375713004041422,0.0010017739827275808,-0.007249071238885505,0.0034002489382925147,-0.0024533235863550564,-0.0010473608003954576,0.0034335896821166842,-0.005299643594788169,0.0008153494127696444,-0.005831019387488397,0.0001666906587206866,0.003720183824299061,0.007603286582087565,0.0020553783759150544,-0.007380244281931261,-0.013425783147064618,0.0013820549737851814,0.005648744357998108,-0.0003871549050030005,0.04465078850479583,0.027089440350893133,-0.007634393432665617,0.02118126140773587,-0.011449371471878992,-0.013173179747292783,-0.011502360801580014,-0.0017667133696874131,-0.004155214632692573,-0.0005410741235870734,-0.003809557243527373,0.012385200154005675,-0.006886090247975453,-0.012736145181410249,-0.008361578357037743,-0.022046819142935214,-0.002471922834118901,0.01025919543438241,-0.008781998228550445,0.002375713004041422,0.027089440350893133,0.06060623474363922,-0.03536417868348636,0.020507385121194502,-0.007862260695685658,-0.00677346826534789,-0.013019437733273909,-0.006779819800722752,-0.0024526117404590035,0.012596035078416227,0.002323945257468879,0.01931176725715973,-0.014728010391405484,-0.01920114931546783,-0.00611581100738991,-0.00931302639135801,-0.0031755067711371323,-0.002864913092400994,0.005083967143175274,0.0010017739827275808,-0.007634393432665617,-0.03536417868348636,0.04107300565228211,-0.010746180128595188,-0.0013954129935181523,0.003523891599432833,0.002072628233190994,0.007054382840071583,-0.002556725586070794,-0.009612845817956489,-0.0012816477996384146,-0.013411819795884121,0.011905292009757727,0.00735168783388538,0.0038605979544007064,0.005289323602664948,0.004126908044067891,0.009826972238631364,0.0024958072622631674,-0.007249071238885505,0.02118126140773587,0.020507385121194502,-0.010746180128595188,0.035783927841025805,-0.011224744483753105,0.0026774260779045267,-0.010242474054780036,-0.006544326618055348,0.004293757942436433,-0.0024143790383713577,0.0037097636011669596,0.006420924737799569,-0.0028030052993126804,-0.013446048122446272,-0.006874382947822531,-0.012814083963724677,0.005642273163929586,0.005320224752015358,0.00655813427644326,0.0034002489382925147,-0.011449371471878992,-0.007862260695685658,-0.0013954129935181523,-0.011224744483753105,0.030823286390794128,-0.009835069631125277,0.00792812099917975,0.008118090818202408,-0.009219321895253915,-0.006997456488964901,0.0016533385888213544,0.00907058780088581,0.005352767274276037,0.011929054222860114,-0.00677241986518402,-0.0008602516797048134,-0.005137344898375605,-0.015050453780412358,-0.011919566887523776,-0.0024533235863550564,-0.013173179747292783,-0.00677346826534789,0.003523891599432833,0.0026774260779045267,-0.009835069631125277,0.03529010532391773,0.00460943434111246,-0.01030598771988462,0.014197776910251255,-0.00041796119560761984,0.006240316169159303,-0.019155609263635277,-0.002552847172456345,-0.0052406549343397175,0.007276764088755633,0.005294565110357275,0.006854163761422749,0.009811870236017105,0.001904128041579541,-0.0010473608003954576,-0.011502360801580014,-0.013019437733273909,0.002072628233190994,-0.010242474054780036,0.00792812099917975,0.00460943434111246,0.02519750596628989,-0.0017673968140612967,-0.0005863894033118911,-0.0039761638366043895,0.0034978550488593847,-0.004860260361817447,0.0042177467116831,0.0047474361819490555,0.0023073933497848483,0.009218060572326018,0.00025120752075031714,-0.002133737718776022,0.0036853698089449943,0.0034335896821166842,-0.0017667133696874131,-0.006779819800722752,0.007054382840071583,-0.006544326618055348,0.008118090818202408,-0.01030598771988462,-0.0017673968140612967,0.02327365251877694,-0.009759547729784608,-0.0008324454520100026,-0.0015766344482374456,0.004151567345808804,0.001929737231631002,0.007053994733057976,-0.0038027587109783867,0.0006228292313621766,-0.004460461132125735,-0.004927520562516821,-0.00782756437344959,-0.005299643594788169,-0.004155214632692573,-0.0024526117404590035,-0.002556725586070794,0.004293757942436433,-0.009219321895253915,0.014197776910251255,-0.0005863894033118911,-0.009759547729784608,0.025037487805698616,0.004339207094619435,0.0026050844087018117,-0.015453265446391154,-0.0033845641629596307,-0.007265458407560093,0.005930860077799027,0.004338285782406491,0.006227627964163162,0.006481490204323844,-0.01151712928198375,0.0008153494127696444,-0.0005410741235870734,0.012596035078416227,-0.009612845817956489,-0.0024143790383713577,-0.006997456488964901,-0.00041796119560761984,-0.0039761638366043895,-0.0008324454520100026,0.004339207094619435,0.03976714080695589,0.0003308633372050365,-0.006560661987448404,-0.007904861051604237,-0.008873306315291395,8.522391113188541e-5,0.007556178522069103,-0.006642735769494464,-0.0021034012007976354,-0.001392845412890945,-0.005831019387488397,-0.003809557243527373,0.002323945257468879,-0.0012816477996384146,0.0037097636011669596,0.0016533385888213544,0.006240316169159303,0.0034978550488593847,-0.0015766344482374456,0.0026050844087018117,0.0003308633372050365,0.019419006408685286,0.0011206872124597932,-0.004073708812721876,-0.005284458709091883,-0.0020408202184593036,0.005179658693862806,0.002026998806975011,-0.006594880525853853,0.010997145369022222,0.0001666906587206866,0.012385200154005675,0.01931176725715973,-0.013411819795884121,0.006420924737799569,0.00907058780088581,-0.019155609263635277,-0.004860260361817447,0.004151567345808804,-0.015453265446391154,-0.006560661987448404,0.0011206872124597932,0.03914778459340912,0.0001119437549464484,0.0015077982972186087,-0.014034111241456954,-0.009395064321197598,-0.0028171119984459745,-0.011520291944672752,0.006385129360169336,0.003720183824299061,-0.006886090247975453,-0.014728010391405484,0.011905292009757727,-0.0028030052993126804,0.005352767274276037,-0.002552847172456345,0.0042177467116831,0.001929737231631002,-0.0033845641629596307,-0.007904861051604237,-0.004073708812721876,0.0001119437549464484,0.017557317962090483,0.008292293544828844,-0.0003892077906665094,0.00025361610924121483,-0.0004771127841085342,5.8777579035855176e-5,0.005098030770323383,0.007603286582087565,-0.012736145181410249,-0.01920114931546783,0.00735168783388538,-0.013446048122446272,0.011929054222860114,-0.0052406549343397175,0.0047474361819490555,0.007053994733057976,-0.007265458407560093,-0.008873306315291395,-0.005284458709091883,0.0015077982972186087,0.008292293544828844,0.033104339689400006,0.00312607314772078,-0.001473683218115782,-0.004076611237830385,-0.009559964992649803,-0.005128334659727984,0.0020553783759150544,-0.008361578357037743,-0.00611581100738991,0.0038605979544007064,-0.006874382947822531,-0.00677241986518402,0.007276764088755633,0.0023073933497848483,-0.0038027587109783867,0.005930860077799027,8.522391113188541e-5,-0.0020408202184593036,-0.014034111241456954,-0.0003892077906665094,0.00312607314772078,0.023463376064999725,0.00810917663956262,-0.0014801619478707212,0.0014912409351635252,0.002885817340363422,-0.007380244281931261,-0.022046819142935214,-0.00931302639135801,0.005289323602664948,-0.012814083963724677,-0.0008602516797048134,0.005294565110357275,0.009218060572326018,0.0006228292313621766,0.004338285782406491,0.007556178522069103,0.005179658693862806,-0.009395064321197598,0.00025361610924121483,-0.001473683218115782,0.00810917663956262,0.03335570219550171,-0.0018336993517480628,-0.011766024507145853,-0.0002580420435025349,-0.013425783147064618,-0.002471922834118901,-0.0031755067711371323,0.004126908044067891,0.005642273163929586,-0.005137344898375605,0.006854163761422749,0.00025120752075031714,-0.004460461132125735,0.006227627964163162,-0.006642735769494464,0.002026998806975011,-0.0028171119984459745,-0.0004771127841085342,-0.004076611237830385,-0.0014801619478707212,-0.0018336993517480628,0.021414787418663494,0.0025868632197307635,-0.0069720829071633055,0.0013820549737851814,0.01025919543438241,-0.002864913092400994,0.009826972238631364,0.005320224752015358,-0.015050453780412358,0.009811870236017105,-0.002133737718776022,-0.004927520562516821,0.006481490204323844,-0.0021034012007976354,-0.006594880525853853,-0.011520291944672752,5.8777579035855176e-5,-0.009559964992649803,0.0014912409351635252,-0.011766024507145853,0.0025868632197307635,0.03251681022617468
