0.027202410303987276,-0.0020884908517443588,0.00949015820143314,0.0004689698286871567,-0.006004554232480838,0.0003422196384815589,0.0023641452509751094,0.0004367604825944711,0.0004666987795932196,-0.00021178922799831049,-0.0004917488029095669,0.0055094068060194505,0.0029520508846122965,0.005064964624595253,-0.0022053067160159134,-0.003211408096888319,0.0026776071878896945,-0.006981407967844579,-0.0063708884343472785,-0.012279885425595471,-0.0020884908517443588,0.018344679060067988,-0.0014138887646870718,-0.008763927120233031,-0.0035505202308164724,-0.003266119217534726,-0.0002501203889598486,0.001112992593314779,0.000446635594411602,0.0008946926483454593,0.0016744347479689537,-0.0013675320537689401,-0.001326694094307281,0.003314090467931967,0.009492661575623396,0.004790237405149741,4.9791862543748e-5,-0.000358773202306137,-0.006154798290458746,0.0001700885425657278,0.00949015820143314,-0.0014138887646870718,0.03080349443111248,0.0018082347172104006,0.006768136019299483,-0.0023502571236962057,0.009719526255733612,-0.005795366550304208,-0.009485768663628323,0.0034834222921324223,0.0017665027808291564,0.0034368318311353697,-0.00343696832397892,-0.01624926842000597,-0.00413633841575005,-0.0009822838969753991,0.0009789396662700802,0.008080255627200288,-0.0028961782056064135,-0.01039963565580793,0.0004689698286871567,-0.008763927120233031,0.0018082347172104006,0.025197875444080586,0.003463452549266023,6.235233049453213e-5,-0.00377883032569553,0.001719310712768742,0.0061231788059531896,-0.004565321870013062,-0.003024177821803894,-0.006384516918709949,-0.0026810052896275444,-0.0045827243059153415,-0.010561413403902927,-0.0009726910149310212,0.005745476027384102,0.005457635074922163,0.0002303258288449271,0.0009918548873924945,-0.006004554232480838,-0.0035505202308164724,0.006768136019299483,0.003463452549266023,0.02331197193740705,0.0051941853823242335,-0.004971963703572016,0.00020882823966238067,-0.004407123655371832,0.0008090524303823604,0.0002702527359952751,-0.00419002457738441,-0.00260813724322356,-0.00607743557968546,-0.0014710171381006167,-0.004926881134907801,0.003998127096940204,0.006566776176711471,0.004479734774910607,0.0011753528893071856,0.0003422196384815589,-0.003266119217534726,-0.0023502571236962057,6.235233049453213e-5,0.0051941853823242335,0.02927359608943104,-0.009174102622960452,0.004838769544526207,0.009293829121657967,-0.0009135832333496648,-0.0036159142372132365,-0.0004973626594606984,-0.0037462962879559005,0.0035639371965972676,-0.004810306736505548,-0.003699519696073905,0.007743629720252717,0.004146192566548959,-0.004054433871034737,-0.005796806341208392,0.0023641452509751094,-0.0002501203889598486,0.009719526255733612,-0.00377883032569553,-0.004971963703572016,-0.009174102622960452,0.03613791987934356,-0.0018057764960786827,-0.005908768190839108,-0.00033744356877927676,0.004828976631294566,-0.0022402022391305836,0.004838243114370056,-0.010290594720853002,0.002199251699015015,-0.009388086002295362,-0.004903574103490816,-0.0043507504709471845,0.005594486332990549,-0.005089699406491507,0.0004367604825944711,0.001112992593314779,-0.005795366550304208,0.001719310712768742,0.00020882823966238067,0.004838769544526207,-0.0018057764960786827,0.01865505398346607,0.006220485056915347,-0.0025456277136953007,-0.0019954081476408797,-0.0037976823936028683,-0.002321627563956783,0.0002012211281833684,-0.0020146780627240436,-0.0005395547905649913,0.004051980868113694,0.004957254817188611,-0.0026484646415686494,-0.003235129009583687,0.0004666987795932196,0.000446635594411602,-0.009485768663628323,0.0061231788059531896,-0.004407123655371832,0.009293829121657967,-0.005908768190839108,0.006220485056915347,0.03239559652249924,-0.0034395220034535014,-0.010153105108978707,0.0032900684962366327,-0.0025182014262115234,0.0014108943179457528,-0.005402036522342507,0.00429205488005496,0.0016999653929358931,-0.001556278343985054,-0.005185209765495913,0.0003213190255642647,-0.00021178922799831049,0.0008946926483454593,0.0034834222921324223,-0.004565321870013062,0.0008090524303823604,-0.0009135832333496648,-0.00033744356877927676,-0.0025456277136953007,-0.0034395220034535014,0.025603632780405852,0.001326325067021189,-0.005282876070328459,0.005655692950033913,-0.0005365129569856193,-0.0009666220747344507,-0.00313248978418833,-0.0010144319677876218,-0.006638632147603001,-0.005561264711562542,-0.00033243555336320683,-0.0004917488029095669,0.0016744347479689537,0.0017665027808291564,-0.003024177821803894,0.0002702527359952751,-0.0036159142372132365,0.004828976631294566,-0.0019954081476408797,-0.010153105108978707,0.001326325067021189,0.02975899467591156,-0.0019645478116762987,-0.004628526827574956,-0.003002722456515246,0.003112126507279798,-0.002959219249332572,-0.0021698213591056902,-0.0002856855512576329,0.008075241973937886,-0.0023525551577896248,0.0055094068060194505,-0.0013675320537689401,0.0034368318311353697,-0.006384516918709949,-0.00419002457738441,-0.0004973626594606984,-0.0022402022391305836,-0.0037976823936028683,0.0032900684962366327,-0.005282876070328459,-0.0019645478116762987,0.027834006466593026,0.0015242786597897146,-0.0002593353006333888,-0.009446887562416559,0.003657363310291771,0.0007242688569984348,0.00218896940173143,-0.014171257163210656,-0.0025435334984419532,0.0029520508846122965,-0.001326694094307281,-0.00343696832397892,-0.0026810052896275444,-0.00260813724322356,-0.0037462962879559005,0.004838243114370056,-0.002321627563956783,-0.0025182014262115234,0.005655692950033913,-0.004628526827574956,0.0015242786597897146,0.02393120917553062,-0.001083341285688051,-0.0015190845821001341,-0.0010450505254338814,-0.006287168167179658,-0.0024826033306616932,0.001232670981811291,0.00019636357776154506,0.005064964624595253,0.003314090467931967,-0.01624926842000597,-0.0045827243059153415,-0.00607743557968546,0.0035639371965972676,-0.010290594720853002,0.0002012211281833684,0.0014108943179457528,-0.0005365129569856193,-0.003002722456515246,-0.0002593353006333888,-0.001083341285688051,0.03200525874754903,0.0010730449215632576,0.0010597622381991842,0.0035134181366187327,-0.006689699987790544,-0.0025490191336952797,0.00984643773364786,-0.0022053067160159134,0.009492661575623396,-0.00413633841575005,-0.010561413403902927,-0.0014710171381006167,-0.004810306736505548,0.002199251699015015,-0.0020146780627240436,-0.005402036522342507,-0.0009666220747344507,0.003112126507279798,-0.009446887562416559,-0.0015190845821001341,0.0010730449215632576,0.025401995358161084,0.003412699280195476,-0.004427845720567522,-0.0033854744674713063,0.0030705713648420943,0.009662539117016795,-0.003211408096888319,0.004790237405149741,-0.0009822838969753991,-0.0009726910149310212,-0.004926881134907801,-0.003699519696073905,-0.009388086002295362,-0.0005395547905649913,0.00429205488005496,-0.00313248978418833,-0.002959219249332572,0.003657363310291771,-0.0010450505254338814,0.0010597622381991842,0.003412699280195476,0.03073904750223016,-0.0035830531920343035,-0.003269475121756144,-0.010383457362434786,0.006983314594181834,0.0026776071878896945,4.9791862543748e-5,0.0009789396662700802,0.005745476027384102,0.003998127096940204,0.007743629720252717,-0.004903574103490816,0.004051980868113694,0.0016999653929358931,-0.0010144319677876218,-0.0021698213591056902,0.0007242688569984348,-0.006287168167179658,0.0035134181366187327,-0.004427845720567522,-0.0035830531920343035,0.017598756893061708,0.0015716468068063588,0.00036915740428719053,-0.0018183718248391105,-0.006981407967844579,-0.000358773202306137,0.008080255627200288,0.005457635074922163,0.006566776176711471,0.004146192566548959,-0.0043507504709471845,0.004957254817188611,-0.001556278343985054,-0.006638632147603001,-0.0002856855512576329,0.00218896940173143,-0.0024826033306616932,-0.006689699987790544,-0.0033854744674713063,-0.003269475121756144,0.0015716468068063588,0.022660386442376734,0.0008577548052026275,0.0021715536241708336,-0.0063708884343472785,-0.006154798290458746,-0.0028961782056064135,0.0002303258288449271,0.004479734774910607,-0.004054433871034737,0.005594486332990549,-0.0026484646415686494,-0.005185209765495913,-0.005561264711562542,0.008075241973937886,-0.014171257163210656,0.001232670981811291,-0.0025490191336952797,0.0030705713648420943,-0.010383457362434786,0.00036915740428719053,0.0008577548052026275,0.03733980036322495,0.00267505904642697,-0.012279885425595471,0.0001700885425657278,-0.01039963565580793,0.0009918548873924945,0.0011753528893071856,-0.005796806341208392,-0.005089699406491507,-0.003235129009583687,0.0003213190255642647,-0.00033243555336320683,-0.0023525551577896248,-0.0025435334984419532,0.00019636357776154506,0.00984643773364786,0.009662539117016795,0.006983314594181834,-0.0018183718248391105,0.0021715536241708336,0.00267505904642697,0.024497765522327016
