0.02482127493751129,0.006602316772772765,0.014386915454622277,0.009330072601149653,0.008817767666002048,0.007523214962001973,0.006116120367920325,0.009539243317389236,-0.001337314036785588,-0.012121964686039315,-0.004696777002416854,0.002100701372792181,-0.0005551657450440209,-0.003596957630783762,0.00014947099913840885,-0.0033406700444035256,-0.004014209653662168,-0.014018592964984401,-0.004914176497139745,-0.005138070915282048,0.006602316772772765,0.025728712868221475,0.009677273912060583,-0.0032490382117424683,-0.0010711354943259853,-0.0019048297018735734,0.006553111227056436,0.007351147394202836,-0.005973348237028676,-0.0018369444783097317,-0.0005973722623313937,0.0012197494048723488,-5.3286221899361995e-5,-0.0053980642460646775,-0.0068197605572741515,-0.007299472746278866,0.00011018144665975095,-0.008115216543871647,0.012434691045167246,-0.002266701836648343,0.014386915454622277,0.009677273912060583,0.0432116761676109,0.014398475621358028,0.000691745279346582,-0.0002429719556188214,0.014519017253074988,0.007263128420692903,-0.005382366712928544,-0.015102719594000582,0.00015654515195801118,-0.0055226151690446965,0.008680894954478265,-0.009458702188878503,-0.009008296789424783,0.0009601856589760407,-0.011147683557930582,-0.025667237931128458,0.015253675282688787,-0.015382662924255226,0.009330072601149653,-0.0032490382117424683,0.014398475621358028,0.029284245041877863,0.004370528699160181,-0.002777616347570712,0.0052468760545053075,0.005200083340860516,-0.0016966533396865027,-0.015439703163059565,-0.002258991041520598,-0.009046985766568129,0.012914127914719378,-0.007358269405672843,-0.007888123472113243,0.008138203284390914,-0.0005877729056017514,-0.007234009814186664,0.0015336841517485577,-0.014429743842662789,0.008817767666002048,-0.0010711354943259853,0.000691745279346582,0.004370528699160181,0.03620861658064288,-0.00225066217102201,0.006271975093857737,0.011004745285545906,0.0005441196474041431,-0.011095039757087427,-0.0033210179555487945,-0.006137106610487535,-0.009176446979477983,-0.006863265739530472,-0.001329720460008405,0.00287157049877065,0.005509158055253198,-0.0030168052766456335,-0.01087280990005966,-0.0032421156775696955,0.007523214962001973,-0.0019048297018735734,-0.0002429719556188214,-0.002777616347570712,-0.00225066217102201,0.020030516912719367,6.516799614305214e-5,-0.004230545100063085,0.0023679020217610806,0.005933561788736408,-0.002775411797672245,-0.002417498638509895,-0.003045133548129652,0.002479740690321643,-0.0012838855472113713,-0.0031763985450443425,-0.003965743548175239,0.005787918090048283,-0.0052521137637805675,-0.0012520301101592614,0.006116120367920325,0.006553111227056436,0.014519017253074988,0.0052468760545053075,0.006271975093857737,6.516799614305214e-5,0.04479099730025777,0.0046841379229299795,-0.002782160705045074,-0.010024433777841797,-0.0008427873006029794,0.004387953570411395,0.0013928594957811477,-0.009781239360238994,-0.011286154174138394,-0.006949794696325867,0.004046889315224192,-0.027857634518844716,0.008652644150165364,-0.0076624122199614834,0.009539243317389236,0.007351147394202836,0.007263128420692903,0.005200083340860516,0.011004745285545906,-0.004230545100063085,0.0046841379229299795,0.04287701410394882,0.0010823786420145363,-0.022015904416964296,0.0014819291054622911,0.0011297676629199035,-0.01463363419977176,-0.005050244674655318,-0.004507429029863903,0.010481542546978336,0.0017728814151253681,-0.020609643729827577,0.0008037294942086683,0.0017945007298598074,-0.001337314036785588,-0.005973348237028676,-0.005382366712928544,-0.0016966533396865027,0.0005441196474041431,0.0023679020217610806,-0.002782160705045074,0.0010823786420145363,0.0239157500643757,-0.0012957427994007443,0.004305656999334592,0.003963090750783443,-0.005656296188454027,-0.0019552467663031077,-0.0016750708234579005,0.01032699735527163,-0.007904338496125044,-0.006200061748853261,-0.010959050563459773,0.006218533168216035,-0.012121964686039315,-0.0018369444783097317,-0.015102719594000582,-0.015439703163059565,-0.011095039757087427,0.005933561788736408,-0.010024433777841797,-0.022015904416964296,-0.0012957427994007443,0.044947169893613415,-0.003377962163983772,-0.0061301200280026785,0.0025028172466814913,0.00715277700341502,0.004327896959092416,-0.012300582774872016,-0.0012745790841966016,0.027339805850265398,0.004855288247416309,0.002068215105683533,-0.004696777002416854,-0.0005973722623313937,0.00015654515195801118,-0.002258991041520598,-0.0033210179555487945,-0.002775411797672245,-0.0008427873006029794,0.0014819291054622911,0.004305656999334592,-0.003377962163983772,0.02489251069602622,0.010153376748430684,0.002956750241071741,0.003908571429546549,-0.005330346852504253,0.0007392660936369245,-0.006640774767079304,-0.004804828438337084,-0.0026859912288046293,0.0034523980996604754,0.002100701372792181,0.0012197494048723488,-0.0055226151690446965,-0.009046985766568129,-0.006137106610487535,-0.002417498638509895,0.004387953570411395,0.0011297676629199035,0.003963090750783443,-0.0061301200280026785,0.010153376748430684,0.03862804786279755,0.00017646876204354507,-0.003120057484780899,-0.003003636987462411,-0.005308496344815717,-0.0014632534435682749,-0.008846195722143332,-0.0041780146790390375,0.009871640730541614,-0.0005551657450440209,-5.3286221899361995e-5,0.008680894954478265,0.012914127914719378,-0.009176446979477983,-0.003045133548129652,0.0013928594957811477,-0.01463363419977176,-0.005656296188454027,0.0025028172466814913,0.002956750241071741,0.00017646876204354507,0.059388060457710334,0.005821094948545058,-0.0036383210099422674,-0.005696456233913203,-0.0018013445963507035,-0.0005593492468669138,0.004020895014322703,-0.0062654674501090805,-0.003596957630783762,-0.0053980642460646775,-0.009458702188878503,-0.007358269405672843,-0.006863265739530472,0.002479740690321643,-0.009781239360238994,-0.005050244674655318,-0.0019552467663031077,0.00715277700341502,0.003908571429546549,-0.003120057484780899,0.005821094948545058,0.03347282889060099,0.006491503439392242,0.0026533196255093825,-0.003630531350231359,0.009968417443271201,-0.004841866211691352,0.0021382944330868296,0.00014947099913840885,-0.0068197605572741515,-0.009008296789424783,-0.007888123472113243,-0.001329720460008405,-0.0012838855472113713,-0.011286154174138394,-0.004507429029863903,-0.0016750708234579005,0.004327896959092416,-0.005330346852504253,-0.003003636987462411,-0.0036383210099422674,0.006491503439392242,0.032894670990920485,-0.0002919813898428895,0.008073328497585276,0.014096701898686243,-0.0011165231752675393,-0.0037891290865021297,-0.0033406700444035256,-0.007299472746278866,0.0009601856589760407,0.008138203284390914,0.00287157049877065,-0.0031763985450443425,-0.006949794696325867,0.010481542546978336,0.01032699735527163,-0.012300582774872016,0.0007392660936369245,-0.005308496344815717,-0.005696456233913203,0.0026533196255093825,-0.0002919813898428895,0.03692321443847438,-0.00419821430198883,-0.00045802643538304976,-0.01058938334236876,0.00408874099720706,-0.004014209653662168,0.00011018144665975095,-0.011147683557930582,-0.0005877729056017514,0.005509158055253198,-0.003965743548175239,0.004046889315224192,0.0017728814151253681,-0.007904338496125044,-0.0012745790841966016,-0.006640774767079304,-0.0014632534435682749,-0.0018013445963507035,-0.003630531350231359,0.008073328497585276,-0.00419821430198883,0.03141134131385198,0.006594392275341383,0.004475677486568007,0.0005459179615511005,-0.014018592964984401,-0.008115216543871647,-0.025667237931128458,-0.007234009814186664,-0.0030168052766456335,0.005787918090048283,-0.027857634518844716,-0.020609643729827577,-0.006200061748853261,0.027339805850265398,-0.004804828438337084,-0.008846195722143332,-0.0005593492468669138,0.009968417443271201,0.014096701898686243,-0.00045802643538304976,0.006594392275341383,0.06248907648388454,-0.01335618117282588,3.087371448233815e-5,-0.004914176497139745,0.012434691045167246,0.015253675282688787,0.0015336841517485577,-0.01087280990005966,-0.0052521137637805675,0.008652644150165364,0.0008037294942086683,-0.010959050563459773,0.004855288247416309,-0.0026859912288046293,-0.0041780146790390375,0.004020895014322703,-0.004841866211691352,-0.0011165231752675393,-0.01058938334236876,0.004475677486568007,-0.01335618117282588,0.045460969090661364,-0.00633574210276483,-0.005138070915282048,-0.002266701836648343,-0.015382662924255226,-0.014429743842662789,-0.0032421156775696955,-0.0012520301101592614,-0.0076624122199614834,0.0017945007298598074,0.006218533168216035,0.002068215105683533,0.0034523980996604754,0.009871640730541614,-0.0062654674501090805,0.0021382944330868296,-0.0037891290865021297,0.00408874099720706,0.0005459179615511005,3.087371448233815e-5,-0.00633574210276483,0.032788066353738717
0.05738663313338073,0.017100699049050747,0.0030172410491077816,-0.0042077602040301665,0.022101492446270847,-0.009896957164065563,0.01744533794278063,-0.01650324318115237,0.003297401666146959,0.01726724753122156,0.006459850499586774,-0.020370133619824298,0.014441001771029237,0.00010646170155636982,0.021424413680776924,-0.01945492931590831,0.011875059084488982,-0.015967974471978105,0.016643981565694965,0.008621287191267934,0.017100699049050747,0.02309670887982443,0.004919361461726418,0.007873716092868764,0.010977917768924638,0.001262890963147413,0.006184517790936997,-0.006113289013483753,0.011180588146887436,0.005544122710898011,0.009027457768890409,-0.006415578977461683,0.012696637598998747,0.0016837951493768413,0.008540658832079644,0.0017226083095911184,0.000703697997284345,-0.0005633747897366877,0.0016669244001951229,0.006590299676047954,0.0030172410491077816,0.004919361461726418,0.03344356552897487,0.008550956273897261,0.006283958690680358,-0.002271465726522411,0.014153233763565825,0.005263034580276665,0.0005858884628507496,0.0014129756356308317,0.003173796046598756,-0.008509272506702907,-0.0020647435077755915,0.004861611113295345,0.007100207752113785,-0.00597589674886646,-0.0037483099809250088,-0.0006910626477442299,0.00876063012011772,0.0019009489677710388,-0.0042077602040301665,0.007873716092868764,0.008550956273897261,0.03652173378627742,0.0017039583441474577,0.009514445816083801,0.011906797214020156,-0.0014024736872045606,0.00158244613401604,-0.003952376936999307,0.0074980427279355815,-0.003568885715955243,0.0016073538622945432,0.0004785155205127233,0.006540904875211448,0.004835281473086556,-0.00183931161717643,0.0020869875762868505,-0.0032269259272684134,-0.001752576463877415,0.022101492446270847,0.010977917768924638,0.006283958690680358,0.0017039583441474577,0.03865090447742858,-0.009358235367976829,0.009314851299790598,-0.00366425164207122,-0.002526161879778014,0.011463494952883402,-0.003141689611689502,-0.01838843894953086,0.01279655355821111,-0.00495752494047721,0.013924564652838301,-0.017357120239312282,0.005972760200317795,-0.015203584482054989,0.01529358336892167,0.004613679321430352,-0.009896957164065563,0.001262890963147413,-0.002271465726522411,0.009514445816083801,-0.009358235367976829,0.04877620977672572,-0.005752743631532066,0.01693324183009582,0.021218544066396797,-0.010577681121828303,0.0044153485519083146,0.019696805482867612,-0.005470298575367185,0.018134073509386853,-0.010802601234904691,0.024222731796657838,0.011110905995971688,0.02422559846321945,-0.005835250281932602,-0.005037393279771904,0.01744533794278063,0.006184517790936997,0.014153233763565825,0.011906797214020156,0.009314851299790598,-0.005752743631532066,0.06107579183352829,0.008295173823297532,-0.0029195530800568076,0.011843612414593143,-0.0014645963668896483,-0.013194015440748531,0.01233555634867016,-0.0025288580233570617,0.003653922493843053,-0.005950318342704856,0.013783093995746768,-0.0008580998445906012,0.017603409720049146,0.013085165721191117,-0.01650324318115237,-0.006113289013483753,0.005263034580276665,-0.0014024736872045606,-0.00366425164207122,0.01693324183009582,0.008295173823297532,0.0465144366637689,0.005803042786464171,-0.0013177923846706917,-0.0008419044793898851,0.011157230670662781,-0.006409564359898794,0.006341272047274525,-0.01204507536261722,0.012847726496973496,0.006103542142741013,0.021658159728422333,0.005736453980094917,0.0029859560121140243,0.003297401666146959,0.011180588146887436,0.0005858884628507496,0.00158244613401604,-0.002526161879778014,0.021218544066396797,-0.0029195530800568076,0.005803042786464171,0.03550923366257692,-0.001172971517440313,0.01099382408132895,0.003004949870477293,-0.005107637389069415,0.008758167925361247,-0.0016082094159833357,0.01448373899036904,0.0006802716520841984,0.014516720663306481,-0.008860462671689643,-0.002206010565692498,0.01726724753122156,0.005544122710898011,0.0014129756356308317,-0.003952376936999307,0.011463494952883402,-0.010577681121828303,0.011843612414593143,-0.0013177923846706917,-0.001172971517440313,0.03237463914177223,0.008399416118867799,-0.007894541767193456,0.011279231831931906,-0.009042234049964806,0.009613857946213547,-0.006499852026294179,0.008696463914309836,-0.003178956264617788,0.010501273774544344,0.010279124654170156,0.006459850499586774,0.009027457768890409,0.003173796046598756,0.0074980427279355815,-0.003141689611689502,0.0044153485519083146,-0.0014645963668896483,-0.0008419044793898851,0.01099382408132895,0.008399416118867799,0.03838384223683825,0.007314576000470206,0.0006387682880844101,-0.00017428924634659438,0.004154015251146034,0.012809200049893449,-0.0004554224619010487,0.0074493945507687976,-0.0026711326740860167,0.0011594176459012217,-0.020370133619824298,-0.006415578977461683,-0.008509272506702907,-0.003568885715955243,-0.01838843894953086,0.019696805482867612,-0.013194015440748531,0.011157230670662781,0.003004949870477293,-0.007894541767193456,0.007314576000470206,0.034280320895780134,-0.010400651112019923,0.006511751530186837,-0.010761887861675985,0.020621501573978185,0.0005979524570929802,0.019079044779712607,-0.005468621432859493,-0.009826954717389914,0.014441001771029237,0.012696637598998747,-0.0020647435077755915,0.0016073538622945432,0.01279655355821111,-0.005470298575367185,0.01233555634867016,-0.006409564359898794,-0.005107637389069415,0.011279231831931906,0.0006387682880844101,-0.010400651112019923,0.04062140729757302,-0.009183152212346812,0.008372647791757639,-0.0023583331587937505,0.005995188447199078,-0.005764447663053739,0.0060565625650072265,0.002804370474862379,0.00010646170155636982,0.0016837951493768413,0.004861611113295345,0.0004785155205127233,-0.00495752494047721,0.018134073509386853,-0.0025288580233570617,0.006341272047274525,0.008758167925361247,-0.009042234049964806,-0.00017428924634659438,0.006511751530186837,-0.009183152212346812,0.030117309265870675,-0.005315286846941273,0.0065600119651642985,0.005327365093386541,0.011381638328291078,-0.002836315708028435,-0.004899672657968499,0.021424413680776924,0.008540658832079644,0.007100207752113785,0.006540904875211448,0.013924564652838301,-0.010802601234904691,0.003653922493843053,-0.01204507536261722,-0.0016082094159833357,0.009613857946213547,0.004154015251146034,-0.010761887861675985,0.008372647791757639,-0.005315286846941273,0.029924797917361464,-0.015495000618798794,0.003535098912073642,-0.011814530878999228,0.009352871021324326,0.003567367387746284,-0.01945492931590831,0.0017226083095911184,-0.00597589674886646,0.004835281473086556,-0.017357120239312282,0.024222731796657838,-0.005950318342704856,0.012847726496973496,0.01448373899036904,-0.006499852026294179,0.012809200049893449,0.020621501573978185,-0.0023583331587937505,0.0065600119651642985,-0.015495000618798794,0.04769833549383635,-0.004636144894771309,0.02287847159141143,-0.011776367762122722,-0.007945235958369129,0.011875059084488982,0.000703697997284345,-0.0037483099809250088,-0.00183931161717643,0.005972760200317795,0.011110905995971688,0.013783093995746768,0.006103542142741013,0.0006802716520841984,0.008696463914309836,-0.0004554224619010487,0.0005979524570929802,0.005995188447199078,0.005327365093386541,0.003535098912073642,-0.004636144894771309,0.038434745870413775,0.002977166338247169,0.0075554222075809654,0.004016707816198156,-0.015967974471978105,-0.0005633747897366877,-0.0006910626477442299,0.0020869875762868505,-0.015203584482054989,0.02422559846321945,-0.0008580998445906012,0.021658159728422333,0.014516720663306481,-0.003178956264617788,0.0074493945507687976,0.019079044779712607,-0.005764447663053739,0.011381638328291078,-0.011814530878999228,0.02287847159141143,0.002977166338247169,0.04415745094795233,-0.004209568205682452,-0.0014239466330067273,0.016643981565694965,0.0016669244001951229,0.00876063012011772,-0.0032269259272684134,0.01529358336892167,-0.005835250281932602,0.017603409720049146,0.005736453980094917,-0.008860462671689643,0.010501273774544344,-0.0026711326740860167,-0.005468621432859493,0.0060565625650072265,-0.002836315708028435,0.009352871021324326,-0.011776367762122722,0.0075554222075809654,-0.004209568205682452,0.04377474198665153,0.006541253141868882,0.008621287191267934,0.006590299676047954,0.0019009489677710388,-0.001752576463877415,0.004613679321430352,-0.005037393279771904,0.013085165721191117,0.0029859560121140243,-0.002206010565692498,0.010279124654170156,0.0011594176459012217,-0.009826954717389914,0.002804370474862379,-0.004899672657968499,0.003567367387746284,-0.007945235958369129,0.004016707816198156,-0.0014239466330067273,0.006541253141868882,0.018469279054284894
