0.04445439508309116,0.03171888766514156,0.043525524634495064,0.030233792705553493,0.0216490044789519,0.0017687647878250065,0.01867591459473268,0.024955873260864837,0.02305046878390635,0.04587348497066637,0.02517196308953068,0.03203660391987146,0.034107030690140636,0.02786472788943479,0.01604083898827977,0.015564646456951561,0.02649955153746983,0.006000674892689361,0.016575904944931732,0.011067267224752294,0.03171888766514156,0.04720396583201758,0.05032022333707932,0.029136806132645156,0.02638314480504264,0.0006634869239894956,0.022249016893020918,0.025890367653354146,0.018693421304554814,0.04677709636046198,0.02205330307803835,0.026778478048190238,0.03514279229544673,0.0308781057331846,0.012226455582929133,0.021204802489126106,0.0324599688376291,0.0064327266589376784,0.018855730035115887,0.009951887003976447,0.043525524634495064,0.05032022333707932,0.09670337405473048,0.04507505522783315,0.036885256287909826,-0.011003338803706075,0.043684251639302965,0.016944438678496765,0.010470815837056092,0.06711374483894844,0.023583510306669327,0.04004945093091012,0.05337847280170593,0.039543465477161456,0.02394715168571914,0.02861448373432253,0.06391816898840008,-0.008447972259487669,0.021823799410711546,-0.008303699504002624,0.030233792705553493,0.029136806132645156,0.04507505522783315,0.06933663340944547,0.024327219023864248,-0.01383076156475431,0.014289810065028469,0.008393059964119005,0.04035128848562163,0.046495893531458235,0.0170172992823057,0.04559614245210783,0.0311942479781497,0.03646785471306138,0.016006189873072105,0.009520204620077074,0.026060984648011463,1.1156794961280844e-6,0.017121354992305403,0.012264892448905823,0.0216490044789519,0.02638314480504264,0.036885256287909826,0.024327219023864248,0.03012374796512688,-0.0032604480768547157,0.010848260956102567,0.014600073365796763,0.012885129139662341,0.035975512079643696,0.012797233142736161,0.022716815386858043,0.021540148028457037,0.018174171596609286,0.007457048028009956,0.012170201434480296,0.020764875611450878,0.0009532475667209093,0.012156701116938,0.004556124525620021,0.0017687647878250065,0.0006634869239894956,-0.011003338803706075,-0.01383076156475431,-0.0032604480768547157,0.036654598261078405,-0.02139564775649874,0.02401665711389778,0.013507559390086663,0.0012815563806417144,-0.002368844903268535,-0.0040483435163538315,-0.0069140366558473245,0.0010324628063978895,-0.013019869179393543,-0.0020555551550437852,-0.028599589255207104,0.010182367772354824,-0.002323094358921307,0.022503610718583325,0.01867591459473268,0.022249016893020918,0.043684251639302965,0.014289810065028469,0.010848260956102567,-0.02139564775649874,0.0679438382920512,-0.003090987358208519,-0.010914400136994922,0.029522859062221754,0.024494627785702022,0.02106949274619445,0.03927778485146387,0.011553383319341156,0.014913046012041107,0.013494355373551785,0.05991626653100038,-0.008902475306707616,0.013857301198133266,-0.009858440075488008,0.024955873260864837,0.025890367653354146,0.016944438678496765,0.008393059964119005,0.014600073365796763,0.02401665711389778,-0.003090987358208519,0.05282639898752137,0.02987285657251447,0.030334449863662995,0.017762380409169873,0.011081128317978972,0.020864481904371086,0.020135717820411243,0.003564758423286904,0.013267689876991732,-0.0025332102151769727,0.022280933282297376,0.011694626804370948,0.02890804704176437,0.02305046878390635,0.018693421304554814,0.010470815837056092,0.04035128848562163,0.012885129139662341,0.013507559390086663,-0.010914400136994922,0.02987285657251447,0.06829719606584017,0.028869695684856946,0.01426741926980653,0.027853494572146826,0.01931817397087795,0.031597161016100134,0.0036200557488469485,0.006227360465642077,-0.008821513164828427,0.023131460606407656,0.010921524255458344,0.03651835402552826,0.04587348497066637,0.04677709636046198,0.06711374483894844,0.046495893531458235,0.035975512079643696,0.0012815563806417144,0.029522859062221754,0.030334449863662995,0.028869695684856946,0.0766451981000033,0.028175260546629388,0.041368053550633985,0.05066097571843768,0.03775414299985816,0.019773150325150434,0.02396002799975564,0.04356462753987349,0.008185167179598168,0.025457025073575213,0.012525128810766409,0.02517196308953068,0.02205330307803835,0.023583510306669327,0.0170172992823057,0.012797233142736161,-0.002368844903268535,0.024494627785702022,0.017762380409169873,0.01426741926980653,0.028175260546629388,0.04207947687836477,0.02020607512805131,0.03233653006214638,0.01565094479780188,0.014694930410329403,0.011063956155725394,0.028414312129841822,0.011916465390831077,0.014227700560530396,0.011617401178655366,0.03203660391987146,0.026778478048190238,0.04004945093091012,0.04559614245210783,0.022716815386858043,-0.0040483435163538315,0.02106949274619445,0.011081128317978972,0.027853494572146826,0.041368053550633985,0.02020607512805131,0.05567581626644981,0.028339587614882117,0.03050919820219959,0.013291006855687067,0.010491252903873332,0.0259306378821053,-0.0007922176118859174,0.016237521661938717,0.014004441095743784,0.034107030690140636,0.03514279229544673,0.05337847280170593,0.0311942479781497,0.021540148028457037,-0.0069140366558473245,0.03927778485146387,0.020864481904371086,0.01931817397087795,0.05066097571843768,0.03233653006214638,0.028339587614882117,0.05939570993511305,0.02848827169092627,0.019097416469382407,0.020394776219543526,0.04852314108869386,0.007014077954288003,0.019113752561240066,0.006570942824393861,0.02786472788943479,0.0308781057331846,0.039543465477161456,0.03646785471306138,0.018174171596609286,0.0010324628063978895,0.011553383319341156,0.020135717820411243,0.031597161016100134,0.03775414299985816,0.01565094479780188,0.03050919820219959,0.02848827169092627,0.043553061630003484,0.010366136739071451,0.014053378348486922,0.018848732008677545,0.004499298867194144,0.013905284114407952,0.01433418458120524,0.01604083898827977,0.012226455582929133,0.02394715168571914,0.016006189873072105,0.007457048028009956,-0.013019869179393543,0.014913046012041107,0.003564758423286904,0.0036200557488469485,0.019773150325150434,0.014694930410329403,0.013291006855687067,0.019097416469382407,0.010366136739071451,0.023980031689734588,0.00636775322280097,0.02103615119007985,-0.0014457297422269106,0.009737178103868037,-0.004618200438911035,0.015564646456951561,0.021204802489126106,0.02861448373432253,0.009520204620077074,0.012170201434480296,-0.0020555551550437852,0.013494355373551785,0.013267689876991732,0.006227360465642077,0.02396002799975564,0.011063956155725394,0.010491252903873332,0.020394776219543526,0.014053378348486922,0.00636775322280097,0.024000522126725876,0.02152530234813029,0.00019063978931098445,0.009859321059807814,0.0015220414692044414,0.02649955153746983,0.0324599688376291,0.06391816898840008,0.026060984648011463,0.020764875611450878,-0.028599589255207104,0.05991626653100038,-0.0025332102151769727,-0.008821513164828427,0.04356462753987349,0.028414312129841822,0.0259306378821053,0.04852314108869386,0.018848732008677545,0.02103615119007985,0.02152530234813029,0.0838270175901053,-0.012787143615779154,0.019141844448181053,-0.020254379286755768,0.006000674892689361,0.0064327266589376784,-0.008447972259487669,1.1156794961280844e-6,0.0009532475667209093,0.010182367772354824,-0.008902475306707616,0.022280933282297376,0.023131460606407656,0.008185167179598168,0.011916465390831077,-0.0007922176118859174,0.007014077954288003,0.004499298867194144,-0.0014457297422269106,0.00019063978931098445,-0.012787143615779154,0.029849732284478892,0.002333676675655317,0.022281382115353982,0.016575904944931732,0.018855730035115887,0.021823799410711546,0.017121354992305403,0.012156701116938,-0.002323094358921307,0.013857301198133266,0.011694626804370948,0.010921524255458344,0.025457025073575213,0.014227700560530396,0.016237521661938717,0.019113752561240066,0.013905284114407952,0.009737178103868037,0.009859321059807814,0.019141844448181053,0.002333676675655317,0.020438997727396067,0.007070424451278956,0.011067267224752294,0.009951887003976447,-0.008303699504002624,0.012264892448905823,0.004556124525620021,0.022503610718583325,-0.009858440075488008,0.02890804704176437,0.03651835402552826,0.012525128810766409,0.011617401178655366,0.014004441095743784,0.006570942824393861,0.01433418458120524,-0.004618200438911035,0.0015220414692044414,-0.020254379286755768,0.022281382115353982,0.007070424451278956,0.04765950588104971
0.030685452723968436,-0.005084391996799796,0.0006593064665507287,0.01451162585794647,-0.0001141618871386349,0.007799984080923701,0.005048813821509932,0.022414869811513256,0.0018548812875201336,0.0038731639705282947,0.007806671455483638,0.009321400978927766,-0.004759614838758646,0.01151608109979937,0.011592506909240904,0.008206550734800148,0.006926471596972983,0.016261869413160025,-0.002643671067725066,0.00745252339845548,-0.005084391996799796,0.04751783436700221,0.0015393684954707228,0.007900420362415127,0.0022275463644116644,0.0024764013176981656,-0.004828397644090338,-0.010797189832225745,0.011011253267030275,0.002736909378104935,-0.001767694818553418,-0.007187777938751078,0.012875741804807434,0.014694438372070065,0.011031602599355806,-0.00015737614451857233,0.009625687341285091,0.008674996349800547,0.004272745699674296,0.002817880216260395,0.0006593064665507287,0.0015393684954707228,0.01680903697611728,0.0031642341216638423,0.005045708231720075,0.006679435553939707,-5.4317271770507915e-5,0.002909433850628715,0.012997522698069964,0.0007134904597564534,0.012925726773689451,0.0038660279778147577,0.008025382460242082,0.0012125080483727214,0.0004558772079239987,0.009740007460980154,-0.002106924061263404,0.0034022009791928086,1.9407818866441816e-5,0.004488255929219496,0.01451162585794647,0.007900420362415127,0.0031642341216638423,0.03275566916407006,0.018176627324549617,-0.0016849766354275772,-0.0014114485133833229,0.01215973578557748,0.01692790900237622,0.0039542529511079165,0.0007951301587440594,0.0077225081258318964,-0.005297674048477909,0.006171369040587854,0.0028145753852627554,0.018675347880550634,0.0019595275919073478,0.019668217992430688,0.018692524817202388,0.0012611200463919043,-0.0001141618871386349,0.0022275463644116644,0.005045708231720075,0.018176627324549617,0.04455542224481762,-0.016340325568604246,-0.00038054003732366105,-0.004180557697176503,0.03384515436906042,-0.0018618330475784009,-0.005062131344508589,-0.0056766878215147275,0.002146001768990991,-0.01070313320450534,-0.009863819637664837,0.019901465926123137,-0.006883503141781987,0.00444176091205107,0.023698653418620326,0.0007926299586253414,0.007799984080923701,0.0024764013176981656,0.006679435553939707,-0.0016849766354275772,-0.016340325568604246,0.06089811656352222,-0.011244709308649077,0.016321267563131986,-0.011452618987275263,0.011791430230161626,0.007796900769211938,0.014178013155183005,0.005892606166481899,0.027175474918326767,0.027452328508663693,0.0016754903863619355,-0.003324755469610305,0.01192642925916218,0.005677047650984649,0.021269031876829193,0.005048813821509932,-0.004828397644090338,-5.4317271770507915e-5,-0.0014114485133833229,-0.00038054003732366105,-0.011244709308649077,0.042651600588597724,0.0026025999558094296,0.0005138480163349324,0.001078126196115089,0.007865850295990406,0.009065050576382693,0.009964441275913354,0.011525074829833634,-0.0015155888407812068,4.050381118623917e-5,0.018680845105809543,-0.0025481180461796133,-0.010158216042587428,0.011137457009981012,0.022414869811513256,-0.010797189832225745,0.002909433850628715,0.01215973578557748,-0.004180557697176503,0.016321267563131986,0.0026025999558094296,0.06235622049071952,0.004821258072388003,0.007988860092878048,0.013031352610196245,0.0207306776450289,-0.008225349277592726,0.025215294954931126,0.021369938624976294,0.011425682499119119,0.009286844748334109,0.02295674495439673,-0.0071048753525955475,0.020570527541411372,0.0018548812875201336,0.011011253267030275,0.012997522698069964,0.01692790900237622,0.03384515436906042,-0.011452618987275263,0.0005138480163349324,0.004821258072388003,0.0630715494040578,-0.003018347102528359,0.010560758450146417,0.001070771926833398,0.010154819283091745,-0.0075779668461273385,-0.004118024510055189,0.026298121108570417,-0.001312612615937586,0.015920627951632217,0.023443848295704707,0.009816440004162846,0.0038731639705282947,0.002736909378104935,0.0007134904597564534,0.0039542529511079165,-0.0018618330475784009,0.011791430230161626,0.001078126196115089,0.007988860092878048,-0.003018347102528359,0.017473948402996216,0.0028372738308919537,0.005754496948258447,0.0034354803181826012,0.014942591793268442,0.010508539761104206,0.008339375900624989,0.00035349130859967966,0.008943871325498379,-0.001244783956260686,0.01089090293147749,0.007806671455483638,-0.001767694818553418,0.012925726773689451,0.0007951301587440594,-0.005062131344508589,0.007796900769211938,0.007865850295990406,0.013031352610196245,0.010560758450146417,0.0028372738308919537,0.04494686884375858,0.011681594892432347,0.00858081022974504,0.007906535834577129,0.0015741271994493796,0.00915094146407916,0.01047615822829652,0.011757202819258235,-0.00744980757908997,-0.004696552613528833,0.009321400978927766,-0.007187777938751078,0.0038660279778147577,0.0077225081258318964,-0.0056766878215147275,0.014178013155183005,0.009065050576382693,0.0207306776450289,0.001070771926833398,0.005754496948258447,0.011681594892432347,0.036851307506343245,0.0017648874752000665,0.02123835958349676,0.004973143007239733,0.0123728428646954,0.0034706430535789918,0.01604092227719683,-0.0038871159986249492,0.016837224345631986,-0.004759614838758646,0.012875741804807434,0.008025382460242082,-0.005297674048477909,0.002146001768990991,0.005892606166481899,0.009964441275913354,-0.008225349277592726,0.010154819283091745,0.0034354803181826012,0.00858081022974504,0.0017648874752000665,0.02884673591482889,0.005224307318551554,0.0042942870689637634,0.0022221366396197777,0.007925631502057003,-0.0024327948922575823,-0.0026224462284288284,0.010908850261392183,0.01151608109979937,0.014694438372070065,0.0012125080483727214,0.006171369040587854,-0.01070313320450534,0.027175474918326767,0.011525074829833634,0.025215294954931126,-0.0075779668461273385,0.014942591793268442,0.007906535834577129,0.02123835958349676,0.005224307318551554,0.059393441422139974,0.025882026904857854,0.006971032978969957,0.02300053302977987,0.016423357882736737,0.001413359050546624,0.027745563226487496,0.011592506909240904,0.011031602599355806,0.0004558772079239987,0.0028145753852627554,-0.009863819637664837,0.027452328508663693,-0.0015155888407812068,0.021369938624976294,-0.004118024510055189,0.010508539761104206,0.0015741271994493796,0.004973143007239733,0.0042942870689637634,0.025882026904857854,0.04140387467408018,-0.0037870459409314224,0.006609963145006576,0.004821958191550266,-0.0034663560493273012,0.020183111974775333,0.008206550734800148,-0.00015737614451857233,0.009740007460980154,0.018675347880550634,0.019901465926123137,0.0016754903863619355,4.050381118623917e-5,0.011425682499119119,0.026298121108570417,0.008339375900624989,0.00915094146407916,0.0123728428646954,0.0022221366396197777,0.006971032978969957,-0.0037870459409314224,0.0517666596596499,0.001789827829829133,0.03209468153850538,0.018298879984103854,0.009010023835195093,0.006926471596972983,0.009625687341285091,-0.002106924061263404,0.0019595275919073478,-0.006883503141781987,-0.003324755469610305,0.018680845105809543,0.009286844748334109,-0.001312612615937586,0.00035349130859967966,0.01047615822829652,0.0034706430535789918,0.007925631502057003,0.02300053302977987,0.006609963145006576,0.001789827829829133,0.03102113862692481,0.008381905702806603,-0.012226604866272407,0.008235196190389558,0.016261869413160025,0.008674996349800547,0.0034022009791928086,0.019668217992430688,0.00444176091205107,0.01192642925916218,-0.0025481180461796133,0.02295674495439673,0.015920627951632217,0.008943871325498379,0.011757202819258235,0.01604092227719683,-0.0024327948922575823,0.016423357882736737,0.004821958191550266,0.03209468153850538,0.008381905702806603,0.057619676308845555,0.012335444179738596,0.014175354227201585,-0.002643671067725066,0.004272745699674296,1.9407818866441816e-5,0.018692524817202388,0.023698653418620326,0.005677047650984649,-0.010158216042587428,-0.0071048753525955475,0.023443848295704707,-0.001244783956260686,-0.00744980757908997,-0.0038871159986249492,-0.0026224462284288284,0.001413359050546624,-0.0034663560493273012,0.018298879984103854,-0.012226604866272407,0.012335444179738596,0.05182440433748604,0.002025182213984415,0.00745252339845548,0.002817880216260395,0.004488255929219496,0.0012611200463919043,0.0007926299586253414,0.021269031876829193,0.011137457009981012,0.020570527541411372,0.009816440004162846,0.01089090293147749,-0.004696552613528833,0.016837224345631986,0.010908850261392183,0.027745563226487496,0.020183111974775333,0.009010023835195093,0.008235196190389558,0.014175354227201585,0.002025182213984415,0.04734572709608057
0.04161666641453418,0.01907693209200856,0.007464143587793924,0.024809239057365033,0.02221438829345964,0.03439457351358713,-0.009714027902107207,0.03701012162153912,0.0340331349185402,0.024277867522287395,0.012829010016261537,0.006208927342994303,0.02401351565558669,0.03969187187115321,0.03615476841484246,0.015955151584515104,0.01168696717703329,0.020338970817883856,-0.0010585493323381585,0.0425886889570931,0.01907693209200856,0.08493414753310499,-0.010662206293699615,0.029207998923538314,0.0008989054840997514,0.026240917902189857,-0.0014559929935891473,0.012334025262463175,0.018652968341343976,0.02684940818809961,0.01340782636758671,-0.005473889284490111,0.029955936249721662,0.03729240359505201,0.06590637535615536,-0.0019129806472115932,0.03091637177462319,0.008561993938614648,-0.008664252729807788,0.03325492352055155,0.007464143587793924,-0.010662206293699615,0.03751802493124716,0.002984848119995738,-0.0021481194265639625,0.011493048366395153,0.008917075270981931,0.003968718816495626,0.004381745461560472,-0.007875040483919649,0.01355973183471371,0.014425680524665517,-0.0015636067609614724,0.011245004243594849,-0.013604444967148684,0.0158151577188513,-0.014426809935807822,0.019271597701768155,0.012057017557343525,-0.002464550964763065,0.024809239057365033,0.029207998923538314,0.002984848119995738,0.05058300254901712,0.03196015786889975,0.02718246082082299,-0.000948985017831471,0.03183580133576229,0.03713042134141339,0.028474150547490706,0.012584121829959242,0.01066657632911617,0.027574663739823778,0.04610184458446718,0.04635865804728327,0.014207032465800466,0.028500091213915817,0.014714271759245626,0.004949374660873286,0.03956366184479404,0.02221438829345964,0.0008989054840997514,-0.0021481194265639625,0.03196015786889975,0.06949350757662681,0.02743070532896651,-0.020361453294545116,0.04916546036995412,0.05716310473992839,0.020938367231458626,-0.005403743420983632,0.002121194751753974,0.03510043373255849,0.030008239234419087,0.03891880530438157,0.014047299425885092,0.024501037710312958,0.012031728558737971,0.0009097132910517411,0.06501417414219729,0.03439457351358713,0.026240917902189857,0.011493048366395153,0.02718246082082299,0.02743070532896651,0.06522894853815761,-0.016868271989598102,0.0454409246205883,0.037598300141151175,0.03386306164287582,0.013664782269855364,0.0171493229405561,0.03678341729052365,0.05662107407813837,0.04117410047326413,0.023036699703835622,0.01191901742690013,0.01842877279324033,0.004669147130346269,0.06490581163441901,-0.009714027902107207,-0.0014559929935891473,0.008917075270981931,-0.000948985017831471,-0.020361453294545116,-0.016868271989598102,0.05084378655019462,-0.02745476345745767,-0.01426499450486662,-0.014596642638878492,0.01488338071832811,0.001211971489323784,-0.00953724366421051,-0.002229350127817881,-0.013102552666024966,0.0031611436557158956,0.0056321511159478236,0.00480976092095537,0.015651545660224954,-0.024109871941349732,0.03701012162153912,0.012334025262463175,0.003968718816495626,0.03183580133576229,0.04916546036995412,0.0454409246205883,-0.02745476345745767,0.09618344190973577,0.053887560023516495,0.03315724795256311,-0.0017000708462711527,0.005570148746454496,0.04417645424229209,0.03879646118625164,0.03656398134343876,0.013348940044223158,0.01334751089673469,0.02326738788886847,-0.008431774178229764,0.07896386182280468,0.0340331349185402,0.018652968341343976,0.004381745461560472,0.03713042134141339,0.05716310473992839,0.037598300141151175,-0.01426499450486662,0.053887560023516495,0.08760094209727154,0.02296332822831464,0.005776196788222537,0.004251358425511881,0.04420780728880033,0.043820937956803516,0.0607818417539971,0.020640847764519465,0.03117505817292507,0.025144972605937232,0.011728151763435089,0.07660368953453474,0.024277867522287395,0.02684940818809961,-0.007875040483919649,0.028474150547490706,0.020938367231458626,0.03386306164287582,-0.014596642638878492,0.03315724795256311,0.02296332822831464,0.04380617088191923,0.00600238082282192,0.005510151032070386,0.029017240815503,0.048381860987855144,0.04636295063638829,0.008187666873539478,0.01498349844823215,0.008050863976473213,-0.002113942916835234,0.0411650658114871,0.012829010016261537,0.01340782636758671,0.01355973183471371,0.012584121829959242,-0.005403743420983632,0.013664782269855364,0.01488338071832811,-0.0017000708462711527,0.005776196788222537,0.00600238082282192,0.03447263517998477,0.016089127782258895,0.0028446592249948425,0.030122103276293034,0.010359669992239745,0.017687175824872003,0.007683765875098685,0.009961846357768096,0.010331756357156819,0.0015892343048178603,0.006208927342994303,-0.005473889284490111,0.014425680524665517,0.01066657632911617,0.002121194751753974,0.0171493229405561,0.001211971489323784,0.005570148746454496,0.004251358425511881,0.005510151032070386,0.016089127782258895,0.03929382255702496,-0.0014845020971602767,0.041132377185871385,-0.003323094517757908,0.02432966544122718,0.0009478886243684307,0.005381597197542504,0.011757724224083384,0.01791718004733529,0.02401351565558669,0.029955936249721662,-0.0015636067609614724,0.027574663739823778,0.03510043373255849,0.03678341729052365,-0.00953724366421051,0.04417645424229209,0.04420780728880033,0.029017240815503,0.0028446592249948425,-0.0014845020971602767,0.04969219736628641,0.034932228808790766,0.04689546535982206,0.005601305868300694,0.026737800276930013,0.01643319252863227,-0.003144397771563372,0.059138531130257896,0.03969187187115321,0.03729240359505201,0.011245004243594849,0.04610184458446718,0.030008239234419087,0.05662107407813837,-0.002229350127817881,0.03879646118625164,0.043820937956803516,0.048381860987855144,0.030122103276293034,0.041132377185871385,0.034932228808790766,0.11598384024292652,0.05861278466050385,0.03878595966874146,0.03218112326353925,0.015731336947984308,0.023748484917236034,0.07320107859364411,0.03615476841484246,0.06590637535615536,-0.013604444967148684,0.04635865804728327,0.03891880530438157,0.04117410047326413,-0.013102552666024966,0.03656398134343876,0.0607818417539971,0.04636295063638829,0.010359669992239745,-0.003323094517757908,0.04689546535982206,0.05861278466050385,0.1084438961211483,0.007003668530267787,0.04245309519339192,0.016963485409451567,-0.004457272753198467,0.06608186857532378,0.015955151584515104,-0.0019129806472115932,0.0158151577188513,0.014207032465800466,0.014047299425885092,0.023036699703835622,0.0031611436557158956,0.013348940044223158,0.020640847764519465,0.008187666873539478,0.017687175824872003,0.02432966544122718,0.005601305868300694,0.03878595966874146,0.007003668530267787,0.039601479610001974,0.0022932206254956647,0.015710200101024308,0.0207307740549636,0.02601594056665566,0.01168696717703329,0.03091637177462319,-0.014426809935807822,0.028500091213915817,0.024501037710312958,0.01191901742690013,0.0056321511159478236,0.01334751089673469,0.03117505817292507,0.01498349844823215,0.007683765875098685,0.0009478886243684307,0.026737800276930013,0.03218112326353925,0.04245309519339192,0.0022932206254956647,0.047324204166430864,-0.0005693783349168579,-0.007885934081886196,0.03978843904893805,0.020338970817883856,0.008561993938614648,0.019271597701768155,0.014714271759245626,0.012031728558737971,0.01842877279324033,0.00480976092095537,0.02326738788886847,0.025144972605937232,0.008050863976473213,0.009961846357768096,0.005381597197542504,0.01643319252863227,0.015731336947984308,0.016963485409451567,0.015710200101024308,-0.0005693783349168579,0.0455213665280307,0.009214080913195217,0.021398947408336623,-0.0010585493323381585,-0.008664252729807788,0.012057017557343525,0.004949374660873286,0.0009097132910517411,0.004669147130346269,0.015651545660224954,-0.008431774178229764,0.011728151763435089,-0.002113942916835234,0.010331756357156819,0.011757724224083384,-0.003144397771563372,0.023748484917236034,-0.004457272753198467,0.0207307740549636,-0.007885934081886196,0.009214080913195217,0.0420667866227218,0.002442265943143873,0.0425886889570931,0.03325492352055155,-0.002464550964763065,0.03956366184479404,0.06501417414219729,0.06490581163441901,-0.024109871941349732,0.07896386182280468,0.07660368953453474,0.0411650658114871,0.0015892343048178603,0.01791718004733529,0.059138531130257896,0.07320107859364411,0.06608186857532378,0.02601594056665566,0.03978843904893805,0.021398947408336623,0.002442265943143873,0.1278583797888846
