0.03286982199262691,-0.01680583621222573,0.022286006044231085,0.00013067267361726947,0.0014763497754372201,-0.0021926567415243917,0.007824655490191493,-0.006975170620069347,0.0017558281850646494,-0.0322300418165596,-0.006418058998978534,0.006927581721002986,-0.01619223017806006,-0.011233246504633568,-0.015549866262604378,0.006008101713731603,-0.009279806797134334,-0.0006743408031774232,0.0179597014224833,-0.011020218907189495,-0.01680583621222573,0.04256562174664855,-0.018281581763370924,0.0031421407991393925,0.002069682562807812,0.009482420037541375,-0.004650307897300331,-0.012153354577123198,-0.007048413474314855,0.011382595422521319,0.004429213516854431,-0.012094194270185758,0.012754765175656095,0.006463013117131919,0.009298213638122305,0.0021110537479089838,0.001729848670566938,0.01528757814171552,-0.015591024573575585,0.0005773343232151988,0.022286006044231085,-0.018281581763370924,0.049864480619622197,-0.0010320540077328813,0.007497958640104868,-0.019358172980819897,0.005935537338641266,0.003971702472266427,0.005717300844731545,-0.035693622767391894,-0.0038875470716485117,0.020217944996674477,-0.011782574353651126,0.010735007840602138,-0.02162522238232407,-0.006010560586873236,-0.005795212902281313,-0.006708421356408335,0.02025100138453301,-0.020468022326503577,0.00013067267361726947,0.0031421407991393925,-0.0010320540077328813,0.05551138639245644,0.008489322792985615,0.016700706643725242,-0.008983589555875929,-0.009821111248588081,-0.003629817444103148,-0.019354406878060424,0.016729110135096138,-0.007620229649403434,-0.000912157668120229,-0.002491045660207353,0.0017472225579144975,0.0048094644354600286,0.012651554308281042,-0.023521741816555107,0.0001137953291363205,-0.004093050091598688,0.0014763497754372201,0.002069682562807812,0.007497958640104868,0.008489322792985615,0.030766613191150736,-0.014259235432094952,-0.014050517786953702,-0.007833535920162976,-0.004888398778689306,0.005473461751290943,0.003449290554954743,0.010467382630603657,-0.007516907854891112,0.01954945345814099,0.002390779739813868,0.011938647331814682,0.005388264182833282,-0.012894674582563579,-0.0043804114909765345,-0.00702326751312586,-0.0021926567415243917,0.009482420037541375,-0.019358172980819897,0.016700706643725242,-0.014259235432094952,0.06439927818663191,-0.002349996930994938,0.007308124257806085,-0.006142412436601538,-0.01976675372183893,0.011132288168736897,-0.025664795711271678,0.008181161958529266,-0.039499702519206745,0.0055111341807925086,0.006344261831831628,-0.004999484593671823,-0.001502734820273791,-0.01481164100213617,0.021141697263923075,0.007824655490191493,-0.004650307897300331,0.005935537338641266,-0.008983589555875929,-0.014050517786953702,-0.002349996930994938,0.04635632354222381,-0.0001784006891979313,0.008926920419963999,-0.0032959064857495295,-0.010443119642266848,0.014365956091626175,-0.003785936483880879,-0.0040575758492695495,-0.0029102958247605353,-0.015742703075550913,-0.0108072706361057,0.002261230144836997,0.008741154389976205,-0.00819280532695105,-0.006975170620069347,-0.012153354577123198,0.003971702472266427,-0.009821111248588081,-0.007833535920162976,0.007308124257806085,-0.0001784006891979313,0.062050988061248695,0.009051926498995288,-0.025853657984645333,0.011738703194553453,-0.016362235878171497,0.008876960128236366,0.006053527177587561,-0.006778099849796397,-0.013282773584896178,-0.0004798600800912825,-0.009209273929525183,0.0014893956554514849,0.013556984039272692,0.0017558281850646494,-0.007048413474314855,0.005717300844731545,-0.003629817444103148,-0.004888398778689306,-0.006142412436601538,0.008926920419963999,0.009051926498995288,0.025887559495196274,-0.0045571000430037235,-0.004790965783438721,0.002815043988024039,-0.0015272273168267293,0.0002679600089580313,0.002588066457773664,-0.015178058007122488,-0.001988573619167839,0.005554538603045928,0.005026029297508918,-0.005822264759412679,-0.0322300418165596,0.011382595422521319,-0.035693622767391894,-0.019354406878060424,0.005473461751290943,-0.01976675372183893,-0.0032959064857495295,-0.025853657984645333,-0.0045571000430037235,0.14677762842651124,-0.035563681116457635,0.0019114408528440444,0.028992094622522207,0.017668655945307435,0.030911654669851595,0.0020157652948663432,-0.010717169839488339,0.010850487370520398,-0.039080383029055754,0.02584561952310232,-0.006418058998978534,0.004429213516854431,-0.0038875470716485117,0.016729110135096138,0.003449290554954743,0.011132288168736897,-0.010443119642266848,0.011738703194553453,-0.004790965783438721,-0.035563681116457635,0.040202830156514546,-0.0141157969444858,-0.002386658065912022,0.0010492731550786568,0.005409787536735518,0.006832910114375264,0.009865111034728521,-0.024230111448820264,-0.003809152462180149,-0.00415032821918777,0.006927581721002986,-0.012094194270185758,0.020217944996674477,-0.007620229649403434,0.010467382630603657,-0.025664795711271678,0.014365956091626175,-0.016362235878171497,0.002815043988024039,0.0019114408528440444,-0.0141157969444858,0.06654549466920703,-0.018248222434640703,0.019655344967994964,-0.008940024748586805,0.009236165888217308,-0.013169325198767722,-0.007624075098287842,0.031080260375249733,-0.03288718512335731,-0.01619223017806006,0.012754765175656095,-0.011782574353651126,-0.000912157668120229,-0.007516907854891112,0.008181161958529266,-0.003785936483880879,0.008876960128236366,-0.0015272273168267293,0.028992094622522207,-0.002386658065912022,-0.018248222434640703,0.04316300331354951,0.0022263611493171173,0.0006400007287665574,-0.012277524798821153,-0.008169359530178095,-0.0007741349514758444,-0.02083318426375934,0.015503545903842052,-0.011233246504633568,0.006463013117131919,0.010735007840602138,-0.002491045660207353,0.01954945345814099,-0.039499702519206745,-0.0040575758492695495,0.006053527177587561,0.0002679600089580313,0.017668655945307435,0.0010492731550786568,0.019655344967994964,0.0022263611493171173,0.058392493766369014,0.0049557413858173985,-0.0005055381576107181,0.006750827582784703,-0.009864100109212477,-0.0002907840272906963,-0.013959760330245737,-0.015549866262604378,0.009298213638122305,-0.02162522238232407,0.0017472225579144975,0.002390779739813868,0.0055111341807925086,-0.0029102958247605353,-0.006778099849796397,0.002588066457773664,0.030911654669851595,0.005409787536735518,-0.008940024748586805,0.0006400007287665574,0.0049557413858173985,0.04641029336803044,0.004104435432157168,0.0028969642522369554,-0.0059923326824046575,-0.02809510864692285,0.0074143064228331616,0.006008101713731603,0.0021110537479089838,-0.006010560586873236,0.0048094644354600286,0.011938647331814682,0.006344261831831628,-0.015742703075550913,-0.013282773584896178,-0.015178058007122488,0.0020157652948663432,0.006832910114375264,0.009236165888217308,-0.012277524798821153,-0.0005055381576107181,0.004104435432157168,0.04766309992521138,0.007225871497505833,-0.011648368521419272,-0.007303225228336947,0.002289092013989862,-0.009279806797134334,0.001729848670566938,-0.005795212902281313,0.012651554308281042,0.005388264182833282,-0.004999484593671823,-0.0108072706361057,-0.0004798600800912825,-0.001988573619167839,-0.010717169839488339,0.009865111034728521,-0.013169325198767722,-0.008169359530178095,0.006750827582784703,0.0028969642522369554,0.007225871497505833,0.052713462292174676,0.009355055401283601,-0.0015091691883124074,-0.009501153087605504,-0.0006743408031774232,0.01528757814171552,-0.006708421356408335,-0.023521741816555107,-0.012894674582563579,-0.001502734820273791,0.002261230144836997,-0.009209273929525183,0.005554538603045928,0.010850487370520398,-0.024230111448820264,-0.007624075098287842,-0.0007741349514758444,-0.009864100109212477,-0.0059923326824046575,-0.011648368521419272,0.009355055401283601,0.08759238549012191,-0.006802175746520797,0.005792736721525376,0.0179597014224833,-0.015591024573575585,0.02025100138453301,0.0001137953291363205,-0.0043804114909765345,-0.01481164100213617,0.008741154389976205,0.0014893956554514849,0.005026029297508918,-0.039080383029055754,-0.003809152462180149,0.031080260375249733,-0.02083318426375934,-0.0002907840272906963,-0.02809510864692285,-0.007303225228336947,-0.0015091691883124074,-0.006802175746520797,0.06291599322471902,-0.023037170817904348,-0.011020218907189495,0.0005773343232151988,-0.020468022326503577,-0.004093050091598688,-0.00702326751312586,0.021141697263923075,-0.00819280532695105,0.013556984039272692,-0.005822264759412679,0.02584561952310232,-0.00415032821918777,-0.03288718512335731,0.015503545903842052,-0.013959760330245737,0.0074143064228331616,0.002289092013989862,-0.009501153087605504,0.005792736721525376,-0.023037170817904348,0.05374097466753872
0.08632012013914808,-0.018716027861576907,-0.011939600290913156,-0.031225686553905962,0.01629600335994529,-0.019773609442563875,-0.014746011094328427,-0.000190771590729195,-0.03585855807016418,-0.0015071182855529385,0.005384589228101066,-0.004965842492198575,0.006169544401129264,0.05286555117064595,0.046363798128474784,0.018616451572231525,0.015066300646427947,-0.004181826092978302,-0.028980874620260045,-0.01530990475699143,-0.018716027861576907,0.06218510422535268,-0.00890892792028828,0.010121444442110217,-0.01572131492163144,0.00673245906707059,-0.0018085556937084365,0.02001052300479944,0.015012243302591242,-0.014904852933659656,0.012060532353096023,-0.024042353824460676,-0.014324819845500384,-0.03246522055187397,-0.036170962417482466,-0.016905386893303016,0.0022126897791210757,-0.00535069120592811,0.00418898333425729,0.007225210845097337,-0.011939600290913156,-0.00890892792028828,0.03710750864770029,0.016187300975009034,-0.009471656123831008,0.01825613638854487,-0.0049161835010520195,0.008320404369904753,0.004143474306404077,0.0018437668843650757,-0.007525776139010759,0.011563890379617943,0.00141960638748581,-0.01153355642176428,-0.0059307543090458175,-0.011773645685878301,-0.0017133553242721497,-0.00340357606049448,0.006497395472937789,0.001706550321755622,-0.031225686553905962,0.010121444442110217,0.016187300975009034,0.06659935139404823,-0.0175162178256846,0.00881252899846594,-0.0004921229357954736,0.02250714111619429,0.016722213803759028,0.02130768274678088,0.0019476001789338945,0.011899335455094154,-0.003686369957027279,-0.0228360215781475,-0.043262306675153905,-0.02681111432784953,-0.012050106656313694,-0.004836330191686391,0.019573489697875406,0.015714839938031994,0.01629600335994529,-0.01572131492163144,-0.009471656123831008,-0.0175162178256846,0.04148701095954878,-0.008423189843879875,0.0010576501534914772,-0.019093625149499416,-0.008750658079705643,0.0033400132630639658,-0.0013181476991296842,0.0018825010875863405,-0.010011236075289625,0.024686158742427827,0.02012760735796436,0.017363067614985253,0.00782138725545487,0.012859908029044041,-0.011626606168585601,-0.0035894525624462037,-0.019773609442563875,0.00673245906707059,0.01825613638854487,0.00881252899846594,-0.008423189843879875,0.06302385760041211,0.009646164495541329,0.006784647482127511,0.012477757416163368,-0.009599133367285219,-0.014273472187885411,-0.004304205670996136,-0.009734580539089299,-0.027210398974380257,0.007870783347081288,-0.013403696430099001,0.0049086684250772925,-0.009567899566367413,-0.004666582794587711,0.007656042227349057,-0.014746011094328427,-0.0018085556937084365,-0.0049161835010520195,-0.0004921229357954736,0.0010576501534914772,0.009646164495541329,0.039504906344426244,-0.01403856112212204,0.020549780439611254,0.007664732226035935,-0.00456856791345853,-0.00300383172782366,0.030025393049758042,-0.021867588483664227,-0.004355095143568443,0.006633368163499776,-0.010444168718330066,-0.014256972504868248,0.0072605301553298855,-0.0023517752636145186,-0.000190771590729195,0.02001052300479944,0.008320404369904753,0.02250714111619429,-0.019093625149499416,0.006784647482127511,-0.01403856112212204,0.05787208519809875,-0.005925163016269633,0.0006383238990481403,0.00982747734600585,0.0015088142919351235,-0.0023029879212548006,0.0014732525565252681,-0.01076262202285119,-0.01921612562135143,-0.010047873380053442,0.0029829911702893984,-0.002065417426447423,0.016161618490707352,-0.03585855807016418,0.015012243302591242,0.004143474306404077,0.016722213803759028,-0.008750658079705643,0.012477757416163368,0.020549780439611254,-0.005925163016269633,0.045552919264809415,-0.004254084175410673,-0.004832021321631809,-0.006890571247405105,0.012946085290492196,-0.03890181641931974,-0.023551109812167754,-0.013331597262698745,-0.0044313169864066155,-0.02035146918499823,0.019425148832664926,-0.0009518013599680831,-0.0015071182855529385,-0.014904852933659656,0.0018437668843650757,0.02130768274678088,0.0033400132630639658,-0.009599133367285219,0.007664732226035935,0.0006383238990481403,-0.004254084175410673,0.058951650879261935,0.003133038148247592,0.01127007012887873,-0.0030932281425063734,0.00546522156005712,-0.006190267428562228,0.007418110842728313,-0.013062261485910491,-0.005083584583236711,0.0072540541755507235,0.012867043355157703,0.005384589228101066,0.012060532353096023,-0.007525776139010759,0.0019476001789338945,-0.0013181476991296842,-0.014273472187885411,-0.00456856791345853,0.00982747734600585,-0.004832021321631809,0.003133038148247592,0.029372609799700224,0.001596789139563053,-0.0036207804350254693,0.007444076831786417,-0.014643918584556982,0.0042321853739411,-0.001386533662604657,0.002683058011049063,-0.0016818213587772373,0.005414637347263794,-0.004965842492198575,-0.024042353824460676,0.011563890379617943,0.011899335455094154,0.0018825010875863405,-0.004304205670996136,-0.00300383172782366,0.0015088142919351235,-0.006890571247405105,0.01127007012887873,0.001596789139563053,0.03567886832032279,0.0022720587692356253,0.016733568010962402,-0.0006025631769685128,0.0009603520249142843,-0.00548714777406621,0.014589976096676695,0.005419323798152284,0.004610075713220808,0.006169544401129264,-0.014324819845500384,0.00141960638748581,-0.003686369957027279,-0.010011236075289625,-0.009734580539089299,0.030025393049758042,-0.0023029879212548006,0.012946085290492196,-0.0030932281425063734,-0.0036207804350254693,0.0022720587692356253,0.07370142450872895,-0.0026732972508448525,-0.004529978286451077,0.0021626644924055433,-0.01672561988482866,-0.019882549315501562,0.007062651218448985,-0.00498009574500475,0.05286555117064595,-0.03246522055187397,-0.01153355642176428,-0.0228360215781475,0.024686158742427827,-0.027210398974380257,-0.021867588483664227,0.0014732525565252681,-0.03890181641931974,0.00546522156005712,0.007444076831786417,0.016733568010962402,-0.0026732972508448525,0.0862777898176672,0.040172164687423226,0.023692350906302978,0.010082101214664917,0.02095935626017364,-0.013428169107520376,-0.007014520137133607,0.046363798128474784,-0.036170962417482466,-0.0059307543090458175,-0.043262306675153905,0.02012760735796436,0.007870783347081288,-0.004355095143568443,-0.01076262202285119,-0.023551109812167754,-0.006190267428562228,-0.014643918584556982,-0.0006025631769685128,-0.004529978286451077,0.040172164687423226,0.09080428350876264,0.020441481702780533,0.014542763222375686,0.0007525761150808236,-0.02784835991315726,-0.01493164245650094,0.018616451572231525,-0.016905386893303016,-0.011773645685878301,-0.02681111432784953,0.017363067614985253,-0.013403696430099001,0.006633368163499776,-0.01921612562135143,-0.013331597262698745,0.007418110842728313,0.0042321853739411,0.0009603520249142843,0.0021626644924055433,0.023692350906302978,0.020441481702780533,0.03984465254167795,-0.0005924899094986692,0.003590407591063046,-0.010179898384047759,-0.0033827812442687134,0.015066300646427947,0.0022126897791210757,-0.0017133553242721497,-0.012050106656313694,0.00782138725545487,0.0049086684250772925,-0.010444168718330066,-0.010047873380053442,-0.0044313169864066155,-0.013062261485910491,-0.001386533662604657,-0.00548714777406621,-0.01672561988482866,0.010082101214664917,0.014542763222375686,-0.0005924899094986692,0.03410388592721465,0.0028972086258370775,-0.007034631238437216,-0.0037554895907655804,-0.004181826092978302,-0.00535069120592811,-0.00340357606049448,-0.004836330191686391,0.012859908029044041,-0.009567899566367413,-0.014256972504868248,0.0029829911702893984,-0.02035146918499823,-0.005083584583236711,0.002683058011049063,0.014589976096676695,-0.019882549315501562,0.02095935626017364,0.0007525761150808236,0.003590407591063046,0.0028972086258370775,0.06144268207027167,-0.006492427861768119,0.0140061939516401,-0.028980874620260045,0.00418898333425729,0.006497395472937789,0.019573489697875406,-0.011626606168585601,-0.004666582794587711,0.0072605301553298855,-0.002065417426447423,0.019425148832664926,0.0072540541755507235,-0.0016818213587772373,0.005419323798152284,0.007062651218448985,-0.013428169107520376,-0.02784835991315726,-0.010179898384047759,-0.007034631238437216,-0.006492427861768119,0.030248750519987905,0.01066855395518995,-0.01530990475699143,0.007225210845097337,0.001706550321755622,0.015714839938031994,-0.0035894525624462037,0.007656042227349057,-0.0023517752636145186,0.016161618490707352,-0.0009518013599680831,0.012867043355157703,0.005414637347263794,0.004610075713220808,-0.00498009574500475,-0.007014520137133607,-0.01493164245650094,-0.0033827812442687134,-0.0037554895907655804,0.0140061939516401,0.01066855395518995,0.03321327835977744
0.048101267052333724,0.004082139605011154,0.03427586228989288,0.003509998409280319,-0.00021316871428692444,-0.029934738063625812,0.021581251789527963,-0.024466476486111194,0.0003239103813751542,0.01861583329060506,-0.03258345337982813,-0.01167972612077545,0.030284043871511408,0.00642498765734756,-0.019379562549896492,0.021000719153017062,-0.0024247961147245457,0.033776322244607804,0.0025544696966780557,0.014676340321013288,0.004082139605011154,0.032248599052775426,-0.0197953843060129,-0.02168913897148353,0.0012969772332281702,-0.004838438169323803,-0.0004945299419720113,0.0032836684346999826,0.003685223758659794,-0.0006826927153196689,-0.0006816064582734628,-0.004269885565455047,0.015433049689273035,0.003571255063503678,-0.01114297487229058,0.004135070902569046,-0.013726998726994784,0.015937456920943206,0.0064638915795758,0.005573879706722729,0.03427586228989288,-0.0197953843060129,0.08580981221773115,0.025118960453567044,-0.013864523602931018,-0.03821201832416231,0.040450883247994104,-0.035225990138461956,-0.012946782121683029,0.004929321101077735,-0.04249307760745221,0.013549031519913438,-0.003112125432623838,0.008503586502277536,-0.009847047619286231,0.008853588534458404,0.006249948780446948,-0.0042754566627542685,0.0003877364226536495,0.0009325448551508842,0.003509998409280319,-0.02168913897148353,0.025118960453567044,0.07423172753611129,0.01759648871895906,-0.03295012355846187,-0.011018693171937986,-0.00802419684065937,-0.003713065771701435,-0.009685226369400484,0.0038728978157966196,-0.0015537539584362416,-0.010299213661175869,0.021268212127462487,0.00159222138787969,0.006429010356837045,0.02260422755631702,-0.015805275278736264,-0.014549268306853054,-0.017520203741642995,-0.00021316871428692444,0.0012969772332281702,-0.013864523602931018,0.01759648871895906,0.04657339557236151,-0.028128164522592536,-0.027757267716899604,0.010073251201081171,0.015947436817169022,-0.011134779196387144,0.02969877035070461,-0.00841738993460307,-0.006708826996492802,0.016381595222414697,0.0009567955325005891,0.0031330764829210385,0.027611042428160378,-0.003153055170997118,-0.004422962416693085,-0.033699681520596284,-0.029934738063625812,-0.004838438169323803,-0.03821201832416231,-0.03295012355846187,-0.028128164522592536,0.11543286882819062,-0.011133878870547783,0.0040327578856119446,-0.010102772667645315,0.003656770167940287,0.009651898479555223,0.0007877071860010082,-0.0021772338126923568,-0.05202566226875381,0.016881423796324027,-0.009369270176590682,-0.023974565072746604,0.0021056253008160976,0.009472888579155948,0.03223382680036435,0.021581251789527963,-0.0004945299419720113,0.040450883247994104,-0.011018693171937986,-0.027757267716899604,-0.011133878870547783,0.07090053457016185,-0.011250476976833776,-0.009203111277415379,0.00011722346261323382,-0.037559862427413465,0.017396458122678846,-0.0030331109640900837,-0.004236444713106571,-0.0006086802993905094,-0.004403557938816519,-0.019414921009789393,-0.011100812533976127,0.012376922778892222,0.019334216100707777,-0.024466476486111194,0.0032836684346999826,-0.035225990138461956,-0.00802419684065937,0.010073251201081171,0.0040327578856119446,-0.011250476976833776,0.056080527554535284,-0.0002726533924164991,-0.02967868720815931,0.034295002860129986,-0.013147820555207992,-0.016249220505228156,0.002238603239759783,0.01631700205962336,-0.010596778884958141,0.015236181927427726,-0.020897796916924005,-0.004768643835471242,-0.011417709905080295,0.0003239103813751542,0.003685223758659794,-0.012946782121683029,-0.003713065771701435,0.015947436817169022,-0.010102772667645315,-0.009203111277415379,-0.0002726533924164991,0.05174049594609474,0.0008058743819997912,0.02137667577794434,-0.0015640906404088776,0.007324561405337382,-0.00954515178031158,0.0043201556567051495,-0.010314983349511062,0.011490282574108772,0.006359415065706679,-0.0009340215083404046,-0.03613760237685734,0.01861583329060506,-0.0006826927153196689,0.004929321101077735,-0.009685226369400484,-0.011134779196387144,0.003656770167940287,0.00011722346261323382,-0.02967868720815931,0.0008058743819997912,0.09258694591150796,-0.03152558985109001,-0.0055876677752514335,0.04690304702356619,0.008231133350880541,-0.01703102291836658,0.013078125030733904,-0.03969071496996038,0.019500412691352935,-0.017434682774755413,0.03590392660879871,-0.03258345337982813,-0.0006816064582734628,-0.04249307760745221,0.0038728978157966196,0.02969877035070461,0.009651898479555223,-0.037559862427413465,0.034295002860129986,0.02137667577794434,-0.03152558985109001,0.07321921665049853,-0.00969834675722253,-0.017187092716450983,-0.0033466955132199815,0.01882922067359881,-0.011476477480867407,0.03343069358559987,-0.017701315514963407,-0.0017005515975202015,-0.0463631425415067,-0.01167972612077545,-0.004269885565455047,0.013549031519913438,-0.0015537539584362416,-0.00841738993460307,0.0007877071860010082,0.017396458122678846,-0.013147820555207992,-0.0015640906404088776,-0.0055876677752514335,-0.00969834675722253,0.04088603327594151,-0.024145861869015954,8.809083184049089e-5,-5.053563873769158e-5,-0.0053350414831284075,-0.014807221154725513,-0.019904078330033433,0.010962579867703472,-0.012764708497999369,0.030284043871511408,0.015433049689273035,-0.003112125432623838,-0.010299213661175869,-0.006708826996492802,-0.0021772338126923568,-0.0030331109640900837,-0.016249220505228156,0.007324561405337382,0.04690304702356619,-0.017187092716450983,-0.024145861869015954,0.07410493233586027,0.006536860730013576,-0.01753480909151226,0.022891055307637968,-0.024372888172417916,0.039304189631677436,-0.023595491659003338,0.035196346197746545,0.00642498765734756,0.003571255063503678,0.008503586502277536,0.021268212127462487,0.016381595222414697,-0.05202566226875381,-0.004236444713106571,0.002238603239759783,-0.00954515178031158,0.008231133350880541,-0.0033466955132199815,8.809083184049089e-5,0.006536860730013576,0.057513306262827434,-0.006196934646961815,0.008817333254911162,0.0012500272734231458,-0.014312919211662804,-0.016803328410570854,-0.0009154376743602884,-0.019379562549896492,-0.01114297487229058,-0.009847047619286231,0.00159222138787969,0.0009567955325005891,0.016881423796324027,-0.0006086802993905094,0.01631700205962336,0.0043201556567051495,-0.01703102291836658,0.01882922067359881,-5.053563873769158e-5,-0.01753480909151226,-0.006196934646961815,0.04431643171929885,-0.011489163858539153,0.01593227562028514,-0.02643371438697783,-0.015530028570373366,-0.016445830163276456,0.021000719153017062,0.004135070902569046,0.008853588534458404,0.006429010356837045,0.0031330764829210385,-0.009369270176590682,-0.004403557938816519,-0.010596778884958141,-0.010314983349511062,0.013078125030733904,-0.011476477480867407,-0.0053350414831284075,0.022891055307637968,0.008817333254911162,-0.011489163858539153,0.037034954323794264,-0.0048105706165433885,0.01696713840449199,-0.009016409376514531,0.018120028007869073,-0.0024247961147245457,-0.013726998726994784,0.006249948780446948,0.02260422755631702,0.027611042428160378,-0.023974565072746604,-0.019414921009789393,0.015236181927427726,0.011490282574108772,-0.03969071496996038,0.03343069358559987,-0.014807221154725513,-0.024372888172417916,0.0012500272734231458,0.01593227562028514,-0.0048105706165433885,0.07580416627094021,-0.0016274137586604093,0.011416383760595374,-0.05131151353868961,0.033776322244607804,0.015937456920943206,-0.0042754566627542685,-0.015805275278736264,-0.003153055170997118,0.0021056253008160976,-0.011100812533976127,-0.020897796916924005,0.006359415065706679,0.019500412691352935,-0.017701315514963407,-0.019904078330033433,0.039304189631677436,-0.014312919211662804,-0.02643371438697783,0.01696713840449199,-0.0016274137586604093,0.08088940409692998,0.011442055502465385,0.02206330007885446,0.0025544696966780557,0.0064638915795758,0.0003877364226536495,-0.014549268306853054,-0.004422962416693085,0.009472888579155948,0.012376922778892222,-0.004768643835471242,-0.0009340215083404046,-0.017434682774755413,-0.0017005515975202015,0.010962579867703472,-0.023595491659003338,-0.016803328410570854,-0.015530028570373366,-0.009016409376514531,0.011416383760595374,0.011442055502465385,0.059621010360542605,-0.00274814997292918,0.014676340321013288,0.005573879706722729,0.0009325448551508842,-0.017520203741642995,-0.033699681520596284,0.03223382680036435,0.019334216100707777,-0.011417709905080295,-0.03613760237685734,0.03590392660879871,-0.0463631425415067,-0.012764708497999369,0.035196346197746545,-0.0009154376743602884,-0.016445830163276456,0.018120028007869073,-0.05131151353868961,0.02206330007885446,-0.00274814997292918,0.09015504281754409
