0.0006161647816163955,3.250213894851156e-6,-0.00013537251786273507,0.0001153293700344509,0.00030685217895559604,9.906307779966925e-5,0.0004915551006537269,-0.00025144187863785034,-0.00010156829756569545,-0.0002662690086337376,-7.206676148194529e-5,-0.0001298901603456107,0.00033753398319113397,1.6642128268027473e-6,-0.000337012891565512,-4.5491215816152765e-5,0.0001939300945361391,9.574584625844478e-5,0.00012123706108360739,-4.503909617505383e-6,3.250213894851156e-6,0.0005398554068012715,2.12297292913584e-5,-0.0002458292055947041,-2.723712056512287e-5,0.00022384671785822388,4.784684519349537e-5,0.00015369879549728135,-0.0005803922813189131,0.00014163223315183824,4.0799798849127534e-5,-0.00010606083243671727,0.0003969017455246699,0.0001704055378451664,-0.0002498017521549103,-0.00015402978960369474,-4.435712896577295e-5,5.8336332047061374e-5,0.0005425204207504308,1.0110879278596825e-5,-0.00013537251786273507,2.12297292913584e-5,0.00030490543158473535,-0.00011247318739766139,-0.00014459219209845322,-2.229148019100667e-5,-0.000194228190836013,4.306277813881372e-5,-0.00012606034247936404,5.314212306418642e-5,0.00011356789415382988,0.00021862717245827687,-1.5029591009074724e-5,-4.781870435710783e-5,2.8147804587263988e-5,0.00013482733944859696,-0.00016188304629534102,-7.410279175175741e-5,8.247499105079359e-5,4.338608087956873e-5,0.0001153293700344509,-0.0002458292055947041,-0.00011247318739766139,0.0005391024734464839,0.00015425993232724114,-0.00021541371085262277,0.0001670783921962417,0.00012569114072867566,0.0005725514106396507,-0.00018356236942105534,3.7972689653618164e-5,4.2823091233456316e-5,-0.00019163696664222248,-1.2460149794627097e-5,0.00023809810011451912,0.00014348509394518285,7.445788173258797e-5,9.726785120971848e-5,-0.0004314665789112458,-4.693850404698323e-5,0.00030685217895559604,-2.723712056512287e-5,-0.00014459219209845322,0.00015425993232724114,0.00036479313837786974,-1.1204448299254252e-5,0.0003438742127112239,-4.4565193292530274e-5,5.544581043714861e-5,-0.00013222058292330504,-3.297776567868942e-5,-0.0001504165990492924,0.00021711844796900486,3.141905977339275e-5,-0.00011578845565538663,-7.637204656188944e-5,0.00012093883552273456,7.576982881472334e-5,6.051689372684626e-5,-3.051000072353394e-5,9.906307779966925e-5,0.00022384671785822388,-2.229148019100667e-5,-0.00021541371085262277,-1.1204448299254252e-5,0.0005548084379801636,1.1993571083557971e-5,-0.0001264577746637796,-0.0006495236174897247,0.00012323816130539034,-0.00018568305929900155,-0.00016182413832277286,0.0003107044845986855,0.0003210908060965428,-0.00042466867415619626,-0.0003155736884196533,0.00016252218234853884,4.137811274616879e-5,0.0004813970311248852,7.971130130634322e-5,0.0004915551006537269,4.784684519349537e-5,-0.000194228190836013,0.0001670783921962417,0.0003438742127112239,1.1993571083557971e-5,0.0007097795619162013,7.459270133127046e-6,-0.00011652244653181576,-3.6992869814843125e-5,-7.991825496268854e-5,-0.00018345334352427736,0.00031890197642276785,0.0001024713013443938,-0.0001791499486944944,-0.0001710961903233402,0.00011614420502467054,0.00014236094534199185,0.0001676380161082768,-1.6687079560140415e-6,-0.00025144187863785034,0.00015369879549728135,4.306277813881372e-5,0.00012569114072867566,-4.4565193292530274e-5,-0.0001264577746637796,7.459270133127046e-6,0.0013181509868653966,-0.0001932024479193744,0.0008580498500613924,9.229074927775593e-5,5.956724926392346e-5,-0.0004327475582691546,0.00018337615913063406,0.0005675325839687734,-0.00014312663503604815,-0.000270467501405722,5.831076380304824e-5,-0.00018656875370855132,0.0001454107509224028,-0.00010156829756569545,-0.0005803922813189131,-0.00012606034247936404,0.0005725514106396507,5.544581043714861e-5,-0.0006495236174897247,-0.00011652244653181576,-0.0001932024479193744,0.0017302718884094894,-0.0006967585653039518,3.2495716491761815e-5,9.681608966392429e-5,-0.0007073402552209093,-0.00048472803230160754,0.0005154839100442717,0.0005501164658363271,0.0001237855151423833,-4.243224578307073e-5,-0.00128614703097876,-0.00028121917129393805,-0.0002662690086337376,0.00014163223315183824,5.314212306418642e-5,-0.00018356236942105534,-0.00013222058292330504,0.00012323816130539034,-3.6992869814843125e-5,0.0008580498500613924,-0.0006967585653039518,0.0011593424393186239,-1.1478993544653427e-5,-5.02924277147093e-5,-0.00026525968312002333,0.0004269024266748947,0.0003550711517320255,-0.0004379833366817686,-0.00027993182896353353,6.83489729415501e-6,0.00033249082853694674,0.0002017443273615933,-7.206676148194529e-5,4.0799798849127534e-5,0.00011356789415382988,3.7972689653618164e-5,-3.297776567868942e-5,-0.00018568305929900155,-7.991825496268854e-5,9.229074927775593e-5,3.2495716491761815e-5,-1.1478993544653427e-5,0.00033654629236186916,0.00017205907569866615,5.438279220187436e-5,-0.00016984431655164204,0.00013664872307242318,0.0002522964332115005,-0.0002077852949224823,8.855405406304673e-7,4.068723638783597e-5,1.2979126904779695e-5,-0.0001298901603456107,-0.00010606083243671727,0.00021862717245827687,4.2823091233456316e-5,-0.0001504165990492924,-0.00016182413832277286,-0.00018345334352427736,5.956724926392346e-5,9.681608966392429e-5,-5.02924277147093e-5,0.00017205907569866615,0.0004017254999986561,-0.00013795394216838933,-0.0001645109959031089,0.00015511846632583107,0.0002745039597687608,-0.00020750038915297075,-6.696226613479037e-5,-0.000128867575075761,6.487751693539414e-5,0.00033753398319113397,0.0003969017455246699,-1.5029591009074724e-5,-0.00019163696664222248,0.00021711844796900486,0.0003107044845986855,0.00031890197642276785,-0.0004327475582691546,-0.0007073402552209093,-0.00026525968312002333,5.438279220187436e-5,-0.00013795394216838933,0.0010929422427311865,0.00014016188579421562,-0.0005598161270021715,-0.00018010082277221347,0.00011349067537852489,0.00016041284853177468,0.0009127140404542522,-1.899051694631042e-5,1.6642128268027473e-6,0.0001704055378451664,-4.781870435710783e-5,-1.2460149794627097e-5,3.141905977339275e-5,0.0003210908060965428,0.0001024713013443938,0.00018337615913063406,-0.00048472803230160754,0.0004269024266748947,-0.00016984431655164204,-0.0001645109959031089,0.00014016188579421562,0.0006668867222033414,-0.00011077373128187855,-0.00047213175446485483,0.00011829341671024445,0.0001435563675227259,0.00042478651319379293,0.00012606260630787335,-0.000337012891565512,-0.0002498017521549103,2.8147804587263988e-5,0.00023809810011451912,-0.00011578845565538663,-0.00042466867415619626,-0.0001791499486944944,0.0005675325839687734,0.0005154839100442717,0.0003550711517320255,0.00013664872307242318,0.00015511846632583107,-0.0005598161270021715,-0.00011077373128187855,0.0008040119801276994,0.00016493255878909416,-0.00023089554486382212,-1.6619189904103647e-5,-0.0005148850848951505,-3.0373942752564395e-5,-4.5491215816152765e-5,-0.00015402978960369474,0.00013482733944859696,0.00014348509394518285,-7.637204656188944e-5,-0.0003155736884196533,-0.0001710961903233402,-0.00014312663503604815,0.0005501164658363271,-0.0004379833366817686,0.0002522964332115005,0.0002745039597687608,-0.00018010082277221347,-0.00047213175446485483,0.00016493255878909416,0.0006664205179761175,-0.00015069917359491537,-7.965805701538012e-5,-0.00043924831211720485,-0.00012770259016319944,0.0001939300945361391,-4.435712896577295e-5,-0.00016188304629534102,7.445788173258797e-5,0.00012093883552273456,0.00016252218234853884,0.00011614420502467054,-0.000270467501405722,0.0001237855151423833,-0.00027993182896353353,-0.0002077852949224823,-0.00020750038915297075,0.00011349067537852489,0.00011829341671024445,-0.00023089554486382212,-0.00015069917359491537,0.0004404095786306217,7.767433321033979e-5,-9.4238741831235e-5,-3.6562462958003e-5,9.574584625844478e-5,5.8336332047061374e-5,-7.410279175175741e-5,9.726785120971848e-5,7.576982881472334e-5,4.137811274616879e-5,0.00014236094534199185,5.831076380304824e-5,-4.243224578307073e-5,6.83489729415501e-6,8.855405406304673e-7,-6.696226613479037e-5,0.00016041284853177468,0.0001435563675227259,-1.6619189904103647e-5,-7.965805701538012e-5,7.767433321033979e-5,0.0002587917725712513,7.311223429946689e-5,2.1567826041230675e-5,0.00012123706108360739,0.0005425204207504308,8.247499105079359e-5,-0.0004314665789112458,6.051689372684626e-5,0.0004813970311248852,0.0001676380161082768,-0.00018656875370855132,-0.00128614703097876,0.00033249082853694674,4.068723638783597e-5,-0.000128867575075761,0.0009127140404542522,0.00042478651319379293,-0.0005148850848951505,-0.00043924831211720485,-9.4238741831235e-5,7.311223429946689e-5,0.0014489332036108685,9.636484787093001e-5,-4.503909617505383e-6,1.0110879278596825e-5,4.338608087956873e-5,-4.693850404698323e-5,-3.051000072353394e-5,7.971130130634322e-5,-1.6687079560140415e-6,0.0001454107509224028,-0.00028121917129393805,0.0002017443273615933,1.2979126904779695e-5,6.487751693539414e-5,-1.899051694631042e-5,0.00012606260630787335,-3.0373942752564395e-5,-0.00012770259016319944,-3.6562462958003e-5,2.1567826041230675e-5,9.636484787093001e-5,0.0002927961058971063
