0.021429119064448162,-0.0035259252722400023,0.009582197357376254,0.007689510288881594,-0.0002033973663039194,-0.0034292898836003755,-0.005021992488926373,-0.000648999794098912,-0.006260512161406787,-0.0006954298629547274,0.0013105727525972491,-0.0014457198814615663,0.002782999236542306,0.002008981442099958,0.0023861408998966382,0.0007918684607028078,-0.002109317793050394,-0.009279573371450151,0.0005698917385667675,-0.004036392009125117,-0.0035259252722400023,0.019904447816673894,-0.0032482292404192696,0.003297307875107811,-0.003064589062249103,0.0016279345228849946,0.0007040949748455319,-0.00369454993146037,-0.0008736085367506696,0.002126977277898701,-0.001680515384621941,0.0014725939614494963,0.005411398547224847,-0.00041658976188770405,0.0065398324370077865,0.002307728348727836,0.0010601220394205872,-0.0029845626325124674,0.005525409857903826,-0.002675658086564693,0.009582197357376254,-0.0032482292404192696,0.031175807524926945,-0.0015218894783194073,0.001987059909682419,-0.0044298434836525895,0.0011700961813983835,-0.003572717225226161,-0.0015753838106354833,-0.004521529372129596,0.0010997530110082598,0.007674380765669369,-0.007839420682409778,0.0040317105661493895,0.0015709659125411309,-0.0004649412841909574,-0.0032346400696488583,0.001304039151496436,-0.002107985688412181,-0.0038993706093821425,0.007689510288881594,0.003297307875107811,-0.0015218894783194073,0.03152535987531773,0.0019053026893390344,-0.0023616650436479444,0.001997544078193566,-0.001359877681408734,-0.0018081768405003328,0.009482726732552009,0.005813391054420976,-0.0018406880866838862,0.0015055713564712356,-0.0038409140859157875,-0.001986235601073396,-0.0016196692275595923,-0.012562101101645528,-0.015057413229086759,-0.0014870230006601556,0.0008759375286366119,-0.0002033973663039194,-0.003064589062249103,0.001987059909682419,0.0019053026893390344,0.022913090967972782,0.0012462198811889055,-0.0002804021511701875,-0.0014271992140658086,0.0016838889338441688,0.003356026402098252,-0.0022827526730650463,-0.004174292154190004,-0.0032538507789217114,-0.005219126030180895,0.0007035273336535644,0.002755148812248801,-0.0029208155958696078,-0.001874774664000806,0.002738177908407819,-0.0052074704904117985,-0.0034292898836003755,0.0016279345228849946,-0.0044298434836525895,-0.0023616650436479444,0.0012462198811889055,0.013184214619302212,-0.004427574961483053,0.00047897141018250284,0.0021940138692635265,0.0010613583009110605,-0.0012397366492719335,-0.0013049624679299233,-0.0037308757047316444,-0.00136402067004011,0.00197923520295216,0.001177181755726708,-0.0001248454248918074,0.000734225133940855,0.0004920584253836988,0.00038401208659572916,-0.005021992488926373,0.0007040949748455319,0.0011700961813983835,0.001997544078193566,-0.0002804021511701875,-0.004427574961483053,0.013022871051641313,0.0023591711908154357,0.0034913524176621146,-0.0011983279717361255,0.0016361153556922266,-0.002682956330273944,-0.0023833221790657885,-0.0010178776742097865,0.0017432184571914322,0.0003538844566417978,0.0011291075134307231,0.0024301963340070806,-0.004245024136246427,-0.0014158982170040242,-0.000648999794098912,-0.00369454993146037,-0.003572717225226161,-0.001359877681408734,-0.0014271992140658086,0.00047897141018250284,0.0023591711908154357,0.022240529113708746,0.0017067585414790591,0.000683031705345785,-0.0023099603366522866,-0.006250413919053607,0.002178149973808164,-0.0012880277534298937,-0.00031974719136768656,-0.0014135533041126466,-0.0022441599845766072,-0.0014685091582701596,0.003611814550922206,0.009825127547877163,-0.006260512161406787,-0.0008736085367506696,-0.0015753838106354833,-0.0018081768405003328,0.0016838889338441688,0.0021940138692635265,0.0034913524176621146,0.0017067585414790591,0.028279670582614647,0.00649470357053472,-0.0025734297792576813,0.002559739854146097,0.002068748552000575,-0.0025537421718010815,-0.0025794124392433167,0.0005954498590543301,-0.0017828506527137666,0.008000307278959774,0.0029126032706341624,-0.001198940415616415,-0.0006954298629547274,0.002126977277898701,-0.004521529372129596,0.009482726732552009,0.003356026402098252,0.0010613583009110605,-0.0011983279717361255,0.000683031705345785,0.00649470357053472,0.030111274743912717,0.003433802140820283,-0.008442061942077972,0.005139128091087471,-0.011021309008868722,-0.0017218292953462382,0.004367466373340992,-0.001226220288453538,-0.006656295196674485,0.0016069900222662572,-0.0071474624213876525,0.0013105727525972491,-0.001680515384621941,0.0010997530110082598,0.005813391054420976,-0.0022827526730650463,-0.0012397366492719335,0.0016361153556922266,-0.0023099603366522866,-0.0025734297792576813,0.003433802140820283,0.019460508586429708,0.002616731151928043,-0.002107368907049179,0.004547340970881003,0.004873961717365421,0.0014954689016354738,0.0019135403256589684,-0.007675516837840757,-0.0048915310827426116,-0.002307034035887991,-0.0014457198814615663,0.0014725939614494963,0.007674380765669369,-0.0018406880866838862,-0.004174292154190004,-0.0013049624679299233,-0.002682956330273944,-0.006250413919053607,0.002559739854146097,-0.008442061942077972,0.002616731151928043,0.025037224200385986,-0.0065574088439901285,0.0029689646467090693,-0.0010426633663063651,0.00088721849130447,0.0032779667426088965,0.0074744832340930805,-0.004119211404622271,-0.0032580262395535365,0.002782999236542306,0.005411398547224847,-0.007839420682409778,0.0015055713564712356,-0.0032538507789217114,-0.0037308757047316444,-0.0023833221790657885,0.002178149973808164,0.002068748552000575,0.005139128091087471,-0.002107368907049179,-0.0065574088439901285,0.024158791501994282,0.006719768098491133,0.002439897134038452,-0.0013729071614791712,-0.0025762650636619033,0.0023470719024915867,-0.0015069485426891147,-0.000670818624400399,0.002008981442099958,-0.00041658976188770405,0.0040317105661493895,-0.0038409140859157875,-0.005219126030180895,-0.00136402067004011,-0.0010178776742097865,-0.0012880277534298937,-0.0025537421718010815,-0.011021309008868722,0.004547340970881003,0.0029689646467090693,0.006719768098491133,0.015953595350287154,-0.002212515745597444,-0.001263683337843539,0.0023938878732451246,0.00689907063415922,-0.0028456461560164405,0.001217296575125496,0.0023861408998966382,0.0065398324370077865,0.0015709659125411309,-0.001986235601073396,0.0007035273336535644,0.00197923520295216,0.0017432184571914322,-0.00031974719136768656,-0.0025794124392433167,-0.0017218292953462382,0.004873961717365421,-0.0010426633663063651,0.002439897134038452,-0.002212515745597444,0.020063055811347756,0.0009662526739137933,-0.0025801966080149204,-0.006362474235609516,-0.0011154752522023444,-0.0038672902193905906,0.0007918684607028078,0.002307728348727836,-0.0004649412841909574,-0.0016196692275595923,0.002755148812248801,0.001177181755726708,0.0003538844566417978,-0.0014135533041126466,0.0005954498590543301,0.004367466373340992,0.0014954689016354738,0.00088721849130447,-0.0013729071614791712,-0.001263683337843539,0.0009662526739137933,0.01606534165898617,0.00040147166073968836,-0.0019223667477928103,-0.002561451929832457,-0.0033294925480534384,-0.002109317793050394,0.0010601220394205872,-0.0032346400696488583,-0.012562101101645528,-0.0029208155958696078,-0.0001248454248918074,0.0011291075134307231,-0.0022441599845766072,-0.0017828506527137666,-0.001226220288453538,0.0019135403256589684,0.0032779667426088965,-0.0025762650636619033,0.0023938878732451246,-0.0025801966080149204,0.00040147166073968836,0.025594325123851534,0.008357106676998528,-0.007867720075962335,-0.002192177222824874,-0.009279573371450151,-0.0029845626325124674,0.001304039151496436,-0.015057413229086759,-0.001874774664000806,0.000734225133940855,0.0024301963340070806,-0.0014685091582701596,0.008000307278959774,-0.006656295196674485,-0.007675516837840757,0.0074744832340930805,0.0023470719024915867,0.00689907063415922,-0.006362474235609516,-0.0019223667477928103,0.008357106676998528,0.03583013901052461,-0.0023864100783963817,-0.0004924664194530811,0.0005698917385667675,0.005525409857903826,-0.002107985688412181,-0.0014870230006601556,0.002738177908407819,0.0004920584253836988,-0.004245024136246427,0.003611814550922206,0.0029126032706341624,0.0016069900222662572,-0.0048915310827426116,-0.004119211404622271,-0.0015069485426891147,-0.0028456461560164405,-0.0011154752522023444,-0.002561451929832457,-0.007867720075962335,-0.0023864100783963817,0.021798140535552256,0.0008641768606676681,-0.004036392009125117,-0.002675658086564693,-0.0038993706093821425,0.0008759375286366119,-0.0052074704904117985,0.00038401208659572916,-0.0014158982170040242,0.009825127547877163,-0.001198940415616415,-0.0071474624213876525,-0.002307034035887991,-0.0032580262395535365,-0.000670818624400399,0.001217296575125496,-0.0038672902193905906,-0.0033294925480534384,-0.002192177222824874,-0.0004924664194530811,0.0008641768606676681,0.029262646925813235
