0.015529049936384024,0.0016943753271933893,-0.005265047249701765,-0.0055023184218967085,-0.004433202279698137,0.002709922638568769,-0.005744394243663621,-0.0065721337154980705,-0.00035170638301360594,0.002673114407845615,0.0013069546714277085,0.0023289269406484682,-0.0010888836334643158,0.0008631107073049074,-0.002771972413245554,0.0055953065442908186,-0.004538290451945752,-0.0053760381327954245,0.004045268745396238,0.00027541155563474387,0.0016943753271933893,0.01571208541752032,0.004566730842048124,-0.005287786379501657,-0.0015406188240749876,0.0028474164810088024,-0.004078436569985802,0.0006655558896821118,0.003458237794158841,-0.0011447872887625774,0.0002411009877720295,0.002123024617032435,0.00575670382315605,-0.0005393715139375907,0.0017345750179370545,0.002112848445110082,-0.0008997403787558359,-0.0017137649269019228,0.0032590535196086266,0.001350013493949853,-0.005265047249701765,0.004566730842048124,0.02097931350443267,-0.0009405740841188198,-0.0035278909253318906,-0.002062938390607705,0.0036829914818290767,0.006194046173078409,0.0055545352708477845,0.0018664418165276148,-0.00024839184118453337,0.0021246910781665745,0.0016563659354979876,0.002712980288595334,0.007945970962328231,-0.004525707607381326,-0.007008066517884622,0.0035638351283412157,-0.0030707700940411425,-0.0024959846339601193,-0.0055023184218967085,-0.005287786379501657,-0.0009405740841188198,0.020701521656675003,0.006994274941515119,-0.006332605672004569,0.005380496591684467,0.0012890073578819452,-0.0025585616255648265,0.005441367455283208,-0.007369851282084534,-0.007016899245639974,-0.003364044815993403,-0.004766085650914084,-0.004360264888662382,-0.0009524782274278271,0.0024700044385255722,-0.002341051965389155,-0.0013352315924451384,-0.007160690269540075,-0.004433202279698137,-0.0015406188240749876,-0.0035278909253318906,0.006994274941515119,0.015298455881477598,-0.0025705173633513686,-0.00012243857333122857,0.0002311516474682621,-0.0015821519903171423,-0.0014842558018492375,-0.0007709376469105383,-0.0004008541917096039,-0.003905753799922013,0.0017359275388470325,-0.004511092459206232,-0.005692313234476832,0.00528329062415169,-0.001989479713293095,0.0009098682289811997,0.0034399848813318075,0.002709922638568769,0.0028474164810088024,-0.002062938390607705,-0.006332605672004569,-0.0025705173633513686,0.017410030858287424,-0.002205508842366837,0.003339076981243649,0.0016989446270571017,0.004631540307417737,-0.0007897985938963,0.0019293444681490806,-0.00033940144464207416,9.869502903807608e-5,0.0006645423165854787,0.004305098222313741,-0.0024107091589009996,-0.0018940618297560712,-0.00011160507017654318,0.00045090766225310463,-0.005744394243663621,-0.004078436569985802,0.0036829914818290767,0.005380496591684467,-0.00012243857333122857,-0.002205508842366837,0.014051638273399532,-0.000820355473349474,-0.0029361257895572294,0.002316718292920581,-0.004803437104780608,0.0006362448384590025,-0.004222943201870751,0.0007008768821286198,-0.0005026884821388135,-0.0011409069139984775,-0.0014988668458587287,0.005719529274223315,-0.007078148382566551,0.001850313238059246,-0.0065721337154980705,0.0006655558896821118,0.006194046173078409,0.0012890073578819452,0.0002311516474682621,0.003339076981243649,-0.000820355473349474,0.010988121654683318,0.0011338699650327438,-0.0017966683747760975,-0.001327810967649482,-0.001516114293893616,-0.0009241436376579075,0.0016160476531239592,2.7138253544761524e-5,-0.004020559066482815,0.0031033199664579902,0.0009875095503202244,-0.0022631459992716726,-0.003575984483855741,-0.00035170638301360594,0.003458237794158841,0.0055545352708477845,-0.0025585616255648265,-0.0015821519903171423,0.0016989446270571017,-0.0029361257895572294,0.0011338699650327438,0.01126385164730415,-0.0024738264765240344,-0.000518354668147825,7.776007135156305e-5,0.0044444735732917795,0.0011497763725662664,0.003978555733498951,-0.0034034552734009413,-0.0008012956209956123,-0.0008576890940588458,-0.0015394585854670933,-0.005464343825359106,0.002673114407845615,-0.0011447872887625774,0.0018664418165276148,0.005441367455283208,-0.0014842558018492375,0.004631540307417737,0.002316718292920581,-0.0017966683747760975,-0.0024738264765240344,0.014719524686042342,0.00046486936809871695,-0.0020635891309819946,0.0007189832863981921,-0.002325506108426279,0.0005731721620200894,0.005152091813822807,-0.005034103353281676,0.0003773421651882824,0.00012651820385824642,-0.003037308490103324,0.0013069546714277085,0.0002411009877720295,-0.00024839184118453337,-0.007369851282084534,-0.0007709376469105383,-0.0007897985938963,-0.004803437104780608,-0.001327810967649482,-0.000518354668147825,0.00046486936809871695,0.008941278240277652,0.0035871913265583272,0.0008554880822204441,0.0008928971075299035,0.0034148493973919225,-0.002002039760041804,0.0021613555985505782,0.0019478142523862276,0.00043727941319971874,0.0033445319877438793,0.0023289269406484682,0.002123024617032435,0.0021246910781665745,-0.007016899245639974,-0.0004008541917096039,0.0019293444681490806,0.0006362448384590025,-0.001516114293893616,7.776007135156305e-5,-0.0020635891309819946,0.0035871913265583272,0.010036554659881217,-0.0031590121426812055,0.0023307059759387202,0.003850197662851891,-0.0004267820355164109,0.0007166825316270724,-0.0007666811823369314,-0.0011143473142728646,0.0018667675209925719,-0.0010888836334643158,0.00575670382315605,0.0016563659354979876,-0.003364044815993403,-0.003905753799922013,-0.00033940144464207416,-0.004222943201870751,-0.0009241436376579075,0.0044444735732917795,0.0007189832863981921,0.0008554880822204441,-0.0031590121426812055,0.013877812410574338,-0.0006705726462761173,0.002297680147782574,0.005654200148721528,-0.001750191312028071,-0.00039026911352605645,0.004523497038261885,-0.006407847793520864,0.0008631107073049074,-0.0005393715139375907,0.002712980288595334,-0.004766085650914084,0.0017359275388470325,9.869502903807608e-5,0.0007008768821286198,0.0016160476531239592,0.0011497763725662664,-0.002325506108426279,0.0008928971075299035,0.0023307059759387202,-0.0006705726462761173,0.007861389605179826,0.00030077347382098316,-0.00041792986997532034,0.0014897790949256614,0.0011826895182583616,-0.002329680799018843,0.0015709870233216793,-0.002771972413245554,0.0017345750179370545,0.007945970962328231,-0.004360264888662382,-0.004511092459206232,0.0006645423165854787,-0.0005026884821388135,2.7138253544761524e-5,0.003978555733498951,0.0005731721620200894,0.0034148493973919225,0.003850197662851891,0.002297680147782574,0.00030077347382098316,0.015500367747049363,0.005571133116093516,-0.0008565627693095495,0.00718420131637826,-9.270199658273752e-5,1.6782466755543016e-5,0.0055953065442908186,0.002112848445110082,-0.004525707607381326,-0.0009524782274278271,-0.005692313234476832,0.004305098222313741,-0.0011409069139984775,-0.004020559066482815,-0.0034034552734009413,0.005152091813822807,-0.002002039760041804,-0.0004267820355164109,0.005654200148721528,-0.00041792986997532034,0.005571133116093516,0.018443351614656187,-0.001940372479105932,-0.0002354263757560688,0.004866964688959382,-0.0023587565334162626,-0.004538290451945752,-0.0008997403787558359,-0.007008066517884622,0.0024700044385255722,0.00528329062415169,-0.0024107091589009996,-0.0014988668458587287,0.0031033199664579902,-0.0008012956209956123,-0.005034103353281676,0.0021613555985505782,0.0007166825316270724,-0.001750191312028071,0.0014897790949256614,-0.0008565627693095495,-0.001940372479105932,0.013948815591717826,0.002280087137442441,-0.0033093055490281825,-0.001372919885620904,-0.0053760381327954245,-0.0017137649269019228,0.0035638351283412157,-0.002341051965389155,-0.001989479713293095,-0.0018940618297560712,0.005719529274223315,0.0009875095503202244,-0.0008576890940588458,0.0003773421651882824,0.0019478142523862276,-0.0007666811823369314,-0.00039026911352605645,0.0011826895182583616,0.00718420131637826,-0.0002354263757560688,0.002280087137442441,0.01858746207933241,-0.0018967043674232337,0.002881442821006411,0.004045268745396238,0.0032590535196086266,-0.0030707700940411425,-0.0013352315924451384,0.0009098682289811997,-0.00011160507017654318,-0.007078148382566551,-0.0022631459992716726,-0.0015394585854670933,0.00012651820385824642,0.00043727941319971874,-0.0011143473142728646,0.004523497038261885,-0.002329680799018843,-9.270199658273752e-5,0.004866964688959382,-0.0033093055490281825,-0.0018967043674232337,0.010445685735559146,-0.001660600530757799,0.00027541155563474387,0.001350013493949853,-0.0024959846339601193,-0.007160690269540075,0.0034399848813318075,0.00045090766225310463,0.001850313238059246,-0.003575984483855741,-0.005464343825359106,-0.003037308490103324,0.0033445319877438793,0.0018667675209925719,-0.006407847793520864,0.0015709870233216793,1.6782466755543016e-5,-0.0023587565334162626,-0.001372919885620904,0.002881442821006411,-0.001660600530757799,0.019110097529210005
0.12356094571508858,0.016883235009687636,0.0021602498155369873,-0.072907696235534,-0.09623738466426077,0.096201001974899,-0.06252650596798977,-0.04157378083560011,0.030329080960089662,0.06179121552947661,-0.03353269079126013,-0.07101267475032244,-0.041070593632600835,-0.012863963218136657,0.03796889957588187,0.030159187860931698,0.04543898773114062,-0.05548161252798686,0.000619170367534664,0.055621677194322705,0.016883235009687636,0.022337925656397133,-0.001784493148738944,-0.0072891562470690585,-0.02215521912886626,0.006536809179647293,-0.004949574283251476,-0.012770816789196017,-0.0013298197154671355,0.017274372499484377,-0.011426562650644081,-0.013610437912289695,-0.011908919064726898,0.004518853069383424,0.005759465420274745,0.008773785257344572,0.02080102879336413,-0.006805800279225475,0.0021876623982911582,0.0027171203457672924,0.0021602498155369873,-0.001784493148738944,0.03340707405133261,0.011510978133962485,0.006033958589697467,-0.022137205156743493,0.020544837908939254,-0.010221877651539757,-0.014918472424976199,-0.004669027632651782,-0.017862929989457633,-0.006007723334751747,-0.0104376881785923,0.014921208271846544,0.0025733889932277507,0.006760854031720862,0.01742141814371951,-0.00028466986523621393,-0.0014332806128613338,-0.012369316477414584,-0.072907696235534,-0.0072891562470690585,0.011510978133962485,0.08663963241179196,0.07482277817991487,-0.10200673412625352,0.053472346679709654,0.02603377333349118,-0.04055453711854494,-0.04436122520650614,-0.0022038965864689163,0.05167376049205907,0.02158169407685842,0.025360324362629895,-0.025923841140384922,-0.007007767828692675,-0.025343341711145124,0.03483860501537729,0.006005537716847709,-0.06711754587593914,-0.09623738466426077,-0.02215521912886626,0.006033958589697467,0.07482277817991487,0.11435059568995151,-0.0857590268991536,0.0667895238622474,0.02833241920130314,-0.026059738553219948,-0.06509040962568502,0.03031399230714205,0.06132025186899406,0.033578874847203885,0.00950551331294568,-0.037885165863162984,-0.01937314826373318,-0.03396719541865288,0.0556688981274414,-0.0004934003034762335,-0.05939631494600975,0.096201001974899,0.006536809179647293,-0.022137205156743493,-0.10200673412625352,-0.0857590268991536,0.1575887723339403,-0.07786912531104512,-0.0318965307939654,0.05180179699630647,0.057738497011697504,0.0026478274132062324,-0.07008768711245132,-0.0270648613516587,-0.03955236341519572,0.03223117727569255,0.002988718564429053,0.02162341117525514,-0.04471657768643031,-0.007365398338994282,0.09237980441783142,-0.06252650596798977,-0.004949574283251476,0.020544837908939254,0.053472346679709654,0.0667895238622474,-0.07786912531104512,0.08128352401087693,0.0035423804238128775,-0.032740713448020285,-0.05335445696428685,0.0055776619337906015,0.04479047385590442,0.018697120149226983,0.01180226311427938,-0.03284904156389305,-0.013893707763621789,-0.003601878351153969,0.037147018657625944,0.004272841359471924,-0.06253858400629987,-0.04157378083560011,-0.012770816789196017,-0.010221877651539757,0.02603377333349118,0.02833241920130314,-0.0318965307939654,0.0035423804238128775,0.06919656157973873,-0.013660950596848777,-0.019279090616808357,0.010896521106361932,0.03910250538526193,0.027000550609957916,0.01997909593018022,-0.007029817615784136,-0.012506675635200123,-0.050727876589718585,0.013988947798546345,0.0014402233954880369,-0.0025565261809345104,0.030329080960089662,-0.0013298197154671355,-0.014918472424976199,-0.04055453711854494,-0.026059738553219948,0.05180179699630647,-0.032740713448020285,-0.013660950596848777,0.05359322682124974,0.016066261170553212,0.010801362562964552,-0.027343342613076742,0.002275993029514229,-0.0225377686325368,0.0033718759339905844,0.004377933421168972,0.0014913455992933864,-0.006734979553160089,-0.0005173013833481926,0.03330659359718466,0.06179121552947661,0.017274372499484377,-0.004669027632651782,-0.04436122520650614,-0.06509040962568502,0.057738497011697504,-0.05335445696428685,-0.019279090616808357,0.016066261170553212,0.08009121966100682,-0.0213323559365104,-0.05992956067969338,-0.02770004857470558,-0.0030077554029547702,0.024486241189295016,0.01989533031347213,0.02961104632396056,-0.04091081663951,0.009384509300587724,0.045445845864841274,-0.03353269079126013,-0.011426562650644081,-0.017862929989457633,-0.0022038965864689163,0.03031399230714205,0.0026478274132062324,0.0055776619337906015,0.010896521106361932,0.010801362562964552,-0.0213323559365104,0.04703287219419595,0.020245078833435397,0.022890286557957065,-0.01019602346511055,-0.009095711425551895,-0.018378972786098548,-0.03133335534954962,0.013495077955391524,-0.00743523705845749,0.0028339976089054725,-0.07101267475032244,-0.013610437912289695,-0.006007723334751747,0.05167376049205907,0.06132025186899406,-0.07008768711245132,0.04479047385590442,0.03910250538526193,-0.027343342613076742,-0.05992956067969338,0.020245078833435397,0.09020622984756757,0.03417002190639823,0.019310188797669544,-0.029294433364867076,-0.028852026303923903,-0.03985169542392671,0.048297099394054646,0.0002402671088515667,-0.059510852766303815,-0.041070593632600835,-0.011908919064726898,-0.0104376881785923,0.02158169407685842,0.033578874847203885,-0.0270648613516587,0.018697120149226983,0.027000550609957916,0.002275993029514229,-0.02770004857470558,0.022890286557957065,0.03417002190639823,0.0466559376071865,-0.0013121709065475645,-0.016859910012008393,-0.014881814712471176,-0.046274551167442314,0.026815717111365885,0.001852214477782779,-0.004272586727430519,-0.012863963218136657,0.004518853069383424,0.014921208271846544,0.025360324362629895,0.00950551331294568,-0.03955236341519572,0.01180226311427938,0.01997909593018022,-0.0225377686325368,-0.0030077554029547702,-0.01019602346511055,0.019310188797669544,-0.0013121709065475645,0.03431276593578193,-0.0053934408843841816,0.003119937975370404,-0.0020237101160867346,0.0033679939577757508,-0.002480275728087303,-0.02546029081214524,0.03796889957588187,0.005759465420274745,0.0025733889932277507,-0.025923841140384922,-0.037885165863162984,0.03223117727569255,-0.03284904156389305,-0.007029817615784136,0.0033718759339905844,0.024486241189295016,-0.009095711425551895,-0.029294433364867076,-0.016859910012008393,-0.0053934408843841816,0.04369804669059845,0.016839679727960317,0.011468310727092644,-0.023430374251843817,-0.009006640805328505,0.02620403228137637,0.030159187860931698,0.008773785257344572,0.006760854031720862,-0.007007767828692675,-0.01937314826373318,0.002988718564429053,-0.013893707763621789,-0.012506675635200123,0.004377933421168972,0.01989533031347213,-0.018378972786098548,-0.028852026303923903,-0.014881814712471176,0.003119937975370404,0.016839679727960317,0.030431303975825753,0.011702621021148517,-0.012195199653955078,-0.004868318545791232,0.006174621017055822,0.04543898773114062,0.02080102879336413,0.01742141814371951,-0.025343341711145124,-0.03396719541865288,0.02162341117525514,-0.003601878351153969,-0.050727876589718585,0.0014913455992933864,0.02961104632396056,-0.03133335534954962,-0.03985169542392671,-0.046274551167442314,-0.0020237101160867346,0.011468310727092644,0.011702621021148517,0.08765214144375501,-0.0224223583785221,0.0007280583299685327,-0.005992356768540459,-0.05548161252798686,-0.006805800279225475,-0.00028466986523621393,0.03483860501537729,0.0556688981274414,-0.04471657768643031,0.037147018657625944,0.013988947798546345,-0.006734979553160089,-0.04091081663951,0.013495077955391524,0.048297099394054646,0.026815717111365885,0.0033679939577757508,-0.023430374251843817,-0.012195199653955078,-0.0224223583785221,0.0461209030657929,0.0007542582292646323,-0.03320862394624079,0.000619170367534664,0.0021876623982911582,-0.0014332806128613338,0.006005537716847709,-0.0004934003034762335,-0.007365398338994282,0.004272841359471924,0.0014402233954880369,-0.0005173013833481926,0.009384509300587724,-0.00743523705845749,0.0002402671088515667,0.001852214477782779,-0.002480275728087303,-0.009006640805328505,-0.004868318545791232,0.0007280583299685327,0.0007542582292646323,0.01759554102856143,0.0017513073577008211,0.055621677194322705,0.0027171203457672924,-0.012369316477414584,-0.06711754587593914,-0.05939631494600975,0.09237980441783142,-0.06253858400629987,-0.0025565261809345104,0.03330659359718466,0.045445845864841274,0.0028339976089054725,-0.059510852766303815,-0.004272586727430519,-0.02546029081214524,0.02620403228137637,0.006174621017055822,-0.005992356768540459,-0.03320862394624079,0.0017513073577008211,0.09674110820337567
30.423380716696705,-76.84817521260076,-3.8487958395070683,-1.9652370967505262,94.82081457423403,47.17653322658247,85.74580679086607,-31.292527155040737,-33.26897263209568,49.370626172953955,-72.30438594614466,-21.587340067329144,-5.502938030662076,-22.799339098834242,-107.29158835770866,41.84117930710113,2.986136762232855,-18.349173370538004,-48.00984499511663,56.06078744738075,-76.84817521260076,367.03615463079745,60.804013844536236,-74.97214421056592,-437.08635892892664,-7.502276101870725,-165.7219428103985,-211.20916565763187,122.49664035616381,-216.0634057284834,168.969167707917,4.967456039284213,134.4068417811319,278.5920744119943,154.62362431962453,-67.6010777349083,77.00008549119693,29.230575700790634,161.58993735590133,22.921927285394947,-3.8487958395070683,60.804013844536236,26.388223683574783,-28.33230815795907,-8.358569513442347,48.2131309641057,-31.551133599494,-64.53391567120434,72.3557425890845,-92.12747992128179,23.699730365376645,-54.33793604238404,24.880070610631613,94.21734597742453,-55.948986789347956,-10.014403485635603,-30.094520659112536,-28.421081020320273,49.561310827062115,54.04761799243265,-1.9652370967505262,-74.97214421056592,-28.33230815795907,39.406093592045515,56.810273325500724,-64.42925564686254,-12.747027815240246,128.3846792232554,-41.63570191909483,66.02337326945761,2.5332973025397054,43.73478181770036,-50.15704234054037,-112.67043614105407,76.91483854902023,-13.044728364218395,-14.23638195901242,20.865399173875513,-29.963523719927977,-85.48463655651742,94.82081457423403,-437.08635892892664,-8.358569513442347,56.810273325500724,877.4992868756334,141.120914013375,3.5979480886543715,333.62378157269956,178.83304962861496,-80.29425103119817,-102.79238184310933,-254.31792411226604,-220.58106772935395,-174.1026547568554,-402.88114060618784,-5.1045335846279105,-401.73950336546136,-185.12848744480877,-14.188836005946635,58.358519121068404,47.17653322658247,-7.502276101870725,48.2131309641057,-64.42925564686254,141.120914013375,186.91715088855227,95.72731655693175,-202.1398531233365,84.72124611077548,-98.05634504998548,-84.5057325000145,-148.72793235678677,46.898128064538504,158.49808500899715,-310.5161225515082,58.13949764064218,-48.126166797075086,-89.90529705387843,13.529932422860394,217.77445564832038,85.74580679086607,-165.7219428103985,-31.551133599494,-12.747027815240246,3.5979480886543715,95.72731655693175,375.55170606385326,-231.5540997193009,-271.187455311177,307.90487032829674,-269.5655077281305,64.90795239182702,58.110032643498315,-85.26255545819072,-220.99676272256707,182.46754852778955,215.10174397772366,28.205431342246996,-228.30827109443402,165.6521055720229,-31.292527155040737,-211.20916565763187,-64.53391567120434,128.3846792232554,333.62378157269956,-202.1398531233365,-231.5540997193009,548.1500219662418,61.539740171101265,7.447025622496925,127.24897792539038,37.78374781060808,-215.39625477825848,-306.132091372498,250.47700220495142,-133.1075775975939,-233.5232766178199,6.673543270426446,32.626278722030605,-314.8244581301627,-33.26897263209568,122.49664035616381,72.3557425890845,-41.63570191909483,178.83304962861496,84.72124611077548,-271.187455311177,61.539740171101265,344.7420172882403,-385.0829808810751,173.9700230101729,-210.3139163390136,-27.7313706091937,210.83407288250564,-92.4408378738155,-121.8928767685555,-273.2497776339677,-118.68453200871053,227.9433446783482,40.15894676106433,49.370626172953955,-216.0634057284834,-92.12747992128179,66.02337326945761,-80.29425103119817,-98.05634504998548,307.90487032829674,7.447025622496925,-385.0829808810751,450.5721008924028,-211.6865999565937,222.382205879372,-9.874540783624612,-295.6294470949072,78.23579148190592,135.44312075748428,259.5349103578375,119.25215177985783,-271.8109311609098,-63.39584794604124,-72.30438594614466,168.969167707917,23.699730365376645,2.5332973025397054,-102.79238184310933,-84.5057325000145,-269.5655077281305,127.24897792539038,173.9700230101729,-211.6865999565937,205.14482021126784,-17.98727036155799,-16.19878396696653,81.53883469042103,203.7509135891845,-130.11551316594065,-108.12430954194936,0.6469873475799914,165.44514953452676,-124.74695416910107,-21.587340067329144,4.967456039284213,-54.33793604238404,43.73478181770036,-254.31792411226604,-148.72793235678677,64.90795239182702,37.78374781060808,-210.3139163390136,222.382205879372,-17.98727036155799,196.4971250368876,14.125451933387165,-149.56250828978477,247.82478077982165,22.12066783810782,188.31850403675713,118.9887092315426,-101.56353494271892,-136.44988098966425,-5.502938030662076,134.4068417811319,24.880070610631613,-50.15704234054037,-220.58106772935395,46.898128064538504,58.110032643498315,-215.39625477825848,-27.7313706091937,-9.874540783624612,-16.19878396696653,14.125451933387165,97.29359147801686,130.71520845598053,-24.975814780223597,36.14290110861523,116.72022415555968,18.490068306739587,3.1900832929514626,91.74023915161062,-22.799339098834242,278.5920744119943,94.21734597742453,-112.67043614105407,-174.1026547568554,158.49808500899715,-85.26255545819072,-306.132091372498,210.83407288250564,-295.6294470949072,81.53883469042103,-149.56250828978477,130.71520845598053,362.4166697577103,-153.28254155315472,-21.098504592385247,-25.88199408710094,-70.1134422949085,163.57882053975646,198.70066825683472,-107.29158835770866,154.62362431962453,-55.948986789347956,76.91483854902023,-402.88114060618784,-310.5161225515082,-220.99676272256707,250.47700220495142,-92.4408378738155,78.23579148190592,203.7509135891845,247.82478077982165,-24.975814780223597,-153.28254155315472,571.8114751558826,-121.64349418797323,109.62709400011575,159.9608876674532,39.74836075655802,-350.0538234344383,41.84117930710113,-67.6010777349083,-10.014403485635603,-13.044728364218395,-5.1045335846279105,58.13949764064218,182.46754852778955,-133.1075775975939,-121.8928767685555,135.44312075748428,-130.11551316594065,22.12066783810782,36.14290110861523,-21.098504592385247,-121.64349418797323,89.9074326552977,104.23738201425282,8.97255429034786,-104.1306654800758,95.3032147359931,2.986136762232855,77.00008549119693,-30.094520659112536,-14.23638195901242,-401.73950336546136,-48.126166797075086,215.10174397772366,-233.5232766178199,-273.2497776339677,259.5349103578375,-108.12430954194936,188.31850403675713,116.72022415555968,-25.88199408710094,109.62709400011575,104.23738201425282,319.8232060014559,119.79084543471761,-145.3540151021991,23.498448108072342,-18.349173370538004,29.230575700790634,-28.421081020320273,20.865399173875513,-185.12848744480877,-89.90529705387843,28.205431342246996,6.673543270426446,-118.68453200871053,119.25215177985783,0.6469873475799914,118.9887092315426,18.490068306739587,-70.1134422949085,159.9608876674532,8.97255429034786,119.79084543471761,73.9437908820805,-50.14889129824362,-80.06322234887718,-48.00984499511663,161.58993735590133,49.561310827062115,-29.963523719927977,-14.188836005946635,13.529932422860394,-228.30827109443402,32.626278722030605,227.9433446783482,-271.8109311609098,165.44514953452676,-101.56353494271892,3.1900832929514626,163.57882053975646,39.74836075655802,-104.1306654800758,-145.3540151021991,-50.14889129824362,177.7200233704937,-13.820402384542922,56.06078744738075,22.921927285394947,54.04761799243265,-85.48463655651742,58.358519121068404,217.77445564832038,165.6521055720229,-314.8244581301627,40.15894676106433,-63.39584794604124,-124.74695416910107,-136.44988098966425,91.74023915161062,198.70066825683472,-350.0538234344383,95.3032147359931,23.498448108072342,-80.06322234887718,-13.820402384542922,275.33635860639185
