0.03306612937543975,0.0020617397564388724,0.014138411552112025,-0.015817710740399192,-0.006574197345824787,-0.019991259578891318,0.021812694323994557,-0.0026500368979446277,-0.0023423675596861617,0.0190266780803846,-0.006372555363270952,-0.014290360193705418,0.008703217244498653,-0.014717504078728797,-0.006484551544434668,-0.015460547519982576,0.0013641918617136625,-0.0025346765103964096,-0.013558518829066923,0.006051183334030275,0.0020617397564388724,0.03944758465081061,-0.011375884349217883,0.0058669771142152854,0.015417003351677554,0.016325360896859258,0.004437515012351737,-0.0037835435818152343,-0.010753055428965489,-0.006275422705563326,0.01777088448090452,0.003852674138608351,-0.014644725115646944,0.0038592866270687276,0.0050368098087345495,-0.010835036345978648,-0.006124790478386195,-0.010847475832035363,-0.027142246602927945,0.0017302979543853238,0.014138411552112025,-0.011375884349217883,0.03953957451403097,-0.012334989157235153,-0.009086818466434048,-0.016765463986263433,0.017836250408978866,-0.0027063780633708166,-0.0060496271628466824,0.02797512108598855,-0.019210122686084484,-0.007308820975859874,0.010303066874921704,-0.023128397359601385,-0.004109701644161334,-0.009360000302222553,0.002276617154352784,0.011324037698918361,-0.019999569214632217,-0.01269526687645613,-0.015817710740399192,0.0058669771142152854,-0.012334989157235153,0.03608058344937334,0.01988559025234331,0.026725696443854155,-0.026331711416303284,0.0144680237846577,0.019371127458158638,-0.0008894064061064893,0.005822990869044371,0.0018319468849731454,-0.010643559824496378,0.007927041995020681,-0.012032048393715591,0.01766700931385018,0.005762064144968791,0.0031226402267223183,-0.019580437990035116,-0.0018713063178815803,-0.006574197345824787,0.015417003351677554,-0.009086818466434048,0.01988559025234331,0.04602917807969876,0.02861661440834693,-0.01689713404718614,0.0066177706689356346,-0.005699127942943787,0.002597223982774876,0.012984748442671138,-0.0014814007316065214,-0.001117819157393277,0.0002759788391724033,0.004567900476398623,-0.017733271004781496,0.0002572625330509114,-0.0012722429021264567,-0.020581831338735448,-0.008876200453860006,-0.019991259578891318,0.016325360896859258,-0.016765463986263433,0.026725696443854155,0.02861661440834693,0.08686259895151555,-0.03839914359873371,0.009107685177135904,-0.007685827821856141,-0.0038409723458216025,0.023296967918623998,0.010488681407558797,-0.02282040453683802,0.035346585518227835,0.0015745125499904197,-0.000159626728601927,0.01033344839773441,-0.008588416575750105,-0.046545424191696286,-0.03273358804376497,0.021812694323994557,0.004437515012351737,0.017836250408978866,-0.026331711416303284,-0.01689713404718614,-0.03839914359873371,0.07028437331657661,-0.01136133021559492,-0.026932254834662783,-0.003706148959292899,0.010885672497035623,-0.005925019238039631,0.019533864024700663,-0.026932501098058233,-0.006861144658500433,-0.019380214046335956,-0.012630128678853025,0.0005651394130955982,0.0163302328118385,0.012442017436786166,-0.0026500368979446277,-0.0037835435818152343,-0.0027063780633708166,0.0144680237846577,0.0066177706689356346,0.009107685177135904,-0.01136133021559492,0.03131362990909732,0.015942525760085514,0.011192453715491749,-0.011147072939478975,-0.015138900734628022,-0.016172002533471647,0.012549464979955755,0.0033225238118870758,0.019901723539283534,0.006837996097219133,-0.0014882028410958424,-0.023340519105336514,0.0007019186305221848,-0.0023423675596861617,-0.010753055428965489,-0.0060496271628466824,0.019371127458158638,-0.005699127942943787,-0.007685827821856141,-0.026932254834662783,0.015942525760085514,0.06238763823365879,0.014826049907572605,-0.028438899492795596,-0.015166344050746858,-0.010205819704496081,-0.000979656536003683,-0.011915634571506021,0.02828831220080518,0.01037737905780372,0.002999146972786096,-0.004996820232447001,0.014870203544865127,0.0190266780803846,-0.006275422705563326,0.02797512108598855,-0.0008894064061064893,0.002597223982774876,-0.0038409723458216025,-0.003706148959292899,0.011192453715491749,0.014826049907572605,0.06942140104581683,-0.030634580289618928,-0.026278791232379042,0.004688339284248227,-0.02083324054462571,-0.010362858206735256,-0.005571533945544481,0.010490884896618789,-0.005149530981901282,-0.0601030101637359,-0.007900456917218643,-0.006372555363270952,0.01777088448090452,-0.019210122686084484,0.005822990869044371,0.012984748442671138,0.023296967918623998,0.010885672497035623,-0.011147072939478975,-0.028438899492795596,-0.030634580289618928,0.052968255894933064,0.02081112195684101,0.0032554333835170045,0.011248727253432792,-0.0051120650789967075,-0.012413778885178271,-0.010822092312589775,-0.004724213619295276,0.006518438213478325,-0.007762537318642513,-0.014290360193705418,0.003852674138608351,-0.007308820975859874,0.0018319468849731454,-0.0014814007316065214,0.010488681407558797,-0.005925019238039631,-0.015138900734628022,-0.015166344050746858,-0.026278791232379042,0.02081112195684101,0.04426316994382752,0.005108290710360749,0.011506696894189157,-7.148217342014271e-5,-0.0013969366092782933,-0.00507107910344984,-0.0007614349711408748,0.018163725613701574,-0.005739554735694655,0.008703217244498653,-0.014644725115646944,0.010303066874921704,-0.010643559824496378,-0.001117819157393277,-0.02282040453683802,0.019533864024700663,-0.016172002533471647,-0.010205819704496081,0.004688339284248227,0.0032554333835170045,0.005108290710360749,0.05255248425251011,-0.02777902100668231,-0.011402194759658403,-0.020214297260552086,-0.004279361686076016,0.014157545203706287,0.029121440867750738,-0.0014119383340845475,-0.014717504078728797,0.0038592866270687276,-0.023128397359601385,0.007927041995020681,0.0002759788391724033,0.035346585518227835,-0.026932501098058233,0.012549464979955755,-0.000979656536003683,-0.02083324054462571,0.011248727253432792,0.011506696894189157,-0.02777902100668231,0.05742031341179048,0.012567741083250024,0.022636329884675416,0.011404162243560705,-0.014434455354269194,-0.014098246654771352,-0.006268278424917832,-0.006484551544434668,0.0050368098087345495,-0.004109701644161334,-0.012032048393715591,0.004567900476398623,0.0015745125499904197,-0.006861144658500433,0.0033225238118870758,-0.011915634571506021,-0.010362858206735256,-0.0051120650789967075,-7.148217342014271e-5,-0.011402194759658403,0.012567741083250024,0.0503234388381729,-0.011185912820634835,-0.006079413254893849,-0.008403963862434702,0.011522512105312613,0.0012174015947153632,-0.015460547519982576,-0.010835036345978648,-0.009360000302222553,0.01766700931385018,-0.017733271004781496,-0.000159626728601927,-0.019380214046335956,0.019901723539283534,0.02828831220080518,-0.005571533945544481,-0.012413778885178271,-0.0013969366092782933,-0.020214297260552086,0.022636329884675416,-0.011185912820634835,0.06111996010096349,0.009145321641486506,-0.0037045126928162,-0.004573119300312587,0.010567047237232315,0.0013641918617136625,-0.006124790478386195,0.002276617154352784,0.005762064144968791,0.0002572625330509114,0.01033344839773441,-0.012630128678853025,0.006837996097219133,0.01037737905780372,0.010490884896618789,-0.010822092312589775,-0.00507107910344984,-0.004279361686076016,0.011404162243560705,-0.006079413254893849,0.009145321641486506,0.02288118423258046,-0.0003262388187875963,-0.015177747208399407,-0.004470476532440688,-0.0025346765103964096,-0.010847475832035363,0.011324037698918361,0.0031226402267223183,-0.0012722429021264567,-0.008588416575750105,0.0005651394130955982,-0.0014882028410958424,0.002999146972786096,-0.005149530981901282,-0.004724213619295276,-0.0007614349711408748,0.014157545203706287,-0.014434455354269194,-0.008403963862434702,-0.0037045126928162,-0.0003262388187875963,0.022577075302939318,0.01597945017770935,-0.003081146602560628,-0.013558518829066923,-0.027142246602927945,-0.019999569214632217,-0.019580437990035116,-0.020581831338735448,-0.046545424191696286,0.0163302328118385,-0.023340519105336514,-0.004996820232447001,-0.0601030101637359,0.006518438213478325,0.018163725613701574,0.029121440867750738,-0.014098246654771352,0.011522512105312613,-0.004573119300312587,-0.015177747208399407,0.01597945017770935,0.13769985016379666,0.029858782097586876,0.006051183334030275,0.0017302979543853238,-0.01269526687645613,-0.0018713063178815803,-0.008876200453860006,-0.03273358804376497,0.012442017436786166,0.0007019186305221848,0.014870203544865127,-0.007900456917218643,-0.007762537318642513,-0.005739554735694655,-0.0014119383340845475,-0.006268278424917832,0.0012174015947153632,0.010567047237232315,-0.004470476532440688,-0.003081146602560628,0.029858782097586876,0.03933898918338228
0.03790247212318073,0.000544025731251481,0.0020860723265133515,-0.00014370910547178569,0.002408699608185577,-0.015781109333783242,0.010868277081956066,0.0022578979169822727,-0.0008745518322510595,-0.007213601946116961,-0.0013623320587194667,-0.009418302984044996,0.002042613576052649,-0.008830847668498742,-0.0018337230734706495,-0.016485012950312846,0.0032385277375371335,-0.0021564342535450613,0.012613179016511957,0.005400361424406594,0.000544025731251481,0.035306966067226046,0.002934497210023102,0.00545643057534765,0.00573987336033441,0.006501697986008522,0.0005961694529681395,-0.008297603380872699,-0.0022309174324381146,-0.008661702128742253,0.00249689033393466,0.011264661584778075,-0.005707054685369887,-0.007881384679988425,-0.005855847630831785,0.010711888183155327,-0.015674140128108065,6.897431345951111e-5,-0.008476012031733964,-0.002465733170287257,0.0020860723265133515,0.002934497210023102,0.029675606731231725,-0.0017794889961387625,0.0007250135321437004,-0.008062740963760445,0.0068143014284654056,-0.0032883800102147184,-0.011363065861562341,0.0020523019536638166,0.0018017976171382816,0.009502495168975559,-0.0016623867486045705,-0.006098003816756034,0.0021159622812650034,0.0032714863447497002,-0.00489876483734843,0.01523102961258329,0.00765995931093626,-0.0017597390937656384,-0.00014370910547178569,0.00545643057534765,-0.0017794889961387625,0.02080002034674639,0.0011575116684783445,0.0010115901669058847,-0.0014628168859975588,-1.6851348475101062e-5,0.0032232040178342067,-0.00653260170854799,-3.6970392058827725e-5,-0.003782476170081016,-0.000654874423523285,0.001055068022424349,-0.0036375068704369317,0.008102096265851856,-0.0046822205366432446,0.004527324248911951,-0.002693508997860556,0.00795677316631279,0.002408699608185577,0.00573987336033441,0.0007250135321437004,0.0011575116684783445,0.0124485426033738,0.005376473900257308,-0.0027995768852772177,-0.004476383704259493,0.0015259239350065897,-0.0007417195890566544,-0.000568273760578758,-0.0016784749893395629,-0.0011950352786093792,-0.0043897147913550824,0.0009290964718180575,0.0015893483886752955,-0.003788771722058456,-0.0024890981974941134,-0.0017060909467613804,0.0038814531366905794,-0.015781109333783242,0.006501697986008522,-0.008062740963760445,0.0010115901669058847,0.005376473900257308,0.042226131220917215,-0.02397298115708077,-0.0003812644896111867,0.008507527596064185,0.0064652653373446,-0.0055324882123163124,0.013406507087707104,-0.006590517443675049,0.012100880150931321,-0.006389281697566506,0.01368629649548176,0.0027431213923455886,-0.008586154672035745,-0.014372366520606597,-0.007943874054613942,0.010868277081956066,0.0005961694529681395,0.0068143014284654056,-0.0014628168859975588,-0.0027995768852772177,-0.02397298115708077,0.047406509229224784,-0.003144864986383693,-0.017049038912723816,-0.016250985118288656,0.02089797760906771,-0.02518570645501147,0.004866796998659752,-0.02698880259805531,0.004165526636171533,-0.016520350962329657,-0.013195220067895145,0.008168560610515933,0.024419076176488308,0.0048543980686003435,0.0022578979169822727,-0.008297603380872699,-0.0032883800102147184,-1.6851348475101062e-5,-0.004476383704259493,-0.0003812644896111867,-0.003144864986383693,0.02115540110522883,0.0027579612451665058,0.0010607248011559045,-0.0031440339976251124,-0.0053914487638692405,-0.00023217790109711546,0.011433388241118026,0.002842118404734452,0.0010022724956683764,0.008898315485714231,-0.0005828931391064085,-0.0023488331652684637,-0.006623444852405188,-0.0008745518322510595,-0.0022309174324381146,-0.011363065861562341,0.0032232040178342067,0.0015259239350065897,0.008507527596064185,-0.017049038912723816,0.0027579612451665058,0.03947577065470394,0.008548676661986316,-0.00903427466213819,0.0008164116053577686,0.0009002882025554396,0.009815036732146166,-0.0056596495747938645,0.004386851629660545,0.010232088253059428,-0.011843413085997918,-0.010888797450672748,-0.0029874651825037603,-0.007213601946116961,-0.008661702128742253,0.0020523019536638166,-0.00653260170854799,-0.0007417195890566544,0.0064652653373446,-0.016250985118288656,0.0010607248011559045,0.008548676661986316,0.03374927319800956,-0.01098459731770314,0.013528853434902045,0.005023428245923018,0.011048799125079658,-0.004491115733959905,0.004938471674526572,0.012334900780386772,-0.009627114960745975,-0.014243261806245255,5.2606429276922864e-5,-0.0013623320587194667,0.00249689033393466,0.0018017976171382816,-3.6970392058827725e-5,-0.000568273760578758,-0.0055324882123163124,0.02089797760906771,-0.0031440339976251124,-0.00903427466213819,-0.01098459731770314,0.02917346384391592,-0.018767534435843655,-0.00442732505243199,-0.016682601076208222,0.004769026970563931,-0.0034395537302854217,-0.009674375718562531,0.005784014575397532,0.011389064088370787,-0.001530778025868369,-0.009418302984044996,0.011264661584778075,0.009502495168975559,-0.003782476170081016,-0.0016784749893395629,0.013406507087707104,-0.02518570645501147,-0.0053914487638692405,0.0008164116053577686,0.013528853434902045,-0.018767534435843655,0.05963070492115634,0.0019545883106264054,0.01969008115607033,-0.007209019894912585,0.009903517285424705,0.0029515457309666187,-0.0068256454118343045,-0.01770253815212631,-0.008835766255371042,0.002042613576052649,-0.005707054685369887,-0.0016623867486045705,-0.000654874423523285,-0.0011950352786093792,-0.006590517443675049,0.004866796998659752,-0.00023217790109711546,0.0009002882025554396,0.005023428245923018,-0.00442732505243199,0.0019545883106264054,0.020548021013238035,-0.004444237887642225,-0.0015113396220027494,-0.008237812288896664,0.0015603368076860346,0.0006955114609759846,0.007375140088656714,0.0012332002651915153,-0.008830847668498742,-0.007881384679988425,-0.006098003816756034,0.001055068022424349,-0.0043897147913550824,0.012100880150931321,-0.02698880259805531,0.011433388241118026,0.009815036732146166,0.011048799125079658,-0.016682601076208222,0.01969008115607033,-0.004444237887642225,0.0628420809619322,-0.00638046263120424,0.016422870004136822,0.023379361773515003,-0.0122542074746952,-0.029415987534183292,-0.011420767556465431,-0.0018337230734706495,-0.005855847630831785,0.0021159622812650034,-0.0036375068704369317,0.0009290964718180575,-0.006389281697566506,0.004165526636171533,0.002842118404734452,-0.0056596495747938645,-0.004491115733959905,0.004769026970563931,-0.007209019894912585,-0.0015113396220027494,-0.00638046263120424,0.02762066799837897,-0.005138568535857972,-0.0010923071219557168,-0.0018182859274353802,0.0053961433747086555,0.001965227898317179,-0.016485012950312846,0.010711888183155327,0.0032714863447497002,0.008102096265851856,0.0015893483886752955,0.01368629649548176,-0.016520350962329657,0.0010022724956683764,0.004386851629660545,0.004938471674526572,-0.0034395537302854217,0.009903517285424705,-0.008237812288896664,0.016422870004136822,-0.005138568535857972,0.03187435606878328,-0.005720847155637912,-0.001780005591209007,-0.024106696643597512,-0.0011051249087002508,0.0032385277375371335,-0.015674140128108065,-0.00489876483734843,-0.0046822205366432446,-0.003788771722058456,0.0027431213923455886,-0.013195220067895145,0.008898315485714231,0.010232088253059428,0.012334900780386772,-0.009674375718562531,0.0029515457309666187,0.0015603368076860346,0.023379361773515003,-0.0010923071219557168,-0.005720847155637912,0.03343958023819037,-0.008627179240047099,-0.004214639980008264,-0.007423085476513427,-0.0021564342535450613,6.897431345951111e-5,0.01523102961258329,0.004527324248911951,-0.0024890981974941134,-0.008586154672035745,0.008168560610515933,-0.0005828931391064085,-0.011843413085997918,-0.009627114960745975,0.005784014575397532,-0.0068256454118343045,0.0006955114609759846,-0.0122542074746952,-0.0018182859274353802,-0.001780005591209007,-0.008627179240047099,0.029022291840061352,0.015507778568408879,0.009318110367871203,0.012613179016511957,-0.008476012031733964,0.00765995931093626,-0.002693508997860556,-0.0017060909467613804,-0.014372366520606597,0.024419076176488308,-0.0023488331652684637,-0.010888797450672748,-0.014243261806245255,0.011389064088370787,-0.01770253815212631,0.007375140088656714,-0.029415987534183292,0.0053961433747086555,-0.024106696643597512,-0.004214639980008264,0.015507778568408879,0.05035085476341405,0.010055251588240974,0.005400361424406594,-0.002465733170287257,-0.0017597390937656384,0.00795677316631279,0.0038814531366905794,-0.007943874054613942,0.0048543980686003435,-0.006623444852405188,-0.0029874651825037603,5.2606429276922864e-5,-0.001530778025868369,-0.008835766255371042,0.0012332002651915153,-0.011420767556465431,0.001965227898317179,-0.0011051249087002508,-0.007423085476513427,0.009318110367871203,0.010055251588240974,0.03145413910405857
0.0702283541953477,-0.01087175352261157,0.03362237611839139,-0.013215005100814439,-0.0008989484677043461,-0.0004727260671852344,-0.0024609897693626316,-0.029068362867598115,0.0007002965634834348,0.0297408381009007,0.026700544174478324,0.007976436944333958,0.009320177444980923,0.002097903335650005,-0.04473023661096743,0.009917595581266887,-0.010528963873394501,-0.003575418569924189,-0.02204087068902684,-0.03816613314393167,-0.01087175352261157,0.02751746773397493,-0.004990209066854578,-0.014298967993846598,-0.003233003150991605,0.0010468909556313154,0.002002739182983731,0.005022794974235553,-0.004738393223428257,-0.001320170864530102,-0.012746435616740492,-0.0163995834144261,0.0038601110303517353,0.00919301899480982,0.021764511244677986,0.004353820507699013,-0.00040055970508980955,-0.0007615793867032808,-0.0020342803422353974,0.010995391303655684,0.03362237611839139,-0.004990209066854578,0.0664119737526728,-0.0027456502559517195,0.011883696672325715,0.0037077357234175856,-0.001436882114543652,-0.012996764236870307,-0.013948952574553863,0.028573441898927007,0.02352020595018982,0.01515271023389027,-0.002990390696952432,-0.018125041013536264,-0.03948898887087708,-0.012345994236432501,-0.00911399758595114,0.008921506935502147,-0.016555948171664336,-0.03114158741732023,-0.013215005100814439,-0.014298967993846598,-0.0027456502559517195,0.03866639739357618,0.0027267825629298465,-0.002919062598802021,-0.00904240285141119,0.012592518683838393,0.00424172016065618,-0.019473905378424333,0.00034087028942617867,0.010715261475373005,-0.005130494100085108,-0.014075616798074921,-0.003343184400274375,-0.007404920713667859,0.010223615060949334,0.001635222443286741,-0.00046612894800975306,0.006182144130838963,-0.0008989484677043461,-0.003233003150991605,0.011883696672325715,0.0027267825629298465,0.020979816317855428,0.002164095928736263,-2.807061817791201e-5,-0.001578227127615201,-0.0007788351926418667,0.0043531003877126,0.0028457541134941852,0.005761997880621454,-0.00718959985025319,-0.00859002301537488,-0.014316678801407027,-0.002871366324562143,0.009036241262049542,0.006234190086965094,-0.005054768545404189,-0.004886333552436556,-0.0004727260671852344,0.0010468909556313154,0.0037077357234175856,-0.002919062598802021,0.002164095928736263,0.026599580086533157,0.006464973684789776,0.003423023109153562,0.008024596047356804,0.006202134433763422,-0.003905198507612502,-0.010746588839943784,-0.010941548074759434,0.0032540069649383044,-0.0018922342236812495,-0.01051910476007301,0.009023268665099438,0.008525229250892583,0.001085121165364784,-0.012121241583200082,-0.0024609897693626316,0.002002739182983731,-0.001436882114543652,-0.00904240285141119,-2.807061817791201e-5,0.006464973684789776,0.03309892631881057,-0.002935304858482711,0.007440522376464991,0.015749145876846546,-0.003490224285420949,-0.008562774594068977,-0.007753540902007645,0.0034037104847762616,0.002271371144645414,-0.012914356893241646,0.00813736311437384,0.0052035455846520424,0.004011915282037492,-0.010559414863295532,-0.029068362867598115,0.005022794974235553,-0.012996764236870307,0.012592518683838393,-0.001578227127615201,0.003423023109153562,-0.002935304858482711,0.042696867229082024,0.0012696497723062394,-0.022896232873227368,-0.00571384685795937,0.005732689920540697,-4.4741837301981923e-5,-0.007846270323253518,0.016869650671695754,-0.0171367529845282,0.0033087745857015107,0.005664841755415791,0.004203154880982426,0.00834476399209498,0.0007002965634834348,-0.004738393223428257,-0.013948952574553863,0.00424172016065618,-0.0007788351926418667,0.008024596047356804,0.007440522376464991,0.0012696497723062394,0.026263724288217112,0.0011890573145147626,-0.006647010894513408,-0.001992353946472833,-0.006570945166542871,0.004458636636406248,-0.003231368060707415,-0.0012980490820583628,0.0072782170679126495,0.004454583689610719,0.0011894598533763602,-0.005369896737226264,0.0297408381009007,-0.001320170864530102,0.028573441898927007,-0.019473905378424333,0.0043531003877126,0.006202134433763422,0.015749145876846546,-0.022896232873227368,0.0011890573145147626,0.05304235852802888,0.013073211402476404,-0.000580856275892306,-0.002077858699017189,0.007016840275800887,-0.02922087131040212,-0.010439088647284576,-0.003599449305748595,0.008178528230497393,-0.013843085189874699,-0.03415822378596972,0.026700544174478324,-0.012746435616740492,0.02352020595018982,0.00034087028942617867,0.0028457541134941852,-0.003905198507612502,-0.003490224285420949,-0.00571384685795937,-0.006647010894513408,0.013073211402476404,0.048623068950560684,0.029037803368854018,0.0018641931712820633,-0.017903670063351543,-0.03294149690528694,-0.008045308518612822,-0.00945769320107027,0.0064756862798262885,-0.01819245861910479,-0.025050717333285247,0.007976436944333958,-0.0163995834144261,0.01515271023389027,0.010715261475373005,0.005761997880621454,-0.010746588839943784,-0.008562774594068977,0.005732689920540697,-0.001992353946472833,-0.000580856275892306,0.029037803368854018,0.0434010110653017,0.005253682409656688,-0.019135104250839217,-0.027126628586237052,-0.005930309301080386,-0.007004581768707652,0.0034547930092704354,-0.017845786809249763,-0.014362356894377194,0.009320177444980923,0.0038601110303517353,-0.002990390696952432,-0.005130494100085108,-0.00718959985025319,-0.010941548074759434,-0.007753540902007645,-4.4741837301981923e-5,-0.006570945166542871,-0.002077858699017189,0.0018641931712820633,0.005253682409656688,0.035251383179460624,0.00328316539475111,-0.0016288215476302967,0.01070116994702811,-0.01594630784752283,-0.006814737678765911,0.003309578892080104,0.004066032938337055,0.002097903335650005,0.00919301899480982,-0.018125041013536264,-0.014075616798074921,-0.00859002301537488,0.0032540069649383044,0.0034037104847762616,-0.007846270323253518,0.004458636636406248,0.007016840275800887,-0.017903670063351543,-0.019135104250839217,0.00328316539475111,0.03486577409678489,0.019039300663081786,0.00822597477454119,-0.0032849845344280187,-0.010466753234918946,0.011209413672497724,0.006911541160726953,-0.04473023661096743,0.021764511244677986,-0.03948898887087708,-0.003343184400274375,-0.014316678801407027,-0.0018922342236812495,0.002271371144645414,0.016869650671695754,-0.003231368060707415,-0.02922087131040212,-0.03294149690528694,-0.027126628586237052,-0.0016288215476302967,0.019039300663081786,0.07607602339805436,0.009408394183650918,0.0002505962467380721,-0.007780976839135438,0.025054463899415253,0.04488444896007285,0.009917595581266887,0.004353820507699013,-0.012345994236432501,-0.007404920713667859,-0.002871366324562143,-0.01051910476007301,-0.012914356893241646,-0.0171367529845282,-0.0012980490820583628,-0.010439088647284576,-0.008045308518612822,-0.005930309301080386,0.01070116994702811,0.00822597477454119,0.009408394183650918,0.04787120016599977,-0.004238365729655622,-0.013977918800870574,-0.0033206335971424773,0.017748533187985735,-0.010528963873394501,-0.00040055970508980955,-0.00911399758595114,0.010223615060949334,0.009036241262049542,0.009023268665099438,0.00813736311437384,0.0033087745857015107,0.0072782170679126495,-0.003599449305748595,-0.00945769320107027,-0.007004581768707652,-0.01594630784752283,-0.0032849845344280187,0.0002505962467380721,-0.004238365729655622,0.02639225766615871,0.0024548208010039202,0.0006245555897319932,0.0023775440341796752,-0.003575418569924189,-0.0007615793867032808,0.008921506935502147,0.001635222443286741,0.006234190086965094,0.008525229250892583,0.0052035455846520424,0.005664841755415791,0.004454583689610719,0.008178528230497393,0.0064756862798262885,0.0034547930092704354,-0.006814737678765911,-0.010466753234918946,-0.007780976839135438,-0.013977918800870574,0.0024548208010039202,0.03084584001329909,-0.009318408211902747,-0.011794853271972312,-0.02204087068902684,-0.0020342803422353974,-0.016555948171664336,-0.00046612894800975306,-0.005054768545404189,0.001085121165364784,0.004011915282037492,0.004203154880982426,0.0011894598533763602,-0.013843085189874699,-0.01819245861910479,-0.017845786809249763,0.003309578892080104,0.011209413672497724,0.025054463899415253,-0.0033206335971424773,0.0006245555897319932,-0.009318408211902747,0.0410990567587597,0.018591501591798273,-0.03816613314393167,0.010995391303655684,-0.03114158741732023,0.006182144130838963,-0.004886333552436556,-0.012121241583200082,-0.010559414863295532,0.00834476399209498,-0.005369896737226264,-0.03415822378596972,-0.025050717333285247,-0.014362356894377194,0.004066032938337055,0.006911541160726953,0.04488444896007285,0.017748533187985735,0.0023775440341796752,-0.011794853271972312,0.018591501591798273,0.05587631780147703
