0.03983810549691135,0.027000288756392793,0.03972345617445924,0.030412548535462505,0.020081996984726527,-0.0002033864868005575,0.01594759200660633,0.018439067019757276,0.020490220542435843,0.041259407236007725,0.019400703523763684,0.031929331711224626,0.027748167342427896,0.02505334074323638,0.014127407772335608,0.013520094592654065,0.023188750230182825,0.0022981540619730167,0.01441930086567527,0.007169803177716337,0.027000288756392793,0.04160309477646859,0.045469514702304106,0.029827973851640203,0.0245141956867566,-0.0019688680694780704,0.020533469386795462,0.018727772405322973,0.01615225100309811,0.04103032245644237,0.0156544319271681,0.027068204364543547,0.027801679522478348,0.027348250386118482,0.009766337675155865,0.01800745778849431,0.028960537204167087,0.002228016592803179,0.016686608839594524,0.006214692993900954,0.03972345617445924,0.045469514702304106,0.09489492395642232,0.045583610109617256,0.036001260128810664,-0.013061087790805231,0.04307391745683892,0.010747468290006171,0.0068044729626239595,0.06276030093810148,0.018590793714851377,0.04108631996944914,0.04909691738272228,0.036299224276493,0.022513700719322353,0.025809318751387894,0.06269404651824531,-0.012659727946005173,0.020361878296656418,-0.01172698931341759,0.030412548535462505,0.029827973851640203,0.045583610109617256,0.0715350051143275,0.025170113275106307,-0.014190780763912725,0.014897027847223314,0.008272172743897525,0.04278529025485542,0.047334046366210386,0.01787078901152902,0.046740976255486746,0.03227877067081007,0.037484980954294325,0.01595541939158187,0.009812264544440383,0.02715160868953951,-4.724886142689031e-5,0.01789164617586131,0.012934518690207588,0.020081996984726527,0.0245141956867566,0.036001260128810664,0.025170113275106307,0.029896377370781005,-0.004483696246229922,0.010836195858253874,0.011767128595807402,0.012117210035597634,0.03422204012005578,0.010699400216638889,0.02390430632918994,0.019531791870796893,0.016848505570309404,0.007127383792649416,0.01102599215066595,0.020326018205719443,-0.001147142199610806,0.011769959156400101,0.002761039049200356,-0.0002033864868005575,-0.0019688680694780704,-0.013061087790805231,-0.014190780763912725,-0.004483696246229922,0.0360392988595806,-0.021703842970967252,0.02166574607174766,0.01174532917560878,-0.0011398893828561442,-0.0053637698709212735,-0.003897759464782056,-0.009813596405510711,-0.0006457200536191631,-0.014749888326631301,-0.003607467954831708,-0.03013716338067879,0.00910014773560486,-0.0041106147351628475,0.02141218169467194,0.01594759200660633,0.020533469386795462,0.04307391745683892,0.014897027847223314,0.010836195858253874,-0.021703842970967252,0.06605686240188968,-0.0069477308822642,-0.011940817514456158,0.02783916572952167,0.02118866738491941,0.021213579485828554,0.0363150059300307,0.011388022584741577,0.01491664954206225,0.013145634422011733,0.05806238763434422,-0.012409425455832275,0.013821589681024652,-0.011682618923226328,0.018439067019757276,0.018727772405322973,0.010747468290006171,0.008272172743897525,0.011767128595807402,0.02166574607174766,-0.0069477308822642,0.04494103400018056,0.02648866008819241,0.023130996328727692,0.008692427209769898,0.010330631928898156,0.010772638230340505,0.015271310797570322,0.0005219536575992291,0.009368928514372559,-0.00863020019573988,0.018210018069468786,0.008099874037424033,0.024518765637154168,0.020490220542435843,0.01615225100309811,0.0068044729626239595,0.04278529025485542,0.012117210035597634,0.01174532917560878,-0.011940817514456158,0.02648866008819241,0.07069459164892568,0.026231357734391045,0.011386159849662972,0.029105929327277916,0.015468606276000357,0.030764516255251395,0.001927825531067026,0.004701189634610425,-0.011194183432725503,0.02197904347759251,0.00925785299951353,0.035213617517923915,0.041259407236007725,0.04103032245644237,0.06276030093810148,0.047334046366210386,0.03422204012005578,-0.0011398893828561442,0.02783916572952167,0.023130996328727692,0.026231357734391045,0.07106915560867844,0.022016149506297104,0.04174068581140249,0.044240021133630444,0.03393386797419939,0.01747017668312616,0.020875830279624225,0.040315406188975195,0.003819580403838601,0.023358443355607772,0.008779342070598177,0.019400703523763684,0.0156544319271681,0.018590793714851377,0.01787078901152902,0.010699400216638889,-0.0053637698709212735,0.02118866738491941,0.008692427209769898,0.011386159849662972,0.022016149506297104,0.034274851124470596,0.020971984149497185,0.02309655663751999,0.0115045827932608,0.012631874030565891,0.007776298521587085,0.023482878640539637,0.006976151631192707,0.011516082495434999,0.006156357067242095,0.031929331711224626,0.027068204364543547,0.04108631996944914,0.046740976255486746,0.02390430632918994,-0.003897759464782056,0.021213579485828554,0.010330631928898156,0.029105929327277916,0.04174068581140249,0.020971984149497185,0.05734190073813421,0.028989786783295966,0.03111454188258376,0.013036652386284162,0.01120494578982004,0.027569434990955436,-0.0020611608392174055,0.01697916576407496,0.013986968764960299,0.027748167342427896,0.027801679522478348,0.04909691738272228,0.03227877067081007,0.019531791870796893,-0.009813596405510711,0.0363150059300307,0.010772638230340505,0.015468606276000357,0.044240021133630444,0.02309655663751999,0.028989786783295966,0.05054912331914558,0.024326390617046847,0.016545911751194697,0.016961976606520365,0.043947069466270194,0.0007301743906086608,0.016231062733335917,0.001189416403894469,0.02505334074323638,0.027348250386118482,0.036299224276493,0.037484980954294325,0.016848505570309404,-0.0006457200536191631,0.011388022584741577,0.015271310797570322,0.030764516255251395,0.03393386797419939,0.0115045827932608,0.03111454188258376,0.024326390617046847,0.04198531583082736,0.008093863092014032,0.012039384380647503,0.01684476589917172,0.0016327686622190328,0.012424055043134069,0.012575442837480136,0.014127407772335608,0.009766337675155865,0.022513700719322353,0.01595541939158187,0.007127383792649416,-0.014749888326631301,0.01491664954206225,0.0005219536575992291,0.001927825531067026,0.01747017668312616,0.012631874030565891,0.013036652386284162,0.016545911751194697,0.008093863092014032,0.02341929364980505,0.005120538537619386,0.0205480887612964,-0.0031616414036892662,0.008887766021176255,-0.006838967299831491,0.013520094592654065,0.01800745778849431,0.025809318751387894,0.009812264544440383,0.01102599215066595,-0.003607467954831708,0.013145634422011733,0.009368928514372559,0.004701189634610425,0.020875830279624225,0.007776298521587085,0.01120494578982004,0.016961976606520365,0.012039384380647503,0.005120538537619386,0.02219451293641574,0.01970791114409781,-0.001945047857393042,0.008821974498699472,-0.0004526958809460427,0.023188750230182825,0.028960537204167087,0.06269404651824531,0.02715160868953951,0.020326018205719443,-0.03013716338067879,0.05806238763434422,-0.00863020019573988,-0.011194183432725503,0.040315406188975195,0.023482878640539637,0.027569434990955436,0.043947069466270194,0.01684476589917172,0.0205480887612964,0.01970791114409781,0.08166422148372847,-0.01738255511080064,0.018479501905222222,-0.023411310471122562,0.0022981540619730167,0.002228016592803179,-0.012659727946005173,-4.724886142689031e-5,-0.001147142199610806,0.00910014773560486,-0.012409425455832275,0.018210018069468786,0.02197904347759251,0.003819580403838601,0.006976151631192707,-0.0020611608392174055,0.0007301743906086608,0.0016327686622190328,-0.0031616414036892662,-0.001945047857393042,-0.01738255511080064,0.02833614599817524,-2.3285737845206955e-5,0.01995582375655839,0.01441930086567527,0.016686608839594524,0.020361878296656418,0.01789164617586131,0.011769959156400101,-0.0041106147351628475,0.013821589681024652,0.008099874037424033,0.00925785299951353,0.023358443355607772,0.011516082495434999,0.01697916576407496,0.016231062733335917,0.012424055043134069,0.008887766021176255,0.008821974498699472,0.018479501905222222,-2.3285737845206955e-5,0.019909650303570895,0.00497561337005333,0.007169803177716337,0.006214692993900954,-0.01172698931341759,0.012934518690207588,0.002761039049200356,0.02141218169467194,-0.011682618923226328,0.024518765637154168,0.035213617517923915,0.008779342070598177,0.006156357067242095,0.013986968764960299,0.001189416403894469,0.012575442837480136,-0.006838967299831491,-0.0004526958809460427,-0.023411310471122562,0.01995582375655839,0.00497561337005333,0.04602020782564443
0.022899870484728902,0.004729574453841301,0.00497378629699061,0.011082693759516007,0.005504905491750499,0.007257779080463599,0.004214204234226061,0.010964462025757493,0.010135908070228468,0.004832699727043562,0.008914494505678324,0.0030717932922030107,0.003788051869725066,0.011340584505138949,0.013328451515169974,0.007779756895042678,0.005268071855093924,0.012158449299846323,-0.00037554017346848724,0.010083698231715362,0.004729574453841301,0.047866526746610544,-0.00043550153970644753,0.010984312641934535,-0.00764050674248037,0.013029742871739674,-0.00279364715229929,-0.0014848248488880326,0.0027994044334352436,0.007022989802725563,0.003897502211715811,-6.0357935928883234e-5,0.012620602780258883,0.02008531772444213,0.02413900598520797,-0.002088092888291298,0.011702279738714141,0.010436429412866315,-0.0014045248648507321,0.007148585631782238,0.00497378629699061,-0.00043550153970644753,0.018834523502856595,0.006644844310437649,0.0056012140686233485,0.011148431251813848,-0.000421577091884188,0.007388914061820311,0.010256372889028937,0.00035954024333764744,0.013683793856175363,0.008265685354134529,0.004395215455345749,0.008241144733254128,0.002410640893608477,0.010406367061934993,-0.0021052896520024574,0.009301905630809713,0.002200112159031191,0.006724731766410296,0.011082693759516007,0.010984312641934535,0.006644844310437649,0.02518874185196235,0.01000949663033619,0.005411306726073232,0.002033121866123082,0.010175122637942133,0.010605222816386688,0.006703211452827337,0.007159911236729106,0.009938382610545554,0.0036860927464004963,0.015848345100070695,0.011903867328503613,0.009445244357656913,0.00608437368396238,0.013280982287987308,0.008203904070692838,0.008614361063733741,0.005504905491750499,-0.00764050674248037,0.0056012140686233485,0.01000949663033619,0.031061247622220622,-0.0020465225059312633,0.0013566521010959758,0.008898255868416525,0.019372218521995367,-0.000938226129257425,0.0007880186808909668,0.001221022113288304,0.003220978144464187,0.004013976620481498,0.0025775009944328216,0.011533107518559405,0.0004326012261646877,0.005170278474567268,0.01173232064263296,0.01376543218949384,0.007257779080463599,0.013029742871739674,0.011148431251813848,0.005411306726073232,-0.0020465225059312633,0.03864030005823484,-0.005453939355674939,0.007884105613669578,0.00870592231511615,0.009971281936086682,0.01484581805897741,0.010749161584692673,0.013581590125643687,0.02109793225185453,0.015512096801461914,0.012031265501039773,0.0016620361184308296,0.013007046259874385,0.00556149147955037,0.01853218469464298,0.004214204234226061,-0.00279364715229929,-0.000421577091884188,0.002033121866123082,0.0013566521010959758,-0.005453939355674939,0.03342785319573113,-0.0017021564611712243,0.00036842483807618246,-0.00024130545913161967,0.004817981594987033,0.001733810486369323,0.004273387314264162,0.00822236709295492,-0.001556437559840376,-0.0003957735554023293,0.011989732087651323,-0.001492313173375513,0.0025532458357125825,0.006024473074445456,0.010964462025757493,-0.0014848248488880326,0.007388914061820311,0.010175122637942133,0.008898255868416525,0.007884105613669578,-0.0017021564611712243,0.03636487385108438,0.015322779733142744,0.005736324496414953,0.007064874787377266,0.010407567376568094,0.004331024312348239,0.013365319184225658,0.01031111768137383,0.009483751730856398,0.0012666616579495998,0.012833677678717587,0.0008859203781480538,0.018741487890106063,0.010135908070228468,0.0027994044334352436,0.010256372889028937,0.010605222816386688,0.019372218521995367,0.00870592231511615,0.00036842483807618246,0.015322779733142744,0.04491373731676345,-0.0023471628214471137,0.010073395567118063,0.005429910043527299,0.010522689001459836,0.010908511462728651,0.014363263196614092,0.016627598057704286,0.006975890843504954,0.01365996101415255,0.0164371087773477,0.024853386349080263,0.004832699727043562,0.007022989802725563,0.00035954024333764744,0.006703211452827337,-0.000938226129257425,0.009971281936086682,-0.00024130545913161967,0.005736324496414953,-0.0023471628214471137,0.016414044583395095,0.0049413798548188816,0.0046271067092767595,0.005678984265437757,0.015958692778510072,0.011326135212520752,0.004489240706543439,0.0001241630350107656,0.005264266121857144,0.000815659489709597,0.0071480481128294825,0.008914494505678324,0.003897502211715811,0.013683793856175363,0.007159911236729106,0.0007880186808909668,0.01484581805897741,0.004817981594987033,0.007064874787377266,0.010073395567118063,0.0049413798548188816,0.034532050931272026,0.012387576217524125,0.0069499762976064534,0.015259063330583507,0.006962958774550115,0.012303170484007997,0.006135431744271594,0.01183969137212848,0.00020399556581975612,0.0013497402506108711,0.0030717932922030107,-6.0357935928883234e-5,0.008265685354134529,0.009938382610545554,0.001221022113288304,0.010749161584692673,0.001733810486369323,0.010407567376568094,0.005429910043527299,0.0046271067092767595,0.012387576217524125,0.029763082939546666,0.0012406792204781305,0.02221369521851918,0.0017660647720069349,0.013138804405962792,0.0011150706117791782,0.009458118231871562,0.0031588071534222537,0.012210382591626103,0.003788051869725066,0.012620602780258883,0.004395215455345749,0.0036860927464004963,0.003220978144464187,0.013581590125643687,0.004273387314264162,0.004331024312348239,0.010522689001459836,0.005678984265437757,0.0069499762976064534,0.0012406792204781305,0.019416543726448434,0.012590561325879296,0.011941065565701056,0.0036855539465621935,0.008537814623439662,0.006284842195456193,0.004254437808374813,0.014411393227370048,0.011340584505138949,0.02008531772444213,0.008241144733254128,0.015848345100070695,0.004013976620481498,0.02109793225185453,0.00822236709295492,0.013365319184225658,0.010908511462728651,0.015958692778510072,0.015259063330583507,0.02221369521851918,0.012590561325879296,0.05450969915898696,0.021925790823301015,0.016379012238168227,0.016068801311911227,0.012169208016725584,0.012366769921569761,0.026945575437374858,0.013328451515169974,0.02413900598520797,0.002410640893608477,0.011903867328503613,0.0025775009944328216,0.015512096801461914,-0.001556437559840376,0.01031111768137383,0.014363263196614092,0.011326135212520752,0.006962958774550115,0.0017660647720069349,0.011941065565701056,0.021925790823301015,0.03977017472541721,0.004138455161909678,0.00994360411671329,0.008560535862768207,0.0015526391266729475,0.018212711969109313,0.007779756895042678,-0.002088092888291298,0.010406367061934993,0.009445244357656913,0.011533107518559405,0.012031265501039773,-0.0003957735554023293,0.009483751730856398,0.016627598057704286,0.004489240706543439,0.012303170484007997,0.013138804405962792,0.0036855539465621935,0.016379012238168227,0.004138455161909678,0.03138514208167228,0.0013562497798529668,0.016508139370175395,0.01324409130526864,0.013032830521492008,0.005268071855093924,0.011702279738714141,-0.0021052896520024574,0.00608437368396238,0.0004326012261646877,0.0016620361184308296,0.011989732087651323,0.0012666616579495998,0.006975890843504954,0.0001241630350107656,0.006135431744271594,0.0011150706117791782,0.008537814623439662,0.016068801311911227,0.00994360411671329,0.0013562497798529668,0.023372195913757072,0.0029599597217259245,-0.004102105842802167,0.00974655297910528,0.012158449299846323,0.010436429412866315,0.009301905630809713,0.013280982287987308,0.005170278474567268,0.013007046259874385,-0.001492313173375513,0.012833677678717587,0.01365996101415255,0.005264266121857144,0.01183969137212848,0.009458118231871562,0.006284842195456193,0.012169208016725584,0.008560535862768207,0.016508139370175395,0.0029599597217259245,0.03686750669725879,0.007245185231764654,0.012962942349401879,-0.00037554017346848724,-0.0014045248648507321,0.002200112159031191,0.008203904070692838,0.01173232064263296,0.00556149147955037,0.0025532458357125825,0.0008859203781480538,0.0164371087773477,0.000815659489709597,0.00020399556581975612,0.0031588071534222537,0.004254437808374813,0.012366769921569761,0.0015526391266729475,0.01324409130526864,-0.004102105842802167,0.007245185231764654,0.033570013925985055,0.01334625619861129,0.010083698231715362,0.007148585631782238,0.006724731766410296,0.008614361063733741,0.01376543218949384,0.01853218469464298,0.006024473074445456,0.018741487890106063,0.024853386349080263,0.0071480481128294825,0.0013497402506108711,0.012210382591626103,0.014411393227370048,0.026945575437374858,0.018212711969109313,0.013032830521492008,0.00974655297910528,0.012962942349401879,0.01334625619861129,0.04690776335552679
