0.0005323322476705699,7.127593557333713e-5,4.61288187750457e-5,-6.217933122669168e-5,7.480839648128562e-6,5.679265550483205e-5,1.271184295925364e-5,0.00020398436021971638,7.601729789453718e-5,-4.538317502638589e-6,-0.00011493987402823414,-0.00014797528820569602,-7.446522169823354e-5,-0.00028281401426921715,2.182727132861196e-5,-0.0001285048763111589,-3.243042198047649e-6,2.2008597474375774e-5,8.882408912155187e-5,-5.5140449459124606e-5,7.127593557333713e-5,0.0004341435033314733,-0.00016711350427382412,-6.97343460503099e-5,-8.75096851254697e-5,2.388449618136902e-5,-0.00021434281685190831,0.0002149606770248362,2.6051343640589795e-5,6.912386365984452e-5,0.0001544069530134615,-9.368916816779108e-5,0.0001588128859616524,1.6728676406341297e-5,-8.989844454986387e-5,-0.00011608791673177556,-0.00011505898403824452,-9.275719174109148e-5,0.00011858123316539955,0.00012081775680055371,4.61288187750457e-5,-0.00016711350427382412,0.0005468489501029589,0.0002829634048890407,0.0001221628932017375,5.837477652642958e-5,0.00034032768940613317,-0.0001288892960437139,0.00013900035861651392,-0.0003715427178643274,-0.0003224189889104133,-0.0002652857361228196,-0.0002308341786484364,-0.00012393796803971004,0.00011618797184423427,-4.795201512539806e-5,4.445370076263582e-5,0.0002848480291518261,0.00020180542133362136,-0.00038364660781832667,-6.217933122669168e-5,-6.97343460503099e-5,0.0002829634048890407,0.0007933682834969889,-0.0002997273578163357,0.00032736959855788673,0.00036530567327884144,-0.0002000166687867152,0.00010570925831796904,-0.0006465666701462188,-0.00038306489202648216,-0.000517274640151338,-0.00016141578539112712,-0.00013427150408177067,0.00016658222226575043,-0.00015292486748545847,-0.00014612052242169988,0.0002219357604688303,0.0003139546048698921,-0.0004034060377179531,7.480839648128562e-6,-8.75096851254697e-5,0.0001221628932017375,-0.0002997273578163357,0.000604216724789382,-0.0003577475000573313,9.489167083387208e-5,4.6337961442748874e-5,2.2371725836381355e-5,0.00022109675097204803,0.00013235499769533553,0.00024457234912352455,-7.716889497250364e-5,0.00012814496544105616,-4.58671666066221e-5,3.48540313793508e-5,0.0002858146429719191,4.6716989830423665e-5,-2.7558343782859625e-5,0.00015577618083640455,5.679265550483205e-5,2.388449618136902e-5,5.837477652642958e-5,0.00032736959855788673,-0.0003577475000573313,0.0005077896195843641,-2.2847459150653272e-5,-0.00014907901243015924,-9.720540869296071e-5,-0.00018890331599659882,-0.00011923877797022249,-0.0002237798754513084,6.606471220692344e-5,-0.0001737953164772003,3.17330509107678e-5,-1.9984051813624826e-5,-0.00015044703903965698,0.00010303955150008597,0.00019524549287703436,-0.00023030834984072863,1.271184295925364e-5,-0.00021434281685190831,0.00034032768940613317,0.00036530567327884144,9.489167083387208e-5,-2.2847459150653272e-5,0.0005748184606907578,-0.00012465641825544244,0.00021048489868364788,-0.00044237015676638637,-0.00037784787176072,-0.00032930854823933625,-0.0003991595526086345,-0.00011536366318641357,0.0002406964689952538,-5.407860136086438e-5,7.33129549657591e-5,0.00016255906153581182,0.0001310602437557987,-0.00028576417521328787,0.00020398436021971638,0.0002149606770248362,-0.0001288892960437139,-0.0002000166687867152,4.6337961442748874e-5,-0.00014907901243015924,-0.00012465641825544244,0.0005602426068157378,0.00020294875370935165,9.772324449132448e-5,8.675852171474333e-5,3.7725058407907324e-5,0.00015716659468913358,1.011674205673511e-6,-0.000129697114686542,-8.235544376696674e-5,-3.9229718322672984e-5,-0.000220835632500457,-1.0847687358569218e-5,0.0002744668567522437,7.601729789453718e-5,2.6051343640589795e-5,0.00013900035861651392,0.00010570925831796904,2.2371725836381355e-5,-9.720540869296071e-5,0.00021048489868364788,0.00020294875370935165,0.0006153536308544257,-0.00028547825832796794,-0.00022411624979726193,-0.00021827878570980264,-0.0002434927734652747,-6.755329279424326e-5,0.00017608451181083326,-0.00015405639876848356,-0.00015221770289419276,-0.00022223606662506327,0.00010422770533390153,-6.446922672988154e-6,-4.538317502638589e-6,6.912386365984452e-5,-0.0003715427178643274,-0.0006465666701462188,0.00022109675097204803,-0.00018890331599659882,-0.00044237015676638637,9.772324449132448e-5,-0.00028547825832796794,0.0009297359233023673,0.0005613706493253197,0.0006671413590028053,0.00026726485201711454,0.00022710623712125338,-0.00017928297324718782,0.00021348973025909427,0.00025110301579987895,-0.00023513765249552165,-0.0003216191052310873,0.0005130361021034735,-0.00011493987402823414,0.0001544069530134615,-0.0003224189889104133,-0.00038306489202648216,0.00013235499769533553,-0.00011923877797022249,-0.00037784787176072,8.675852171474333e-5,-0.00022411624979726193,0.0005613706493253197,0.000717211455039715,0.0004178035317973375,0.00032624311848276596,0.00025069087862790245,-0.00018112051336405583,0.0001553567887879331,0.00015905543098022082,-0.00015475441899541598,-0.00011743931741708368,0.0004560719469020225,-0.00014797528820569602,-9.368916816779108e-5,-0.0002652857361228196,-0.000517274640151338,0.00024457234912352455,-0.0002237798754513084,-0.00032930854823933625,3.7725058407907324e-5,-0.00021827878570980264,0.0006671413590028053,0.0004178035317973375,0.000809722689798988,0.00025962144929902217,0.00030472491847799226,-0.00020842708115283707,0.0002319769388003613,0.0002624573851106321,-0.0002013376178331042,-0.0002974878803304939,0.00040599388971176504,-7.446522169823354e-5,0.0001588128859616524,-0.0002308341786484364,-0.00016141578539112712,-7.716889497250364e-5,6.606471220692344e-5,-0.0003991595526086345,0.00015716659468913358,-0.0002434927734652747,0.00026726485201711454,0.00032624311848276596,0.00025962144929902217,0.0007299452028920958,5.538680576660051e-5,-0.0002954581174573149,4.235408215689481e-5,-3.6028064951706693e-5,-5.15698557006741e-5,-8.877378736460055e-5,0.00020804109285001946,-0.00028281401426921715,1.6728676406341297e-5,-0.00012393796803971004,-0.00013427150408177067,0.00012814496544105616,-0.0001737953164772003,-0.00011536366318641357,1.011674205673511e-6,-6.755329279424326e-5,0.00022710623712125338,0.00025069087862790245,0.00030472491847799226,5.538680576660051e-5,0.0004249642168858729,-6.676568438142905e-5,8.889680116255886e-5,0.00010620351745396138,-9.35258927476323e-5,-7.272166580245066e-5,0.00022565629887497416,2.182727132861196e-5,-8.989844454986387e-5,0.00011618797184423427,0.00016658222226575043,-4.58671666066221e-5,3.17330509107678e-5,0.0002406964689952538,-0.000129697114686542,0.00017608451181083326,-0.00017928297324718782,-0.00018112051336405583,-0.00020842708115283707,-0.0002954581174573149,-6.676568438142905e-5,0.0003421386392104273,-7.1893964093189055e-6,-1.6198456321465884e-5,-1.573595797226496e-5,2.2588377812390085e-5,-9.619227253876256e-5,-0.0001285048763111589,-0.00011608791673177556,-4.795201512539806e-5,-0.00015292486748545847,3.48540313793508e-5,-1.9984051813624826e-5,-5.407860136086438e-5,-8.235544376696674e-5,-0.00015405639876848356,0.00021348973025909427,0.0001553567887879331,0.0002319769388003613,4.235408215689481e-5,8.889680116255886e-5,-7.1893964093189055e-6,0.00034838173170001225,0.00011030213373601109,-4.083785085896222e-5,-0.0001254107905078315,8.417442584356402e-5,-3.243042198047649e-6,-0.00011505898403824452,4.445370076263582e-5,-0.00014612052242169988,0.0002858146429719191,-0.00015044703903965698,7.33129549657591e-5,-3.9229718322672984e-5,-0.00015221770289419276,0.00025110301579987895,0.00015905543098022082,0.0002624573851106321,-3.6028064951706693e-5,0.00010620351745396138,-1.6198456321465884e-5,0.00011030213373601109,0.0004108539103895403,6.790205646408761e-5,-8.54220771724537e-5,0.00012950410569015583,2.2008597474375774e-5,-9.275719174109148e-5,0.0002848480291518261,0.0002219357604688303,4.6716989830423665e-5,0.00010303955150008597,0.00016255906153581182,-0.000220835632500457,-0.00022223606662506327,-0.00023513765249552165,-0.00015475441899541598,-0.0002013376178331042,-5.15698557006741e-5,-9.35258927476323e-5,-1.573595797226496e-5,-4.083785085896222e-5,6.790205646408761e-5,0.0005244666034565642,0.00010160263707941821,-0.00035489582762802626,8.882408912155187e-5,0.00011858123316539955,0.00020180542133362136,0.0003139546048698921,-2.7558343782859625e-5,0.00019524549287703436,0.0001310602437557987,-1.0847687358569218e-5,0.00010422770533390153,-0.0003216191052310873,-0.00011743931741708368,-0.0002974878803304939,-8.877378736460055e-5,-7.272166580245066e-5,2.2588377812390085e-5,-0.0001254107905078315,-8.54220771724537e-5,0.00010160263707941821,0.0004921924477296766,-0.00016784284443071285,-5.5140449459124606e-5,0.00012081775680055371,-0.00038364660781832667,-0.0004034060377179531,0.00015577618083640455,-0.00023030834984072863,-0.00028576417521328787,0.0002744668567522437,-6.446922672988154e-6,0.0005130361021034735,0.0004560719469020225,0.00040599388971176504,0.00020804109285001946,0.00022565629887497416,-9.619227253876256e-5,8.417442584356402e-5,0.00012950410569015583,-0.00035489582762802626,-0.00016784284443071285,0.000682053648152173
