0.0006138737509576027,0.00015693166405242702,0.00023242314320114877,-0.0001572874003876167,-0.00019122542477064897,-0.0002717173516040637,4.089501415192312e-5,-8.273524006233804e-5,-0.0001667197465299733,9.13702110579092e-6,-2.567165663495857e-5,0.00021119623387996805,0.0005821227003770903,-4.052801769774861e-5,-0.00040872317441348826,0.00024136439236878947,-7.839140615776271e-5,0.00013942622259303624,9.857630712116591e-5,-9.120520759367975e-5,0.00015693166405242702,0.0003847482301382401,0.00013083916313815164,-0.0001258652495197244,-7.108081331033819e-5,-0.00018208976916831002,-9.734021184354828e-5,-0.00015002207597152755,6.68619426523256e-5,-3.468224650386362e-5,-0.0001479208268764797,0.0002483240174314436,0.0003769785617347825,-3.662973278640518e-5,-0.00035152617586024906,9.76962718445182e-5,-7.4039711296006145e-6,0.00011507861497305361,0.00017549134264404834,5.143289615078466e-6,0.00023242314320114877,0.00013083916313815164,0.0009481306653251534,-0.0004906031407449624,-8.199723166794883e-5,-0.0002599487822451342,5.186582506243683e-5,-7.934744255835345e-5,-0.00032247251371529304,0.00023982155154931006,1.9332142843905846e-5,0.00021492925444606365,0.0006620882457889992,5.835390003055548e-5,-0.00013186151322343688,0.00042711577823841966,0.0002623508755325626,9.136979951939207e-5,-0.0001732173192995636,5.314506900022961e-5,-0.0001572874003876167,-0.0001258652495197244,-0.0004906031407449624,0.0006109824385574737,5.6702617176009036e-5,0.0004812266698331471,-0.00011033823000759744,1.7661072522682984e-5,0.0003462224063904714,9.934575705609695e-5,2.5247889203745762e-5,-0.00028338599913918137,-0.0004922162801196762,4.906195538526349e-5,4.930102629844966e-5,-0.00016326425196915652,-0.00014028060178363096,6.678163875194513e-5,-8.38921782646382e-6,-0.00017357258049663114,-0.00019122542477064897,-7.108081331033819e-5,-8.199723166794883e-5,5.6702617176009036e-5,0.0003718155346248044,2.9252509224832322e-5,3.61130961237315e-5,3.38926301217614e-5,2.5517023335559037e-5,-4.6570825769920765e-6,-7.662989413236346e-5,-0.00021711189498168894,-0.00019249299927457544,-0.00010857067189836155,0.00027390804584756284,-7.221757974680322e-6,0.00014339853712716193,-0.00014565902402082143,-3.231739205977349e-5,0.0001300866004358599,-0.0002717173516040637,-0.00018208976916831002,-0.0002599487822451342,0.0004812266698331471,2.9252509224832322e-5,0.0009490616770960356,-0.0002076978550269342,4.310465440768285e-6,0.0003550448383107821,0.0003818596789745082,5.755633453540394e-5,-0.00033192190435523886,-0.0005772294148640891,0.00034829671662641023,7.899187337439465e-5,-5.4668994828009595e-5,6.601967906483882e-5,0.00010347473264523898,-0.0002944222276954181,-0.00027492892612633515,4.089501415192312e-5,-9.734021184354828e-5,5.186582506243683e-5,-0.00011033823000759744,3.61130961237315e-5,-0.0002076978550269342,0.00044557096622995884,0.00016770702863260037,-0.00013944892243682893,-0.00025492033088174963,0.0001631900822470879,-0.00018773094432131862,-5.9363590750914475e-5,-8.623641049707641e-5,0.0002626856076867218,-3.95561070642709e-5,-2.1280885933140857e-5,-0.0001267659892018348,-0.00014803924467302542,2.8352881209153745e-5,-8.273524006233804e-5,-0.00015002207597152755,-7.934744255835345e-5,1.7661072522682984e-5,3.38926301217614e-5,4.310465440768285e-6,0.00016770702863260037,0.0002875306665607835,-9.179184055294401e-5,-5.959218627924548e-5,0.00011848497953611671,-0.00023852583423855867,-0.0002309194739565339,-0.00010516767037459782,0.0002745695830190471,-6.310993890690266e-5,-2.305097726596247e-5,-0.00015809597067795826,-0.00015204638652608558,2.8489982854531023e-5,-0.0001667197465299733,6.68619426523256e-5,-0.00032247251371529304,0.0003462224063904714,2.5517023335559037e-5,0.0003550448383107821,-0.00013944892243682893,-9.179184055294401e-5,0.0005324091710955494,-2.8024020711613353e-6,-3.18437302873975e-5,-5.033776758173237e-5,-0.0002624080914027687,0.00020754678778815312,-0.00017676237683097193,-0.00014468256409421227,-3.9338140760543367e-5,0.0001239434898554179,6.799604439686772e-5,-0.0001877267376974612,9.13702110579092e-6,-3.468224650386362e-5,0.00023982155154931006,9.934575705609695e-5,-4.6570825769920765e-6,0.0003818596789745082,-0.00025492033088174963,-5.959218627924548e-5,-2.8024020711613353e-6,0.0006325721033503759,-4.691795473588726e-5,-0.00013683035633020363,5.760428542088148e-5,9.011681617324932e-5,-7.675140345488968e-5,0.0002826536141745336,0.0001935916614748975,7.878866446993143e-5,-0.00018229136412397685,-5.3438114456216205e-5,-2.567165663495857e-5,-0.0001479208268764797,1.9332142843905846e-5,2.5247889203745762e-5,-7.662989413236346e-5,5.755633453540394e-5,0.0001631900822470879,0.00011848497953611671,-3.18437302873975e-5,-4.691795473588726e-5,0.0003537535105948677,-0.00015845893231929131,-0.0002460814229680943,6.740386431315556e-5,0.00015280362473934442,-4.4835204404597835e-5,-0.00010279380308282553,-7.572278589460089e-6,-0.0001973446210480412,-9.96754927114213e-5,0.00021119623387996805,0.0002483240174314436,0.00021492925444606365,-0.00028338599913918137,-0.00021711189498168894,-0.00033192190435523886,-0.00018773094432131862,-0.00023852583423855867,-5.033776758173237e-5,-0.00013683035633020363,-0.00015845893231929131,0.0007886178225517213,0.0005749391903450982,0.00010624810697266993,-0.000562427278959027,1.1212456677056055e-5,-0.00012228606187656918,0.00024140832471443088,0.00032034621555755466,1.3046015936153715e-5,0.0005821227003770903,0.0003769785617347825,0.0006620882457889992,-0.0004922162801196762,-0.00019249299927457544,-0.0005772294148640891,-5.9363590750914475e-5,-0.0002309194739565339,-0.0002624080914027687,5.760428542088148e-5,-0.0002460814229680943,0.0005749391903450982,0.0012775736694232945,-0.00010215325228877816,-0.0006258761308465283,0.0004713445418200641,0.0001372492854949829,0.00014756634736404165,0.00024451464688027725,5.327120321877057e-5,-4.052801769774861e-5,-3.662973278640518e-5,5.835390003055548e-5,4.906195538526349e-5,-0.00010857067189836155,0.00034829671662641023,-8.623641049707641e-5,-0.00010516767037459782,0.00020754678778815312,9.011681617324932e-5,6.740386431315556e-5,0.00010624810697266993,-0.00010215325228877816,0.0005865311024485953,-0.00020765411674796106,-1.4823059985971936e-5,6.585286833500205e-5,0.00017060459860021376,-0.00016376829297303473,-0.00019606369044332037,-0.00040872317441348826,-0.00035152617586024906,-0.00013186151322343688,4.930102629844966e-5,0.00027390804584756284,7.899187337439465e-5,0.0002626856076867218,0.0002745695830190471,-0.00017676237683097193,-7.675140345488968e-5,0.00015280362473934442,-0.000562427278959027,-0.0006258761308465283,-0.00020765411674796106,0.0010452106804105879,-0.00020483173534240214,0.00011493595910128094,-0.00033257844427796293,-0.0002781436820210838,0.00017194671297985053,0.00024136439236878947,9.76962718445182e-5,0.00042711577823841966,-0.00016326425196915652,-7.221757974680322e-6,-5.4668994828009595e-5,-3.95561070642709e-5,-6.310993890690266e-5,-0.00014468256409421227,0.0002826536141745336,-4.4835204404597835e-5,1.1212456677056055e-5,0.0004713445418200641,-1.4823059985971936e-5,-0.00020483173534240214,0.0005241091682918808,0.00016231933754599898,1.815023598861249e-5,-0.00011106976269903066,1.8324167123384389e-6,-7.839140615776271e-5,-7.4039711296006145e-6,0.0002623508755325626,-0.00014028060178363096,0.00014339853712716193,6.601967906483882e-5,-2.1280885933140857e-5,-2.305097726596247e-5,-3.9338140760543367e-5,0.0001935916614748975,-0.00010279380308282553,-0.00012228606187656918,0.0001372492854949829,6.585286833500205e-5,0.00011493595910128094,0.00016231933754599898,0.00040459779032918364,-8.803443904211433e-5,-0.0001045072010722254,7.06655916289855e-5,0.00013942622259303624,0.00011507861497305361,9.136979951939207e-5,6.678163875194513e-5,-0.00014565902402082143,0.00010347473264523898,-0.0001267659892018348,-0.00015809597067795826,0.0001239434898554179,7.878866446993143e-5,-7.572278589460089e-6,0.00024140832471443088,0.00014756634736404165,0.00017060459860021376,-0.00033257844427796293,1.815023598861249e-5,-8.803443904211433e-5,0.0003609066987626548,7.970179826992957e-5,-0.00015265219233893853,9.857630712116591e-5,0.00017549134264404834,-0.0001732173192995636,-8.38921782646382e-6,-3.231739205977349e-5,-0.0002944222276954181,-0.00014803924467302542,-0.00015204638652608558,6.799604439686772e-5,-0.00018229136412397685,-0.0001973446210480412,0.00032034621555755466,0.00024451464688027725,-0.00016376829297303473,-0.0002781436820210838,-0.00011106976269903066,-0.0001045072010722254,7.970179826992957e-5,0.0004971659183883071,6.901087776923701e-5,-9.120520759367975e-5,5.143289615078466e-6,5.314506900022961e-5,-0.00017357258049663114,0.0001300866004358599,-0.00027492892612633515,2.8352881209153745e-5,2.8489982854531023e-5,-0.0001877267376974612,-5.3438114456216205e-5,-9.96754927114213e-5,1.3046015936153715e-5,5.327120321877057e-5,-0.00019606369044332037,0.00017194671297985053,1.8324167123384389e-6,7.06655916289855e-5,-0.00015265219233893853,6.901087776923701e-5,0.0003366662958661535
