0.011625973115053097,-0.0001509622448223515,0.004995314640383248,-0.0010511543063094794,0.003316901545717581,-0.0019460270234129952,0.00198616670709503,-0.000978759386029562,-0.001192941120362227,-4.909738104788321e-5,-0.0031722317475902616,-0.003740968482876114,0.0011676571274248993,0.004730394580555158,0.0006967073273765656,0.002646149014895516,-0.00021471167042265578,-0.006490464933279478,0.00019695528161250574,-0.006211336273644431,-0.0001509622448223515,0.018302015657608712,-0.004514545287017203,-0.0008371414042418514,2.5214008461699328e-5,-9.463961141348816e-5,0.0006801399806420247,-0.00039106522030188867,-0.0021683845638016588,-0.007005592716384342,0.0010544301408155483,-0.006718817699622781,0.003862375225386248,0.0048556357368582425,-0.006066768801403463,0.0013130221548675945,-0.0008225914442479523,0.005725666606025895,-0.00010753933429019107,-4.157706242792101e-5,0.004995314640383248,-0.004514545287017203,0.014368897039957798,-0.00062369403062257,0.0034878289305333007,0.0018795424190546836,-0.0020102886408158876,-0.0031873831250583467,-0.0013723312749913234,-0.0012264498300917192,0.0014807150847006732,0.003027321900135436,0.001664731788626135,-0.0001251096732001453,0.0014307664736172114,0.005227426852942219,0.00039096944175450344,-0.004151380443236973,-0.002672407466724336,-0.003201442909348974,-0.0010511543063094794,-0.0008371414042418514,-0.00062369403062257,0.0190164317846632,-0.0017356737692743216,0.003499194707102493,0.0016724448993949799,0.0018873609236797293,0.002695973305983951,9.599565507340145e-5,-0.001109339792026772,-0.0026334386914854653,0.003191863739137237,-0.0015352860848774888,0.00045322643125039,-0.002580223086030754,-0.0002135227502526699,-0.0036238890738194106,0.0004475573882780563,0.0025315874040574646,0.003316901545717581,2.5214008461699328e-5,0.0034878289305333007,-0.0017356737692743216,0.01843491649187328,-0.005925903305288321,-0.00200963803436401,-0.00335301239596969,-0.0009331246790251111,0.0028729555421414697,-0.0009926797991036671,0.0049248279288944315,-0.0020207568186930876,0.004089618562009068,-0.00046553069333438396,0.003008954643778411,-0.0017511809110219959,-0.006140995573261997,-0.0015672094968276421,-0.0007204749654043683,-0.0019460270234129952,-9.463961141348816e-5,0.0018795424190546836,0.003499194707102493,-0.005925903305288321,0.02962263796103869,0.007258513855298817,0.005193791766704767,-0.0013226241924324676,-0.0023243452074071455,-0.005480775657481324,-0.0019360332970378893,0.0009359694103512018,-0.007273258977532912,0.007827091521221968,-0.0022411293981909903,0.0008089209761044022,0.0014161027239265743,-0.004838882323234001,0.007152187044123293,0.00198616670709503,0.0006801399806420247,-0.0020102886408158876,0.0016724448993949799,-0.00200963803436401,0.007258513855298817,0.0143457229395181,6.277490213359347e-5,0.0011379417221024106,0.00559576294319737,-0.0005151052563434482,0.002020496584616513,0.004992162756633953,-0.003626825419476386,0.0033376065878848145,0.00030992575605106806,-0.001860187022235723,-0.002491388739618826,-0.0003682735862201717,-0.0003586931851325567,-0.000978759386029562,-0.00039106522030188867,-0.0031873831250583467,0.0018873609236797293,-0.00335301239596969,0.005193791766704767,6.277490213359347e-5,0.02064261692358806,0.0006925938369763396,-0.003713639857234817,-0.0012452178603104636,-0.007606398296028893,0.0007636293711142972,0.0011388368369491379,-0.0003131707962894777,-0.0018477459501543034,-0.0001917801948240363,-0.0007556420325223319,-0.00203960879660737,0.0044041076537104555,-0.001192941120362227,-0.0021683845638016588,-0.0013723312749913234,0.002695973305983951,-0.0009331246790251111,-0.0013226241924324676,0.0011379417221024106,0.0006925938369763396,0.01914964951319629,0.004386926061049318,0.00011951798826677517,-0.0004054899417457346,0.006288842445818814,-0.0024620749955819874,-0.0009436101274296295,-0.0010234823728231738,0.0006128266273270174,-0.004310504585546931,0.003892011104115599,0.0010732849563417869,-4.909738104788321e-5,-0.007005592716384342,-0.0012264498300917192,9.599565507340145e-5,0.0028729555421414697,-0.0023243452074071455,0.00559576294319737,-0.003713639857234817,0.004386926061049318,0.02792165694760789,-0.0023400534026139634,0.00392062049482785,0.00115407814520479,-0.004997178797747005,0.005171517395643625,0.001456493759175101,-0.005415115580465176,-0.007314654254640333,-0.00089346740160233,0.002354515861965951,-0.0031722317475902616,0.0010544301408155483,0.0014807150847006732,-0.001109339792026772,-0.0009926797991036671,-0.005480775657481324,-0.0005151052563434482,-0.0012452178603104636,0.00011951798826677517,-0.0023400534026139634,0.01436913101038319,-9.046617735176673e-5,-0.0016505299689578683,0.003560062991553297,-0.0007808459600876845,0.0011535386751161793,0.0019273588837699389,0.0007814188170090303,0.0013112791086434482,-0.0027141112709161844,-0.003740968482876114,-0.006718817699622781,0.003027321900135436,-0.0026334386914854653,0.0049248279288944315,-0.0019360332970378893,0.002020496584616513,-0.007606398296028893,-0.0004054899417457346,0.00392062049482785,-9.046617735176673e-5,0.021753101350420294,-0.002185236083549637,-0.0025260151928144245,0.00022775078257391483,0.004181077132222639,-0.007202921820051009,0.000750073099803363,0.0005529669381073852,-0.0009359333890821691,0.0011676571274248993,0.003862375225386248,0.001664731788626135,0.003191863739137237,-0.0020207568186930876,0.0009359694103512018,0.004992162756633953,0.0007636293711142972,0.006288842445818814,0.00115407814520479,-0.0016505299689578683,-0.002185236083549637,0.02215524477715649,-0.00128153079434433,-0.004205478975158088,-0.0051031671338999385,-0.001360237830549327,-0.0038140168801744814,-0.0005361051958735462,-0.00038629443086988304,0.004730394580555158,0.0048556357368582425,-0.0001251096732001453,-0.0015352860848774888,0.004089618562009068,-0.007273258977532912,-0.003626825419476386,0.0011388368369491379,-0.0024620749955819874,-0.004997178797747005,0.003560062991553297,-0.0025260151928144245,-0.00128153079434433,0.01832542225120107,-0.003175921434499075,0.004704641054215518,0.0031074869275400556,7.343573105433206e-5,0.0030553419937921576,-0.0027053857042502304,0.0006967073273765656,-0.006066768801403463,0.0014307664736172114,0.00045322643125039,-0.00046553069333438396,0.007827091521221968,0.0033376065878848145,-0.0003131707962894777,-0.0009436101274296295,0.005171517395643625,-0.0007808459600876845,0.00022775078257391483,-0.004205478975158088,-0.003175921434499075,0.026200767585566137,-0.0010850126996059658,0.0023687029902262967,-0.00526311004939382,-0.005816524303617894,-0.0011136295482916361,0.002646149014895516,0.0013130221548675945,0.005227426852942219,-0.002580223086030754,0.003008954643778411,-0.0022411293981909903,0.00030992575605106806,-0.0018477459501543034,-0.0010234823728231738,0.001456493759175101,0.0011535386751161793,0.004181077132222639,-0.0051031671338999385,0.004704641054215518,-0.0010850126996059658,0.011655981489585807,0.001434467514942405,-0.003596098524561998,0.0008275557655943882,-0.0017715538321407388,-0.00021471167042265578,-0.0008225914442479523,0.00039096944175450344,-0.0002135227502526699,-0.0017511809110219959,0.0008089209761044022,-0.001860187022235723,-0.0001917801948240363,0.0006128266273270174,-0.005415115580465176,0.0019273588837699389,-0.007202921820051009,-0.001360237830549327,0.0031074869275400556,0.0023687029902262967,0.001434467514942405,0.01513321443375821,0.0029249877701435093,-0.002091079086418308,-0.0005086330707603689,-0.006490464933279478,0.005725666606025895,-0.004151380443236973,-0.0036238890738194106,-0.006140995573261997,0.0014161027239265743,-0.002491388739618826,-0.0007556420325223319,-0.004310504585546931,-0.007314654254640333,0.0007814188170090303,0.000750073099803363,-0.0038140168801744814,7.343573105433206e-5,-0.00526311004939382,-0.003596098524561998,0.0029249877701435093,0.02803158378563319,0.0005897964926419924,0.005398245564386478,0.00019695528161250574,-0.00010753933429019107,-0.002672407466724336,0.0004475573882780563,-0.0015672094968276421,-0.004838882323234001,-0.0003682735862201717,-0.00203960879660737,0.003892011104115599,-0.00089346740160233,0.0013112791086434482,0.0005529669381073852,-0.0005361051958735462,0.0030553419937921576,-0.005816524303617894,0.0008275557655943882,-0.002091079086418308,0.0005897964926419924,0.012019699656904883,0.006941638110035291,-0.006211336273644431,-4.157706242792101e-5,-0.003201442909348974,0.0025315874040574646,-0.0007204749654043683,0.007152187044123293,-0.0003586931851325567,0.0044041076537104555,0.0010732849563417869,0.002354515861965951,-0.0027141112709161844,-0.0009359333890821691,-0.00038629443086988304,-0.0027053857042502304,-0.0011136295482916361,-0.0017715538321407388,-0.0005086330707603689,0.005398245564386478,0.006941638110035291,0.017724361946911935
