0.021442042696888403,0.006138917336357888,0.006004162064350221,0.004309503922809566,-0.004731606279575324,-0.005719224861880538,0.000787547588965871,-0.00010050424276197845,-0.0026105830141481532,0.0013753808694105148,0.0007642211887193873,0.00168759784737006,-0.004651059651310446,-0.0016122092983409466,0.007144366528485492,-0.0044780373690048,-0.0022603498874190437,0.0073027313229776765,-0.007783188648266118,-0.006270016616418476,0.006138917336357888,0.018326854781335528,0.002991191781966105,0.006885713705297858,-0.006147162143238321,-0.005229501233698377,-0.0007522332892170597,0.004530986940057944,0.0041275506829784436,-0.00018848156590124985,0.0028963742043270025,-0.0037744186262456095,-0.004283813271301578,0.003959208861307919,-0.0020554969602556874,0.004813679105038462,-0.0015007962626157184,0.0018882763161777402,-0.0014129372018769227,0.00021676780951315034,0.006004162064350221,0.002991191781966105,0.03480403471238773,-0.00030325664153887824,-0.0033060376251115107,-0.0001641920571929334,-0.005450381226303633,-0.0076389164269216134,-0.00966735316921889,0.0035300921770386184,0.002480819881766564,-0.005632672657193616,-0.0008835286124404943,-0.004605262659632486,-0.00027047902351455305,-0.0006781829016735333,-0.007090024660494034,0.0034583627679738416,-0.007869892409312518,0.002086663812082919,0.004309503922809566,0.006885713705297858,-0.00030325664153887824,0.026169663269304984,-0.0035655003286992563,-0.007014683652057424,-0.0067436754748666046,0.0007818548796314022,-0.003151366310780272,-0.0037920339252161326,-0.0018792864516276723,-0.001988275651308019,-0.006790221418654874,-0.00017499381458312027,0.0013189129677193818,0.004027566810877015,0.004456843120396764,-0.0002707582002729668,0.0017258836088359384,-0.00264050160711469,-0.004731606279575324,-0.006147162143238321,-0.0033060376251115107,-0.0035655003286992563,0.024887251929712313,0.008236637597060099,0.0056749949598745835,0.0013118311233209774,0.00873156359765236,-0.0032742763548392947,0.0004953297840099302,-0.0006309521930317912,0.009066838146679763,-0.0002662214409209369,-0.001684184801135007,-0.0060400727593896385,0.0015559452170888985,0.00025965061933482187,-1.6589097233367855e-6,-0.0009318378189602172,-0.005719224861880538,-0.005229501233698377,-0.0001641920571929334,-0.007014683652057424,0.008236637597060099,0.02093284085008778,0.002345799500666268,-0.0020326974169875924,0.005662631513211895,-0.005833249619611365,-0.0018082465250889603,-0.0006686675889252408,0.012274265165398408,-0.001984361374909502,-0.0037582933123194344,-0.00529194161469203,-0.0017221038911983126,-0.0023334788468721496,0.0009404737854782852,0.0033014163566364007,0.000787547588965871,-0.0007522332892170597,-0.005450381226303633,-0.0067436754748666046,0.0056749949598745835,0.002345799500666268,0.01758280039436904,-0.00489848184531576,0.000975991901292352,-0.0021712394801657567,0.0008793960932287837,-0.0033452340835496064,0.0033462866696480353,-0.00026460849634410714,-0.0006851823809979413,0.001657981519127553,0.0008451597906658688,-0.001467293562343977,6.665963814839345e-7,0.00522282365579969,-0.00010050424276197845,0.004530986940057944,-0.0076389164269216134,0.0007818548796314022,0.0013118311233209774,-0.0020326974169875924,-0.00489848184531576,0.017926711934715848,0.005136006450136683,-0.0018138244132978746,-0.007318507534466346,0.0032460060042133606,-0.0018955916765371486,0.00436086696795092,0.0009350496579124932,-0.0016191094234522837,-0.001972424069298058,-0.002863027389404303,0.004477989291830029,-0.00624223304328368,-0.0026105830141481532,0.0041275506829784436,-0.00966735316921889,-0.003151366310780272,0.00873156359765236,0.005662631513211895,0.000975991901292352,0.005136006450136683,0.02333271523037075,-0.007843000315251597,0.0015990170483135698,0.0036955036211536608,0.0031628054960629705,-0.0007718234858346041,-0.0030186557473692315,-0.0003404534554046351,0.0004917399402363796,-0.004594916691712369,0.006982926404701623,-0.0018948641948539273,0.0013753808694105148,-0.00018848156590124985,0.0035300921770386184,-0.0037920339252161326,-0.0032742763548392947,-0.005833249619611365,-0.0021712394801657567,-0.0018138244132978746,-0.007843000315251597,0.024520372439404595,-0.003377040844966584,0.0027291086817029966,-0.005591368298795644,0.0013408566196260875,0.0011876740691406217,0.002201483985829339,-0.00660161133569825,0.005453516717635578,-0.0010364934969463438,-0.004218960578170014,0.0007642211887193873,0.0028963742043270025,0.002480819881766564,-0.0018792864516276723,0.0004953297840099302,-0.0018082465250889603,0.0008793960932287837,-0.007318507534466346,0.0015990170483135698,-0.003377040844966584,0.014768926775904764,-0.005238492976664667,0.0030964415678659592,-0.0012371615053335919,-0.00028553802180149193,-0.0031693728381290095,0.0006483903024691524,0.001809898201111555,-0.006416101802424023,0.0093105315760171,0.00168759784737006,-0.0037744186262456095,-0.005632672657193616,-0.001988275651308019,-0.0006309521930317912,-0.0006686675889252408,-0.0033452340835496064,0.0032460060042133606,0.0036955036211536608,0.0027291086817029966,-0.005238492976664667,0.023364942204041256,-0.003628953699928514,0.004050106204416249,0.004935931117639013,0.0008660858254465418,-0.0029943318913926526,-0.003616802743033655,0.003749267687495247,-0.004632231915284177,-0.004651059651310446,-0.004283813271301578,-0.0008835286124404943,-0.006790221418654874,0.009066838146679763,0.012274265165398408,0.0033462866696480353,-0.0018955916765371486,0.0031628054960629705,-0.005591368298795644,0.0030964415678659592,-0.003628953699928514,0.02024941650561087,0.00029324572933772495,-0.0070953405923731665,7.853846398021662e-5,-0.0016318117285769947,-0.0006386537678294657,-0.0002518698066053041,0.005195594091182096,-0.0016122092983409466,0.003959208861307919,-0.004605262659632486,-0.00017499381458312027,-0.0002662214409209369,-0.001984361374909502,-0.00026460849634410714,0.00436086696795092,-0.0007718234858346041,0.0013408566196260875,-0.0012371615053335919,0.004050106204416249,0.00029324572933772495,0.016535330505143993,0.0026171726484426174,0.0037284023502108985,-0.0025209359067281316,-0.000903089563233321,0.001217028521955901,-0.010207584607831542,0.007144366528485492,-0.0020554969602556874,-0.00027047902351455305,0.0013189129677193818,-0.001684184801135007,-0.0037582933123194344,-0.0006851823809979413,0.0009350496579124932,-0.0030186557473692315,0.0011876740691406217,-0.00028553802180149193,0.004935931117639013,-0.0070953405923731665,0.0026171726484426174,0.02208239669332516,0.001619341370775132,0.0006042303634651365,0.002184725794229548,-0.006319061049799258,-0.004947360869810511,-0.0044780373690048,0.004813679105038462,-0.0006781829016735333,0.004027566810877015,-0.0060400727593896385,-0.00529194161469203,0.001657981519127553,-0.0016191094234522837,-0.0003404534554046351,0.002201483985829339,-0.0031693728381290095,0.0008660858254465418,7.853846398021662e-5,0.0037284023502108985,0.001619341370775132,0.018564918780381096,0.0021320919281930654,-0.004661076142044308,0.00026984283783317465,-0.002512397924771025,-0.0022603498874190437,-0.0015007962626157184,-0.007090024660494034,0.004456843120396764,0.0015559452170888985,-0.0017221038911983126,0.0008451597906658688,-0.001972424069298058,0.0004917399402363796,-0.00660161133569825,0.0006483903024691524,-0.0029943318913926526,-0.0016318117285769947,-0.0025209359067281316,0.0006042303634651365,0.0021320919281930654,0.023865729110016585,-0.006760389673087182,0.004774044025629294,0.00028817730660251164,0.0073027313229776765,0.0018882763161777402,0.0034583627679738416,-0.0002707582002729668,0.00025965061933482187,-0.0023334788468721496,-0.001467293562343977,-0.002863027389404303,-0.004594916691712369,0.005453516717635578,0.001809898201111555,-0.003616802743033655,-0.0006386537678294657,-0.000903089563233321,0.002184725794229548,-0.004661076142044308,-0.006760389673087182,0.022795946762814018,-0.00819395213792774,-0.003647790659485795,-0.007783188648266118,-0.0014129372018769227,-0.007869892409312518,0.0017258836088359384,-1.6589097233367855e-6,0.0009404737854782852,6.665963814839345e-7,0.004477989291830029,0.006982926404701623,-0.0010364934969463438,-0.006416101802424023,0.003749267687495247,-0.0002518698066053041,0.001217028521955901,-0.006319061049799258,0.00026984283783317465,0.004774044025629294,-0.00819395213792774,0.025037622778326944,-9.516095105960721e-5,-0.006270016616418476,0.00021676780951315034,0.002086663812082919,-0.00264050160711469,-0.0009318378189602172,0.0033014163566364007,0.00522282365579969,-0.00624223304328368,-0.0018948641948539273,-0.004218960578170014,0.0093105315760171,-0.004632231915284177,0.005195594091182096,-0.010207584607831542,-0.004947360869810511,-0.002512397924771025,0.00028817730660251164,-0.003647790659485795,-9.516095105960721e-5,0.02829452182942839
