0.02050550827726397,0.007022523128241786,0.007875482179662531,0.0043753571479469055,-0.0028801336889960104,-0.00691906308083716,0.00048686577511996735,-0.0007536962559624021,-0.002284271506315224,6.257014828836278e-5,0.002235520875490048,0.0016812823710479932,-0.004797601047298976,-0.0036082599722184975,0.003933438415624204,-0.005183481647362157,0.00022581120657108372,0.007034469882140953,-0.006737536007586687,-0.005110955694562038,0.007022523128241786,0.012614209331845842,0.0037559239538330867,0.004408822701588892,-0.0035382299858278078,-0.0028202672037695806,-0.0010308527664129184,0.002866548038632186,0.0017983641136854194,-0.0001387061510066017,0.002202616850402494,-0.002820681225809773,-0.0043699442641462515,0.0008387298763644687,0.0017548838578836106,0.0006659328263583031,0.0014984446567564047,0.0038544437024216043,-0.003657053519399403,0.0016980166566510158,0.007875482179662531,0.0037559239538330867,0.021612033344759835,-0.0005177850609747054,-0.003045699787007394,-0.004759022389394168,-0.004891159053352884,-0.003486299336568256,-0.006004004771600548,0.0013895088335063336,0.0005780309480720595,0.00018584142070687985,-0.0040315996281595065,-0.0013232157246578179,0.001414486339003972,-0.0005742977970789693,-0.001103184502675986,0.005660673617181682,-0.004047895416381669,-0.0027612280811780817,0.0043753571479469055,0.004408822701588892,-0.0005177850609747054,0.02080849595619949,0.0017441070954067072,-0.00635297321456317,-0.005535161885480515,-0.0007261171251684367,-0.0007210392109051091,-0.0011790872300999084,0.0006520205616906249,-0.0006779336289680014,-0.007730251589811023,0.0008346998745896355,0.00317636933983133,-0.0008660370616493042,0.0032933096392232003,0.0001995990576002952,0.0026096861521346573,-0.0036761550826529656,-0.0028801336889960104,-0.0035382299858278078,-0.003045699787007394,0.0017441070954067072,0.01689046020726736,0.003270441023219238,0.0050910579578971535,0.001736224351241624,0.003446059574090977,-0.0020070653722326238,-0.00039635550894562906,-0.0007714009284576879,0.0034293318281252297,0.0005965525472095952,0.0006946855574102979,-0.002880836569077589,-3.6476343166702636e-5,-0.0012185379426016192,-0.001073677209054678,-0.0016288898418977769,-0.00691906308083716,-0.0028202672037695806,-0.004759022389394168,-0.00635297321456317,0.003270441023219238,0.0180761834242939,0.0037707793103704482,-0.00038384829738788613,0.002018372703474654,-0.0021927062544595415,-0.0035626973415030893,-0.0011185663533939427,0.009524954022525529,-1.5007505437796584e-5,-0.0021828966749155567,-0.0002745143433858126,-0.0031410502594933186,-0.0015142422418462564,-0.002617764015118804,0.002923211666997489,0.00048686577511996735,-0.0010308527664129184,-0.004891159053352884,-0.005535161885480515,0.0050910579578971535,0.0037707793103704482,0.01781258236903951,-0.002672517680621502,0.0014724097503502414,-0.004101368195425535,-0.000882317339403287,-0.0035487469016342306,0.003072943573628843,-0.002402960960642524,-0.0005856220336717221,0.0016611363539369563,-0.0008545244779258638,-0.003871936675754808,0.0010020961267419664,0.004838137732859352,-0.0007536962559624021,0.002866548038632186,-0.003486299336568256,-0.0007261171251684367,0.001736224351241624,-0.00038384829738788613,-0.002672517680621502,0.011654163573667576,0.0016942312262191801,0.00124643009456234,-0.003174134286169892,-0.0003946811678603053,-0.00024747500300939903,0.001135576683444067,0.0005185050315028283,-0.002262536666691923,-0.0004980752127772817,-0.0027269691917509824,-0.00043142598093594183,8.757871119950921e-6,-0.002284271506315224,0.0017983641136854194,-0.006004004771600548,-0.0007210392109051091,0.003446059574090977,0.002018372703474654,0.0014724097503502414,0.0016942312262191801,0.013877515497198423,-0.003792049984433762,0.0015685704123819904,0.00010110344720947129,0.0013826252268774966,-0.002331421939181181,-0.0008046408427183471,0.002260304697495186,-0.001424939099628221,-0.0035558533497936124,0.003414799927360183,0.00027278477808472174,6.257014828836278e-5,-0.0001387061510066017,0.0013895088335063336,-0.0011790872300999084,-0.0020070653722326238,-0.0021927062544595415,-0.004101368195425535,0.00124643009456234,-0.003792049984433762,0.01487902694651763,-0.0036267431699441655,0.001821101996189782,-0.004944121625909086,0.0022625195903180845,0.0009056000221048779,-0.0009445508094826599,-0.003949610149744142,0.0029445822595125016,0.0017029705726765453,-0.004803713619934515,0.002235520875490048,0.002202616850402494,0.0005780309480720595,0.0006520205616906249,-0.00039635550894562906,-0.0035626973415030893,-0.000882317339403287,-0.003174134286169892,0.0015685704123819904,-0.0036267431699441655,0.009698535508667502,-0.002137978371053014,0.001757249307359028,-0.0010518212746189793,0.000621366991376133,-0.0026042597408772643,0.0017768154462235973,0.0011869842384476224,-0.0018962178239073965,0.006141399730045759,0.0016812823710479932,-0.002820681225809773,0.00018584142070687985,-0.0006779336289680014,-0.0007714009284576879,-0.0011185663533939427,-0.0035487469016342306,-0.0003946811678603053,0.00010110344720947129,0.001821101996189782,-0.002137978371053014,0.01620459864474798,-0.0029319617538031304,0.0021069340314108028,0.0006563567251036241,-0.0014240541480233623,-0.0006394704530478084,0.0017369494463927448,-0.001177059687731843,-0.003127155084384755,-0.004797601047298976,-0.0043699442641462515,-0.0040315996281595065,-0.007730251589811023,0.0034293318281252297,0.009524954022525529,0.003072943573628843,-0.00024747500300939903,0.0013826252268774966,-0.004944121625909086,0.001757249307359028,-0.0029319617538031304,0.018068435736557874,-0.000636734596001078,-0.003940080850418458,0.0035213988853415694,-0.0015048474758736904,-0.0023180288563611753,-0.00047290794683189815,0.005271979813769439,-0.0036082599722184975,0.0008387298763644687,-0.0013232157246578179,0.0008346998745896355,0.0005965525472095952,-1.5007505437796584e-5,-0.002402960960642524,0.001135576683444067,-0.002331421939181181,0.0022625195903180845,-0.0010518212746189793,0.0021069340314108028,-0.000636734596001078,0.012319102361064505,0.0018030729514152003,0.0012309474184717503,-0.0002466988444138779,0.00026611040177996993,0.0010656803997656865,-0.00708218295964114,0.003933438415624204,0.0017548838578836106,0.001414486339003972,0.00317636933983133,0.0006946855574102979,-0.0021828966749155567,-0.0005856220336717221,0.0005185050315028283,-0.0008046408427183471,0.0009056000221048779,0.000621366991376133,0.0006563567251036241,-0.003940080850418458,0.0018030729514152003,0.01425159602157589,0.001770004895788703,-0.0004950731820968547,0.0038750427058618134,-0.002143399385668221,-0.001792070719357069,-0.005183481647362157,0.0006659328263583031,-0.0005742977970789693,-0.0008660370616493042,-0.002880836569077589,-0.0002745143433858126,0.0016611363539369563,-0.002262536666691923,0.002260304697495186,-0.0009445508094826599,-0.0026042597408772643,-0.0014240541480233623,0.0035213988853415694,0.0012309474184717503,0.001770004895788703,0.013494878036305086,-0.0005348380559530327,-0.001719595846455446,0.0015061585518561578,-0.001255747395548516,0.00022581120657108372,0.0014984446567564047,-0.001103184502675986,0.0032933096392232003,-3.6476343166702636e-5,-0.0031410502594933186,-0.0008545244779258638,-0.0004980752127772817,-0.001424939099628221,-0.003949610149744142,0.0017768154462235973,-0.0006394704530478084,-0.0015048474758736904,-0.0002466988444138779,-0.0004950731820968547,-0.0005348380559530327,0.016072354006455573,-0.003486371351575437,0.0029693616387996185,0.0036341706625860693,0.007034469882140953,0.0038544437024216043,0.005660673617181682,0.0001995990576002952,-0.0012185379426016192,-0.0015142422418462564,-0.003871936675754808,-0.0027269691917509824,-0.0035558533497936124,0.0029445822595125016,0.0011869842384476224,0.0017369494463927448,-0.0023180288563611753,0.00026611040177996993,0.0038750427058618134,-0.001719595846455446,-0.003486371351575437,0.018910744338446053,-0.00824204508525609,-0.00488468789525801,-0.006737536007586687,-0.003657053519399403,-0.004047895416381669,0.0026096861521346573,-0.001073677209054678,-0.002617764015118804,0.0010020961267419664,-0.00043142598093594183,0.003414799927360183,0.0017029705726765453,-0.0018962178239073965,-0.001177059687731843,-0.00047290794683189815,0.0010656803997656865,-0.002143399385668221,0.0015061585518561578,0.0029693616387996185,-0.00824204508525609,0.020283695402684904,0.0017142250483127527,-0.005110955694562038,0.0016980166566510158,-0.0027612280811780817,-0.0036761550826529656,-0.0016288898418977769,0.002923211666997489,0.004838137732859352,8.757871119950921e-6,0.00027278477808472174,-0.004803713619934515,0.006141399730045759,-0.003127155084384755,0.005271979813769439,-0.00708218295964114,-0.001792070719357069,-0.001255747395548516,0.0036341706625860693,-0.00488468789525801,0.0017142250483127527,0.023870142056851774
