0.0169508802068906,0.003789650535014208,-0.0021376073765265757,-0.00665324910695279,0.017137318223093292,-0.017848034494818782,0.003340364639543655,-0.0028161635502956524,-0.0006551573307307947,0.014359127277964344,-0.004770844366510874,-0.0065623956899373845,-0.0021428151269063714,0.015026795435746403,-0.013441308279887609,-0.014922526333906217,-0.011837216874668825,-0.006089709518806809,0.019099305307275494,-0.005731499154719638,0.003789650535014208,0.01590472161714818,0.002530976594006497,-0.005395028706679447,0.01803161371222689,-0.006104598447992053,-0.0026388254384596584,-0.0005540772950680221,-0.0004134329051347864,0.008035455757316803,6.126309143001177e-5,-0.008670525883460156,0.0037722588100316933,0.0076305345014916984,-0.016053561568412734,-0.007560821104617026,-0.00042601900961507645,0.0014811722676696519,0.009278177132142348,-0.004637987447147014,-0.0021376073765265757,0.002530976594006497,0.019609021791173558,0.000681678146707975,-0.001617007412023514,0.008531588057179362,0.0010227005920920179,0.002649396227106012,-0.0007294699408215105,0.0010986471073341445,0.004463628178964736,0.0010655516587172028,-0.0027765188616451146,-0.0019224544459360367,-0.007003169591440832,0.006797787241914247,0.007894760150101338,0.0014749783168035153,-0.002106329928228321,0.0019190251981098844,-0.00665324910695279,-0.005395028706679447,0.000681678146707975,0.026375407394962625,-0.003405587848640276,0.0032820489675857017,-0.00947771068400068,-5.5593013788088585e-5,0.01115575673323009,-0.005175832529770446,-0.0017957369593744185,0.0031962573068947168,0.005249055457412159,-0.011026464838346428,0.013600199423440717,0.0006638275760350775,0.00018478728573458075,0.005691408705609862,-0.001580223876712597,-0.0016459881900537775,0.017137318223093292,0.01803161371222689,-0.001617007412023514,-0.003405587848640276,0.15660062162291533,-0.07367462124058637,-0.028608614031519437,-0.029849516973483543,0.021455212421473524,0.07327868177076799,-0.01937801676145702,-0.05682475821854103,0.01489340623580383,0.047240205923068074,-0.04608335448467389,-0.09310551922736947,-0.03384477741086815,0.013931868619700635,0.11464686296308176,-0.036000008686055296,-0.017848034494818782,-0.006104598447992053,0.008531588057179362,0.0032820489675857017,-0.07367462124058637,0.07190178431928522,0.008461111505579088,0.012545138306310294,-0.01296317725932991,-0.045595190641828605,0.026271047765249824,0.02834751498434565,-0.0010199529209687364,-0.034713185627840926,0.029403727394102158,0.05952195341664059,0.029010072701502233,0.0033764427905768695,-0.07827587805661933,0.02866636294841388,0.003340364639543655,-0.0026388254384596584,0.0010227005920920179,-0.00947771068400068,-0.028608614031519437,0.008461111505579088,0.03290063529258348,0.00981085130175471,-0.015103232227541358,-0.009113000602033412,0.0066458863742586225,0.0024291431650162966,-0.012056585436364915,0.0011711770709652617,-0.008642603846915831,0.02057858963672944,0.002689071606311292,-0.0012311934983862895,-0.019566519639883016,0.0009036228968749445,-0.0028161635502956524,-0.0005540772950680221,0.002649396227106012,-5.5593013788088585e-5,-0.029849516973483543,0.012545138306310294,0.00981085130175471,0.020072852517863254,-0.0025142533263823917,-0.010454369804135825,0.0026216438890417863,0.009434204939400507,-0.004062702102230179,-0.006484947960197603,2.8014802572281887e-5,0.02505016769194464,0.004772809900159417,-0.003659860184447474,-0.022018212839397772,0.002653039834837523,-0.0006551573307307947,-0.0004134329051347864,-0.0007294699408215105,0.01115575673323009,0.021455212421473524,-0.01296317725932991,-0.015103232227541358,-0.0025142533263823917,0.017321407142157373,0.00731752932131526,-0.007594939112502408,-0.0064270901260396925,0.005663228958892093,0.0008067418542030385,0.0059645074313202425,-0.017961495846179683,-0.004784932479763536,0.004055693598842501,0.02087002565824739,-0.008249315334775992,0.014359127277964344,0.008035455757316803,0.0010986471073341445,-0.005175832529770446,0.07327868177076799,-0.045595190641828605,-0.009113000602033412,-0.010454369804135825,0.00731752932131526,0.058808561721946304,-0.015810853016829836,-0.03232001165484104,0.0013101141756868854,0.03487263310726024,-0.03957814141991822,-0.053154339873377934,-0.02343145466931877,-0.003305527455231382,0.0749135147952529,-0.024019305786506524,-0.004770844366510874,6.126309143001177e-5,0.004463628178964736,-0.0017957369593744185,-0.01937801676145702,0.026271047765249824,0.0066458863742586225,0.0026216438890417863,-0.007594939112502408,-0.015810853016829836,0.0330848932479549,0.00957472646346201,0.0010343999280364425,-0.00930825365719238,0.0036781474944758783,0.030016008003005655,0.012547779188536907,0.003127035489906081,-0.03464386308185572,0.014810532854863917,-0.0065623956899373845,-0.008670525883460156,0.0010655516587172028,0.0031962573068947168,-0.05682475821854103,0.02834751498434565,0.0024291431650162966,0.009434204939400507,-0.0064270901260396925,-0.03232001165484104,0.00957472646346201,0.04245578244788598,-0.004523740496487239,-0.023279667960934912,0.031667274681356467,0.033089524705256446,0.01424988140182289,-0.0063033535019736305,-0.04921463558638425,0.018602313701410036,-0.0021428151269063714,0.0037722588100316933,-0.0027765188616451146,0.005249055457412159,0.01489340623580383,-0.0010199529209687364,-0.012056585436364915,-0.004062702102230179,0.005663228958892093,0.0013101141756868854,0.0010343999280364425,-0.004523740496487239,0.020557752954758295,-0.0003722572017040716,0.0030973322503485517,-0.006546525600509598,-0.0010100756739668624,0.00722465312461672,-0.00040102316078231056,-0.0035197545124902047,0.015026795435746403,0.0076305345014916984,-0.0019224544459360367,-0.011026464838346428,0.047240205923068074,-0.034713185627840926,0.0011711770709652617,-0.006484947960197603,0.0008067418542030385,0.03487263310726024,-0.00930825365719238,-0.023279667960934912,-0.0003722572017040716,0.04568766473171205,-0.04255073390164338,-0.03696280247075401,-0.016986569129695765,-0.00708707626775488,0.04910263207842948,-0.020355645128535098,-0.013441308279887609,-0.016053561568412734,-0.007003169591440832,0.013600199423440717,-0.04608335448467389,0.029403727394102158,-0.008642603846915831,2.8014802572281887e-5,0.0059645074313202425,-0.03957814141991822,0.0036781474944758783,0.031667274681356467,0.0030973322503485517,-0.04255073390164338,0.08724015468653867,0.0215792193258841,0.012655936550100041,0.010209844887732134,-0.04982687394235301,0.029785391077277113,-0.014922526333906217,-0.007560821104617026,0.006797787241914247,0.0006638275760350775,-0.09310551922736947,0.05952195341664059,0.02057858963672944,0.02505016769194464,-0.017961495846179683,-0.053154339873377934,0.030016008003005655,0.033089524705256446,-0.006546525600509598,-0.03696280247075401,0.0215792193258841,0.08985500752127844,0.031595346660818924,0.0003002329072255974,-0.09360890892721818,0.022713439459389154,-0.011837216874668825,-0.00042601900961507645,0.007894760150101338,0.00018478728573458075,-0.03384477741086815,0.029010072701502233,0.002689071606311292,0.004772809900159417,-0.004784932479763536,-0.02343145466931877,0.012547779188536907,0.01424988140182289,-0.0010100756739668624,-0.016986569129695765,0.012655936550100041,0.031595346660818924,0.029488322980551353,0.0022303860914333,-0.0365900567212438,0.017303956819802492,-0.006089709518806809,0.0014811722676696519,0.0014749783168035153,0.005691408705609862,0.013931868619700635,0.0033764427905768695,-0.0012311934983862895,-0.003659860184447474,0.004055693598842501,-0.003305527455231382,0.003127035489906081,-0.0063033535019736305,0.00722465312461672,-0.00708707626775488,0.010209844887732134,0.0003002329072255974,0.0022303860914333,0.023513107368539763,-0.005335024698040988,-0.002142891081091227,0.019099305307275494,0.009278177132142348,-0.002106329928228321,-0.001580223876712597,0.11464686296308176,-0.07827587805661933,-0.019566519639883016,-0.022018212839397772,0.02087002565824739,0.0749135147952529,-0.03464386308185572,-0.04921463558638425,-0.00040102316078231056,0.04910263207842948,-0.04982687394235301,-0.09360890892721818,-0.0365900567212438,-0.005335024698040988,0.1348683901967488,-0.03703215401024661,-0.005731499154719638,-0.004637987447147014,0.0019190251981098844,-0.0016459881900537775,-0.036000008686055296,0.02866636294841388,0.0009036228968749445,0.002653039834837523,-0.008249315334775992,-0.024019305786506524,0.014810532854863917,0.018602313701410036,-0.0035197545124902047,-0.020355645128535098,0.029785391077277113,0.022713439459389154,0.017303956819802492,-0.002142891081091227,-0.03703215401024661,0.03583583425364769
0.04083629442900146,-0.003372324305600632,0.012019969368520648,-0.023599003862679074,-0.0030509953985663465,0.02284876112804334,0.0075558634276246565,-0.001987519245884465,0.009836023183987005,-0.008081194285556112,-0.004629028732981728,-0.011380133172340944,-0.010543967437108517,-0.0039645431159882755,-0.007892147745069156,0.0005192177763015072,-0.004446041236029489,0.0029039203579094034,0.004509632366927061,0.00858422654850837,-0.003372324305600632,0.0319687757099362,-0.006562459723090306,-0.00894645141945841,0.011540319650006643,-0.015124796014468658,0.007071852077928183,0.0007589876626949168,-0.020021610909537007,0.03139573019386227,-0.004870691403815234,-0.012673561238978245,-0.0031992806188092305,0.016274533696773525,-0.034569911546390976,-0.007205686984667537,-0.010394559537038182,-0.0156394895397529,0.0311569673470541,-0.013473383601573977,0.012019969368520648,-0.006562459723090306,0.02477269881045512,-0.002769893183182098,-0.012229482445072864,0.021413141503235398,0.0017663309774198369,0.007839656433414315,0.006541416244888796,-0.01637094332106152,0.00577426927137735,0.00040937952573690445,-0.005296646010282464,-0.005808611392268549,0.006779463037773315,0.010117236755343822,0.0009264358986763072,0.007488010927908735,-0.01177626311829277,0.009138619907584354,-0.023599003862679074,-0.00894645141945841,-0.002769893183182098,0.03858188345481628,0.005718470782415261,-0.010861095152356736,-0.016280500952639537,-0.0014475220397411467,0.00674074832115339,-0.0003125778801501773,-0.0022749547176667976,0.01887679628744521,0.012521076804765026,-0.00016532694974694638,0.03059614937033297,-0.009166781955423498,0.007884382144414035,0.002690879098293638,-0.010466577823942974,-7.614287404096413e-5,-0.0030509953985663465,0.011540319650006643,-0.012229482445072864,0.005718470782415261,0.0737323275732115,-0.07443868975265511,-0.008911320106855886,-0.017732346513689337,0.006429818210894871,0.05434337833121493,-0.04153577977132057,-0.02364867808231234,-0.002800770637782711,0.037395168333400765,-0.036743009081887025,-0.08647497785629697,-0.02566757884078978,-0.022178754890953147,0.09054964518569254,-0.026317025661528805,0.02284876112804334,-0.015124796014468658,0.021413141503235398,-0.010861095152356736,-0.07443868975265511,0.1473785705432602,0.011456707517144615,0.028203627591321244,-0.0033483733180428195,-0.068508587967744,0.06435719738467528,0.024039620247561913,-0.002597351713045844,-0.0414073267316656,0.03856199667764068,0.13524554208167677,0.04402024928605397,0.03720537709457576,-0.11943016875874514,0.03872207121927187,0.0075558634276246565,0.007071852077928183,0.0017663309774198369,-0.016280500952639537,-0.008911320106855886,0.011456707517144615,0.03275675495509454,0.014007138319821654,-0.019124892855071712,-0.0025065710971276215,0.01089539307529968,-0.008602131988798467,-0.010617830677403406,0.0034765965666582596,-0.013891144627502669,0.025545406316191982,0.003428206054320365,-0.005536597858526435,0.004025361484649451,0.004202078717640743,-0.001987519245884465,0.0007589876626949168,0.007839656433414315,-0.0014475220397411467,-0.017732346513689337,0.028203627591321244,0.014007138319821654,0.027067442942126076,-0.009527478100635813,-0.008128398469136875,0.018591375405370335,0.0052412153693869165,-0.002327626177128085,-0.001961289039996975,0.00015343099879265663,0.04168988550249526,0.010724886122736468,0.0035859207775247766,-0.0207147861692361,0.008643157821031764,0.009836023183987005,-0.020021610909537007,0.006541416244888796,0.00674074832115339,0.006429818210894871,-0.0033483733180428195,-0.019124892855071712,-0.009527478100635813,0.03961920578683832,-0.017033443370634158,-0.005197175114875918,0.00036904369987149756,-0.0007174144077448496,-0.013400517935333244,0.021656488503697426,-0.027776589233008464,0.0015446901653865988,0.008875993160053776,-0.010010816924242837,-0.0016612648221558117,-0.008081194285556112,0.03139573019386227,-0.01637094332106152,-0.0003125778801501773,0.05434337833121493,-0.068508587967744,-0.0025065710971276215,-0.008128398469136875,-0.017033443370634158,0.09228689876793025,-0.03486601237372663,-0.024231268248010637,2.498115163079574e-5,0.04600160198920385,-0.0622547080537731,-0.07108600845774446,-0.027889193227058434,-0.03991462427765642,0.09590305239446928,-0.032223811830661885,-0.004629028732981728,-0.004870691403815234,0.00577426927137735,-0.0022749547176667976,-0.04153577977132057,0.06435719738467528,0.01089539307529968,0.018591375405370335,-0.005197175114875918,-0.03486601237372663,0.05252074412802148,0.010092883776090137,-0.0009087759098060574,-0.021894982183388558,0.015292902863287132,0.07642191554822675,0.023511344319798864,0.015634274215084176,-0.06978352129236413,0.016545114789050346,-0.011380133172340944,-0.012673561238978245,0.00040937952573690445,0.01887679628744521,-0.02364867808231234,0.024039620247561913,-0.008602131988798467,0.0052412153693869165,0.00036904369987149756,-0.024231268248010637,0.010092883776090137,0.03738858081519716,0.009681176249112577,-0.016204635019674316,0.03853285584636158,0.033293376679948083,0.01918377157549089,0.014955594855338025,-0.04548596308765654,0.010086545453943666,-0.010543967437108517,-0.0031992806188092305,-0.005296646010282464,0.012521076804765026,-0.002800770637782711,-0.002597351713045844,-0.010617830677403406,-0.002327626177128085,-0.0007174144077448496,2.498115163079574e-5,-0.0009087759098060574,0.009681176249112577,0.01950311105207464,-0.0018316243691141997,0.012639938555736707,0.0018068768637109686,0.004589159655755479,0.006910571805965654,-0.008654700121558875,0.0015897664248148682,-0.0039645431159882755,0.016274533696773525,-0.005808611392268549,-0.00016532694974694638,0.037395168333400765,-0.0414073267316656,0.0034765965666582596,-0.001961289039996975,-0.013400517935333244,0.04600160198920385,-0.021894982183388558,-0.016204635019674316,-0.0018316243691141997,0.03865485656605639,-0.036853161437574666,-0.04025855988594098,-0.01741646563846555,-0.018342477996511366,0.06431311281880438,-0.015596331697991128,-0.007892147745069156,-0.034569911546390976,0.006779463037773315,0.03059614937033297,-0.036743009081887025,0.03856199667764068,-0.013891144627502669,0.00015343099879265663,0.021656488503697426,-0.0622547080537731,0.015292902863287132,0.03853285584636158,0.012639938555736707,-0.036853161437574666,0.09800557117521178,0.03805430384393613,0.030563115621943963,0.031758480152963474,-0.08093423139231187,0.026161250512462996,0.0005192177763015072,-0.007205686984667537,0.010117236755343822,-0.009166781955423498,-0.08647497785629697,0.13524554208167677,0.025545406316191982,0.04168988550249526,-0.027776589233008464,-0.07108600845774446,0.07642191554822675,0.033293376679948083,0.0018068768637109686,-0.04025855988594098,0.03805430384393613,0.17932883355555765,0.05544121081605411,0.03963801132942682,-0.13657446102757825,0.03143606765006504,-0.004446041236029489,-0.010394559537038182,0.0009264358986763072,0.007884382144414035,-0.02566757884078978,0.04402024928605397,0.003428206054320365,0.010724886122736468,0.0015446901653865988,-0.027889193227058434,0.023511344319798864,0.01918377157549089,0.004589159655755479,-0.01741646563846555,0.030563115621943963,0.05544121081605411,0.03199605765674911,0.015974953919713625,-0.05242701592315603,0.011494130243209092,0.0029039203579094034,-0.0156394895397529,0.007488010927908735,0.002690879098293638,-0.022178754890953147,0.03720537709457576,-0.005536597858526435,0.0035859207775247766,0.008875993160053776,-0.03991462427765642,0.015634274215084176,0.014955594855338025,0.006910571805965654,-0.018342477996511366,0.031758480152963474,0.03963801132942682,0.015974953919713625,0.04409965832904862,-0.04216474070350241,0.01419037606195836,0.004509632366927061,0.0311569673470541,-0.01177626311829277,-0.010466577823942974,0.09054964518569254,-0.11943016875874514,0.004025361484649451,-0.0207147861692361,-0.010010816924242837,0.09590305239446928,-0.06978352129236413,-0.04548596308765654,-0.008654700121558875,0.06431311281880438,-0.08093423139231187,-0.13657446102757825,-0.05242701592315603,-0.04216474070350241,0.1724233804299715,-0.03381887197562,0.00858422654850837,-0.013473383601573977,0.009138619907584354,-7.614287404096413e-5,-0.026317025661528805,0.03872207121927187,0.004202078717640743,0.008643157821031764,-0.0016612648221558117,-0.032223811830661885,0.016545114789050346,0.010086545453943666,0.0015897664248148682,-0.015596331697991128,0.026161250512462996,0.03143606765006504,0.011494130243209092,0.01419037606195836,-0.03381887197562,0.03160868116500904
0.024026129964781564,-0.002773053304285974,0.005648744357988587,-0.008781998228568344,0.005083967143187773,0.0024958072622629545,0.006558134276448441,-0.011919566887517054,0.0019041280415888094,0.00368536980894469,-0.007827564373445214,-0.011517129281996157,-0.0013928454128837103,0.010997145369022446,0.006385129360177032,0.005098030770330218,-0.005128334659728739,0.002885817340372733,-0.00025804204349053994,-0.006972082907169925,-0.002773053304285974,0.02645494608225445,-0.0003871549049994417,0.0023757130040489797,0.0010017739827226277,-0.007249071238875809,0.003400248938282508,-0.002453323586342683,-0.0010473608003983919,0.0034335896821109293,-0.0052996435947819205,0.0008153494127798568,-0.005831019387488038,0.00016669065871016334,0.0037201838242936804,0.007603286582068517,0.002055378375913159,-0.007380244281932098,-0.013425783147058269,0.0013820549737923941,0.005648744357988587,-0.0003871549049994417,0.04465078850478415,0.0270894403508918,-0.007634393432676173,0.02118126140772903,-0.011449371471879376,-0.01317317974728547,-0.011502360801576902,-0.0017667133696860071,-0.004155214632689615,-0.0005410741235708752,-0.003809557243531992,0.012385200153994892,-0.006886090247982061,-0.012736145181406817,-0.008361578357035406,-0.022046819142928633,-0.002471922834125167,0.010259195434378972,-0.008781998228568344,0.0023757130040489797,0.0270894403508918,0.060606234743637515,-0.03536417868349223,0.020507385121186272,-0.007862260695692368,-0.006773468265345455,-0.013019437733272148,-0.0067798198007234895,-0.0024526117404554217,0.012596035078434552,0.0023239452574605876,0.019311767257138342,-0.014728010391412211,-0.019201149315465467,-0.0061158110073839846,-0.009313026391361641,-0.0031755067711456975,-0.00286491309239336,0.005083967143187773,0.0010017739827226277,-0.007634393432676173,-0.03536417868349223,0.041073005652290204,-0.010746180128597595,-0.0013954129935112593,0.0035238915994322004,0.002072628233193729,0.007054382840073435,-0.0025567255860723765,-0.009612845817967867,-0.0012816477996319849,-0.013411819795871414,0.011905292009764354,0.007351687833890259,0.003860597954400763,0.005289323602676853,0.004126908044073768,0.00982697223862114,0.0024958072622629545,-0.007249071238875809,0.02118126140772903,0.020507385121186272,-0.010746180128597595,0.03578392784101443,-0.01122474448374431,0.0026774260778948747,-0.010242474054777363,-0.006544326618050689,0.004293757942434622,-0.0024143790383713026,0.0037097636011614657,0.006420924737802997,-0.002803005299311819,-0.01344604812242231,-0.006874382947821998,-0.012814083963728995,0.005642273163923038,0.005320224752009066,0.006558134276448441,0.003400248938282508,-0.011449371471879376,-0.007862260695692368,-0.0013954129935112593,-0.01122474448374431,0.03082328639078888,-0.009835069631108913,0.007928120999185315,0.008118090818197454,-0.009219321895245375,-0.006997456488969078,0.0016533385888271223,0.00907058780087599,0.00535276727427874,0.011929054222851261,-0.006772419865184856,-0.0008602516796996694,-0.005137344898364695,-0.015050453780406533,-0.011919566887517054,-0.002453323586342683,-0.01317317974728547,-0.006773468265345455,0.0035238915994322004,0.0026774260778948747,-0.009835069631108913,0.035290105323882305,0.0046094343411031465,-0.010305987719875533,0.014197776910237284,-0.00041796119561808033,0.006240316169154297,-0.019155609263604857,-0.00255284717245089,-0.005240654934312229,0.007276764088747724,0.0052945651103382275,0.006854163761415031,0.009811870236006673,0.0019041280415888094,-0.0010473608003983919,-0.011502360801576902,-0.013019437733272148,0.002072628233193729,-0.010242474054777363,0.007928120999185315,0.0046094343411031465,0.025197505966288707,-0.0017673968140607098,-0.0005863894033158793,-0.003976163836614552,0.003497855048865522,-0.0048602603618005365,0.004217746711687206,0.004747436181953608,0.0023073933497794264,0.009218060572323276,0.00025120752075532627,-0.0021337377187833836,0.00368536980894469,0.0034335896821109293,-0.0017667133696860071,-0.0067798198007234895,0.007054382840073435,-0.006544326618050689,0.008118090818197454,-0.010305987719875533,-0.0017673968140607098,0.02327365251877498,-0.009759547729784157,-0.0008324454520091351,-0.0015766344482351692,0.004151567345801758,0.0019297372316300207,0.007053994733047123,-0.0038027587109783698,0.0006228292313640446,-0.004460461132120982,-0.004927520562513173,-0.007827564373445214,-0.0052996435947819205,-0.004155214632689615,-0.0024526117404554217,-0.0025567255860723765,0.004293757942434622,-0.009219321895245375,0.014197776910237284,-0.0005863894033158793,-0.009759547729784157,0.025037487805695546,0.004339207094604471,0.0026050844087017666,-0.015453265446374397,-0.003384564162956012,-0.007265458407543616,0.005930860077797341,0.00433828578239557,0.006227627964162514,0.006481490204318948,-0.011517129281996157,0.0008153494127798568,-0.0005410741235708752,0.012596035078434552,-0.009612845817967867,-0.0024143790383713026,-0.006997456488969078,-0.00041796119561808033,-0.003976163836614552,-0.0008324454520091351,0.004339207094604471,0.039767140806958166,0.0003308633371961748,-0.006560661987442322,-0.007904861051610843,-0.008873306315297032,8.522391113073238e-5,0.007556178522051708,-0.006642735769506405,-0.002103401200791835,-0.0013928454128837103,-0.005831019387488038,-0.003809557243531992,0.0023239452574605876,-0.0012816477996319849,0.0037097636011614657,0.0016533385888271223,0.006240316169154297,0.003497855048865522,-0.0015766344482351692,0.0026050844087017666,0.0003308633371961748,0.019419006408688457,0.0011206872124649595,-0.004073708812716462,-0.005284458709075415,-0.0020408202184579484,0.005179658693865642,0.002026998806976493,-0.006594880525859055,0.010997145369022446,0.00016669065871016334,0.012385200153994892,0.019311767257138342,-0.013411819795871414,0.006420924737802997,0.00907058780087599,-0.019155609263604857,-0.0048602603618005365,0.004151567345801758,-0.015453265446374397,-0.006560661987442322,0.0011206872124649595,0.03914778459337832,0.00011194375494769624,0.0015077982972131075,-0.014034111241451208,-0.009395064321182851,-0.0028171119984350557,-0.011520291944661842,0.006385129360177032,0.0037201838242936804,-0.006886090247982061,-0.014728010391412211,0.011905292009764354,-0.002803005299311819,0.00535276727427874,-0.00255284717245089,0.004217746711687206,0.0019297372316300207,-0.003384564162956012,-0.007904861051610843,-0.004073708812716462,0.00011194375494769624,0.01755731796209454,0.008292293544829188,-0.00038920779066709563,0.0002536161092492494,-0.00047711278410114254,5.8777579031580424e-5,0.005098030770330218,0.007603286582068517,-0.012736145181406817,-0.019201149315465467,0.007351687833890259,-0.01344604812242231,0.011929054222851261,-0.005240654934312229,0.004747436181953608,0.007053994733047123,-0.007265458407543616,-0.008873306315297032,-0.005284458709075415,0.0015077982972131075,0.008292293544829188,0.03310433968938193,0.0031260731477170452,-0.0014736832181110303,-0.004076611237808725,-0.0095599649926436,-0.005128334659728739,0.002055378375913159,-0.008361578357035406,-0.0061158110073839846,0.003860597954400763,-0.006874382947821998,-0.006772419865184856,0.007276764088747724,0.0023073933497794264,-0.0038027587109783698,0.005930860077797341,8.522391113073238e-5,-0.0020408202184579484,-0.014034111241451208,-0.00038920779066709563,0.0031260731477170452,0.02346337606500016,0.008109176639562326,-0.001480161947868825,0.0014912409351612475,0.002885817340372733,-0.007380244281932098,-0.022046819142928633,-0.009313026391361641,0.005289323602676853,-0.012814083963728995,-0.0008602516796996694,0.0052945651103382275,0.009218060572323276,0.0006228292313640446,0.00433828578239557,0.007556178522051708,0.005179658693865642,-0.009395064321182851,0.0002536161092492494,-0.0014736832181110303,0.008109176639562326,0.03335570219549595,-0.0018336993517433335,-0.011766024507151565,-0.00025804204349053994,-0.013425783147058269,-0.002471922834125167,-0.0031755067711456975,0.004126908044073768,0.005642273163923038,-0.005137344898364695,0.006854163761415031,0.00025120752075532627,-0.004460461132120982,0.006227627964162514,-0.006642735769506405,0.002026998806976493,-0.0028171119984350557,-0.00047711278410114254,-0.004076611237808725,-0.001480161947868825,-0.0018336993517433335,0.02141478741865681,0.0025868632197242345,-0.006972082907169925,0.0013820549737923941,0.010259195434378972,-0.00286491309239336,0.00982697223862114,0.005320224752009066,-0.015050453780406533,0.009811870236006673,-0.0021337377187833836,-0.004927520562513173,0.006481490204318948,-0.002103401200791835,-0.006594880525859055,-0.011520291944661842,5.8777579031580424e-5,-0.0095599649926436,0.0014912409351612475,-0.011766024507151565,0.0025868632197242345,0.032516810226168175
