0.021073016398787715,0.0007461816746297135,0.00020886395922532493,-0.005926706847740999,-0.0028725343860755855,0.004558054714813144,-6.038928495804302e-5,-0.003575426444778768,0.002854933239279326,0.0018660718124652962,0.002954722034905619,-0.003935754644785379,-0.002185544050309356,0.0022591971085207854,0.004260348680383781,0.004769482136103997,0.0008231040094628793,-0.004482104671281366,-0.0005340822134499278,-0.0029440107293780006,0.0007461816746297135,0.017888810949209556,-0.0017165104708526044,-0.006654210310195596,-0.001429818340686299,0.0035540202657711635,0.0023907034520954224,-0.010765117408600762,-0.004350187615674522,-0.00030983978849471214,0.0012138659793499496,-0.0037147905788315716,0.0009523311803987515,0.004199760183845406,0.00416339369263718,0.004985590737191541,0.0012642922233798565,0.00101403681433344,0.0008091531576894392,0.00039505339380440177,0.00020886395922532493,-0.0017165104708526044,0.02150389722464134,-0.001999990614281165,-0.006521813771395931,0.004471069210287414,0.006468019558674255,-0.005565623966467417,-0.004162964346973814,0.004056932016806486,-0.0029914272187343493,-0.0005164291424000478,-0.005462092668655059,0.0019764986254701923,0.004333442743071138,0.001809882878493703,0.005072430196241031,-0.00030354409635614365,-0.002886446210410624,-0.0016000253874010055,-0.005926706847740999,-0.006654210310195596,-0.001999990614281165,0.032940167978683106,0.005700358329234281,-0.009957959202490645,0.001619794681404062,0.007607615975781067,-0.0023677797183855004,0.0028616269822754996,-0.00523831415497192,0.0026538262686105684,0.0026266046314054846,-0.00449449453163931,-0.006058897665602716,-0.0038823625392947116,-0.00315769269997512,-0.0032720058577298946,0.002079507906354819,-0.0064102802617577535,-0.0028725343860755855,-0.001429818340686299,-0.006521813771395931,0.005700358329234281,0.01575680140143559,-0.006317250668790468,0.0005511519370382298,0.005021415875712086,0.0005786254294507899,-0.0033821624275983332,-0.0004481589901949608,0.0016860197155010857,-0.0003862514447018284,0.0043165362755634516,0.0013022692029637224,-0.005602571348901674,0.0027278856559574426,0.002211608878722679,0.002115702081976507,0.00023867356917004303,0.004558054714813144,0.0035540202657711635,0.004471069210287414,-0.009957959202490645,-0.006317250668790468,0.02120739604071318,0.004255775546346331,-0.008895633275829734,5.8318333723118916e-5,0.0024848615000124547,0.0009809816308772213,0.0005810579432546722,-0.005741114586703738,0.00014084488184839454,0.0004843356965238748,0.00022566159303606193,0.002521530948185138,-0.0028924724430887503,-0.005225812843923778,0.002174794381965467,-6.038928495804302e-5,0.0023907034520954224,0.006468019558674255,0.001619794681404062,0.0005511519370382298,0.004255775546346331,0.025474580179101577,-0.012491364557384952,-0.006165442845708772,-0.0002704277199341362,-0.006104150420613389,-0.0017690642447541608,-0.0011247148061477742,-0.0030796305743470897,8.254945980803121e-5,0.002354120744882519,0.003970311240575321,4.1867923592320635e-5,-0.003737770133742109,-0.0035410067337857494,-0.003575426444778768,-0.010765117408600762,-0.005565623966467417,0.007607615975781067,0.005021415875712086,-0.008895633275829734,-0.012491364557384952,0.03272702212582659,0.0026668278744683017,-0.003418398519148735,0.00220866594354576,0.0031451635191087988,0.003816898737355947,0.0008373993257905221,-0.0036408203601710045,-0.005784525173821241,-0.0020696062164675556,0.004595354638791223,0.002027769356583055,0.0025454825052832353,0.002854933239279326,-0.004350187615674522,-0.004162964346973814,-0.0023677797183855004,0.0005786254294507899,5.8318333723118916e-5,-0.006165442845708772,0.0026668278744683017,0.017218026746804324,-0.004851930880632209,0.002150876505057412,0.003972273066543448,0.00191941892819207,-0.0014231223924472435,0.006182304873384451,0.0004928480116956055,-0.0028071865370293088,0.0005698698355338145,-0.002562331394336615,-0.002975849705379097,0.0018660718124652962,-0.00030983978849471214,0.004056932016806486,0.0028616269822754996,-0.0033821624275983332,0.0024848615000124547,-0.0002704277199341362,-0.003418398519148735,-0.004851930880632209,0.020072046793124108,-0.0015799292482828855,-0.0042937243285620826,0.0022065321519959494,-0.0006887345140481743,-0.0014368018601038524,0.00772436749879498,-0.002857451855475944,-0.0020170648402058396,0.0006574337953585778,-0.001716616246318233,0.002954722034905619,0.0012138659793499496,-0.0029914272187343493,-0.00523831415497192,-0.0004481589901949608,0.0009809816308772213,-0.006104150420613389,0.00220866594354576,0.002150876505057412,-0.0015799292482828855,0.017637617836995374,-0.005515123662113482,0.0015195012746600596,-0.0019401971132120641,0.0009383818211180389,0.0012312787831404836,-0.0031791981238901163,0.0004372086299652259,-0.0037497729314986405,0.003856757783709832,-0.003935754644785379,-0.0037147905788315716,-0.0005164291424000478,0.0026538262686105684,0.0016860197155010857,0.0005810579432546722,-0.0017690642447541608,0.0031451635191087988,0.003972273066543448,-0.0042937243285620826,-0.005515123662113482,0.026415658227252472,-0.0008684883057862287,0.001239853243237057,-0.0014332264149384336,-0.00644269798117922,0.0007621539428730069,-0.0001449313061209625,0.0029425421087423964,-0.000705194946387585,-0.002185544050309356,0.0009523311803987515,-0.005462092668655059,0.0026266046314054846,-0.0003862514447018284,-0.005741114586703738,-0.0011247148061477742,0.003816898737355947,0.00191941892819207,0.0022065321519959494,0.0015195012746600596,-0.0008684883057862287,0.01313381610593539,-0.0002637614902637064,0.00011041171940235419,-0.003167994704558767,-0.0030859989563771046,0.001744683168445436,0.0023290349229654972,0.0020499034764608287,0.0022591971085207854,0.004199760183845406,0.0019764986254701923,-0.00449449453163931,0.0043165362755634516,0.00014084488184839454,-0.0030796305743470897,0.0008373993257905221,-0.0014231223924472435,-0.0006887345140481743,-0.0019401971132120641,0.001239853243237057,-0.0002637614902637064,0.01690082532036904,3.1289391432335393e-6,-0.0033014793839048423,0.0008083548728618092,-0.000725738933376875,-0.0014915771155524036,-0.00035433613368411653,0.004260348680383781,0.00416339369263718,0.004333442743071138,-0.006058897665602716,0.0013022692029637224,0.0004843356965238748,8.254945980803121e-5,-0.0036408203601710045,0.006182304873384451,-0.0014368018601038524,0.0009383818211180389,-0.0014332264149384336,0.00011041171940235419,3.1289391432335393e-6,0.016529220385755685,0.005295872748042368,-0.0017674521676760318,-0.0015564162092588205,0.002113659664557524,-0.0034787605307348684,0.004769482136103997,0.004985590737191541,0.001809882878493703,-0.0038823625392947116,-0.005602571348901674,0.00022566159303606193,0.002354120744882519,-0.005784525173821241,0.0004928480116956055,0.00772436749879498,0.0012312787831404836,-0.00644269798117922,-0.003167994704558767,-0.0033014793839048423,0.005295872748042368,0.018433566002822064,-0.0032495705998483405,-0.0026046555942546724,-0.003956578948131646,-0.0056279064829814,0.0008231040094628793,0.0012642922233798565,0.005072430196241031,-0.00315769269997512,0.0027278856559574426,0.002521530948185138,0.003970311240575321,-0.0020696062164675556,-0.0028071865370293088,-0.002857451855475944,-0.0031791981238901163,0.0007621539428730069,-0.0030859989563771046,0.0008083548728618092,-0.0017674521676760318,-0.0032495705998483405,0.020017361189835808,0.0008585858166105455,-0.001968293442222214,0.0011776307292196138,-0.004482104671281366,0.00101403681433344,-0.00030354409635614365,-0.0032720058577298946,0.002211608878722679,-0.0028924724430887503,4.1867923592320635e-5,0.004595354638791223,0.0005698698355338145,-0.0020170648402058396,0.0004372086299652259,-0.0001449313061209625,0.001744683168445436,-0.000725738933376875,-0.0015564162092588205,-0.0026046555942546724,0.0008585858166105455,0.016364470351111722,0.002466338808408599,0.005045735188989748,-0.0005340822134499278,0.0008091531576894392,-0.002886446210410624,0.002079507906354819,0.002115702081976507,-0.005225812843923778,-0.003737770133742109,0.002027769356583055,-0.002562331394336615,0.0006574337953585778,-0.0037497729314986405,0.0029425421087423964,0.0023290349229654972,-0.0014915771155524036,0.002113659664557524,-0.003956578948131646,-0.001968293442222214,0.002466338808408599,0.009699227181087948,-0.00041276595282432904,-0.0029440107293780006,0.00039505339380440177,-0.0016000253874010055,-0.0064102802617577535,0.00023867356917004303,0.002174794381965467,-0.0035410067337857494,0.0025454825052832353,-0.002975849705379097,-0.001716616246318233,0.003856757783709832,-0.000705194946387585,0.0020499034764608287,-0.00035433613368411653,-0.0034787605307348684,-0.0056279064829814,0.0011776307292196138,0.005045735188989748,-0.00041276595282432904,0.021593213766914265
