0.0334652502847706,0.003042672705965141,-0.0037604374711819096,-0.009642975761106372,0.0017241980105399315,0.011034526116707475,0.011577463234433262,-0.0021568973237737566,0.0018953881400105754,0.005880854222105438,0.005178366886853126,-0.006903860929601069,-0.001915873035060138,-0.0025131327147244627,-0.0030874470084893456,0.008391427090532741,0.0006418095158296894,-0.009211538376193207,-0.0034065968882489852,-0.0026171635948826375,0.003042672705965141,0.03413816808774338,0.016150756906588702,-0.010788820098395869,-0.011072911671611011,0.017815738889267026,0.005624581964830039,-0.016840395882817442,0.001654383155232522,0.01607547268675811,-0.0016205946310142935,-0.0064518134803531624,0.002075656704675225,-0.00046006143661574085,0.005494304405862805,0.015688011928143772,-0.010008293634838777,-0.010908895091779804,-0.0047847615623132335,-0.01248157630958318,-0.0037604374711819096,0.016150756906588702,0.07346633777273584,-0.007367055953936505,-0.0258001996906063,0.01086467697164549,0.006691336991686945,-0.015602441753007281,0.010317223977938446,0.02418319934215203,-0.009441162012671053,-0.01193082427633063,-0.006765769927249115,-0.003244230463225861,0.014142429135733185,0.004327689162871387,-0.012496115673464061,-0.010989706312928685,-0.012067938376542884,-0.022448031736492784,-0.009642975761106372,-0.010788820098395869,-0.007367055953936505,0.04344054731986583,0.014706963038306136,-0.007246959274679192,-0.006101878789676953,0.009817418225964922,-0.0063543241214918025,0.0005816388722629429,-0.0015427454030551829,0.008570342663631894,0.0015262219497227257,0.002490057134010901,-0.003526633551903607,-0.011536909774140167,0.005238886235882393,-0.004871006357471458,0.005071463996655456,0.0006063129928658112,0.0017241980105399315,-0.011072911671611011,-0.0258001996906063,0.014706963038306136,0.042513629517775445,-0.014810460827018243,-0.008785093737117515,0.022668618217505945,-0.00453993350847387,-0.01110934792792938,0.006328217178118725,0.0012245190662187452,0.0035546234812881385,0.0021375008401772286,-0.010656215816446818,-0.019849218919911607,0.018333905230474262,0.004083521935821282,0.013296161474653085,0.018136187453919577,0.011034526116707475,0.017815738889267026,0.01086467697164549,-0.007246959274679192,-0.014810460827018243,0.03918170930388342,0.01094704582250615,-0.023163624646818107,-0.0032103591884684295,0.021147999831006375,0.005889892571584549,-0.005258128308868151,-0.002598733133743517,-0.006930659096910085,-0.0028601485872076196,0.021079145783025142,-0.009180404312154798,-0.015926451343813965,-0.00712592038983755,-0.011694245275977382,0.011577463234433262,0.005624581964830039,0.006691336991686945,-0.006101878789676953,-0.008785093737117515,0.01094704582250615,0.03230265686776109,-0.011158096635196629,-0.00045294464543413316,0.00762093887464663,-0.0040075359489862355,-0.00543895610677704,-0.002422416811447895,-0.005958384198203947,0.002915581727420751,0.009527329418614465,-0.0018935015709458168,-0.0034764613283608903,-0.014148469355658763,-0.00611284269573367,-0.0021568973237737566,-0.016840395882817442,-0.015602441753007281,0.009817418225964922,0.022668618217505945,-0.023163624646818107,-0.011158096635196629,0.044832682791213475,-0.001181727242888118,-0.012901382435741618,-0.0021032025601367896,0.0020853944903232594,-0.0018048208947734398,0.0007425826257657454,-0.00501294339345611,-0.024060934991458297,0.02112392019898281,0.006459794341164212,0.005142095060719864,0.011011843803923461,0.0018953881400105754,0.001654383155232522,0.010317223977938446,-0.0063543241214918025,-0.00453993350847387,-0.0032103591884684295,-0.00045294464543413316,-0.001181727242888118,0.02156340146936677,-0.004330271643862939,-0.007033803198339852,-0.003180553304326271,0.004419322759729729,9.436383331728646e-5,0.002087143866697005,-0.000517619532256403,-0.011913079668984073,0.00623389540579918,-0.002693812733604614,-0.005605719652642007,0.005880854222105438,0.01607547268675811,0.02418319934215203,0.0005816388722629429,-0.01110934792792938,0.021147999831006375,0.00762093887464663,-0.012901382435741618,-0.004330271643862939,0.04743998298130846,-0.002419854272162968,-0.004911428505400991,-0.00657751093743727,-0.003550487933639775,0.00831767769346045,0.011888343712526356,-0.00778015403620201,-0.019348138541290406,-0.011246417549005572,-0.019849770478577583,0.005178366886853126,-0.0016205946310142935,-0.009441162012671053,-0.0015427454030551829,0.006328217178118725,0.005889892571584549,-0.0040075359489862355,-0.0021032025601367896,-0.007033803198339852,-0.002419854272162968,0.027158315725899003,-0.0007799178305699758,-2.070165900923762e-5,-0.0022858540681088887,-0.003013610679763686,0.0017651781915348284,0.0036703414114544297,0.001197878914165879,-0.0016901715239148346,0.013488519218120412,-0.006903860929601069,-0.0064518134803531624,-0.01193082427633063,0.008570342663631894,0.0012245190662187452,-0.005258128308868151,-0.00543895610677704,0.0020853944903232594,-0.003180553304326271,-0.004911428505400991,-0.0007799178305699758,0.026517115671133927,-0.00025603651692819433,0.0034186592751601465,-0.0008180128946762861,-0.004369155919878532,-0.004779923940782884,0.0014777129617860648,0.005409705254544104,0.0033276031287843852,-0.001915873035060138,0.002075656704675225,-0.006765769927249115,0.0015262219497227257,0.0035546234812881385,-0.002598733133743517,-0.002422416811447895,-0.0018048208947734398,0.004419322759729729,-0.00657751093743727,-2.070165900923762e-5,-0.00025603651692819433,0.01854680709982687,0.001397520435882481,-0.0035053302180792062,0.005445713884941271,-0.009790550654990762,0.0032723429641635213,0.009668859305176912,0.0031065754153990857,-0.0025131327147244627,-0.00046006143661574085,-0.003244230463225861,0.002490057134010901,0.0021375008401772286,-0.006930659096910085,-0.005958384198203947,0.0007425826257657454,9.436383331728646e-5,-0.003550487933639775,-0.0022858540681088887,0.0034186592751601465,0.001397520435882481,0.016198452727455234,0.005915258245704741,-0.006093529962491242,0.0003399036165317633,-2.2410914031023284e-5,-0.00042078353653081016,-0.0017617696463004557,-0.0030874470084893456,0.005494304405862805,0.014142429135733185,-0.003526633551903607,-0.010656215816446818,-0.0028601485872076196,0.002915581727420751,-0.00501294339345611,0.002087143866697005,0.00831767769346045,-0.003013610679763686,-0.0008180128946762861,-0.0035053302180792062,0.005915258245704741,0.03451468848638143,0.006326704639417158,-0.0026426451340692695,-0.0025665785359029105,-0.004632082533480396,-0.008491447183944746,0.008391427090532741,0.015688011928143772,0.004327689162871387,-0.011536909774140167,-0.019849218919911607,0.021079145783025142,0.009527329418614465,-0.024060934991458297,-0.000517619532256403,0.011888343712526356,0.0017651781915348284,-0.004369155919878532,0.005445713884941271,-0.006093529962491242,0.006326704639417158,0.05378121727698849,-0.014914147926590581,-0.006249425396638374,-0.001196701621862144,-0.01759188258261154,0.0006418095158296894,-0.010008293634838777,-0.012496115673464061,0.005238886235882393,0.018333905230474262,-0.009180404312154798,-0.0018935015709458168,0.02112392019898281,-0.011913079668984073,-0.00778015403620201,0.0036703414114544297,-0.004779923940782884,-0.009790550654990762,0.0003399036165317633,-0.0026426451340692695,-0.014914147926590581,0.049933569551200624,-0.0006492347239385668,-0.005705251161225652,0.00746183581186229,-0.009211538376193207,-0.010908895091779804,-0.010989706312928685,-0.004871006357471458,0.004083521935821282,-0.015926451343813965,-0.0034764613283608903,0.006459794341164212,0.00623389540579918,-0.019348138541290406,0.001197878914165879,0.0014777129617860648,0.0032723429641635213,-2.2410914031023284e-5,-0.0025665785359029105,-0.006249425396638374,-0.0006492347239385668,0.030265165207059606,0.005184628054461604,0.019326926932003677,-0.0034065968882489852,-0.0047847615623132335,-0.012067938376542884,0.005071463996655456,0.013296161474653085,-0.00712592038983755,-0.014148469355658763,0.005142095060719864,-0.002693812733604614,-0.011246417549005572,-0.0016901715239148346,0.005409705254544104,0.009668859305176912,-0.00042078353653081016,-0.004632082533480396,-0.001196701621862144,-0.005705251161225652,0.005184628054461604,0.023402561417428587,0.005990682301156574,-0.0026171635948826375,-0.01248157630958318,-0.022448031736492784,0.0006063129928658112,0.018136187453919577,-0.011694245275977382,-0.00611284269573367,0.011011843803923461,-0.005605719652642007,-0.019849770478577583,0.013488519218120412,0.0033276031287843852,0.0031065754153990857,-0.0017617696463004557,-0.008491447183944746,-0.01759188258261154,0.00746183581186229,0.019326926932003677,0.005990682301156574,0.052421691613905946
0.1539681265587787,0.011493027779919146,0.027421700506872607,-0.06676550013430987,-0.12742250190776405,0.060754686127021215,-0.08269615907414642,-0.02754226895420195,0.0010089580679797264,0.07330625114108699,-0.042483306351112665,-0.09273571779653843,-0.06775086969826347,-0.003140490247493079,0.05661927049897722,0.029768636438432063,0.09452886572333076,-0.03387829255225151,-0.000621648900543891,0.02793246133433399,0.011493027779919146,0.021717606112567803,0.0007650082119580878,-0.007768513489877598,-0.012114918672022308,0.0027710997162596488,-0.00794232248350947,-0.01014078669447446,-0.00020345560563641944,0.010855708151213523,-0.00793585335699468,-0.013764188045436162,-0.0060231275374564375,0.005488779672810786,0.003552553497078171,0.010755639822523262,0.012613433628295853,-0.007021647228163366,0.006497478164037071,0.004000958744121693,0.027421700506872607,0.0007650082119580878,0.04560791468509077,0.01169872967562414,-0.022804731687361995,-0.03050642260098068,-0.004758239270571437,0.005634258892652075,-0.031208557485934128,0.00776077081385978,-0.022808918011123676,-0.016325962565403994,-0.023919499843312316,0.015056217325600236,0.013111595764826664,0.012970733881462162,0.03772328936155647,0.004011292786962316,0.0034633582486230134,-0.02086011112956875,-0.06676550013430987,-0.007768513489877598,0.01169872967562414,0.10039434044787258,0.05572343003411604,-0.09879230739822652,0.05320103779185656,0.039594397557916605,-0.050030651896206056,-0.034502142251426726,-0.001396415550486513,0.0662053981214246,0.016211270043909397,0.01544450029620894,-0.024256292164045193,-0.004341396388793684,-0.023247793249139812,0.032193718200948455,0.0032303188687871215,-0.06792987108005506,-0.12742250190776405,-0.012114918672022308,-0.022804731687361995,0.05572343003411604,0.14588876762409722,-0.04551579822747343,0.08322577759691832,0.008540415802145325,0.011376731795437986,-0.07730570145534299,0.0383583145244374,0.07297521049343246,0.06140190619522767,0.0040064132386161844,-0.055993158971677004,-0.01950784908853579,-0.0855144409728956,0.031652624050215086,0.002402066673335094,-0.026913110897350035,0.060754686127021215,0.0027710997162596488,-0.03050642260098068,-0.09879230739822652,-0.04551579822747343,0.1515282506748415,-0.04408889761396906,-0.049195365621478415,0.06665719483310402,0.03371350705995878,0.010643115076284373,-0.05633880364087594,-0.01093626838221396,-0.03853422033488347,0.01583945067417749,-0.00423218501569528,0.0009660121005040604,-0.0446630987530789,-0.009127781425126302,0.09133141367543429,-0.08269615907414642,-0.00794232248350947,-0.004758239270571437,0.05320103779185656,0.08322577759691832,-0.04408889761396906,0.11240419850887316,-0.020427897347673682,-0.006003669482688902,-0.052352460207151036,0.007739642650824588,0.05580538623608175,0.02247052156696036,0.002857431647873091,-0.04053064470018683,-0.020323760712018312,-0.022565068487513232,0.023394538650571055,-0.013282084533651225,-0.04161338098371574,-0.02754226895420195,-0.01014078669447446,0.005634258892652075,0.039594397557916605,0.008540415802145325,-0.049195365621478415,-0.020427897347673682,0.09721229001717871,-0.034640672709345594,-0.01543423645658335,0.011567056322395537,0.0490794315182381,0.02521027477596502,0.01744283572291897,-0.005601072339044333,-0.002571417943790907,-0.045577069606278636,0.016346050296317614,0.013024024589398248,-0.01550211806352347,0.0010089580679797264,-0.00020345560563641944,-0.031208557485934128,-0.050030651896206056,0.011376731795437986,0.06665719483310402,-0.006003669482688902,-0.034640672709345594,0.07371150326402012,0.00017018574094759256,0.015407241308008097,-0.020012769459809298,0.01762758278025492,-0.022417377672675633,-0.007918130907646505,-0.0016013690821196714,-0.023731743040283367,-0.012906411980303411,-0.0025721025605632162,0.04771232034721477,0.07330625114108699,0.010855708151213523,0.00776077081385978,-0.034502142251426726,-0.07730570145534299,0.03371350705995878,-0.052352460207151036,-0.01543423645658335,0.00017018574094759256,0.08031979296673317,-0.023695123285074657,-0.06599528780477319,-0.039935244515787865,-0.0007180898828892575,0.03337306498816,0.017529198933354903,0.057037470775151325,-0.025883744709025443,0.003638312168525074,0.02618496067439005,-0.042483306351112665,-0.00793585335699468,-0.022808918011123676,-0.001396415550486513,0.0383583145244374,0.010643115076284373,0.007739642650824588,0.011567056322395537,0.015407241308008097,-0.023695123285074657,0.04944300878653372,0.03151603920685117,0.030531853456688303,-0.012311873048993189,-0.017442373110285302,-0.018056611720805138,-0.045686995891975446,0.004795843657534611,-0.002211833734666775,0.008550435775381622,-0.09273571779653843,-0.013764188045436162,-0.016325962565403994,0.0662053981214246,0.07297521049343246,-0.05633880364087594,0.05580538623608175,0.0490794315182381,-0.020012769459809298,-0.06599528780477319,0.03151603920685117,0.12301951302821122,0.05064431435853411,0.005106723308940768,-0.04488282004480741,-0.027520982694744633,-0.07488810247098593,0.030922753156945752,0.005133354361088132,-0.04762502077055504,-0.06775086969826347,-0.0060231275374564375,-0.023919499843312316,0.016211270043909397,0.06140190619522767,-0.01093626838221396,0.02247052156696036,0.02521027477596502,0.01762758278025492,-0.039935244515787865,0.030531853456688303,0.05064431435853411,0.06630835711607697,-0.005721622703064381,-0.03244090921117618,-0.01252641020065844,-0.08186190161914486,0.010592650246893195,0.011839005498650194,0.00968539943778332,-0.003140490247493079,0.005488779672810786,0.015056217325600236,0.01544450029620894,0.0040064132386161844,-0.03853422033488347,0.002857431647873091,0.01744283572291897,-0.022417377672675633,-0.0007180898828892575,-0.012311873048993189,0.005106723308940768,-0.005721622703064381,0.037846028669489544,0.0007028913776732854,0.003293169927499409,0.008188943054290278,0.007180001654870925,-0.004558265474565774,-0.02431465557194462,0.05661927049897722,0.003552553497078171,0.013111595764826664,-0.024256292164045193,-0.055993158971677004,0.01583945067417749,-0.04053064470018683,-0.005601072339044333,-0.007918130907646505,0.03337306498816,-0.017442373110285302,-0.04488282004480741,-0.03244090921117618,0.0007028913776732854,0.050228668538824954,0.01611463295276666,0.041398580223759404,-0.011073493033888953,-0.011227114072503453,0.011428932801385525,0.029768636438432063,0.010755639822523262,0.012970733881462162,-0.004341396388793684,-0.01950784908853579,-0.00423218501569528,-0.020323760712018312,-0.002571417943790907,-0.0016013690821196714,0.017529198933354903,-0.018056611720805138,-0.027520982694744633,-0.01252641020065844,0.003293169927499409,0.01611463295276666,0.033414532033598995,0.007763706783544382,-0.011175529528020034,0.002350267755683773,0.00460889854873813,0.09452886572333076,0.012613433628295853,0.03772328936155647,-0.023247793249139812,-0.0855144409728956,0.0009660121005040604,-0.022565068487513232,-0.045577069606278636,-0.023731743040283367,0.057037470775151325,-0.045686995891975446,-0.07488810247098593,-0.08186190161914486,0.008188943054290278,0.041398580223759404,0.007763706783544382,0.14722298560291264,0.0015329123773372834,-0.014063818589536956,-0.02433789713933377,-0.03387829255225151,-0.007021647228163366,0.004011292786962316,0.032193718200948455,0.031652624050215086,-0.0446630987530789,0.023394538650571055,0.016346050296317614,-0.012906411980303411,-0.025883744709025443,0.004795843657534611,0.030922753156945752,0.010592650246893195,0.007180001654870925,-0.011073493033888953,-0.011175529528020034,0.0015329123773372834,0.047549422416152606,-0.0050465909369084815,-0.03471822977967108,-0.000621648900543891,0.006497478164037071,0.0034633582486230134,0.0032303188687871215,0.002402066673335094,-0.009127781425126302,-0.013282084533651225,0.013024024589398248,-0.0025721025605632162,0.003638312168525074,-0.002211833734666775,0.005133354361088132,0.011839005498650194,-0.004558265474565774,-0.011227114072503453,0.002350267755683773,-0.014063818589536956,-0.0050465909369084815,0.030895668497341714,0.002554425402724929,0.02793246133433399,0.004000958744121693,-0.02086011112956875,-0.06792987108005506,-0.026913110897350035,0.09133141367543429,-0.04161338098371574,-0.01550211806352347,0.04771232034721477,0.02618496067439005,0.008550435775381622,-0.04762502077055504,0.00968539943778332,-0.02431465557194462,0.011428932801385525,0.00460889854873813,-0.02433789713933377,-0.03471822977967108,0.002554425402724929,0.09544649527874696
