0.017759332129289988,-0.0057608873387217895,0.012968734189820547,0.0008606440116752738,0.0035488991791686334,-0.007271409480916015,0.0037496341685392676,-0.009648382289834289,-0.0006095692923145526,-0.0021192728436235765,-0.012232600097759179,-0.0026007423027535298,-0.001404286035428867,-0.0014817204668120696,-0.007948830902235908,0.004945482192188169,4.25438366196986e-5,0.007024262466252417,0.0029837546891021425,0.0013639100848943033,-0.0057608873387217895,0.021071582776945503,-0.011603630896459102,-0.00034545329711681847,0.0010507249271377683,0.0023958934632948735,-0.0031641655874819234,0.0014830099064956827,-0.000915256711532714,-0.00245327324563444,0.003061273380787723,-0.004730882216001426,0.0048150490986218885,0.008212430369295427,0.0028232317607962717,0.003767380716187401,-0.0032234158193677814,0.0010333133252638503,-0.0005972568427248868,0.0033199614913452906,0.012968734189820547,-0.011603630896459102,0.038334350268492294,0.008383509911261923,0.004009983759763424,-0.01694547207825897,0.007016262594501213,-0.013535941040905476,0.0023328309772599597,-0.008155942042986739,-0.009295470535225855,0.00860719472649885,-0.006104003615935582,0.003995030617372621,-0.011919590585268243,-0.004866819959410441,0.005531907319975297,-0.00035509186080738943,0.005556033138228849,-0.012014048716214826,0.0008606440116752738,-0.00034545329711681847,0.008383509911261923,0.03904607701972301,0.004289037390582649,-0.007319572862423152,-0.004063326413131995,-0.002538789084680064,0.004229715596036994,-0.012419980665957554,0.007059160777322436,-0.003481940070767275,-0.002240705144239359,0.007275984133819935,-4.192545664284314e-6,-0.0028714945414790895,0.012306080802407224,-0.007838534029795573,0.0006232926966539041,-0.0141423343186574,0.0035488991791686334,0.0010507249271377683,0.004009983759763424,0.004289037390582649,0.022204860817790807,-0.012196667020045255,-0.006364911872805702,-0.002566655309227876,-0.00290986557116553,-0.0019144489501404798,0.0016361071910139492,0.005611598061468262,-0.004328606162422739,0.012203753286790122,0.000584905031998874,0.009106311193546837,0.005116544518979105,-0.010426813065029985,-0.006185228278196926,-0.009190856753100985,-0.007271409480916015,0.0023958934632948735,-0.01694547207825897,-0.007319572862423152,-0.012196667020045255,0.04677103072597386,-0.00020698524202702833,0.008776047766554709,-0.004328104116273362,0.0007506424432389507,0.0023255862394264363,-0.0066589670295618825,0.0061688437794565985,-0.023095658940348575,0.008273851517885868,0.0011088167747179381,-0.009255222231849457,0.0032870455834444873,-0.003332302589586364,0.01715041460890319,0.0037496341685392676,-0.0031641655874819234,0.007016262594501213,-0.004063326413131995,-0.006364911872805702,-0.00020698524202702833,0.04025723483208579,-0.0013808078602916185,0.004003684640775812,-0.0016517379169225994,-0.0045599882208063785,0.010229815409299077,-0.0051242683289295585,-0.0030668833427906516,-0.0006455158586797283,-0.014307982510659227,-0.010093862465421948,-0.009927840427831913,0.010936671660430212,0.0022684160108085894,-0.009648382289834289,0.0014830099064956827,-0.013535941040905476,-0.002538789084680064,-0.002566655309227876,0.008776047766554709,-0.0013808078602916185,0.03749563481223762,-0.0023673894645054785,-0.01185037566496638,0.01601928737012263,-0.012724191692786145,0.0008667297148348266,0.0022628400604244115,0.004979812851179391,-6.686761910745274e-5,0.005518568599166667,-0.010062269001166933,-0.0031971774305121292,0.0047425134658490384,-0.0006095692923145526,-0.000915256711532714,0.0023328309772599597,0.004229715596036994,-0.00290986557116553,-0.004328104116273362,0.004003684640775812,-0.0023673894645054785,0.026082482430578834,-8.665652174386256e-5,0.0010926265069772698,0.005061236601557152,-0.0004156105427813543,-0.00047610306826743984,0.003141908392473588,-0.007745424141016463,0.0011849034852599168,-0.0006215636438982393,0.005905577040567116,-0.010563873260466865,-0.0021192728436235765,-0.00245327324563444,-0.008155942042986739,-0.012419980665957554,-0.0019144489501404798,0.0007506424432389507,-0.0016517379169225994,-0.01185037566496638,-8.665652174386256e-5,0.0598093347088541,-0.016713358452491348,0.0019151790837038183,0.019030862471095786,0.0008617774872530346,0.001853445098915992,0.001366671963346448,-0.02030955933417646,-0.001970698466274068,-0.01310641842065292,0.013068634103446185,-0.012232600097759179,0.003061273380787723,-0.009295470535225855,0.007059160777322436,0.0016361071910139492,0.0023255862394264363,-0.0045599882208063785,0.01601928737012263,0.0010926265069772698,-0.016713358452491348,0.040248284297682645,-0.005987597736585658,-0.002183944497832375,0.0034876626232707222,0.011432769793058987,-0.0003196527376867432,0.011545651632596115,-0.013546418372025418,-0.003630829439268446,-0.017155408782189813,-0.0026007423027535298,-0.004730882216001426,0.00860719472649885,-0.003481940070767275,0.005611598061468262,-0.0066589670295618825,0.010229815409299077,-0.012724191692786145,0.005061236601557152,0.0019151790837038183,-0.005987597736585658,0.035074294279317776,-0.011494191456980149,0.0038972659704875224,0.00036386916072892416,0.0009200518626108333,-0.008157334512575113,-0.006952613392652315,0.009052226556938521,-0.015655866069335934,-0.001404286035428867,0.0048150490986218885,-0.006104003615935582,-0.002240705144239359,-0.004328606162422739,0.0061688437794565985,-0.0051242683289295585,0.0008667297148348266,-0.0004156105427813543,0.019030862471095786,-0.002183944497832375,-0.011494191456980149,0.03179459005892054,-0.00017605327739503225,-0.001082474902474343,0.00011020984042247753,-0.010060410470457554,0.0007943706828976811,-0.01648851437951562,0.012989153158207301,-0.0014817204668120696,0.008212430369295427,0.003995030617372621,0.007275984133819935,0.012203753286790122,-0.023095658940348575,-0.0030668833427906516,0.0022628400604244115,-0.00047610306826743984,0.0008617774872530346,0.0034876626232707222,0.0038972659704875224,-0.00017605327739503225,0.033738184732520965,0.0019000356578001282,0.004770115646233239,0.003519746496580432,-0.010896241661212586,-0.005991252533241939,-0.008808546588677135,-0.007948830902235908,0.0028232317607962717,-0.011919590585268243,-4.192545664284314e-6,0.000584905031998874,0.008273851517885868,-0.0006455158586797283,0.004979812851179391,0.003141908392473588,0.001853445098915992,0.011432769793058987,0.00036386916072892416,-0.001082474902474343,0.0019000356578001282,0.030722468978805907,-0.0006900136789134812,-0.00258478046913687,-0.010499142578700549,-0.012453560554846005,-0.004530895294021063,0.004945482192188169,0.003767380716187401,-0.004866819959410441,-0.0028714945414790895,0.009106311193546837,0.0011088167747179381,-0.014307982510659227,-6.686761910745274e-5,-0.007745424141016463,0.001366671963346448,-0.0003196527376867432,0.0009200518626108333,0.00011020984042247753,0.004770115646233239,-0.0006900136789134812,0.030670971185288515,0.0021178119510173723,0.0014912975712420293,-0.008595042113411833,0.004382141924014722,4.25438366196986e-5,-0.0032234158193677814,0.005531907319975297,0.012306080802407224,0.005116544518979105,-0.009255222231849457,-0.010093862465421948,0.005518568599166667,0.0011849034852599168,-0.02030955933417646,0.011545651632596115,-0.008157334512575113,-0.010060410470457554,0.003519746496580432,-0.00258478046913687,0.0021178119510173723,0.037756278425984634,-0.00031553328039485144,0.007707246614523672,-0.019864576868600506,0.007024262466252417,0.0010333133252638503,-0.00035509186080738943,-0.007838534029795573,-0.010426813065029985,0.0032870455834444873,-0.009927840427831913,-0.010062269001166933,-0.0006215636438982393,-0.001970698466274068,-0.013546418372025418,-0.006952613392652315,0.0007943706828976811,-0.010896241661212586,-0.010499142578700549,0.0014912975712420293,-0.00031553328039485144,0.04508857524331148,0.0015432714559149986,0.013738607938681112,0.0029837546891021425,-0.0005972568427248868,0.005556033138228849,0.0006232926966539041,-0.006185228278196926,-0.003332302589586364,0.010936671660430212,-0.0031971774305121292,0.005905577040567116,-0.01310641842065292,-0.003630829439268446,0.009052226556938521,-0.01648851437951562,-0.005991252533241939,-0.012453560554846005,-0.008595042113411833,0.007707246614523672,0.0015432714559149986,0.04142210221361798,-0.0030839426934316048,0.0013639100848943033,0.0033199614913452906,-0.012014048716214826,-0.0141423343186574,-0.009190856753100985,0.01715041460890319,0.0022684160108085894,0.0047425134658490384,-0.010563873260466865,0.013068634103446185,-0.017155408782189813,-0.015655866069335934,0.012989153158207301,-0.008808546588677135,-0.004530895294021063,0.004382141924014722,-0.019864576868600506,0.013738607938681112,-0.0030839426934316048,0.04751148598383552
0.05236026318415861,-0.011144714840753765,-0.00971719376125276,-0.016807808412236423,0.0044439286035373666,-0.0027853879003835328,-6.823994271860988e-5,0.0020996580971518615,-0.009855274664989906,-0.001319164673039414,0.007633404314499246,-0.01281295516677469,0.01248862010306293,0.02626509485677815,0.027784503456720247,0.007701713098238914,0.0007544486306212542,-0.015668694551030808,-0.015743025985845253,-0.01118150016897343,-0.011144714840753765,0.040427372113243605,-0.0036203988519205215,-0.0002319459452254811,-0.0036558820161606926,-0.005315065968070482,-0.0013400583562511114,0.009088184161263661,0.0029320954540025916,-0.006298847560410303,0.0022427536505630554,-0.007501525589320101,-0.0002796430730025241,-0.004444623797918153,-0.02247417557105584,-0.0017086966595342675,0.004101413596743418,-0.0010542572608772342,0.006232937213008419,0.0018922592507591833,-0.00971719376125276,-0.0036203988519205215,0.025301743418372425,0.014280340618632023,-0.0012638680800603976,0.008589212003688078,-0.005318559186665509,0.0014803556483822045,0.003225803627285761,0.008872579516827657,-0.002698840986211597,0.010499762936519209,-0.008677112560763919,-0.005456403143730086,-0.004426260407616615,-0.005926186658138226,0.005611822134309297,0.0014419353541413732,0.003116283344721244,0.0023995342587420257,-0.016807808412236423,-0.0002319459452254811,0.014280340618632023,0.05237557792449931,-0.013394395419858617,0.01057059259719648,-0.002373189947549062,0.01589943854178042,0.007204357692565598,0.015937701695330382,-0.004239472712535451,0.015583004255863363,-0.0057802668089049535,-0.015643551512771504,-0.021755662328957745,-0.01647267569079052,-0.001283274395408433,0.0011420759438199794,0.0018839754190488492,0.006912713228838125,0.0044439286035373666,-0.0036558820161606926,-0.0012638680800603976,-0.013394395419858617,0.02718773091559479,-0.0010911073359329458,0.005627576265700117,-0.008344151269764438,-0.0015107700799518067,-0.005387080111934535,0.0019515705081270505,-0.0011997971863862036,0.006109378130444912,0.011238689597147494,0.004626824488588609,0.00835225383838073,-0.006685364955550263,0.007992641752400411,-0.004366277069060834,-0.0002561350789582717,-0.0027853879003835328,-0.005315065968070482,0.008589212003688078,0.01057059259719648,-0.0010911073359329458,0.03617498795585302,0.010555500657535036,0.00022464060107680052,0.003742153718876366,0.0009059201998185156,-0.013065874499898319,-0.00013438933100773517,0.0033393531387722825,-0.003383558312796553,0.009008757749844871,-0.006534496901263663,0.0026638277276893755,0.0008795398208710836,-0.004077474740504019,0.004166712042720542,-6.823994271860988e-5,-0.0013400583562511114,-0.005318559186665509,-0.002373189947549062,0.005627576265700117,0.010555500657535036,0.031763996421645714,-0.00506536258060298,0.008053415927926327,0.005520052196672643,-0.005508368153755331,-0.005535771001803885,0.01967298173178185,-0.0033733228874323067,0.003894553080513041,0.006882937615652278,-0.009832744863964491,-0.006010463833062821,0.00018730212680017954,-0.005962559556249953,0.0020996580971518615,0.009088184161263661,0.0014803556483822045,0.01589943854178042,-0.008344151269764438,0.00022464060107680052,-0.00506536258060298,0.03151457837875155,0.0007811350711820551,0.006046425951665347,0.006833077742107127,-0.00014133386054988612,-0.0017515152406484256,-0.0005103924748387171,-0.008918715783454503,-0.007403072814507108,0.00042169566888952247,-0.006281434452396246,-0.004219658352630908,0.004846080664447186,-0.009855274664989906,0.0029320954540025916,0.003225803627285761,0.007204357692565598,-0.0015107700799518067,0.003742153718876366,0.008053415927926327,0.0007811350711820551,0.023384276608223384,0.003930499094125878,-0.004058342588722624,0.00017701980680220306,0.00946880434174098,-0.007263685092323887,-0.005705465954307438,-0.0017522866127942004,0.0026104664616209278,-0.008265611183974689,0.009110122518091159,0.0004270356088585868,-0.001319164673039414,-0.006298847560410303,0.008872579516827657,0.015937701695330382,-0.005387080111934535,0.0009059201998185156,0.005520052196672643,0.006046425951665347,0.003930499094125878,0.03870691156465268,-0.0004681638182503744,0.004378680081070103,-0.007180195773226936,-0.010831685608127344,0.0004078841599802155,-0.0035539830132222936,-0.005500909708177714,-0.008416066922792061,-0.0018079823604389568,0.002664138053061824,0.007633404314499246,0.0022427536505630554,-0.002698840986211597,-0.004239472712535451,0.0019515705081270505,-0.013065874499898319,-0.005508368153755331,0.006833077742107127,-0.004058342588722624,-0.0004681638182503744,0.028952710214121612,0.003976320195796261,-0.003339077743096274,0.00876536935202047,-0.004381640600583745,0.007650277539676542,-0.0027658206600918254,0.00671180128205949,-0.004059077758037552,0.003444738530421998,-0.01281295516677469,-0.007501525589320101,0.010499762936519209,0.015583004255863363,-0.0011997971863862036,-0.00013438933100773517,-0.005535771001803885,-0.00014133386054988612,0.00017701980680220306,0.004378680081070103,0.003976320195796261,0.029314724213460278,-0.01035764239457112,-0.005044352555808483,-0.009116146965554114,-0.003026314292973271,-0.0024683228033683417,0.010861571186060338,0.003162200497039598,0.00638514867480539,0.01248862010306293,-0.0002796430730025241,-0.008677112560763919,-0.0057802668089049535,0.006109378130444912,0.0033393531387722825,0.01967298173178185,-0.0017515152406484256,0.00946880434174098,-0.007180195773226936,-0.003339077743096274,-0.01035764239457112,0.03995291076112415,0.007692136732779001,0.002543535839081112,0.004993607032435449,-0.006620238425387171,-0.010273446646559731,-0.004574432630269726,-0.006576491298415487,0.02626509485677815,-0.004444623797918153,-0.005456403143730086,-0.015643551512771504,0.011238689597147494,-0.003383558312796553,-0.0033733228874323067,-0.0005103924748387171,-0.007263685092323887,-0.010831685608127344,0.00876536935202047,-0.005044352555808483,0.007692136732779001,0.036019691046068454,0.014138529507487733,0.006856574997293695,0.004797943437497246,0.005013895407008801,-0.004027404718600491,-0.00445955432114893,0.027784503456720247,-0.02247417557105584,-0.004426260407616615,-0.021755662328957745,0.004626824488588609,0.009008757749844871,0.003894553080513041,-0.008918715783454503,-0.005705465954307438,0.0004078841599802155,-0.004381640600583745,-0.009116146965554114,0.002543535839081112,0.014138529507487733,0.05700937892494342,0.0021806651262229293,0.004324713325901236,-0.009217195513062808,-0.008774846470789053,-0.006440817524763605,0.007701713098238914,-0.0017086966595342675,-0.005926186658138226,-0.01647267569079052,0.00835225383838073,-0.006534496901263663,0.006882937615652278,-0.007403072814507108,-0.0017522866127942004,-0.0035539830132222936,0.007650277539676542,-0.003026314292973271,0.004993607032435449,0.006856574997293695,0.0021806651262229293,0.024544869579941786,-0.003595220339864716,-0.00044493473625081993,-0.005232049812803552,-0.0011836454802611567,0.0007544486306212542,0.004101413596743418,0.005611822134309297,-0.001283274395408433,-0.006685364955550263,0.0026638277276893755,-0.009832744863964491,0.00042169566888952247,0.0026104664616209278,-0.005500909708177714,-0.0027658206600918254,-0.0024683228033683417,-0.006620238425387171,0.004797943437497246,0.004324713325901236,-0.003595220339864716,0.025566561719201998,-0.004735054172140445,0.005139558287244326,0.0017880983613651454,-0.015668694551030808,-0.0010542572608772342,0.0014419353541413732,0.0011420759438199794,0.007992641752400411,0.0008795398208710836,-0.006010463833062821,-0.006281434452396246,-0.008265611183974689,-0.008416066922792061,0.00671180128205949,0.010861571186060338,-0.010273446646559731,0.005013895407008801,-0.009217195513062808,-0.00044493473625081993,-0.004735054172140445,0.04811835526728602,-0.0008841647052005817,0.011214625400609168,-0.015743025985845253,0.006232937213008419,0.003116283344721244,0.0018839754190488492,-0.004366277069060834,-0.004077474740504019,0.00018730212680017954,-0.004219658352630908,0.009110122518091159,-0.0018079823604389568,-0.004059077758037552,0.003162200497039598,-0.004574432630269726,-0.004027404718600491,-0.008774846470789053,-0.005232049812803552,0.005139558287244326,-0.0008841647052005817,0.021948158239993208,0.00740468513904036,-0.01118150016897343,0.0018922592507591833,0.0023995342587420257,0.006912713228838125,-0.0002561350789582717,0.004166712042720542,-0.005962559556249953,0.004846080664447186,0.0004270356088585868,0.002664138053061824,0.003444738530421998,0.00638514867480539,-0.006576491298415487,-0.00445955432114893,-0.006440817524763605,-0.0011836454802611567,0.0017880983613651454,0.011214625400609168,0.00740468513904036,0.021636156416387206
