0.028284563722503667,-0.0021328006536527463,-4.9257148599803936e-5,-0.010734823188751658,-0.003421222855556571,0.009361245617784897,0.0017346050674264435,-0.0038174066250027967,0.006324358885460561,0.0041375553197530055,0.004759119681660446,-0.005596612464422995,-0.0035523456208651264,0.002950612502411132,0.0015038126126918202,0.00465990751842465,0.0030197288152432216,-0.0018677162279511174,-0.0030758192014871642,-0.0023401926217032987,-0.0021328006536527463,0.02044328271175818,0.0009273165716494891,-0.0020224376846905423,-0.0036775231034521716,0.0019977686631926575,-0.002475743963110216,-0.007164234505552871,-0.007097041981344069,0.0009092116983026921,-0.0007456539426445222,-0.002898915941800107,0.0007266973823267328,0.0020518280087804376,0.006401663128591081,0.008883266326255254,0.004516018828955521,-0.0009332849170255039,0.0011377667347666843,-0.002067291452103692,-4.9257148599803936e-5,0.0009273165716494891,0.03248721628810197,-0.006048055927079417,-0.011612427090111512,0.0021043076540570977,0.006141214020032452,-0.009953998884211612,-0.005988231595266269,0.0021126628958663815,-0.005277393021287907,-0.007007914360496901,-0.007493932283421343,0.001098664217193472,0.008813084512848183,0.0046048892606824175,0.015299325092798795,0.004048032557539063,-0.0030648554624733305,-0.003358655249757903,-0.010734823188751658,-0.0020224376846905423,-0.006048055927079417,0.038509527447538314,0.009284739302295694,-0.008270396191885965,0.003300209423247159,0.004718068589127565,-0.006423388755206392,0.0017030247291416156,-0.0047062816686384455,0.0050178201538524855,0.0010535180666799793,-0.004273004271665137,-0.008249314679228997,-0.005294980787752436,-0.0038262374487423433,-0.004209911039432605,0.0031436407188114614,-0.009425814828632494,-0.003421222855556571,-0.0036775231034521716,-0.011612427090111512,0.009284739302295694,0.017554362940967645,-0.005681496855730718,0.0019538091705363593,0.007182777392960802,0.002141499543497209,-0.0018346560325984015,0.0037303696108190575,0.0031038463585185464,0.0005023546361560974,0.0011895526960313519,-0.0014643255855945978,-0.0064977528874244316,-0.0007332361954024477,-0.00037591810234439965,0.0021340048749761893,-0.0017193586538286035,0.009361245617784897,0.0019977686631926575,0.0021043076540570977,-0.008270396191885965,-0.005681496855730718,0.028106540419031316,0.0033370121692425335,-0.011309865261759727,0.0002509623861838722,0.010774803275128258,0.004778913429658763,-0.002580928586462217,-0.006650166182255979,0.000863379519417678,-0.002784301152677981,-0.0010985096251241346,-0.0005104140372792201,-0.004848249333299439,-0.005488466691634629,0.003667309796067748,0.0017346050674264435,-0.002475743963110216,0.006141214020032452,0.003300209423247159,0.0019538091705363593,0.0033370121692425335,0.024870845834494622,-0.009324768478117001,-0.003156422724766522,-0.002015172393953051,-0.0019356495750934358,-0.003580720011031096,-0.0022041783267946636,-0.005427631574678514,-0.0020023315529738538,-0.000591230179617225,0.005052712924486989,0.003177967433751876,-0.004325501263311617,-0.003808885830570464,-0.0038174066250027967,-0.007164234505552871,-0.009953998884211612,0.004718068589127565,0.007182777392960802,-0.011309865261759727,-0.009324768478117001,0.03896740566255131,0.0007300881416628719,-0.004776046129462702,0.0018794754352006336,0.007886517313973083,0.008180443969949458,0.0005310356836026368,0.00042441038370759506,-0.00486850768732865,-0.005534993087243755,0.0032823428842038245,0.0045325069035568296,0.010265627433877794,0.006324358885460561,-0.007097041981344069,-0.005988231595266269,-0.006423388755206392,0.002141499543497209,0.0002509623861838722,-0.003156422724766522,0.0007300881416628719,0.022005311097739726,-0.003818416010067823,0.0017054790275984485,-3.645538728062425e-5,0.0023264429148544576,0.0018628839084659397,0.0037765453312686255,0.00044579644026996245,-0.0049596947574066415,0.003566274043229216,-0.005081977306797628,-0.002213901974116737,0.0041375553197530055,0.0009092116983026921,0.0021126628958663815,0.0017030247291416156,-0.0018346560325984015,0.010774803275128258,-0.002015172393953051,-0.004776046129462702,-0.003818416010067823,0.02338152438316876,0.002385597327074329,-0.003484569085443808,4.976532749343562e-5,0.0012651985544623427,-0.0007047963238616028,0.007755518015208439,-0.00449328962588167,-0.006228225904017248,-0.0014511313621322895,-0.0019156421872391141,0.004759119681660446,-0.0007456539426445222,-0.005277393021287907,-0.0047062816686384455,0.0037303696108190575,0.004778913429658763,-0.0019356495750934358,0.0018794754352006336,0.0017054790275984485,0.002385597327074329,0.02207601474858676,-0.0007738561207015035,0.0006853026739320453,-0.003427456962185515,-0.0007231753905855309,0.00036141172588588695,-0.00270524709935739,-0.0016666701001004957,-0.0045850402720774685,0.0031012170255647277,-0.005596612464422995,-0.002898915941800107,-0.007007914360496901,0.0050178201538524855,0.0031038463585185464,-0.002580928586462217,-0.003580720011031096,0.007886517313973083,-3.645538728062425e-5,-0.003484569085443808,-0.0007738561207015035,0.02906841039001855,0.0009623731735253061,0.0024047773722562535,-0.0037664088544919283,-0.005858052190044229,-0.00950248208995336,-0.002884422425552003,0.005054946033221341,0.0004987158463234142,-0.0035523456208651264,0.0007266973823267328,-0.007493932283421343,0.0010535180666799793,0.0005023546361560974,-0.006650166182255979,-0.0022041783267946636,0.008180443969949458,0.0023264429148544576,4.976532749343562e-5,0.0006853026739320453,0.0009623731735253061,0.015610052070791944,0.0002470481765071347,0.0024889054955556586,-0.0024030571412537657,-0.006184913196340496,0.0011350613491863636,0.0013452559357172672,0.0047445353445766955,0.002950612502411132,0.0020518280087804376,0.001098664217193472,-0.004273004271665137,0.0011895526960313519,0.000863379519417678,-0.005427631574678514,0.0005310356836026368,0.0018628839084659397,0.0012651985544623427,-0.003427456962185515,0.0024047773722562535,0.0002470481765071347,0.01772400765436572,-0.001467253510202066,-0.0028105252489080195,-0.0031828794807381607,-0.0024303213995761214,-0.0015650058833049916,-0.0011629361154567375,0.0015038126126918202,0.006401663128591081,0.008813084512848183,-0.008249314679228997,-0.0014643255855945978,-0.002784301152677981,-0.0020023315529738538,0.00042441038370759506,0.0037765453312686255,-0.0007047963238616028,-0.0007231753905855309,-0.0037664088544919283,0.0024889054955556586,-0.001467253510202066,0.02086459893915006,0.009734731653507111,0.001668825640947549,-0.00086960110423733,0.0017790664302540548,-0.0011026914470822183,0.00465990751842465,0.008883266326255254,0.0046048892606824175,-0.005294980787752436,-0.0064977528874244316,-0.0010985096251241346,-0.000591230179617225,-0.00486850768732865,0.00044579644026996245,0.007755518015208439,0.00036141172588588695,-0.005858052190044229,-0.0024030571412537657,-0.0028105252489080195,0.009734731653507111,0.02279938989760979,0.0008603006613190715,-0.002786949662640383,-0.005246583477709814,-0.006591659535934067,0.0030197288152432216,0.004516018828955521,0.015299325092798795,-0.0038262374487423433,-0.0007332361954024477,-0.0005104140372792201,0.005052712924486989,-0.005534993087243755,-0.0049596947574066415,-0.00449328962588167,-0.00270524709935739,-0.00950248208995336,-0.006184913196340496,-0.0031828794807381607,0.001668825640947549,0.0008603006613190715,0.03358112535549913,0.0059143705218054855,-0.002932631934686059,-0.005089911543129469,-0.0018677162279511174,-0.0009332849170255039,0.004048032557539063,-0.004209911039432605,-0.00037591810234439965,-0.004848249333299439,0.003177967433751876,0.0032823428842038245,0.003566274043229216,-0.006228225904017248,-0.0016666701001004957,-0.002884422425552003,0.0011350613491863636,-0.0024303213995761214,-0.00086960110423733,-0.002786949662640383,0.0059143705218054855,0.01970782164171088,0.0012441882468748337,0.0031753423881468864,-0.0030758192014871642,0.0011377667347666843,-0.0030648554624733305,0.0031436407188114614,0.0021340048749761893,-0.005488466691634629,-0.004325501263311617,0.0045325069035568296,-0.005081977306797628,-0.0014511313621322895,-0.0045850402720774685,0.005054946033221341,0.0013452559357172672,-0.0015650058833049916,0.0017790664302540548,-0.005246583477709814,-0.002932631934686059,0.0012441882468748337,0.011143551122790826,0.0005080114124017255,-0.0023401926217032987,-0.002067291452103692,-0.003358655249757903,-0.009425814828632494,-0.0017193586538286035,0.003667309796067748,-0.003808885830570464,0.010265627433877794,-0.002213901974116737,-0.0019156421872391141,0.0031012170255647277,0.0004987158463234142,0.0047445353445766955,-0.0011629361154567375,-0.0011026914470822183,-0.006591659535934067,-0.005089911543129469,0.0031753423881468864,0.0005080114124017255,0.03301534287482253
