0.05239205505531053,-0.008191598085159485,0.004802429677046944,-0.013051850114272135,0.005506641242852294,-0.02206527856491009,0.02191736462276543,-0.0030353342218553798,0.0006665902690673357,-0.012153594522480965,0.0157105213903284,-0.023526512764910006,0.007881925486593298,-0.003953647702850444,0.011074827755069704,-0.04381454361490315,0.006550507815643583,-0.0021508767237463293,0.025343146403358746,-0.005701659601314832,-0.008191598085159485,0.034797136376889026,-0.0019515295019127236,0.004508287771063704,0.007607397651391953,0.005788535042341831,-0.00385332166545699,-0.0025521853848758194,-0.0036552251614678398,-0.0039782603302249385,-0.003354861407398398,0.0019313091575915084,-0.008437605348177071,-0.011648725859283062,-0.0010501907300549652,0.009180895501848035,-0.01496418941404061,0.007256334566006574,-0.015093517515952313,0.009643359286337805,0.004802429677046944,-0.0019515295019127236,0.027554801121711194,-0.008029885851753285,-0.0060030040261791675,-0.018054197342720128,0.0172706186268419,0.0008990547766154934,-0.014770219813274558,0.000713662729334927,0.0020149749863925498,0.010412127985100094,0.005279850172098638,-0.009842988506650628,0.004464578197020128,-0.006981905829454219,-0.002834531704273573,0.013182866409749007,0.012314490372183205,-0.006963443076956804,-0.013051850114272135,0.004508287771063704,-0.008029885851753285,0.027036376277931384,0.002497306683811166,0.015452534356004386,-0.011980971528107235,0.0037067268093325277,0.012498027857885865,0.0020565905747634908,-0.0049955393903213146,0.0017178012799740796,-0.005283973265188584,0.012379973884584596,-0.013671437030282861,0.02630107089815745,-0.0014547425020450086,-0.003000801210282364,-0.01894324089616022,0.00897304106326594,0.005506641242852294,0.007607397651391953,-0.0060030040261791675,0.002497306683811166,0.022170875366036395,0.010645852962100404,-0.007481920213400612,-0.004922210308378379,0.0034238916840122167,-0.0012095342748374056,-0.0006453443032337037,-0.008490064170380871,-0.005045322606476267,-0.0032115763403315874,0.003610596823088724,-0.008081533171165868,-0.0030140469603372804,-0.003939493705598733,-0.005237378998391502,0.0057591546785233285,-0.02206527856491009,0.005788535042341831,-0.018054197342720128,0.015452534356004386,0.010645852962100404,0.056426198658235,-0.03571712463671299,-0.0015833610326274096,0.013507448284262044,0.00508833375115055,-0.004680034919673864,-0.0008338433867009797,-0.02336472022624557,0.02103261917895067,-0.005763945384936365,0.02525227382908496,0.006035914974406584,-0.013061550167159892,-0.024147184398048284,-0.0026636089632217632,0.02191736462276543,-0.00385332166545699,0.0172706186268419,-0.011980971528107235,-0.007481920213400612,-0.03571712463671299,0.07931771761900591,-0.004811563758480473,-0.013636644239254841,-0.013597486358356815,0.017245314226388083,-0.014789286333393444,0.024398441507390144,-0.04175238402413117,-0.0009999852567336744,-0.04709684866656672,-0.011568432242813353,0.008903874497987735,0.04044884098092369,-0.005490434942525442,-0.0030353342218553798,-0.0025521853848758194,0.0008990547766154934,0.0037067268093325277,-0.004922210308378379,-0.0015833610326274096,-0.004811563758480473,0.022457643493472776,0.0003361002850490799,0.005376852531639525,-0.0006392133575495362,-0.0012808292092585118,-0.003401815897395478,0.011923176500591662,0.004865747540152015,0.006962936848934719,0.008877224778669372,-9.136197197322713e-5,-0.014219448939116159,-0.008199125217800841,0.0006665902690673357,-0.0036552251614678398,-0.014770219813274558,0.012498027857885865,0.0034238916840122167,0.013507448284262044,-0.013636644239254841,0.0003361002850490799,0.037532857825069585,0.005582888825273266,-0.00455978669970928,-0.010804944519410657,-0.005327021539701195,0.0015506656924985445,-0.007637308670734989,0.008673284056950701,0.005849322520090877,-0.009917517218017985,-0.008042354976057191,0.005165753167454615,-0.012153594522480965,-0.0039782603302249385,0.000713662729334927,0.0020565905747634908,-0.0012095342748374056,0.00508833375115055,-0.013597486358356815,0.005376852531639525,0.005582888825273266,0.03134368980041529,-0.007676994332569527,0.006281233395046195,0.003358395118988108,-0.0012574942919973487,-0.005450023480853043,0.010212206930873982,0.014692098409555918,-0.007712896606903535,-0.01652089948168861,-0.0009840812287706527,0.0157105213903284,-0.003354861407398398,0.0020149749863925498,-0.0049955393903213146,-0.0006453443032337037,-0.004680034919673864,0.017245314226388083,-0.0006392133575495362,-0.00455978669970928,-0.007676994332569527,0.026764984339046283,-0.012563403616277892,-0.0006736337856101705,-0.0059753226320957056,0.005326036217367077,-0.024996011936319028,0.002654410036320108,0.0004923082029992923,0.01562517138136863,-0.012393951409296939,-0.023526512764910006,0.0019313091575915084,0.010412127985100094,0.0017178012799740796,-0.008490064170380871,-0.0008338433867009797,-0.014789286333393444,-0.0012808292092585118,-0.010804944519410657,0.006281233395046195,-0.012563403616277892,0.04930890364271923,0.006416812725592417,0.010850414816700984,-0.004425158216402928,0.02409244162779199,-0.005811419164005642,0.004742327343788759,-0.013260331122982532,0.00437975754236454,0.007881925486593298,-0.008437605348177071,0.005279850172098638,-0.005283973265188584,-0.005045322606476267,-0.02336472022624557,0.024398441507390144,-0.003401815897395478,-0.005327021539701195,0.003358395118988108,-0.0006736337856101705,0.006416812725592417,0.03713051534300943,-0.017288491348440113,-0.00033044574952081776,-0.020663306953355255,-0.004897194533936689,0.007341107974575814,0.02108354254354023,0.0041678533450402126,-0.003953647702850444,-0.011648725859283062,-0.009842988506650628,0.012379973884584596,-0.0032115763403315874,0.02103261917895067,-0.04175238402413117,0.011923176500591662,0.0015506656924985445,-0.0012574942919973487,-0.0059753226320957056,0.010850414816700984,-0.017288491348440113,0.0883271209983558,0.001311743228848331,0.03881238039219945,0.026839661373217014,-0.019767241408851558,-0.029518942106374756,-0.005230996576603495,0.011074827755069704,-0.0010501907300549652,0.004464578197020128,-0.013671437030282861,0.003610596823088724,-0.005763945384936365,-0.0009999852567336744,0.004865747540152015,-0.007637308670734989,-0.005450023480853043,0.005326036217367077,-0.004425158216402928,-0.00033044574952081776,0.001311743228848331,0.037338967123272754,-0.022182758450887498,-4.069210580362817e-6,-0.004668351425200991,0.0035418985914991334,-0.011729075194192962,-0.04381454361490315,0.009180895501848035,-0.006981905829454219,0.02630107089815745,-0.008081533171165868,0.02525227382908496,-0.04709684866656672,0.006962936848934719,0.008673284056950701,0.010212206930873982,-0.024996011936319028,0.02409244162779199,-0.020663306953355255,0.03881238039219945,-0.022182758450887498,0.09881495194045717,-0.007739341296871923,-0.0060823978629277855,-0.0468002771067588,0.026076082955459892,0.006550507815643583,-0.01496418941404061,-0.002834531704273573,-0.0014547425020450086,-0.0030140469603372804,0.006035914974406584,-0.011568432242813353,0.008877224778669372,0.005849322520090877,0.014692098409555918,0.002654410036320108,-0.005811419164005642,-0.004897194533936689,0.026839661373217014,-4.069210580362817e-6,-0.007739341296871923,0.04180889437419557,-0.015449842633983132,-0.006576266947635586,-0.021166064811402933,-0.0021508767237463293,0.007256334566006574,0.013182866409749007,-0.003000801210282364,-0.003939493705598733,-0.013061550167159892,0.008903874497987735,-9.136197197322713e-5,-0.009917517218017985,-0.007712896606903535,0.0004923082029992923,0.004742327343788759,0.007341107974575814,-0.019767241408851558,-0.004668351425200991,-0.0060823978629277855,-0.015449842633983132,0.02990509054684433,0.015651804096417296,0.011137532075365832,0.025343146403358746,-0.015093517515952313,0.012314490372183205,-0.01894324089616022,-0.005237378998391502,-0.024147184398048284,0.04044884098092369,-0.014219448939116159,-0.008042354976057191,-0.01652089948168861,0.01562517138136863,-0.013260331122982532,0.02108354254354023,-0.029518942106374756,0.0035418985914991334,-0.0468002771067588,-0.006576266947635586,0.015651804096417296,0.07253457820657064,0.0012326272573928336,-0.005701659601314832,0.009643359286337805,-0.006963443076956804,0.00897304106326594,0.0057591546785233285,-0.0026636089632217632,-0.005490434942525442,-0.008199125217800841,0.005165753167454615,-0.0009840812287706527,-0.012393951409296939,0.00437975754236454,0.0041678533450402126,-0.005230996576603495,-0.011729075194192962,0.026076082955459892,-0.021166064811402933,0.011137532075365832,0.0012326272573928336,0.0467297990191517
0.05243469786855657,0.013872797889255498,-0.01586183213533017,-0.008398064453950756,-0.006959809773612578,-0.020212693579081224,0.01437497414904132,0.0009987807543319026,0.009249221846644385,0.005316182229464448,-0.01893082064469922,0.017719756573286317,0.01819631365340319,-0.025225584603970654,-0.005068512043793403,-0.03683449986348395,0.00025586553440753827,-0.01768546432904306,0.022229766321850104,0.021809433109865897,0.013872797889255498,0.047910102823172006,-0.023265347909326203,0.00252928438656085,0.002530977879631555,0.002855187236698302,-0.004183431941913576,0.0037734704138211485,0.007210620590774756,-0.010333863494924912,0.007893873693462752,0.0228178569181507,-0.009745972078212546,0.01196217724632595,-0.0024284805558777685,0.0009543989003849883,-0.007688110940493077,-0.020470113796193425,-0.014404012689919945,-0.003071795542049603,-0.01586183213533017,-0.023265347909326203,0.046505420564379736,-0.004409040913488633,0.0007930980157742017,0.0029124752383285404,0.009908086221786627,-0.01350253294924233,-0.014568238286747534,0.0029481624070928376,0.0016610098655762523,-0.011949057148057527,0.001970525598430708,-0.01702754360159035,0.00015410414009012365,0.014962599130491916,0.0008971625142641882,0.026871922589793443,-0.0002584078728144522,-0.010379084267786005,-0.008398064453950756,0.00252928438656085,-0.004409040913488633,0.025074016777173254,0.000571592066038747,0.005120589151279536,-0.008821792201651493,-0.0035158183641236075,0.0020477602230275587,-0.0176448400188784,-0.0050128538070883435,-0.0026147159093175675,-0.009355100100740067,-0.007093957522958728,-0.005275400024203938,0.00569927813579825,-0.0044775928015800045,0.010811867821434923,-0.0006516651463002465,0.0030639036333050956,-0.006959809773612578,0.002530977879631555,0.0007930980157742017,0.000571592066038747,0.018783729957386856,0.004454143829132714,-0.0009123991645450197,0.001449462398112578,-0.009447247707453638,0.0019575356509833634,0.009742211569274559,-0.011831965416185537,-0.0027580223052475162,0.0034029509189611494,0.005973255167747736,0.008040343749752562,-0.003637290442769626,-0.003288765976040292,-0.007089725171657405,-0.002447229645447452,-0.020212693579081224,0.002855187236698302,0.0029124752383285404,0.005120589151279536,0.004454143829132714,0.04498672281024681,-0.0207852446571879,0.002081153370444663,0.003878484971034901,-0.0021421690524643907,0.008535515435751522,0.00345439710854071,-0.01468413642721986,0.023606651810373924,-0.008357789447508736,0.022407442645711234,0.0060272023760839285,9.927408196727433e-5,-0.022892825252191093,-0.021409944623242194,0.01437497414904132,-0.004183431941913576,0.009908086221786627,-0.008821792201651493,-0.0009123991645450197,-0.0207852446571879,0.054984932545017524,-0.013078962253521266,-0.016169785992615843,-0.005482422143092041,0.007260216114585989,-0.006613230567585856,0.02127905117367135,-0.04830901822496002,0.004563143113083905,-0.02436082662683602,-0.013814323722405297,-0.0012594568960293206,0.03419210142838396,0.01701557532333991,0.0009987807543319026,0.0037734704138211485,-0.01350253294924233,-0.0035158183641236075,0.001449462398112578,0.002081153370444663,-0.013078962253521266,0.027740346318046866,0.003917154945019691,0.010131940539773293,0.00356074311722104,-0.0025086897912842037,-0.006992255288801926,0.03128855453774875,0.0023321585281665183,0.007486304066299329,0.006228966719621161,-0.00969805934473695,-0.015070794144260788,-0.009333025522074963,0.009249221846644385,0.007210620590774756,-0.014568238286747534,0.0020477602230275587,-0.009447247707453638,0.003878484971034901,-0.016169785992615843,0.003917154945019691,0.06174934329544207,0.012831914653496966,-0.011591503868509505,0.015119110824495628,0.00590544791912012,0.012762892172606288,-0.014023264620630076,0.001521120259634922,0.011451594160187005,-0.011655527201922918,-0.011640913767710112,0.005590296639273464,0.005316182229464448,-0.010333863494924912,0.0029481624070928376,-0.0176448400188784,0.0019575356509833634,-0.0021421690524643907,-0.005482422143092041,0.010131940539773293,0.012831914653496966,0.04901072709332089,-0.0004003081304504927,-0.008373719315051476,0.01388696426765754,0.017120538528605393,-0.0035201012058658976,0.00824590221685596,0.010522153447420936,-0.01630784127763038,-0.022195782135017987,-0.0002724716715459553,-0.01893082064469922,0.007893873693462752,0.0016610098655762523,-0.0050128538070883435,0.009742211569274559,0.008535515435751522,0.007260216114585989,0.00356074311722104,-0.011591503868509505,-0.0004003081304504927,0.03681901993333689,-0.010619784306230262,-0.010083993219485974,0.014179114035120137,0.007485092618524884,0.019551342525396247,-0.008127614840594596,-0.004625051669387221,-0.014965277814802584,-0.013075482120017645,0.017719756573286317,0.0228178569181507,-0.011949057148057527,-0.0026147159093175675,-0.011831965416185537,0.00345439710854071,-0.006613230567585856,-0.0025086897912842037,0.015119110824495628,-0.008373719315051476,-0.010619784306230262,0.0617512845000128,0.0022917985825327853,-0.0003219202252555066,0.001736225793606972,-0.017492958957350375,0.0024374142999320156,-0.018160163093044294,0.008703576980619875,0.006029310566452069,0.01819631365340319,-0.009745972078212546,0.001970525598430708,-0.009355100100740067,-0.0027580223052475162,-0.01468413642721986,0.02127905117367135,-0.006992255288801926,0.00590544791912012,0.01388696426765754,-0.010083993219485974,0.0022917985825327853,0.04264925660783955,-0.028648419370388742,-0.003470485209217597,-0.024001573717019126,0.0018118762301950874,-0.0008214779922784685,0.026552574372661144,0.012278982970245902,-0.025225584603970654,0.01196217724632595,-0.01702754360159035,-0.007093957522958728,0.0034029509189611494,0.023606651810373924,-0.04830901822496002,0.03128855453774875,0.012762892172606288,0.017120538528605393,0.014179114035120137,-0.0003219202252555066,-0.028648419370388742,0.11169507911030506,-0.002235126665256784,0.044076722019278966,0.022916614778779168,-0.014369535629722657,-0.06950224550961948,-0.033389256713681974,-0.005068512043793403,-0.0024284805558777685,0.00015410414009012365,-0.005275400024203938,0.005973255167747736,-0.008357789447508736,0.004563143113083905,0.0023321585281665183,-0.014023264620630076,-0.0035201012058658976,0.007485092618524884,0.001736225793606972,-0.003470485209217597,-0.002235126665256784,0.03479242280864152,-0.004236275217459227,-0.004494825416280851,-0.007180952379371474,0.008025355451510155,0.009325921568612654,-0.03683449986348395,0.0009543989003849883,0.014962599130491916,0.00569927813579825,0.008040343749752562,0.022407442645711234,-0.02436082662683602,0.007486304066299329,0.001521120259634922,0.00824590221685596,0.019551342525396247,-0.017492958957350375,-0.024001573717019126,0.044076722019278966,-0.004236275217459227,0.05891935683571233,0.0007364362752716779,0.00674933214699467,-0.05721148781812712,-0.025162790781805465,0.00025586553440753827,-0.007688110940493077,0.0008971625142641882,-0.0044775928015800045,-0.003637290442769626,0.0060272023760839285,-0.013814323722405297,0.006228966719621161,0.011451594160187005,0.010522153447420936,-0.008127614840594596,0.0024374142999320156,0.0018118762301950874,0.022916614778779168,-0.004494825416280851,0.0007364362752716779,0.02746764341271945,-0.00038124654703866243,-0.00683609739308526,-0.005210586576168776,-0.01768546432904306,-0.020470113796193425,0.026871922589793443,0.010811867821434923,-0.003288765976040292,9.927408196727433e-5,-0.0012594568960293206,-0.00969805934473695,-0.011655527201922918,-0.01630784127763038,-0.004625051669387221,-0.018160163093044294,-0.0008214779922784685,-0.014369535629722657,-0.007180952379371474,0.00674933214699467,-0.00038124654703866243,0.041183367522957585,0.009258912122286862,-0.004352001301478515,0.022229766321850104,-0.014404012689919945,-0.0002584078728144522,-0.0006516651463002465,-0.007089725171657405,-0.022892825252191093,0.03419210142838396,-0.015070794144260788,-0.011640913767710112,-0.022195782135017987,-0.014965277814802584,0.008703576980619875,0.026552574372661144,-0.06950224550961948,0.008025355451510155,-0.05721148781812712,-0.00683609739308526,0.009258912122286862,0.09433451027832847,0.027785805980968692,0.021809433109865897,-0.003071795542049603,-0.010379084267786005,0.0030639036333050956,-0.002447229645447452,-0.021409944623242194,0.01701557532333991,-0.009333025522074963,0.005590296639273464,-0.0002724716715459553,-0.013075482120017645,0.006029310566452069,0.012278982970245902,-0.033389256713681974,0.009325921568612654,-0.025162790781805465,-0.005210586576168776,-0.004352001301478515,0.027785805980968692,0.04206974110696582
0.10237087446636182,-0.008361517491387352,0.040186058116117376,-0.027312374252731537,-0.004109717953533147,0.003776863998297063,0.005094362939358786,-0.03015111518966128,-0.00021837212952042443,0.05915030215571469,0.029498481954396888,-0.00393708533130532,0.01105006513937342,0.005231336600960174,-0.06799922944376313,0.015321154953907071,-0.004773392964257118,-7.13295941576909e-5,-0.040966601700526364,-0.059821189581629144,-0.008361517491387352,0.028062901918496846,-0.003529457686594995,-0.016914663473280023,-0.004233702496133497,0.00021664200055019305,0.006393947085065624,0.004314393346692144,-0.00545723152948158,0.0018104056549434733,-0.009935547882595241,-0.017520201620309643,0.004603181218165594,0.006643941311071256,0.021290104749065973,0.002891380356893222,-0.0023254458941147807,0.0014809405232251872,-0.0018007779240506241,0.0050638887180803685,0.040186058116117376,-0.003529457686594995,0.06578444272767023,-0.003858013860214656,0.011040661165882688,0.0022352522011837087,-0.0011295290207938274,-0.00979576225055923,-0.014936159134335655,0.036067309314861025,0.02383853707167967,0.007298845050327107,-0.0016846325396185882,-0.021434983144620556,-0.044679109576410816,-0.010293726912716577,-0.0062760372546263946,0.01197840350112158,-0.020026305331256343,-0.03620611394822332,-0.027312374252731537,-0.016914663473280023,-0.003858013860214656,0.04612394006599174,0.005056877266785999,-0.006018957659368139,-0.016568788106951768,0.013129063257669327,0.004372081458501324,-0.03142256883110012,-0.0005365442098423733,0.01588335360659879,-0.006513363695556146,-0.01622325383287372,0.00463917984613975,-0.0074195604982851444,0.007894786198535717,-0.0007129464596977418,0.008955945182736246,0.01669270380852031,-0.004109717953533147,-0.004233702496133497,0.011040661165882688,0.005056877266785999,0.020388697616221627,0.004319545022641855,7.216865606076697e-5,-0.0015809003430070003,-0.0005303307561507059,0.0035579862190084164,0.0014855138455761394,0.0033881414389328197,-0.006403290228231293,-0.008632207471951996,-0.013082089079262931,-0.006444837734392833,0.009112349319483015,0.006952328793073882,-0.0018153910445161624,-0.0031494961142917066,0.003776863998297063,0.00021664200055019305,0.0022352522011837087,-0.006018957659368139,0.004319545022641855,0.031117874187242593,0.010227655536432827,0.0022667451556976754,0.006187632968254298,0.011320338940440572,-0.005829070182493887,-0.014537143393697542,-0.006732963396539716,0.004851896236730088,-0.004940365737589086,-0.013159702036590977,0.009025177865168701,0.009724653011215244,-0.0015399951889105653,-0.017155182086005458,0.005094362939358786,0.006393947085065624,-0.0011295290207938274,-0.016568788106951768,7.216865606076697e-5,0.010227655536432827,0.03551878309805656,-0.005991389642268785,0.003735123148384761,0.02200325206431182,-0.004878245709308513,-0.013985833488580745,-0.0024594398215072974,0.00653123642907459,-0.0012441182594132528,-0.011980009972247022,0.0066101266838279014,0.006448758934632833,-0.0027162060075254417,-0.015451550608755481,-0.03015111518966128,0.004314393346692144,-0.00979576225055923,0.013129063257669327,-0.0015809003430070003,0.0022667451556976754,-0.005991389642268785,0.03667451948176342,-2.6623666855593077e-5,-0.024584799843488353,-0.0033937864131696805,0.006766326627984223,-0.0008918285603663092,-0.00864356973436311,0.01848414502206808,-0.01514848109927283,0.0011590805903815308,0.0052221589479914225,0.007109760303010103,0.011257489473791968,-0.00021837212952042443,-0.00545723152948158,-0.014936159134335655,0.004372081458501324,-0.0005303307561507059,0.006187632968254298,0.003735123148384761,-2.6623666855593077e-5,0.02481613937932312,-0.003103346489638372,-0.0058449485307233906,0.0024311114209050015,-0.004831152235028101,0.007127155134389452,-0.003873865633139669,0.0012509402665320001,0.005802536032489862,0.001770932754265798,0.0018132111592964947,-0.0013671376661565332,0.05915030215571469,0.0018104056549434733,0.036067309314861025,-0.03142256883110012,0.0035579862190084164,0.011320338940440572,0.02200325206431182,-0.024584799843488353,-0.003103346489638372,0.08224940289917285,0.018893616260290354,-0.016081483189389744,0.0010129644091704838,0.005566542576946188,-0.052667352823844694,-0.008304443090996722,0.002640206804525657,0.01426805641858331,-0.030349100170514245,-0.056045602848745574,0.029498481954396888,-0.009935547882595241,0.02383853707167967,-0.0005365442098423733,0.0014855138455761394,-0.005829070182493887,-0.004878245709308513,-0.0033937864131696805,-0.0058449485307233906,0.018893616260290354,0.04797576801593075,0.021530165048465815,-0.0003604280131227287,-0.019726272275526986,-0.03436593587274076,-0.002893987926306299,-0.0051054941483470425,0.010309972700273794,-0.017799815882791885,-0.02660051137650393,-0.00393708533130532,-0.017520201620309643,0.007298845050327107,0.01588335360659879,0.0033881414389328197,-0.014537143393697542,-0.013985833488580745,0.006766326627984223,0.0024311114209050015,-0.016081483189389744,0.021530165048465815,0.05363237298744625,0.004873455087763554,-0.01194970299664258,-0.01722247659391472,-0.0005812848192897489,-0.005890530178700445,-0.001416538089981892,-0.014707662731224109,0.006030269276064515,0.01105006513937342,0.004603181218165594,-0.0016846325396185882,-0.006513363695556146,-0.006403290228231293,-0.006732963396539716,-0.0024594398215072974,-0.0008918285603663092,-0.004831152235028101,0.0010129644091704838,-0.0003604280131227287,0.004873455087763554,0.03229295214674408,0.003731616939187214,-0.0009323148564647984,0.007324532382217979,-0.014717466379592417,-0.0046490170191197545,-0.001910135335389909,0.00044505070329425324,0.005231336600960174,0.006643941311071256,-0.021434983144620556,-0.01622325383287372,-0.008632207471951996,0.004851896236730088,0.00653123642907459,-0.00864356973436311,0.007127155134389452,0.005566542576946188,-0.019726272275526986,-0.01194970299664258,0.003731616939187214,0.04196790452121638,0.015332177426898982,0.008325583629097931,-0.002180499442754404,-0.01402919492178267,0.005304844618429977,0.011016967711637982,-0.06799922944376313,0.021290104749065973,-0.044679109576410816,0.00463917984613975,-0.013082089079262931,-0.004940365737589086,-0.0012441182594132528,0.01848414502206808,-0.003873865633139669,-0.052667352823844694,-0.03436593587274076,-0.01722247659391472,-0.0009323148564647984,0.015332177426898982,0.09328944156134028,0.0050266683972145796,-0.006291649804680364,-0.012094110634600922,0.03767408345550556,0.057688658816151366,0.015321154953907071,0.002891380356893222,-0.010293726912716577,-0.0074195604982851444,-0.006444837734392833,-0.013159702036590977,-0.011980009972247022,-0.01514848109927283,0.0012509402665320001,-0.008304443090996722,-0.002893987926306299,-0.0005812848192897489,0.007324532382217979,0.008325583629097931,0.0050266683972145796,0.04562699816450649,-0.004502354733979457,-0.013487851510121355,-0.0065156330465106545,0.013699718696219741,-0.004773392964257118,-0.0023254458941147807,-0.0062760372546263946,0.007894786198535717,0.009112349319483015,0.009025177865168701,0.0066101266838279014,0.0011590805903815308,0.005802536032489862,0.002640206804525657,-0.0051054941483470425,-0.005890530178700445,-0.014717466379592417,-0.002180499442754404,-0.006291649804680364,-0.004502354733979457,0.02588856991068312,0.003189479962532672,-0.0008533004663722013,-0.0014197973559785517,-7.13295941576909e-5,0.0014809405232251872,0.01197840350112158,-0.0007129464596977418,0.006952328793073882,0.009724653011215244,0.006448758934632833,0.0052221589479914225,0.001770932754265798,0.01426805641858331,0.010309972700273794,-0.001416538089981892,-0.0046490170191197545,-0.01402919492178267,-0.012094110634600922,-0.013487851510121355,0.003189479962532672,0.0331501621478912,-0.010671713100494161,-0.015264550652071076,-0.040966601700526364,-0.0018007779240506241,-0.020026305331256343,0.008955945182736246,-0.0018153910445161624,-0.0015399951889105653,-0.0027162060075254417,0.007109760303010103,0.0018132111592964947,-0.030349100170514245,-0.017799815882791885,-0.014707662731224109,-0.001910135335389909,0.005304844618429977,0.03767408345550556,-0.0065156330465106545,-0.0008533004663722013,-0.010671713100494161,0.05231518909009995,0.026541057706221817,-0.059821189581629144,0.0050638887180803685,-0.03620611394822332,0.01669270380852031,-0.0031494961142917066,-0.017155182086005458,-0.015451550608755481,0.011257489473791968,-0.0013671376661565332,-0.056045602848745574,-0.02660051137650393,0.006030269276064515,0.00044505070329425324,0.011016967711637982,0.057688658816151366,0.013699718696219741,-0.0014197973559785517,-0.015264550652071076,0.026541057706221817,0.0755780103159541
