0.013866043327315503,0.004447591614818322,-0.0024183634848756507,-0.0017415360933297663,0.00253819540757455,0.0005901395955781523,0.0018684855683191565,-0.0042684275780694395,0.0005967727812699077,-0.001299656735483155,0.004887624249715322,-0.0012762185994353525,-0.0004839536204774714,-0.0009762036040752952,0.0037084315177733536,-0.0005769966960448264,0.0012608858916364804,-0.0009164328769491611,-0.004809362477830806,0.005059439493697079,0.004447591614818322,0.03429269828049289,-0.002101643475544755,0.010129731948793507,0.005304312571776238,-0.008481319527103477,0.0016984219447229209,-0.002328622416498667,-0.0007206094462074673,0.0020609497680664345,-0.004325816114686804,0.002422333812271765,-0.0022600502641095628,-0.016798793002951617,5.499456329377452e-6,-0.009945476530510502,0.010130896685427682,0.000274407023270619,0.007469852340877721,0.003064613065137302,-0.0024183634848756507,-0.002101643475544755,0.020084440680180615,-0.0008082484250727189,0.005490462594691648,0.0053874692513754124,-0.0038488122764208333,-6.0736726718743595e-5,0.0054882800682991345,0.0006493268798741423,-0.0017959720968441827,0.0010136047835599053,0.0013164808851185285,0.0015855559162699013,-0.0027383420027487218,0.004611433397415859,0.002970358979798313,-0.00018141668205726375,0.008609917384639017,-0.008907648105512051,-0.0017415360933297663,0.010129731948793507,-0.0008082484250727189,0.030590222300118774,0.010836984220546282,-0.005282787920932224,-0.002995351867982087,0.002220499523310927,0.00048738859599902677,0.005312615926481034,-0.009176954648298685,0.005121218863967016,0.004266477092243602,-0.012028232639106008,-0.0022403888869351415,-0.01310983883380192,0.007480058298584532,-0.00048707231585817,0.003336896092059963,-0.00690762563636273,0.00253819540757455,0.005304312571776238,0.005490462594691648,0.010836984220546282,0.02328404390002628,-0.0030173562328001226,-0.007228144214507239,0.00913616842896997,-0.003153035856597638,0.0028788808428718985,-0.0050301171097096135,0.006298752976589718,0.0018663969233069784,-0.008643491140572489,0.002938133308679396,-0.011097717711594238,0.0036454509684064997,-0.0032922809528628735,0.0006873663525123733,-0.0024678830016060015,0.0005901395955781523,-0.008481319527103477,0.0053874692513754124,-0.005282787920932224,-0.0030173562328001226,0.02065508841345564,-0.0005550976852406152,-0.0024471078976897086,0.007830410524039847,-0.0015654560391164874,-0.001405576912448824,-0.0025040309187279244,-0.0007637115098882045,-0.0010333315531951914,-0.008549737297242285,0.009090275592056383,-0.0019238055609819235,0.009750296476550695,0.00737708541340306,-0.012097632545909443,0.0018684855683191565,0.0016984219447229209,-0.0038488122764208333,-0.002995351867982087,-0.007228144214507239,-0.0005550976852406152,0.020671501972793476,-0.005604967014751376,-0.001442322634894527,0.0007054685069789025,0.0014029645385300613,-0.006034368135196961,-0.0026243168887211516,0.005810146526086964,0.0025455766157920345,7.966511101146345e-5,0.0046345046874117415,0.002012973834357653,0.0011924789474782303,0.0018401029818667413,-0.0042684275780694395,-0.002328622416498667,-6.0736726718743595e-5,0.002220499523310927,0.00913616842896997,-0.0024471078976897086,-0.005604967014751376,0.025939802620162867,-0.005614390254928919,0.0015350532192111462,-1.3680788022812332e-6,0.004398087518433901,0.003129718622515016,0.0030382658186758615,-0.00034549693409926326,0.0018254211037907512,-0.0005822463452039661,-0.0009526811903455489,-0.0068407507710328,-0.002629138722362255,0.0005967727812699077,-0.0007206094462074673,0.0054882800682991345,0.00048738859599902677,-0.003153035856597638,0.007830410524039847,-0.001442322634894527,-0.005614390254928919,0.033992591842800644,-0.0031218100947866963,0.001372684922353129,0.002308177312362856,0.0007850953240574468,-0.00167515593646876,-0.00967965255529172,-0.006954376921092031,-0.00047694989608701205,-0.0022875167927880907,0.0048255642912227534,-0.004404099785564973,-0.001299656735483155,0.0020609497680664345,0.0006493268798741423,0.005312615926481034,0.0028788808428718985,-0.0015654560391164874,0.0007054685069789025,0.0015350532192111462,-0.0031218100947866963,0.0188534518529551,-0.0019153499732662007,0.0005299186524273048,0.0012995935860230846,0.0001758406577058276,0.0007970232610109702,-0.0033592042384874695,0.0026134849628258443,-0.0021125394668096635,0.0061890099950291984,0.0020342512189266606,0.004887624249715322,-0.004325816114686804,-0.0017959720968441827,-0.009176954648298685,-0.0050301171097096135,-0.001405576912448824,0.0014029645385300613,-1.3680788022812332e-6,0.001372684922353129,-0.0019153499732662007,0.02070263575083183,0.0014511770590578971,-0.0058770776483313865,0.0010322545120799906,0.002053302112847731,0.004678437599161556,-0.006640081416061424,-0.0027576577447949373,-0.006982930127803501,0.007843461033680894,-0.0012762185994353525,0.002422333812271765,0.0010136047835599053,0.005121218863967016,0.006298752976589718,-0.0025040309187279244,-0.006034368135196961,0.004398087518433901,0.002308177312362856,0.0005299186524273048,0.0014511770590578971,0.018678551312892564,0.0049603547972917285,-0.005512657037492787,-0.0012176754180972054,-0.00556736748777334,-0.0018714172211575916,-0.0014322929600266566,-0.004323531632332371,-0.002791516754938996,-0.0004839536204774714,-0.0022600502641095628,0.0013164808851185285,0.004266477092243602,0.0018663969233069784,-0.0007637115098882045,-0.0026243168887211516,0.003129718622515016,0.0007850953240574468,0.0012995935860230846,-0.0058770776483313865,0.0049603547972917285,0.01663965851585005,0.0006254331150509495,-0.0008261787046956885,-0.005781577646050433,-0.00032039195821436913,-0.003145141936660111,0.00090705257582649,-0.0003209092258182935,-0.0009762036040752952,-0.016798793002951617,0.0015855559162699013,-0.012028232639106008,-0.008643491140572489,-0.0010333315531951914,0.005810146526086964,0.0030382658186758615,-0.00167515593646876,0.0001758406577058276,0.0010322545120799906,-0.005512657037492787,0.0006254331150509495,0.02826323683487684,0.003401916021894124,0.012634205195971084,-0.008282837537129054,0.0003950687762188508,-0.007981046882534912,0.0024158108379057908,0.0037084315177733536,5.499456329377452e-6,-0.0027383420027487218,-0.0022403888869351415,0.002938133308679396,-0.008549737297242285,0.0025455766157920345,-0.00034549693409926326,-0.00967965255529172,0.0007970232610109702,0.002053302112847731,-0.0012176754180972054,-0.0008261787046956885,0.003401916021894124,0.024899078351051426,0.0030641950640633055,0.0008448295457364112,-0.00236501337235306,-0.00394308553150526,0.010002117741444857,-0.0005769966960448264,-0.009945476530510502,0.004611433397415859,-0.01310983883380192,-0.011097717711594238,0.009090275592056383,7.966511101146345e-5,0.0018254211037907512,-0.006954376921092031,-0.0033592042384874695,0.004678437599161556,-0.00556736748777334,-0.005781577646050433,0.012634205195971084,0.0030641950640633055,0.036138864774851176,-0.0164222864359288,0.003833175193293132,-0.00806187383988288,-0.00024575411173528264,0.0012608858916364804,0.010130896685427682,0.002970358979798313,0.007480058298584532,0.0036454509684064997,-0.0019238055609819235,0.0046345046874117415,-0.0005822463452039661,-0.00047694989608701205,0.0026134849628258443,-0.006640081416061424,-0.0018714172211575916,-0.00032039195821436913,-0.008282837537129054,0.0008448295457364112,-0.0164222864359288,0.0277626753833157,-0.000115639203573492,0.008683904020599152,-0.008414493016007196,-0.0009164328769491611,0.000274407023270619,-0.00018141668205726375,-0.00048707231585817,-0.0032922809528628735,0.009750296476550695,0.002012973834357653,-0.0009526811903455489,-0.0022875167927880907,-0.0021125394668096635,-0.0027576577447949373,-0.0014322929600266566,-0.003145141936660111,0.0003950687762188508,-0.00236501337235306,0.003833175193293132,-0.000115639203573492,0.020962283132667424,0.009866968761764332,-0.00377305673313394,-0.004809362477830806,0.007469852340877721,0.008609917384639017,0.003336896092059963,0.0006873663525123733,0.00737708541340306,0.0011924789474782303,-0.0068407507710328,0.0048255642912227534,0.0061890099950291984,-0.006982930127803501,-0.004323531632332371,0.00090705257582649,-0.007981046882534912,-0.00394308553150526,-0.00806187383988288,0.008683904020599152,0.009866968761764332,0.03860571817251573,-0.017788287625665943,0.005059439493697079,0.003064613065137302,-0.008907648105512051,-0.00690762563636273,-0.0024678830016060015,-0.012097632545909443,0.0018401029818667413,-0.002629138722362255,-0.004404099785564973,0.0020342512189266606,0.007843461033680894,-0.002791516754938996,-0.0003209092258182935,0.0024158108379057908,0.010002117741444857,-0.00024575411173528264,-0.008414493016007196,-0.00377305673313394,-0.017788287625665943,0.02898791746428865
