0.04956349085238528,0.017048058738533958,0.0015577488284197272,-0.005041054592435404,0.019689999339277287,-0.006180970175948734,0.0176320995717774,-0.013727866209234815,0.00227823207787412,0.023083179682744995,0.008471010592736165,-0.017110497379904995,0.026107207162178864,-0.004543012327411446,0.015422269494334452,-0.013676496762255255,0.010341650371978388,-0.008289786030702222,0.01171150126279342,0.010285291726362389,0.017048058738533958,0.022091606432866104,0.001282692386335777,0.009202883462418054,0.012989280617508907,0.0032089009694879884,0.005635430103590617,-0.0018318920165510924,0.008459738959175504,0.010513619676111668,0.007831481076028948,-0.00533645043175652,0.014476015385918105,0.00032914660113569363,0.010327564636125176,0.0013636530103562639,0.007311339574206823,0.003305509861047217,0.005307761018974996,0.008566630337505519,0.0015577488284197272,0.001282692386335777,0.02498591159995653,0.0012453082155201812,-0.00037531868225620664,-0.005489345972238559,0.009488770543710546,0.002419209516045383,0.0008962573746245039,0.0016573817106801465,0.004398701870114925,-0.0018226942160936978,-0.003427252186102176,-0.003915264526065401,0.004144329428763805,-0.002414027604874118,-0.008600996424424159,-0.0012507473739298794,0.00556500844060241,0.0004355151812579121,-0.005041054592435404,0.009202883462418054,0.0012453082155201812,0.03731904663150688,0.0036250132035044185,0.01509837479324336,0.004768021936776435,0.0028585733767917845,0.006453087942345871,0.0007607190101280133,0.01365533840296445,0.004099237405834285,-0.0031627597994516696,0.0005550410176137973,0.00882327242835803,0.012780955747444495,0.0017491676503093505,0.006357407365316611,0.0004267452103310687,-0.0013255943691257697,0.019689999339277287,0.012989280617508907,-0.00037531868225620664,0.0036250132035044185,0.03934457652450941,-0.007074548985966727,0.007188231298743899,-0.001606511281608096,0.0017702612067720662,0.01792887692771148,0.0024494630528900416,-0.01830585771498787,0.017622252406583917,-0.007998520626007949,0.010099425484808801,-0.009990158063971195,0.0032648491088634888,-0.008236795461377022,0.011422779874003093,0.00479488914533121,-0.006180970175948734,0.0032089009694879884,-0.005489345972238559,0.01509837479324336,-0.007074548985966727,0.0393819271663768,-0.007314767820805611,0.010883024350219022,0.013399063724971173,-0.011448317475801224,0.010254443660357652,0.01586005203126938,-0.002520105135168597,0.01628478254586428,-0.005547966883537667,0.024206496603551182,0.0036870981808646112,0.019362816226913614,-0.011680722997219433,-0.0021858984318807355,0.0176320995717774,0.005635430103590617,0.009488770543710546,0.004768021936776435,0.007188231298743899,-0.007314767820805611,0.034347499731616146,0.00010691654461550447,0.0004715922879867394,0.015293579497951602,0.009260219103681707,-0.005937893958946771,0.006004018691230987,-0.005876034411890475,0.008856604316418448,-0.0023001106210157776,0.005978195165106953,-0.002912706786796896,0.01006541708295332,0.008333251629932361,-0.013727866209234815,-0.0018318920165510924,0.002419209516045383,0.0028585733767917845,-0.001606511281608096,0.010883024350219022,0.00010691654461550447,0.030681541564978473,0.005579291800800468,-0.006273364571465893,0.0028305716045214473,0.008205175763006077,-0.010220483965988316,0.006855850945122546,-0.009377492060130084,0.012775601641351664,-0.0010255458213719194,0.011255190229946536,-0.0022689201576631254,-0.0009339069267599104,0.00227823207787412,0.008459738959175504,0.0008962573746245039,0.006453087942345871,0.0017702612067720662,0.013399063724971173,0.0004715922879867394,0.005579291800800468,0.027289078157025026,-0.001441285113317438,0.007380265469207791,-0.0022531720804706964,-0.0030075408403023108,0.006041247422568612,8.513883039282136e-5,0.010663883253341434,-0.0011889300627132902,0.012889523084235924,-0.009376813309445795,-0.0022718641705851447,0.023083179682744995,0.010513619676111668,0.0016573817106801465,0.0007607190101280133,0.01792887692771148,-0.011448317475801224,0.015293579497951602,-0.006273364571465893,-0.001441285113317438,0.03354715471740149,0.005270526076064136,-0.011190584951756673,0.017447227760789275,-0.011327160323998026,0.014285813356879312,-0.009573231433111316,0.008313279509663415,-0.007378776502813368,0.015308191937600349,0.010104475138048033,0.008471010592736165,0.007831481076028948,0.004398701870114925,0.01365533840296445,0.0024494630528900416,0.010254443660357652,0.009260219103681707,0.0028305716045214473,0.007380265469207791,0.005270526076064136,0.032299746748444026,0.005065612607011044,0.0018431180319140302,0.001751115160179771,0.004166530438704166,0.009866823447261756,0.0037846379939303985,0.004052884019718577,0.001615249748145383,0.0031562624688240403,-0.017110497379904995,-0.00533645043175652,-0.0018226942160936978,0.004099237405834285,-0.01830585771498787,0.01586005203126938,-0.005937893958946771,0.008205175763006077,-0.0022531720804706964,-0.011190584951756673,0.005065612607011044,0.0313308446018741,-0.014618672185181114,0.011405127515669043,-0.005965191513513798,0.013222551236586232,0.0013203953425155852,0.011698293350229984,-0.004336814375881588,-0.00816321451966959,0.026107207162178864,0.014476015385918105,-0.003427252186102176,-0.0031627597994516696,0.017622252406583917,-0.002520105135168597,0.006004018691230987,-0.010220483965988316,-0.0030075408403023108,0.017447227760789275,0.0018431180319140302,-0.014618672185181114,0.04029058720971759,-0.006451206941418991,0.015789311055452122,-0.00697875845794833,0.009274534341375254,-0.005860083561749396,0.007080927924718586,0.006977619728848656,-0.004543012327411446,0.00032914660113569363,-0.003915264526065401,0.0005550410176137973,-0.007998520626007949,0.01628478254586428,-0.005876034411890475,0.006855850945122546,0.006041247422568612,-0.011327160323998026,0.001751115160179771,0.011405127515669043,-0.006451206941418991,0.02782806184998601,-0.0068822754432850495,0.01035432690518509,0.0019417234052439998,0.010779375235127498,-0.01114713565389823,-0.006282420874678346,0.015422269494334452,0.010327564636125176,0.004144329428763805,0.00882327242835803,0.010099425484808801,-0.005547966883537667,0.008856604316418448,-0.009377492060130084,8.513883039282136e-5,0.014285813356879312,0.004166530438704166,-0.005965191513513798,0.015789311055452122,-0.0068822754432850495,0.028050084716538106,-0.008494553460993615,0.00899887993074042,-0.006615049167653934,0.011807241627131846,0.006022225862831214,-0.013676496762255255,0.0013636530103562639,-0.002414027604874118,0.012780955747444495,-0.009990158063971195,0.024206496603551182,-0.0023001106210157776,0.012775601641351664,0.010663883253341434,-0.009573231433111316,0.009866823447261756,0.013222551236586232,-0.00697875845794833,0.01035432690518509,-0.008494553460993615,0.04158197705742628,-0.0019366821742563705,0.018127695466651227,-0.010817825913817043,-0.006046800119018841,0.010341650371978388,0.007311339574206823,-0.008600996424424159,0.0017491676503093505,0.0032648491088634888,0.0036870981808646112,0.005978195165106953,-0.0010255458213719194,-0.0011889300627132902,0.008313279509663415,0.0037846379939303985,0.0013203953425155852,0.009274534341375254,0.0019417234052439998,0.00899887993074042,-0.0019366821742563705,0.03198423557910614,0.0030294745910835934,0.005375188497649038,0.005750081550351517,-0.008289786030702222,0.003305509861047217,-0.0012507473739298794,0.006357407365316611,-0.008236795461377022,0.019362816226913614,-0.002912706786796896,0.011255190229946536,0.012889523084235924,-0.007378776502813368,0.004052884019718577,0.011698293350229984,-0.005860083561749396,0.010779375235127498,-0.006615049167653934,0.018127695466651227,0.0030294745910835934,0.036858749408414666,-0.007891824894661784,-0.0015814182508052878,0.01171150126279342,0.005307761018974996,0.00556500844060241,0.0004267452103310687,0.011422779874003093,-0.011680722997219433,0.01006541708295332,-0.0022689201576631254,-0.009376813309445795,0.015308191937600349,0.001615249748145383,-0.004336814375881588,0.007080927924718586,-0.01114713565389823,0.011807241627131846,-0.010817825913817043,0.005375188497649038,-0.007891824894661784,0.03321291697616118,0.008235619540702057,0.010285291726362389,0.008566630337505519,0.0004355151812579121,-0.0013255943691257697,0.00479488914533121,-0.0021858984318807355,0.008333251629932361,-0.0009339069267599104,-0.0022718641705851447,0.010104475138048033,0.0031562624688240403,-0.00816321451966959,0.006977619728848656,-0.006282420874678346,0.006022225862831214,-0.006046800119018841,0.005750081550351517,-0.0015814182508052878,0.008235619540702057,0.01706575203008751
0.016984867970755043,0.0032322285682544216,0.0039817431860813615,0.0036777896300773066,0.002259243467340661,0.008137525599461182,0.0014634914720265,0.00956008869738744,-0.0024370076831024315,-0.006300153775636084,0.0003286618435486969,0.005962210432113249,-0.005464544042203614,0.0009129348317388788,0.0030341971708697565,-0.0034854511565305737,-9.343692272315813e-5,-0.0036679544325861615,-0.006339610922296889,-0.0028348447219566798,0.0032322285682544216,0.017244830054956806,0.004415448291164687,-0.005422625929035786,0.0011455197264992325,-0.00020308600144469929,0.003368882990519883,0.005229756651842286,0.0013703089262676123,-0.0011341571292962645,-0.003993699118894658,-0.0057584684130708155,-0.010342659020099145,-0.0033231645283608386,-0.0003764441548179769,-0.0034304990220743103,0.001994851261852907,-0.003517737227369323,0.00717836497678068,-0.00039166015890010114,0.0039817431860813615,0.004415448291164687,0.0298222609786399,-0.00110870944272251,0.00036191387564199506,-0.00047004267840346497,0.006202759519373777,-0.003187258210775054,0.001196343433481164,-0.0017806827893930308,0.0004879554152642126,-0.0025253954488319444,-0.00849985117602069,-0.008310290347954476,-0.006173544883883059,-0.0024437272784257565,-0.008011754174587209,-0.013339768074734346,0.010078334409561001,-0.004247465726486039,0.0036777896300773066,-0.005422625929035786,-0.00110870944272251,0.015500641221573208,-0.0009327358232535912,0.0006053566622669225,-0.002035916814643543,0.0027025667483200192,-0.002854967663363796,-0.0034406190748446004,-0.0013502128349688895,0.0012358306789019293,0.008601728473214706,0.0007853501558193567,-0.006881458411332463,0.004741542162774094,-0.0002125994922712497,0.0023745518366552094,-0.0043542238338546676,-0.007308138912906936,0.002259243467340661,0.0011455197264992325,0.00036191387564199506,-0.0009327358232535912,0.025956191337412032,-0.0012057521015249443,0.00885073894687027,0.005219527366499081,-0.004106014882255185,-0.002033800353140325,-0.0019415341272979519,-0.005533378242787436,-0.005680439907147552,-0.008430564276876764,-0.003142024639121062,-0.00031872074518461994,0.006041660995428227,0.003326935106823961,-0.004506186204469381,-0.00152280586495823,0.008137525599461182,-0.00020308600144469929,-0.00047004267840346497,0.0006053566622669225,-0.0012057521015249443,0.018018798767642046,0.003017506504483072,-0.0004795695079287796,-0.0014214486611411285,0.00035056600103060303,0.0005080379179356571,0.0033776950803775336,0.002490796403648658,0.0018069862285276135,-0.0009588255966898871,-0.0036008351527412677,0.0012352930511427456,0.0027813559961750427,-0.0016868577065952284,-0.0035995944916713003,0.0014634914720265,0.003368882990519883,0.006202759519373777,-0.002035916814643543,0.00885073894687027,0.003017506504483072,0.02617958153482806,0.0020692266052383477,-0.005346925098787289,-0.003884571917531044,-0.0036864170372273236,-0.001364918082448948,-0.005583215383849023,-0.004852198532158543,-0.0025031972191840862,-0.004726171587599954,0.00618668958456873,-0.0018085037112378587,-0.0014121845873489905,-0.0034122587525372834,0.00956008869738744,0.005229756651842286,-0.003187258210775054,0.0027025667483200192,0.005219527366499081,-0.0004795695079287796,0.0020692266052383477,0.04178671238940348,-0.0033388889026856237,-0.01572932048996259,0.0018337186180554545,0.0033776782375591697,-0.014673321887168094,-0.002235201625471573,-0.0021143287963155373,0.006519873562940669,0.006769114187490224,-0.010786997754708356,-0.0034952570628612235,0.00438763761995296,-0.0024370076831024315,0.0013703089262676123,0.001196343433481164,-0.002854967663363796,-0.004106014882255185,-0.0014214486611411285,-0.005346925098787289,-0.0033388889026856237,0.025134245286093024,0.003801920490308967,0.0007097592712573023,0.001852366508804909,-0.0005829287725859499,0.0003617978890325384,0.0025937488254672812,0.008150744905343846,-0.01009276121212287,-0.004075420677262565,-0.002384516259972886,0.004153970162829203,-0.006300153775636084,-0.0011341571292962645,-0.0017806827893930308,-0.0034406190748446004,-0.002033800353140325,0.00035056600103060303,-0.003884571917531044,-0.01572932048996259,0.003801920490308967,0.026606490551463576,0.0036643907422690197,-0.0052836820410257414,0.005973004746020428,0.0049137236345315385,-0.0012556803182486268,-0.0054816716243588715,5.027878013763312e-5,0.007296154403884946,0.008852119922580495,-0.0011295352719423186,0.0003286618435486969,-0.003993699118894658,0.0004879554152642126,-0.0013502128349688895,-0.0019415341272979519,0.0005080379179356571,-0.0036864170372273236,0.0018337186180554545,0.0007097592712573023,0.0036643907422690197,0.021300071893762564,0.006630296540432501,0.003510918844830073,0.007128434292159768,-0.0020830815399598733,-0.0027884778942475355,-0.0075458138913595315,-0.005290485637809945,-0.002829304652419865,0.0016060482137650526,0.005962210432113249,-0.0057584684130708155,-0.0025253954488319444,0.0012358306789019293,-0.005533378242787436,0.0033776950803775336,-0.001364918082448948,0.0033776782375591697,0.001852366508804909,-0.0052836820410257414,0.006630296540432501,0.025878641906983288,0.0006782119641059926,0.001441721176854286,0.002493095860436623,0.0024670178409255594,-0.005540204931659472,-0.003230883099984273,-0.007647337660403523,-0.0010871587073337926,-0.005464544042203614,-0.010342659020099145,-0.00849985117602069,0.008601728473214706,-0.005680439907147552,0.002490796403648658,-0.005583215383849023,-0.014673321887168094,-0.0005829287725859499,0.005973004746020428,0.003510918844830073,0.0006782119641059926,0.041454106775553536,0.013824862127087133,-0.005589518143030431,0.0018484013030120466,-0.002152231293569432,0.007218850172591216,-0.010542828581975604,-0.0014092440230698213,0.0009129348317388788,-0.0033231645283608386,-0.008310290347954476,0.0007853501558193567,-0.008430564276876764,0.0018069862285276135,-0.004852198532158543,-0.002235201625471573,0.0003617978890325384,0.0049137236345315385,0.007128434292159768,0.001441721176854286,0.013824862127087133,0.030936089584065737,0.0031040274623626513,-0.0012818848931753374,-0.001860739761379499,0.004046774572166981,-0.002217581230597454,-0.0010596976963526145,0.0030341971708697565,-0.0003764441548179769,-0.006173544883883059,-0.006881458411332463,-0.003142024639121062,-0.0009588255966898871,-0.0025031972191840862,-0.0021143287963155373,0.0025937488254672812,-0.0012556803182486268,-0.0020830815399598733,0.002493095860436623,-0.005589518143030431,0.0031040274623626513,0.02672378057242122,-0.0028963457271202475,0.0042950367642805454,0.006004540319474118,0.0016743402082259437,-0.0014885513159017714,-0.0034854511565305737,-0.0034304990220743103,-0.0024437272784257565,0.004741542162774094,-0.00031872074518461994,-0.0036008351527412677,-0.004726171587599954,0.006519873562940669,0.008150744905343846,-0.0054816716243588715,-0.0027884778942475355,0.0024670178409255594,0.0018484013030120466,-0.0012818848931753374,-0.0028963457271202475,0.032252826589360295,-0.004584641936303379,0.000883017703971145,-0.00699116830401164,0.009091611146101245,-9.343692272315813e-5,0.001994851261852907,-0.008011754174587209,-0.0002125994922712497,0.006041660995428227,0.0012352930511427456,0.00618668958456873,0.006769114187490224,-0.01009276121212287,5.027878013763312e-5,-0.0075458138913595315,-0.005540204931659472,-0.002152231293569432,-0.001860739761379499,0.0042950367642805454,-0.004584641936303379,0.029522637354928383,0.007757438508583297,0.0038928653870551615,-0.0023089345969901434,-0.0036679544325861615,-0.003517737227369323,-0.013339768074734346,0.0023745518366552094,0.003326935106823961,0.0027813559961750427,-0.0018085037112378587,-0.010786997754708356,-0.004075420677262565,0.007296154403884946,-0.005290485637809945,-0.003230883099984273,0.007218850172591216,0.004046774572166981,0.006004540319474118,0.000883017703971145,0.007757438508583297,0.03167735286593183,-0.003768461805421395,-0.0004188117133713887,-0.006339610922296889,0.00717836497678068,0.010078334409561001,-0.0043542238338546676,-0.004506186204469381,-0.0016868577065952284,-0.0014121845873489905,-0.0034952570628612235,-0.002384516259972886,0.008852119922580495,-0.002829304652419865,-0.007647337660403523,-0.010542828581975604,-0.002217581230597454,0.0016743402082259437,-0.00699116830401164,0.0038928653870551615,-0.003768461805421395,0.03548064572693781,-0.004009029620295845,-0.0028348447219566798,-0.00039166015890010114,-0.004247465726486039,-0.007308138912906936,-0.00152280586495823,-0.0035995944916713003,-0.0034122587525372834,0.00438763761995296,0.004153970162829203,-0.0011295352719423186,0.0016060482137650526,-0.0010871587073337926,-0.0014092440230698213,-0.0010596976963526145,-0.0014885513159017714,0.009091611146101245,-0.0023089345969901434,-0.0004188117133713887,-0.004009029620295845,0.02709410141915181
