0.0013492641382044088,-6.572780351913232e-5,-0.00010231828812100158,-5.202931667923862e-6,0.0005616506179257987,0.00025814664568325025,0.000331167013697158,0.00027705198915696993,0.0009357857642803671,0.0003317622553876071,-0.0003842155172634977,6.64820964345867e-5,-6.282643274012716e-5,-0.00018297846066766236,9.074979076565555e-5,9.08365694997285e-6,0.00045571710168749297,0.0004928698811177962,0.00010633883056304866,0.0005924292724432017,-6.572780351913232e-5,0.00021982453805084788,-3.335648269664533e-5,2.2296209590845162e-5,5.1932132719365754e-5,-0.00018019103470268336,0.00010393055183966837,-3.806380453730638e-5,8.261409732940257e-5,-4.757222007581971e-5,8.216696020483276e-5,5.4194391490237035e-5,-1.8481147384650835e-5,-2.982941601936995e-5,-1.6285874099665435e-5,4.0056635309851416e-5,6.275705253165762e-5,-2.7200828585296353e-5,4.750291087593877e-5,2.8615367019181593e-5,-0.00010231828812100158,-3.335648269664533e-5,0.00042874320286388843,6.814114915498811e-5,-7.86890480798869e-5,0.0003514327510776718,-0.00019412162305037833,-4.4117339250730235e-5,-0.000333154129079024,1.3920603223500755e-5,0.00015799205917434191,-5.257719892609413e-5,-3.755259626611352e-5,-6.099961839631197e-5,-2.0141427546838125e-5,-0.00016659391816095027,-6.543968845268374e-5,-0.00019837523844888866,-0.00019720345503017013,-3.602422862193969e-5,-5.202931667923862e-6,2.2296209590845162e-5,6.814114915498811e-5,0.00036011987671635294,0.00018421072856746957,-1.2433511323416036e-5,-2.6199540889824877e-5,-0.00018252293790313597,-0.0002470178156857428,1.4327535320336545e-5,1.753853364550007e-5,-0.00013916308718586718,0.00010828063221141382,2.441002134775451e-5,0.000112674343143271,-0.00016581259795358125,4.496812026240196e-5,-1.0288284149217268e-5,-2.5491540412789497e-6,9.245098582007966e-5,0.0005616506179257987,5.1932132719365754e-5,-7.86890480798869e-5,0.00018421072856746957,0.0009206205966338153,-0.00044243147974772334,0.0005591640286683268,0.00017543948953147726,0.0006247395339080564,-6.919984873410582e-5,-0.0004455830641976206,-0.00014673344661236712,0.00010017782862836258,1.0487007220328457e-5,0.0001149085891358906,-9.39453654227698e-5,0.0003137681773158174,0.0004108246217451304,0.0003403053207054299,0.0005433562725524357,0.00025814664568325025,-0.00018019103470268336,0.0003514327510776718,-1.2433511323416036e-5,-0.00044243147974772334,0.0011731872794038456,-0.0005261223205232765,5.286599382357381e-6,-0.00033954164679876755,0.0003817060132089157,0.0002615632273652819,3.6585692913612274e-5,-0.00016977773747600222,-0.0001791052796410893,3.717964997679223e-5,-0.00011325865666312567,-6.379466702644686e-5,-0.00020069956163176416,-0.00045166026347699553,-0.000143865910602811,0.000331167013697158,0.00010393055183966837,-0.00019412162305037833,-2.6199540889824877e-5,0.0005591640286683268,-0.0005261223205232765,0.0008305526274338516,0.00043812260908328423,0.0009605001442516976,-0.00013517100636343835,-0.0005331473066258524,8.735514328748909e-5,-8.650091071234924e-5,-0.00010578309243975684,-5.933521396058356e-5,6.747416680891504e-5,0.00030738120071506085,0.00036981472684504487,0.00042165406261518234,0.0004367750759908276,0.00027705198915696993,-3.806380453730638e-5,-4.4117339250730235e-5,-0.00018252293790313597,0.00017543948953147726,5.286599382357381e-6,0.00043812260908328423,0.0008729021146855932,0.001113925402394531,-1.7287535063110584e-6,-0.0006989839696909495,0.00025108208714055326,-0.00033063085104045376,-0.00012576497991689264,-0.00018872588547368653,0.00013128211535267135,9.233730087004492e-5,0.00024625558299601834,0.00022916769143865138,0.00030149024779708544,0.0009357857642803671,8.261409732940257e-5,-0.000333154129079024,-0.0002470178156857428,0.0006247395339080564,-0.00033954164679876755,0.0009605001442516976,0.001113925402394531,0.0023159470974468896,9.559853126836247e-5,-0.0011096979446650402,0.0004166508820024613,-0.000483029256306308,-0.00034409361018220783,-0.0001668893001196664,0.0002743096875274041,0.0004580610890624567,0.0006212362139232744,0.0005697879605375803,0.0007645983881916421,0.0003317622553876071,-4.757222007581971e-5,1.3920603223500755e-5,1.4327535320336545e-5,-6.919984873410582e-5,0.0003817060132089157,-0.00013517100636343835,-1.7287535063110584e-6,9.559853126836247e-5,0.0004468874275599286,-1.0594559817534174e-5,-4.775066205373929e-5,-0.00010656111129379544,-0.00013770926870432763,0.0001304479560153253,1.5295200947143004e-5,4.65769933785883e-5,4.628592844634403e-5,-0.00010647536354267733,0.00010502471561178462,-0.0003842155172634977,8.216696020483276e-5,0.00015799205917434191,1.753853364550007e-5,-0.0004455830641976206,0.0002615632273652819,-0.0005331473066258524,-0.0006989839696909495,-0.0011096979446650402,-1.0594559817534174e-5,0.0009885284341938293,-0.00014965647188512632,0.00015326191596944864,2.189764298210915e-5,9.899828608348212e-5,-0.00011467029954196058,-0.0001556406896205553,-0.00040617061383274686,-0.0004165497746677168,-0.0004385727984907269,6.64820964345867e-5,5.4194391490237035e-5,-5.257719892609413e-5,-0.00013916308718586718,-0.00014673344661236712,3.6585692913612274e-5,8.735514328748909e-5,0.00025108208714055326,0.0004166508820024613,-4.775066205373929e-5,-0.00014965647188512632,0.0004645574955753844,-0.000165680300711022,-6.464907314441366e-5,-0.00024014134892911686,0.0001780340115169745,7.132551365342216e-5,2.095959367362486e-5,6.390276248277927e-5,1.3519758423103017e-5,-6.282643274012716e-5,-1.8481147384650835e-5,-3.755259626611352e-5,0.00010828063221141382,0.00010017782862836258,-0.00016977773747600222,-8.650091071234924e-5,-0.00033063085104045376,-0.000483029256306308,-0.00010656111129379544,0.00015326191596944864,-0.000165680300711022,0.000379076677688675,0.000227675875457967,7.595245334004474e-5,-5.045575961129939e-5,-1.8648247189958859e-6,4.08556516168254e-5,1.60847627148735e-5,-8.713725266862993e-5,-0.00018297846066766236,-2.982941601936995e-5,-6.099961839631197e-5,2.441002134775451e-5,1.0487007220328457e-5,-0.0001791052796410893,-0.00010578309243975684,-0.00012576497991689264,-0.00034409361018220783,-0.00013770926870432763,2.189764298210915e-5,-6.464907314441366e-5,0.000227675875457967,0.00044918782984667416,1.9213051615148174e-5,5.3087941458628154e-5,-0.00013937020747959686,2.464001427779087e-6,3.327842849456781e-5,-0.00024486819612456047,9.074979076565555e-5,-1.6285874099665435e-5,-2.0141427546838125e-5,0.000112674343143271,0.0001149085891358906,3.717964997679223e-5,-5.933521396058356e-5,-0.00018872588547368653,-0.0001668893001196664,0.0001304479560153253,9.899828608348212e-5,-0.00024014134892911686,7.595245334004474e-5,1.9213051615148174e-5,0.000313840541125879,-0.00010886539316390471,1.959452849180784e-5,4.074675753118587e-5,-1.6543672616799542e-5,2.0958969751048392e-5,9.08365694997285e-6,4.0056635309851416e-5,-0.00016659391816095027,-0.00016581259795358125,-9.39453654227698e-5,-0.00011325865666312567,6.747416680891504e-5,0.00013128211535267135,0.0002743096875274041,1.5295200947143004e-5,-0.00011467029954196058,0.0001780340115169745,-5.045575961129939e-5,5.3087941458628154e-5,-0.00010886539316390471,0.0003323186735860333,-4.6226042909018895e-5,7.050715168560511e-5,0.00013944484735947774,-4.764315571539905e-5,0.00045571710168749297,6.275705253165762e-5,-6.543968845268374e-5,4.496812026240196e-5,0.0003137681773158174,-6.379466702644686e-5,0.00030738120071506085,9.233730087004492e-5,0.0004580610890624567,4.65769933785883e-5,-0.0001556406896205553,7.132551365342216e-5,-1.8648247189958859e-6,-0.00013937020747959686,1.959452849180784e-5,-4.6226042909018895e-5,0.00042267976043491704,0.00024038834704561844,0.0001346192642867605,0.0003014933917015925,0.0004928698811177962,-2.7200828585296353e-5,-0.00019837523844888866,-1.0288284149217268e-5,0.0004108246217451304,-0.00020069956163176416,0.00036981472684504487,0.00024625558299601834,0.0006212362139232744,4.628592844634403e-5,-0.00040617061383274686,2.095959367362486e-5,4.08556516168254e-5,2.464001427779087e-6,4.074675753118587e-5,7.050715168560511e-5,0.00024038834704561844,0.0004807111187792182,0.0002515157790697822,0.0003237946139251595,0.00010633883056304866,4.750291087593877e-5,-0.00019720345503017013,-2.5491540412789497e-6,0.0003403053207054299,-0.00045166026347699553,0.00042165406261518234,0.00022916769143865138,0.0005697879605375803,-0.00010647536354267733,-0.0004165497746677168,6.390276248277927e-5,1.60847627148735e-5,3.327842849456781e-5,-1.6543672616799542e-5,0.00013944484735947774,0.0001346192642867605,0.0002515157790697822,0.0004716388747254672,0.00022785388146745288,0.0005924292724432017,2.8615367019181593e-5,-3.602422862193969e-5,9.245098582007966e-5,0.0005433562725524357,-0.000143865910602811,0.0004367750759908276,0.00030149024779708544,0.0007645983881916421,0.00010502471561178462,-0.0004385727984907269,1.3519758423103017e-5,-8.713725266862993e-5,-0.00024486819612456047,2.0958969751048392e-5,-4.764315571539905e-5,0.0003014933917015925,0.0003237946139251595,0.00022785388146745288,0.0006804426768854115
