0.07215180065666732,0.07335654812505814,0.0844202873612119,0.07098779734272398,0.04781217121476992,0.004968802676899949,0.029519785840993205,0.04919543478531896,0.04831305726230979,0.09149645158868083,0.0245181055379046,0.06389286616492121,0.05333857925215717,0.05478742848310879,0.015643522445881818,0.03224250488124451,0.05411699261673893,0.004874668067649252,0.027518614103150874,0.028315366540854557,0.07335654812505814,0.10603399776325256,0.10717718834627454,0.09353591683980908,0.06015150528645741,0.0006030994607648457,0.04403680149743415,0.0594593406316065,0.061999381244341414,0.11492654281298993,0.03374541646680711,0.08075700423533205,0.07046352553502325,0.074584265235667,0.01785821504198412,0.043886974998714204,0.08132265787533323,0.010599916585556902,0.03764014316180605,0.03829991392357723,0.0844202873612119,0.10717718834627454,0.17381214225040487,0.12493991928814485,0.08710343878199273,-0.013103557634318742,0.06217686107277104,0.05263426006727423,0.07305357827921857,0.14834813514609624,0.04061598090393948,0.10679407867025559,0.09698504375359378,0.08879406741822465,0.028243087200220722,0.056570612657801486,0.11998800355484163,-0.0034563488260542113,0.046975954922366225,0.01987306336857084,0.07098779734272398,0.09353591683980908,0.12493991928814485,0.15877029758881264,0.0766972870031443,-0.00900190740430628,0.03347952648996385,0.05084959175072696,0.10458961057128012,0.1384832077600439,0.03394419903044471,0.1069470076787282,0.07997442355955472,0.08711693834804299,0.018907638411196647,0.045632411069648986,0.08764838187343166,-0.0034311401174504414,0.05087025917326124,0.04045851511677884,0.04781217121476992,0.06015150528645741,0.08710343878199273,0.0766972870031443,0.06951373778888026,0.0014489030165303982,0.020394116154732574,0.03647989409232251,0.055857516424534535,0.0909028295496969,0.023906164289086297,0.06430462410453038,0.04736707296174611,0.04893989774399952,0.005165487991814689,0.032197843088103285,0.051390704350757266,-0.0011133813146519977,0.025845680218311486,0.02136032636597446,0.004968802676899949,0.0006030994607648457,-0.013103557634318742,-0.00900190740430628,0.0014489030165303982,0.04721819797132379,-0.023192123862185336,0.03042718386068097,0.022163440312772047,0.007126420975302515,-0.006410104731122718,-0.0025084225439570527,-0.004869970996492604,0.001633649576145292,-0.023752028478267215,0.003362496838718787,-0.04068433192834075,0.010916829073943706,-0.00809880285497645,0.029888821686175363,0.029519785840993205,0.04403680149743415,0.06217686107277104,0.03347952648996385,0.020394116154732574,-0.023192123862185336,0.07330097614264947,0.01214843562987959,0.0038612532602509044,0.048982369031938,0.03066403452710717,0.03919740662460873,0.050336775076849624,0.03084644692151924,0.024688020823667063,0.010639304980449859,0.07897881703992984,-0.007100542212858102,0.01886656749021584,-0.002583183504506442,0.04919543478531896,0.0594593406316065,0.05263426006727423,0.05084959175072696,0.03647989409232251,0.03042718386068097,0.01214843562987959,0.08040024342027591,0.057878519559552824,0.07398449468188543,0.02041187419869953,0.04428592877450984,0.0415887491902742,0.052292468787444035,-0.005968831237775245,0.032905291785224805,0.028972986430192155,0.02473184143137809,0.02105515079849662,0.05654641060797988,0.04831305726230979,0.061999381244341414,0.07305357827921857,0.10458961057128012,0.055857516424534535,0.022163440312772047,0.0038612532602509044,0.057878519559552824,0.1295233123093276,0.09634563965944312,0.01823600609054291,0.07277743970465361,0.05531403414151709,0.07138139770873186,-0.0014370771474836608,0.039239635385006306,0.037583343126129654,0.015029441223017536,0.028260931505154678,0.053965874651536856,0.09149645158868083,0.11492654281298993,0.14834813514609624,0.1384832077600439,0.0909028295496969,0.007126420975302515,0.048982369031938,0.07398449468188543,0.09634563965944312,0.17119053893661154,0.041883060714302964,0.11044754329369631,0.09343530788916701,0.09694135300887197,0.015007788146334446,0.058090640560025,0.10077265869496804,0.009491419540086742,0.0514423414573959,0.048452507019846554,0.0245181055379046,0.03374541646680711,0.04061598090393948,0.03394419903044471,0.023906164289086297,-0.006410104731122718,0.03066403452710717,0.02041187419869953,0.01823600609054291,0.041883060714302964,0.0481789212220419,0.033645046501681805,0.03451463467144261,0.02925575641679528,0.018365187687732556,0.009866109751303533,0.049950137263893093,0.0080465699944021,0.022028117280133312,0.01905409456913093,0.06389286616492121,0.08075700423533205,0.10679407867025559,0.1069470076787282,0.06430462410453038,-0.0025084225439570527,0.03919740662460873,0.04428592877450984,0.07277743970465361,0.11044754329369631,0.033645046501681805,0.10361316017721328,0.06711128214751355,0.07496641046749333,0.022013043864158942,0.033121629475464286,0.07246662252847785,0.0018801019366673911,0.03428467640148963,0.03405702594315761,0.05333857925215717,0.07046352553502325,0.09698504375359378,0.07997442355955472,0.04736707296174611,-0.004869970996492604,0.050336775076849624,0.0415887491902742,0.05531403414151709,0.09343530788916701,0.03451463467144261,0.06711128214751355,0.08559656959875483,0.05861556910273094,0.017607650994855444,0.029092366360653314,0.07819337796997872,0.008594161981837833,0.030830858968276004,0.023584022318445596,0.05478742848310879,0.074584265235667,0.08879406741822465,0.08711693834804299,0.04893989774399952,0.001633649576145292,0.03084644692151924,0.052292468787444035,0.07138139770873186,0.09694135300887197,0.02925575641679528,0.07496641046749333,0.05861556910273094,0.091646756507747,0.011332516629847338,0.03704944819072064,0.060745167144341555,0.014619383003830458,0.031011115578188427,0.0452698866637206,0.015643522445881818,0.01785821504198412,0.028243087200220722,0.018907638411196647,0.005165487991814689,-0.023752028478267215,0.024688020823667063,-0.005968831237775245,-0.0014370771474836608,0.015007788146334446,0.018365187687732556,0.022013043864158942,0.017607650994855444,0.011332516629847338,0.03781457746917343,-0.0031872073165365115,0.0361351526682772,-0.008185317417858945,0.010124995276809486,-0.011093790993307977,0.03224250488124451,0.043886974998714204,0.056570612657801486,0.045632411069648986,0.032197843088103285,0.003362496838718787,0.010639304980449859,0.032905291785224805,0.039239635385006306,0.058090640560025,0.009866109751303533,0.033121629475464286,0.029092366360653314,0.03704944819072064,-0.0031872073165365115,0.043128804682826205,0.03551080250257985,0.003797437674577842,0.020378314834630235,0.020263561994331214,0.05411699261673893,0.08132265787533323,0.11998800355484163,0.08764838187343166,0.051390704350757266,-0.04068433192834075,0.07897881703992984,0.028972986430192155,0.037583343126129654,0.10077265869496804,0.049950137263893093,0.07246662252847785,0.07819337796997872,0.060745167144341555,0.0361351526682772,0.03551080250257985,0.15493721186360726,-0.010567449149643398,0.04326041356788971,0.004827860603865974,0.004874668067649252,0.010599916585556902,-0.0034563488260542113,-0.0034311401174504414,-0.0011133813146519977,0.010916829073943706,-0.007100542212858102,0.02473184143137809,0.015029441223017536,0.009491419540086742,0.0080465699944021,0.0018801019366673911,0.008594161981837833,0.014619383003830458,-0.008185317417858945,0.003797437674577842,-0.010567449149643398,0.038767808508443455,0.002288241687830649,0.03134418479088321,0.027518614103150874,0.03764014316180605,0.046975954922366225,0.05087025917326124,0.025845680218311486,-0.00809880285497645,0.01886656749021584,0.02105515079849662,0.028260931505154678,0.0514423414573959,0.022028117280133312,0.03428467640148963,0.030830858968276004,0.031011115578188427,0.010124995276809486,0.020378314834630235,0.04326041356788971,0.002288241687830649,0.03861874157699259,0.01644227469386101,0.028315366540854557,0.03829991392357723,0.01987306336857084,0.04045851511677884,0.02136032636597446,0.029888821686175363,-0.002583183504506442,0.05654641060797988,0.053965874651536856,0.048452507019846554,0.01905409456913093,0.03405702594315761,0.023584022318445596,0.0452698866637206,-0.011093790993307977,0.020263561994331214,0.004827860603865974,0.03134418479088321,0.01644227469386101,0.07607550274496076
0.03824815637937365,-0.008237768838610653,0.009833095518201586,0.015532053822891995,0.0035026673288278574,0.023619090924854293,-0.00027511830232112774,0.02674584015860062,0.012239537198356803,0.01719777936700853,0.012416810267825555,0.017678321191979082,0.0018340607087030556,0.03065109305899659,0.022863389551287437,0.018483360957438976,-0.00024577336947758993,0.02241988474115616,0.0009685007289508131,0.01867151217790924,-0.008237768838610653,0.07202818252183395,-0.0025277083553296234,0.0011837317556278098,-0.0002813764650940408,-0.0016777588500699108,0.004829806250604947,-0.004327016159518084,0.011496005404304685,0.005638670184385915,-0.0005806496290412079,-0.012024906463886792,0.02231756437094936,0.016203980082530926,0.023029110559071964,-0.004961672318543289,0.01533307506244893,0.00990821878057812,-0.003132176070051833,0.01131546983946826,0.009833095518201586,-0.0025277083553296234,0.021763196651943977,0.007206425917284789,-1.8055819465672947e-5,0.01836669820719601,0.0012548989687309379,0.006883545602965099,0.001083137603680508,0.008325735873225179,0.01572330916588574,0.013322696853914882,0.006874866892515812,0.021501801546252614,0.004315700401177852,0.014650066640755246,-0.0018781836221042885,0.00788650682337897,0.0016067151134060318,0.004315197856692862,0.015532053822891995,0.0011837317556278098,0.007206425917284789,0.02999804512711006,0.013801650843258127,0.009621598973843737,-0.0018068256538207755,0.013033269468662918,0.010861281797463627,0.011445176765540306,0.006245874644026669,0.015476035376813234,0.0011036734789788842,0.019797277568269874,0.00765786588682112,0.014839892393249173,0.0055197670330114895,0.012843552762774636,0.007483485458272885,0.00879718921684778,0.0035026673288278574,-0.0002813764650940408,-1.8055819465672947e-5,0.013801650843258127,0.03476324340372358,-0.006017466609978097,0.0032817884267641547,0.006514717201856717,0.026257965678995642,0.005750694998156463,-0.007604434907110534,-0.006744849408699805,0.005260404254096167,0.0004425744458220384,0.0035745275489436814,0.004706913953479237,0.0006878203428901516,0.003716435780122615,0.008831373784375884,0.012020136097504505,0.023619090924854293,-0.0016777588500699108,0.01836669820719601,0.009621598973843737,-0.006017466609978097,0.08668609125925837,-0.002185029477556718,0.02551946514609174,-0.005845888496599862,0.026066587497865733,0.02397131946691612,0.03378285818682365,0.02299961998182938,0.04792514191370596,0.039559935807197175,0.02219598887147521,8.531499978360179e-5,0.019521248596881608,0.002665902716442149,0.03100683453580459,-0.00027511830232112774,0.004829806250604947,0.0012548989687309379,-0.0018068256538207755,0.0032817884267641547,-0.002185029477556718,0.038717833039154034,-0.0009077389373639464,0.01070267739767138,0.0020851019897085822,0.0020045790261286928,-0.004870971939466964,0.016625494916134215,0.007505957473394399,0.007005829671776595,-0.0012655919765933695,0.012690744180466122,0.0028917490847510047,0.004850611776460071,0.018148596785007694,0.02674584015860062,-0.004327016159518084,0.006883545602965099,0.013033269468662918,0.006514717201856717,0.02551946514609174,-0.0009077389373639464,0.058720731255678615,0.01352147264762851,0.02130300614418858,0.0049270003339998494,0.013350057306944777,0.002698191721984558,0.030566298150616306,0.03322342311500992,0.015370927686272752,-0.0033126458476076142,0.027750949476429206,0.0005127510149060327,0.029532097386011577,0.012239537198356803,0.011496005404304685,0.001083137603680508,0.010861281797463627,0.026257965678995642,-0.005845888496599862,0.01070267739767138,0.01352147264762851,0.06821093801457816,0.0028320594287357653,-0.011323574143401495,-0.005613676189875804,0.013431032063527018,0.00013212723461399067,0.015211707809397344,0.005158448049804354,0.0018102509863766863,0.0226852488031885,0.014213569843342898,0.031859697088083054,0.01719777936700853,0.005638670184385915,0.008325735873225179,0.011445176765540306,0.005750694998156463,0.026066587497865733,0.0020851019897085822,0.02130300614418858,0.0028320594287357653,0.034813563336620265,0.010659605956145788,0.011715434327070957,0.014426863666997428,0.03855803508390646,0.028057820443296095,0.01838136648478748,0.0002633768791651019,0.01639545459625586,0.0022464532173723678,0.020378626633372317,0.012416810267825555,-0.0005806496290412079,0.01572330916588574,0.006245874644026669,-0.007604434907110534,0.02397131946691612,0.0020045790261286928,0.0049270003339998494,-0.011323574143401495,0.010659605956145788,0.052734982732367465,0.025726915672044916,0.008743597250917154,0.037867673303110125,0.01074503708822657,0.020742856368331248,0.011974765677674679,0.007927151400584745,0.002451258891700907,-0.00606213958008749,0.017678321191979082,-0.012024906463886792,0.013322696853914882,0.015476035376813234,-0.006744849408699805,0.03378285818682365,-0.004870971939466964,0.013350057306944777,-0.005613676189875804,0.011715434327070957,0.025726915672044916,0.053736942126897225,0.000681648531288625,0.04658204120049378,0.006845674295128511,0.03069326121964073,0.0032531626706541325,0.0174953768696812,0.005044492051603903,0.013128860072156877,0.0018340607087030556,0.02231756437094936,0.006874866892515812,0.0011036734789788842,0.005260404254096167,0.02299961998182938,0.016625494916134215,0.002698191721984558,0.013431032063527018,0.014426863666997428,0.008743597250917154,0.000681648531288625,0.04410622631300248,0.018960064875992406,0.024346688742006274,0.006384163353159917,0.014715307643920286,0.006845338906239007,0.0014215657569448766,0.026138468836195024,0.03065109305899659,0.016203980082530926,0.021501801546252614,0.019797277568269874,0.0004425744458220384,0.04792514191370596,0.007505957473394399,0.030566298150616306,0.00013212723461399067,0.03855803508390646,0.037867673303110125,0.04658204120049378,0.018960064875992406,0.10204113682456145,0.04125309883815974,0.04103468996372928,0.02023265549326946,0.02908951163244987,0.01108466001948905,0.03458020731438759,0.022863389551287437,0.023029110559071964,0.004315700401177852,0.00765786588682112,0.0035745275489436814,0.039559935807197175,0.007005829671776595,0.03322342311500992,0.015211707809397344,0.028057820443296095,0.01074503708822657,0.006845674295128511,0.024346688742006274,0.04125309883815974,0.06526155345902909,0.009517302021492185,0.006190651866287591,0.022603426317592656,0.0008322438984130643,0.03825124934147133,0.018483360957438976,-0.004961672318543289,0.014650066640755246,0.014839892393249173,0.004706913953479237,0.02219598887147521,-0.0012655919765933695,0.015370927686272752,0.005158448049804354,0.01838136648478748,0.020742856368331248,0.03069326121964073,0.006384163353159917,0.04103468996372928,0.009517302021492185,0.044107684768467575,0.004630811247208013,0.0202428624092613,0.010594744054006738,0.013282013153305326,-0.00024577336947758993,0.01533307506244893,-0.0018781836221042885,0.0055197670330114895,0.0006878203428901516,8.531499978360179e-5,0.012690744180466122,-0.0033126458476076142,0.0018102509863766863,0.0002633768791651019,0.011974765677674679,0.0032531626706541325,0.014715307643920286,0.02023265549326946,0.006190651866287591,0.004630811247208013,0.03053237466341769,0.0029500054933710566,-0.005368768042390702,0.010377789470407317,0.02241988474115616,0.00990821878057812,0.00788650682337897,0.012843552762774636,0.003716435780122615,0.019521248596881608,0.0028917490847510047,0.027750949476429206,0.0226852488031885,0.01639545459625586,0.007927151400584745,0.0174953768696812,0.006845338906239007,0.02908951163244987,0.022603426317592656,0.0202428624092613,0.0029500054933710566,0.04530933171094313,0.006361212841550674,0.027527280541963097,0.0009685007289508131,-0.003132176070051833,0.0016067151134060318,0.007483485458272885,0.008831373784375884,0.002665902716442149,0.004850611776460071,0.0005127510149060327,0.014213569843342898,0.0022464532173723678,0.002451258891700907,0.005044492051603903,0.0014215657569448766,0.01108466001948905,0.0008322438984130643,0.010594744054006738,-0.005368768042390702,0.006361212841550674,0.028493973992084295,0.005724027016373033,0.01867151217790924,0.01131546983946826,0.004315197856692862,0.00879718921684778,0.012020136097504505,0.03100683453580459,0.018148596785007694,0.029532097386011577,0.031859697088083054,0.020378626633372317,-0.00606213958008749,0.013128860072156877,0.026138468836195024,0.03458020731438759,0.03825124934147133,0.013282013153305326,0.010377789470407317,0.027527280541963097,0.005724027016373033,0.06691363196791753
