0.012433856721854769,0.0030887725622044896,0.005177774837148078,0.0021691135010982487,0.004470366461417422,0.0035328749665511474,-0.00019278002401427102,0.004106520780624027,0.0006362952006204999,0.0007704199410316131,-0.0007540300631433752,-0.0023165157998298502,-0.0007402895006211193,0.0003410976484221759,0.004166346385810687,-0.004703749245487451,0.0026280266760397575,-0.0035353778697941925,0.0024225528916998773,0.0005632743402677636,0.0030887725622044896,0.01167960294136809,0.0018225677466825753,-0.002240181307152627,0.0024047323557744365,-0.003201219547597636,-0.0020482658557122837,0.003818627161722361,0.006063059632141928,0.00011158100226039638,0.00011914079885616828,-0.002149351734344377,-3.362260960076515e-5,0.0012143021699896153,-0.0012986056213729904,0.00038967363386024364,-0.001032206240974324,-0.00210815333175997,0.00021507163547316037,0.0030751315017384265,0.005177774837148078,0.0018225677466825753,0.020028254465144675,0.0003383598880481887,-0.003248221016541204,-0.002342261993232662,-0.00010923199504421347,-0.0069593781293602565,-0.00017649261580266997,-0.0014661055133113386,0.00031983086502846954,-0.0013078323076932247,-0.0024487820684796976,-0.00036302623339135476,0.0029924059954564448,-0.0019461480682254227,-0.009837712916011366,-0.0008856134188365448,0.0015288857481120207,-0.0041940135375361795,0.0021691135010982487,-0.002240181307152627,0.0003383598880481887,0.013693597427052062,-0.002051445536461834,0.0012897191674587027,0.001972957592513999,0.00026459586094548635,-0.003065370764687078,-0.0013948374512546488,-0.001148650912030392,-0.0021282417942188403,0.002775766786970164,-0.0018439078782652662,-0.004284098755401339,0.0038584049935087086,0.00033520888028619824,0.0016691006418841758,0.0017818669791008742,-0.006835420444760336,0.004470366461417422,0.0024047323557744365,-0.003248221016541204,-0.002051445536461834,0.02436690227337052,-0.0002773366272175266,0.0007239770386746079,0.0025670520387838956,0.0005127566956239721,0.004509862441417996,-0.0010468583040412459,-0.006338976453829809,0.0031811864351062548,0.000659624098885564,-0.00036945350020174846,-0.005543610031288355,0.003731627747082168,-0.0004312273156805707,0.0011808503879699177,0.0008539655989019183,0.0035328749665511474,-0.003201219547597636,-0.002342261993232662,0.0012897191674587027,-0.0002773366272175266,0.01509939263904769,0.0017393426672860238,0.003106645047532751,0.0003463971065828761,-0.0030530986933776268,-0.0010578931821871927,0.0004045717742123009,0.0028945907409019993,-0.0012306878354703741,-0.003408024452207582,0.0024974709018426642,0.0031587889172898656,0.00027593405678938415,9.489044655420695e-5,0.002694757761212986,-0.00019278002401427102,-0.0020482658557122837,-0.00010923199504421347,0.001972957592513999,0.0007239770386746079,0.0017393426672860238,0.023977823714950018,-0.000889273499565388,-0.0020330912427780597,-0.00038037555439017246,-0.0008637340415165605,0.004046610079871978,0.0030572997968464377,0.0056565843392367,-0.0016916710643260734,0.000564435857502115,0.005078779544708726,0.002865717727934767,-0.0019295961180963639,-0.0011207448521633103,0.004106520780624027,0.003818627161722361,-0.0069593781293602565,0.00026459586094548635,0.0025670520387838956,0.003106645047532751,-0.000889273499565388,0.01935737852749626,0.0020945847970089125,-0.0009577033536497159,0.0032504695769702847,0.0030202586630032127,-0.003796455385280758,0.0058950442507480685,-0.0014307479729373496,0.002192102892847969,0.001556412208852461,0.002003367704351732,-0.000493127062258553,0.0034629541667693274,0.0006362952006204999,0.006063059632141928,-0.00017649261580266997,-0.003065370764687078,0.0005127566956239721,0.0003463971065828761,-0.0020330912427780597,0.0020945847970089125,0.017633439234510075,0.0010291674369323394,-0.0007814383031106796,-0.004908494074791488,-0.0038333744923525447,0.0003931697524806025,0.0015557493906246467,0.0011683949063876387,-0.001773574793720055,-0.0016567128425995993,-0.0035598902362246137,-0.00028518203793096667,0.0007704199410316131,0.00011158100226039638,-0.0014661055133113386,-0.0013948374512546488,0.004509862441417996,-0.0030530986933776268,-0.00038037555439017246,-0.0009577033536497159,0.0010291674369323394,0.01639873179092812,0.00040075662134012697,-0.0016017538788400487,0.00039295957381716443,-0.001376233167274877,0.0002789107447519136,-0.004170515686423369,0.00433439496585072,0.0010594558232159845,0.003604058626569346,0.0022724057136688635,-0.0007540300631433752,0.00011914079885616828,0.00031983086502846954,-0.001148650912030392,-0.0010468583040412459,-0.0010578931821871927,-0.0008637340415165605,0.0032504695769702847,-0.0007814383031106796,0.00040075662134012697,0.019236406590471735,0.004428177379526173,-0.0034132291610178755,0.0008833509659896717,-0.003629429084277639,0.00392816599131946,-0.004426033125225924,-0.002488639316333509,-0.0011629359876256038,0.004014643184484671,-0.0023165157998298502,-0.002149351734344377,-0.0013078323076932247,-0.0021282417942188403,-0.006338976453829809,0.0004045717742123009,0.004046610079871978,0.0030202586630032127,-0.004908494074791488,-0.0016017538788400487,0.004428177379526173,0.015062781970930606,-0.002735108233426151,-0.0006838875587629567,0.0007848394734559072,0.0013244559494944058,0.003099464651478968,0.0012697599176652737,0.0025358427306233994,-0.001556449408363364,-0.0007402895006211193,-3.362260960076515e-5,-0.0024487820684796976,0.002775766786970164,0.0031811864351062548,0.0028945907409019993,0.0030572997968464377,-0.003796455385280758,-0.0038333744923525447,0.00039295957381716443,-0.0034132291610178755,-0.002735108233426151,0.02426169690436951,-0.00130651256026375,-0.0003183026441832026,-0.0008364031480217203,0.0017683039885798327,-0.002943796763654816,-0.0017285879021736812,-0.003647330770633289,0.0003410976484221759,0.0012143021699896153,-0.00036302623339135476,-0.0018439078782652662,0.000659624098885564,-0.0012306878354703741,0.0056565843392367,0.0058950442507480685,0.0003931697524806025,-0.001376233167274877,0.0008833509659896717,-0.0006838875587629567,-0.00130651256026375,0.01543641177275089,-0.0010644174674942501,0.0014872116321922907,0.0023939094410575187,-0.002566746876570585,0.0018608385905244853,-0.0006438564394770671,0.004166346385810687,-0.0012986056213729904,0.0029924059954564448,-0.004284098755401339,-0.00036945350020174846,-0.003408024452207582,-0.0016916710643260734,-0.0014307479729373496,0.0015557493906246467,0.0002789107447519136,-0.003629429084277639,0.0007848394734559072,-0.0003183026441832026,-0.0010644174674942501,0.019848218900710833,-0.005779774447836901,0.005061599999168909,-0.0007405691467343325,0.004205523678401293,-0.0016541527355281758,-0.004703749245487451,0.00038967363386024364,-0.0019461480682254227,0.0038584049935087086,-0.005543610031288355,0.0024974709018426642,0.000564435857502115,0.002192102892847969,0.0011683949063876387,-0.004170515686423369,0.00392816599131946,0.0013244559494944058,-0.0008364031480217203,0.0014872116321922907,-0.005779774447836901,0.023709878962139972,-0.005675894683755884,0.0044190474716878266,-0.00678958703411835,-0.0006677609809709743,0.0026280266760397575,-0.001032206240974324,-0.009837712916011366,0.00033520888028619824,0.003731627747082168,0.0031587889172898656,0.005078779544708726,0.001556412208852461,-0.001773574793720055,0.00433439496585072,-0.004426033125225924,0.003099464651478968,0.0017683039885798327,0.0023939094410575187,0.005061599999168909,-0.005675894683755884,0.026490005821399817,0.007349800329343345,0.002063388433710507,0.00016682983057191258,-0.0035353778697941925,-0.00210815333175997,-0.0008856134188365448,0.0016691006418841758,-0.0004312273156805707,0.00027593405678938415,0.002865717727934767,0.002003367704351732,-0.0016567128425995993,0.0010594558232159845,-0.002488639316333509,0.0012697599176652737,-0.002943796763654816,-0.002566746876570585,-0.0007405691467343325,0.0044190474716878266,0.007349800329343345,0.019454952825990635,-0.0017627068974329272,0.0006349005736802648,0.0024225528916998773,0.00021507163547316037,0.0015288857481120207,0.0017818669791008742,0.0011808503879699177,9.489044655420695e-5,-0.0019295961180963639,-0.000493127062258553,-0.0035598902362246137,0.003604058626569346,-0.0011629359876256038,0.0025358427306233994,-0.0017285879021736812,0.0018608385905244853,0.004205523678401293,-0.00678958703411835,0.002063388433710507,-0.0017627068974329272,0.022055352224935282,-0.0002011945183959965,0.0005632743402677636,0.0030751315017384265,-0.0041940135375361795,-0.006835420444760336,0.0008539655989019183,0.002694757761212986,-0.0011207448521633103,0.0034629541667693274,-0.00028518203793096667,0.0022724057136688635,0.004014643184484671,-0.001556449408363364,-0.003647330770633289,-0.0006438564394770671,-0.0016541527355281758,-0.0006677609809709743,0.00016682983057191258,0.0006349005736802648,-0.0002011945183959965,0.01587436051046445
