0.04111713933238414,0.022576869197875844,-0.003977159784257831,0.017784264487463942,-0.007040434173159318,-0.02061584512780735,0.0036878256425299082,0.020724901956307648,-0.007951172793259575,0.002063176356541457,-0.00821238699787543,-0.019236844274618033,-0.02017032863805339,-0.011322896577461074,-0.004072085372258104,0.013504098903693492,-0.012299174709153537,-0.012705788152557525,0.017619611332116578,0.01836368760048683,0.022576869197875844,0.047113302374237546,-0.001421177745667451,0.009950806266732032,-0.005839786329806737,-0.021331523913098432,-1.9873014037159718e-5,0.02373178874314582,-0.0011875795886980276,0.00034456980396638546,-0.008457864288213315,-0.015223766388386125,-0.013040394149827076,-0.009232058061138406,-0.004356468650394659,0.003042386365084025,-0.022233576438976457,-0.005253853872897467,0.01988123662952894,0.02705616146610509,-0.003977159784257831,-0.001421177745667451,0.027100095525704894,-0.010689235372142947,0.004440658010039686,0.0016235478494229974,-0.005294005283750651,0.0005802920032306406,0.007043612478726076,-0.0016716808312511031,0.003093084540789938,0.01155324781933229,0.007814379802425261,0.0067084755855548696,0.004762237523316075,-0.011773420635505839,-0.003926801186710619,0.008352278577321019,-0.0017570873680014146,-0.00713742502047221,0.017784264487463942,0.009950806266732032,-0.010689235372142947,0.030908038020224772,-0.002721656149898559,-0.005734687781633396,0.011634924170510576,0.004661022342722634,-0.0026520024276289037,0.007279523988167328,0.0015407892545391795,-0.011427059654203592,-0.006260059831164962,-0.00511082048403997,-0.0021718749944032193,0.013633991323327559,0.001999311113148758,-0.010637805411007294,0.005627479516289283,0.01034307961423437,-0.007040434173159318,-0.005839786329806737,0.004440658010039686,-0.002721656149898559,0.01985716407426845,0.005551138613554678,-0.0019199571463037555,-0.005098709422911452,0.007826957191245536,0.003844034251143468,0.004352004334558006,0.004872662941858737,0.011237109650681934,0.004982877164044079,0.0021374602895712414,-0.006473632417159486,0.01278574853596974,0.0017417203171226493,-0.004162157282991656,-0.011935478599165873,-0.02061584512780735,-0.021331523913098432,0.0016235478494229974,-0.005734687781633396,0.005551138613554678,0.03675817485081693,-0.006085864516725329,-0.023896796954712342,0.007624481015889591,-0.003941109105408745,0.007488479461412827,0.020169747006313424,0.011134972717218628,0.011800996013164046,0.004423147955766215,0.002534749287358977,0.029735083123016412,0.01021269124574737,-0.01645673453362164,-0.021956525297346468,0.0036878256425299082,-1.9873014037159718e-5,-0.005294005283750651,0.011634924170510576,-0.0019199571463037555,-0.006085864516725329,0.01779343909272901,-0.0005265302283623333,0.000785438432186148,0.00724616265436832,0.0010178754118120238,-0.008382121477820092,-0.003277728453578207,-0.0021398873452529916,0.007964219580306676,0.007276430627872619,0.003372658997082451,-0.003466964449694754,-0.001642941727117984,-0.00410474616453153,0.020724901956307648,0.02373178874314582,0.0005802920032306406,0.004661022342722634,-0.005098709422911452,-0.023896796954712342,-0.0005265302283623333,0.040953774448569624,-0.002563724980891244,0.0008763038148019782,-0.010328004124935723,-0.020279458212713444,-0.010421816464382953,-0.01627417365738213,-0.007746691976987944,0.0011803372292581503,-0.02892580306798615,-0.011213211530100974,0.019072677420592543,0.030426974002437858,-0.007951172793259575,-0.0011875795886980276,0.007043612478726076,-0.0026520024276289037,0.007826957191245536,0.007624481015889591,0.000785438432186148,-0.002563724980891244,0.041911269443098545,0.012657668452836958,0.005146918040400227,0.007822073091939604,0.012537592119091036,0.0019517573222340525,0.00736858545755629,-0.017096723867382705,0.006422178735644825,0.004257877983649798,-0.0001718699491947909,-0.009115937590165357,0.002063176356541457,0.00034456980396638546,-0.0016716808312511031,0.007279523988167328,0.003844034251143468,-0.003941109105408745,0.00724616265436832,0.0008763038148019782,0.012657668452836958,0.026238705956828187,0.0038268489840596826,-0.006721338745407932,-0.0010559655482655873,-0.0042769454346108515,0.004488719566030187,-0.002547265248953068,0.00419409063064193,-0.0051314226855866,0.0025803461530214287,-0.00556371254285041,-0.00821238699787543,-0.008457864288213315,0.003093084540789938,0.0015407892545391795,0.004352004334558006,0.007488479461412827,0.0010178754118120238,-0.010328004124935723,0.005146918040400227,0.0038268489840596826,0.023267244115302465,0.011142402342632344,0.00724216413050953,0.008884798733789683,0.01140194457916264,-0.002357330172821613,0.011370497107604372,-0.0020094470109942378,-0.003633366189979576,-0.012173164361953624,-0.019236844274618033,-0.015223766388386125,0.01155324781933229,-0.011427059654203592,0.004872662941858737,0.020169747006313424,-0.008382121477820092,-0.020279458212713444,0.007822073091939604,-0.006721338745407932,0.011142402342632344,0.04180887127806963,0.011326667998670745,0.015131754534615533,0.009053552832602365,-0.002161973967131414,0.019700727233487023,0.01473310205508921,-0.014290577212772429,-0.022940608496253945,-0.02017032863805339,-0.013040394149827076,0.007814379802425261,-0.006260059831164962,0.011237109650681934,0.011134972717218628,-0.003277728453578207,-0.010421816464382953,0.012537592119091036,-0.0010559655482655873,0.00724216413050953,0.011326667998670745,0.041015164606728764,0.020406687174497555,0.00803156022902942,-0.011943856696783425,0.008631631751123602,0.012835978906894665,-0.005232326337879078,-0.017456564961206796,-0.011322896577461074,-0.009232058061138406,0.0067084755855548696,-0.00511082048403997,0.004982877164044079,0.011800996013164046,-0.0021398873452529916,-0.01627417365738213,0.0019517573222340525,-0.0042769454346108515,0.008884798733789683,0.015131754534615533,0.020406687174497555,0.032230968478268646,0.003908185157678769,-0.0030401382744071805,0.01213358123462049,0.015264372715967683,-0.0015466023090565978,-0.014688992396468127,-0.004072085372258104,-0.004356468650394659,0.004762237523316075,-0.0021718749944032193,0.0021374602895712414,0.004423147955766215,0.007964219580306676,-0.007746691976987944,0.00736858545755629,0.004488719566030187,0.01140194457916264,0.009053552832602365,0.00803156022902942,0.003908185157678769,0.03641707274899066,-0.007319706273704825,0.0034575570018718815,-0.0013671052452420805,-0.007525908906798367,-0.014359685606199206,0.013504098903693492,0.003042386365084025,-0.011773420635505839,0.013633991323327559,-0.006473632417159486,0.002534749287358977,0.007276430627872619,0.0011803372292581503,-0.017096723867382705,-0.002547265248953068,-0.002357330172821613,-0.002161973967131414,-0.011943856696783425,-0.0030401382744071805,-0.007319706273704825,0.04675347023628541,0.004484169925023344,-0.0002570634550148585,0.0014315300245472237,0.006799172054442938,-0.012299174709153537,-0.022233576438976457,-0.003926801186710619,0.001999311113148758,0.01278574853596974,0.029735083123016412,0.003372658997082451,-0.02892580306798615,0.006422178735644825,0.00419409063064193,0.011370497107604372,0.019700727233487023,0.008631631751123602,0.01213358123462049,0.0034575570018718815,0.004484169925023344,0.05908077294528202,0.006041761760977428,-0.02083354835240318,-0.031478211459443864,-0.012705788152557525,-0.005253853872897467,0.008352278577321019,-0.010637805411007294,0.0017417203171226493,0.01021269124574737,-0.003466964449694754,-0.011213211530100974,0.004257877983649798,-0.0051314226855866,-0.0020094470109942378,0.01473310205508921,0.012835978906894665,0.015264372715967683,-0.0013671052452420805,-0.0002570634550148585,0.006041761760977428,0.03298089836003996,-0.006762674431806762,-0.0068974953179196516,0.017619611332116578,0.01988123662952894,-0.0017570873680014146,0.005627479516289283,-0.004162157282991656,-0.01645673453362164,-0.001642941727117984,0.019072677420592543,-0.0001718699491947909,0.0025803461530214287,-0.003633366189979576,-0.014290577212772429,-0.005232326337879078,-0.0015466023090565978,-0.007525908906798367,0.0014315300245472237,-0.02083354835240318,-0.006762674431806762,0.03950134399964454,0.01601715869018703,0.01836368760048683,0.02705616146610509,-0.00713742502047221,0.01034307961423437,-0.011935478599165873,-0.021956525297346468,-0.00410474616453153,0.030426974002437858,-0.009115937590165357,-0.00556371254285041,-0.012173164361953624,-0.022940608496253945,-0.017456564961206796,-0.014688992396468127,-0.014359685606199206,0.006799172054442938,-0.031478211459443864,-0.0068974953179196516,0.01601715869018703,0.05511290895835642
0.041304016116546,-0.031838150547731,0.007121478140616051,-0.016749613826482886,0.005920405690807613,-0.004406568272062588,-0.013386451427203145,-0.004663336431028266,0.004109223728804612,0.0006599557345353441,-0.0060611787169757535,-0.007903793699141032,0.017454826203173054,0.0034302571818187887,-0.01995605654087205,0.0027335962542312537,0.015281197897624315,0.002822329100174742,0.008803739443242357,-0.008572301843101766,-0.031838150547731,0.09281200261139423,0.014576906885726531,0.05932039390255756,-0.026124332733440087,0.01226570615084678,0.02536372675908168,-0.011864528633908097,-0.046419818872470146,-0.00244234261606861,0.012099706884061465,0.042174201327750474,-0.03175998087299493,-0.015650891861514173,0.055440939700807254,-0.005862172722792303,-0.05346966555469926,-0.05143576400732176,-0.02280449199321563,-0.00039187668592674486,0.007121478140616051,0.014576906885726531,0.08329466180391512,0.02212591006177353,-0.013748466639763118,0.011214598278110225,0.0054803293936926244,-0.02409561443462142,-0.02909137221094675,-0.05288473518631173,0.01014173447481053,0.02668143291289844,-0.03877375556961253,0.007528340221777152,0.04625942673719234,-0.014451184920706454,-0.014026535294929528,-0.02027307404569085,-0.0045014558719352876,-0.011751555267197643,-0.016749613826482886,0.05932039390255756,0.02212591006177353,0.11655566569071271,-0.02460371841340424,0.013766032485597494,0.008407297766253326,-0.010868615070563593,-0.0417780905830248,0.001786168630295098,0.030290005460653253,0.03297076589007583,-0.034740496878637186,-0.018161060428139683,0.055783118662912086,-0.009381580795590472,-0.06437737844943361,-0.07760775435326744,-0.017489546736244428,-0.01756152424534866,0.005920405690807613,-0.026124332733440087,-0.013748466639763118,-0.02460371841340424,0.03861928864469621,-0.007110131683748069,-0.00803183558599371,0.0034293042685341934,0.024155943224944233,0.009240076957017278,-0.012062566908577183,-0.023144022222009644,0.011558614162967624,0.0017179828981978768,-0.020192286947689344,0.005184236983242916,0.011022053422218313,0.01811175811377739,0.005949081144262527,0.007124802070426911,-0.004406568272062588,0.01226570615084678,0.011214598278110225,0.013766032485597494,-0.007110131683748069,0.022678638481464522,0.004455363385974917,0.002702097975802127,-0.020915953832096046,-0.00292297954585604,0.007713906762476944,0.005448844267198491,-0.019386789702992215,-0.007966485958193978,0.020030448896625874,-0.0030476072395937276,-0.013548321408623592,-0.012838899341284318,-0.004539888981756083,-0.0031413993452534296,-0.013386451427203145,0.02536372675908168,0.0054803293936926244,0.008407297766253326,-0.00803183558599371,0.004455363385974917,0.05889458872717258,0.00027636995196970234,-0.014933487222080506,0.014989636230468867,0.022671044313887986,0.015346998235014425,-0.00788192909680642,-0.01827768735960815,0.006103097528299833,0.0012801715987891243,-0.020528888296631576,-0.027979404748794796,-0.017920201479499603,-0.0013284277627053287,-0.004663336431028266,-0.011864528633908097,-0.02409561443462142,-0.010868615070563593,0.0034293042685341934,0.002702097975802127,0.00027636995196970234,0.04089791071284111,-0.006059972415860735,0.010623491756161719,0.0070188202089664815,-0.008032508631978488,-0.006914545281995053,-0.0007863130336806289,-0.004878565723969324,0.0015814647364580758,-0.0010229993226572695,0.0030437547359025265,0.0014695449667118847,0.0034988019355207496,0.004109223728804612,-0.046419818872470146,-0.02909137221094675,-0.0417780905830248,0.024155943224944233,-0.020915953832096046,-0.014933487222080506,-0.006059972415860735,0.08168890490019878,0.02091010348920181,-0.020040661355762213,-0.03527771252566611,0.04391762950649701,0.015560395256020572,-0.052858643190564575,0.012834808797227941,0.03189567881505419,0.04906111989203304,0.017261888426159635,0.012316404461377163,0.0006599557345353441,-0.00244234261606861,-0.05288473518631173,0.001786168630295098,0.009240076957017278,-0.00292297954585604,0.014989636230468867,0.010623491756161719,0.02091010348920181,0.08366356047918504,0.013250392501884018,-0.014627506968800972,0.026922384676950316,-0.02062469113273812,-0.04144837819782837,0.015506282181657612,-0.01103303609106869,-0.01189929786443664,-0.0039817726761545245,-0.004235858752379251,-0.0060611787169757535,0.012099706884061465,0.01014173447481053,0.030290005460653253,-0.012062566908577183,0.007713906762476944,0.022671044313887986,0.0070188202089664815,-0.020040661355762213,0.013250392501884018,0.04046471154895611,0.019283407614840348,-0.02100136509306945,-0.00581936310234729,0.01667036821182085,0.0009069196900476252,-0.020667096291016346,-0.03375860031204037,-0.013332439996287278,-0.013436778180863768,-0.007903793699141032,0.042174201327750474,0.02668143291289844,0.03297076589007583,-0.023144022222009644,0.005448844267198491,0.015346998235014425,-0.008032508631978488,-0.03527771252566611,-0.014627506968800972,0.019283407614840348,0.05557471781495512,-0.03040987964977257,-0.006583428050791052,0.03069082206293551,-0.004285003584614389,-0.03180022205763173,-0.03191635702155754,-0.01688463970541735,-0.008602022125130488,0.017454826203173054,-0.03175998087299493,-0.03877375556961253,-0.034740496878637186,0.011558614162967624,-0.019386789702992215,-0.00788192909680642,-0.006914545281995053,0.04391762950649701,0.026922384676950316,-0.02100136509306945,-0.03040987964977257,0.0671085437877184,0.005603539089647334,-0.0475751514903386,0.012569468839181547,0.030686227880723466,0.026186862924599888,0.012205977020439912,0.004970004517559528,0.0034302571818187887,-0.015650891861514173,0.007528340221777152,-0.018161060428139683,0.0017179828981978768,-0.007966485958193978,-0.01827768735960815,-0.0007863130336806289,0.015560395256020572,-0.02062469113273812,-0.00581936310234729,-0.006583428050791052,0.005603539089647334,0.025775929049858082,-0.007447969927415102,-0.0014118490892152157,0.02135242566968678,0.0298468021033299,0.003950343131259703,-0.0006007567147098287,-0.01995605654087205,0.055440939700807254,0.04625942673719234,0.055783118662912086,-0.020192286947689344,0.020030448896625874,0.006103097528299833,-0.004878565723969324,-0.052858643190564575,-0.04144837819782837,0.01667036821182085,0.03069082206293551,-0.0475751514903386,-0.007447969927415102,0.08405919880835291,-0.014770185218415383,-0.04192368267863868,-0.04537347955340537,-0.016111496212597914,-0.010087410531918133,0.0027335962542312537,-0.005862172722792303,-0.014451184920706454,-0.009381580795590472,0.005184236983242916,-0.0030476072395937276,0.0012801715987891243,0.0015814647364580758,0.012834808797227941,0.015506282181657612,0.0009069196900476252,-0.004285003584614389,0.012569468839181547,-0.0014118490892152157,-0.014770185218415383,0.017980837510399975,0.00445525705202319,-0.0007358902363960409,-0.0012074356928945325,0.00027390668810149335,0.015281197897624315,-0.05346966555469926,-0.014026535294929528,-0.06437737844943361,0.011022053422218313,-0.013548321408623592,-0.020528888296631576,-0.0010229993226572695,0.03189567881505419,-0.01103303609106869,-0.020667096291016346,-0.03180022205763173,0.030686227880723466,0.02135242566968678,-0.04192368267863868,0.00445525705202319,0.07519852094103917,0.060515659778162326,0.013382816904835164,0.0026026992849612325,0.002822329100174742,-0.05143576400732176,-0.02027307404569085,-0.07760775435326744,0.01811175811377739,-0.012838899341284318,-0.027979404748794796,0.0030437547359025265,0.04906111989203304,-0.01189929786443664,-0.03375860031204037,-0.03191635702155754,0.026186862924599888,0.0298468021033299,-0.04537347955340537,-0.0007358902363960409,0.060515659778162326,0.10755522913982332,0.018572127820850166,0.014121201271501967,0.008803739443242357,-0.02280449199321563,-0.0045014558719352876,-0.017489546736244428,0.005949081144262527,-0.004539888981756083,-0.017920201479499603,0.0014695449667118847,0.017261888426159635,-0.0039817726761545245,-0.013332439996287278,-0.01688463970541735,0.012205977020439912,0.003950343131259703,-0.016111496212597914,-0.0012074356928945325,0.013382816904835164,0.018572127820850166,0.02721181349162097,0.004478816365327818,-0.008572301843101766,-0.00039187668592674486,-0.011751555267197643,-0.01756152424534866,0.007124802070426911,-0.0031413993452534296,-0.0013284277627053287,0.0034988019355207496,0.012316404461377163,-0.004235858752379251,-0.013436778180863768,-0.008602022125130488,0.004970004517559528,-0.0006007567147098287,-0.010087410531918133,0.00027390668810149335,0.0026026992849612325,0.014121201271501967,0.004478816365327818,0.04512917377469707
