0.01322746829237602,-0.00022727091439785053,0.001486411094749074,-0.00433675151269014,0.0009411721832849042,0.0007657789378647036,0.0028094690470529316,-0.0004287325966562818,0.0010791171798089317,-0.0006029154739863084,-0.0007293426746686239,-0.000677988706827743,-0.0007187430689295207,0.0023799029892279987,0.000805995206847579,-0.001545097772965198,-0.0029497643596711337,0.0003150895174156336,0.0005232806680072364,0.0028632592016790354,-0.00022727091439785053,0.014397094527476307,0.00041231934727259357,0.001930143921345866,-0.0022336882459865785,-0.0008212412259915579,-0.0018879166105756574,0.001148849880279538,-0.002553774261481535,0.001184438143554652,-0.00026481126923209397,0.00030606239878737716,0.000250331537471309,-0.0015234884834959598,-0.0005844468619690521,0.0028221457261903638,0.0009532670769539264,-0.004052610356869084,-0.004678786437340449,-0.0036275420707881957,0.001486411094749074,0.00041231934727259357,0.014244856133397262,0.0018626937879194947,-0.0006966198606058011,0.0010451493128077536,-0.0017922163546902192,0.0005684061825506602,0.0008750773021702547,-0.0019057721180726415,-7.744834461026653e-5,0.0007880353705168957,-0.001859288433898089,-0.0004487388713774617,-0.001476271287573472,-0.0024994385239783786,-0.0008177428467757771,-0.006003884787264378,-0.002582778428426298,0.0031168807885301425,-0.00433675151269014,0.001930143921345866,0.0018626937879194947,0.01847101252247003,-0.0051995337572001525,0.0018944464722563449,0.0012670493592688954,0.0007882024560153104,0.00024113713932433388,-0.0010963106017155872,-0.0010202306639691713,0.0013787518503457787,0.0027302236998834363,-0.001111738874950966,0.00029449579377552955,0.0006179444531042014,0.001187917791017934,0.0009588369971336932,0.001583802304382158,-0.0005167498558859784,0.0009411721832849042,-0.0022336882459865785,-0.0006966198606058011,-0.0051995337572001525,0.01968279399093954,0.0027931166264604486,-0.0033323720742964077,-0.004611531550182297,-0.0030291417928235793,0.00041173048244277444,0.002097278996090231,-0.003762765636700385,-0.0030669660443230985,-0.0025682496569919677,0.003687345152674477,-0.002359005436410919,-0.0006384346795391316,0.004853967540438667,0.006292560771752815,0.007132269135099513,0.0007657789378647036,-0.0008212412259915579,0.0010451493128077536,0.0018944464722563449,0.0027931166264604486,0.019671656209192683,-0.0025280516135869407,0.002799150107376806,-0.0008811723567053451,0.0008255293259648137,0.0005438395988205519,-0.0004500497717136187,0.001476944465381732,-0.001413420567880591,0.002401962897596763,0.0009737199917586327,0.00036895984241211606,-0.0019032446724276055,-0.00014646679050943508,0.005000272319595191,0.0028094690470529316,-0.0018879166105756574,-0.0017922163546902192,0.0012670493592688954,-0.0033323720742964077,-0.0025280516135869407,0.013600690494156032,0.0013018875777504584,-0.0017368986257045435,-0.0014871442947402452,0.0021302039759275304,-0.00042859866340015385,-0.0023336984266756028,0.00030365839378342075,1.909565174254365e-6,0.0002942572027577802,-0.0006653984437327424,-0.002065954857759738,0.00026931050322226543,-0.0022559908234346645,-0.0004287325966562818,0.001148849880279538,0.0005684061825506602,0.0007882024560153104,-0.004611531550182297,0.002799150107376806,0.0013018875777504584,0.013547685187302075,0.0026262750676536465,-0.002405150136758447,-0.002720072230478708,0.0010422458684046841,1.3853298175303392e-5,0.002148417196998212,-0.0013321617558241712,0.004470995171699434,-0.0005918915646521987,-0.005275939138128637,-0.0013471639770674083,0.0017761583216213052,0.0010791171798089317,-0.002553774261481535,0.0008750773021702547,0.00024113713932433388,-0.0030291417928235793,-0.0008811723567053451,-0.0017368986257045435,0.0026262750676536465,0.013463357586390967,-0.004242826642273136,0.0025797895630293053,-0.0009067001169609082,4.004455182496982e-5,-6.456233072945554e-5,0.0012981195540570157,-0.0030492546403569033,0.0045596137032372225,0.004113931420145659,0.0016859328979438076,-0.0007902277339406729,-0.0006029154739863084,0.001184438143554652,-0.0019057721180726415,-0.0010963106017155872,0.00041173048244277444,0.0008255293259648137,-0.0014871442947402452,-0.002405150136758447,-0.004242826642273136,0.013132408524419645,0.005539003927858571,-0.0015148992312028664,-0.0030253086680836028,-0.0014631521935390226,0.003352038266513567,0.001486050274499343,-0.0013904472870166322,0.0008991016685576533,-1.5820914894359125e-5,0.002045817473502306,-0.0007293426746686239,-0.00026481126923209397,-7.744834461026653e-5,-0.0010202306639691713,0.002097278996090231,0.0005438395988205519,0.0021302039759275304,-0.002720072230478708,0.0025797895630293053,0.005539003927858571,0.01321120362196225,-0.0002450790017260961,0.0015843286822822778,-0.0011451245665652647,0.0002774554432714334,-0.002383867375365002,0.00012921774029911944,0.0026955441722961377,0.0014420204792662868,-0.0010629191841760748,-0.000677988706827743,0.00030606239878737716,0.0007880353705168957,0.0013787518503457787,-0.003762765636700385,-0.0004500497717136187,-0.00042859866340015385,0.0010422458684046841,-0.0009067001169609082,-0.0015148992312028664,-0.0002450790017260961,0.01962608204978918,-0.0020257343808634583,0.00178337141352449,-0.0013072046496919979,-7.139782407597634e-5,0.0029266864249345506,1.9857832513018057e-5,-0.0030713810300523297,-0.0010342912786681301,-0.0007187430689295207,0.000250331537471309,-0.001859288433898089,0.0027302236998834363,-0.0030669660443230985,0.001476944465381732,-0.0023336984266756028,1.3853298175303392e-5,4.004455182496982e-5,-0.0030253086680836028,0.0015843286822822778,-0.0020257343808634583,0.01845029702136982,-0.0016304571310373102,-0.0022486188209540608,0.0037416943574660683,-0.00039124204934782864,0.0019912147164132038,-0.0031676006841149665,-0.00276429299231655,0.0023799029892279987,-0.0015234884834959598,-0.0004487388713774617,-0.001111738874950966,-0.0025682496569919677,-0.001413420567880591,0.00030365839378342075,0.002148417196998212,-6.456233072945554e-5,-0.0014631521935390226,-0.0011451245665652647,0.00178337141352449,-0.0016304571310373102,0.018943068470288208,-0.0006551061670428814,-0.0015123944622658565,-0.0023221719908288066,-0.003966033131612262,0.001708655766517055,0.0005324049515667427,0.000805995206847579,-0.0005844468619690521,-0.001476271287573472,0.00029449579377552955,0.003687345152674477,0.002401962897596763,1.909565174254365e-6,-0.0013321617558241712,0.0012981195540570157,0.003352038266513567,0.0002774554432714334,-0.0013072046496919979,-0.0022486188209540608,-0.0006551061670428814,0.019183110001597205,-0.003970972282438064,-0.001374085104000204,0.0007768762993752409,0.0025606199466472316,0.0030450249862406828,-0.001545097772965198,0.0028221457261903638,-0.0024994385239783786,0.0006179444531042014,-0.002359005436410919,0.0009737199917586327,0.0002942572027577802,0.004470995171699434,-0.0030492546403569033,0.001486050274499343,-0.002383867375365002,-7.139782407597634e-5,0.0037416943574660683,-0.0015123944622658565,-0.003970972282438064,0.014743609155544572,0.002863862891962308,0.0013007823740980278,-0.004667083018186707,-0.007730230533792799,-0.0029497643596711337,0.0009532670769539264,-0.0008177428467757771,0.001187917791017934,-0.0006384346795391316,0.00036895984241211606,-0.0006653984437327424,-0.0005918915646521987,0.0045596137032372225,-0.0013904472870166322,0.00012921774029911944,0.0029266864249345506,-0.00039124204934782864,-0.0023221719908288066,-0.001374085104000204,0.002863862891962308,0.015848760727355093,0.002594036062938068,-0.002850890294460804,-0.00023418174494865723,0.0003150895174156336,-0.004052610356869084,-0.006003884787264378,0.0009588369971336932,0.004853967540438667,-0.0019032446724276055,-0.002065954857759738,-0.005275939138128637,0.004113931420145659,0.0008991016685576533,0.0026955441722961377,1.9857832513018057e-5,0.0019912147164132038,-0.003966033131612262,0.0007768762993752409,0.0013007823740980278,0.002594036062938068,0.017130902517940628,-0.0015613797891709611,-0.003405719756412069,0.0005232806680072364,-0.004678786437340449,-0.002582778428426298,0.001583802304382158,0.006292560771752815,-0.00014646679050943508,0.00026931050322226543,-0.0013471639770674083,0.0016859328979438076,-1.5820914894359125e-5,0.0014420204792662868,-0.0030713810300523297,-0.0031676006841149665,0.001708655766517055,0.0025606199466472316,-0.004667083018186707,-0.002850890294460804,-0.0015613797891709611,0.016818955016595617,0.0043767631845213865,0.0028632592016790354,-0.0036275420707881957,0.0031168807885301425,-0.0005167498558859784,0.007132269135099513,0.005000272319595191,-0.0022559908234346645,0.0017761583216213052,-0.0007902277339406729,0.002045817473502306,-0.0010629191841760748,-0.0010342912786681301,-0.00276429299231655,0.0005324049515667427,0.0030450249862406828,-0.007730230533792799,-0.00023418174494865723,-0.003405719756412069,0.0043767631845213865,0.016038493686212744
