0.018450381769708334,0.007816375039354374,0.004530833414859983,0.0025543811559162956,0.02371270359113201,-0.014564848688111108,0.002810637280361447,-0.0024161023702307773,0.004049705574650165,0.019285149521376718,-0.005491759141713031,-0.008501237985798157,0.00096587452856434,0.016374414341626002,-0.017016501553637674,-0.01802296605089417,-0.006808083414013809,-0.006092798893157152,0.028018122327677364,-0.007568756379774274,0.007816375039354374,0.02100554903720617,0.008097052275658663,0.0017673772016627782,0.024420875214522898,-0.014024388605766356,-0.0014720255944779214,-0.0035761952544884467,-0.0005225958747971779,0.023395631803431113,-0.0036529096136718674,-0.011164913679986552,0.003946507385794427,0.017458574935723257,-0.027456701759631514,-0.013833023578405924,-0.003530455032711971,-0.0015063465898261536,0.022668160397487223,-0.01637554957726351,0.004530833414859983,0.008097052275658663,0.020635627194240353,0.0052097341301049465,0.012418428536709769,-0.003636385098413186,-0.0019196669954949415,-5.344898822808383e-5,-0.002512119394037674,0.013410473470558279,0.00537395107754042,-0.008219103731380871,0.004387334852301417,0.0094929709803755,-0.020604489246237114,0.0028100635839088057,-0.0024966058571397796,-0.00045621767613769333,0.0019518379938624894,-0.005427159698411155,0.0025543811559162956,0.0017673772016627782,0.0052097341301049465,0.027143238546149452,0.017549958399105284,-0.009447048196745826,-0.012711550920802062,-0.003970158325711714,0.008512809988102242,0.008461148083378039,-0.007183750927542773,0.0007130722444210269,0.008896534550331086,0.010064961094177913,0.0018167178382657982,-0.013594526295369572,-0.006572897464923405,0.0029511806396758794,0.010544641712024813,-0.005100207359351383,0.02371270359113201,0.024420875214522898,0.012418428536709769,0.017549958399105284,0.15253600594321914,-0.07270487320835459,-0.02378170793166659,-0.02728586824768621,0.028700719728463664,0.09895735846070296,-0.017895512966968875,-0.048673972915990626,0.005202760114851481,0.07590890629069005,-0.06045835235567944,-0.10704156002702862,-0.03267259742030605,0.014338418062152317,0.11575083852883995,-0.04707912812348086,-0.014564848688111108,-0.014024388605766356,-0.003636385098413186,-0.009447048196745826,-0.07270487320835459,0.07300444851379327,0.012726611982397287,0.019111352005235983,-0.015836724924371666,-0.05868852148425803,0.028906803220712353,0.023744285203537628,-0.0010719571170083237,-0.040835417640846944,0.02839133938613142,0.07264953418761144,0.026421455249433443,-0.002648860367322298,-0.07997661262883882,0.031172053128788905,0.002810637280361447,-0.0014720255944779214,-0.0019196669954949415,-0.012711550920802062,-0.02378170793166659,0.012726611982397287,0.03670318749714157,0.014162666751580809,-0.010981724280848553,-0.018879768596201694,0.010099684731806127,-0.004395877094205091,-0.009207661286974311,-0.013694946887528214,-0.0002563900991201719,0.01983740451372118,0.007212049924465508,-0.0008958242692037679,-0.009826637442251745,0.010013286438776714,-0.0024161023702307773,-0.0035761952544884467,-5.344898822808383e-5,-0.003970158325711714,-0.02728586824768621,0.019111352005235983,0.014162666751580809,0.02133884137549278,-0.004830602234059794,-0.02129925846660692,0.008606750104107,0.007402143399098553,-0.004116753742894172,-0.013740769440793978,8.045761447821606e-6,0.031685056353372466,0.0069833022197431024,-0.0041038800333314035,-0.025561857624782212,0.010781778734487692,0.004049705574650165,-0.0005225958747971779,-0.002512119394037674,0.008512809988102242,0.028700719728463664,-0.015836724924371666,-0.010981724280848553,-0.004830602234059794,0.027803157595052655,0.012620185204553071,-0.0013179251269618752,-0.007565542036062991,-0.0019470096727231174,0.011957756819817845,0.007291149621016494,-0.035545156618844984,-0.005258003344782926,0.011277406528804332,0.027691094888292116,-0.009129184398472216,0.019285149521376718,0.023395631803431113,0.013410473470558279,0.008461148083378039,0.09895735846070296,-0.05868852148425803,-0.018879768596201694,-0.02129925846660692,0.012620185204553071,0.09643238129618502,-0.01345987991660947,-0.035583413664693586,0.00575284025746959,0.05613334630540687,-0.06110275028368443,-0.07012464753622424,-0.02343474852385454,0.005400275972956895,0.08426896401858595,-0.042504782021966406,-0.005491759141713031,-0.0036529096136718674,0.00537395107754042,-0.007183750927542773,-0.017895512966968875,0.028906803220712353,0.010099684731806127,0.008606750104107,-0.0013179251269618752,-0.01345987991660947,0.052077157957874376,0.002782806056585062,-0.0012661524463904268,-0.013427489222209286,-0.0055694896989909905,0.04040426687970759,0.008927059310420336,0.01506569775117958,-0.040234185451402546,0.011734701144615929,-0.008501237985798157,-0.011164913679986552,-0.008219103731380871,0.0007130722444210269,-0.048673972915990626,0.023744285203537628,-0.004395877094205091,0.007402143399098553,-0.007565542036062991,-0.035583413664693586,0.002782806056585062,0.04095849880090722,-0.0013662984640074143,-0.02685795349004453,0.029621700945061558,0.03605563256690264,0.011612154269919156,-0.008074983409397198,-0.04753014054881788,0.01746553803452366,0.00096587452856434,0.003946507385794427,0.004387334852301417,0.008896534550331086,0.005202760114851481,-0.0010719571170083237,-0.009207661286974311,-0.004116753742894172,-0.0019470096727231174,0.00575284025746959,-0.0012661524463904268,-0.0013662984640074143,0.02325072833717403,0.004282627754048348,-0.0152537799698108,0.00337776632455496,-0.00043038127115649794,-0.0017284398728242396,-0.004093937007276292,-0.009117404174654495,0.016374414341626002,0.017458574935723257,0.0094929709803755,0.010064961094177913,0.07590890629069005,-0.040835417640846944,-0.013694946887528214,-0.013740769440793978,0.011957756819817845,0.05613334630540687,-0.013427489222209286,-0.02685795349004453,0.004282627754048348,0.05452978727821996,-0.03940113089012438,-0.05584469171012335,-0.019342357690923344,0.0003312198554555612,0.06763768735893816,-0.028901434146073338,-0.017016501553637674,-0.027456701759631514,-0.020604489246237114,0.0018167178382657982,-0.06045835235567944,0.02839133938613142,-0.0002563900991201719,8.045761447821606e-6,0.007291149621016494,-0.06110275028368443,-0.0055694896989909905,0.029621700945061558,-0.0152537799698108,-0.03940113089012438,0.13055440550565411,0.0019774739880936473,0.010223263808640045,0.012138887832461441,-0.03376055244805662,0.04825727496601733,-0.01802296605089417,-0.013833023578405924,0.0028100635839088057,-0.013594526295369572,-0.10704156002702862,0.07264953418761144,0.01983740451372118,0.031685056353372466,-0.035545156618844984,-0.07012464753622424,0.04040426687970759,0.03605563256690264,0.00337776632455496,-0.05584469171012335,0.0019774739880936473,0.13158731810483132,0.03278917885496528,-0.006638641042264559,-0.11985240050539672,0.029333960566594833,-0.006808083414013809,-0.003530455032711971,-0.0024966058571397796,-0.006572897464923405,-0.03267259742030605,0.026421455249433443,0.007212049924465508,0.0069833022197431024,-0.005258003344782926,-0.02343474852385454,0.008927059310420336,0.011612154269919156,-0.00043038127115649794,-0.019342357690923344,0.010223263808640045,0.03278917885496528,0.024754498795890624,-0.00013429373206510099,-0.032703584535634836,0.011795165081222962,-0.006092798893157152,-0.0015063465898261536,-0.00045621767613769333,0.0029511806396758794,0.014338418062152317,-0.002648860367322298,-0.0008958242692037679,-0.0041038800333314035,0.011277406528804332,0.005400275972956895,0.01506569775117958,-0.008074983409397198,-0.0017284398728242396,0.0003312198554555612,0.012138887832461441,-0.006638641042264559,-0.00013429373206510099,0.03788585589502168,0.0005913963603213384,-0.001253442562492802,0.028018122327677364,0.022668160397487223,0.0019518379938624894,0.010544641712024813,0.11575083852883995,-0.07997661262883882,-0.009826637442251745,-0.025561857624782212,0.027691094888292116,0.08426896401858595,-0.040234185451402546,-0.04753014054881788,-0.004093937007276292,0.06763768735893816,-0.03376055244805662,-0.11985240050539672,-0.032703584535634836,0.0005913963603213384,0.14577037343762977,-0.03814911939354239,-0.007568756379774274,-0.01637554957726351,-0.005427159698411155,-0.005100207359351383,-0.04707912812348086,0.031172053128788905,0.010013286438776714,0.010781778734487692,-0.009129184398472216,-0.042504782021966406,0.011734701144615929,0.01746553803452366,-0.009117404174654495,-0.028901434146073338,0.04825727496601733,0.029333960566594833,0.011795165081222962,-0.001253442562492802,-0.03814911939354239,0.04239521067244467
0.02532675371764423,-0.0026322987573626183,0.005901241538450004,-0.010753180494694113,0.004690601551780254,0.002384358562447082,0.005761479150730969,-0.006132157358769964,0.0021780920081943336,0.0029640606500200353,-0.006553855879306967,-0.0084559407952759,-0.0030710575066856716,0.01013618718885458,0.004474600308305503,0.005583716583591894,-0.0028749652800182882,0.0019708185069741624,-0.00022987642010295802,-0.0028780501630052907,-0.0026322987573626183,0.027006088707072263,-0.0015865011184840988,-0.0016128274557825944,0.0019588114240649515,-0.00976355754459016,0.001937072615088144,-0.0019256511426976428,-0.002123625163374808,-0.0006484360228388032,-0.003442299379975545,0.001143664353584129,-0.004366321401078096,-0.0017137773295003572,0.0052084648551404605,0.006772885239373455,-0.0014337172856232622,-0.008581288890621909,-0.012985617877459207,0.0027247752391372027,0.005901241538450004,-0.0015865011184840988,0.041104778212885607,0.02443675492471451,-0.013820130833070723,0.0193511221932997,-0.009563139033802862,-0.0073152120003753636,-0.009569103124447375,-0.0026847605799626474,0.0011504593121701482,-0.0011353094323853425,-0.0038360333362114675,0.00602710881013053,-0.007438303504824347,-0.014104832525089737,-0.00720058368740166,-0.01949914376574983,-0.001647980726390423,0.006341448852799294,-0.010753180494694113,-0.0016128274557825944,0.02443675492471451,0.0674883340601339,-0.038880027029091865,0.025567208893871457,-0.002273756005092946,-0.011167732481070603,-0.012396744632746839,-0.006471892938850081,-0.002151537351228088,0.010436642548856479,0.007382200467775726,0.016331727145225877,-0.01087778317700858,-0.02886007347701091,-0.011525298029787733,-0.004323543262769517,-0.0030889110326364263,-0.005707658866354211,0.004690601551780254,0.0019588114240649515,-0.013820130833070723,-0.038880027029091865,0.04437034578715813,-0.017143913281204858,0.0030762539511815395,0.0004952771685372876,0.002001765524327165,0.009081057260322045,-0.0063236274450287015,-0.00779019734391403,-0.00262565349544382,-0.006626395356216284,0.01163603728672443,0.0184772908743903,0.006431211369328505,0.00607124339028201,0.0036909256126270236,0.006632381074767506,0.002384358562447082,-0.00976355754459016,0.0193511221932997,0.025567208893871457,-0.017143913281204858,0.04404773857857097,-0.010928015659559179,0.004098228516588768,-0.008005430621085552,-0.0033815391283498484,0.0019102102715416154,-0.005041507065557844,0.004699410571643478,0.002893625247591583,-0.004833805647323016,-0.020465548645242894,-0.0064178920775636505,-0.009456687437596856,0.0071630934248935255,0.0022710082389969565,0.005761479150730969,0.001937072615088144,-0.009563139033802862,-0.002273756005092946,0.0030762539511815395,-0.010928015659559179,0.03274746461464328,-0.014752285808999371,0.0030092987387217896,0.009006456377796948,-0.012870453660667669,-0.005094844340478116,0.0054540706344787466,0.011669315779118953,0.009509240819022328,0.009680493425993732,-0.006516515569869969,0.0008359114887435622,-0.0077640600698560686,-0.014649057842492787,-0.006132157358769964,-0.0019256511426976428,-0.0073152120003753636,-0.011167732481070603,0.0004952771685372876,0.004098228516588768,-0.014752285808999371,0.03987127682568905,0.007834694595411846,-0.010852596352497367,0.014865418653448871,-0.004809739720553476,0.0021117489174900064,-0.017968183835884288,-0.004601306792111622,-0.0014510411180081017,0.00186485150512288,-0.002105753549119056,0.010687940381544558,0.011164618449881232,0.0021780920081943336,-0.002123625163374808,-0.009569103124447375,-0.012396744632746839,0.002001765524327165,-0.008005430621085552,0.0030092987387217896,0.007834694595411846,0.02495978666069065,-0.0019360991621248298,0.002603166497436195,-0.004340203360459088,0.0016124857908407135,-0.003445800627530029,0.003074406318768914,0.003166646080780634,-0.0008861843316856239,0.007718241321095823,0.0028446659639574045,0.0025576037345029987,0.0029640606500200353,-0.0006484360228388032,-0.0026847605799626474,-0.006471892938850081,0.009081057260322045,-0.0033815391283498484,0.009006456377796948,-0.010852596352497367,-0.0019360991621248298,0.023989933658950392,-0.012101399784268985,-0.005526102479819035,-0.00022824438090558282,0.006184237213371493,0.0010231700224138818,0.006613899796383832,-0.0012896000168959166,0.0035959957942666644,-0.004469933779439475,-0.008289505466578561,-0.006553855879306967,-0.003442299379975545,0.0011504593121701482,-0.002151537351228088,-0.0063236274450287015,0.0019102102715416154,-0.012870453660667669,0.014865418653448871,0.002603166497436195,-0.012101399784268985,0.03153810056434312,0.004494934859251051,-0.00275982508577716,-0.02057875293606822,-0.005198833428780205,-0.003113245215039214,0.006619564301310771,0.0002509758217023226,0.008661672445506658,0.008577363826145896,-0.0084559407952759,0.001143664353584129,-0.0011353094323853425,0.010436642548856479,-0.00779019734391403,-0.005041507065557844,-0.005094844340478116,-0.004809739720553476,-0.004340203360459088,-0.005526102479819035,0.004494934859251051,0.040630438317315214,-0.0015770320070470068,-0.002657337150858959,-0.004151263358504305,-0.007859278846293788,0.0002140486715291049,0.005633165802998424,-0.00561813817190618,0.00378646504196429,-0.0030710575066856716,-0.004366321401078096,-0.0038360333362114675,0.007382200467775726,-0.00262565349544382,0.004699410571643478,0.0054540706344787466,0.0021117489174900064,0.0016124857908407135,-0.00022824438090558282,-0.00275982508577716,-0.0015770320070470068,0.02237416837788494,0.003747572728844643,-0.0011896786975568465,-0.006950331141630089,-0.0042039018993641555,0.003674775742800677,3.008564187857981e-6,-0.009323794928413101,0.01013618718885458,-0.0017137773295003572,0.00602710881013053,0.016331727145225877,-0.006626395356216284,0.002893625247591583,0.011669315779118953,-0.017968183835884288,-0.003445800627530029,0.006184237213371493,-0.02057875293606822,-0.002657337150858959,0.003747572728844643,0.043241398634427455,0.0026924758109162436,-0.0004901178576551591,-0.012984874298208559,-0.001499412214572527,-0.004755037268904145,-0.01010660487709817,0.004474600308305503,0.0052084648551404605,-0.007438303504824347,-0.01087778317700858,0.01163603728672443,-0.004833805647323016,0.009509240819022328,-0.004601306792111622,0.003074406318768914,0.0010231700224138818,-0.005198833428780205,-0.004151263358504305,-0.0011896786975568465,0.0026924758109162436,0.022907378104320256,0.005886452395492279,-0.004295987207816966,-0.002029203536448962,-0.0013878245353103492,0.003137657033581251,0.005583716583591894,0.006772885239373455,-0.014104832525089737,-0.02886007347701091,0.0184772908743903,-0.020465548645242894,0.009680493425993732,-0.0014510411180081017,0.003166646080780634,0.006613899796383832,-0.003113245215039214,-0.007859278846293788,-0.006950331141630089,-0.0004901178576551591,0.005886452395492279,0.04078153572371006,0.008641749922089038,-0.00029749827443876814,-0.0018368826826489371,-0.005958401370716772,-0.0028749652800182882,-0.0014337172856232622,-0.00720058368740166,-0.011525298029787733,0.006431211369328505,-0.0064178920775636505,-0.006516515569869969,0.00186485150512288,-0.0008861843316856239,-0.0012896000168959166,0.006619564301310771,0.0002140486715291049,-0.0042039018993641555,-0.012984874298208559,-0.004295987207816966,0.008641749922089038,0.025876056127968783,0.0065774465484560955,0.0015334538347071352,-0.001791586246867608,0.0019708185069741624,-0.008581288890621909,-0.01949914376574983,-0.004323543262769517,0.00607124339028201,-0.009456687437596856,0.0008359114887435622,-0.002105753549119056,0.007718241321095823,0.0035959957942666644,0.0002509758217023226,0.005633165802998424,0.003674775742800677,-0.001499412214572527,-0.002029203536448962,-0.00029749827443876814,0.0065774465484560955,0.03231949745441298,-0.0022801909243788435,-0.012012399394723086,-0.00022987642010295802,-0.012985617877459207,-0.001647980726390423,-0.0030889110326364263,0.0036909256126270236,0.0071630934248935255,-0.0077640600698560686,0.010687940381544558,0.0028446659639574045,-0.004469933779439475,0.008661672445506658,-0.00561813817190618,3.008564187857981e-6,-0.004755037268904145,-0.0013878245353103492,-0.0018368826826489371,0.0015334538347071352,-0.0022801909243788435,0.021776050774415332,0.0054430805485907304,-0.0028780501630052907,0.0027247752391372027,0.006341448852799294,-0.005707658866354211,0.006632381074767506,0.0022710082389969565,-0.014649057842492787,0.011164618449881232,0.0025576037345029987,-0.008289505466578561,0.008577363826145896,0.00378646504196429,-0.009323794928413101,-0.01010660487709817,0.003137657033581251,-0.005958401370716772,-0.001791586246867608,-0.012012399394723086,0.0054430805485907304,0.03500484234739119
0.04763340583331782,-0.004643652781328058,0.010205052449880847,-0.023987030245489666,-0.000292161145560646,-0.023787398031833655,0.02207861313740197,-0.0020948241572784298,-0.006432151358777753,0.024296633949773792,-0.025950906063836036,0.005187626264813447,-0.027144980221811495,0.014473916202425509,-0.00284265548006444,-0.02596741558257159,-0.029419670869581284,-0.009967000144909682,0.031048395444696834,-0.0028922982392079084,-0.004643652781328058,0.027350447237023724,-0.019298488565863723,0.005650426961371967,-0.004512503703872848,0.011565651581247227,-0.011780807779363509,0.006329517274655025,-0.0019048846040914868,-0.008701665098504221,0.018559279094283343,-0.005697626890844054,0.02004548968695794,-0.004134475026423775,0.010776768063210077,0.018496869273569336,0.012481842539697032,0.004173460189663719,-0.019937749696644327,0.014095250707307687,0.010205052449880847,-0.019298488565863723,0.05014589824736181,-0.012784141642157229,0.015507150104323134,-0.0073252680103311225,0.013577525453464086,-0.010221139820785295,-0.0027936816713017704,0.018410886291699714,-0.02917691119872483,0.009049381490841477,-0.033655511387090366,0.0025378792170876875,-0.03323376003320954,-0.029780664658666273,-0.021378865533027345,-0.0011130312868644237,0.0395337328570828,-0.02552491785763249,-0.023987030245489666,0.005650426961371967,-0.012784141642157229,0.05278656906597674,0.002881343764449185,-0.0068019361818251155,-0.01734944876212805,0.01870178642385164,0.015428522472296834,-0.0023132779268490544,0.004438575506839488,0.0036195568646045983,0.012474433915901665,-0.014039375741194592,0.016411250661657086,0.021114924267262716,0.014408575700300925,0.0006044527449726641,-0.003795647459344926,-0.010741507643600833,-0.000292161145560646,-0.004512503703872848,0.015507150104323134,0.002881343764449185,0.07539654567066174,-0.04477533595158442,-0.012729355415577378,-0.007918138988444866,0.0165997650470799,0.0463082917154607,-0.03255024442314261,-0.0270876345398219,-0.01255120073449777,0.0228632120205109,-0.0429557747853659,-0.06265828019117874,-0.02545197761713018,-0.012126289203247435,0.0863233547163513,-0.03539848157395856,-0.023787398031833655,0.011565651581247227,-0.0073252680103311225,-0.0068019361818251155,-0.04477533595158442,0.10349764152771702,-0.015121996379419304,-0.019906129547739605,-0.012581451602448824,-0.06907910762152653,0.06022161137565582,0.013641030804351879,0.03841891084101666,-0.035041658187962746,0.03542798711688287,0.057078976104148305,0.042054596214240715,0.03252924336977273,-0.10489989479780035,0.0530306422562978,0.02207861313740197,-0.011780807779363509,0.013577525453464086,-0.01734944876212805,-0.012729355415577378,-0.015121996379419304,0.04161285345970512,-8.837596931301063e-5,-0.015900006269293897,0.013377676214477524,-0.010886042588273264,0.0049992564521448846,-0.030002429356209122,0.014259109865261905,-0.019978505498666563,-0.007464155508366743,-0.012964685700643349,-0.004893972101818279,0.019227900725205554,-0.010470361643762988,-0.0020948241572784298,0.006329517274655025,-0.010221139820785295,0.01870178642385164,-0.007918138988444866,-0.019906129547739605,-8.837596931301063e-5,0.04268918500111184,0.005918912329990282,0.015077978422005277,-0.006227199490452589,0.0047687119551416395,-0.002381939187867191,0.005091782078658602,-0.0031122543791106743,0.023669576116096186,-0.000632872833035214,-0.01662626679520926,-0.0006299685152044328,-0.014827464344010489,-0.006432151358777753,-0.0019048846040914868,-0.0027936816713017704,0.015428522472296834,0.0165997650470799,-0.012581451602448824,-0.015900006269293897,0.005918912329990282,0.018613197754603492,0.0052150916783048114,-0.009628446747543807,-0.007472150869775871,0.0049567395269304315,-0.0026093252848285236,0.00694242536774986,-0.008295306652543147,-0.002058616557764547,-0.003348270103278708,0.013399213130785372,-0.011765956582591674,0.024296633949773792,-0.008701665098504221,0.018410886291699714,-0.0023132779268490544,0.0463082917154607,-0.06907910762152653,0.013377676214477524,0.015077978422005277,0.0052150916783048114,0.07975098304651318,-0.04817223683478411,-0.014850815003435427,-0.03626474001306576,0.036746884447225736,-0.053088129321772745,-0.0561978596171383,-0.039603038889359315,-0.03259378758901486,0.10363244510251744,-0.047137316176891805,-0.025950906063836036,0.018559279094283343,-0.02917691119872483,0.004438575506839488,-0.03255024442314261,0.06022161137565582,-0.010886042588273264,-0.006227199490452589,-0.009628446747543807,-0.04817223683478411,0.06927823991254384,0.0028253696943728304,0.0411451645719993,-0.017666282063705883,0.028498353852629575,0.05269551355714375,0.04251407482788154,0.018381138632374654,-0.0823074096288949,0.04767735732973358,0.005187626264813447,-0.005697626890844054,0.009049381490841477,0.0036195568646045983,-0.0270876345398219,0.013641030804351879,0.0049992564521448846,0.0047687119551416395,-0.007472150869775871,-0.014850815003435427,0.0028253696943728304,0.04050983389673183,-0.006465016709198497,-0.01503262178940347,0.028315992308346173,0.01896203499040943,0.00649038220894241,0.007509268879183923,-0.026160168437567494,0.011855967989686206,-0.027144980221811495,0.02004548968695794,-0.033655511387090366,0.012474433915901665,-0.01255120073449777,0.03841891084101666,-0.030002429356209122,-0.002381939187867191,0.0049567395269304315,-0.03626474001306576,0.0411451645719993,-0.006465016709198497,0.06421593839274237,-0.017976197170361613,0.04351659457558494,0.03103079662520107,0.033827393866856015,0.018603541700300156,-0.06394734322457536,0.03682977445297507,0.014473916202425509,-0.004134475026423775,0.0025378792170876875,-0.014039375741194592,0.0228632120205109,-0.035041658187962746,0.014259109865261905,0.005091782078658602,-0.0026093252848285236,0.036746884447225736,-0.017666282063705883,-0.01503262178940347,-0.017976197170361613,0.04334172070278972,-0.04504119556026034,-0.03413675720048753,-0.019864335498646225,-0.021208135188249745,0.05162516102189243,-0.02022960549070192,-0.00284265548006444,0.010776768063210077,-0.03323376003320954,0.016411250661657086,-0.0429557747853659,0.03542798711688287,-0.019978505498666563,-0.0031122543791106743,0.00694242536774986,-0.053088129321772745,0.028498353852629575,0.028315992308346173,0.04351659457558494,-0.04504119556026034,0.1316458040967206,0.04629639259228445,0.032534843520697125,0.025628399665236924,-0.08228569080541495,0.05705829352330764,-0.02596741558257159,0.018496869273569336,-0.029780664658666273,0.021114924267262716,-0.06265828019117874,0.057078976104148305,-0.007464155508366743,0.023669576116096186,-0.008295306652543147,-0.0561978596171383,0.05269551355714375,0.01896203499040943,0.03103079662520107,-0.03413675720048753,0.04629639259228445,0.10088638937086064,0.04670446833317066,0.020269806618525538,-0.10421525963757927,0.029330975776649254,-0.029419670869581284,0.012481842539697032,-0.021378865533027345,0.014408575700300925,-0.02545197761713018,0.042054596214240715,-0.012964685700643349,-0.000632872833035214,-0.002058616557764547,-0.039603038889359315,0.04251407482788154,0.00649038220894241,0.033827393866856015,-0.019864335498646225,0.032534843520697125,0.04670446833317066,0.04588971600485882,0.017878940026281744,-0.06285551491755453,0.032649069147659054,-0.009967000144909682,0.004173460189663719,-0.0011130312868644237,0.0006044527449726641,-0.012126289203247435,0.03252924336977273,-0.004893972101818279,-0.01662626679520926,-0.003348270103278708,-0.03259378758901486,0.018381138632374654,0.007509268879183923,0.018603541700300156,-0.021208135188249745,0.025628399665236924,0.020269806618525538,0.017878940026281744,0.03583646438336072,-0.03878286610319297,0.01671984138895754,0.031048395444696834,-0.019937749696644327,0.0395337328570828,-0.003795647459344926,0.0863233547163513,-0.10489989479780035,0.019227900725205554,-0.0006299685152044328,0.013399213130785372,0.10363244510251744,-0.0823074096288949,-0.026160168437567494,-0.06394734322457536,0.05162516102189243,-0.08228569080541495,-0.10421525963757927,-0.06285551491755453,-0.03878286610319297,0.18593318388945101,-0.07739205971705312,-0.0028922982392079084,0.014095250707307687,-0.02552491785763249,-0.010741507643600833,-0.03539848157395856,0.0530306422562978,-0.010470361643762988,-0.014827464344010489,-0.011765956582591674,-0.047137316176891805,0.04767735732973358,0.011855967989686206,0.03682977445297507,-0.02022960549070192,0.05705829352330764,0.029330975776649254,0.032649069147659054,0.01671984138895754,-0.07739205971705312,0.0703417870749741
