0.01782673777730009,-0.0054191531418601195,0.012677110351742332,0.001130324962700408,0.003583752647511807,-0.0074114634062333465,0.004308371690421159,-0.009441245729860812,-0.00021255046537897553,-0.002457383742894117,-0.011818507188545916,-0.002391312911314399,-0.001799114363856411,-0.0012491214421766813,-0.007640039697457148,0.005022367894892688,-0.0002163826303361137,0.006753502413308974,0.0031175526996380393,0.0008868409207567246,-0.0054191531418601195,0.02161671016267656,-0.01277592568630629,-0.0016773226205143675,0.0010243286116355566,0.0030663112667036856,-0.004504671721041141,0.0005365598387840527,-0.0004222151395180886,-0.0031249762609623687,0.0024510589010284987,-0.00497245432792212,0.004686574930497921,0.006059206416381769,0.0025004168069159903,0.004246894867464211,-0.002674618838782254,0.0029955712247256463,0.0003686632855991963,0.002920560508614222,0.012677110351742332,-0.01277592568630629,0.03949089176817877,0.009670462015815406,0.003972834205654967,-0.017344578359242524,0.009132256137315475,-0.011879367112912192,0.0018927358454099309,-0.00791120936306692,-0.008550962320277246,0.008936793231856472,-0.00613491132006406,0.005549845324718881,-0.011843818061449227,-0.005310642353551578,0.004620577053842237,-0.0024335429067106973,0.004122940024561992,-0.011001177015795192,0.001130324962700408,-0.0016773226205143675,0.009670462015815406,0.03943696820176128,0.00477669574783518,-0.0077002891907990215,-0.0031899858719195056,-0.0011404385023620336,0.002757504163266572,-0.011630435393139267,0.006972446955939383,-0.003148885250674884,-0.0016920388338141344,0.00903983558450653,-0.0006845125547846679,-0.002719025111485324,0.011421497139172114,-0.009344937479108723,-0.0007321169917579536,-0.012680981187527203,0.003583752647511807,0.0010243286116355566,0.003972834205654967,0.00477669574783518,0.022378966409781702,-0.01211645742208371,-0.006336530144306131,-0.002466258933692661,-0.0030056852684459713,-0.0017774462542215518,0.0019293352223769145,0.0054968086929131285,-0.004388117930934719,0.012526850384195659,0.0006054847609702602,0.009250451099039,0.005133345507593715,-0.011206106766267473,-0.006259885075436599,-0.00938785140995111,-0.0074114634062333465,0.0030663112667036856,-0.017344578359242524,-0.0077002891907990215,-0.01211645742208371,0.04699643824664067,-0.0007197889477985269,0.008105310268456158,-0.004394150153697422,0.00046477835497823507,0.0022741865460584963,-0.006182833549286239,0.006259367530260202,-0.023456704228252308,0.008619558390105251,0.0013654414232995159,-0.009315875104036118,0.004326107289632198,-0.0030722188181623476,0.016729373535619922,0.004308371690421159,-0.004504671721041141,0.009132256137315475,-0.0031899858719195056,-0.006336530144306131,-0.0007197889477985269,0.04114711690624935,-0.0010653994308527396,0.0037492840530474504,-0.00044741207565404667,-0.005161215611630257,0.010185797208308606,-0.004162314669603295,-0.0014373949869321188,-0.0011608322503018648,-0.0145154727737716,-0.01065645955181299,-0.011045270639492007,0.009501540048374786,0.0033985579924750023,-0.009441245729860812,0.0005365598387840527,-0.011879367112912192,-0.0011404385023620336,-0.002466258933692661,0.008105310268456158,-0.0010653994308527396,0.03681353669609271,-0.003742663168998483,-0.010599417249168505,0.01534222382450631,-0.0124264843560167,0.0016117231254278342,0.004044173860936161,0.004871097227479923,-0.00012874202008664334,0.004442862109804274,-0.01115971037381941,-0.004569805722101835,0.006177305093854911,-0.00021255046537897553,-0.0004222151395180886,0.0018927358454099309,0.002757504163266572,-0.0030056852684459713,-0.004394150153697422,0.0037492840530474504,-0.003742663168998483,0.026004512526026455,-0.0001457232502066009,0.000153802796531693,0.005367311395962136,-0.0006371031199947945,-0.0013292843447639362,0.0031943133846294575,-0.007561447761942627,0.0014830809920796406,0.00018615909407762447,0.007007827840747308,-0.01105881409763037,-0.002457383742894117,-0.0031249762609623687,-0.00791120936306692,-0.011630435393139267,-0.0017774462542215518,0.00046477835497823507,-0.00044741207565404667,-0.010599417249168505,-0.0001457232502066009,0.05935696373005786,-0.01605774151382862,0.001674122149431859,0.018815452742806063,0.0011050864608305564,0.0017180754246701362,0.00045689997012059885,-0.019526447924587798,-0.002553310158761938,-0.013202417908109004,0.013264380297678504,-0.011818507188545916,0.0024510589010284987,-0.008550962320277246,0.006972446955939383,0.0019293352223769145,0.0022741865460584963,-0.005161215611630257,0.01534222382450631,0.000153802796531693,-0.01605774151382862,0.03956964517451779,-0.00576484094170779,-0.0019601246856343025,0.00400439505820939,0.011029365720700141,0.00022799440450171145,0.011410574856360618,-0.013338019321980366,-0.004052978593512752,-0.016491753434240114,-0.002391312911314399,-0.00497245432792212,0.008936793231856472,-0.003148885250674884,0.0054968086929131285,-0.006182833549286239,0.010185797208308606,-0.0124264843560167,0.005367311395962136,0.001674122149431859,-0.00576484094170779,0.03416965745006213,-0.011282119184244337,0.003653725541779159,0.00019559657606764002,0.0007702698966663602,-0.007091527596948805,-0.007364951784050984,0.009292839708713205,-0.016036225619351405,-0.001799114363856411,0.004686574930497921,-0.00613491132006406,-0.0016920388338141344,-0.004388117930934719,0.006259367530260202,-0.004162314669603295,0.0016117231254278342,-0.0006371031199947945,0.018815452742806063,-0.0019601246856343025,-0.011282119184244337,0.031953222885737306,0.000437799686230444,-0.0007986081022776536,-0.0005568743285159442,-0.010825672128426342,0.0006069628330326159,-0.01741368388017424,0.013734671440925024,-0.0012491214421766813,0.006059206416381769,0.005549845324718881,0.00903983558450653,0.012526850384195659,-0.023456704228252308,-0.0014373949869321188,0.004044173860936161,-0.0013292843447639362,0.0011050864608305564,0.00400439505820939,0.003653725541779159,0.000437799686230444,0.03501946426012517,0.000980529285481877,0.004066234527194409,0.0030310976622196116,-0.012996367846201206,-0.007417528920275592,-0.007242811742094443,-0.007640039697457148,0.0025004168069159903,-0.011843818061449227,-0.0006845125547846679,0.0006054847609702602,0.008619558390105251,-0.0011608322503018648,0.004871097227479923,0.0031943133846294575,0.0017180754246701362,0.011029365720700141,0.00019559657606764002,-0.0007986081022776536,0.000980529285481877,0.03021228475339887,-0.0007101068473164935,-0.0018869695671119213,-0.010004354661951945,-0.011784345540755551,-0.004578023569867709,0.005022367894892688,0.004246894867464211,-0.005310642353551578,-0.002719025111485324,0.009250451099039,0.0013654414232995159,-0.0145154727737716,-0.00012874202008664334,-0.007561447761942627,0.00045689997012059885,0.00022799440450171145,0.0007702698966663602,-0.0005568743285159442,0.004066234527194409,-0.0007101068473164935,0.030562638885004,0.002337992070372492,0.0017047114135900145,-0.007594424294702799,0.003755224848218984,-0.0002163826303361137,-0.002674618838782254,0.004620577053842237,0.011421497139172114,0.005133345507593715,-0.009315875104036118,-0.01065645955181299,0.004442862109804274,0.0014830809920796406,-0.019526447924587798,0.011410574856360618,-0.007091527596948805,-0.010825672128426342,0.0030310976622196116,-0.0018869695671119213,0.002337992070372492,0.03679219027841101,-6.503124479651531e-5,0.008397724539717535,-0.020585219521542904,0.006753502413308974,0.0029955712247256463,-0.0024335429067106973,-0.009344937479108723,-0.011206106766267473,0.004326107289632198,-0.011045270639492007,-0.01115971037381941,0.00018615909407762447,-0.002553310158761938,-0.013338019321980366,-0.007364951784050984,0.0006069628330326159,-0.012996367846201206,-0.010004354661951945,0.0017047114135900145,-6.503124479651531e-5,0.04649463422797238,0.003111071773011362,0.01257768953067407,0.0031175526996380393,0.0003686632855991963,0.004122940024561992,-0.0007321169917579536,-0.006259885075436599,-0.0030722188181623476,0.009501540048374786,-0.004569805722101835,0.007007827840747308,-0.013202417908109004,-0.004052978593512752,0.009292839708713205,-0.01741368388017424,-0.007417528920275592,-0.011784345540755551,-0.007594424294702799,0.008397724539717535,0.003111071773011362,0.042447980269711166,-0.0046571354533266815,0.0008868409207567246,0.002920560508614222,-0.011001177015795192,-0.012680981187527203,-0.00938785140995111,0.016729373535619922,0.0033985579924750023,0.006177305093854911,-0.01105881409763037,0.013264380297678504,-0.016491753434240114,-0.016036225619351405,0.013734671440925024,-0.007242811742094443,-0.004578023569867709,0.003755224848218984,-0.020585219521542904,0.01257768953067407,-0.0046571354533266815,0.048825018728626324
0.05453841853237788,-0.012389440956190797,-0.014404444274971603,-0.018361375048886273,0.0006138471456405045,-0.008144057094645076,-0.0003510547905375209,0.00463184692987347,-0.012148438243008607,0.0007587263111797824,0.006271847519911113,-0.01015353537972083,0.012206589450634317,0.026513534524052418,0.03304120164626467,0.007188116146711565,0.004608668565062636,-0.023152217689518403,-0.013859727769687266,-0.008831275281360504,-0.012389440956190797,0.03622720036289589,-0.005915518761454453,0.005140183084288584,-0.005791709146714143,-0.0034499809518404702,-0.0006168334733577358,0.013683737014845748,0.0014530943746980884,-0.001489402094841808,0.007538307699718071,-0.007025449887491149,-0.0018157217138891368,-0.007365811382462154,-0.02316798384250364,-0.0036316669782447057,-0.0011656116591317394,0.008596464449797628,0.003570755930380003,0.006933295564254797,-0.014404444274971603,-0.005915518761454453,0.03161636043872089,0.015410652702380841,0.0020020011654944803,0.009082919499800625,-0.00882978245376834,-0.0006618264218687538,0.0024629207803579215,0.0014240377465656539,-0.003490136056751484,0.01171553010721051,-0.009004304914574079,-0.005984654377479756,-0.010267170140549975,-0.0070042594646788974,0.005233422462232444,0.005491264453499411,0.003741712467597008,-0.00015705588051233418,-0.018361375048886273,0.005140183084288584,0.015410652702380841,0.05972602334032165,-0.014915508740723685,0.009739068990646459,-0.006837928606087406,0.019813177917739254,0.006083913326175521,0.0246244117667219,-4.486023255466159e-5,0.009756700639632125,-0.011270563982430322,-0.018216944841935166,-0.026707874616768802,-0.010787726879452883,-0.005495876165233188,0.003151052350513114,-0.0022636081703559206,0.009744625476156295,0.0006138471456405045,-0.005791709146714143,0.0020020011654944803,-0.014915508740723685,0.025189389348316216,0.0016306689650597466,0.005008622944486294,-0.009992501791973921,-0.0010729446209110905,-0.01155294746778349,-0.0015231663652024966,0.006693109879363319,0.005060834752421255,0.01084032450627455,0.004363486358403445,0.006420220481911992,-0.004540470917978616,0.009125608015168441,-0.0015644327736881597,-0.0010061003042612082,-0.008144057094645076,-0.0034499809518404702,0.009082919499800625,0.009739068990646459,0.0016306689650597466,0.037890249208220844,0.007504614773119054,-0.002153810666179223,0.005760884489179492,-0.001179237488700708,-0.014208981578709288,0.002503773222590257,0.0009416424497439282,-0.0059113616475889655,0.00230122366321665,-0.004416035505918197,0.0020724354014985897,0.002274074832114306,-0.003579232189398686,0.005470754142698963,-0.0003510547905375209,-0.0006168334733577358,-0.00882978245376834,-0.006837928606087406,0.005008622944486294,0.007504614773119054,0.03328631150852935,-0.00831905245813347,0.01108854307570453,0.0017565056784071083,-0.006033873239866701,-0.0033710851613136645,0.021638974928273547,-0.009741653723396552,0.009095969080430288,0.009210383015997373,-0.012069204657868978,-0.0057012087992938665,0.00297242757204127,-0.0008115090232386263,0.00463184692987347,0.013683737014845748,-0.0006618264218687538,0.019813177917739254,-0.009992501791973921,-0.002153810666179223,-0.00831905245813347,0.04230053382410484,-0.003717716838551979,0.012233516551107377,0.010476492293792649,-0.005091695793083486,-0.004352944178456305,-0.0015758747943575091,-0.011495810284979171,-0.008066741680786443,-0.0031852157503436743,0.0004826764363140863,-0.007918947831100845,0.012051070893013806,-0.012148438243008607,0.0014530943746980884,0.0024629207803579215,0.006083913326175521,-0.0010729446209110905,0.005760884489179492,0.01108854307570453,-0.003717716838551979,0.024897257012550637,0.001395580894819339,-0.004275483674085659,-0.001749520368435666,0.01047069683855115,-0.013199082647095198,-0.00339638270379242,0.0007084348276699396,-0.0018393971854971218,-0.005009022330880721,0.00800341534938936,0.0009312935690865659,0.0007587263111797824,-0.001489402094841808,0.0014240377465656539,0.0246244117667219,-0.01155294746778349,-0.001179237488700708,0.0017565056784071083,0.012233516551107377,0.001395580894819339,0.0591210070450245,0.0016359982364943723,-0.0019969577305926083,-0.017926495439292013,-0.009470237196385952,-0.0006460401649786756,-7.446288026152755e-5,-0.00773792030067577,-0.015866072861081996,-0.0058830180846068635,-0.00010103819428023265,0.006271847519911113,0.007538307699718071,-0.003490136056751484,-4.486023255466159e-5,-0.0015231663652024966,-0.014208981578709288,-0.006033873239866701,0.010476492293792649,-0.004275483674085659,0.0016359982364943723,0.02767227472817035,0.0010121146716324662,-0.005121397068212423,0.0048703670869769036,-0.005763096349841049,0.006558649988294779,-0.0007648411856710988,0.002831628304762592,-0.0027110338546086086,0.005878698107733093,-0.01015353537972083,-0.007025449887491149,0.01171553010721051,0.009756700639632125,0.006693109879363319,0.002503773222590257,-0.0033710851613136645,-0.005091695793083486,-0.001749520368435666,-0.0019969577305926083,0.0010121146716324662,0.029149445599125422,-0.00906322257869786,0.0009533320697157044,-0.007207082968531893,-0.003453449989988756,-0.004889998909619042,0.01608918083902633,0.004077767793728407,0.0032811689313024563,0.012206589450634317,-0.0018157217138891368,-0.009004304914574079,-0.011270563982430322,0.005060834752421255,0.0009416424497439282,0.021638974928273547,-0.004352944178456305,0.01047069683855115,-0.017926495439292013,-0.005121397068212423,-0.00906322257869786,0.04837117641497595,-0.0008655935431742117,0.0074203098683436955,0.0037702391439775737,-0.007448657994607304,-0.010212000947198187,-0.002659031533774214,0.0003548840543752574,0.026513534524052418,-0.007365811382462154,-0.005984654377479756,-0.018216944841935166,0.01084032450627455,-0.0059113616475889655,-0.009741653723396552,-0.0015758747943575091,-0.013199082647095198,-0.009470237196385952,0.0048703670869769036,0.0009533320697157044,-0.0008655935431742117,0.04287250937959756,0.016863879979109216,0.0053444435130423785,0.01314616662751187,0.0009054611027039742,-0.002957345057487674,-0.005570435498002206,0.03304120164626467,-0.02316798384250364,-0.010267170140549975,-0.026707874616768802,0.004363486358403445,0.00230122366321665,0.009095969080430288,-0.011495810284979171,-0.00339638270379242,-0.0006460401649786756,-0.005763096349841049,-0.007207082968531893,0.0074203098683436955,0.016863879979109216,0.06022052174204215,0.0057222144454498625,0.00850706610109787,-0.022454055687523962,-0.00542629117880077,-0.008448609128276129,0.007188116146711565,-0.0036316669782447057,-0.0070042594646788974,-0.010787726879452883,0.006420220481911992,-0.004416035505918197,0.009210383015997373,-0.008066741680786443,0.0007084348276699396,-7.446288026152755e-5,0.006558649988294779,-0.003453449989988756,0.0037702391439775737,0.0053444435130423785,0.0057222144454498625,0.02253559822191691,-0.003133062037745591,-0.006160302480294356,-0.0040592165673218735,-0.0028740794496464927,0.004608668565062636,-0.0011656116591317394,0.005233422462232444,-0.005495876165233188,-0.004540470917978616,0.0020724354014985897,-0.012069204657868978,-0.0031852157503436743,-0.0018393971854971218,-0.00773792030067577,-0.0007648411856710988,-0.004889998909619042,-0.007448657994607304,0.01314616662751187,0.00850706610109787,-0.003133062037745591,0.03146906920719261,-0.006793888327493082,0.003910220541206891,-0.0005816255347364255,-0.023152217689518403,0.008596464449797628,0.005491264453499411,0.003151052350513114,0.009125608015168441,0.002274074832114306,-0.0057012087992938665,0.0004826764363140863,-0.005009022330880721,-0.015866072861081996,0.002831628304762592,0.01608918083902633,-0.010212000947198187,0.0009054611027039742,-0.022454055687523962,-0.006160302480294356,-0.006793888327493082,0.054386567999746484,0.002421351033560836,0.01079289043120047,-0.013859727769687266,0.003570755930380003,0.003741712467597008,-0.0022636081703559206,-0.0015644327736881597,-0.003579232189398686,0.00297242757204127,-0.007918947831100845,0.00800341534938936,-0.0058830180846068635,-0.0027110338546086086,0.004077767793728407,-0.002659031533774214,-0.002957345057487674,-0.00542629117880077,-0.0040592165673218735,0.003910220541206891,0.002421351033560836,0.02118367550956274,0.00629468313619203,-0.008831275281360504,0.006933295564254797,-0.00015705588051233418,0.009744625476156295,-0.0010061003042612082,0.005470754142698963,-0.0008115090232386263,0.012051070893013806,0.0009312935690865659,-0.00010103819428023265,0.005878698107733093,0.0032811689313024563,0.0003548840543752574,-0.005570435498002206,-0.008448609128276129,-0.0028740794496464927,-0.0005816255347364255,0.01079289043120047,0.00629468313619203,0.024162643337428135
0.04925619281240429,-0.02244996096223282,-0.006476728580665635,-0.020816686589112586,0.006696464537816884,0.00443449698421731,-0.003475227684119093,0.008050938201076812,-0.0023791624014978365,0.01379171522930495,-0.002093374959841037,-0.003919073001731656,-0.005232595022725921,0.0065997807166089575,0.037396326189272966,0.00893589444053831,-0.0008368074576267819,-0.021767979017702905,-0.013145271925869093,0.004313042708143594,-0.02244996096223282,0.0735034243528319,0.001057811148702248,0.026759546516149375,-0.0343339572095286,-0.021373738281418038,-0.008371413276359142,-0.005764784474036135,-0.01842142792035066,-0.013614740191370048,-0.00012776641004352178,0.011086318796963259,-0.003170999472148816,-0.01923278023793197,-0.06522779882811866,-0.03592194772668704,-0.0013163231096418684,-0.017642190378788506,0.025469249485147206,-0.01965373132939351,-0.006476728580665635,0.001057811148702248,0.05614235239118376,0.03199481357840048,-0.003992573685588945,0.04181806265156565,-0.0045864585814398015,-0.007136541736714134,-0.011497227141694003,-0.009733142431594732,-0.0057927382149259,0.024230478020911664,-0.003313284227702419,-0.005503327452911617,0.011990901057839821,-0.007352291154169877,0.021459961488602283,-0.0025421292959845933,-0.002527820858970336,0.0013488350639719593,-0.020816686589112586,0.026759546516149375,0.03199481357840048,0.06699576721302417,-0.012843716994203303,0.023291742224163574,0.004000085394309993,-0.007922888216322421,-0.012447558897884873,-0.015129923195177745,-0.009296661020127548,0.022310722111732437,0.0049159601203769485,-0.019236767580677792,-0.017163499373871224,-0.014933943544558148,0.023964706772123767,-0.013471880318334193,0.00456018534226634,-0.0018271387417932248,0.006696464537816884,-0.0343339572095286,-0.003992573685588945,-0.012843716994203303,0.06804218394839656,0.0026246729856064547,-0.0004258339665072371,-0.0025684228140312737,0.018489450420230882,0.013855259474941244,0.010299839752192293,-0.015026488661258289,0.016218894840502325,0.01471304702667893,0.0054446964619809055,0.01830226908684482,-0.0004523749271435379,0.035158671174316744,-0.026207647951919766,0.02776208547974826,0.00443449698421731,-0.021373738281418038,0.04181806265156565,0.023291742224163574,0.0026246729856064547,0.08380282894881799,0.010141108450890623,-0.01509112911420396,-0.009124484629492769,-0.01623309026307241,-0.01286989662331484,0.016912883047371163,-0.0023322421680678274,-0.008619366771838192,0.04093496410590049,-0.0006431945748396543,0.03330742026054176,0.010101631458724277,-0.021644310411494276,0.013444609349132839,-0.003475227684119093,-0.008371413276359142,-0.0045864585814398015,0.004000085394309993,-0.0004258339665072371,0.010141108450890623,0.043333816449053396,-0.015020617141560872,0.018578735223242528,0.0068874458792481715,-0.0006833193768944221,-0.00508570766367771,0.0112482143123716,-0.009167884866480177,0.024516408068875156,0.013202693476443919,0.009763412807378483,0.012261207298392135,0.00637654215016498,-0.004604232436517767,0.008050938201076812,-0.005764784474036135,-0.007136541736714134,-0.007922888216322421,-0.0025684228140312737,-0.01509112911420396,-0.015020617141560872,0.04499218401847092,-0.0004484577198809124,-4.52059455018039e-5,0.007529727954302954,-0.0041988132115881,-0.0006841114043684547,0.008377058295868102,0.004465906681274622,0.0016653260833932213,-0.011686415169389775,-0.015549573169544044,-0.00795555776092246,0.0030888641005983987,-0.0023791624014978365,-0.01842142792035066,-0.011497227141694003,-0.012447558897884873,0.018489450420230882,-0.009124484629492769,0.018578735223242528,-0.0004484577198809124,0.05930262163808363,0.025520434179030188,0.0026957655788272614,-0.02566071700885929,0.02065350889075256,0.004877335517993625,0.0064034776032500604,0.00933125665833001,0.005602822709298521,0.017089147039513683,0.01552491644887028,0.017837547918080655,0.01379171522930495,-0.013614740191370048,-0.009733142431594732,-0.015129923195177745,0.013855259474941244,-0.01623309026307241,0.0068874458792481715,-4.52059455018039e-5,0.025520434179030188,0.045553690762421155,0.0017330157682020418,-0.015293025131433671,-0.0006352224998072171,-0.005009013751544464,0.013933613721740316,0.004535385698932144,-0.005223148773404874,0.00012605356215604664,0.008200454700817424,0.01568627410233445,-0.002093374959841037,-0.00012776641004352178,-0.0057927382149259,-0.009296661020127548,0.010299839752192293,-0.01286989662331484,-0.0006833193768944221,0.007529727954302954,0.0026957655788272614,0.0017330157682020418,0.0317216429320471,-0.0033074449048360217,-0.0019755304448361806,0.015172112908361238,-0.006856624671729835,0.004340178213918586,-0.004901905388247356,0.015894877140927292,-0.004974848747075492,-0.0008557107189396643,-0.003919073001731656,0.011086318796963259,0.024230478020911664,0.022310722111732437,-0.015026488661258289,0.016912883047371163,-0.00508570766367771,-0.0041988132115881,-0.02566071700885929,-0.015293025131433671,-0.0033074449048360217,0.04206204074372871,-0.012683605175247933,-0.01184320501564979,0.0018593284050178356,-0.0032554555896103224,0.006406238762256315,-0.013257838139139473,-0.001806909208214595,-0.005386674628395346,-0.005232595022725921,-0.003170999472148816,-0.003313284227702419,0.0049159601203769485,0.016218894840502325,-0.0023322421680678274,0.0112482143123716,-0.0006841114043684547,0.02065350889075256,-0.0006352224998072171,-0.0019755304448361806,-0.012683605175247933,0.032630234158423664,0.005300835694099314,-0.007908187714054897,0.0011179107909884754,0.002711337474726304,0.008556247925061544,-0.002064208831605535,0.004549900908210744,0.0065997807166089575,-0.01923278023793197,-0.005503327452911617,-0.019236767580677792,0.01471304702667893,-0.008619366771838192,-0.009167884866480177,0.008377058295868102,0.004877335517993625,-0.005009013751544464,0.015172112908361238,-0.01184320501564979,0.005300835694099314,0.04162925594140185,0.012778950110250077,0.01530515791293475,-0.0027197281060080897,0.020709124599026754,-0.008783088489786824,0.00091872904516767,0.037396326189272966,-0.06522779882811866,0.011990901057839821,-0.017163499373871224,0.0054446964619809055,0.04093496410590049,0.024516408068875156,0.004465906681274622,0.0064034776032500604,0.013933613721740316,-0.006856624671729835,0.0018593284050178356,-0.007908187714054897,0.012778950110250077,0.1179103971277794,0.039044675984500565,0.017964579801829826,0.0012009298902378193,-0.027207088445334572,0.004927895730542531,0.00893589444053831,-0.03592194772668704,-0.007352291154169877,-0.014933943544558148,0.01830226908684482,-0.0006431945748396543,0.013202693476443919,0.0016653260833932213,0.00933125665833001,0.004535385698932144,0.004340178213918586,-0.0032554555896103224,0.0011179107909884754,0.01530515791293475,0.039044675984500565,0.04449383666782209,-0.005048085956455236,0.018651606755895278,-0.013761203558208368,0.009760271010969553,-0.0008368074576267819,-0.0013163231096418684,0.021459961488602283,0.023964706772123767,-0.0004523749271435379,0.03330742026054176,0.009763412807378483,-0.011686415169389775,0.005602822709298521,-0.005223148773404874,-0.004901905388247356,0.006406238762256315,0.002711337474726304,-0.0027197281060080897,0.017964579801829826,-0.005048085956455236,0.03741264592839834,0.005266167099027198,-0.0016352823367482604,0.006744937255144705,-0.021767979017702905,-0.017642190378788506,-0.0025421292959845933,-0.013471880318334193,0.035158671174316744,0.010101631458724277,0.012261207298392135,-0.015549573169544044,0.017089147039513683,0.00012605356215604664,0.015894877140927292,-0.013257838139139473,0.008556247925061544,0.020709124599026754,0.0012009298902378193,0.018651606755895278,0.005266167099027198,0.07250691414334455,-0.011157895372564272,0.018240685664757415,-0.013145271925869093,0.025469249485147206,-0.002527820858970336,0.00456018534226634,-0.026207647951919766,-0.021644310411494276,0.00637654215016498,-0.00795555776092246,0.01552491644887028,0.008200454700817424,-0.004974848747075492,-0.001806909208214595,-0.002064208831605535,-0.008783088489786824,-0.027207088445334572,-0.013761203558208368,-0.0016352823367482604,-0.011157895372564272,0.041930457575987956,-0.0028691309829562616,0.004313042708143594,-0.01965373132939351,0.0013488350639719593,-0.0018271387417932248,0.02776208547974826,0.013444609349132839,-0.004604232436517767,0.0030888641005983987,0.017837547918080655,0.01568627410233445,-0.0008557107189396643,-0.005386674628395346,0.004549900908210744,0.00091872904516767,0.004927895730542531,0.009760271010969553,0.006744937255144705,0.018240685664757415,-0.0028691309829562616,0.0380149369531796
