0.04285508847410152,-0.027068186775662455,0.011481775422149832,-0.02017221943869554,0.007204791427738711,-0.006089802298466797,-0.015532075657004013,-0.008059142147253957,0.0020172260029173213,-0.001661416370432621,-0.012253749612790164,-0.008775968750019403,0.017219801919176873,0.004960991865066036,-0.01948778603372855,0.002956926212810279,0.019540102642494533,0.0035781182719739593,0.008448939268810393,-0.00698003374087746,-0.027068186775662455,0.0942031046447056,0.013167410022221743,0.06788777136140753,-0.025323420252829642,0.01198185795493776,0.020247733396191313,-0.003228813801479492,-0.05082619188801965,0.004178483735720769,0.013823931086935373,0.041052099378209694,-0.035452709067660106,-0.019276930933830018,0.05139157214376597,-0.0028264831179372354,-0.05575559597031961,-0.06321043507782903,-0.016394537364651254,-0.005500211078119771,0.011481775422149832,0.013167410022221743,0.08961600447798337,0.014175363257171256,-0.01540626762427559,0.0009356659870300252,-0.0068143074552067945,-0.02434868982557814,-0.03461855358740495,-0.0580137081225765,-0.00411060016777965,0.02985119270880347,-0.03649711051541045,0.012308058436349297,0.04304783614132785,-0.011259134510028527,-0.013291767005055575,-0.007873067138280888,-0.0051102980753871975,-0.011458341391230559,-0.02017221943869554,0.06788777136140753,0.014175363257171256,0.14979914018180857,-0.03841983647106123,0.02227015990046452,0.026629631312310963,0.012360258464769444,-0.07109387877674694,0.008490798292180237,0.05957856421960038,0.05254713650340298,-0.05952005134133387,-0.03231758731459321,0.06627833401995173,-0.010643980444347667,-0.08358957192674324,-0.11251805557281366,-0.022298963341422194,-0.030408664352992748,0.007204791427738711,-0.025323420252829642,-0.01540626762427559,-0.03841983647106123,0.04716585634249424,-0.007384409249479673,-0.01171941722397727,-0.003931602303991533,0.02693337137297254,0.010940708343741421,-0.02039106025048945,-0.03311795200804235,0.017634932999202893,0.0030200913781709576,-0.026147812866689657,0.008192941981212593,0.018856543645821344,0.023319425004993954,0.009262803451909728,0.014032790650209761,-0.006089802298466797,0.01198185795493776,0.0009356659870300252,0.02227015990046452,-0.007384409249479673,0.02294436401629357,0.007510017114547521,0.006099357551444025,-0.020858061550463276,0.003955256220046579,0.012662512470322067,0.005975395806056796,-0.014317050659006065,-0.01283052595682628,0.018845999339659456,-0.003817365929034337,-0.014326801920729316,-0.021041438283701405,-0.0028523154644960564,-0.007116842063167731,-0.015532075657004013,0.020247733396191313,-0.0068143074552067945,0.026629631312310963,-0.01171941722397727,0.007510017114547521,0.07567876530045979,0.012180937726253081,-0.027134275133097033,0.012607063652454792,0.03939853277231381,0.02529769199340313,-0.011656772713096373,-0.0236235432479378,0.005523925946823459,-0.0011077242089362837,-0.020407115665742073,-0.036700071916200755,-0.0186793881076315,-0.013538613512524757,-0.008059142147253957,-0.003228813801479492,-0.02434868982557814,0.012360258464769444,-0.003931602303991533,0.006099357551444025,0.012180937726253081,0.05166317384585725,-0.013114053950353439,0.00801657950527473,0.022259082683090903,-0.0026313699836772704,-0.021291017942667332,0.0021772342536149716,0.005373804658170848,-0.008241563013610606,-0.016827055457707643,-0.0009597783315362299,-0.0008585009892869992,-0.008705784528766967,0.0020172260029173213,-0.05082619188801965,-0.03461855358740495,-0.07109387877674694,0.02693337137297254,-0.020858061550463276,-0.027134275133097033,-0.013114053950353439,0.10290239553600014,0.01899061597212094,-0.035023989481355114,-0.04361678500418496,0.05715514369753849,0.02344672182515776,-0.06161900761770092,0.01606722313717001,0.04561914819989382,0.07312999307831655,0.019053099319165857,0.030114838470642325,-0.001661416370432621,0.004178483735720769,-0.0580137081225765,0.008490798292180237,0.010940708343741421,0.003955256220046579,0.012607063652454792,0.00801657950527473,0.01899061597212094,0.08817873592401998,0.014620289682570512,-0.017048066367705117,0.02918448151208484,-0.02812893402778626,-0.037095841542989276,0.015595430076115264,-0.006190979773392678,-0.024728381112496138,-0.0005626191740008158,-0.0013676525215439847,-0.012253749612790164,0.013823931086935373,-0.00411060016777965,0.05957856421960038,-0.02039106025048945,0.012662512470322067,0.03939853277231381,0.022259082683090903,-0.035023989481355114,0.014620289682570512,0.06271251846307016,0.029754873295165567,-0.03364361054189184,-0.011638854107294924,0.023875017706346653,-0.005781619731666434,-0.031964941537658983,-0.049833330777756396,-0.01937814384524407,-0.02552086193922666,-0.008775968750019403,0.041052099378209694,0.02985119270880347,0.05254713650340298,-0.03311795200804235,0.005975395806056796,0.02529769199340313,-0.0026313699836772704,-0.04361678500418496,-0.017048066367705117,0.029754873295165567,0.06528384927486028,-0.038153800151567996,-0.010499496303208577,0.034175647660888736,-0.0076582531912732475,-0.037449512385592104,-0.04013662767142409,-0.020403196619143436,-0.017359676120017497,0.017219801919176873,-0.035452709067660106,-0.03649711051541045,-0.05952005134133387,0.017634932999202893,-0.014317050659006065,-0.011656772713096373,-0.021291017942667332,0.05715514369753849,0.02918448151208484,-0.03364361054189184,-0.038153800151567996,0.0876853235749358,0.0020390118378972918,-0.05324752485539998,0.016454229918053627,0.048125508309468615,0.031533550509063674,0.016972343632163343,0.017326042226822155,0.004960991865066036,-0.019276930933830018,0.012308058436349297,-0.03231758731459321,0.0030200913781709576,-0.01283052595682628,-0.0236235432479378,0.0021772342536149716,0.02344672182515776,-0.02812893402778626,-0.011638854107294924,-0.010499496303208577,0.0020390118378972918,0.037570835641353516,-0.008454754809918266,-0.0036912693224389562,0.01956517123847851,0.04988062181891805,0.002904567128728685,0.004885486465058486,-0.01948778603372855,0.05139157214376597,0.04304783614132785,0.06627833401995173,-0.026147812866689657,0.018845999339659456,0.005523925946823459,0.005373804658170848,-0.06161900761770092,-0.037095841542989276,0.023875017706346653,0.034175647660888736,-0.05324752485539998,-0.008454754809918266,0.0833820782915636,-0.016511485747063723,-0.049174057923658254,-0.048705600738111934,-0.016528568709828963,-0.01978562067462479,0.002956926212810279,-0.0028264831179372354,-0.011259134510028527,-0.010643980444347667,0.008192941981212593,-0.003817365929034337,-0.0011077242089362837,-0.008241563013610606,0.01606722313717001,0.015595430076115264,-0.005781619731666434,-0.0076582531912732475,0.016454229918053627,-0.0036912693224389562,-0.016511485747063723,0.020221767421698005,0.010063085225946315,-0.005021721605603808,-0.0013151262880274008,0.004877196712097349,0.019540102642494533,-0.05575559597031961,-0.013291767005055575,-0.08358957192674324,0.018856543645821344,-0.014326801920729316,-0.020407115665742073,-0.016827055457707643,0.04561914819989382,-0.006190979773392678,-0.031964941537658983,-0.037449512385592104,0.048125508309468615,0.01956517123847851,-0.049174057923658254,0.010063085225946315,0.08585484235715429,0.06473358837156896,0.013666507237859539,0.006834164338933513,0.0035781182719739593,-0.06321043507782903,-0.007873067138280888,-0.11251805557281366,0.023319425004993954,-0.021041438283701405,-0.036700071916200755,-0.0009597783315362299,0.07312999307831655,-0.024728381112496138,-0.049833330777756396,-0.04013662767142409,0.031533550509063674,0.04988062181891805,-0.048705600738111934,-0.005021721605603808,0.06473358837156896,0.15161907353206633,0.017381748680841552,0.023392049578149714,0.008448939268810393,-0.016394537364651254,-0.0051102980753871975,-0.022298963341422194,0.009262803451909728,-0.0028523154644960564,-0.0186793881076315,-0.0008585009892869992,0.019053099319165857,-0.0005626191740008158,-0.01937814384524407,-0.020403196619143436,0.016972343632163343,0.002904567128728685,-0.016528568709828963,-0.0013151262880274008,0.013666507237859539,0.017381748680841552,0.028980069234841047,0.005844162810845085,-0.00698003374087746,-0.005500211078119771,-0.011458341391230559,-0.030408664352992748,0.014032790650209761,-0.007116842063167731,-0.013538613512524757,-0.008705784528766967,0.030114838470642325,-0.0013676525215439847,-0.02552086193922666,-0.017359676120017497,0.017326042226822155,0.004885486465058486,-0.01978562067462479,0.004877196712097349,0.006834164338933513,0.023392049578149714,0.005844162810845085,0.05592894201847316
0.10575650931165474,0.04225553447068022,-0.010509204400836726,0.04704151197070061,-0.01332569076109906,-0.053769218612054887,0.008043112992782552,0.04697642679998745,-0.004475975934394125,0.019565784645600222,-0.030292352584298948,-0.06450445901126758,-0.04611772161126463,-0.026643181499588747,-0.013966249952442496,0.02945437777139976,-0.050506959212106954,-0.020410581713796016,0.04557098310464165,0.04891653922395926,0.04225553447068022,0.06702149530260929,-0.021757168730796306,0.028626891578577077,-0.00819721261263203,-0.03884428407437879,0.013889640963028811,0.03887060550639751,-0.015472899537592136,0.004341040498794947,-0.02093015298688626,-0.05758877379272555,-0.02361468674371646,-0.02536715725790461,0.0001931061575452535,0.008773769041328237,-0.0474814181100193,-0.039956642819584706,0.03184332260747852,0.039097333751712635,-0.010509204400836726,-0.021757168730796306,0.07120253272298106,-0.030563999070684213,0.010632615237922149,0.008938902381593263,-0.01966189721645377,-0.005981875076840179,0.003272486681675471,-0.014523170746732218,0.012798372978063657,0.05286886144871926,0.01694696994558812,0.01689635247383344,0.01613543383281595,-0.03762669267609761,0.01596613977605052,0.020327760445854333,-0.030170816331886906,-0.026495047006208812,0.04704151197070061,0.028626891578577077,-0.030563999070684213,0.06272630133287734,-0.009061443360100894,-0.020903073612209506,0.029105742058084017,0.02272194126448994,-0.014151588193410596,0.00934863309097532,-0.023216879753975166,-0.057275806491622616,-0.03141408240540747,-0.022685593316723325,-0.01686310533023591,0.04226388001323179,-0.033232734086379515,-0.02813181374772835,0.016530698728614825,0.03447876611006841,-0.01332569076109906,-0.00819721261263203,0.010632615237922149,-0.009061443360100894,0.026107630910676253,0.004843586259109043,-0.00582449602100052,0.002680913199065966,0.005412305634826038,-0.012354192920177878,0.007684344595720326,0.009939360919218591,0.013994542177785918,0.002603747074642112,0.006978676386442647,-0.025072843096903004,0.009506541569969332,0.0042354774782773115,-0.015548935918711343,-0.008027227982859986,-0.053769218612054887,-0.03884428407437879,0.008938902381593263,-0.020903073612209506,0.004843586259109043,0.06524495416507911,-0.01433957996029479,-0.0362852356295794,-0.0017154314492458759,-0.014991540239136444,0.017029642224878076,0.04896313410083157,0.015585856059050144,0.018311661326769278,0.0005073640790582157,0.012727914156780847,0.050879055822688105,0.03051116464646305,-0.0408278509465514,-0.03351342436617499,0.008043112992782552,0.013889640963028811,-0.01966189721645377,0.029105742058084017,-0.00582449602100052,-0.01433957996029479,0.037361027319390026,0.012163244759152935,-0.011456728257736606,0.0033328106789515754,-0.015544795643827998,-0.03675728801228232,-0.016429123140926108,-0.007695256689117873,0.00032390842753222704,0.022909103184999762,-0.01633693149452519,-0.022883093693098773,0.007289407266107693,0.012664562214447419,0.04697642679998745,0.03887060550639751,-0.005981875076840179,0.02272194126448994,0.002680913199065966,-0.0362852356295794,0.012163244759152935,0.0737972746746887,-0.01011579478528657,-0.008692555973485248,-0.02085550264634533,-0.05647961216440377,-0.020202154554963762,-0.02706634753212636,-0.0038217355085004723,-0.005995113727731939,-0.040646959254308467,-0.03258832880088289,0.017793389111968115,0.058555259356964,-0.004475975934394125,-0.015472899537592136,0.003272486681675471,-0.014151588193410596,0.005412305634826038,-0.0017154314492458759,-0.011456728257736606,-0.01011579478528657,0.07950379652557209,0.030805195497123912,0.014527575245944082,0.023999667380395266,0.03456273301494317,0.013482134646767601,0.000591505516453632,-0.029151537996821505,0.013790536580812017,0.02983294060748982,0.025951883936958346,-0.017955102076112943,0.019565784645600222,0.004341040498794947,-0.014523170746732218,0.00934863309097532,-0.012354192920177878,-0.014991540239136444,0.0033328106789515754,-0.008692555973485248,0.030805195497123912,0.050241677693098355,0.0007805263664934828,-0.008605005123297555,-0.003467604402705248,-0.0006826524185734339,-0.004919179333928309,0.011723138686509139,-0.0007197728438623232,0.006732400215960168,0.03382700207402363,-0.004101940968113244,-0.030292352584298948,-0.02093015298688626,0.012798372978063657,-0.023216879753975166,0.007684344595720326,0.017029642224878076,-0.015544795643827998,-0.02085550264634533,0.014527575245944082,0.0007805263664934828,0.037427330693313755,0.03683454077415664,0.03218398400854594,0.017791141539192003,0.021893126040802395,-0.0321564737523472,0.025193094596986335,0.013883476797775223,-0.01846239111941942,-0.027424680733494685,-0.06450445901126758,-0.05758877379272555,0.05286886144871926,-0.057275806491622616,0.009939360919218591,0.04896313410083157,-0.03675728801228232,-0.05647961216440377,0.023999667380395266,-0.008605005123297555,0.03683454077415664,0.1181554989147128,0.04109217224196493,0.03886389223855342,0.02001717248294163,-0.03158183199092496,0.06525358677366319,0.05309097489752173,-0.03899998906593084,-0.06619575696885571,-0.04611772161126463,-0.02361468674371646,0.01694696994558812,-0.03141408240540747,0.013994542177785918,0.015585856059050144,-0.016429123140926108,-0.020202154554963762,0.03456273301494317,-0.003467604402705248,0.03218398400854594,0.04109217224196493,0.08384569261347644,0.030320873056151613,0.03817833911370498,-0.07170352875704764,0.0224943884222179,0.008870176542987437,-0.02997444467813195,-0.04719738951950918,-0.026643181499588747,-0.02536715725790461,0.01689635247383344,-0.022685593316723325,0.002603747074642112,0.018311661326769278,-0.007695256689117873,-0.02706634753212636,0.013482134646767601,-0.0006826524185734339,0.017791141539192003,0.03886389223855342,0.030320873056151613,0.045470937953702405,-0.00022621184288655415,-0.0061887837053574875,0.024926600723192298,0.040369705135764974,-0.0058693405457804024,-0.02726879623664005,-0.013966249952442496,0.0001931061575452535,0.01613543383281595,-0.01686310533023591,0.006978676386442647,0.0005073640790582157,0.00032390842753222704,-0.0038217355085004723,0.000591505516453632,-0.004919179333928309,0.021893126040802395,0.02001717248294163,0.03817833911370498,-0.00022621184288655415,0.07910785116842053,-0.0706228832687018,0.0042749051898972905,-0.03823456963941964,-0.03974978261804288,-0.035003494324393356,0.02945437777139976,0.008773769041328237,-0.03762669267609761,0.04226388001323179,-0.025072843096903004,0.012727914156780847,0.022909103184999762,-0.005995113727731939,-0.029151537996821505,0.011723138686509139,-0.0321564737523472,-0.03158183199092496,-0.07170352875704764,-0.0061887837053574875,-0.0706228832687018,0.14776440762131218,0.0004338068980732933,0.025334833912386008,0.048674119019715315,0.038463672251944706,-0.050506959212106954,-0.0474814181100193,0.01596613977605052,-0.033232734086379515,0.009506541569969332,0.050879055822688105,-0.01633693149452519,-0.040646959254308467,0.013790536580812017,-0.0007197728438623232,0.025193094596986335,0.06525358677366319,0.0224943884222179,0.024926600723192298,0.0042749051898972905,0.0004338068980732933,0.07451374970275873,0.036119948998246096,-0.02563489133245702,-0.03893361158947738,-0.020410581713796016,-0.039956642819584706,0.020327760445854333,-0.02813181374772835,0.0042354774782773115,0.03051116464646305,-0.022883093693098773,-0.03258832880088289,0.02983294060748982,0.006732400215960168,0.013883476797775223,0.05309097489752173,0.008870176542987437,0.040369705135764974,-0.03823456963941964,0.025334833912386008,0.036119948998246096,0.10341422934165123,0.002899434994432111,-0.021479986242508714,0.04557098310464165,0.03184332260747852,-0.030170816331886906,0.016530698728614825,-0.015548935918711343,-0.0408278509465514,0.007289407266107693,0.017793389111968115,0.025951883936958346,0.03382700207402363,-0.01846239111941942,-0.03899998906593084,-0.02997444467813195,-0.0058693405457804024,-0.03974978261804288,0.048674119019715315,-0.02563489133245702,0.002899434994432111,0.10574128430067803,0.038254646106738024,0.04891653922395926,0.039097333751712635,-0.026495047006208812,0.03447876611006841,-0.008027227982859986,-0.03351342436617499,0.012664562214447419,0.058555259356964,-0.017955102076112943,-0.004101940968113244,-0.027424680733494685,-0.06619575696885571,-0.04719738951950918,-0.02726879623664005,-0.035003494324393356,0.038463672251944706,-0.03893361158947738,-0.021479986242508714,0.038254646106738024,0.0885469331479415
0.04184754553535328,0.018143214053165223,0.014721303837454538,0.02630603214914808,0.016440182058839167,-0.02645019953359861,0.008830208049931482,0.008048599545212845,-0.007077857686899616,0.0040939605175249125,-0.012050329643874962,-0.0002477949142145659,-0.008076084058540232,-0.011042026376427577,0.011376692503126055,0.008382203174392755,0.006353977754249915,0.001381816069432257,0.0030316511930591856,0.013434194491339622,0.018143214053165223,0.08790102089905148,0.0021604249922103982,0.017861749223206304,-0.014644482991580478,-0.041025243424236676,-0.00843036367207066,0.048673931341641795,0.005760574565962236,-0.015508465172084509,-0.01663497902501128,-0.005134682143241141,-0.022422877712369407,-0.03314792762385131,-0.004590396374993474,-0.027898807357488564,-0.051640964283307354,0.02178581942673371,0.02389723017506816,0.06663954408610989,0.014721303837454538,0.0021604249922103982,0.05806508568670884,0.014021263212294145,0.03300336132394194,-0.020997857384403955,-0.00018396484643271266,-0.0017561466199488966,0.02442611593242965,0.014038889538951013,-0.0008949673785604497,0.028708111619988104,0.010714971927028272,-0.007461632863473253,0.02444222752424683,-0.022837911557709693,-0.002539055001090387,0.02022023421005169,0.006506378651113769,0.003332247403725892,0.02630603214914808,0.017861749223206304,0.014021263212294145,0.0682281712345726,0.01785545834834725,-0.014815974137589949,0.019187831368499088,-0.015689777431578827,-0.003269948330751388,0.01123556705370888,0.008978488810107795,0.029463606356519165,-0.008652876812579641,-0.009843339725071322,0.02000055889453386,0.011791188515644986,0.019168130662282443,0.0041308640348627235,0.015891988590555385,0.018635941601765564,0.016440182058839167,-0.014644482991580478,0.03300336132394194,0.01785545834834725,0.05142178908988156,-0.00947145785151105,0.0037219534885195972,-0.01594756160702949,0.014072839326859293,0.02335236651779969,-0.006874553796208114,0.022673012218461144,0.019837424016761234,0.0027295037974785366,0.02611333935638902,-0.012215958958462489,0.028641473822157183,0.007123599435886668,-0.001026055989405587,-0.014109350949871707,-0.02645019953359861,-0.041025243424236676,-0.020997857384403955,-0.014815974137589949,-0.00947145785151105,0.06677922083001521,-0.0039445085329510386,-0.03993791035947421,0.0015211468456638488,-0.00508836013745071,0.031151876881369254,0.014390428473394659,0.0063796923600159886,0.03289170675920888,0.0010113326687688146,0.022236945724638323,0.05511868259088455,-0.015784335050880886,-0.011395711099033787,-0.04889137845023758,0.008830208049931482,-0.00843036367207066,-0.00018396484643271266,0.019187831368499088,0.0037219534885195972,-0.0039445085329510386,0.025237432878436918,-0.009717638325312285,-0.004349728445224684,0.0057271294148668606,0.003592609581677616,0.0009113828960673597,-0.005036947707843591,-0.0077245305750676865,0.012994430791540466,0.026280904056637647,0.018526014962633897,-0.004313532599940379,-0.003317902948355118,-0.009059607993294434,0.008048599545212845,0.048673931341641795,-0.0017561466199488966,-0.015689777431578827,-0.01594756160702949,-0.03993791035947421,-0.009717638325312285,0.09132556915336847,0.0065333681246979025,-0.008802825451279363,-0.037100548887347984,-0.05092601229616038,-0.008208734572515143,-0.04573535869685654,-0.02163306387989327,-0.027430741060539776,-0.08630440642883014,0.010798045026114395,0.020772056227646846,0.06132464290465174,-0.007077857686899616,0.005760574565962236,0.02442611593242965,-0.003269948330751388,0.014072839326859293,0.0015211468456638488,-0.004349728445224684,0.0065333681246979025,0.057396497073712374,0.006868076234571802,0.0009112272298724816,0.02086474871955904,0.010099769195096182,-0.012293117042080522,0.01584258421954353,-0.034532866689373366,-0.003099334653645437,0.022414270001125638,0.001168509955153334,0.005411908527719309,0.0040939605175249125,-0.015508465172084509,0.014038889538951013,0.01123556705370888,0.02335236651779969,-0.00508836013745071,0.0057271294148668606,-0.008802825451279363,0.006868076234571802,0.04872186607611406,0.0018107801813695358,-0.004419455694486735,0.012812101387331057,-0.001291390684405586,0.019345545868181307,-0.01446350279013401,0.013837092182456164,-0.014761419654012453,0.000554301391104871,-0.01778835752601646,-0.012050329643874962,-0.01663497902501128,-0.0008949673785604497,0.008978488810107795,-0.006874553796208114,0.031151876881369254,0.003592609581677616,-0.037100548887347984,0.0009112272298724816,0.0018107801813695358,0.06132847749396936,0.025967988360818203,-0.002205198211872827,0.02259478390167894,0.019407668634746203,0.015231317607815953,0.04040747332351677,-0.02020595295719582,0.0011008065981395572,-0.03281190774989657,-0.0002477949142145659,-0.005134682143241141,0.028708111619988104,0.029463606356519165,0.022673012218461144,0.014390428473394659,0.0009113828960673597,-0.05092601229616038,0.02086474871955904,-0.004419455694486735,0.025967988360818203,0.09598160002908847,-0.002009310877048116,0.026289311495641808,0.02507263659325368,0.015473240474620249,0.05263773135229996,0.022040434161145463,0.003378769275142842,-0.02199558982542499,-0.008076084058540232,-0.022422877712369407,0.010714971927028272,-0.008652876812579641,0.019837424016761234,0.0063796923600159886,-0.005036947707843591,-0.008208734572515143,0.010099769195096182,0.012812101387331057,-0.002205198211872827,-0.002009310877048116,0.044235665483872845,0.022905752005896635,0.01055014120677735,-0.020161933940955633,0.004478174555111361,0.007747842597312789,-0.0052911404060958945,-0.02133544521534321,-0.011042026376427577,-0.03314792762385131,-0.007461632863473253,-0.009843339725071322,0.0027295037974785366,0.03289170675920888,-0.0077245305750676865,-0.04573535869685654,-0.012293117042080522,-0.001291390684405586,0.02259478390167894,0.026289311495641808,0.022905752005896635,0.07047450179612944,-0.002777619431496155,0.009658521714263957,0.04008957008707651,-0.006638650213829972,-0.011714613711022923,-0.0492855725980185,0.011376692503126055,-0.004590396374993474,0.02444222752424683,0.02000055889453386,0.02611333935638902,0.0010113326687688146,0.012994430791540466,-0.02163306387989327,0.01584258421954353,0.019345545868181307,0.019407668634746203,0.02507263659325368,0.01055014120677735,-0.002777619431496155,0.05300506443572009,-0.002068794871847306,0.030303011690179134,0.001370388245722702,-0.0007828768151772096,-0.012703791703114755,0.008382203174392755,-0.027898807357488564,-0.022837911557709693,0.011791188515644986,-0.012215958958462489,0.022236945724638323,0.026280904056637647,-0.027430741060539776,-0.034532866689373366,-0.01446350279013401,0.015231317607815953,0.015473240474620249,-0.020161933940955633,0.009658521714263957,-0.002068794871847306,0.1126338883145711,0.036537408483388815,-0.018963340605653193,-0.001122258495291769,-0.02060463789636212,0.006353977754249915,-0.051640964283307354,-0.002539055001090387,0.019168130662282443,0.028641473822157183,0.05511868259088455,0.018526014962633897,-0.08630440642883014,-0.003099334653645437,0.013837092182456164,0.04040747332351677,0.05263773135229996,0.004478174555111361,0.04008957008707651,0.030303011690179134,0.036537408483388815,0.14612459438183725,-0.023118681641680672,-0.02663588021104072,-0.07828017815328057,0.001381816069432257,0.02178581942673371,0.02022023421005169,0.0041308640348627235,0.007123599435886668,-0.015784335050880886,-0.004313532599940379,0.010798045026114395,0.022414270001125638,-0.014761419654012453,-0.02020595295719582,0.022040434161145463,0.007747842597312789,-0.006638650213829972,0.001370388245722702,-0.018963340605653193,-0.023118681641680672,0.05240386809812406,-0.0021640504037463617,0.02718597941858647,0.0030316511930591856,0.02389723017506816,0.006506378651113769,0.015891988590555385,-0.001026055989405587,-0.011395711099033787,-0.003317902948355118,0.020772056227646846,0.001168509955153334,0.000554301391104871,0.0011008065981395572,0.003378769275142842,-0.0052911404060958945,-0.011714613711022923,-0.0007828768151772096,-0.001122258495291769,-0.02663588021104072,-0.0021640504037463617,0.04228434902317746,0.022985273027256954,0.013434194491339622,0.06663954408610989,0.003332247403725892,0.018635941601765564,-0.014109350949871707,-0.04889137845023758,-0.009059607993294434,0.06132464290465174,0.005411908527719309,-0.01778835752601646,-0.03281190774989657,-0.02199558982542499,-0.02133544521534321,-0.0492855725980185,-0.012703791703114755,-0.02060463789636212,-0.07828017815328057,0.02718597941858647,0.022985273027256954,0.10349519807715112
