0.023229357908372834,0.004340180627743551,0.007078134129481673,-0.0008124418504910436,0.022691088036172737,-0.019688958576528935,0.00781571146035261,-0.0015928218615408783,0.0049995177263096845,0.0247292588978816,-0.015219403226799901,-0.0069763397707121085,-0.008595204286250957,0.009231900195745147,-5.2028589586800196e-5,-0.02884220548896961,-0.005360826511908085,-0.005905935926179684,0.026768576194501438,0.00040389569038292534,0.004340180627743551,0.022670610071130814,0.004451405364386646,-0.0023033020136968363,0.011685262902916235,0.0003742972626405855,0.004390021709144909,0.0039621633447814875,-0.001239865913179138,0.012022377506142788,0.0011401492994408124,-0.004532133663867911,0.002338164700843877,0.0018691199449737995,-0.009887134006255498,-0.001759176331753232,0.006570222246974382,0.011899262839109633,0.006743957758459509,-0.004927777586082839,0.007078134129481673,0.004451405364386646,0.023920534057425582,0.003566528263510455,0.0071442566977620095,-0.005627659538856405,-0.0038218636820207662,0.0018685130025416462,0.0008602428324181447,0.012033483201137427,-0.008671271608358334,-0.00010300425643845897,-0.0034292512423250926,0.0006033867829809958,-0.0011735163835349803,-0.00805819794360646,-0.00301536283821369,-0.0010531681618848436,0.008661898866078623,0.00257265416781089,-0.0008124418504910436,-0.0023033020136968363,0.003566528263510455,0.033573425932058344,0.004074499548312989,-0.0010861985680757507,-0.013086778202759558,0.004581115728584186,0.008102205520613278,0.007690928829679285,-0.008776824923903193,0.002903730949633964,0.0004908910838804404,-0.00218088584999854,0.010620247497323453,0.0012129300413877282,-0.002224528771608377,-0.00457774111770199,0.0082574730163135,-0.004407850444415778,0.022691088036172737,0.011685262902916235,0.0071442566977620095,0.004074499548312989,0.14538152112823502,-0.06354536832806562,-0.011830944059468523,-0.014496111086514262,0.02584462231772105,0.08906082586890621,-0.025056445778316512,-0.05128809259120359,-0.003038172071447945,0.05363003798744999,-0.05468884512374414,-0.0925517922962511,-0.018943804864786404,0.013654646817192261,0.10661207445448531,-0.03328422009928411,-0.019688958576528935,0.0003742972626405855,-0.005627659538856405,-0.0010861985680757507,-0.06354536832806562,0.0811773259148317,0.0016094572492694713,0.01626338956717637,-0.012658799793633803,-0.05682230998550842,0.040637806422160604,0.028134028766713816,0.005174938917424178,-0.03614679489203254,0.015992627015109444,0.07485799715727726,0.020685825630044556,0.018932740417343868,-0.07895271267324183,0.019304352765373026,0.00781571146035261,0.004390021709144909,-0.0038218636820207662,-0.013086778202759558,-0.011830944059468523,0.0016094572492694713,0.04189674275183349,0.009529669216282939,-0.017040680094450877,0.00648315772425544,0.00498491910994585,0.005035455302808132,-0.019293705644399594,5.3953913696409036e-5,0.0008812037124529503,0.005380811082241182,0.0014876025294707983,-0.009163741794468359,0.003591909052434972,0.0008299478606221665,-0.0015928218615408783,0.0039621633447814875,0.0018685130025416462,0.004581115728584186,-0.014496111086514262,0.01626338956717637,0.009529669216282939,0.022908835998173338,-0.005425908758235953,0.002844860169616336,0.0051952019346632,0.008287127663307053,-0.007522811107220431,-0.00362470305017339,-0.0034105027529133477,0.025964744174972625,0.0006801086055773106,-0.006703969483628955,-0.008259516957663096,-0.0017501195478166534,0.0049995177263096845,-0.001239865913179138,0.0008602428324181447,0.008102205520613278,0.02584462231772105,-0.012658799793633803,-0.017040680094450877,-0.005425908758235953,0.025432948593291343,0.00831270578444327,-0.0064936690860940005,-0.009181630050311296,0.005400467748528547,0.003306197798571103,-0.0008928579744074292,-0.024626428521667583,0.00308102743470025,0.00923440623968604,0.014700254897812143,-0.007046824748522495,0.0247292588978816,0.012022377506142788,0.012033483201137427,0.007690928829679285,0.08906082586890621,-0.05682230998550842,0.00648315772425544,0.002844860169616336,0.00831270578444327,0.11117790745703857,-0.025882357280864098,-0.02743531614918279,-0.027691057625513334,0.042191482518721984,-0.028114469850665635,-0.07029912869152669,-0.022686370854412913,-0.019144602950610823,0.10344284847495447,-0.027615958322163785,-0.015219403226799901,0.0011401492994408124,-0.008671271608358334,-0.008776824923903193,-0.025056445778316512,0.040637806422160604,0.00498491910994585,0.0051952019346632,-0.0064936690860940005,-0.025882357280864098,0.04956966600354139,0.010193111078397639,0.0018462876789519154,-0.011706452904875746,-0.005210175592902367,0.044190730155775994,0.013376449101469599,0.020483718173359415,-0.04380599035415453,0.009798045925866585,-0.0069763397707121085,-0.004532133663867911,-0.00010300425643845897,0.002903730949633964,-0.05128809259120359,0.028134028766713816,0.005035455302808132,0.008287127663307053,-0.009181630050311296,-0.02743531614918279,0.010193111078397639,0.04090302497174832,-0.006816008292131138,-0.026546143777447365,0.026252822010745823,0.034266430049673405,0.010369453272947641,-0.003379027168450611,-0.03841289363978693,0.011087359667223864,-0.008595204286250957,0.002338164700843877,-0.0034292512423250926,0.0004908910838804404,-0.003038172071447945,0.005174938917424178,-0.019293705644399594,-0.007522811107220431,0.005400467748528547,-0.027691057625513334,0.0018462876789519154,-0.006816008292131138,0.03724190447138192,-0.0049628820929463946,-0.006380594428742685,0.009735893887303402,0.007593657000665397,0.02109870513451951,-0.025227685072392383,0.000799423191353535,0.009231900195745147,0.0018691199449737995,0.0006033867829809958,-0.00218088584999854,0.05363003798744999,-0.03614679489203254,5.3953913696409036e-5,-0.00362470305017339,0.003306197798571103,0.042191482518721984,-0.011706452904875746,-0.026546143777447365,-0.0049628820929463946,0.05027853055861132,-0.032886144758190655,-0.03958446443247356,-0.01888329252631575,-0.015271188238840095,0.055550572205195055,-0.017882273368317346,-5.2028589586800196e-5,-0.009887134006255498,-0.0011735163835349803,0.010620247497323453,-0.05468884512374414,0.015992627015109444,0.0008812037124529503,-0.0034105027529133477,-0.0008928579744074292,-0.028114469850665635,-0.005210175592902367,0.026252822010745823,-0.006380594428742685,-0.032886144758190655,0.09185444973247259,0.009033545273088842,0.004007267731423987,-0.005513802215960281,-0.030884081246041757,0.02766512062322477,-0.02884220548896961,-0.001759176331753232,-0.00805819794360646,0.0012129300413877282,-0.0925517922962511,0.07485799715727726,0.005380811082241182,0.025964744174972625,-0.024626428521667583,-0.07029912869152669,0.044190730155775994,0.034266430049673405,0.009735893887303402,-0.03958446443247356,0.009033545273088842,0.11806828978323397,0.025317711779453057,0.01668131497320805,-0.09812381148514748,0.013856276635813815,-0.005360826511908085,0.006570222246974382,-0.00301536283821369,-0.002224528771608377,-0.018943804864786404,0.020685825630044556,0.0014876025294707983,0.0006801086055773106,0.00308102743470025,-0.022686370854412913,0.013376449101469599,0.010369453272947641,0.007593657000665397,-0.01888329252631575,0.004007267731423987,0.025317711779453057,0.035276935705944194,0.02305448502302449,-0.032150338965193925,0.010396664172458832,-0.005905935926179684,0.011899262839109633,-0.0010531681618848436,-0.00457774111770199,0.013654646817192261,0.018932740417343868,-0.009163741794468359,-0.006703969483628955,0.00923440623968604,-0.019144602950610823,0.020483718173359415,-0.003379027168450611,0.02109870513451951,-0.015271188238840095,-0.005513802215960281,0.01668131497320805,0.02305448502302449,0.06796379814544551,-0.03291591688220552,0.0035096343277335605,0.026768576194501438,0.006743957758459509,0.008661898866078623,0.0082574730163135,0.10661207445448531,-0.07895271267324183,0.003591909052434972,-0.008259516957663096,0.014700254897812143,0.10344284847495447,-0.04380599035415453,-0.03841289363978693,-0.025227685072392383,0.055550572205195055,-0.030884081246041757,-0.09812381148514748,-0.032150338965193925,-0.03291591688220552,0.1435963069928045,-0.03251885617940489,0.00040389569038292534,-0.004927777586082839,0.00257265416781089,-0.004407850444415778,-0.03328422009928411,0.019304352765373026,0.0008299478606221665,-0.0017501195478166534,-0.007046824748522495,-0.027615958322163785,0.009798045925866585,0.011087359667223864,0.000799423191353535,-0.017882273368317346,0.02766512062322477,0.013856276635813815,0.010396664172458832,0.0035096343277335605,-0.03251885617940489,0.033113231951852215
0.02777360532944085,-0.0002624021211875318,0.009929061741995347,-0.006710071033682612,0.0024934120769410694,0.0065658943914047845,0.006901332607765524,-0.010037081506385014,-0.00239376815721777,0.0045045857771547956,-0.006985920841366127,-0.007694510537351202,-0.005455296387272676,0.012000533714842884,0.005057754668252708,0.006990006542661456,-0.007166472519675056,-0.003689908443690484,-0.0009760942060857288,0.0005582385621716735,-0.0002624021211875318,0.02890709378161867,-0.002544005521989369,-9.324989766052859e-5,-0.0008941037315083986,-0.009692102329321252,0.0035551274855573343,-0.00040781553892312917,0.001233779740740873,0.004627078793312081,-0.004691940284911428,0.0025016142167221104,-0.006769866886989627,0.001101285495329903,0.006154180898757918,0.002722644376252534,-0.0032044629322038596,-0.004077086906514796,-0.016246801080168904,0.0033871832569652483,0.009929061741995347,-0.002544005521989369,0.047579657062067744,0.024403998413318452,-0.011508482348777535,0.024287858569435012,-0.00916107413738318,-0.01310890853870577,-0.01735295488978053,-0.008551683582985734,0.0027416776158673195,0.00676894436418395,-0.002309842184030602,0.00849246310925254,-0.008168724517436134,-0.01222115362024266,-0.010054645094633944,-0.029954209822218615,0.0010910880308271865,0.011156944656064219,-0.006710071033682612,-9.324989766052859e-5,0.024403998413318452,0.07312599898253891,-0.043090900643245014,0.03367016392155533,-0.005081249309813591,-0.009848961266053398,-0.011294984523323098,-0.012687965630590149,-0.0025119730249332783,0.009995607215114536,0.013243678101054878,0.007192727543089835,-0.01746790555619602,-0.02895687772354561,-0.012354612840845765,-0.006386373634569503,-0.0004379211801660598,0.001503829422898271,0.0024934120769410694,-0.0008941037315083986,-0.011508482348777535,-0.043090900643245014,0.048012385174647294,-0.02055344796240416,0.0022685883705618904,-0.0006202364716251884,0.00018543829063262561,0.009354170137941122,-0.0019201246779702616,-0.0066823079131597945,-0.009016499937895023,-0.0034669906136854897,0.013720090445692775,0.019212124542589,0.010198504953293277,0.006113474093345082,0.005457920001065807,0.0031271467437294243,0.0065658943914047845,-0.009692102329321252,0.024287858569435012,0.03367016392155533,-0.02055344796240416,0.053312382396912376,-0.01050107884750011,-0.0017358437275098925,-0.012465494748519108,-0.00785944601597478,0.0013293796904145806,-0.0027904142973780056,0.007813223741853054,0.0004792247671085696,-0.009307582682277209,-0.021773432477036427,-0.012130564840681037,-0.01586064763553276,0.008557225914405983,0.00851636932037975,0.006901332607765524,0.0035551274855573343,-0.00916107413738318,-0.005081249309813591,0.0022685883705618904,-0.01050107884750011,0.02895191559378358,-0.00840828469598836,0.0028932569576594945,0.010921966340929321,-0.012523890864421062,-0.006093977430609299,-0.000269962986334414,0.01053294885402064,0.009900774417672401,0.008992754108580994,-0.007846046257089762,0.0009924538742009073,-0.00864195785016969,-0.012248930288270773,-0.010037081506385014,-0.00040781553892312917,-0.01310890853870577,-0.009848961266053398,-0.0006202364716251884,-0.0017358437275098925,-0.00840828469598836,0.038759110235970395,0.013828598011836033,-0.005628944182296024,0.006876691617033672,-0.006442378010111565,0.005955566873156733,-0.012863811779491797,-0.001590611517130375,-0.008884994746239286,-8.353078432843104e-5,0.006195019592186197,0.002881203756570274,0.003989885927266117,-0.00239376815721777,0.001233779740740873,-0.01735295488978053,-0.011294984523323098,0.00018543829063262561,-0.012465494748519108,0.0028932569576594945,0.013828598011836033,0.03298981113955387,0.003910445302928544,4.50374500433285e-6,-0.008808587307847553,0.0007969950321900078,-0.006360062985370847,0.005094446433791764,0.00020268908717692045,0.001960937484943526,0.017669877087114746,-0.0006205587543754215,-0.0018590602348549212,0.0045045857771547956,0.004627078793312081,-0.008551683582985734,-0.012687965630590149,0.009354170137941122,-0.00785944601597478,0.010921966340929321,-0.005628944182296024,0.003910445302928544,0.031917318716140626,-0.010468091202915156,-0.0082996988357657,-0.004990674843782178,0.004509042760365686,0.006576073151640828,0.007380548664636739,-0.004399035138664926,0.0076730418048997,-0.0067011599535886915,-0.00847503941536743,-0.006985920841366127,-0.004691940284911428,0.0027416776158673195,-0.0025119730249332783,-0.0019201246779702616,0.0013293796904145806,-0.012523890864421062,0.006876691617033672,4.50374500433285e-6,-0.010468091202915156,0.03148938405409525,0.006321121950378922,-0.00363631138296734,-0.019314799105007035,-0.00572703234869393,-0.0027367163116142866,0.007506923947069031,-0.0004564746340612255,0.011150973003186015,0.00705142452313126,-0.007694510537351202,0.0025016142167221104,0.00676894436418395,0.009995607215114536,-0.0066823079131597945,-0.0027904142973780056,-0.006093977430609299,-0.006442378010111565,-0.008808587307847553,-0.0082996988357657,0.006321121950378922,0.04153051125180204,0.0008818796836923378,0.000972156892674005,-0.006668063221241194,-0.007304995031087188,-0.0029701854467078835,-0.004007192159436226,-0.002297328863313391,0.0016559492649269123,-0.005455296387272676,-0.006769866886989627,-0.002309842184030602,0.013243678101054878,-0.009016499937895023,0.007813223741853054,-0.000269962986334414,0.005955566873156733,0.0007969950321900078,-0.004990674843782178,-0.00363631138296734,0.0008818796836923378,0.03134985772587254,0.0037140822333151784,-0.006513283174654935,-0.008947309426537391,-0.0040315780339544045,0.003708969287231364,-0.0010567963107170884,-0.00950921278835331,0.012000533714842884,0.001101285495329903,0.00849246310925254,0.007192727543089835,-0.0034669906136854897,0.0004792247671085696,0.01053294885402064,-0.012863811779491797,-0.006360062985370847,0.004509042760365686,-0.019314799105007035,0.000972156892674005,0.0037140822333151784,0.04768121976638076,0.010641279107925013,-0.0003467568509416929,-0.0121669849626932,-0.009370616368832716,-0.009112769442925972,-0.0038960662230732514,0.005057754668252708,0.006154180898757918,-0.008168724517436134,-0.01746790555619602,0.013720090445692775,-0.009307582682277209,0.009900774417672401,-0.001590611517130375,0.005094446433791764,0.006576073151640828,-0.00572703234869393,-0.006668063221241194,-0.006513283174654935,0.010641279107925013,0.028669032527806507,0.005366660259250149,-0.002977797378896241,-0.0006794700714908123,-0.005443487098226581,0.0031507229708555066,0.006990006542661456,0.002722644376252534,-0.01222115362024266,-0.02895687772354561,0.019212124542589,-0.021773432477036427,0.008992754108580994,-0.008884994746239286,0.00020268908717692045,0.007380548664636739,-0.0027367163116142866,-0.007304995031087188,-0.008947309426537391,-0.0003467568509416929,0.005366660259250149,0.041144756051289255,0.01072243199407145,0.002252570595005988,-6.916410741792658e-5,-0.008424892304210129,-0.007166472519675056,-0.0032044629322038596,-0.010054645094633944,-0.012354612840845765,0.010198504953293277,-0.012130564840681037,-0.007846046257089762,-8.353078432843104e-5,0.001960937484943526,-0.004399035138664926,0.007506923947069031,-0.0029701854467078835,-0.0040315780339544045,-0.0121669849626932,-0.002977797378896241,0.01072243199407145,0.033395438363695705,0.011959010312339684,0.0012985063150727466,-0.003532778556196225,-0.003689908443690484,-0.004077086906514796,-0.029954209822218615,-0.006386373634569503,0.006113474093345082,-0.01586064763553276,0.0009924538742009073,0.006195019592186197,0.017669877087114746,0.0076730418048997,-0.0004564746340612255,-0.004007192159436226,0.003708969287231364,-0.009370616368832716,-0.0006794700714908123,0.002252570595005988,0.011959010312339684,0.04148316210331901,-0.0033356038578263433,-0.016069973930244535,-0.0009760942060857288,-0.016246801080168904,0.0010910880308271865,-0.0004379211801660598,0.005457920001065807,0.008557225914405983,-0.00864195785016969,0.002881203756570274,-0.0006205587543754215,-0.0067011599535886915,0.011150973003186015,-0.002297328863313391,-0.0010567963107170884,-0.009112769442925972,-0.005443487098226581,-6.916410741792658e-5,0.0012985063150727466,-0.0033356038578263433,0.026970152735462445,0.004408486968708713,0.0005582385621716735,0.0033871832569652483,0.011156944656064219,0.001503829422898271,0.0031271467437294243,0.00851636932037975,-0.012248930288270773,0.003989885927266117,-0.0018590602348549212,-0.00847503941536743,0.00705142452313126,0.0016559492649269123,-0.00950921278835331,-0.0038960662230732514,0.0031507229708555066,-0.008424892304210129,-0.003532778556196225,-0.016069973930244535,0.004408486968708713,0.03645753715269633
