0.027345372128497157,0.0007139422850383015,-0.002678504880026483,-0.0009607400308304687,-0.0028389860183206874,-0.00920763851690623,0.002999469518963822,-0.013345622879017398,0.010811890830730768,0.004691274025106184,0.001848688069394617,-0.010712516893259992,-0.0009879157086357402,-0.006971368253205184,0.006809700913108698,-0.0019655831557548456,0.011145774431301943,-0.00018578906232765335,0.0004407166973444082,0.0074735579054867485,0.0007139422850383015,0.027079809581028957,-0.005711642460551889,0.005001075430244889,0.006704788973714683,-0.006401441800179443,0.0002021328406010569,0.0015497126045034373,-0.015427524760573963,0.0015974157802658997,-0.00044660509636724273,0.01056739450435688,-0.006102792179284112,-0.014963987258271166,0.003709451451455332,-0.0067475889947330985,0.004232618397501193,0.004346971058729231,0.005985500657967153,0.006065969678689815,-0.002678504880026483,-0.005711642460551889,0.02201725000873681,-0.0027515818771178613,-0.002130207101733935,-0.008345240321207665,-0.0011248642259698972,-0.008533045326843139,0.019774427599212024,0.0025733562346438965,0.001320856846938275,-0.002972322991962602,0.0009961673871935733,-0.0018848914300913795,-0.0035573126944105932,0.00665288037258209,0.0014887009380177806,-0.002556426897870371,0.00027369375676079914,-0.001571493038087759,-0.0009607400308304687,0.005001075430244889,-0.0027515818771178613,0.038226949929950134,0.009829462370803711,-0.01042412914709448,0.0026494648193181726,0.00837786074062134,-0.01054460882536892,0.0003357535603213487,-0.007961939955007704,0.006916741538125517,-0.0006174527297369534,-0.008506281371784902,-0.007647023084809896,-0.003950008323795132,0.004190378037884696,-0.0015102138292896734,-0.0026600902518262954,-0.013874901514888602,-0.0028389860183206874,0.006704788973714683,-0.002130207101733935,0.009829462370803711,0.01733358103784633,-0.0028223582631944416,0.0016695984276348657,0.011640948582333614,-0.016697531950135944,0.002634716599243091,-0.005003405571307349,0.003599122410259053,-0.003244105041652458,-0.006641200545103235,0.0013242489291557225,-0.00963077145819735,0.00647556316752931,-0.0019149544417077964,0.0033579504573242524,-0.005786109394687527,-0.00920763851690623,-0.006401441800179443,-0.008345240321207665,-0.01042412914709448,-0.0028223582631944416,0.05010149352128379,-0.005951781583597453,0.016819110083838906,-0.0157857393996046,-0.009541806584154213,0.0005363079947427702,0.001980478615119805,0.0013767777486653012,0.024363667790551886,-0.011960432942049118,0.009543356056176157,-0.009385068986941483,0.0039409396707340005,0.0004637873515064845,-0.0027717861272796053,0.002999469518963822,0.0002021328406010569,-0.0011248642259698972,0.0026494648193181726,0.0016695984276348657,-0.005951781583597453,0.01566712825361867,-0.0032120038474741305,0.0027772082685721977,-0.001572945985204208,0.0020199297543310553,0.00023686588009625553,-0.002504213447847896,-0.0034605001552482613,0.0013169183703343238,-0.0027466871686990654,0.003121033557131089,0.00045029371506355453,0.0008264333063725217,-0.004820930293668082,-0.013345622879017398,0.0015497126045034373,-0.008533045326843139,0.00837786074062134,0.011640948582333614,0.016819110083838906,-0.0032120038474741305,0.046150271525566125,-0.025827719615832065,-0.005685126568269352,-0.0053220337344874104,0.010880709427567182,-1.952829182943778e-5,0.015103014079803315,-0.008859912079925609,0.006535469855745861,-0.00046969183958351637,-0.003092669184488637,-0.006026053669182744,-0.008919324775916126,0.010811890830730768,-0.015427524760573963,0.019774427599212024,-0.01054460882536892,-0.016697531950135944,-0.0157857393996046,0.0027772082685721977,-0.025827719615832065,0.08408161123876884,0.004566426490206221,0.0025882853260877454,-0.017326627349637545,0.008542694742329786,0.005435679783939714,-0.011224031801458787,-0.004985050883899082,-0.005422617952865201,0.0024405910695387474,-0.005737254492275834,0.002931905726547826,0.004691274025106184,0.0015974157802658997,0.0025733562346438965,0.0003357535603213487,0.002634716599243091,-0.009541806584154213,-0.001572945985204208,-0.005685126568269352,0.004566426490206221,0.020054135945294926,-0.00012907933284850303,-0.008218590622851022,-0.0005889243906498192,-0.007814835383637676,0.006087914368540993,-0.004082001220827464,0.0062659237715556836,-0.0014796999487980116,-0.0009939743682262493,0.006285427568800137,0.001848688069394617,-0.00044660509636724273,0.001320856846938275,-0.007961939955007704,-0.005003405571307349,0.0005363079947427702,0.0020199297543310553,-0.0053220337344874104,0.0025882853260877454,-0.00012907933284850303,0.017837129166146843,-0.0002927302664666857,-0.005109847667801215,-0.002522292590711928,0.0040019619302335396,0.0019297438186926836,-0.0036058941996572748,-0.0001464102833335318,0.002447716510609398,0.004150976573967393,-0.010712516893259992,0.01056739450435688,-0.002972322991962602,0.006916741538125517,0.003599122410259053,0.001980478615119805,0.00023686588009625553,0.010880709427567182,-0.017326627349637545,-0.008218590622851022,-0.0002927302664666857,0.02864338787674908,-0.001740264288353028,-0.007573276909754199,-0.006081493959336196,0.0013883132908020749,-0.004930157056667456,0.00427299645442298,-0.0013066172870680836,-0.004561526860256213,-0.0009879157086357402,-0.006102792179284112,0.0009961673871935733,-0.0006174527297369534,-0.003244105041652458,0.0013767777486653012,-0.002504213447847896,-1.952829182943778e-5,0.008542694742329786,-0.0005889243906498192,-0.005109847667801215,-0.001740264288353028,0.02087868673169173,0.008478726452776145,-0.0028586653178930077,-0.003973505805184437,-0.0034653231446396555,-0.002138353999917889,-0.004423865418129886,-0.0011006594197782353,-0.006971368253205184,-0.014963987258271166,-0.0018848914300913795,-0.008506281371784902,-0.006641200545103235,0.024363667790551886,-0.0034605001552482613,0.015103014079803315,0.005435679783939714,-0.007814835383637676,-0.002522292590711928,-0.007573276909754199,0.008478726452776145,0.046416265762436,-0.006761891676913465,0.009545481611779146,-0.01480328565080936,-0.005601884483847583,-0.012296885245145873,0.0015081683902706433,0.006809700913108698,0.003709451451455332,-0.0035573126944105932,-0.007647023084809896,0.0013242489291557225,-0.011960432942049118,0.0013169183703343238,-0.008859912079925609,-0.011224031801458787,0.006087914368540993,0.0040019619302335396,-0.006081493959336196,-0.0028586653178930077,-0.006761891676913465,0.03139005022747699,0.001332599182917993,0.006630935151277938,-0.003863683578997062,0.0037957021548093465,0.011624519863508018,-0.0019655831557548456,-0.0067475889947330985,0.00665288037258209,-0.003950008323795132,-0.00963077145819735,0.009543356056176157,-0.0027466871686990654,0.006535469855745861,-0.004985050883899082,-0.004082001220827464,0.0019297438186926836,0.0013883132908020749,-0.003973505805184437,0.009545481611779146,0.001332599182917993,0.03336510352917137,-0.008620216253114214,0.0009188039570313989,-0.011051438080770923,-0.0018944448464120701,0.011145774431301943,0.004232618397501193,0.0014887009380177806,0.004190378037884696,0.00647556316752931,-0.009385068986941483,0.003121033557131089,-0.00046969183958351637,-0.005422617952865201,0.0062659237715556836,-0.0036058941996572748,-0.004930157056667456,-0.0034653231446396555,-0.01480328565080936,0.006630935151277938,-0.008620216253114214,0.025276964845406973,-0.005243434852701578,0.00516511685999925,-0.0023313962776851513,-0.00018578906232765335,0.004346971058729231,-0.002556426897870371,-0.0015102138292896734,-0.0019149544417077964,0.0039409396707340005,0.00045029371506355453,-0.003092669184488637,0.0024405910695387474,-0.0014796999487980116,-0.0001464102833335318,0.00427299645442298,-0.002138353999917889,-0.005601884483847583,-0.003863683578997062,0.0009188039570313989,-0.005243434852701578,0.023437242389608825,0.0071539162132178815,-0.0037532142636079423,0.0004407166973444082,0.005985500657967153,0.00027369375676079914,-0.0026600902518262954,0.0033579504573242524,0.0004637873515064845,0.0008264333063725217,-0.006026053669182744,-0.005737254492275834,-0.0009939743682262493,0.002447716510609398,-0.0013066172870680836,-0.004423865418129886,-0.012296885245145873,0.0037957021548093465,-0.011051438080770923,0.00516511685999925,0.0071539162132178815,0.03207128053599622,-0.002893697252874899,0.0074735579054867485,0.006065969678689815,-0.001571493038087759,-0.013874901514888602,-0.005786109394687527,-0.0027717861272796053,-0.004820930293668082,-0.008919324775916126,0.002931905726547826,0.006285427568800137,0.004150976573967393,-0.004561526860256213,-0.0011006594197782353,0.0015081683902706433,0.011624519863508018,-0.0018944448464120701,-0.0023313962776851513,-0.0037532142636079423,-0.002893697252874899,0.031800263911703784
0.027517869890826253,0.007913359534778883,-0.00554776881611101,0.013050549936286102,0.01065882959163589,0.005689336218392573,-0.0011556761725972089,-0.01110688780361068,0.011935920288942387,-0.010227862615476948,0.012543225782441424,0.014390985394706533,-0.0051837027122205665,-0.020671457810098944,-0.012859798764658942,0.013318990240084434,-0.005204516979410713,-0.002244686845511568,-0.004374616417091491,0.021928040837664857,0.007913359534778883,0.03174230352868469,0.004627022744725982,0.01892186028596278,0.022600282588824343,-0.0029802770987235523,-0.013552088154665978,-0.005817453399068776,0.011189590150041093,-0.003562071968007267,0.0002568795616011803,0.011168939601464943,0.007807962892015983,-0.03632729538732599,-0.012468706487652487,-0.003930989865452148,-0.002574589463460267,-0.0012223040092736394,-0.0014173718603056446,0.017780739108806606,-0.00554776881611101,0.004627022744725982,0.03611306390537339,0.0017917485456495602,0.016618189858320226,-0.00036683822773882473,-0.006621094505248771,0.015816221640014647,-0.01270969571609672,0.011213637269505757,-0.009163480054638335,0.0016473702625737446,0.017243709584944714,0.01088065405825947,0.014089750433529311,-0.02139622378205839,0.013825961055863062,0.0015675315859829423,0.006682087139913322,-0.024784274370156824,0.013050549936286102,0.01892186028596278,0.0017917485456495602,0.04367718139318024,0.031428366466975,0.0039348563034917565,-0.019339911345534776,-0.013175724134893547,0.030339817479197492,-0.008328689754231372,-0.0017869553137387461,0.01990896391087718,0.01070728469540496,-0.053769426840048595,-0.020310366763717995,-0.00791611105950966,-0.002132662847804526,0.00014466917800341306,0.003199482604735051,0.024991484318500137,0.01065882959163589,0.022600282588824343,0.016618189858320226,0.031428366466975,0.06777108569977683,-0.00897326756923272,-0.03206101638263464,0.013450275360115425,0.009584227285545716,0.001591792356300147,-0.004936413785340723,0.023739007815491528,0.034831783414821176,-0.04693100375002881,0.004798156939549113,-0.03340379466821683,0.004148790976711588,-0.010847864093756744,-0.020672819314310205,0.018806982459690223,0.005689336218392573,-0.0029802770987235523,-0.00036683822773882473,0.0039348563034917565,-0.00897326756923272,0.02103345461619837,0.004076781377385175,-0.014097908452150944,0.011986379487091553,-0.005572387633609911,-0.002134203967266905,-2.6123684524982562e-5,-0.011577265672283961,-0.006314796770232684,-0.009347696704968463,0.017732205510521796,-0.0015533268582965125,0.016157023930286913,0.019433568319822816,-0.005598038959583031,-0.0011556761725972089,-0.013552088154665978,-0.006621094505248771,-0.019339911345534776,-0.03206101638263464,0.004076781377385175,0.038976301485572774,-0.005056181573507859,-0.008947672054123477,0.0045292585986097395,0.006030666283089253,-0.012862705775176944,-0.018263569995915774,0.03787242863193288,0.0033565643174453684,0.020082176691938285,0.0019028817610242867,0.008055614565462822,0.013736153464249314,-0.009733424765984919,-0.01110688780361068,-0.005817453399068776,0.015816221640014647,-0.013175724134893547,0.013450275360115425,-0.014097908452150944,-0.005056181573507859,0.05334233712678918,-0.03339126770096788,0.015928617596925158,-0.006578378688793522,-0.005629675487848922,0.01986998972893851,0.029669429400316045,0.031041093346102763,-0.02772320767534919,0.011270503227559386,-0.01418652605105392,-0.021941409953639815,-0.02612203477250726,0.011935920288942387,0.011189590150041093,-0.01270969571609672,0.030339817479197492,0.009584227285545716,0.011986379487091553,-0.008947672054123477,-0.03339126770096788,0.05440913985157853,-0.015859228155177315,0.00555393264914489,0.01811913379444337,-0.006185940612616776,-0.04913035462026513,-0.030451611483958918,0.012389987954011479,-0.012382702133241077,0.006968446549103708,0.009246146280402677,0.03412786471185893,-0.010227862615476948,-0.003562071968007267,0.011213637269505757,-0.008328689754231372,0.001591792356300147,-0.005572387633609911,0.0045292585986097395,0.015928617596925158,-0.015859228155177315,0.02481420570648297,-0.005583685570586099,-0.009181695167522966,0.012077749939528525,0.02241928414982246,0.0213011965140803,-0.01577483741856564,0.011090632890515598,-0.004333095017113863,0.0018466418973365909,-0.01957394950678282,0.012543225782441424,0.0002568795616011803,-0.009163480054638335,-0.0017869553137387461,-0.004936413785340723,-0.002134203967266905,0.006030666283089253,-0.006578378688793522,0.00555393264914489,-0.005583685570586099,0.02853916261812356,0.006593851617718692,-0.011250015738414604,-0.007417667565866998,-0.011337708380365644,0.01847788481130376,-0.01068335343943305,-0.005959499347108537,-0.012772056298041005,0.020177443160760096,0.014390985394706533,0.011168939601464943,0.0016473702625737446,0.01990896391087718,0.023739007815491528,-2.6123684524982562e-5,-0.012862705775176944,-0.005629675487848922,0.01811913379444337,-0.009181695167522966,0.006593851617718692,0.027610912077722424,0.009962995118768758,-0.033218018028637095,-0.012216540353767498,-0.0029814940803859703,-0.003889321305811903,-0.003416988364289943,-0.0080577138864657,0.02186592116007751,-0.0051837027122205665,0.007807962892015983,0.017243709584944714,0.01070728469540496,0.034831783414821176,-0.011577265672283961,-0.018263569995915774,0.01986998972893851,-0.006185940612616776,0.012077749939528525,-0.011250015738414604,0.009962995118768758,0.042725186759383735,-0.010205729358839823,0.01977752318980927,-0.03549798170014712,0.009603041704492206,-0.00903178863661786,-0.014553627635296648,-0.0029247773630064586,-0.020671457810098944,-0.03632729538732599,0.01088065405825947,-0.053769426840048595,-0.04693100375002881,-0.006314796770232684,0.03787242863193288,0.029669429400316045,-0.04913035462026513,0.02241928414982246,-0.007417667565866998,-0.033218018028637095,-0.010205729358839823,0.10909044656573512,0.039293354086974576,0.0014073561482697587,0.01306557622303809,0.009594276485555133,0.009343155435819645,-0.060954352470945064,-0.012859798764658942,-0.012468706487652487,0.014089750433529311,-0.020310366763717995,0.004798156939549113,-0.009347696704968463,0.0033565643174453684,0.031041093346102763,-0.030451611483958918,0.0213011965140803,-0.011337708380365644,-0.012216540353767498,0.01977752318980927,0.039293354086974576,0.04689368458479506,-0.02100090635524072,0.015108893745042012,-0.004563531455250409,-0.00808238351438174,-0.03234249395380406,0.013318990240084434,-0.003930989865452148,-0.02139622378205839,-0.00791611105950966,-0.03340379466821683,0.017732205510521796,0.020082176691938285,-0.02772320767534919,0.012389987954011479,-0.01577483741856564,0.01847788481130376,-0.0029814940803859703,-0.03549798170014712,0.0014073561482697587,-0.02100090635524072,0.07246434762676351,-0.015340962444905274,0.018651556691564798,0.01965796138229374,0.016468972329095877,-0.005204516979410713,-0.002574589463460267,0.013825961055863062,-0.002132662847804526,0.004148790976711588,-0.0015533268582965125,0.0019028817610242867,0.011270503227559386,-0.012382702133241077,0.011090632890515598,-0.01068335343943305,-0.003889321305811903,0.009603041704492206,0.01306557622303809,0.015108893745042012,-0.015340962444905274,0.02332020403590053,0.0011635289564816491,0.007609932688567014,-0.02082484600998877,-0.002244686845511568,-0.0012223040092736394,0.0015675315859829423,0.00014466917800341306,-0.010847864093756744,0.016157023930286913,0.008055614565462822,-0.01418652605105392,0.006968446549103708,-0.004333095017113863,-0.005959499347108537,-0.003416988364289943,-0.00903178863661786,0.009594276485555133,-0.004563531455250409,0.018651556691564798,0.0011635289564816491,0.03519574232729905,0.027777189073341896,-0.008845703068325193,-0.004374616417091491,-0.0014173718603056446,0.006682087139913322,0.003199482604735051,-0.020672819314310205,0.019433568319822816,0.013736153464249314,-0.021941409953639815,0.009246146280402677,0.0018466418973365909,-0.012772056298041005,-0.0080577138864657,-0.014553627635296648,0.009343155435819645,-0.00808238351438174,0.01965796138229374,0.007609932688567014,0.027777189073341896,0.05625685744521298,-0.024399069885268153,0.021928040837664857,0.017780739108806606,-0.024784274370156824,0.024991484318500137,0.018806982459690223,-0.005598038959583031,-0.009733424765984919,-0.02612203477250726,0.03412786471185893,-0.01957394950678282,0.020177443160760096,0.02186592116007751,-0.0029247773630064586,-0.060954352470945064,-0.03234249395380406,0.016468972329095877,-0.02082484600998877,-0.008845703068325193,-0.024399069885268153,0.07953575969272401
0.024428334059041816,0.011990797685659273,-0.02312840149978007,-0.00812998992942452,-0.0023654272060039984,0.013074652100260882,0.01190880476105868,-0.016250758563774545,0.013851796737806458,0.005915273297144099,0.0018366278531482699,0.001007349410511468,-0.007326449968506371,0.012696695232274683,-0.02081742439333962,0.02754695592605779,0.004771041962434249,0.014055871556574059,-0.012440483303874353,0.007085226351939519,0.011990797685659273,0.21552091647523697,-0.061480392137904266,0.10610352108556398,0.03788304055328112,-0.14277257949885147,0.006317462945707793,0.11008076706707312,-0.02778729285800925,0.010685213445386647,0.04737203069443107,0.14203156554349117,0.011266986092612338,-0.14534506550639523,0.09915315396138928,0.111194843804252,0.006719821079880742,-0.08586940259164741,-0.07211940518126411,0.05194526465837088,-0.02312840149978007,-0.061480392137904266,0.06784581357037765,-0.017272370434639382,0.004602245219363493,0.034433209351966365,-0.02528393481827982,-0.02031035674165777,0.0067748129092511065,-0.004037888483257116,-0.015843136775239887,-0.03989969879068324,0.009135303396857164,0.02910016219582756,-0.014979336190071283,-0.05901265719235502,0.00013397216369409517,0.026710581593071454,0.045792716932694176,-0.019028427765667676,-0.00812998992942452,0.10610352108556398,-0.017272370434639382,0.1297881836592456,0.03802579890717209,-0.13503543845112592,0.014855749864797074,0.11597752799333805,-0.008626138202644651,0.004030890590205149,0.04285945010720907,0.1002157154951504,0.03354459090552055,-0.09215786541232296,0.15041077351370796,-0.023119384001945152,0.0383855503619751,-0.05934954663661495,-0.026530813438013525,0.029816665851426925,-0.0023654272060039984,0.03788304055328112,0.004602245219363493,0.03802579890717209,0.07589930818016033,-0.058073494680396145,-0.03392339040670425,0.05484594710006362,-0.014737144644723532,-0.012365068764947477,0.029934306507938616,0.04376691452278314,0.01259790424035133,-0.06292533022025265,0.014438692039254153,-0.012765494507530844,0.0074444285310802105,-0.03447132970231985,-0.026604802556169094,0.03309653120688029,0.013074652100260882,-0.14277257949885147,0.034433209351966365,-0.13503543845112592,-0.058073494680396145,0.19812713803714171,-0.012901653434906728,-0.17770462952359245,0.037122399338292686,0.017448259402639214,-0.06723097800927218,-0.1526750722953964,-0.057457662041345725,0.12407964134791077,-0.1907534119581739,-0.0013253388534781863,-0.010123593615413387,0.1123680331381923,0.08484719071840763,-0.06679333184687739,0.01190880476105868,0.006317462945707793,-0.02528393481827982,0.014855749864797074,-0.03392339040670425,-0.012901653434906728,0.05955150727158998,0.02225563422712349,0.017689978069720023,0.009634121160175708,-0.009464816111621945,0.01654252105780988,0.01535598752494157,0.039868040911371624,0.05636477277744688,-0.0024351481242884734,0.019338699302502264,0.008103960349736511,-0.009171797092272994,-0.005265954010057916,-0.016250758563774545,0.11008076706707312,-0.02031035674165777,0.11597752799333805,0.05484594710006362,-0.17770462952359245,0.02225563422712349,0.22157930447149865,-0.033782235160692384,-0.02549254121284618,0.04723603370685808,0.13953322800082874,0.0843281683055835,-0.08731870856159549,0.20330551383813464,-0.045348767902406883,0.025322930202754206,-0.1005570923043928,-0.09367937358818665,0.05486302967619383,0.013851796737806458,-0.02778729285800925,0.0067748129092511065,-0.008626138202644651,-0.014737144644723532,0.037122399338292686,0.017689978069720023,-0.033782235160692384,0.061947190471586214,0.010247875897829287,-0.011316668389276268,-0.004864422053086948,-0.0033235062031316803,0.05102799608351976,-0.021372170113195806,-0.010118603933178334,0.022010195776635103,0.050905542293146214,0.01860304340949985,-0.009875942821723112,0.005915273297144099,0.010685213445386647,-0.004037888483257116,0.004030890590205149,-0.012365068764947477,0.017448259402639214,0.009634121160175708,-0.02549254121284618,0.010247875897829287,0.03769824997395676,-0.006865417582133089,-0.008958948610401444,-0.01851547945929438,0.010888540042700852,-0.011668689888707617,0.019140699735569203,0.02013500627376093,0.020571991058792143,0.03075526516746753,-0.012235932721949755,0.0018366278531482699,0.04737203069443107,-0.015843136775239887,0.04285945010720907,0.029934306507938616,-0.06723097800927218,-0.009464816111621945,0.04723603370685808,-0.011316668389276268,-0.006865417582133089,0.05505172889574701,0.05350219172467721,0.008975500356807952,-0.05882889174534711,0.04257867075205833,0.022890379006659786,-0.007400313078096538,-0.03527415363181405,-0.03893024962662806,0.04424319139890205,0.001007349410511468,0.14203156554349117,-0.03989969879068324,0.1002157154951504,0.04376691452278314,-0.1526750722953964,0.01654252105780988,0.13953322800082874,-0.004864422053086948,-0.008958948610401444,0.05350219172467721,0.16584699991826984,0.044551955778663395,-0.09752694682312474,0.12901595426486157,0.05522310137669281,0.0028373747846250803,-0.07781334853463864,-0.09267534076435144,0.058132226681412116,-0.007326449968506371,0.011266986092612338,0.009135303396857164,0.03354459090552055,0.01259790424035133,-0.057457662041345725,0.01535598752494157,0.0843281683055835,-0.0033235062031316803,-0.01851547945929438,0.008975500356807952,0.044551955778663395,0.062105036756947715,-0.0032603599878694807,0.09062173944545845,-0.05400305112747805,0.008000823099660315,-0.029482285514670185,-0.03320140018793787,0.023162460377502046,0.012696695232274683,-0.14534506550639523,0.02910016219582756,-0.09215786541232296,-0.06292533022025265,0.12407964134791077,0.039868040911371624,-0.08731870856159549,0.05102799608351976,0.010888540042700852,-0.05882889174534711,-0.09752694682312474,-0.0032603599878694807,0.17542350043739668,-0.07096916734904617,-0.05208957349161791,0.015342344163831598,0.10146558542993442,0.04953578697137358,-0.04761029211901047,-0.02081742439333962,0.09915315396138928,-0.014979336190071283,0.15041077351370796,0.014438692039254153,-0.1907534119581739,0.05636477277744688,0.20330551383813464,-0.021372170113195806,-0.011668689888707617,0.04257867075205833,0.12901595426486157,0.09062173944545845,-0.07096916734904617,0.3046026856385563,-0.09243762771125477,0.040446018465911004,-0.0897563985580373,-0.04355123367913564,0.04056658235775889,0.02754695592605779,0.111194843804252,-0.05901265719235502,-0.023119384001945152,-0.012765494507530844,-0.0013253388534781863,-0.0024351481242884734,-0.045348767902406883,-0.010118603933178334,0.019140699735569203,0.022890379006659786,0.05522310137669281,-0.05400305112747805,-0.05208957349161791,-0.09243762771125477,0.22026609511816936,-0.05391045766581426,-0.014105862482371478,-0.053124614330448565,0.02662483783850509,0.004771041962434249,0.006719821079880742,0.00013397216369409517,0.0383855503619751,0.0074444285310802105,-0.010123593615413387,0.019338699302502264,0.025322930202754206,0.022010195776635103,0.02013500627376093,-0.007400313078096538,0.0028373747846250803,0.008000823099660315,0.015342344163831598,0.040446018465911004,-0.05391045766581426,0.07231710979127681,0.025532450457927045,0.025988394018499582,-0.014822824804428439,0.014055871556574059,-0.08586940259164741,0.026710581593071454,-0.05934954663661495,-0.03447132970231985,0.1123680331381923,0.008103960349736511,-0.1005570923043928,0.050905542293146214,0.020571991058792143,-0.03527415363181405,-0.07781334853463864,-0.029482285514670185,0.10146558542993442,-0.0897563985580373,-0.014105862482371478,0.025532450457927045,0.10488698763599617,0.06516351756758887,-0.03763462135714521,-0.012440483303874353,-0.07211940518126411,0.045792716932694176,-0.026530813438013525,-0.026604802556169094,0.08484719071840763,-0.009171797092272994,-0.09367937358818665,0.01860304340949985,0.03075526516746753,-0.03893024962662806,-0.09267534076435144,-0.03320140018793787,0.04953578697137358,-0.04355123367913564,-0.053124614330448565,0.025988394018499582,0.06516351756758887,0.11569662191775777,-0.057762505649975496,0.007085226351939519,0.05194526465837088,-0.019028427765667676,0.029816665851426925,0.03309653120688029,-0.06679333184687739,-0.005265954010057916,0.05486302967619383,-0.009875942821723112,-0.012235932721949755,0.04424319139890205,0.058132226681412116,0.023162460377502046,-0.04761029211901047,0.04056658235775889,0.02662483783850509,-0.014822824804428439,-0.03763462135714521,-0.057762505649975496,0.05667910380750592
