0.12455547568670397,0.0376944380012087,0.01595722411024459,0.05188832960509773,-0.04511201475415405,-0.08219298903173675,0.00656254401372681,-0.08631163831243249,-0.0011796658114625208,0.0282480537532439,0.021083098832446988,-0.014621233221048333,-0.022075337850803137,-0.025111683525631798,0.053918330167343445,-0.05847585648030803,0.048878673630021005,0.0687088117854928,-0.034022586089042905,-0.011741757487720359,0.0376944380012087,0.06394070512105991,-0.025543596638320436,0.023749493855667728,-0.01902940351129674,-0.04177993216304858,0.00494369349797215,-0.00723822651570416,0.009008172827104052,-0.002771484523778917,0.0025236484246743645,-0.007785195768180298,-0.014477735364799285,-0.0019065261184188832,0.008605082866792013,-0.01901440763725304,0.00949787597806813,0.02398671658991755,-0.016106194377619804,-0.0026994782204923257,0.01595722411024459,-0.025543596638320436,0.06440954411901985,-0.0015938920149258665,-0.0012800718351359149,0.001737630648870558,-0.013876451319325746,-0.02165294702343023,-0.013800717331865359,0.015798563367339966,0.005025205006463285,0.004305991445221924,0.0033615053134324357,-0.007467158691785113,0.012319502628849406,-0.0027328614184680055,-0.0020466984522142613,0.002753526863686744,0.0002147284209871288,-0.00011992000364196946,0.05188832960509773,0.023749493855667728,-0.0015938920149258665,0.06784708969484651,-0.03393572282472802,-0.041700647505374396,0.00218456519999298,-0.05114843963801474,0.007069675444809024,0.005135373890809406,0.014564402355112215,-0.006826512386407248,-0.03351135409797182,0.0025614748532493243,0.026782001458946866,-0.02853484870727324,0.011149143316304956,0.039664261567615836,-0.015822543874562785,0.006610220614283078,-0.04511201475415405,-0.01902940351129674,-0.0012800718351359149,-0.03393572282472802,0.051849865403487266,0.03901095571693873,-0.00542511525059912,0.044204158782001825,0.003121164738077481,-0.011727001105650685,-0.01130566234635291,0.004758790323329371,0.02553312972378552,-0.006372526144742567,-0.015249072268836457,0.023552093770726024,-0.007614727182449853,-0.04460709837684407,0.018109247716723082,-0.014492411082376432,-0.08219298903173675,-0.04177993216304858,0.001737630648870558,-0.041700647505374396,0.03901095571693873,0.0839104008120785,-0.009410541549494358,0.06332351448899864,-0.01116699322817636,-0.016962526387487943,-0.01428995104381731,0.00832072499973055,0.02673932486027881,0.006876878156289275,-0.02607406856731759,0.05144923672105757,-0.0446481554455408,-0.05216979117870571,0.025464060510821333,0.0010521385863927308,0.00656254401372681,0.00494369349797215,-0.013876451319325746,0.00218456519999298,-0.00542511525059912,-0.009410541549494358,0.026319080771941936,-0.01410810227883945,0.008490453725133787,0.0014134081286866,0.0011576486077700303,-0.007989637339739987,-0.008042780125336673,0.008661588871389524,-0.0010527938509294732,-0.004484740116569264,0.0012063854634029383,0.006532976638910941,0.0014692148917975368,0.0027473234342973857,-0.08631163831243249,-0.00723822651570416,-0.02165294702343023,-0.05114843963801474,0.044204158782001825,0.06332351448899864,-0.01410810227883945,0.11089213934688721,0.005534088920049892,-0.0257621232039296,-0.035184872538525334,0.01255199437336192,0.026987106014380306,0.011791465215681331,-0.03843569837820278,0.056234804332603874,-0.04445646294167095,-0.0655597123663493,0.02685322582696672,-0.012632348715398353,-0.0011796658114625208,0.009008172827104052,-0.013800717331865359,0.007069675444809024,0.003121164738077481,-0.01116699322817636,0.008490453725133787,0.005534088920049892,0.04061633554565479,-0.006888686537239468,-0.014369705659957065,-0.002911435588346613,-0.00027894008603731126,0.01009268965030594,0.0031505293903632842,-0.002341517702352876,0.003129996950280621,-0.009019918986159604,-0.00014885627799015547,-0.004994452740389254,0.0282480537532439,-0.002771484523778917,0.015798563367339966,0.005135373890809406,-0.011727001105650685,-0.016962526387487943,0.0014134081286866,-0.0257621232039296,-0.006888686537239468,0.027250571275336505,-0.0018078203899387208,-0.003567833065202031,-0.0070614329588982346,-0.009731805924563786,0.016175217555975695,-0.014972290758176816,0.00733429660158973,0.012224627203309656,-0.0014902201049805555,-0.004478907710010726,0.021083098832446988,0.0025236484246743645,0.005025205006463285,0.014564402355112215,-0.01130566234635291,-0.01428995104381731,0.0011576486077700303,-0.035184872538525334,-0.014369705659957065,-0.0018078203899387208,0.044441547495861024,0.002074870069925458,-0.015586803936573468,-0.006981903294439134,-0.004339745081719694,-0.014385844744180639,0.01851945514653716,0.018089941568369163,-0.009018151482327806,0.01921678715247529,-0.014621233221048333,-0.007785195768180298,0.004305991445221924,-0.006826512386407248,0.004758790323329371,0.00832072499973055,-0.007989637339739987,0.01255199437336192,-0.002911435588346613,-0.003567833065202031,0.002074870069925458,0.023509557327000913,-0.002659025248067874,0.004348025782288628,-0.01944034717819896,0.003842429300796283,-0.01219529170283445,-0.0036307236612298796,0.00559841184046928,0.0018449247788596625,-0.022075337850803137,-0.014477735364799285,0.0033615053134324357,-0.03351135409797182,0.02553312972378552,0.02673932486027881,-0.008042780125336673,0.026987106014380306,-0.00027894008603731126,-0.0070614329588982346,-0.015586803936573468,-0.002659025248067874,0.04399319074376739,-0.004719953132329088,-0.005211684991281635,0.01753540668747236,-0.0029956320654656978,-0.021986357764038192,0.00569073198456292,-0.010752868041825995,-0.025111683525631798,-0.0019065261184188832,-0.007467158691785113,0.0025614748532493243,-0.006372526144742567,0.006876878156289275,0.008661588871389524,0.011791465215681331,0.01009268965030594,-0.009731805924563786,-0.006981903294439134,0.004348025782288628,-0.004719953132329088,0.04013196657012099,-0.015563069256784188,0.0076092300897794415,-0.01807654237898052,0.002512837610410385,0.008016455869318333,0.00045576461777222053,0.053918330167343445,0.008605082866792013,0.012319502628849406,0.026782001458946866,-0.015249072268836457,-0.02607406856731759,-0.0010527938509294732,-0.03843569837820278,0.0031505293903632842,0.016175217555975695,-0.004339745081719694,-0.01944034717819896,-0.005211684991281635,-0.015563069256784188,0.06943195463545161,-0.013687323874190152,0.015007919469697598,0.021393368723062446,-0.02431343143951918,-0.012383065743128498,-0.05847585648030803,-0.01901440763725304,-0.0027328614184680055,-0.02853484870727324,0.023552093770726024,0.05144923672105757,-0.004484740116569264,0.056234804332603874,-0.002341517702352876,-0.014972290758176816,-0.014385844744180639,0.003842429300796283,0.01753540668747236,0.0076092300897794415,-0.013687323874190152,0.0587333591302972,-0.03587384316645447,-0.04708065204604785,0.016119268690468237,-0.00455014630424785,0.048878673630021005,0.00949787597806813,-0.0020466984522142613,0.011149143316304956,-0.007614727182449853,-0.0446481554455408,0.0012063854634029383,-0.04445646294167095,0.003129996950280621,0.00733429660158973,0.01851945514653716,-0.01219529170283445,-0.0029956320654656978,-0.01807654237898052,0.015007919469697598,-0.03587384316645447,0.07114986992941941,0.01364609816103722,-0.008968817232057417,-0.001043128850038082,0.0687088117854928,0.02398671658991755,0.002753526863686744,0.039664261567615836,-0.04460709837684407,-0.05216979117870571,0.006532976638910941,-0.0655597123663493,-0.009019918986159604,0.012224627203309656,0.018089941568369163,-0.0036307236612298796,-0.021986357764038192,0.002512837610410385,0.021393368723062446,-0.04708065204604785,0.01364609816103722,0.08775545096589557,-0.03235223982172411,0.007654359048269646,-0.034022586089042905,-0.016106194377619804,0.0002147284209871288,-0.015822543874562785,0.018109247716723082,0.025464060510821333,0.0014692148917975368,0.02685322582696672,-0.00014885627799015547,-0.0014902201049805555,-0.009018151482327806,0.00559841184046928,0.00569073198456292,0.008016455869318333,-0.02431343143951918,0.016119268690468237,-0.008968817232057417,-0.03235223982172411,0.04296672977375925,-0.007613743431166938,-0.011741757487720359,-0.0026994782204923257,-0.00011992000364196946,0.006610220614283078,-0.014492411082376432,0.0010521385863927308,0.0027473234342973857,-0.012632348715398353,-0.004994452740389254,-0.004478907710010726,0.01921678715247529,0.0018449247788596625,-0.010752868041825995,0.00045576461777222053,-0.012383065743128498,-0.00455014630424785,-0.001043128850038082,0.007654359048269646,-0.007613743431166938,0.03679475250050643
0.1765438272205278,0.06777394294368244,-0.0184451060062269,0.14419500913844074,-0.06699695122786233,-0.09337315789005407,0.0016333211506200894,-0.09742069347887873,0.005120519653168406,0.014982926637366962,0.05409898550058614,-0.05393392670657996,-0.057405104984473806,-0.034143919764055716,0.01906875089257861,-0.06757390808734023,0.011136120039036707,0.08237439007024908,-0.026309853938643178,-0.05281338164246327,0.06777394294368244,0.0804982657717638,-0.018193689913918586,0.09058466017532073,-0.023633438376698283,-0.07767671790096131,-0.02038563195842525,-0.048362340627718256,0.009128489187070031,-0.009234960956879229,0.022539745883503833,-0.04209143098182516,-0.023572694732917582,-0.014334503835476334,-0.0058829725593471955,-0.02423981841122698,-0.002310754843010375,0.03873625826681132,-0.010874561876540035,-0.06739856188445251,-0.0184451060062269,-0.018193689913918586,0.04612788944154649,-0.03657272217992313,0.00269267801902051,0.023042162291467813,-0.0053264962498410055,0.016457843026761183,0.00025709224389334193,0.008925254840494508,-0.0191102702495785,0.012495471988615482,0.008254104437251535,0.009645611419350383,-0.0029237632305491854,0.010599351791880023,-0.0023251748574944714,-0.006217969302450272,-0.0013313980469011766,0.011144311652939047,0.14419500913844074,0.09058466017532073,-0.03657272217992313,0.17750082833209865,-0.0506828630559421,-0.1184807201215548,-0.02002377482478316,-0.09831305076265026,0.0029388479175754666,0.0075482289493136595,0.05522419174587788,-0.06690628925061012,-0.05460988270412131,-0.03360160737802469,0.004454723500703042,-0.050391018431165086,0.006722324117784365,0.06635891187307312,-0.016868464741731967,-0.08340368819634418,-0.06699695122786233,-0.023633438376698283,0.00269267801902051,-0.0506828630559421,0.0526128744878367,0.03601867723273676,0.006135240534720847,0.038328766242727574,0.0007904563538959864,-0.008175517045102831,-0.021260980858833944,0.013659742301243168,0.028187870468851302,0.014341631264464775,-0.00859475569786409,0.023846916408986743,-0.0044113208067861395,-0.03089459044819707,0.007988067901900549,0.0029889149803304102,-0.09337315789005407,-0.07767671790096131,0.023042162291467813,-0.1184807201215548,0.03601867723273676,0.142950268842831,0.027773421040581288,0.08134195120702621,-0.0033188270030063746,-0.010902648541318052,-0.04217272300086924,0.0543514636937804,0.03672957173909888,0.023027586037612454,-0.006639546244460841,0.03556709779651518,-0.00913661679888508,-0.06846562676705026,0.01373792539757862,0.07377244285710294,0.0016333211506200894,-0.02038563195842525,-0.0053264962498410055,-0.02002377482478316,0.006135240534720847,0.027773421040581288,0.04176436360771307,0.0038295189144335533,0.007410284075506916,-0.0020822335610549657,-0.000992032604752624,0.007652700518863466,0.000999531158960557,0.0015766880705327326,0.0032092490152064224,0.012042527971881208,0.0037495133401997784,-0.0052914646038420225,-0.0001683605781723019,0.03462798267400404,-0.09742069347887873,-0.048362340627718256,0.016457843026761183,-0.09831305076265026,0.038328766242727574,0.08134195120702621,0.0038295189144335533,0.09281953332307781,0.0011438502402988078,-0.018728188803585094,-0.045569772425179456,0.04526772090264464,0.03413857225049256,0.027309190749278536,-0.01370352616005699,0.04200727445302932,-0.007312726616432294,-0.061380091542568696,0.018629898115679576,0.03846256802955024,0.005120519653168406,0.009128489187070031,0.00025709224389334193,0.0029388479175754666,0.0007904563538959864,-0.0033188270030063746,0.007410284075506916,0.0011438502402988078,0.02848883912160307,-0.0065202620114104244,-0.0032319272525486243,-0.0026357249694435965,0.003253495464532818,0.003915636829670201,-0.007129774129954143,0.017156760714314323,0.0042509521877589175,0.005362283652761633,-0.003559220178649497,-0.011795285898797029,0.014982926637366962,-0.009234960956879229,0.008925254840494508,0.0075482289493136595,-0.008175517045102831,-0.010902648541318052,-0.0020822335610549657,-0.018728188803585094,-0.0065202620114104244,0.03219581889787505,0.00647053573719107,0.001491044725861756,-0.007994658199730855,-0.0048825726866135715,0.008711729698782061,-0.002624842690474722,0.00038524150419036885,0.015623754881899574,-0.0028404514014170336,0.005541401706565197,0.05409898550058614,0.022539745883503833,-0.0191102702495785,0.05522419174587788,-0.021260980858833944,-0.04217272300086924,-0.000992032604752624,-0.045569772425179456,-0.0032319272525486243,0.00647053573719107,0.04355540164352169,-0.021685622704241736,-0.022267748113431577,-0.01782404405792934,0.004600288909250839,-0.021285535006634503,0.0013736636826079116,0.025523710689665254,-0.0051826003828037105,-0.011557600294250276,-0.05393392670657996,-0.04209143098182516,0.012495471988615482,-0.06690628925061012,0.013659742301243168,0.0543514636937804,0.007652700518863466,0.04526772090264464,-0.0026357249694435965,0.001491044725861756,-0.021685622704241736,0.060115674199529345,0.013630728289095563,0.009885512149982824,-0.0019546017216123916,0.031816049081363124,-0.012759913934552267,-0.03884712055637586,0.010782183498909328,0.04523273094337408,-0.057405104984473806,-0.023572694732917582,0.008254104437251535,-0.05460988270412131,0.028187870468851302,0.03672957173909888,0.000999531158960557,0.03413857225049256,0.003253495464532818,-0.007994658199730855,-0.022267748113431577,0.013630728289095563,0.03510381150998691,0.014997566131521187,-0.004504948462914648,0.02237187884938871,-0.0027145464147975544,-0.023208385557022714,0.004275259671581044,0.014852283832180936,-0.034143919764055716,-0.014334503835476334,0.009645611419350383,-0.03360160737802469,0.014341631264464775,0.023027586037612454,0.0015766880705327326,0.027309190749278536,0.003915636829670201,-0.0048825726866135715,-0.01782404405792934,0.009885512149982824,0.014997566131521187,0.026453190761061143,-0.003945986514577136,0.014987652841643356,0.001859101239724059,-0.010174760790764589,0.0027144199116822163,0.0003581517485618923,0.01906875089257861,-0.0058829725593471955,-0.0029237632305491854,0.004454723500703042,-0.00859475569786409,-0.006639546244460841,0.0032092490152064224,-0.01370352616005699,-0.007129774129954143,0.008711729698782061,0.004600288909250839,-0.0019546017216123916,-0.004504948462914648,-0.003945986514577136,0.03433240951054581,-0.01543066894188352,0.0034156575929344076,0.014439057298180652,-0.009103033880991821,0.013758492758137883,-0.06757390808734023,-0.02423981841122698,0.010599351791880023,-0.050391018431165086,0.023846916408986743,0.03556709779651518,0.012042527971881208,0.04200727445302932,0.017156760714314323,-0.002624842690474722,-0.021285535006634503,0.031816049081363124,0.02237187884938871,0.014987652841643356,-0.01543066894188352,0.07128821689394065,-0.008903330122044377,-0.04029097405273853,0.01205003710537288,0.015635624525499284,0.011136120039036707,-0.002310754843010375,-0.0023251748574944714,0.006722324117784365,-0.0044113208067861395,-0.00913661679888508,0.0037495133401997784,-0.007312726616432294,0.0042509521877589175,0.00038524150419036885,0.0013736636826079116,-0.012759913934552267,-0.0027145464147975544,0.001859101239724059,0.0034156575929344076,-0.008903330122044377,0.029245524383707693,0.01344034571299358,-0.0018218129518254799,0.004838734897853178,0.08237439007024908,0.03873625826681132,-0.006217969302450272,0.06635891187307312,-0.03089459044819707,-0.06846562676705026,-0.0052914646038420225,-0.061380091542568696,0.005362283652761633,0.015623754881899574,0.025523710689665254,-0.03884712055637586,-0.023208385557022714,-0.010174760790764589,0.014439057298180652,-0.04029097405273853,0.01344034571299358,0.0765728690785914,-0.02395611714506091,-0.033532856318834625,-0.026309853938643178,-0.010874561876540035,-0.0013313980469011766,-0.016868464741731967,0.007988067901900549,0.01373792539757862,-0.0001683605781723019,0.018629898115679576,-0.003559220178649497,-0.0028404514014170336,-0.0051826003828037105,0.010782183498909328,0.004275259671581044,0.0027144199116822163,-0.009103033880991821,0.01205003710537288,-0.0018218129518254799,-0.02395611714506091,0.022786736964163563,0.007121896711288108,-0.05281338164246327,-0.06739856188445251,0.011144311652939047,-0.08340368819634418,0.0029889149803304102,0.07377244285710294,0.03462798267400404,0.03846256802955024,-0.011795285898797029,0.005541401706565197,-0.011557600294250276,0.04523273094337408,0.014852283832180936,0.0003581517485618923,0.013758492758137883,0.015635624525499284,0.004838734897853178,-0.033532856318834625,0.007121896711288108,0.11687877567491138
0.036349704432923416,0.0033246959155867678,0.00564878571372481,-0.013636751367859575,-0.0007336290503342025,-0.006597667458096422,0.003950425925354355,-0.0017105243625160746,-0.017733042491932922,0.009170720787307424,0.0055796676359680985,-0.00585573072679085,-0.005545127119769126,0.011295800964886065,-0.00660917881967176,-0.00417348784666977,-0.012470572701417593,0.002204132214915754,-0.031434707698681806,0.013439709966916234,0.0033246959155867678,0.021487241520130426,0.0035555365832245027,0.006139543152270605,-0.0023770761789405365,-0.008161610854238017,-0.0005749269252053932,0.0007211034276557893,0.010335276983920958,-0.0022047834696603515,0.0040415498755827515,-0.00741328434849077,-0.0019265643449426187,-0.000839091100105662,0.001714804799247308,-0.0033464129702846274,0.000225093846839115,0.0023893347718212075,0.0011362118954649984,0.0028836917871427484,0.00564878571372481,0.0035555365832245027,0.051400116666064415,-0.0005984928135305246,-0.010751548639625394,-0.0007685416766985117,-0.0015389937883917074,-0.004234135095354523,-0.016316674799345666,-0.003063921290739764,0.016722286673682564,-0.008751246183441103,-0.004141843011712147,0.00015207230174100767,-0.00010733505548461502,0.00625844770486025,-0.0103809339413811,0.0060032449763813,-0.005617248637655125,-0.0018970937276510539,-0.013636751367859575,0.006139543152270605,-0.0005984928135305246,0.03926476955263665,0.00015980160746098472,-0.010137934909440299,-0.01213703204063726,0.004726010241375318,0.006493705802381086,-0.008236310110170801,-0.0025771059990085878,0.00040595177192800675,-0.0018554918889980108,-0.011186854070190263,0.005634675262445493,-0.0003083690234279491,0.01225680436653878,-0.0035225216726979805,0.0255547862788603,-0.0058202284004172915,-0.0007336290503342025,-0.0023770761789405365,-0.010751548639625394,0.00015980160746098472,0.04486686673522209,0.005807903109902092,-0.005263541939956399,-0.007885887241623965,0.017213397002233143,0.0010805601783260474,0.0029143345888078395,-0.01833467359250196,0.01872183495430718,-0.006749429660384287,-0.012844100049167985,-0.014201684275673847,-0.0038449182297367545,0.002845975787112603,-0.006679913758939645,0.02789002591378648,-0.006597667458096422,-0.008161610854238017,-0.0007685416766985117,-0.010137934909440299,0.005807903109902092,0.036855484229657294,0.013728747067771996,-0.00888217788163068,-0.0014159704666967673,-0.005443401107766159,-0.00936940598374699,0.008680931766313332,0.01974657610165932,0.0002822118123959905,-0.004686508422532743,0.0011174849717240504,0.00021878013076457345,0.003330398648820518,-0.00481957272282294,-0.006514844733566696,0.003950425925354355,-0.0005749269252053932,-0.0015389937883917074,-0.01213703204063726,-0.005263541939956399,0.013728747067771996,0.032930748935828556,-0.006516974675273815,-0.012074731864032262,-0.007547123966047284,-0.0023684013913608864,0.007161176012913827,0.0075532114667696834,0.004526586608274508,-0.004139574537128364,0.004743812713099083,0.0032210631583237726,-0.0012594706387668827,-0.012449496234479397,-0.0035127109486392475,-0.0017105243625160746,0.0007211034276557893,-0.004234135095354523,0.004726010241375318,-0.007885887241623965,-0.00888217788163068,-0.006516974675273815,0.024545337544688284,0.0037504635284207975,0.005701724171764802,-0.0015743839782075648,0.010011793519382146,-0.0164974937557768,0.001989681811639197,0.008014399851173748,0.00014528857371340318,-0.0018015495453472868,-0.0018516667528977076,0.01462984491719414,-0.0110093994662751,-0.017733042491932922,0.010335276983920958,-0.016316674799345666,0.006493705802381086,0.017213397002233143,-0.0014159704666967673,-0.012074731864032262,0.0037504635284207975,0.05400911641656707,-0.008751854888555316,0.003572952749798894,-0.005989985285081478,-0.0007340112180709525,-0.02266598209040448,0.0023937780682513317,-0.009152116606199722,0.009811177218052965,-0.0004724530822307346,0.035527083838438514,0.0016769491965263218,0.009170720787307424,-0.0022047834696603515,-0.003063921290739764,-0.008236310110170801,0.0010805601783260474,-0.005443401107766159,-0.007547123966047284,0.005701724171764802,-0.008751854888555316,0.03181961263846829,-0.004799804437359367,0.0038981216302216735,-0.011225780041793096,0.010646748935768797,-0.0005807910770958897,0.0021173029208594683,-0.01228033845842319,0.004616789783745268,-0.0062837486879732205,-0.001861628067799916,0.0055796676359680985,0.0040415498755827515,0.016722286673682564,-0.0025771059990085878,0.0029143345888078395,-0.00936940598374699,-0.0023684013913608864,-0.0015743839782075648,0.003572952749798894,-0.004799804437359367,0.0326445792312674,-0.024052579935594325,0.0023786945817704424,-0.008121760783467862,-0.005294348848300467,-0.0048699838197572235,-0.001814334912153573,0.0007385098948589209,-0.0024645615888687867,0.01965971884061333,-0.00585573072679085,-0.00741328434849077,-0.008751246183441103,0.00040595177192800675,-0.01833467359250196,0.008680931766313332,0.007161176012913827,0.010011793519382146,-0.005989985285081478,0.0038981216302216735,-0.024052579935594325,0.059780454648499064,-0.01514182451618804,0.018777239837070275,0.01594983385696342,0.013032872848572115,0.0008341472238117036,0.0004285109154014666,0.006028646924333557,-0.03939495922077494,-0.005545127119769126,-0.0019265643449426187,-0.004141843011712147,-0.0018554918889980108,0.01872183495430718,0.01974657610165932,0.0075532114667696834,-0.0164974937557768,-0.0007340112180709525,-0.011225780041793096,0.0023786945817704424,-0.01514182451618804,0.04089060468145678,-0.006926903863259974,-0.010165530928208351,-0.005888484709081112,0.003255756846971198,0.0010932641168324131,-0.010826339891867286,0.014576561686517109,0.011295800964886065,-0.000839091100105662,0.00015207230174100767,-0.011186854070190263,-0.006749429660384287,0.0002822118123959905,0.004526586608274508,0.001989681811639197,-0.02266598209040448,0.010646748935768797,-0.008121760783467862,0.018777239837070275,-0.006926903863259974,0.038042641551485366,0.0019433377443903294,0.010667737624123602,-0.0158750064139149,0.001354130440749769,-0.023211781621293545,-0.01149288028289016,-0.00660917881967176,0.001714804799247308,-0.00010733505548461502,0.005634675262445493,-0.012844100049167985,-0.004686508422532743,-0.004139574537128364,0.008014399851173748,0.0023937780682513317,-0.0005807910770958897,-0.005294348848300467,0.01594983385696342,-0.010165530928208351,0.0019433377443903294,0.03511732445057206,0.004029789350334618,0.0015041339015606256,0.0031755707837140563,0.006968523876227099,-0.023196889693579588,-0.00417348784666977,-0.0033464129702846274,0.00625844770486025,-0.0003083690234279491,-0.014201684275673847,0.0011174849717240504,0.004743812713099083,0.00014528857371340318,-0.009152116606199722,0.0021173029208594683,-0.0048699838197572235,0.013032872848572115,-0.005888484709081112,0.010667737624123602,0.004029789350334618,0.0255429553986945,0.0008711545198096928,-0.001423468945505556,-0.0004674127895320737,-0.014226038445929413,-0.012470572701417593,0.000225093846839115,-0.0103809339413811,0.01225680436653878,-0.0038449182297367545,0.00021878013076457345,0.0032210631583237726,-0.0018015495453472868,0.009811177218052965,-0.01228033845842319,-0.001814334912153573,0.0008341472238117036,0.003255756846971198,-0.0158750064139149,0.0015041339015606256,0.0008711545198096928,0.03376835555470878,-0.008966258980221159,0.021549581750479628,-0.005655514377358305,0.002204132214915754,0.0023893347718212075,0.0060032449763813,-0.0035225216726979805,0.002845975787112603,0.003330398648820518,-0.0012594706387668827,-0.0018516667528977076,-0.0004724530822307346,0.004616789783745268,0.0007385098948589209,0.0004285109154014666,0.0010932641168324131,0.001354130440749769,0.0031755707837140563,-0.001423468945505556,-0.008966258980221159,0.02416245966681311,-0.00948740896814276,-0.009680584232657092,-0.031434707698681806,0.0011362118954649984,-0.005617248637655125,0.0255547862788603,-0.006679913758939645,-0.00481957272282294,-0.012449496234479397,0.01462984491719414,0.035527083838438514,-0.0062837486879732205,-0.0024645615888687867,0.006028646924333557,-0.010826339891867286,-0.023211781621293545,0.006968523876227099,-0.0004674127895320737,0.021549581750479628,-0.00948740896814276,0.07436534709480208,-0.012727022027294501,0.013439709966916234,0.0028836917871427484,-0.0018970937276510539,-0.0058202284004172915,0.02789002591378648,-0.006514844733566696,-0.0035127109486392475,-0.0110093994662751,0.0016769491965263218,-0.001861628067799916,0.01965971884061333,-0.03939495922077494,0.014576561686517109,-0.01149288028289016,-0.023196889693579588,-0.014226038445929413,-0.005655514377358305,-0.009680584232657092,-0.012727022027294501,0.07095531106984543
