0.027769809316159067,0.004023670509403441,0.007741023410745328,0.014779468041078086,0.007352425680185151,0.016579067879912396,0.0068981413681255925,0.013749853617457328,0.012529812941544927,0.008330656392132008,0.0047991550334501466,0.007471182150263864,0.00532668318218768,0.018945363871860153,0.014202947463958365,0.008455410880387633,0.0028860153866635554,0.011906236824597634,0.0006364000298844213,0.015352217424265418,0.004023670509403441,0.04814385656912987,-0.0039975513215980705,0.011576984187172804,-0.0029802633745472026,0.010470654709431322,-0.003921312908451498,-0.00016779493405248062,0.0024824987490010535,0.004823527521531881,0.0014010387318902152,-0.004307632950379061,0.011088853917552863,0.01633167156865664,0.025871025534183936,-0.007565657741440999,0.014118321763470163,0.009033278568525281,-0.00301617129221136,0.00903807924235362,0.007741023410745328,-0.0039975513215980705,0.021998347374970608,0.006075425207955339,0.00523636422871125,0.01435099986048951,0.0033709029449137114,0.007506292804488353,0.013823430780976044,0.0005710613980028539,0.01091764641478209,0.010715231015205086,0.0070553061379019285,0.011013295588549948,0.0009641089580968233,0.013012116259476736,-0.004128211323331084,0.009138037833835665,0.004179126984598299,0.00865175565958561,0.014779468041078086,0.011576984187172804,0.006075425207955339,0.029235635679121602,0.014273077631289856,0.0071824535560021975,0.0030545348715959658,0.011813201370197115,0.016249666078078328,0.006669274413869568,0.0016665771923623232,0.00797045368056993,0.002538866689190353,0.01580605248131505,0.011856528032493195,0.005809984041133065,0.005177549238881942,0.012862109408192587,0.008203642580979767,0.010411831555878104,0.007352425680185151,-0.0029802633745472026,0.00523636422871125,0.014273077631289856,0.03044392682881596,0.002372012752502253,0.0023337106783067997,0.00891793756891347,0.02304774204623678,0.0011999716836862606,-0.0005376516234446316,0.0016089984271452115,0.004551872092297153,0.006884743568608364,0.004778328622254432,0.009891861333629837,0.000988550233359683,0.007720797939384561,0.012351278302654919,0.01425815652090576,0.016579067879912396,0.010470654709431322,0.01435099986048951,0.0071824535560021975,0.002372012752502253,0.05077956010383967,0.0006056428135191289,0.014568981779566215,0.013092554596645933,0.013157448486109079,0.01350016053224607,0.015768807591841967,0.017367408555344632,0.03094545343615958,0.020356781155933458,0.015631606898518058,0.0011115932876920556,0.016018242985758324,0.006632158577365309,0.026601558815359937,0.0068981413681255925,-0.003921312908451498,0.0033709029449137114,0.0030545348715959658,0.0023337106783067997,0.0006056428135191289,0.031514874465786276,0.001566754737380987,0.0030706746671192347,0.0018478905507385492,0.004664667334046511,0.0056095531308377085,0.007685282204102066,0.011951881762324472,0.0007109372492054426,0.0035386610082424534,0.010228343276335813,0.0014975998892338414,0.0014666469447908008,0.009157170631738844,0.013749853617457328,-0.00016779493405248062,0.007506292804488353,0.011813201370197115,0.00891793756891347,0.014568981779566215,0.001566754737380987,0.039305099042144104,0.017890825697410823,0.005930339000955963,0.01023745953971027,0.00970748563439361,0.005747202061069852,0.017266097779725813,0.01201087327232403,0.00917181394737833,0.004872251032744782,0.015267842648111096,0.00234144389811763,0.019440111296028524,0.012529812941544927,0.0024824987490010535,0.013823430780976044,0.016249666078078328,0.02304774204623678,0.013092554596645933,0.0030706746671192347,0.017890825697410823,0.053356587763498206,-0.002491110442099912,0.00870570474923616,0.008186599458489745,0.011217837210961035,0.01364989126313158,0.01266135348839154,0.017576720074031573,0.005237328952007303,0.018129835309839006,0.020291328289607478,0.02535398697946619,0.008330656392132008,0.004823527521531881,0.0005710613980028539,0.006669274413869568,0.0011999716836862606,0.013157448486109079,0.0018478905507385492,0.005930339000955963,-0.002491110442099912,0.01818764016567847,0.0010880470783290962,0.005707515496818551,0.006843413273135587,0.018127763957527195,0.011335702761340022,0.005146352145927612,-0.0015375834188930042,0.003354863930049843,-0.00031153383869694513,0.01059567920021136,0.0047991550334501466,0.0014010387318902152,0.01091764641478209,0.0016665771923623232,-0.0005376516234446316,0.01350016053224607,0.004664667334046511,0.01023745953971027,0.00870570474923616,0.0010880470783290962,0.0351835564495173,0.009128477083254415,0.006470018181958881,0.010905701943237058,0.006435208829822694,0.012027095167086277,0.008518468214275356,0.012703888558679884,0.0012688478683521988,0.0014165191589659348,0.007471182150263864,-0.004307632950379061,0.010715231015205086,0.00797045368056993,0.0016089984271452115,0.015768807591841967,0.0056095531308377085,0.00970748563439361,0.008186599458489745,0.005707515496818551,0.009128477083254415,0.03012443945140137,0.004998706185544174,0.02360799588821077,0.002268105200546516,0.015499112060253215,-0.00024020887788455731,0.01019124730373754,0.0020235382649124414,0.01368580694507622,0.00532668318218768,0.011088853917552863,0.0070553061379019285,0.002538866689190353,0.004551872092297153,0.017367408555344632,0.007685282204102066,0.005747202061069852,0.011217837210961035,0.006843413273135587,0.006470018181958881,0.004998706185544174,0.023817690471720533,0.01566024027300383,0.013373880716385709,0.006862748064495449,0.0078870511112068,0.005285311126072087,0.0028310311574797757,0.01871231627705764,0.018945363871860153,0.01633167156865664,0.011013295588549948,0.01580605248131505,0.006884743568608364,0.03094545343615958,0.011951881762324472,0.017266097779725813,0.01364989126313158,0.018127763957527195,0.010905701943237058,0.02360799588821077,0.01566024027300383,0.059666399661900855,0.02333819228441833,0.0163792075121414,0.012954810528319004,0.016753338962141484,0.01276063560815073,0.030264195774444606,0.014202947463958365,0.025871025534183936,0.0009641089580968233,0.011856528032493195,0.004778328622254432,0.020356781155933458,0.0007109372492054426,0.01201087327232403,0.01266135348839154,0.011335702761340022,0.006435208829822694,0.002268105200546516,0.013373880716385709,0.02333819228441833,0.04161496278941937,0.0015420507241988898,0.011000885986530198,0.007740977973578198,-0.00052453474242681,0.020911164705726626,0.008455410880387633,-0.007565657741440999,0.013012116259476736,0.005809984041133065,0.009891861333629837,0.015631606898518058,0.0035386610082424534,0.00917181394737833,0.017576720074031573,0.005146352145927612,0.012027095167086277,0.015499112060253215,0.006862748064495449,0.0163792075121414,0.0015420507241988898,0.03404167546499278,-0.0008958280384334292,0.015123981821478847,0.013607397549414469,0.014493432605224045,0.0028860153866635554,0.014118321763470163,-0.004128211323331084,0.005177549238881942,0.000988550233359683,0.0011115932876920556,0.010228343276335813,0.004872251032744782,0.005237328952007303,-0.0015375834188930042,0.008518468214275356,-0.00024020887788455731,0.0078870511112068,0.012954810528319004,0.011000885986530198,-0.0008958280384334292,0.024859507489391933,0.00575708902495791,-0.005601616746084832,0.008965289047933311,0.011906236824597634,0.009033278568525281,0.009138037833835665,0.012862109408192587,0.007720797939384561,0.016018242985758324,0.0014975998892338414,0.015267842648111096,0.018129835309839006,0.003354863930049843,0.012703888558679884,0.01019124730373754,0.005285311126072087,0.016753338962141484,0.007740977973578198,0.015123981821478847,0.00575708902495791,0.038542818459825205,0.01037906102298966,0.013160390263860698,0.0006364000298844213,-0.00301617129221136,0.004179126984598299,0.008203642580979767,0.012351278302654919,0.006632158577365309,0.0014666469447908008,0.00234144389811763,0.020291328289607478,-0.00031153383869694513,0.0012688478683521988,0.0020235382649124414,0.0028310311574797757,0.01276063560815073,-0.00052453474242681,0.013607397549414469,-0.005601616746084832,0.01037906102298966,0.0357689066863718,0.010397844140344597,0.015352217424265418,0.00903807924235362,0.00865175565958561,0.010411831555878104,0.01425815652090576,0.026601558815359937,0.009157170631738844,0.019440111296028524,0.02535398697946619,0.01059567920021136,0.0014165191589659348,0.01368580694507622,0.01871231627705764,0.030264195774444606,0.020911164705726626,0.014493432605224045,0.008965289047933311,0.013160390263860698,0.010397844140344597,0.047867461362203136
0.04557549012333278,0.03193085461185882,0.043637515144804725,0.030306976524937083,0.020965617400412827,0.0005363522442861546,0.016911819836889275,0.023405542826089573,0.022037454207531653,0.047381279506614346,0.021058110381389942,0.03215096741096436,0.03250958462757537,0.025994991020369854,0.015625186957973256,0.012766322221830856,0.027974669573025274,0.0061571939254711425,0.01795924602187201,0.007253382653762744,0.03193085461185882,0.04663212464100176,0.05236959886955275,0.03129397260490288,0.027392746723151527,-0.0035418498181149062,0.02501187529985971,0.02542370450678197,0.0164792305577842,0.04898209107029445,0.02214756016718815,0.03082485897132907,0.03649008035367608,0.02746233028635364,0.011610368909465337,0.019094352066777245,0.0399204158915797,0.00782818482802702,0.020441565755698547,0.006142967320993635,0.043637515144804725,0.05236959886955275,0.10265925645855778,0.05022446792090944,0.0408264375205377,-0.018081234171865555,0.048055532457529804,0.020693365252730515,0.008652545111581322,0.0735452991920727,0.028978418907335556,0.04706774876204681,0.05981247233830049,0.03738971303705309,0.02711026209901327,0.02492925869648771,0.07753329027972235,-0.003011497162080259,0.026438545041974883,-0.0123119508122377,0.030306976524937083,0.03129397260490288,0.05022446792090944,0.07457096738046655,0.030119930642250527,-0.020583185737789077,0.015706243329882515,0.011007745746261864,0.03789147701065543,0.05439523706249656,0.026065710683711524,0.04914576818654255,0.03690796302616525,0.03492724954690031,0.01866769071071489,0.013365934975343602,0.042899517822152164,0.0017462699443461832,0.020880642863758576,0.01264349629344396,0.020965617400412827,0.027392746723151527,0.0408264375205377,0.030119930642250527,0.03304884502179711,-0.010433807683211019,0.014465193539584704,0.014132349137129494,0.00893590695108231,0.04089841392595388,0.018036296447322277,0.026099145537431607,0.02496875852252926,0.018008046203756012,0.007995213698135438,0.013539973625153263,0.0344064128239805,0.001922039204551956,0.015610983475085608,0.0026260099901257317,0.0005363522442861546,-0.0035418498181149062,-0.018081234171865555,-0.020583185737789077,-0.010433807683211019,0.03947040687588018,-0.024091290787233065,0.02033158025708523,0.013705885275985055,-0.008096737025200359,-0.010194026527355194,-0.009382967827066886,-0.012751132060541105,-0.001049633529817286,-0.01433160456746575,-0.0052439596016015735,-0.038670473144303975,0.008756937384729862,-0.006954105657271571,0.01980023249293086,0.016911819836889275,0.02501187529985971,0.048055532457529804,0.015706243329882515,0.014465193539584704,-0.024091290787233065,0.06899571814285506,0.000942391573248602,-0.0117755502393898,0.03102826020434217,0.028054300665679426,0.021094600528477676,0.04445513483881016,0.010249350565387118,0.017125868184925327,0.011067927667160514,0.06380045414019964,-0.005291049910624972,0.014668564809549865,-0.011984534621806417,0.023405542826089573,0.02542370450678197,0.020693365252730515,0.011007745746261864,0.014132349137129494,0.02033158025708523,0.000942391573248602,0.04860426892296459,0.02561906422025141,0.030979924211224617,0.01636267103565787,0.015267904895501195,0.021286678265502186,0.017210720586292298,0.0018998556275454472,0.013679300080826094,0.004064467677499357,0.020538302039040546,0.01231236907446654,0.025210748471437033,0.022037454207531653,0.0164792305577842,0.008652545111581322,0.03789147701065543,0.00893590695108231,0.013705885275985055,-0.0117755502393898,0.02561906422025141,0.06821933359135825,0.025553583043569014,0.012374263478336188,0.025714344453572728,0.019282581474329416,0.026891074428434438,0.00440906560482516,0.005413864465413485,-0.004521124730452656,0.019765322084126166,0.008076824388720902,0.03602578591914063,0.047381279506614346,0.04898209107029445,0.0735452991920727,0.05439523706249656,0.04089841392595388,-0.008096737025200359,0.03102826020434217,0.030979924211224617,0.025553583043569014,0.08428712061393356,0.03209327319528634,0.04814494762922765,0.05441479452628588,0.037151302062009714,0.0203070488039208,0.023383919350866686,0.05956805902955477,0.009963440261273408,0.03060989593510467,0.00700321407179166,0.021058110381389942,0.02214756016718815,0.028978418907335556,0.026065710683711524,0.018036296447322277,-0.010194026527355194,0.028054300665679426,0.01636267103565787,0.012374263478336188,0.03209327319528634,0.04547484874209343,0.024197674150441464,0.03473789224414976,0.014505166080950973,0.014299695026480706,0.01234397958630445,0.04148309894964499,0.011288872272125848,0.016495888071970166,0.012385755655046654,0.03215096741096436,0.03082485897132907,0.04706774876204681,0.04914576818654255,0.026099145537431607,-0.009382967827066886,0.021094600528477676,0.015267904895501195,0.025714344453572728,0.04814494762922765,0.024197674150441464,0.055817143151566356,0.03379618041056224,0.030987433846960195,0.017392719985953625,0.012258931281452612,0.03887249530496739,0.0018246207725302515,0.018325807651706008,0.011146503354823738,0.03250958462757537,0.03649008035367608,0.05981247233830049,0.03690796302616525,0.02496875852252926,-0.012751132060541105,0.04445513483881016,0.021286678265502186,0.019282581474329416,0.05441479452628588,0.03473789224414976,0.03379618041056224,0.06710482570170057,0.02579268765471841,0.021243103088492206,0.015762736586430362,0.061814730839667265,0.00785819074001155,0.019076739222635808,0.0036553620534556554,0.025994991020369854,0.02746233028635364,0.03738971303705309,0.03492724954690031,0.018008046203756012,-0.001049633529817286,0.010249350565387118,0.017210720586292298,0.026891074428434438,0.037151302062009714,0.014505166080950973,0.030987433846960195,0.02579268765471841,0.039524283488742,0.009111743940314223,0.013213867944817756,0.021321921178868698,0.004044694384261168,0.013681128949830531,0.012236322804910455,0.015625186957973256,0.011610368909465337,0.02711026209901327,0.01866769071071489,0.007995213698135438,-0.01433160456746575,0.017125868184925327,0.0018998556275454472,0.00440906560482516,0.0203070488039208,0.014299695026480706,0.017392719985953625,0.021243103088492206,0.009111743940314223,0.0248568219667078,0.004354232870293323,0.02458201369832732,-0.002474412269206596,0.008867472184836127,-0.004997780159079856,0.012766322221830856,0.019094352066777245,0.02492925869648771,0.013365934975343602,0.013539973625153263,-0.0052439596016015735,0.011067927667160514,0.013679300080826094,0.005413864465413485,0.023383919350866686,0.01234397958630445,0.012258931281452612,0.015762736586430362,0.013213867944817756,0.004354232870293323,0.0243279314693974,0.023298715943443134,0.0010980044347793417,0.011947221961869186,0.005183365374149714,0.027974669573025274,0.0399204158915797,0.07753329027972235,0.042899517822152164,0.0344064128239805,-0.038670473144303975,0.06380045414019964,0.004064467677499357,-0.004521124730452656,0.05956805902955477,0.04148309894964499,0.03887249530496739,0.061814730839667265,0.021321921178868698,0.02458201369832732,0.023298715943443134,0.10677893164493754,-0.006985795515365046,0.02715384124013902,-0.017034929487301273,0.0061571939254711425,0.00782818482802702,-0.003011497162080259,0.0017462699443461832,0.001922039204551956,0.008756937384729862,-0.005291049910624972,0.020538302039040546,0.019765322084126166,0.009963440261273408,0.011288872272125848,0.0018246207725302515,0.00785819074001155,0.004044694384261168,-0.002474412269206596,0.0010980044347793417,-0.006985795515365046,0.026673373354545404,0.0032035720773257773,0.019503055077771385,0.01795924602187201,0.020441565755698547,0.026438545041974883,0.020880642863758576,0.015610983475085608,-0.006954105657271571,0.014668564809549865,0.01231236907446654,0.008076824388720902,0.03060989593510467,0.016495888071970166,0.018325807651706008,0.019076739222635808,0.013681128949830531,0.008867472184836127,0.011947221961869186,0.02715384124013902,0.0032035720773257773,0.024538433413731804,0.0036671777244626554,0.007253382653762744,0.006142967320993635,-0.0123119508122377,0.01264349629344396,0.0026260099901257317,0.01980023249293086,-0.011984534621806417,0.025210748471437033,0.03602578591914063,0.00700321407179166,0.012385755655046654,0.011146503354823738,0.0036553620534556554,0.012236322804910455,-0.004997780159079856,0.005183365374149714,-0.017034929487301273,0.019503055077771385,0.0036671777244626554,0.05081839702334577
