0.02402612996476709,-0.0027730533042777204,0.005648744357998108,-0.008781998228550445,0.005083967143175274,0.0024958072622631674,0.00655813427644326,-0.011919566887523776,0.001904128041579541,0.0036853698089449943,-0.00782756437344959,-0.01151712928198375,-0.001392845412890945,0.010997145369022222,0.006385129360169336,0.005098030770323383,-0.005128334659727984,0.002885817340363422,-0.0002580420435025349,-0.0069720829071633055,-0.0027730533042777204,0.02645494608226042,-0.0003871549050030005,0.002375713004041422,0.0010017739827275808,-0.007249071238885505,0.0034002489382925147,-0.0024533235863550564,-0.0010473608003954576,0.0034335896821166842,-0.005299643594788169,0.0008153494127696444,-0.005831019387488397,0.0001666906587206866,0.003720183824299061,0.007603286582087565,0.0020553783759150544,-0.007380244281931261,-0.013425783147064618,0.0013820549737851814,0.005648744357998108,-0.0003871549050030005,0.04465078850479583,0.027089440350893133,-0.007634393432665617,0.02118126140773587,-0.011449371471878992,-0.013173179747292783,-0.011502360801580014,-0.0017667133696874131,-0.004155214632692573,-0.0005410741235870734,-0.003809557243527373,0.012385200154005675,-0.006886090247975453,-0.012736145181410249,-0.008361578357037743,-0.022046819142935214,-0.002471922834118901,0.01025919543438241,-0.008781998228550445,0.002375713004041422,0.027089440350893133,0.06060623474363922,-0.03536417868348636,0.020507385121194502,-0.007862260695685658,-0.00677346826534789,-0.013019437733273909,-0.006779819800722752,-0.0024526117404590035,0.012596035078416227,0.002323945257468879,0.01931176725715973,-0.014728010391405484,-0.01920114931546783,-0.00611581100738991,-0.00931302639135801,-0.0031755067711371323,-0.002864913092400994,0.005083967143175274,0.0010017739827275808,-0.007634393432665617,-0.03536417868348636,0.04107300565228211,-0.010746180128595188,-0.0013954129935181523,0.003523891599432833,0.002072628233190994,0.007054382840071583,-0.002556725586070794,-0.009612845817956489,-0.0012816477996384146,-0.013411819795884121,0.011905292009757727,0.00735168783388538,0.0038605979544007064,0.005289323602664948,0.004126908044067891,0.009826972238631364,0.0024958072622631674,-0.007249071238885505,0.02118126140773587,0.020507385121194502,-0.010746180128595188,0.035783927841025805,-0.011224744483753105,0.0026774260779045267,-0.010242474054780036,-0.006544326618055348,0.004293757942436433,-0.0024143790383713577,0.0037097636011669596,0.006420924737799569,-0.0028030052993126804,-0.013446048122446272,-0.006874382947822531,-0.012814083963724677,0.005642273163929586,0.005320224752015358,0.00655813427644326,0.0034002489382925147,-0.011449371471878992,-0.007862260695685658,-0.0013954129935181523,-0.011224744483753105,0.030823286390794128,-0.009835069631125277,0.00792812099917975,0.008118090818202408,-0.009219321895253915,-0.006997456488964901,0.0016533385888213544,0.00907058780088581,0.005352767274276037,0.011929054222860114,-0.00677241986518402,-0.0008602516797048134,-0.005137344898375605,-0.015050453780412358,-0.011919566887523776,-0.0024533235863550564,-0.013173179747292783,-0.00677346826534789,0.003523891599432833,0.0026774260779045267,-0.009835069631125277,0.03529010532391773,0.00460943434111246,-0.01030598771988462,0.014197776910251255,-0.00041796119560761984,0.006240316169159303,-0.019155609263635277,-0.002552847172456345,-0.0052406549343397175,0.007276764088755633,0.005294565110357275,0.006854163761422749,0.009811870236017105,0.001904128041579541,-0.0010473608003954576,-0.011502360801580014,-0.013019437733273909,0.002072628233190994,-0.010242474054780036,0.00792812099917975,0.00460943434111246,0.02519750596628989,-0.0017673968140612967,-0.0005863894033118911,-0.0039761638366043895,0.0034978550488593847,-0.004860260361817447,0.0042177467116831,0.0047474361819490555,0.0023073933497848483,0.009218060572326018,0.00025120752075031714,-0.002133737718776022,0.0036853698089449943,0.0034335896821166842,-0.0017667133696874131,-0.006779819800722752,0.007054382840071583,-0.006544326618055348,0.008118090818202408,-0.01030598771988462,-0.0017673968140612967,0.02327365251877694,-0.009759547729784608,-0.0008324454520100026,-0.0015766344482374456,0.004151567345808804,0.001929737231631002,0.007053994733057976,-0.0038027587109783867,0.0006228292313621766,-0.004460461132125735,-0.004927520562516821,-0.00782756437344959,-0.005299643594788169,-0.004155214632692573,-0.0024526117404590035,-0.002556725586070794,0.004293757942436433,-0.009219321895253915,0.014197776910251255,-0.0005863894033118911,-0.009759547729784608,0.025037487805698616,0.004339207094619435,0.0026050844087018117,-0.015453265446391154,-0.0033845641629596307,-0.007265458407560093,0.005930860077799027,0.004338285782406491,0.006227627964163162,0.006481490204323844,-0.01151712928198375,0.0008153494127696444,-0.0005410741235870734,0.012596035078416227,-0.009612845817956489,-0.0024143790383713577,-0.006997456488964901,-0.00041796119560761984,-0.0039761638366043895,-0.0008324454520100026,0.004339207094619435,0.03976714080695589,0.0003308633372050365,-0.006560661987448404,-0.007904861051604237,-0.008873306315291395,8.522391113188541e-5,0.007556178522069103,-0.006642735769494464,-0.0021034012007976354,-0.001392845412890945,-0.005831019387488397,-0.003809557243527373,0.002323945257468879,-0.0012816477996384146,0.0037097636011669596,0.0016533385888213544,0.006240316169159303,0.0034978550488593847,-0.0015766344482374456,0.0026050844087018117,0.0003308633372050365,0.019419006408685286,0.0011206872124597932,-0.004073708812721876,-0.005284458709091883,-0.0020408202184593036,0.005179658693862806,0.002026998806975011,-0.006594880525853853,0.010997145369022222,0.0001666906587206866,0.012385200154005675,0.01931176725715973,-0.013411819795884121,0.006420924737799569,0.00907058780088581,-0.019155609263635277,-0.004860260361817447,0.004151567345808804,-0.015453265446391154,-0.006560661987448404,0.0011206872124597932,0.03914778459340912,0.0001119437549464484,0.0015077982972186087,-0.014034111241456954,-0.009395064321197598,-0.0028171119984459745,-0.011520291944672752,0.006385129360169336,0.003720183824299061,-0.006886090247975453,-0.014728010391405484,0.011905292009757727,-0.0028030052993126804,0.005352767274276037,-0.002552847172456345,0.0042177467116831,0.001929737231631002,-0.0033845641629596307,-0.007904861051604237,-0.004073708812721876,0.0001119437549464484,0.017557317962090483,0.008292293544828844,-0.0003892077906665094,0.00025361610924121483,-0.0004771127841085342,5.8777579035855176e-5,0.005098030770323383,0.007603286582087565,-0.012736145181410249,-0.01920114931546783,0.00735168783388538,-0.013446048122446272,0.011929054222860114,-0.0052406549343397175,0.0047474361819490555,0.007053994733057976,-0.007265458407560093,-0.008873306315291395,-0.005284458709091883,0.0015077982972186087,0.008292293544828844,0.033104339689400006,0.00312607314772078,-0.001473683218115782,-0.004076611237830385,-0.009559964992649803,-0.005128334659727984,0.0020553783759150544,-0.008361578357037743,-0.00611581100738991,0.0038605979544007064,-0.006874382947822531,-0.00677241986518402,0.007276764088755633,0.0023073933497848483,-0.0038027587109783867,0.005930860077799027,8.522391113188541e-5,-0.0020408202184593036,-0.014034111241456954,-0.0003892077906665094,0.00312607314772078,0.023463376064999725,0.00810917663956262,-0.0014801619478707212,0.0014912409351635252,0.002885817340363422,-0.007380244281931261,-0.022046819142935214,-0.00931302639135801,0.005289323602664948,-0.012814083963724677,-0.0008602516797048134,0.005294565110357275,0.009218060572326018,0.0006228292313621766,0.004338285782406491,0.007556178522069103,0.005179658693862806,-0.009395064321197598,0.00025361610924121483,-0.001473683218115782,0.00810917663956262,0.03335570219550171,-0.0018336993517480628,-0.011766024507145853,-0.0002580420435025349,-0.013425783147064618,-0.002471922834118901,-0.0031755067711371323,0.004126908044067891,0.005642273163929586,-0.005137344898375605,0.006854163761422749,0.00025120752075031714,-0.004460461132125735,0.006227627964163162,-0.006642735769494464,0.002026998806975011,-0.0028171119984459745,-0.0004771127841085342,-0.004076611237830385,-0.0014801619478707212,-0.0018336993517480628,0.021414787418663494,0.0025868632197307635,-0.0069720829071633055,0.0013820549737851814,0.01025919543438241,-0.002864913092400994,0.009826972238631364,0.005320224752015358,-0.015050453780412358,0.009811870236017105,-0.002133737718776022,-0.004927520562516821,0.006481490204323844,-0.0021034012007976354,-0.006594880525853853,-0.011520291944672752,5.8777579035855176e-5,-0.009559964992649803,0.0014912409351635252,-0.011766024507145853,0.0025868632197307635,0.03251681022617468
0.014806040856831822,0.0023674917956566363,0.0024170942832477775,-0.0062142669425441725,0.009288557315239716,-0.008043869172036061,0.003132435561592082,-0.0009919832147578071,0.0012649170278269325,0.00953274687630604,-0.0061367254154477595,-0.005633917821585871,-0.0037280094489655106,0.007433163752757196,-0.007412721447003116,-0.010541661205300553,-0.0068526188548239855,-0.006140077760466184,0.015870735078915017,-0.0017243827761555916,0.0023674917956566363,0.01262229433002841,0.0025018380052062345,-0.0038948013953483468,0.004109361556663605,-0.0024614388930241002,0.0006248488074609935,0.0016855075255695123,-0.0018954693093294844,0.004339561658560433,0.0005747418889503731,-0.004572216032030053,-0.0003157365669870565,0.0022209303730213754,-0.008859872059438164,-0.001381194234548302,-0.0018319996775531039,-0.0010885119606730848,0.004758497782332293,-0.0028148805406516446,0.0024170942832477775,0.0025018380052062345,0.01396931682573037,4.9114937160888204e-5,-0.0008228871639003462,0.003942067846244001,0.0016965821415454983,0.0030815771238490875,0.0001666222667407674,0.0015252260119119725,0.0012713883160937601,-0.0006749514757505848,-0.0025772558506537936,0.0008204853577634386,-0.005251067641581889,0.0038924373002052126,0.0023241657166402667,-0.00021056084298278472,1.3450826117526432e-7,-0.001010234316605011,-0.0062142669425441725,-0.0038948013953483468,4.9114937160888204e-5,0.016994114950643742,0.00012761398232458165,0.0037407320277260438,-0.007367035603928844,-0.003012905108752348,0.005805677606805788,-0.004580632698591889,0.0011840063664032689,0.004746288175698353,0.005441135763774854,-0.004667464877512157,0.012296728821266957,-0.0013029431768106304,0.004225088532662083,0.005084771897391038,-0.00759866998967578,0.0019478640862749849,0.009288557315239716,0.004109361556663605,-0.0008228871639003462,0.00012761398232458165,0.073312676645574,-0.04497136889292333,-0.009332061411970117,-0.012526350967173173,0.012717708417957451,0.03965327796292038,-0.02378121091510623,-0.027356192198211907,-0.0026361755722001242,0.03478675652021905,-0.03159153676171789,-0.05949181190195722,-0.020317702036231556,-0.0026552712182071557,0.07408850580942017,-0.022487197542745294,-0.008043869172036061,-0.0024614388930241002,0.003942067846244001,0.0037407320277260438,-0.04497136889292333,0.05874759723560469,0.0039024608722999887,0.010139849978257495,-0.008349358256884532,-0.0316154191280788,0.029404293744579257,0.01708404362913641,0.0027544416859514257,-0.027320690931785095,0.02120325676384185,0.05405969935176156,0.018877178561931315,0.005137158841757407,-0.06527633668340066,0.019307882526559714,0.003132435561592082,0.0006248488074609935,0.0016965821415454983,-0.007367035603928844,-0.009332061411970117,0.0039024608722999887,0.019686371410612125,0.006701243678854921,-0.007544671671141161,-0.0028447838416676315,0.005620417905757187,-0.0016781977704363508,-0.007836345158539242,-0.001023041446264348,-0.003482121667110238,0.01067918560359276,0.001693749728871133,-0.0028995791654174105,-0.004295137169396855,0.00035728198780575287,-0.0009919832147578071,0.0016855075255695123,0.0030815771238490875,-0.003012905108752348,-0.012526350967173173,0.010139849978257495,0.006701243678854921,0.015167171511446668,-0.002744455115325801,-0.003568446741791553,0.008035880053199343,0.004661882570839961,-0.0008639100570957332,-0.003958204861603086,-0.002698846200497088,0.01974159965834255,0.004086257310221098,-0.001096428281298569,-0.01504061565015586,0.0014545864778463301,0.0012649170278269325,-0.0018954693093294844,0.0001666222667407674,0.005805677606805788,0.012717708417957451,-0.008349358256884532,-0.007544671671141161,-0.002744455115325801,0.01293702369443542,0.0038363180423000307,-0.005294061504703929,-0.004685100817551673,0.0020057454839079655,0.00406006493561059,0.0018723705680896707,-0.014436097268819344,-0.0010141716405055355,0.002771567931037543,0.012674818184807056,-0.0056059634897347894,0.00953274687630604,0.004339561658560433,0.0015252260119119725,-0.004580632698591889,0.03965327796292038,-0.0316154191280788,-0.0028447838416676315,-0.003568446741791553,0.0038363180423000307,0.045011981549372485,-0.01736566096643475,-0.02034822175466914,-0.002329557794882437,0.027968038268119215,-0.03407223724270379,-0.040304464466910654,-0.01599289668515967,-0.009564789355312837,0.05601840245139966,-0.01830256794543069,-0.0061367254154477595,0.0005747418889503731,0.0012713883160937601,0.0011840063664032689,-0.02378121091510623,0.029404293744579257,0.005620417905757187,0.008035880053199343,-0.005294061504703929,-0.01736566096643475,0.03095963079044153,0.007854762360613027,0.0029702894097322413,-0.01375310771006807,0.004878795718055048,0.03809001715172948,0.010820550580991795,0.003414367578201894,-0.04075312505260328,0.009041520124282942,-0.005633917821585871,-0.004572216032030053,-0.0006749514757505848,0.004746288175698353,-0.027356192198211907,0.01708404362913641,-0.0016781977704363508,0.004661882570839961,-0.004685100817551673,-0.02034822175466914,0.007854762360613027,0.029339165129438245,0.0026505610482796954,-0.017338010307614067,0.022937646025709024,0.022779343267245938,0.009161551481217358,0.00272828390110823,-0.03650825040972461,0.010328325187881092,-0.0037280094489655106,-0.0003157365669870565,-0.0025772558506537936,0.005441135763774854,-0.0026361755722001242,0.0027544416859514257,-0.007836345158539242,-0.0008639100570957332,0.0020057454839079655,-0.002329557794882437,0.0029702894097322413,0.0026505610482796954,0.015619235484886869,-0.0028106087426352346,0.00554973072279777,0.002684903635187446,0.002531420018191063,0.005645725873246842,-0.0089060517614396,0.0015871422461149485,0.007433163752757196,0.0022209303730213754,0.0008204853577634386,-0.004667464877512157,0.03478675652021905,-0.027320690931785095,-0.001023041446264348,-0.003958204861603086,0.00406006493561059,0.027968038268119215,-0.01375310771006807,-0.017338010307614067,-0.0028106087426352346,0.03130098062293941,-0.028454276497091507,-0.03281801659845903,-0.013347107466691419,-0.005113997745082284,0.04667655270931978,-0.0160238920779332,-0.007412721447003116,-0.008859872059438164,-0.005251067641581889,0.012296728821266957,-0.03159153676171789,0.02120325676384185,-0.003482121667110238,-0.002698846200497088,0.0018723705680896707,-0.03407223724270379,0.004878795718055048,0.022937646025709024,0.00554973072279777,-0.028454276497091507,0.06352943512658654,0.020248340343044624,0.014243000904199544,0.010642435047559243,-0.04828681648012757,0.021171229147292345,-0.010541661205300553,-0.001381194234548302,0.0038924373002052126,-0.0013029431768106304,-0.05949181190195722,0.05405969935176156,0.01067918560359276,0.01974159965834255,-0.014436097268819344,-0.040304464466910654,0.03809001715172948,0.022779343267245938,0.002684903635187446,-0.03281801659845903,0.020248340343044624,0.0836821050666438,0.025193631399934406,0.006903089658091581,-0.08341458458835925,0.01618206646073981,-0.0068526188548239855,-0.0018319996775531039,0.0023241657166402667,0.004225088532662083,-0.020317702036231556,0.018877178561931315,0.001693749728871133,0.004086257310221098,-0.0010141716405055355,-0.01599289668515967,0.010820550580991795,0.009161551481217358,0.002531420018191063,-0.013347107466691419,0.014243000904199544,0.025193631399934406,0.01909269621207712,0.0044540464447356334,-0.02918727121534123,0.009283576675288873,-0.006140077760466184,-0.0010885119606730848,-0.00021056084298278472,0.005084771897391038,-0.0026552712182071557,0.005137158841757407,-0.0028995791654174105,-0.001096428281298569,0.002771567931037543,-0.009564789355312837,0.003414367578201894,0.00272828390110823,0.005645725873246842,-0.005113997745082284,0.010642435047559243,0.006903089658091581,0.0044540464447356334,0.017262618515677897,-0.011379665241619673,-0.00013942565525963454,0.015870735078915017,0.004758497782332293,1.3450826117526432e-7,-0.00759866998967578,0.07408850580942017,-0.06527633668340066,-0.004295137169396855,-0.01504061565015586,0.012674818184807056,0.05601840245139966,-0.04075312505260328,-0.03650825040972461,-0.0089060517614396,0.04667655270931978,-0.04828681648012757,-0.08341458458835925,-0.02918727121534123,-0.011379665241619673,0.1139318692392851,-0.02787062572936161,-0.0017243827761555916,-0.0028148805406516446,-0.001010234316605011,0.0019478640862749849,-0.022487197542745294,0.019307882526559714,0.00035728198780575287,0.0014545864778463301,-0.0056059634897347894,-0.01830256794543069,0.009041520124282942,0.010328325187881092,0.0015871422461149485,-0.0160238920779332,0.021171229147292345,0.01618206646073981,0.009283576675288873,-0.00013942565525963454,-0.02787062572936161,0.024607828471182536
