0.039066631108983035,0.0050046922346122825,-0.008374720710837448,0.007706823417836952,0.00809022149432248,-0.010990754737539086,-0.0006507989397525364,-0.010502329879677013,-0.018628582209236126,0.0028522254420999763,0.0050197696541284115,-0.010177468736264947,-0.011436225633618591,-0.017300978375842137,0.01132263538837784,0.0012504552417255366,0.01060100394931304,0.003308432185102401,0.006685343135915657,0.01558849428985167,0.0050046922346122825,0.04875199684838094,-0.01011275447025713,0.0020151588239064894,-0.0039390994743061375,-0.01005722489670593,-0.002595128214927284,-0.003759036568217159,-0.002548506805417123,-0.0063293624281770215,-0.00031461397896796,0.005249476059994724,-0.0032622040381592088,-0.020101224764797355,0.009296800088893057,-0.00814000613856602,0.005640857772749281,0.011225237798226796,0.009832657716575413,0.01521699238301525,-0.008374720710837448,-0.01011275447025713,0.047706419669930125,0.01023428002152466,0.002639312527168888,-0.024975135441744897,-0.005685234855737021,-0.011611701480264799,0.04031023161628061,0.006566982124491732,0.005460534419976001,0.005516979504045292,-0.0012817088639897711,-0.006322007002715083,-0.004251771033770712,0.0037927488208930778,0.0086828369847763,-0.0031353570448614345,-0.008048967756277881,-0.011380602169554251,0.007706823417836952,0.0020151588239064894,0.01023428002152466,0.07801411901653252,0.02215646176956563,-0.028234901644863843,-0.0016524102707537922,0.0017319699797222875,-0.004260057788671634,0.018556181316875718,-0.00955820448413551,-0.001070004880554843,-0.006412661561090565,-0.03670094440913289,-0.013494315188163688,-0.014840818805073128,0.021885909962476104,0.0048273194511578845,0.004265999764182366,-0.02630437932455295,0.00809022149432248,-0.0039390994743061375,0.002639312527168888,0.02215646176956563,0.04684646312059292,0.014237906703777822,-0.0036986621963733994,0.02595254600623692,-0.039441872169043074,0.007532594009598605,-0.007850276018383182,-0.0053374691938324415,-0.006499742414758026,-0.004468469186918063,0.006207945574531596,-0.005694552741397903,0.009158138664806184,-0.006076864705995885,0.006198926963247026,-0.020551484088360703,-0.010990754737539086,-0.01005722489670593,-0.024975135441744897,-0.028234901644863843,0.014237906703777822,0.08334599869075426,0.0008320301817829258,0.03371007692483542,-0.03890982554906085,-0.014351869058334504,-0.0005382425686273872,-0.005768507717075203,0.006679741135232349,0.03714409119636822,-0.0019096162618642294,0.011852165646503529,-0.0159373095084039,-0.00012904574167894091,-0.005264970602901456,-0.015247432749834968,-0.0006507989397525364,-0.002595128214927284,-0.005685234855737021,-0.0016524102707537922,-0.0036986621963733994,0.0008320301817829258,0.03443161713723656,-0.0039896826986464936,0.007982123499808168,-0.004501187385904398,-0.004656985854045045,0.005715456178009741,0.0069454735633634225,0.016879252775694777,-0.009285691453548284,-0.005403988150739735,-0.006923511082149569,-0.004140800458111452,0.000523643319809311,-0.0038123036276920307,-0.010502329879677013,-0.003759036568217159,-0.011611701480264799,0.0017319699797222875,0.02595254600623692,0.03371007692483542,-0.0039896826986464936,0.06525399478245206,-0.031522625122429,-0.002044280419018777,-0.019835949686422237,-0.0014539331490798502,-0.005428883710428772,0.021327740537597506,-0.005588122250750617,0.014829588856349558,0.004688990100143211,-0.010005667715818591,0.002592651149805916,-0.025233755984403687,-0.018628582209236126,-0.002548506805417123,0.04031023161628061,-0.004260057788671634,-0.039441872169043074,-0.03890982554906085,0.007982123499808168,-0.031522625122429,0.1510150211769509,0.002326666638210936,-0.002436694964205644,0.0029175869909990326,0.024576726325314237,0.03210832751350888,-0.02824884355243,-0.021477339158761287,-0.00820561168635685,-0.01053654376116707,-0.0268076989962804,0.0029885684725708614,0.0028522254420999763,-0.0063293624281770215,0.006566982124491732,0.018556181316875718,0.007532594009598605,-0.014351869058334504,-0.004501187385904398,-0.002044280419018777,0.002326666638210936,0.029423687029939805,-0.002260656340402984,-0.00596080975946439,-0.0017397305485203718,-0.016769751377297873,0.0006888700474871202,-0.003446311244600227,0.008693490541311757,0.0005144086014243745,0.008649208825746608,-0.007030564119576543,0.0050197696541284115,-0.00031461397896796,0.005460534419976001,-0.00955820448413551,-0.007850276018383182,-0.0005382425686273872,-0.004656985854045045,-0.019835949686422237,-0.002436694964205644,-0.002260656340402984,0.033435671497688925,0.004865831676895087,-0.002861550955157504,-0.013074004717869712,0.010418073665674297,-0.0019737431548556474,-0.0034953030147348426,0.001019383465915981,-0.0037680591915135618,0.014530712007295405,-0.010177468736264947,0.005249476059994724,0.005516979504045292,-0.001070004880554843,-0.0053374691938324415,-0.005768507717075203,0.005715456178009741,-0.0014539331490798502,0.0029175869909990326,-0.00596080975946439,0.004865831676895087,0.04265321828636523,-0.000110964853753748,-0.015744023136247245,-0.00660194403135316,-0.003722830128063794,0.0008620486588457107,0.0006311279928590582,0.007938703391161758,-0.00878745919239786,-0.011436225633618591,-0.0032622040381592088,-0.0012817088639897711,-0.006412661561090565,-0.006499742414758026,0.006679741135232349,0.0069454735633634225,-0.005428883710428772,0.024576726325314237,-0.0017397305485203718,-0.002861550955157504,-0.000110964853753748,0.029804964460856585,0.027977507607937574,-0.007372792007770142,-0.014072695877012723,-0.013781904333560602,-0.011923604205116234,-0.013390327535530468,-0.0013510451044078304,-0.017300978375842137,-0.020101224764797355,-0.006322007002715083,-0.03670094440913289,-0.004468469186918063,0.03714409119636822,0.016879252775694777,0.021327740537597506,0.03210832751350888,-0.016769751377297873,-0.013074004717869712,-0.015744023136247245,0.027977507607937574,0.11566515664090667,-0.005460815405175583,0.0069833389023708295,-0.040387775018578945,-0.03999171331902561,-0.04752503291556581,0.011840117475393123,0.01132263538837784,0.009296800088893057,-0.004251771033770712,-0.013494315188163688,0.006207945574531596,-0.0019096162618642294,-0.009285691453548284,-0.005588122250750617,-0.02824884355243,0.0006888700474871202,0.010418073665674297,-0.00660194403135316,-0.007372792007770142,-0.005460815405175583,0.04361217918604271,0.007007851633043195,0.002455429843493099,-0.0012202723191840437,0.006350481759494568,0.021369932047383453,0.0012504552417255366,-0.00814000613856602,0.0037927488208930778,-0.014840818805073128,-0.005694552741397903,0.011852165646503529,-0.005403988150739735,0.014829588856349558,-0.021477339158761287,-0.003446311244600227,-0.0019737431548556474,-0.003722830128063794,-0.014072695877012723,0.0069833389023708295,0.007007851633043195,0.049605072398728585,-0.013945880652341348,0.011961895554481891,-0.011988182843059532,0.0015383249055672275,0.01060100394931304,0.005640857772749281,0.0086828369847763,0.021885909962476104,0.009158138664806184,-0.0159373095084039,-0.006923511082149569,0.004688990100143211,-0.00820561168635685,0.008693490541311757,-0.0034953030147348426,0.0008620486588457107,-0.013781904333560602,-0.040387775018578945,0.002455429843493099,-0.013945880652341348,0.045634273423944376,-0.002842482579799206,0.020859057509718542,-0.01708217140841819,0.003308432185102401,0.011225237798226796,-0.0031353570448614345,0.0048273194511578845,-0.006076864705995885,-0.00012904574167894091,-0.004140800458111452,-0.010005667715818591,-0.01053654376116707,0.0005144086014243745,0.001019383465915981,0.0006311279928590582,-0.011923604205116234,-0.03999171331902561,-0.0012202723191840437,0.011961895554481891,-0.002842482579799206,0.05887079357978296,0.017398066925565843,-0.004353164472959288,0.006685343135915657,0.009832657716575413,-0.008048967756277881,0.004265999764182366,0.006198926963247026,-0.005264970602901456,0.000523643319809311,0.002592651149805916,-0.0268076989962804,0.008649208825746608,-0.0037680591915135618,0.007938703391161758,-0.013390327535530468,-0.04752503291556581,0.006350481759494568,-0.011988182843059532,0.020859057509718542,0.017398066925565843,0.06272740236781137,-0.01013954406081812,0.01558849428985167,0.01521699238301525,-0.011380602169554251,-0.02630437932455295,-0.020551484088360703,-0.015247432749834968,-0.0038123036276920307,-0.025233755984403687,0.0029885684725708614,-0.007030564119576543,0.014530712007295405,-0.00878745919239786,-0.0013510451044078304,0.011840117475393123,0.021369932047383453,0.0015383249055672275,-0.01708217140841819,-0.004353164472959288,-0.01013954406081812,0.06428566703425642
0.04522575051303511,-0.0026380392087742843,-0.0074021946034433265,-0.00836509262264806,0.011428108492842655,0.014505594997193177,0.006113648200898711,-0.0029077746328011293,0.006307960480306369,-0.018236300553635575,0.008138344840688348,-0.019646694860702953,-0.005103594672585731,-0.026955073983525604,8.616955870316097e-5,0.0020372902991885717,0.01650101765001122,-0.005281821961619882,-0.002612389378519056,-0.001614019918345172,-0.0026380392087742843,0.06311251934717649,-0.042758437978376265,0.025718721567311396,0.02213278421027174,-0.03838330014582495,0.013725411521089751,0.006693304744544104,-0.057190799858795105,0.030483802468059797,-0.03332906151266682,0.044635685038769406,-0.010726022334888506,-0.049688433400901635,-0.004641655493177525,-0.06146834821590738,0.012831030365277735,0.02059763833431444,0.04114426460641767,0.05311381006249792,-0.0074021946034433265,-0.042758437978376265,0.10882934729978869,-0.04077405290936363,-0.06988076730542121,0.020772068837481943,-0.01492960887871477,-0.06267840332881411,0.10203259272723586,-0.03760430177482422,0.0412127931860026,-0.04333938292009008,0.012538413534867811,0.09297670495149275,-0.0009843095703364227,0.12310745954110255,-0.03171761466087324,-0.03721132759627409,-0.058736514567005065,-0.09175994395331469,-0.00836509262264806,0.025718721567311396,-0.04077405290936363,0.06446580493648006,0.050656567714171735,-0.046722353960436364,0.01699058646060892,0.024394861264394746,-0.03611243173585162,0.033432728333235316,-0.037149569107943745,0.046011629981751734,-0.0004523197931065796,-0.07521223252443793,-0.014094663178690094,-0.0929124772453441,0.026148589610333346,0.008133094146792315,0.04464273509091521,0.03721957386403483,0.011428108492842655,0.02213278421027174,-0.06988076730542121,0.050656567714171735,0.13595491452080155,-0.01798164692204919,0.022336304784774233,0.055701140100202426,-0.026856335757470973,0.023709819897269488,-0.046020917655068855,0.055538592997383784,-0.014289801437728684,-0.18138781238957033,-0.02019495840251829,-0.1850465959728922,0.07128931639911762,0.01645047128481391,0.08404726896011414,0.057751992688457085,0.014505594997193177,-0.03838330014582495,0.020772068837481943,-0.046722353960436364,-0.01798164692204919,0.15649319291546956,-0.028360666173485795,0.047147461894537813,-0.021438877704634113,-0.06167186096664129,0.031277353939164976,-0.048103048740995254,0.0018210807339221772,0.0797613801016307,-0.02000788035339957,0.11249880136907231,-0.008975548467679072,-0.017232394290051155,-0.05862683629559285,-0.0633473231264039,0.006113648200898711,0.013725411521089751,-0.01492960887871477,0.01699058646060892,0.022336304784774233,-0.028360666173485795,0.03660993577313956,0.002502636695764747,-0.011922492036466626,0.01293494558477022,-0.015510399636209891,0.017660441617522053,-0.005538576153204172,-0.04249921236938979,-0.009031553123155924,-0.0403742794384996,0.02199125937115958,0.005005013516901826,0.02764489586289992,0.015388545111949065,-0.0029077746328011293,0.006693304744544104,-0.06267840332881411,0.024394861264394746,0.055701140100202426,0.047147461894537813,0.002502636695764747,0.10754796471916298,-0.08395626215818613,0.006789832268529677,-0.026806442162600606,0.019485882434570036,-0.0028408233940453676,-0.03441083793386612,-0.026220205492012504,-0.042818228959392336,0.02637323779295711,0.01630511331238091,0.026199183703471386,0.028880187621054425,0.006307960480306369,-0.057190799858795105,0.10203259272723586,-0.03611243173585162,-0.026856335757470973,-0.021438877704634113,-0.011922492036466626,-0.08395626215818613,0.264395142467033,-0.008982496449995204,0.019233295988090832,-0.04277514482115083,0.008500560263614813,-0.0011458958316805028,-0.039756341844767035,-0.000516472404003732,-0.008358369094590997,-0.032790763060332365,-0.006514714939421856,-0.07624107674751159,-0.018236300553635575,0.030483802468059797,-0.03760430177482422,0.033432728333235316,0.023709819897269488,-0.06167186096664129,0.01293494558477022,0.006789832268529677,-0.008982496449995204,0.08229188165314748,-0.045359238198309046,0.0383213190103399,0.004827144523699131,-0.047810311545482806,-9.477066843151596e-5,-0.09146799727432287,0.01913658609994172,0.02008372984733215,0.04200109813941707,0.07897591375719591,0.008138344840688348,-0.03332906151266682,0.0412127931860026,-0.037149569107943745,-0.046020917655068855,0.031277353939164976,-0.015510399636209891,-0.026806442162600606,0.019233295988090832,-0.045359238198309046,0.05816828100257869,-0.04240862447838787,-0.0013090725864779874,0.07016445903787785,0.027389497535948472,0.091050847921119,-0.0281311968241717,-0.018618174976508584,-0.05033585775401206,-0.04968588701315084,-0.019646694860702953,0.044635685038769406,-0.04333938292009008,0.046011629981751734,0.055538592997383784,-0.048103048740995254,0.017660441617522053,0.019485882434570036,-0.04277514482115083,0.0383213190103399,-0.04240862447838787,0.08590866399833828,-0.001049066289013932,-0.09071230056952462,-0.016443909311832223,-0.10974652649676805,0.018196890437388206,0.01940581524352457,0.05459595566383109,0.057463653574757474,-0.005103594672585731,-0.010726022334888506,0.012538413534867811,-0.0004523197931065796,-0.014289801437728684,0.0018210807339221772,-0.005538576153204172,-0.0028408233940453676,0.008500560263614813,0.004827144523699131,-0.0013090725864779874,-0.001049066289013932,0.02732383351387225,0.022991905446583076,0.00859191635552888,0.018757231291624335,-0.007139701777606509,-0.012931510475577345,-0.021826804053449556,-0.0019734700566790674,-0.026955073983525604,-0.049688433400901635,0.09297670495149275,-0.07521223252443793,-0.18138781238957033,0.0797613801016307,-0.04249921236938979,-0.03441083793386612,-0.0011458958316805028,-0.047810311545482806,0.07016445903787785,-0.09071230056952462,0.022991905446583076,0.3105401675442251,0.03170232774963706,0.2963065240921433,-0.1147078299822596,-0.031298417953335184,-0.15623877493583957,-0.09401681192079127,8.616955870316097e-5,-0.004641655493177525,-0.0009843095703364227,-0.014094663178690094,-0.02019495840251829,-0.02000788035339957,-0.009031553123155924,-0.026220205492012504,-0.039756341844767035,-9.477066843151596e-5,0.027389497535948472,-0.016443909311832223,0.00859191635552888,0.03170232774963706,0.07793837930085754,0.032582107686806666,-0.00925801562317033,-0.011415935038517379,-0.04427178955258734,0.028655442942748483,0.0020372902991885717,-0.06146834821590738,0.12310745954110255,-0.0929124772453441,-0.1850465959728922,0.11249880136907231,-0.0403742794384996,-0.042818228959392336,-0.000516472404003732,-0.09146799727432287,0.091050847921119,-0.10974652649676805,0.018757231291624335,0.2963065240921433,0.032582107686806666,0.3664834718406641,-0.11429358663640349,-0.04872064616947541,-0.18090919897636942,-0.14437434627060403,0.01650101765001122,0.012831030365277735,-0.03171761466087324,0.026148589610333346,0.07128931639911762,-0.008975548467679072,0.02199125937115958,0.02637323779295711,-0.008358369094590997,0.01913658609994172,-0.0281311968241717,0.018196890437388206,-0.007139701777606509,-0.1147078299822596,-0.00925801562317033,-0.11429358663640349,0.08072719358144007,0.004631529612894549,0.056358601626581004,0.03646902435024686,-0.005281821961619882,0.02059763833431444,-0.03721132759627409,0.008133094146792315,0.01645047128481391,-0.017232394290051155,0.005005013516901826,0.01630511331238091,-0.032790763060332365,0.02008372984733215,-0.018618174976508584,0.01940581524352457,-0.012931510475577345,-0.031298417953335184,-0.011415935038517379,-0.04872064616947541,0.004631529612894549,0.050165017060129734,0.04998762264855097,0.029681060815445366,-0.002612389378519056,0.04114426460641767,-0.058736514567005065,0.04464273509091521,0.08404726896011414,-0.05862683629559285,0.02764489586289992,0.026199183703471386,-0.006514714939421856,0.04200109813941707,-0.05033585775401206,0.05459595566383109,-0.021826804053449556,-0.15623877493583957,-0.04427178955258734,-0.18090919897636942,0.056358601626581004,0.04998762264855097,0.14592365667292326,0.051175644931572825,-0.001614019918345172,0.05311381006249792,-0.09175994395331469,0.03721957386403483,0.057751992688457085,-0.0633473231264039,0.015388545111949065,0.028880187621054425,-0.07624107674751159,0.07897591375719591,-0.04968588701315084,0.057463653574757474,-0.0019734700566790674,-0.09401681192079127,0.028655442942748483,-0.14437434627060403,0.03646902435024686,0.029681060815445366,0.051175644931572825,0.15809386664544145
0.043377545077184304,0.011082902247811806,-0.022441661401705736,0.020314141900474012,0.039674778165685085,0.014182069110357966,-0.008900265773135876,-0.03304432306429256,0.03673225902753629,-0.013296235086341115,0.00954400019228124,0.035130214483680686,0.028510144253986187,-0.06441791329887625,-0.022832223259029755,0.011461174710647538,-0.008235743514400894,-0.014067441796399446,0.002244898921241045,0.050135089204754166,0.011082902247811806,0.08332929337834283,0.021310520307050353,0.03585686836893151,0.06483795122471145,-0.00721311630954548,-0.038888565172274944,-0.0004329997841650431,-0.007915499410622695,0.023795534530328545,-0.0030791441031308977,0.031070262654912167,0.032451195491295826,-0.07147776022668206,-0.016257851684135932,-0.02525622818173351,-0.010665643238315044,-0.004332273671997858,0.009617209660016023,0.010946362268205303,-0.022441661401705736,0.021310520307050353,0.07429365130417466,0.0006395314395962863,0.01799354883295988,-0.023167737843474076,-0.018063659530885658,0.050890322117816036,-0.03167125670353668,0.038299821368750195,-0.002156500037148198,0.005182408661972131,0.009980242623143912,0.03918183266882737,0.039021891103945786,-0.06918044241758456,0.014958965263711325,-0.0006433553439555194,-0.0016605381122922734,-0.04662404802845551,0.020314141900474012,0.03585686836893151,0.0006395314395962863,0.05424608037342503,0.049741521729373975,0.011461728488948466,-0.02425633847354847,-0.023764907843998102,0.03919961725124314,-0.0024813647031168176,-0.0004443257906146992,0.03340389359294613,0.02986327699493961,-0.0862631196819846,-0.03341040290229129,-0.02168841776049414,-0.005912744882413356,-0.007725869771634446,0.004797687506349698,0.029881336426045537,0.039674778165685085,0.06483795122471145,0.01799354883295988,0.049741521729373975,0.1362719812381866,-0.004348218908423575,-0.0628272996262374,-0.0036175356739168796,0.025121920023878384,0.015681805480324655,0.010007075595429325,0.07480300429674579,0.08670215707438439,-0.11705171903309541,-0.006781722929409357,-0.06022059961792754,-0.008951302643977843,-0.02217191577214679,-0.0076351457521971824,0.04215656742716606,0.014182069110357966,-0.00721311630954548,-0.023167737843474076,0.011461728488948466,-0.004348218908423575,0.04052634390634397,0.010176023990320013,-0.0425405245611012,0.03398013910586405,-0.01611632375188984,-0.01125320606327996,0.0010607580948864244,0.000607410514410786,-0.042408504806022075,-0.03513239278698237,0.0313901360284328,-0.0019460005663725997,0.014896933522551017,0.020682450493476806,0.01257964685921539,-0.008900265773135876,-0.038888565172274944,-0.018063659530885658,-0.02425633847354847,-0.0628272996262374,0.010176023990320013,0.06844316237482871,-0.002971170551206753,0.0017170768754552577,-0.0005023408826326601,-0.007707202507448605,-0.03453905836870154,-0.02417131287265613,0.06493249589884348,0.01944168705531948,0.029503668193603137,0.023757525194496372,0.020696286020051427,0.018422611690805703,-0.014356029691586787,-0.03304432306429256,-0.0004329997841650431,0.050890322117816036,-0.023764907843998102,-0.0036175356739168796,-0.0425405245611012,-0.002971170551206753,0.13260801728204263,-0.06481846822636039,0.0432016791735905,0.008596930185971276,-0.02230630506110124,0.015513767057659621,0.09934946068522468,0.07631430021105515,-0.07507691467605483,0.019009207157560458,-0.00848309432861513,-0.035400980558957476,-0.06599848433900204,0.03673225902753629,-0.007915499410622695,-0.03167125670353668,0.03919961725124314,0.025121920023878384,0.03398013910586405,0.0017170768754552577,-0.06481846822636039,0.10811532269155387,-0.02872573836125472,0.016117847510509625,0.04576944143089349,0.021942547466668752,-0.09165291617198522,-0.051856627696690805,0.00898778241906898,-0.00819693104256613,-0.00998516895664486,-5.138890083532981e-5,0.05869250314558441,-0.013296235086341115,0.023795534530328545,0.038299821368750195,-0.0024813647031168176,0.015681805480324655,-0.01611632375188984,-0.0005023408826326601,0.0432016791735905,-0.02872573836125472,0.05562307487420877,0.0024645793643834927,0.00347579184721087,0.021968206210145596,0.033994395935912226,0.0396242628436085,-0.042168146518128675,0.016294880025747874,0.005912254394497451,0.008013348299128264,-0.03378371927683762,0.00954400019228124,-0.0030791441031308977,-0.002156500037148198,-0.0004443257906146992,0.010007075595429325,-0.01125320606327996,-0.007707202507448605,0.008596930185971276,0.016117847510509625,0.0024645793643834927,0.05343894078212546,0.02356079762178826,-0.0009200476711023406,-0.007970935433401277,-0.006747816114955939,0.0064964822468188054,-0.0184177152199126,-0.016838719890581312,-0.03697627990727491,0.015914909536450743,0.035130214483680686,0.031070262654912167,0.005182408661972131,0.03340389359294613,0.07480300429674579,0.0010607580948864244,-0.03453905836870154,-0.02230630506110124,0.04576944143089349,0.00347579184721087,0.02356079762178826,0.07633754015428612,0.049932082923554014,-0.0813726447727609,-0.018371239553485852,-0.021801236274038873,-0.013719964685611978,-0.01927623072680565,-0.013456974921359943,0.040163307270827425,0.028510144253986187,0.032451195491295826,0.009980242623143912,0.02986327699493961,0.08670215707438439,0.000607410514410786,-0.02417131287265613,0.015513767057659621,0.021942547466668752,0.021968206210145596,-0.0009200476711023406,0.049932082923554014,0.10131724309672982,-0.06144210816434849,0.02328299043954732,-0.06491340255178976,0.013870482512161057,-0.007888283656285513,0.004106987206516215,0.019759256167164944,-0.06441791329887625,-0.07147776022668206,0.03918183266882737,-0.0862631196819846,-0.11705171903309541,-0.042408504806022075,0.06493249589884348,0.09934946068522468,-0.09165291617198522,0.033994395935912226,-0.007970935433401277,-0.0813726447727609,-0.06144210816434849,0.23459882328594955,0.10068383454870558,-0.008619909878982118,0.03215465662808892,0.026040513732140294,-0.008129677896569397,-0.10847973593198978,-0.022832223259029755,-0.016257851684135932,0.039021891103945786,-0.03341040290229129,-0.006781722929409357,-0.03513239278698237,0.01944168705531948,0.07631430021105515,-0.051856627696690805,0.0396242628436085,-0.006747816114955939,-0.018371239553485852,0.02328299043954732,0.10068383454870558,0.10376708469105417,-0.05958683987188587,0.03320043677980741,0.007798420221225171,-0.0007510511875529063,-0.05146706313439377,0.011461174710647538,-0.02525622818173351,-0.06918044241758456,-0.02168841776049414,-0.06022059961792754,0.0313901360284328,0.029503668193603137,-0.07507691467605483,0.00898778241906898,-0.042168146518128675,0.0064964822468188054,-0.021801236274038873,-0.06491340255178976,-0.008619909878982118,-0.05958683987188587,0.1564612000869191,-0.03390835635579505,0.013908033337355519,0.012935931987013333,0.03594097393167492,-0.008235743514400894,-0.010665643238315044,0.014958965263711325,-0.005912744882413356,-0.008951302643977843,-0.0019460005663725997,0.023757525194496372,0.019009207157560458,-0.00819693104256613,0.016294880025747874,-0.0184177152199126,-0.013719964685611978,0.013870482512161057,0.03215465662808892,0.03320043677980741,-0.03390835635579505,0.043169834822736494,0.012776510993353512,0.02355431224279577,-0.022709422921238877,-0.014067441796399446,-0.004332273671997858,-0.0006433553439555194,-0.007725869771634446,-0.02217191577214679,0.014896933522551017,0.020696286020051427,-0.00848309432861513,-0.00998516895664486,0.005912254394497451,-0.016838719890581312,-0.01927623072680565,-0.007888283656285513,0.026040513732140294,0.007798420221225171,0.013908033337355519,0.012776510993353512,0.042940779483347374,0.03304015051906263,-0.02108232133765584,0.002244898921241045,0.009617209660016023,-0.0016605381122922734,0.004797687506349698,-0.0076351457521971824,0.020682450493476806,0.018422611690805703,-0.035400980558957476,-5.138890083532981e-5,0.008013348299128264,-0.03697627990727491,-0.013456974921359943,0.004106987206516215,-0.008129677896569397,-0.0007510511875529063,0.012935931987013333,0.02355431224279577,0.03304015051906263,0.07998924996697522,-0.005036110410432289,0.050135089204754166,0.010946362268205303,-0.04662404802845551,0.029881336426045537,0.04215656742716606,0.01257964685921539,-0.014356029691586787,-0.06599848433900204,0.05869250314558441,-0.03378371927683762,0.015914909536450743,0.040163307270827425,0.019759256167164944,-0.10847973593198978,-0.05146706313439377,0.03594097393167492,-0.022709422921238877,-0.02108232133765584,-0.005036110410432289,0.11525301412992466
