0.054780094570036575,0.05018059075680182,0.06018414479751913,0.03882913635058867,0.03649021353182977,-0.008387582138596904,0.02979748113526267,0.031428188205568544,0.020827935806238686,0.06281046284217633,0.02675362381167489,0.03889036965754748,0.04312606319717427,0.03406820687318737,0.016387627267444242,0.01575600792742367,0.047987352912057885,0.00641597049054039,0.025319578497807693,0.004709127897781455,0.05018059075680182,0.06864781923690966,0.06566945202500214,0.044050972711671285,0.04503174874837065,-0.004969160290513197,0.03639074674903486,0.04074807426208575,0.029072509278351102,0.07114507646487675,0.035517339493577306,0.04068265012751799,0.05159386843218347,0.0353428130063202,0.016978034428374016,0.017240950278098514,0.0526696596280751,0.013950730418574822,0.030425009191063525,0.014595108138210074,0.06018414479751913,0.06566945202500214,0.135340666278984,0.07829482891229295,0.06489256589071711,-0.024640244866774925,0.054236391894412934,0.0217336105116286,0.018380671218311277,0.10291580365204231,0.024837869968693704,0.06623967998209025,0.07823992331452453,0.04550407435037354,0.023651123448416578,0.030874164021798187,0.096334637620673,-0.011030903960543854,0.03845647615435571,-0.010676870347179242,0.03882913635058867,0.044050972711671285,0.07829482891229295,0.08737684913704327,0.046459719560675156,-0.023440212721006198,0.027902907820615972,0.01016064181452126,0.045439509748314524,0.07892366226145534,0.025130354876392022,0.054036643691018446,0.05540328944059682,0.040709875286095515,0.019433786333297887,0.01768032641265142,0.05886853117728727,-0.00033324134629477255,0.034570060549044955,0.008971354298631296,0.03649021353182977,0.04503174874837065,0.06489256589071711,0.046459719560675156,0.05090915245122524,-0.009831431887299,0.02354218765202437,0.020061009087824412,0.021805839859857477,0.06657981875902587,0.021608700218071427,0.036851774984939516,0.040880265374409905,0.028548106651827013,0.00985464465432792,0.01895147450324066,0.043555269684292935,-0.00032711730625684923,0.026189291440215142,0.003139545016618852,-0.008387582138596904,-0.004969160290513197,-0.024640244866774925,-0.023440212721006198,-0.009831431887299,0.03408451415930555,-0.02307107264026658,0.01442027176697797,0.007390033305769431,-0.014819678785664606,-0.003767126486676397,-0.013190165670942874,-0.01865823486143184,-0.005920297503402389,-0.012079359502952558,-0.007163113183929254,-0.0379613394597877,0.007896835262562105,-0.010758434616729953,0.015503763010984144,0.02979748113526267,0.03639074674903486,0.054236391894412934,0.027902907820615972,0.02354218765202437,-0.02307107264026658,0.07451154149439979,0.015969947035879416,0.0035626310047334846,0.038530201381050684,0.03299937153499792,0.0364976621913365,0.05325450639639558,0.018268550880829924,0.0183033267458508,0.006092330610474702,0.07179853924453153,-0.002459622370907418,0.01790341978235279,-0.00038153000479099024,0.031428188205568544,0.04074807426208575,0.0217336105116286,0.01016064181452126,0.020061009087824412,0.01442027176697797,0.015969947035879416,0.0665819775400173,0.033657541146133244,0.032272960184095534,0.02976378232517233,0.013768925206825856,0.028330226346895332,0.016239754875834737,0.012852976753382888,0.009295138596907991,0.022087123702133667,0.026099922732739,0.020958580208937913,0.03534140192272219,0.020827935806238686,0.029072509278351102,0.018380671218311277,0.045439509748314524,0.021805839859857477,0.007390033305769431,0.0035626310047334846,0.033657541146133244,0.0740277444530177,0.038575177366397366,0.03261980412726914,0.025474193338242107,0.027732022919927768,0.02627544699583048,0.012571037307615822,0.009263051379378533,0.014974618362845787,0.02274615716338051,0.024372068135765444,0.04001925097823531,0.06281046284217633,0.07114507646487675,0.10291580365204231,0.07892366226145534,0.06657981875902587,-0.014819678785664606,0.038530201381050684,0.032272960184095534,0.038575177366397366,0.11354540400926408,0.034407229218532946,0.05933613653107296,0.06849046301417701,0.04960380569241142,0.020952887855915443,0.026192385518329413,0.07445845188248959,0.006634031476777877,0.04442581660591699,0.0043417558675890155,0.02675362381167489,0.035517339493577306,0.024837869968693704,0.025130354876392022,0.021608700218071427,-0.003767126486676397,0.03299937153499792,0.02976378232517233,0.03261980412726914,0.034407229218532946,0.06032152440845554,0.019790599559044074,0.03798825352522234,0.020220578128153595,0.021744706358241453,0.008507283991238151,0.03861150483321722,0.017967480321557896,0.02014712336034142,0.018611128962030665,0.03889036965754748,0.04068265012751799,0.06623967998209025,0.054036643691018446,0.036851774984939516,-0.013190165670942874,0.0364976621913365,0.013768925206825856,0.025474193338242107,0.05933613653107296,0.019790599559044074,0.06030736428404941,0.04911877637641966,0.03309972412481871,0.01471763605823478,0.014070061939193258,0.050428166578200706,-0.0024121950339012666,0.022151919443553724,0.005831023925495831,0.04312606319717427,0.05159386843218347,0.07823992331452453,0.05540328944059682,0.040880265374409905,-0.01865823486143184,0.05325450639639558,0.028330226346895332,0.027732022919927768,0.06849046301417701,0.03798825352522234,0.04911877637641966,0.07911908381269794,0.0310566157439599,0.02110528264344135,0.015227067442541917,0.07655108120731954,0.005934671058641032,0.030194845396920765,0.008368693258918744,0.03406820687318737,0.0353428130063202,0.04550407435037354,0.040709875286095515,0.028548106651827013,-0.005920297503402389,0.018268550880829924,0.016239754875834737,0.02627544699583048,0.04960380569241142,0.020220578128153595,0.03309972412481871,0.0310566157439599,0.037176184847792226,0.008378560481078,0.012360060644120343,0.03191946541116088,0.0040027039368859315,0.01783301469116161,0.008849516462506835,0.016387627267444242,0.016978034428374016,0.023651123448416578,0.019433786333297887,0.00985464465432792,-0.012079359502952558,0.0183033267458508,0.012852976753382888,0.012571037307615822,0.020952887855915443,0.021744706358241453,0.01471763605823478,0.02110528264344135,0.008378560481078,0.0275962224775238,0.00023158270225619344,0.026809146559349246,0.003633460858922798,0.012735930806312114,0.0020439874300388844,0.01575600792742367,0.017240950278098514,0.030874164021798187,0.01768032641265142,0.01895147450324066,-0.007163113183929254,0.006092330610474702,0.009295138596907991,0.009263051379378533,0.026192385518329413,0.008507283991238151,0.014070061939193258,0.015227067442541917,0.012360060644120343,0.00023158270225619344,0.033096643015390545,0.022233543139697082,-0.003838842691934127,0.011998397271556781,0.0036309142314000366,0.047987352912057885,0.0526696596280751,0.096334637620673,0.05886853117728727,0.043555269684292935,-0.0379613394597877,0.07179853924453153,0.022087123702133667,0.014974618362845787,0.07445845188248959,0.03861150483321722,0.050428166578200706,0.07655108120731954,0.03191946541116088,0.026809146559349246,0.022233543139697082,0.11433232673452098,-0.003407733404928196,0.03925142481657142,-0.006812620263961476,0.00641597049054039,0.013950730418574822,-0.011030903960543854,-0.00033324134629477255,-0.00032711730625684923,0.007896835262562105,-0.002459622370907418,0.026099922732739,0.02274615716338051,0.006634031476777877,0.017967480321557896,-0.0024121950339012666,0.005934671058641032,0.0040027039368859315,0.003633460858922798,-0.003838842691934127,-0.003407733404928196,0.028821074220568194,0.00794632221137975,0.024295535799496108,0.025319578497807693,0.030425009191063525,0.03845647615435571,0.034570060549044955,0.026189291440215142,-0.010758434616729953,0.01790341978235279,0.020958580208937913,0.024372068135765444,0.04442581660591699,0.02014712336034142,0.022151919443553724,0.030194845396920765,0.01783301469116161,0.012735930806312114,0.011998397271556781,0.03925142481657142,0.00794632221137975,0.03730605881025181,0.010454835712953154,0.004709127897781455,0.014595108138210074,-0.010676870347179242,0.008971354298631296,0.003139545016618852,0.015503763010984144,-0.00038153000479099024,0.03534140192272219,0.04001925097823531,0.0043417558675890155,0.018611128962030665,0.005831023925495831,0.008368693258918744,0.008849516462506835,0.0020439874300388844,0.0036309142314000366,-0.006812620263961476,0.024295535799496108,0.010454835712953154,0.05274753302347214
0.0516290792752984,0.019155269978908557,0.0267826427295417,0.03128632491815424,0.024546037922895593,0.006283103040954291,0.009551007913308911,0.026294800281552982,0.04237046647551406,0.04214318121501321,0.02033844883087223,0.03860628304766672,0.02607592888701525,0.021423600196450496,0.016709513691785645,0.008750805066355675,0.00541086896471012,0.013337292759148797,0.017801635232396487,0.028892400754827612,0.019155269978908557,0.0938396914830236,0.0919174470970587,0.043520503231978994,0.03647351884821916,-0.019588307293307915,0.06240894585543791,0.030353842029047815,-0.012572919825579162,0.05499081768929083,0.016803140865817325,0.021450013739221868,0.04747576964521076,0.03451635032691556,0.004381915473370497,0.04873855406736556,0.053835953191814515,0.005662236934223771,0.03893715495167753,-0.007069369828416402,0.0267826427295417,0.0919174470970587,0.11875516687367493,0.043073884802190904,0.04426600633185382,-0.030863649630687988,0.0694921282373068,0.021585375231792794,-0.022012715735355827,0.05976369357251914,0.021533129184394262,0.026554168544106124,0.051767149244209026,0.03289483774386994,0.017664612633478897,0.051267814951916346,0.07120847731040625,-0.003116880652600738,0.04404372316860714,-0.02212276235209041,0.03128632491815424,0.043520503231978994,0.043073884802190904,0.09494188391196977,0.03079207472116811,-0.013068965150684404,0.017261492104245997,0.025056970911266727,0.05601175782888453,0.05388518318717603,0.028650527628751872,0.05892671527316087,0.03751943230818966,0.04234675142905088,0.009741668213538376,0.013959655414232452,0.018241296837259453,0.01750536735879566,0.0252596202962327,0.03528594300143387,0.024546037922895593,0.03647351884821916,0.04426600633185382,0.03079207472116811,0.03811129565552261,-0.007599056507084737,0.017489629060953145,0.023151975162709917,0.01364453384351005,0.038333249876201875,0.01937999603304063,0.02689887956316154,0.02660482622537094,0.020124268674854277,0.0076320862705493,0.01806810651020696,0.021519599484416632,0.009162751031025707,0.020636626126069132,0.012439591385640405,0.006283103040954291,-0.019588307293307915,-0.030863649630687988,-0.013068965150684404,-0.007599056507084737,0.04516726948087771,-0.03586845333477903,0.024827817956727817,0.030373176279448126,0.0008160324022261533,-0.008901893436605933,0.005580935767035444,-0.01382445117641523,0.0072814377678627595,-0.013818389825275746,-0.014877779036154837,-0.04146838771616142,0.011632444512580123,-0.008407605770664225,0.030334854559458654,0.009551007913308911,0.06240894585543791,0.0694921282373068,0.017261492104245997,0.017489629060953145,-0.03586845333477903,0.09481855399021433,0.003450917265529499,-0.030771013129221002,0.03687246362747482,0.01630645587880928,-0.0025157292598416044,0.04635257558419471,0.008383078321071064,0.010086778353534335,0.04084163836447141,0.06165188821297596,-0.003335203931363515,0.03056611091555731,-0.02215679287546676,0.026294800281552982,0.030353842029047815,0.021585375231792794,0.025056970911266727,0.023151975162709917,0.024827817956727817,0.003450917265529499,0.06200965121887797,0.039895109324494,0.04137336801599261,0.014139946674591125,0.027783377542074456,0.02285054138427366,0.03144187497571676,-0.003950912685123233,0.014799475024260884,-0.012864372127194556,0.03456392047334572,0.015246001575552035,0.0410590395974496,0.04237046647551406,-0.012572919825579162,-0.022012715735355827,0.05601175782888453,0.01364453384351005,0.030373176279448126,-0.030771013129221002,0.039895109324494,0.12545801899391393,0.04001866540363947,0.023692557693408705,0.06495236989154857,0.017261636227023182,0.047160181934446224,0.005512253790294433,-0.015327799506401708,-0.03084126872579291,0.045675291135161014,0.005092296131471502,0.07757805506224211,0.04214318121501321,0.05499081768929083,0.05976369357251914,0.05388518318717603,0.038333249876201875,0.0008160324022261533,0.03687246362747482,0.04137336801599261,0.04001866540363947,0.07922213038364168,0.023645940751688986,0.04589305753075751,0.05093838494472765,0.04090151588219727,0.01144566364544591,0.0318490665587329,0.03265826734839945,0.022898636057253462,0.0319844726894185,0.029230099824056333,0.02033844883087223,0.016803140865817325,0.021533129184394262,0.028650527628751872,0.01937999603304063,-0.008901893436605933,0.01630645587880928,0.014139946674591125,0.023692557693408705,0.023645940751688986,0.03440546223272846,0.02892864614447043,0.023560335239077274,0.018031756068279642,0.012180786402313626,0.005800995884549764,0.012279591060393533,0.018087223770349915,0.015168183185860017,0.017616831378513782,0.03860628304766672,0.021450013739221868,0.026554168544106124,0.05892671527316087,0.02689887956316154,0.005580935767035444,-0.0025157292598416044,0.027783377542074456,0.06495236989154857,0.04589305753075751,0.02892864614447043,0.07440006255872608,0.02267544186826607,0.04264299491455053,0.012181278992554657,0.002876441957376087,0.007325431050300982,0.024110664853351498,0.02366210435228211,0.03750372438609886,0.02607592888701525,0.04747576964521076,0.051767149244209026,0.03751943230818966,0.02660482622537094,-0.01382445117641523,0.04635257558419471,0.02285054138427366,0.017261636227023182,0.05093838494472765,0.023560335239077274,0.02267544186826607,0.058789628820643335,0.02633716763004359,0.01219796572751794,0.030643670348339386,0.03958024826259082,0.011751582564772649,0.024473689697860047,0.012483397479540212,0.021423600196450496,0.03451635032691556,0.03289483774386994,0.04234675142905088,0.020124268674854277,0.0072814377678627595,0.008383078321071064,0.03144187497571676,0.047160181934446224,0.04090151588219727,0.018031756068279642,0.04264299491455053,0.02633716763004359,0.05194795089925769,0.003817422477665399,0.012619279281166407,0.006333626326641109,0.022713698571916605,0.021707029233801474,0.03254529006816507,0.016709513691785645,0.004381915473370497,0.017664612633478897,0.009741668213538376,0.0076320862705493,-0.013818389825275746,0.010086778353534335,-0.003950912685123233,0.005512253790294433,0.01144566364544591,0.012180786402313626,0.012181278992554657,0.01219796572751794,0.003817422477665399,0.024211114769171316,0.004456247142307855,0.012508843789080553,-0.0038836549381348114,0.007260613462425905,-0.0011598642461295252,0.008750805066355675,0.04873855406736556,0.051267814951916346,0.013959655414232452,0.01806810651020696,-0.014877779036154837,0.04084163836447141,0.014799475024260884,-0.015327799506401708,0.0318490665587329,0.005800995884549764,0.002876441957376087,0.030643670348339386,0.012619279281166407,0.004456247142307855,0.03880266201149146,0.035327799728472206,-0.0013252623089371291,0.020381996359755225,-0.009885248809589096,0.00541086896471012,0.053835953191814515,0.07120847731040625,0.018241296837259453,0.021519599484416632,-0.04146838771616142,0.06165188821297596,-0.012864372127194556,-0.03084126872579291,0.03265826734839945,0.012279591060393533,0.007325431050300982,0.03958024826259082,0.006333626326641109,0.012508843789080553,0.035327799728472206,0.08558620082029025,-0.014687272219252222,0.026254437037652387,-0.03738482320813275,0.013337292759148797,0.005662236934223771,-0.003116880652600738,0.01750536735879566,0.009162751031025707,0.011632444512580123,-0.003335203931363515,0.03456392047334572,0.045675291135161014,0.022898636057253462,0.018087223770349915,0.024110664853351498,0.011751582564772649,0.022713698571916605,-0.0038836549381348114,-0.0013252623089371291,-0.014687272219252222,0.04684111187266595,0.004115186565262996,0.03931573732239091,0.017801635232396487,0.03893715495167753,0.04404372316860714,0.0252596202962327,0.020636626126069132,-0.008407605770664225,0.03056611091555731,0.015246001575552035,0.005092296131471502,0.0319844726894185,0.015168183185860017,0.02366210435228211,0.024473689697860047,0.021707029233801474,0.007260613462425905,0.020381996359755225,0.026254437037652387,0.004115186565262996,0.029717636429208973,0.003164118150764979,0.028892400754827612,-0.007069369828416402,-0.02212276235209041,0.03528594300143387,0.012439591385640405,0.030334854559458654,-0.02215679287546676,0.0410590395974496,0.07757805506224211,0.029230099824056333,0.017616831378513782,0.03750372438609886,0.012483397479540212,0.03254529006816507,-0.0011598642461295252,-0.009885248809589096,-0.03738482320813275,0.03931573732239091,0.003164118150764979,0.07749937473451718
0.02253404609530478,0.004208519163933708,0.005525112564703189,0.009724223315132195,0.004650810774371054,0.006583513437871941,0.002889547361411839,0.010159392655523913,0.00953211890878658,0.003334066023302654,0.009383001553360136,0.002841999925430089,0.0023740951027241327,0.009241673947569347,0.012854308379557583,0.006613215778527613,0.005147426604689528,0.010974610942074931,-0.0028775683915118165,0.00765490790587409,0.004208519163933708,0.04292482808890251,0.0008329016770857447,0.009156013135805403,-0.007350205109549687,0.010519356392817123,0.0009439121286048263,-0.00238236234457724,0.002162365004122155,0.00676014316939328,0.005470982905147066,-0.0014600823282192987,0.011738576454026569,0.01613539980541937,0.021755579332284492,-0.005247919836447147,0.010183453668525163,0.006110421634677867,-0.0038862322309340235,0.00586894590287659,0.005525112564703189,0.0008329016770857447,0.017526571105286236,0.007661977099954552,0.005524139273205117,0.009494060081133134,0.001224254891694346,0.007605405512336107,0.009387118780573413,0.00027399428688617633,0.010523922420800729,0.007856287959899308,0.003834371093846502,0.008836601420606157,0.002597093952109322,0.009999023968518041,-0.0017870799840151198,0.008938771861613109,0.002613074410682162,0.006772544698130347,0.009724223315132195,0.009156013135805403,0.007661977099954552,0.024365104043249083,0.010285116220346622,0.0035136172568557425,0.001895252058750489,0.010089525673060065,0.00985499962210538,0.005746669992322517,0.00724422435634503,0.009447845722338238,0.0018961513393492167,0.012839836754955864,0.010729197035553044,0.0074812150628099285,0.005035053699217569,0.010948192587276015,0.0055668979918612705,0.005933289368656072,0.004650810774371054,-0.007350205109549687,0.005524139273205117,0.010285116220346622,0.030791858571409644,-0.002544754379917739,-0.00041347106748848735,0.009867555385356327,0.019458589991854874,-0.0016209195414783376,0.000209102339009456,0.001367000186997115,0.0016712711727396709,0.002494706013488497,0.0029783994815855514,0.01119713579962303,0.00028753363777809463,0.005020514069861001,0.010568762567602084,0.012152730146497268,0.006583513437871941,0.010519356392817123,0.009494060081133134,0.0035136172568557425,-0.002544754379917739,0.03386223019486767,-0.0017711074550154963,0.005387735134297331,0.005742403375605297,0.007748605557387,0.00779810002481943,0.008106613479998262,0.011371807341543838,0.017542149873043124,0.01257698911634522,0.007854900700287878,0.0009651987086609845,0.008526269088082223,0.004503648761881155,0.016605231322345867,0.002889547361411839,0.0009439121286048263,0.001224254891694346,0.001895252058750489,-0.00041347106748848735,-0.0017711074550154963,0.0293095489459583,-0.0011138332027930335,-5.024205562431574e-5,-0.0004762664492626847,0.007148437535913092,0.00284261117534287,0.005499090033501747,0.008739944561503642,0.0004555786301178458,0.0015197719974400906,0.012755005677841262,0.0025864279918854927,0.0010062077227332366,0.004310847453291276,0.010159392655523913,-0.00238236234457724,0.007605405512336107,0.010089525673060065,0.009867555385356327,0.005387735134297331,-0.0011138332027930335,0.039137994604725,0.016379668772259583,0.004697142307729515,0.005303970037409034,0.009154401457496656,0.0033356359364808902,0.010318573647069843,0.009377029594205855,0.007980996235577242,-2.3710883303128694e-5,0.011337259206987842,0.00036458775878247217,0.018004826183203045,0.00953211890878658,0.002162365004122155,0.009387118780573413,0.00985499962210538,0.019458589991854874,0.005742403375605297,-5.024205562431574e-5,0.016379668772259583,0.04558983927663512,-0.004500536800529866,0.007680240139538516,0.0037731243617980326,0.008520424846280024,0.006738601918085067,0.013445705163305566,0.014557844481666256,0.006601045789333402,0.011987971977193545,0.015384527269148062,0.022860125247830133,0.003334066023302654,0.00676014316939328,0.00027399428688617633,0.005746669992322517,-0.0016209195414783376,0.007748605557387,-0.0004762664492626847,0.004697142307729515,-0.004500536800529866,0.015749478813083292,0.0026496030397684836,0.0036621534348807447,0.004529790137884636,0.013456487425238185,0.01005652042492921,0.0021684069443152747,-0.0006220069863657929,0.003364126899598894,-0.0017270121979772544,0.004313746513675238,0.009383001553360136,0.005470982905147066,0.010523922420800729,0.00724422435634503,0.000209102339009456,0.00779810002481943,0.007148437535913092,0.005303970037409034,0.007680240139538516,0.0026496030397684836,0.026326799054252708,0.01104151873167368,0.0036533694331668527,0.01358433636313217,0.0060265308925931274,0.009199406647107522,0.00692311807253382,0.0089394710556943,-0.0014598726679638644,-0.000955505389149452,0.002841999925430089,-0.0014600823282192987,0.007856287959899308,0.009447845722338238,0.001367000186997115,0.008106613479998262,0.00284261117534287,0.009154401457496656,0.0037731243617980326,0.0036621534348807447,0.01104151873167368,0.03037168885387294,-0.00043976181987789853,0.02126241178093579,-0.0001258997832336746,0.012040471390959526,0.0005403116576578786,0.007644676941505205,0.0020574359577563554,0.010697332812718716,0.0023740951027241327,0.011738576454026569,0.003834371093846502,0.0018961513393492167,0.0016712711727396709,0.011371807341543838,0.005499090033501747,0.0033356359364808902,0.008520424846280024,0.004529790137884636,0.0036533694331668527,-0.00043976181987789853,0.018955431249000544,0.009187460271943742,0.010278018132042537,0.0009881710985233491,0.008227760239909617,0.00480120370354667,0.0023451934584431777,0.01238363821203056,0.009241673947569347,0.01613539980541937,0.008836601420606157,0.012839836754955864,0.002494706013488497,0.017542149873043124,0.008739944561503642,0.010318573647069843,0.006738601918085067,0.013456487425238185,0.01358433636313217,0.02126241178093579,0.009187460271943742,0.04944314620029397,0.01819196863344961,0.012174994198194768,0.014633979724665803,0.007053246973678378,0.008089300420275478,0.021633374531245836,0.012854308379557583,0.021755579332284492,0.002597093952109322,0.010729197035553044,0.0029783994815855514,0.01257698911634522,0.0004555786301178458,0.009377029594205855,0.013445705163305566,0.01005652042492921,0.0060265308925931274,-0.0001258997832336746,0.010278018132042537,0.01819196863344961,0.03887113262105877,0.00137247465447196,0.009409335879182407,0.004989800367472622,-0.000826992200095173,0.015882729712544775,0.006613215778527613,-0.005247919836447147,0.009999023968518041,0.0074812150628099285,0.01119713579962303,0.007854900700287878,0.0015197719974400906,0.007980996235577242,0.014557844481666256,0.0021684069443152747,0.009199406647107522,0.012040471390959526,0.0009881710985233491,0.012174994198194768,0.00137247465447196,0.029947692674136377,5.8649447157780666e-5,0.013628524589712804,0.011739792421345804,0.01027089068589173,0.005147426604689528,0.010183453668525163,-0.0017870799840151198,0.005035053699217569,0.00028753363777809463,0.0009651987086609845,0.012755005677841262,-2.3710883303128694e-5,0.006601045789333402,-0.0006220069863657929,0.00692311807253382,0.0005403116576578786,0.008227760239909617,0.014633979724665803,0.009409335879182407,5.8649447157780666e-5,0.023975087465838235,0.00169511557208757,-0.005222640399979125,0.009021417438571695,0.010974610942074931,0.006110421634677867,0.008938771861613109,0.010948192587276015,0.005020514069861001,0.008526269088082223,0.0025864279918854927,0.011337259206987842,0.011987971977193545,0.003364126899598894,0.0089394710556943,0.007644676941505205,0.00480120370354667,0.007053246973678378,0.004989800367472622,0.013628524589712804,0.00169511557208757,0.0342247459262877,0.005846860004829394,0.01126898534134282,-0.0028775683915118165,-0.0038862322309340235,0.002613074410682162,0.0055668979918612705,0.010568762567602084,0.004503648761881155,0.0010062077227332366,0.00036458775878247217,0.015384527269148062,-0.0017270121979772544,-0.0014598726679638644,0.0020574359577563554,0.0023451934584431777,0.008089300420275478,-0.000826992200095173,0.011739792421345804,-0.005222640399979125,0.005846860004829394,0.03244486602911137,0.010294188193315953,0.00765490790587409,0.00586894590287659,0.006772544698130347,0.005933289368656072,0.012152730146497268,0.016605231322345867,0.004310847453291276,0.018004826183203045,0.022860125247830133,0.004313746513675238,-0.000955505389149452,0.010697332812718716,0.01238363821203056,0.021633374531245836,0.015882729712544775,0.01027089068589173,0.009021417438571695,0.01126898534134282,0.010294188193315953,0.043365271098743094
