0.06524610002838174,-0.019664351360891785,0.03195114194436158,0.07125010088341241,-0.1355077368746545,0.003729967832818459,-0.09531613351766491,-0.09899589539796518,0.11064405089910623,0.011710654808099753,0.019571763582492907,0.02199122188516294,0.07570686367510576,0.006459065046711792,-0.10767239781018638,-0.08317867480317265,0.016100810087091768,0.11445234040095431,-0.0030189641305192116,0.03605052738775279,-0.019664351360891785,0.06823443475723816,-0.002935860661031946,-0.0460167384224788,0.02260600679635537,-0.036941579921519835,0.015089916031922964,0.019252373678388945,-0.01898681899214194,0.014697495550437518,0.01652233706494142,-0.012007370489009874,-0.002656535147169334,0.019867302162923414,0.0007291160713998896,0.01268584722991001,-0.028132209783969426,-0.039044982274983375,0.020626738895117482,-0.005706132873181284,0.03195114194436158,-0.002935860661031946,0.09015814115230836,0.05011217686283676,-0.11898563813527102,0.01237746894497482,-0.0763703156623699,-0.09531363576017478,0.1026427572805309,-0.015381376540078697,0.013499151366226498,0.018413883019412516,0.08284383100140671,-0.010950195567181357,-0.10192521885996095,-0.07245662105023114,0.014650230657635684,0.08550014986712169,-0.025331106933749334,0.01987938099081886,0.07125010088341241,-0.0460167384224788,0.05011217686283676,0.1345815762262938,-0.20282577359121198,0.01578206495412232,-0.14544772139355774,-0.14527140993502757,0.16881861638568973,0.00010928426282106219,0.03254927520048159,0.026400792226319063,0.11205450695963545,-0.0015891725537018797,-0.149498972589785,-0.12096103338549616,0.03494191085047127,0.1736523041975349,-0.018341931544805994,0.05608111122547221,-0.1355077368746545,0.02260600679635537,-0.11898563813527102,-0.20282577359121198,0.4806262322739495,0.03561583647665867,0.3447320216779178,0.3198720895673931,-0.38347720155767595,-0.038625239718274876,-0.09576816506586985,-0.05023098389349806,-0.2858837990542101,-0.0390486868926372,0.38106811559780995,0.29822988074785284,-0.02967519860904397,-0.3492380594123523,0.012316563511873197,-0.1301363742591788,0.003729967832818459,-0.036941579921519835,0.01237746894497482,0.01578206495412232,0.03561583647665867,0.09345612571178494,0.04514120997498369,0.013402512802024848,-0.02856546383738785,-0.04429812129949687,-0.03226978222828693,0.008986107100945093,-0.04794991372676514,-0.0516579328641258,0.06031674281935003,0.05412317349894552,0.03163425506564781,-0.013988969482944476,-0.04062048240021178,-0.03219318515144572,-0.09531613351766491,0.015089916031922964,-0.0763703156623699,-0.14544772139355774,0.3447320216779178,0.04514120997498369,0.2837477485740202,0.23514155063073564,-0.28777430944421606,-0.043174163719980785,-0.07494130316186355,-0.03367162762669887,-0.2176622496757324,-0.045556337307063856,0.29353913216602534,0.234152013222571,-0.0062268830667691856,-0.26402228727242993,-0.005353163826040898,-0.0988949590774795,-0.09899589539796518,0.019252373678388945,-0.09531363576017478,-0.14527140993502757,0.3198720895673931,0.013402512802024848,0.23514155063073564,0.2580034939642833,-0.2698274879529664,-0.01687693557148923,-0.05162617669713675,-0.03735977491851849,-0.19836062516956737,-0.01714065468838845,0.2637314324269992,0.19894203415370507,-0.01884030977752762,-0.24960935699592077,0.004723648458999004,-0.08107378026785396,0.11064405089910623,-0.01898681899214194,0.1026427572805309,0.16881861638568973,-0.38347720155767595,-0.02856546383738785,-0.28777430944421606,-0.2698274879529664,0.3515983100872217,0.030272424851659978,0.07572047667839646,0.04684642216680206,0.24533951876756688,0.03340904439629816,-0.3263681265231971,-0.24828235561143583,0.01865934761560596,0.30074765151337146,-0.010766327372472972,0.10016178335765977,0.011710654808099753,0.014697495550437518,-0.015381376540078697,0.00010928426282106219,-0.038625239718274876,-0.04429812129949687,-0.043174163719980785,-0.01687693557148923,0.030272424851659978,0.050552554524769776,0.021137799189519697,-0.0006523204994662894,0.030936244738072424,0.03321411327001045,-0.04667253289873052,-0.04354915787242136,-0.02136829278193015,0.0238374817508905,0.02565657233039111,0.022356233333378082,0.019571763582492907,0.01652233706494142,0.013499151366226498,0.03254927520048159,-0.09576816506586985,-0.03226978222828693,-0.07494130316186355,-0.05162617669713675,0.07572047667839646,0.021137799189519697,0.054648153364300525,0.0053641798313654445,0.07107013746380475,0.024964407446404456,-0.08362204993288166,-0.07068908421518047,-0.006821213500050606,0.05463505062807374,0.00508974485541941,0.033674672796481876,0.02199122188516294,-0.012007370489009874,0.018413883019412516,0.026400792226319063,-0.05023098389349806,0.008986107100945093,-0.03367162762669887,-0.03735977491851849,0.04684642216680206,-0.0006523204994662894,0.0053641798313654445,0.025210654941744466,0.029362989417053786,0.002034406881028179,-0.042857428441067665,-0.02631152969383818,0.007794794156817108,0.04575740346285985,-0.005252358307227575,0.011577184254177754,0.07570686367510576,-0.002656535147169334,0.08284383100140671,0.11205450695963545,-0.2858837990542101,-0.04794991372676514,-0.2176622496757324,-0.19836062516956737,0.24533951876756688,0.030936244738072424,0.07107013746380475,0.029362989417053786,0.21930665394101914,0.03745108488983382,-0.25512799835389266,-0.20441471253552662,-0.0009969561792017364,0.2072711439735701,-0.0036524533571736357,0.08525488317589092,0.006459065046711792,0.019867302162923414,-0.010950195567181357,-0.0015891725537018797,-0.0390486868926372,-0.0516579328641258,-0.045556337307063856,-0.01714065468838845,0.03340904439629816,0.03321411327001045,0.024964407446404456,0.002034406881028179,0.03745108488983382,0.05432953681187904,-0.061498243748011945,-0.04972312911479172,-0.022536618165633973,0.03147395382513232,0.023380524899254358,0.023406262585356198,-0.10767239781018638,0.0007291160713998896,-0.10192521885996095,-0.149498972589785,0.38106811559780995,0.06031674281935003,0.29353913216602534,0.2637314324269992,-0.3263681265231971,-0.04667253289873052,-0.08362204993288166,-0.042857428441067665,-0.25512799835389266,-0.061498243748011945,0.3800384613321238,0.2674045194101373,0.004558949569425381,-0.29667899112770046,-0.006831931733185182,-0.1120468665095768,-0.08317867480317265,0.01268584722991001,-0.07245662105023114,-0.12096103338549616,0.29822988074785284,0.05412317349894552,0.234152013222571,0.19894203415370507,-0.24828235561143583,-0.04354915787242136,-0.07068908421518047,-0.02631152969383818,-0.20441471253552662,-0.04972312911479172,0.2674045194101373,0.2248795311654035,-0.0015225947568434702,-0.22920222531508655,0.002855967875687983,-0.0965261070689196,0.016100810087091768,-0.028132209783969426,0.014650230657635684,0.03494191085047127,-0.02967519860904397,0.03163425506564781,-0.0062268830667691856,-0.01884030977752762,0.01865934761560596,-0.02136829278193015,-0.006821213500050606,0.007794794156817108,-0.0009969561792017364,-0.022536618165633973,0.004558949569425381,-0.0015225947568434702,0.047170984207681385,0.031844936888601495,-0.02021626280382416,0.0004608944135050119,0.11445234040095431,-0.039044982274983375,0.08550014986712169,0.1736523041975349,-0.3492380594123523,-0.013988969482944476,-0.26402228727242993,-0.24960935699592077,0.30074765151337146,0.0238374817508905,0.05463505062807374,0.04575740346285985,0.2072711439735701,0.03147395382513232,-0.29667899112770046,-0.22920222531508655,0.031844936888601495,0.3033402978351094,-0.007284665514188803,0.09126957417503873,-0.0030189641305192116,0.020626738895117482,-0.025331106933749334,-0.018341931544805994,0.012316563511873197,-0.04062048240021178,-0.005353163826040898,0.004723648458999004,-0.010766327372472972,0.02565657233039111,0.00508974485541941,-0.005252358307227575,-0.0036524533571736357,0.023380524899254358,-0.006831931733185182,0.002855967875687983,-0.02021626280382416,-0.007284665514188803,0.044731270742918126,0.009292677009064419,0.03605052738775279,-0.005706132873181284,0.01987938099081886,0.05608111122547221,-0.1301363742591788,-0.03219318515144572,-0.0988949590774795,-0.08107378026785396,0.10016178335765977,0.022356233333378082,0.033674672796481876,0.011577184254177754,0.08525488317589092,0.023406262585356198,-0.1120468665095768,-0.0965261070689196,0.0004608944135050119,0.09126957417503873,0.009292677009064419,0.0642618178175153
0.038224863802772166,0.0024845110264695124,0.009280953965106004,-0.016924913138412538,0.0044384469598812365,0.0164540811326261,0.002996615429619031,0.004008502482099101,-0.003495808651835788,-0.00041881966809486634,0.007879067067575563,-0.008977211246797403,0.0022978779502419193,-0.009247855344752661,0.004427647080639741,-0.0018002849268265596,0.0034416292455233186,-0.009521516768366559,0.005435867660415325,0.0012971053671002033,0.0024845110264695124,0.036883999627154385,0.006846856713080407,-0.008501709402101189,-0.0025665596797393277,-0.012567907546019724,0.013879952826559034,-0.009215167654607458,0.00878092863478672,0.0018828513182971886,0.004907073816072607,-0.01715928643267741,-0.008952447021900647,0.009686904749508627,0.0062283282983893904,-0.004101286246096471,-0.02102285985515701,0.016387692485550057,0.011966290980762826,0.00020332272431601952,0.009280953965106004,0.006846856713080407,0.04392284377963231,-0.02715130711384858,-0.008059953551302216,-0.0006106363324526888,0.001250000336391489,0.0055891850071528235,0.010494529027395765,-0.0056056896618918006,0.0052311017822002535,0.00040375133215614454,0.010359302007604147,-0.0033110478299663588,0.004804212007975342,-0.010221166324380134,-0.005320152251564483,-0.004703248878200714,0.006935362756164833,0.012907880956352721,-0.016924913138412538,-0.008501709402101189,-0.02715130711384858,0.07011222770669029,0.011909488592136745,-0.00384083389539093,0.0116812880214875,-0.0069934871061246295,0.008606776918076708,0.0025116614509899174,0.0046616401468482565,0.011077500615840324,-0.007319738406963098,0.015623631835142178,0.00619099193097767,0.02048838312866178,0.022837529460089753,0.006605551310966086,0.0006198213633022043,-0.0019405109401342368,0.0044384469598812365,-0.0025665596797393277,-0.008059953551302216,0.011909488592136745,0.031185380953430247,0.008911535873827536,-0.0022267607820703277,0.0002580187479790561,-0.003121300634086557,0.0015238365554376757,-0.008051196673645029,0.01245177649181958,0.0017701106240459116,0.005038971588628249,-0.0033807853019278706,0.007210855225750698,0.010981743894300216,-0.00448768189942142,-0.01258315564665821,-0.004678760208380708,0.0164540811326261,-0.012567907546019724,-0.0006106363324526888,-0.00384083389539093,0.008911535873827536,0.04415077558055226,-0.004412970079517903,0.005122532662502857,-0.010925050601722261,0.0009481928080417245,0.005454111648041127,0.004463348788932411,0.00012876830370481263,-0.008866710451711047,0.0016765603094841277,-0.003857064280071896,0.014353193445901934,-0.02234134746708777,-0.004689435246815829,0.0029783783560156634,0.002996615429619031,0.013879952826559034,0.001250000336391489,0.0116812880214875,-0.0022267607820703277,-0.004412970079517903,0.04370751995581399,-0.011102883172377518,0.022762145126602542,-0.004767679645161551,0.00612388138423913,-0.01886516554270637,-0.011172776180124964,0.011066026796242174,0.010179880591965642,0.007681523603428764,-0.01554055190577007,0.005517277218854298,0.019241926273943017,0.004360356884570715,0.004008502482099101,-0.009215167654607458,0.0055891850071528235,-0.0069934871061246295,0.0002580187479790561,0.005122532662502857,-0.011102883172377518,0.02163352305230744,-0.003093026904012348,0.0034265222508688548,-0.005153835173032104,0.010640874537271618,0.011252260244291538,-0.01069015521697994,-0.004617861735834309,-0.00678798650095149,0.004059896451863243,-0.012493339250156013,-0.005986881305057121,0.0008381112082785292,-0.003495808651835788,0.00878092863478672,0.010494529027395765,0.008606776918076708,-0.003121300634086557,-0.010925050601722261,0.022762145126602542,-0.003093026904012348,0.04341128605675585,-0.007352806339131496,0.009640966789917764,0.0010141300014566298,-0.010470621377240807,0.01769361950274438,0.014926567956251205,0.012858610221014755,0.0009273149556877117,0.02091362245616502,0.01638310896660327,0.009981611420886959,-0.00041881966809486634,0.0018828513182971886,-0.0056056896618918006,0.0025116614509899174,0.0015238365554376757,0.0009481928080417245,-0.004767679645161551,0.0034265222508688548,-0.007352806339131496,0.021455652805868815,-0.0004288995954462478,0.005496689668998503,0.006760405021852874,-0.0053438785018231506,-0.0023519661891917344,0.00024770199560535924,-0.00048025769056389686,-0.0013262245196758462,-0.006271079476895386,-0.003339478860367616,0.007879067067575563,0.004907073816072607,0.0052311017822002535,0.0046616401468482565,-0.008051196673645029,0.005454111648041127,0.00612388138423913,-0.005153835173032104,0.009640966789917764,-0.0004288995954462478,0.04299065843298978,-0.006900382616111044,-0.0002033475088290904,0.0012208417908613598,0.009192462515980151,-0.012894500185778613,0.00691284589492362,0.00029120378231865373,0.008425638671353656,-0.00033323552216363924,-0.008977211246797403,-0.01715928643267741,0.00040375133215614454,0.011077500615840324,0.01245177649181958,0.004463348788932411,-0.01886516554270637,0.010640874537271618,0.0010141300014566298,0.005496689668998503,-0.006900382616111044,0.06047902394976476,0.024498835479989003,-0.008013537227694103,-0.0004293921521453213,0.012037679110470626,0.024025207808622474,-0.0118747818825935,-0.01730616576189503,0.002527321199812247,0.0022978779502419193,-0.008952447021900647,0.010359302007604147,-0.007319738406963098,0.0017701106240459116,0.00012876830370481263,-0.011172776180124964,0.011252260244291538,-0.010470621377240807,0.006760405021852874,-0.0002033475088290904,0.024498835479989003,0.045516583272062566,-0.014247416060660654,0.000155190544232089,-0.0025555713497419207,0.010545610276119536,-0.017326635219473998,-0.010208564246085253,-0.0028406961684313784,-0.009247855344752661,0.009686904749508627,-0.0033110478299663588,0.015623631835142178,0.005038971588628249,-0.008866710451711047,0.011066026796242174,-0.01069015521697994,0.01769361950274438,-0.0053438785018231506,0.0012208417908613598,-0.008013537227694103,-0.014247416060660654,0.03550156347576487,0.001825415556931742,0.001985588680598042,-0.0045800003105136,0.014196010547872267,0.005974397836370887,-0.0028784259604550883,0.004427647080639741,0.0062283282983893904,0.004804212007975342,0.00619099193097767,-0.0033807853019278706,0.0016765603094841277,0.010179880591965642,-0.004617861735834309,0.014926567956251205,-0.0023519661891917344,0.009192462515980151,-0.0004293921521453213,0.000155190544232089,0.001825415556931742,0.025112383178663662,0.006722052910060988,0.00011706325239757565,0.00396140229182977,0.0067346226160683986,0.008354145380536937,-0.0018002849268265596,-0.004101286246096471,-0.010221166324380134,0.02048838312866178,0.007210855225750698,-0.003857064280071896,0.007681523603428764,-0.00678798650095149,0.012858610221014755,0.00024770199560535924,-0.012894500185778613,0.012037679110470626,-0.0025555713497419207,0.001985588680598042,0.006722052910060988,0.040480387437778854,0.012012861197011303,0.004082838478635603,0.00260698771438475,0.004633183680962381,0.0034416292455233186,-0.02102285985515701,-0.005320152251564483,0.022837529460089753,0.010981743894300216,0.014353193445901934,-0.01554055190577007,0.004059896451863243,0.0009273149556877117,-0.00048025769056389686,0.00691284589492362,0.024025207808622474,0.010545610276119536,-0.0045800003105136,0.00011706325239757565,0.012012861197011303,0.05497225340932298,-0.012251841666469681,-0.012767935306511803,0.002199965834789949,-0.009521516768366559,0.016387692485550057,-0.004703248878200714,0.006605551310966086,-0.00448768189942142,-0.02234134746708777,0.005517277218854298,-0.012493339250156013,0.02091362245616502,-0.0013262245196758462,0.00029120378231865373,-0.0118747818825935,-0.017326635219473998,0.014196010547872267,0.00396140229182977,0.004082838478635603,-0.012251841666469681,0.05333283998738016,0.0034638007606908323,-0.00015123052536615642,0.005435867660415325,0.011966290980762826,0.006935362756164833,0.0006198213633022043,-0.01258315564665821,-0.004689435246815829,0.019241926273943017,-0.005986881305057121,0.01638310896660327,-0.006271079476895386,0.008425638671353656,-0.01730616576189503,-0.010208564246085253,0.005974397836370887,0.0067346226160683986,0.00260698771438475,-0.012767935306511803,0.0034638007606908323,0.0379655900384661,0.00797726082376529,0.0012971053671002033,0.00020332272431601952,0.012907880956352721,-0.0019405109401342368,-0.004678760208380708,0.0029783783560156634,0.004360356884570715,0.0008381112082785292,0.009981611420886959,-0.003339478860367616,-0.00033323552216363924,0.002527321199812247,-0.0028406961684313784,-0.0028784259604550883,0.008354145380536937,0.004633183680962381,0.002199965834789949,-0.00015123052536615642,0.00797726082376529,0.025815084827065234
0.17137341616465226,-0.02850762094384874,0.06743977683053504,0.0858847648500637,-0.2364671596380214,0.017156033895471594,-0.1537837078098487,-0.10174673074374749,0.1921607196825399,0.03102618435972888,0.057468028409570084,0.026193144764437605,0.11222503245384889,-0.04207088164260512,-0.09120461889389889,-0.14996955182861982,0.004812508632134154,0.17931252428578823,0.035098013902444464,0.11361452360516508,-0.02850762094384874,0.03784869167077654,-0.015798501306122256,-0.03412753616176441,0.04356317067746367,-0.013255308510693958,0.030833280078184748,0.02571088341686402,-0.034460071411956436,-0.001904087506380018,-0.004995648855196089,-0.011944304905172306,-0.02470265017892912,0.02354287471571083,0.013330942208348635,0.026243609527457627,-0.015182332636905344,-0.03807403249166964,0.0032533216328976397,-0.02001519776591694,0.06743977683053504,-0.015798501306122256,0.09881871508194713,0.07652947325835827,-0.1250828098652767,0.04324343832715786,-0.08440995006230136,-0.07326740273341144,0.10891411866380092,0.0006088651280033001,-0.005945989023388793,0.02146510154451449,0.07799891238083162,-0.013452830068263534,-0.060462510060842606,-0.07761864677509064,0.02515877553223918,0.11045130088063429,0.0017284361177571702,0.05114482220718124,0.0858847648500637,-0.03412753616176441,0.07652947325835827,0.12325186821796706,-0.17480264167731624,0.02480045607765504,-0.15270284382867771,-0.11788956633690555,0.14711627247496556,0.019757529277982813,0.011461943922189678,0.0409555934976968,0.11129740438166884,-0.003966889641323081,-0.11406204934024018,-0.10500674296779847,0.027067620887541024,0.14993908278433,0.006198900676345959,0.07076715641261347,-0.2364671596380214,0.04356317067746367,-0.1250828098652767,-0.17480264167731624,0.47876653203804836,-0.0004918696759284163,0.3460362249908902,0.2471806928842784,-0.38571829753548903,-0.05926560376683008,-0.1107587093737026,-0.049403724646085875,-0.25423535404554987,0.04211004627619004,0.25244203362321316,0.2968859818611131,-0.015820435785644647,-0.3402588865876761,-0.06646080494653553,-0.21832033689772634,0.017156033895471594,-0.013255308510693958,0.04324343832715786,0.02480045607765504,-0.0004918696759284163,0.09095669245011528,0.0361340950140891,0.013413882227723328,-0.007483549233626841,-0.033837608378641006,-0.02733563344863239,0.008504033946134991,-5.072540186745571e-5,-0.02898421059448643,0.04117025884191303,0.031133651489746533,0.025471188955635243,0.009239527719114526,-0.01639230696860263,-0.009209235302324387,-0.1537837078098487,0.030833280078184748,-0.08440995006230136,-0.15270284382867771,0.3460362249908902,0.0361340950140891,0.35594178770488555,0.23535081987673717,-0.3057589772803049,-0.07014533686876444,-0.05077582552807548,-0.05286224931921042,-0.20546374290310282,-0.008223056697916287,0.25857009659690866,0.24213212790412336,-0.004129351787261938,-0.2570053387852576,-0.033668418684959206,-0.1683138894153226,-0.10174673074374749,0.02571088341686402,-0.07326740273341144,-0.11788956633690555,0.2471806928842784,0.013413882227723328,0.23535081987673717,0.19293411890315826,-0.21607345928972782,-0.03474939395558994,-0.02558795502985487,-0.04405126321386588,-0.14675896765202476,-0.012451501430165804,0.1936561490559332,0.16066612962801013,-0.011623656687930958,-0.18796369140350438,-0.019410676422495433,-0.10438498355504897,0.1921607196825399,-0.034460071411956436,0.10891411866380092,0.14711627247496556,-0.38571829753548903,-0.007483549233626841,-0.3057589772803049,-0.21607345928972782,0.3749840040330904,0.05189010652123685,0.08993063305619059,0.03172004480150728,0.23424954050797883,-0.022714491943136784,-0.2435022274689833,-0.26386197170270376,0.00382716274219993,0.28158663611504203,0.05692124884863495,0.19252509989789995,0.03102618435972888,-0.001904087506380018,0.0006088651280033001,0.019757529277982813,-0.05926560376683008,-0.033837608378641006,-0.07014533686876444,-0.03474939395558994,0.05189010652123685,0.050945197371315226,0.01602105117125823,0.004746671040320396,0.04047806562731886,0.008313869197797098,-0.055241858019352705,-0.06184098337210109,-0.007817279129213256,0.04266420289887814,0.016723675338377576,0.040506138294036154,0.057468028409570084,-0.004995648855196089,-0.005945989023388793,0.011461943922189678,-0.1107587093737026,-0.02733563344863239,-0.05077582552807548,-0.02558795502985487,0.08993063305619059,0.01602105117125823,0.09762234669450882,-0.009714111273662517,0.04380344625949284,-0.01792579566525296,-0.03888749400821431,-0.06648197082030899,-0.020364864161710856,0.055119913604611395,0.04259853782601415,0.05076114504896934,0.026193144764437605,-0.011944304905172306,0.02146510154451449,0.0409555934976968,-0.049403724646085875,0.008504033946134991,-0.05286224931921042,-0.04405126321386588,0.03172004480150728,0.004746671040320396,-0.009714111273662517,0.03248116850360334,0.030271803798831907,0.0035758013219034184,-0.03817411905482232,-0.02471759657671936,0.01149077526568673,0.04821121086790246,-0.004663859971605559,0.01950853018045515,0.11222503245384889,-0.02470265017892912,0.07799891238083162,0.11129740438166884,-0.25423535404554987,-5.072540186745571e-5,-0.20546374290310282,-0.14675896765202476,0.23424954050797883,0.04047806562731886,0.04380344625949284,0.030271803798831907,0.1778332555201043,-0.009853798113825207,-0.16421997232981334,-0.1750840073746212,0.015949269460937644,0.18969293223450412,0.03330377398186313,0.128001589997854,-0.04207088164260512,0.02354287471571083,-0.013452830068263534,-0.003966889641323081,0.04211004627619004,-0.02898421059448643,-0.008223056697916287,-0.012451501430165804,-0.022714491943136784,0.008313869197797098,-0.01792579566525296,0.0035758013219034184,-0.009853798113825207,0.0739005589593243,-0.050183795339246676,0.016370225300179793,-0.013516518012260018,-0.026295994112069364,-1.6846740504853665e-5,-0.025566103980781532,-0.09120461889389889,0.013330942208348635,-0.060462510060842606,-0.11406204934024018,0.25244203362321316,0.04117025884191303,0.25857009659690866,0.1936561490559332,-0.2435022274689833,-0.055241858019352705,-0.03888749400821431,-0.03817411905482232,-0.16421997232981334,-0.050183795339246676,0.26158708749774984,0.18051600812001525,0.00833899629499255,-0.18696866090887682,-0.03170762817500383,-0.11693170038568038,-0.14996955182861982,0.026243609527457627,-0.07761864677509064,-0.10500674296779847,0.2968859818611131,0.031133651489746533,0.24213212790412336,0.16066612962801013,-0.26386197170270376,-0.06184098337210109,-0.06648197082030899,-0.02471759657671936,-0.1750840073746212,0.016370225300179793,0.18051600812001525,0.22883967627922944,-0.005066433497854042,-0.22962629198097,-0.03725167141274498,-0.15346586876738483,0.004812508632134154,-0.015182332636905344,0.02515877553223918,0.027067620887541024,-0.015820435785644647,0.025471188955635243,-0.004129351787261938,-0.011623656687930958,0.00382716274219993,-0.007817279129213256,-0.020364864161710856,0.01149077526568673,0.015949269460937644,-0.013516518012260018,0.00833899629499255,-0.005066433497854042,0.04083742747521749,0.027949209964249565,-0.010510047647198576,0.004919956416302475,0.17931252428578823,-0.03807403249166964,0.11045130088063429,0.14993908278433,-0.3402588865876761,0.009239527719114526,-0.2570053387852576,-0.18796369140350438,0.28158663611504203,0.04266420289887814,0.055119913604611395,0.04821121086790246,0.18969293223450412,-0.026295994112069364,-0.18696866090887682,-0.22962629198097,0.027949209964249565,0.28257787637393683,0.03307449517784389,0.15266829846348245,0.035098013902444464,0.0032533216328976397,0.0017284361177571702,0.006198900676345959,-0.06646080494653553,-0.01639230696860263,-0.033668418684959206,-0.019410676422495433,0.05692124884863495,0.016723675338377576,0.04259853782601415,-0.004663859971605559,0.03330377398186313,-1.6846740504853665e-5,-0.03170762817500383,-0.03725167141274498,-0.010510047647198576,0.03307449517784389,0.04208485479232667,0.03818465495600554,0.11361452360516508,-0.02001519776591694,0.05114482220718124,0.07076715641261347,-0.21832033689772634,-0.009209235302324387,-0.1683138894153226,-0.10438498355504897,0.19252509989789995,0.040506138294036154,0.05076114504896934,0.01950853018045515,0.128001589997854,-0.025566103980781532,-0.11693170038568038,-0.15346586876738483,0.004919956416302475,0.15266829846348245,0.03818465495600554,0.12978403626729887
