0.02298218080416825,0.006836864989193616,0.004400829477015416,0.004273311914533142,-0.003999524594799099,-0.006007652885906028,0.0013590449356649336,-0.0011398109252580262,-0.0005008474897678576,0.0007120416780032361,0.002452541479743927,0.002406951566081216,-0.004895437763014838,-0.003546410390512621,0.005534352751374148,-0.006699274267636246,-0.0020318779854731272,0.008805978622202566,-0.007536504124426075,-0.0041115012556967425,0.006836864989193616,0.01631450905279788,0.005627686227179498,0.004103040653341582,-0.004682518432351212,-0.0035917035978046633,0.0005072270953265254,0.0026435028589927912,0.0035535343254660717,-0.00015578102907432725,0.0036731792673873535,-0.0032418887991539367,-0.004551518979303492,0.003673331181806635,-0.0020714607787621353,0.0006690746212352282,-0.0030438092515665013,0.0037640665628739505,-0.0018413131222171115,0.0015528295742346734,0.004400829477015416,0.005627686227179498,0.03329211671132585,8.746340978135151e-5,-0.0016530563501859713,0.0004325307232214054,-0.007545189698796231,-0.0062766856940740245,-0.005937885497269042,0.005342387717862014,0.0010728664184544352,-0.004879219520476579,-0.0003420809609584099,-0.002515604055177444,-0.002942723859871199,0.0008702301940153602,-0.00666667843920531,0.005232703500902141,-0.005026513514271178,-0.0007869855681061262,0.004273311914533142,0.004103040653341582,8.746340978135151e-5,0.023057409975601965,-0.0028099927870457826,-0.0053263528769350275,-0.007932866839867433,0.0004859695975789199,-0.003801879125805487,-0.0002316043336360695,-0.0009751425819091424,-0.0008437408798052516,-0.004930775958019759,-0.002257998442919477,0.00300784666866432,0.0015656341071839303,0.0024548471830313856,-0.0004387645655375994,0.0028606284549500807,1.3060947100933724e-6,-0.003999524594799099,-0.004682518432351212,-0.0016530563501859713,-0.0028099927870457826,0.023216782781500744,0.005872174531170334,0.003625242346530148,0.004967253416639595,0.008725873394675347,-0.00035022119920958547,-0.0023660464242761256,-6.784684861843837e-5,0.008268432236771126,-0.0002162299435512024,-0.004045222436218562,-0.0047035134356280105,0.0011473805045986735,-0.001728570859262746,0.002029625711678352,-0.00409677330943071,-0.006007652885906028,-0.0035917035978046633,0.0004325307232214054,-0.0053263528769350275,0.005872174531170334,0.019363883202488583,0.0014416963139722953,-0.0019940938502782096,0.0038738569207831712,-0.0037514883836787943,-0.003951909298005056,-0.0013324268542076563,0.01138982883568742,-0.0017239515342793925,-0.006470860966146988,-0.0025730217263466833,-0.003127400559185024,-0.0015211565446256953,0.0010801887784668111,0.0015602876280039015,0.0013590449356649336,0.0005072270953265254,-0.007545189698796231,-0.007932866839867433,0.003625242346530148,0.0014416963139722953,0.02130083586418546,-0.00432202521816397,0.001737888735336878,-0.006391251538644095,0.0019830747026101042,-0.0034935371966454552,0.0024800218871054228,0.003096590508716219,-0.00034817032905054703,0.002427521030952023,-0.0013591166952359591,-0.0028981895543967484,-0.002080819028635125,0.003608540462163238,-0.0011398109252580262,0.0026435028589927912,-0.0062766856940740245,0.0004859695975789199,0.004967253416639595,-0.0019940938502782096,-0.00432202521816397,0.016854912505227335,0.004858201677190546,0.0004953198111113161,-0.007281427657194948,0.004034446520023695,-0.0019894559865922075,0.002674275439891741,0.0007205794845370574,-0.002902835505936184,0.0010799526383745892,-0.004109442530095979,0.005255005093816994,-0.004721846719624745,-0.0005008474897678576,0.0035535343254660717,-0.005937885497269042,-0.003801879125805487,0.008725873394675347,0.0038738569207831712,0.001737888735336878,0.004858201677190546,0.020990924400297966,-0.006049359326668496,0.0013531235478192174,0.001791929545013235,0.0025247625507153633,-0.0018152061093578693,-0.0053645678990339426,-0.0028781854330425247,-0.0016142607391743593,-0.002315267422984141,0.005452124714210024,-0.002340411987983298,0.0007120416780032361,-0.00015578102907432725,0.005342387717862014,-0.0002316043336360695,-0.00035022119920958547,-0.0037514883836787943,-0.006391251538644095,0.0004953198111113161,-0.006049359326668496,0.020548508597647563,-0.003693528394639287,-0.0001757866192157146,-0.005197320099008558,-8.157145206123077e-5,0.0028590425217930155,0.0010945884189886683,-0.0024057204641303237,0.004465784370726944,-0.001378076109869526,-0.006659832849476591,0.002452541479743927,0.0036731792673873535,0.0010728664184544352,-0.0009751425819091424,-0.0023660464242761256,-0.003951909298005056,0.0019830747026101042,-0.007281427657194948,0.0013531235478192174,-0.003693528394639287,0.014579305344714211,-0.004753193089842152,0.002373667853206289,-0.0009721195498208631,-0.0007879861050812511,-0.0022801832881033718,-0.001151683889328647,0.0024299783608529683,-0.00576662333135703,0.0097705870573494,0.002406951566081216,-0.0032418887991539367,-0.004879219520476579,-0.0008437408798052516,-6.784684861843837e-5,-0.0013324268542076563,-0.0034935371966454552,0.004034446520023695,0.001791929545013235,-0.0001757866192157146,-0.004753193089842152,0.020419442056274523,-0.0050344885726311545,0.003291563976042084,0.005661173036798601,-0.001157047604415891,-0.0011527419921174282,-0.0010242319337162604,-2.9055043097872824e-5,-0.003810858564876133,-0.004895437763014838,-0.004551518979303492,-0.0003420809609584099,-0.004930775958019759,0.008268432236771126,0.01138982883568742,0.0024800218871054228,-0.0019894559865922075,0.0025247625507153633,-0.005197320099008558,0.002373667853206289,-0.0050344885726311545,0.020302576579490896,-0.0015103545919616524,-0.008240614905660158,0.0013217345346777454,-0.0008224861734972087,-0.0024332398319555134,0.0005319629384581759,0.005035664154133557,-0.003546410390512621,0.003673331181806635,-0.002515604055177444,-0.002257998442919477,-0.0002162299435512024,-0.0017239515342793925,0.003096590508716219,0.002674275439891741,-0.0018152061093578693,-8.157145206123077e-5,-0.0009721195498208631,0.003291563976042084,-0.0015103545919616524,0.01872326783941224,0.0025506053344190732,0.003281571069902837,-0.0023650908037083367,-0.0022064894515877523,0.0009994264935800651,-0.008527429862204172,0.005534352751374148,-0.0020714607787621353,-0.002942723859871199,0.00300784666866432,-0.004045222436218562,-0.006470860966146988,-0.00034817032905054703,0.0007205794845370574,-0.0053645678990339426,0.0028590425217930155,-0.0007879861050812511,0.005661173036798601,-0.008240614905660158,0.0025506053344190732,0.02115928993738699,0.003774752923546232,-0.001317469580368731,0.0026781324999817016,-0.005310991867997602,-0.0027155619032533653,-0.006699274267636246,0.0006690746212352282,0.0008702301940153602,0.0015656341071839303,-0.0047035134356280105,-0.0025730217263466833,0.002427521030952023,-0.002902835505936184,-0.0028781854330425247,0.0010945884189886683,-0.0022801832881033718,-0.001157047604415891,0.0013217345346777454,0.003281571069902837,0.003774752923546232,0.01634755848658917,-0.0003696121340397567,-0.0054636641426577875,-0.0014121356947381825,-0.0007582606390579997,-0.0020318779854731272,-0.0030438092515665013,-0.00666667843920531,0.0024548471830313856,0.0011473805045986735,-0.003127400559185024,-0.0013591166952359591,0.0010799526383745892,-0.0016142607391743593,-0.0024057204641303237,-0.001151683889328647,-0.0011527419921174282,-0.0008224861734972087,-0.0023650908037083367,-0.001317469580368731,-0.0003696121340397567,0.021844440030238065,-0.007610994198031008,0.00812456920572479,0.0010744745897592587,0.008805978622202566,0.0037640665628739505,0.005232703500902141,-0.0004387645655375994,-0.001728570859262746,-0.0015211565446256953,-0.0028981895543967484,-0.004109442530095979,-0.002315267422984141,0.004465784370726944,0.0024299783608529683,-0.0010242319337162604,-0.0024332398319555134,-0.0022064894515877523,0.0026781324999817016,-0.0054636641426577875,-0.007610994198031008,0.025349230306699666,-0.006974135870248786,-0.002554360817441653,-0.007536504124426075,-0.0018413131222171115,-0.005026513514271178,0.0028606284549500807,0.002029625711678352,0.0010801887784668111,-0.002080819028635125,0.005255005093816994,0.005452124714210024,-0.001378076109869526,-0.00576662333135703,-2.9055043097872824e-5,0.0005319629384581759,0.0009994264935800651,-0.005310991867997602,-0.0014121356947381825,0.00812456920572479,-0.006974135870248786,0.022766154062199558,-0.0016752984389703713,-0.0041115012556967425,0.0015528295742346734,-0.0007869855681061262,1.3060947100933724e-6,-0.00409677330943071,0.0015602876280039015,0.003608540462163238,-0.004721846719624745,-0.002340411987983298,-0.006659832849476591,0.0097705870573494,-0.003810858564876133,0.005035664154133557,-0.008527429862204172,-0.0027155619032533653,-0.0007582606390579997,0.0010744745897592587,-0.002554360817441653,-0.0016752984389703713,0.024966231212034208
