0.024867094409588498,-0.0004912670009067984,0.00944284475022955,-0.0078098025541828596,0.0029147945070998405,0.006017557426545583,0.0036520565061103896,-0.009137623275189284,-0.0014804718437570533,0.002558471476990563,-0.005574790445859727,-0.006911094438376298,-0.004423454133349571,0.00945522645961695,0.002405109002711365,0.006159854138375701,-0.006506477019700909,-0.0023885807113339813,0.00028805974900311627,-0.0007401838286648966,-0.0004912670009067984,0.027816646055023875,0.0011686954551065353,-0.002520729953928237,0.0016459269277842746,-0.0086027646134352,0.0005758364006333931,-0.0031909079552140127,-0.00084872064472243,-0.0004283101420305308,-0.003976152911416756,0.0017523665427183876,-0.006946394988160553,0.0019839736426812693,0.006105811789780379,0.0033612294468879354,-0.0016930288218219842,-0.008260725924218903,-0.015323362944335756,0.0055290351063934165,0.00944284475022955,0.0011686954551065353,0.0463394380147264,0.022970267111897456,-0.013829767451151363,0.02047408248286574,-0.013671160008551436,-0.012165615150502228,-0.015425433810418283,-0.0010291715364461062,0.0025299667262132708,0.004361902328974928,-0.00686883499834381,0.007213914498619663,-0.011410063866538771,-0.01163202193192756,-0.008653855654134643,-0.026294165306089943,-7.838296442775738e-6,0.010386720140484983,-0.0078098025541828596,-0.002520729953928237,0.022970267111897456,0.061448308553767435,-0.03461991612053823,0.02336085484319285,-0.0036439376098032906,-0.009854308303554101,-0.012380991995693758,-0.006840323788985884,0.001789606188235196,0.010647152337395646,0.008693806944016542,0.007910226380496158,-0.015866387576836043,-0.026780032413780963,-0.006719203206131664,-0.003549844484382317,0.0005891298171131626,-0.00216149394305863,0.0029147945070998405,0.0016459269277842746,-0.013829767451151363,-0.03461991612053823,0.04294570559052813,-0.013839620331819687,0.0036985980046551647,0.0027502216576254313,0.0020477991823132876,0.007679021078216417,-0.0060670194192700986,-0.009441700876799498,-0.004953695955082334,-0.005061710435590844,0.012910777502112718,0.01681543641684178,0.004403408214739692,0.004609805369270664,0.006916965218870979,0.005853618923991125,0.006017557426545583,-0.0086027646134352,0.02047408248286574,0.02336085484319285,-0.013839620331819687,0.04480854528297451,-0.010265050728458978,-0.0032341332906992938,-0.012227756649459832,-0.002419382206313498,0.002730488818734976,-0.0032227692573044775,0.0035213485506721378,0.0038314627769631695,-0.006624345055996385,-0.017939985500298898,-0.011137055532325111,-0.01145433292825838,0.00837730045271359,0.00453046853878785,0.0036520565061103896,0.0005758364006333931,-0.013671160008551436,-0.0036439376098032906,0.0036985980046551647,-0.010265050728458978,0.03029789501924221,-0.006232755763918114,0.004870040236033272,0.007014633926050149,-0.011216630832904697,-0.005794585734120263,0.0037174297636366196,0.0066781621368194165,0.009797953577929895,0.007910953177476164,-0.005220513198929681,0.004397673562624012,-0.006389769694157652,-0.012006437097819837,-0.009137623275189284,-0.0031909079552140127,-0.012165615150502228,-0.009854308303554101,0.0027502216576254313,-0.0032341332906992938,-0.006232755763918114,0.04378233183981059,0.012791292955146253,-0.004345087212948743,0.010030912625217402,-0.006686004788966155,0.008034205081312164,-0.012495246975496584,-0.0010624394089221324,-0.008644656871601378,0.003366008989742557,0.006066512803097646,0.0044417719167424785,0.00419715172761234,-0.0014804718437570533,-0.00084872064472243,-0.015425433810418283,-0.012380991995693758,0.0020477991823132876,-0.012227756649459832,0.004870040236033272,0.012791292955146253,0.03226466547406775,-0.0008111697029370508,-0.00013957792374959602,-0.007037909913676436,0.0028676945265330685,-0.003128824912658321,0.006198007073863157,-0.0010074331419148673,0.003156474490341216,0.0153640066323021,-0.000760002591139329,-0.0028678387172173777,0.002558471476990563,-0.0004283101420305308,-0.0010291715364461062,-0.006840323788985884,0.007679021078216417,-0.002419382206313498,0.007014633926050149,-0.004345087212948743,-0.0008111697029370508,0.023699701869136537,-0.008340784404744214,-0.004756924555185208,0.0013555032851004932,0.00273149682569517,0.001040286182839972,0.002900344417804645,-1.510825755190688e-5,0.0025388921678676634,-0.005308170486285936,-0.006156902823465477,-0.005574790445859727,-0.003976152911416756,0.0025299667262132708,0.001789606188235196,-0.0060670194192700986,0.002730488818734976,-0.011216630832904697,0.010030912625217402,-0.00013957792374959602,-0.008340784404744214,0.030041360166376208,0.006826831235862261,-0.003026708884673041,-0.017543313359517143,-0.0074220778541377284,-0.005830260860994706,0.004928684333260127,-0.0010029092172144766,0.010753619758420783,0.007736569741000393,-0.006911094438376298,0.0017523665427183876,0.004361902328974928,0.010647152337395646,-0.009441700876799498,-0.0032227692573044775,-0.005794585734120263,-0.006686004788966155,-0.007037909913676436,-0.004756924555185208,0.006826831235862261,0.03948130094080408,-0.0007645436887769939,-0.0008397729908211568,-0.00646267898390576,-0.008217543632975062,2.952984942320647e-5,-0.001036215677717177,-0.0037439736659918765,0.004936733112508841,-0.004423454133349571,-0.006946394988160553,-0.00686883499834381,0.008693806944016542,-0.004953695955082334,0.0035213485506721378,0.0037174297636366196,0.008034205081312164,0.0028676945265330685,0.0013555032851004932,-0.003026708884673041,-0.0007645436887769939,0.0302554775953566,0.0034921455840920433,-0.00398342743848459,-0.009157732825777263,-0.003955377161768408,0.008020494234398507,-0.0017476605522721862,-0.010496811179259834,0.00945522645961695,0.0019839736426812693,0.007213914498619663,0.007910226380496158,-0.005061710435590844,0.0038314627769631695,0.0066781621368194165,-0.012495246975496584,-0.003128824912658321,0.00273149682569517,-0.017543313359517143,-0.0008397729908211568,0.0034921455840920433,0.04054734744169802,0.009441907503607821,-0.0007614217592036178,-0.014146285478212454,-0.006277533677193867,-0.00827049612698728,-0.00272091010441646,0.002405109002711365,0.006105811789780379,-0.011410063866538771,-0.015866387576836043,0.012910777502112718,-0.006624345055996385,0.009797953577929895,-0.0010624394089221324,0.006198007073863157,0.001040286182839972,-0.0074220778541377284,-0.00646267898390576,-0.00398342743848459,0.009441907503607821,0.029234124859158498,0.00518953359268904,-0.0055769099851437,-0.00035243616126658887,-0.004375282715624365,0.003341990214436429,0.006159854138375701,0.0033612294468879354,-0.01163202193192756,-0.026780032413780963,0.01681543641684178,-0.017939985500298898,0.007910953177476164,-0.008644656871601378,-0.0010074331419148673,0.002900344417804645,-0.005830260860994706,-0.008217543632975062,-0.009157732825777263,-0.0007614217592036178,0.00518953359268904,0.045748810890982324,0.007595508042287818,-0.002817565407643387,0.0013171278739322386,-0.007339744080335785,-0.006506477019700909,-0.0016930288218219842,-0.008653855654134643,-0.006719203206131664,0.004403408214739692,-0.011137055532325111,-0.005220513198929681,0.003366008989742557,0.003156474490341216,-1.510825755190688e-5,0.004928684333260127,2.952984942320647e-5,-0.003955377161768408,-0.014146285478212454,-0.0055769099851437,0.007595508042287818,0.03260848769518666,0.010584330525078192,0.0003740507682478691,-0.005454551281957341,-0.0023885807113339813,-0.008260725924218903,-0.026294165306089943,-0.003549844484382317,0.004609805369270664,-0.01145433292825838,0.004397673562624012,0.006066512803097646,0.0153640066323021,0.0025388921678676634,-0.0010029092172144766,-0.001036215677717177,0.008020494234398507,-0.006277533677193867,-0.00035243616126658887,-0.002817565407643387,0.010584330525078192,0.03708258375898225,-0.0035739838446540305,-0.01629126506981555,0.00028805974900311627,-0.015323362944335756,-7.838296442775738e-6,0.0005891298171131626,0.006916965218870979,0.00837730045271359,-0.006389769694157652,0.0044417719167424785,-0.000760002591139329,-0.005308170486285936,0.010753619758420783,-0.0037439736659918765,-0.0017476605522721862,-0.00827049612698728,-0.004375282715624365,0.0013171278739322386,0.0003740507682478691,-0.0035739838446540305,0.029017819481678447,0.004284443851245356,-0.0007401838286648966,0.0055290351063934165,0.010386720140484983,-0.00216149394305863,0.005853618923991125,0.00453046853878785,-0.012006437097819837,0.00419715172761234,-0.0028678387172173777,-0.006156902823465477,0.007736569741000393,0.004936733112508841,-0.010496811179259834,-0.00272091010441646,0.003341990214436429,-0.007339744080335785,-0.005454551281957341,-0.01629126506981555,0.004284443851245356,0.03472743520906677
0.03543243126979702,0.0044375944984341685,0.005678725692620734,0.0038676150387582584,0.026311283465940367,-0.010892881433139491,0.009105044322930625,0.00031722935804644626,0.006548817220636506,0.02423102752447024,-0.004835545621531101,-0.012895971615926795,-0.004781357120033584,0.023215210041702655,-0.018933524053836116,-0.022991507158302532,-0.014707469396001855,-0.008786604945587324,0.031879521983844306,-0.0019516053657726718,0.0044375944984341685,0.01806503461276419,0.0028670144608333465,-0.007395042393641008,0.006032068973666998,-0.0042980576902473385,0.004047100759255625,0.004810521327814623,-0.005895465199551572,0.006487284899261678,-0.003179851934086428,-0.008715165811568837,-0.0031466041193006352,0.007022772760881006,-0.021019324712093515,0.0002767307078736333,-0.0012908029344600625,-0.006658632867894101,0.009127173250079878,-0.004470914706169076,0.005678725692620734,0.0028670144608333465,0.02026484078014146,-0.0003538156299459751,0.011109846846507919,-0.006138056115032605,0.00017755477432551442,0.006599171563707587,-0.0020581029881285512,0.015476943674142962,-0.0013340521132569998,-0.002077479275175951,-0.006227781997876402,0.007556556121090668,-0.011427449922004847,-0.002666190251735011,-0.008267989840295073,-0.007141683971008996,0.013988668488077238,-0.0014458739617964327,0.0038676150387582584,-0.007395042393641008,-0.0003538156299459751,0.03997232933143854,-8.494829436143502e-5,0.0007139935588198112,-0.010354660182372594,-0.005708913837777422,0.013344309687028705,-0.004797440990890034,-0.007677192722945409,0.013684487390425475,0.013467426251330041,-0.004416321025990967,0.028770977126155062,-0.009566075646767048,-0.00150016337010201,0.008089468668489152,0.0029670376861002804,-0.0026134900731963604,0.026311283465940367,0.006032068973666998,0.011109846846507919,-8.494829436143502e-5,0.11690340930274075,-0.054650590484742384,-0.009764189351054957,-0.0065086378527967875,0.0174580775715103,0.0753434173116046,-0.020407506872649424,-0.05203858754259247,-0.009728620668512418,0.05358441585315042,-0.06640918689652374,-0.07721548771493056,-0.032477829732288695,-0.013670906234188748,0.0951486469864029,-0.023098001958878595,-0.010892881433139491,-0.0042980576902473385,-0.006138056115032605,0.0007139935588198112,-0.054650590484742384,0.0703180064429045,0.010224168353535899,0.0075805888512936355,-0.008750109233431736,-0.04661117441552981,0.03731031672048857,0.022336446857293447,0.008797380482154811,-0.02950571924815245,0.031778571880459766,0.06175912775357112,0.028014681119997498,0.023429776495077242,-0.06693164276120817,0.02060784536522224,0.009105044322930625,0.004047100759255625,0.00017755477432551442,-0.010354660182372594,-0.009764189351054957,0.010224168353535899,0.03166679128523549,0.007697631569656351,-0.012878324931023703,-0.004209714831691595,0.014468470625420869,-0.005493801307743034,-0.008299729753936199,0.004558453552957045,-0.012750350198277156,0.014855668254405107,0.00148210448020208,-0.003906343858738004,-0.0028628164373869325,0.004853349070887946,0.00031722935804644626,0.004810521327814623,0.006599171563707587,-0.005708913837777422,-0.0065086378527967875,0.0075805888512936355,0.007697631569656351,0.019397727480040053,-0.00631128868189727,0.0032139478432495327,0.005245008798828402,0.0015711512983840182,-0.0065000969892621396,0.0016673210862170064,-0.01295194272481345,0.021747746021879313,-0.00013792751146646741,-0.006093996386969454,-0.003849652037876052,0.0008632509355751344,0.006548817220636506,-0.005895465199551572,-0.0020581029881285512,0.013344309687028705,0.0174580775715103,-0.008750109233431736,-0.012878324931023703,-0.00631128868189727,0.027597847683589794,0.0009215284480850023,-0.007184345086421958,-0.000715236719053971,0.005258930377104918,0.0004383476920322962,0.01314506335660049,-0.027792914968270528,-0.000635276471223878,0.007924480267672784,0.010076709521448027,-0.00772031763697744,0.02423102752447024,0.006487284899261678,0.015476943674142962,-0.004797440990890034,0.0753434173116046,-0.04661117441552981,-0.004209714831691595,0.0032139478432495327,0.0009215284480850023,0.08612953361660389,-0.013943609468487102,-0.03417206411940133,-0.019944503305808606,0.04704974099069543,-0.06042362527195687,-0.04850768885387023,-0.03405712406281053,-0.02937771909570906,0.08488489333186092,-0.018812778054339833,-0.004835545621531101,-0.003179851934086428,-0.0013340521132569998,-0.007677192722945409,-0.020407506872649424,0.03731031672048857,0.014468470625420869,0.005245008798828402,-0.007184345086421958,-0.013943609468487102,0.053333218176698345,0.007304941673655169,-0.0020649306869838977,-0.007418192962406192,-0.0008974802145785251,0.04179338094296645,0.012390711867066643,0.01447500381507989,-0.037029478927480264,0.01397014124271113,-0.012895971615926795,-0.008715165811568837,-0.002077479275175951,0.013684487390425475,-0.05203858754259247,0.022336446857293447,-0.005493801307743034,0.0015711512983840182,-0.000715236719053971,-0.03417206411940133,0.007304941673655169,0.04745430820840317,0.008338027912108418,-0.029153231380119785,0.045599047899432255,0.03227140127950282,0.01651171225619694,0.009677327220039089,-0.04588324350563856,0.008435392910599894,-0.004781357120033584,-0.0031466041193006352,-0.006227781997876402,0.013467426251330041,-0.009728620668512418,0.008797380482154811,-0.008299729753936199,-0.0065000969892621396,0.005258930377104918,-0.019944503305808606,-0.0020649306869838977,0.008338027912108418,0.028022467823498567,-0.01055106221949173,0.01703571472931048,0.004550128903160266,0.009115096888671535,0.015612386696278138,-0.019844158748570123,-0.0016983967984653136,0.023215210041702655,0.007022772760881006,0.007556556121090668,-0.004416321025990967,0.05358441585315042,-0.02950571924815245,0.004558453552957045,0.0016673210862170064,0.0004383476920322962,0.04704974099069543,-0.007418192962406192,-0.029153231380119785,-0.01055106221949173,0.04786254080933368,-0.04550094440993743,-0.03657527778580134,-0.02569707304865431,-0.017362025571952558,0.05790634266253145,-0.01127563453546825,-0.018933524053836116,-0.021019324712093515,-0.011427449922004847,0.028770977126155062,-0.06640918689652374,0.031778571880459766,-0.012750350198277156,-0.01295194272481345,0.01314506335660049,-0.06042362527195687,-0.0008974802145785251,0.045599047899432255,0.01703571472931048,-0.04550094440993743,0.12701119067265898,0.017580238558869234,0.020114075398833135,0.031589687389165205,-0.05610083010853494,0.022003035161049664,-0.022991507158302532,0.0002767307078736333,-0.002666190251735011,-0.009566075646767048,-0.07721548771493056,0.06175912775357112,0.014855668254405107,0.021747746021879313,-0.027792914968270528,-0.04850768885387023,0.04179338094296645,0.03227140127950282,0.004550128903160266,-0.03657527778580134,0.017580238558869234,0.10931973085577223,0.03554913987671064,0.01697628592603026,-0.08644362599235636,0.01705320906758833,-0.014707469396001855,-0.0012908029344600625,-0.008267989840295073,-0.00150016337010201,-0.032477829732288695,0.028014681119997498,0.00148210448020208,-0.00013792751146646741,-0.000635276471223878,-0.03405712406281053,0.012390711867066643,0.01651171225619694,0.009115096888671535,-0.02569707304865431,0.020114075398833135,0.03554913987671064,0.03773014298565424,0.016074493920531688,-0.04576960097629246,0.011335930033122759,-0.008786604945587324,-0.006658632867894101,-0.007141683971008996,0.008089468668489152,-0.013670906234188748,0.023429776495077242,-0.003906343858738004,-0.006093996386969454,0.007924480267672784,-0.02937771909570906,0.01447500381507989,0.009677327220039089,0.015612386696278138,-0.017362025571952558,0.031589687389165205,0.01697628592603026,0.016074493920531688,0.04957130473913211,-0.035845934961248195,0.00615449495494242,0.031879521983844306,0.009127173250079878,0.013988668488077238,0.0029670376861002804,0.0951486469864029,-0.06693164276120817,-0.0028628164373869325,-0.003849652037876052,0.010076709521448027,0.08488489333186092,-0.037029478927480264,-0.04588324350563856,-0.019844158748570123,0.05790634266253145,-0.05610083010853494,-0.08644362599235636,-0.04576960097629246,-0.035845934961248195,0.12846080863956744,-0.02353821261576905,-0.0019516053657726718,-0.004470914706169076,-0.0014458739617964327,-0.0026134900731963604,-0.023098001958878595,0.02060784536522224,0.004853349070887946,0.0008632509355751344,-0.00772031763697744,-0.018812778054339833,0.01397014124271113,0.008435392910599894,-0.0016983967984653136,-0.01127563453546825,0.022003035161049664,0.01705320906758833,0.011335930033122759,0.00615449495494242,-0.02353821261576905,0.025469388195453482
