0.010602412823503549,0.002685587411576932,0.005576012714530531,0.0015936095272381684,0.002955662273196216,0.001283146185614656,0.0009637357256837215,0.0032664520118001333,-0.0014356560059495742,0.0016635786094399193,0.00010701402109376937,0.00014701035476089087,0.0002867227829408497,-2.9527508757960684e-5,0.0025819126249874225,-0.00425140618132715,0.0020382590113990923,-0.004267342182105862,-0.001008055547893383,-0.0005311764017723332,0.002685587411576932,0.007761074961268891,0.001562087591265248,-0.0007524528493450062,0.0018490798030519006,-0.0037347544210031293,-0.0002503000648115013,0.0012036639164220708,0.000784589009733865,0.0014526048730248797,0.0001530170368571081,-0.0014148368203445235,0.002133855638143385,0.00010657191921863046,-7.714425291552073e-6,-0.0003546313589375093,0.00072356388239459,7.595717564093396e-5,0.0017279197165334676,0.00318225989317934,0.005576012714530531,0.001562087591265248,0.014502619822823713,-0.0007690856338124047,0.0006308587455400381,-0.000733873528523693,-0.0009143377005567804,-0.0027873443504825546,-0.0014563570466712772,0.0015037710321152138,0.0017376040159877769,-0.00013878063087427293,-0.001467648771776066,0.0007139179176520079,0.0004426403547943058,-0.005501592377109369,-0.004249689431954334,-0.0013497093925158626,0.001084669520401254,-0.0011773834261455563,0.0015936095272381684,-0.0007524528493450062,-0.0007690856338124047,0.007886210089652288,0.0012891700794712387,-0.00017836783897150666,0.0014783529512620891,0.0006743850850632106,-0.0001708946060390362,0.0012720310420558868,-0.0006355343039758732,-0.001675876968518986,-0.0001486337137296063,-0.0017884345457424022,-0.0033966752641217094,0.000966362454185019,0.000680163302941558,0.0011604174627381668,0.0011070061295587602,-0.004772468128329186,0.002955662273196216,0.0018490798030519006,0.0006308587455400381,0.0012891700794712387,0.014790163923135766,-0.0009314768399042415,0.00024407178128758942,0.0009739981661066699,4.575672828113036e-5,0.0016300207628848254,-0.0012887920564165255,-0.0023175074886891828,0.0006378378047121853,-0.0011413442189886064,-0.002835120429352693,-0.0010434954330358853,0.0008526884322898994,0.0016025436526110122,-0.00019704616306017749,-0.0027776980594287374,0.001283146185614656,-0.0037347544210031293,-0.000733873528523693,-0.00017836783897150666,-0.0009314768399042415,0.01100249133265675,0.0008202426066614428,0.0013083110417101917,0.0025488581542660264,-0.002964053049919358,-0.0008361857058928392,0.0014618311656316944,0.0007620996355884514,-0.001225733519129681,-0.0009723039005855695,0.001456974717798448,0.0018232773260548215,0.0004873964333481437,-0.0008139731060983575,0.00014103894095196257,0.0009637357256837215,-0.0002503000648115013,-0.0009143377005567804,0.0014783529512620891,0.00024407178128758942,0.0008202426066614428,0.012565089180405671,0.0010294320474094868,0.001544506076472038,-1.7380273861359344e-5,-0.0012455309775094635,0.0023902245924071184,6.95727539404879e-5,0.0017420486696582524,5.779240315251954e-5,0.0012256921239927848,0.0012554444270964063,-0.00093899826133152,-0.00281191844245029,-0.000648362082068222,0.0032664520118001333,0.0012036639164220708,-0.0027873443504825546,0.0006743850850632106,0.0009739981661066699,0.0013083110417101917,0.0010294320474094868,0.01572665253802589,0.0015427021595021601,0.0002807271558667018,0.0027850203014488624,0.0021810786481178965,-0.004614690421404959,0.006078993243321956,-0.0009693072940199978,-7.792053017478489e-5,-0.0023213622925234564,0.0018844252418143159,0.0013676589680213305,0.001960391311813304,-0.0014356560059495742,0.000784589009733865,-0.0014563570466712772,-0.0001708946060390362,4.575672828113036e-5,0.0025488581542660264,0.001544506076472038,0.0015427021595021601,0.012783952737709573,0.0015858891414856492,-1.888285395603154e-5,-0.0027574985774736216,-0.0032669382406670545,-0.0007452666345620237,-0.0012362540116252585,0.0013919942012582613,-0.0024279042333688796,0.0009283472080389742,-0.002092926422706771,-0.0004548396873235446,0.0016635786094399193,0.0014526048730248797,0.0015037710321152138,0.0012720310420558868,0.0016300207628848254,-0.002964053049919358,-1.7380273861359344e-5,0.0002807271558667018,0.0015858891414856492,0.01248169635292522,0.0033308763960430425,-0.0014237271544417928,0.001696986804606564,-0.001574332825144221,-0.0012922128030914914,-0.0038645826318348293,0.001977942032933557,0.0019062592429815346,0.002369159196274259,0.0003608563527118971,0.00010701402109376937,0.0001530170368571081,0.0017376040159877769,-0.0006355343039758732,-0.0012887920564165255,-0.0008361857058928392,-0.0012455309775094635,0.0027850203014488624,-1.888285395603154e-5,0.0033308763960430425,0.015796483538876215,0.0031211390988325747,-0.0019770116007899216,0.0016793145991180224,-0.003935292021541176,-0.0011058017242715564,-0.0023999709200334864,-0.003072617161873848,6.995443667372658e-5,0.0010354583232788902,0.00014701035476089087,-0.0014148368203445235,-0.00013878063087427293,-0.001675876968518986,-0.0023175074886891828,0.0014618311656316944,0.0023902245924071184,0.0021810786481178965,-0.0027574985774736216,-0.0014237271544417928,0.0031211390988325747,0.009762750145783537,-0.00016414783269703682,-0.0007115099602098855,0.001847874283914034,0.0006725925114474576,0.0016343269545209748,-0.001747716154225346,0.0004296068520872384,-0.0020707933540668948,0.0002867227829408497,0.002133855638143385,-0.001467648771776066,-0.0001486337137296063,0.0006378378047121853,0.0007620996355884514,6.95727539404879e-5,-0.004614690421404959,-0.0032669382406670545,0.001696986804606564,-0.0019770116007899216,-0.00016414783269703682,0.016376269509925077,-0.0023831573580643025,0.0039031700270394875,0.0003406219626748668,0.007377203333873077,-0.0004368769269358212,-0.0012342899805587045,-0.002585546157986716,-2.9527508757960684e-5,0.00010657191921863046,0.0007139179176520079,-0.0017884345457424022,-0.0011413442189886064,-0.001225733519129681,0.0017420486696582524,0.006078993243321956,-0.0007452666345620237,-0.001574332825144221,0.0016793145991180224,-0.0007115099602098855,-0.0023831573580643025,0.01208712394533861,-0.0004453350662160519,0.0011090407707345326,0.0007934453140627327,-0.0015804256443746408,-0.0009737520607179014,-7.590438370329158e-5,0.0025819126249874225,-7.714425291552073e-6,0.0004426403547943058,-0.0033966752641217094,-0.002835120429352693,-0.0009723039005855695,5.779240315251954e-5,-0.0009693072940199978,-0.0012362540116252585,-0.0012922128030914914,-0.003935292021541176,0.001847874283914034,0.0039031700270394875,-0.0004453350662160519,0.013817384211967832,0.0013729658472691351,0.004181567545018091,-0.0013030082298688013,5.455993407813688e-5,-0.000583668975709064,-0.00425140618132715,-0.0003546313589375093,-0.005501592377109369,0.000966362454185019,-0.0010434954330358853,0.001456974717798448,0.0012256921239927848,-7.792053017478489e-5,0.0013919942012582613,-0.0038645826318348293,-0.0011058017242715564,0.0006725925114474576,0.0003406219626748668,0.0011090407707345326,0.0013729658472691351,0.018307828978050326,-0.00030683489491916684,0.0026057230868065462,-0.0040386494973210715,-0.0034738730745401064,0.0020382590113990923,0.00072356388239459,-0.004249689431954334,0.000680163302941558,0.0008526884322898994,0.0018232773260548215,0.0012554444270964063,-0.0023213622925234564,-0.0024279042333688796,0.001977942032933557,-0.0023999709200334864,0.0016343269545209748,0.007377203333873077,0.0007934453140627327,0.004181567545018091,-0.00030683489491916684,0.018309968031502498,0.0025022949388147798,-0.0028016167365198215,-0.0025522043067476297,-0.004267342182105862,7.595717564093396e-5,-0.0013497093925158626,0.0011604174627381668,0.0016025436526110122,0.0004873964333481437,-0.00093899826133152,0.0018844252418143159,0.0009283472080389742,0.0019062592429815346,-0.003072617161873848,-0.001747716154225346,-0.0004368769269358212,-0.0015804256443746408,-0.0013030082298688013,0.0026057230868065462,0.0025022949388147798,0.015028931624524428,0.005137099767457398,0.002124966733646159,-0.001008055547893383,0.0017279197165334676,0.001084669520401254,0.0011070061295587602,-0.00019704616306017749,-0.0008139731060983575,-0.00281191844245029,0.0013676589680213305,-0.002092926422706771,0.002369159196274259,6.995443667372658e-5,0.0004296068520872384,-0.0012342899805587045,-0.0009737520607179014,5.455993407813688e-5,-0.0040386494973210715,-0.0028016167365198215,0.005137099767457398,0.01779965058770152,0.004026071217716068,-0.0005311764017723332,0.00318225989317934,-0.0011773834261455563,-0.004772468128329186,-0.0027776980594287374,0.00014103894095196257,-0.000648362082068222,0.001960391311813304,-0.0004548396873235446,0.0003608563527118971,0.0010354583232788902,-0.0020707933540668948,-0.002585546157986716,-7.590438370329158e-5,-0.000583668975709064,-0.0034738730745401064,-0.0025522043067476297,0.002124966733646159,0.004026071217716068,0.013199622766773585
