0.03996299656341873,0.003849361092549586,0.0031047275640600364,-0.013538638148045515,0.0034363308023614165,-0.009103739365109158,0.003283590135173256,0.0037794053431091127,-0.013264014222827478,0.011175621415451052,0.008865325640660528,-0.006563781676272762,-0.008463979215596065,0.006839790625543638,-0.011171312795143112,-0.008153486936176119,-0.009045559663651035,-0.0015614687474712577,-0.027923563217098477,0.0190630219017164,0.003849361092549586,0.0206182274464629,0.004575359450473465,0.0025155090403875587,-0.0006231463139761122,-0.006510248544932707,0.0023420155372712694,-0.000255258450300073,0.00819248398579216,-0.0016785343349143373,0.005200710183456434,-0.0053144372009608695,0.0008559342213432086,0.00016740909482263622,0.002577974182624696,-0.00480351914415532,-0.0009491908265356682,0.002741478527574459,-0.004927772105563718,0.002956944151673104,0.0031047275640600364,0.004575359450473465,0.038147761121291625,0.008132482325112359,-0.012233643315155493,-0.0026376941378510902,0.0002677776806048501,-0.0012438917571562264,-0.01387569705418525,-0.0065355387451122605,0.01150386848273593,-0.003669650547196199,-0.005321316984886385,-0.00023750020344392845,0.00031012670235426685,0.005150600904127806,-0.003139865915383352,0.007155055984676204,0.0010610912788468622,-0.004568864138550841,-0.013538638148045515,0.0025155090403875587,0.008132482325112359,0.03134604584816841,-0.0036048845593561777,-0.0021649178537865945,-0.006918521880451941,-0.0028600267098095686,-0.003645451070177104,-0.009084853282855427,-0.0044398182039723805,0.0004833702283512794,-0.00029699770314472345,-0.004021111793153088,0.0054273239015486495,0.005900915760692818,0.007882548605161282,0.0015480400755170493,0.014430832953961876,-0.0095531872868574,0.0034363308023614165,-0.0006231463139761122,-0.012233643315155493,-0.0036048845593561777,0.0526301398064767,0.0030692658084409707,-0.007608087060854644,-0.006154390841931021,0.02311075514665646,0.003780179301936265,0.008156820642852612,-0.02512386692901443,0.019367571769824683,-0.011221112742303398,-0.01993157991725776,-0.02385950421008305,-0.006900240952659221,0.0006727029588155357,-0.0051497727068923835,0.03843280074477429,-0.009103739365109158,-0.006510248544932707,-0.0026376941378510902,-0.0021649178537865945,0.0030692658084409707,0.03447394951043173,0.007550674282540729,-0.006862035620274525,0.004140727895244833,-0.006325019663235759,-0.007862957516686093,0.0033979825751558118,0.01773461992550785,-0.006410559372781512,-0.0015317454795574018,7.687187561315496e-5,0.004333792641080187,0.0014671188427028982,0.007984990916139712,-0.004677882375416003,0.003283590135173256,0.0023420155372712694,0.0002677776806048501,-0.006918521880451941,-0.007608087060854644,0.007550674282540729,0.028358385677608827,-0.0031657063702964653,-0.00786621747191554,-0.00897955983533379,0.002525810425535165,-0.0003310119704520103,0.0063242312924022175,-0.0035262689074310564,0.0015304959073311288,0.0017286215554220227,0.005614969602008748,-0.003104477592911526,-0.005340829691492542,-0.0014523028166949716,0.0037794053431091127,-0.000255258450300073,-0.0012438917571562264,-0.0028600267098095686,-0.006154390841931021,-0.006862035620274525,-0.0031657063702964653,0.024544712130570034,-0.0020091821462912517,0.011153148558608173,-0.0019132915029320334,0.010103561040390344,-0.01677822800722175,0.005512515709075167,0.0018963177713463243,0.0013353031934953462,-0.008195854267612691,-0.001578399427316544,0.004716953059293571,-0.006563722038393744,-0.013264014222827478,0.00819248398579216,-0.01387569705418525,-0.003645451070177104,0.02311075514665646,0.004140727895244833,-0.00786621747191554,-0.0020091821462912517,0.04588300583974789,-0.0026280416289261093,0.0036501865218118274,-0.004469691727577195,0.0073007399030086614,-0.01756317797173891,-0.00014721823665802582,-0.012875579345386776,0.0002873011857879083,0.0006164698384526306,0.018545586066651146,0.006591911822931967,0.011175621415451052,-0.0016785343349143373,-0.0065355387451122605,-0.009084853282855427,0.003780179301936265,-0.006325019663235759,-0.00897955983533379,0.011153148558608173,-0.0026280416289261093,0.03685387007655379,-0.005912900245929711,0.009214456211343737,-0.015558488657652879,0.01144804378712264,-0.005176322628116549,0.003421778810968129,-0.013829919908887576,0.0025429700562907913,-0.0009371816951256954,-0.0022497039822609328,0.008865325640660528,0.005200710183456434,0.01150386848273593,-0.0044398182039723805,0.008156820642852612,-0.007862957516686093,0.002525810425535165,-0.0019132915029320334,0.0036501865218118274,-0.005912900245929711,0.03473812065502643,-0.023088531577128497,0.004323024620385804,-0.007300487235136826,-0.011279645009687643,-0.009671283991115893,-0.0018095365988216624,0.0007829179901851649,-0.0077248388505974045,0.027484462162436368,-0.006563781676272762,-0.0053144372009608695,-0.003669650547196199,0.0004833702283512794,-0.02512386692901443,0.0033979825751558118,-0.0003310119704520103,0.010103561040390344,-0.004469691727577195,0.009214456211343737,-0.023088531577128497,0.056346773167211775,-0.01768156646429566,0.017047491483430537,0.024303112848054816,0.015987020661355458,-0.0030755228930559497,0.0009732676793095439,0.008651801130685796,-0.04468369036612337,-0.008463979215596065,0.0008559342213432086,-0.005321316984886385,-0.00029699770314472345,0.019367571769824683,0.01773461992550785,0.0063242312924022175,-0.01677822800722175,0.0073007399030086614,-0.015558488657652879,0.004323024620385804,-0.01768156646429566,0.0394949361116857,-0.009752786171805217,-0.01091787124095357,-0.008753631504744489,0.005476255459666445,-0.0006394823756753084,-0.0015664203522930652,0.017349133144390714,0.006839790625543638,0.00016740909482263622,-0.00023750020344392845,-0.004021111793153088,-0.011221112742303398,-0.006410559372781512,-0.0035262689074310564,0.005512515709075167,-0.01756317797173891,0.01144804378712264,-0.007300487235136826,0.017047491483430537,-0.009752786171805217,0.033526388371376684,0.008831684592862505,0.014225652526422182,-0.010742719822170468,0.0011462832668532523,-0.01163311586533328,-0.017569301038563793,-0.011171312795143112,0.002577974182624696,0.00031012670235426685,0.0054273239015486495,-0.01993157991725776,-0.0015317454795574018,0.0015304959073311288,0.0018963177713463243,-0.00014721823665802582,-0.005176322628116549,-0.011279645009687643,0.024303112848054816,-0.01091787124095357,0.008831684592862505,0.03663202810968761,0.010791783446094133,0.00236890095992471,0.007714451921008687,0.004838627489795189,-0.03458779782623611,-0.008153486936176119,-0.00480351914415532,0.005150600904127806,0.005900915760692818,-0.02385950421008305,7.687187561315496e-5,0.0017286215554220227,0.0013353031934953462,-0.012875579345386776,0.003421778810968129,-0.009671283991115893,0.015987020661355458,-0.008753631504744489,0.014225652526422182,0.010791783446094133,0.037230241816583604,0.0037714408833376015,-0.0005876934420486592,0.007076670981904705,-0.02287616483111806,-0.009045559663651035,-0.0009491908265356682,-0.003139865915383352,0.007882548605161282,-0.006900240952659221,0.004333792641080187,0.005614969602008748,-0.008195854267612691,0.0002873011857879083,-0.013829919908887576,-0.0018095365988216624,-0.0030755228930559497,0.005476255459666445,-0.010742719822170468,0.00236890095992471,0.0037714408833376015,0.030813932260162935,-0.006140090423675807,0.012235070167837238,-0.004515993772316084,-0.0015614687474712577,0.002741478527574459,0.007155055984676204,0.0015480400755170493,0.0006727029588155357,0.0014671188427028982,-0.003104477592911526,-0.001578399427316544,0.0006164698384526306,0.0025429700562907913,0.0007829179901851649,0.0009732676793095439,-0.0006394823756753084,0.0011462832668532523,0.007714451921008687,-0.0005876934420486592,-0.006140090423675807,0.021770886865697992,-0.0020363024923073566,-0.010806914767003323,-0.027923563217098477,-0.004927772105563718,0.0010610912788468622,0.014430832953961876,-0.0051497727068923835,0.007984990916139712,-0.005340829691492542,0.004716953059293571,0.018545586066651146,-0.0009371816951256954,-0.0077248388505974045,0.008651801130685796,-0.0015664203522930652,-0.01163311586533328,0.004838627489795189,0.007076670981904705,0.012235070167837238,-0.0020363024923073566,0.05570158785275021,-0.013731768971376228,0.0190630219017164,0.002956944151673104,-0.004568864138550841,-0.0095531872868574,0.03843280074477429,-0.004677882375416003,-0.0014523028166949716,-0.006563722038393744,0.006591911822931967,-0.0022497039822609328,0.027484462162436368,-0.04468369036612337,0.017349133144390714,-0.017569301038563793,-0.03458779782623611,-0.02287616483111806,-0.004515993772316084,-0.010806914767003323,-0.013731768971376228,0.082887087236997
0.10396800695501375,0.029553818823503185,-0.0033939425781839686,0.06611032437905628,-0.043196685728507225,-0.07226067569177724,-0.006350821167869845,-0.05178141811180462,0.0029005235875077767,0.021891042892105333,0.012495841920726013,-0.011259650663756091,-0.03186783178577785,-0.019971006243024222,0.026603291686316026,-0.03989262650547069,0.016811938316577058,0.060370293525198765,-0.01892069361457472,-0.029887641016661595,0.029553818823503185,0.04679853909774925,-0.019610653049770513,0.03194207364380733,-0.01363181296214487,-0.03347407334174898,-0.0015829974972007923,-0.011292164968571515,0.009949736969527067,-0.00982308989903503,0.005066850762438613,-0.00043302689266765164,-0.011004809768219596,-0.0044472494922155725,-0.0038801924008753787,-0.01193851874371914,-0.0013553676845664867,0.01855692326692676,-0.007691009086861688,-0.010779318852445988,-0.0033939425781839686,-0.019610653049770513,0.05647460891426313,-0.014453029635338925,0.004603495682894464,0.018000239635636607,-0.012763267029156207,0.004496960299092478,-0.015339268976222762,0.008778083706045957,-0.008507542349809483,0.007618490486954598,0.007625054677260696,0.00425252106020531,0.010263210002202396,0.006419362194822982,-0.004244398656376498,-0.008876330831610595,-0.0017279990267331609,0.00590816861730923,0.06611032437905628,0.03194207364380733,-0.014453029635338925,0.07408094276193991,-0.03182483023506087,-0.0548155932701678,-0.009515088662085582,-0.0420558844233911,0.001663895417213799,0.009341622241356701,0.014939121256300134,-0.00806965957557855,-0.030796148496940588,-0.015596734754394232,0.013422976789259147,-0.02329852359492819,0.008678469764746555,0.03992426462457581,-0.009903449632033276,-0.018815954622356044,-0.043196685728507225,-0.01363181296214487,0.004603495682894464,-0.03182483023506087,0.04281212073088504,0.03672323482822985,0.005259709871690973,0.02849121493750319,0.0022273481705842443,-0.009890147002938148,-0.009524108976849553,0.002345071333316187,0.02140741829777032,0.007610081502840885,-0.008789208243381136,0.015064454459589689,-0.0068249963321392335,-0.030569612342260865,0.008359065106120143,-0.0029260009705275583,-0.07226067569177724,-0.03347407334174898,0.018000239635636607,-0.0548155932701678,0.03672323482822985,0.08059671005886242,0.005531724050437856,0.044743352063157424,-0.011262663131212085,-0.013048255688144036,-0.011854188433420369,0.006289440624351815,0.029723014997812484,0.01376534963308981,-0.010099671699164491,0.034779652361570906,-0.0167794431663455,-0.04984368298077989,0.015606866292834991,0.020930110260303746,-0.006350821167869845,-0.0015829974972007923,-0.012763267029156207,-0.009515088662085582,0.005259709871690973,0.005531724050437856,0.03091499845809498,-0.005888746840625441,0.004358923217439002,-0.002956927155954502,0.005132155547288207,-0.007492787115710834,-0.005660831915342715,0.0036046730593886447,-0.005976291546474213,0.004125425328259649,-0.0024271221520971503,0.0034280683054799966,0.00305165072464781,0.012228738679176884,-0.05178141811180462,-0.011292164968571515,0.004496960299092478,-0.0420558844233911,0.02849121493750319,0.044743352063157424,-0.005888746840625441,0.06375402055171375,0.006126764390662906,-0.020682736899346424,-0.020377638479204208,0.010036064840867442,0.027421704094004826,0.012342859837043429,-0.01714268634666656,0.031648106386176586,-0.014611171082537998,-0.05226425861947509,0.015568759091456663,0.00022593441093331256,0.0029005235875077767,0.009949736969527067,-0.015339268976222762,0.001663895417213799,0.0022273481705842443,-0.011262663131212085,0.004358923217439002,0.006126764390662906,0.030669145103219362,-0.008373446635024479,-0.0066369981458707875,-0.0011573440937495314,0.004971639052110798,0.002459684271368297,-0.006444299257095668,0.0018760029773305762,0.003933303501935805,-0.005296797428071381,0.0010555610893214396,-0.009694256565957377,0.021891042892105333,-0.00982308989903503,0.008778083706045957,0.009341622241356701,-0.009890147002938148,-0.013048255688144036,-0.002956927155954502,-0.020682736899346424,-0.008373446635024479,0.029696110038737917,0.0008255621391375379,-0.007015150059946422,-0.011027230913063474,-0.007268715523760793,0.01662750889854655,-0.011269353395525964,0.001944732257586323,0.018352076292783574,-0.004604071875483906,-0.0050825407140132105,0.012495841920726013,0.005066850762438613,-0.008507542349809483,0.014939121256300134,-0.009524108976849553,-0.011854188433420369,0.005132155547288207,-0.020377638479204208,-0.0066369981458707875,0.0008255621391375379,0.029161328241905534,-0.0002658489495476858,-0.0151444526108009,-0.004781879359618404,-0.007905541763384934,-0.00831573003649434,0.0026090110528370378,0.015699245065523074,-0.0006361925399317679,0.01215296879452,-0.011259650663756091,-0.00043302689266765164,0.007618490486954598,-0.00806965957557855,0.002345071333316187,0.006289440624351815,-0.007492787115710834,0.010036064840867442,-0.0011573440937495314,-0.007015150059946422,-0.0002658489495476858,0.025192899091820972,0.0024302322318540083,0.002569282812477653,-0.011967314751840877,0.00668553433798345,-0.008026952115478256,-0.013280671431439857,0.0036391465647609305,0.0055530862402528094,-0.03186783178577785,-0.011004809768219596,0.007625054677260696,-0.030796148496940588,0.02140741829777032,0.029723014997812484,-0.005660831915342715,0.027421704094004826,0.004971639052110798,-0.011027230913063474,-0.0151444526108009,0.0024302322318540083,0.03982302389992707,0.012191858374031923,-0.006921658260497415,0.017141607295471865,-0.002414068790537866,-0.02717772224366751,0.0054495543200016846,-0.0015803262740029975,-0.019971006243024222,-0.0044472494922155725,0.00425252106020531,-0.015596734754394232,0.007610081502840885,0.01376534963308981,0.0036046730593886447,0.012342859837043429,0.002459684271368297,-0.007268715523760793,-0.004781879359618404,0.002569282812477653,0.012191858374031923,0.022566225436028504,-0.007231322630602506,0.011260416379566564,-0.002833528216070238,-0.005706196592238151,0.0045119595257429815,-0.002543707857643349,0.026603291686316026,-0.0038801924008753787,0.010263210002202396,0.013422976789259147,-0.008789208243381136,-0.010099671699164491,-0.005976291546474213,-0.01714268634666656,-0.006444299257095668,0.01662750889854655,-0.007905541763384934,-0.011967314751840877,-0.006921658260497415,-0.007231322630602506,0.04583638173340024,-0.009575875770873347,0.005309367117527121,0.019076744447538166,-0.013437053853165386,-0.009295602240787355,-0.03989262650547069,-0.01193851874371914,0.006419362194822982,-0.02329852359492819,0.015064454459589689,0.034779652361570906,0.004125425328259649,0.031648106386176586,0.0018760029773305762,-0.011269353395525964,-0.00831573003649434,0.00668553433798345,0.017141607295471865,0.011260416379566564,-0.009575875770873347,0.04367435034230241,-0.016693591632071243,-0.03607232145137387,0.011688671295961926,0.002417062126566923,0.016811938316577058,-0.0013553676845664867,-0.004244398656376498,0.008678469764746555,-0.0068249963321392335,-0.0167794431663455,-0.0024271221520971503,-0.014611171082537998,0.003933303501935805,0.001944732257586323,0.0026090110528370378,-0.008026952115478256,-0.002414068790537866,-0.002833528216070238,0.005309367117527121,-0.016693591632071243,0.03406787272838698,0.013308938518874661,-0.002365244819174529,0.0007294729137740463,0.060370293525198765,0.01855692326692676,-0.008876330831610595,0.03992426462457581,-0.030569612342260865,-0.04984368298077989,0.0034280683054799966,-0.05226425861947509,-0.005296797428071381,0.018352076292783574,0.015699245065523074,-0.013280671431439857,-0.02717772224366751,-0.005706196592238151,0.019076744447538166,-0.03607232145137387,0.013308938518874661,0.07686765050926199,-0.022619985917417908,-0.008887325639113122,-0.01892069361457472,-0.007691009086861688,-0.0017279990267331609,-0.009903449632033276,0.008359065106120143,0.015606866292834991,0.00305165072464781,0.015568759091456663,0.0010555610893214396,-0.004604071875483906,-0.0006361925399317679,0.0036391465647609305,0.0054495543200016846,0.0045119595257429815,-0.013437053853165386,0.011688671295961926,-0.002365244819174529,-0.022619985917417908,0.024298427483345306,0.0027031316771702818,-0.029887641016661595,-0.010779318852445988,0.00590816861730923,-0.018815954622356044,-0.0029260009705275583,0.020930110260303746,0.012228738679176884,0.00022593441093331256,-0.009694256565957377,-0.0050825407140132105,0.01215296879452,0.0055530862402528094,-0.0015803262740029975,-0.002543707857643349,-0.009295602240787355,0.002417062126566923,0.0007294729137740463,-0.008887325639113122,0.0027031316771702818,0.05438784255017398
