0.0029078314547822033,-0.0011117540688009853,0.0030562062618449716,0.00026544015321070116,-0.0014018503145918663,-0.0017628128850994485,-0.0019541474852606986,-0.001540288484275342,0.00011168135306617764,0.0006224567402126197,0.003820439017548872,-0.00033485286034096434,0.0008611214859339947,-0.0008589053632083552,-0.0040750972564152724,0.0019534764987433444,-0.0007564882337457231,0.002011026545195489,0.001433524742958135,-0.003441491444040638,-0.0011117540688009853,0.007860801223722378,0.001764759722937798,-0.004561578026083122,0.002087240433953955,-0.0002302550447729481,-1.878899385722362e-6,-0.005154621309814216,0.002115507429630068,-0.006291166383653034,-0.0011298410258256642,0.0010479336202438277,0.00225091067266925,0.004142061139132394,-3.084332680651318e-5,0.000879472744737086,0.004177603754973053,-0.004196322801793644,0.0038169173209280424,-0.001041361545218891,0.0030562062618449716,0.001764759722937798,0.01731317117491052,-0.012173599480860742,-0.0007063589974853437,-0.005812046366356549,0.0012177044184194684,-0.0020350118832299516,-0.0073324278985912785,-0.0031602154512857823,0.003463784607729444,0.006030347476597234,0.003402434369359203,0.005645709747614209,-0.013412480938673216,0.006236677839130013,-0.0020536384425348464,0.005642679586361719,0.0007066446368207371,-0.004356663926012871,0.00026544015321070116,-0.004561578026083122,-0.012173599480860742,0.015549862037712199,-0.003954267767569445,0.001170278019839561,-0.004749646591144817,-0.002057365664403106,0.007893371133297175,0.006450376784627357,0.0015415131965840771,-0.006151741756581506,-0.0030380410264555066,-0.008197223536142825,0.007120447300148054,-0.0012600350100510224,-0.0023184646358865467,-0.002014362871833387,0.0009216630563357031,0.00031204587015151925,-0.0014018503145918663,0.002087240433953955,-0.0007063589974853437,-0.003954267767569445,0.008375667433069953,0.0032208978036958142,-0.003911774008888902,0.002595190928464425,-0.0007133674452508423,0.004250199554633461,-0.001665094936433556,-0.003856339778842426,0.0007623888540298153,0.0016866302038210232,0.0008019981226319279,0.0009347332377544369,0.006420968658560322,-0.0032846197242376255,-0.00474991584395474,0.0009701948193540711,-0.0017628128850994485,-0.0002302550447729481,-0.005812046366356549,0.001170278019839561,0.0032208978036958142,0.007657392219861193,0.0013941728431691202,0.00273973990451304,0.0025381908692983035,-0.00019582717892784726,-0.0022904936099015657,-0.0014520232093409885,-0.0012324438545903633,-0.0002884791574269988,0.003726498643172203,-0.006757994353937759,0.003869280380123169,-0.0026670832015724855,-0.0010211940346444525,-0.001809512077316101,-0.0019541474852606986,-1.878899385722362e-6,0.0012177044184194684,-0.004749646591144817,-0.003911774008888902,0.0013941728431691202,0.014604100755811407,0.00805092759682395,-0.00647286394192368,-0.014874898987342318,-0.001193899291898927,0.005407008726273505,0.001415616538479149,-0.0008941913187130726,0.002782458000728897,-0.00876051068508202,0.0006208388897070789,0.0021491520148456613,0.0064128327003315075,0.0025866788947364835,-0.001540288484275342,-0.005154621309814216,-0.0020350118832299516,-0.002057365664403106,0.002595190928464425,0.00273973990451304,0.00805092759682395,0.016975188854728426,-0.010176412919366277,-0.0023735090833661102,-0.00017201011679415727,-0.002879819631053275,0.0020420807745381527,-0.006091167735763516,0.003974951224869475,-0.004810480237209095,0.00485772552964118,0.0026691178521553623,-0.0016531710455685294,0.007149059066944078,0.00011168135306617764,0.002115507429630068,-0.0073324278985912785,0.007893371133297175,-0.0007133674452508423,0.0025381908692983035,-0.00647286394192368,-0.010176412919366277,0.011949791447800744,0.0020946063164553963,0.0008937391251163725,-0.0025595261527265236,-0.0029526085196109296,-0.000548129196042585,0.003280216007807786,-0.001819625796813324,-0.00017079160907604687,-0.005313411211992589,0.0023311153858466744,-0.006286226167525692,0.0006224567402126197,-0.006291166383653034,-0.0031602154512857823,0.006450376784627357,0.004250199554633461,-0.00019582717892784726,-0.014874898987342318,-0.0023735090833661102,0.0020946063164553963,0.029270877020716735,-0.007856355407164818,-0.0027016602133048606,-0.0038525651003650774,0.0032281250131419538,-0.0016109760688055724,0.01147208006074864,-0.008303974632388975,0.0030387190854195252,-0.019194794025251836,0.006565917622393022,0.003820439017548872,-0.0011298410258256642,0.003463784607729444,0.0015415131965840771,-0.001665094936433556,-0.0022904936099015657,-0.001193899291898927,-0.00017201011679415727,0.0008937391251163725,-0.007856355407164818,0.013432278384505383,-0.005642324903915034,0.0019249402842746782,-0.007391308543724426,-0.003890485313627067,-0.0009458211102683193,0.005627301740674532,-0.0005452779772225917,0.00964991566486776,-0.009581112794199593,-0.00033485286034096434,0.0010479336202438277,0.006030347476597234,-0.006151741756581506,-0.003856339778842426,-0.0014520232093409885,0.005407008726273505,-0.002879819631053275,-0.0025595261527265236,-0.0027016602133048606,-0.005642324903915034,0.010423184228255625,-0.0006569014695408385,0.007604407853297516,-0.00421981374684928,-0.0005414548872021075,-0.007671955436599093,0.004290907390775987,-0.0013461542531905855,0.0009984292138698282,0.0008611214859339947,0.00225091067266925,0.003402434369359203,-0.0030380410264555066,0.0007623888540298153,-0.0012324438545903633,0.001415616538479149,0.0020420807745381527,-0.0029526085196109296,-0.0038525651003650774,0.0019249402842746782,-0.0006569014695408385,0.004369387599992041,-0.0017481248286958595,-0.0022547410994227983,0.0009931677523302871,0.004380549529921427,-4.484125869781957e-5,0.0034978087063340987,-0.00014646079339145014,-0.0008589053632083552,0.004142061139132394,0.005645709747614209,-0.008197223536142825,0.0016866302038210232,-0.0002884791574269988,-0.0008941913187130726,-0.006091167735763516,-0.000548129196042585,0.0032281250131419538,-0.007391308543724426,0.007604407853297516,-0.0017481248286958595,0.013455009062688896,-0.003911138933908523,0.004463525971800437,-0.005481850919835769,0.00155657023339589,-0.007055573259830308,0.0022174077817886453,-0.0040750972564152724,-3.084332680651318e-5,-0.013412480938673216,0.007120447300148054,0.0008019981226319279,0.003726498643172203,0.002782458000728897,0.003974951224869475,0.003280216007807786,-0.0016109760688055724,-0.003890485313627067,-0.00421981374684928,-0.0022547410994227983,-0.003911138933908523,0.01416521462478136,-0.00556048218626356,0.002852049302217729,-0.005404846853066147,4.7701386089324285e-5,0.007086053770551779,0.0019534764987433444,0.000879472744737086,0.006236677839130013,-0.0012600350100510224,0.0009347332377544369,-0.006757994353937759,-0.00876051068508202,-0.004810480237209095,-0.001819625796813324,0.01147208006074864,-0.0009458211102683193,-0.0005414548872021075,0.0009931677523302871,0.004463525971800437,-0.00556048218626356,0.013682112113312026,-0.004200888344437331,0.0026283159642165148,-0.006978745398289691,0.0042699503203098245,-0.0007564882337457231,0.004177603754973053,-0.0020536384425348464,-0.0023184646358865467,0.006420968658560322,0.003869280380123169,0.0006208388897070789,0.00485772552964118,-0.00017079160907604687,-0.008303974632388975,0.005627301740674532,-0.007671955436599093,0.004380549529921427,-0.005481850919835769,0.002852049302217729,-0.004200888344437331,0.014420712774774752,-0.006348980982470071,0.006705815044505839,-0.0034252438043830898,0.002011026545195489,-0.004196322801793644,0.005642679586361719,-0.002014362871833387,-0.0032846197242376255,-0.0026670832015724855,0.0021491520148456613,0.0026691178521553623,-0.005313411211992589,0.0030387190854195252,-0.0005452779772225917,0.004290907390775987,-4.484125869781957e-5,0.00155657023339589,-0.005404846853066147,0.0026283159642165148,-0.006348980982470071,0.007002805814741337,-0.003046510935622003,0.0017190588632791412,0.001433524742958135,0.0038169173209280424,0.0007066446368207371,0.0009216630563357031,-0.00474991584395474,-0.0010211940346444525,0.0064128327003315075,-0.0016531710455685294,0.0023311153858466744,-0.019194794025251836,0.00964991566486776,-0.0013461542531905855,0.0034978087063340987,-0.007055573259830308,4.7701386089324285e-5,-0.006978745398289691,0.006705815044505839,-0.003046510935622003,0.0172287478051017,-0.008496383119340487,-0.003441491444040638,-0.001041361545218891,-0.004356663926012871,0.00031204587015151925,0.0009701948193540711,-0.001809512077316101,0.0025866788947364835,0.007149059066944078,-0.006286226167525692,0.006565917622393022,-0.009581112794199593,0.0009984292138698282,-0.00014646079339145014,0.0022174077817886453,0.007086053770551779,0.0042699503203098245,-0.0034252438043830898,0.0017190588632791412,-0.008496383119340487,0.01605747975163388
0.015774683329167122,0.004204981691445359,0.004922030067801673,0.001182731714759258,-0.003998005388712422,0.0020272677471352718,0.0008330765531846369,0.006285301466262461,-0.0059136199802898035,-0.0015603023123839771,0.0008408304918277271,0.0006790130682258768,0.0026370417784498668,-0.0010474467792462867,-0.003147950198061746,0.005730263538809816,-0.00260012527885892,0.0005745601172994376,-0.010149507884269993,-0.006350488139779514,0.004204981691445359,0.004177246899251673,-0.0015906074694980645,0.0016611242793593641,-0.0025025445973527833,0.0008983547069866852,-0.00023076546252177077,0.00040356265488262566,0.0001016436703551816,-0.0031143571481526107,-0.0013645212465098443,0.001322869533274134,-0.001804978089677875,-0.0016207628206396795,-0.0033418191803827233,-0.0004547479312856786,-0.0019758768264995473,0.0021794192726443257,-0.0017778823643370832,-0.0022855950980869384,0.004922030067801673,-0.0015906074694980645,0.010130526966769113,0.002772535293075136,-0.0019811654555006654,-0.0003188821846346483,-0.0005953814836457808,0.005199473597826334,-0.000915929363831468,0.0013935779445557203,-0.002036203929475595,-0.0004780695642600668,0.006615733539253349,0.0054969194520981144,0.0020311361173330437,0.001832007418037246,0.0018775222083321284,-0.0020658092690125727,-0.002286383665108793,-0.004481175548832121,0.001182731714759258,0.0016611242793593641,0.002772535293075136,0.009583043591342669,0.0002737355984339688,-0.001800906220421613,0.0021179537202192867,0.005077672885259829,0.007591685365217047,0.0006288209574716128,-0.0026141210222016265,-0.0015871425486628783,-0.0022709806069079854,0.002415975821880011,-0.004618163801343134,-0.0015306151657278014,-0.0007568544135148102,-0.0030665975089025277,0.005169899172519125,-0.0025559867504505655,-0.003998005388712422,-0.0025025445973527833,-0.0019811654555006654,0.0002737355984339688,0.009306810081958303,-4.4267528218830724e-5,0.004068217618970773,-0.005040898457796587,0.002771665455360105,-0.0014448096251872538,-0.0011749335798738503,-0.0008482055358459339,-0.0005366782303930959,-0.0017071453597702407,0.0017873640057300337,0.003657686517621452,0.004676223951210071,0.0011482998085721322,0.0007934628369566943,0.0025916376616821946,0.0020272677471352718,0.0008983547069866852,-0.0003188821846346483,-0.001800906220421613,-4.4267528218830724e-5,0.009987245089996337,-0.003338616190725543,-0.004133506543432138,-0.005796925239334866,-0.001736834184031573,-0.003461993225195915,-0.0011782610708653974,-0.004702017510037831,-0.0007362943323086368,0.0070859278430487884,0.0017146755967001044,0.0051272033243275564,0.006912479346469047,-0.010858713589239361,-0.0032040152064170095,0.0008330765531846369,-0.00023076546252177077,-0.0005953814836457808,0.0021179537202192867,0.004068217618970773,-0.003338616190725543,0.008554358540060895,0.0018055247625119778,0.0015744849192948533,0.0010205737912107075,0.0061184108474963885,-0.002758079588985821,-0.0010248101180900695,-0.00028965273848117036,0.0008065035837604796,0.0034867920040660095,-0.000996515984776997,0.00013661276690481866,-0.0009385458226751173,-0.0028084569880785617,0.006285301466262461,0.00040356265488262566,0.005199473597826334,0.005077672885259829,-0.005040898457796587,-0.004133506543432138,0.0018055247625119778,0.01264633464117561,0.0015701054301606992,0.007592016947129518,0.006769453092149776,-0.0028445335489872166,0.00021904894561670658,0.0026961689404871652,-0.005458269181012783,0.00033350101574062543,-0.006704883235853382,-0.0083506352934743,0.0022445410752451453,-0.002268149687327317,-0.0059136199802898035,0.0001016436703551816,-0.000915929363831468,0.007591685365217047,0.002771665455360105,-0.005796925239334866,0.0015744849192948533,0.0015701054301606992,0.012917031398167434,-0.00044248993285270764,-0.003332660608650534,0.0006379824079375714,9.412349186365028e-5,0.0023315759263072278,-0.008743245551093447,-0.0039356575611630105,-0.0010113741143639404,-0.005339967263924425,0.013363411741521213,0.0031774492783432605,-0.0015603023123839771,-0.0031143571481526107,0.0013935779445557203,0.0006288209574716128,-0.0014448096251872538,-0.001736834184031573,0.0010205737912107075,0.007592016947129518,-0.00044248993285270764,0.012057189838536403,0.00958979171201636,-0.0048331143598509384,-0.003722361929887815,0.0009679713461849443,-0.0001727742548201981,0.0004365390725736019,-0.004171249845006624,-0.0073024823343886425,0.002539542341230867,0.0022637120847079075,0.0008408304918277271,-0.0013645212465098443,-0.002036203929475595,-0.0026141210222016265,-0.0011749335798738503,-0.003461993225195915,0.0061184108474963885,0.006769453092149776,-0.003332660608650534,0.00958979171201636,0.01680742017698937,-0.003999888915980181,-0.0030424792050215265,-0.0006210600848092767,0.0005009050372315491,0.0027155081232441538,-0.007770350974386735,-0.0035732922032800695,-0.0023839431866918524,-0.000687818011816116,0.0006790130682258768,0.001322869533274134,-0.0004780695642600668,-0.0015871425486628783,-0.0008482055358459339,-0.0011782610708653974,-0.002758079588985821,-0.0028445335489872166,0.0006379824079375714,-0.0048331143598509384,-0.003999888915980181,0.0048245067185182944,0.004651947835597431,-0.00034351910712450087,-0.003654083329039105,-0.0009648962617095631,-0.0005382923785318954,0.0011879936107244678,0.0018561350088748666,0.001305118179679834,0.0026370417784498668,-0.001804978089677875,0.006615733539253349,-0.0022709806069079854,-0.0005366782303930959,-0.004702017510037831,-0.0010248101180900695,0.00021904894561670658,9.412349186365028e-5,-0.003722361929887815,-0.0030424792050215265,0.004651947835597431,0.013757634795453246,0.004142512324706654,-0.0018287524249430418,0.0015397328255112345,0.0007038504822742356,-0.0015090191882124395,0.0017841319518725352,-0.0007266519478831701,-0.0010474467792462867,-0.0016207628206396795,0.0054969194520981144,0.002415975821880011,-0.0017071453597702407,-0.0007362943323086368,-0.00028965273848117036,0.0026961689404871652,0.0023315759263072278,0.0009679713461849443,-0.0006210600848092767,-0.00034351910712450087,0.004142512324706654,0.006436973086682543,0.0018008135996531202,-0.0014308019614478317,0.0011836205789403902,-0.0007588407470062341,0.0008965461539486861,-0.0034195164098790396,-0.003147950198061746,-0.0033418191803827233,0.0020311361173330437,-0.004618163801343134,0.0017873640057300337,0.0070859278430487884,0.0008065035837604796,-0.005458269181012783,-0.008743245551093447,-0.0001727742548201981,0.0005009050372315491,-0.003654083329039105,-0.0018287524249430418,0.0018008135996531202,0.017115265555241833,0.0017092228085371433,0.0073125110545980525,0.008448989203471272,-0.011480109493365124,-0.005138511989833908,0.005730263538809816,-0.0004547479312856786,0.001832007418037246,-0.0015306151657278014,0.003657686517621452,0.0017146755967001044,0.0034867920040660095,0.00033350101574062543,-0.0039356575611630105,0.0004365390725736019,0.0027155081232441538,-0.0009648962617095631,0.0015397328255112345,-0.0014308019614478317,0.0017092228085371433,0.007014637152355018,0.001566144376824175,0.0012607986009516773,-0.007388474740342308,-0.0020542491571615227,-0.00260012527885892,-0.0019758768264995473,0.0018775222083321284,-0.0007568544135148102,0.004676223951210071,0.0051272033243275564,-0.000996515984776997,-0.006704883235853382,-0.0010113741143639404,-0.004171249845006624,-0.007770350974386735,-0.0005382923785318954,0.0007038504822742356,0.0011836205789403902,0.0073125110545980525,0.001566144376824175,0.009174140615535484,0.005170082167100633,-0.004211401108479427,-0.001077718506031445,0.0005745601172994376,0.0021794192726443257,-0.0020658092690125727,-0.0030665975089025277,0.0011482998085721322,0.006912479346469047,0.00013661276690481866,-0.0083506352934743,-0.005339967263924425,-0.0073024823343886425,-0.0035732922032800695,0.0011879936107244678,-0.0015090191882124395,-0.0007588407470062341,0.008448989203471272,0.0012607986009516773,0.005170082167100633,0.011747717816240559,-0.010559770082569659,-0.005533479537157734,-0.010149507884269993,-0.0017778823643370832,-0.002286383665108793,0.005169899172519125,0.0007934628369566943,-0.010858713589239361,-0.0009385458226751173,0.0022445410752451453,0.013363411741521213,0.002539542341230867,-0.0023839431866918524,0.0018561350088748666,0.0017841319518725352,0.0008965461539486861,-0.011480109493365124,-0.007388474740342308,-0.004211401108479427,-0.010559770082569659,0.021952509606288657,0.009221017370677846,-0.006350488139779514,-0.0022855950980869384,-0.004481175548832121,-0.0025559867504505655,0.0025916376616821946,-0.0032040152064170095,-0.0028084569880785617,-0.002268149687327317,0.0031774492783432605,0.0022637120847079075,-0.000687818011816116,0.001305118179679834,-0.0007266519478831701,-0.0034195164098790396,-0.005138511989833908,-0.0020542491571615227,-0.001077718506031445,-0.005533479537157734,0.009221017370677846,0.009805107667728484
