0.012719953122307509,0.004113566817154947,0.005891186401560635,0.002764739433478178,0.0014331692574981148,0.003979270679143726,-0.00010275386429961126,0.0051329546155941055,-0.0004244857105756976,6.901418038272891e-5,-0.00021766675031378467,-0.0008830502025838469,0.00010266273915436143,-0.0003367575027411374,0.002238691219711911,-0.002896280056129833,0.0014178540250679834,-0.0028466093838945216,0.001435340313144328,0.0006755152127472876,0.004113566817154947,0.01133744284436756,0.0001775256485156619,-0.0016215804313255418,0.00306239969100061,-0.0018229273176296496,-0.0019501362794398158,0.004230958885360842,0.004474071097007419,0.0006393549718805868,0.001222171086865573,-0.0007457124409539404,0.0013405422129069064,-0.00010974925741671923,-0.0029969745689286103,3.202133897420328e-5,0.0007869465016545664,-0.0019813381660365205,0.0005952294569830783,0.0036936222911358165,0.005891186401560635,0.0001775256485156619,0.018089019423066226,0.0016745954938812244,-0.002010575663131437,0.0002985304398015027,3.874261376794555e-5,-0.005740008865083832,-0.002905490958068035,-0.00014095183861093395,-0.0007764734306971472,-0.00019919275978520063,0.0002094029991041399,-0.0014399916079832742,0.0022616551061692422,-0.0032137272698956796,-0.008375192613958157,-0.0007413547868439474,0.0041966044177931365,-0.004542937275018359,0.002764739433478178,-0.0016215804313255418,0.0016745954938812244,0.012065152394269816,-0.000766552592045126,0.0006165535922937238,0.0013512794227752908,0.001037751339946069,-0.0021044854848100295,-0.0026874565330179193,-0.0026070094802957684,-0.0034908992611807728,0.0008797840682526791,-0.001434280970056712,-0.00161227043649452,0.001346916180136836,0.00030307248998006253,0.0028107367465656525,0.0018755487315897839,-0.006659431117540936,0.0014331692574981148,0.00306239969100061,-0.002010575663131437,-0.000766552592045126,0.01685093412340594,-0.0004910892375459498,0.0019579801426747295,0.0029879652236576757,0.0017459423403461119,0.0027264238611299316,0.0017699370309514895,-0.002633242233365715,0.0024928338674967566,-0.00030755324783110624,-0.0030044667195324028,-0.0003199525796545337,0.0016790933894643202,0.0023309160344094065,-0.0015105987215583922,-0.0006249948167123414,0.003979270679143726,-0.0018229273176296496,0.0002985304398015027,0.0006165535922937238,-0.0004910892375459498,0.01479680471087652,0.0010442783284608567,0.003578918734915517,0.0010237275356267269,-0.002187688941139046,-0.0026775794942332,0.0003460697406582362,0.005793230556321604,-0.0006306938430948106,-0.0025575256637012955,0.004581282466105624,0.002100307457281493,0.0023580495087374203,-0.000350207918402636,0.0008596838544240851,-0.00010275386429961126,-0.0019501362794398158,3.874261376794555e-5,0.0013512794227752908,0.0019579801426747295,0.0010442783284608567,0.0200288741027081,-0.0022664583507192703,-0.0024077989082638205,0.001083574052539839,-0.0011335688575816283,0.0024123807841372794,0.002982154388121709,0.004648498840571905,-0.0019397291781439562,0.0005144652644667772,0.0029717608757878176,-0.000277257692521426,-0.0018074197035144617,0.00013776422384193405,0.0051329546155941055,0.004230958885360842,-0.005740008865083832,0.001037751339946069,0.0029879652236576757,0.003578918734915517,-0.0022664583507192703,0.01977044537710438,0.003289569218581273,-0.0017982001996286415,0.00278052454280455,0.0020720965126860193,-0.003734932752188146,0.005073963741800014,-0.0023696536537684294,0.0027598220122185373,-0.0009826111352600772,0.001346457523546311,-0.0013248992907501501,0.002815852675475435,-0.0004244857105756976,0.004474071097007419,-0.002905490958068035,-0.0021044854848100295,0.0017459423403461119,0.0010237275356267269,-0.0024077989082638205,0.003289569218581273,0.01416381476799894,0.0009164209678616938,-0.0005287128084796216,-0.004083818885750096,-0.0017412640581717744,0.0005983156422511196,-0.0004491020511092182,0.0016910071777865533,-0.002076366004161733,-0.0013077921014797529,-0.0014559327433540485,0.00048747458501346194,6.901418038272891e-5,0.0006393549718805868,-0.00014095183861093395,-0.0026874565330179193,0.0027264238611299316,-0.002187688941139046,0.001083574052539839,-0.0017982001996286415,0.0009164209678616938,0.016188650380003274,0.0008313302018595232,-0.00027760665105358237,9.525514415261455e-5,-0.000558293990319502,0.00027729762086652163,-0.002983235950878472,0.0036660295046193033,0.00029533658820581467,0.004386234647952882,0.00266853314956285,-0.00021766675031378467,0.001222171086865573,-0.0007764734306971472,-0.0026070094802957684,0.0017699370309514895,-0.0026775794942332,-0.0011335688575816283,0.00278052454280455,-0.0005287128084796216,0.0008313302018595232,0.022032230043434894,0.0054161736597066945,-0.006730958575617698,0.00023139635032987465,-0.0026214059566896423,-0.0005219753930424582,-0.0010006270422680357,-0.004232870293258088,-0.0005984409549038134,0.005421603915174625,-0.0008830502025838469,-0.0007457124409539404,-0.00019919275978520063,-0.0034908992611807728,-0.002633242233365715,0.0003460697406582362,0.0024123807841372794,0.0020720965126860193,-0.004083818885750096,-0.00027760665105358237,0.0054161736597066945,0.014796626400254123,-0.0027647423620007446,-0.0016158344219114472,0.0005331664875952511,0.0005948672550497591,0.0017700750875877798,-0.0020265528881852736,0.003241419942640092,-0.0006347258786870047,0.00010266273915436143,0.0013405422129069064,0.0002094029991041399,0.0008797840682526791,0.0024928338674967566,0.005793230556321604,0.002982154388121709,-0.003734932752188146,-0.0017412640581717744,9.525514415261455e-5,-0.006730958575617698,-0.0027647423620007446,0.027920660922904073,-0.0022364233152266126,0.0003466790547491514,0.0007052530011158761,0.0009393558193493425,0.0002820192400959725,-0.0022996557013673716,-0.005751078319955713,-0.0003367575027411374,-0.00010974925741671923,-0.0014399916079832742,-0.001434280970056712,-0.00030755324783110624,-0.0006306938430948106,0.004648498840571905,0.005073963741800014,0.0005983156422511196,-0.000558293990319502,0.00023139635032987465,-0.0016158344219114472,-0.0022364233152266126,0.01598689721451425,-0.0021329632123748402,0.0009873552606780192,0.0031774805153866334,-0.0033224246601315575,0.001889090628987539,-0.0002626733609103173,0.002238691219711911,-0.0029969745689286103,0.0022616551061692422,-0.00161227043649452,-0.0030044667195324028,-0.0025575256637012955,-0.0019397291781439562,-0.0023696536537684294,-0.0004491020511092182,0.00027729762086652163,-0.0026214059566896423,0.0005331664875952511,0.0003466790547491514,-0.0021329632123748402,0.01548127157696718,-0.0010929207636777225,0.0010169871455184042,-0.0010089169193757857,0.0034143244785845017,-0.0012669344301197106,-0.002896280056129833,3.202133897420328e-5,-0.0032137272698956796,0.001346916180136836,-0.0003199525796545337,0.004581282466105624,0.0005144652644667772,0.0027598220122185373,0.0016910071777865533,-0.002983235950878472,-0.0005219753930424582,0.0005948672550497591,0.0007052530011158761,0.0009873552606780192,-0.0010929207636777225,0.020555152676473846,-0.0026296339398596087,0.004610981629021264,-0.004186316783553924,-0.0012601614281918174,0.0014178540250679834,0.0007869465016545664,-0.008375192613958157,0.00030307248998006253,0.0016790933894643202,0.002100307457281493,0.0029717608757878176,-0.0009826111352600772,-0.002076366004161733,0.0036660295046193033,-0.0010006270422680357,0.0017700750875877798,0.0009393558193493425,0.0031774805153866334,0.0010169871455184042,-0.0026296339398596087,0.02352981485681014,0.004176035522639617,0.0006017973538474917,0.002827957071945211,-0.0028466093838945216,-0.0019813381660365205,-0.0007413547868439474,0.0028107367465656525,0.0023309160344094065,0.0023580495087374203,-0.000277257692521426,0.001346457523546311,-0.0013077921014797529,0.00029533658820581467,-0.004232870293258088,-0.0020265528881852736,0.0002820192400959725,-0.0033224246601315575,-0.0010089169193757857,0.004610981629021264,0.004176035522639617,0.016324250706856787,0.0003140385125465043,0.0005483020492997523,0.001435340313144328,0.0005952294569830783,0.0041966044177931365,0.0018755487315897839,-0.0015105987215583922,-0.000350207918402636,-0.0018074197035144617,-0.0013248992907501501,-0.0014559327433540485,0.004386234647952882,-0.0005984409549038134,0.003241419942640092,-0.0022996557013673716,0.001889090628987539,0.0034143244785845017,-0.004186316783553924,0.0006017973538474917,0.0003140385125465043,0.021234397624093397,-0.0019850074893750375,0.0006755152127472876,0.0036936222911358165,-0.004542937275018359,-0.006659431117540936,-0.0006249948167123414,0.0008596838544240851,0.00013776422384193405,0.002815852675475435,0.00048747458501346194,0.00266853314956285,0.005421603915174625,-0.0006347258786870047,-0.005751078319955713,-0.0002626733609103173,-0.0012669344301197106,-0.0012601614281918174,0.002827957071945211,0.0005483020492997523,-0.0019850074893750375,0.01587219655259223
