0.028923728204614644,-0.0017017916352944622,0.0013085309087714498,-0.0030795620860049715,0.002123721998669584,-0.016251997635978774,0.01238983208700121,0.000654848560129445,0.0009618560608053919,0.0003801793352514808,0.0004962725594342487,-0.010706749566808619,0.006139125443824735,-0.00596661738705332,-0.0009891966164971636,-0.011651150912497472,0.0017999447306160335,-0.0035665910020784633,0.005991789757911754,0.007416690105553397,-0.0017017916352944622,0.02526157127141508,-0.0041353492399088445,0.005847767998332127,0.002629607527679721,0.001809299961935205,0.0005692718055281957,-0.0057450535797917545,0.0020534230953172623,-0.00802115375483828,0.0034794735565349326,0.00413364188176521,-0.0064141028139491334,-0.00310416115316394,-0.0015953801310256489,0.003406244822876935,-0.008350106914560982,-0.0007311201856074192,-0.007815477025110689,0.0007728512544931336,0.0013085309087714498,-0.0041353492399088445,0.027295264219375337,-0.006264657465249508,-0.001709104342939074,-0.0037215195777800638,0.01205748963372935,-0.006360794800020076,-0.010252244651459482,0.0042476843801928,0.00041819651527107805,0.004779564682794502,0.000564194477738185,-0.010187296892689112,-0.0016448685327109644,0.0006092434349150547,0.0009326930672073634,0.009349039740429945,0.00557368552573052,-0.007555342436260027,-0.0030795620860049715,0.005847767998332127,-0.006264657465249508,0.024146280178955464,-0.0021589786491976763,0.004323042899876774,-0.009888026719467504,0.0024242816323478402,0.010976913385367078,-0.005464476096462986,-0.00024060039203217955,-0.0035645618203312313,-0.00740827443012651,0.007580424567779995,-0.007055929295587347,0.011582668968620681,-0.0018009010276837031,0.0044717135619595835,-0.00958218982247903,0.005568738638999609,0.002123721998669584,0.002629607527679721,-0.001709104342939074,-0.0021589786491976763,0.015439509611303344,0.004728501355089605,-0.00011970465060022572,-0.002171017969106138,-0.002124026141351294,-0.0008371710133597271,0.0018744499890666895,-0.0034897859412931836,-0.0006297022596080232,-0.004596313072897654,0.003607199119612249,-0.0016529377387806995,-0.00248890017301227,-0.005984436775213993,-0.0022202919602337945,0.0012897128086042631,-0.016251997635978774,0.001809299961935205,-0.0037215195777800638,0.004323042899876774,0.004728501355089605,0.04050801048479842,-0.02289349375328132,0.0016843181719993798,0.0008863472692481192,-0.0012495656718359924,-0.0010150762557853876,0.0065693925893706455,-0.013105741265157518,0.013441492144110183,-0.004137788886054289,0.01238630447069666,0.004561886357665737,-0.0021937748934335033,-0.012712863453079537,-0.013752654486042432,0.01238983208700121,0.0005692718055281957,0.01205748963372935,-0.009888026719467504,-0.00011970465060022572,-0.02289349375328132,0.04957927559504443,-0.009277912795713949,-0.016214174423660525,-0.0018350875036461482,0.0131653433746681,-0.011592934112614412,0.015138035975468773,-0.028849450972692488,-0.002120993766406643,-0.016686773248682615,-0.010773615395020596,0.003068038944909315,0.020879360900566406,0.010656865869011833,0.000654848560129445,-0.0057450535797917545,-0.006360794800020076,0.0024242816323478402,-0.002171017969106138,0.0016843181719993798,-0.009277912795713949,0.023403584557448225,0.0034712953263592358,-0.0007774842044765829,-0.003923874228003139,-0.003068588570264429,-0.004474540665796469,0.017944732274391993,0.002651154470043154,0.004773873526889581,0.006494300129607607,-0.0008924676249093369,-0.004437015536248912,-0.005660815776212876,0.0009618560608053919,0.0020534230953172623,-0.010252244651459482,0.010976913385367078,-0.002124026141351294,0.0008863472692481192,-0.016214174423660525,0.0034712953263592358,0.03858535604864236,0.0015496614842635207,-0.00716456315439865,9.616425573673144e-5,-0.00566326275447886,0.0057196370561927706,-0.0019296304730993619,0.006788797046362811,-0.00035741205652546246,-0.0029883889035718187,-0.008090537715906218,0.00662343298234426,0.0003801793352514808,-0.00802115375483828,0.0042476843801928,-0.005464476096462986,-0.0008371710133597271,-0.0012495656718359924,-0.0018350875036461482,-0.0007774842044765829,0.0015496614842635207,0.027514560531727975,-0.004290856686464787,-0.0003589959421096321,0.007163468908221704,-0.005171856451661376,-0.002154218208383349,-0.0020434117849505223,0.008742178426299686,-0.0051778942874424316,-0.0042456595239870306,0.0031685473766745074,0.0004962725594342487,0.0034794735565349326,0.00041819651527107805,-0.00024060039203217955,0.0018744499890666895,-0.0010150762557853876,0.0131653433746681,-0.003923874228003139,-0.00716456315439865,-0.004290856686464787,0.01984771098719771,-0.0051680211379029105,-0.00021987057753449998,-0.0070194349188314725,-0.0008311620098455724,-0.004341531567084623,-0.004614176715325472,-0.0003629305356471653,0.006310809985561746,-0.002889900116373455,-0.010706749566808619,0.00413364188176521,0.004779564682794502,-0.0035645618203312313,-0.0034897859412931836,0.0065693925893706455,-0.011592934112614412,-0.003068588570264429,9.616425573673144e-5,-0.0003589959421096321,-0.0051680211379029105,0.03500654524099867,-0.0016539751655729323,0.0076904202959512,0.00323546360511171,0.0031932122084651435,0.0005655677147354717,-0.0024216361483213244,-0.0052353941512454216,-0.006639507287775929,0.006139125443824735,-0.0064141028139491334,0.000564194477738185,-0.00740827443012651,-0.0006297022596080232,-0.013105741265157518,0.015138035975468773,-0.004474540665796469,-0.00566326275447886,0.007163468908221704,-0.00021987057753449998,-0.0016539751655729323,0.030211077225817912,-0.01671704558977326,-0.000796492211633543,-0.013960097474293515,-0.001967438722925279,0.0037313698946523513,0.014339199095347456,0.006870427219705743,-0.00596661738705332,-0.00310416115316394,-0.010187296892689112,0.007580424567779995,-0.004596313072897654,0.013441492144110183,-0.028849450972692488,0.017944732274391993,0.0057196370561927706,-0.005171856451661376,-0.0070194349188314725,0.0076904202959512,-0.01671704558977326,0.05741794804647641,0.0034996194321911846,0.016753929815400245,0.01766564936564381,-0.007856781170192843,-0.02241911436644073,-0.013294465085568336,-0.0009891966164971636,-0.0015953801310256489,-0.0016448685327109644,-0.007055929295587347,0.003607199119612249,-0.004137788886054289,-0.002120993766406643,0.002651154470043154,-0.0019296304730993619,-0.002154218208383349,-0.0008311620098455724,0.00323546360511171,-0.000796492211633543,0.0034996194321911846,0.028867180432489373,-0.004829760928813726,-0.0013661276458899778,-0.010358909164569462,-7.704133622325255e-5,-0.0009119057009509512,-0.011651150912497472,0.003406244822876935,0.0006092434349150547,0.011582668968620681,-0.0016529377387806995,0.01238630447069666,-0.016686773248682615,0.004773873526889581,0.006788797046362811,-0.0020434117849505223,-0.004341531567084623,0.0031932122084651435,-0.013960097474293515,0.016753929815400245,-0.004829760928813726,0.027529373659951978,0.0005923273955800264,-0.0016602284655049388,-0.022135105931503547,-0.005063172886255147,0.0017999447306160335,-0.008350106914560982,0.0009326930672073634,-0.0018009010276837031,-0.00248890017301227,0.004561886357665737,-0.010773615395020596,0.006494300129607607,-0.00035741205652546246,0.008742178426299686,-0.004614176715325472,0.0005655677147354717,-0.001967438722925279,0.01766564936564381,-0.0013661276458899778,0.0005923273955800264,0.02387698839086888,-0.002872405647425927,-0.00474552548729473,-0.00787791588585772,-0.0035665910020784633,-0.0007311201856074192,0.009349039740429945,0.0044717135619595835,-0.005984436775213993,-0.0021937748934335033,0.003068038944909315,-0.0008924676249093369,-0.0029883889035718187,-0.0051778942874424316,-0.0003629305356471653,-0.0024216361483213244,0.0037313698946523513,-0.007856781170192843,-0.010358909164569462,-0.0016602284655049388,-0.002872405647425927,0.02324173278503317,0.01059294457022067,0.003166496853681286,0.005991789757911754,-0.007815477025110689,0.00557368552573052,-0.00958218982247903,-0.0022202919602337945,-0.012712863453079537,0.020879360900566406,-0.004437015536248912,-0.008090537715906218,-0.0042456595239870306,0.006310809985561746,-0.0052353941512454216,0.014339199095347456,-0.02241911436644073,-7.704133622325255e-5,-0.022135105931503547,-0.00474552548729473,0.01059294457022067,0.04973479190247408,0.00925384441507067,0.007416690105553397,0.0007728512544931336,-0.007555342436260027,0.005568738638999609,0.0012897128086042631,-0.013752654486042432,0.010656865869011833,-0.005660815776212876,0.00662343298234426,0.0031685473766745074,-0.002889900116373455,-0.006639507287775929,0.006870427219705743,-0.013294465085568336,-0.0009119057009509512,-0.005063172886255147,-0.00787791588585772,0.003166496853681286,0.00925384441507067,0.03138207991959748
0.07022835419525585,-0.010871753522613659,0.03362237611832225,-0.013215005100794885,-0.0008989484676988274,-0.0004727260671708224,-0.002460989769346329,-0.0290683628675776,0.000700296563512476,0.029740838100836664,0.02670054417440116,0.00797643694426935,0.009320177444961397,0.0020979033356694024,-0.0447302366108748,0.009917595581269804,-0.010528963873359151,-0.0035754185699179604,-0.022040870688927405,-0.03816613314383479,-0.010871753522613659,0.027517467733958655,-0.0049902090668417845,-0.014298967993837603,-0.003233003150997618,0.0010468909556271564,0.0020027391829824507,0.005022794974245151,-0.0047383932234444925,-0.001320170864526942,-0.012746435616716591,-0.016399583414401824,0.003860111030351208,0.009193018994792163,0.021764511244654765,0.004353820507662822,-0.00040055970510224844,-0.0007615793867112821,-0.002034280342236964,0.010995391303628334,0.03362237611832225,-0.0049902090668417845,0.06641197375263855,-0.002745650255940625,0.011883696672337893,0.0037077357234320896,-0.0014368821145226704,-0.012996764236854119,-0.013948952574534209,0.028573441898895657,0.023520205950136607,0.015152710233840856,-0.0029903906969799294,-0.01812504101352868,-0.03948898887080834,-0.012345994236438469,-0.009113997585918278,0.00892150693552966,-0.016555948171614605,-0.031141587417253792,-0.013215005100794885,-0.014298967993837603,-0.002745650255940625,0.03866639739357333,0.0027267825629364462,-0.0029190625988026785,-0.009042402851412938,0.012592518683830014,0.004241720160660281,-0.019473905378411843,0.00034087028943588873,0.010715261475378459,-0.005130494100086572,-0.01407561679807479,-0.0033431844002825015,-0.007404920713650715,0.01022361506095364,0.0016352224432971086,-0.00046612894803841346,0.006182144130834398,-0.0008989484676988274,-0.003233003150997618,0.011883696672337893,0.0027267825629364462,0.02097981631786249,0.002164095928742025,-2.807061817309603e-5,-0.0015782271276180175,-0.0007788351926381147,0.004353100387719879,0.002845754113501558,0.0057619978806240126,-0.007189599850264954,-0.008590023015383048,-0.014316678801418473,-0.0028713663245728176,0.009036241262057236,0.006234190086978543,-0.005054768545410701,-0.004886333552445984,-0.0004727260671708224,0.0010468909556271564,0.0037077357234320896,-0.0029190625988026785,0.002164095928742025,0.026599580086536415,0.006464973684793087,0.0034230231091509056,0.008024596047355403,0.006202134433778561,-0.003905198507601849,-0.010746588839933926,-0.010941548074767958,0.0032540069649300567,-0.0018922342237066468,-0.010519104760081272,0.009023268665101777,0.008525229250898537,0.0010851211653429742,-0.012121241583223755,-0.002460989769346329,0.0020027391829824507,-0.0014368821145226704,-0.009042402851412938,-2.807061817309603e-5,0.006464973684793087,0.03309892631881385,-0.002935304858476522,0.007440522376459614,0.015749145876862214,-0.0034902242854039115,-0.008562774594053335,-0.007753540902013236,0.003403710484764122,0.002271371144618407,-0.01291435689325943,0.008137363114372704,0.005203545584660496,0.004011915282012278,-0.010559414863326332,-0.0290683628675776,0.005022794974245151,-0.012996764236854119,0.012592518683830014,-0.0015782271276180175,0.0034230231091509056,-0.002935304858476522,0.04269686722908275,0.001269649772302265,-0.022896232873199203,-0.005713846857938914,0.005732689920558901,-4.474183730543752e-5,-0.00784627032325805,0.01686965067167495,-0.017136752984539434,0.003308774585694477,0.0056648417554232295,0.004203154880937806,0.008344763992061528,0.000700296563512476,-0.0047383932234444925,-0.013948952574534209,0.004241720160660281,-0.0007788351926381147,0.008024596047355403,0.007440522376459614,0.001269649772302265,0.02626372428821313,0.00118905731452706,-0.006647010894485281,-0.001992353946446055,-0.006570945166544983,0.004458636636391034,-0.0032313680607494338,-0.0012980490820669799,0.007278217067907582,0.004454583689611272,0.00118945985335001,-0.005369896737260057,0.029740838100836664,-0.001320170864526942,0.028573441898895657,-0.019473905378411843,0.004353100387719879,0.006202134433778561,0.015749145876862214,-0.022896232873199203,0.00118905731452706,0.053042358527997484,0.013073211402429856,-0.0005808562759285308,-0.0020778586990390117,0.007016840275806265,-0.029220871310352246,-0.010439088647308283,-0.003599449305723679,0.008178528230509388,-0.013843085189822685,-0.03415822378592559,0.02670054417440116,-0.012746435616716591,0.023520205950136607,0.00034087028943588873,0.002845754113501558,-0.003905198507601849,-0.0034902242854039115,-0.005713846857938914,-0.006647010894485281,0.013073211402429856,0.04862306895049942,0.02903780336879757,0.0018641931712617907,-0.017903670063334712,-0.03294149690519349,-0.00804530851859802,-0.009457693201036258,0.006475686279851971,-0.01819245861904976,-0.025050717333195277,0.00797643694426935,-0.016399583414401824,0.015152710233840856,0.010715261475378459,0.0057619978806240126,-0.010746588839933926,-0.008562774594053335,0.005732689920558901,-0.001992353946446055,-0.0005808562759285308,0.02903780336879757,0.043401011065248664,0.005253682409641802,-0.019135104250817277,-0.027126628586152095,-0.005930309301068271,-0.007004581768679323,0.003454793009290927,-0.017845786809200584,-0.014362356894300722,0.009320177444961397,0.003860111030351208,-0.0029903906969799294,-0.005130494100086572,-0.007189599850264954,-0.010941548074767958,-0.007753540902013236,-4.474183730543752e-5,-0.006570945166544983,-0.0020778586990390117,0.0018641931712617907,0.005253682409641802,0.035251383179472934,0.0032831653947636937,-0.0016288215476004183,0.010701169947044502,-0.015946307847530723,-0.00681473767878703,0.003309578892111709,0.004066032938366195,0.0020979033356694024,0.009193018994792163,-0.01812504101352868,-0.01407561679807479,-0.008590023015383048,0.0032540069649300567,0.003403710484764122,-0.00784627032325805,0.004458636636391034,0.007016840275806265,-0.017903670063334712,-0.019135104250817277,0.0032831653947636937,0.03486577409677971,0.01903930066304786,0.008225974774533457,-0.003284984534445973,-0.010466753234944158,0.011209413672491952,0.006911541160697304,-0.0447302366108748,0.021764511244654765,-0.03948898887080834,-0.0033431844002825015,-0.014316678801418473,-0.0018922342237066468,0.002271371144618407,0.01686965067167495,-0.0032313680607494338,-0.029220871310352246,-0.03294149690519349,-0.027126628586152095,-0.0016288215476004183,0.01903930066304786,0.07607602339794112,0.009408394183635491,0.00025059624668914357,-0.00778097683916228,0.025054463899330182,0.044884448959969105,0.009917595581269804,0.004353820507662822,-0.012345994236438469,-0.007404920713650715,-0.0028713663245728176,-0.010519104760081272,-0.01291435689325943,-0.017136752984539434,-0.0012980490820669799,-0.010439088647308283,-0.00804530851859802,-0.005930309301068271,0.010701169947044502,0.008225974774533457,0.009408394183635491,0.04787120016599298,-0.00423836572967047,-0.013977918800898544,-0.003320633597100134,0.01774853318798849,-0.010528963873359151,-0.00040055970510224844,-0.009113997585918278,0.01022361506095364,0.009036241262057236,0.009023268665101777,0.008137363114372704,0.003308774585694477,0.007278217067907582,-0.003599449305723679,-0.009457693201036258,-0.007004581768679323,-0.015946307847530723,-0.003284984534445973,0.00025059624668914357,-0.00423836572967047,0.026392257666157465,0.0024548208010135597,0.0006245555896937912,0.0023775440341349194,-0.0035754185699179604,-0.0007615793867112821,0.00892150693552966,0.0016352224432971086,0.006234190086978543,0.008525229250898537,0.005203545584660496,0.0056648417554232295,0.004454583689611272,0.008178528230509388,0.006475686279851971,0.003454793009290927,-0.00681473767878703,-0.010466753234944158,-0.00778097683916228,-0.013977918800898544,0.0024548208010135597,0.030845840013322995,-0.009318408211927809,-0.011794853271994088,-0.022040870688927405,-0.002034280342236964,-0.016555948171614605,-0.00046612894803841346,-0.005054768545410701,0.0010851211653429742,0.004011915282012278,0.004203154880937806,0.00118945985335001,-0.013843085189822685,-0.01819245861904976,-0.017845786809200584,0.003309578892111709,0.011209413672491952,0.025054463899330182,-0.003320633597100134,0.0006245555896937912,-0.009318408211927809,0.04109905675867297,0.018591501591724378,-0.03816613314383479,0.010995391303628334,-0.031141587417253792,0.006182144130834398,-0.004886333552445984,-0.012121241583223755,-0.010559414863326332,0.008344763992061528,-0.005369896737260057,-0.03415822378592559,-0.025050717333195277,-0.014362356894300722,0.004066032938366195,0.006911541160697304,0.044884448959969105,0.01774853318798849,0.0023775440341349194,-0.011794853271994088,0.018591501591724378,0.05587631780138758
