0.0059429799491548035,0.005699291090077956,0.0026130723586723493,-0.00374937538978656,-0.0008882691790212515,0.0007417056369521778,-0.001816440471967578,-0.0031578597584916573,-0.0013429531366613361,0.005560481353398185,0.0018710179811811793,0.0007104370271078847,-0.005853306803044847,0.0025250456502103674,0.005067080795422214,-0.0027362777813702303,-0.00108979089813528,0.0007277402751783848,0.00029603246830317976,-0.002580604677194306,0.005699291090077956,0.010172202136305864,0.0005610586102878308,-0.005804597321464367,0.0019282913205010857,-0.0021319148663883113,-0.003067909957370986,-0.005065388966439219,-0.0005950270711240695,0.006250397638660449,0.0052961604962946515,-0.001408203937843848,-0.0037400505172893723,0.002665297718094194,0.0067727081980681145,-0.00506070090749235,-0.0010931541848756196,6.217244493172177e-5,-0.0009144479461196086,-0.002128357772458756,0.0026130723586723493,0.0005610586102878308,0.01607008584090076,-0.002915671092717698,-0.002578238095647543,0.0021618283316524366,-0.0027556467598142467,-0.0018890467582903508,-0.0018531195669416948,-0.0008475224363358174,-0.007252395374118297,-0.004942617124874647,-0.009000174837700959,0.000978579597071055,0.0036699541528982774,-0.0028938902257828448,-0.00099954743170656,0.001561876659486152,0.007248878010331937,-0.004451594805675731,-0.00374937538978656,-0.005804597321464367,-0.002915671092717698,0.010557249094820954,-0.005750562534338297,-0.0014200487443078544,0.0058384484212400676,0.00019373116598154333,-0.0008926254045543167,-0.008089243110199193,-0.0026793655465834265,0.002053305335023006,0.006053459973384495,-0.0030336923424977946,-0.004837222807467978,0.003332136739589112,-0.0011534055227425885,-0.0010917176585781238,0.001514884688077942,-0.0019903522913543308,-0.0008882691790212515,0.0019282913205010857,-0.002578238095647543,-0.005750562534338297,0.008052641565509288,-0.0016873023123833318,-0.001988880887974458,0.0011707819627274037,1.7618174473615087e-5,0.0014880867211564557,0.0034957502800107257,-0.0030042865533000743,-0.0011716515545272862,0.0015565071054325255,0.001782062859133229,0.00202853285395884,-0.000600785287619289,9.494290248009178e-5,-0.0014324042403258885,0.0034970571033383913,0.0007417056369521778,-0.0021319148663883113,0.0021618283316524366,-0.0014200487443078544,-0.0016873023123833318,0.008186578339882972,-0.0001700711759225868,0.0033187161888491483,0.004564983155727526,0.0018719504374079263,0.0008097074036340654,0.003259914905863647,-0.003321970548106274,0.00048406064725282,-0.0022114246676090683,-0.0010836741712448366,0.0024306543153440876,0.0030653299049153604,0.0005368484783744324,0.0012982229254541193,-0.001816440471967578,-0.003067909957370986,-0.0027556467598142467,0.0058384484212400676,-0.001988880887974458,-0.0001700711759225868,0.005681093578028858,0.0007282235043249298,-0.0008678202524402702,-0.0048617709024552595,0.0009981963522507024,0.0011906516910787901,0.00076481524666617,-0.0016843105710642788,-0.0019508523169742332,0.004925403603142788,-0.0022492537697920015,0.0008617664683127859,4.5826318927947885e-5,-0.0002796866510602489,-0.0031578597584916573,-0.005065388966439219,-0.0018890467582903508,0.00019373116598154333,0.0011707819627274037,0.0033187161888491483,0.0007282235043249298,0.009947636001399592,0.0024089234086694562,0.0006354552486684666,5.1053190231243315e-5,-0.0003689286346884313,0.0019425359475308194,-0.003297497016893481,-0.007467043328992673,0.005046419921668069,0.005840785002289486,0.005844449926512155,-0.007639529119895643,0.00670146373158019,-0.0013429531366613361,-0.0005950270711240695,-0.0018531195669416948,-0.0008926254045543167,1.7618174473615087e-5,0.004564983155727526,-0.0008678202524402702,0.0024089234086694562,0.0065408586126321985,0.0008614171264962677,0.0029939100857910603,0.0019462415214496793,0.002824678207214301,4.187263502993899e-6,-0.0033664363381031527,-0.003186681240464437,0.0038557703761310552,0.0018007349414983682,-0.000916327755021124,0.002564493558702479,0.005560481353398185,0.006250397638660449,-0.0008475224363358174,-0.008089243110199193,0.0014880867211564557,0.0018719504374079263,-0.0048617709024552595,0.0006354552486684666,0.0008614171264962677,0.012610355973864359,0.003355122171602402,0.001847727092781264,-0.003357574980530886,0.002239494303545327,0.003632554586864695,-0.004408052800367639,0.003516322270793646,0.0013529093489649479,-0.006384984823673046,0.0021270848934384938,0.0018710179811811793,0.0052961604962946515,-0.007252395374118297,-0.0026793655465834265,0.0034957502800107257,0.0008097074036340654,0.0009981963522507024,5.1053190231243315e-5,0.0029939100857910603,0.003355122171602402,0.010056448004609739,0.0017075005159091694,-0.0006580157275931631,0.000683475293339242,0.0013185517710953738,0.00031490979710315355,7.477310926023539e-5,0.002585310745881138,-0.004755017672869478,0.003057758600492228,0.0007104370271078847,-0.001408203937843848,-0.004942617124874647,0.002053305335023006,-0.0030042865533000743,0.003259914905863647,0.0011906516910787901,-0.0003689286346884313,0.0019462415214496793,0.001847727092781264,0.0017075005159091694,0.006382668321099783,0.0017275720483977627,0.0003442504092396176,-0.001190345597400892,-0.0011586443229506997,0.00024890694214425434,-0.0014666077600222712,-0.00085128482811316,-0.00015429328418038426,-0.005853306803044847,-0.0037400505172893723,-0.009000174837700959,0.006053459973384495,-0.0011716515545272862,-0.003321970548106274,0.00076481524666617,0.0019425359475308194,0.002824678207214301,-0.003357574980530886,-0.0006580157275931631,0.0017275720483977627,0.01483606289452253,-0.0023722167898957503,-0.006990527227799985,-0.0017724306951576437,0.004102696773096333,-0.0034719920753580194,-0.003055449744254605,0.0019238218646735828,0.0025250456502103674,0.002665297718094194,0.000978579597071055,-0.0030336923424977946,0.0015565071054325255,0.00048406064725282,-0.0016843105710642788,-0.003297497016893481,4.187263502993899e-6,0.002239494303545327,0.000683475293339242,0.0003442504092396176,-0.0023722167898957503,0.0037732840735824847,0.003993070965979846,-0.0026023007644820034,-0.0017865057686186601,-0.0020169477705945403,0.003944299368999601,-0.0023659402824171873,0.005067080795422214,0.0067727081980681145,0.0036699541528982774,-0.004837222807467978,0.001782062859133229,-0.0022114246676090683,-0.0019508523169742332,-0.007467043328992673,-0.0033664363381031527,0.003632554586864695,0.0013185517710953738,-0.001190345597400892,-0.006990527227799985,0.003993070965979846,0.009557169714426134,-0.0031914496908044777,-0.005289881501627097,-0.003122617483057538,0.004721466085467262,-0.004463870428064228,-0.0027362777813702303,-0.00506070090749235,-0.0028938902257828448,0.003332136739589112,0.00202853285395884,-0.0010836741712448366,0.004925403603142788,0.005046419921668069,-0.003186681240464437,-0.004408052800367639,0.00031490979710315355,-0.0011586443229506997,-0.0017724306951576437,-0.0026023007644820034,-0.0031914496908044777,0.01062176836090839,-0.0017886904511414691,0.003314617348393699,-0.003446141084910607,0.003460266025014743,-0.00108979089813528,-0.0010931541848756196,-0.00099954743170656,-0.0011534055227425885,-0.000600785287619289,0.0024306543153440876,-0.0022492537697920015,0.005840785002289486,0.0038557703761310552,0.003516322270793646,7.477310926023539e-5,0.00024890694214425434,0.004102696773096333,-0.0017865057686186601,-0.005289881501627097,-0.0017886904511414691,0.007083799958762075,0.0035009693418029285,-0.006045894555852797,0.004142247317845702,0.0007277402751783848,6.217244493172177e-5,0.001561876659486152,-0.0010917176585781238,9.494290248009178e-5,0.0030653299049153604,0.0008617664683127859,0.005844449926512155,0.0018007349414983682,0.0013529093489649479,0.002585310745881138,-0.0014666077600222712,-0.0034719920753580194,-0.0020169477705945403,-0.003122617483057538,0.003314617348393699,0.0035009693418029285,0.007631302776292435,-0.005391382005058263,0.003765532035504132,0.00029603246830317976,-0.0009144479461196086,0.007248878010331937,0.001514884688077942,-0.0014324042403258885,0.0005368484783744324,4.5826318927947885e-5,-0.007639529119895643,-0.000916327755021124,-0.006384984823673046,-0.004755017672869478,-0.00085128482811316,-0.003055449744254605,0.003944299368999601,0.004721466085467262,-0.003446141084910607,-0.006045894555852797,-0.005391382005058263,0.01440841408873587,-0.007621790214981802,-0.002580604677194306,-0.002128357772458756,-0.004451594805675731,-0.0019903522913543308,0.0034970571033383913,0.0012982229254541193,-0.0002796866510602489,0.00670146373158019,0.002564493558702479,0.0021270848934384938,0.003057758600492228,-0.00015429328418038426,0.0019238218646735828,-0.0023659402824171873,-0.004463870428064228,0.003460266025014743,0.004142247317845702,0.003765532035504132,-0.007621790214981802,0.007088117016678156
0.01089717460800533,0.0036849479849126524,-0.005648652441152431,0.00027660891446665357,0.003400070908905842,-0.0002618311308772968,0.00013652586210512375,0.0016649423479144368,0.0027212329760393597,0.00042215743258587775,0.0005963477736820497,0.005051762123963705,0.0018685754746745236,0.0002686883529015929,0.00025588159637179495,0.0012038939389274997,0.0030730012352788117,0.004915404015176641,-0.004257074298105673,-0.00609365944728154,0.0036849479849126524,0.013083629032545833,0.002968835279609501,0.000609265737556452,0.0019279203927060275,-0.0015017490631064542,-0.0042163388604038,-0.00278337894407028,0.001809309948231217,-0.0023211751567447847,0.0022511714876401923,0.0053620924186893945,0.0011485483181021003,0.0015797436881980597,-0.0005070432143729603,0.006635335132580583,0.0021377214613750896,0.002540363073527726,-0.001137327657968094,-0.0007472174981013916,-0.005648652441152431,0.002968835279609501,0.010136506510741146,-0.0011387354314856223,-0.0019127364760525302,-0.0005407268371396992,-0.003675481233163559,0.0019220783030657208,-0.0017986122616241928,-0.003826085528147579,0.004924987729956367,-0.0012655404167849584,0.0008587168185042,-0.0006663728756056785,-0.00162918536669713,0.006366231880114049,-0.004811548409999837,-0.000398443504076779,0.007556708754351769,0.0031517300087838774,0.00027660891446665357,0.000609265737556452,-0.0011387354314856223,0.012976893939393037,-0.00035490777488223055,-0.0034225563536495487,-0.003125315117971318,-0.00579436241800026,-0.008510333126596548,0.0038588997121668665,0.0011636220024199913,0.001455902708864112,0.001902895217896303,-0.0002952441022307909,-0.0027707159432457567,-0.003135735293689907,0.0019101685059815243,-0.0011733378968461494,-0.005966317069797696,-0.006325864849838221,0.003400070908905842,0.0019279203927060275,-0.0019127364760525302,-0.00035490777488223055,0.00719634642664915,-0.0014961827289967531,0.00045687716607799306,-0.0033217234687161045,0.0018337528932765553,-0.00329163817129128,0.0028355676666804892,-0.0024189750612263992,-0.0038175837039218534,0.00441829696871353,-0.006879638805549838,0.0008488801917651353,-0.001566814407359861,0.001973166035393729,-0.0009440156685290111,-0.0011002570761091818,-0.0002618311308772968,-0.0015017490631064542,-0.0005407268371396992,-0.0034225563536495487,-0.0014961827289967531,0.0031094848560435386,0.0018902032561442191,0.003683970254832431,0.0015621915351663673,-0.0004162465553961519,-0.000760340953215845,0.0005285893988297883,0.00035784115525900375,-5.162607089256768e-5,0.0030689032241284367,5.4818424786500547e-5,-0.00013691159005165172,-0.0012989610453651539,0.0008369421179414739,0.002488604354954121,0.00013652586210512375,-0.0042163388604038,-0.003675481233163559,-0.003125315117971318,0.00045687716607799306,0.0018902032561442191,0.005200442325607545,-0.0005991766821482241,0.001733794847751691,0.0012600357375912065,-0.0026006162577518433,0.0011413456930112848,-0.0005137081833345981,0.000757776288009594,0.0030970935225624312,-0.003894408710293576,-0.0019079574638593006,-0.0014387629840265726,0.0007721805797076533,0.001338481715350895,0.0016649423479144368,-0.00278337894407028,0.0019220783030657208,-0.00579436241800026,-0.0033217234687161045,0.003683970254832431,-0.0005991766821482241,0.012291590818439743,0.0026425817634751765,-0.002143608639667885,0.0015795077102610825,-0.001430607655043674,0.0021873906010427746,-0.0026552782667487126,0.0029549512215713693,0.003543444462171976,0.000316761144795105,0.0018869125899812118,0.003203365246720651,0.0018811894401889882,0.0027212329760393597,0.001809309948231217,-0.0017986122616241928,-0.008510333126596548,0.0018337528932765553,0.0015621915351663673,0.001733794847751691,0.0026425817634751765,0.008292740090787069,-0.0017296952674795713,-0.0027778704418060145,-0.00039161723722421784,-0.0018720266993008184,0.00031974627204528765,0.0015670084499338423,0.001367921610380642,0.0018425299635111167,0.003088786922084081,0.0008211230676181827,0.0034401129338901128,0.00042215743258587775,-0.0023211751567447847,-0.003826085528147579,0.0038588997121668665,-0.00329163817129128,-0.0004162465553961519,0.0012600357375912065,-0.002143608639667885,-0.0017296952674795713,0.006512270545540569,-0.005252436742191801,0.004021207430551963,0.002807877454846554,-0.00344376475829258,0.004776408371901082,-0.005410132514505031,0.003145064460930558,-0.0007996479143062734,-0.003720568123358136,-0.0024056284424571624,0.0005963477736820497,0.0022511714876401923,0.004924987729956367,0.0011636220024199913,0.0028355676666804892,-0.000760340953215845,-0.0026006162577518433,0.0015795077102610825,-0.0027778704418060145,-0.005252436742191801,0.008007794981183827,-0.0014348478799484632,-0.00028879934710557037,0.0024054216871887465,-0.0055780222056749,0.005760403293824571,-0.004824810544178097,0.0008249266434023137,0.004123281680755571,-0.0015446346673607027,0.005051762123963705,0.0053620924186893945,-0.0012655404167849584,0.001455902708864112,-0.0024189750612263992,0.0005285893988297883,0.0011413456930112848,-0.001430607655043674,-0.00039161723722421784,0.004021207430551963,-0.0014348478799484632,0.012654948847470182,0.006257334964478604,-0.0028310087423568516,0.007962095615567471,0.0006584833579181496,0.0001522930797785567,0.001155541102241865,0.00025353437146678943,-0.00402143381868063,0.0018685754746745236,0.0011485483181021003,0.0008587168185042,0.001902895217896303,-0.0038175837039218534,0.00035784115525900375,-0.0005137081833345981,0.0021873906010427746,-0.0018720266993008184,0.002807877454846554,-0.00028879934710557037,0.006257334964478604,0.005359427986198723,-0.00353626703197213,0.005523644096674602,0.000669737239924739,6.680915257590417e-5,0.0010624439656113415,0.0010343676126710905,-0.0029063648811561375,0.0002686883529015929,0.0015797436881980597,-0.0006663728756056785,-0.0002952441022307909,0.00441829696871353,-5.162607089256768e-5,0.000757776288009594,-0.0026552782667487126,0.00031974627204528765,-0.00344376475829258,0.0024054216871887465,-0.0028310087423568516,-0.00353626703197213,0.005121321616708042,-0.00463931245054112,0.0006509687896316058,-0.0016056703695888491,-0.0011718532038315185,-0.0008969065094179076,0.0013789958686212791,0.00025588159637179495,-0.0005070432143729603,-0.00162918536669713,-0.0027707159432457567,-0.006879638805549838,0.0030689032241284367,0.0030970935225624312,0.0029549512215713693,0.0015670084499338423,0.004776408371901082,-0.0055780222056749,0.007962095615567471,0.005523644096674602,-0.00463931245054112,0.01286682071968355,-0.0021951808171349826,0.0018981088974381751,-0.000459383993092451,0.0006939863576036348,0.0007211124452052493,0.0012038939389274997,0.006635335132580583,0.006366231880114049,-0.003135735293689907,0.0008488801917651353,5.4818424786500547e-5,-0.003894408710293576,0.003543444462171976,0.001367921610380642,-0.005410132514505031,0.005760403293824571,0.0006584833579181496,0.000669737239924739,0.0006509687896316058,-0.0021951808171349826,0.008942083913020957,-0.001941101553708898,0.002213978097932662,0.004556620365340243,0.0005189874852882205,0.0030730012352788117,0.0021377214613750896,-0.004811548409999837,0.0019101685059815243,-0.001566814407359861,-0.00013691159005165172,-0.0019079574638593006,0.000316761144795105,0.0018425299635111167,0.003145064460930558,-0.004824810544178097,0.0001522930797785567,6.680915257590417e-5,-0.0016056703695888491,0.0018981088974381751,-0.001941101553708898,0.008889757861017715,0.0009872962519367197,-0.008144115274264748,-0.0013128737850522047,0.004915404015176641,0.002540363073527726,-0.000398443504076779,-0.0011733378968461494,0.001973166035393729,-0.0012989610453651539,-0.0014387629840265726,0.0018869125899812118,0.003088786922084081,-0.0007996479143062734,0.0008249266434023137,0.001155541102241865,0.0010624439656113415,-0.0011718532038315185,-0.000459383993092451,0.002213978097932662,0.0009872962519367197,0.005995395024315675,0.0004376768575863534,-0.002695561576577564,-0.004257074298105673,-0.001137327657968094,0.007556708754351769,-0.005966317069797696,-0.0009440156685290111,0.0008369421179414739,0.0007721805797076533,0.003203365246720651,0.0008211230676181827,-0.003720568123358136,0.004123281680755571,0.00025353437146678943,0.0010343676126710905,-0.0008969065094179076,0.0006939863576036348,0.004556620365340243,-0.008144115274264748,0.0004376768575863534,0.011394112336813342,0.003466258378399364,-0.00609365944728154,-0.0007472174981013916,0.0031517300087838774,-0.006325864849838221,-0.0011002570761091818,0.002488604354954121,0.001338481715350895,0.0018811894401889882,0.0034401129338901128,-0.0024056284424571624,-0.0015446346673607027,-0.00402143381868063,-0.0029063648811561375,0.0013789958686212791,0.0007211124452052493,0.0005189874852882205,-0.0013128737850522047,-0.002695561576577564,0.003466258378399364,0.008450559164720319
