0.039213774983766644,-0.0326642795650519,0.0071331434845794675,-0.01937741843388232,0.00742560384941927,-0.0038145214409910375,-0.0143305949642898,-0.004454595864257234,0.00464795362036589,-0.0008714920730784357,-0.00814633701858052,-0.01075590509400666,0.01699456932381823,0.0038472414770802646,-0.018532579224558483,0.0010459006272757788,0.016406731218670773,0.005565480003943224,0.009205254072854684,-0.006393033981101561,-0.0326642795650519,0.1038446322645038,0.01595711018215014,0.075548978352795,-0.03261840347126136,0.012320825155573398,0.03325111560545321,-0.011488271694325855,-0.0529508305807664,-0.003692371152795833,0.018087323976764498,0.055947196879219965,-0.036893395745145385,-0.020721695671747607,0.05852232751752988,-0.0034367955491453944,-0.06111185517933759,-0.06797900988057629,-0.026911764938521154,-0.005121400303735849,0.0071331434845794675,0.01595711018215014,0.08296504796044622,0.0215046591396982,-0.013714561057186627,0.010939280618811782,0.006939694497918161,-0.024499886757858774,-0.02914630714933625,-0.05320612073224611,0.00945096745189069,0.027863145273768108,-0.039619068138757554,0.006706007143852111,0.04590832629118057,-0.0135412882655053,-0.013998033960202093,-0.021258593239842204,-0.00465787295162237,-0.012695340893589377,-0.01937741843388232,0.075548978352795,0.0215046591396982,0.13641750031795713,-0.034510051314824534,0.015076205799202016,0.018940895958696857,-0.009031250145011407,-0.05079961706015518,0.0005999520252249398,0.03669052961156624,0.05122687979180349,-0.04172109128264674,-0.026351408183765874,0.060653237879994853,-0.006344494873337997,-0.07393426884047752,-0.0986614100097257,-0.02283858891340603,-0.020812356025370515,0.00742560384941927,-0.03261840347126136,-0.013714561057186627,-0.034510051314824534,0.04212848845937219,-0.00711356662691578,-0.012547653677162821,0.0029309750325077506,0.027784460821728904,0.010470308108878234,-0.014523101209762523,-0.030435200889762436,0.014544105152265435,0.005400067517622493,-0.02217437827118518,0.004454472309296858,0.015120817284117537,0.02836393692831623,0.007493160491669653,0.009007359061985664,-0.0038145214409910375,0.012320825155573398,0.010939280618811782,0.015076205799202016,-0.00711356662691578,0.022725976780097423,0.005218884957881897,0.002796807538303499,-0.020209870061839497,-0.0025871916068322654,0.008064248707273573,0.006193822657953081,-0.019271375338620025,-0.008535242738855878,0.019585581545605572,-0.0024908296648351053,-0.014392076318456563,-0.014237538737561143,-0.004910367849895649,-0.0037302504701127617,-0.0143305949642898,0.03325111560545321,0.006939694497918161,0.018940895958696857,-0.012547653677162821,0.005218884957881897,0.06358077304933099,0.00038776144131038854,-0.021002037082594828,0.012564325241169497,0.025462091946707704,0.025153981585750086,-0.012717003126795863,-0.02225030835641647,0.00921232533819297,0.0015211340853037107,-0.024845384723805826,-0.03848064560419359,-0.020671267546708044,-0.002580282914072787,-0.004454595864257234,-0.011488271694325855,-0.024499886757858774,-0.009031250145011407,0.0029309750325077506,0.002796807538303499,0.00038776144131038854,0.041132770231558514,-0.006010488576039627,0.011236244896108605,0.006988020994960612,-0.007394137040604674,-0.0068349029268018995,-0.0014080470158482651,-0.005136376058986598,0.0011863291913777525,-0.0022310220215156795,0.0018858666497609865,0.00164423350459007,0.003168670355161414,0.00464795362036589,-0.0529508305807664,-0.02914630714933625,-0.05079961706015518,0.027784460821728904,-0.020209870061839497,-0.021002037082594828,-0.006010488576039627,0.08400656690220146,0.02067958846813396,-0.023459626870317093,-0.04278894957876306,0.04598946519785492,0.01900199992256229,-0.054048287832359654,0.011310045616584472,0.03647339146162662,0.05903952344052273,0.019350900375925212,0.014901288100789535,-0.0008714920730784357,-0.003692371152795833,-0.05320612073224611,0.0005999520252249398,0.010470308108878234,-0.0025871916068322654,0.012564325241169497,0.011236244896108605,0.02067958846813396,0.0831089753920589,0.012652926276249076,-0.01750245766502815,0.027230307285190512,-0.01910075481417302,-0.04043802919259443,0.014035634991807886,-0.009626731550224582,-0.008386090026690211,-0.0038311388435588673,-0.002361620437726076,-0.00814633701858052,0.018087323976764498,0.00945096745189069,0.03669052961156624,-0.014523101209762523,0.008064248707273573,0.025462091946707704,0.006988020994960612,-0.023459626870317093,0.012652926276249076,0.04090532246678119,0.023806381687362058,-0.023926122975138294,-0.008738445618447187,0.01884868295280568,0.0006068136617193097,-0.023426904366236623,-0.039594177117460314,-0.014726515933545965,-0.013876595145464209,-0.01075590509400666,0.055947196879219965,0.027863145273768108,0.05122687979180349,-0.030435200889762436,0.006193822657953081,0.025153981585750086,-0.007394137040604674,-0.04278894957876306,-0.01750245766502815,0.023806381687362058,0.06954160456234032,-0.03677494470282473,-0.013486763644234775,0.035887863750039356,-0.0032501002738561002,-0.04031563493922466,-0.05044375921314323,-0.020556187355670576,-0.011822450852571012,0.01699456932381823,-0.036893395745145385,-0.039619068138757554,-0.04172109128264674,0.014544105152265435,-0.019271375338620025,-0.012717003126795863,-0.0068349029268018995,0.04598946519785492,0.027230307285190512,-0.023926122975138294,-0.03677494470282473,0.06960610047878407,0.008257814832377905,-0.04878189378489668,0.011118937641091998,0.03453690623661147,0.03456914499139946,0.013744430311399533,0.008070530016028749,0.0038472414770802646,-0.020721695671747607,0.006706007143852111,-0.026351408183765874,0.005400067517622493,-0.008535242738855878,-0.02225030835641647,-0.0014080470158482651,0.01900199992256229,-0.01910075481417302,-0.008738445618447187,-0.013486763644234775,0.008257814832377905,0.02844717721635264,-0.009349601609532318,-0.0019903263188804877,0.024646379399523802,0.0380538525487497,0.005726480312070622,0.0005211355227064863,-0.018532579224558483,0.05852232751752988,0.04590832629118057,0.060653237879994853,-0.02217437827118518,0.019585581545605572,0.00921232533819297,-0.005136376058986598,-0.054048287832359654,-0.04043802919259443,0.01884868295280568,0.035887863750039356,-0.04878189378489668,-0.009349601609532318,0.08308462255908415,-0.012488479198556356,-0.04480775089022003,-0.051205602964927786,-0.017493372459948017,-0.013413156794374775,0.0010459006272757788,-0.0034367955491453944,-0.0135412882655053,-0.006344494873337997,0.004454472309296858,-0.0024908296648351053,0.0015211340853037107,0.0011863291913777525,0.011310045616584472,0.014035634991807886,0.0006068136617193097,-0.0032501002738561002,0.011118937641091998,-0.0019903263188804877,-0.012488479198556356,0.01666819848400092,0.0030766242174608284,-0.0024044517430980112,-0.0016578546962152745,0.0007474641053631814,0.016406731218670773,-0.06111185517933759,-0.013998033960202093,-0.07393426884047752,0.015120817284117537,-0.014392076318456563,-0.024845384723805826,-0.0022310220215156795,0.03647339146162662,-0.009626731550224582,-0.023426904366236623,-0.04031563493922466,0.03453690623661147,0.024646379399523802,-0.04480775089022003,0.0030766242174608284,0.07955856515099041,0.06960703820944714,0.01616678696707745,0.004778059963551571,0.005565480003943224,-0.06797900988057629,-0.021258593239842204,-0.0986614100097257,0.02836393692831623,-0.014237538737561143,-0.03848064560419359,0.0018858666497609865,0.05903952344052273,-0.008386090026690211,-0.039594177117460314,-0.05044375921314323,0.03456914499139946,0.0380538525487497,-0.051205602964927786,-0.0024044517430980112,0.06960703820944714,0.1291363618227798,0.023259244887684126,0.01708804273828743,0.009205254072854684,-0.026911764938521154,-0.00465787295162237,-0.02283858891340603,0.007493160491669653,-0.004910367849895649,-0.020671267546708044,0.00164423350459007,0.019350900375925212,-0.0038311388435588673,-0.014726515933545965,-0.020556187355670576,0.013744430311399533,0.005726480312070622,-0.017493372459948017,-0.0016578546962152745,0.01616678696707745,0.023259244887684126,0.028881120765048555,0.00521986865732124,-0.006393033981101561,-0.005121400303735849,-0.012695340893589377,-0.020812356025370515,0.009007359061985664,-0.0037302504701127617,-0.002580282914072787,0.003168670355161414,0.014901288100789535,-0.002361620437726076,-0.013876595145464209,-0.011822450852571012,0.008070530016028749,0.0005211355227064863,-0.013413156794374775,0.0007474641053631814,0.004778059963551571,0.01708804273828743,0.00521986865732124,0.04478593438567355
0.043176020585019584,0.019257855775018307,-0.002408383671007426,0.022624278709484552,-0.0029190253500715477,-0.025108551336105664,0.007616093914556826,0.026694630799212964,-0.002640251709343639,0.004557447947234467,-0.011246369967948274,-0.023624174906954162,-0.02010978582171162,-0.014332346499930329,-0.008313266097348893,0.009989264733332483,-0.011598811247460521,-0.010299448402265893,0.011449461168088579,0.02277095408517242,0.019257855775018307,0.050770722385035834,0.003166477271327718,0.013583537706164026,-0.0016147626259448715,-0.02379011056438992,-0.0007815215640059055,0.026758665864550543,0.005635181833493808,0.011181643511165247,-0.003959499865615699,-0.01318845924573807,-0.005322740373888853,-0.011579398747264,-0.004117016318175381,-0.004608631458910436,-0.020763498847049852,-0.0070053486900698,0.025221336028782904,0.02488600058103976,-0.002408383671007426,0.003166477271327718,0.03178101264480218,-0.008560966455353525,0.004643710980205415,-0.006753067654727167,-0.0069237466912164,0.005559100824560512,0.009404659785255128,0.002128202508220099,0.006210122078202899,0.010110403209855323,0.007962976302775801,0.00373560652138872,0.0038426387472289478,-0.020477064072993482,-0.011572108567894627,0.007898771337689868,0.006237523361588263,-0.0022346071981035475,0.022624278709484552,0.013583537706164026,-0.008560966455353525,0.03564263947489312,0.0009380594867267775,-0.010778347102575867,0.013556499068021999,0.015062663923951832,-0.0003324314369940337,0.010691995785061723,-0.002704333204462494,-0.015930386051146404,-0.009060162517341413,-0.009076365759970053,-0.004670435755017629,0.010507265335265952,-0.0009567545886639431,-0.011004427504456921,0.005697484095604506,0.0179546225442481,-0.0029190253500715477,-0.0016147626259448715,0.004643710980205415,0.0009380594867267775,0.02293390766397938,0.0016548206873170097,-0.0033400876819901955,-0.002712998498211715,0.012036372986948561,0.0035586252584294134,0.0021639542030745884,0.0037794255345967565,0.009278370912725289,-0.0008976176495025091,0.0019083340459815452,-0.010825802682738877,0.008144178584420696,-0.0001572619870110606,-0.0009468300894744338,-0.008489966305397481,-0.025108551336105664,-0.02379011056438992,-0.006753067654727167,-0.010778347102575867,0.0016548206873170097,0.04581863589694178,-0.007797350114934213,-0.030885277486767344,0.0012464448129596455,-0.008012758131584991,0.007100904481118074,0.023576775396433013,0.007980375935960661,0.012667236086773769,0.009030297742147114,0.009034367888491948,0.03567382419480323,0.0056955284162695016,-0.018174290248928613,-0.026156737262703986,0.007616093914556826,-0.0007815215640059055,-0.0069237466912164,0.013556499068021999,-0.0033400876819901955,-0.007797350114934213,0.022381176527825116,0.005076704111384549,-0.0016776194057787608,0.005788439748341517,-0.005030331247861122,-0.012959641490103379,-0.007165305746471775,-0.00044305170411487873,0.004727394632953149,0.011404605880274366,0.0006217308761498957,-0.0014212995523555814,-0.00615827094964965,-0.0008414996554049058,0.026694630799212964,0.026758665864550543,0.005559100824560512,0.015062663923951832,-0.002712998498211715,-0.030885277486767344,0.005076704111384549,0.05432592997913653,0.0001830883157813533,0.008142087662558167,-0.00928967014899184,-0.026596103946355885,-0.01501682204014292,-0.017953393422405713,-0.013864797798679527,1.408129442706004e-5,-0.027761669831967872,-0.008164365870489965,0.022011945890384185,0.04446605474011485,-0.002640251709343639,0.005635181833493808,0.009404659785255128,-0.0003324314369940337,0.012036372986948561,0.0012464448129596455,-0.0016776194057787608,0.0001830883157813533,0.044688048951947563,0.012274615476437257,0.0018450189303125574,0.00787908654843704,0.012802834374301537,-0.004631297858808437,0.003567235483082201,-0.022323804015153416,0.0011602621988411035,0.0007531405593590232,0.005539528024593841,-0.012431531814270286,0.004557447947234467,0.011181643511165247,0.002128202508220099,0.010691995785061723,0.0035586252584294134,-0.008012758131584991,0.005788439748341517,0.008142087662558167,0.012274615476437257,0.03358757962983352,0.007694498219675069,-0.00741157328523848,0.005624927143805746,-0.002933143460779237,0.009318189253542906,-0.005745655906291863,-0.00027140428127915984,-0.005194721293897966,0.00970295304156522,-0.001121504755974354,-0.011246369967948274,-0.003959499865615699,0.006210122078202899,-0.002704333204462494,0.0021639542030745884,0.007100904481118074,-0.005030331247861122,-0.00928967014899184,0.0018450189303125574,0.007694498219675069,0.02984398907847793,0.012653638800897156,0.013621976216726964,0.010843992547098377,0.014390477909341684,-0.004057245796891168,0.009300985865113357,0.0004176381473626076,0.0049444892127298344,-0.008421024176008252,-0.023624174906954162,-0.01318845924573807,0.010110403209855323,-0.015930386051146404,0.0037794255345967565,0.023576775396433013,-0.012959641490103379,-0.026596103946355885,0.00787908654843704,-0.00741157328523848,0.012653638800897156,0.046854552351190674,0.013736990467820634,0.01600983546033451,0.012372703986657588,-0.006621016543015258,0.02149186799831003,0.013407658443926312,-0.008069726765023363,-0.028429903707166866,-0.02010978582171162,-0.005322740373888853,0.007962976302775801,-0.009060162517341413,0.009278370912725289,0.007980375935960661,-0.007165305746471775,-0.01501682204014292,0.012802834374301537,0.005624927143805746,0.013621976216726964,0.013736990467820634,0.043241298573055496,0.018925503139120274,0.016500488601172508,-0.016301367253594344,0.0027798612007046636,0.010546108862413401,0.0015059635093258741,-0.023335466252273084,-0.014332346499930329,-0.011579398747264,0.00373560652138872,-0.009076365759970053,-0.0008976176495025091,0.012667236086773769,-0.00044305170411487873,-0.017953393422405713,-0.004631297858808437,-0.002933143460779237,0.010843992547098377,0.01600983546033451,0.018925503139120274,0.03387460033893659,0.011507849368362976,0.0005924935757569187,0.009646037472052693,0.016326856192113604,-0.0035933609987418135,-0.01651059616778007,-0.008313266097348893,-0.004117016318175381,0.0038426387472289478,-0.004670435755017629,0.0019083340459815452,0.009030297742147114,0.004727394632953149,-0.013864797798679527,0.003567235483082201,0.009318189253542906,0.014390477909341684,0.012372703986657588,0.016500488601172508,0.011507849368362976,0.03877444720350433,-0.005743543494466404,0.0072339708567902995,0.002472317683049924,-0.005930172708229306,-0.020288593271531145,0.009989264733332483,-0.004608631458910436,-0.020477064072993482,0.010507265335265952,-0.010825802682738877,0.009034367888491948,0.011404605880274366,1.408129442706004e-5,-0.022323804015153416,-0.005745655906291863,-0.004057245796891168,-0.006621016543015258,-0.016301367253594344,0.0005924935757569187,-0.005743543494466404,0.051806252704755806,0.009510103364547195,1.623628079553358e-5,-0.006941566596770244,0.006980116648297359,-0.011598811247460521,-0.020763498847049852,-0.011572108567894627,-0.0009567545886639431,0.008144178584420696,0.03567382419480323,0.0006217308761498957,-0.027761669831967872,0.0011602621988411035,-0.00027140428127915984,0.009300985865113357,0.02149186799831003,0.0027798612007046636,0.009646037472052693,0.0072339708567902995,0.009510103364547195,0.06372462245630726,0.0005345152272219849,-0.020122442133687867,-0.026097254851762383,-0.010299448402265893,-0.0070053486900698,0.007898771337689868,-0.011004427504456921,-0.0001572619870110606,0.0056955284162695016,-0.0014212995523555814,-0.008164365870489965,0.0007531405593590232,-0.005194721293897966,0.0004176381473626076,0.013407658443926312,0.010546108862413401,0.016326856192113604,0.002472317683049924,1.623628079553358e-5,0.0005345152272219849,0.03030521711128091,-0.007283634810114859,-0.007574880741465994,0.011449461168088579,0.025221336028782904,0.006237523361588263,0.005697484095604506,-0.0009468300894744338,-0.018174290248928613,-0.00615827094964965,0.022011945890384185,0.005539528024593841,0.00970295304156522,0.0049444892127298344,-0.008069726765023363,0.0015059635093258741,-0.0035933609987418135,-0.005930172708229306,-0.006941566596770244,-0.020122442133687867,-0.007283634810114859,0.047022938737129684,0.019736244768703486,0.02277095408517242,0.02488600058103976,-0.0022346071981035475,0.0179546225442481,-0.008489966305397481,-0.026156737262703986,-0.0008414996554049058,0.04446605474011485,-0.012431531814270286,-0.001121504755974354,-0.008421024176008252,-0.028429903707166866,-0.023335466252273084,-0.01651059616778007,-0.020288593271531145,0.006980116648297359,-0.026097254851762383,-0.007574880741465994,0.019736244768703486,0.06927834874194844
