0.0188141976220514,0.0027851659805031683,0.0015338195973559972,-0.0025048622526480727,0.017565270933396264,-0.0135343284593368,0.004141798168262934,-0.0017915007642717025,0.003890854484179811,0.015729287406957813,-0.010336775080544619,-0.007796403986661423,-0.003201213021624652,0.012581436792139637,-0.00703928570249209,-0.018684428852439663,-0.010856155329562509,-0.008826705738616413,0.024543149792105173,-0.005054312731325141,0.0027851659805031683,0.01727962411902699,0.0028724101264785565,-0.0017317711882693398,0.0071457937597916125,-0.003372697834932178,0.004068704003580042,0.001970412108304274,-0.006452710149674019,0.009480255147648994,-0.0033392852307343405,-0.006384166799862005,-0.00017437045204406312,0.006928865520207589,-0.015262823058483171,-0.0023551113097734725,-0.0014649006775294096,-0.0057163507418240694,0.012623254552325405,-0.006901253583082425,0.0015338195973559972,0.0028724101264785565,0.01247015615554948,0.0008184393446374312,0.0016734936024801641,0.00041004396942497846,0.0012588701931567393,0.0025453352908091967,-0.0007239870694326914,0.00220172860169108,-0.001318750541213165,-0.0013643631928133984,-0.0026618820585206744,0.002310769338924359,-0.0029121896842733575,-0.0003676761225208377,-0.003595380836392546,-0.003939334871883717,0.0033738943425986843,-0.0018323150424948511,-0.0025048622526480727,-0.0017317711882693398,0.0008184393446374312,0.02666524551813122,0.008453028979956412,-0.0019290309205061745,-0.009682932007400336,-0.002417197792382291,0.00828012327095554,0.0009667859629915369,-0.002211705746160095,0.002702086956842524,0.006992873460386543,-0.00046016816958695055,0.010383163027203567,-0.0074302858441468445,-0.004836629522193692,0.004032841209882622,0.0037878132211699826,-0.0028550897379996834,0.017565270933396264,0.0071457937597916125,0.0016734936024801641,0.008453028979956412,0.10016494467720491,-0.048792042169879285,-0.012867923577967313,-0.01566629333018847,0.022729854887780544,0.055749006327815265,-0.027262877778425235,-0.03966418189746361,0.003133184477042526,0.03944913699189012,-0.036386163709776334,-0.07672569348615699,-0.025351619767436794,-0.008938766098660119,0.08346267988215009,-0.029423847000546323,-0.0135343284593368,-0.003372697834932178,0.00041004396942497846,-0.0019290309205061745,-0.048792042169879285,0.06004404000350298,0.0057395723800114954,0.011449891455597893,-0.014222316343092192,-0.0383705791555887,0.02929257114278134,0.0188208720861463,0.0014182264806503913,-0.028390088245199174,0.0166818705153478,0.05701593674439914,0.024768947830678976,0.010124861630239436,-0.06125665212025196,0.024477120693393754,0.004141798168262934,0.004068704003580042,0.0012588701931567393,-0.009682932007400336,-0.012867923577967313,0.0057395723800114954,0.028478778402854055,0.009695032214616497,-0.014390819527716106,-0.004352061772735381,0.006177525190378163,0.0005311465758561992,-0.010186561294746774,0.0008278276503371259,-0.00915518319382553,0.014834328483849572,0.004388910715078777,-0.0046772538594736625,-0.0011109796383762694,0.0037525740903649055,-0.0017915007642717025,0.001970412108304274,0.0025453352908091967,-0.002417197792382291,-0.01566629333018847,0.011449891455597893,0.009695032214616497,0.020092002863745406,-0.005476087282721882,-0.006999688607912962,0.003536492545628228,0.0073746730614519425,-0.005846681788470575,-0.0023610268527444484,-0.006382195899109095,0.022868281725209817,0.0036436269704332967,-0.002375146833642243,-0.012050869483597654,0.0036432020047041406,0.003890854484179811,-0.006452710149674019,-0.0007239870694326914,0.00828012327095554,0.022729854887780544,-0.014222316343092192,-0.014390819527716106,-0.005476087282721882,0.024890398054279336,0.007144673011304626,-0.007559078453839645,-0.008127176241183268,0.0031734090246816355,0.0045030632278039405,0.005191796461020182,-0.027283287118612144,-0.006886633907989812,0.0032193429923580387,0.01649409283044358,-0.009542007339742304,0.015729287406957813,0.009480255147648994,0.00220172860169108,0.0009667859629915369,0.055749006327815265,-0.0383705791555887,-0.004352061772735381,-0.006999688607912962,0.007144673011304626,0.05901383157568675,-0.020952318751801136,-0.02476446598570562,-0.003498467059675646,0.03286311149998196,-0.027910549436179474,-0.049692450923203374,-0.021627965387713565,-0.013058652575974786,0.06661879321918453,-0.02342502225631801,-0.010336775080544619,-0.0033392852307343405,-0.001318750541213165,-0.002211705746160095,-0.027262877778425235,0.02929257114278134,0.006177525190378163,0.003536492545628228,-0.007559078453839645,-0.020952318751801136,0.03935754767490191,0.01072424008124272,0.001116275382687937,-0.013855144733078088,0.0074161946145827225,0.03416367485075475,0.014080036616615286,0.014057388583757472,-0.037922229441390544,0.017942220810415348,-0.007796403986661423,-0.006384166799862005,-0.0013643631928133984,0.002702086956842524,-0.03966418189746361,0.0188208720861463,0.0005311465758561992,0.0073746730614519425,-0.008127176241183268,-0.02476446598570562,0.01072424008124272,0.03373950384263632,-0.0017615962467795042,-0.01776846880632738,0.0233010259747021,0.0323331574469005,0.010123487293749766,0.0064801696831462835,-0.03940363043623688,0.013198470488510158,-0.003201213021624652,-0.00017437045204406312,-0.0026618820585206744,0.006992873460386543,0.003133184477042526,0.0014182264806503913,-0.010186561294746774,-0.005846681788470575,0.0031734090246816355,-0.003498467059675646,0.001116275382687937,-0.0017615962467795042,0.022747814420694408,-0.005349543226562541,0.0006514272182587959,-0.0015281058218091616,0.0022877569362696605,0.005813385001639742,-0.010057092362094018,-0.0022779722555575097,0.012581436792139637,0.006928865520207589,0.002310769338924359,-0.00046016816958695055,0.03944913699189012,-0.028390088245199174,0.0008278276503371259,-0.0023610268527444484,0.0045030632278039405,0.03286311149998196,-0.013855144733078088,-0.01776846880632738,-0.005349543226562541,0.04010844629973388,-0.027573949236052893,-0.03645102674877761,-0.016672358442844107,-0.01353301698746134,0.049567302663748466,-0.015624427992851958,-0.00703928570249209,-0.015262823058483171,-0.0029121896842733575,0.010383163027203567,-0.036386163709776334,0.0166818705153478,-0.00915518319382553,-0.006382195899109095,0.005191796461020182,-0.027910549436179474,0.0074161946145827225,0.0233010259747021,0.0006514272182587959,-0.027573949236052893,0.08231126089271415,0.013898686699529572,0.006689321452137927,0.012344154612126675,-0.03240672507850821,0.025549656267406642,-0.018684428852439663,-0.0023551113097734725,-0.0003676761225208377,-0.0074302858441468445,-0.07672569348615699,0.05701593674439914,0.014834328483849572,0.022868281725209817,-0.027283287118612144,-0.049692450923203374,0.03416367485075475,0.0323331574469005,-0.0015281058218091616,-0.03645102674877761,0.013898686699529572,0.09337108772915624,0.03116351708345464,0.013555532464127995,-0.08396333859831731,0.023792481175738768,-0.010856155329562509,-0.0014649006775294096,-0.003595380836392546,-0.004836629522193692,-0.025351619767436794,0.024768947830678976,0.004388910715078777,0.0036436269704332967,-0.006886633907989812,-0.021627965387713565,0.014080036616615286,0.010123487293749766,0.0022877569362696605,-0.016672358442844107,0.006689321452137927,0.03116351708345464,0.02815095700828411,0.009566255977725303,-0.03383236972549133,0.014437912756950333,-0.008826705738616413,-0.0057163507418240694,-0.003939334871883717,0.004032841209882622,-0.008938766098660119,0.010124861630239436,-0.0046772538594736625,-0.002375146833642243,0.0032193429923580387,-0.013058652575974786,0.014057388583757472,0.0064801696831462835,0.005813385001639742,-0.01353301698746134,0.012344154612126675,0.013555532464127995,0.009566255977725303,0.030059420298150983,-0.02254494082561147,0.00682887885756745,0.024543149792105173,0.012623254552325405,0.0033738943425986843,0.0037878132211699826,0.08346267988215009,-0.06125665212025196,-0.0011109796383762694,-0.012050869483597654,0.01649409283044358,0.06661879321918453,-0.037922229441390544,-0.03940363043623688,-0.010057092362094018,0.049567302663748466,-0.03240672507850821,-0.08396333859831731,-0.03383236972549133,-0.02254494082561147,0.11870516385665682,-0.030506439405269935,-0.005054312731325141,-0.006901253583082425,-0.0018323150424948511,-0.0028550897379996834,-0.029423847000546323,0.024477120693393754,0.0037525740903649055,0.0036432020047041406,-0.009542007339742304,-0.02342502225631801,0.017942220810415348,0.013198470488510158,-0.0022779722555575097,-0.015624427992851958,0.025549656267406642,0.023792481175738768,0.014437912756950333,0.00682887885756745,-0.030506439405269935,0.03260340135413972
0.025416794360744763,-0.0011400175751022344,0.005588839308149719,-0.010519576169884966,0.004934657671895839,0.0019204211374240702,0.007967587748695725,-0.00719773509510822,0.002146136001790814,0.0032800978725965888,-0.00812581353467515,-0.009347050452904137,0.0004900178978136454,0.010135735139568575,0.006446456437409873,0.004980536283542402,-0.0038695547572622576,0.0020875395223724797,-0.002039967558586718,-0.005954539124742305,-0.0011400175751022344,0.023610618244256195,0.00032857090313537197,-0.0011037702933864655,0.002678859981703691,-0.008753635279073618,0.0021838680853624014,-0.003131396231615194,-0.0013210133147164944,0.0012017401186863342,-0.0038748585073727767,0.0010195166673415824,-0.005878147764573066,-0.0025278050382848997,0.0024618449908313913,0.00819892168402327,0.00043266413463709144,-0.008030854021772334,-0.0108962152584077,0.0029594602874812633,0.005588839308149719,0.00032857090313537197,0.03929399261013444,0.024615096191258873,-0.008578612211420873,0.019198091175650356,-0.00782663019537674,-0.0106905670688164,-0.009103662103778658,-0.0006071524925902049,-0.003909888927324033,0.0011161656091853152,-0.002685229170483712,0.010558320455783723,-0.005077308255739496,-0.011832072670299374,-0.006317979328164835,-0.017215611975020938,-0.003599163654155719,0.005075386178134682,-0.010519576169884966,-0.0011037702933864655,0.024615096191258873,0.06304407347487588,-0.037642764275513135,0.02456455695186959,-0.0057824938118638345,-0.00971652919198938,-0.010868991298776227,-0.007214818243354885,-0.0037518631102781705,0.012234534796472959,0.0022487289484047013,0.01789639583657211,-0.015572267012670848,-0.025308422910479578,-0.006131287026561699,-0.0037498831896351833,-0.004653339904471943,-0.0038991455131303253,0.004934657671895839,0.002678859981703691,-0.008578612211420873,-0.037642764275513135,0.04076732345007903,-0.016558233776509446,0.0005262984401971753,0.00552004353896511,0.002789852922750749,0.008087189763296896,-0.0023829635449397345,-0.010502288702342401,-0.0026406265416148416,-0.01254544061963115,0.011923906627226045,0.014957621935664987,0.003248836419474329,0.001602984884980808,0.005948712477418898,0.007856088928085585,0.0019204211374240702,-0.008753635279073618,0.019198091175650356,0.02456455695186959,-0.016558233776509446,0.041462596634025926,-0.009636318842093655,0.0006538256731100664,-0.009351636274377552,-0.0029020101202199655,0.002437997902559164,-0.004045940373569073,0.005988050094146227,0.006941607960922963,-0.004147122821133968,-0.01979400161143594,-0.00491059721012891,-0.008013166429943638,0.00396566532805617,-0.0009800784161684505,0.007967587748695725,0.0021838680853624014,-0.00782663019537674,-0.0057824938118638345,0.0005262984401971753,-0.009636318842093655,0.03172802111194353,-0.010172706660629327,0.0041668945882616165,0.009676804156778938,-0.014114819357665138,-0.008555201321312133,0.004943088875972432,0.011303003464269164,0.00840693872824725,0.01018153174613795,-0.006579683697893874,-0.0006163357433092083,-0.00903149170271708,-0.01694987697786114,-0.00719773509510822,-0.003131396231615194,-0.0106905670688164,-0.00971652919198938,0.00552004353896511,0.0006538256731100664,-0.010172706660629327,0.03699622120819917,0.0049675999253189105,-0.011548817697967822,0.01641855637635697,-0.0024594315312361026,0.003216567208643966,-0.017713604880462815,-0.003959903363255048,0.001025195745060601,0.004705175333396578,0.0014090823729290356,0.011066664548202819,0.011797085344608892,0.002146136001790814,-0.0013210133147164944,-0.009103662103778658,-0.010868991298776227,0.002789852922750749,-0.009351636274377552,0.0041668945882616165,0.0049675999253189105,0.02474336486966948,-0.0030368500821642153,0.0030761618604677136,-0.004593437894382824,0.0008095653956838968,-0.004871583321600368,0.0026765024667682723,0.004332145803803462,0.0008563875627798144,0.008176067110519221,0.0026780220436280694,0.0031908727190015137,0.0032800978725965888,0.0012017401186863342,-0.0006071524925902049,-0.007214818243354885,0.008087189763296896,-0.0029020101202199655,0.009676804156778938,-0.011548817697967822,-0.0030368500821642153,0.028064091039547216,-0.01351345915378738,-0.006495821657670529,-1.308417785001954e-5,0.007020148771843054,0.0043875164119584874,0.005365156812817358,-0.0031452652685631044,0.0005099418291186976,-0.0068286238629892936,-0.008731844438109256,-0.00812581353467515,-0.0038748585073727767,-0.003909888927324033,-0.0037518631102781705,-0.0023829635449397345,0.002437997902559164,-0.014114819357665138,0.01641855637635697,0.0030761618604677136,-0.01351345915378738,0.03301369481810955,0.005635293969428546,-0.001284958497830735,-0.02006485969924254,-0.00499076255333954,-0.0025753057642666543,0.006372400466714578,0.004262126843051354,0.010071586982095964,0.009742668699917315,-0.009347050452904137,0.0010195166673415824,0.0011161656091853152,0.012234534796472959,-0.010502288702342401,-0.004045940373569073,-0.008555201321312133,-0.0024594315312361026,-0.004593437894382824,-0.006495821657670529,0.005635293969428546,0.04158618336531829,-0.0035092059561060785,-0.003074891915378784,-0.005335992041981607,-0.01006989465472377,0.00027722920118259254,0.004161590149423607,-0.0056647986895268735,0.005851847517286138,0.0004900178978136454,-0.005878147764573066,-0.002685229170483712,0.0022487289484047013,-0.0026406265416148416,0.005988050094146227,0.004943088875972432,0.003216567208643966,0.0008095653956838968,-1.308417785001954e-5,-0.001284958497830735,-0.0035092059561060785,0.02121568132331943,0.004633687243852135,-0.001539669933169954,-0.005460469474213401,-0.002586934258556413,0.002449533818586983,-0.0002100663347189306,-0.0097175514579882,0.010135735139568575,-0.0025278050382848997,0.010558320455783723,0.01789639583657211,-0.01254544061963115,0.006941607960922963,0.011303003464269164,-0.017713604880462815,-0.004871583321600368,0.007020148771843054,-0.02006485969924254,-0.003074891915378784,0.004633687243852135,0.04427132811879219,0.004628107402391105,-0.003609769812019233,-0.012280770881794384,-0.006707640106518166,-0.006951895909318729,-0.011262966110597173,0.006446456437409873,0.0024618449908313913,-0.005077308255739496,-0.015572267012670848,0.011923906627226045,-0.004147122821133968,0.00840693872824725,-0.003959903363255048,0.0026765024667682723,0.0043875164119584874,-0.00499076255333954,-0.005335992041981607,-0.001539669933169954,0.004628107402391105,0.021838913774837744,0.008025136201517038,-0.001466331048455827,-0.0024882113742588727,-0.001855245963774202,-8.833616488813762e-5,0.004980536283542402,0.00819892168402327,-0.011832072670299374,-0.025308422910479578,0.014957621935664987,-0.01979400161143594,0.01018153174613795,0.001025195745060601,0.004332145803803462,0.005365156812817358,-0.0025753057642666543,-0.01006989465472377,-0.005460469474213401,-0.003609769812019233,0.008025136201517038,0.036805934087070044,0.0039924318036203875,-0.0022736490889218547,-0.0020867442966913093,-0.006233175921731324,-0.0038695547572622576,0.00043266413463709144,-0.006317979328164835,-0.006131287026561699,0.003248836419474329,-0.00491059721012891,-0.006579683697893874,0.004705175333396578,0.0008563875627798144,-0.0031452652685631044,0.006372400466714578,0.00027722920118259254,-0.002586934258556413,-0.012280770881794384,-0.001466331048455827,0.0039924318036203875,0.02152811255788236,0.005721459717380728,0.0012392666847325351,-0.0005437442367638082,0.0020875395223724797,-0.008030854021772334,-0.017215611975020938,-0.0037498831896351833,0.001602984884980808,-0.008013166429943638,-0.0006163357433092083,0.0014090823729290356,0.008176067110519221,0.0005099418291186976,0.004262126843051354,0.004161590149423607,0.002449533818586983,-0.006707640106518166,-0.0024882113742588727,-0.0022736490889218547,0.005721459717380728,0.028888002636274054,-0.0014189050047422021,-0.009736965697225673,-0.002039967558586718,-0.0108962152584077,-0.003599163654155719,-0.004653339904471943,0.005948712477418898,0.00396566532805617,-0.00903149170271708,0.011066664548202819,0.0026780220436280694,-0.0068286238629892936,0.010071586982095964,-0.0056647986895268735,-0.0002100663347189306,-0.006951895909318729,-0.001855245963774202,-0.0020867442966913093,0.0012392666847325351,-0.0014189050047422021,0.022312112115688877,0.006959210901108869,-0.005954539124742305,0.0029594602874812633,0.005075386178134682,-0.0038991455131303253,0.007856088928085585,-0.0009800784161684505,-0.01694987697786114,0.011797085344608892,0.0031908727190015137,-0.008731844438109256,0.009742668699917315,0.005851847517286138,-0.0097175514579882,-0.011262966110597173,-8.833616488813762e-5,-0.006233175921731324,-0.0005437442367638082,-0.009736965697225673,0.006959210901108869,0.0359264670945561
