0.04687944271792819,0.006643431379605318,0.0018997761459980428,-0.005423183492924118,-0.0015565480475144685,-0.017918089935241955,0.01529527888290652,-0.002672021176538697,0.00295718691893498,-0.004456875000893423,-0.003140963488025502,-0.0026597066187019893,0.017501068167764717,-0.009825892010744734,0.0038182086728263385,-0.02834130385279825,0.0009902841294879608,-0.005292467526739396,0.014838927408950084,0.0029610569292355046,0.006643431379605318,0.030019716203301943,-0.0058518085591541934,0.00607031749212329,0.003893318422835233,0.005964232655489632,-0.0006666819443883507,-0.0034092198077808394,0.004748475293093588,-0.0060886579050126,0.002808067584169921,0.009769172314138616,-2.145513187782721e-5,-0.0027302724768725212,0.002500856670941039,0.0002683805119535596,-0.00887493243225547,-0.0058992200335850255,-0.007003504737166131,-0.0004172427199261437,0.0018997761459980428,-0.0058518085591541934,0.03218942049942239,-0.010681010926591256,2.961088477702352e-5,-0.014993760043458804,0.008284676093788843,-0.00617442315705523,-0.01792000186187459,-0.00011190408004359297,0.0010968931787335434,0.003936071544786828,-0.003811611661517376,-0.005022965976503722,-0.0025437558756344703,0.002355799519666097,0.0004638140092775313,0.014827574919983972,0.0066730389605844835,-0.009830269150121017,-0.005423183492924118,0.00607031749212329,-0.010681010926591256,0.030546708285040684,-0.0008560048183895511,0.010231604885311996,-0.007322247701101409,0.006230339030064053,0.013911424982620029,-0.0008434452896398456,-0.0018597847189486957,-0.0026697748452865636,-0.0008807849890139162,0.0019794500241823425,-0.005367128428155209,0.007488534870626357,0.0022001459423456027,-0.002042891590731762,-0.011916910533309072,0.004396134957943493,-0.0015565480475144685,0.003893318422835233,2.961088477702352e-5,-0.0008560048183895511,0.025405929124323226,0.003303210482008897,-0.004660393481469201,-0.0005856118961647434,-0.008163815474229286,0.0012906888055787642,-0.001129535250799465,-0.0030535664073643443,-2.0694914504407126e-5,-0.010072134389999588,0.006963871736479422,-0.0032744823869972246,-0.010354030245185435,-0.0011998385727483999,-0.004484422232892348,0.006543950015661774,-0.017918089935241955,0.005964232655489632,-0.014993760043458804,0.010231604885311996,0.003303210482008897,0.04968143074181449,-0.024918389596688514,0.0031545272928679676,0.015623984062601941,0.004963311189679543,0.0013477215907784085,0.007398910006491693,-0.01242092360109329,0.00941404942577731,-0.006516983165678569,0.02129282595406952,0.00434411874184323,-0.012656330083363648,-0.02201896004500329,-0.006162665761591746,0.01529527888290652,-0.0006666819443883507,0.008284676093788843,-0.007322247701101409,-0.004660393481469201,-0.024918389596688514,0.07426707951175646,-0.008493023868292253,-0.015215507211268617,-0.011122067378754805,0.013662689166047775,-0.017278558044960837,0.026159693401101046,-0.03542680974780808,0.00677837704356885,-0.03518090291922986,-0.015620001300145486,0.002909612314792499,0.03941209668693995,0.006817895551302673,-0.002672021176538697,-0.0034092198077808394,-0.00617442315705523,0.006230339030064053,-0.0005856118961647434,0.0031545272928679676,-0.008493023868292253,0.019409843948059828,0.00536056650907428,0.004524414589636964,-0.0023003965264690954,-0.0027343980081330293,-0.004153282072124995,0.013261859005588437,0.00100699816362009,0.006618408419005775,0.0079070720508671,-0.0037422957315111837,-0.010860708467561441,-0.002469516089414577,0.00295718691893498,0.004748475293093588,-0.01792000186187459,0.013911424982620029,-0.008163815474229286,0.015623984062601941,-0.015215507211268617,0.00536056650907428,0.04848063245275322,0.008451689853835232,-0.004529220037458033,0.0062064562369071805,0.0014465481917198758,0.009070061912677348,-0.006680065518354956,0.00821786333541543,0.010667390810198624,-0.012798409428812082,-0.015921571141945708,0.005141282473180469,-0.004456875000893423,-0.0060886579050126,-0.00011190408004359297,-0.0008434452896398456,0.0012906888055787642,0.004963311189679543,-0.011122067378754805,0.004524414589636964,0.008451689853835232,0.030862054856320386,-0.003462477545805919,0.0025277514051075373,0.004875348409794535,0.002904675656862616,-0.003039085954505998,0.009912600393003273,0.0091821037113314,-0.01161356105904262,-0.01696804182612377,0.0016540428531100198,-0.003140963488025502,0.002808067584169921,0.0010968931787335434,-0.0018597847189486957,-0.001129535250799465,0.0013477215907784085,0.013662689166047775,-0.0023003965264690954,-0.004529220037458033,-0.003462477545805919,0.02823440640541901,-0.010015707975545077,-0.0033744265830687042,-0.00811728131035857,0.006332035660264537,0.0010533964738754927,-0.0048886042269703535,6.420433460967026e-5,0.007201409980442853,-0.0022947237430147238,-0.0026597066187019893,0.009769172314138616,0.003936071544786828,-0.0026697748452865636,-0.0030535664073643443,0.007398910006491693,-0.017278558044960837,-0.0027343980081330293,0.0062064562369071805,0.0025277514051075373,-0.010015707975545077,0.047341633359147144,0.0005496855216105594,0.018581478227149627,-0.0004290061800653329,0.0021329459612182905,0.0033144470296677764,-0.008653727685856535,-0.011783920774888795,-0.008523858724385257,0.017501068167764717,-2.145513187782721e-5,-0.003811611661517376,-0.0008807849890139162,-2.0694914504407126e-5,-0.01242092360109329,0.026159693401101046,-0.004153282072124995,0.0014465481917198758,0.004875348409794535,-0.0033744265830687042,0.0005496855216105594,0.03978865052849935,-0.021679529524368794,0.008113375584341033,-0.030221804432670352,-0.005838878221867724,-0.0028061470514608583,0.020915863000925822,0.007198791673567028,-0.009825892010744734,-0.0027302724768725212,-0.005022965976503722,0.0019794500241823425,-0.010072134389999588,0.00941404942577731,-0.03542680974780808,0.013261859005588437,0.009070061912677348,0.002904675656862616,-0.00811728131035857,0.018581478227149627,-0.021679529524368794,0.06897401839553546,-0.003436984225376075,0.026986872889110117,0.023743099073728482,-0.011223117573867767,-0.03317669953773516,-0.012979100213094306,0.0038182086728263385,0.002500856670941039,-0.0025437558756344703,-0.005367128428155209,0.006963871736479422,-0.006516983165678569,0.00677837704356885,0.00100699816362009,-0.006680065518354956,-0.003039085954505998,0.006332035660264537,-0.0004290061800653329,0.008113375584341033,-0.003436984225376075,0.037518817101920274,-0.017009210340625587,-0.010653038567210987,-0.005872442654757722,0.008202720830877079,0.006343945925159029,-0.02834130385279825,0.0002683805119535596,0.002355799519666097,0.007488534870626357,-0.0032744823869972246,0.02129282595406952,-0.03518090291922986,0.006618408419005775,0.00821786333541543,0.009912600393003273,0.0010533964738754927,0.0021329459612182905,-0.030221804432670352,0.026986872889110117,-0.017009210340625587,0.05875153098833472,0.01051205219258644,-0.002956772446699516,-0.038011857333568225,-0.00515976163697745,0.0009902841294879608,-0.00887493243225547,0.0004638140092775313,0.0022001459423456027,-0.010354030245185435,0.00434411874184323,-0.015620001300145486,0.0079070720508671,0.010667390810198624,0.0091821037113314,-0.0048886042269703535,0.0033144470296677764,-0.005838878221867724,0.023743099073728482,-0.010653038567210987,0.01051205219258644,0.03297934152899309,-0.005896493656023328,-0.011843168371645618,-0.009844598081246518,-0.005292467526739396,-0.0058992200335850255,0.014827574919983972,-0.002042891590731762,-0.0011998385727483999,-0.012656330083363648,0.002909612314792499,-0.0037422957315111837,-0.012798409428812082,-0.01161356105904262,6.420433460967026e-5,-0.008653727685856535,-0.0028061470514608583,-0.011223117573867767,-0.005872442654757722,-0.002956772446699516,-0.005896493656023328,0.030607220365111123,0.014043201416311575,0.004995338962882754,0.014838927408950084,-0.007003504737166131,0.0066730389605844835,-0.011916910533309072,-0.004484422232892348,-0.02201896004500329,0.03941209668693995,-0.010860708467561441,-0.015921571141945708,-0.01696804182612377,0.007201409980442853,-0.011783920774888795,0.020915863000925822,-0.03317669953773516,0.008202720830877079,-0.038011857333568225,-0.011843168371645618,0.014043201416311575,0.0667729294008267,0.0081164530707565,0.0029610569292355046,-0.0004172427199261437,-0.009830269150121017,0.004396134957943493,0.006543950015661774,-0.006162665761591746,0.006817895551302673,-0.002469516089414577,0.005141282473180469,0.0016540428531100198,-0.0022947237430147238,-0.008523858724385257,0.007198791673567028,-0.012979100213094306,0.006343945925159029,-0.00515976163697745,-0.009844598081246518,0.004995338962882754,0.0081164530707565,0.031214301595149645
0.09813753658462557,-0.0108407218310255,0.041253041279958255,-0.023186992382795323,-0.007237039459962753,0.003858260902132198,0.004638536210796939,-0.028901391761558336,-0.0007268876482695082,0.04897748873701929,0.03065112232431047,0.0031520262753227685,0.004517504619100667,0.002960305719477866,-0.0632726916077837,0.011073438430498716,0.0005808066818866164,6.905515496339601e-6,-0.033850373030776024,-0.05832412968999773,-0.0108407218310255,0.025607966193744676,-0.0047916153650724045,-0.014630972947836243,-0.0012908121228454297,-0.002231039830891906,0.005122417721027684,0.00508850703531631,-0.004372757774762202,0.0016382011605275031,-0.009741229703833777,-0.016265417730735546,0.006186500396608325,0.005301609873339351,0.018415113362903614,0.0001648355439762962,-0.0040726879297399736,0.0005532778153957412,-7.250987537036377e-5,0.005888879731325208,0.041253041279958255,-0.0047916153650724045,0.08094563664686016,-0.0027485164515597344,0.009690679842626785,-0.005409262767369875,0.0022352247174553474,-0.010932642982210672,-0.021577420775098312,0.035810288828161146,0.03368560928426735,0.016324856055013215,0.0009595296418428278,-0.029147103236757125,-0.04522716975539991,-0.015338927697570264,-0.012837938934829207,0.014381830705107013,-0.0199271364126975,-0.03364161679585902,-0.023186992382795323,-0.014630972947836243,-0.0027485164515597344,0.04117837897869422,0.0039105282716504815,-0.0035985572957790844,-0.014686751097417199,0.011997318045817582,0.002780299734249518,-0.027157307839266107,0.0006842889264157045,0.011094391159683751,-0.007459028435212119,-0.013428816678295683,0.007566547340272506,-0.0028741894591619286,0.00845245063976732,-0.000330527353681237,0.00649166440191011,0.016975710012391947,-0.007237039459962753,-0.0012908121228454297,0.009690679842626785,0.0039105282716504815,0.020571007793203203,0.0025735733308770298,-0.0014848785250311273,0.00187172192442981,-0.0005205517702634053,0.0044450998455259,0.005633092750864798,0.0033749902422826753,-0.0024802038158703538,-0.011812307846203723,-0.010972350912344598,-0.00598927821640324,0.004886096373406538,0.00761764698984154,-0.002683919046743909,-0.002959851371936873,0.003858260902132198,-0.002231039830891906,-0.005409262767369875,-0.0035985572957790844,0.0025735733308770298,0.030077177241945058,0.005741285625543647,0.0023791577323290436,0.00868043118322006,0.00749837937713403,-0.004820590544162683,-0.012431751431009466,-0.0035805993432908535,0.005523776075638915,-0.004353638415635905,-0.011038511830847503,0.009258858299486597,0.007636771592604228,0.0018125222935789361,-0.017503041727340816,0.004638536210796939,0.005122417721027684,0.0022352247174553474,-0.014686751097417199,-0.0014848785250311273,0.005741285625543647,0.03459701110794337,-0.007301425838186389,-0.0005384781716485203,0.017672898307652028,-0.007405435042862155,-0.013079656735355029,-0.004181652786190673,0.007138022897933421,-0.002736656580807781,-0.012254842118739142,0.00484856205227337,0.0028168063968280295,-0.0009428481363892378,-0.011767867552818813,-0.028901391761558336,0.00508850703531631,-0.010932642982210672,0.011997318045817582,0.00187172192442981,0.0023791577323290436,-0.007301425838186389,0.03660448212149105,0.00036850786809657456,-0.020264655021792578,0.0006849877003337018,0.005626644077154536,0.001277780404370584,-0.010496242721666712,0.01710648018326117,-0.014196579061943304,0.00047677203673604745,0.004812495479400224,0.0039880810596502544,0.009757536029482077,-0.0007268876482695082,-0.004372757774762202,-0.021577420775098312,0.002780299734249518,-0.0005205517702634053,0.00868043118322006,-0.0005384781716485203,0.00036850786809657456,0.026742584222994036,-0.0041225801444135565,-0.006706443249199435,-8.218770643557264e-6,-0.003265107786996777,0.007288424830575546,-0.0007578221648164213,0.004893620605732024,0.006564137491897762,0.00012367181023980743,0.004421389371101736,-0.0037013010354418775,0.04897748873701929,0.0016382011605275031,0.035810288828161146,-0.027157307839266107,0.0044450998455259,0.00749837937713403,0.017672898307652028,-0.020264655021792578,-0.0041225801444135565,0.07648616920190379,0.0235803888456562,-0.01248633289883182,0.00545252810985741,0.0030389186797634173,-0.04811073190488328,-0.015417373035651008,-0.004410334873443678,0.013827957851959963,-0.02159880994732269,-0.05273897782526843,0.03065112232431047,-0.009741229703833777,0.03368560928426735,0.0006842889264157045,0.005633092750864798,-0.004820590544162683,-0.007405435042862155,0.0006849877003337018,-0.006706443249199435,0.0235803888456562,0.07505760630210301,0.03290985448710884,-6.193392472622584e-5,-0.029990165496558974,-0.03701719716597387,-0.008293669402197001,-0.006888961860485352,0.01943733581412293,-0.022644260183583453,-0.031931918679551,0.0031520262753227685,-0.016265417730735546,0.016324856055013215,0.011094391159683751,0.0033749902422826753,-0.012431751431009466,-0.013079656735355029,0.005626644077154536,-8.218770643557264e-6,-0.01248633289883182,0.03290985448710884,0.059492680641695585,0.005514117248294445,-0.020598538499466187,-0.021225286625231474,-0.0002573210757850458,-0.007121777235499331,0.006097834090395408,-0.021602067748449166,0.0012017820710986194,0.004517504619100667,0.006186500396608325,0.0009595296418428278,-0.007459028435212119,-0.0024802038158703538,-0.0035805993432908535,-0.004181652786190673,0.001277780404370584,-0.003265107786996777,0.00545252810985741,-6.193392472622584e-5,0.005514117248294445,0.0372265082662926,-0.003237646899086998,-0.006066223431182235,-0.001165967354591511,-0.017922948340653395,0.003225351766867118,-0.0008640353464215661,-0.0027350444833057815,0.002960305719477866,0.005301609873339351,-0.029147103236757125,-0.013428816678295683,-0.011812307846203723,0.005523776075638915,0.007138022897933421,-0.010496242721666712,0.007288424830575546,0.0030389186797634173,-0.029990165496558974,-0.020598538499466187,-0.003237646899086998,0.05161665796207297,0.021017145783490725,0.010398425768382423,0.002117425223535184,-0.019568311651655425,0.010772236514245598,0.01264343632754799,-0.0632726916077837,0.018415113362903614,-0.04522716975539991,0.007566547340272506,-0.010972350912344598,-0.004353638415635905,-0.002736656580807781,0.01710648018326117,-0.0007578221648164213,-0.04811073190488328,-0.03701719716597387,-0.021225286625231474,-0.006066223431182235,0.021017145783490725,0.09197428952699191,0.01195788165585607,-0.0025544650087636115,-0.01586887486470629,0.033980230932777064,0.05719868987559787,0.011073438430498716,0.0001648355439762962,-0.015338927697570264,-0.0028741894591619286,-0.00598927821640324,-0.011038511830847503,-0.012254842118739142,-0.014196579061943304,0.004893620605732024,-0.015417373035651008,-0.008293669402197001,-0.0002573210757850458,-0.001165967354591511,0.010398425768382423,0.01195788165585607,0.048909171107168165,0.0025718377433629315,-0.015183881881894085,-0.00531814023812696,0.017496315354688534,0.0005808066818866164,-0.0040726879297399736,-0.012837938934829207,0.00845245063976732,0.004886096373406538,0.009258858299486597,0.00484856205227337,0.00047677203673604745,0.006564137491897762,-0.004410334873443678,-0.006888961860485352,-0.007121777235499331,-0.017922948340653395,0.002117425223535184,-0.0025544650087636115,0.0025718377433629315,0.0291474821464463,-0.0027938353071145306,-0.0006629079117133213,0.00023083634537489077,6.905515496339601e-6,0.0005532778153957412,0.014381830705107013,-0.000330527353681237,0.00761764698984154,0.007636771592604228,0.0028168063968280295,0.004812495479400224,0.00012367181023980743,0.013827957851959963,0.01943733581412293,0.006097834090395408,0.003225351766867118,-0.019568311651655425,-0.01586887486470629,-0.015183881881894085,-0.0027938353071145306,0.03419243868542271,-0.010753130856673182,-0.017248872579728042,-0.033850373030776024,-7.250987537036377e-5,-0.0199271364126975,0.00649166440191011,-0.002683919046743909,0.0018125222935789361,-0.0009428481363892378,0.0039880810596502544,0.004421389371101736,-0.02159880994732269,-0.022644260183583453,-0.021602067748449166,-0.0008640353464215661,0.010772236514245598,0.033980230932777064,-0.00531814023812696,-0.0006629079117133213,-0.010753130856673182,0.047404736752785476,0.021385047707844912,-0.05832412968999773,0.005888879731325208,-0.03364161679585902,0.016975710012391947,-0.002959851371936873,-0.017503041727340816,-0.011767867552818813,0.009757536029482077,-0.0037013010354418775,-0.05273897782526843,-0.031931918679551,0.0012017820710986194,-0.0027350444833057815,0.01264343632754799,0.05719868987559787,0.017496315354688534,0.00023083634537489077,-0.017248872579728042,0.021385047707844912,0.07576597477874829
