0.014290783942399507,2.1868352708973113e-6,0.004506503743812278,-0.003429527967221036,0.0011609599564707715,0.002305576422659756,0.00015229255450560945,-0.0010333594778080286,0.0008132033019590187,-0.001289882111068195,-0.0015760229371402311,-0.00044517387524715236,-0.002579130250205435,0.0019973322106037125,-0.001395842625205887,-0.0016191173022414732,-0.00505224258198245,0.0006359631305107954,0.0010456376247490566,0.0013002584073050622,2.1868352708973113e-6,0.012885646374014457,-0.00032425055904978573,0.002160601618321642,-0.0005725128746845271,0.0014283540699456436,-0.00235700173867887,0.0005163731569221674,-0.0031137123858686728,0.0011537358252673578,0.0004042487129977594,-0.0005131631378116324,0.0011731614286866014,-0.0005199319230631148,-0.0018733453271209265,0.002515182960678103,0.0005438397555605842,-0.002940768956675551,-0.0037414136932445155,-0.002614098530745323,0.004506503743812278,-0.00032425055904978573,0.019341832818062198,0.0012885501469966701,0.0013327691295858804,0.002943525868690725,-0.005451845394313998,-0.0012917018342762008,-0.0011884986409297824,-0.0011156398633725701,-0.0018064030685469952,-0.00023646430077554307,-0.0038169698815131436,-0.001119448490678097,-0.0023356090358424113,-0.0016863137659176635,-0.004051446436517886,-0.008433684239368397,0.00014295358138129562,0.0030445620892475367,-0.003429527967221036,0.002160601618321642,0.0012885501469966701,0.019585533837941514,-0.0042602939758963725,0.001997430321340531,0.0007778579777207991,-0.0007605063481227483,-0.0024794608849470585,-0.0010875927589863543,-0.0019244853632540567,0.0015185576469297808,0.0046738469698775886,0.0008949007237786535,-0.0004824761470114034,0.0003100975980411585,-0.0013376513695611244,0.001425596852865477,0.0014000682317113688,-0.00014748178485160524,0.0011609599564707715,-0.0005725128746845271,0.0013327691295858804,-0.0042602939758963725,0.018710413132927442,0.0005610834126987502,-0.002816874810544592,-0.0032199494661128095,-0.000713610408561503,0.00048432524037565246,0.0037822298622556165,-0.004038954564563471,-0.004411883076449623,-0.0007074086047620386,0.004106498253616173,-0.003070457603300971,0.0034807816826243586,0.003662989390296462,0.006663076507000994,0.007567782978696388,0.002305576422659756,0.0014283540699456436,0.002943525868690725,0.001997430321340531,0.0005610834126987502,0.018272478301196125,-0.0022909482719497658,0.002874996816573611,-0.0013745522059366725,0.001088087655645821,-0.0006304073232367282,-0.0016177766132484807,-0.0003674040748299914,-0.0006251922800546672,0.0013075586552150622,0.0006165197211755751,-0.0005645690187700533,-0.00421584280154428,-0.0007871506997866119,0.004365270582389863,0.00015229255450560945,-0.00235700173867887,-0.005451845394313998,0.0007778579777207991,-0.002816874810544592,-0.0022909482719497658,0.01610095098176715,0.0016674591043319108,-0.0018744911966281355,-0.00039471348814776395,0.003178311418165938,9.955851956647841e-5,-0.0019407757614384293,-0.00036798727676645954,0.0034632584713090117,0.0006344650722103758,0.0011258966268680314,-0.0004501160813936669,-0.0014900554730012583,-0.0016468231047788921,-0.0010333594778080286,0.0005163731569221674,-0.0012917018342762008,-0.0007605063481227483,-0.0032199494661128095,0.002874996816573611,0.0016674591043319108,0.013771359479975855,0.003661154470725579,-0.0028352460628686066,-0.003075665117809756,-0.0003580037070255788,-0.0014667559901362754,0.0023173009254171865,-0.00021101485387447355,0.00461383791420407,-0.0003426158971601607,-0.0035488211024771793,-0.0009141547450807082,0.0010462763353436806,0.0008132033019590187,-0.0031137123858686728,-0.0011884986409297824,-0.0024794608849470585,-0.000713610408561503,-0.0013745522059366725,-0.0018744911966281355,0.003661154470725579,0.013419938474483977,-0.0041056961688539,0.0016240629540034942,-0.0022885791367377325,-0.0017746307380629325,-0.0008431272436216573,0.003048364817732626,-0.003214898934837466,0.0034257475404453116,0.005262252150408021,0.0020398416860733124,-0.00017685217413844349,-0.001289882111068195,0.0011537358252673578,-0.0011156398633725701,-0.0010875927589863543,0.00048432524037565246,0.001088087655645821,-0.00039471348814776395,-0.0028352460628686066,-0.0041056961688539,0.013193075017647602,0.006244053660787211,-0.001915533423342936,-0.004024905535135579,-0.002163600483921716,0.0027425695790037645,0.0013029985423922584,0.0007224655168838728,-0.0010691731845466931,0.000935365417665741,0.002631669599420768,-0.0015760229371402311,0.0004042487129977594,-0.0018064030685469952,-0.0019244853632540567,0.0037822298622556165,-0.0006304073232367282,0.003178311418165938,-0.003075665117809756,0.0016240629540034942,0.006244053660787211,0.013809039654128566,-0.0007287919502577866,0.0007040857671652936,-0.0008212878058864578,0.0015263928552603843,-0.002981279647756287,0.001484879730443609,0.002545796974266474,0.0016668926911036534,-0.00015186527953672411,-0.00044517387524715236,-0.0005131631378116324,-0.00023646430077554307,0.0015185576469297808,-0.004038954564563471,-0.0016177766132484807,9.955851956647841e-5,-0.0003580037070255788,-0.0022885791367377325,-0.001915533423342936,-0.0007287919502577866,0.022365803813853845,-0.0018455931853019192,0.000665987982737768,-0.0025546779271865853,-0.00093282088169302,0.0009717187494407927,0.0031359314782109216,-0.005594128602597906,-0.001971353842074499,-0.002579130250205435,0.0011731614286866014,-0.0038169698815131436,0.0046738469698775886,-0.004411883076449623,-0.0003674040748299914,-0.0019407757614384293,-0.0014667559901362754,-0.0017746307380629325,-0.004024905535135579,0.0007040857671652936,-0.0018455931853019192,0.02045737251863586,0.0007469350202972705,-0.003951372264302254,0.0039418150276432085,-0.002183292663534316,0.0010713517050958809,-0.0029575807052126405,-0.004832988723114891,0.0019973322106037125,-0.0005199319230631148,-0.001119448490678097,0.0008949007237786535,-0.0007074086047620386,-0.0006251922800546672,-0.00036798727676645954,0.0023173009254171865,-0.0008431272436216573,-0.002163600483921716,-0.0008212878058864578,0.000665987982737768,0.0007469350202972705,0.01745184567390167,-0.0008765205321474238,0.00017132669394084423,-0.003887862720186653,-0.0011717657502776722,0.002320129724978988,-0.0015796368188651733,-0.001395842625205887,-0.0018733453271209265,-0.0023356090358424113,-0.0004824761470114034,0.004106498253616173,0.0013075586552150622,0.0034632584713090117,-0.00021101485387447355,0.003048364817732626,0.0027425695790037645,0.0015263928552603843,-0.0025546779271865853,-0.003951372264302254,-0.0008765205321474238,0.022463686098006076,-0.004386746587515708,0.0004211411233445335,0.00044772940885611786,0.0027182739943646195,0.002765210069637936,-0.0016191173022414732,0.002515182960678103,-0.0016863137659176635,0.0003100975980411585,-0.003070457603300971,0.0006165197211755751,0.0006344650722103758,0.00461383791420407,-0.003214898934837466,0.0013029985423922584,-0.002981279647756287,-0.00093282088169302,0.0039418150276432085,0.00017132669394084423,-0.004386746587515708,0.01638051165677856,0.002351021399830941,-0.0021602520510520364,-0.0028438160146359846,-0.008598563344867347,-0.00505224258198245,0.0005438397555605842,-0.004051446436517886,-0.0013376513695611244,0.0034807816826243586,-0.0005645690187700533,0.0011258966268680314,-0.0003426158971601607,0.0034257475404453116,0.0007224655168838728,0.001484879730443609,0.0009717187494407927,-0.002183292663534316,-0.003887862720186653,0.0004211411233445335,0.002351021399830941,0.018047140341700168,0.0031865738158212437,-0.0020824928116906062,0.002986517939066194,0.0006359631305107954,-0.002940768956675551,-0.008433684239368397,0.001425596852865477,0.003662989390296462,-0.00421584280154428,-0.0004501160813936669,-0.0035488211024771793,0.005262252150408021,-0.0010691731845466931,0.002545796974266474,0.0031359314782109216,0.0010713517050958809,-0.0011717657502776722,0.00044772940885611786,-0.0021602520510520364,0.0031865738158212437,0.019795767577160058,-0.004627681409696559,-0.0024042542439187816,0.0010456376247490566,-0.0037414136932445155,0.00014295358138129562,0.0014000682317113688,0.006663076507000994,-0.0007871506997866119,-0.0014900554730012583,-0.0009141547450807082,0.0020398416860733124,0.000935365417665741,0.0016668926911036534,-0.005594128602597906,-0.0029575807052126405,0.002320129724978988,0.0027182739943646195,-0.0028438160146359846,-0.0020824928116906062,-0.004627681409696559,0.019115216578948477,0.004026265847494339,0.0013002584073050622,-0.002614098530745323,0.0030445620892475367,-0.00014748178485160524,0.007567782978696388,0.004365270582389863,-0.0016468231047788921,0.0010462763353436806,-0.00017685217413844349,0.002631669599420768,-0.00015186527953672411,-0.001971353842074499,-0.004832988723114891,-0.0015796368188651733,0.002765210069637936,-0.008598563344867347,0.002986517939066194,-0.0024042542439187816,0.004026265847494339,0.016315244442156516
