0.026643378107115662,-0.00795229497535476,0.015876550379392382,0.004335585569178253,0.002465375974669606,-0.003343852323961988,-0.01121178839629745,-0.004401877929377644,-0.0065861555015271495,-0.005866050588988481,0.001819870061324792,0.0004064282023455261,0.0010216476967444001,0.006268442392777658,0.001668905780023182,-0.0014667233272224363,0.0009454702174999143,-0.006779637132288312,0.000673745716773382,-0.002275443269933072,-0.00795229497535476,0.02312269470712616,-0.008894526328509688,0.005299782251791453,-0.004814598477677472,0.002294287321910812,0.0036902596794434524,-0.001769101136594954,-0.0014747451672100283,0.00487840103815408,0.00017733574331504638,0.002974410503826844,0.005760244210847312,-0.0032426913074525597,0.008642596370362503,0.002888030953319008,0.00019463229918974148,-0.004380296325325659,0.004684697459461184,-0.00532077229322083,0.015876550379392382,-0.008894526328509688,0.03937525550179553,-0.002222045601139617,0.004356877310684168,-0.0047744649460643145,-0.004254500029428925,-0.010050927122278109,-0.001292586108324511,-0.00883711742561685,0.0033193374311271616,0.009444299500036129,-0.011020456482134022,0.008581492522705231,0.0007482372361523957,-0.00381379026780313,0.0009533553409984893,0.004313247445594761,-0.004260804147857856,-0.0030348346546951914,0.004335585569178253,0.005299782251791453,-0.002222045601139617,0.031037967015490563,0.0006285721871185732,-0.0019591499192246394,0.0033766341105510387,-0.003039408200424808,-0.003122062449890594,0.007761357622631916,0.0059766363079560274,-6.631792155152702e-5,0.0014458107471729395,-0.004098840033433212,0.00030995245019835077,-0.0018784127426294786,-0.01266095207453799,-0.013985387374940362,-0.004271602491271549,0.0019319428430166988,0.002465375974669606,-0.004814598477677472,0.004356877310684168,0.0006285721871185732,0.022786220340405307,-0.0004181861804905773,-0.002921064469475901,-0.00401196978084664,0.004628324659048399,0.0020773666279670293,-0.003590568702824728,-0.0034924407331873132,-0.001753638646077846,-0.001883698526771968,-0.0024542319378329093,0.0022082126677768505,0.001370520016997954,0.0019650802076132236,0.0016840638469322728,-0.003733906157384255,-0.003343852323961988,0.002294287321910812,-0.0047744649460643145,-0.0019591499192246394,-0.0004181861804905773,0.0142598180588815,-0.0050164670771021365,0.0013138529901182026,-0.00017603136145035898,0.0025496008223298305,-0.00015317490508218607,-0.0012417597237260037,-0.00377348698846964,-0.0013225952232132393,0.002608890213326698,0.0016860888158920949,0.0001999924864922581,-0.0005853208484106935,-9.182781063050372e-5,0.00029360022145446423,-0.01121178839629745,0.0036902596794434524,-0.004254500029428925,0.0033766341105510387,-0.002921064469475901,-0.0050164670771021365,0.020569425028725326,0.007531685525447224,0.0050068408928346485,0.003364119687457427,0.0005152765295150294,-0.0050998792328863915,-0.0013915234564404165,-0.006432341415398305,0.003445504252155421,0.0016795644391150535,-0.003374018392127173,0.0008201158273211768,-0.0038938583908111205,-0.003995908734297372,-0.004401877929377644,-0.001769101136594954,-0.010050927122278109,-0.003039408200424808,-0.00401196978084664,0.0013138529901182026,0.007531685525447224,0.028859213714563167,-0.0011973776608179742,0.002790454851222207,-0.0035712123844648326,-0.008190856255386495,0.0023254633564997827,-0.005829562499401513,0.0016388041804671124,0.0005747666953505256,-0.004842341247530449,-0.004300272158302261,0.0049198275637475156,0.0057582037319918265,-0.0065861555015271495,-0.0014747451672100283,-0.001292586108324511,-0.003122062449890594,0.004628324659048399,-0.00017603136145035898,0.0050068408928346485,-0.0011973776608179742,0.03197885286702337,0.008477840691238555,-0.006534793816067736,-0.0010347408896604058,0.0038804868368599163,-0.0038655632082583878,-0.005826643890428477,0.001101262149237023,-0.001949232242044619,0.010035892152137654,0.00436154233681481,-0.001854127858593578,-0.005866050588988481,0.00487840103815408,-0.00883711742561685,0.007761357622631916,0.0020773666279670293,0.0025496008223298305,0.003364119687457427,0.002790454851222207,0.008477840691238555,0.03058253924162239,0.005855801602313642,-0.00798053956294624,0.0040554229283103335,-0.011847263847669282,-0.0003487419742885952,0.004327777605935079,0.0021643412319122474,-0.006921268781963124,0.0005589220754842398,-0.008235056290991787,0.001819870061324792,0.00017733574331504638,0.0033193374311271616,0.0059766363079560274,-0.003590568702824728,-0.00015317490508218607,0.0005152765295150294,-0.0035712123844648326,-0.006534793816067736,0.005855801602313642,0.022796718138332533,0.0027911793053689987,-0.0015761037124996417,0.005278567283774906,0.006939860676735048,-1.1223754291413601e-5,0.003389301220780467,-0.010297473307286009,-0.006032251456094373,-0.0021833539277014338,0.0004064282023455261,0.002974410503826844,0.009444299500036129,-6.631792155152702e-5,-0.0034924407331873132,-0.0012417597237260037,-0.0050998792328863915,-0.008190856255386495,-0.0010347408896604058,-0.00798053956294624,0.0027911793053689987,0.023920105689993927,-0.005615902635480837,0.003170018932767687,0.0006688798882773402,-0.0011578743159524991,0.0017187511448959064,0.005692159427857979,-0.002615210392197191,-0.003085457511820387,0.0010216476967444001,0.005760244210847312,-0.011020456482134022,0.0014458107471729395,-0.001753638646077846,-0.00377348698846964,-0.0013915234564404165,0.0023254633564997827,0.0038804868368599163,0.0040554229283103335,-0.0015761037124996417,-0.005615902635480837,0.024372514099258426,0.006517163856743236,0.0017397856728603412,-0.00039725084829013766,-0.0026538800780293746,0.0012824967348084963,-0.0012716841804683823,-0.0016692369001599502,0.006268442392777658,-0.0032426913074525597,0.008581492522705231,-0.004098840033433212,-0.001883698526771968,-0.0013225952232132393,-0.006432341415398305,-0.005829562499401513,-0.0038655632082583878,-0.011847263847669282,0.005278567283774906,0.003170018932767687,0.006517163856743236,0.01821296627374667,-0.003596464783041045,-0.001759789277084331,0.003917697058886198,0.00572958161103687,-0.0037133338131703016,0.002367439195209517,0.001668905780023182,0.008642596370362503,0.0007482372361523957,0.00030995245019835077,-0.0024542319378329093,0.002608890213326698,0.003445504252155421,0.0016388041804671124,-0.005826643890428477,-0.0003487419742885952,0.006939860676735048,0.0006688798882773402,0.0017397856728603412,-0.003596464783041045,0.02267246417168759,-6.198193275889249e-5,-0.003764007110955995,-0.0080083446865899,-0.0017356564498439632,-0.00652945123083452,-0.0014667233272224363,0.002888030953319008,-0.00381379026780313,-0.0018784127426294786,0.0022082126677768505,0.0016860888158920949,0.0016795644391150535,0.0005747666953505256,0.001101262149237023,0.004327777605935079,-1.1223754291413601e-5,-0.0011578743159524991,-0.00039725084829013766,-0.001759789277084331,-6.198193275889249e-5,0.015232057023389634,-8.299790887515286e-5,-0.0010906444321493747,-0.0016915212667300173,-0.0034756733245629853,0.0009454702174999143,0.00019463229918974148,0.0009533553409984893,-0.01266095207453799,0.001370520016997954,0.0001999924864922581,-0.003374018392127173,-0.004842341247530449,-0.001949232242044619,0.0021643412319122474,0.003389301220780467,0.0017187511448959064,-0.0026538800780293746,0.003917697058886198,-0.003764007110955995,-8.299790887515286e-5,0.02989191255853901,0.0067695390592744835,-0.007533359182030363,-0.001806632608207966,-0.006779637132288312,-0.004380296325325659,0.004313247445594761,-0.013985387374940362,0.0019650802076132236,-0.0005853208484106935,0.0008201158273211768,-0.004300272158302261,0.010035892152137654,-0.006921268781963124,-0.010297473307286009,0.005692159427857979,0.0012824967348084963,0.00572958161103687,-0.0080083446865899,-0.0010906444321493747,0.0067695390592744835,0.033850041805120086,-0.0007336759616877987,0.0007160501372514938,0.000673745716773382,0.004684697459461184,-0.004260804147857856,-0.004271602491271549,0.0016840638469322728,-9.182781063050372e-5,-0.0038938583908111205,0.0049198275637475156,0.00436154233681481,0.0005589220754842398,-0.006032251456094373,-0.002615210392197191,-0.0012716841804683823,-0.0037133338131703016,-0.0017356564498439632,-0.0016915212667300173,-0.007533359182030363,-0.0007336759616877987,0.022777172671621562,0.0002908800221018738,-0.002275443269933072,-0.00532077229322083,-0.0030348346546951914,0.0019319428430166988,-0.003733906157384255,0.00029360022145446423,-0.003995908734297372,0.0057582037319918265,-0.001854127858593578,-0.008235056290991787,-0.0021833539277014338,-0.003085457511820387,-0.0016692369001599502,0.002367439195209517,-0.00652945123083452,-0.0034756733245629853,-0.001806632608207966,0.0007160501372514938,0.0002908800221018738,0.03212554591639397
