0.0323985462106883,0.00982360901323785,-0.006228581767957788,0.0013652643379890592,-0.0018305767499327053,-0.016014219735299047,0.004654762691082939,-0.014480650625965371,0.005109996693000515,-0.0001489595542004936,3.6531220542192384e-5,-0.009944079619519697,-0.003131608955876988,-0.009464582487288986,0.005614684480223774,-0.004685129750148944,0.008411537097419562,-0.0004206511617054409,0.0010103636738724173,0.011232186312749765,0.00982360901323785,0.045545590697193175,-0.010241978526258104,0.004226784761458098,0.0019218831873058033,-0.019218477368636754,0.004717589407122269,-0.0064683864016346435,-0.006020245018177687,-0.0011322357563719313,-0.009134505581662851,0.0028704203924079584,-0.0030611758924666537,-0.01774952138609835,0.006916974035276307,-0.01068946915257457,0.003005702006246904,0.005043404793403199,0.009748792933795032,0.017118495373619785,-0.006228581767957788,-0.010241978526258104,0.044393228195939036,0.0022481210924287626,-0.0019589035378272173,-0.021411849712168786,0.004824638534165998,-0.018555155310885665,0.04889083895288086,0.00022575163232309335,0.003958669114735415,0.0034797978898103523,0.003332910505374708,-0.004131417949202182,-0.0059802482301755085,0.003309545271303278,0.00752052700960683,-0.004348807769267542,-0.000913315013956178,-0.021466590976827807,0.0013652643379890592,0.004226784761458098,0.0022481210924287626,0.035276577178105575,0.01086715164545662,-0.007453149993658842,0.004032518177854458,0.007533321856844246,0.0029033996737810406,0.00420840538278899,-0.010038994854296143,0.007579090945711424,0.002575846343696091,-0.00634971564100044,-0.010966059672096379,-0.007909776453021104,0.006912302661089653,-0.005225399407005199,-0.0018539914173692803,-0.01519663836504171,-0.0018305767499327053,0.0019218831873058033,-0.0019589035378272173,0.01086715164545662,0.025275212672658184,0.012116658313602775,1.066221398385303e-5,0.018456149041049367,-0.016682188982167775,0.0002474142820981216,-0.005042445394567268,0.0016092119988164676,-0.00036291225785374786,-0.0029454632037714656,-0.0027196525743349736,-0.009264519100450598,0.004869194464370731,-0.0012101434222835862,-0.00043100964856780427,-0.010897823615994107,-0.016014219735299047,-0.019218477368636754,-0.021411849712168786,-0.007453149993658842,0.012116658313602775,0.08811725789199024,-0.011750573163253605,0.03988611357073122,-0.04447568135509895,-0.011886375201073954,0.005062796597530573,0.003292164234486693,0.0015491850645994185,0.02381954815835749,-0.01677387090873657,0.0070274592507881106,0.000444224229128033,0.0012681458747443792,-0.009489745786687428,-0.01832765837210478,0.004654762691082939,0.004717589407122269,0.004824638534165998,0.004032518177854458,1.066221398385303e-5,-0.011750573163253605,0.02541099563299541,-0.007440145892247105,0.007745946879617022,-0.0032536209228345827,-0.0023738374237336967,0.004825145121307559,-0.0020369214441196618,-0.006579542287098353,-0.008461519338976594,-0.002390624921347527,0.007355850793967483,-0.00289945010058317,0.004878880076928103,-0.0134192021769808,-0.014480650625965371,-0.0064683864016346435,-0.018555155310885665,0.007533321856844246,0.018456149041049367,0.03988611357073122,-0.007440145892247105,0.058213182454203476,-0.037215161968311164,-0.0001961967074926396,-0.007299451554609869,0.004025958914331048,-1.975909480177282e-5,0.017535314559163434,-0.015154636507170548,0.0059124537882707315,-0.0007055227522798175,0.002241960079050063,-0.005103690395550364,-0.012026871593697263,0.005109996693000515,-0.006020245018177687,0.04889083895288086,0.0029033996737810406,-0.016682188982167775,-0.04447568135509895,0.007745946879617022,-0.037215161968311164,0.13056044255341612,0.00784048767635375,-0.002266177076494744,-0.010343136910976108,0.011559754527109308,0.005121760109057661,-0.01280269855550438,-0.014754237505570655,0.00693207756232826,-0.005615543388019347,-0.011801419484088478,-0.019537881544606533,-0.0001489595542004936,-0.0011322357563719313,0.00022575163232309335,0.00420840538278899,0.0002474142820981216,-0.011886375201073954,-0.0032536209228345827,-0.0001961967074926396,0.00784048767635375,0.030972561541671037,-0.006924468203035155,-0.012455990372035972,0.003489310162522136,0.006675834543437053,0.004825230618090691,0.0025777042875113573,-0.005874185226564362,-0.002858999621190645,-0.0029923042698668315,0.011230580059193643,3.6531220542192384e-5,-0.009134505581662851,0.003958669114735415,-0.010038994854296143,-0.005042445394567268,0.005062796597530573,-0.0023738374237336967,-0.007299451554609869,-0.002266177076494744,-0.006924468203035155,0.025534381811555786,0.0013355727198243537,-0.003968545316834518,0.001263923160759591,0.010046840316830962,0.0012059041790498885,-0.0020219419191353383,-0.0038591456041260127,-0.003010474196548741,0.004238993093365366,-0.009944079619519697,0.0028704203924079584,0.0034797978898103523,0.007579090945711424,0.0016092119988164676,0.003292164234486693,0.004825145121307559,0.004025958914331048,-0.010343136910976108,-0.012455990372035972,0.0013355727198243537,0.03586269596386554,0.001218596564465677,-0.015131999176822498,-0.011214599382907526,-0.002176038989942302,0.002693689441710643,9.886382517032755e-5,0.004068603091667684,-0.015807455421343215,-0.003131608955876988,-0.0030611758924666537,0.003332910505374708,0.002575846343696091,-0.00036291225785374786,0.0015491850645994185,-0.0020369214441196618,-1.975909480177282e-5,0.011559754527109308,0.003489310162522136,-0.003968545316834518,0.001218596564465677,0.02079266250581011,0.007853293016255848,-0.0008839544324592504,-0.004982412351214452,-0.0039002802667206923,-0.001978953253092886,-0.0078006137350611175,-0.003344541425559051,-0.009464582487288986,-0.01774952138609835,-0.004131417949202182,-0.00634971564100044,-0.0029454632037714656,0.02381954815835749,-0.006579542287098353,0.017535314559163434,0.005121760109057661,0.006675834543437053,0.001263923160759591,-0.015131999176822498,0.007853293016255848,0.057882815636649716,0.0011384551352090887,0.009906246642737577,-0.01822246646940054,-0.011788099699298907,-0.031196960417963316,0.012680464896560703,0.005614684480223774,0.006916974035276307,-0.0059802482301755085,-0.010966059672096379,-0.0027196525743349736,-0.01677387090873657,-0.008461519338976594,-0.015154636507170548,-0.01280269855550438,0.004825230618090691,0.010046840316830962,-0.011214599382907526,-0.0008839544324592504,0.0011384551352090887,0.044086289269397366,0.0008399326945309935,-0.006326984312980606,-0.0007036403418913367,-0.003132834908837587,0.035741702201544934,-0.004685129750148944,-0.01068946915257457,0.003309545271303278,-0.007909776453021104,-0.009264519100450598,0.0070274592507881106,-0.002390624921347527,0.0059124537882707315,-0.014754237505570655,0.0025777042875113573,0.0012059041790498885,-0.002176038989942302,-0.004982412351214452,0.009906246642737577,0.0008399326945309935,0.036873335485762375,-0.017200548863888263,0.005033684897409345,-0.008156500146699799,0.0015465912536384546,0.008411537097419562,0.003005702006246904,0.00752052700960683,0.006912302661089653,0.004869194464370731,0.000444224229128033,0.007355850793967483,-0.0007055227522798175,0.00693207756232826,-0.005874185226564362,-0.0020219419191353383,0.002693689441710643,-0.0039002802667206923,-0.01822246646940054,-0.006326984312980606,-0.017200548863888263,0.03670849664953828,-0.004559407150318728,0.008568261833882231,-0.02021798669165129,-0.0004206511617054409,0.005043404793403199,-0.004348807769267542,-0.005225399407005199,-0.0012101434222835862,0.0012681458747443792,-0.00289945010058317,0.002241960079050063,-0.005615543388019347,-0.002858999621190645,-0.0038591456041260127,9.886382517032755e-5,-0.001978953253092886,-0.011788099699298907,-0.0007036403418913367,0.005033684897409345,-0.004559407150318728,0.038407092760086595,0.013981510617231201,-0.005605267384984699,0.0010103636738724173,0.009748792933795032,-0.000913315013956178,-0.0018539914173692803,-0.00043100964856780427,-0.009489745786687428,0.004878880076928103,-0.005103690395550364,-0.011801419484088478,-0.0029923042698668315,-0.003010474196548741,0.004068603091667684,-0.0078006137350611175,-0.031196960417963316,-0.003132834908837587,-0.008156500146699799,0.008568261833882231,0.013981510617231201,0.04909115618527387,-0.006431094154132034,0.011232186312749765,0.017118495373619785,-0.021466590976827807,-0.01519663836504171,-0.010897823615994107,-0.01832765837210478,-0.0134192021769808,-0.012026871593697263,-0.019537881544606533,0.011230580059193643,0.004238993093365366,-0.015807455421343215,-0.003344541425559051,0.012680464896560703,0.035741702201544934,0.0015465912536384546,-0.02021798669165129,-0.005605267384984699,-0.006431094154132034,0.07274501423195687
0.03119723574441336,0.005768748347304052,-0.0106544880584483,0.010296301310773385,0.01553733247235434,0.004022018136290209,-0.003162138620264102,-0.020782760830820816,0.017946652560488784,-0.007791065434569011,0.01640227535517976,0.017879389526221458,-0.0004800090894429192,-0.0232113161599967,-0.012726931787579322,0.01667277981982467,-0.011128205890099562,-0.008894622123043028,-0.006133190993470809,0.02849352386127852,0.005768748347304052,0.04936068142382044,0.01772399254310116,0.029415833569419007,0.03788880363491151,-0.0035871188599529676,-0.025987655780673108,-0.004218048027961578,-0.0010808591903761378,0.009471530716792496,-0.014770309603902833,0.01614964528419613,0.020171210603416746,-0.04538768545815571,-0.0030500739727819595,-0.026445863353009975,-0.005284581137549725,-0.0018492188425379232,0.008783326264730374,0.0037252437532995907,-0.0106544880584483,0.01772399254310116,0.06569775878491076,-0.0038841419855111144,0.02945835573048737,-0.007746251886647206,-0.00985543430440785,0.03042235130250352,-0.0186635470565074,0.024990003911108033,-0.01676123048164271,0.012120527720802595,0.02822446484951896,0.02349035280380684,0.03905135339176906,-0.054961312087077496,0.023620739668337297,0.0028905432698548587,0.015669485718487756,-0.041980991692323666,0.010296301310773385,0.029415833569419007,-0.0038841419855111144,0.057240214788067345,0.03608789870220003,0.0025494992189848452,-0.025174255363453652,-0.009123259784267966,0.021594487140353898,-0.00424360639714193,-0.009137806966855455,0.01910050260611207,0.016968105568999532,-0.0634206430254543,-0.02445641303752826,-0.015311882763442624,-0.00850542795476504,-0.0035949326529175736,0.0013662457854433014,0.020404444598146713,0.01553733247235434,0.03788880363491151,0.02945835573048737,0.03608789870220003,0.10332580862104652,-0.015319702709460852,-0.055660599047705775,0.014298629228404029,0.00904563477415534,0.009953444740139025,0.0043820917081559985,0.05123060012146778,0.0579427134894871,-0.058171137451741545,0.003396816813722845,-0.059408540305588634,-0.01055298091411724,-0.019349671076435836,-0.022558645369502854,0.008910651749743748,0.004022018136290209,-0.0035871188599529676,-0.007746251886647206,0.0025494992189848452,-0.015319702709460852,0.022815545807716938,0.005238803097359605,-0.01669949177842159,0.011406627649061385,-0.008396210323971165,-0.009484596508114652,-0.006874437817305455,-0.011949192528975121,-0.010809594292446576,-0.016337595406727155,0.019164941139377514,-0.001748346201866059,0.013443696514124045,0.01607425614179886,-0.0029350788769023917,-0.003162138620264102,-0.025987655780673108,-0.00985543430440785,-0.025174255363453652,-0.055660599047705775,0.005238803097359605,0.06479291028803719,-0.004195705746739382,-0.004149580396067238,0.008388862925895335,0.0058494138500646015,-0.03087764194872821,-0.02568755102313921,0.057987859581212164,0.02298475563861107,0.028398012515215273,0.02106344752666328,0.01719717813884683,0.020753757857100832,-0.010288578140857159,-0.020782760830820816,-0.004218048027961578,0.03042235130250352,-0.009123259784267966,0.014298629228404029,-0.01669949177842159,-0.004195705746739382,0.07548345950333762,-0.02965001134164391,0.023675513342199334,-0.0026279602956113916,-0.003501264493375693,0.019985165057370972,0.03770534651334512,0.03347235770286268,-0.049647655938152346,0.01803463258225553,-0.011004041411328498,-0.01722879091427614,-0.03785552674873738,0.017946652560488784,-0.0010808591903761378,-0.0186635470565074,0.021594487140353898,0.00904563477415534,0.011406627649061385,-0.004149580396067238,-0.02965001134164391,0.05606762747077463,-0.018487661273450647,0.01335920102792381,0.02325597316198514,-0.0013598083733860123,-0.04129636910498444,-0.03940506356515583,0.01632024682248687,-0.013753994320627877,-0.003703456884384556,-0.004971472947403467,0.03989103405146274,-0.007791065434569011,0.009471530716792496,0.024990003911108033,-0.00424360639714193,0.009953444740139025,-0.008396210323971165,0.008388862925895335,0.023675513342199334,-0.018487661273450647,0.03995753219887381,-0.004696059410648748,0.0006220789784296341,0.02212706098204284,0.029018765686453306,0.040145089259967265,-0.030480834362784898,0.01981799286332387,0.005516119717275858,0.014377311865823694,-0.030330741484804857,0.01640227535517976,-0.014770309603902833,-0.01676123048164271,-0.009137806966855455,0.0043820917081559985,-0.009484596508114652,0.0058494138500646015,-0.0026279602956113916,0.01335920102792381,-0.004696059410648748,0.0513774443782174,0.015441227535868263,-0.005612661279812708,-0.001782157646904716,-0.010779723828376327,0.024208108326079798,-0.012925871454242201,-0.014524749298400263,-0.029498516183168996,0.03185971225689328,0.017879389526221458,0.01614964528419613,0.012120527720802595,0.01910050260611207,0.05123060012146778,-0.006874437817305455,-0.03087764194872821,-0.003501264493375693,0.02325597316198514,0.0006220789784296341,0.015441227535868263,0.05906691579668743,0.030517461419839374,-0.035890172879287335,-0.014152108595849998,-0.016628184880293873,-0.010722806227441784,-0.011122962014680014,-0.012653147694927406,0.0198967082191659,-0.0004800090894429192,0.020171210603416746,0.02822446484951896,0.016968105568999532,0.0579427134894871,-0.011949192528975121,-0.02568755102313921,0.019985165057370972,-0.0013598083733860123,0.02212706098204284,-0.005612661279812708,0.030517461419839374,0.06468525170673026,-0.010752568682378304,0.02658728692438721,-0.05417808690544321,0.00799026342928695,-0.0028124232570831314,-0.002228571443005217,-0.020476279729970383,-0.0232113161599967,-0.04538768545815571,0.02349035280380684,-0.0634206430254543,-0.058171137451741545,-0.010809594292446576,0.057987859581212164,0.03770534651334512,-0.04129636910498444,0.029018765686453306,-0.001782157646904716,-0.035890172879287335,-0.010752568682378304,0.13380241688992145,0.06966189526436521,0.001704826275912015,0.03656121033254727,0.019930150775508106,0.017782611115001637,-0.06429460734627251,-0.012726931787579322,-0.0030500739727819595,0.03905135339176906,-0.02445641303752826,0.003396816813722845,-0.016337595406727155,0.02298475563861107,0.03347235770286268,-0.03940506356515583,0.040145089259967265,-0.010779723828376327,-0.014152108595849998,0.02658728692438721,0.06966189526436521,0.09697634943881421,-0.039805080581857485,0.03567382810273974,0.015292111246496935,0.01528028045718227,-0.05338507129004457,0.01667277981982467,-0.026445863353009975,-0.054961312087077496,-0.015311882763442624,-0.059408540305588634,0.019164941139377514,0.028398012515215273,-0.049647655938152346,0.01632024682248687,-0.030480834362784898,0.024208108326079798,-0.016628184880293873,-0.05417808690544321,0.001704826275912015,-0.039805080581857485,0.11568443154480822,-0.024577136404695533,0.010753523008019818,0.002771075393417528,0.04348442783714339,-0.011128205890099562,-0.005284581137549725,0.023620739668337297,-0.00850542795476504,-0.01055298091411724,-0.001748346201866059,0.02106344752666328,0.01803463258225553,-0.013753994320627877,0.01981799286332387,-0.012925871454242201,-0.010722806227441784,0.00799026342928695,0.03656121033254727,0.03567382810273974,-0.024577136404695533,0.040100073612921075,0.015442069955661848,0.023349011205168274,-0.03677162364545001,-0.008894622123043028,-0.0018492188425379232,0.0028905432698548587,-0.0035949326529175736,-0.019349671076435836,0.013443696514124045,0.01719717813884683,-0.011004041411328498,-0.003703456884384556,0.005516119717275858,-0.014524749298400263,-0.011122962014680014,-0.0028124232570831314,0.019930150775508106,0.015292111246496935,0.010753523008019818,0.015442069955661848,0.04126146692305542,0.033288857806111447,-0.021357021305233648,-0.006133190993470809,0.008783326264730374,0.015669485718487756,0.0013662457854433014,-0.022558645369502854,0.01607425614179886,0.020753757857100832,-0.01722879091427614,-0.004971472947403467,0.014377311865823694,-0.029498516183168996,-0.012653147694927406,-0.002228571443005217,0.017782611115001637,0.01528028045718227,0.002771075393417528,0.023349011205168274,0.033288857806111447,0.06582759632176254,-0.035022152322477754,0.02849352386127852,0.0037252437532995907,-0.041980991692323666,0.020404444598146713,0.008910651749743748,-0.0029350788769023917,-0.010288578140857159,-0.03785552674873738,0.03989103405146274,-0.030330741484804857,0.03185971225689328,0.0198967082191659,-0.020476279729970383,-0.06429460734627251,-0.05338507129004457,0.04348442783714339,-0.03677162364545001,-0.021357021305233648,-0.035022152322477754,0.09563476354955895
