0.018312584931445372,-0.005558784880000088,-0.004197247976574284,-0.005229905870706809,0.0009801973955910984,0.0054068030310386594,0.00046258508305071236,0.0018760358355806935,0.0003639623936987371,-0.0011838088904408775,-0.0018633197641679425,0.0035589505560878784,0.0012141254154135843,-0.004044265719006336,0.002503629079531191,0.001986987403370299,0.0033934560852378866,0.0023226506190580105,0.0015573872667671521,-0.0017487354110307407,-0.005558784880000088,0.03159236680154968,0.0012314500225680226,-0.0071463739469945445,0.004319641845467754,-0.010451689834691373,0.000930094687641117,-0.0043059815116842075,0.002944187849212859,0.003817191504936647,-0.0016205653082414571,-0.0037960588065357945,0.0009334607819091495,0.010207845726246362,-0.002397972418060126,-0.0017370990114786427,-0.005931192872038707,0.0038070767219775033,0.0031289099359134223,-0.004040755020039018,-0.004197247976574284,0.0012314500225680226,0.025445679527673466,-0.006477726398989699,0.002734184427248501,0.0007315162741204531,-0.0006857943607483601,0.003785352504631313,0.0008926029697120881,-0.003553265265763218,-2.7077593972685136e-5,0.004660251937400038,0.0030932200429979063,-0.002569763321907715,-0.003069388529199683,-0.004408873188354331,-0.002998968089075195,-0.006164409953343091,-0.00568909309269602,0.0016134909730365172,-0.005229905870706809,-0.0071463739469945445,-0.006477726398989699,0.026722550181170476,0.0034656635545107094,0.0014530457623181572,0.0005083148009031124,-0.0018497346507359595,-0.0015768507496730158,-0.0014859208530160469,-0.0001356075137449693,-0.0008540048994363208,0.000763708248105364,0.0029585679812003654,0.003483873277803991,0.003140908633316263,0.005875900829693245,0.009047972843131151,-0.001329024086889425,-0.0013398609870963337,0.0009801973955910984,0.004319641845467754,0.002734184427248501,0.0034656635545107094,0.01777551441002509,-0.001280253974817425,0.003116705096293227,0.002314762164312145,-0.0002570910925232282,-0.00018371168468124825,-0.0016410265090313827,0.0007346575555115412,-0.0017735520195637563,0.004063925113483547,-0.003975767660197315,-1.2312191856717037e-5,-0.0054806283371714145,-0.002016644286520137,-0.002244788273054528,-0.0008227687223920706,0.0054068030310386594,-0.010451689834691373,0.0007315162741204531,0.0014530457623181572,-0.001280253974817425,0.029771469117309293,0.0020359783290401024,0.0018670221891926527,-0.0032559544289177864,-0.003094956945344016,-0.004129505395762111,0.001653307452764874,-0.0037349148099116635,-0.007836799809300004,0.0027747692900578933,0.005234201176243786,0.00310946956112868,-9.081699249366293e-5,-0.007174132713852293,-0.000287913878673691,0.00046258508305071236,0.000930094687641117,-0.0006857943607483601,0.0005083148009031124,0.003116705096293227,0.0020359783290401024,0.019646241200165657,-0.0021492675772205377,0.004667789778791041,-0.003436053342600808,-0.0016206042305208683,-0.0016211058933197652,0.0005197354031839722,-0.0031436354275902042,-0.0008088554336873673,0.0028480632622338038,-0.002909020961958787,5.986629932762535e-5,-0.002785784791149077,-0.0024844044327039013,0.0018760358355806935,-0.0043059815116842075,0.003785352504631313,-0.0018497346507359595,0.002314762164312145,0.0018670221891926527,-0.0021492675772205377,0.015887378258927186,0.004325183439185887,-0.0004683559441553851,-0.000461843366919153,-0.0003205081078597092,0.003674983043965858,-0.0030176262468464624,-0.003516841145829908,-0.0032154711357206683,-0.0006699333216372093,-0.0021659189035870296,-0.005429055441688065,0.0011199476972799834,0.0003639623936987371,0.002944187849212859,0.0008926029697120881,-0.0015768507496730158,-0.0002570910925232282,-0.0032559544289177864,0.004667789778791041,0.004325183439185887,0.01328194071847164,-0.00046688605275742816,0.003396311481552455,0.00044754823231766666,-0.00020645980551361386,0.003039804413256483,0.0033349634656330562,0.000946300755988161,0.002864144738374357,0.003319875686769262,0.0030672358036187373,-0.0016433890370196685,-0.0011838088904408775,0.003817191504936647,-0.003553265265763218,-0.0014859208530160469,-0.00018371168468124825,-0.003094956945344016,-0.003436053342600808,-0.0004683559441553851,-0.00046688605275742816,0.02143188488580096,-0.0006905007227312561,-0.0003943308219374862,-0.0007642777725162012,0.004417130231119958,-0.002362439552721956,-0.004621596205455198,-0.0038162929956316693,0.003026339053468725,0.005180727965656495,-0.0025177706304113645,-0.0018633197641679425,-0.0016205653082414571,-2.7077593972685136e-5,-0.0001356075137449693,-0.0016410265090313827,-0.004129505395762111,-0.0016206042305208683,-0.000461843366919153,0.003396311481552455,-0.0006905007227312561,0.020594272743693832,0.00013600271325454985,0.011397699210601898,-0.0002095466536879896,0.0012954306472617557,-0.0069356037323999795,0.00219967921316014,0.0004539935577222424,-0.0003782076710816427,-0.002912095100447716,0.0035589505560878784,-0.0037960588065357945,0.004660251937400038,-0.0008540048994363208,0.0007346575555115412,0.001653307452764874,-0.0016211058933197652,-0.0003205081078597092,0.00044754823231766666,-0.0003943308219374862,0.00013600271325454985,0.02080822829063983,0.0032161242808561984,-0.005477479286359113,0.0027843981484929475,0.005682351281084812,0.001955975607923973,-0.0035107155569693866,-0.0006545466059629511,0.003871474641475565,0.0012141254154135843,0.0009334607819091495,0.0030932200429979063,0.000763708248105364,-0.0017735520195637563,-0.0037349148099116635,0.0005197354031839722,0.003674983043965858,-0.00020645980551361386,-0.0007642777725162012,0.011397699210601898,0.0032161242808561984,0.022569789989273167,-0.001665989473176061,0.0007252962916572969,-0.003425555722139014,-0.000746169929740706,-0.005356318459895221,0.00042338851360403237,0.0010235145450087197,-0.004044265719006336,0.010207845726246362,-0.002569763321907715,0.0029585679812003654,0.004063925113483547,-0.007836799809300004,-0.0031436354275902042,-0.0030176262468464624,0.003039804413256483,0.004417130231119958,-0.0002095466536879896,-0.005477479286359113,-0.001665989473176061,0.025128450233703865,-0.005041798515225021,-0.004530823720473651,-0.005728276150442947,0.0028658462043700027,0.0013122680901277758,-0.003538994469130932,0.002503629079531191,-0.002397972418060126,-0.003069388529199683,0.003483873277803991,-0.003975767660197315,0.0027747692900578933,-0.0008088554336873673,-0.003516841145829908,0.0033349634656330562,-0.002362439552721956,0.0012954306472617557,0.0027843981484929475,0.0007252962916572969,-0.005041798515225021,0.019724603642271275,0.004841763813717528,0.006726689992287637,0.0015059797585269482,0.0025818276838792623,-0.0004429585583086118,0.001986987403370299,-0.0017370990114786427,-0.004408873188354331,0.003140908633316263,-1.2312191856717037e-5,0.005234201176243786,0.0028480632622338038,-0.0032154711357206683,0.000946300755988161,-0.004621596205455198,-0.0069356037323999795,0.005682351281084812,-0.003425555722139014,-0.004530823720473651,0.004841763813717528,0.01803649845036705,0.002605954107690146,-0.004733614249274267,0.006960601773822531,-0.002672993496777589,0.0033934560852378866,-0.005931192872038707,-0.002998968089075195,0.005875900829693245,-0.0054806283371714145,0.00310946956112868,-0.002909020961958787,-0.0006699333216372093,0.002864144738374357,-0.0038162929956316693,0.00219967921316014,0.001955975607923973,-0.000746169929740706,-0.005728276150442947,0.006726689992287637,0.002605954107690146,0.023458198164209382,0.004251163201192549,-0.0017633595783036918,0.0020712042064542605,0.0023226506190580105,0.0038070767219775033,-0.006164409953343091,0.009047972843131151,-0.002016644286520137,-9.081699249366293e-5,5.986629932762535e-5,-0.0021659189035870296,0.003319875686769262,0.003026339053468725,0.0004539935577222424,-0.0035107155569693866,-0.005356318459895221,0.0028658462043700027,0.0015059797585269482,-0.004733614249274267,0.004251163201192549,0.019108790886523022,0.0027114788438659596,-0.0018739801318352271,0.0015573872667671521,0.0031289099359134223,-0.00568909309269602,-0.001329024086889425,-0.002244788273054528,-0.007174132713852293,-0.002785784791149077,-0.005429055441688065,0.0030672358036187373,0.005180727965656495,-0.0003782076710816427,-0.0006545466059629511,0.00042338851360403237,0.0013122680901277758,0.0025818276838792623,0.006960601773822531,-0.0017633595783036918,0.0027114788438659596,0.021882589743397317,0.0008782993273904365,-0.0017487354110307407,-0.004040755020039018,0.0016134909730365172,-0.0013398609870963337,-0.0008227687223920706,-0.000287913878673691,-0.0024844044327039013,0.0011199476972799834,-0.0016433890370196685,-0.0025177706304113645,-0.002912095100447716,0.003871474641475565,0.0010235145450087197,-0.003538994469130932,-0.0004429585583086118,-0.002672993496777589,0.0020712042064542605,-0.0018739801318352271,0.0008782993273904365,0.013207912683031816
