0.03421913758662652,0.008448869875105298,-0.007759961651489862,0.010742217502843588,0.016903132273323948,0.004203093084427869,-0.006285831327549724,-0.017840831084981485,0.024284526089641746,-0.010563792456541323,0.01700681878875547,0.020224351075805936,-0.0024280475851309073,-0.02824907540032935,-0.019666281123497192,0.01648990259029917,-0.011711568961289241,-0.009713849420464453,-0.004738811765519153,0.03613213936420168,0.008448869875105298,0.03772074160921225,0.009808356853155883,0.020857661134981734,0.023502730620565758,-0.0060802617393295386,-0.015653760528432377,-0.008909049593754183,0.008497858125987509,0.0013469035220693704,-0.006834912356869437,0.017130680552630083,0.008565940513266368,-0.037100734394307645,-0.006504929374516584,-0.008930225988339004,-0.003936777125699949,-0.00620337596288336,0.00205191500178537,0.018989968194769433,-0.007759961651489862,0.009808356853155883,0.04819213309873096,4.342252720817515e-5,0.022525814942094706,-0.005469464809655475,-0.011412859355149735,0.022414299518422144,-0.01910332654228975,0.01891265775770219,-0.01751571936613416,0.00861740966498643,0.024046336813314848,0.02044629505699447,0.02839483712986773,-0.03520763939359378,0.01686534329401368,0.0053295381764980705,0.012536680096658561,-0.032433852454731106,0.010742217502843588,0.020857661134981734,4.342252720817515e-5,0.04422096977302759,0.02134792340914209,0.0009164908644074736,-0.014847501785483809,-0.013541081891802968,0.027219503351146538,-0.01000874399455481,-0.006481405107849165,0.017506181347530403,0.004357451610200128,-0.052738705562727584,-0.023432550706107516,-0.007872275166519276,-0.003734635211751079,-0.00902862991216883,0.005199219452110852,0.025383457573389417,0.016903132273323948,0.023502730620565758,0.022525814942094706,0.02134792340914209,0.07129812196446335,-0.01019864946418302,-0.03711448796044975,0.011826794154935092,0.011978040769695464,0.0029831057189976685,-0.006847481386526379,0.03363854635980083,0.03609695061856717,-0.04042796367504094,0.006243642921520331,-0.03621895333938418,-0.002737215871551701,-0.01821645821983433,-0.01740611794228181,0.01917558572307264,0.004203093084427869,-0.0060802617393295386,-0.005469464809655475,0.0009164908644074736,-0.01019864946418302,0.01963866493234587,0.004447890207807913,-0.016368058790657607,0.01600391100368993,-0.005871189126930566,-1.748776144691769e-5,-0.003009863021716975,-0.007276663914972984,-0.008173304106850864,-0.014493111264216336,0.016444448152388217,-0.0038337691721367327,0.011305379024257621,0.015120994710701562,-0.0014389091164239637,-0.006285831327549724,-0.015653760528432377,-0.011412859355149735,-0.014847501785483809,-0.03711448796044975,0.004447890207807913,0.04466099180256402,-0.0033212719764789092,-0.006998728078679442,0.010186502848931824,0.003748798120474737,-0.020123726157928123,-0.0146725158447782,0.04184647614371334,0.00890851578598328,0.016663102954219508,0.012659837247295198,0.01697601840926832,0.015005986219554698,-0.015976731825723255,-0.017840831084981485,-0.008909049593754183,0.022414299518422144,-0.013541081891802968,0.011826794154935092,-0.016368058790657607,-0.0033212719764789092,0.07223500470225427,-0.0438247420934261,0.024512341866365743,-0.007344373717680335,-0.0118532518077634,0.019660897071800323,0.046187710684443065,0.04810308786450555,-0.04427116009822924,0.01730438892566569,-0.009916391219764438,-0.024058235884090548,-0.04332693265652789,0.024284526089641746,0.008497858125987509,-0.01910332654228975,0.027219503351146538,0.011978040769695464,0.01600391100368993,-0.006998728078679442,-0.0438247420934261,0.06737783800614987,-0.021452979083496526,0.010336940261859532,0.020552327002585163,-0.003530348813633311,-0.05867629350462849,-0.0461968028424604,0.02080371705733381,-0.0167570886407457,-0.003910774828969293,0.006866576823878554,0.04852027655133245,-0.010563792456541323,0.0013469035220693704,0.01891265775770219,-0.01000874399455481,0.0029831057189976685,-0.005871189126930566,0.010186502848931824,0.024512341866365743,-0.021452979083496526,0.039947416617645476,-0.008576788771354912,-0.003587650262785994,0.01976878731022442,0.038261717436656316,0.038666004780683355,-0.025016225839984578,0.018571378995668866,0.006012035413063898,0.008525222832755953,-0.03411795807890909,0.01700681878875547,-0.006834912356869437,-0.01751571936613416,-0.006481405107849165,-0.006847481386526379,-1.748776144691769e-5,0.003748798120474737,-0.007344373717680335,0.010336940261859532,-0.008576788771354912,0.038297365627943156,0.00414881108148818,-0.015199866180806328,-0.011580620522308908,-0.018025066446383436,0.027889449027603,-0.01286433299982568,-0.007614491090084753,-0.019129414460957117,0.03045448702941039,0.020224351075805936,0.017130680552630083,0.00861740966498643,0.017506181347530403,0.03363854635980083,-0.003009863021716975,-0.020123726157928123,-0.0118532518077634,0.020552327002585163,-0.003587650262785994,0.00414881108148818,0.04268433210019802,0.017713611703686363,-0.034249195009342134,-0.00733540124084257,-0.0019929101688043616,-0.007731315151060465,-0.005708220304923165,-0.0018795034698441558,0.027225730577808697,-0.0024280475851309073,0.008565940513266368,0.024046336813314848,0.004357451610200128,0.03609695061856717,-0.007276663914972984,-0.0146725158447782,0.019660897071800323,-0.003530348813633311,0.01976878731022442,-0.015199866180806328,0.017713611703686363,0.04956071478495601,0.0011130343827310848,0.029703583207604918,-0.0405668841759176,0.014047781001683933,-0.0015102140351278218,0.000385750885639103,-0.01561941404970631,-0.02824907540032935,-0.037100734394307645,0.02044629505699447,-0.052738705562727584,-0.04042796367504094,-0.008173304106850864,0.04184647614371334,0.046187710684443065,-0.05867629350462849,0.038261717436656316,-0.011580620522308908,-0.034249195009342134,0.0011130343827310848,0.1320380164343973,0.06618171255015073,-0.010695708181938646,0.028148672738941897,0.02979315322984189,0.013959376923394048,-0.08516748203831515,-0.019666281123497192,-0.006504929374516584,0.02839483712986773,-0.023432550706107516,0.006243642921520331,-0.014493111264216336,0.00890851578598328,0.04810308786450555,-0.0461968028424604,0.038666004780683355,-0.018025066446383436,-0.00733540124084257,0.029703583207604918,0.06618171255015073,0.07427074124278421,-0.04014470843248345,0.026571647081660075,0.009979663926736018,0.0016815088878521167,-0.05982718121452529,0.01648990259029917,-0.008930225988339004,-0.03520763939359378,-0.007872275166519276,-0.03621895333938418,0.016444448152388217,0.016663102954219508,-0.04427116009822924,0.02080371705733381,-0.025016225839984578,0.027889449027603,-0.0019929101688043616,-0.0405668841759176,-0.010695708181938646,-0.04014470843248345,0.08865481271824893,-0.02568422922285663,0.01178497990267307,0.009513064493497793,0.03651273883234191,-0.011711568961289241,-0.003936777125699949,0.01686534329401368,-0.003734635211751079,-0.002737215871551701,-0.0038337691721367327,0.012659837247295198,0.01730438892566569,-0.0167570886407457,0.018571378995668866,-0.01286433299982568,-0.007731315151060465,0.014047781001683933,0.028148672738941897,0.026571647081660075,-0.02568422922285663,0.03602321240699469,0.012972820891408998,0.015171756208807615,-0.03340889441016287,-0.009713849420464453,-0.00620337596288336,0.0053295381764980705,-0.00902862991216883,-0.01821645821983433,0.011305379024257621,0.01697601840926832,-0.009916391219764438,-0.003910774828969293,0.006012035413063898,-0.007614491090084753,-0.005708220304923165,-0.0015102140351278218,0.02979315322984189,0.009979663926736018,0.01178497990267307,0.012972820891408998,0.040844661816008695,0.031070499457653666,-0.024953661889687534,-0.004738811765519153,0.00205191500178537,0.012536680096658561,0.005199219452110852,-0.01740611794228181,0.015120994710701562,0.015005986219554698,-0.024058235884090548,0.006866576823878554,0.008525222832755953,-0.019129414460957117,-0.0018795034698441558,0.000385750885639103,0.013959376923394048,0.0016815088878521167,0.009513064493497793,0.015171756208807615,0.031070499457653666,0.06149246241417038,-0.027436545033639386,0.03613213936420168,0.018989968194769433,-0.032433852454731106,0.025383457573389417,0.01917558572307264,-0.0014389091164239637,-0.015976731825723255,-0.04332693265652789,0.04852027655133245,-0.03411795807890909,0.03045448702941039,0.027225730577808697,-0.01561941404970631,-0.08516748203831515,-0.05982718121452529,0.03651273883234191,-0.03340889441016287,-0.024953661889687534,-0.027436545033639386,0.10359914268540621
0.02239157033775414,0.00373338370979187,-0.0012692377861522825,-0.0004353633158042669,-0.003274363112842666,-0.008666028877240696,0.002679021753007802,-0.009603208069630598,0.004445969727825625,-0.00035346452011921566,0.004271505073941129,-0.004819407311450769,0.00021521190921248653,-0.007207154272962333,0.005719599921400352,-5.3763098587086235e-5,0.007759724665227516,0.0013765901797019745,0.0009134205358765052,0.008650100986918577,0.00373338370979187,0.0358988318534403,-0.006292862286473862,-0.0013631185609004892,0.0029279043897287053,-0.011053822332849086,0.0026741900227700635,-0.0018831767824535582,-0.021083514504491002,-0.002228947307065368,-0.0011350229599229851,0.008002935938899992,-0.005538603124580037,-0.017428672023604666,0.004394717483320149,-0.005998398561692771,0.00537672756298942,0.004457210682924901,0.011762003997420094,0.011738840868404626,-0.0012692377861522825,-0.006292862286473862,0.026188068069205046,-0.0009118203058388185,-0.0027623630203865443,-0.011448793190220626,0.0007526272497027662,-0.014218995348577788,0.02607038838232283,0.000649087243717297,0.003952470311633746,0.0003702543561596728,0.00020913839829547192,-0.0007085082317829883,-0.0024044015158401033,0.0053372840218380135,0.0030189235992065626,-0.0018782820677748441,-0.003188036620080206,-0.007691483723851072,-0.0004353633158042669,-0.0013631185609004892,-0.0009118203058388185,0.040469703193021296,0.012939307939702684,-0.005679102593846578,-0.0005716439379021418,0.01062063265845473,-0.0075014365334092736,0.007526104813627175,-0.010379623036945562,0.0067625138202383524,0.0034320679961577782,-0.007760921025516301,-0.010310860364646908,-0.006227753292147758,0.004722620861944025,-0.003760375864848655,-0.00019191194750703736,-0.015778723374062765,-0.003274363112842666,0.0029279043897287053,-0.0027623630203865443,0.012939307939702684,0.02767491992181114,0.011260951755563579,-0.002213547171863285,0.021737267904684804,-0.019633555388289876,-0.0017896539850294922,-0.005601802524867373,0.005626728371374759,-0.00234205533057212,-0.005683169497672251,-0.004826886543270721,-0.010025774381345642,0.0034288472423902885,-0.0016605568483311992,0.002868735405615619,-0.013953174110017195,-0.008666028877240696,-0.011053822332849086,-0.011448793190220626,-0.005679102593846578,0.011260951755563579,0.06657772480982675,-0.0035810982310927396,0.03162599439582284,-0.023235217191336158,-0.008817037889883236,-0.004047642205390343,0.0002917494416318807,0.000662286692104723,0.02155924807968848,-0.01761830177765545,0.007962332177474472,-0.002715447851945387,-0.0014569907881765566,-0.0011228011471645244,-0.018041524479668537,0.002679021753007802,0.0026741900227700635,0.0007526272497027662,-0.0005716439379021418,-0.002213547171863285,-0.0035810982310927396,0.020230053541119435,-0.005504900401107143,5.551707268861729e-5,-0.0009426230214318514,0.001443161484348825,0.00024822024227512396,-0.0009246302312888579,0.001344509913562422,-0.0005881130553429515,0.0014245006212585168,0.0032222642537062932,-0.0024954879393911016,-0.0006951202186251567,-0.0023907426853361892,-0.009603208069630598,-0.0018831767824535582,-0.014218995348577788,0.01062063265845473,0.021737267904684804,0.03162599439582284,-0.005504900401107143,0.05719938128775307,-0.02610083505958041,-0.0018150797191513932,-0.011307921731228347,0.0048215912593457515,-0.0018087094775302358,0.010531825747453202,-0.015915124776108847,-0.0005569953289943539,0.004488223563030813,-0.0030482032688573667,0.0034070129055110495,-0.015898851986588428,0.004445969727825625,-0.021083514504491002,0.02607038838232283,-0.0075014365334092736,-0.019633555388289876,-0.023235217191336158,5.551707268861729e-5,-0.02610083505958041,0.10089824408844753,0.01155578214590379,0.0030210553019680226,-0.013413234622868375,0.007610016972741452,0.01589678109576304,-0.010755848804652645,-0.006240008927784297,-0.006544977708851414,-0.004378247458963954,-0.015230763433618337,0.000146765786286228,-0.00035346452011921566,-0.002228947307065368,0.000649087243717297,0.007526104813627175,-0.0017896539850294922,-0.008817037889883236,-0.0009426230214318514,-0.0018150797191513932,0.01155578214590379,0.0270836576783555,-0.00696703938105182,-0.006250956482614213,0.0027716631179450736,-0.0019641456883778704,-0.001311791212478241,-0.0015888267438454902,0.0026666099751265285,-0.0013193557071005187,-0.0002559173318014848,0.002435662465236762,0.004271505073941129,-0.0011350229599229851,0.003952470311633746,-0.010379623036945562,-0.005601802524867373,-0.004047642205390343,0.001443161484348825,-0.011307921731228347,0.0030210553019680226,-0.00696703938105182,0.022513515506756232,0.0013244618350625945,-0.0035453326598635713,-0.005016215042223155,0.010853711864922806,0.0002995766637558466,-0.003066900601733891,0.0007520028260596867,0.001236153538407911,0.006848564540571483,-0.004819407311450769,0.008002935938899992,0.0003702543561596728,0.0067625138202383524,0.005626728371374759,0.0002917494416318807,0.00024822024227512396,0.0048215912593457515,-0.013413234622868375,-0.006250956482614213,0.0013244618350625945,0.02923926809896369,0.0034606103113490874,-0.011640402317517826,-0.003991285027862175,-0.0032932989271023012,-0.0016274720595214258,0.0014606456752065322,0.001701397074955795,-0.007853165945484474,0.00021521190921248653,-0.005538603124580037,0.00020913839829547192,0.0034320679961577782,-0.00234205533057212,0.000662286692104723,-0.0009246302312888579,-0.0018087094775302358,0.007610016972741452,0.0027716631179450736,-0.0035453326598635713,0.0034606103113490874,0.020327444911349416,0.0054651374713674174,-0.0024115776637631775,-0.004171692810465798,-0.003117646049150622,-0.00390559071318052,-0.006619886295268538,-0.0029337962157162225,-0.007207154272962333,-0.017428672023604666,-0.0007085082317829883,-0.007760921025516301,-0.005683169497672251,0.02155924807968848,0.001344509913562422,0.010531825747453202,0.01589678109576304,-0.0019641456883778704,-0.005016215042223155,-0.011640402317517826,0.0054651374713674174,0.049794444805718166,-0.007978066434674868,0.011908362525645352,-0.016906627662017434,-0.007388168090659017,-0.021453774121536984,-0.00014161776139390005,0.005719599921400352,0.004394717483320149,-0.0024044015158401033,-0.010310860364646908,-0.004826886543270721,-0.01761830177765545,-0.0005881130553429515,-0.015915124776108847,-0.010755848804652645,-0.001311791212478241,0.010853711864922806,-0.003991285027862175,-0.0024115776637631775,-0.007978066434674868,0.03333198209455327,0.0018101008470451927,0.0018444954925915533,-2.360681363862434e-5,0.0019405648039473975,0.019359785987743065,-5.3763098587086235e-5,-0.005998398561692771,0.0053372840218380135,-0.006227753292147758,-0.010025774381345642,0.007962332177474472,0.0014245006212585168,-0.0005569953289943539,-0.006240008927784297,-0.0015888267438454902,0.0002995766637558466,-0.0032932989271023012,-0.004171692810465798,0.011908362525645352,0.0018101008470451927,0.030993254571745725,-0.008997836354795473,0.004047079153962481,-0.011627648883386733,0.0006595504867507387,0.007759724665227516,0.00537672756298942,0.0030189235992065626,0.004722620861944025,0.0034288472423902885,-0.002715447851945387,0.0032222642537062932,0.004488223563030813,-0.006544977708851414,0.0026666099751265285,-0.003066900601733891,-0.0016274720595214258,-0.003117646049150622,-0.016906627662017434,0.0018444954925915533,-0.008997836354795473,0.029887742350261405,-0.006414516461130381,0.010836280570238605,-0.007639311757192087,0.0013765901797019745,0.004457210682924901,-0.0018782820677748441,-0.003760375864848655,-0.0016605568483311992,-0.0014569907881765566,-0.0024954879393911016,-0.0030482032688573667,-0.004378247458963954,-0.0013193557071005187,0.0007520028260596867,0.0014606456752065322,-0.00390559071318052,-0.007388168090659017,-2.360681363862434e-5,0.004047079153962481,-0.006414516461130381,0.026962434248447367,0.01019165284476994,0.0005794060348069889,0.0009134205358765052,0.011762003997420094,-0.003188036620080206,-0.00019191194750703736,0.002868735405615619,-0.0011228011471645244,-0.0006951202186251567,0.0034070129055110495,-0.015230763433618337,-0.0002559173318014848,0.001236153538407911,0.001701397074955795,-0.006619886295268538,-0.021453774121536984,0.0019405648039473975,-0.011627648883386733,0.010836280570238605,0.01019165284476994,0.04102208434741368,-0.0016833678072497985,0.008650100986918577,0.011738840868404626,-0.007691483723851072,-0.015778723374062765,-0.013953174110017195,-0.018041524479668537,-0.0023907426853361892,-0.015898851986588428,0.000146765786286228,0.002435662465236762,0.006848564540571483,-0.007853165945484474,-0.0029337962157162225,-0.00014161776139390005,0.019359785987743065,0.0006595504867507387,-0.007639311757192087,0.0005794060348069889,-0.0016833678072497985,0.04431047799297225
