0.020529421394514052,0.00011176548279320645,0.005927989818222769,-6.547377749165293e-5,-0.002568489009278402,-0.0026551985789095957,-3.7050050642120386e-5,0.003993637063956251,0.0001178128288310341,0.002582708492366338,-0.00037410052186076623,-0.00037016528033130644,0.0017440633065695962,0.008189040325127381,-0.0011743818615283074,-0.0008055607018757253,0.0010593753263418461,-0.005635017326442272,-0.00515514920124781,-0.007561121641081829,0.00011176548279320645,0.015303960586138659,0.0008177525444281983,-0.0041208802187270525,-0.002778760333668304,-0.007456906037959128,0.0021687125928806844,-0.0003824183156272147,-0.0007928106671205347,-0.00018036130105555446,0.0015314117687570757,-0.0006613270333154876,0.0007302681417823329,0.0003101231214606181,0.006949339992133655,0.005733267858829504,0.0008584592141751446,-0.0016767813304349394,-0.005604171346774149,-0.0013258408262288805,0.005927989818222769,0.0008177525444281983,0.0261740893149705,0.0006404157274215009,0.0036001088302915615,-0.004866498023753298,0.0071895545225913885,-0.008383755691984286,-0.005784274340729858,0.0034351368705057804,0.0003010656885925173,0.0035064483514295,-0.002995927929296676,-0.010151190041009532,-0.005245475821630926,0.001796116637056195,-0.0018468179067223688,0.006799197277985348,-0.0015112112462732402,-0.0061879265239521575,-6.547377749165293e-5,-0.0041208802187270525,0.0006404157274215009,0.0231980197695692,0.0016433403672479131,0.00366499226339795,-0.005658558112964323,0.0008581866157047445,0.004786121963226218,-0.004563119844130955,-0.0014434245849046876,-0.007918651450318087,-0.0037524654887015497,-0.002819735248965633,-0.008278666059034302,-0.00028722658259921314,0.006166532246039214,0.004992702440688025,-0.0030682860773480884,-0.0013217842788949812,-0.002568489009278402,-0.002778760333668304,0.0036001088302915615,0.0016433403672479131,0.01734337096361079,0.006015720489883755,-0.003884098554230254,-0.000601290006967844,-0.001145459347197197,0.0010629032799499547,0.0011309392651493765,-0.002044279861112883,-0.0016786218575673543,-0.0029306267118836874,-0.0027505231918011812,-0.004281020903564143,0.001579426901505162,0.0008213787364435871,0.0006913716759891538,-0.0012650868783023257,-0.0026551985789095957,-0.007456906037959128,-0.004866498023753298,0.00366499226339795,0.006015720489883755,0.02942123509716501,-0.00498238552593213,0.003540090019705143,0.003973432590917411,-0.0013752956136160546,0.0019237836805381051,-0.007595278899878297,-0.006365533181036784,0.002428836532741209,-0.0044967741922384286,-0.005978105458141527,0.005200629310928016,0.0010244529499915086,0.0016668703927178454,-0.00611475033852592,-3.7050050642120386e-5,0.0021687125928806844,0.0071895545225913885,-0.005658558112964323,-0.003884098554230254,-0.00498238552593213,0.0325538219781008,-0.0018365684052416677,-0.00405657927476419,-0.0036617600833324664,-8.228653215381693e-5,0.0011939088636431427,0.002227250395686666,-0.004459891893651983,0.0017914582458407847,-0.00742628471076052,0.0006411407520653992,-0.0031271337352262334,0.005768107853636196,-0.0014314990230874763,0.003993637063956251,-0.0003824183156272147,-0.008383755691984286,0.0008581866157047445,-0.000601290006967844,0.003540090019705143,-0.0018365684052416677,0.018346279326256536,0.0011849271715821917,-0.0006960641428607796,0.0009993606915302449,-0.0068154917634007176,-0.001990599222425446,0.003539225512216807,9.662025222583075e-5,-0.003944358277132175,0.004309911279989616,-0.0003262925082202771,-0.000896308322064197,-0.004217183334588032,0.0001178128288310341,-0.0007928106671205347,-0.005784274340729858,0.004786121963226218,-0.001145459347197197,0.003973432590917411,-0.00405657927476419,0.0011849271715821917,0.02041748797138622,0.0002167053408987939,-0.0014917804884408315,0.00023172373642075815,-0.0018231356460075437,0.003415417540378687,-0.0037541358438036663,0.0002465136209988656,0.0004435722272069914,-0.0015024665697435952,0.0003417495594962993,0.0025657293164769086,0.002582708492366338,-0.00018036130105555446,0.0034351368705057804,-0.004563119844130955,0.0010629032799499547,-0.0013752956136160546,-0.0036617600833324664,-0.0006960641428607796,0.0002167053408987939,0.020050899758244745,0.002035401030728562,0.000332285102954044,0.004916117698738495,0.0009347772258289833,-0.004234127582861775,0.00010433807301429814,-0.001028239877472858,-0.0035935193721297887,-0.004943320922216011,-0.0014219854745053074,-0.00037410052186076623,0.0015314117687570757,0.0003010656885925173,-0.0014434245849046876,0.0011309392651493765,0.0019237836805381051,-8.228653215381693e-5,0.0009993606915302449,-0.0014917804884408315,0.002035401030728562,0.026000865221122584,-0.0013360146793843974,-0.005873790104646671,-0.007048581872701557,0.0036048679480133873,-0.00338507512324058,-0.0008487244572042368,0.001041817727675711,0.004094787067489297,-0.004280430286331842,-0.00037016528033130644,-0.0006613270333154876,0.0035064483514295,-0.007918651450318087,-0.002044279861112883,-0.007595278899878297,0.0011939088636431427,-0.0068154917634007176,0.00023172373642075815,0.000332285102954044,-0.0013360146793843974,0.022323423002846857,0.004129403365344212,6.4259509952825e-5,-0.007858415691366492,0.0012116851356838625,-0.0036073493369090624,0.001514513470395129,-0.007244477861393859,0.003160060619892373,0.0017440633065695962,0.0007302681417823329,-0.002995927929296676,-0.0037524654887015497,-0.0016786218575673543,-0.006365533181036784,0.002227250395686666,-0.001990599222425446,-0.0018231356460075437,0.004916117698738495,-0.005873790104646671,0.004129403365344212,0.0229276251088085,-0.0013432053650679946,-0.0018778945077602485,0.0005261143595366191,-0.005691924338366235,-0.0010623135950035105,0.0013875539117988683,0.0013604227890938027,0.008189040325127381,0.0003101231214606181,-0.010151190041009532,-0.002819735248965633,-0.0029306267118836874,0.002428836532741209,-0.004459891893651983,0.003539225512216807,0.003415417540378687,0.0009347772258289833,-0.007048581872701557,6.4259509952825e-5,-0.0013432053650679946,0.027245393183574287,-0.0009806946920851542,0.0028796044751744345,0.0031727283980647262,-0.005991867381065669,-0.005415602495670241,0.0078036125579947924,-0.0011743818615283074,0.006949339992133655,-0.005245475821630926,-0.008278666059034302,-0.0027505231918011812,-0.0044967741922384286,0.0017914582458407847,9.662025222583075e-5,-0.0037541358438036663,-0.004234127582861775,0.0036048679480133873,-0.007858415691366492,-0.0018778945077602485,-0.0009806946920851542,0.025422832974800316,0.004839283740327948,-0.002412862013741356,-0.0031104407633175983,0.0028751461471974993,0.00953026971401508,-0.0008055607018757253,0.005733267858829504,0.001796116637056195,-0.00028722658259921314,-0.004281020903564143,-0.005978105458141527,-0.00742628471076052,-0.003944358277132175,0.0002465136209988656,0.00010433807301429814,-0.00338507512324058,0.0012116851356838625,0.0005261143595366191,0.0028796044751744345,0.004839283740327948,0.025638368296587173,-0.003145612616421039,-0.003462531544279026,-0.008373950771971256,0.007881726129866807,0.0010593753263418461,0.0008584592141751446,-0.0018468179067223688,0.006166532246039214,0.001579426901505162,0.005200629310928016,0.0006411407520653992,0.004309911279989616,0.0004435722272069914,-0.001028239877472858,-0.0008487244572042368,-0.0036073493369090624,-0.005691924338366235,0.0031727283980647262,-0.002412862013741356,-0.003145612616421039,0.01618776591278102,-0.0024114504805671233,0.002515701747843677,-0.0015800218432597078,-0.005635017326442272,-0.0016767813304349394,0.006799197277985348,0.004992702440688025,0.0008213787364435871,0.0010244529499915086,-0.0031271337352262334,-0.0003262925082202771,-0.0015024665697435952,-0.0035935193721297887,0.001041817727675711,0.001514513470395129,-0.0010623135950035105,-0.005991867381065669,-0.0031104407633175983,-0.003462531544279026,-0.0024114504805671233,0.016746991069836018,0.0018478767494960796,0.0018723196200214009,-0.00515514920124781,-0.005604171346774149,-0.0015112112462732402,-0.0030682860773480884,0.0006913716759891538,0.0016668703927178454,0.005768107853636196,-0.000896308322064197,0.0003417495594962993,-0.004943320922216011,0.004094787067489297,-0.007244477861393859,0.0013875539117988683,-0.005415602495670241,0.0028751461471974993,-0.008373950771971256,0.002515701747843677,0.0018478767494960796,0.029568749276754628,0.0010735811384859628,-0.007561121641081829,-0.0013258408262288805,-0.0061879265239521575,-0.0013217842788949812,-0.0012650868783023257,-0.00611475033852592,-0.0014314990230874763,-0.004217183334588032,0.0025657293164769086,-0.0014219854745053074,-0.004280430286331842,0.003160060619892373,0.0013604227890938027,0.0078036125579947924,0.00953026971401508,0.007881726129866807,-0.0015800218432597078,0.0018723196200214009,0.0010735811384859628,0.023319087422146993
