0.01697362541391175,0.004617275422709104,0.005596423795998184,0.0016517547166880506,0.007035141800225443,0.006101469608001519,0.002377694684607194,0.006284929095068692,-0.0011638291291000535,-0.0003264412365989612,-0.00427315284994811,-0.0006922346818136806,-0.00029337159181938544,0.001911656260367386,0.002639616051729712,-0.0030654314514632253,0.0008321444092580087,-0.01041697100598804,-0.0002227225628700755,-0.0012681268868614017,0.004617275422709104,0.013017907422633035,0.0014190459809164174,-0.000929389087347463,0.0005216875291681341,-0.0025279707599172386,-0.00014749376492794613,0.002414936211701512,0.0050555213526195675,0.0003384070103766776,-0.0011809760734194544,-0.0007760148759478659,0.001159246485095375,-0.0009154470874200263,-0.0018452441242716344,0.0024664745853279473,-0.001270883739097031,-0.004071565509601074,0.0006141115668045042,0.00307753625315341,0.005596423795998184,0.0014190459809164174,0.02367873534648933,-0.000528399980420525,0.0010487093265594324,0.0009069205214727133,0.0020655803978072533,-0.008293662063591875,0.0014158483293623065,0.00045176352629059806,0.002084535885784084,0.00022543479435854048,-0.0014415704598568703,0.0007404686742742818,-0.0006245370240346325,-0.001185663855677633,-0.012058231427739822,-0.0030501332362552896,0.0026901703526769818,-0.005414647884157816,0.0016517547166880506,-0.000929389087347463,-0.000528399980420525,0.01452258604673844,-0.0025562465367086375,-0.00018779150548119933,0.001190722441484775,0.0021752850724246144,-0.003196159947119372,-0.005003658116046328,-0.00046395507810765636,-0.0029626163588767815,0.0008990278983524414,-0.0009796431983258255,-0.0033771344355892196,0.0032660250429691626,0.0017422091234868672,0.0036035533508137216,0.0014799607767643568,-0.005932403108021419,0.007035141800225443,0.0005216875291681341,0.0010487093265594324,-0.0025562465367086375,0.025654092946368827,0.0026935099635250924,0.0013470206198146965,-0.0015234650206920682,0.0002417098682804252,0.006476642893077746,-0.00455316240025753,-0.0074514484745538,0.001775949905671426,0.00033902805577329777,-0.0004634907617828949,-0.004784376420236316,0.0012162534978198438,-0.004682788968674367,0.0016945614899236063,-0.0013580253836158814,0.006101469608001519,-0.0025279707599172386,0.0009069205214727133,-0.00018779150548119933,0.0026935099635250924,0.015763049444533963,0.0033159710489433294,0.004856747422737127,-0.0002250962398960784,-0.0028700605326685263,-0.0027321220928796124,0.0023793537349461927,0.0037198029081100927,0.0010504336869616231,-0.0050362586443271256,0.0024530718860320015,0.002433645040068288,-0.0008695778463602376,-0.0028835183395628686,-0.0004323387156118547,0.002377694684607194,-0.00014749376492794613,0.0020655803978072533,0.001190722441484775,0.0013470206198146965,0.0033159710489433294,0.0234977186394985,-0.002184712720638595,-0.001460319869049407,-0.00019304223161423326,-0.0006546978312584923,0.0066845706066492455,0.0035252149116074237,0.0016864113232298457,-0.004266704001414632,0.00032578603651389835,0.00018791638224798077,-0.003988459996296783,-0.0036446839397517115,-0.002177090949256579,0.006284929095068692,0.002414936211701512,-0.008293662063591875,0.0021752850724246144,-0.0015234650206920682,0.004856747422737127,-0.002184712720638595,0.028822407002535282,-0.0019309805646571866,-0.004801955348519296,0.0031585351656132684,0.006434082748025238,-0.003129156201345167,0.008886998861129893,-0.0007609301377872425,0.002365772523846348,0.0001069397004997723,0.0001741830259375409,-0.00569775693283088,-4.1690033410569696e-5,-0.0011638291291000535,0.0050555213526195675,0.0014158483293623065,-0.003196159947119372,0.0002417098682804252,-0.0002250962398960784,-0.001460319869049407,-0.0019309805646571866,0.018515111370819765,0.0028696448634144725,0.001387630737679211,-0.0028385144906540338,-0.005488558689746077,-0.002773547968848037,0.0007908204800593807,0.0075834055958708645,-0.004899336428573523,0.0003544331945752245,-0.0028746335099003976,0.00017879838984097448,-0.0003264412365989612,0.0003384070103766776,0.00045176352629059806,-0.005003658116046328,0.006476642893077746,-0.0028700605326685263,-0.00019304223161423326,-0.004801955348519296,0.0028696448634144725,0.022259375569504473,0.002909592310799065,-0.0012187371238103128,0.0012117096292151531,-0.004323935831947765,-0.00045791204073974295,-0.004751460760240838,0.0005541280555137603,-0.0008444465792110158,0.005730189601471808,0.004093124725812058,-0.00427315284994811,-0.0011809760734194544,0.002084535885784084,-0.00046395507810765636,-0.00455316240025753,-0.0027321220928796124,-0.0006546978312584923,0.0031585351656132684,0.001387630737679211,0.002909592310799065,0.023972726710748037,0.005658889072948197,-0.0042729284981459096,-0.0011531299161657903,-0.0024565028308844872,-6.909364057211781e-5,-0.0037035711188027117,0.0023450785277533714,-0.00040943071086168366,0.003020931025593438,-0.0006922346818136806,-0.0007760148759478659,0.00022543479435854048,-0.0029626163588767815,-0.0074514484745538,0.0023793537349461927,0.0066845706066492455,0.006434082748025238,-0.0028385144906540338,-0.0012187371238103128,0.005658889072948197,0.018625488033090044,-0.002926077356932058,-0.0007250148798319727,-0.002006221353216038,0.001254223667665062,0.0004454178425109217,-0.0022999059390407936,-0.0023356490688891084,-0.0030205494624063094,-0.00029337159181938544,0.001159246485095375,-0.0014415704598568703,0.0008990278983524414,0.001775949905671426,0.0037198029081100927,0.0035252149116074237,-0.003129156201345167,-0.005488558689746077,0.0012117096292151531,-0.0042729284981459096,-0.002926077356932058,0.03192775554777236,-0.00021295555140026315,-0.0018618007407304325,-0.004085837167997831,0.002241727660094844,-0.0010332318439786746,-0.0009462350347652219,-0.0029910806996018896,0.001911656260367386,-0.0009154470874200263,0.0007404686742742818,-0.0009796431983258255,0.00033902805577329777,0.0010504336869616231,0.0016864113232298457,0.008886998861129893,-0.002773547968848037,-0.004323935831947765,-0.0011531299161657903,-0.0007250148798319727,-0.00021295555140026315,0.01689690518134744,-0.0005798814104897377,-0.0004202420248837995,0.0019565882035851613,-0.003796176225344005,0.0003716838454868838,-0.002933740265953325,0.002639616051729712,-0.0018452441242716344,-0.0006245370240346325,-0.0033771344355892196,-0.0004634907617828949,-0.0050362586443271256,-0.004266704001414632,-0.0007609301377872425,0.0007908204800593807,-0.00045791204073974295,-0.0024565028308844872,-0.002006221353216038,-0.0018618007407304325,-0.0005798814104897377,0.01868552927662778,-0.002107076980149362,0.0022729247495999203,-0.0012446877086477483,0.004023846367118074,0.0007471753740797027,-0.0030654314514632253,0.0024664745853279473,-0.001185663855677633,0.0032660250429691626,-0.004784376420236316,0.0024530718860320015,0.00032578603651389835,0.002365772523846348,0.0075834055958708645,-0.004751460760240838,-6.909364057211781e-5,0.001254223667665062,-0.004085837167997831,-0.0004202420248837995,-0.002107076980149362,0.026171034875356963,-0.0055361524118034845,0.00661715015144574,-0.006904924343833102,-0.002440277840958626,0.0008321444092580087,-0.001270883739097031,-0.012058231427739822,0.0017422091234868672,0.0012162534978198438,0.002433645040068288,0.00018791638224798077,0.0001069397004997723,-0.004899336428573523,0.0005541280555137603,-0.0037035711188027117,0.0004454178425109217,0.002241727660094844,0.0019565882035851613,0.0022729247495999203,-0.0055361524118034845,0.026007567093065505,0.005633620525403679,0.0007227216256412204,0.0016853821867716086,-0.01041697100598804,-0.004071565509601074,-0.0030501332362552896,0.0036035533508137216,-0.004682788968674367,-0.0008695778463602376,-0.003988459996296783,0.0001741830259375409,0.0003544331945752245,-0.0008444465792110158,0.0023450785277533714,-0.0022999059390407936,-0.0010332318439786746,-0.003796176225344005,-0.0012446877086477483,0.00661715015144574,0.005633620525403679,0.024135458594323065,-0.0005096591294118989,0.0019813866755547414,-0.0002227225628700755,0.0006141115668045042,0.0026901703526769818,0.0014799607767643568,0.0016945614899236063,-0.0028835183395628686,-0.0036446839397517115,-0.00569775693283088,-0.0028746335099003976,0.005730189601471808,-0.00040943071086168366,-0.0023356490688891084,-0.0009462350347652219,0.0003716838454868838,0.004023846367118074,-0.006904924343833102,0.0007227216256412204,-0.0005096591294118989,0.021942365726670066,0.0021021532418985626,-0.0012681268868614017,0.00307753625315341,-0.005414647884157816,-0.005932403108021419,-0.0013580253836158814,-0.0004323387156118547,-0.002177090949256579,-4.1690033410569696e-5,0.00017879838984097448,0.004093124725812058,0.003020931025593438,-0.0030205494624063094,-0.0029910806996018896,-0.002933740265953325,0.0007471753740797027,-0.002440277840958626,0.0016853821867716086,0.0019813866755547414,0.0021021532418985626,0.015408104103960003
