0.03996619032398908,0.012820294828593792,-0.0002932686594115804,-0.00624542845481458,0.016445525847417,-0.010447196434595754,0.013550716217177872,-0.013898160143189758,-0.0029051296640143177,0.017102484096340693,0.0015734591121841577,-0.013565510787067081,0.014966234847939224,-0.0051898639477854355,0.011075232785906136,-0.017806696605989807,0.006607495556608237,-0.009985404850650439,0.012596820152942664,0.010237130185343946,0.012820294828593792,0.018462005989288023,0.0011834555551634568,0.004062570405749868,0.012319761258426152,-0.002378353231726019,0.0073394635055331284,0.0006159896995126288,0.005904836408774481,0.009448462214796529,0.00238037474020605,-0.005188221461403721,0.006861319002714597,-0.0011694023525116904,0.0048643641800719065,-0.001583499120752268,0.005416522941554762,0.003057316291417974,0.004192194279554171,0.009254859501218522,-0.0002932686594115804,0.0011834555551634568,0.02597715835726673,5.143600776179487e-5,-0.001387007821380278,-0.005598129488442035,0.009855885760460899,0.0010150842686642478,-0.0004887613237462072,-0.00019262928340354254,0.003237116116507187,-0.002358085632252957,-0.003634965820592896,-0.001031880501062626,0.003397807846044334,-0.004446202893872904,-0.007955770422702388,-0.0016124601362674626,0.004878376582730739,0.0015226073716105213,-0.00624542845481458,0.004062570405749868,5.143600776179487e-5,0.025876568993923127,0.0012870105355384312,0.009665552551247346,0.0019752831707803365,0.005111665421611103,0.008293978533598078,0.0007258350878859504,0.008304748047539732,0.0019111847233344434,-0.005300674451810873,0.002209219142588598,0.004331128230433072,0.007120021948311999,0.0004643801378135968,0.005306915549571703,-0.006147831990900685,-0.003320183650799803,0.016445525847417,0.012319761258426152,-0.001387007821380278,0.0012870105355384312,0.038405287395258655,-0.007762167080541938,0.0048943798878845115,-0.001318845242769567,0.0007925097486930488,0.013646346618918129,0.0002233702805860985,-0.017515189016725476,0.013969608060137357,-0.0062338719760108765,0.006705476634854851,-0.01643506057513444,0.002985009464985494,-0.009534805762515468,0.008862323395731172,0.0058785008596751245,-0.010447196434595754,-0.002378353231726019,-0.005598129488442035,0.009665552551247346,-0.007762167080541938,0.035341360341724554,-0.008432404348926788,0.01432057264306048,0.012526439425817586,-0.014467437241473135,0.005995291309311734,0.01623435732128855,-0.00877166280432507,0.01461470563610101,-0.009000873354627665,0.023058879884530113,0.0026669296085489024,0.019401964944932685,-0.012795552907616796,-0.004736561079918905,0.013550716217177872,0.0073394635055331284,0.009855885760460899,0.0019752831707803365,0.0048943798878845115,-0.008432404348926788,0.03279686103916989,-0.0018137198287913915,0.0005886142999392318,0.0114185849187146,0.003760210497170712,-0.0061589841229430595,0.006340439796330846,-0.003867731444552179,0.00896961922696549,-0.007122917883256261,0.006750927653376102,-0.003539263637713816,0.007492603716882151,0.010014315068192017,-0.013898160143189758,0.0006159896995126288,0.0010150842686642478,0.005111665421611103,-0.001318845242769567,0.01432057264306048,-0.0018137198287913915,0.03309741306103388,0.00659078139243398,-0.007032804907237063,0.00430068012294036,0.00882552530167861,-0.008808643394065712,0.00883840650557003,-0.007930825049622489,0.014259680373004284,0.0024378567369610976,0.012837009631326269,-0.0024836724116404705,0.000604498064321887,-0.0029051296640143177,0.005904836408774481,-0.0004887613237462072,0.008293978533598078,0.0007925097486930488,0.012526439425817586,0.0005886142999392318,0.00659078139243398,0.024966592497137965,-0.004028126057422608,0.005467097134919921,8.471757483464169e-5,-0.009978433638033668,0.007231069891176816,-0.00305170067205703,0.00937604425777874,-0.0011023993345217558,0.014069005819141965,-0.0074682110855516,-0.0032710117133949016,0.017102484096340693,0.009448462214796529,-0.00019262928340354254,0.0007258350878859504,0.013646346618918129,-0.014467437241473135,0.0114185849187146,-0.007032804907237063,-0.004028126057422608,0.030962925922947727,0.0001817569331254731,-0.008591000321624524,0.012472623935669402,-0.011152554878107276,0.012059382328616572,-0.015863382699176094,0.005538623024871904,-0.008510781316061625,0.014945958031001936,0.010709989662998593,0.0015734591121841577,0.00238037474020605,0.003237116116507187,0.008304748047539732,0.0002233702805860985,0.005995291309311734,0.003760210497170712,0.00430068012294036,0.005467097134919921,0.0001817569331254731,0.028736671739738713,0.007537917252798511,-0.005451362163876287,0.0016244876073999597,0.0008556625561404736,0.006446683287649163,0.002177319876230249,0.0025591429412685374,0.0008589182562091928,-1.440386536742872e-5,-0.013565510787067081,-0.005188221461403721,-0.002358085632252957,0.0019111847233344434,-0.017515189016725476,0.01623435732128855,-0.0061589841229430595,0.00882552530167861,8.471757483464169e-5,-0.008591000321624524,0.007537917252798511,0.030681256245078566,-0.011199425275673112,0.01081221084612791,-0.002437883620924605,0.016122822629117285,0.006994434892128426,0.011697239405018791,-0.004132219839193177,-0.00992529656540888,0.014966234847939224,0.006861319002714597,-0.003634965820592896,-0.005300674451810873,0.013969608060137357,-0.00877166280432507,0.006340439796330846,-0.008808643394065712,-0.009978433638033668,0.012472623935669402,-0.005451362163876287,-0.011199425275673112,0.027676050242087816,-0.009003782806171133,0.008796172124717757,-0.010846709539499289,0.004961416501158037,-0.0073154626513990606,0.006906340914853261,0.0065381035547588,-0.0051898639477854355,-0.0011694023525116904,-0.001031880501062626,0.002209219142588598,-0.0062338719760108765,0.01461470563610101,-0.003867731444552179,0.00883840650557003,0.007231069891176816,-0.011152554878107276,0.0016244876073999597,0.01081221084612791,-0.009003782806171133,0.025164334834256924,-0.00494781638059106,0.011118667548462344,0.0017431110563516428,0.008933443612966276,-0.008687774185019544,-0.008415335632624471,0.011075232785906136,0.0048643641800719065,0.003397807846044334,0.004331128230433072,0.006705476634854851,-0.009000873354627665,0.00896961922696549,-0.007930825049622489,-0.00305170067205703,0.012059382328616572,0.0008556625561404736,-0.002437883620924605,0.008796172124717757,-0.00494781638059106,0.02291388372576252,-0.012477515415831579,0.00910320093074924,-0.00759676507114513,0.010893195901068123,0.0033853822241491785,-0.017806696605989807,-0.001583499120752268,-0.004446202893872904,0.007120021948311999,-0.01643506057513444,0.023058879884530113,-0.007122917883256261,0.014259680373004284,0.00937604425777874,-0.015863382699176094,0.006446683287649163,0.016122822629117285,-0.010846709539499289,0.011118667548462344,-0.012477515415831579,0.041529654584264296,-0.0008977053213765884,0.021680754823815405,-0.01366884015146925,-0.007152387894001248,0.006607495556608237,0.005416522941554762,-0.007955770422702388,0.0004643801378135968,0.002985009464985494,0.0026669296085489024,0.006750927653376102,0.0024378567369610976,-0.0011023993345217558,0.005538623024871904,0.002177319876230249,0.006994434892128426,0.004961416501158037,0.0017431110563516428,0.00910320093074924,-0.0008977053213765884,0.03425683396052624,0.0038572398880407184,0.006739568078971079,0.0014693108122186735,-0.009985404850650439,0.003057316291417974,-0.0016124601362674626,0.005306915549571703,-0.009534805762515468,0.019401964944932685,-0.003539263637713816,0.012837009631326269,0.014069005819141965,-0.008510781316061625,0.0025591429412685374,0.011697239405018791,-0.0073154626513990606,0.008933443612966276,-0.00759676507114513,0.021680754823815405,0.0038572398880407184,0.03880751989996728,-0.009908797774636748,-0.0012956668982782896,0.012596820152942664,0.004192194279554171,0.004878376582730739,-0.006147831990900685,0.008862323395731172,-0.012795552907616796,0.007492603716882151,-0.0024836724116404705,-0.0074682110855516,0.014945958031001936,0.0008589182562091928,-0.004132219839193177,0.006906340914853261,-0.008687774185019544,0.010893195901068123,-0.01366884015146925,0.006739568078971079,-0.009908797774636748,0.0340865723356889,0.00758348530413889,0.010237130185343946,0.009254859501218522,0.0015226073716105213,-0.003320183650799803,0.0058785008596751245,-0.004736561079918905,0.010014315068192017,0.000604498064321887,-0.0032710117133949016,0.010709989662998593,-1.440386536742872e-5,-0.00992529656540888,0.0065381035547588,-0.008415335632624471,0.0033853822241491785,-0.007152387894001248,0.0014693108122186735,-0.0012956668982782896,0.00758348530413889,0.019645640856820794
0.0327866416309722,0.010976100797669301,0.013257257683257091,0.0048189860282181855,-0.0012469842515704208,0.009441765497832953,-0.006893741624092065,0.014340055938458638,-0.005719283183855322,-0.007376059276216297,0.0024051421688570393,0.007303376241399144,-0.009398983011745212,0.004967205039216164,-0.0004088384150439037,-0.012567800824990415,-0.005323424354662866,-0.010853070810274097,-0.01020285689866957,0.0021325725397313275,0.010976100797669301,0.025795633405484228,0.013391158069138528,-0.0036521916150920155,-0.005498986426888104,0.0017296679353954857,-0.00629880767302666,0.011956457141754372,-0.004520782684799404,-0.001283631930544817,0.0010310314733780377,-0.00208550720008856,-0.005782155493122009,-0.003387434523081833,-0.011822896646006689,-0.012160639119387473,-0.007805412310598123,-0.009667720015868908,0.011348841379013102,0.005315770339764932,0.013257257683257091,0.013391158069138528,0.0504217026583407,-0.0012687832692420617,-0.003947553158022542,-0.00677269635740122,0.0014969200141027792,-0.010806181350794019,-0.013303601756135097,-0.0007520612045296265,0.00010103185288437187,-0.007554110424358532,-0.014010381413323685,-0.0005769424490578913,-0.009269343800811843,-0.006367281776181474,-0.02594884770189418,-0.01017499882983405,0.007773234909645477,-0.006294284817850724,0.0048189860282181855,-0.0036521916150920155,-0.0012687832692420617,0.020645201127929284,0.00048765461699041494,-0.0007264143879751636,-0.002529461867641278,0.009407616769847834,0.005660096037556531,-0.0035934153775702207,-0.006965126358724812,9.180524317080004e-5,0.012599638675121108,-0.006126710046165773,-0.004252320991366616,0.0030004661928469097,0.009790609780347407,-0.0026174450266064206,0.004822162508911501,-0.010319029834888863,-0.0012469842515704208,-0.005498986426888104,-0.003947553158022542,0.00048765461699041494,0.021467904840728518,-0.004710583609828116,0.01018035868592898,0.001922846552385878,0.0032454384154094592,0.004407522027978804,-0.00128452118292101,-0.000727617319112335,-0.005142386624455121,-0.0066458856520306185,0.0009265985812966694,0.0017751601818528696,0.00941088245010549,0.002527444014177115,-0.00641245891450654,-0.005066559714340212,0.009441765497832953,0.0017296679353954857,-0.00677269635740122,-0.0007264143879751636,-0.004710583609828116,0.024690122099717614,-1.2035199185890522e-6,0.0017111803405722146,-0.0031975708482475454,-0.0065683742489796495,-0.0022716766250967394,0.005587493165556116,0.00819387790425356,0.0006894945942459578,-0.004047702283820752,-0.006479975645900906,0.007153561766022691,3.461932023817601e-5,-0.004230270669363985,0.0038583198919348526,-0.006893741624092065,-0.00629880767302666,0.0014969200141027792,-0.002529461867641278,0.01018035868592898,-1.2035199185890522e-6,0.03613542431006736,0.0018016462310382758,-0.009072788183466716,-0.002112012716519249,-6.113982102973052e-5,0.005537176001619419,0.0003369005402713952,0.00032487757482856864,-0.0050182860333456225,0.0011638144374635857,0.008560384682941239,-0.004203079499574042,0.0003424277427211721,-0.0035923980137250603,0.014340055938458638,0.011956457141754372,-0.010806181350794019,0.009407616769847834,0.001922846552385878,0.0017111803405722146,0.0018016462310382758,0.06190641664492136,0.003027266387744953,-0.015315835602204099,0.006958582112724719,0.013020555141839547,5.537948202163001e-5,-0.005420956050882043,-0.007528827049390582,-0.008874007998608423,0.019809667501154374,-0.024171693504569727,0.009019522318327625,0.00458237106062012,-0.005719283183855322,-0.004520782684799404,-0.013303601756135097,0.005660096037556531,0.0032454384154094592,-0.0031975708482475454,-0.009072788183466716,0.003027266387744953,0.03426143245006961,0.007365478519473865,-0.004238844285295543,0.00045155413152399857,0.008146393551930552,-0.008527602586347507,-5.569256280787448e-5,0.002406617965844814,0.007694511648543811,-0.002724896194891028,0.00019852408539839913,-0.004152849821003314,-0.007376059276216297,-0.001283631930544817,-0.0007520612045296265,-0.0035934153775702207,0.004407522027978804,-0.0065683742489796495,-0.002112012716519249,-0.015315835602204099,0.007365478519473865,0.02437988075071216,0.0002969953686740719,-0.010039653993835804,-0.005545099878362837,-0.0029883450706733724,-0.00029156957449870814,-0.0041637234855909765,-0.0009542400891915678,0.006437182750642086,0.005216983395698285,-0.0031414373664843663,0.0024051421688570393,0.0010310314733780377,0.00010103185288437187,-0.006965126358724812,-0.00128452118292101,-0.0022716766250967394,-6.113982102973052e-5,0.006958582112724719,-0.004238844285295543,0.0002969953686740719,0.023524186245944535,0.005502268371982715,-0.00682524367508716,0.007011796197531204,5.291129878376758e-6,-0.00856143903543908,-0.010925678822193169,-0.004993910999987994,-0.00515165081069188,0.005101527685768556,0.007303376241399144,-0.00208550720008856,-0.007554110424358532,9.180524317080004e-5,-0.000727617319112335,0.005587493165556116,0.005537176001619419,0.013020555141839547,0.00045155413152399857,-0.010039653993835804,0.005502268371982715,0.021457948197954206,0.001972719457310027,0.0018919748596076093,0.0009752479039789427,-0.004394024456084861,0.003001541039634339,-0.006472399451430103,-0.0036650220407852064,0.0031191788330349867,-0.009398983011745212,-0.005782155493122009,-0.014010381413323685,0.012599638675121108,-0.005142386624455121,0.00819387790425356,0.0003369005402713952,5.537948202163001e-5,0.008146393551930552,-0.005545099878362837,-0.00682524367508716,0.001972719457310027,0.05100254128714846,-0.006727258884958676,-0.005849721228585864,0.003616088070097415,0.01649769219933872,0.0003277878754876604,0.004420029930445036,-0.001541841129677664,0.004967205039216164,-0.003387434523081833,-0.0005769424490578913,-0.006126710046165773,-0.0066458856520306185,0.0006894945942459578,0.00032487757482856864,-0.005420956050882043,-0.008527602586347507,-0.0029883450706733724,0.007011796197531204,0.0018919748596076093,-0.006727258884958676,0.03606755541868335,0.0055068789295180335,0.009741923206409157,-0.015988059647935593,0.009560581824779951,-0.017269372613505793,0.004513565629219904,-0.0004088384150439037,-0.011822896646006689,-0.009269343800811843,-0.004252320991366616,0.0009265985812966694,-0.004047702283820752,-0.0050182860333456225,-0.007528827049390582,-5.569256280787448e-5,-0.00029156957449870814,5.291129878376758e-6,0.0009752479039789427,-0.005849721228585864,0.0055068789295180335,0.029226500391086953,0.005903035593352512,0.004241407830324802,0.009629277398761084,-0.0027981976780853297,-0.0023822113379959,-0.012567800824990415,-0.012160639119387473,-0.006367281776181474,0.0030004661928469097,0.0017751601818528696,-0.006479975645900906,0.0011638144374635857,-0.008874007998608423,0.002406617965844814,-0.0041637234855909765,-0.00856143903543908,-0.004394024456084861,0.003616088070097415,0.009741923206409157,0.005903035593352512,0.03702134878661646,-0.0011293815083224246,0.014099718648463782,-0.01405527173341135,0.001670560489667358,-0.005323424354662866,-0.007805412310598123,-0.02594884770189418,0.009790609780347407,0.00941088245010549,0.007153561766022691,0.008560384682941239,0.019809667501154374,0.007694511648543811,-0.0009542400891915678,-0.010925678822193169,0.003001541039634339,0.01649769219933872,-0.015988059647935593,0.004241407830324802,-0.0011293815083224246,0.049838427285792894,-0.0034843416820884584,0.011024593477413008,-0.0026195629014840564,-0.010853070810274097,-0.009667720015868908,-0.01017499882983405,-0.0026174450266064206,0.002527444014177115,3.461932023817601e-5,-0.004203079499574042,-0.024171693504569727,-0.002724896194891028,0.006437182750642086,-0.004993910999987994,-0.006472399451430103,0.0003277878754876604,0.009560581824779951,0.009629277398761084,0.014099718648463782,-0.0034843416820884584,0.0336407629673546,-0.011177169982037025,0.000769479561296658,-0.01020285689866957,0.011348841379013102,0.007773234909645477,0.004822162508911501,-0.00641245891450654,-0.004230270669363985,0.0003424277427211721,0.009019522318327625,0.00019852408539839913,0.005216983395698285,-0.00515165081069188,-0.0036650220407852064,0.004420029930445036,-0.017269372613505793,-0.0027981976780853297,-0.01405527173341135,0.011024593477413008,-0.011177169982037025,0.05387775573358734,-0.007454587370688513,0.0021325725397313275,0.005315770339764932,-0.006294284817850724,-0.010319029834888863,-0.005066559714340212,0.0038583198919348526,-0.0035923980137250603,0.00458237106062012,-0.004152849821003314,-0.0031414373664843663,0.005101527685768556,0.0031191788330349867,-0.001541841129677664,0.004513565629219904,-0.0023822113379959,0.001670560489667358,-0.0026195629014840564,0.000769479561296658,-0.007454587370688513,0.026185127549862106
0.020186405796170925,0.005269167730406621,0.010109166618320054,0.004083995337007213,0.008249837824482312,0.013776880186044619,0.0019236132439015704,0.006421914831549726,0.001469448969221908,-0.0007369411059220314,0.0017313665271588624,0.002413485044256641,-0.01172717323868058,-0.0024632821899907603,0.0042694089861986684,-0.0028840845939125336,-0.0018806250671706006,0.0003688114596087014,3.601368769659812e-5,-0.007734367643830576,0.005269167730406621,0.01693783271163486,-0.0011419884756461388,-0.005099941307263142,0.0027535869273404203,0.0004191255818731434,0.00287313038645325,-0.0006004948423579752,-0.000694863369216842,0.008081998863723797,-0.0009687961972018312,-0.004382350033358041,-0.009601895240508479,-0.0014578666336444298,0.002478927971675577,-0.006340989616378821,0.006273865803204524,0.003944479575971837,0.005506337642652848,-0.0015025935356052936,0.010109166618320054,-0.0011419884756461388,0.028530226353903003,0.0032397821751387664,0.007946978945026233,0.010634113012815735,0.005705198721483148,0.006497338700687176,0.0015139310815199094,-0.002642959833967354,0.0017630850210926144,-0.011881126193753526,-0.008599701504587429,-0.007195024032353614,-0.006681013423471375,-0.005648586079016212,-0.0059172535512671065,-0.01127409636302349,0.005765414731838614,-0.008939435820569717,0.004083995337007213,-0.005099941307263142,0.0032397821751387664,0.020013046556356804,-0.002396301911503922,0.002706295805759559,-0.001759917773757607,0.002634329564986282,-0.0018058173970555815,-0.010315052359142457,0.0015723233547009963,0.004982634617842688,0.004255947837819887,0.0015681407254558707,-0.013570608206785038,0.006895492801258311,-0.0029807146708510316,-0.0012754145945304835,-9.732454675528534e-5,-0.008778878043862227,0.008249837824482312,0.0027535869273404203,0.007946978945026233,-0.002396301911503922,0.025840114637273204,0.00760577242159653,0.005840146800529148,0.00669185965752999,0.0006282704795833041,-0.0023985993129141464,0.0020356484767193785,-0.005529639881554013,-0.008957535597450217,-0.008553039721703617,-0.0050578650355117445,-0.005130846304158476,0.0018702137803330969,0.00036400605105436174,-0.0037661050324572618,-0.0025384798381701467,0.013776880186044619,0.0004191255818731434,0.010634113012815735,0.002706295805759559,0.00760577242159653,0.024591811648046975,0.006478969320921025,-0.0034454210903517345,0.002120342172637291,0.004819396295183825,0.0017582429993321744,-0.005841890838024661,-0.006254973304672273,-0.0024452285759427187,-0.002850817039773301,-0.003027741812476403,-0.0008676964892707247,0.006282636407129793,0.0030220562015757717,-0.00932261799357114,0.0019236132439015704,0.00287313038645325,0.005705198721483148,-0.001759917773757607,0.005840146800529148,0.006478969320921025,0.021830797195363443,-0.007310521053408733,-0.0007792919796048004,0.006239425136111138,-0.0011586635335097018,-0.007875172747117123,-0.00314623674094912,-0.0034565091159629293,-0.0024738852582778512,-0.012334897938332572,0.005182542999020317,0.002894905068230336,0.0003035360628789916,-0.0049216824408617205,0.006421914831549726,-0.0006004948423579752,0.006497338700687176,0.002634329564986282,0.00669185965752999,-0.0034454210903517345,-0.007310521053408733,0.06161472055009536,0.0036648691598075806,-0.03278661294430745,-0.007938573515497633,-0.016347144833959965,-0.023638013030072007,-0.010882632247586854,0.001161488866453179,0.015074478469987898,-0.006503463575940313,-0.014459204965314791,-0.006382017023248832,0.011577082102021347,0.001469448969221908,-0.000694863369216842,0.0015139310815199094,-0.0018058173970555815,0.0006282704795833041,0.002120342172637291,-0.0007792919796048004,0.0036648691598075806,0.018533448263566166,-0.0011597768773006676,0.0002222633515866566,0.0025365554864282486,-0.0014536502303799195,-7.977823796376465e-5,0.00467639334756384,0.00718980567069296,-0.008473731578187788,-0.0028534610350972253,-0.006018827571624852,0.002444990654235365,-0.0007369411059220314,0.008081998863723797,-0.002642959833967354,-0.010315052359142457,-0.0023985993129141464,0.004819396295183825,0.006239425136111138,-0.03278661294430745,-0.0011597768773006676,0.04615906181231789,0.004930891653041676,0.003607918818434485,0.009022339957273078,0.005105959126094232,0.003900292620238809,-0.013375123490268242,0.007094779788966959,0.012480856411345824,0.013106338921419292,-0.007455564423507651,0.0017313665271588624,-0.0009687961972018312,0.0017630850210926144,0.0015723233547009963,0.0020356484767193785,0.0017582429993321744,-0.0011586635335097018,-0.007938573515497633,0.0002222633515866566,0.004930891653041676,0.027705508193906082,0.009818782712410785,0.004646376694486538,0.008589665667268473,-0.010844057436387514,0.002628488044244198,-0.0016091359219983883,-0.005043535063144247,-0.002943226091574087,0.0020371998023149926,0.002413485044256641,-0.004382350033358041,-0.011881126193753526,0.004982634617842688,-0.005529639881554013,-0.005841890838024661,-0.007875172747117123,-0.016347144833959965,0.0025365554864282486,0.003607918818434485,0.009818782712410785,0.05087786708054706,0.014428125815796871,0.002029329891809153,0.004273781354756312,0.004673199584193632,-0.006484246556566691,0.0023144284941837004,-0.007826625376276923,-0.005638767791576613,-0.01172717323868058,-0.009601895240508479,-0.008599701504587429,0.004255947837819887,-0.008957535597450217,-0.006254973304672273,-0.00314623674094912,-0.023638013030072007,-0.0014536502303799195,0.009022339957273078,0.004646376694486538,0.014428125815796871,0.04338267935170379,0.01338867867394369,-0.007900031133758475,0.0032878184056992677,-0.00572204284253315,-0.0004384314962789455,-0.006388716321699306,3.365535640327807e-5,-0.0024632821899907603,-0.0014578666336444298,-0.007195024032353614,0.0015681407254558707,-0.008553039721703617,-0.0024452285759427187,-0.0034565091159629293,-0.010882632247586854,-7.977823796376465e-5,0.005105959126094232,0.008589665667268473,0.002029329891809153,0.01338867867394369,0.03520834441128997,-0.003446026837164416,0.0022596918494591726,0.0019285386822805108,0.005570689663244392,0.00023999052198220573,0.0025521449267876277,0.0042694089861986684,0.002478927971675577,-0.006681013423471375,-0.013570608206785038,-0.0050578650355117445,-0.002850817039773301,-0.0024738852582778512,0.001161488866453179,0.00467639334756384,0.003900292620238809,-0.010844057436387514,0.004273781354756312,-0.007900031133758475,-0.003446026837164416,0.04115817665732361,0.0004391224129464392,0.002417568354574356,0.009471846209430194,0.0015683925136729365,-0.00024711975892308764,-0.0028840845939125336,-0.006340989616378821,-0.005648586079016212,0.006895492801258311,-0.005130846304158476,-0.003027741812476403,-0.012334897938332572,0.015074478469987898,0.00718980567069296,-0.013375123490268242,0.002628488044244198,0.004673199584193632,0.0032878184056992677,0.0022596918494591726,0.0004391224129464392,0.03518437647797879,-0.008909292704824049,-0.0014826278745520506,-0.009345766437380857,0.00542122751728159,-0.0018806250671706006,0.006273865803204524,-0.0059172535512671065,-0.0029807146708510316,0.0018702137803330969,-0.0008676964892707247,0.005182542999020317,-0.006503463575940313,-0.008473731578187788,0.007094779788966959,-0.0016091359219983883,-0.006484246556566691,-0.00572204284253315,0.0019285386822805108,0.002417568354574356,-0.008909292704824049,0.03665260641883403,0.01402599550008499,0.005465847013866518,-0.0004137933351044096,0.0003688114596087014,0.003944479575971837,-0.01127409636302349,-0.0012754145945304835,0.00036400605105436174,0.006282636407129793,0.002894905068230336,-0.014459204965314791,-0.0028534610350972253,0.012480856411345824,-0.005043535063144247,0.0023144284941837004,-0.0004384314962789455,0.005570689663244392,0.009471846209430194,-0.0014826278745520506,0.01402599550008499,0.03776672127596677,0.003910613276366297,0.0005226567172254379,3.601368769659812e-5,0.005506337642652848,0.005765414731838614,-9.732454675528534e-5,-0.0037661050324572618,0.0030220562015757717,0.0003035360628789916,-0.006382017023248832,-0.006018827571624852,0.013106338921419292,-0.002943226091574087,-0.007826625376276923,-0.006388716321699306,0.00023999052198220573,0.0015683925136729365,-0.009345766437380857,0.005465847013866518,0.003910613276366297,0.025463420316108085,-0.005588122408737877,-0.007734367643830576,-0.0015025935356052936,-0.008939435820569717,-0.008778878043862227,-0.0025384798381701467,-0.00932261799357114,-0.0049216824408617205,0.011577082102021347,0.002444990654235365,-0.007455564423507651,0.0020371998023149926,-0.005638767791576613,3.365535640327807e-5,0.0025521449267876277,-0.00024711975892308764,0.00542122751728159,-0.0004137933351044096,0.0005226567172254379,-0.005588122408737877,0.028735905446947707
