0.017769097807828337,-0.0006465437585331989,-0.0005581983134181209,-0.004425878432955912,-0.0021762100071808757,0.000878457570822747,-0.0009817748387352546,-0.00033640943192740055,0.001212561769104926,0.00368755214186632,-9.79204348709713e-5,-0.0032720899016533238,-0.00035190449116295124,0.002455378638653148,0.002636152656883331,0.003822262996169543,0.0009627498574139869,-0.003657744398343961,0.001492705568377092,-0.0018572151180871518,-0.0006465437585331989,0.0181626956422133,-0.002047115786845279,-0.005174774162061535,-0.0009438346038365599,0.0016703789733616594,-0.0007804844818000676,-0.00870525378131777,-0.0028534319374472024,-0.001350777308930046,0.00033400275493108733,-0.0016068195125913804,3.7870411322234805e-5,0.004365416886273242,0.005576425722643994,0.005678421258082886,0.0006096359177467221,-0.000997818954013686,0.0014147105555238414,0.0006349531112522723,-0.0005581983134181209,-0.002047115786845279,0.019690787648250586,-0.00014404848019331895,-0.006686299440405346,0.0025931240839696507,0.004983038200902831,-0.00487474766968574,-0.002581319066518419,0.003945123715799013,-0.0014637446546708918,-0.0011384143795287898,-0.004454943424709314,0.0012723775619431618,0.004520045610069449,0.0030241583858835997,0.0023793702369893192,-0.002295338425391434,-0.0036033931751072437,-0.0017990199661605702,-0.004425878432955912,-0.005174774162061535,-0.00014404848019331895,0.027273960513508184,0.005859875411071811,-0.0065616714473050175,0.0023189098499538157,0.006469431588461812,-0.002506859980308406,-0.00023408109042618469,-0.004595496400959522,0.0011521838910123036,-0.00038319638947016926,-0.0025987960370484845,-0.006127925904382776,-0.004732722089970227,0.001257294303498956,0.0001454833242815001,0.0008204210369015927,-0.005572703973295021,-0.0021762100071808757,-0.0009438346038365599,-0.006686299440405346,0.005859875411071811,0.014352701575043033,-0.006295055172774512,0.0030857598626486855,0.0025055750856178313,-0.0010908200457980318,-0.002689063099129553,0.0003172616649369146,-0.0010747377495803688,-0.0001871003477867057,0.002368433113629752,-0.00039765254499723643,-0.004730532353203434,0.002659395870686119,0.0038017860912332745,0.0021013370110317757,0.0003749762802778378,0.000878457570822747,0.0016703789733616594,0.0025931240839696507,-0.0065616714473050175,-0.006295055172774512,0.01972162570871896,0.003001182271714008,-0.004452915858032156,0.0022788093716674274,0.0030830746732040076,0.0011788033208938427,0.003262839439338868,-0.00519842882929555,-0.002657553549009031,0.00019947987393302286,0.001961267886587099,-0.0007198249372886776,-0.0030861992163877475,-0.00593329012171406,0.003047397955600567,-0.0009817748387352546,-0.0007804844818000676,0.004983038200902831,0.0023189098499538157,0.0030857598626486855,0.003001182271714008,0.02075091605309005,-0.005142508669958553,-0.0030774667834905112,-0.0010354462606571762,-0.0019224719779433654,-0.0014637812030018852,-0.0007526871815118641,-0.0017616373020125653,8.80122963449659e-5,0.0017385269874565647,0.0010069766831666235,1.5271996358473178e-6,-0.006161432612671657,-0.0009490025065945211,-0.00033640943192740055,-0.00870525378131777,-0.00487474766968574,0.006469431588461812,0.0025055750856178313,-0.004452915858032156,-0.005142508669958553,0.02986377081055675,0.001498614112127553,-0.001394959946742363,4.08357133928426e-5,0.0015083243201066557,0.005773332306230179,-7.965151012291347e-5,-0.004376977847735917,-0.005105634729749098,9.807643505595678e-5,0.006513631961769782,0.001460949674833855,-0.0007938443213445718,0.001212561769104926,-0.0028534319374472024,-0.002581319066518419,-0.002506859980308406,-0.0010908200457980318,0.0022788093716674274,-0.0030774667834905112,0.001498614112127553,0.012057904244753968,-0.0035080499196565545,4.703165038619105e-5,0.0033692205734362143,0.0024940802693806012,-0.0005533975505090674,0.002241833073573744,-0.0015925678762220444,-0.0010042812606285382,0.003501847918357706,-0.001972942096039416,-0.0016889485068153306,0.00368755214186632,-0.001350777308930046,0.003945123715799013,-0.00023408109042618469,-0.002689063099129553,0.0030830746732040076,-0.0010354462606571762,-0.001394959946742363,-0.0035080499196565545,0.01798589806758359,-0.0015038071533222145,-0.0010083691544029334,-0.0009731556258712938,-0.0009989926522446114,-0.00038065411232823647,0.008471000329655342,-0.0014521432601757004,-0.0013559151070782456,0.0011654429589562716,-0.0022805388698746466,-9.79204348709713e-5,0.00033400275493108733,-0.0014637446546708918,-0.004595496400959522,0.0003172616649369146,0.0011788033208938427,-0.0019224719779433654,4.08357133928426e-5,4.703165038619105e-5,-0.0015038071533222145,0.013744458204161827,-0.0019325089414995531,0.0005814797156170577,-0.003559115845366008,0.00024161345681695233,-0.0003072739965895293,-0.0024801395211113512,0.0013806475166931213,-0.0021496963018938844,0.0031758901670767238,-0.0032720899016533238,-0.0016068195125913804,-0.0011384143795287898,0.0011521838910123036,-0.0010747377495803688,0.003262839439338868,-0.0014637812030018852,0.0015083243201066557,0.0033692205734362143,-0.0010083691544029334,-0.0019325089414995531,0.02238052438794261,0.0014547521693668041,0.001991334362406584,-0.002788383296363694,-0.004014677610690149,-0.0007550049187116369,0.0011473238624642606,0.0004971458964155703,0.0010224589941796398,-0.00035190449116295124,3.7870411322234805e-5,-0.004454943424709314,-0.00038319638947016926,-0.0001871003477867057,-0.00519842882929555,-0.0007526871815118641,0.005773332306230179,0.0024940802693806012,-0.0009731556258712938,0.0005814797156170577,0.0014547521693668041,0.01192153264325903,0.0007082555067486924,0.0004897020498302591,-0.0048886720880234906,-0.0005576148805543596,0.003254779883998596,0.0027254985013230064,0.0009919415535988275,0.002455378638653148,0.004365416886273242,0.0012723775619431618,-0.0025987960370484845,0.002368433113629752,-0.002657553549009031,-0.0017616373020125653,-7.965151012291347e-5,-0.0005533975505090674,-0.0009989926522446114,-0.003559115845366008,0.001991334362406584,0.0007082555067486924,0.01441034104389675,0.0003785273633696223,-0.0017783210949178859,-0.0003710398022884668,-0.0009720068706027274,0.00022703347048950675,-0.003446022607935832,0.002636152656883331,0.005576425722643994,0.004520045610069449,-0.006127925904382776,-0.00039765254499723643,0.00019947987393302286,8.80122963449659e-5,-0.004376977847735917,0.002241833073573744,-0.00038065411232823647,0.00024161345681695233,-0.002788383296363694,0.0004897020498302591,0.0003785273633696223,0.013738862119176808,0.0053023877644496125,-0.0006057417994963154,-0.0029790669937917293,0.0021741747572443758,-0.001004305698773346,0.003822262996169543,0.005678421258082886,0.0030241583858835997,-0.004732722089970227,-0.004730532353203434,0.001961267886587099,0.0017385269874565647,-0.005105634729749098,-0.0015925678762220444,0.008471000329655342,-0.0003072739965895293,-0.004014677610690149,-0.0048886720880234906,-0.0017783210949178859,0.0053023877644496125,0.01768398027443439,-0.0017548130520146203,-0.0036872296781527663,-0.003317434892773919,-0.0047298776476685555,0.0009627498574139869,0.0006096359177467221,0.0023793702369893192,0.001257294303498956,0.002659395870686119,-0.0007198249372886776,0.0010069766831666235,9.807643505595678e-5,-0.0010042812606285382,-0.0014521432601757004,-0.0024801395211113512,-0.0007550049187116369,-0.0005576148805543596,-0.0003710398022884668,-0.0006057417994963154,-0.0017548130520146203,0.01652400850162218,-0.0007280627840500613,-0.0011317340720232473,0.0004023714368501111,-0.003657744398343961,-0.000997818954013686,-0.002295338425391434,0.0001454833242815001,0.0038017860912332745,-0.0030861992163877475,1.5271996358473178e-6,0.006513631961769782,0.003501847918357706,-0.0013559151070782456,0.0013806475166931213,0.0011473238624642606,0.003254779883998596,-0.0009720068706027274,-0.0029790669937917293,-0.0036872296781527663,-0.0007280627840500613,0.01804670826922956,0.0012773459553887011,0.003959445517696037,0.001492705568377092,0.0014147105555238414,-0.0036033931751072437,0.0008204210369015927,0.0021013370110317757,-0.00593329012171406,-0.006161432612671657,0.001460949674833855,-0.001972942096039416,0.0011654429589562716,-0.0021496963018938844,0.0004971458964155703,0.0027254985013230064,0.00022703347048950675,0.0021741747572443758,-0.003317434892773919,-0.0011317340720232473,0.0012773459553887011,0.009085088659974032,0.0005679578685744941,-0.0018572151180871518,0.0006349531112522723,-0.0017990199661605702,-0.005572703973295021,0.0003749762802778378,0.003047397955600567,-0.0009490025065945211,-0.0007938443213445718,-0.0016889485068153306,-0.0022805388698746466,0.0031758901670767238,0.0010224589941796398,0.0009919415535988275,-0.003446022607935832,-0.001004305698773346,-0.0047298776476685555,0.0004023714368501111,0.003959445517696037,0.0005679578685744941,0.021759051018873234
