0.0005095043248543674,0.0002581609992216491,-0.00014670981247107498,-9.403825825459586e-5,0.0002366482707535302,-1.711250543633422e-5,-0.00012410998712955232,0.0001889626111358896,9.55665741636661e-5,-0.00027698296897871763,0.00029738243209223147,-8.388377229496687e-5,-8.751155744269324e-5,0.000246488218135009,-0.00030026246644222906,0.0002379372132471316,6.468083913385903e-5,0.00035404819986470664,-8.634174969976278e-6,-0.00011479110542061362,0.0002581609992216491,0.0006008107414462575,7.615286500498849e-6,-0.00013324021504146507,0.0003567541980888959,-0.0002644939822394512,-0.00014833399407315903,6.899989097198787e-5,4.156956104408022e-5,-0.0004204825427265971,0.00030960657586860804,-0.0004471462168771944,-5.638549363310715e-5,0.00014836281868436843,-0.00020914231526880086,0.0002226572241752034,1.657592620926996e-5,0.0004680217822331525,3.1732568851837773e-6,-0.0001363878347835059,-0.00014670981247107498,7.615286500498849e-6,0.0003669910967615328,0.00011175136868330453,-0.00016624293739320037,-0.00019717891389347292,4.436506038078396e-5,-0.00016527109872293926,-0.0001153652374283331,8.897917028709762e-5,-0.0001372863834386387,-7.26725189573883e-5,4.8443692892222246e-5,-0.00010595033894420293,0.00020615886957115018,-0.00010193761621031896,-6.419353906055927e-5,-0.00013163694568668502,-3.528489825809503e-5,-1.127618798764876e-5,-9.403825825459586e-5,-0.00013324021504146507,0.00011175136868330453,0.00042821103515649296,-0.0003859923704429898,-0.00011448808380112993,-1.4555924338088616e-5,2.2026261271020697e-5,-0.0002365189628021947,0.00027680282992140995,-0.00028201424847964737,3.9990786682827606e-5,0.000286187170628229,-0.00018592116199001794,0.0001095943590359364,-0.00019401693118381266,0.00017607735825104072,-0.00018761180321653266,-0.00023680305623211776,-4.691218557791844e-6,0.0002366482707535302,0.0003567541980888959,-0.00016624293739320037,-0.0003859923704429898,0.0009136268955411609,0.00011421608184354284,4.971242173855217e-5,6.378209544595349e-5,0.0002929481061726613,-0.0007447155347269154,0.0006862795858059202,-0.0003305128762133752,-0.0003967730783958472,0.0004469789724423062,-0.0002943230689462371,0.0004285330306970081,-0.00027157935260647693,0.0005737528897951968,0.0003472930184639543,-1.812079004301805e-5,-1.711250543633422e-5,-0.0002644939822394512,-0.00019717891389347292,-0.00011448808380112993,0.00011421608184354284,0.0008405830832993988,9.962808492837972e-5,0.00020232145669560024,0.00021797570319685534,4.913123430587124e-5,0.00020447304268730385,0.00045009729445603225,-0.0002773508469842764,7.069748915106808e-5,-2.0154765629672722e-5,8.89347491103832e-5,-0.00013713693380977232,-6.846433287796568e-5,8.504464468856163e-5,0.0001787412294121169,-0.00012410998712955232,-0.00014833399407315903,4.436506038078396e-5,-1.4555924338088616e-5,4.971242173855217e-5,9.962808492837972e-5,0.00030080607654674543,-6.522015339220308e-5,-1.9128401523243067e-5,1.8547927079655947e-5,-1.855314803806919e-5,4.921577504207145e-5,-1.9845112594506043e-5,7.121065994242782e-6,0.00012405587518582993,-7.603932427338221e-6,-0.00017710645242929271,-0.00022054758902961775,7.180282644901215e-5,1.706543833155407e-5,0.0001889626111358896,6.899989097198787e-5,-0.00016527109872293926,2.2026261271020697e-5,6.378209544595349e-5,0.00020232145669560024,-6.522015339220308e-5,0.00040933235910745405,-3.125111969017621e-5,-5.079409192019037e-6,0.00013976733290204114,6.182603273778575e-5,6.931626892689376e-5,7.657499731833889e-5,-0.00011322824062075856,9.438022472225635e-5,0.00010865828588977011,0.0001076866956091974,-9.666610615057666e-5,-1.812301111658156e-5,9.55665741636661e-5,4.156956104408022e-5,-0.0001153652374283331,-0.0002365189628021947,0.0002929481061726613,0.00021797570319685534,-1.9128401523243067e-5,-3.125111969017621e-5,0.0004430616712858609,-0.00029281288161890097,0.00030076812615770736,4.5434571592984166e-5,-0.00032238478713828467,0.0002280478246532985,-0.00011265457198636158,0.00013122847555231974,-9.254353961360643e-5,0.00036407344908858915,0.00022887369764665831,9.776399464770596e-5,-0.00027698296897871763,-0.0004204825427265971,8.897917028709762e-5,0.00027680282992140995,-0.0007447155347269154,4.913123430587124e-5,1.8547927079655947e-5,-5.079409192019037e-6,-0.00029281288161890097,0.0010314172882805476,-0.0007885080990386365,0.0004300839279858762,0.00039660323096523634,-0.00040794922589567446,0.00029337160857275594,-0.0004890335665085353,0.0002713103163445463,-0.0007575941512684825,-0.0004458054046077098,0.00010235156840475372,0.00029738243209223147,0.00030960657586860804,-0.0001372863834386387,-0.00028201424847964737,0.0006862795858059202,0.00020447304268730385,-1.855314803806919e-5,0.00013976733290204114,0.00030076812615770736,-0.0007885080990386365,0.000858487215341832,-0.00020476263749537912,-0.0004237926328510334,0.000381351860161971,-0.0002794807555055038,0.00046607273901493333,-0.00024390134967209486,0.0006264003578969878,0.00041724258146141197,-2.3317735911417823e-5,-8.388377229496687e-5,-0.0004471462168771944,-7.26725189573883e-5,3.9990786682827606e-5,-0.0003305128762133752,0.00045009729445603225,4.921577504207145e-5,6.182603273778575e-5,4.5434571592984166e-5,0.0004300839279858762,-0.00020476263749537912,0.000768143254894067,-1.4983976896767868e-5,-0.00015638904756978852,8.75931024300583e-5,-0.00017277183627493567,2.621902221672758e-5,-0.00047441161004823734,-5.271811685160525e-5,0.00015709609603719503,-8.751155744269324e-5,-5.638549363310715e-5,4.8443692892222246e-5,0.000286187170628229,-0.0003967730783958472,-0.0002773508469842764,-1.9845112594506043e-5,6.931626892689376e-5,-0.00032238478713828467,0.00039660323096523634,-0.0004237926328510334,-1.4983976896767868e-5,0.0005736768814665119,-0.00021545572923110836,6.120829245685134e-5,-0.00022848035949112923,0.00023774814457322367,-0.00036107855589431824,-0.00030927771637393137,-7.829648866624462e-5,0.000246488218135009,0.00014836281868436843,-0.00010595033894420293,-0.00018592116199001794,0.0004469789724423062,7.069748915106808e-5,7.121065994242782e-6,7.657499731833889e-5,0.0002280478246532985,-0.00040794922589567446,0.000381351860161971,-0.00015638904756978852,-0.00021545572923110836,0.00044564936954133764,-0.00019480863040677592,0.0002671651005100391,-0.00012945431206481156,0.0003986840331301865,0.00022276772390140558,-2.9455034690159296e-5,-0.00030026246644222906,-0.00020914231526880086,0.00020615886957115018,0.0001095943590359364,-0.0002943230689462371,-2.0154765629672722e-5,0.00012405587518582993,-0.00011322824062075856,-0.00011265457198636158,0.00029337160857275594,-0.0002794807555055038,8.75931024300583e-5,6.120829245685134e-5,-0.00019480863040677592,0.000474448548371821,-0.00023107955487385842,-2.4134434801342445e-5,-0.00030751211476084364,-6.795176491280569e-5,7.137116922960771e-5,0.0002379372132471316,0.0002226572241752034,-0.00010193761621031896,-0.00019401693118381266,0.0004285330306970081,8.89347491103832e-5,-7.603932427338221e-6,9.438022472225635e-5,0.00013122847555231974,-0.0004890335665085353,0.00046607273901493333,-0.00017277183627493567,-0.00022848035949112923,0.0002671651005100391,-0.00023107955487385842,0.0004693082918673643,-0.00015429789419322084,0.00036123050569292025,0.00024506501297693494,-8.102795003748784e-5,6.468083913385903e-5,1.657592620926996e-5,-6.419353906055927e-5,0.00017607735825104072,-0.00027157935260647693,-0.00013713693380977232,-0.00017710645242929271,0.00010865828588977011,-9.254353961360643e-5,0.0002713103163445463,-0.00024390134967209486,2.621902221672758e-5,0.00023774814457322367,-0.00012945431206481156,-2.4134434801342445e-5,-0.00015429789419322084,0.0004338531755141303,-2.647483629897628e-6,-0.0002704603704460785,-9.063656961260066e-6,0.00035404819986470664,0.0004680217822331525,-0.00013163694568668502,-0.00018761180321653266,0.0005737528897951968,-6.846433287796568e-5,-0.00022054758902961775,0.0001076866956091974,0.00036407344908858915,-0.0007575941512684825,0.0006264003578969878,-0.00047441161004823734,-0.00036107855589431824,0.0003986840331301865,-0.00030751211476084364,0.00036123050569292025,-2.647483629897628e-6,0.0011175039328532707,0.0002901914167906793,-5.138797882826003e-5,-8.634174969976278e-6,3.1732568851837773e-6,-3.528489825809503e-5,-0.00023680305623211776,0.0003472930184639543,8.504464468856163e-5,7.180282644901215e-5,-9.666610615057666e-5,0.00022887369764665831,-0.0004458054046077098,0.00041724258146141197,-5.271811685160525e-5,-0.00030927771637393137,0.00022276772390140558,-6.795176491280569e-5,0.00024506501297693494,-0.0002704603704460785,0.0002901914167906793,0.0006060947929854554,2.4202966736037755e-5,-0.00011479110542061362,-0.0001363878347835059,-1.127618798764876e-5,-4.691218557791844e-6,-1.812079004301805e-5,0.0001787412294121169,1.706543833155407e-5,-1.812301111658156e-5,9.776399464770596e-5,0.00010235156840475372,-2.3317735911417823e-5,0.00015709609603719503,-7.829648866624462e-5,-2.9455034690159296e-5,7.137116922960771e-5,-8.102795003748784e-5,-9.063656961260066e-6,-5.138797882826003e-5,2.4202966736037755e-5,0.00022476837835554676
