0.04031234995312276,-0.0295767530963467,0.01169185575608086,-0.01782410930147235,0.006748345233919889,-0.004149442630935148,-0.01958897156215237,-0.007987662044869955,0.0016729473377286466,-0.002171568882326995,-0.011505255194772815,-0.008761531496340515,0.01923399967250938,0.0039006946945715363,-0.016358564273136735,0.0012375335877712276,0.016864605658371043,0.005304524868413285,0.011030955006154551,-0.005456800610180102,-0.0295767530963467,0.10321571030528623,0.021256243112802293,0.07930957913906309,-0.03374509366851754,0.012071950258196719,0.029655308401979576,-0.011487628838070307,-0.056468453709422536,-0.005759691138176756,0.01563043244255534,0.05381286267483033,-0.03451199058359805,-0.02180895898817681,0.06294760099416143,-0.0036638869516222314,-0.06276829891295271,-0.07191014831046771,-0.02471694789598279,-0.00546108785369274,0.01169185575608086,0.021256243112802293,0.09641151693145933,0.023596447870940243,-0.017090149698885566,0.006224325775269054,-0.0008741726233840989,-0.03131565337207992,-0.03617777613403001,-0.060000101679801715,0.0005631195652237479,0.03505318521377908,-0.03474580687353066,0.009226178658116143,0.049194808095191105,-0.011021868027322562,-0.013758239890802201,-0.016824941903711987,-0.005060637497742182,-0.01412322285154792,-0.01782410930147235,0.07930957913906309,0.023596447870940243,0.14387210511171278,-0.03447987068686274,0.01713388813053545,0.016151919665355445,-0.008988942783463662,-0.05986216948988763,0.004528702068853809,0.03738461673340092,0.049634731399099824,-0.04098345057468818,-0.031978236015956465,0.06556499368748112,-0.006373664555242207,-0.07790210038383835,-0.11274311778586057,-0.020041943408549312,-0.018275661623787756,0.006748345233919889,-0.03374509366851754,-0.017090149698885566,-0.03447987068686274,0.04052113530478619,-0.006758435963402674,-0.011472517395825148,0.0022661496003666326,0.030008040774699936,0.012613933714294978,-0.012162317667614853,-0.030281373153533294,0.014569490892765297,0.005697151652421836,-0.025201144278324393,0.0044034266803399565,0.01636962147119877,0.029476936177311654,0.007910102539143454,0.008332985231478594,-0.004149442630935148,0.012071950258196719,0.006224325775269054,0.01713388813053545,-0.006758435963402674,0.0223336903061625,0.005084326646113459,0.0026102196428552096,-0.019518671678964428,0.00017640277432905051,0.009626356580478182,0.00581254520508758,-0.01731831632029076,-0.009458421295565891,0.01694913269839047,-0.0018111727854247563,-0.01454626610924028,-0.01863051627758691,-0.0039057523700481737,-0.002351767423401179,-0.01958897156215237,0.029655308401979576,-0.0008741726233840989,0.016151919665355445,-0.011472517395825148,0.005084326646113459,0.06748282378972553,0.005178878048361264,-0.01651153389920733,0.013180339504944684,0.02789382539528299,0.020699653148824024,-0.013938401693470532,-0.0213219374105191,0.007508421625472569,0.0012439136317611028,-0.023412907158207506,-0.0346969957485182,-0.020942511211622043,-0.001900531263529843,-0.007987662044869955,-0.011487628838070307,-0.03131565337207992,-0.008988942783463662,0.0022661496003666326,0.0026102196428552096,0.005178878048361264,0.04399907934611107,-0.0007859717914119538,0.01359328452391454,0.009922653547572775,-0.008831754097897281,-0.007813518706569825,-0.001414742721652932,-0.007160635109612887,0.0005345933934037203,-0.003587872442888871,0.002374310472646915,0.00030014687577857905,0.002807001932515865,0.0016729473377286466,-0.056468453709422536,-0.03617777613403001,-0.05986216948988763,0.030008040774699936,-0.019518671678964428,-0.01651153389920733,-0.0007859717914119538,0.08760254199447623,0.021172561263372358,-0.021815801859255454,-0.044724038882359804,0.041428341967987115,0.021359612724879976,-0.058769510707274375,0.011023461398157321,0.040375460250731125,0.06928438991820399,0.016945419438848097,0.015100019331346679,-0.002171568882326995,-0.005759691138176756,-0.060000101679801715,0.004528702068853809,0.012613933714294978,0.00017640277432905051,0.013180339504944684,0.01359328452391454,0.021172561263372358,0.0895407486881875,0.017729308202837905,-0.022029349054229395,0.026694747664673342,-0.022981653395641184,-0.041577995927966044,0.013542060126630985,-0.010845834599275787,-0.018378549435074387,-0.0007598415354995378,0.0001421348187154133,-0.011505255194772815,0.01563043244255534,0.0005631195652237479,0.03738461673340092,-0.012162317667614853,0.009626356580478182,0.02789382539528299,0.009922653547572775,-0.021815801859255454,0.017729308202837905,0.04563909919243244,0.020735883431300818,-0.02407453926532257,-0.010777635247869104,0.01600920000521697,0.0006790932872792195,-0.02302855033701754,-0.044492394897757505,-0.014105101617745742,-0.011714145248869452,-0.008761531496340515,0.05381286267483033,0.03505318521377908,0.049634731399099824,-0.030281373153533294,0.00581254520508758,0.020699653148824024,-0.008831754097897281,-0.044724038882359804,-0.022029349054229395,0.020735883431300818,0.06851518727366586,-0.03566953313199586,-0.011545539411844812,0.03866621697666918,-0.0035443250580793773,-0.03664538756059062,-0.04659737087876539,-0.019865212998789267,-0.011836506663434013,0.01923399967250938,-0.03451199058359805,-0.03474580687353066,-0.04098345057468818,0.014569490892765297,-0.01731831632029076,-0.013938401693470532,-0.007813518706569825,0.041428341967987115,0.026694747664673342,-0.02407453926532257,-0.03566953313199586,0.06675754055518034,0.007075360672510187,-0.04520574453150996,0.010680958480310553,0.0330562550773428,0.03159768123969145,0.013776281034168728,0.008402092746727739,0.0039006946945715363,-0.02180895898817681,0.009226178658116143,-0.031978236015956465,0.005697151652421836,-0.009458421295565891,-0.0213219374105191,-0.001414742721652932,0.021359612724879976,-0.022981653395641184,-0.010777635247869104,-0.011545539411844812,0.007075360672510187,0.031004153498609403,-0.009733260990929988,-0.0017591523309116457,0.02606289825225534,0.04551519291276204,0.003652817476706003,-0.0005243250951417391,-0.016358564273136735,0.06294760099416143,0.049194808095191105,0.06556499368748112,-0.025201144278324393,0.01694913269839047,0.007508421625472569,-0.007160635109612887,-0.058769510707274375,-0.041577995927966044,0.01600920000521697,0.03866621697666918,-0.04520574453150996,-0.009733260990929988,0.08485225234211476,-0.0115925993765664,-0.04776153840814876,-0.0547943122932044,-0.017873492104355352,-0.013613965320735524,0.0012375335877712276,-0.0036638869516222314,-0.011021868027322562,-0.006373664555242207,0.0044034266803399565,-0.0018111727854247563,0.0012439136317611028,0.0005345933934037203,0.011023461398157321,0.013542060126630985,0.0006790932872792195,-0.0035443250580793773,0.010680958480310553,-0.0017591523309116457,-0.0115925993765664,0.01637809359702424,0.0039018616367207295,-0.0018476645578497219,-0.0015938444327330064,0.0010961370782148249,0.016864605658371043,-0.06276829891295271,-0.013758239890802201,-0.07790210038383835,0.01636962147119877,-0.01454626610924028,-0.023412907158207506,-0.003587872442888871,0.040375460250731125,-0.010845834599275787,-0.02302855033701754,-0.03664538756059062,0.0330562550773428,0.02606289825225534,-0.04776153840814876,0.0039018616367207295,0.0801781570132183,0.07350444423135542,0.014649036072056254,0.004263521139262821,0.005304524868413285,-0.07191014831046771,-0.016824941903711987,-0.11274311778586057,0.029476936177311654,-0.01863051627758691,-0.0346969957485182,0.002374310472646915,0.06928438991820399,-0.018378549435074387,-0.044492394897757505,-0.04659737087876539,0.03159768123969145,0.04551519291276204,-0.0547943122932044,-0.0018476645578497219,0.07350444423135542,0.14801606593260377,0.01888353276616933,0.014743530771720656,0.011030955006154551,-0.02471694789598279,-0.005060637497742182,-0.020041943408549312,0.007910102539143454,-0.0039057523700481737,-0.020942511211622043,0.00030014687577857905,0.016945419438848097,-0.0007598415354995378,-0.014105101617745742,-0.019865212998789267,0.013776281034168728,0.003652817476706003,-0.017873492104355352,-0.0015938444327330064,0.014649036072056254,0.01888353276616933,0.029180635433922342,0.004878856628278173,-0.005456800610180102,-0.00546108785369274,-0.01412322285154792,-0.018275661623787756,0.008332985231478594,-0.002351767423401179,-0.001900531263529843,0.002807001932515865,0.015100019331346679,0.0001421348187154133,-0.011714145248869452,-0.011836506663434013,0.008402092746727739,-0.0005243250951417391,-0.013613965320735524,0.0010961370782148249,0.004263521139262821,0.014743530771720656,0.004878856628278173,0.04259265949729029
0.057983014984758545,0.032719112510885495,-0.0016785847091119865,0.023781763350231196,0.0026352618117360485,-0.029981677741210765,0.02179237597020999,0.014808747070077169,-0.029474925128451582,-0.0005479959294647082,-0.02283458977398447,-0.037812049780964876,-0.02839841807481457,-0.033634516097599716,0.00849426494293902,0.03415941176168359,0.007292011604201488,-0.006352852438810823,0.009344818405409221,0.019584855037996913,0.032719112510885495,0.0779895488663069,-0.0033555678164749123,0.005419118950711042,-0.01034140614474008,-0.03530805619999609,0.008470566043197257,0.025507224958108365,-0.02195294226236931,-0.01457145644629658,-0.010559835210662675,-0.02902380831832261,-0.023244821864833988,-0.02983791617607312,0.008150240091611558,0.01655963799776947,-0.013221816082527801,-0.0017626307679041338,0.01678397855308729,0.050062370759295184,-0.0016785847091119865,-0.0033555678164749123,0.03766743257732238,-0.0033200392838790187,0.004598490255204524,-0.007431908189125305,-0.0017349726298724133,0.007798351871342275,0.001204986459233598,2.0066238501677965e-5,0.007130943797209649,0.013710966508686438,0.00018010298543393765,0.0034535088309201427,-0.00045839880281847077,-0.009516797856941981,-0.012690871252321573,0.00227375621385031,0.009496210830458896,-0.008087418160895286,0.023781763350231196,0.005419118950711042,-0.0033200392838790187,0.053714916448376004,0.004569182398929682,-0.017859658793810164,0.025965648218298113,0.0068956247552300655,-0.021817218050403982,0.01410815274505012,-0.0058894223922580525,-0.019232181828615854,-0.009786337627232201,-0.02218193759789481,0.0017687896281932812,0.026908185996303922,-0.008255970199671153,-0.007895764022242827,0.016834080395320826,0.01941710100933977,0.0026352618117360485,-0.01034140614474008,0.004598490255204524,0.004569182398929682,0.019260847530408784,0.0022290774741226607,0.004181407592460724,-0.0014298027141848063,0.0024251865763129923,0.0019183285565896491,-0.004899811129949644,0.002389236493168987,0.0037638596794498276,0.0055719300709633655,0.0014452846260884955,-0.0020885771872190487,0.013072130563825021,-0.000274997713239198,0.004359064084176724,-0.010543503758332153,-0.029981677741210765,-0.03530805619999609,-0.007431908189125305,-0.017859658793810164,0.0022290774741226607,0.05041143808875821,-0.025462839504153255,-0.019805958736827407,0.03164638246306866,-0.002002305942196492,0.010073315213393162,0.03488100187609851,0.0198781081643042,0.03582446757296499,-0.010314842497745644,-0.013835216495292988,0.02485800303111181,0.005601503824059394,-0.012855342151213152,-0.02835682208130115,0.02179237597020999,0.008470566043197257,-0.0017349726298724133,0.025965648218298113,0.004181407592460724,-0.025462839504153255,0.043386649125077434,-0.0012153757506823027,-0.020610545798166582,0.012600196783733284,-0.014718305416741847,-0.027752153094295243,-0.019583531663064414,-0.03157763885698782,0.018284720406105386,0.029788529707216044,0.010385255800638933,0.004303444097893328,0.0007016569139659081,0.0063122510361565964,0.014808747070077169,0.025507224958108365,0.007798351871342275,0.0068956247552300655,-0.0014298027141848063,-0.019805958736827407,-0.0012153757506823027,0.048845447413437916,0.00037694280220389013,-0.007144794581942782,-0.010100233301510917,-0.01778354510118297,-0.008104296732066495,-0.008750112846112844,-0.008700053017685908,-0.001773294717131807,-0.02766703476420807,-0.009956929340141226,0.03051112284892516,0.0458358370439762,-0.029474925128451582,-0.02195294226236931,0.001204986459233598,-0.021817218050403982,0.0024251865763129923,0.03164638246306866,-0.020610545798166582,0.00037694280220389013,0.07835370206609414,0.011419656318068877,0.007835748762016446,0.03498058469936079,0.025168492212832225,0.035991436184077616,-0.006509253110769116,-0.03877651498974029,0.006014530651806456,-0.00035195908425960553,0.0021324528008297545,-0.014268162686236308,-0.0005479959294647082,-0.01457145644629658,2.0066238501677965e-5,0.01410815274505012,0.0019183285565896491,-0.002002305942196492,0.012600196783733284,-0.007144794581942782,0.011419656318068877,0.04349809504688597,-0.0016050156710032443,-0.015574774846301462,0.0008647348884274698,-0.009154679390555018,0.007824099090220778,-0.008108538156742753,-0.006338736389341784,-0.00715816094062277,0.007873887106429677,-0.015002347711540565,-0.02283458977398447,-0.010559835210662675,0.007130943797209649,-0.0058894223922580525,-0.004899811129949644,0.010073315213393162,-0.014718305416741847,-0.010100233301510917,0.007835748762016446,-0.0016050156710032443,0.03987833644300471,0.02409734830811652,0.015637363672234776,0.013937217410547972,0.008997005117768162,-0.01712668290362424,-0.01017748940802019,-0.005806137671229854,-0.009464020838760401,-0.01368551340775745,-0.037812049780964876,-0.02902380831832261,0.013710966508686438,-0.019232181828615854,0.002389236493168987,0.03488100187609851,-0.027752153094295243,-0.01778354510118297,0.03498058469936079,-0.015574774846301462,0.02409734830811652,0.08462644000400822,0.015481357062907776,0.03891673681342953,-0.007161942088745965,-0.014470613442089393,0.01850414414725119,0.014421244617821825,-0.01521396476083857,-0.027711151841561945,-0.02839841807481457,-0.023244821864833988,0.00018010298543393765,-0.009786337627232201,0.0037638596794498276,0.0198781081643042,-0.019583531663064414,-0.008104296732066495,0.025168492212832225,0.0008647348884274698,0.015637363672234776,0.015481357062907776,0.047819433905911805,0.038135678089017994,-0.004178984036478123,-0.027266354554697697,-0.006168349183129885,3.0485297967696026e-5,-0.0023802910998333006,-0.021916527685264486,-0.033634516097599716,-0.02983791617607312,0.0034535088309201427,-0.02218193759789481,0.0055719300709633655,0.03582446757296499,-0.03157763885698782,-0.008750112846112844,0.035991436184077616,-0.009154679390555018,0.013937217410547972,0.03891673681342953,0.038135678089017994,0.07311960275423356,-0.018787988820451428,-0.028547262585522072,0.004760563037888437,0.006704021300370975,0.006628442819969452,-0.02169944206737613,0.00849426494293902,0.008150240091611558,-0.00045839880281847077,0.0017687896281932812,0.0014452846260884955,-0.010314842497745644,0.018284720406105386,-0.008700053017685908,-0.006509253110769116,0.007824099090220778,0.008997005117768162,-0.007161942088745965,-0.004178984036478123,-0.018787988820451428,0.03770112406243533,0.004901340221412629,0.007233813112227679,-0.0006193805871708427,-0.009667282394904865,-0.0069876507071269505,0.03415941176168359,0.01655963799776947,-0.009516797856941981,0.026908185996303922,-0.0020885771872190487,-0.013835216495292988,0.029788529707216044,-0.001773294717131807,-0.03877651498974029,-0.008108538156742753,-0.01712668290362424,-0.014470613442089393,-0.027266354554697697,-0.028547262585522072,0.004901340221412629,0.074403167400533,0.021342773074744054,0.009046025398710566,-0.0017437943263165956,0.01870365733372014,0.007292011604201488,-0.013221816082527801,-0.012690871252321573,-0.008255970199671153,0.013072130563825021,0.02485800303111181,0.010385255800638933,-0.02766703476420807,0.006014530651806456,-0.006338736389341784,-0.01017748940802019,0.01850414414725119,-0.006168349183129885,0.004760563037888437,0.007233813112227679,0.021342773074744054,0.07582960048911565,0.011892326641919214,-0.021609764198446086,-0.02890013323397908,-0.006352852438810823,-0.0017626307679041338,0.00227375621385031,-0.007895764022242827,-0.000274997713239198,0.005601503824059394,0.004303444097893328,-0.009956929340141226,-0.00035195908425960553,-0.00715816094062277,-0.005806137671229854,0.014421244617821825,3.0485297967696026e-5,0.006704021300370975,-0.0006193805871708427,0.009046025398710566,0.011892326641919214,0.029378329637881243,-0.013613179296963426,-0.00458795564605184,0.009344818405409221,0.01678397855308729,0.009496210830458896,0.016834080395320826,0.004359064084176724,-0.012855342151213152,0.0007016569139659081,0.03051112284892516,0.0021324528008297545,0.007873887106429677,-0.009464020838760401,-0.01521396476083857,-0.0023802910998333006,0.006628442819969452,-0.009667282394904865,-0.0017437943263165956,-0.021609764198446086,-0.013613179296963426,0.06045460100207851,0.031015262755306923,0.019584855037996913,0.050062370759295184,-0.008087418160895286,0.01941710100933977,-0.010543503758332153,-0.02835682208130115,0.0063122510361565964,0.0458358370439762,-0.014268162686236308,-0.015002347711540565,-0.01368551340775745,-0.027711151841561945,-0.021916527685264486,-0.02169944206737613,-0.0069876507071269505,0.01870365733372014,-0.02890013323397908,-0.00458795564605184,0.031015262755306923,0.08590611860398994
0.055413061249935794,0.02366534680544487,0.01637372985314653,0.018412616661713108,-0.005903608275443283,-0.03768664021482501,0.007542537105582071,0.026470750549886818,-0.007626515693778911,0.00566189741837414,-0.010921953993674358,-0.02427138064827334,-0.025612931773805074,-0.011448968236211424,0.003696862906274057,-0.0009193901705669741,-0.02763822444717673,-0.01238526936900318,0.019023279375763372,0.016426422368142117,0.02366534680544487,0.06601755053210161,0.004716539714657636,0.02024680017367199,-0.0027399385827555542,-0.03758364612685358,0.018999928634002176,0.038852850871964106,-0.017487806458751164,0.0116615529661614,-0.01682460191661532,-0.03444843734267659,-0.03484171347239881,-0.026543828653792446,0.0070479245402139045,-0.008057738082964264,-0.041333478723337834,-0.04523136876779992,0.021999303332515853,0.023061460975952876,0.01637372985314653,0.004716539714657636,0.06113672825389587,-0.003516192388871959,0.003286166217464668,-0.000548723605499198,-0.0015737721612346114,0.011722422019962273,0.008991849718728469,-0.004998996231317141,-0.00016211366747785757,0.01580650225660645,-0.005840758531972561,0.005889710021618295,0.004559058560545738,-0.013673941448883523,-0.013071177624220562,0.013270654020212994,-0.006980236998074265,-0.015189356795863484,0.018412616661713108,0.02024680017367199,-0.003516192388871959,0.031871466429898396,-0.00034961864803445124,-0.006555318806154233,0.015032412736056907,0.011713136887153513,-0.00857359867427359,0.008263128558531674,-0.004353677148057072,-0.015318589428246713,-0.0170562783128469,-0.012041378291687,0.005728446469748692,0.007350304388681837,-0.006449157201226635,-0.02494202204206432,0.0033124145740974485,0.009568993240538157,-0.005903608275443283,-0.0027399385827555542,0.003286166217464668,-0.00034961864803445124,0.023820475491177114,0.0027108793248116704,-0.003567082405947168,-0.002551153708893814,0.005150405522512398,0.0075720175410365475,0.0020850060863992033,0.005157187084206643,-0.001277765059539049,-0.003585192374423388,0.0018129923738137827,-0.007985214456427914,0.006161474883016285,-0.005091010622462428,-0.005425011079099587,-0.0036815441546473497,-0.03768664021482501,-0.03758364612685358,-0.000548723605499198,-0.006555318806154233,0.0027108793248116704,0.08232787757016459,-0.013433786836796933,-0.03379412040641329,0.02414963988939875,-0.014680478912894692,0.009972118715264496,0.04294185658451951,0.027224155957198196,0.023758756519629658,-0.00019532749494027374,0.02635622130713361,0.055904906476532505,0.03322292866583527,-0.030034331824794765,-0.03538504209246471,0.007542537105582071,0.018999928634002176,-0.0015737721612346114,0.015032412736056907,-0.003567082405947168,-0.013433786836796933,0.027789979318911567,0.016580657779966614,-0.00506672731768233,0.010748278151751438,-0.006861340882782316,-0.023823068444885152,-0.01580666416648922,-0.009442725817767377,0.01370719792900079,0.000993355505651017,-0.010723203411644195,-0.027266436101980436,0.0018298488855459489,0.0009014001450772372,0.026470750549886818,0.038852850871964106,0.011722422019962273,0.011713136887153513,-0.002551153708893814,-0.03379412040641329,0.016580657779966614,0.05479774551999553,-0.006730666121047418,0.011786456897818737,-0.01628012139439728,-0.032912493930708,-0.024361977105262878,-0.021281979674161563,0.0017199956272938909,-0.0034261597614753253,-0.038749289069187065,-0.0235731775811436,0.020985151790577798,0.028123687350298243,-0.007626515693778911,-0.017487806458751164,0.008991849718728469,-0.00857359867427359,0.005150405522512398,0.02414963988939875,-0.00506672731768233,-0.006730666121047418,0.06977305785651086,0.006233368291392191,0.0014505811501599323,0.019643380986781433,0.027789794739109572,0.014306754516816535,0.0030752769071634425,-0.01255604176621177,0.011939227871429533,0.03792030607044218,-0.004064440732552108,-0.020272508458752926,0.00566189741837414,0.0116615529661614,-0.004998996231317141,0.008263128558531674,0.0075720175410365475,-0.014680478912894692,0.010748278151751438,0.011786456897818737,0.006233368291392191,0.035361458593709795,0.0035303104300775856,-0.016397316702414785,-0.011318370008773285,-0.013472662568902831,0.010746030026703365,-0.010189624848817934,0.002151428200494515,-0.02361358013302922,0.007883104741942044,0.005404885494276422,-0.010921953993674358,-0.01682460191661532,-0.00016211366747785757,-0.004353677148057072,0.0020850060863992033,0.009972118715264496,-0.006861340882782316,-0.01628012139439728,0.0014505811501599323,0.0035303104300775856,0.027747134735540923,0.018077973259501376,0.01573396289670049,0.012557197951774946,0.013183956300833393,-0.006509656617181134,0.017732210320116838,0.005654560356562927,-0.0030600909620731647,-0.013911550462544482,-0.02427138064827334,-0.03444843734267659,0.01580650225660645,-0.015318589428246713,0.005157187084206643,0.04294185658451951,-0.023823068444885152,-0.032912493930708,0.019643380986781433,-0.016397316702414785,0.018077973259501376,0.06311583741226512,0.025460947527313607,0.027123201408178366,0.00047017371816019207,0.005034284130429516,0.033984919313850545,0.044698771652401104,-0.022769860513844685,-0.03129952807657198,-0.025612931773805074,-0.03484171347239881,-0.005840758531972561,-0.0170562783128469,-0.001277765059539049,0.027224155957198196,-0.01580666416648922,-0.024361977105262878,0.027789794739109572,-0.011318370008773285,0.01573396289670049,0.025460947527313607,0.06529087290037819,0.037732532060566724,0.005314920081834897,-0.005854676631800767,0.01921746296342601,0.046907176044925586,-0.012312152340547389,-0.021880908346590275,-0.011448968236211424,-0.026543828653792446,0.005889710021618295,-0.012041378291687,-0.003585192374423388,0.023758756519629658,-0.009442725817767377,-0.021281979674161563,0.014306754516816535,-0.013472662568902831,0.012557197951774946,0.027123201408178366,0.037732532060566724,0.04687989561242975,0.0016915502058908016,0.003723819689476228,0.016068734816134293,0.04719369363381819,-0.011686635865222096,-0.016424129822347054,0.003696862906274057,0.0070479245402139045,0.004559058560545738,0.005728446469748692,0.0018129923738137827,-0.00019532749494027374,0.01370719792900079,0.0017199956272938909,0.0030752769071634425,0.010746030026703365,0.013183956300833393,0.00047017371816019207,0.005314920081834897,0.0016915502058908016,0.046370479057206385,-0.01720688961720878,0.0006898654431095752,-0.022825233285064975,-0.0016261707727756444,-0.01738136478538564,-0.0009193901705669741,-0.008057738082964264,-0.013673941448883523,0.007350304388681837,-0.007985214456427914,0.02635622130713361,0.000993355505651017,-0.0034261597614753253,-0.01255604176621177,-0.010189624848817934,-0.006509656617181134,0.005034284130429516,-0.005854676631800767,0.003723819689476228,-0.01720688961720878,0.05733080060181472,0.017014910816070913,0.013654290623287317,-0.006263287959930234,0.0016087887844428088,-0.02763822444717673,-0.041333478723337834,-0.013071177624220562,-0.006449157201226635,0.006161474883016285,0.055904906476532505,-0.010723203411644195,-0.038749289069187065,0.011939227871429533,0.002151428200494515,0.017732210320116838,0.033984919313850545,0.01921746296342601,0.016068734816134293,0.0006898654431095752,0.017014910816070913,0.0772497228722029,0.018521654035741984,-0.0270035359269336,-0.023376048624667932,-0.01238526936900318,-0.04523136876779992,0.013270654020212994,-0.02494202204206432,-0.005091010622462428,0.03322292866583527,-0.027266436101980436,-0.0235731775811436,0.03792030607044218,-0.02361358013302922,0.005654560356562927,0.044698771652401104,0.046907176044925586,0.04719369363381819,-0.022825233285064975,0.013654290623287317,0.018521654035741984,0.1038327678387652,-0.018396040410097316,-0.011062524068470768,0.019023279375763372,0.021999303332515853,-0.006980236998074265,0.0033124145740974485,-0.005425011079099587,-0.030034331824794765,0.0018298488855459489,0.020985151790577798,-0.004064440732552108,0.007883104741942044,-0.0030600909620731647,-0.022769860513844685,-0.012312152340547389,-0.011686635865222096,-0.0016261707727756444,-0.006263287959930234,-0.0270035359269336,-0.018396040410097316,0.048057257418206,0.02006189728141731,0.016426422368142117,0.023061460975952876,-0.015189356795863484,0.009568993240538157,-0.0036815441546473497,-0.03538504209246471,0.0009014001450772372,0.028123687350298243,-0.020272508458752926,0.005404885494276422,-0.013911550462544482,-0.03129952807657198,-0.021880908346590275,-0.016424129822347054,-0.01738136478538564,0.0016087887844428088,-0.023376048624667932,-0.011062524068470768,0.02006189728141731,0.061853778255900285
