0.018159341094019413,-0.005039189957609901,-0.0034821006520613807,-0.004517212286421404,-0.0055475505800332385,-0.000918718334828262,-0.00527593929555944,-0.005197878858472595,0.0010626824048690026,-0.000821920332968484,0.00252421719038773,-0.01069016056206315,-0.0028399299941097743,-0.0003110395024860283,-0.0015923359137108802,0.0019412587928595492,0.008657539695927243,0.006195195898952489,0.004039762380930649,-0.0026853613551100055,-0.005039189957609901,0.01055623367655734,-0.0009179739420638998,-0.009825698608081912,0.006164179211680439,0.004897599668048843,0.000718985009468079,0.0028473584160289486,-0.0038583473703433283,0.0008952299856343876,-0.00019259795101534316,0.0027241525978532275,-0.005726455345051992,-0.0005745264154243805,-0.0016839931303164208,-0.0036583840905687437,-0.004223684112065232,-0.001807829172783485,0.005283310073264776,0.002816448943832862,-0.0034821006520613807,-0.0009179739420638998,0.009463361425888578,0.004108682700554846,0.0017808923912975053,-0.012932290050480178,-0.0014930941849082746,-0.005737068048158406,0.004696004124356978,-0.002584579842955457,-0.004207912237673306,0.0024722299115709848,0.0046861734752163915,0.003830652351692571,0.004685650270710917,-0.0019393832413637899,-0.0018996401452358517,-0.002135817188096894,-0.002605934938165536,0.0003965587681600526,-0.004517212286421404,-0.009825698608081912,0.004108682700554846,0.022755454319211263,-0.00379015646895691,-0.013562309636005472,-0.002525422290365051,-0.002464613233418049,0.0013881964940488625,-0.000795149460344708,0.0007604408769285715,-0.004963348964489634,0.00703501135901576,-0.0017733730370098819,0.003122115306992655,0.0038011478644591028,-0.003513099906928229,-0.0003546485455577469,-0.005886332326921076,-0.00033990705613454,-0.0055475505800332385,0.006164179211680439,0.0017808923912975053,-0.00379015646895691,0.005351562783258629,-0.00027456893606038924,0.0002665253276978942,0.000930890146611088,-0.0005366509347404333,-0.00011217060166496095,-0.001495599972276232,0.0032497464170165016,-0.00254713679515536,0.0005554921567672947,0.0006018001054564339,-0.0026292701792052587,-0.00396170649220221,-0.0023172662384140195,0.0017440287663978672,0.0022475050812065496,-0.000918718334828262,0.004897599668048843,-0.012932290050480178,-0.013562309636005472,-0.00027456893606038924,0.027088725928208775,0.008320827126386574,0.012189483821319009,-0.0062328292587896916,0.003827809698716149,0.004280266789496708,0.00809041534562607,-0.004057900437873259,-0.0017448655260261115,-0.006718523972712439,0.0006976802020527351,0.0021926970648901076,-0.0006504467312848226,0.0015160542262755647,-0.0013605278977781529,-0.00527593929555944,0.000718985009468079,-0.0014930941849082746,-0.002525422290365051,0.0002665253276978942,0.008320827126386574,0.006653081239907222,0.005001800955318425,-0.0022810011393277316,0.0019277199380969621,0.0006361174833527752,0.009510817096984897,0.0033828395049671604,0.0024349751591587815,-0.0013951685480455844,-0.00026931757637027403,-0.0003452225630183672,-0.0025744348586750694,-0.0018920388771546492,-0.0003001486654305982,-0.005197878858472595,0.0028473584160289486,-0.005737068048158406,-0.002464613233418049,0.000930890146611088,0.012189483821319009,0.005001800955318425,0.01019845330903392,-0.00978919043151546,0.005695385379868401,0.002504864710713822,0.005755636013992611,-0.0057298553645951135,-0.0020241732647465075,-0.0037162215006820085,0.0018572442645420082,9.091557445143337e-5,0.0007254050636202131,0.001275335453639443,0.0034836145183778622,0.0010626824048690026,-0.0038583473703433283,0.004696004124356978,0.0013881964940488625,-0.0005366509347404333,-0.0062328292587896916,-0.0022810011393277316,-0.00978919043151546,0.026316476214002054,-0.010751080534516053,-0.009449432674496341,9.204455819237584e-5,0.010884879736271832,0.0028365248043306706,0.006954716434501662,-0.0013700140443318313,0.00021773979167394666,-0.006524331108005673,-0.011515875730311133,-0.008553653886412592,-0.000821920332968484,0.0008952299856343876,-0.002584579842955457,-0.000795149460344708,-0.00011217060166496095,0.003827809698716149,0.0019277199380969621,0.005695385379868401,-0.010751080534516053,0.006772934331733269,0.0017819865198461468,0.0010929842388268318,-0.0074353147570832305,-0.002123642162548011,-0.002952583048358626,0.0024360680311583593,0.002406996595142123,0.0033507603758445876,0.0033533359827352905,0.00523205703812942,0.00252421719038773,-0.00019259795101534316,-0.004207912237673306,0.0007604408769285715,-0.001495599972276232,0.004280266789496708,0.0006361174833527752,0.002504864710713822,-0.009449432674496341,0.0017819865198461468,0.00793119589040125,-0.002267155358671547,0.0008520515523541866,-0.0005403927322814027,-0.0038429539761376205,-0.0005087923658242378,-0.0016588139879444009,0.0020834933385664523,0.005393533180744993,-0.00022739773681292939,-0.01069016056206315,0.0027241525978532275,0.0024722299115709848,-0.004963348964489634,0.0032497464170165016,0.00809041534562607,0.009510817096984897,0.005755636013992611,9.204455819237584e-5,0.0010929842388268318,-0.002267155358671547,0.018200643897479208,0.006039603630421837,0.006629856002183318,0.000939588145470005,-0.0022874893437580257,-0.0017163754806818463,-0.005706472929909638,-0.004382506165427841,-0.00011109196804494521,-0.0028399299941097743,-0.005726455345051992,0.0046861734752163915,0.00703501135901576,-0.00254713679515536,-0.004057900437873259,0.0033828395049671604,-0.0057298553645951135,0.010884879736271832,-0.0074353147570832305,0.0008520515523541866,0.006039603630421837,0.01984428137515056,0.0067168211914117905,0.003026221480729641,-0.0031635481565664455,-0.004204556343234212,-0.00671500192635302,-0.006682309478878625,-0.008457463170908763,-0.0003110395024860283,-0.0005745264154243805,0.003830652351692571,-0.0017733730370098819,0.0005554921567672947,-0.0017448655260261115,0.0024349751591587815,-0.0020241732647465075,0.0028365248043306706,-0.002123642162548011,-0.0005403927322814027,0.006629856002183318,0.0067168211914117905,0.006311318589675925,0.0018419199040649703,-0.002324629752531268,-0.00019784028373950706,-0.002488935705683593,-0.0011947703372403844,-0.0021968971794629187,-0.0015923359137108802,-0.0016839931303164208,0.004685650270710917,0.003122115306992655,0.0006018001054564339,-0.006718523972712439,-0.0013951685480455844,-0.0037162215006820085,0.006954716434501662,-0.002952583048358626,-0.0038429539761376205,0.000939588145470005,0.003026221480729641,0.0018419199040649703,0.003906342584203752,-0.0005095728100749891,-0.0005955940521489933,-0.0016345232235613432,-0.0038808442035930587,-0.0011176386069922512,0.0019412587928595492,-0.0036583840905687437,-0.0019393832413637899,0.0038011478644591028,-0.0026292701792052587,0.0006976802020527351,-0.00026931757637027403,0.0018572442645420082,-0.0013700140443318313,0.0024360680311583593,-0.0005087923658242378,-0.0022874893437580257,-0.0031635481565664455,-0.002324629752531268,-0.0005095728100749891,0.003941855629815669,0.003429545714927914,0.0022305815410578185,-0.0016505260594731814,0.0012071080758691215,0.008657539695927243,-0.004223684112065232,-0.0018996401452358517,-0.003513099906928229,-0.00396170649220221,0.0021926970648901076,-0.0003452225630183672,9.091557445143337e-5,0.00021773979167394666,0.002406996595142123,-0.0016588139879444009,-0.0017163754806818463,-0.004204556343234212,-0.00019784028373950706,-0.0005955940521489933,0.003429545714927914,0.008757403170480836,0.004144340230135683,-0.0006823916933185539,0.0003810038348475542,0.006195195898952489,-0.001807829172783485,-0.002135817188096894,-0.0003546485455577469,-0.0023172662384140195,-0.0006504467312848226,-0.0025744348586750694,0.0007254050636202131,-0.006524331108005673,0.0033507603758445876,0.0020834933385664523,-0.005706472929909638,-0.00671500192635302,-0.002488935705683593,-0.0016345232235613432,0.0022305815410578185,0.004144340230135683,0.005802958043456818,0.003600365511521911,0.0027817633106777045,0.004039762380930649,0.005283310073264776,-0.002605934938165536,-0.005886332326921076,0.0017440287663978672,0.0015160542262755647,-0.0018920388771546492,0.001275335453639443,-0.011515875730311133,0.0033533359827352905,0.005393533180744993,-0.004382506165427841,-0.006682309478878625,-0.0011947703372403844,-0.0038808442035930587,-0.0016505260594731814,-0.0006823916933185539,0.003600365511521911,0.01007115873685799,0.0033955026029846066,-0.0026853613551100055,0.002816448943832862,0.0003965587681600526,-0.00033990705613454,0.0022475050812065496,-0.0013605278977781529,-0.0003001486654305982,0.0034836145183778622,-0.008553653886412592,0.00523205703812942,-0.00022739773681292939,-0.00011109196804494521,-0.008457463170908763,-0.0021968971794629187,-0.0011176386069922512,0.0012071080758691215,0.0003810038348475542,0.0027817633106777045,0.0033955026029846066,0.006324676534272968
0.009864717072731061,-0.0030231093317735647,-0.00759734841250813,-0.005265970828588732,-0.0010746973823081278,0.0017305055351900715,-0.004241382025458865,-0.0018916100049746751,-0.00022093722887527284,-0.00246422234156002,0.009344647728783403,0.0036497784858533894,-0.0067126378987510706,-0.0013366250093049497,0.0004162564955799685,0.006503935046109042,-0.005598737739510681,-0.001557806105685543,-0.005012951210922785,4.7261129492099274e-5,-0.0030231093317735647,0.006192405741771443,-0.0007398629866553056,0.0008979320573220054,-0.00016593971151526807,-0.002146568878915565,0.002363452538721459,0.0048363769972559825,-0.0014675498630624712,-0.0020038327831595542,-0.0036329251371032337,0.003533382363266507,0.0053997610796078085,0.0005614239113086027,0.0003500350597754223,-0.0011142247417181672,-0.0009866391910186337,0.0017961888747129538,0.0003086990828747736,-0.00036959062543046137,-0.00759734841250813,-0.0007398629866553056,0.013124323819686937,0.010196707837959212,0.0036018306877309064,8.713683276414955e-5,0.0033437998861307753,-7.355009671644467e-5,0.005738662023593154,0.0028609853986691935,-0.004107158418775455,-0.002473150344727125,0.006085785841387836,0.001230768223860191,0.0014614625373687998,-0.004350990571795946,0.010309567614842991,0.008423211323609816,0.010906159342312042,-0.0024378081437368936,-0.005265970828588732,0.0008979320573220054,0.010196707837959212,0.013793084467366885,0.007214578992845001,0.0005599530754294485,0.004590711091303431,0.0008433829457603886,0.005918829878947924,-0.0004188927647501444,-0.004253808168536677,0.0032263706560173603,0.004356642336971116,2.48419981043373e-5,-0.0005249798142771627,-0.003278731290641726,0.0072366541273430375,0.01133321472022383,0.010047765299856872,-0.00658832802225744,-0.0010746973823081278,-0.00016593971151526807,0.0036018306877309064,0.007214578992845001,0.007368798222389952,0.0018380413194910347,0.00010712127482943173,-0.0018228089606415736,0.004140584972233302,-0.004504681252811503,-0.002118867726202023,0.0004987929763527085,-0.0011259954352908612,-0.0026663053074798375,-0.00667643533699943,-0.0007477519298094293,0.0020011251694546693,0.005701635117678557,0.0038455133003186233,-0.004609004740894798,0.0017305055351900715,-0.002146568878915565,8.713683276414955e-5,0.0005599530754294485,0.0018380413194910347,0.005259557957358017,-0.0019020541162990594,-0.003965104815992566,0.005296712529609916,-0.003756520960753108,0.0005827995657792955,-0.0010789405072039687,-0.00528971822779137,-0.0046907181474153984,0.001020119789843945,0.0028639552593050653,0.0007221114629969545,-0.0002091010754910037,0.0001791969030299832,-0.0035659641725412214,-0.004241382025458865,0.002363452538721459,0.0033437998861307753,0.004590711091303431,0.00010712127482943173,-0.0019020541162990594,0.007641905058494399,0.0011966052295216741,0.0026674091736146083,0.0029094323971801447,-0.006851492806089373,0.004500207562939729,0.0056577252750067315,0.0013696928083030055,0.005413564104841801,-0.0033182551295029778,0.003030230939131592,0.0019064077003106464,0.004153284364116856,-0.0016887931368040018,-0.0018916100049746751,0.0048363769972559825,-7.355009671644467e-5,0.0008433829457603886,-0.0018228089606415736,-0.003965104815992566,0.0011966052295216741,0.007281757631914507,-0.005533799211762378,0.0024267253495518426,0.0007130024319190411,0.0036157347781319875,0.005902764511457511,0.003912564164486284,0.002127496526927239,-0.0013952958891318955,-0.0009684663130444895,0.0028596376380472834,4.654118223018384e-5,0.0012977983309213634,-0.00022093722887527284,-0.0014675498630624712,0.005738662023593154,0.005918829878947924,0.004140584972233302,0.005296712529609916,0.0026674091736146083,-0.005533799211762378,0.016440206923652265,-0.007420156466832575,-0.0029540392734551876,0.002340313675287535,-0.0002649825474730636,-0.006059895108461695,0.0037063404327078117,0.003560292777899598,0.00678294322354118,0.00642951901803779,0.008883714069294451,-0.006341155406302828,-0.00246422234156002,-0.0020038327831595542,0.0028609853986691935,-0.0004188927647501444,-0.004504681252811503,-0.003756520960753108,0.0029094323971801447,0.0024267253495518426,-0.007420156466832575,0.013079897648415183,0.0006096968360792745,-0.0012431907999330624,0.003253309342711485,0.0061014416177530735,0.006864048899299273,-0.004481671467572542,0.0022781101959179445,-0.002836891771993999,-0.0002988724644742611,0.004099599294574734,0.009344647728783403,-0.0036329251371032337,-0.004107158418775455,-0.004253808168536677,-0.002118867726202023,0.0005827995657792955,-0.006851492806089373,0.0007130024319190411,-0.0029540392734551876,0.0006096968360792745,0.01492893134392558,0.002189009999891355,-0.0046456519744372815,0.001780399548827592,0.0008089435176774006,0.006677565755650799,-0.003279073561943697,0.002145844953476137,-0.0028309119033364393,0.0016656434840015707,0.0036497784858533894,0.003533382363266507,-0.002473150344727125,0.0032263706560173603,0.0004987929763527085,-0.0010789405072039687,0.004500207562939729,0.0036157347781319875,0.002340313675287535,-0.0012431907999330624,0.002189009999891355,0.012310654354588856,0.0030844966170325812,0.0007702414461252914,0.006665363742661394,0.0030900721780551853,-0.001891546813967172,0.005701923079657897,0.0017528427125514585,-0.003785535005150304,-0.0067126378987510706,0.0053997610796078085,0.006085785841387836,0.004356642336971116,-0.0011259954352908612,-0.00528971822779137,0.0056577252750067315,0.005902764511457511,-0.0002649825474730636,0.003253309342711485,-0.0046456519744372815,0.0030844966170325812,0.012117149687801566,0.004515374536866329,0.0031194552120113158,-0.004146124307736502,0.004785468958835916,0.005676998649535781,0.006454273620871657,0.0016773353387573775,-0.0013366250093049497,0.0005614239113086027,0.001230768223860191,2.48419981043373e-5,-0.0026663053074798375,-0.0046907181474153984,0.0013696928083030055,0.003912564164486284,-0.006059895108461695,0.0061014416177530735,0.001780399548827592,0.0007702414461252914,0.004515374536866329,0.0059189907326222604,0.0012050130955425882,-0.002674288568923321,8.022149790207992e-5,0.0008598925185494839,0.00033008334038855773,0.0034754820437164014,0.0004162564955799685,0.0003500350597754223,0.0014614625373687998,-0.0005249798142771627,-0.00667643533699943,0.001020119789843945,0.005413564104841801,0.002127496526927239,0.0037063404327078117,0.006864048899299273,0.0008089435176774006,0.006665363742661394,0.0031194552120113158,0.0012050130955425882,0.020088719749027845,0.0020503524265659432,0.0032616546152528497,-0.0003241814220567656,0.0025300722620731136,-0.0013316366693015705,0.006503935046109042,-0.0011142247417181672,-0.004350990571795946,-0.003278731290641726,-0.0007477519298094293,0.0028639552593050653,-0.0033182551295029778,-0.0013952958891318955,0.003560292777899598,-0.004481671467572542,0.006677565755650799,0.0030900721780551853,-0.004146124307736502,-0.002674288568923321,0.0020503524265659432,0.006563959748990197,-0.0024222456177580773,0.0007783342091703376,-0.0015748220097168437,-0.0014113684124359128,-0.005598737739510681,-0.0009866391910186337,0.010309567614842991,0.0072366541273430375,0.0020011251694546693,0.0007221114629969545,0.003030230939131592,-0.0009684663130444895,0.00678294322354118,0.0022781101959179445,-0.003279073561943697,-0.001891546813967172,0.004785468958835916,8.022149790207992e-5,0.0032616546152528497,-0.0024222456177580773,0.009388632973558598,0.00628386405861987,0.009255207460973063,-0.0019672988517317647,-0.001557806105685543,0.0017961888747129538,0.008423211323609816,0.01133321472022383,0.005701635117678557,-0.0002091010754910037,0.0019064077003106464,0.0028596376380472834,0.00642951901803779,-0.002836891771993999,0.002145844953476137,0.005701923079657897,0.005676998649535781,0.0008598925185494839,-0.0003241814220567656,0.0007783342091703376,0.00628386405861987,0.014748134849358503,0.01046895107508616,-0.005260748713468228,-0.005012951210922785,0.0003086990828747736,0.010906159342312042,0.010047765299856872,0.0038455133003186233,0.0001791969030299832,0.004153284364116856,4.654118223018384e-5,0.008883714069294451,-0.0002988724644742611,-0.0028309119033364393,0.0017528427125514585,0.006454273620871657,0.00033008334038855773,0.0025300722620731136,-0.0015748220097168437,0.009255207460973063,0.01046895107508616,0.011689131735099022,-0.003823989604897388,4.7261129492099274e-5,-0.00036959062543046137,-0.0024378081437368936,-0.00658832802225744,-0.004609004740894798,-0.0035659641725412214,-0.0016887931368040018,0.0012977983309213634,-0.006341155406302828,0.004099599294574734,0.0016656434840015707,-0.003785535005150304,0.0016773353387573775,0.0034754820437164014,-0.0013316366693015705,-0.0014113684124359128,-0.0019672988517317647,-0.005260748713468228,-0.003823989604897388,0.006753068701860156
