0.025266484476367628,-5.4923198160631746e-5,0.021669247276390385,0.0071341417322082585,0.003599503989146364,-0.007720960914201321,0.011001799710535203,-0.018006620034688642,0.0006881364803401392,-0.011847034210714844,-0.012054974323869571,-0.0027792463821195964,-0.0025542050758665526,-0.0061116184466969824,-0.010313055445664616,0.0035758771615851262,-0.002297628376164048,0.01006461573276548,0.005947384957657835,-0.002999722178395386,-5.4923198160631746e-5,0.019306431695135698,-0.007922403413212622,-0.0031057631955953803,0.003643658598239155,-0.0006289869264597657,-0.0016023852827120161,-0.0010442862789693205,0.0006228532184308215,-0.007039022522373483,0.0006560721174107075,-0.0028922320173581737,0.0028893043384197827,0.003183528427899018,-0.0013333292119432623,0.00211100824853671,-0.006443569390577144,0.002391518333251427,0.00071272878394039,0.0008963108694451699,0.021669247276390385,-0.007922403413212622,0.05153956917691049,0.010428446184907153,0.0006832576324505781,-0.018527588646605156,0.016115596156569073,-0.026616054296296283,-0.00021364494043866312,-0.011669218977136653,-0.012339409271160253,0.008381357814945268,-0.0085752025445948,-0.0015024216758624882,-0.011437436548566812,-0.0013531674213048774,0.008178066812206685,0.0029192028653133167,0.007474239172769992,-0.015041880323926336,0.0071341417322082585,-0.0031057631955953803,0.010428446184907153,0.04475382288294108,0.005030179821475498,-0.0025058481534212173,-0.0028932941131712547,-0.012842372459365271,-0.0028860498822239596,-0.01449614502145008,0.003995877509567499,-0.0016975086889553024,-0.0004522509405807539,0.0015483382028657839,-0.004526893438757548,0.00024210076364038804,0.007751726104221424,-0.004732425050113018,0.0015440388668126687,-0.009283052772487168,0.003599503989146364,0.003643658598239155,0.0006832576324505781,0.005030179821475498,0.022745368561282838,-0.012545759046783154,-0.008542644411015217,-0.0029290805528667824,-0.0016417034240282036,0.00026803200534119783,0.0013732693417500283,0.0025192928455205358,-0.005711005608676408,0.013074959201447115,-0.0015665403385997714,0.005191665920094415,0.005483905930275786,-0.002437805354346248,-0.0013147472388682262,-0.008423214712383317,-0.007720960914201321,-0.0006289869264597657,-0.018527588646605156,-0.0025058481534212173,-0.012545759046783154,0.0541175048757651,-0.002453498363870513,0.01063621119776644,-0.0057965032769795085,-0.0010500810962912354,0.0038373685448163265,-0.0071667411771170544,0.007401061415057739,-0.02378644534645903,0.00800705421766568,-0.001037010415862006,-0.012113808583878592,0.0009957286709127927,-0.009211793929349042,0.01574501644710391,0.011001799710535203,-0.0016023852827120161,0.016115596156569073,-0.0028932941131712547,-0.008542644411015217,-0.002453498363870513,0.046465553712353,-0.00852983734161716,0.007398840680326587,-0.007596856195710025,-0.007266880814371523,0.013178241922241044,-0.005197308873428655,-0.007755345926501265,-0.002791551301258841,-0.010763433555901316,-0.010996270636094112,-0.010406008241447287,0.009442103670909583,-0.0017914277263800086,-0.018006620034688642,-0.0010442862789693205,-0.026616054296296283,-0.012842372459365271,-0.0029290805528667824,0.01063621119776644,-0.00852983734161716,0.05013828090447678,0.0026219715803301614,-0.0005189545152647892,0.016990059797702114,-0.018616698358267174,0.008038023194216686,0.00399899177086774,0.009875049958166675,-0.0029417633316285146,0.0016651309406887289,-0.009842688191376368,-0.010164609224285089,0.01445297592584396,0.0006881364803401392,0.0006228532184308215,-0.00021364494043866312,-0.0028860498822239596,-0.0016417034240282036,-0.0057965032769795085,0.007398840680326587,0.0026219715803301614,0.032488350056741125,-0.001584507336509951,0.0005750937948389727,0.0012676861524921349,0.00262614313080592,-0.0054626524127698315,0.008045520034206643,-0.01127168538595574,-0.003233997317143605,0.0003043449199798714,-0.0002909472692011459,-0.009319515279904208,-0.011847034210714844,-0.007039022522373483,-0.011669218977136653,-0.01449614502145008,0.00026803200534119783,-0.0010500810962912354,-0.007596856195710025,-0.0005189545152647892,-0.001584507336509951,0.07686127359730793,-0.014745061908738678,0.0017124428776615153,0.016653695898122964,0.013687754380350681,0.006400387934935987,-0.0003777601426651694,-0.018656061586949678,-0.005969278863658475,-0.018905945044635705,0.015587157510074062,-0.012054974323869571,0.0006560721174107075,-0.012339409271160253,0.003995877509567499,0.0013732693417500283,0.0038373685448163265,-0.007266880814371523,0.016990059797702114,0.0005750937948389727,-0.014745061908738678,0.03590177903735972,-0.0074622009860336146,-0.001340546134051721,0.0019282268312824594,0.01066580033170892,-0.001222997739686035,0.008587946744167196,-0.016571631518010062,-0.00234139461544159,-0.01058060331633523,-0.0027792463821195964,-0.0028922320173581737,0.008381357814945268,-0.0016975086889553024,0.0025192928455205358,-0.0071667411771170544,0.013178241922241044,-0.018616698358267174,0.0012676861524921349,0.0017124428776615153,-0.0074622009860336146,0.042046289405915115,-0.014410027215676347,0.003953330269231248,-0.0064211033020788524,0.004726008398323804,-0.0059022901816796515,-0.00647448399411576,0.016254392911378805,-0.017934711039522537,-0.0025542050758665526,0.0028893043384197827,-0.0085752025445948,-0.0004522509405807539,-0.005711005608676408,0.007401061415057739,-0.005197308873428655,0.008038023194216686,0.00262614313080592,0.016653695898122964,-0.001340546134051721,-0.014410027215676347,0.03083663038051044,-0.0008201361718146545,0.0005205508431365513,-0.0008554476398549809,-0.01238836260387308,0.0020492345315762735,-0.019339052746144947,0.0169682361030958,-0.0061116184466969824,0.003183528427899018,-0.0015024216758624882,0.0015483382028657839,0.013074959201447115,-0.02378644534645903,-0.007755345926501265,0.00399899177086774,-0.0054626524127698315,0.013687754380350681,0.0019282268312824594,0.003953330269231248,-0.0008201361718146545,0.040462207883780583,-0.00022677402087956257,0.0012435529010982609,0.0004511999097379035,-0.016520208443014796,-0.0034298230447336996,-0.002391939858615372,-0.010313055445664616,-0.0013333292119432623,-0.011437436548566812,-0.004526893438757548,-0.0015665403385997714,0.00800705421766568,-0.002791551301258841,0.009875049958166675,0.008045520034206643,0.006400387934935987,0.01066580033170892,-0.0064211033020788524,0.0005205508431365513,-0.00022677402087956257,0.03555603114495824,-0.006534653408186598,0.0026820362551593724,-0.008320324658337831,-0.01529680585573028,-0.004477580990592887,0.0035758771615851262,0.00211100824853671,-0.0013531674213048774,0.00024210076364038804,0.005191665920094415,-0.001037010415862006,-0.010763433555901316,-0.0029417633316285146,-0.01127168538595574,-0.0003777601426651694,-0.001222997739686035,0.004726008398323804,-0.0008554476398549809,0.0012435529010982609,-0.006534653408186598,0.030298291206816787,0.005352358750509101,0.004710386934265216,-0.0028736343268275346,0.0037148673487613125,-0.002297628376164048,-0.006443569390577144,0.008178066812206685,0.007751726104221424,0.005483905930275786,-0.012113808583878592,-0.010996270636094112,0.0016651309406887289,-0.003233997317143605,-0.018656061586949678,0.008587946744167196,-0.0059022901816796515,-0.01238836260387308,0.0004511999097379035,0.0026820362551593724,0.005352358750509101,0.05430388938457649,0.012241471427806688,0.01390556982679224,-0.0222551817143274,0.01006461573276548,0.002391518333251427,0.0029192028653133167,-0.004732425050113018,-0.002437805354346248,0.0009957286709127927,-0.010406008241447287,-0.009842688191376368,0.0003043449199798714,-0.005969278863658475,-0.016571631518010062,-0.00647448399411576,0.0020492345315762735,-0.016520208443014796,-0.008320324658337831,0.004710386934265216,0.012241471427806688,0.0595935293096795,0.004933931576979822,0.010162916599740498,0.005947384957657835,0.00071272878394039,0.007474239172769992,0.0015440388668126687,-0.0013147472388682262,-0.009211793929349042,0.009442103670909583,-0.010164609224285089,-0.0002909472692011459,-0.018905945044635705,-0.00234139461544159,0.016254392911378805,-0.019339052746144947,-0.0034298230447336996,-0.01529680585573028,-0.0028736343268275346,0.01390556982679224,0.004933931576979822,0.04442826967247605,-0.01211226499546636,-0.002999722178395386,0.0008963108694451699,-0.015041880323926336,-0.009283052772487168,-0.008423214712383317,0.01574501644710391,-0.0017914277263800086,0.01445297592584396,-0.009319515279904208,0.015587157510074062,-0.01058060331633523,-0.017934711039522537,0.0169682361030958,-0.002391939858615372,-0.004477580990592887,0.0037148673487613125,-0.0222551817143274,0.010162916599740498,-0.01211226499546636,0.04668387883748668
0.061203023592408624,0.0019542541970576964,-0.02074102109432408,-0.024312833473807506,0.005362266623031962,-0.008083481090882898,-0.005466995081582686,-0.001298221663281644,-0.02815923179478902,-0.009897857621941862,0.004525824680964893,-0.01925784617814297,0.001250767993599112,0.026350568526200636,0.02702432579409493,0.004955173211522704,0.007180501743194042,-0.007188935458682596,-0.024391506446723242,-0.016816560237893265,0.0019542541970576964,0.05506903673780145,-0.01490706508902082,0.004996591210066923,-0.013320601175449719,-0.008677394913178225,-0.005994115025198372,0.02168382799535601,-0.011258291376302815,-0.003817897830047792,0.007497462900282073,-0.016595338071089892,-0.005886770891109846,-0.006879574995508354,-0.028037750725550915,-0.00823918649479871,0.006821700644128192,0.0009266740498804678,0.0004870537756525449,0.009668232388769418,-0.02074102109432408,-0.01490706508902082,0.0413890491713009,0.018923437721124856,-0.00038243480344257426,0.010863775607177275,-0.009234924734767357,-0.0003404506591824924,0.011089144382557915,0.00961730303874183,-0.0028222116604827274,0.021227652933200673,-0.009415663774824088,-0.005985828630302788,-0.003766333399243314,-0.004999158534162265,-0.0015007419416894988,0.0040969814187682314,0.010878859629883999,0.002614370224676228,-0.024312833473807506,0.004996591210066923,0.018923437721124856,0.05674122271496503,-0.011355092928412665,0.004720410009730524,-0.007115231130365734,0.01868536024770171,0.013123189103205856,0.01784560694488664,-0.0012903288628448302,0.018000769510977527,-0.004652309060596692,-0.01846722583822498,-0.03007970217678107,-0.023050853165545386,-0.0007352158040259002,0.00039504015511246924,0.012359385866208529,0.014369128660928782,0.005362266623031962,-0.013320601175449719,-0.00038243480344257426,-0.011355092928412665,0.03400696056241495,0.0034090204375831937,0.004286316071749608,-0.009801712438255785,-0.002381728978798852,-0.002405459404151878,-0.00348052423686099,-0.0009339463664921982,-0.0013260921217280296,0.009228002225781854,0.016095986365058636,0.007703088525014319,-0.00021970832056767846,0.006902915116765514,-0.011371042844669981,-0.002987638856826285,-0.008083481090882898,-0.008677394913178225,0.010863775607177275,0.004720410009730524,0.0034090204375831937,0.04621351200740827,0.011290127519948082,-0.007095179173010951,0.0037094598060079405,0.0037043979952639905,-0.01155409527079745,0.0008244105582691662,-0.002883239713265704,-0.012188296122590276,0.008991243705527483,-0.002425048198515253,0.002940452288843468,-0.0021829856057414797,-0.007715317487220906,0.0060483339755573965,-0.005466995081582686,-0.005994115025198372,-0.009234924734767357,-0.007115231130365734,0.004286316071749608,0.011290127519948082,0.040974422488195876,-0.015552583763786296,0.017723252721239955,0.005006850026890961,-0.004271164552380379,-0.004917937370711278,0.03072392040525639,-0.01203273966671221,-0.0032683752657611366,0.008935820562122391,-0.009036191740406853,-0.017364937193203533,0.005328314747725013,-0.006276545596334516,-0.001298221663281644,0.02168382799535601,-0.0003404506591824924,0.01868536024770171,-0.009801712438255785,-0.007095179173010951,-0.015552583763786296,0.04607747771840464,-0.005564885155702746,0.00389568394989707,0.007051267594210476,-0.0015090486195755682,-0.007988543460213363,0.004971248482547715,-0.008406244641566387,-0.01479641565610526,0.00023393987477949427,0.008031020201613628,-0.0007744144984382574,0.015727967759049694,-0.02815923179478902,-0.011258291376302815,0.011089144382557915,0.013123189103205856,-0.002381728978798852,0.0037094598060079405,0.017723252721239955,-0.005564885155702746,0.04331792839951703,0.009776900050436186,-0.0029134232742860774,0.008454334362338887,0.021045144336494466,-0.018994941786445205,-0.013216802636153897,-0.0013962511270496345,-0.0068191520367344265,-0.016398024926187776,0.021894599512912043,0.0039230462421755725,-0.009897857621941862,-0.003817897830047792,0.00961730303874183,0.01784560694488664,-0.002405459404151878,0.0037043979952639905,0.005006850026890961,0.00389568394989707,0.009776900050436186,0.043537755258579926,3.591075945675389e-5,0.0079674341069723,-0.010029693527833368,-0.012219713865233808,-0.0028252553154509696,-0.0027319775808433075,-0.00660667166116497,-0.009771121822086257,0.0060093106661262,0.009272407695279542,0.004525824680964893,0.007497462900282073,-0.0028222116604827274,-0.0012903288628448302,-0.00348052423686099,-0.01155409527079745,-0.004271164552380379,0.007051267594210476,-0.0029134232742860774,3.591075945675389e-5,0.024509687990043067,0.0016290545969799238,0.0018942186489057174,0.004080795294557283,-0.008791359623930795,0.005173665213063984,-0.002997754164273979,0.001134528797779473,-0.0003349523446081892,0.0060404430539750115,-0.01925784617814297,-0.016595338071089892,0.021227652933200673,0.018000769510977527,-0.0009339463664921982,0.0008244105582691662,-0.004917937370711278,-0.0015090486195755682,0.008454334362338887,0.0079674341069723,0.0016290545969799238,0.03696675261825815,-0.004558290653869089,0.004215952217592148,-0.0069744747217904,-0.002183899027855844,-0.0057527566022121685,0.012634113428630713,0.012953207973571513,0.006382891384715449,0.001250767993599112,-0.005886770891109846,-0.009415663774824088,-0.004652309060596692,-0.0013260921217280296,-0.002883239713265704,0.03072392040525639,-0.007988543460213363,0.021045144336494466,-0.010029693527833368,0.0018942186489057174,-0.004558290653869089,0.05628082600486416,-0.002979560162726598,-0.00955346428445286,0.0036522259829323152,-0.010319973200115512,-0.02189662840499057,0.005537101470986383,-0.007069837863315023,0.026350568526200636,-0.006879574995508354,-0.005985828630302788,-0.01846722583822498,0.009228002225781854,-0.012188296122590276,-0.01203273966671221,0.004971248482547715,-0.018994941786445205,-0.012219713865233808,0.004080795294557283,0.004215952217592148,-0.002979560162726598,0.051827639887218356,0.022074385027575312,0.009545564835034992,0.005353383927895576,0.0211837137923161,-0.003734745205211634,-0.005691237965806386,0.02702432579409493,-0.028037750725550915,-0.003766333399243314,-0.03007970217678107,0.016095986365058636,0.008991243705527483,-0.0032683752657611366,-0.008406244641566387,-0.013216802636153897,-0.0028252553154509696,-0.008791359623930795,-0.0069744747217904,-0.00955346428445286,0.022074385027575312,0.07416422982765837,0.009804340394786507,0.005997112375218166,0.0007918457042878357,-0.022340941762974402,-0.013023692939717165,0.004955173211522704,-0.00823918649479871,-0.004999158534162265,-0.023050853165545386,0.007703088525014319,-0.002425048198515253,0.008935820562122391,-0.01479641565610526,-0.0013962511270496345,-0.0027319775808433075,0.005173665213063984,-0.002183899027855844,0.0036522259829323152,0.009545564835034992,0.009804340394786507,0.030094209874328894,-0.0054601803671350535,0.001497190324314106,-0.004437411958506866,-0.002498680743073395,0.007180501743194042,0.006821700644128192,-0.0015007419416894988,-0.0007352158040259002,-0.00021970832056767846,0.002940452288843468,-0.009036191740406853,0.00023393987477949427,-0.0068191520367344265,-0.00660667166116497,-0.002997754164273979,-0.0057527566022121685,-0.010319973200115512,0.005353383927895576,0.005997112375218166,-0.0054601803671350535,0.02919417876104575,0.0001575170862256774,-0.003926585118491125,0.0002996518802020195,-0.007188935458682596,0.0009266740498804678,0.0040969814187682314,0.00039504015511246924,0.006902915116765514,-0.0021829856057414797,-0.017364937193203533,0.008031020201613628,-0.016398024926187776,-0.009771121822086257,0.001134528797779473,0.012634113428630713,-0.02189662840499057,0.0211837137923161,0.0007918457042878357,0.001497190324314106,0.0001575170862256774,0.059868599967532125,-0.0020471943978629943,0.015174979613310439,-0.024391506446723242,0.0004870537756525449,0.010878859629883999,0.012359385866208529,-0.011371042844669981,-0.007715317487220906,0.005328314747725013,-0.0007744144984382574,0.021894599512912043,0.0060093106661262,-0.0003349523446081892,0.012953207973571513,0.005537101470986383,-0.003734745205211634,-0.022340941762974402,-0.004437411958506866,-0.003926585118491125,-0.0020471943978629943,0.03343200487245289,0.011146530600022882,-0.016816560237893265,0.009668232388769418,0.002614370224676228,0.014369128660928782,-0.002987638856826285,0.0060483339755573965,-0.006276545596334516,0.015727967759049694,0.0039230462421755725,0.009272407695279542,0.0060404430539750115,0.006382891384715449,-0.007069837863315023,-0.005691237965806386,-0.013023692939717165,-0.002498680743073395,0.0002996518802020195,0.015174979613310439,0.011146530600022882,0.03408829565647715
