0.014072005059918251,0.0025576171533854154,0.006224709134460072,0.004150400045587839,0.0043496372840175,0.004537720168615405,0.0010212558519871132,0.006222848798932302,-0.00019505805967060352,-0.0024451248256011186,-9.676441688095703e-5,0.0038665422986740856,-0.005118028840059881,-0.0021190376934320525,-0.00012294721945326157,-0.0032056982707476473,-0.0021913140644076773,-0.004044509920487676,-0.004555884537030199,-0.001327760505602695,0.0025576171533854154,0.015331489614912791,0.0026739430136002427,-0.004797573875170333,0.0018927887934387386,-0.0012135739638581557,0.00061844877822232,0.005689265138082907,0.0009191798317887973,0.0025538836156720366,-0.0011293229133770343,-0.00471831042326512,-0.008289972321549979,-0.0030462087800871345,-0.003660285962819386,-0.005859426479945179,0.0009986122054064324,-0.00419453200792572,0.006069383509920203,-0.00048597881660856443,0.006224709134460072,0.0026739430136002427,0.024477736824048416,0.0020497388818540435,1.8125171597048826e-5,-0.00010986361315782339,0.002439938422070006,-0.001862899046880626,-0.002103563580427189,-0.00029749832056812195,0.0007455981753498402,-0.001988657867185142,-0.0035768015886393925,-0.005401320516499128,-0.007952509795683418,-0.005896060688958427,-0.006587447308279397,-0.011788880304505686,0.005956594579244948,-0.004607606989411579,0.004150400045587839,-0.004797573875170333,0.0020497388818540435,0.016111075078592847,0.0016603905267040637,0.00034208306629256234,0.0011610481247159021,0.00350191478258461,-0.002127524553194599,-0.005499862164721092,-0.003087280404463054,-0.0002541681880528942,0.006874084008213825,-0.0005571742612547029,-0.007697696416639262,0.00692850569995773,-0.0014978559924814488,0.0014384565555209021,-0.003745453964163997,-0.006432856681203747,0.0043496372840175,0.0018927887934387386,1.8125171597048826e-5,0.0016603905267040637,0.024880563764294487,-0.0006898865043229042,0.0077094831749062245,0.007417904275352095,-0.0019231049580051055,0.0002816420491086176,-0.00035333128665179347,-0.0031296405378313796,-0.0036472188191483653,-0.005885974395805905,-0.0030051434529827156,-0.002698884366179502,0.006289567451681728,0.003223009002919283,-0.004973227200185325,-0.0058369804881048485,0.004537720168615405,-0.0012135739638581557,-0.00010986361315782339,0.00034208306629256234,-0.0006898865043229042,0.015989154917745496,0.0027770035123104208,-0.0040851410051893425,6.35197700919062e-5,0.0012378114964258502,-0.0008171852190172859,0.0015028993224882837,0.003966236475670813,5.2363309972271294e-5,-0.001884097900028366,-0.0008736447873883292,-0.0007449516181017373,0.003147852963425247,0.00026637657259499743,-0.0013184709455515073,0.0010212558519871132,0.00061844877822232,0.002439938422070006,0.0011610481247159021,0.0077094831749062245,0.0027770035123104208,0.02553859099329122,0.0011608145631021474,-0.0072711678375237294,-0.002033072224369862,-0.004360885707034898,-0.00017206750136407548,0.0009176151875412333,-0.003585394596247395,-0.005110178122714665,-0.005662243996525164,0.006419270225129493,-0.0007748166880467291,-0.002898355599649858,-0.0027885628788942973,0.006222848798932302,0.005689265138082907,-0.001862899046880626,0.00350191478258461,0.007417904275352095,-0.0040851410051893425,0.0011608145631021474,0.04360399579485766,0.001853043026152256,-0.01254031256560343,9.023701680037015e-5,0.0013961721549140167,-0.012807571040815575,-0.004067837519754121,-0.005417573570273202,0.009164051440689994,0.006301062295409208,-0.012575275802771194,-0.003941108655452646,0.005242472726006224,-0.00019505805967060352,0.0009191798317887973,-0.002103563580427189,-0.002127524553194599,-0.0019231049580051055,6.35197700919062e-5,-0.0072711678375237294,0.001853043026152256,0.023279078606078054,0.003953857858501232,0.0023335462592911902,0.004366788863393453,-0.000716858584171447,0.0016267004181631346,0.0001432693811855198,0.006935330947255525,-0.006556454273214641,-0.004013520376017635,-0.004052992535149579,0.004235957635861223,-0.0024451248256011186,0.0025538836156720366,-0.00029749832056812195,-0.005499862164721092,0.0002816420491086176,0.0012378114964258502,-0.002033072224369862,-0.01254031256560343,0.003953857858501232,0.024504968597503358,0.004446717872068587,-0.0032900390373722045,-9.92986758379657e-5,0.0025516500401187464,-0.0015244736348663502,-0.005510259994442299,0.0009584472839397537,0.005119294132324004,0.007831068412300187,-0.00034835382951956754,-9.676441688095703e-5,-0.0011293229133770343,0.0007455981753498402,-0.003087280404463054,-0.00035333128665179347,-0.0008171852190172859,-0.004360885707034898,9.023701680037015e-5,0.0023335462592911902,0.004446717872068587,0.02113892727170701,0.004374770932112715,0.003251049474850426,0.007520901129499092,-0.0024941294051170015,-0.0035501947268089438,-0.008842725484225074,-0.005084437664872307,-0.001961444587010408,0.0035615367937304266,0.0038665422986740856,-0.00471831042326512,-0.001988657867185142,-0.0002541681880528942,-0.0031296405378313796,0.0015028993224882837,-0.00017206750136407548,0.0013961721549140167,0.004366788863393453,-0.0032900390373722045,0.004374770932112715,0.024378968944805627,0.00045650513215399213,-0.00030834422161302535,0.0017864730274755243,0.001985985787492003,-0.003708589366624811,-0.0018402131108630768,-0.005172670635476594,0.001600815562487059,-0.005118028840059881,-0.008289972321549979,-0.0035768015886393925,0.006874084008213825,-0.0036472188191483653,0.003966236475670813,0.0009176151875412333,-0.012807571040815575,-0.000716858584171447,-9.92986758379657e-5,0.003251049474850426,0.00045650513215399213,0.040096975453976544,0.012348854780032757,-0.005593934116986963,0.006050403232653876,-0.0029330883800358313,0.00495358844620852,-0.008146335910158283,0.0014021291660821704,-0.0021190376934320525,-0.0030462087800871345,-0.005401320516499128,-0.0005571742612547029,-0.005885974395805905,5.2363309972271294e-5,-0.003585394596247395,-0.004067837519754121,0.0016267004181631346,0.0025516500401187464,0.007520901129499092,-0.00030834422161302535,0.012348854780032757,0.02700617419921758,0.0004860990692277492,0.003929444758798285,-0.00539889972848903,0.002040759664667663,9.175273603620278e-5,0.0034564691481497063,-0.00012294721945326157,-0.003660285962819386,-0.007952509795683418,-0.007697696416639262,-0.0030051434529827156,-0.001884097900028366,-0.005110178122714665,-0.005417573570273202,0.0001432693811855198,-0.0015244736348663502,-0.0024941294051170015,0.0017864730274755243,-0.005593934116986963,0.0004860990692277492,0.02802875540552095,-0.0014948664561220274,0.005766790438539674,0.007477829182446313,0.0020223644198476822,-0.0013839213175239557,-0.0032056982707476473,-0.005859426479945179,-0.005896060688958427,0.00692850569995773,-0.002698884366179502,-0.0008736447873883292,-0.005662243996525164,0.009164051440689994,0.006935330947255525,-0.005510259994442299,-0.0035501947268089438,0.001985985787492003,0.006050403232653876,0.003929444758798285,-0.0014948664561220274,0.03367896460498072,-0.0021914203145067482,0.002791328882699475,-0.008694250121256786,0.006950503234121408,-0.0021913140644076773,0.0009986122054064324,-0.006587447308279397,-0.0014978559924814488,0.006289567451681728,-0.0007449516181017373,0.006419270225129493,0.006301062295409208,-0.006556454273214641,0.0009584472839397537,-0.008842725484225074,-0.003708589366624811,-0.0029330883800358313,-0.00539889972848903,0.005766790438539674,-0.0021914203145067482,0.029297498757518654,0.0058549692387134455,0.0030476080192570077,-0.0027179771270992277,-0.004044509920487676,-0.00419453200792572,-0.011788880304505686,0.0014384565555209021,0.003223009002919283,0.003147852963425247,-0.0007748166880467291,-0.012575275802771194,-0.004013520376017635,0.005119294132324004,-0.005084437664872307,-0.0018402131108630768,0.00495358844620852,0.002040759664667663,0.007477829182446313,0.002791328882699475,0.0058549692387134455,0.029702183974466,-0.0036319045951078398,-0.0008051852134300995,-0.004555884537030199,0.006069383509920203,0.005956594579244948,-0.003745453964163997,-0.004973227200185325,0.00026637657259499743,-0.002898355599649858,-0.003941108655452646,-0.004052992535149579,0.007831068412300187,-0.001961444587010408,-0.005172670635476594,-0.008146335910158283,9.175273603620278e-5,0.0020223644198476822,-0.008694250121256786,0.0030476080192570077,-0.0036319045951078398,0.031100421346933475,-0.005368857450840192,-0.001327760505602695,-0.00048597881660856443,-0.004607606989411579,-0.006432856681203747,-0.0058369804881048485,-0.0013184709455515073,-0.0027885628788942973,0.005242472726006224,0.004235957635861223,-0.00034835382951956754,0.0035615367937304266,0.001600815562487059,0.0014021291660821704,0.0034564691481497063,-0.0013839213175239557,0.006950503234121408,-0.0027179771270992277,-0.0008051852134300995,-0.005368857450840192,0.024148204768775088
0.04044435809650165,0.015622130758167988,0.0015352819033295157,-0.002386288476855817,0.019682278333644044,-0.007495970984605598,0.012869962753885264,-0.011854715028178444,0.00017369214845291435,0.018699170161448925,0.0029460580977865797,-0.013960566648021318,0.019136906381650214,-0.0062137787369387475,0.014742994106624115,-0.014315728655470334,0.003711403969517287,-0.008368230151334964,0.014664364760921618,0.009848719377340373,0.015622130758167988,0.021545692562841667,0.0018839188639358435,0.007555912612342057,0.015245169971027522,-0.0013324344521127773,0.005742561940856904,-0.0010640409676785402,0.00809447942742697,0.010373626474270422,0.004258786103289781,-0.0070250644347749375,0.012429773772687818,-0.0025972074713061007,0.010382759606618684,0.0002830819241569707,0.005262003901618722,0.0019723071408274235,0.005283267843264021,0.008341512429941952,0.0015352819033295157,0.0018839188639358435,0.026377265599243613,0.00030808071227292946,-0.00034087751673417006,-0.006737302853174383,0.009876514685909412,0.0010410191728047573,-0.0009758588636675685,0.0013728141367972038,0.0035797587014621992,-0.003213641307342709,-0.001555937130562555,-0.003544349742158571,0.004799341225719426,-0.003901437537476827,-0.008444863341462047,-0.002331859641852686,0.007895097087347102,0.001466576245028453,-0.002386288476855817,0.007555912612342057,0.00030808071227292946,0.02711463554219275,0.0033617214935588212,0.009217690726518964,0.0020674367532971753,0.0014546280999936487,0.009338350652367398,0.0012684829826416291,0.009263584276098868,-0.0007009199347480786,0.0006025537474280123,0.0006067181555349263,0.008342099320668605,0.007855013219712315,0.001257551868869868,0.0038931915507863686,-0.005827058753566359,-0.0029872590970146957,0.019682278333644044,0.015245169971027522,-0.00034087751673417006,0.0033617214935588212,0.042526828070709684,-0.008805404445503928,0.005173274964756135,-0.0022810930420220353,0.0014827131803951746,0.017537501913966247,0.0008573032989868435,-0.0198170008958104,0.019757134268827296,-0.007704079657731366,0.011439170467534829,-0.012791029405813795,0.0007871507206259601,-0.009312251036929169,0.012106617490549386,0.005585058884116821,-0.007495970984605598,-0.0013324344521127773,-0.006737302853174383,0.009217690726518964,-0.008805404445503928,0.034997366875828176,-0.009131585832492791,0.009293535695036685,0.012344202499182314,-0.014899879919361602,0.005760012863879255,0.01524403071715877,-0.005478927278931431,0.01515931536270652,-0.007242496364883269,0.021306300000150054,0.0035918327242912295,0.01756661909028657,-0.014670261279226968,-0.004656590601681612,0.012869962753885264,0.005742561940856904,0.009876514685909412,0.0020674367532971753,0.005173274964756135,-0.009131585832492791,0.02944844818963114,-0.0007355634907448455,0.0007431908178878533,0.012435095461416197,0.004403880838194058,-0.006771218447471313,0.006363300462909996,-0.0065324906162305615,0.00881088667718637,-0.0054451906858053855,0.0031121691254436088,-0.0035331940782810456,0.010375156647000136,0.008873124491836953,-0.011854715028178444,-0.0010640409676785402,0.0010410191728047573,0.0014546280999936487,-0.0022810930420220353,0.009293535695036685,-0.0007355634907448455,0.03048189242328512,0.003888145075786216,-0.007617763163546362,0.0019558092109373533,0.007627571677077982,-0.010339288349398288,0.007777628839903386,-0.009467706490919683,0.009583193279229863,0.002283700634610983,0.010963210093661108,-0.002472097280548677,0.00024364909246939908,0.00017369214845291435,0.00809447942742697,-0.0009758588636675685,0.009338350652367398,0.0014827131803951746,0.012344202499182314,0.0007431908178878533,0.003888145075786216,0.025201065924700488,-0.004055994260056996,0.0065585379177063845,-0.0010074074088916884,-0.006750664916149821,0.0061252073038078145,-0.00027750060515553497,0.009599947338951535,0.00039814061412901447,0.01285768952002283,-0.008045826749179173,-0.002659527333988992,0.018699170161448925,0.010373626474270422,0.0013728141367972038,0.0012684829826416291,0.017537501913966247,-0.014899879919361602,0.012435095461416197,-0.007617763163546362,-0.004055994260056996,0.03265626265080819,0.0016199830880490953,-0.010725745174690583,0.01651802174422859,-0.013204994796959725,0.01622808861727465,-0.01450485946422747,0.007076122397904181,-0.008902765044211957,0.017775909442602204,0.010851470335158746,0.0029460580977865797,0.004258786103289781,0.0035797587014621992,0.009263584276098868,0.0008573032989868435,0.005760012863879255,0.004403880838194058,0.0019558092109373533,0.0065585379177063845,0.0016199830880490953,0.028260943266658935,0.0048929083968062,-0.002667983188516426,0.00027669431876297307,0.0021640941291599914,0.006498614352012537,0.0004559623521708682,0.0021735400872959086,-0.00028747761312065365,0.0016654384067498855,-0.013960566648021318,-0.0070250644347749375,-0.003213641307342709,-0.0007009199347480786,-0.0198170008958104,0.01524403071715877,-0.006771218447471313,0.007627571677077982,-0.0010074074088916884,-0.010725745174690583,0.0048929083968062,0.029274593336066874,-0.013759878771806119,0.01296103914562749,-0.0060112596722523524,0.01296755904341266,0.005162209275736079,0.010944753236395748,-0.00809553202436639,-0.008719515264765082,0.019136906381650214,0.012429773772687818,-0.001555937130562555,0.0006025537474280123,0.019757134268827296,-0.005478927278931431,0.006363300462909996,-0.010339288349398288,-0.006750664916149821,0.01651802174422859,-0.002667983188516426,-0.013759878771806119,0.03771284876446996,-0.011734790051137384,0.017580833127917955,-0.006821393966648621,0.005193288577558769,-0.007218840269847482,0.010319201861107793,0.0066629581584768775,-0.0062137787369387475,-0.0025972074713061007,-0.003544349742158571,0.0006067181555349263,-0.007704079657731366,0.01515931536270652,-0.0065324906162305615,0.007777628839903386,0.0061252073038078145,-0.013204994796959725,0.00027669431876297307,0.01296103914562749,-0.011734790051137384,0.0303410802935545,-0.008082672613342083,0.010272907850979607,0.0009677333441639878,0.008954072947052095,-0.01169611554295168,-0.010302200273272267,0.014742994106624115,0.010382759606618684,0.004799341225719426,0.008342099320668605,0.011439170467534829,-0.007242496364883269,0.00881088667718637,-0.009467706490919683,-0.00027750060515553497,0.01622808861727465,0.0021640941291599914,-0.0060112596722523524,0.017580833127917955,-0.008082672613342083,0.029768886171312528,-0.008819741124323259,0.0071688843075583125,-0.007204893406349644,0.01219830721475581,0.005398935934585618,-0.014315728655470334,0.0002830819241569707,-0.003901437537476827,0.007855013219712315,-0.012791029405813795,0.021306300000150054,-0.0054451906858053855,0.009583193279229863,0.009599947338951535,-0.01450485946422747,0.006498614352012537,0.01296755904341266,-0.006821393966648621,0.010272907850979607,-0.008819741124323259,0.03951804329379511,-0.00025965237444030816,0.018179538403204097,-0.01317154923579246,-0.007474445190120978,0.003711403969517287,0.005262003901618722,-0.008444863341462047,0.001257551868869868,0.0007871507206259601,0.0035918327242912295,0.0031121691254436088,0.002283700634610983,0.00039814061412901447,0.007076122397904181,0.0004559623521708682,0.005162209275736079,0.005193288577558769,0.0009677333441639878,0.0071688843075583125,-0.00025965237444030816,0.027318002979176928,0.005900734607737193,0.004065551888233666,0.0036829191475910576,-0.008368230151334964,0.0019723071408274235,-0.002331859641852686,0.0038931915507863686,-0.009312251036929169,0.01756661909028657,-0.0035331940782810456,0.010963210093661108,0.01285768952002283,-0.008902765044211957,0.0021735400872959086,0.010944753236395748,-0.007218840269847482,0.008954072947052095,-0.007204893406349644,0.018179538403204097,0.005900734607737193,0.03669827797480831,-0.008522290195414,-0.0020114965684367332,0.014664364760921618,0.005283267843264021,0.007895097087347102,-0.005827058753566359,0.012106617490549386,-0.014670261279226968,0.010375156647000136,-0.002472097280548677,-0.008045826749179173,0.017775909442602204,-0.00028747761312065365,-0.00809553202436639,0.010319201861107793,-0.01169611554295168,0.01219830721475581,-0.01317154923579246,0.004065551888233666,-0.008522290195414,0.03588654014985337,0.009381593020420222,0.009848719377340373,0.008341512429941952,0.001466576245028453,-0.0029872590970146957,0.005585058884116821,-0.004656590601681612,0.008873124491836953,0.00024364909246939908,-0.002659527333988992,0.010851470335158746,0.0016654384067498855,-0.008719515264765082,0.0066629581584768775,-0.010302200273272267,0.005398935934585618,-0.007474445190120978,0.0036829191475910576,-0.0020114965684367332,0.009381593020420222,0.018097632344361812
