0.06889553991516212,0.0008554039110070686,0.015111422122910823,-0.0241147004001417,-0.002640332306312475,-0.023655330006215544,-0.01731678072269994,0.009001909090906254,-0.02987213719252825,0.02062068831899395,0.0038962576271807693,-0.011673423312112335,-0.01962330748001559,0.021391276486268002,-0.004167409275836162,-0.0039381973842543055,-0.01806449118102018,0.012826865324350754,-0.03884984751882495,0.022252917783836396,0.0008554039110070686,0.04008326860551215,-0.004077637458467211,0.011010289948768313,0.0076496245994535795,-0.011204028198984186,0.0032454929559081335,0.004663626681259119,0.023962109641554055,-0.0009022858134558597,0.00949482284936725,-0.008029492715854313,0.004449990968986536,-0.006671564572033737,-0.0009765230931518147,-0.01420066364202004,-0.0013503324513602574,-0.0007104472542475734,-0.007055317927490317,0.006753135515120695,0.015111422122910823,-0.004077637458467211,0.06838611664876522,-0.007924947005800891,-0.01602833691802238,-0.005541961894838672,-0.016342954581789974,-0.008761851314254939,-0.03234869375502861,0.010519374100969878,0.018898814982771343,-0.022488235342339895,-0.009279733863005688,0.0019853419431328,-0.013967276110939605,0.018933869462966588,-0.010041804799297595,0.006452296526881738,-0.0069823722831095164,0.01598700836914153,-0.0241147004001417,0.011010289948768313,-0.007924947005800891,0.0527204770051374,-0.002854616246198402,0.0022402223317691252,-0.0004547064329989796,-0.004745584332519497,0.011007845503173245,-0.0121833201410309,-0.0019892410148397133,0.008549902390624857,-0.0026066477163843105,-0.004091751602612197,0.01650825481004408,-0.00024151300451582972,0.012419806520875633,0.006563960475135411,0.028380314580444245,-0.025445743877958116,-0.002640332306312475,0.0076496245994535795,-0.01602833691802238,-0.002854616246198402,0.05463291276378554,0.004123218190800682,-0.009684313372289581,7.465895233122659e-5,0.030089957452650494,-0.0010394811377453616,0.003183347542694255,-0.027379952593863582,0.03410065295567782,-0.01366475178009675,-0.02484468817311565,-0.021908115821725572,-0.008336747762547385,-0.007021808355391645,-0.005969923744147003,0.0353461641224696,-0.023655330006215544,-0.011204028198984186,-0.005541961894838672,0.0022402223317691252,0.004123218190800682,0.041479887638107046,0.017995646418216084,-0.008968784389191176,-0.000276984813899436,-0.011526568438407664,-0.009285198540089738,0.015478248956861897,0.02050449142715186,0.003916476743319045,0.0029955655250317906,0.004284246861624536,0.0010870252747393467,-0.0013150788933247173,0.0035528553265989824,-0.015559060727790801,-0.01731678072269994,0.0032454929559081335,-0.016342954581789974,-0.0004547064329989796,-0.009684313372289581,0.017995646418216084,0.04539215539536635,-0.0032176659432428863,-0.002713177489797939,-0.01721002127228371,-0.006771565226743369,0.02185219412124372,0.00520332258091492,0.003999348334084071,0.010614682122573967,-0.002449896221957836,0.004643982477822007,-0.011962279236672094,-0.005005264676987612,-0.019355003604936916,0.009001909090906254,0.004663626681259119,-0.008761851314254939,-0.004745584332519497,7.465895233122659e-5,-0.008968784389191176,-0.0032176659432428863,0.027275663917788275,0.003328442214544919,0.011544068471747392,0.005541396117572345,0.005033612790938554,-0.015084797984723826,0.006322457369426454,0.0021493448124964227,-0.009570270421904673,-0.00774311126875247,-0.0014782579313205653,0.003956896196791893,-0.0018589177465503381,-0.02987213719252825,0.023962109641554055,-0.03234869375502861,0.011007845503173245,0.030089957452650494,-0.000276984813899436,-0.002713177489797939,0.003328442214544919,0.07731799224709202,-0.015895139909253383,0.004984789035808424,-0.007824019600265143,0.01397028276959942,-0.03215997943368223,-0.0033629665487281703,-0.02048994264925988,0.008166165257984082,-0.0057190892907821094,0.03308187718042191,-0.004666232599723437,0.02062068831899395,-0.0009022858134558597,0.010519374100969878,-0.0121833201410309,-0.0010394811377453616,-0.011526568438407664,-0.01721002127228371,0.011544068471747392,-0.015895139909253383,0.039982487177664915,0.0016699125510548616,0.0003998718854061587,-0.014261803586749333,0.015646657446815176,-0.008696354743094315,0.006188706054730483,-0.01649076785864681,0.007512263931111968,-0.007904308626851285,0.0022060891619841557,0.0038962576271807693,0.00949482284936725,0.018898814982771343,-0.0019892410148397133,0.003183347542694255,-0.009285198540089738,-0.006771565226743369,0.005541396117572345,0.004984789035808424,0.0016699125510548616,0.04151523936718282,-0.028702401898307105,-0.0007413169682507165,-0.00774313627001401,-0.016321646562201947,-0.0020808822525163026,-0.0038864547239848913,-0.00229911001912508,0.002305766471854656,0.03179940061515739,-0.011673423312112335,-0.008029492715854313,-0.022488235342339895,0.008549902390624857,-0.027379952593863582,0.015478248956861897,0.02185219412124372,0.005033612790938554,-0.007824019600265143,0.0003998718854061587,-0.028702401898307105,0.07502785069487022,-0.02129459427688077,0.02719164988021995,0.03703495490713952,0.005185599740630566,0.0006818468712444535,0.003972162026654307,0.0004969942464108888,-0.06351446533784302,-0.01962330748001559,0.004449990968986536,-0.009279733863005688,-0.0026066477163843105,0.03410065295567782,0.02050449142715186,0.00520332258091492,-0.015084797984723826,0.01397028276959942,-0.014261803586749333,-0.0007413169682507165,-0.02129459427688077,0.06114078551405051,-0.017303916086611172,-0.02045596753263993,-0.007975313406479136,0.0019449272085319722,-0.00741723030156916,-0.008701792602942883,0.023316093441556822,0.021391276486268002,-0.006671564572033737,0.0019853419431328,-0.004091751602612197,-0.01366475178009675,0.003916476743319045,0.003999348334084071,0.006322457369426454,-0.03215997943368223,0.015646657446815176,-0.00774313627001401,0.02719164988021995,-0.017303916086611172,0.051162660378609955,0.014930314008549876,0.010175734805024067,-0.020480737824333517,0.010755255650843924,-0.01836346544631806,-0.02843248110909597,-0.004167409275836162,-0.0009765230931518147,-0.013967276110939605,0.01650825481004408,-0.02484468817311565,0.0029955655250317906,0.010614682122573967,0.0021493448124964227,-0.0033629665487281703,-0.008696354743094315,-0.016321646562201947,0.03703495490713952,-0.02045596753263993,0.014930314008549876,0.0587761784577583,0.0004765840896120961,0.00538412682108487,0.018271956679426715,0.0014432252655130016,-0.05823987648897393,-0.0039381973842543055,-0.01420066364202004,0.018933869462966588,-0.00024151300451582972,-0.021908115821725572,0.004284246861624536,-0.002449896221957836,-0.009570270421904673,-0.02048994264925988,0.006188706054730483,-0.0020808822525163026,0.005185599740630566,-0.007975313406479136,0.010175734805024067,0.0004765840896120961,0.03756736100464146,0.005222087017436533,0.003340157613500627,0.007527390810708398,-0.009313583754829787,-0.01806449118102018,-0.0013503324513602574,-0.010041804799297595,0.012419806520875633,-0.008336747762547385,0.0010870252747393467,0.004643982477822007,-0.00774311126875247,0.008166165257984082,-0.01649076785864681,-0.0038864547239848913,0.0006818468712444535,0.0019449272085319722,-0.020480737824333517,0.00538412682108487,0.005222087017436533,0.03531943026342746,-0.005738361716166776,0.020764470914396167,-0.0017803040422033688,0.012826865324350754,-0.0007104472542475734,0.006452296526881738,0.006563960475135411,-0.007021808355391645,-0.0013150788933247173,-0.011962279236672094,-0.0014782579313205653,-0.0057190892907821094,0.007512263931111968,-0.00229911001912508,0.003972162026654307,-0.00741723030156916,0.010755255650843924,0.018271956679426715,0.003340157613500627,-0.005738361716166776,0.03395511753558936,-0.004018860916346457,-0.028092693233774634,-0.03884984751882495,-0.007055317927490317,-0.0069823722831095164,0.028380314580444245,-0.005969923744147003,0.0035528553265989824,-0.005005264676987612,0.003956896196791893,0.03308187718042191,-0.007904308626851285,0.002305766471854656,0.0004969942464108888,-0.008701792602942883,-0.01836346544631806,0.0014432252655130016,0.007527390810708398,0.020764470914396167,-0.004018860916346457,0.08139468292095407,-0.017143980273538532,0.022252917783836396,0.006753135515120695,0.01598700836914153,-0.025445743877958116,0.0353461641224696,-0.015559060727790801,-0.019355003604936916,-0.0018589177465503381,-0.004666232599723437,0.0022060891619841557,0.03179940061515739,-0.06351446533784302,0.023316093441556822,-0.02843248110909597,-0.05823987648897393,-0.009313583754829787,-0.0017803040422033688,-0.028092693233774634,-0.017143980273538532,0.12664092716120864
0.06740550374175408,0.002759418300644599,0.03667249636574722,-0.040214763026271735,0.02529862330104881,0.009290672135889473,0.026236693423832825,-0.04383054947671242,-0.00891324013881172,-0.010503346770257658,0.04353658558191219,-0.052640076509578,0.01581331309664686,-0.025153942413405277,-0.053361263475551236,-0.03246537740201885,0.003829861335592235,0.020640963867478,-0.06731390720356004,0.04568699205376944,0.002759418300644599,0.021794945042988872,-0.008356235363472126,0.003172355157984713,-0.0057413354934765255,-0.004171302175844736,0.0012529682460883764,-0.00883772356499973,0.015258571184347017,-0.0016111320279410487,0.00010526125235486416,-0.01552779252295652,0.005612837208831753,0.00020500638980935806,0.007811901741924917,-0.005592989308330014,0.008903412630116334,-0.013190007749828501,0.003261312829176209,-0.0021561924985969145,0.03667249636574722,-0.008356235363472126,0.12512791639102225,-0.01702561947939244,0.03246180219401474,0.006867018910158531,0.028281535880628133,-0.0005207408152549777,-0.014342275179828324,-0.02550238450251764,0.059024532824234796,0.001478197668355814,-0.011991724953237588,-0.033728774478586326,-0.03127901013875121,0.001698926053525611,-0.023793285187651086,0.0716987813651486,-0.02129916209272247,0.02979762399102879,-0.040214763026271735,0.003172355157984713,-0.01702561947939244,0.08844347766966763,-0.025077065956233317,-0.028525868033618784,-0.03421462649595003,0.06146154500604538,0.00636113457843961,0.004706708145798721,-0.023197846690348668,0.008713692795504435,-0.038932869437757346,-0.004619907594250395,0.04072568654462416,0.027010678145364952,0.022332277326502534,-0.037759032714418134,0.06674414563787787,-0.03939602060955926,0.02529862330104881,-0.0057413354934765255,0.03246180219401474,-0.025077065956233317,0.07782271168649638,-0.013196647304734157,0.013770660716271105,-0.020772522582370494,0.017765273854408493,0.0009960194600032082,0.047344902406137895,-0.05334993268991377,0.008639377841323397,-0.02400207122988189,-0.03793383615442359,-0.02579746717218462,-0.028337977715405194,0.042464939033972034,-0.043811878249429906,0.05700899786685369,0.009290672135889473,-0.004171302175844736,0.006867018910158531,-0.028525868033618784,-0.013196647304734157,0.06608834531240777,0.03110265783868986,-0.021888344754999692,-0.013152567190158964,-0.01756681035543734,-0.00941248535873001,0.018750150453253026,0.03958056978953747,-0.0028081293348923373,-0.024580828828252903,-0.005160012445425939,0.023435210625190273,-0.0063600225804501375,-0.002369036429744395,0.00024321677821727847,0.026236693423832825,0.0012529682460883764,0.028281535880628133,-0.03421462649595003,0.013770660716271105,0.03110265783868986,0.051444378448072973,-0.035543306315840406,0.0016112057712452865,-0.020778617572795546,0.028029726937954635,-0.020435355015054325,0.03131595107821817,-0.030065510755592637,-0.030862708236148652,-0.011065722034149642,0.017290308052669585,0.010299669713687015,-0.015562875423732449,0.027909091940133614,-0.04383054947671242,-0.00883772356499973,-0.0005207408152549777,0.06146154500604538,-0.020772522582370494,-0.021888344754999692,-0.035543306315840406,0.11272930091042352,-0.015101022741520111,0.020986003209252257,-0.024120629628126063,0.07615650916028824,-0.05293994029913302,0.03342765792327408,0.04921821752085433,0.049435233412246746,-0.01561159261834489,-0.011800304767970667,0.07543159135702439,-0.02582287222382038,-0.00891324013881172,0.015258571184347017,-0.014342275179828324,0.00636113457843961,0.017765273854408493,-0.013152567190158964,0.0016112057712452865,-0.015101022741520111,0.068768980476323,-0.002046078362876955,0.013382421751611449,-0.03590447437224329,0.00029870850813662844,-0.04477086178199781,0.014246007155149763,-0.016905844948780356,0.00328276334059653,-0.007484178607732054,0.026802077099555732,-0.0033088758137962875,-0.010503346770257658,-0.0016111320279410487,-0.02550238450251764,0.004706708145798721,0.0009960194600032082,-0.01756681035543734,-0.020778617572795546,0.020986003209252257,-0.002046078362876955,0.04532718089285148,-0.016763992743012428,0.017132591559323763,-0.024267731293567678,0.027602455177155094,0.014554123139110017,0.009409573200212587,-0.01195608873811654,-0.005756513779766299,0.013195066423995169,-0.014854437060561469,0.04353658558191219,0.00010526125235486416,0.059024532824234796,-0.023197846690348668,0.047344902406137895,-0.00941248535873001,0.028029726937954635,-0.024120629628126063,0.013382421751611449,-0.016763992743012428,0.07746405789992222,-0.06895307781774922,0.00830168631032762,-0.05000973034979066,-0.05055410150453114,-0.0229970587109622,-0.006655207744983795,0.03510072806523809,-0.03679774603903967,0.06796484495259175,-0.052640076509578,-0.01552779252295652,0.001478197668355814,0.008713692795504435,-0.05334993268991377,0.018750150453253026,-0.020435355015054325,0.07615650916028824,-0.03590447437224329,0.017132591559323763,-0.06895307781774922,0.21090203600627433,-0.02357393411546499,0.09044495695254948,0.08820669358923997,0.07240098686795446,-0.039572044872525254,0.014423888422279124,0.07091381084021695,-0.07681590491054147,0.01581331309664686,0.005612837208831753,-0.011991724953237588,-0.038932869437757346,0.008639377841323397,0.03958056978953747,0.03131595107821817,-0.05293994029913302,0.00029870850813662844,-0.024267731293567678,0.00830168631032762,-0.02357393411546499,0.06786441655672898,-0.009035915012545474,-0.03182383226287529,-0.020256054740714957,0.015657458901470057,-0.007394576257791499,-0.02526100437408619,0.030080086505643026,-0.025153942413405277,0.00020500638980935806,-0.033728774478586326,-0.004619907594250395,-0.02400207122988189,-0.0028081293348923373,-0.030065510755592637,0.03342765792327408,-0.04477086178199781,0.027602455177155094,-0.05000973034979066,0.09044495695254948,-0.009035915012545474,0.10613240689410315,0.03973810683158058,0.03353520679174197,-0.023025134330721363,-0.012632719369417941,0.007127592954284135,-0.03120809889300323,-0.053361263475551236,0.007811901741924917,-0.03127901013875121,0.04072568654462416,-0.03793383615442359,-0.024580828828252903,-0.030862708236148652,0.04921821752085433,0.014246007155149763,0.014554123139110017,-0.05055410150453114,0.08820669358923997,-0.03182383226287529,0.03973810683158058,0.10204141060394027,0.042440608694364335,-0.02265474790222463,-0.009897629436290831,0.0633966963068257,-0.0711239512995048,-0.03246537740201885,-0.005592989308330014,0.001698926053525611,0.027010678145364952,-0.02579746717218462,-0.005160012445425939,-0.011065722034149642,0.049435233412246746,-0.016905844948780356,0.009409573200212587,-0.0229970587109622,0.07240098686795446,-0.020256054740714957,0.03353520679174197,0.042440608694364335,0.05391050675161658,-0.007032861948540291,-0.003397301679798268,0.05066539660062345,-0.025759314931340826,0.003829861335592235,0.008903412630116334,-0.023793285187651086,0.022332277326502534,-0.028337977715405194,0.023435210625190273,0.017290308052669585,-0.01561159261834489,0.00328276334059653,-0.01195608873811654,-0.006655207744983795,-0.039572044872525254,0.015657458901470057,-0.023025134330721363,-0.02265474790222463,-0.007032861948540291,0.09591486792527557,-0.07033971621249127,0.02684277148845577,-0.013130681843019073,0.020640963867478,-0.013190007749828501,0.0716987813651486,-0.037759032714418134,0.042464939033972034,-0.0063600225804501375,0.010299669713687015,-0.011800304767970667,-0.007484178607732054,-0.005756513779766299,0.03510072806523809,0.014423888422279124,-0.007394576257791499,-0.012632719369417941,-0.009897629436290831,-0.003397301679798268,-0.07033971621249127,0.10140072575459952,-0.045459570514695874,0.024866168038417697,-0.06731390720356004,0.003261312829176209,-0.02129916209272247,0.06674414563787787,-0.043811878249429906,-0.002369036429744395,-0.015562875423732449,0.07543159135702439,0.026802077099555732,0.013195066423995169,-0.03679774603903967,0.07091381084021695,-0.02526100437408619,0.007127592954284135,0.0633966963068257,0.05066539660062345,0.02684277148845577,-0.045459570514695874,0.1456461698168508,-0.047982833290842596,0.04568699205376944,-0.0021561924985969145,0.02979762399102879,-0.03939602060955926,0.05700899786685369,0.00024321677821727847,0.027909091940133614,-0.02582287222382038,-0.0033088758137962875,-0.014854437060561469,0.06796484495259175,-0.07681590491054147,0.030080086505643026,-0.03120809889300323,-0.0711239512995048,-0.025759314931340826,-0.013130681843019073,0.024866168038417697,-0.047982833290842596,0.11412680443825393
0.1378632857065543,0.04426363794632604,-0.007624281481820309,0.09307598654029897,-0.049103120964941106,-0.07261046234277017,0.0009067039255636891,-0.08720314332649488,-0.005412406015543994,0.024090031240893223,0.02946156615176416,-0.017369218107720137,-0.03784653382929285,-0.025115415506815945,0.05669039749243668,-0.04969198032052956,0.014258578721356455,0.07174902908049584,-0.04042607996136769,-0.03853054906221373,0.04426363794632604,0.08123821454380363,-0.027685478536728182,0.0449271839953462,-0.01867920262691659,-0.04066893543117328,-0.0003387238527633946,-0.020735813815124175,0.008773666399173579,-0.014823678597482563,0.0010904532429981948,-0.00844664849038559,-0.013551141171451547,-0.0017556232778282233,0.01649774812788822,-0.014312554803472058,0.007470602466691071,0.02486104380688865,-0.01422495760731671,-0.020494897179208747,-0.007624281481820309,-0.027685478536728182,0.06534950511895547,-0.021587241383636095,0.0032797620573527357,0.0043133040219670215,-0.014983875872735877,0.013498836780306637,-0.006164847058621447,0.016135190373349987,-0.020147687131544342,0.0047619264821741995,0.00714195948387005,-4.210170374329016e-5,-0.0013270260269256768,0.0092026460201735,-0.01420915836542255,-0.012190251999083974,0.010990345398750254,-0.002208162515429087,0.09307598654029897,0.0449271839953462,-0.021587241383636095,0.10432566035516569,-0.0370413919280201,-0.05541631587540126,0.00020401538285195618,-0.06975411133751944,0.001318115328325311,0.0075858870246048055,0.02584677737079176,-0.010109390050700318,-0.044078887095074626,-0.015901448740166305,0.03439400234405696,-0.02757789501905553,0.006993262368876246,0.050771839661833934,-0.023986828968447577,-0.027521696574083942,-0.049103120964941106,-0.01867920262691659,0.0032797620573527357,-0.0370413919280201,0.05525060072341735,0.04689187050296006,-0.00341018594831638,0.03557096942731223,-0.006814382965470683,-0.006571996046359167,0.004695394213355842,0.006539443940323917,0.03144220503763058,-0.00013182367975320738,-0.018316023753222548,0.022031889313406945,-0.008922961832469416,-0.03013519065663648,0.015021346027261276,-0.0007926070976998318,-0.07261046234277017,-0.04066893543117328,0.0043133040219670215,-0.05541631587540126,0.04689187050296006,0.08865355034492801,0.0001358038639889456,0.04594028719665331,-0.020573502880622194,-0.009488446539203402,0.004031549540565691,0.007704803191978692,0.0367115676847845,0.004666076425458254,-0.019889541010232947,0.03051374977652952,-0.011644919175219474,-0.04840569025660606,0.014580307529297752,0.023704051911904063,0.0009067039255636891,-0.0003387238527633946,-0.014983875872735877,0.00020401538285195618,-0.00341018594831638,0.0001358038639889456,0.03243923397533973,-0.007990207370642231,0.009211436524355257,-0.004108098685443345,-0.0034199195341184617,-0.009353940399640107,-0.009684203596576065,0.008273456886458204,-0.002278063966509015,0.001016541636466361,0.0017394338916620474,0.003657739540488405,-0.004509492665129969,0.008841057315470083,-0.08720314332649488,-0.020735813815124175,0.013498836780306637,-0.06975411133751944,0.03557096942731223,0.04594028719665331,-0.007990207370642231,0.09329552612923996,0.013942396950071127,-0.021607460717404863,-0.03576144163015661,0.016212887620116828,0.028777512113119727,0.02237435106557193,-0.04808782900856952,0.03532116567344942,-0.02091239283756497,-0.05979828397389733,0.036282168390273054,0.01171891707534526,-0.005412406015543994,0.008773666399173579,-0.006164847058621447,0.001318115328325311,-0.006814382965470683,-0.020573502880622194,0.009211436524355257,0.013942396950071127,0.04473679912113244,-0.01285946540155125,-0.02128769508125619,0.0035421668651778294,-0.00702662713160296,0.009719563357555213,-0.009620775676555511,0.007809116064693086,-0.003904512767307891,-0.009624302566146567,0.007008592851146404,-0.002805465650732999,0.024090031240893223,-0.014823678597482563,0.016135190373349987,0.0075858870246048055,-0.006571996046359167,-0.009488446539203402,-0.004108098685443345,-0.021607460717404863,-0.01285946540155125,0.03324555339316695,0.009863236909242002,-0.00718113993241468,-0.00553831706884202,-0.010360333396685302,0.011718504022552203,-0.006149680473134274,-0.0021112118635150546,0.017321598271322482,-0.0032675992232852904,-0.006306382743302363,0.02946156615176416,0.0010904532429981948,-0.020147687131544342,0.02584677737079176,0.004695394213355842,0.004031549540565691,-0.0034199195341184617,-0.03576144163015661,-0.02128769508125619,0.009863236909242002,0.05886515642926876,-0.0015263123176952659,-0.0016558717893417826,-0.01811323725544923,0.008770642111162448,-0.007999573871585822,0.00468011719412135,0.02379724179806012,-0.012637961758495537,0.006322289337970079,-0.017369218107720137,-0.00844664849038559,0.0047619264821741995,-0.010109390050700318,0.006539443940323917,0.007704803191978692,-0.009353940399640107,0.016212887620116828,0.0035421668651778294,-0.00718113993241468,-0.0015263123176952659,0.026392368314154122,0.0022143145809910636,0.0029572321108032743,-0.014252526133674722,0.005781232913302663,-0.011198678869600562,-0.015461608049102193,0.009712182622213936,0.007269770450783409,-0.03784653382929285,-0.013551141171451547,0.00714195948387005,-0.044078887095074626,0.03144220503763058,0.0367115676847845,-0.009684203596576065,0.028777512113119727,-0.00702662713160296,-0.00553831706884202,-0.0016558717893417826,0.0022143145809910636,0.05078206974799846,-0.0005930366886444944,-0.006901622823984006,0.019006876128484756,0.0004311657753772205,-0.02687911395684866,0.003162268047864721,0.009576718883614894,-0.025115415506815945,-0.0017556232778282233,-4.210170374329016e-5,-0.015901448740166305,-0.00013182367975320738,0.004666076425458254,0.008273456886458204,0.02237435106557193,0.009719563357555213,-0.010360333396685302,-0.01811323725544923,0.0029572321108032743,-0.0005930366886444944,0.02810715307340037,-0.016234761354613682,0.00656579257802351,-0.0003657506154928616,-0.008667082951802166,0.006892303341553644,0.0012088382825578298,0.05669039749243668,0.01649774812788822,-0.0013270260269256768,0.03439400234405696,-0.018316023753222548,-0.019889541010232947,-0.002278063966509015,-0.04808782900856952,-0.009620775676555511,0.011718504022552203,0.008770642111162448,-0.014252526133674722,-0.006901622823984006,-0.016234761354613682,0.06347755984268204,-0.01756847404979162,0.01546847849205903,0.02799996543225282,-0.029264838085489395,-0.012095046238224674,-0.04969198032052956,-0.014312554803472058,0.0092026460201735,-0.02757789501905553,0.022031889313406945,0.03051374977652952,0.001016541636466361,0.03532116567344942,0.007809116064693086,-0.006149680473134274,-0.007999573871585822,0.005781232913302663,0.019006876128484756,0.00656579257802351,-0.01756847404979162,0.05062930218669454,-0.01951545572799069,-0.035552124782633435,0.012521297506790926,0.0022063468383750075,0.014258578721356455,0.007470602466691071,-0.01420915836542255,0.006993262368876246,-0.008922961832469416,-0.011644919175219474,0.0017394338916620474,-0.02091239283756497,-0.003904512767307891,-0.0021112118635150546,0.00468011719412135,-0.011198678869600562,0.0004311657753772205,-0.0003657506154928616,0.01546847849205903,-0.01951545572799069,0.04910249493438808,0.018223111368196175,-0.011668653003304845,0.010382520698009129,0.07174902908049584,0.02486104380688865,-0.012190251999083974,0.050771839661833934,-0.03013519065663648,-0.04840569025660606,0.003657739540488405,-0.05979828397389733,-0.009624302566146567,0.017321598271322482,0.02379724179806012,-0.015461608049102193,-0.02687911395684866,-0.008667082951802166,0.02799996543225282,-0.035552124782633435,0.018223111368196175,0.07545885912402849,-0.028525123633746378,-0.013093384051957441,-0.04042607996136769,-0.01422495760731671,0.010990345398750254,-0.023986828968447577,0.015021346027261276,0.014580307529297752,-0.004509492665129969,0.036282168390273054,0.007008592851146404,-0.0032675992232852904,-0.012637961758495537,0.009712182622213936,0.003162268047864721,0.006892303341553644,-0.029264838085489395,0.012521297506790926,-0.011668653003304845,-0.028525123633746378,0.03735991961611811,0.006322054109077751,-0.03853054906221373,-0.020494897179208747,-0.002208162515429087,-0.027521696574083942,-0.0007926070976998318,0.023704051911904063,0.008841057315470083,0.01171891707534526,-0.002805465650732999,-0.006306382743302363,0.006322289337970079,0.007269770450783409,0.009576718883614894,0.0012088382825578298,-0.012095046238224674,0.0022063468383750075,0.010382520698009129,-0.013093384051957441,0.006322054109077751,0.05974880814832975
