0.026153286671232494,0.016468700956472432,0.014585808801942525,0.009803441657912393,0.012313152847827772,0.0056467264550611905,-0.0018200980354551944,0.013854623040475716,0.009434984023797513,0.02088185312538013,0.0007723448681103346,0.01742563857501426,0.009264607197003458,0.012264564102332263,-0.0008192019737211431,0.005732223331599019,0.001159699905373023,0.0036287262587219276,0.00533218990467591,0.0020454868579108283,0.016468700956472432,0.02951468778811532,0.017036850683978005,0.007675201036189365,0.013385918122344447,0.007332910307755239,0.001012918385762918,0.017415205782574265,0.001487250558471898,0.02137235033603226,0.0023725720311028784,0.009556260878362628,0.010222065842730487,0.009099060297904134,-0.004208702835990778,0.008548952192553368,0.003117488236315819,0.00763675331905402,0.004514146851625109,0.0015335859433168002,0.014585808801942525,0.017036850683978005,0.03259173890404918,0.004807089796195331,0.01267977004324019,0.009841811136986754,0.0015067502819966624,0.014034117773813332,-0.0008707848529396992,0.01937296458669619,0.0002701433314218376,0.013692467612945937,0.012353068494072614,0.009603704438574829,-0.002508721418030651,0.008786939406791459,0.008352729750733475,-0.0006246247402139004,0.0041416694431086875,-0.006303774153562536,0.009803441657912393,0.007675201036189365,0.004807089796195331,0.03412264732748084,0.004332670147554342,0.008459786880662953,-0.01618698297517114,0.013733798637356258,0.03060617995919818,0.016263420298082858,0.0004951225600601408,0.019069921577280963,0.005099747805115908,0.017394030429063054,-0.00040087652273406143,-0.00027640143689376586,-0.009832501172020969,0.007367864629938589,0.005130990296227407,0.016117746198774964,0.012313152847827772,0.013385918122344447,0.01267977004324019,0.004332670147554342,0.020781432668724342,0.005197578888794324,-0.004466605510175316,0.012163986806387958,0.0005064146006886873,0.01711844857450655,0.002767041030913391,0.008362864823257852,0.007112148474966985,0.0043751010725403446,-0.0043189413088457395,0.00567494227259603,-0.0011436170902981997,0.002240606857746274,0.002511706374806545,-0.0004192396973826816,0.0056467264550611905,0.007332910307755239,0.009841811136986754,0.008459786880662953,0.005197578888794324,0.01516858659902259,-0.006356025814240119,0.009851529892697598,0.007684141182444693,0.013889311688447849,-0.007488810680916299,0.005457655975174941,0.0020813427221829557,0.006364363969235386,-0.006552699999351716,-0.0015458974869283514,-0.004533860297025047,0.00105164030748309,0.001185269371436478,0.009498756995791408,-0.0018200980354551944,0.001012918385762918,0.0015067502819966624,-0.01618698297517114,-0.004466605510175316,-0.006356025814240119,0.02981521422408153,0.0024482427862159454,-0.01867795160058925,-0.004627049360308498,0.0025903892232811377,-0.010405572664553234,0.0011267320641551127,-0.011979711758319744,-0.002478093213218838,0.0028189070476400575,0.01249788607947414,-0.000975872837578927,0.0002520208039877067,-0.009942063912448637,0.013854623040475716,0.017415205782574265,0.014034117773813332,0.013733798637356258,0.012163986806387958,0.009851529892697598,0.0024482427862159454,0.026277512934728065,0.009870722168206893,0.02177914350016317,-0.0004688628651279399,0.010816424835284048,0.012729365836433758,0.008902818761483607,-0.0063555002329238035,0.0022744024419487046,0.003325005956485675,0.01033761964401658,0.0024408769442841338,0.011858564728120259,0.009434984023797513,0.001487250558471898,-0.0008707848529396992,0.03060617995919818,0.0005064146006886873,0.007684141182444693,-0.01867795160058925,0.009870722168206893,0.04648009377857254,0.014038418444957991,-0.004246744369360582,0.017807103931910664,0.003999059673063384,0.01706866262936909,-0.0013077556525653805,-0.003546345453771807,-0.009118282369354202,0.01452916420234097,0.0026085414032455167,0.019773722854405977,0.02088185312538013,0.02137235033603226,0.01937296458669619,0.016263420298082858,0.01711844857450655,0.013889311688447849,-0.004627049360308498,0.02177914350016317,0.014038418444957991,0.036647144988908725,0.0005929444635213608,0.017662488153652275,0.01279337782743518,0.01400305891079718,-0.0041313850648661155,0.009542161175695351,0.0003971145001000031,0.008416102543698683,0.006706873546503178,0.005693215352212179,0.0007723448681103346,0.0023725720311028784,0.0002701433314218376,0.0004951225600601408,0.002767041030913391,-0.007488810680916299,0.0025903892232811377,-0.0004688628651279399,-0.004246744369360582,0.0005929444635213608,0.01663119110691275,-0.002662158856056312,0.005225575250308218,-0.0034613363136655577,0.005071863440513176,0.001326420833419698,0.004346629064954867,0.006845040711284705,0.0008160040705936622,-0.004910253399193248,0.01742563857501426,0.009556260878362628,0.013692467612945937,0.019069921577280963,0.008362864823257852,0.005457655975174941,-0.010405572664553234,0.010816424835284048,0.017807103931910664,0.017662488153652275,-0.002662158856056312,0.02971552737224763,0.0047411407348798874,0.014669701886050743,0.0013963001489611284,0.004811414514459317,-0.001227932576887427,0.004146931049179589,0.007925915831486899,0.004136538156961327,0.009264607197003458,0.010222065842730487,0.012353068494072614,0.005099747805115908,0.007112148474966985,0.0020813427221829557,0.0011267320641551127,0.012729365836433758,0.003999059673063384,0.01279337782743518,0.005225575250308218,0.0047411407348798874,0.020157063674175645,0.0025268603790384514,-0.0009686674222405564,0.007777397143136732,0.009307268144518332,0.005788929631853919,0.0049680835901519255,0.001654120066355038,0.012264564102332263,0.009099060297904134,0.009603704438574829,0.017394030429063054,0.0043751010725403446,0.006364363969235386,-0.011979711758319744,0.008902818761483607,0.01706866262936909,0.01400305891079718,-0.0034613363136655577,0.014669701886050743,0.0025268603790384514,0.020461170721005374,-0.0014477601449730212,0.0017232554526775026,-0.004912060651699173,0.0037856237483896897,0.004296424282523376,0.00806150108229366,-0.0008192019737211431,-0.004208702835990778,-0.002508721418030651,-0.00040087652273406143,-0.0043189413088457395,-0.006552699999351716,-0.002478093213218838,-0.0063555002329238035,-0.0013077556525653805,-0.0041313850648661155,0.005071863440513176,0.0013963001489611284,-0.0009686674222405564,-0.0014477601449730212,0.01409350575476504,-0.002419472477645976,-0.0030983318832274566,-0.001877796194538304,-0.0025445490915908774,-0.007583827827886983,0.005732223331599019,0.008548952192553368,0.008786939406791459,-0.00027640143689376586,0.00567494227259603,-0.0015458974869283514,0.0028189070476400575,0.0022744024419487046,-0.003546345453771807,0.009542161175695351,0.001326420833419698,0.004811414514459317,0.007777397143136732,0.0017232554526775026,-0.002419472477645976,0.017271310101887614,0.006669299741566135,-0.003110396344353026,0.0025875909175096384,-0.006081354469760553,0.001159699905373023,0.003117488236315819,0.008352729750733475,-0.009832501172020969,-0.0011436170902981997,-0.004533860297025047,0.01249788607947414,0.003325005956485675,-0.009118282369354202,0.0003971145001000031,0.004346629064954867,-0.001227932576887427,0.009307268144518332,-0.004912060651699173,-0.0030983318832274566,0.006669299741566135,0.024445550937824842,-0.0002641767210449643,0.0019603574716103743,-0.013074905553850324,0.0036287262587219276,0.00763675331905402,-0.0006246247402139004,0.007367864629938589,0.002240606857746274,0.00105164030748309,-0.000975872837578927,0.01033761964401658,0.01452916420234097,0.008416102543698683,0.006845040711284705,0.004146931049179589,0.005788929631853919,0.0037856237483896897,-0.001877796194538304,-0.003110396344353026,-0.0002641767210449643,0.022658156662956525,0.0007352796729408272,0.014690934234891248,0.00533218990467591,0.004514146851625109,0.0041416694431086875,0.005130990296227407,0.002511706374806545,0.001185269371436478,0.0002520208039877067,0.0024408769442841338,0.0026085414032455167,0.006706873546503178,0.0008160040705936622,0.007925915831486899,0.0049680835901519255,0.004296424282523376,-0.0025445490915908774,0.0025875909175096384,0.0019603574716103743,0.0007352796729408272,0.009949450485163998,-0.0004685211558948588,0.0020454868579108283,0.0015335859433168002,-0.006303774153562536,0.016117746198774964,-0.0004192396973826816,0.009498756995791408,-0.009942063912448637,0.011858564728120259,0.019773722854405977,0.005693215352212179,-0.004910253399193248,0.004136538156961327,0.001654120066355038,0.00806150108229366,-0.007583827827886983,-0.006081354469760553,-0.013074905553850324,0.014690934234891248,-0.0004685211558948588,0.02981090481866317
0.015239123329701508,0.000512396668368842,-0.00801886340050155,0.0016365194440121971,-0.0014783509346509376,-0.002486653954754634,0.0004951700959757606,0.0032764151947978527,0.0018333627708357338,0.002712915814235234,-0.004764877484660786,-0.006184496011924598,-0.00022772209424295662,-0.0027608412506315797,0.003232984123166806,-0.0008978905201718582,0.0019685935084693953,-0.0008516084147648004,-0.004077411664245025,-0.0008904322843482679,0.000512396668368842,0.024253135209684456,-0.00463579320632925,-0.0001505039986815825,-0.001868095169665591,-0.006689331215751629,0.00278918405295408,0.00809859159437546,0.008057252040501749,-0.003621415695211695,-0.00199854078392894,-0.007899122413183763,0.0021581822033909324,0.00989833381727534,0.00746973624427618,-0.00483910209904956,0.008722671860466612,-0.005897474244235619,0.004345554350878017,0.0047418475879501595,-0.00801886340050155,-0.00463579320632925,0.0159032667211223,0.0027537904366665557,0.004718314827302219,0.0034871773660708144,-0.0033699251405784987,-0.0068271082867261395,-0.003981007488096697,-0.0015099159180866758,0.004853703775708122,0.007687337925426909,-0.0012543130334706297,-0.00034971521188163074,-0.011667305706747563,0.010866846145093735,-0.00991280587657539,0.0013477912969851369,0.001916431303090964,-0.006941584091717684,0.0016365194440121971,-0.0001505039986815825,0.0027537904366665557,0.016863692876930056,0.010117765544936819,-0.0009957830534856453,-0.005493955759115659,0.0032769396890330706,0.002564922910437097,0.0029492464264332567,0.0003442713632481809,0.0036942354338153575,-0.004792715651791842,0.003829001889595955,-0.0006052919632756851,0.007613845348396295,-0.0015364363809890155,-0.005399837566983706,0.0066053745025242225,-0.0031192234089975623,-0.0014783509346509376,-0.001868095169665591,0.004718314827302219,0.010117765544936819,0.02328608433579918,-0.0019361587597594287,0.004074717123181547,-0.003668233999039083,0.0032392807873579455,0.0017374493147660102,0.0022680070649495447,-0.003054838042644591,0.0018344621494647301,0.00033467825555989154,-0.005274052388876611,0.0035296577661442247,-0.0019521245385070206,-0.0036282655366654108,0.00637887325950499,-0.00799977265973331,-0.002486653954754634,-0.006689331215751629,0.0034871773660708144,-0.0009957830534856453,-0.0019361587597594287,0.02154433872448358,-0.0055558361188106035,0.003983011100450879,-0.013287795311766104,0.003837540626258077,-0.0028884456954622164,0.01052467086169296,-0.00018894576599038924,0.009695316440372564,-0.005167523570991752,0.009128779544144261,-0.0037502260663793735,0.002307192339879433,-0.0017506332167143922,0.004231189885551737,0.0004951700959757606,0.00278918405295408,-0.0033699251405784987,-0.005493955759115659,0.004074717123181547,-0.0055558361188106035,0.015225351003689633,-0.0035566819376533863,0.0027384807191330384,-0.0062224810996202185,-0.0032201449126062634,-0.006386307971585343,0.0036835734095561155,-0.008814320899460715,-0.00032543996545502936,-0.009691221480432067,0.00484139789816725,-0.003040156396716335,-0.00410974259765956,0.005095833852682585,0.0032764151947978527,0.00809859159437546,-0.0068271082867261395,0.0032769396890330706,-0.003668233999039083,0.003983011100450879,-0.0035566819376533863,0.021189250777141237,-0.002601315701653056,0.008336220961157933,-0.0028878814999176517,0.0007334586438637939,-0.004039248115822352,0.007902738120046106,0.012319228053149455,0.004055125189235825,-0.0013828635424418115,-0.0044383924547261,-0.0025998553653785454,0.004658715800129691,0.0018333627708357338,0.008057252040501749,-0.003981007488096697,0.002564922910437097,0.0032392807873579455,-0.013287795311766104,0.0027384807191330384,-0.002601315701653056,0.020561359986577238,-0.007718214692490009,-0.0011327680598112863,-0.00685185189214974,0.000615693996936453,-0.005394762384959265,0.009952777102304924,-0.005587981569993792,0.009288586947248066,-0.0023885290783017014,-0.0006567748524700994,-0.004909143735738069,0.002712915814235234,-0.003621415695211695,-0.0015099159180866758,0.0029492464264332567,0.0017374493147660102,0.003837540626258077,-0.0062224810996202185,0.008336220961157933,-0.007718214692490009,0.013503578236290408,0.00020425702532521952,8.433457797782552e-5,-0.004173934372611281,0.010442726546461804,0.0029080112753152787,0.0024634632516892787,-0.005968030539222825,-0.0016628442959438056,0.0011815304695772808,0.0006817220089102495,-0.004764877484660786,-0.00199854078392894,0.004853703775708122,0.0003442713632481809,0.0022680070649495447,-0.0028884456954622164,-0.0032201449126062634,-0.0028878814999176517,-0.0011327680598112863,0.00020425702532521952,0.008903571537381385,0.0002964150092361829,-0.0009629293322509193,-0.004068485202815342,-0.007877509083123627,0.006456735953418604,-0.004397300862151568,0.005850755288419478,0.00323293064986636,-0.007650081747819394,-0.006184496011924598,-0.007899122413183763,0.007687337925426909,0.0036942354338153575,-0.003054838042644591,0.01052467086169296,-0.006386307971585343,0.0007334586438637939,-0.00685185189214974,8.433457797782552e-5,0.0002964150092361829,0.013101454925818145,-0.002586518767832836,0.001306167704520439,-0.0033531027412158475,0.00885262774693335,-0.00603337785233086,0.0006458772921082222,0.0002239046291037306,0.000952933559307974,-0.00022772209424295662,0.0021581822033909324,-0.0012543130334706297,-0.004792715651791842,0.0018344621494647301,-0.00018894576599038924,0.0036835734095561155,-0.004039248115822352,0.000615693996936453,-0.004173934372611281,-0.0009629293322509193,-0.002586518767832836,0.008006032726711989,-0.0021805652682004117,0.0010422333342130666,-0.004804977814173831,0.0019204841285952166,0.0010993212122197451,0.0020354430767775683,-0.001454759972576357,-0.0027608412506315797,0.00989833381727534,-0.00034971521188163074,0.003829001889595955,0.00033467825555989154,0.009695316440372564,-0.008814320899460715,0.007902738120046106,-0.005394762384959265,0.010442726546461804,-0.004068485202815342,0.001306167704520439,-0.0021805652682004117,0.030483474646418963,0.006005178928069014,-0.0017450979737522756,0.002354516399140843,-0.007233751616399074,0.007603066204883198,0.00939216869907432,0.003232984123166806,0.00746973624427618,-0.011667305706747563,-0.0006052919632756851,-0.005274052388876611,-0.005167523570991752,-0.00032543996545502936,0.012319228053149455,0.009952777102304924,0.0029080112753152787,-0.007877509083123627,-0.0033531027412158475,0.0010422333342130666,0.006005178928069014,0.024994555312299244,-0.011544757620218664,0.006538041484223036,-0.0075250454738689946,-0.0022623481414395974,0.006248669786320266,-0.0008978905201718582,-0.00483910209904956,0.010866846145093735,0.007613845348396295,0.0035296577661442247,0.009128779544144261,-0.009691221480432067,0.004055125189235825,-0.005587981569993792,0.0024634632516892787,0.006456735953418604,0.00885262774693335,-0.004804977814173831,-0.0017450979737522756,-0.011544757620218664,0.02247215374265791,-0.011072921470809672,0.005353945528186358,-0.00048109973853695254,-0.011226927868927436,0.0019685935084693953,0.008722671860466612,-0.00991280587657539,-0.0015364363809890155,-0.0019521245385070206,-0.0037502260663793735,0.00484139789816725,-0.0013828635424418115,0.009288586947248066,-0.005968030539222825,-0.004397300862151568,-0.00603337785233086,0.0019204841285952166,0.002354516399140843,0.006538041484223036,-0.011072921470809672,0.014480973220306193,-0.002141107621805593,0.001062523694230722,0.00724542270249985,-0.0008516084147648004,-0.005897474244235619,0.0013477912969851369,-0.005399837566983706,-0.0036282655366654108,0.002307192339879433,-0.003040156396716335,-0.0044383924547261,-0.0023885290783017014,-0.0016628442959438056,0.005850755288419478,0.0006458772921082222,0.0010993212122197451,-0.007233751616399074,-0.0075250454738689946,0.005353945528186358,-0.002141107621805593,0.010222116228617245,-0.0017748644667126036,-0.007026835601093436,-0.004077411664245025,0.004345554350878017,0.001916431303090964,0.0066053745025242225,0.00637887325950499,-0.0017506332167143922,-0.00410974259765956,-0.0025998553653785454,-0.0006567748524700994,0.0011815304695772808,0.00323293064986636,0.0002239046291037306,0.0020354430767775683,0.007603066204883198,-0.0022623481414395974,-0.00048109973853695254,0.001062523694230722,-0.0017748644667126036,0.012043071798801434,-0.001305878353874025,-0.0008904322843482679,0.0047418475879501595,-0.006941584091717684,-0.0031192234089975623,-0.00799977265973331,0.004231189885551737,0.005095833852682585,0.004658715800129691,-0.004909143735738069,0.0006817220089102495,-0.007650081747819394,0.000952933559307974,-0.001454759972576357,0.00939216869907432,0.006248669786320266,-0.011226927868927436,0.00724542270249985,-0.007026835601093436,-0.001305878353874025,0.01842929392194325
1660.4593856186134,-303.40541914182415,569.1525916608075,-418.8489945183513,426.00971445259415,289.67217855958654,326.479769212025,223.99828281742577,-402.24536024545847,-1121.8934146062584,-642.5660615908836,-310.4195847889419,-219.19011649051737,704.649712751961,-717.5960552805285,386.75235970030445,676.1888736545768,-1206.793652181035,918.8039243012383,55.95750948435525,-303.40541914182415,1426.1854531440247,-346.0667545049197,-373.1452263202032,-562.9554478188043,507.9271762830538,-56.49821048757402,249.97377041427418,-572.9081445641095,-514.6535339829946,716.8403197907955,1118.3939095567598,340.89434454847026,-130.88231830008726,-1330.354840834448,98.58490381507193,-936.0523608094298,465.4713452275119,-420.82311410857767,50.16442522557154,569.1525916608075,-346.0667545049197,1324.097488292339,-24.751924220809883,-363.40705391422995,-0.21594986819936104,-954.7381609301223,762.4821155897745,-500.3078964294094,-77.91337805819722,-32.08958401958738,-410.7484237165153,452.1391354278153,-416.7601093748456,547.8844616083186,1282.663377297922,174.72971538694287,-722.7611745257994,771.097888211086,-696.4828913130912,-418.8489945183513,-373.1452263202032,-24.751924220809883,588.634379683855,418.2377264316067,-201.77344397212266,-337.2889214327893,-268.2746523754617,1079.831137565938,-269.0609402804898,-137.69939881537547,-347.09909039060244,189.33722963393106,-572.0116994097856,501.36319782280367,171.8211001161235,167.26648510161004,504.7789043482919,-407.2316233607171,-427.03155464988157,426.00971445259415,-562.9554478188043,-363.40705391422995,418.2377264316067,1531.0745862601425,506.3727389968463,551.3306625284783,-23.00675507909894,660.4206805115616,-794.1782030406325,-1092.7626120062664,-780.5042217544813,-368.39668127610923,-416.870645334812,-474.0377350712177,-739.8256447846909,1143.9509959145714,708.4486352122499,-320.8321644129631,-684.8495722467712,289.67217855958654,507.9271762830538,-0.21594986819936104,-201.77344397212266,506.3727389968463,967.0500960204363,192.30536676900348,805.2041773052804,-979.747201114523,-305.7964442602232,-391.4217217772857,-4.666540204183498,0.0633282570499064,-575.4455488591551,-1125.7345840879868,-374.17968906779356,377.3066525652132,689.8014650705467,-89.02260424377484,-796.6068274706226,326.479769212025,-56.49821048757402,-954.7381609301223,-337.2889214327893,551.3306625284783,192.30536676900348,1405.0064278222765,-975.0875007891144,-489.5429095175056,245.8082721988566,-462.392176110898,-109.31050897429652,-193.24786978675746,808.3618315485002,-736.6339167672887,-1483.3123838938868,446.8930707421592,131.01335089150072,258.4522191908355,636.7414662059671,223.99828281742577,249.97377041427418,762.4821155897745,-268.2746523754617,-23.00675507909894,805.2041773052804,-975.0875007891144,4042.1853561443445,-744.8661121310266,210.27058634996627,-231.44244616892666,350.4101401500573,-2646.590809343247,-544.9936504764231,96.77229068807577,612.0695236480913,198.73825698230084,-191.1468803592266,-1254.7984160763817,-520.9199629812515,-402.24536024545847,-572.9081445641095,-500.3078964294094,1079.831137565938,660.4206805115616,-979.747201114523,-489.5429095175056,-744.8661121310266,3615.666511813512,-1776.9514094395286,48.74890686153627,68.38964233534841,-628.3404768448496,65.56111521169883,773.9680890329417,734.3816527026544,-209.45600364721736,-51.72154589032009,-1330.1446020513085,459.87433389673595,-1121.8934146062584,-514.6535339829946,-77.91337805819722,-269.0609402804898,-794.1782030406325,-305.7964442602232,245.8082721988566,210.27058634996627,-1776.9514094395286,3228.5944017709608,205.01210178942273,-423.3688202887878,-198.90278559060783,-24.389348058815468,1550.2786050986576,-1123.930563628391,31.189143660705827,352.41854003466176,338.90385655046924,277.1772361757716,-642.5660615908836,716.8403197907955,-32.08958401958738,-137.69939881537547,-1092.7626120062664,-391.4217217772857,-462.392176110898,-231.44244616892666,48.74890686153627,205.01210178942273,1006.4495481754087,851.5210013292246,411.2455125176079,147.17256934003498,119.38396727144969,560.3006706428648,-1128.782697090117,-153.84911767582875,-175.05295708233467,509.9748629677666,-310.4195847889419,1118.3939095567598,-410.7484237165153,-347.09909039060244,-780.5042217544813,-4.666540204183498,-109.31050897429652,350.4101401500573,68.38964233534841,-423.3688202887878,851.5210013292246,1239.2124350810295,-383.3644320285009,428.18077235978086,-718.6191200256078,261.62027674054934,-1096.0399284654704,-144.54382157001146,-644.913816711851,732.5343058787842,-219.19011649051737,340.89434454847026,452.1391354278153,189.33722963393106,-368.39668127610923,0.0633282570499064,-193.24786978675746,-2646.590809343247,-628.3404768448496,-198.90278559060783,411.2455125176079,-383.3644320285009,3574.5419917782397,-861.1309124667837,-442.3377207896543,477.39588350785726,-297.41154874818636,669.3471820128076,1593.6452491047355,-1038.4123789015482,704.649712751961,-130.88231830008726,-416.7601093748456,-572.0116994097856,-416.870645334812,-575.4455488591551,808.3618315485002,-544.9936504764231,65.56111521169883,-24.389348058815468,147.17256934003498,428.18077235978086,-861.1309124667837,1736.5023874097799,-34.62306390565942,-301.60817323548497,-233.30285022721918,-1432.888132934649,372.98379578945804,1638.2133070936122,-717.5960552805285,-1330.354840834448,547.8844616083186,501.36319782280367,-474.0377350712177,-1125.7345840879868,-736.6339167672887,96.77229068807577,773.9680890329417,1550.2786050986576,119.38396727144969,-718.6191200256078,-442.3377207896543,-34.62306390565942,2501.789003442641,452.8278073326763,95.330805618128,-522.0457071565273,19.24052850186968,270.060831224883,386.75235970030445,98.58490381507193,1282.663377297922,171.8211001161235,-739.8256447846909,-374.17968906779356,-1483.3123838938868,612.0695236480913,734.3816527026544,-1123.930563628391,560.3006706428648,261.62027674054934,477.39588350785726,-301.60817323548497,452.8278073326763,2146.3992374468603,-587.7972837035912,-987.9086025092743,245.79630091264676,-343.6937081294256,676.1888736545768,-936.0523608094298,174.72971538694287,167.26648510161004,1143.9509959145714,377.3066525652132,446.8930707421592,198.73825698230084,-209.45600364721736,31.189143660705827,-1128.782697090117,-1096.0399284654704,-297.41154874818636,-233.30285022721918,95.330805618128,-587.7972837035912,1312.071302909551,146.14712732791153,371.49347477323994,-651.6340782691931,-1206.793652181035,465.4713452275119,-722.7611745257994,504.7789043482919,708.4486352122499,689.8014650705467,131.01335089150072,-191.1468803592266,-51.72154589032009,352.41854003466176,-153.84911767582875,-144.54382157001146,669.3471820128076,-1432.888132934649,-522.0457071565273,-987.9086025092743,146.14712732791153,2171.6662903258966,-853.0789232673261,-1135.0729624623052,918.8039243012383,-420.82311410857767,771.097888211086,-407.2316233607171,-320.8321644129631,-89.02260424377484,258.4522191908355,-1254.7984160763817,-1330.1446020513085,338.90385655046924,-175.05295708233467,-644.913816711851,1593.6452491047355,372.98379578945804,19.24052850186968,245.79630091264676,371.49347477323994,-853.0789232673261,1915.2810238314676,-155.3224752507823,55.95750948435525,50.16442522557154,-696.4828913130912,-427.03155464988157,-684.8495722467712,-796.6068274706226,636.7414662059671,-520.9199629812515,459.87433389673595,277.1772361757716,509.9748629677666,732.5343058787842,-1038.4123789015482,1638.2133070936122,270.060831224883,-343.6937081294256,-651.6340782691931,-1135.0729624623052,-155.3224752507823,1850.3893746324395
