0.040417787832557,0.00658495763427868,0.014667145427663866,-0.0054025512824677135,-0.0015643093616798092,-0.012538706579171019,0.0032541037605105885,0.0007507934367641157,-0.012888657988420918,0.004882156763998654,0.007603960653054822,-0.0018134026196186012,-0.011017537730565036,0.008559902259176324,-0.003535202360982491,-0.003058628822568044,-0.005788866310378379,-0.0017664153225360345,-0.023578221135289935,0.009726076927166616,0.00658495763427868,0.015974888236901786,0.005945905697307632,0.002505063644378325,-0.0017610140940672475,-0.005061895103368174,0.0012235874489371003,0.0019022035762774109,0.002731758468262657,-0.0009844110410907798,0.0024617256648193273,-0.0074311262235708265,-0.0012867887750598807,0.0009188434360790513,0.003129179419151024,-0.0034653617940221828,-0.002988008497319389,0.001558425537626266,-0.004632971342133727,0.003302348040253691,0.014667145427663866,0.005945905697307632,0.032616428133566265,0.0019001595764445904,-0.007621389803164227,-0.009661175675346134,-0.0002045741964029912,-0.002845303591342065,-0.012498787940035533,-0.0006642298245786446,0.010933897938499307,-0.009507868712245566,-0.009739550925765825,-0.0010900878376665932,-0.0005028386524278707,0.0026018557442029954,-0.0011540575795409335,0.004402542929159271,-0.007536586992556084,0.0018532633711711996,-0.0054025512824677135,0.002505063644378325,0.0019001595764445904,0.022971676936587127,-0.0024982081192689598,-0.004643410884773949,-0.004508915319720114,0.0004969387645319691,-0.0019525461194747347,-0.002369123459764727,-0.0008324266645148718,-0.0020629275704545287,-0.004832322710052142,-0.003821076182990558,0.0022751401679539764,0.001439621338822495,0.0039900272032548645,0.00015974207060395025,0.012989270266383373,-0.003802397176321492,-0.0015643093616798092,-0.0017610140940672475,-0.007621389803164227,-0.0024982081192689598,0.03201673185571565,0.002770608124071012,-0.0015832407929993256,-0.002464539939964319,0.011882627373307569,-0.0057534441828431355,0.005378764007844596,-0.01302701396980352,0.014542026000708325,0.0003539841758992498,-0.010628643288088819,-0.010616134159364722,-0.006737907724533431,-0.00026578856172590807,-0.011263939172628613,0.016845154102863864,-0.012538706579171019,-0.005061895103368174,-0.009661175675346134,-0.004643410884773949,0.002770608124071012,0.03449826141901386,0.007503628342911829,-0.004556670022247586,0.010485295407592255,-0.009263680484214833,-0.009779933472427848,0.010071681653031656,0.015505658911288779,-0.008171139174015015,0.0016270590966622586,-0.0030249775577517457,0.0014831386538628854,0.0024021916759122907,0.0035543758219572924,-0.0049105559091066515,0.0032541037605105885,0.0012235874489371003,-0.0002045741964029912,-0.004508915319720114,-0.0015832407929993256,0.007503628342911829,0.02176378894144352,-0.0016337830051432823,-2.084033055458853e-5,-0.007289762271296217,-0.0020008251678604993,0.0010062523618199564,0.004682350585987795,-0.008319231403935626,0.0015587635172606496,-3.773823976443974e-5,0.0049578198880974225,-0.002991534044588185,0.0005754076804943811,-0.001585259633167272,0.0007507934367641157,0.0019022035762774109,-0.002845303591342065,0.0004969387645319691,-0.002464539939964319,-0.004556670022247586,-0.0016337830051432823,0.01972640513897579,5.347482310374427e-5,0.00934105521480243,0.0007012645032840977,0.003088951320490474,-0.008495427230391307,0.003190915045781395,0.00302442962435366,-0.0005170163262494177,-0.004458402277824779,-0.0008319018216692909,0.0052995751582918926,-0.006117523338936269,-0.012888657988420918,0.002731758468262657,-0.012498787940035533,-0.0019525461194747347,0.011882627373307569,0.010485295407592255,-2.084033055458853e-5,5.347482310374427e-5,0.030690436190471078,-0.012468261534003398,0.0023148999512972003,-0.002767074575630253,0.00956191145906873,-0.013497644112163804,0.0012675519067493453,-0.00776247648535087,-0.0024459251580613967,0.0020226308016237657,0.009221954093464893,0.003072516397209773,0.004882156763998654,-0.0009844110410907798,-0.0006642298245786446,-0.002369123459764727,-0.0057534441828431355,-0.009263680484214833,-0.007289762271296217,0.00934105521480243,-0.012468261534003398,0.03291234428108522,-0.004984635686776043,0.009337381224384295,-0.016160474503689515,0.01636904555813102,0.00527590460668959,0.005824790616392048,-0.006975352264005837,0.0024530473524245217,0.0023195135179921497,-0.013618292419231013,0.007603960653054822,0.0024617256648193273,0.010933897938499307,-0.0008324266645148718,0.005378764007844596,-0.009779933472427848,-0.0020008251678604993,0.0007012645032840977,0.0023148999512972003,-0.004984635686776043,0.025015803899838478,-0.013631320499040332,-8.358534142205462e-5,-0.0019125386755818757,-0.007150650056800755,-0.0021105829796016617,-0.0027894210415433927,0.0011019182642622765,-0.007849555817588566,0.015496632670749317,-0.0018134026196186012,-0.0074311262235708265,-0.009507868712245566,-0.0020629275704545287,-0.01302701396980352,0.010071681653031656,0.0010062523618199564,0.003088951320490474,-0.002767074575630253,0.009337381224384295,-0.013631320499040332,0.04533081688564102,-0.007214142365476985,0.01129575614523341,0.01782387144385227,0.007860441451831629,0.0019018398818639094,0.0010456339536499195,0.006643805381059194,-0.025459291572035258,-0.011017537730565036,-0.0012867887750598807,-0.009739550925765825,-0.004832322710052142,0.014542026000708325,0.015505658911288779,0.004682350585987795,-0.008495427230391307,0.00956191145906873,-0.016160474503689515,-8.358534142205462e-5,-0.007214142365476985,0.03533242505059738,-0.00743743628828351,-0.007881368644018227,-0.006484287935844463,0.000776817603099474,-0.0021194484803367638,-0.004341685308015497,0.008111388243657756,0.008559902259176324,0.0009188434360790513,-0.0010900878376665932,-0.003821076182990558,0.0003539841758992498,-0.008171139174015015,-0.008319231403935626,0.003190915045781395,-0.013497644112163804,0.01636904555813102,-0.0019125386755818757,0.01129575614523341,-0.00743743628828351,0.028907867709426254,0.0051432320686199415,0.005124039912849865,-0.006944212998779141,-0.0002608887259394853,-0.012052594382158395,-0.008621695757487748,-0.003535202360982491,0.003129179419151024,-0.0005028386524278707,0.0022751401679539764,-0.010628643288088819,0.0016270590966622586,0.0015587635172606496,0.00302442962435366,0.0012675519067493453,0.00527590460668959,-0.007150650056800755,0.01782387144385227,-0.007881368644018227,0.0051432320686199415,0.024391357712554376,0.0051488118075441024,-0.0009044237759422625,0.0033330823057637704,0.005630272399111498,-0.019535851885898545,-0.003058628822568044,-0.0034653617940221828,0.0026018557442029954,0.001439621338822495,-0.010616134159364722,-0.0030249775577517457,-3.773823976443974e-5,-0.0005170163262494177,-0.00776247648535087,0.005824790616392048,-0.0021105829796016617,0.007860441451831629,-0.006484287935844463,0.005124039912849865,0.0051488118075441024,0.02052524468838756,0.007310789590936045,-4.93143128081848e-5,0.004731681621062984,-0.0074994883654635885,-0.005788866310378379,-0.002988008497319389,-0.0011540575795409335,0.0039900272032548645,-0.006737907724533431,0.0014831386538628854,0.0049578198880974225,-0.004458402277824779,-0.0024459251580613967,-0.006975352264005837,-0.0027894210415433927,0.0019018398818639094,0.000776817603099474,-0.006944212998779141,-0.0009044237759422625,0.007310789590936045,0.0224567498939667,-0.006709107588471048,0.011016612801233056,-0.0015523447359142655,-0.0017664153225360345,0.001558425537626266,0.004402542929159271,0.00015974207060395025,-0.00026578856172590807,0.0024021916759122907,-0.002991534044588185,-0.0008319018216692909,0.0020226308016237657,0.0024530473524245217,0.0011019182642622765,0.0010456339536499195,-0.0021194484803367638,-0.0002608887259394853,0.0033330823057637704,-4.93143128081848e-5,-0.006709107588471048,0.017021664152943032,-0.0012784178543040728,-0.006690206609922115,-0.023578221135289935,-0.004632971342133727,-0.007536586992556084,0.012989270266383373,-0.011263939172628613,0.0035543758219572924,0.0005754076804943811,0.0052995751582918926,0.009221954093464893,0.0023195135179921497,-0.007849555817588566,0.006643805381059194,-0.004341685308015497,-0.012052594382158395,0.005630272399111498,0.004731681621062984,0.011016612801233056,-0.0012784178543040728,0.04570185989271106,-0.011229989673574196,0.009726076927166616,0.003302348040253691,0.0018532633711711996,-0.003802397176321492,0.016845154102863864,-0.0049105559091066515,-0.001585259633167272,-0.006117523338936269,0.003072516397209773,-0.013618292419231013,0.015496632670749317,-0.025459291572035258,0.008111388243657756,-0.008621695757487748,-0.019535851885898545,-0.0074994883654635885,-0.0015523447359142655,-0.006690206609922115,-0.011229989673574196,0.05170534438700509
0.07450537134689682,0.030174604028568724,0.007464700057802297,0.039298887095019594,-0.027186838993581652,-0.04433290669582242,0.002318515915052735,-0.03987892490734958,-0.00227911818309306,0.016741303057502002,0.00929699759535129,-0.007094807721749889,-0.02220837482738746,-0.009255864420745915,0.026314672755180464,-0.032319379184656785,0.008194973028459826,0.05578560961533775,-0.02138062146441603,-0.011973189444698173,0.030174604028568724,0.039437127885642596,-0.002854905672743888,0.02340543332874492,-0.011679474525058343,-0.022507378226701076,-0.00015773561427710297,-0.008128476388606627,0.0060979198222765926,-0.0055719921147082754,0.004640814390782197,-0.004304326265685859,-0.00882939476502705,-0.0016347695727676737,0.008508509356087397,-0.00853819594871828,-0.0021792749414418387,0.018467939379719724,-0.011919371234586933,-0.00627078115907493,0.007464700057802297,-0.002854905672743888,0.031123626813648317,-0.0028794064668966612,-0.006417719520192784,-0.002536859037913331,-0.00755966783323739,-0.007501527420895764,-0.007330852924811883,0.012008493037665782,-0.004438001692431902,0.0022819785574696282,-0.004843194063677144,-0.0013956586970334636,0.00526098423320765,-0.0031803540926264202,-0.003744959293516303,0.006526015961481719,-0.0038330701250905877,0.00040260545828299423,0.039298887095019594,0.02340543332874492,-0.0028794064668966612,0.04578163817310454,-0.015315941896649837,-0.02990733831276176,-0.004232942487073888,-0.023311466492175775,0.0015034886938616095,0.004590713187670245,0.008796569435577318,-0.003908643801223846,-0.019185980080534966,-0.0053934126347334015,0.013317115767478172,-0.01533281284079253,0.006854410343335787,0.02235290756723448,-0.009052870136303744,-0.005025438569181919,-0.027186838993581652,-0.011679474525058343,-0.006417719520192784,-0.015315941896649837,0.03858267279813517,0.01981038283060336,0.005421946752802238,0.021691863015169337,0.005278441838724581,-0.007798483399478497,-0.005488789625603941,0.0026437312876714802,0.014272980959550142,0.0030095199035821826,-0.010000915383841314,0.010021505195947885,-0.008190749075864881,-0.02447711227989806,0.009925220727960423,-0.010789232115227029,-0.04433290669582242,-0.022507378226701076,-0.002536859037913331,-0.02990733831276176,0.01981038283060336,0.04702886516303332,-0.0011055546831135563,0.03002831466037815,-0.000522114634589747,-0.009562163014980076,-0.006546678683266158,0.005903023090977028,0.01960260787870864,0.003011560907440209,-0.017956839905840072,0.021457524732412983,-0.014650315469354582,-0.040095864978230034,0.014076029581143921,0.005384129291613197,0.002318515915052735,-0.00015773561427710297,-0.00755966783323739,-0.004232942487073888,0.005421946752802238,-0.0011055546831135563,0.022418882630113525,-0.005476790142794124,0.004323383160149509,-0.002305949919933824,0.0006218971555210647,-0.006544522135403588,0.0007139364180565988,0.0023183166710523248,-0.0031288702557260425,0.0036922910496005974,0.0006982907157009944,0.0027314655595152776,0.001425565647406008,0.0008296682875683297,-0.03987892490734958,-0.008128476388606627,-0.007501527420895764,-0.023311466492175775,0.021691863015169337,0.03002831466037815,-0.005476790142794124,0.048277074090370194,0.007212917192664741,-0.019316072427082446,-0.009637419155031128,0.007279716823008174,0.015840168594682055,0.008031230924222279,-0.015291246958682326,0.02494824971857846,-0.011864477732670808,-0.0390995598383269,0.012309918927256022,-0.0021629725681642036,-0.00227911818309306,0.0060979198222765926,-0.007330852924811883,0.0015034886938616095,0.005278441838724581,-0.000522114634589747,0.004323383160149509,0.007212917192664741,0.023887428195964087,-0.009145107468607257,-0.005322670904502214,-0.0018333030235182296,0.00486213517620129,0.005441774808464498,-0.0027961940794045724,0.009475157472476372,0.00041621162711591,-0.0034963979101839977,-0.0003971500264670512,-0.00657966349748201,0.016741303057502002,-0.0055719921147082754,0.012008493037665782,0.004590713187670245,-0.007798483399478497,-0.009562163014980076,-0.002305949919933824,-0.019316072427082446,-0.009145107468607257,0.028117023752860328,-0.0009795751011927529,0.0006683718811464019,-0.009781221204985114,-0.0061433567016070615,0.009599037087979306,-0.01264292591038435,0.0013375883647498928,0.018334165511596813,-0.004898729642836287,0.00033899002220957625,0.00929699759535129,0.004640814390782197,-0.004438001692431902,0.008796569435577318,-0.005488789625603941,-0.006546678683266158,0.0006218971555210647,-0.009637419155031128,-0.005322670904502214,-0.0009795751011927529,0.022915952401118125,-0.0017650749708691973,-0.008389552350696737,-0.00455467355558906,-0.005964393266433369,-0.003852011428042233,0.004547576034088625,0.0030635366367504522,0.0034459292253645746,0.007566802787370801,-0.007094807721749889,-0.004304326265685859,0.0022819785574696282,-0.003908643801223846,0.0026437312876714802,0.005903023090977028,-0.006544522135403588,0.007279716823008174,-0.0018333030235182296,0.0006683718811464019,-0.0017650749708691973,0.01785035030584218,4.9248048014338734e-5,-0.0011629701506668884,-0.0033584599328337463,0.006317669729295816,-0.008153887028552066,-0.011587628298751939,0.004822952589423129,-0.0002409431048761822,-0.02220837482738746,-0.00882939476502705,-0.004843194063677144,-0.019185980080534966,0.014272980959550142,0.01960260787870864,0.0007139364180565988,0.015840168594682055,0.00486213517620129,-0.009781221204985114,-0.008389552350696737,4.9248048014338734e-5,0.02562869773024817,0.00393554887460032,-0.007297417677064524,0.011000703314458272,-0.005180967522560953,-0.01560880439995988,0.004729155626744401,0.00029218765117701776,-0.009255864420745915,-0.0016347695727676737,-0.0013956586970334636,-0.0053934126347334015,0.0030095199035821826,0.003011560907440209,0.0023183166710523248,0.008031230924222279,0.005441774808464498,-0.0061433567016070615,-0.00455467355558906,-0.0011629701506668884,0.00393554887460032,0.017387582829968978,-0.0027538826441754235,0.006700531375888547,0.0018215449486008804,-0.002300736285140493,0.0019779706307375268,-0.008989017190963084,0.026314672755180464,0.008508509356087397,0.00526098423320765,0.013317115767478172,-0.010000915383841314,-0.017956839905840072,-0.0031288702557260425,-0.015291246958682326,-0.0027961940794045724,0.009599037087979306,-0.005964393266433369,-0.0033584599328337463,-0.007297417677064524,-0.0027538826441754235,0.033239028201069595,-0.01487188423635627,0.0007076443616600195,0.024977366169340664,-0.01686076155096556,-0.0049321245148358705,-0.032319379184656785,-0.00853819594871828,-0.0031803540926264202,-0.01533281284079253,0.010021505195947885,0.021457524732412983,0.0036922910496005974,0.02494824971857846,0.009475157472476372,-0.01264292591038435,-0.003852011428042233,0.006317669729295816,0.011000703314458272,0.006700531375888547,-0.01487188423635627,0.03647793020345729,-0.00882955152640982,-0.03276912191935173,0.01181928562908548,0.0004901560971056723,0.008194973028459826,-0.0021792749414418387,-0.003744959293516303,0.006854410343335787,-0.008190749075864881,-0.014650315469354582,0.0006982907157009944,-0.011864477732670808,0.00041621162711591,0.0013375883647498928,0.004547576034088625,-0.008153887028552066,-0.005180967522560953,0.0018215449486008804,0.0007076443616600195,-0.00882955152640982,0.029128234994545813,0.010879396109391915,0.0013658799864316611,0.004685093291210135,0.05578560961533775,0.018467939379719724,0.006526015961481719,0.02235290756723448,-0.02447711227989806,-0.040095864978230034,0.0027314655595152776,-0.0390995598383269,-0.0034963979101839977,0.018334165511596813,0.0030635366367504522,-0.011587628298751939,-0.01560880439995988,-0.002300736285140493,0.024977366169340664,-0.03276912191935173,0.010879396109391915,0.07200926203232386,-0.025784702946514658,-0.007951638963848056,-0.02138062146441603,-0.011919371234586933,-0.0038330701250905877,-0.009052870136303744,0.009925220727960423,0.014076029581143921,0.001425565647406008,0.012309918927256022,-0.0003971500264670512,-0.004898729642836287,0.0034459292253645746,0.004822952589423129,0.004729155626744401,0.0019779706307375268,-0.01686076155096556,0.01181928562908548,0.0013658799864316611,-0.025784702946514658,0.02676273512773056,0.0010327471229103122,-0.011973189444698173,-0.00627078115907493,0.00040260545828299423,-0.005025438569181919,-0.010789232115227029,0.005384129291613197,0.0008296682875683297,-0.0021629725681642036,-0.00657966349748201,0.00033899002220957625,0.007566802787370801,-0.0002409431048761822,0.00029218765117701776,-0.008989017190963084,-0.0049321245148358705,0.0004901560971056723,0.004685093291210135,-0.007951638963848056,0.0010327471229103122,0.03398086327950697
