0.018630601465992734,0.0039491662835039335,-0.0046554658277482164,0.0031374511612714045,-0.0008981845472531553,0.00039413235256232797,-5.330316278311705e-6,-0.005370798349188081,0.003922780921950552,0.00137204805355381,0.003529259503257743,-0.0050365808897950455,0.003430698090196838,-4.544827039642205e-5,0.003985320026618765,-0.0019073811220623798,0.0023667942503806934,-0.0018967868590625036,-0.004718959821626545,0.006459047818621111,0.0039491662835039335,0.03327429494933456,0.00025502186202255536,0.007300502132034357,0.006906769903622292,-0.012364986884295472,-0.0005053961205970358,-0.0017252704059529372,-0.0021668725594679887,0.0010605459328810426,-0.005532209351365459,0.0024281416377404524,-0.00046320586147243804,-0.013375823194255633,0.002194824964586187,-0.008352528056267166,0.005169194714638845,-0.005024869071555478,0.0017983503670088857,0.007360875970658079,-0.0046554658277482164,0.00025502186202255536,0.02051739328749687,-0.0016873650541988118,0.00297143276347375,-0.0010068764891473275,0.0006810345753127615,-0.00356843353804368,0.010254205072691754,-0.002584484825074549,0.00017943976145514155,0.003004231980323465,-0.0009653740343527333,-0.0001683937644021558,-0.003917532743081147,0.001591204215061788,0.005018040828934709,-0.0036693943735432327,0.007466055075447158,-0.0064146083233497814,0.0031374511612714045,0.007300502132034357,-0.0016873650541988118,0.029046994393541237,0.010614783872802642,-0.005076093222796988,-0.003637661458371397,0.0044959496496628235,-0.0011315928181660187,0.006158955929952536,-0.006875710877048144,0.002724337029447824,0.004182798595404326,-0.007664990826793662,-0.0017590268232373126,-0.010984495503351854,0.005816413193616069,-0.0037941910702959302,-0.0006219044844048963,-0.006990248801292101,-0.0008981845472531553,0.006906769903622292,0.00297143276347375,0.010614783872802642,0.026547168754523964,-0.0023041469446659886,-0.004416247239396497,0.012871526932024119,-0.00974507503115897,0.001132280524863705,-0.005787601729294064,0.0034755602931122506,0.002058405163318135,-0.008665688161831057,0.003104904840647412,-0.013829648700863891,0.004677606264133256,-0.005255658774063874,0.0019890879116055745,-0.006332037123990903,0.00039413235256232797,-0.012364986884295472,-0.0010068764891473275,-0.005076093222796988,-0.0023041469446659886,0.027296739461175258,-0.005762950346489069,0.0032581516568074525,0.001993570649330226,0.0032011718944792884,-0.00143797774429826,-0.0019386542982033827,0.0003090476772479895,-0.00016684690016851195,-0.007527013767344968,0.00943931148858414,-0.0014353696627459477,0.01380712979462275,0.0033668513514326518,-0.012525332709372887,-5.330316278311705e-6,-0.0005053961205970358,0.0006810345753127615,-0.003637661458371397,-0.004416247239396497,-0.005762950346489069,0.020494904645886297,-0.0042272832848119215,0.004711154588114523,-0.001550328699324836,0.0029717264486250356,-0.0010791041287166563,-0.0009966568287262277,0.00823162971838683,0.0016046932473826941,0.0006352226831533146,0.0004482649862040389,-0.004041184670455103,0.00033860274894847477,0.0012646805163537215,-0.005370798349188081,-0.0017252704059529372,-0.00356843353804368,0.0044959496496628235,0.012871526932024119,0.0032581516568074525,-0.0042272832848119215,0.030816308833595887,-0.007081312266648343,0.0006508378607717254,-0.0013431514555707885,0.0015893146865552455,0.0031818760327441417,0.0030012672559822026,-0.0018622988966709901,-0.0028882611185789032,0.00269060162091608,0.0011548430739756013,-0.0034684686895059234,-0.010013038472817174,0.003922780921950552,-0.0021668725594679887,0.010254205072691754,-0.0011315928181660187,-0.00974507503115897,0.001993570649330226,0.004711154588114523,-0.007081312266648343,0.05009642329539947,-0.0036188424893240324,0.0015186457426367818,0.0023271880391967847,0.002575040688491928,0.0006339754992232662,-0.014661979520377674,-0.009236856852648748,0.003410883820384979,-0.00780267158447749,0.006532082772854622,-0.003622942230768756,0.00137204805355381,0.0010605459328810426,-0.002584484825074549,0.006158955929952536,0.001132280524863705,0.0032011718944792884,-0.001550328699324836,0.0006508378607717254,-0.0036188424893240324,0.019570277183322136,-0.0031223389770096708,-0.002173766784225095,0.001759396943372692,-0.0030592256077646464,0.0011614264207830253,-0.0016797263901566022,0.0022484347482206127,0.000862557023180586,0.006030026484841346,0.00287892752036911,0.003529259503257743,-0.005532209351365459,0.00017943976145514155,-0.006875710877048144,-0.005787601729294064,-0.00143797774429826,0.0029717264486250356,-0.0013431514555707885,0.0015186457426367818,-0.0031223389770096708,0.018730645388257368,0.000700495080530069,-0.005634341325411579,0.0032053335018145303,0.0019184050208294304,0.004778813116168326,-0.005790559180373338,-0.00030837697068725477,-0.00412986615834398,0.005377272367087256,-0.0050365808897950455,0.0024281416377404524,0.003004231980323465,0.002724337029447824,0.0034755602931122506,-0.0019386542982033827,-0.0010791041287166563,0.0015893146865552455,0.0023271880391967847,-0.002173766784225095,0.000700495080530069,0.02108032134489493,0.003821332170092539,-0.006494934117981242,-0.002480174101439649,-0.005064089668853743,-0.00034341149493400346,-0.0004163348629638889,-0.001683165572192492,-0.006153237257418084,0.003430698090196838,-0.00046320586147243804,-0.0009653740343527333,0.004182798595404326,0.002058405163318135,0.0003090476772479895,-0.0009966568287262277,0.0031818760327441417,0.002575040688491928,0.001759396943372692,-0.005634341325411579,0.003821332170092539,0.01925580714743965,-0.00040269846231458424,-0.0005713476607046018,-0.006840346789471121,0.00039015257519418953,-0.0037150787914861224,-0.00047779432473364007,0.001822954502834792,-4.544827039642205e-5,-0.013375823194255633,-0.0001683937644021558,-0.007664990826793662,-0.008665688161831057,-0.00016684690016851195,0.00823162971838683,0.0030012672559822026,0.0006339754992232662,-0.0030592256077646464,0.0032053335018145303,-0.006494934117981242,-0.00040269846231458424,0.029668147190000934,0.00128110047908547,0.01135040094665289,-0.008999305757442714,0.003236259797160525,-0.00548486894332013,-0.0016639948018083326,0.003985320026618765,0.002194824964586187,-0.003917532743081147,-0.0017590268232373126,0.003104904840647412,-0.007527013767344968,0.0016046932473826941,-0.0018622988966709901,-0.014661979520377674,0.0011614264207830253,0.0019184050208294304,-0.002480174101439649,-0.0005713476607046018,0.00128110047908547,0.02600626860924504,0.004163729926048935,0.0016280951172603733,-0.0009040347581792337,-0.004965522676957009,0.012046384429769163,-0.0019073811220623798,-0.008352528056267166,0.001591204215061788,-0.010984495503351854,-0.013829648700863891,0.00943931148858414,0.0006352226831533146,-0.0028882611185789032,-0.009236856852648748,-0.0016797263901566022,0.004778813116168326,-0.005064089668853743,-0.006840346789471121,0.01135040094665289,0.004163729926048935,0.033485931814330315,-0.014552186056539806,0.009435871498279347,-0.008218325894617295,0.0035308110955670725,0.0023667942503806934,0.005169194714638845,0.005018040828934709,0.005816413193616069,0.004677606264133256,-0.0014353696627459477,0.0004482649862040389,0.00269060162091608,0.003410883820384979,0.0022484347482206127,-0.005790559180373338,-0.00034341149493400346,0.00039015257519418953,-0.008999305757442714,0.0016280951172603733,-0.014552186056539806,0.028198154096835643,-0.005710611331103488,0.0058993358990195085,-0.010398775153488853,-0.0018967868590625036,-0.005024869071555478,-0.0036693943735432327,-0.0037941910702959302,-0.005255658774063874,0.01380712979462275,-0.004041184670455103,0.0011548430739756013,-0.00780267158447749,0.000862557023180586,-0.00030837697068725477,-0.0004163348629638889,-0.0037150787914861224,0.003236259797160525,-0.0009040347581792337,0.009435871498279347,-0.005710611331103488,0.025432331893067678,0.007754008966811596,-0.0018138501362164334,-0.004718959821626545,0.0017983503670088857,0.007466055075447158,-0.0006219044844048963,0.0019890879116055745,0.0033668513514326518,0.00033860274894847477,-0.0034684686895059234,0.006532082772854622,0.006030026484841346,-0.00412986615834398,-0.001683165572192492,-0.00047779432473364007,-0.00548486894332013,-0.004965522676957009,-0.008218325894617295,0.0058993358990195085,0.007754008966811596,0.029741437805832875,-0.010510674241324635,0.006459047818621111,0.007360875970658079,-0.0064146083233497814,-0.006990248801292101,-0.006332037123990903,-0.012525332709372887,0.0012646805163537215,-0.010013038472817174,-0.003622942230768756,0.00287892752036911,0.005377272367087256,-0.006153237257418084,0.001822954502834792,-0.0016639948018083326,0.012046384429769163,0.0035308110955670725,-0.010398775153488853,-0.0018138501362164334,-0.010510674241324635,0.032405171775965316
