0.01621040872517911,-0.003952866060455401,0.014777078772813906,0.00362958627280048,0.003084530562785282,-0.011445588269779615,0.005170682761985721,-0.004628126075766317,0.002955407658618084,-0.003954560789189704,-0.007482767719275968,-0.004266856455708809,0.0008908884272957615,0.0038554171936705317,-0.008424194393997417,0.001985970572289474,0.00022225847686839045,0.0026363270934380055,0.0006200267762774914,-0.002254440966817079,-0.003952866060455401,0.019217932938856975,-0.009036714756996054,-0.005732611755674914,0.002888025762888126,0.0038147331372086514,-0.0002991596116537343,-0.000651507944493403,-0.0023428118155723113,-0.0019862956818599686,0.00169828497410319,-0.003696643668194936,0.005339318535561067,0.004218966420304754,0.0011159456378426061,0.0028417685779577578,-0.003480930370937262,0.0015418664041404041,-0.0014425195154276812,0.003889643482097322,0.014777078772813906,-0.009036714756996054,0.03640274223424224,0.004433831292835708,0.004297946947343675,-0.019563590241402154,0.002201585323594331,-0.01141709488246561,0.0024986314269990467,-0.003627504922453357,-0.009115387227623006,0.0015655944301592095,-0.002391665672310684,0.006119265896210639,-0.012843614052046749,-0.0024407019713814843,0.005422505197259262,0.0009490352116771496,0.005675777567272975,-0.007060329179808903,0.00362958627280048,-0.005732611755674914,0.004433831292835708,0.03276143983958262,0.003819513918434485,-0.003316369680483,-0.007654243337798695,-0.0036263725535621064,0.0004778647928375885,-0.006867625730432349,0.006472166087847422,-0.007072462557145079,-0.006233661416862419,-9.072108775601436e-5,-0.0019678852686400806,0.000518227508843844,0.012326018073130572,-0.001982593284906331,0.002720279734939277,-0.00962586032454205,0.003084530562785282,0.002888025762888126,0.004297946947343675,0.003819513918434485,0.018967703633127,-0.004932580111711427,-0.003043420648053818,-0.0013023778131886425,0.0003795377042707857,-0.004532692262485337,0.0018753887577816365,0.00403966250705721,-0.004869924768906164,0.006019350623119668,-0.0027509438641876217,0.006098997075900848,0.0017748275044022863,-0.007637499509440754,-0.0025257483427191126,-0.005378600740100001,-0.011445588269779615,0.0038147331372086514,-0.019563590241402154,-0.003316369680483,-0.004932580111711427,0.042562080205343696,-0.0014437479440330106,0.01059945314026982,-0.005874743559202188,-0.005938874119933119,0.007486368511355469,-0.002270190406582542,0.005170144328390073,-0.015324431548952754,0.011447171933804855,0.0010730734774177407,-0.002473866853186235,-0.0035758331662125668,-0.008568526108606467,0.006397661073158133,0.005170682761985721,-0.0002991596116537343,0.002201585323594331,-0.007654243337798695,-0.003043420648053818,-0.0014437479440330106,0.03984330909935496,5.894593618391652e-6,-0.0014092772798286316,-0.00013093253216565803,-0.0081739190121011,0.010044121419912531,-0.0023400570121000102,-0.0004759617865301077,0.0039807871061422855,-0.009511182107072975,-0.011064966042510047,-0.011310277384227255,0.006906006661086926,0.004602589927611699,-0.004628126075766317,-0.000651507944493403,-0.01141709488246561,-0.0036263725535621064,-0.0013023778131886425,0.01059945314026982,5.894593618391652e-6,0.025906509783558,-0.0037677302826236913,-0.007717406197437011,0.005202976222903729,-0.008666162368236634,6.346961770535869e-5,-0.0031026304195203524,0.0009099539617055825,0.00228872191877285,0.0024360522268185372,-0.003940027967004139,-0.0026107905109005493,0.0070058583725694425,0.002955407658618084,-0.0023428118155723113,0.0024986314269990467,0.0004778647928375885,0.0003795377042707857,-0.005874743559202188,-0.0014092772798286316,-0.0037677302826236913,0.024652426935480413,0.006616258861988984,-0.003108570427598631,0.006450791034312422,0.003885713309632983,0.0025910676862241277,0.0025780648049803694,0.0007661069765353529,-0.002662232626051625,-0.0005553295197139837,0.0011262795843188932,-0.008477440115909101,-0.003954560789189704,-0.0019862956818599686,-0.003627504922453357,-0.006867625730432349,-0.004532692262485337,-0.005938874119933119,-0.00013093253216565803,-0.007717406197437011,0.006616258861988984,0.059698242429629136,-0.01820154238758486,0.0034289282567780124,0.017122231120718007,0.0039238244637376535,-0.0023075220812134338,-0.0018592569380953094,-0.02085344326373252,-0.00382760394253374,-0.007956653264815254,0.012188824826535494,-0.007482767719275968,0.00169828497410319,-0.009115387227623006,0.006472166087847422,0.0018753887577816365,0.007486368511355469,-0.0081739190121011,0.005202976222903729,-0.003108570427598631,-0.01820154238758486,0.02872959797339168,-0.0009197503463680725,-0.006795451260085026,-0.0020722268012992005,0.006805631266321867,0.007739222658948085,0.010839608828339222,-0.004409285459679276,-0.00031156861100774496,-0.013454963203042788,-0.004266856455708809,-0.003696643668194936,0.0015655944301592095,-0.007072462557145079,0.00403966250705721,-0.002270190406582542,0.010044121419912531,-0.008666162368236634,0.006450791034312422,0.0034289282567780124,-0.0009197503463680725,0.034151037649344684,-0.011223473555227428,0.0023460594976874227,0.0048940421390907644,0.0033341989616858434,-0.010346288505665574,-0.008201976205520552,0.010535636454455474,-0.013847896843053351,0.0008908884272957615,0.005339318535561067,-0.002391665672310684,-0.006233661416862419,-0.004869924768906164,0.005170144328390073,-0.0023400570121000102,6.346961770535869e-5,0.003885713309632983,0.017122231120718007,-0.006795451260085026,-0.011223473555227428,0.028712082968742808,-0.0011588291274912356,-0.003855881288535082,-0.0011222133389970216,-0.008653810082628971,0.005672089586916486,-0.013853071288429188,0.012015974030513604,0.0038554171936705317,0.004218966420304754,0.006119265896210639,-9.072108775601436e-5,0.006019350623119668,-0.015324431548952754,-0.0004759617865301077,-0.0031026304195203524,0.0025910676862241277,0.0039238244637376535,-0.0020722268012992005,0.0023460594976874227,-0.0011588291274912356,0.02068064122291103,-0.0027605921988140695,0.004066491761581569,-0.0012892723108986013,-0.0045385758923414225,0.0011554274552622195,-0.0014603666478195157,-0.008424194393997417,0.0011159456378426061,-0.012843614052046749,-0.0019678852686400806,-0.0027509438641876217,0.011447171933804855,0.0039807871061422855,0.0009099539617055825,0.0025780648049803694,-0.0023075220812134338,0.006805631266321867,0.0048940421390907644,-0.003855881288535082,-0.0027605921988140695,0.03084363971431699,-0.003993961029093355,-0.005123087447150366,-0.008113569797851767,-0.007641313104107537,-0.0018615682139835337,0.001985970572289474,0.0028417685779577578,-0.0024407019713814843,0.000518227508843844,0.006098997075900848,0.0010730734774177407,-0.009511182107072975,0.00228872191877285,0.0007661069765353529,-0.0018592569380953094,0.007739222658948085,0.0033341989616858434,-0.0011222133389970216,0.004066491761581569,-0.003993961029093355,0.02400719727915446,0.0014190147040612764,-0.003400781978483998,-0.0060862622592356965,-0.003762233121450188,0.00022225847686839045,-0.003480930370937262,0.005422505197259262,0.012326018073130572,0.0017748275044022863,-0.002473866853186235,-0.011064966042510047,0.0024360522268185372,-0.002662232626051625,-0.02085344326373252,0.010839608828339222,-0.010346288505665574,-0.008653810082628971,-0.0012892723108986013,-0.005123087447150366,0.0014190147040612764,0.040066242176643355,0.004354075651616458,0.009768860663627258,-0.01786842705802271,0.0026363270934380055,0.0015418664041404041,0.0009490352116771496,-0.001982593284906331,-0.007637499509440754,-0.0035758331662125668,-0.011310277384227255,-0.003940027967004139,-0.0005553295197139837,-0.00382760394253374,-0.004409285459679276,-0.008201976205520552,0.005672089586916486,-0.0045385758923414225,-0.008113569797851767,-0.003400781978483998,0.004354075651616458,0.03332891256381645,-0.0012929230413552054,0.00676179902340182,0.0006200267762774914,-0.0014425195154276812,0.005675777567272975,0.002720279734939277,-0.0025257483427191126,-0.008568526108606467,0.006906006661086926,-0.0026107905109005493,0.0011262795843188932,-0.007956653264815254,-0.00031156861100774496,0.010535636454455474,-0.013853071288429188,0.0011554274552622195,-0.007641313104107537,-0.0060862622592356965,0.009768860663627258,-0.0012929230413552054,0.03553083122721974,-0.006176494981665953,-0.002254440966817079,0.003889643482097322,-0.007060329179808903,-0.00962586032454205,-0.005378600740100001,0.006397661073158133,0.004602589927611699,0.0070058583725694425,-0.008477440115909101,0.012188824826535494,-0.013454963203042788,-0.013847896843053351,0.012015974030513604,-0.0014603666478195157,-0.0018615682139835337,-0.003762233121450188,-0.01786842705802271,0.00676179902340182,-0.006176494981665953,0.03948755220755422
0.04773660187953443,-0.010584643226655614,-0.005817027995111454,-0.012598373266169062,0.0021474382784355305,-0.003928292131223485,-0.001295712294686,0.0034532896052426607,-0.010166992976830097,0.0033149982198307044,0.004587433741697526,-0.003829272481615815,0.0043925583450704735,0.01971444917233807,0.028013835103482952,0.008064479885196926,0.0019449859310323053,-0.021737194641001018,-0.014238150363519686,-0.009089584061725529,-0.010584643226655614,0.030588587048988397,-0.0013469139818859197,0.008814999519439246,-0.006349689529227834,-0.00217282181466228,-0.003448181788629618,0.01022026095114844,0.0015071548564398562,-0.0010954005734063047,0.004144294923212385,-0.0014629316794198028,-0.0025659138375531865,-0.003921748467961476,-0.021382482134816604,-0.007195966880306237,-0.0008453593440166544,0.006537730955373038,0.00612020401088161,0.00525589200468609,-0.005817027995111454,-0.0013469139818859197,0.023240282273272756,0.003965817664479442,0.002314170809941541,0.00702619965720949,-0.002023612663247141,-8.157819221025358e-5,0.002672038508961083,0.0027222070320007613,0.0013230207538078168,0.004619199262655841,-0.0045682955710205034,-0.003074304883592109,-0.0010409968802912429,-0.0005651771538262463,0.002957226579843074,0.0009996097086304699,0.0030298939395992574,-0.0009039457246777954,-0.012598373266169062,0.008814999519439246,0.003965817664479442,0.029407354807542745,-0.007262697265092341,0.006969484400505564,0.00010422075944670796,0.006559793217395946,0.006618329601324448,0.002869481827673358,-0.0008744539154391939,0.0028220861871890925,0.000149765525820555,-0.009853403187560065,-0.014401372821974089,-0.004131908338504407,0.000922172899407401,-0.001947522767586285,0.003127004243707673,0.006858930041622077,0.0021474382784355305,-0.006349689529227834,0.002314170809941541,-0.007262697265092341,0.025244800052706913,-0.00522246137247946,0.0032449453134343192,-0.004069375463752073,-0.001416276099326005,-0.003683212990002846,0.006348232149286404,0.005478161240846765,0.003586808854469094,0.008431097534014685,-0.0019933053326663818,0.009683469552201437,-0.006064760610645916,0.008810418515481047,-0.005906295483581507,0.00021595955832693647,-0.003928292131223485,-0.00217282181466228,0.00702619965720949,0.006969484400505564,-0.00522246137247946,0.033416696471352085,0.008118777500990649,-0.002351371004752168,0.004559387330708337,-0.0043619969143195055,-0.00875637265006085,-1.3346446718962593e-5,0.0010844651138694136,-0.0072895369820791,0.004735174884699983,-0.0011583791779637676,0.004875895635326285,0.0022517392091919736,-0.0027068492719792966,0.006072604399976495,-0.001295712294686,-0.003448181788629618,-0.002023612663247141,0.00010422075944670796,0.0032449453134343192,0.008118777500990649,0.02452928387643981,-0.009489230272011945,0.005837726711006103,0.00311840846813442,-0.005280136174497352,-0.0017526217945001308,0.013145507390445094,-0.0054830918538082505,0.004973547129534546,0.0047852944964336275,-0.0023077245389422664,-0.002076484706317835,0.0014241401027787091,-0.004064224925610092,0.0034532896052426607,0.01022026095114844,-8.157819221025358e-5,0.006559793217395946,-0.004069375463752073,-0.002351371004752168,-0.009489230272011945,0.03276761643911647,-0.0014221380952238556,0.002801216238095705,0.006975701826772415,-0.0023919843078707625,-0.004326956474949435,0.002051791996909814,-0.003434935184818951,-0.004878295858902196,-0.0016146009200141828,-0.0022618217363604785,-0.00526779311422262,0.007653575503286604,-0.010166992976830097,0.0015071548564398562,0.002672038508961083,0.006618329601324448,-0.001416276099326005,0.004559387330708337,0.005837726711006103,-0.0014221380952238556,0.023675218045802398,0.00531834354107253,-0.004963396209848628,-0.0036578848021915147,0.009260940182291766,-0.005540082697235931,-0.005711591498636051,-0.0018341313590266345,0.004062788012380905,-0.0041862321330752355,0.010011767016838466,0.004026105742565271,0.0033149982198307044,-0.0010954005734063047,0.0027222070320007613,0.002869481827673358,-0.003683212990002846,-0.0043619969143195055,0.00311840846813442,0.002801216238095705,0.00531834354107253,0.027896823866183675,-0.0003112018653374086,-0.004141033518794075,-0.004338882476296541,-0.005393871208209789,0.007355040069446272,-0.0014970371742827101,-0.00025530090172908384,-0.011274275303038445,0.0028981165854267995,0.0016120264249957373,0.004587433741697526,0.004144294923212385,0.0013230207538078168,-0.0008744539154391939,0.006348232149286404,-0.00875637265006085,-0.005280136174497352,0.006975701826772415,-0.004963396209848628,-0.0003112018653374086,0.024356686918761028,0.006130813167962606,-0.005082231686329224,0.009812677574131737,-0.004993273566989271,0.005055389990229045,-0.0020699772439033096,0.004778396875925449,-0.004793384974833692,0.0018988331452343696,-0.003829272481615815,-0.0014629316794198028,0.004619199262655841,0.0028220861871890925,0.005478161240846765,-1.3346446718962593e-5,-0.0017526217945001308,-0.0023919843078707625,-0.0036578848021915147,-0.004141033518794075,0.006130813167962606,0.01893725927392649,-0.0036112609431593933,0.002231474868947876,-0.004174950652598854,0.0024422063407760304,-0.00344362905833331,0.005725822811245994,-0.001070902354088029,0.0006967064362771635,0.0043925583450704735,-0.0025659138375531865,-0.0045682955710205034,0.000149765525820555,0.003586808854469094,0.0010844651138694136,0.013145507390445094,-0.004326956474949435,0.009260940182291766,-0.004338882476296541,-0.005082231686329224,-0.0036112609431593933,0.029883130723609104,0.0018429418789462733,0.0006402075175214298,0.001981590324741631,-0.0018274103341700673,-0.005295835394250971,-0.001941898328703839,-0.0018448648737187981,0.01971444917233807,-0.003921748467961476,-0.003074304883592109,-0.009853403187560065,0.008431097534014685,-0.0072895369820791,-0.0054830918538082505,0.002051791996909814,-0.005540082697235931,-0.005393871208209789,0.009812677574131737,0.002231474868947876,0.0018429418789462733,0.030947613166776855,0.009753601951481542,0.008542794870639036,0.0063468461617121824,-0.0009690848654436317,-0.0029938720570182546,-0.003090930379227379,0.028013835103482952,-0.021382482134816604,-0.0010409968802912429,-0.014401372821974089,-0.0019933053326663818,0.004735174884699983,0.004973547129534546,-0.003434935184818951,-0.005711591498636051,0.007355040069446272,-0.004993273566989271,-0.004174950652598854,0.0006402075175214298,0.009753601951481542,0.052210167341751185,0.004592248649721141,0.006200644564682108,-0.0158062235963283,-0.011884316404885955,-0.010579786934946427,0.008064479885196926,-0.007195966880306237,-0.0005651771538262463,-0.004131908338504407,0.009683469552201437,-0.0011583791779637676,0.0047852944964336275,-0.004878295858902196,-0.0018341313590266345,-0.0014970371742827101,0.005055389990229045,0.0024422063407760304,0.001981590324741631,0.008542794870639036,0.004592248649721141,0.018615769905892574,-0.0017577768811736568,-0.0012048709625930721,-0.007483083042425071,-0.0026816542673996756,0.0019449859310323053,-0.0008453593440166544,0.002957226579843074,0.000922172899407401,-0.006064760610645916,0.004875895635326285,-0.0023077245389422664,-0.0016146009200141828,0.004062788012380905,-0.00025530090172908384,-0.0020699772439033096,-0.00344362905833331,-0.0018274103341700673,0.0063468461617121824,0.006200644564682108,-0.0017577768811736568,0.020575229616973254,-0.004082210521712407,0.004398351307021549,0.0014731128334928814,-0.021737194641001018,0.006537730955373038,0.0009996097086304699,-0.001947522767586285,0.008810418515481047,0.0022517392091919736,-0.002076484706317835,-0.0022618217363604785,-0.0041862321330752355,-0.011274275303038445,0.004778396875925449,0.005725822811245994,-0.005295835394250971,-0.0009690848654436317,-0.0158062235963283,-0.0012048709625930721,-0.004082210521712407,0.04393997836639043,-0.002515780699699814,0.007389607567813419,-0.014238150363519686,0.00612020401088161,0.0030298939395992574,0.003127004243707673,-0.005906295483581507,-0.0027068492719792966,0.0014241401027787091,-0.00526779311422262,0.010011767016838466,0.0028981165854267995,-0.004793384974833692,-0.001070902354088029,-0.001941898328703839,-0.0029938720570182546,-0.011884316404885955,-0.007483083042425071,0.004398351307021549,-0.002515780699699814,0.02285736670275646,0.006573030729715298,-0.009089584061725529,0.00525589200468609,-0.0009039457246777954,0.006858930041622077,0.00021595955832693647,0.006072604399976495,-0.004064224925610092,0.007653575503286604,0.004026105742565271,0.0016120264249957373,0.0018988331452343696,0.0006967064362771635,-0.0018448648737187981,-0.003090930379227379,-0.010579786934946427,-0.0026816542673996756,0.0014731128334928814,0.007389607567813419,0.006573030729715298,0.019274482674223093
