0.05623874492462219,0.021640446016568175,0.005231882385371405,0.023830369312457904,0.009132089154625095,-0.02959151968870437,0.005086019680184755,0.03301638212895869,-0.013676926101176823,0.004002787956943065,-0.014018606733314256,-0.038141540169551624,-0.013537026266340598,-0.015506574475709245,0.0024521931306716637,0.01409332062234733,-0.015000102270214193,-0.022198871909103746,0.021890548219356758,0.03220012926668766,0.021640446016568175,0.0698542005877025,-0.011265094641502698,0.019249216493716786,-0.0030241631496254217,-0.02161688774228772,0.003213365492420419,0.04295986322081341,-0.011640064962154176,0.005548248070837139,-0.01690221015568297,-0.050401489583608454,-0.006294925160087229,-0.02705285098525914,0.0015448528050949607,-0.011942674483883784,-0.03526766424132355,-0.019451235113936975,0.02160084497901484,0.03415242552599544,0.005231882385371405,-0.011265094641502698,0.05049382765762444,-0.009635333174061768,0.01250204245544542,-0.006836110834108762,-0.003039953508181683,-0.0018507636078729144,0.008743264909841024,-0.001984409493132304,0.0068870820863872854,0.026809979459016683,0.002233737299456592,0.013258373523235042,0.004144529801088709,-0.0031869805361568956,0.0049072078477972805,0.005167548428414067,0.005370043831493141,-0.009657787891357968,0.023830369312457904,0.019249216493716786,-0.009635333174061768,0.04932363509274183,0.006324678795113789,-0.0013639901210092844,0.012442763593776777,0.011551941389731873,-0.011335540291526319,0.014031536670093672,0.0019003953037518228,-0.031336095777263165,-0.007824326969120747,-0.01854716054334988,0.0036790618979882436,0.00927449372372341,-0.004757928824502159,-0.02122095708977055,0.007143430582252634,0.01697161970121448,0.009132089154625095,-0.0030241631496254217,0.01250204245544542,0.006324678795113789,0.025964763079373704,-0.005893156924830211,-0.0009630711133264151,0.007903751293151805,0.004608369852543411,0.005327519934362715,0.003649502261236122,-0.004195157930658023,0.009447497271325005,-0.003604243210535395,0.011922762324128179,-0.012873790724144043,0.005845946625316194,-0.009990634683957247,0.006007169439023396,0.004001802697241559,-0.02959151968870437,-0.02161688774228772,-0.006836110834108762,-0.0013639901210092844,-0.005893156924830211,0.06891000638791735,-0.013887988708558754,-0.03467447017112043,0.01775327048168502,-0.023114522182198165,0.017250161908969216,0.031220451163669602,0.008629792928849248,0.022488613856320804,-0.008630545043112493,0.025787418575682685,0.03021322971055895,0.018885061165761337,-0.024195278650007868,-0.03495262630803465,0.005086019680184755,0.003213365492420419,-0.003039953508181683,0.012442763593776777,-0.0009630711133264151,-0.013887988708558754,0.026129757782984972,0.008038252159601123,-0.011160774607025581,0.01406332227894483,-0.008222805982750561,-0.022160405215198943,-0.003600799805530888,-0.008156472084872184,0.013353967985494373,-0.0017444171043815258,0.0019482281156924526,-0.009987880754823717,-0.004362363716155915,0.0002615101517290974,0.03301638212895869,0.04295986322081341,-0.0018507636078729144,0.011551941389731873,0.007903751293151805,-0.03467447017112043,0.008038252159601123,0.08164067541431697,-0.010766376125765142,0.000991315669729961,-0.026074591928515342,-0.05701524422273212,-0.0006590429434976733,-0.025621942255150056,0.004912185849385993,-0.020233741664771657,-0.038874171872728104,-0.020308293345298694,0.028175186671781864,0.05779968460882511,-0.013676926101176823,-0.011640064962154176,0.008743264909841024,-0.011335540291526319,0.004608369852543411,0.01775327048168502,-0.011160774607025581,-0.010766376125765142,0.05898716600148966,-0.002978471696066828,0.011006371791323214,0.028010838187870098,0.01821111558292666,0.0013011485648243219,0.001757645178466145,-0.02253679124935938,0.006387864767572494,0.019556355811693762,-0.003818534895949944,-0.021881569780740327,0.004002787956943065,0.005548248070837139,-0.001984409493132304,0.014031536670093672,0.005327519934362715,-0.023114522182198165,0.01406332227894483,0.000991315669729961,-0.002978471696066828,0.054434767843356366,0.001207694466577044,-0.016413123082063923,-0.0037727499443197822,-0.02182627862907922,0.020397189775599765,-0.019937563631532818,0.005193555275364107,-0.013291328210447161,0.001237901976212646,0.00209122449737265,-0.014018606733314256,-0.01690221015568297,0.0068870820863872854,0.0019003953037518228,0.003649502261236122,0.017250161908969216,-0.008222805982750561,-0.026074591928515342,0.011006371791323214,0.001207694466577044,0.049063118070766985,0.02343448792483996,0.016947467544564724,0.019685167485269772,0.016516193023246924,0.00017675346417764639,0.019113973880881534,-0.0012207465441959283,-0.005353336355955536,-0.018614700299535145,-0.038141540169551624,-0.050401489583608454,0.026809979459016683,-0.031336095777263165,-0.004195157930658023,0.031220451163669602,-0.022160405215198943,-0.05701524422273212,0.028010838187870098,-0.016413123082063923,0.02343448792483996,0.11034570574836479,-0.0015215931823624592,0.037448863567903334,-0.010637721011407163,0.017584320677986598,0.03074243468655285,0.03659351551904393,-0.009129111248768508,-0.04979221442432802,-0.013537026266340598,-0.006294925160087229,0.002233737299456592,-0.007824326969120747,0.009447497271325005,0.008629792928849248,-0.003600799805530888,-0.0006590429434976733,0.01821111558292666,-0.0037727499443197822,0.016947467544564724,-0.0015215931823624592,0.0529327044845027,0.02507377470034259,0.020900322469948857,-0.025939677157029023,0.0038819596005797105,0.006480855008164208,-0.005890140756567481,-0.01753620610363385,-0.015506574475709245,-0.02705285098525914,0.013258373523235042,-0.01854716054334988,-0.003604243210535395,0.022488613856320804,-0.008156472084872184,-0.025621942255150056,0.0013011485648243219,-0.02182627862907922,0.019685167485269772,0.037448863567903334,0.02507377470034259,0.06467088455794297,-0.0036279593097677796,0.018755625810466886,0.013922281043256438,0.023705250480366404,-0.009518233031056367,-0.0268171877021338,0.0024521931306716637,0.0015448528050949607,0.004144529801088709,0.0036790618979882436,0.011922762324128179,-0.008630545043112493,0.013353967985494373,0.004912185849385993,0.001757645178466145,0.020397189775599765,0.016516193023246924,-0.010637721011407163,0.020900322469948857,-0.0036279593097677796,0.05234065368422015,-0.02818139660857564,0.00966577813015338,-0.020494039379028568,0.002844147002649759,-0.006641972216646941,0.01409332062234733,-0.011942674483883784,-0.0031869805361568956,0.00927449372372341,-0.012873790724144043,0.025787418575682685,-0.0017444171043815258,-0.020233741664771657,-0.02253679124935938,-0.019937563631532818,0.00017675346417764639,0.017584320677986598,-0.025939677157029023,0.018755625810466886,-0.02818139660857564,0.09369527213346315,0.00859617288696652,0.006272279908729587,-0.0009513716273507012,-0.0055414761449141085,-0.015000102270214193,-0.03526766424132355,0.0049072078477972805,-0.004757928824502159,0.005845946625316194,0.03021322971055895,0.0019482281156924526,-0.038874171872728104,0.006387864767572494,0.005193555275364107,0.019113973880881534,0.03074243468655285,0.0038819596005797105,0.013922281043256438,0.00966577813015338,0.00859617288696652,0.06417648498524012,0.002460136223223257,-0.021449291590968207,-0.030372385362609562,-0.022198871909103746,-0.019451235113936975,0.005167548428414067,-0.02122095708977055,-0.009990634683957247,0.018885061165761337,-0.009987880754823717,-0.020308293345298694,0.019556355811693762,-0.013291328210447161,-0.0012207465441959283,0.03659351551904393,0.006480855008164208,0.023705250480366404,-0.020494039379028568,0.006272279908729587,0.002460136223223257,0.05112485905915816,-0.016986068005487756,-0.020306350957139237,0.021890548219356758,0.02160084497901484,0.005370043831493141,0.007143430582252634,0.006007169439023396,-0.024195278650007868,-0.004362363716155915,0.028175186671781864,-0.003818534895949944,0.001237901976212646,-0.005353336355955536,-0.009129111248768508,-0.005890140756567481,-0.009518233031056367,0.002844147002649759,-0.0009513716273507012,-0.021449291590968207,-0.016986068005487756,0.052367335525505605,0.03049663570259413,0.03220012926668766,0.03415242552599544,-0.009657787891357968,0.01697161970121448,0.004001802697241559,-0.03495262630803465,0.0002615101517290974,0.05779968460882511,-0.021881569780740327,0.00209122449737265,-0.018614700299535145,-0.04979221442432802,-0.01753620610363385,-0.0268171877021338,-0.006641972216646941,-0.0055414761449141085,-0.030372385362609562,-0.020306350957139237,0.03049663570259413,0.07892678014349051
0.04714258671583947,-0.03487913811855325,0.010837565265386982,-0.021534415178263107,0.009326696980645194,-0.01313379110491503,-0.02022307124044806,-0.006155151600784413,0.01272284026820998,-0.0019798287394808987,-0.009892710891755075,-0.01330426594593489,0.017071536692562204,0.013042799600347422,-0.024596305800663007,0.002299416600587123,0.02007317309545787,0.007839530737732595,0.010904761924473214,-0.010487938815686531,-0.03487913811855325,0.12480808767412416,0.0229162245817214,0.08164162503366279,-0.04347080066607852,0.021166852533842796,0.04168317335334058,-0.005600165699844825,-0.08741873904079944,0.007318013738461762,0.019091614022319486,0.05826021816803655,-0.046507370576078136,-0.042399327535913515,0.07765295697330868,-0.008252670084014233,-0.06403026862551332,-0.09493788406662515,-0.02405732431684443,-0.006069691578595542,0.010837565265386982,0.0229162245817214,0.09401423047379821,0.020146862166417052,-0.019463605613142615,0.004519314066456247,-0.001920363096916956,-0.021001465600864914,-0.04452936247581081,-0.05935548552826313,0.0008378445480322272,0.032520044256325445,-0.04513676682087478,0.01136207690155173,0.05138831599829874,-0.011647360533463503,-0.016895201872829873,-0.014924494806155774,-0.0067986109719449395,-0.012690685059452098,-0.021534415178263107,0.08164162503366279,0.020146862166417052,0.18073791583552323,-0.034099080268923956,0.03302710458173495,0.020421695509808824,0.01953822581751994,-0.09514461567629348,0.0009453067045069228,0.0725288994839905,0.05239744688891298,-0.08171947443335098,-0.03769850043961835,0.09363207596466211,-0.011686863273287926,-0.09295323996037874,-0.1369368761398549,-0.020187128044957897,-0.02933587010892033,0.009326696980645194,-0.04347080066607852,-0.019463605613142615,-0.034099080268923956,0.06491845644128595,-0.004599585719833298,-0.029920143922690504,0.005086795281912039,0.039719808736629454,-0.003960235060510485,-0.01762480383182303,-0.04007329616986602,0.011263231835492203,0.02050208725944444,-0.03101014042571187,0.012211587731644848,0.02070146599908891,0.042752822244274236,0.011913669140408185,0.012109029320263951,-0.01313379110491503,0.021166852533842796,0.004519314066456247,0.03302710458173495,-0.004599585719833298,0.03254562957608641,0.0060047699701061994,0.009483541416748937,-0.03392199994280831,-0.007727085444915335,0.01266041060818419,0.010497991386869094,-0.025128699556282053,-0.015323105748451187,0.032171364354617524,-0.005451332858193235,-0.019419250391419583,-0.02344363958408759,-0.002105799030332793,-0.002813688053050354,-0.02022307124044806,0.04168317335334058,-0.001920363096916956,0.020421695509808824,-0.029920143922690504,0.0060047699701061994,0.09423377784001519,0.002225244585569616,-0.0443705990689756,0.02518221622975292,0.0369168364998333,0.033596080697980535,-0.00477197771888037,-0.039153618881882464,0.013311369476094608,-0.0056364496898059155,-0.021418026198944513,-0.05342896576423594,-0.022848520241385603,-0.012745331981964616,-0.006155151600784413,-0.005600165699844825,-0.021001465600864914,0.01953822581751994,0.005086795281912039,0.009483541416748937,0.002225244585569616,0.052596552535913305,-0.015407727565913241,0.00108534009140054,0.021222298426164323,-0.004928611976763376,-0.027402611117305103,0.004174386417706703,0.010147600244509256,-0.007168277332881083,-0.020264974653672767,-0.0037764916775959085,0.0003639957159597912,-0.0050644065384080235,0.01272284026820998,-0.08741873904079944,-0.04452936247581081,-0.09514461567629348,0.039719808736629454,-0.03392199994280831,-0.0443705990689756,-0.015407727565913241,0.1440427967078441,0.02096343740675282,-0.045159856751391114,-0.059351894466855,0.07293071880092061,0.04231568298900047,-0.09501340076504039,0.020101160601362005,0.056253805945354916,0.10466693324004586,0.022964023117467633,0.02931000106972867,-0.0019798287394808987,0.007318013738461762,-0.05935548552826313,0.0009453067045069228,-0.003960235060510485,-0.007727085444915335,0.02518221622975292,0.00108534009140054,0.02096343740675282,0.09650520565400764,0.010220090115421156,-0.015378009862040735,0.04088369917047982,-0.034777439473717475,-0.04136205215770865,0.009697773013605443,-0.00435515963365382,-0.033388207507828366,-0.003396581881605425,-0.001429177348359616,-0.009892710891755075,0.019091614022319486,0.0008378445480322272,0.0725288994839905,-0.01762480383182303,0.01266041060818419,0.0369168364998333,0.021222298426164323,-0.045159856751391114,0.010220090115421156,0.06731795896371078,0.027238049357561037,-0.03678209244958097,-0.01161579304050331,0.0326406304173975,-0.0036626612738636204,-0.03377626496450159,-0.06411123031878624,-0.01699013791617942,-0.023779697873654734,-0.01330426594593489,0.05826021816803655,0.032520044256325445,0.05239744688891298,-0.04007329616986602,0.010497991386869094,0.033596080697980535,-0.004928611976763376,-0.059351894466855,-0.015378009862040735,0.027238049357561037,0.06826914059391692,-0.0391819249428578,-0.019922944878525778,0.04455976381083315,-0.008484376914361543,-0.03841085792257368,-0.051839355077220144,-0.021611060952954134,-0.013082703485260208,0.017071536692562204,-0.046507370576078136,-0.04513676682087478,-0.08171947443335098,0.011263231835492203,-0.025128699556282053,-0.00477197771888037,-0.027402611117305103,0.07293071880092061,0.04088369917047982,-0.03678209244958097,-0.0391819249428578,0.10785785027031151,0.0059219675216832905,-0.07486568559087509,0.017585737371732885,0.06119835426749268,0.04811403335915786,0.017623316960342195,0.009662082775964306,0.013042799600347422,-0.042399327535913515,0.01136207690155173,-0.03769850043961835,0.02050208725944444,-0.015323105748451187,-0.039153618881882464,0.004174386417706703,0.04231568298900047,-0.034777439473717475,-0.01161579304050331,-0.019922944878525778,0.0059219675216832905,0.05260718068496161,-0.022616885127534035,0.0033765874130395235,0.025388061842933372,0.06499342861464269,0.0068748185633545015,0.003965935919832483,-0.024596305800663007,0.07765295697330868,0.05138831599829874,0.09363207596466211,-0.03101014042571187,0.032171364354617524,0.013311369476094608,0.010147600244509256,-0.09501340076504039,-0.04136205215770865,0.0326406304173975,0.04455976381083315,-0.07486568559087509,-0.022616885127534035,0.11071754696411436,-0.01808681123017842,-0.06094586346063376,-0.07399493695995318,-0.0187075862026347,-0.01965768535345034,0.002299416600587123,-0.008252670084014233,-0.011647360533463503,-0.011686863273287926,0.012211587731644848,-0.005451332858193235,-0.0056364496898059155,-0.007168277332881083,0.020101160601362005,0.009697773013605443,-0.0036626612738636204,-0.008484376914361543,0.017585737371732885,0.0033765874130395235,-0.01808681123017842,0.02116887400215459,0.013208829405953075,0.0021128449902091074,0.0006445372075057882,0.0022419395659163785,0.02007317309545787,-0.06403026862551332,-0.016895201872829873,-0.09295323996037874,0.02070146599908891,-0.019419250391419583,-0.021418026198944513,-0.020264974653672767,0.056253805945354916,-0.00435515963365382,-0.03377626496450159,-0.03841085792257368,0.06119835426749268,0.025388061842933372,-0.06094586346063376,0.013208829405953075,0.08994141030085423,0.07614705438417334,0.014908582811983047,0.004223048535394748,0.007839530737732595,-0.09493788406662515,-0.014924494806155774,-0.1369368761398549,0.042752822244274236,-0.02344363958408759,-0.05342896576423594,-0.0037764916775959085,0.10466693324004586,-0.033388207507828366,-0.06411123031878624,-0.051839355077220144,0.04811403335915786,0.06499342861464269,-0.07399493695995318,0.0021128449902091074,0.07614705438417334,0.18680261682745644,0.02227298362165238,0.02649637292474876,0.010904761924473214,-0.02405732431684443,-0.0067986109719449395,-0.020187128044957897,0.011913669140408185,-0.002105799030332793,-0.022848520241385603,0.0003639957159597912,0.022964023117467633,-0.003396581881605425,-0.01699013791617942,-0.021611060952954134,0.017623316960342195,0.0068748185633545015,-0.0187075862026347,0.0006445372075057882,0.014908582811983047,0.02227298362165238,0.02953673795518926,0.004111366567066481,-0.010487938815686531,-0.006069691578595542,-0.012690685059452098,-0.02933587010892033,0.012109029320263951,-0.002813688053050354,-0.012745331981964616,-0.0050644065384080235,0.02931000106972867,-0.001429177348359616,-0.023779697873654734,-0.013082703485260208,0.009662082775964306,0.003965935919832483,-0.01965768535345034,0.0022419395659163785,0.004223048535394748,0.02649637292474876,0.004111366567066481,0.05207157646400876
