0.042575576373411264,-0.033841264242300585,0.009049245765971577,-0.019062382393774856,0.006168882554735659,-0.005464347760580359,-0.014030799840199427,-0.007423531071393203,0.005073050380545643,0.00016387612310791576,-0.0068030049390141786,-0.009025571516784238,0.01909929017709076,0.004502293590027389,-0.022259154776077428,0.00306104285463387,0.017851404445221306,0.004012880709840536,0.009517804652851276,-0.00894855312365491,-0.033841264242300585,0.0945875590456936,0.01726489540179367,0.054775818699278896,-0.025142406512716868,0.010121285261341265,0.026424689728500123,-0.007237764078279734,-0.04383785542492408,-0.005026977208344394,0.011779724285551227,0.04620907699710597,-0.03752246704267452,-0.011557963781263642,0.05479454569810384,-0.004796601085135728,-0.05626044464856206,-0.044698487576905546,-0.02526693119240054,0.0029362448225589205,0.009049245765971577,0.01726489540179367,0.0860153727981317,0.025725249708461816,-0.015004363138203173,0.013203843668573514,0.0018939892022965701,-0.027151294007004938,-0.03507115009694522,-0.056781185846155074,0.0071910035842740715,0.026554780476708548,-0.038480130359727235,0.00707344964336412,0.050487222321039055,-0.013706781233642232,-0.010645713207086294,-0.02109431208329978,-0.005366184999891632,-0.014492010788748285,-0.019062382393774856,0.054775818699278896,0.025725249708461816,0.10692542229459757,-0.02399957286801845,0.008295789469932778,0.012036749192588153,-0.00458271206742752,-0.03232099898705096,0.0008613605563970461,0.0351077624693222,0.03804523757174092,-0.03975571331362797,-0.008587641614725375,0.049706896672550696,-0.008069063946164717,-0.06617953067003532,-0.06140407904509637,-0.020962183206358738,-0.011931908774195542,0.006168882554735659,-0.025142406512716868,-0.015004363138203173,-0.02399957286801845,0.04020824419152707,-0.006436893486949697,-0.007918647843911162,0.0015029165293857709,0.02558579588412628,0.009954060548381008,-0.013444107921500845,-0.025359817568379836,0.013518603049592503,0.0005255334925701729,-0.020688019293986434,0.005825137125500243,0.010246573025192704,0.015158060202119138,0.007895228739020647,0.007539295552481083,-0.005464347760580359,0.010121285261341265,0.013203843668573514,0.008295789469932778,-0.006436893486949697,0.02074023224703634,0.005094734361762164,0.00610101185861229,-0.017651104175224176,-0.0039030338256885724,0.009469441706298057,0.00836193829525664,-0.021710352345203927,-0.003418358189439075,0.017216765486724312,-0.00236477008443253,-0.014365895982158997,-0.00572488492859157,-0.006438254313301179,6.251306634390554e-5,-0.014030799840199427,0.026424689728500123,0.0018939892022965701,0.012036749192588153,-0.007918647843911162,0.005094734361762164,0.05912959089564865,0.00203671684246926,-0.01643088954917333,0.016224590455274107,0.02409531857866403,0.016174137986707762,-0.007710930266182,-0.01960208188540636,0.007283217484370998,0.0005726107497138155,-0.021678769709031397,-0.03023200300661179,-0.018886968570247933,-0.0007531230201953489,-0.007423531071393203,-0.007237764078279734,-0.027151294007004938,-0.00458271206742752,0.0015029165293857709,0.00610101185861229,0.00203671684246926,0.040604761521806115,-0.008688811611374105,0.010806709393054453,0.007399564153012653,-0.008138094857709405,-0.005817885943997401,-0.004708412051647201,0.000998462326317329,-0.00022073694492490037,-0.004462133721921488,-0.003652184491735157,0.0010008199810317407,0.0027026298384282494,0.005073050380545643,-0.04383785542492408,-0.03507115009694522,-0.03232099898705096,0.02558579588412628,-0.017651104175224176,-0.01643088954917333,-0.008688811611374105,0.07989664625767716,0.025513060915174655,-0.02112252201303108,-0.04144908476498038,0.04873476558644606,0.008827981574870209,-0.04994544032585539,0.012950445364903525,0.03032966015351255,0.03684369618356203,0.02162879575107201,0.010452923267442165,0.00016387612310791576,-0.005026977208344394,-0.056781185846155074,0.0008613605563970461,0.009954060548381008,-0.0039030338256885724,0.016224590455274107,0.010806709393054453,0.025513060915174655,0.08775386974649904,0.015511130615728633,-0.014926876703030502,0.029976429806203034,-0.02143060965550502,-0.04506067046086924,0.015240837044145028,-0.011700132768628137,-0.013584265845468835,-0.0030083730793548703,-0.002100785221317169,-0.0068030049390141786,0.011779724285551227,0.0071910035842740715,0.0351077624693222,-0.013444107921500845,0.009469441706298057,0.02409531857866403,0.007399564153012653,-0.02112252201303108,0.015511130615728633,0.04455303069379222,0.020018008932991098,-0.02006824480089342,-0.007408859732874801,0.018453471450199793,0.0003919678583627988,-0.020975147578282775,-0.036539124662948994,-0.01502408162651939,-0.014261236492737119,-0.009025571516784238,0.04620907699710597,0.026554780476708548,0.03804523757174092,-0.025359817568379836,0.00836193829525664,0.016174137986707762,-0.008138094857709405,-0.04144908476498038,-0.014926876703030502,0.020018008932991098,0.056704581910892594,-0.03179284205345709,-0.009539651437051204,0.03546695025477255,-0.005151205009204315,-0.031229249560939087,-0.035590729891346984,-0.018728995906499735,-0.01057059832232939,0.01909929017709076,-0.03752246704267452,-0.038480130359727235,-0.03975571331362797,0.013518603049592503,-0.021710352345203927,-0.007710930266182,-0.005817885943997401,0.04873476558644606,0.029976429806203034,-0.02006824480089342,-0.03179284205345709,0.0683425669246757,0.007011541155340332,-0.053938266259223516,0.012739480339767937,0.03100605246330402,0.02790209718280793,0.014705151808770373,0.005710201378931863,0.004502293590027389,-0.011557963781263642,0.00707344964336412,-0.008587641614725375,0.0005255334925701729,-0.003418358189439075,-0.01960208188540636,-0.004708412051647201,0.008827981574870209,-0.02143060965550502,-0.007408859732874801,-0.009539651437051204,0.007011541155340332,0.02003964227882436,3.64074208038989e-5,-0.0023425972268130697,0.020981207637669978,0.019433329393630055,0.005352294252313219,-0.005747953745584716,-0.022259154776077428,0.05479454569810384,0.050487222321039055,0.049706896672550696,-0.020688019293986434,0.017216765486724312,0.007283217484370998,0.000998462326317329,-0.04994544032585539,-0.04506067046086924,0.018453471450199793,0.03546695025477255,-0.053938266259223516,3.64074208038989e-5,0.08225443144735406,-0.013530065246586516,-0.043539098126718856,-0.0329944570304084,-0.020015171293415603,-0.006656872494760839,0.00306104285463387,-0.004796601085135728,-0.013706781233642232,-0.008069063946164717,0.005825137125500243,-0.00236477008443253,0.0005726107497138155,-0.00022073694492490037,0.012950445364903525,0.015240837044145028,0.0003919678583627988,-0.005151205009204315,0.012739480339767937,-0.0023425972268130697,-0.013530065246586516,0.018497256642294464,0.004953614640157457,-0.003908537719909559,-0.0006570738715228686,-4.776190772593325e-5,0.017851404445221306,-0.05626044464856206,-0.010645713207086294,-0.06617953067003532,0.010246573025192704,-0.014365895982158997,-0.021678769709031397,-0.004462133721921488,0.03032966015351255,-0.011700132768628137,-0.020975147578282775,-0.031229249560939087,0.03100605246330402,0.020981207637669978,-0.043539098126718856,0.004953614640157457,0.07792722243094392,0.05924550579797521,0.013971583555455715,-0.0004005754561099121,0.004012880709840536,-0.044698487576905546,-0.02109431208329978,-0.06140407904509637,0.015158060202119138,-0.00572488492859157,-0.03023200300661179,-0.003652184491735157,0.03684369618356203,-0.013584265845468835,-0.036539124662948994,-0.035590729891346984,0.02790209718280793,0.019433329393630055,-0.0329944570304084,-0.003908537719909559,0.05924550579797521,0.09127442201545159,0.021430953587752002,0.005998100890115961,0.009517804652851276,-0.02526693119240054,-0.005366184999891632,-0.020962183206358738,0.007895228739020647,-0.006438254313301179,-0.018886968570247933,0.0010008199810317407,0.02162879575107201,-0.0030083730793548703,-0.01502408162651939,-0.018728995906499735,0.014705151808770373,0.005352294252313219,-0.020015171293415603,-0.0006570738715228686,0.013971583555455715,0.021430953587752002,0.029074433567785368,0.005885521955179413,-0.00894855312365491,0.0029362448225589205,-0.014492010788748285,-0.011931908774195542,0.007539295552481083,6.251306634390554e-5,-0.0007531230201953489,0.0027026298384282494,0.010452923267442165,-0.002100785221317169,-0.014261236492737119,-0.01057059832232939,0.005710201378931863,-0.005747953745584716,-0.006656872494760839,-4.776190772593325e-5,-0.0004005754561099121,0.005998100890115961,0.005885521955179413,0.04561475978045724
0.030386684002058028,0.017357498030693988,-0.0010639562741857373,0.010201235141251638,-0.004456066291288306,-0.01772242119332096,0.003900813005850618,0.018430800265299675,-0.006442321925701107,0.0020370897838942158,-0.00878131995957383,-0.013028225746711381,-0.017573265670717583,-0.014302209454656408,0.005352128624620181,0.007168116055236503,-0.016449294815843427,-0.010365538611438133,0.00988860926357193,0.013251394329245061,0.017357498030693988,0.039284891272101434,-0.0018745220474807194,0.00915322152049278,-0.005360698835520856,-0.018576511613667697,0.006260206952819535,0.01975647989572743,-0.00013052398050182834,0.0014535811504174626,-0.005613435012312532,-0.015360903228956715,-0.01216911976955606,-0.01508175754722209,0.008294908369637914,-0.0014174274772986999,-0.020588994790899547,-0.009587421268852706,0.011743962567531782,0.016441097724927696,-0.0010639562741857373,-0.0018745220474807194,0.030006401001290144,-0.009269673807675391,0.005309682810362412,-0.000723062864808874,-0.005158995773999664,0.0015764423183032006,0.006607415317589913,0.00026468299359113593,0.005104619968373884,0.008404636088855381,0.003475019695934562,0.0032026373937735233,0.0002871731197499692,-0.01263081760443635,-0.003406476745102865,0.004087587123755029,-1.7448656552568725e-6,-0.007273703561731454,0.010201235141251638,0.00915322152049278,-0.009269673807675391,0.026811979469693423,-0.0032548968566163206,-0.0031596545964404756,0.012018424295252062,0.0025880818069814464,0.0008987096971929978,0.006120639163768754,0.00047008088689744557,-0.0055688501878430234,-0.003620502872450005,-0.0068716741905894135,0.007587424641724657,0.007572795923907496,-0.0031245698179552103,-0.00634908455877372,-0.0005017196145278075,0.010660279889200604,-0.004456066291288306,-0.005360698835520856,0.005309682810362412,-0.0032548968566163206,0.015909621037722747,0.005882343042812615,-0.0030919344312074844,-0.004031216097775389,0.004504352132053368,-0.0017104828457791947,0.0049040556785234,0.002158916348319835,0.004492672642500151,0.0033832418242822713,0.0020693345542397634,-0.005074139494055193,0.006181884857381314,-0.001664276756634592,0.0005324543548005366,-0.006326257585076746,-0.01772242119332096,-0.018576511613667697,-0.000723062864808874,-0.0031596545964404756,0.005882343042812615,0.0394137810102114,-0.00899486650367097,-0.025127303709167742,0.0012805466387302194,-0.0059607819264533846,0.008064257715089595,0.016893951118759597,0.012880548437821385,0.01678306409612291,-0.0037086196141935084,0.008565938248049701,0.035503075375784975,0.011696551576189004,-0.009202845260836569,-0.02071583083084129,0.003900813005850618,0.006260206952819535,-0.005158995773999664,0.012018424295252062,-0.0030919344312074844,-0.00899486650367097,0.015566880014091022,0.002908746422744331,0.002843035199254773,0.005270344398354867,-0.0010571211842991673,-0.008696706608721962,-0.0035465979293939935,-0.004247515242117519,0.008008291167262645,0.0032179034321993694,-0.0040741194862057,-0.004037042449067352,-0.0013115131552353721,0.004946270953679577,0.018430800265299675,0.01975647989572743,0.0015764423183032006,0.0025880818069814464,-0.004031216097775389,-0.025127303709167742,0.002908746422744331,0.04040212738659439,9.108632534544778e-5,0.004400614135188993,-0.010572957036458167,-0.018236637515030768,-0.015276641645466597,-0.020391554820392593,-0.0015589054759031183,-0.003089686780830385,-0.02997998336450375,-0.014130868097191177,0.01282469784626673,0.02533509684513794,-0.006442321925701107,-0.00013052398050182834,0.006607415317589913,0.0008987096971929978,0.004504352132053368,0.0012805466387302194,0.002843035199254773,9.108632534544778e-5,0.0318811516286952,0.00993481588766032,0.005166634907072986,0.0032844451577022237,0.011088608138946791,0.0051998268742711375,0.009167237999972998,-0.019183819398170623,-0.0017098739266220037,0.0004100060803191031,-0.0022140985126553507,-0.0017046854938624879,0.0020370897838942158,0.0014535811504174626,0.00026468299359113593,0.006120639163768754,-0.0017104828457791947,-0.0059607819264533846,0.005270344398354867,0.004400614135188993,0.00993481588766032,0.023932137932024748,0.0017879348365449242,-0.0022820241070485676,-0.0015558770968424596,-0.004289798470825751,0.008676409846564322,-0.004187265167464312,-0.0038492822346351757,-0.006165889497085587,0.0038253812964753,0.0004947457389375314,-0.00878131995957383,-0.005613435012312532,0.005104619968373884,0.00047008088689744557,0.0049040556785234,0.008064257715089595,-0.0010571211842991673,-0.010572957036458167,0.005166634907072986,0.0017879348365449242,0.018982251669919382,0.00830899370821974,0.009918347474227315,0.008689233341774492,0.007907818221944553,-0.004274466740510753,0.010978133179862593,0.0004980838645882429,-0.0035398163911372887,-0.00895537094685973,-0.013028225746711381,-0.015360903228956715,0.008404636088855381,-0.0055688501878430234,0.002158916348319835,0.016893951118759597,-0.008696706608721962,-0.018236637515030768,0.0032844451577022237,-0.0022820241070485676,0.00830899370821974,0.03485081378650616,0.010678911861258262,0.012060193562759128,-7.35158827789989e-5,0.0030040523415099897,0.021213301197336012,0.012146175577742837,-0.011168821196170308,-0.01840709543070428,-0.017573265670717583,-0.01216911976955606,0.003475019695934562,-0.003620502872450005,0.004492672642500151,0.012880548437821385,-0.0035465979293939935,-0.015276641645466597,0.011088608138946791,-0.0015558770968424596,0.009918347474227315,0.010678911861258262,0.039114111173355226,0.02190969750125811,0.007820709559714336,-0.011045678867819129,0.012233236551736954,0.010031447646138676,-0.008764875417668565,-0.01674256951949249,-0.014302209454656408,-0.01508175754722209,0.0032026373937735233,-0.0068716741905894135,0.0033832418242822713,0.01678306409612291,-0.004247515242117519,-0.020391554820392593,0.0051998268742711375,-0.004289798470825751,0.008689233341774492,0.012060193562759128,0.02190969750125811,0.029618537105306177,-0.0015905385462949375,-0.0030365485662285766,0.015822907841171983,0.01427422892994871,-0.005631174951699948,-0.016542861931521907,0.005352128624620181,0.008294908369637914,0.0002871731197499692,0.007587424641724657,0.0020693345542397634,-0.0037086196141935084,0.008008291167262645,-0.0015589054759031183,0.009167237999972998,0.008676409846564322,0.007907818221944553,-7.35158827789989e-5,0.007820709559714336,-0.0015905385462949375,0.030086854033367375,-0.007875287180446135,0.00011242994961107047,-0.007461873406651507,-0.0005790654817771999,-0.002472614599934945,0.007168116055236503,-0.0014174274772986999,-0.01263081760443635,0.007572795923907496,-0.005074139494055193,0.008565938248049701,0.0032179034321993694,-0.003089686780830385,-0.019183819398170623,-0.004187265167464312,-0.004274466740510753,0.0030040523415099897,-0.011045678867819129,-0.0030365485662285766,-0.007875287180446135,0.04520673534951597,0.01018045843860067,0.0004272917354501384,0.002568774600706537,0.0014088690105693064,-0.016449294815843427,-0.020588994790899547,-0.003406476745102865,-0.0031245698179552103,0.006181884857381314,0.035503075375784975,-0.0040741194862057,-0.02997998336450375,-0.0017098739266220037,-0.0038492822346351757,0.010978133179862593,0.021213301197336012,0.012233236551736954,0.015822907841171983,0.00011242994961107047,0.01018045843860067,0.05312812840368292,0.010866028185275248,-0.016450416680113784,-0.023677715362962065,-0.010365538611438133,-0.009587421268852706,0.004087587123755029,-0.00634908455877372,-0.001664276756634592,0.011696551576189004,-0.004037042449067352,-0.014130868097191177,0.0004100060803191031,-0.006165889497085587,0.0004980838645882429,0.012146175577742837,0.010031447646138676,0.01427422892994871,-0.007461873406651507,0.0004272917354501384,0.010866028185275248,0.029477619139334346,-0.00900377960891934,-0.005706762696191739,0.00988860926357193,0.011743962567531782,-1.7448656552568725e-6,-0.0005017196145278075,0.0005324543548005366,-0.009202845260836569,-0.0013115131552353721,0.01282469784626673,-0.0022140985126553507,0.0038253812964753,-0.0035398163911372887,-0.011168821196170308,-0.008764875417668565,-0.005631174951699948,-0.0005790654817771999,0.002568774600706537,-0.016450416680113784,-0.00900377960891934,0.02741590139643481,0.008026237697345878,0.013251394329245061,0.016441097724927696,-0.007273703561731454,0.010660279889200604,-0.006326257585076746,-0.02071583083084129,0.004946270953679577,0.02533509684513794,-0.0017046854938624879,0.0004947457389375314,-0.00895537094685973,-0.01840709543070428,-0.01674256951949249,-0.016542861931521907,-0.002472614599934945,0.0014088690105693064,-0.023677715362962065,-0.005706762696191739,0.008026237697345878,0.041505023512437886
