0.012667981277536145,-0.0009734848962511761,0.005893657805763273,-0.001859404197234608,0.0023375532643302123,-0.0012901371148787751,0.003835583070964741,-0.0009415518300138065,-0.00017431210161345445,0.0015627201422827967,-0.0038658107644278274,-0.005341830534699276,0.0019917351474623033,0.000657798899377669,0.0012818097366733157,5.900194899470313e-6,-0.001570253775309511,-0.003368318946626523,0.00040721873443752923,-0.004833070934297902,-0.0009734848962511761,0.017130060856156808,-0.006781525774806877,-0.001603697887830179,0.00036344496733379053,0.0011324139888780668,0.0013143018761448022,0.0009749581544376948,0.000964625683776449,-0.0032065792508608115,0.0004282048527574204,-0.006980687677833738,0.00374864034963241,0.004069775662767905,-0.002753973706622102,0.0005830913874748415,-0.0005964234932528789,0.003050050281152464,-0.0014135895624815887,-0.00041786624799141953,0.005893657805763273,-0.006781525774806877,0.01900410262926652,0.003098960091057884,0.0015415311580381237,-0.00011083435806249475,-0.0025443534508373263,-0.001955317554318578,-0.003554065104432751,-0.004617604529567218,0.0007262069585043303,0.0015821067120767346,0.001453608724261463,-0.002891177636888494,-0.0037216160086990502,0.005795011180265083,0.00040836256051640304,-0.000995353928187344,-0.0018918651166282534,-0.0022801717414729235,-0.001859404197234608,-0.001603697887830179,0.003098960091057884,0.031763764322105106,-0.003466092519376146,0.0003766953983164458,0.0005596770938039167,0.0004184282757221443,0.0038928222994421657,-0.0018562320463175685,-0.0018772771492714013,0.001284321948294376,0.0031336342566615416,-0.0003061477674437178,-0.0033410039084656442,0.0009122657951400434,-0.0005456094164647761,-0.00078083985312178,-2.2332161661108534e-5,0.0004384556505666184,0.0023375532643302123,0.00036344496733379053,0.0015415311580381237,-0.003466092519376146,0.016408699401722918,-0.004889412812157859,-0.0028528726905489867,0.0003005456834083536,-0.0005489540833898983,0.002708058218900507,0.0006176216286413826,0.00204364265833043,-0.0031559986526907852,0.004208314031806756,0.002226998899866963,0.001117035417242891,-0.0016252384967188611,-0.003438422842868601,-0.0027046596355741444,-0.0012928725508599397,-0.0012901371148787751,0.0011324139888780668,-0.00011083435806249475,0.0003766953983164458,-0.004889412812157859,0.0279356195632355,0.007076873027435499,0.003056395505312317,0.0030039157036118157,-0.00020325768746999443,-0.007191356637779271,-0.0007154028575463366,0.0034601318446134525,-0.010585218146974074,0.005522923620954946,-0.004870993313362705,-0.004336073508100471,-0.002148818753091159,-0.0045784058317212585,0.004483773133237773,0.003835583070964741,0.0013143018761448022,-0.0025443534508373263,0.0005596770938039167,-0.0028528726905489867,0.007076873027435499,0.017366641569672624,-0.0003950068128540558,0.004608792445483826,0.0060466661374640775,-0.0006250078689298368,0.0017072056717965544,0.007017919720221262,-0.005723160935981233,0.003839425707089483,-0.0007406011921417925,-0.0035650110299109516,-0.004273604192974713,-4.6161445725286345e-5,-0.002052903248362958,-0.0009415518300138065,0.0009749581544376948,-0.001955317554318578,0.0004184282757221443,0.0003005456834083536,0.003056395505312317,-0.0003950068128540558,0.020597725202733494,0.0005957817076087191,0.0008745854474418189,-0.0004423895418439839,-0.007596825176828503,0.00198110024081775,0.004100762480921066,0.0023192087375404112,0.001211310906619885,5.939935957212828e-6,-0.004769307185382576,-0.0035238430172654326,0.004437253226216006,-0.00017431210161345445,0.000964625683776449,-0.003554065104432751,0.0038928222994421657,-0.0005489540833898983,0.0030039157036118157,0.004608792445483826,0.0005957817076087191,0.019924117028355438,0.004923107285146315,-0.0004193193128156052,0.0009080321933727392,0.006409560167609966,-0.004407269617257523,0.002891199452815875,-0.0019319753535990032,-0.003203624227367359,-0.0050868411842334045,0.0028258022836532273,-0.0008839648258183658,0.0015627201422827967,-0.0032065792508608115,-0.004617604529567218,-0.0018562320463175685,0.002708058218900507,-0.00020325768746999443,0.0060466661374640775,0.0008745854474418189,0.004923107285146315,0.03465497692912986,-0.002448551201171066,-0.0001922002178882198,-0.0003728330530552537,0.0012392032548540206,0.008729198715203014,0.0018363408621119444,-0.008413449180800964,-0.007165711895328053,-0.0036057444417537127,0.0014078669828446345,-0.0038658107644278274,0.0004282048527574204,0.0007262069585043303,-0.0018772771492714013,0.0006176216286413826,-0.007191356637779271,-0.0006250078689298368,-0.0004423895418439839,-0.0004193193128156052,-0.002448551201171066,0.015980550549791986,0.001591364888077724,-0.0013222704102427794,0.005315924329714307,-0.000764042944295137,0.0025956441686911464,0.0032319703047792095,-0.002268898106121192,0.0007958694639337683,-0.004185373805541373,-0.005341830534699276,-0.006980687677833738,0.0015821067120767346,0.001284321948294376,0.00204364265833043,-0.0007154028575463366,0.0017072056717965544,-0.007596825176828503,0.0009080321933727392,-0.0001922002178882198,0.001591364888077724,0.022658848899704757,-0.0027860685910534467,-0.0020253093329781176,-0.0017353793882861177,0.0038627088577060206,-0.006662990001562971,0.0013348678972668762,0.0013108628424705593,-0.0029076846089105984,0.0019917351474623033,0.00374864034963241,0.001453608724261463,0.0031336342566615416,-0.0031559986526907852,0.0034601318446134525,0.007017919720221262,0.00198110024081775,0.006409560167609966,-0.0003728330530552537,-0.0013222704102427794,-0.0027860685910534467,0.02153715476770065,-0.001538630894623879,-0.00330947000114012,-0.0046510577494911325,-0.0012365858555365866,-0.006260129232623561,-0.0001428498336181732,-0.0006469624235332617,0.000657798899377669,0.004069775662767905,-0.002891177636888494,-0.0003061477674437178,0.004208314031806756,-0.010585218146974074,-0.005723160935981233,0.004100762480921066,-0.004407269617257523,0.0012392032548540206,0.005315924329714307,-0.0020253093329781176,-0.001538630894623879,0.023871888448213578,-0.0006203518450034805,0.006999803381744187,0.007019531870759274,0.000376754700627084,0.00043472541509151895,-0.0012808184178373953,0.0012818097366733157,-0.002753973706622102,-0.0037216160086990502,-0.0033410039084656442,0.002226998899866963,0.005522923620954946,0.003839425707089483,0.0023192087375404112,0.002891199452815875,0.008729198715203014,-0.000764042944295137,-0.0017353793882861177,-0.00330947000114012,-0.0006203518450034805,0.029888883504237993,-0.002188996104402944,0.0009684813394499248,-0.0075908233852201865,-0.006579456811883273,-0.002706654594408021,5.900194899470313e-6,0.0005830913874748415,0.005795011180265083,0.0009122657951400434,0.001117035417242891,-0.004870993313362705,-0.0007406011921417925,0.001211310906619885,-0.0019319753535990032,0.0018363408621119444,0.0025956441686911464,0.0038627088577060206,-0.0046510577494911325,0.006999803381744187,-0.002188996104402944,0.014545087321266822,0.004071215178002399,-0.0028201922317740782,-5.935108667775261e-5,-0.0008622647599246182,-0.001570253775309511,-0.0005964234932528789,0.00040836256051640304,-0.0005456094164647761,-0.0016252384967188611,-0.004336073508100471,-0.0035650110299109516,5.939935957212828e-6,-0.003203624227367359,-0.008413449180800964,0.0032319703047792095,-0.006662990001562971,-0.0012365858555365866,0.007019531870759274,0.0009684813394499248,0.004071215178002399,0.019351839895092867,0.0038262476838081343,0.00010477558111348471,0.0020780300316676323,-0.003368318946626523,0.003050050281152464,-0.000995353928187344,-0.00078083985312178,-0.003438422842868601,-0.002148818753091159,-0.004273604192974713,-0.004769307185382576,-0.0050868411842334045,-0.007165711895328053,-0.002268898106121192,0.0013348678972668762,-0.006260129232623561,0.000376754700627084,-0.0075908233852201865,-0.0028201922317740782,0.0038262476838081343,0.03120793635225904,0.004073058231953228,0.00761176123469454,0.00040721873443752923,-0.0014135895624815887,-0.0018918651166282534,-2.2332161661108534e-5,-0.0027046596355741444,-0.0045784058317212585,-4.6161445725286345e-5,-0.0035238430172654326,0.0028258022836532273,-0.0036057444417537127,0.0007958694639337683,0.0013108628424705593,-0.0001428498336181732,0.00043472541509151895,-0.006579456811883273,-5.935108667775261e-5,0.00010477558111348471,0.004073058231953228,0.012829864594542401,0.0074090880574925345,-0.004833070934297902,-0.00041786624799141953,-0.0022801717414729235,0.0004384556505666184,-0.0012928725508599397,0.004483773133237773,-0.002052903248362958,0.004437253226216006,-0.0008839648258183658,0.0014078669828446345,-0.004185373805541373,-0.0029076846089105984,-0.0006469624235332617,-0.0012808184178373953,-0.002706654594408021,-0.0008622647599246182,0.0020780300316676323,0.00761176123469454,0.0074090880574925345,0.018025676662918738
