0.028352578036436805,0.0017501520580119022,0.004884868105704078,-0.012135419703112351,0.0035256649661074982,0.007611352391031112,-0.0011301749031708552,0.007209343013823833,-0.0027359207589072974,-0.0005752984944850349,0.008289161164942771,-0.0024419454346019144,-0.0008890681083384848,-0.004856000785165173,-0.0035126002568892124,-0.007063941363159061,-0.0006709998809629845,-0.0005917535351994081,-0.0042184135602861975,-0.0025059587138739252,0.0017501520580119022,0.02415463104890365,0.001420626491890389,-0.005568692206541665,-0.001420586032703771,-0.007294037486909299,0.0042270808306930936,-0.0035371260912967564,0.0053468105522561735,0.003968732548586757,-0.0011849233054420068,-0.004869091254430007,-0.007656797298917256,0.0060239196121030444,0.0010360312116886035,0.0021131312834390984,-0.010999020463655237,0.010282260829573654,0.005018897689543757,0.0023272360280216925,0.004884868105704078,0.001420626491890389,0.03236041760051943,-0.010155398685433806,-0.002894381592663288,-0.000426985567990581,-0.0010691407925846838,0.004543703115218545,0.008805807988757169,-0.0014079684726621645,0.006752248877786585,0.01305060954452902,0.008735881824112201,-0.0009997621578849906,-0.0003854592788601072,-0.0037169671135729348,-0.0035751428677123147,-0.002690386458758181,0.005299348577891611,0.010417037127172298,-0.012135419703112351,-0.005568692206541665,-0.010155398685433806,0.04310914884646722,0.003840330084257079,-0.007555119221887622,0.0052923071633503805,-0.001591310320972753,-0.0023374995366139974,0.0014203640207947534,-0.004452366098119172,0.000263953781881112,4.104490574852798e-6,0.004602836398100978,0.009242305313815128,0.008990055851215636,0.007782743408483591,0.0021819675473246985,-0.0006640923968404216,0.00196363188070602,0.0035256649661074982,-0.001420586032703771,-0.002894381592663288,0.003840330084257079,0.027103159073316934,0.006267880675756605,-0.0029241941381779536,0.004102528750265745,-0.0037018040297039636,9.788656619789003e-6,-0.003940996152003376,0.00412540128171855,0.007882166898980723,0.004254713914612776,-0.004723080545832429,-0.00023647947609630818,0.005618599592756877,-0.005374518966540514,-0.010621882810601758,-0.0073795491632130655,0.007611352391031112,-0.007294037486909299,-0.000426985567990581,-0.007555119221887622,0.006267880675756605,0.030254259111315546,-0.007251916792400935,0.005598628323116005,-0.01109075516982655,0.000513508339895454,-0.0008884608584414102,0.00215364671371692,0.0020253293009124783,-0.006434172921519632,-0.0031232965172870216,-0.006453320503508329,0.002588612581210892,-0.007984744827718566,-0.00833938120440627,-0.0024181498297735594,-0.0011301749031708552,0.0042270808306930936,-0.0010691407925846838,0.0052923071633503805,-0.0029241941381779536,-0.007251916792400935,0.022416533930671285,-0.0025777644601180354,0.00909713581386857,-0.0030049800483769777,0.0009876121055897847,-0.003283962551942194,-0.003195346820927622,0.000733099549344986,0.003373431648159593,-0.00034037010369839936,-0.010391383840045497,0.0041883956901076075,0.006228247549500116,0.0013593619901629073,0.007209343013823833,-0.0035371260912967564,0.004543703115218545,-0.001591310320972753,0.004102528750265745,0.005598628323116005,-0.0025777644601180354,0.02247028691871492,-0.001156583901735377,0.0023951932270667975,-0.0012464433904290314,0.00754546147939623,0.009798426129193502,-0.007732430827676309,-0.006337418867487847,-0.008620607946998248,-0.0008974204207233506,-0.014750675661491238,-0.0016111942065743681,-0.002899969114812238,-0.0027359207589072974,0.0053468105522561735,0.008805807988757169,-0.0023374995366139974,-0.0037018040297039636,-0.01109075516982655,0.00909713581386857,-0.001156583901735377,0.02636897621253696,-0.0004828327392815211,0.004645637959302101,0.002537087238192463,-0.0018101687909546943,0.010650347616282932,0.009688165678557334,0.0068246502572045925,-0.001925918036067488,0.014150725092221879,0.010776597125124817,0.004849356613207546,-0.0005752984944850349,0.003968732548586757,-0.0014079684726621645,0.0014203640207947534,9.788656619789003e-6,0.000513508339895454,-0.0030049800483769777,0.0023951932270667975,-0.0004828327392815211,0.019858671185904966,0.00034248286836940136,-0.00236994940762695,0.0030968481649536663,-0.0009143657776988959,-0.000548135623887357,0.002521946337352094,0.0018570495945036,0.0038019855564655836,-0.0015755400723307513,-0.0005102686034852996,0.008289161164942771,-0.0011849233054420068,0.006752248877786585,-0.004452366098119172,-0.003940996152003376,-0.0008884608584414102,0.0009876121055897847,-0.0012464433904290314,0.004645637959302101,0.00034248286836940136,0.024617500334326185,0.0025269286236680824,0.008959772193078563,-0.005830541400786841,0.002348573922848732,-0.0069141367842599066,0.002311554854351975,0.0034685868619684255,0.0037420942057598567,-0.0004540718428990833,-0.0024419454346019144,-0.004869091254430007,0.01305060954452902,0.000263953781881112,0.00412540128171855,0.00215364671371692,-0.003283962551942194,0.00754546147939623,0.002537087238192463,-0.00236994940762695,0.0025269286236680824,0.03520150038257787,0.022061454475130745,-0.006323046544511417,-0.0013538078431178545,0.0011852479842072573,0.00783755973382964,-0.017183409995674276,-0.0006770851481766832,0.001042560602007722,-0.0008890681083384848,-0.007656797298917256,0.008735881824112201,4.104490574852798e-6,0.007882166898980723,0.0020253293009124783,-0.003195346820927622,0.009798426129193502,-0.0018101687909546943,0.0030968481649536663,0.008959772193078563,0.022061454475130745,0.043202746297206024,-0.012211137654150462,-0.0028409308888815337,0.0018217344502318125,0.0172648664644708,-0.018627971206028486,-0.00671642523560167,-0.006750901471178185,-0.004856000785165173,0.0060239196121030444,-0.0009997621578849906,0.004602836398100978,0.004254713914612776,-0.006434172921519632,0.000733099549344986,-0.007732430827676309,0.010650347616282932,-0.0009143657776988959,-0.005830541400786841,-0.006323046544511417,-0.012211137654150462,0.03063748715397793,0.0025976254731402896,0.0015013470056505036,-0.005153775875848587,0.009525771396649799,0.000582999960207408,9.693794437844877e-5,-0.0035126002568892124,0.0010360312116886035,-0.0003854592788601072,0.009242305313815128,-0.004723080545832429,-0.0031232965172870216,0.003373431648159593,-0.006337418867487847,0.009688165678557334,-0.000548135623887357,0.002348573922848732,-0.0013538078431178545,-0.0028409308888815337,0.0025976254731402896,0.020205108364536966,0.008262053864536212,0.0023361712865589577,0.008884674360229446,0.0016674913069707439,0.0049145366172806786,-0.007063941363159061,0.0021131312834390984,-0.0037169671135729348,0.008990055851215636,-0.00023647947609630818,-0.006453320503508329,-0.00034037010369839936,-0.008620607946998248,0.0068246502572045925,0.002521946337352094,-0.0069141367842599066,0.0011852479842072573,0.0018217344502318125,0.0015013470056505036,0.008262053864536212,0.03159409341017924,0.010988476582170899,0.003328256834679288,-0.0006303533097723489,0.0029345906307220266,-0.0006709998809629845,-0.010999020463655237,-0.0035751428677123147,0.007782743408483591,0.005618599592756877,0.002588612581210892,-0.010391383840045497,-0.0008974204207233506,-0.001925918036067488,0.0018570495945036,0.002311554854351975,0.00783755973382964,0.0172648664644708,-0.005153775875848587,0.0023361712865589577,0.010988476582170899,0.03892085399719473,-0.006195737036212609,-0.014085758933674329,-0.005423137586703063,-0.0005917535351994081,0.010282260829573654,-0.002690386458758181,0.0021819675473246985,-0.005374518966540514,-0.007984744827718566,0.0041883956901076075,-0.014750675661491238,0.014150725092221879,0.0038019855564655836,0.0034685868619684255,-0.017183409995674276,-0.018627971206028486,0.009525771396649799,0.008884674360229446,0.003328256834679288,-0.006195737036212609,0.041358765834779536,0.006718265493187207,0.006181932914023188,-0.0042184135602861975,0.005018897689543757,0.005299348577891611,-0.0006640923968404216,-0.010621882810601758,-0.00833938120440627,0.006228247549500116,-0.0016111942065743681,0.010776597125124817,-0.0015755400723307513,0.0037420942057598567,-0.0006770851481766832,-0.00671642523560167,0.000582999960207408,0.0016674913069707439,-0.0006303533097723489,-0.014085758933674329,0.006718265493187207,0.028561731276090536,0.005909648781809856,-0.0025059587138739252,0.0023272360280216925,0.010417037127172298,0.00196363188070602,-0.0073795491632130655,-0.0024181498297735594,0.0013593619901629073,-0.002899969114812238,0.004849356613207546,-0.0005102686034852996,-0.0004540718428990833,0.001042560602007722,-0.006750901471178185,9.693794437844877e-5,0.0049145366172806786,0.0029345906307220266,-0.005423137586703063,0.006181932914023188,0.005909648781809856,0.024581672582673186
0.05704202231000611,-0.013057816145553852,0.02254182868476854,0.04991435052907324,-0.09452423918248343,-0.0005853931567713318,-0.06940864223684007,-0.0641808127163017,0.071676499241904,0.01690781081395576,0.014845188605748183,0.01694610419096683,0.04894875437574559,0.004634731540889791,-0.06641157372000837,-0.05771360872213689,0.010221209407073288,0.07690404949359558,0.005934251420475685,0.02967250176671708,-0.013057816145553852,0.04823998288118691,-0.013042227512321678,-0.030381645508269516,0.02321584907979897,-0.024519881873792823,0.01916166227423823,0.02316658067305192,-0.024322579876438963,0.008088865956991305,0.012359504819356522,-0.009628219897111923,-0.016965485797987727,0.01881979993766348,0.011516578096873259,0.014519801825006043,-0.01647057687352047,-0.031023298994503075,0.014719904605961745,-0.0008128879411724277,0.02254182868476854,-0.013042227512321678,0.057203558121339065,0.04177403754764973,-0.07355586041581991,0.0119975550950955,-0.05070615903007687,-0.05868950653384268,0.06083170901121282,-0.006666094021145373,0.002091461591876202,0.010602754841497697,0.04291355366020139,-0.009341129687020926,-0.05157636322329169,-0.04423254197019774,0.016039450893004563,0.05909201679293448,-0.00909996225608194,0.018222992864244204,0.04991435052907324,-0.030381645508269516,0.04177403754764973,0.09100382434450786,-0.13344458413410848,0.007642003239804648,-0.10261958083937248,-0.09497098436711018,0.10639797041535773,0.008442663337091882,0.0229055661126063,0.021324427832754157,0.07743576749573142,-0.0019801123115953207,-0.09169856341345761,-0.07723207689490894,0.022437190176986775,0.11116137333727616,-0.0027891687338260467,0.03714437642764856,-0.09452423918248343,0.02321584907979897,-0.07355586041581991,-0.13344458413410848,0.3033420288158919,0.025443530901651357,0.22102174821034729,0.20157752454018799,-0.2219233615837451,-0.038130723680783254,-0.06170939266938465,-0.03372081108044365,-0.17254199157464656,-0.017227383691638315,0.214776101950293,0.18234848855431085,-0.02799167622511472,-0.21320032421540736,-0.019294516592230714,-0.100951919406105,-0.0005853931567713318,-0.024519881873792823,0.0119975550950955,0.007642003239804648,0.025443530901651357,0.06891406638299782,0.027201959561411183,0.011580195375688954,-0.018725491582539895,-0.030672527647818484,-0.02670738511259283,0.0046394554720854105,-0.02261035987123585,-0.03131767152160831,0.038952676669119994,0.03727869913709073,0.01523350487942456,-0.008990446089129361,-0.030277969525918165,-0.029185779958207807,-0.06940864223684007,0.01916166227423823,-0.05070615903007687,-0.10261958083937248,0.22102174821034729,0.027201959561411183,0.19208789792016828,0.15395308483133918,-0.17238069763797426,-0.03849687351080798,-0.04630760780660516,-0.024504998397193327,-0.13208666572651712,-0.021188350227478822,0.17029389346162765,0.14758761946077548,-0.01388701257581774,-0.16367732494187928,-0.017101864758928866,-0.0799135799880911,-0.0641808127163017,0.02316658067305192,-0.05868950653384268,-0.09497098436711018,0.20157752454018799,0.011580195375688954,0.15395308483133918,0.16087548454303377,-0.15703669735089928,-0.019249840199449697,-0.03311764840218978,-0.025533790891841143,-0.11911414829652797,-0.009515825064075847,0.15040206648686374,0.1251335198569941,-0.023259592188770804,-0.15257232850155408,-0.010671822953275659,-0.06384652510037483,0.071676499241904,-0.024322579876438963,0.06083170901121282,0.10639797041535773,-0.2219233615837451,-0.018725491582539895,-0.17238069763797426,-0.15703669735089928,0.2008236872735498,0.02434270981642045,0.045831518714689344,0.02644453038108114,0.1406238639366572,0.011765559607772293,-0.17682969875918636,-0.14516574977797658,0.018814104058239828,0.1712872096936633,0.011216540352954872,0.07584756722562691,0.01690781081395576,0.008088865956991305,-0.006666094021145373,0.008442663337091882,-0.038130723680783254,-0.030672527647818484,-0.03849687351080798,-0.019249840199449697,0.02434270981642045,0.042931576955222366,0.01737993150634952,-0.0002572445328593094,0.024329049239176823,0.019131082796512183,-0.040534038357695736,-0.04021183033983992,-0.011759867195109498,0.021274139076436972,0.017717823785427123,0.025497945169066377,0.014845188605748183,0.012359504819356522,0.002091461591876202,0.0229055661126063,-0.06170939266938465,-0.02670738511259283,-0.04630760780660516,-0.03311764840218978,0.045831518714689344,0.01737993150634952,0.043200281107493105,0.004064552282781771,0.03879426608858792,0.01659668904741682,-0.04889316677656304,-0.04060401692724065,-0.003942978988188553,0.03334609899579958,0.01586438222527256,0.025733022401132316,0.01694610419096683,-0.009628219897111923,0.010602754841497697,0.021324427832754157,-0.03372081108044365,0.0046394554720854105,-0.024504998397193327,-0.025533790891841143,0.02644453038108114,-0.0002572445328593094,0.004064552282781771,0.019227881258722834,0.019558293166057283,0.0019283511301371047,-0.02494206496572906,-0.016613402004360223,0.005068233399751916,0.031107163426633617,0.0003418681788072128,0.010829391968251077,0.04894875437574559,-0.016965485797987727,0.04291355366020139,0.07743576749573142,-0.17254199157464656,-0.02261035987123585,-0.13208666572651712,-0.11911414829652797,0.1406238639366572,0.024329049239176823,0.03879426608858792,0.019558293166057283,0.12094012233631944,0.010786861117633375,-0.13378704765930244,-0.11586779190236379,0.013749179383228963,0.12491675147730588,0.012284376353092524,0.06273553370383558,0.004634731540889791,0.01881979993766348,-0.009341129687020926,-0.0019801123115953207,-0.017227383691638315,-0.03131767152160831,-0.021188350227478822,-0.009515825064075847,0.011765559607772293,0.019131082796512183,0.01659668904741682,0.0019283511301371047,0.010786861117633375,0.03926625151173029,-0.03731943326750589,-0.023250394858631528,-0.014481310823714382,0.01374019355768192,0.018287426352454596,0.013462552270383543,-0.06641157372000837,0.011516578096873259,-0.05157636322329169,-0.09169856341345761,0.214776101950293,0.038952676669119994,0.17029389346162765,0.15040206648686374,-0.17682969875918636,-0.040534038357695736,-0.04889316677656304,-0.02494206496572906,-0.13378704765930244,-0.03731943326750589,0.20739112243143382,0.1521927701609329,-0.005098778449858939,-0.16382946142683844,-0.021950337611785678,-0.08252139672876321,-0.05771360872213689,0.014519801825006043,-0.04423254197019774,-0.07723207689490894,0.18234848855431085,0.03727869913709073,0.14758761946077548,0.1251335198569941,-0.14516574977797658,-0.04021183033983992,-0.04060401692724065,-0.016613402004360223,-0.11586779190236379,-0.023250394858631528,0.1521927701609329,0.14040194235750736,-0.00841055652180931,-0.14029771705508565,-0.013417716657799639,-0.07352669185474275,0.010221209407073288,-0.01647057687352047,0.016039450893004563,0.022437190176986775,-0.02799167622511472,0.01523350487942456,-0.01388701257581774,-0.023259592188770804,0.018814104058239828,-0.011759867195109498,-0.003942978988188553,0.005068233399751916,0.013749179383228963,-0.014481310823714382,-0.005098778449858939,-0.00841055652180931,0.03256486899224114,0.028130314168067157,-0.008284299247804855,0.0009974793212053162,0.07690404949359558,-0.031023298994503075,0.05909201679293448,0.11116137333727616,-0.21320032421540736,-0.008990446089129361,-0.16367732494187928,-0.15257232850155408,0.1712872096936633,0.021274139076436972,0.03334609899579958,0.031107163426633617,0.12491675147730588,0.01374019355768192,-0.16382946142683844,-0.14029771705508565,0.028130314168067157,0.18407662266764707,0.007188669511417112,0.06512627444252073,0.005934251420475685,0.014719904605961745,-0.00909996225608194,-0.0027891687338260467,-0.019294516592230714,-0.030277969525918165,-0.017101864758928866,-0.010671822953275659,0.011216540352954872,0.017717823785427123,0.01586438222527256,0.0003418681788072128,0.012284376353092524,0.018287426352454596,-0.021950337611785678,-0.013417716657799639,-0.008284299247804855,0.007188669511417112,0.030282931141810188,0.01811887255990367,0.02967250176671708,-0.0008128879411724277,0.018222992864244204,0.03714437642764856,-0.100951919406105,-0.029185779958207807,-0.0799135799880911,-0.06384652510037483,0.07584756722562691,0.025497945169066377,0.025733022401132316,0.010829391968251077,0.06273553370383558,0.013462552270383543,-0.08252139672876321,-0.07352669185474275,0.0009974793212053162,0.06512627444252073,0.01811887255990367,0.057315398789915824
