0.04684066129667179,-0.01010938106958889,-0.008827873480177429,-0.017529693032090857,0.0046044717920557185,0.0003049271213937773,-0.00028471146752151693,0.002388576941106257,-0.010309474337656416,-0.002821837485760927,0.004801890895143274,-0.00911350481296564,0.011260687343790049,0.024465911948200556,0.024418703183898702,0.004164361652498939,0.0015617863443463205,-0.014936212900712863,-0.012556146198741534,-0.008477973258774916,-0.01010938106958889,0.03656846488413216,-0.004535147210845408,0.005873260578854234,-0.006576942901362101,-0.007249253853834318,-0.0032258332008863345,0.012120374232700095,0.002475361287647394,0.0015545906986658609,0.006048125808469121,-0.007335542571490225,-0.0016893185618250327,-0.005408246064583286,-0.02538193524071306,-0.000773699414950893,0.002059194181862797,-0.0023727332098668385,0.004079359829436329,0.003003020927899846,-0.008827873480177429,-0.004535147210845408,0.0243721490446173,0.013138030866146053,-0.0019341051363416463,0.008110870813902027,-0.005520423544388079,0.00301118999545696,0.0026287233268575054,0.002764758730638475,-0.0011808281380753303,0.009038566583151705,-0.004807435781241789,-0.006410708907901453,-0.0007160207947536175,-0.006340565549083988,0.006243069742057181,0.002609555976320871,0.0021053916487276947,0.003909535223710381,-0.017529693032090857,0.005873260578854234,0.013138030866146053,0.056037084675592395,-0.015840180103850972,0.006578551963052668,-0.005964466841575837,0.01845239085973549,0.005132879343482099,0.021432950467644978,0.0015014288190659815,0.010582104572511311,-0.010551370535194773,-0.016228534630992393,-0.023483170127941086,-0.010835535749894322,-0.0014153090916548818,-0.0006581749518287694,0.0005364494825335751,0.009660095072939742,0.0046044717920557185,-0.006576942901362101,-0.0019341051363416463,-0.015840180103850972,0.025032345423016897,0.0026660964137797017,0.007093426240639916,-0.009632668618079068,-0.0007723380456860398,-0.008673305120703186,-0.0009936569415854657,0.001386413165347912,0.0054780546960801774,0.011049110883602956,0.007922981802551424,0.006651776493516355,-0.005639601880822322,0.008960748910641553,-0.0032184186654956384,-0.0017477514379059095,0.0003049271213937773,-0.007249253853834318,0.008110870813902027,0.006578551963052668,0.0026660964137797017,0.03751508103545288,0.00998488172191013,-0.0036238434795235787,0.00254081656582457,-0.0019489418487474881,-0.01310907981757343,-0.0001230286151993566,0.003107198573571039,-0.001823225640980405,0.011882540439988171,-0.005689934810195105,0.0027464085509737775,0.0011308162935668121,-0.0039920862986186035,0.004127490104175787,-0.00028471146752151693,-0.0032258332008863345,-0.005520423544388079,-0.005964466841575837,0.007093426240639916,0.00998488172191013,0.03392479575259147,-0.010720773197536632,0.011604909063989397,0.004407054949305492,-0.007997452303875333,-0.006625900900042939,0.01936547288482519,-0.006065853330647155,0.008356534230287826,0.007802182276755089,-0.008850105857842527,-0.00847522194895852,0.0038813858415582426,-0.006282455694778469,0.002388576941106257,0.012120374232700095,0.00301118999545696,0.01845239085973549,-0.009632668618079068,-0.0036238434795235787,-0.010720773197536632,0.03720381112013172,-0.0030680557958354757,0.005511273798575956,0.009780032842090265,-0.00044139809550415815,-0.0038416317053775123,0.0016112140831825528,-0.013194782363646806,-0.008960101305724728,0.0017266247880320309,-0.0033017790643323636,-0.004941344605679895,0.00837038006090712,-0.010309474337656416,0.002475361287647394,0.0026287233268575054,0.005132879343482099,-0.0007723380456860398,0.00254081656582457,0.011604909063989397,-0.0030680557958354757,0.02612042094031542,0.002419842970610306,-0.004743899774113117,-0.0026125359515468023,0.01158556356227896,-0.01161589763560957,-0.004865423887641439,0.00016546026261311683,-0.0004401656513825379,-0.008508767638301605,0.009811885647321746,-0.0016046958515144847,-0.002821837485760927,0.0015545906986658609,0.002764758730638475,0.021432950467644978,-0.008673305120703186,-0.0019489418487474881,0.004407054949305492,0.005511273798575956,0.002419842970610306,0.05315463646536345,0.0022850409379391303,-0.0012076327096133647,-0.01558712949443131,-0.012052688582373284,-0.003942064201632983,0.0033635403891493195,-0.006938118995633591,-0.016256555593519732,-0.0015200497717372276,0.003259958138758054,0.004801890895143274,0.006048125808469121,-0.0011808281380753303,0.0015014288190659815,-0.0009936569415854657,-0.01310907981757343,-0.007997452303875333,0.009780032842090265,-0.004743899774113117,0.0022850409379391303,0.02590316864492827,0.002855929587269863,-0.005364689330954043,0.005468873884979176,-0.00822217159143155,0.005459709675938514,-0.0009282942559707393,0.0034028956538569334,-0.003965246171667246,0.003649600266541438,-0.00911350481296564,-0.007335542571490225,0.009038566583151705,0.010582104572511311,0.001386413165347912,-0.0001230286151993566,-0.006625900900042939,-0.00044139809550415815,-0.0026125359515468023,-0.0012076327096133647,0.002855929587269863,0.0300026003495136,-0.011300182709479346,-0.0020794042152210805,-0.007470389922994184,-0.00416854933313737,-0.001810403390460691,0.015686590630895985,0.0024862489705562998,0.006034540177632067,0.011260687343790049,-0.0016893185618250327,-0.004807435781241789,-0.010551370535194773,0.0054780546960801774,0.003107198573571039,0.01936547288482519,-0.0038416317053775123,0.01158556356227896,-0.01558712949443131,-0.005364689330954043,-0.011300182709479346,0.04423464939083581,0.0039883669293908275,0.005264935602053313,0.0019349690299876384,-0.003611321049125619,-0.011264165095905814,-0.001939360339077824,-0.005709100275393042,0.024465911948200556,-0.005408246064583286,-0.006410708907901453,-0.016228534630992393,0.011049110883602956,-0.001823225640980405,-0.006065853330647155,0.0016112140831825528,-0.01161589763560957,-0.012052688582373284,0.005468873884979176,-0.0020794042152210805,0.0039883669293908275,0.03846305028026498,0.014788902855474552,0.0022269874711494733,0.007482308116582969,0.00736603527574984,-0.004071751358554141,-0.0036052922800051297,0.024418703183898702,-0.02538193524071306,-0.0007160207947536175,-0.023483170127941086,0.007922981802551424,0.011882540439988171,0.008356534230287826,-0.013194782363646806,-0.004865423887641439,-0.003942064201632983,-0.00822217159143155,-0.007470389922994184,0.005264935602053313,0.014788902855474552,0.06460620577572597,0.0001436945540223468,0.007660569996929614,-0.007436725747471834,-0.00392774155790792,-0.003174659511143501,0.004164361652498939,-0.000773699414950893,-0.006340565549083988,-0.010835535749894322,0.006651776493516355,-0.005689934810195105,0.007802182276755089,-0.008960101305724728,0.00016546026261311683,0.0033635403891493195,0.005459709675938514,-0.00416854933313737,0.0019349690299876384,0.0022269874711494733,0.0001436945540223468,0.02639915233854225,-0.004895974516155087,-0.003975503086341791,-0.005723108649228507,-0.0020069525711703794,0.0015617863443463205,0.002059194181862797,0.006243069742057181,-0.0014153090916548818,-0.005639601880822322,0.0027464085509737775,-0.008850105857842527,0.0017266247880320309,-0.0004401656513825379,-0.006938118995633591,-0.0009282942559707393,-0.001810403390460691,-0.003611321049125619,0.007482308116582969,0.007660569996929614,-0.004895974516155087,0.025943248830911828,-0.0024756114703562097,0.004334984129730056,0.0038257175751356025,-0.014936212900712863,-0.0023727332098668385,0.002609555976320871,-0.0006581749518287694,0.008960748910641553,0.0011308162935668121,-0.00847522194895852,-0.0033017790643323636,-0.008508767638301605,-0.016256555593519732,0.0034028956538569334,0.015686590630895985,-0.011264165095905814,0.00736603527574984,-0.007436725747471834,-0.003975503086341791,-0.0024756114703562097,0.05302716026710977,-0.0006223338946911409,0.010422684338617781,-0.012556146198741534,0.004079359829436329,0.0021053916487276947,0.0005364494825335751,-0.0032184186654956384,-0.0039920862986186035,0.0038813858415582426,-0.004941344605679895,0.009811885647321746,-0.0015200497717372276,-0.003965246171667246,0.0024862489705562998,-0.001939360339077824,-0.004071751358554141,-0.00392774155790792,-0.005723108649228507,0.004334984129730056,-0.0006223338946911409,0.020909870687845993,0.006178409178306709,-0.008477973258774916,0.003003020927899846,0.003909535223710381,0.009660095072939742,-0.0017477514379059095,0.004127490104175787,-0.006282455694778469,0.00837038006090712,-0.0016046958515144847,0.003259958138758054,0.003649600266541438,0.006034540177632067,-0.005709100275393042,-0.0036052922800051297,-0.003174659511143501,-0.0020069525711703794,0.0038257175751356025,0.010422684338617781,0.006178409178306709,0.023377364577340624
0.024630390640919937,-0.0009088275108944985,0.021365561477280963,0.009258980369594147,0.0021549301970691533,-0.016097570812607175,0.012095695348382712,-0.012993379664576778,0.008429469875646932,-0.01456895327615268,-0.00819779861890798,-0.007621402127019937,-0.0030337221653071434,0.003583916564425373,-0.009995774135609325,-0.006601925103519146,0.0030849949479395565,0.0009259775341615905,0.012271890441508473,-0.011167795604130759,-0.0009088275108944985,0.024395427059922783,-0.012791612928611258,-0.01308286064118391,0.003279718390964344,0.0019073612388240554,0.005775192763396912,-0.0009852484614541871,0.005030295962757426,-0.0001006016947403351,-0.0015422083662381299,-0.0034014549567266033,0.002682085650207078,0.007284207385657854,0.0008282955500133073,-0.005739255978851543,-0.013806264284949375,-0.0005953449306684657,0.0031192164210612893,0.001330321520072115,0.021365561477280963,-0.012791612928611258,0.05391486523032061,0.018615971825254547,-0.006123747343015844,-0.030576847481029845,0.015731581039817,-0.016420980652588773,0.008609853170916653,-0.01992610501071522,-0.007143337528599158,0.005267104001292984,-0.00592574354299656,0.0024540731902490216,-0.014298320014586691,-0.004640045940606345,0.011675143574020636,-0.004133825678881559,0.014401314445721755,-0.019015891936379856,0.009258980369594147,-0.01308286064118391,0.018615971825254547,0.06338394797989627,0.0056159942137997045,-0.003142876411999845,-0.016147885189372005,-0.014341665758000945,-0.004328373064194615,-0.004532648820680686,0.0070690542826811215,-0.003081691223935888,0.002028244411957045,0.0002221546714575389,-0.0005572517590486476,0.009864323904894175,0.013092605443604619,0.0015890682304293131,-0.002813514977528641,-0.00932408347202767,0.0021549301970691533,0.003279718390964344,-0.006123747343015844,0.0056159942137997045,0.0245457735280868,-0.001723160374681015,-0.013364254302786403,-0.0035715729831568505,-0.0018494042351121383,0.0021794264431668443,0.0009771643428144934,0.0016126111937078344,-0.006585495394707898,0.006685518992047296,0.005287996202947103,0.0030001692328125505,0.007340316728465573,0.0007648911962236619,-0.0010541607696597818,-0.007984942490535676,-0.016097570812607175,0.0019073612388240554,-0.030576847481029845,-0.003142876411999845,-0.001723160374681015,0.0597260602863749,-0.010939095634571093,0.02081586102537096,-0.009037395501010573,0.0046958630320331155,0.01569289856434996,-0.010894620224732462,0.010655027016236877,-0.02208182720491499,0.015586861447707663,0.005958322905789546,-0.018424081550556453,-0.0012068173773369987,-0.024728710384491273,0.027197338805664942,0.012095695348382712,0.005775192763396912,0.015731581039817,-0.016147885189372005,-0.013364254302786403,-0.010939095634571093,0.056808458713481766,-7.805389061775052e-5,0.01144752131367537,-0.012335739971821826,-0.009618466918319546,0.005094035902939816,-0.009088746385161273,-0.004207629048269339,-0.004904592486861179,-0.02200620724960909,-0.011246936873193286,-0.018481917955632837,0.02239009999080461,-0.0026928359024256075,-0.012993379664576778,-0.0009852484614541871,-0.016420980652588773,-0.014341665758000945,-0.0035715729831568505,0.02081586102537096,-7.805389061775052e-5,0.035776759164192186,-0.0038657668840600522,-0.007720661095011291,0.010917641334660921,-0.008899698884293785,0.00019299794995961182,-0.00943325965814788,0.007817862189094655,0.0028077451046499644,-0.0008978014830533618,-0.006334142665463712,-0.011038743319858633,0.012401217513201519,0.008429469875646932,0.005030295962757426,0.008609853170916653,-0.004328373064194615,-0.0018494042351121383,-0.009037395501010573,0.01144752131367537,-0.0038657668840600522,0.034179976954131004,0.0032958087182375544,-0.0024270429150839595,-0.005791476089974481,0.0029794186391680893,-0.00013122696941763966,0.0013218856045356924,-0.012740317195504652,-0.0022203780788665976,0.004012367631306024,0.005165410516525677,-0.010355981512234606,-0.01456895327615268,-0.0001006016947403351,-0.01992610501071522,-0.004532648820680686,0.0021794264431668443,0.0046958630320331155,-0.012335739971821826,-0.007720661095011291,0.0032958087182375544,0.09697726563615111,-0.015499263090622873,0.004038483605856701,0.023883829302507202,0.006750860086826899,0.005297390731683419,0.01146400551968533,-0.032708815437671825,0.003919679691172195,-0.030133859812358103,0.02705336326125348,-0.00819779861890798,-0.0015422083662381299,-0.007143337528599158,0.0070690542826811215,0.0009771643428144934,0.01569289856434996,-0.009618466918319546,0.010917641334660921,-0.0024270429150839595,-0.015499263090622873,0.03714263638905707,-0.005423526062617701,0.0003967653837446553,-0.006503407011488565,0.011269462033807184,0.0037348720279535112,0.005649317754582675,-0.0061045541627398996,-0.009277441782023381,-0.011404199065464544,-0.007621402127019937,-0.0034014549567266033,0.005267104001292984,-0.003081691223935888,0.0016126111937078344,-0.010894620224732462,0.005094035902939816,-0.008899698884293785,-0.005791476089974481,0.004038483605856701,-0.005423526062617701,0.036317930572982444,-0.010551307079812115,0.004204438862724324,-0.002509084818405895,0.01103012542136676,-0.0025023497096210087,-0.009408554893828,0.009022924833909214,-0.012229154705304177,-0.0030337221653071434,0.002682085650207078,-0.00592574354299656,0.002028244411957045,-0.006585495394707898,0.010655027016236877,-0.009088746385161273,0.00019299794995961182,0.0029794186391680893,0.023883829302507202,0.0003967653837446553,-0.010551307079812115,0.0312046892866188,0.00046188008781802934,0.0007568279707302239,0.006107745867852291,-0.01797272776765124,0.00950399935975568,-0.02518387620633964,0.019498455684638216,0.003583916564425373,0.007284207385657854,0.0024540731902490216,0.0002221546714575389,0.006685518992047296,-0.02208182720491499,-0.004207629048269339,-0.00943325965814788,-0.00013122696941763966,0.006750860086826899,-0.006503407011488565,0.004204438862724324,0.00046188008781802934,0.034504818415101564,-0.007375945504618804,0.0010044898706882666,-0.004306560151088972,-0.008991421954241113,0.0047095638185557405,-0.00276909646505586,-0.009995774135609325,0.0008282955500133073,-0.014298320014586691,-0.0005572517590486476,0.005287996202947103,0.015586861447707663,-0.004904592486861179,0.007817862189094655,0.0013218856045356924,0.005297390731683419,0.011269462033807184,-0.002509084818405895,0.0007568279707302239,-0.007375945504618804,0.03130194364690661,0.0022055086828923097,0.005394586381767487,0.000373581214357516,-0.017158856784313756,-0.001402311781907326,-0.006601925103519146,-0.005739255978851543,-0.004640045940606345,0.009864323904894175,0.0030001692328125505,0.005958322905789546,-0.02200620724960909,0.0028077451046499644,-0.012740317195504652,0.01146400551968533,0.0037348720279535112,0.01103012542136676,0.006107745867852291,0.0010044898706882666,0.0022055086828923097,0.03870474193241164,-0.0031515136659166854,-0.00048145862465699766,-0.022717286164029925,0.007860313413974557,0.0030849949479395565,-0.013806264284949375,0.011675143574020636,0.013092605443604619,0.007340316728465573,-0.018424081550556453,-0.011246936873193286,-0.0008978014830533618,-0.0022203780788665976,-0.032708815437671825,0.005649317754582675,-0.0025023497096210087,-0.01797272776765124,-0.004306560151088972,0.005394586381767487,-0.0031515136659166854,0.06481641863336879,0.013440559635249498,0.021839302669817325,-0.035461570549568146,0.0009259775341615905,-0.0005953449306684657,-0.004133825678881559,0.0015890682304293131,0.0007648911962236619,-0.0012068173773369987,-0.018481917955632837,-0.006334142665463712,0.004012367631306024,0.003919679691172195,-0.0061045541627398996,-0.009408554893828,0.00950399935975568,-0.008991421954241113,0.000373581214357516,-0.00048145862465699766,0.013440559635249498,0.05374714297670266,-0.00860971467367998,0.004098612952718942,0.012271890441508473,0.0031192164210612893,0.014401314445721755,-0.002813514977528641,-0.0010541607696597818,-0.024728710384491273,0.02239009999080461,-0.011038743319858633,0.005165410516525677,-0.030133859812358103,-0.009277441782023381,0.009022924833909214,-0.02518387620633964,0.0047095638185557405,-0.017158856784313756,-0.022717286164029925,0.021839302669817325,-0.00860971467367998,0.06048790925211869,-0.021198835039920393,-0.011167795604130759,0.001330321520072115,-0.019015891936379856,-0.00932408347202767,-0.007984942490535676,0.027197338805664942,-0.0026928359024256075,0.012401217513201519,-0.010355981512234606,0.02705336326125348,-0.011404199065464544,-0.012229154705304177,0.019498455684638216,-0.00276909646505586,-0.001402311781907326,0.007860313413974557,-0.035461570549568146,0.004098612952718942,-0.021198835039920393,0.059671828196434
0.02200357373150904,-0.014516541575730457,0.01997039880172516,-0.007865270143101484,-0.0009116246697330385,-0.0009062591324164337,0.01572099532887033,-0.0010605936751734242,9.860745180571167e-5,0.0018407034607519964,-0.012197336726674678,0.01023860395677347,-0.0030166963363427693,-0.0031174446808794453,-0.005973323692622344,0.00474311008779808,-0.010321768055873922,0.00129968792425558,0.010075572232811978,-0.003461026173524522,-0.014516541575730457,0.041655956256697255,-0.021732794980484943,0.005923785994422109,0.003990622695840518,0.0065493273378451535,-0.01585345820006326,0.006857358508977799,-0.006981111783879317,-0.009659007079741853,0.01526088451368592,-0.022335924757590376,0.01734068443045979,0.012997212317288603,-0.0020900751910039755,0.007861791523166892,0.004678965586190608,0.0012344512885461884,-0.005726578581089003,0.0117422425336848,0.01997039880172516,-0.021732794980484943,0.05973848609089381,-0.010339425262458415,0.007055723159884918,-0.0058142650232137,0.002068752498381694,-0.02442340695117671,-0.010388450285631888,0.0018927317123947338,-0.010914359144787219,0.020021145776867574,-0.019637897297320635,0.0008186844764451013,-7.931591037028707e-5,0.0015150410045586171,-0.002419704706259267,-0.004233311581919138,0.0025745788257113024,-0.0221210330019353,-0.007865270143101484,0.005923785994422109,-0.010339425262458415,0.04909440502646569,0.007120063344660885,-0.0034663709194006718,-0.015141703137159304,0.005481565963827888,0.00575702117383409,-0.017872065286978437,0.006907235724472304,-0.016601618124910386,0.009268053354849537,-0.000949561417261151,-0.020306883370351365,-0.006211926958388149,0.02662278761629121,-0.002279288749592454,-0.0018008794866824914,-0.010628465706719804,-0.0009116246697330385,0.003990622695840518,0.007055723159884918,0.007120063344660885,0.032441501750768056,-0.03089354474234492,-0.006482484830416505,-0.012288457939708789,0.0009654019656732803,-0.009705884368187423,0.013982670343485788,0.0017776824797700816,-0.014875776521896221,0.015520877153200685,-0.0028748840921524097,0.0050210309103916,0.00561093308738926,-0.010158471033609152,-0.013871278197926766,-0.009530985638733926,-0.0009062591324164337,0.0065493273378451535,-0.0058142650232137,-0.0034663709194006718,-0.03089354474234492,0.09527643272819043,-0.0057652902922299,0.027461718428168917,-0.019179361413988558,0.0026582407163083556,-0.005674211393271984,-0.0071149136913455915,0.02088884723739022,-0.0236212466197237,0.012551705201854849,0.013948602182483122,0.004080632618616541,-0.004390642992534447,0.012021037409932975,0.003847305616343016,0.01572099532887033,-0.01585345820006326,0.002068752498381694,-0.015141703137159304,-0.006482484830416505,-0.0057652902922299,0.06219605567417186,0.0032637579511182006,0.008957187428537322,0.006589292940373072,-0.018752658761740475,0.03505005959265668,0.000895564843093396,-0.0017447242765121838,-0.006095060516685026,-0.00692523650861372,-0.02664966677797087,-0.009747167913993302,0.023611928749098163,0.0058292431789716635,-0.0010605936751734242,0.006857358508977799,-0.02442340695117671,0.005481565963827888,-0.012288457939708789,0.027461718428168917,0.0032637579511182006,0.05551170988353369,0.0002031863533666975,0.0067230017283431125,-0.007691592195216641,-0.013188194771031385,0.03738789496137196,0.0012298921581962879,-0.012057163684582008,0.007101393965382162,-0.0020429210345754047,-0.009060152991487404,0.009749421250350387,0.015638149304311025,9.860745180571167e-5,-0.006981111783879317,-0.010388450285631888,0.00575702117383409,0.0009654019656732803,-0.019179361413988558,0.008957187428537322,0.0002031863533666975,0.03602236586137586,0.009638287842363138,-0.011812810690072666,0.01302375775291868,0.014102783053189957,-0.004039061689073655,-0.01051271435140623,-0.01099715104284903,-0.008367203940717445,-0.0004221904232897657,0.006792674073926755,-0.003947521008235772,0.0018407034607519964,-0.009659007079741853,0.0018927317123947338,-0.017872065286978437,-0.009705884368187423,0.0026582407163083556,0.006589292940373072,0.0067230017283431125,0.009638287842363138,0.09827397336915263,-0.04454465121527884,0.018606025230366308,0.060832635896679005,0.0038054665891754927,0.01140399039952411,-0.010117185612651736,-0.05795853988398256,-0.03296823419726579,-0.010287229446271036,0.011234490071344532,-0.012197336726674678,0.01526088451368592,-0.010914359144787219,0.006907235724472304,0.013982670343485788,-0.005674211393271984,-0.018752658761740475,-0.007691592195216641,-0.011812810690072666,-0.04454465121527884,0.04944951094353486,-0.023760996571846424,-0.03763351069408981,0.006669217761304153,0.012389891652807575,0.012835745669902986,0.03455869342909269,0.009256262751342958,-0.011554429192806628,-0.006663073617450504,0.01023860395677347,-0.022335924757590376,0.020021145776867574,-0.016601618124910386,0.0017776824797700816,-0.0071149136913455915,0.03505005959265668,-0.013188194771031385,0.01302375775291868,0.018606025230366308,-0.023760996571846424,0.06742587562158753,-0.006046754833481491,0.003960574867374868,-0.003164105609886549,0.0002983280306906611,-0.029622323551171142,-0.013354601666330814,0.02571879751011214,-0.022245686074819256,-0.0030166963363427693,0.01734068443045979,-0.019637897297320635,0.009268053354849537,-0.014875776521896221,0.02088884723739022,0.000895564843093396,0.03738789496137196,0.014102783053189957,0.060832635896679005,-0.03763351069408981,-0.006046754833481491,0.1089941287285278,-0.0014944234868307683,-0.022068216826271837,-0.010285417239645562,-0.0376173502368288,-0.024082993121448758,-0.0063847407536421884,0.017441988865487253,-0.0031174446808794453,0.012997212317288603,0.0008186844764451013,-0.000949561417261151,0.015520877153200685,-0.0236212466197237,-0.0017447242765121838,0.0012298921581962879,-0.004039061689073655,0.0038054665891754927,0.006669217761304153,0.003960574867374868,-0.0014944234868307683,0.038885513793615066,0.008420141420725094,0.006815780747833278,-0.0046783319244450925,-0.010660637448958666,-0.011229849001704916,-0.0009235143882166421,-0.005973323692622344,-0.0020900751910039755,-7.931591037028707e-5,-0.020306883370351365,-0.0028748840921524097,0.012551705201854849,-0.006095060516685026,-0.012057163684582008,-0.01051271435140623,0.01140399039952411,0.012389891652807575,-0.003164105609886549,-0.022068216826271837,0.008420141420725094,0.06720980886463775,0.0007135787892100253,-0.0136185566870526,-0.012488753370698161,-0.027579710570460117,0.0003291265101361139,0.00474311008779808,0.007861791523166892,0.0015150410045586171,-0.006211926958388149,0.0050210309103916,0.013948602182483122,-0.00692523650861372,0.007101393965382162,-0.01099715104284903,-0.010117185612651736,0.012835745669902986,0.0002983280306906611,-0.010285417239645562,0.006815780747833278,0.0007135787892100253,0.028721797804763194,0.006915714616931874,-0.00032163502255294933,0.002876297115305538,-0.0010335806221188223,-0.010321768055873922,0.004678965586190608,-0.002419704706259267,0.02662278761629121,0.00561093308738926,0.004080632618616541,-0.02664966677797087,-0.0020429210345754047,-0.008367203940717445,-0.05795853988398256,0.03455869342909269,-0.029622323551171142,-0.0376173502368288,-0.0046783319244450925,-0.0136185566870526,0.006915714616931874,0.08287980414527638,0.02721722819773311,0.0011427681215189236,-0.02368560348211827,0.00129968792425558,0.0012344512885461884,-0.004233311581919138,-0.002279288749592454,-0.010158471033609152,-0.004390642992534447,-0.009747167913993302,-0.009060152991487404,-0.0004221904232897657,-0.03296823419726579,0.009256262751342958,-0.013354601666330814,-0.024082993121448758,-0.010660637448958666,-0.012488753370698161,-0.00032163502255294933,0.02721722819773311,0.052664859684031284,0.009315651480178561,0.008825909481027069,0.010075572232811978,-0.005726578581089003,0.0025745788257113024,-0.0018008794866824914,-0.013871278197926766,0.012021037409932975,0.023611928749098163,0.009749421250350387,0.006792674073926755,-0.010287229446271036,-0.011554429192806628,0.02571879751011214,-0.0063847407536421884,-0.011229849001704916,-0.027579710570460117,0.002876297115305538,0.0011427681215189236,0.009315651480178561,0.06033723226508335,0.0017052790388242718,-0.003461026173524522,0.0117422425336848,-0.0221210330019353,-0.010628465706719804,-0.009530985638733926,0.003847305616343016,0.0058292431789716635,0.015638149304311025,-0.003947521008235772,0.011234490071344532,-0.006663073617450504,-0.022245686074819256,0.017441988865487253,-0.0009235143882166421,0.0003291265101361139,-0.0010335806221188223,-0.02368560348211827,0.008825909481027069,0.0017052790388242718,0.051880213240691316
