0.023112194934755737,-0.0014260848612808901,0.004924862517170508,-0.007512606299421434,0.004090280082720139,0.001845209811450262,0.005991690792887973,-0.009178200256364948,0.0003439486508743134,0.0025076686124465256,-0.007901746551437197,-0.008250874171023628,-0.0011748999016059298,0.009148053930390237,0.002222288152873968,0.0056817563074665015,-0.002357726878282027,0.004814122864204308,-0.0025995869016079,-0.008337734648328033,-0.0014260848612808901,0.02587969270873871,-0.00039880493344966316,-0.002567401966370559,0.00334226356931259,-0.009076983502818024,0.002541048533399008,-0.0029319785762029777,-0.0005473504099881115,0.0017726390953527213,-0.004421519428547919,0.0019396929855998541,-0.00563661502173596,-0.0014703014609273879,0.00309792414942945,0.009641625814166856,0.0023967231966680208,-0.008395823604878797,-0.012857826074272665,0.0033773486225953664,0.004924862517170508,-0.00039880493344966316,0.04335381748962982,0.028941040467296113,-0.008884378828330606,0.021959580803843068,-0.00911717871173934,-0.009551581318262434,-0.01068514563564769,-0.002471654290068648,-0.00397194197138178,0.00047886301137287454,-0.002282855757792384,0.01138192926898372,-0.0061131667317875695,-0.012655191336103485,-0.008485482548802905,-0.020017066932500722,-0.003826993121854347,0.00706914398207072,-0.007512606299421434,-0.002567401966370559,0.028941040467296113,0.061576300642820096,-0.03443230799341622,0.024902121724220166,-0.005346172712170041,-0.005054518502732636,-0.011052953340209542,-0.0047968940683004915,-0.0024797437537985518,0.006218675780679986,0.004540966849131485,0.019633156194173867,-0.009873206871678624,-0.021390960679639644,-0.009858429715163944,-0.009140477075167883,-0.0003735589071150045,-0.004528290737828195,0.004090280082720139,0.00334226356931259,-0.008884378828330606,-0.03443230799341622,0.03731091170134759,-0.013609431846848527,-0.0001096347360180781,0.0013697845531042093,0.0019579562303992846,0.006236479515560603,-0.0035915142542903775,-0.005173625485335873,-0.003489154440991027,-0.010659315090278863,0.009658486622270882,0.00963261439397604,0.006059352467349417,0.00442822098786872,0.001885963373890289,0.008766360750055675,0.001845209811450262,-0.009076983502818024,0.021959580803843068,0.024902121724220166,-0.013609431846848527,0.04152655743654136,-0.010086123947068822,0.006777878869030368,-0.007972216083393678,-0.005117755955882699,0.005987509383858145,-0.008825309772163498,0.0046793881443529285,0.0030708457662101847,-0.0012752817919094595,-0.017200609776160652,-0.009658740082765158,-0.010848349368398773,0.006596556289717609,0.0021009875382411044,0.005991690792887973,0.002541048533399008,-0.00911717871173934,-0.005346172712170041,-0.0001096347360180781,-0.010086123947068822,0.028926203459559482,-0.009412082412062667,0.0054430324195353895,0.008492988201580634,-0.010659086996183273,-0.007285183230055441,0.0019362368437245176,0.01149563108980373,0.004362374632592038,0.010279779189207541,-0.0050517285075408445,-0.000603834642266884,-0.005221906153860822,-0.014350277626229882,-0.009178200256364948,-0.0029319785762029777,-0.009551581318262434,-0.005054518502732636,0.0013697845531042093,0.006777878869030368,-0.009412082412062667,0.034855322496821516,0.0033009629353395386,-0.010150598658830438,0.014577642720448526,-0.003848762652420695,0.006782926523018856,-0.018916052352006087,-0.0010954011084982266,-0.005678068000243546,0.002164225982343982,0.0003149363557912571,0.009429561873348785,0.009928141941787441,0.0003439486508743134,-0.0005473504099881115,-0.01068514563564769,-0.011052953340209542,0.0019579562303992846,-0.007972216083393678,0.0054430324195353895,0.0033009629353395386,0.02424582732056826,-0.0006314355983836583,0.0007134865129708699,-0.005755153822592531,0.0035572907053798633,-0.0047466195954330975,0.005120660056142021,0.002331601998621851,0.0010835334419028722,0.0072164447558856785,0.0017426072386582548,0.0003112764123391526,0.0025076686124465256,0.0017726390953527213,-0.002471654290068648,-0.0047968940683004915,0.006236479515560603,-0.005117755955882699,0.008492988201580634,-0.010150598658830438,-0.0006314355983836583,0.02271573494238722,-0.009563172900652773,-0.00249126491182169,-0.00206152231393894,0.005283937428767637,0.001028804746439644,0.005405856491539256,-0.0022959957264347395,0.002689068585353937,-0.0039516651290366495,-0.00611141935594341,-0.007901746551437197,-0.004421519428547919,-0.00397194197138178,-0.0024797437537985518,-0.0035915142542903775,0.005987509383858145,-0.010659086996183273,0.014577642720448526,0.0007134865129708699,-0.009563172900652773,0.027011546907946913,0.003358850485133102,0.00274223035361564,-0.0183492370179919,-0.0031859434968265193,-0.007913092063499508,0.004444430139594258,0.0032055290433250457,0.007367362366924203,0.007720107312894181,-0.008250874171023628,0.0019396929855998541,0.00047886301137287454,0.006218675780679986,-0.005173625485335873,-0.008825309772163498,-0.007285183230055441,-0.003848762652420695,-0.005755153822592531,-0.00249126491182169,0.003358850485133102,0.042658987397788756,-0.0025866671567170854,-0.005232372851357845,-0.008990078966008978,-0.004848000138150253,0.0018835212849000892,0.00502610242083983,-0.006028751072817069,0.0017912360752968923,-0.0011748999016059298,-0.00563661502173596,-0.002282855757792384,0.004540966849131485,-0.003489154440991027,0.0046793881443529285,0.0019362368437245176,0.006782926523018856,0.0035572907053798633,-0.00206152231393894,0.00274223035361564,-0.0025866671567170854,0.019286120590912944,0.0013253579238963163,-0.00297092304129791,-0.00573147866205349,-0.0037442348762511835,0.002314968805927188,0.003741080177661746,-0.0063782189057533765,0.009148053930390237,-0.0014703014609273879,0.01138192926898372,0.019633156194173867,-0.010659315090278863,0.0030708457662101847,0.01149563108980373,-0.018916052352006087,-0.0047466195954330975,0.005283937428767637,-0.0183492370179919,-0.005232372851357845,0.0013253579238963163,0.042148501319686955,0.001190888306974672,0.0019138308232367674,-0.011494925607733977,-0.006496984521377991,-0.004022425115345194,-0.01282496391019336,0.002222288152873968,0.00309792414942945,-0.0061131667317875695,-0.009873206871678624,0.009658486622270882,-0.0012752817919094595,0.004362374632592038,-0.0010954011084982266,0.005120660056142021,0.001028804746439644,-0.0031859434968265193,-0.008990078966008978,-0.00297092304129791,0.001190888306974672,0.019520318002672375,0.005248568600031342,-0.0019816590710536597,-0.0020660857389136716,0.0007246050279406167,0.002829154185141885,0.0056817563074665015,0.009641625814166856,-0.012655191336103485,-0.021390960679639644,0.00963261439397604,-0.017200609776160652,0.010279779189207541,-0.005678068000243546,0.002331601998621851,0.005405856491539256,-0.007913092063499508,-0.004848000138150253,-0.00573147866205349,0.0019138308232367674,0.005248568600031342,0.03340710071373459,0.006527171883452237,-0.0012944527158807867,-0.005909498493879731,-0.006802437789033508,-0.002357726878282027,0.0023967231966680208,-0.008485482548802905,-0.009858429715163944,0.006059352467349417,-0.009658740082765158,-0.0050517285075408445,0.002164225982343982,0.0010835334419028722,-0.0022959957264347395,0.004444430139594258,0.0018835212849000892,-0.0037442348762511835,-0.011494925607733977,-0.0019816590710536597,0.006527171883452237,0.024554466255945286,0.008650874298618529,-0.002174477506795016,-8.291479365528248e-5,0.004814122864204308,-0.008395823604878797,-0.020017066932500722,-0.009140477075167883,0.00442822098786872,-0.010848349368398773,-0.000603834642266884,0.0003149363557912571,0.0072164447558856785,0.002689068585353937,0.0032055290433250457,0.00502610242083983,0.002314968805927188,-0.006496984521377991,-0.0020660857389136716,-0.0012944527158807867,0.008650874298618529,0.03282972056330152,-0.002026687722215108,-0.013451709938459674,-0.0025995869016079,-0.012857826074272665,-0.003826993121854347,-0.0003735589071150045,0.001885963373890289,0.006596556289717609,-0.005221906153860822,0.009429561873348785,0.0017426072386582548,-0.0039516651290366495,0.007367362366924203,-0.006028751072817069,0.003741080177661746,-0.004022425115345194,0.0007246050279406167,-0.005909498493879731,-0.002174477506795016,-0.002026687722215108,0.02184967973324301,0.0031399490323490804,-0.008337734648328033,0.0033773486225953664,0.00706914398207072,-0.004528290737828195,0.008766360750055675,0.0021009875382411044,-0.014350277626229882,0.009928141941787441,0.0003112764123391526,-0.00611141935594341,0.007720107312894181,0.0017912360752968923,-0.0063782189057533765,-0.01282496391019336,0.002829154185141885,-0.006802437789033508,-8.291479365528248e-5,-0.013451709938459674,0.0031399490323490804,0.03478733201128127
0.014915605640825735,0.002253473439127745,-0.0007409429991003895,-0.004323451501206936,0.007619555293553433,-0.00975044616222963,0.0057406258020443746,-0.0006566910383748383,0.00035104804262940046,0.01041448254368662,-0.00664410223430318,-0.0051324214262340895,-0.003379930200492815,0.0081915937717679,-0.008460911884886643,-0.00999403863671135,-0.006913703090708911,-0.005302025891352084,0.015522917084796216,-0.003524892111442146,0.002253473439127745,0.016806215220850032,0.0005544750352915997,-0.003202775377990014,0.009344107109390631,-0.0024521768388954834,0.0009555443954175479,-0.0006774608408030844,-0.0036378592735936146,0.00785934111561831,-0.001223499742212727,-0.008199189534515781,-0.00025855659067226366,0.007619052524275566,-0.015512901445812289,-0.005304036154407519,0.00014966163746578485,-0.0023711272799409595,0.010431238889947798,-0.0057857568569205115,-0.0007409429991003895,0.0005544750352915997,0.015629940138436382,0.0003657237657572004,-0.0009644609827663873,0.00088781939564074,-0.0039118647907165315,0.002252030653736545,0.002079360026598035,0.001978450912282683,-0.0029316409429318404,0.000595494594545289,-0.0023746501581543675,-1.6840031998502218e-6,0.0010078582822953832,0.0012836392876058888,-0.0015698846530538702,-0.003138808152376293,0.003572420480940916,-0.0018952119852388566,-0.004323451501206936,-0.003202775377990014,0.0003657237657572004,0.027076378507253706,0.001500283442780055,-0.0020652841899474637,-0.009415951053366775,-0.00099239611966423,0.008894003050638588,-0.005719576709964924,-0.004453416143523175,0.005474182804502464,0.0069823852613372876,-0.00300711786926603,0.016402697822299923,-0.004720321248844299,-0.001664727958080103,0.004987314784486132,-0.0011440006785128946,0.0002662949211556024,0.007619555293553433,0.009344107109390631,-0.0009644609827663873,0.001500283442780055,0.08355931667545229,-0.044965753645965334,-0.01300997772964273,-0.01483492998324827,0.01143916689192049,0.04566344972744425,-0.023029372759361053,-0.03443493356455678,0.0026807615342291516,0.03324041803624789,-0.04018722667860716,-0.05737508220655943,-0.013096256873251137,-0.0005334636287483499,0.07083506505587114,-0.024289087925528585,-0.00975044616222963,-0.0024521768388954834,0.00088781939564074,-0.0020652841899474637,-0.044965753645965334,0.05523426959538967,0.00446284453044387,0.008093995522507984,-0.009852605375010369,-0.03180118736830359,0.029651086950914812,0.017889752254822953,0.0009647524130262588,-0.022117352515918953,0.01876257824008184,0.04583012344917256,0.01651480846478845,0.006362697176214301,-0.05726707595287297,0.020762597199720532,0.0057406258020443746,0.0009555443954175479,-0.0039118647907165315,-0.009415951053366775,-0.01300997772964273,0.00446284453044387,0.02693167780170809,0.00488083504727937,-0.010425993671986837,-0.0033479564081870606,0.00950903451753703,-0.0013723348179092462,-0.007958746558479732,-0.00024310187686371295,-0.00834629232219472,0.009812831819873531,0.0031641440725176323,-0.000623866368222577,-0.005181845643658169,0.002839536038631059,-0.0006566910383748383,-0.0006774608408030844,0.002252030653736545,-0.00099239611966423,-0.01483492998324827,0.008093995522507984,0.00488083504727937,0.014799081474697915,-2.7395434113979977e-5,-0.004957620454650239,0.0035037132160270486,0.007278860476867553,-0.0017736967571327922,-0.0036706742047619943,0.0030303342948859824,0.016731955711906076,0.0006490804495755289,-0.0016680921025302724,-0.011300228761241465,0.0008562630377738027,0.00035104804262940046,-0.0036378592735936146,0.002079360026598035,0.008894003050638588,0.01143916689192049,-0.009852605375010369,-0.010425993671986837,-2.7395434113979977e-5,0.0170228606891033,0.002495788693349719,-0.005365607397223925,-0.0038863629500143267,0.002016141638086411,0.0004102810399159238,0.007270994638444833,-0.012330919254172677,-0.003308838512952074,0.004932696355874422,0.012340706216417249,-0.006172174147356808,0.01041448254368662,0.00785934111561831,0.001978450912282683,-0.005719576709964924,0.04566344972744425,-0.03180118736830359,-0.0033479564081870606,-0.004957620454650239,0.002495788693349719,0.051986447364372565,-0.018372995585236068,-0.022519967857112414,-0.004684246834382253,0.028674608841249376,-0.03268354258087267,-0.03845670239651869,-0.012020623779570885,-0.010385469338616645,0.05883768832200209,-0.01914228919512729,-0.00664410223430318,-0.001223499742212727,-0.0029316409429318404,-0.004453416143523175,-0.023029372759361053,0.029651086950914812,0.00950903451753703,0.0035037132160270486,-0.005365607397223925,-0.018372995585236068,0.04334659778248865,0.004832551269875647,0.001014921123844615,-0.011073972894934728,0.0026871969951208366,0.030274500514354145,0.011295274247679827,0.011502804020568662,-0.03496608447291189,0.01703807701925884,-0.0051324214262340895,-0.008199189534515781,0.000595494594545289,0.005474182804502464,-0.03443493356455678,0.017889752254822953,-0.0013723348179092462,0.007278860476867553,-0.0038863629500143267,-0.022519967857112414,0.004832551269875647,0.033440616589303696,0.0012256238990414779,-0.0175818645608853,0.030051453962612353,0.024561835389405925,0.007183993903681811,0.001561681970508346,-0.03394231305329766,0.012306521113211972,-0.003379930200492815,-0.00025855659067226366,-0.0023746501581543675,0.0069823852613372876,0.0026807615342291516,0.0009647524130262588,-0.007958746558479732,-0.0017736967571327922,0.002016141638086411,-0.004684246834382253,0.001014921123844615,0.0012256238990414779,0.021702547224931472,-0.0017360508102522237,0.0035991367460233388,0.0001409300738638326,0.0004085370483619695,0.005615543413747834,-0.008591781155972474,-0.0017126870107981708,0.0081915937717679,0.007619052524275566,-1.6840031998502218e-6,-0.00300711786926603,0.03324041803624789,-0.022117352515918953,-0.00024310187686371295,-0.0036706742047619943,0.0004102810399159238,0.028674608841249376,-0.011073972894934728,-0.0175818645608853,-0.0017360508102522237,0.03239631672083269,-0.02967002172745952,-0.026569911413113004,-0.00971408245232407,-0.007623251977113138,0.040998442015398776,-0.015260923877926064,-0.008460911884886643,-0.015512901445812289,0.0010078582822953832,0.016402697822299923,-0.04018722667860716,0.01876257824008184,-0.00834629232219472,0.0030303342948859824,0.007270994638444833,-0.03268354258087267,0.0026871969951208366,0.030051453962612353,0.0035991367460233388,-0.02967002172745952,0.08118433420342959,0.02219591530690238,0.009504076009176358,0.008375743488708374,-0.03395018700400712,0.02368989031876604,-0.00999403863671135,-0.005304036154407519,0.0012836392876058888,-0.004720321248844299,-0.05737508220655943,0.04583012344917256,0.009812831819873531,0.016731955711906076,-0.012330919254172677,-0.03845670239651869,0.030274500514354145,0.024561835389405925,0.0001409300738638326,-0.026569911413113004,0.02219591530690238,0.0679295550564871,0.01859084957309082,0.007454171967916064,-0.06886508109156195,0.01695161885126345,-0.006913703090708911,0.00014966163746578485,-0.0015698846530538702,-0.001664727958080103,-0.013096256873251137,0.01651480846478845,0.0031641440725176323,0.0006490804495755289,-0.003308838512952074,-0.012020623779570885,0.011295274247679827,0.007183993903681811,0.0004085370483619695,-0.00971408245232407,0.009504076009176358,0.01859084957309082,0.021241504789849847,0.0078022472598652986,-0.02188776072261733,0.011405160121801433,-0.005302025891352084,-0.0023711272799409595,-0.003138808152376293,0.004987314784486132,-0.0005334636287483499,0.006362697176214301,-0.000623866368222577,-0.0016680921025302724,0.004932696355874422,-0.010385469338616645,0.011502804020568662,0.001561681970508346,0.005615543413747834,-0.007623251977113138,0.008375743488708374,0.007454171967916064,0.0078022472598652986,0.02663616225828993,-0.01305410959931535,0.004525654138428247,0.015522917084796216,0.010431238889947798,0.003572420480940916,-0.0011440006785128946,0.07083506505587114,-0.05726707595287297,-0.005181845643658169,-0.011300228761241465,0.012340706216417249,0.05883768832200209,-0.03496608447291189,-0.03394231305329766,-0.008591781155972474,0.040998442015398776,-0.03395018700400712,-0.06886508109156195,-0.02188776072261733,-0.01305410959931535,0.10847225553814975,-0.027192374841983183,-0.003524892111442146,-0.0057857568569205115,-0.0018952119852388566,0.0002662949211556024,-0.024289087925528585,0.020762597199720532,0.002839536038631059,0.0008562630377738027,-0.006172174147356808,-0.01914228919512729,0.01703807701925884,0.012306521113211972,-0.0017126870107981708,-0.015260923877926064,0.02368989031876604,0.01695161885126345,0.011405160121801433,0.004525654138428247,-0.027192374841983183,0.029144223847067743
