0.19894705287568337,-0.036264559514646126,0.0990102972154735,-0.026007483782900666,-0.05165914944204021,-0.041542882021298785,-0.012801519945326708,-0.07281943003059907,0.0024219446943028276,0.052716649319849054,0.11386708173498433,0.03424057435231555,-0.016668353323908775,-0.022555918151176045,-0.13160811694420815,0.06932408638575444,-0.03478141773885021,-0.027805572748128567,-0.05672555606019328,-0.06348855509596678,-0.036264559514646126,0.06283423571374398,-0.013504428793968477,-0.03555502517520979,0.0063458658464115685,0.007883142904767423,0.025085112812489332,0.012601159804047343,-0.017935130811093845,0.005975458065311362,-0.03867067587632772,-0.04620293331284949,0.015276467361434298,0.019063903920997542,0.04288698448945728,-0.025460617505733592,-0.003109214148962843,0.0005769998093426759,0.002544081230800102,-0.001394621524150807,0.0990102972154735,-0.013504428793968477,0.1374419166298179,0.013538172772411951,-0.0028850149778417143,-0.031940076152508656,-0.0225580636781669,-0.027380882938627296,-0.023271561402722647,0.03932225662403299,0.07374763522668817,0.04805896687757044,-0.006338032086783482,-0.03847805741222227,-0.10162148413611774,0.010033020349174082,-0.023326255556283874,0.016918404629507954,-0.05321805151658515,-0.030878929032658743,-0.026007483782900666,-0.03555502517520979,0.013538172772411951,0.08342508040077265,0.016565202300351918,-0.01301729559010463,-0.041232775414872594,0.017588144027737822,0.012603195189908073,-0.030969977505470335,0.00994554168658025,0.04621354522444074,-0.008157793460747702,-0.025264819675181176,-0.024551426675095543,0.0028363530730979416,0.020093142533963,0.02550019114877808,-0.012248297104934797,0.025629926492090248,-0.05165914944204021,0.0063458658464115685,-0.0028850149778417143,0.016565202300351918,0.040407263753271756,0.02338151987643598,-0.001990749995112508,0.023535303729957522,-0.0023353016594059276,-0.0029773762962126355,-0.03400742150671152,-0.0001586041968067539,0.007200716348047451,-0.0013400993901546802,0.01403242921778139,-0.0352564003339235,0.02244138065492513,0.02185424258103753,0.005416757002999961,0.0057934172629869884,-0.041542882021298785,0.007883142904767423,-0.031940076152508656,-0.01301729559010463,0.02338151987643598,0.08972448014150358,0.010523811120350689,0.022528356727296382,-0.00036470938888835333,-0.0015097298277718515,-0.0697830636478941,-0.051741211428657057,0.00887609075057538,0.01563260042336051,0.04191390741711934,-0.05020423157608318,0.030552711378812627,0.01474917150113498,0.03209404477105554,-0.021686356795879255,-0.012801519945326708,0.025085112812489332,-0.0225580636781669,-0.041232775414872594,-0.001990749995112508,0.010523811120350689,0.05320467909442106,-0.0048279633265872,0.001293289858122652,0.01172112396265055,-0.025122563611532908,-0.03339526714594817,0.00021175097087766678,0.017260935069804195,0.028372300350707175,-0.019889299115513417,-0.0013065535435786693,-0.010115153072973145,0.010541335070352077,-0.010661076566480365,-0.07281943003059907,0.012601159804047343,-0.027380882938627296,0.017588144027737822,0.023535303729957522,0.022528356727296382,-0.0048279633265872,0.05655914816313702,0.0024942742705661362,-0.022087845674982322,-0.032559843126351955,-0.004907186947617188,0.013186548393643213,-0.011275025165980078,0.03663800473876984,-0.03844580952001789,0.01579742631509967,0.022111437158936965,0.016968109342949476,0.009672750346967175,0.0024219446943028276,-0.017935130811093845,-0.023271561402722647,0.012603195189908073,-0.0023353016594059276,-0.00036470938888835333,0.001293289858122652,0.0024942742705661362,0.040589153380816374,-0.01031794910048468,0.008861568018381963,0.012949450387932614,-0.006827241252763894,-0.0021621970697052145,-0.011407350772333204,0.011718478097981582,0.006237358295847331,0.0012479898689430262,0.007104383820819718,-0.0007854316869254415,0.052716649319849054,0.005975458065311362,0.03932225662403299,-0.030969977505470335,-0.0029773762962126355,-0.0015097298277718515,0.01172112396265055,-0.022087845674982322,-0.01031794910048468,0.06708578145937817,0.041457516665617394,-0.009170815609823522,0.0036542499203765823,0.0049541195040461615,-0.050649803202704256,-0.005846513093285303,-0.010173435601610901,0.004127258621023139,-0.016918808766452242,-0.04411570330513283,0.11386708173498433,-0.03867067587632772,0.07374763522668817,0.00994554168658025,-0.03400742150671152,-0.0697830636478941,-0.025122563611532908,-0.032559843126351955,0.008861568018381963,0.041457516665617394,0.1811694892781691,0.07373368414785564,-0.015777063381411962,-0.05482096425896872,-0.11309849095943059,0.06072069160322164,-0.03640119391252826,-0.0073878772807930955,-0.04153679103538018,-0.029354449206508423,0.03424057435231555,-0.04620293331284949,0.04805896687757044,0.04621354522444074,-0.0001586041968067539,-0.051741211428657057,-0.03339526714594817,-0.004907186947617188,0.012949450387932614,-0.009170815609823522,0.07373368414785564,0.10223903376135018,-0.004548193879418917,-0.03434052439637725,-0.06204919367325975,0.03178269862442019,-0.008095186154403203,0.009007424317783879,-0.0396537017843516,0.016435832722852525,-0.016668353323908775,0.015276467361434298,-0.006338032086783482,-0.008157793460747702,0.007200716348047451,0.00887609075057538,0.00021175097087766678,0.013186548393643213,-0.006827241252763894,0.0036542499203765823,-0.015777063381411962,-0.004548193879418917,0.04133630835514376,0.0034172263080875735,0.008799546091976217,-0.009889725754069151,-0.005367792192263447,0.009795615239485238,0.009762747689718526,-0.004867311979542979,-0.022555918151176045,0.019063903920997542,-0.03847805741222227,-0.025264819675181176,-0.0013400993901546802,0.01563260042336051,0.017260935069804195,-0.011275025165980078,-0.0021621970697052145,0.0049541195040461615,-0.05482096425896872,-0.03434052439637725,0.0034172263080875735,0.06430768821397993,0.03951521481397288,-0.011733269348445732,0.0023905458333646663,-0.009971416063521104,0.017662669698709173,0.01281212857122931,-0.13160811694420815,0.04288698448945728,-0.10162148413611774,-0.024551426675095543,0.01403242921778139,0.04191390741711934,0.028372300350707175,0.03663800473876984,-0.011407350772333204,-0.050649803202704256,-0.11309849095943059,-0.06204919367325975,0.008799546091976217,0.03951521481397288,0.16612804536641998,-0.029609398839479825,0.01370024418823001,-0.015676611897373627,0.05897897601071308,0.05745331148765529,0.06932408638575444,-0.025460617505733592,0.010033020349174082,0.0028363530730979416,-0.0352564003339235,-0.05020423157608318,-0.019889299115513417,-0.03844580952001789,0.011718478097981582,-0.005846513093285303,0.06072069160322164,0.03178269862442019,-0.009889725754069151,-0.011733269348445732,-0.029609398839479825,0.09210486157337902,-0.019686826191515502,-0.028733255405673425,-0.01814208912315835,0.015631824782486828,-0.03478141773885021,-0.003109214148962843,-0.023326255556283874,0.020093142533963,0.02244138065492513,0.030552711378812627,-0.0013065535435786693,0.01579742631509967,0.006237358295847331,-0.010173435601610901,-0.03640119391252826,-0.008095186154403203,-0.005367792192263447,0.0023905458333646663,0.01370024418823001,-0.019686826191515502,0.039289224830425566,0.008895346152077713,0.00846884901123798,0.004575972883651688,-0.027805572748128567,0.0005769998093426759,0.016918404629507954,0.02550019114877808,0.02185424258103753,0.01474917150113498,-0.010115153072973145,0.022111437158936965,0.0012479898689430262,0.004127258621023139,-0.0073878772807930955,0.009007424317783879,0.009795615239485238,-0.009971416063521104,-0.015676611897373627,-0.028733255405673425,0.008895346152077713,0.050939422081747815,-0.010568078967677329,-0.005668995502931801,-0.05672555606019328,0.002544081230800102,-0.05321805151658515,-0.012248297104934797,0.005416757002999961,0.03209404477105554,0.010541335070352077,0.016968109342949476,0.007104383820819718,-0.016918808766452242,-0.04153679103538018,-0.0396537017843516,0.009762747689718526,0.017662669698709173,0.05897897601071308,-0.01814208912315835,0.00846884901123798,-0.010568078967677329,0.06718442580993557,0.01229958119184172,-0.06348855509596678,-0.001394621524150807,-0.030878929032658743,0.025629926492090248,0.0057934172629869884,-0.021686356795879255,-0.010661076566480365,0.009672750346967175,-0.0007854316869254415,-0.04411570330513283,-0.029354449206508423,0.016435832722852525,-0.004867311979542979,0.01281212857122931,0.05745331148765529,0.015631824782486828,0.004575972883651688,-0.005668995502931801,0.01229958119184172,0.07591399554186955
0.06267672019811309,0.023552209454720304,-0.015648150702042275,0.00024054157274312727,0.002042480599445858,-0.029195835828603838,0.02297776087864805,0.00263448575273517,0.0005760720085003965,-0.00633696331028232,0.0026428230449147038,-0.007443242760411754,0.014425042050167473,-0.03665371914984811,-0.008397215265539233,-0.04191875730931595,-0.010924519704202648,-0.011986454234221358,0.019079200566255394,0.010446754729143932,0.023552209454720304,0.04690744700747393,-0.017615307741680658,0.005504498995030251,0.0071031929408632045,-0.006312904453901311,0.004306857365102507,0.0012039728661205535,-0.0049300122112987,-0.012023295904715094,0.007903656168809954,0.009221756745468294,-0.0012102313248462918,-0.0109994460517232,-0.0018441201776421402,-0.01238941125705877,-0.008698990010395268,-0.013339400169680634,0.0057079825380267745,0.0018684032812833792,-0.015648150702042275,-0.017615307741680658,0.053561693027880435,-0.007372741578011153,0.0029566223521185547,-0.012484826365077618,-0.003648972859607186,0.0071223873858368095,-0.017422889408329586,0.01165860370841716,-0.0003532716466632593,-0.0009138287766672498,-0.007001278884147951,0.013375524924244635,0.005376071036253545,0.03460722496154951,0.010989176564313356,0.02501745086600831,-0.018993730374306524,-0.015828229577410535,0.00024054157274312727,0.005504498995030251,-0.007372741578011153,0.026568836184375343,-0.0039268824154344625,0.004771582037554404,-0.0005350357270735464,-0.0008601295923389308,0.017674484956238683,-0.0034079331435468733,0.0013837057711410378,-0.005102775156106288,-0.00028582872145781516,-0.006047522781833068,-0.009103329272770518,0.003514662111953082,-0.002020357904404307,-0.0005789081616487815,-0.006474531340149931,0.0036146887419253116,0.002042480599445858,0.0071031929408632045,0.0029566223521185547,-0.0039268824154344625,0.028369344181319475,0.0014498171397070534,-0.0028369385737149716,0.002587438250755702,-0.019169643065011645,0.00048305188478073064,0.0013276508166058317,-0.006594516089437726,-0.00350087527467827,-0.0047440236003982545,0.0046093569196687155,-0.002747282677497654,-0.005776457130773409,-0.0005067765697949984,0.0008247666403261938,0.004263526405920082,-0.029195835828603838,-0.006312904453901311,-0.012484826365077618,0.004771582037554404,0.0014498171397070534,0.06805124727236306,-0.02761354395446973,-0.005915859517039619,0.01446599756407331,-0.00019405115878869757,-0.008092113200464001,0.009200728777279,-0.013294775829395979,0.03524992386097185,0.003944718602994754,0.013365303283335484,0.005466358314447719,-0.010200007135644156,-0.017631582490899217,-0.013949382787447034,0.02297776087864805,0.004306857365102507,-0.003648972859607186,-0.0005350357270735464,-0.0028369385737149716,-0.02761354395446973,0.07292327390399209,-0.01264354021935209,-0.010420441033316921,-0.014846137072949175,0.020574825713769167,-0.013669927507750321,0.018509893641537205,-0.059582773099004796,-0.006529067668229651,-0.03507498101051429,-0.020952012749705193,-0.0036037335716410214,0.040525998303602775,0.019814442215043315,0.00263448575273517,0.0012039728661205535,0.0071223873858368095,-0.0008601295923389308,0.002587438250755702,-0.005915859517039619,-0.01264354021935209,0.03202589937650751,-0.0073976049118990445,0.011913929245263941,-0.0014872940220060217,-0.005411398249201983,-0.007403196631463218,0.022898438192976378,0.0024946149144799857,0.023506245913436627,0.014638119390083991,0.0002643797550774834,-0.022850538711694228,-0.006992108080785807,0.0005760720085003965,-0.0049300122112987,-0.017422889408329586,0.017674484956238683,-0.019169643065011645,0.01446599756407331,-0.010420441033316921,-0.0073976049118990445,0.07865326162756013,0.009612503485762633,-0.006037898728400891,-0.0024033272022099027,0.006210331206622312,-0.006490332117966435,-0.001378173114572028,0.00873137132566012,0.004730516458181821,-0.01745561085010229,-0.02756752329692802,-0.00019442431286533103,-0.00633696331028232,-0.012023295904715094,0.01165860370841716,-0.0034079331435468733,0.00048305188478073064,-0.00019405115878869757,-0.014846137072949175,0.011913929245263941,0.009612503485762633,0.03552020029421619,-0.006204676714705322,-0.0022799755590536502,0.004839520378245631,0.008850708535782934,0.0018329577860056359,0.024011733098247723,0.010117577877336333,-0.003407397743691762,-0.027505523389121135,0.0009163671729677478,0.0026428230449147038,0.007903656168809954,-0.0003532716466632593,0.0013837057711410378,0.0013276508166058317,-0.008092113200464001,0.020574825713769167,-0.0014872940220060217,-0.006037898728400891,-0.006204676714705322,0.03278656546398705,-0.010203787982395395,-0.0021555828856276407,-0.020501458253429736,0.000918715001590019,-0.0033990415096933815,-0.008362487084411847,0.0024947356835540546,0.010763477828686686,0.0034433159609792564,-0.007443242760411754,0.009221756745468294,-0.0009138287766672498,-0.005102775156106288,-0.006594516089437726,0.009200728777279,-0.013669927507750321,-0.005411398249201983,-0.0024033272022099027,-0.0022799755590536502,-0.010203787982395395,0.04831958294394519,0.004383268775745221,0.023589767378331395,0.0022749031102889923,-0.0028204150650599,0.0043793068549761605,-0.004190698210315619,0.003328301776094291,-0.0024604841926292166,0.014425042050167473,-0.0012102313248462918,-0.007001278884147951,-0.00028582872145781516,-0.00350087527467827,-0.013294775829395979,0.018509893641537205,-0.007403196631463218,0.006210331206622312,0.004839520378245631,-0.0021555828856276407,0.004383268775745221,0.034756015452128065,-0.026982787873763233,0.0027505849369681232,-0.02494123031752842,-0.00557636406832609,0.00046911096420699264,0.02295026378382732,0.015133578655067929,-0.03665371914984811,-0.0109994460517232,0.013375524924244635,-0.006047522781833068,-0.0047440236003982545,0.03524992386097185,-0.059582773099004796,0.022898438192976378,-0.006490332117966435,0.008850708535782934,-0.020501458253429736,0.023589767378331395,-0.026982787873763233,0.12734253427337838,0.012575528970897289,0.04814855804829797,0.04072597547475425,-0.0015369097809484016,-0.051553941757882374,-0.03236763232281428,-0.008397215265539233,-0.0018441201776421402,0.005376071036253545,-0.009103329272770518,0.0046093569196687155,0.003944718602994754,-0.006529067668229651,0.0024946149144799857,-0.001378173114572028,0.0018329577860056359,0.000918715001590019,0.0022749031102889923,0.0027505849369681232,0.012575528970897289,0.045910178636478935,-0.0013238163420566601,0.0028827416030688634,-0.0051866067026794214,-0.0022742234534255962,-0.0012562729701653317,-0.04191875730931595,-0.01238941125705877,0.03460722496154951,0.003514662111953082,-0.002747282677497654,0.013365303283335484,-0.03507498101051429,0.023506245913436627,0.00873137132566012,0.024011733098247723,-0.0033990415096933815,-0.0028204150650599,-0.02494123031752842,0.04814855804829797,-0.0013238163420566601,0.09455953663485828,0.021654925637621475,0.007286483088416215,-0.07005087263851117,-0.018007377459161804,-0.010924519704202648,-0.008698990010395268,0.010989176564313356,-0.002020357904404307,-0.005776457130773409,0.005466358314447719,-0.020952012749705193,0.014638119390083991,0.004730516458181821,0.010117577877336333,-0.008362487084411847,0.0043793068549761605,-0.00557636406832609,0.04072597547475425,0.0028827416030688634,0.021654925637621475,0.03710745635889057,0.0009026012308131146,-0.019907239151894435,-0.012880105496784262,-0.011986454234221358,-0.013339400169680634,0.02501745086600831,-0.0005789081616487815,-0.0005067765697949984,-0.010200007135644156,-0.0036037335716410214,0.0002643797550774834,-0.01745561085010229,-0.003407397743691762,0.0024947356835540546,-0.004190698210315619,0.00046911096420699264,-0.0015369097809484016,-0.0051866067026794214,0.007286483088416215,0.0009026012308131146,0.03511349592339668,0.008912576568625697,0.0032177826740537223,0.019079200566255394,0.0057079825380267745,-0.018993730374306524,-0.006474531340149931,0.0008247666403261938,-0.017631582490899217,0.040525998303602775,-0.022850538711694228,-0.02756752329692802,-0.027505523389121135,0.010763477828686686,0.003328301776094291,0.02295026378382732,-0.051553941757882374,-0.0022742234534255962,-0.07005087263851117,-0.019907239151894435,0.008912576568625697,0.09508618923432424,0.025937250054760125,0.010446754729143932,0.0018684032812833792,-0.015828229577410535,0.0036146887419253116,0.004263526405920082,-0.013949382787447034,0.019814442215043315,-0.006992108080785807,-0.00019442431286533103,0.0009163671729677478,0.0034433159609792564,-0.0024604841926292166,0.015133578655067929,-0.03236763232281428,-0.0012562729701653317,-0.018007377459161804,-0.012880105496784262,0.0032177826740537223,0.025937250054760125,0.04222258899796068
0.14773117874094424,-0.03586540762858462,0.04423189434138766,-0.02163942411295784,-0.0028809387354659724,0.02216358129889107,0.033234296635364924,-0.046811981680289605,0.008203050544237955,0.07466142737824896,0.05267546718609231,-0.0031309650960153067,-0.0018830365340514917,0.006627087795323841,-0.10194477437057418,0.0003367288862056207,0.019694749920674874,0.015209595390261448,-0.050605410847746404,-0.09574410130850097,-0.03586540762858462,0.048525193348030786,-0.03982517948253714,-0.03295627319066383,-0.010571921622392951,-0.015040344640688479,-0.014171503665345253,0.007636370959885451,0.0004915668602333625,-0.004033531275352782,-0.029222237245044934,-0.02420240034830177,0.02252962103755985,0.012696904332526565,0.050881887451342825,0.022873090509814797,-0.009768126077889714,-0.005877222397211225,0.0026668819215180167,0.04181308503662601,0.04423189434138766,-0.03982517948253714,0.1365988497000763,0.03807030507089477,0.04388861773061584,0.012837680205702091,0.013982104590702066,0.0017589547756644195,-0.04862072168956851,0.014752665466041115,0.062186505833690855,0.04148970301134482,-0.03379937598297196,-0.05279405970448667,-0.09328040534104765,-0.060486940817942925,0.0037648003624597614,0.02795664876829823,-0.008294755177593087,-0.07892846991360145,-0.02163942411295784,-0.03295627319066383,0.03807030507089477,0.07974022287845609,-0.0003900016511585759,-0.005187318588138737,0.002106312599448899,0.044378860965509394,-0.02363413462242049,-0.038423926913578925,0.03351805459860642,0.02812086689206226,-0.03176657365618964,-0.022550812816547038,0.003210088168263834,-0.04851750100678076,0.006628303122617424,-0.009878131089117045,0.01715212831330455,-0.016987963646038908,-0.0028809387354659724,-0.010571921622392951,0.04388861773061584,-0.0003900016511585759,0.059268838707574295,0.011904571942803407,-0.014604952812277418,-0.012949147747818645,-0.011736316406086238,-0.00581112512214808,0.010296987400596013,0.017023009184945016,-0.013799714875123038,-0.03400341646175069,-0.049308760060606194,-0.006346602437158189,0.012338343272667272,0.03061706054627162,0.0007733379599944279,-0.01569417225520218,0.02216358129889107,-0.015040344640688479,0.012837680205702091,-0.005187318588138737,0.011904571942803407,0.05293867599399406,0.008985360177161856,0.00020434784241590257,0.027022530939298905,0.012062461868506881,-2.161636320283599e-5,-0.0016539777001002912,-0.019951227240497554,0.00011736107032707366,-0.02857248173119536,-0.01853387619433797,0.016500424203530838,0.02667290033966349,-0.001490482511439518,-0.05004756081519098,0.033234296635364924,-0.014171503665345253,0.013982104590702066,0.002106312599448899,-0.014604952812277418,0.008985360177161856,0.07228406479503513,-0.009497130286599494,-0.005084121331957351,0.05069792198119667,0.013585367437533021,-0.022740932503414177,-0.009324459203513581,0.014093043335169943,-0.013766705251576193,-0.044526649884947964,0.016599348521087645,0.00367709591233357,-0.0009870785697780073,-0.03734056339950893,-0.046811981680289605,0.007636370959885451,0.0017589547756644195,0.044378860965509394,-0.012949147747818645,0.00020434784241590257,-0.009497130286599494,0.09936248930032332,-0.02204046754484902,-0.04815939661588506,0.030679125081668257,0.021403284320518384,-0.01915972876385761,-0.012181429239956203,0.04668163360050904,-0.055700446065761106,-0.0033194766817679594,-0.006609243601763595,0.013135796550798957,-0.007669523430314129,0.008203050544237955,0.0004915668602333625,-0.04862072168956851,-0.02363413462242049,-0.011736316406086238,0.027022530939298905,-0.005084121331957351,-0.02204046754484902,0.06875374968200505,0.013863464574652195,-0.041205041905874984,-0.014356273222489339,0.0003016730192348888,0.023820260547882867,0.003178133180143763,0.03633213550636849,0.003163667235914897,0.005538540426248212,-0.0030874174244526617,-0.005716316290458073,0.07466142737824896,-0.004033531275352782,0.014752665466041115,-0.038423926913578925,-0.00581112512214808,0.012062461868506881,0.05069792198119667,-0.04815939661588506,0.013863464574652195,0.12149340646954136,0.0019437086413065146,-0.040848121615896016,0.013223835574384769,0.026751962927315572,-0.05408219939975485,-0.01761405618336019,0.006907589283316243,0.012003670949991331,-0.030061453765194597,-0.05540907831536658,0.05267546718609231,-0.029222237245044934,0.062186505833690855,0.03351805459860642,0.010296987400596013,-2.161636320283599e-5,0.013585367437533021,0.030679125081668257,-0.041205041905874984,0.0019437086413065146,0.1141168109280432,0.04217888324899681,-0.03212961266575678,-0.034425767622142195,-0.050860608220031814,-0.06037902259144264,0.01382668782740774,0.01906513818516256,-0.012669464575309762,-0.075068164953323,-0.0031309650960153067,-0.02420240034830177,0.04148970301134482,0.02812086689206226,0.017023009184945016,-0.0016539777001002912,-0.022740932503414177,0.021403284320518384,-0.014356273222489339,-0.040848121615896016,0.04217888324899681,0.07709763967448618,-0.01543884573351376,-0.03167015973081082,-0.03656164969345553,-0.01154689484317499,-0.005321182439737577,0.005527963214961472,-0.020042657041938423,-0.018157889382540725,-0.0018830365340514917,0.02252962103755985,-0.03379937598297196,-0.03176657365618964,-0.013799714875123038,-0.019951227240497554,-0.009324459203513581,-0.01915972876385761,0.0003016730192348888,0.013223835574384769,-0.03212961266575678,-0.01543884573351376,0.06319506998175717,0.01420039486640096,0.015396126350335972,0.033858722143239914,-0.02913264699929989,-0.01652273214427218,-0.011910202517830946,0.0467983038062921,0.006627087795323841,0.012696904332526565,-0.05279405970448667,-0.022550812816547038,-0.03400341646175069,0.00011736107032707366,0.014093043335169943,-0.012181429239956203,0.023820260547882867,0.026751962927315572,-0.034425767622142195,-0.03167015973081082,0.01420039486640096,0.062019051228153516,0.038715264453769674,0.019463304732004198,-0.005642328273385115,-0.02429148217030163,0.002553911927682359,0.02436793410610183,-0.10194477437057418,0.050881887451342825,-0.09328040534104765,0.003210088168263834,-0.049308760060606194,-0.02857248173119536,-0.013766705251576193,0.04668163360050904,0.003178133180143763,-0.05408219939975485,-0.050860608220031814,-0.03656164969345553,0.015396126350335972,0.038715264453769674,0.15798139131361372,0.016505061254636938,-0.016644326630729282,-0.038422496450195354,0.04847750138036534,0.09636786040292374,0.0003367288862056207,0.022873090509814797,-0.060486940817942925,-0.04851750100678076,-0.006346602437158189,-0.01853387619433797,-0.044526649884947964,-0.055700446065761106,0.03633213550636849,-0.01761405618336019,-0.06037902259144264,-0.01154689484317499,0.033858722143239914,0.019463304732004198,0.016505061254636938,0.1181720284967985,-0.01209649328045431,-0.017835953990019224,-0.016388451291302654,0.0672956370083691,0.019694749920674874,-0.009768126077889714,0.0037648003624597614,0.006628303122617424,0.012338343272667272,0.016500424203530838,0.016599348521087645,-0.0033194766817679594,0.003163667235914897,0.006907589283316243,0.01382668782740774,-0.005321182439737577,-0.02913264699929989,-0.005642328273385115,-0.016644326630729282,-0.01209649328045431,0.04177918109292135,0.016729720033083685,0.0009081661036411427,-0.02784246392651836,0.015209595390261448,-0.005877222397211225,0.02795664876829823,-0.009878131089117045,0.03061706054627162,0.02667290033966349,0.00367709591233357,-0.006609243601763595,0.005538540426248212,0.012003670949991331,0.01906513818516256,0.005527963214961472,-0.01652273214427218,-0.02429148217030163,-0.038422496450195354,-0.017835953990019224,0.016729720033083685,0.05205504000545837,-0.004580475216459556,-0.040748681094639805,-0.050605410847746404,0.0026668819215180167,-0.008294755177593087,0.01715212831330455,0.0007733379599944279,-0.001490482511439518,-0.0009870785697780073,0.013135796550798957,-0.0030874174244526617,-0.030061453765194597,-0.012669464575309762,-0.020042657041938423,-0.011910202517830946,0.002553911927682359,0.04847750138036534,-0.016388451291302654,0.0009081661036411427,-0.004580475216459556,0.06279743125646958,0.020579667095691638,-0.09574410130850097,0.04181308503662601,-0.07892846991360145,-0.016987963646038908,-0.01569417225520218,-0.05004756081519098,-0.03734056339950893,-0.007669523430314129,-0.005716316290458073,-0.05540907831536658,-0.075068164953323,-0.018157889382540725,0.0467983038062921,0.02436793410610183,0.09636786040292374,0.0672956370083691,-0.02784246392651836,-0.040748681094639805,0.020579667095691638,0.1533082588522709
