0.02264665010951733,-0.005063487248138985,-0.00026550188676169176,-0.0013108520135826857,0.0027883778214093675,-0.0045133921948547154,0.0034964814893050575,-0.004977193107582867,0.00154318497653251,0.00275017942820839,-0.005507398241016165,0.005759239503880596,0.0019843528897961903,0.0019567821900646418,0.00036101623349917423,-0.0014132096663527648,0.003986400565968646,0.005781795575833989,0.00520457626498289,-0.00012643421601180683,-0.005063487248138985,0.028635354950332217,-0.0012329531412996746,-0.012871693766731852,0.0003040103775334962,-0.008407202209207409,-0.0003993576730617546,-0.0020153811293834732,0.00034518496720632166,0.0038358126554253365,-0.0006837388091919984,-0.001934823184183861,0.0034582230838829378,0.008532396707224754,-0.0034346016063785587,-0.00231219556754175,-0.007475478094982565,-0.0002197332748952861,0.002201469874131824,-0.0016873387972288702,-0.00026550188676169176,-0.0012329531412996746,0.031246195459826678,0.0013435114077923454,-0.003330522481900148,0.0005396070310245793,-0.0009457241985598016,-7.732786459560201e-5,0.0016295039573303513,-0.00644489302901366,-0.0007376560359025478,0.003305427382126142,0.008446378902958282,-0.0029403635948796105,-0.00818690616421097,-0.0038818635494524516,0.00220394781606806,9.066613751505348e-5,-0.0005871687411869624,0.002006751290576647,-0.0013108520135826857,-0.012871693766731852,0.0013435114077923454,0.03063785462450741,0.000642239963739218,0.004116645315586696,-0.002204620544884151,7.566764118464527e-5,0.002229796574407596,-0.0032748427915442213,0.004623738153725362,-0.0024004466484832477,0.0036645866870134982,0.002240501986904341,-0.0004901744444121389,-0.001301193011608932,0.009208137539026927,0.015341301259379974,-0.0008732233218162275,-0.0025462711082473548,0.0027883778214093675,0.0003040103775334962,-0.003330522481900148,0.000642239963739218,0.03084023727324689,0.003418840297200361,0.009124810198196186,0.0051386616421160575,0.0008921570477125972,0.0037056136252852784,-0.0030147579870343135,-0.0005221105833372534,-0.008491769930522673,-0.004149142002501983,0.010811633765068034,0.005921949526217348,-0.003586770400877657,-0.009931148535578352,-0.004124104770707882,-0.00353440958842417,-0.0045133921948547154,-0.008407202209207409,0.0005396070310245793,0.004116645315586696,0.003418840297200361,0.03409215178319096,0.00015601118542555757,0.004188649365880444,-0.003649996498343252,-0.006976823554371164,0.00194570438569158,-0.001483144418498034,-0.005480173611658106,-0.010522209628429608,0.005444830403013948,0.009698969739472848,0.0007759890295475551,-0.006088176820814025,-0.010748498550494428,-0.005300420148085917,0.0034964814893050575,-0.0003993576730617546,-0.0009457241985598016,-0.002204620544884151,0.009124810198196186,0.00015601118542555757,0.020878625206137497,-0.002303337661914382,0.0055976298621004655,-0.0015053014811203037,-0.004561973506553907,0.0017470100974115968,-0.002059566695261964,-0.004596838702259324,0.0014146236041867083,0.008750888325659062,-0.0019069656872852747,-0.004421585924015788,0.001878386398122849,-0.0019830696779859843,-0.004977193107582867,-0.0020153811293834732,-7.732786459560201e-5,7.566764118464527e-5,0.0051386616421160575,0.004188649365880444,-0.002303337661914382,0.019531860616120198,0.005125167877355681,-0.0011159101130091228,0.000614388210880099,-0.003661997325545053,0.001223946227930317,-0.005540882382818156,0.0023697360213675855,-0.0018924250533404441,-0.0005998352079090211,-0.004643363709084051,-0.010198667992197447,0.0002865574938910408,0.00154318497653251,0.00034518496720632166,0.0016295039573303513,0.002229796574407596,0.0008921570477125972,-0.003649996498343252,0.0055976298621004655,0.005125167877355681,0.016428719316384628,-0.004282863038610625,0.0043100150881899505,0.0017350334546706707,-0.0012870293958246884,0.002748906318530578,0.004591227371181974,0.00035365465509294735,0.005005465262500335,0.005045815802659355,-0.0002808377097419189,-0.0009659784120379369,0.00275017942820839,0.0038358126554253365,-0.00644489302901366,-0.0032748427915442213,0.0037056136252852784,-0.006976823554371164,-0.0015053014811203037,-0.0011159101130091228,-0.004282863038610625,0.026177401830580635,-0.005814593534784817,0.0003347438298353312,0.0005685083964295178,0.004219722716029091,-0.0012758242004755034,-0.006558119189075569,-0.005507254330780454,0.0009696316705765431,0.005167752713188826,0.0013025424349075892,-0.005507398241016165,-0.0006837388091919984,-0.0007376560359025478,0.004623738153725362,-0.0030147579870343135,0.00194570438569158,-0.004561973506553907,0.000614388210880099,0.0043100150881899505,-0.005814593534784817,0.02114049349528718,-0.0022467913521405374,0.00787927884753268,0.0028274305735348972,0.001740562134001623,-0.006051500693886025,0.0038252285023434446,0.003802360414914483,-0.003922203722199808,-0.004557266167158966,0.005759239503880596,-0.001934823184183861,0.003305427382126142,-0.0024004466484832477,-0.0005221105833372534,-0.001483144418498034,0.0017470100974115968,-0.003661997325545053,0.0017350334546706707,0.0003347438298353312,-0.0022467913521405374,0.019656372556648264,0.0009034401300030152,-0.0004743963811612511,0.00047426034381689976,0.005025494792982133,-0.0004563149835317701,-0.00106361454746074,0.0005341274882151631,0.0034188860928506134,0.0019843528897961903,0.0034582230838829378,0.008446378902958282,0.0036645866870134982,-0.008491769930522673,-0.005480173611658106,-0.002059566695261964,0.001223946227930317,-0.0012870293958246884,0.0005685083964295178,0.00787927884753268,0.0009034401300030152,0.024829172127045412,0.0037986708772796292,-0.00768516311805582,-0.007937140492224288,0.000516182322078279,0.0010806703657029958,0.001745016476160776,0.0030059435415830116,0.0019567821900646418,0.008532396707224754,-0.0029403635948796105,0.002240501986904341,-0.004149142002501983,-0.010522209628429608,-0.004596838702259324,-0.005540882382818156,0.002748906318530578,0.004219722716029091,0.0028274305735348972,-0.0004743963811612511,0.0037986708772796292,0.02796296957642257,-0.011985230221378339,-0.008552774645700565,-0.002743484872244968,0.010664389668221783,0.005570591582834303,-0.0019462631927003784,0.00036101623349917423,-0.0034346016063785587,-0.00818690616421097,-0.0004901744444121389,0.010811633765068034,0.005444830403013948,0.0014146236041867083,0.0023697360213675855,0.004591227371181974,-0.0012758242004755034,0.001740562134001623,0.00047426034381689976,-0.00768516311805582,-0.011985230221378339,0.036895933520282365,0.005584202660407111,0.0047471229015949665,-0.008160141698740239,-0.007373225354842545,-0.0021663155406424477,-0.0014132096663527648,-0.00231219556754175,-0.0038818635494524516,-0.001301193011608932,0.005921949526217348,0.009698969739472848,0.008750888325659062,-0.0018924250533404441,0.00035365465509294735,-0.006558119189075569,-0.006051500693886025,0.005025494792982133,-0.007937140492224288,-0.008552774645700565,0.005584202660407111,0.023297550478194574,-0.001866773496354849,-0.012019178739274874,0.0037280610227880813,-0.007028465253734226,0.003986400565968646,-0.007475478094982565,0.00220394781606806,0.009208137539026927,-0.003586770400877657,0.0007759890295475551,-0.0019069656872852747,-0.0005998352079090211,0.005005465262500335,-0.005507254330780454,0.0038252285023434446,-0.0004563149835317701,0.000516182322078279,-0.002743484872244968,0.0047471229015949665,-0.001866773496354849,0.025157695254844258,0.007685299658432534,-0.0012822165978282711,0.002122166111111834,0.005781795575833989,-0.0002197332748952861,9.066613751505348e-5,0.015341301259379974,-0.009931148535578352,-0.006088176820814025,-0.004421585924015788,-0.004643363709084051,0.005045815802659355,0.0009696316705765431,0.003802360414914483,-0.00106361454746074,0.0010806703657029958,0.010664389668221783,-0.008160141698740239,-0.012019178739274874,0.007685299658432534,0.029337824938243398,0.007176145237627812,0.0012637183991929322,0.00520457626498289,0.002201469874131824,-0.0005871687411869624,-0.0008732233218162275,-0.004124104770707882,-0.010748498550494428,0.001878386398122849,-0.010198667992197447,-0.0002808377097419189,0.005167752713188826,-0.003922203722199808,0.0005341274882151631,0.001745016476160776,0.005570591582834303,-0.007373225354842545,0.0037280610227880813,-0.0012822165978282711,0.007176145237627812,0.023845910286636456,0.002001766007114357,-0.00012643421601180683,-0.0016873387972288702,0.002006751290576647,-0.0025462711082473548,-0.00353440958842417,-0.005300420148085917,-0.0019830696779859843,0.0002865574938910408,-0.0009659784120379369,0.0013025424349075892,-0.004557266167158966,0.0034188860928506134,0.0030059435415830116,-0.0019462631927003784,-0.0021663155406424477,-0.007028465253734226,0.002122166111111834,0.0012637183991929322,0.002001766007114357,0.015807252854570932
