0.035992375769392515,0.0037988442581848546,0.006359303620908234,-0.01655351541609112,-0.003840734383800188,0.005466399474562343,0.0012953157542321403,0.016986002171635373,0.012428440352356532,0.0013552293714312307,-0.0004749647382680548,-0.006861849802857254,0.0010937001232891842,0.006027536580766889,0.008113676728156627,0.002712367970611672,-0.024086670703708967,-0.019035149153133438,0.0008005088274383883,-0.021847861781064026,0.0037988442581848546,0.047768682119562825,0.019388868153264488,-0.015402374708370529,-0.0031631140748836946,0.007373900494480323,0.010600766400693257,-0.019034771941052752,-0.003962084809962361,0.025621742174290224,-0.0021629898279577203,-0.03168620920046703,0.0030338743923318846,-0.0006384988910221884,0.01875452575299339,0.030250733963745446,-0.011132464374741316,-0.001621361084426582,-0.003626559252386718,-0.018260007971389172,0.006359303620908234,0.019388868153264488,0.09029528123750867,-0.00825381130831302,-0.02299033844950386,0.010447924219264978,0.019971879721742053,-0.010571958840365166,0.003614373492329458,0.0314787996649024,-0.011071771511356451,-0.02949895330042919,-0.011953659439327888,-0.01220775622580894,0.022299567549302256,0.02603732329335906,-0.005345118998518221,-0.015671619848633377,-0.013134607573066961,-0.03593616205036371,-0.01655351541609112,-0.015402374708370529,-0.00825381130831302,0.038182045214803714,0.006416758372319368,-0.002102759396331585,-3.927238036449221e-5,-0.0033632443281859372,-0.009918492390850811,0.003955497785059047,0.0008407714644319924,0.01700958827724943,-0.005031750199733712,-0.005692319428350436,-0.014001425825453587,-0.008392473106351576,0.022718450583775862,0.0048104936119193155,-0.0034846975311775066,0.011331171783937173,-0.003840734383800188,-0.0031631140748836946,-0.02299033844950386,0.006416758372319368,0.02559978580934527,-0.018782265992116777,-0.00020412040379557805,0.007571981936181643,6.257499159304409e-5,-0.010536101258391604,0.006500366346361706,0.004192737994578198,0.005710191063798516,-0.00027869629286925753,-0.008981948598058401,-0.007865838725426136,0.013381816365097002,0.018143390292302684,0.0034856553742019466,0.021988744660337844,0.005466399474562343,0.007373900494480323,0.010447924219264978,-0.002102759396331585,-0.018782265992116777,0.04438940313263354,0.007222593643308986,-0.012532125616576267,-0.00414863088878362,0.015107475063598549,-0.0036817770168273314,-0.0018769006922156888,-0.0043432394615180395,-0.0015632686172845581,0.005278936210743171,0.013468314174748742,-0.012320182726968075,-0.026543564069294243,-0.0019270821965603475,-0.024652808622353833,0.0012953157542321403,0.010600766400693257,0.019971879721742053,-3.927238036449221e-5,-0.00020412040379557805,0.007222593643308986,0.03762964533242658,-0.013381691651564942,-0.003405972450095618,0.01864582963941571,-0.0031457610496470603,-0.010588435362117746,-0.0004168914295366706,-0.011013778676544397,0.014788510450936418,0.015891750572959447,0.004470518482617887,0.002882784282909301,-0.011727780754061001,-0.011723471825416387,0.016986002171635373,-0.019034771941052752,-0.010571958840365166,-0.0033632443281859372,0.007571981936181643,-0.012532125616576267,-0.013381691651564942,0.05503792974589522,0.014887722886526497,-0.021249891699267744,-0.011158026510508276,0.011946953472002603,0.004248403906794898,0.006819164069883645,-0.010835347028823251,-0.0286651077313009,-0.012236985995545829,-0.011834966348167997,0.008033554999560575,-0.00746990204670118,0.012428440352356532,-0.003962084809962361,0.003614373492329458,-0.009918492390850811,6.257499159304409e-5,-0.00414863088878362,-0.003405972450095618,0.014887722886526497,0.024796634587916665,-0.008986073490522209,-0.003939764942011649,-0.0016206811043591304,0.004722174344439273,0.003642525983865068,0.007012252240195876,-0.009240104602607456,-0.020199285160235607,-0.0015338680968751287,0.0004537867314392931,-0.011565636234007158,0.0013552293714312307,0.025621742174290224,0.0314787996649024,0.003955497785059047,-0.010536101258391604,0.015107475063598549,0.01864582963941571,-0.021249891699267744,-0.008986073490522209,0.060597647413040925,-0.010366948162334941,-0.02051755974235165,-0.012798801056108904,-0.014605169133681283,0.012076848564595875,0.034638450132033094,0.00867766168916909,-0.00461075281992298,-0.017046875118053837,-0.025259001897400844,-0.0004749647382680548,-0.0021629898279577203,-0.011071771511356451,0.0008407714644319924,0.006500366346361706,-0.0036817770168273314,-0.0031457610496470603,-0.011158026510508276,-0.003939764942011649,-0.010366948162334941,0.030568653073024733,0.00330246901257999,0.005873439517596035,0.0022844212914760603,0.0017620874058901239,0.004817158424070516,-0.0008525448219479175,0.011790116353508663,-0.0017316121152196099,0.02184370484572723,-0.006861849802857254,-0.03168620920046703,-0.02949895330042919,0.01700958827724943,0.004192737994578198,-0.0018769006922156888,-0.010588435362117746,0.011946953472002603,-0.0016206811043591304,-0.02051755974235165,0.00330246901257999,0.04892791167824907,-0.006642678535316311,0.0011896657187053683,-0.021111772316493416,-0.027518487259645005,0.012349936021553754,0.004938417784704847,0.0039569448635913464,0.0251732933954254,0.0010937001232891842,0.0030338743923318846,-0.011953659439327888,-0.005031750199733712,0.005710191063798516,-0.0043432394615180395,-0.0004168914295366706,0.004248403906794898,0.004722174344439273,-0.012798801056108904,0.005873439517596035,-0.006642678535316311,0.02578771463687168,0.007229063440751778,0.006315107290802137,0.004623683336967978,-0.01567826561506669,0.001385038687690506,0.012025181591519562,0.0017910117757936354,0.006027536580766889,-0.0006384988910221884,-0.01220775622580894,-0.005692319428350436,-0.00027869629286925753,-0.0015632686172845581,-0.011013778676544397,0.006819164069883645,0.003642525983865068,-0.014605169133681283,0.0022844212914760603,0.0011896657187053683,0.007229063440751778,0.0249746673826493,0.005255222270984775,-0.010988654208147007,-0.013612646108963844,-0.013164758532288781,0.0024820329955450924,-0.009216393622811923,0.008113676728156627,0.01875452575299339,0.022299567549302256,-0.014001425825453587,-0.008981948598058401,0.005278936210743171,0.014788510450936418,-0.010835347028823251,0.007012252240195876,0.012076848564595875,0.0017620874058901239,-0.021111772316493416,0.006315107290802137,0.005255222270984775,0.03976021970040921,0.02434047476970943,-0.022994376577342747,-0.00818045008992816,-0.003381510907482459,-0.02776127508436243,0.002712367970611672,0.030250733963745446,0.02603732329335906,-0.008392473106351576,-0.007865838725426136,0.013468314174748742,0.015891750572959447,-0.0286651077313009,-0.009240104602607456,0.034638450132033094,0.004817158424070516,-0.027518487259645005,0.004623683336967978,-0.010988654208147007,0.02434047476970943,0.06940228230068277,-0.012588880056346835,0.0015560047998406583,2.7181573949843635e-5,-0.022522490041460647,-0.024086670703708967,-0.011132464374741316,-0.005345118998518221,0.022718450583775862,0.013381816365097002,-0.012320182726968075,0.004470518482617887,-0.012236985995545829,-0.020199285160235607,0.00867766168916909,-0.0008525448219479175,0.012349936021553754,-0.01567826561506669,-0.013612646108963844,-0.022994376577342747,-0.012588880056346835,0.08593181647455449,0.012131223737990547,-0.020308213315269153,0.026859692135380975,-0.019035149153133438,-0.001621361084426582,-0.015671619848633377,0.0048104936119193155,0.018143390292302684,-0.026543564069294243,0.002882784282909301,-0.011834966348167997,-0.0015338680968751287,-0.00461075281992298,0.011790116353508663,0.004938417784704847,0.001385038687690506,-0.013164758532288781,-0.00818045008992816,0.0015560047998406583,0.012131223737990547,0.06329891787512185,0.0038021001825681864,0.05080568824924167,0.0008005088274383883,-0.003626559252386718,-0.013134607573066961,-0.0034846975311775066,0.0034856553742019466,-0.0019270821965603475,-0.011727780754061001,0.008033554999560575,0.0004537867314392931,-0.017046875118053837,-0.0017316121152196099,0.0039569448635913464,0.012025181591519562,0.0024820329955450924,-0.003381510907482459,2.7181573949843635e-5,-0.020308213315269153,0.0038021001825681864,0.023335050696604086,0.0068785005602260505,-0.021847861781064026,-0.018260007971389172,-0.03593616205036371,0.011331171783937173,0.021988744660337844,-0.024652808622353833,-0.011723471825416387,-0.00746990204670118,-0.011565636234007158,-0.025259001897400844,0.02184370484572723,0.0251732933954254,0.0017910117757936354,-0.009216393622811923,-0.02776127508436243,-0.022522490041460647,0.026859692135380975,0.05080568824924167,0.0068785005602260505,0.08915117733596803
0.1539681265587787,0.011493027779919146,0.027421700506872607,-0.06676550013430987,-0.12742250190776405,0.060754686127021215,-0.08269615907414642,-0.02754226895420195,0.0010089580679797264,0.07330625114108699,-0.042483306351112665,-0.09273571779653843,-0.06775086969826347,-0.003140490247493079,0.05661927049897722,0.029768636438432063,0.09452886572333076,-0.03387829255225151,-0.000621648900543891,0.02793246133433399,0.011493027779919146,0.021717606112567803,0.0007650082119580878,-0.007768513489877598,-0.012114918672022308,0.0027710997162596488,-0.00794232248350947,-0.01014078669447446,-0.00020345560563641944,0.010855708151213523,-0.00793585335699468,-0.013764188045436162,-0.0060231275374564375,0.005488779672810786,0.003552553497078171,0.010755639822523262,0.012613433628295853,-0.007021647228163366,0.006497478164037071,0.004000958744121693,0.027421700506872607,0.0007650082119580878,0.04560791468509077,0.01169872967562414,-0.022804731687361995,-0.03050642260098068,-0.004758239270571437,0.005634258892652075,-0.031208557485934128,0.00776077081385978,-0.022808918011123676,-0.016325962565403994,-0.023919499843312316,0.015056217325600236,0.013111595764826664,0.012970733881462162,0.03772328936155647,0.004011292786962316,0.0034633582486230134,-0.02086011112956875,-0.06676550013430987,-0.007768513489877598,0.01169872967562414,0.10039434044787258,0.05572343003411604,-0.09879230739822652,0.05320103779185656,0.039594397557916605,-0.050030651896206056,-0.034502142251426726,-0.001396415550486513,0.0662053981214246,0.016211270043909397,0.01544450029620894,-0.024256292164045193,-0.004341396388793684,-0.023247793249139812,0.032193718200948455,0.0032303188687871215,-0.06792987108005506,-0.12742250190776405,-0.012114918672022308,-0.022804731687361995,0.05572343003411604,0.14588876762409722,-0.04551579822747343,0.08322577759691832,0.008540415802145325,0.011376731795437986,-0.07730570145534299,0.0383583145244374,0.07297521049343246,0.06140190619522767,0.0040064132386161844,-0.055993158971677004,-0.01950784908853579,-0.0855144409728956,0.031652624050215086,0.002402066673335094,-0.026913110897350035,0.060754686127021215,0.0027710997162596488,-0.03050642260098068,-0.09879230739822652,-0.04551579822747343,0.1515282506748415,-0.04408889761396906,-0.049195365621478415,0.06665719483310402,0.03371350705995878,0.010643115076284373,-0.05633880364087594,-0.01093626838221396,-0.03853422033488347,0.01583945067417749,-0.00423218501569528,0.0009660121005040604,-0.0446630987530789,-0.009127781425126302,0.09133141367543429,-0.08269615907414642,-0.00794232248350947,-0.004758239270571437,0.05320103779185656,0.08322577759691832,-0.04408889761396906,0.11240419850887316,-0.020427897347673682,-0.006003669482688902,-0.052352460207151036,0.007739642650824588,0.05580538623608175,0.02247052156696036,0.002857431647873091,-0.04053064470018683,-0.020323760712018312,-0.022565068487513232,0.023394538650571055,-0.013282084533651225,-0.04161338098371574,-0.02754226895420195,-0.01014078669447446,0.005634258892652075,0.039594397557916605,0.008540415802145325,-0.049195365621478415,-0.020427897347673682,0.09721229001717871,-0.034640672709345594,-0.01543423645658335,0.011567056322395537,0.0490794315182381,0.02521027477596502,0.01744283572291897,-0.005601072339044333,-0.002571417943790907,-0.045577069606278636,0.016346050296317614,0.013024024589398248,-0.01550211806352347,0.0010089580679797264,-0.00020345560563641944,-0.031208557485934128,-0.050030651896206056,0.011376731795437986,0.06665719483310402,-0.006003669482688902,-0.034640672709345594,0.07371150326402012,0.00017018574094759256,0.015407241308008097,-0.020012769459809298,0.01762758278025492,-0.022417377672675633,-0.007918130907646505,-0.0016013690821196714,-0.023731743040283367,-0.012906411980303411,-0.0025721025605632162,0.04771232034721477,0.07330625114108699,0.010855708151213523,0.00776077081385978,-0.034502142251426726,-0.07730570145534299,0.03371350705995878,-0.052352460207151036,-0.01543423645658335,0.00017018574094759256,0.08031979296673317,-0.023695123285074657,-0.06599528780477319,-0.039935244515787865,-0.0007180898828892575,0.03337306498816,0.017529198933354903,0.057037470775151325,-0.025883744709025443,0.003638312168525074,0.02618496067439005,-0.042483306351112665,-0.00793585335699468,-0.022808918011123676,-0.001396415550486513,0.0383583145244374,0.010643115076284373,0.007739642650824588,0.011567056322395537,0.015407241308008097,-0.023695123285074657,0.04944300878653372,0.03151603920685117,0.030531853456688303,-0.012311873048993189,-0.017442373110285302,-0.018056611720805138,-0.045686995891975446,0.004795843657534611,-0.002211833734666775,0.008550435775381622,-0.09273571779653843,-0.013764188045436162,-0.016325962565403994,0.0662053981214246,0.07297521049343246,-0.05633880364087594,0.05580538623608175,0.0490794315182381,-0.020012769459809298,-0.06599528780477319,0.03151603920685117,0.12301951302821122,0.05064431435853411,0.005106723308940768,-0.04488282004480741,-0.027520982694744633,-0.07488810247098593,0.030922753156945752,0.005133354361088132,-0.04762502077055504,-0.06775086969826347,-0.0060231275374564375,-0.023919499843312316,0.016211270043909397,0.06140190619522767,-0.01093626838221396,0.02247052156696036,0.02521027477596502,0.01762758278025492,-0.039935244515787865,0.030531853456688303,0.05064431435853411,0.06630835711607697,-0.005721622703064381,-0.03244090921117618,-0.01252641020065844,-0.08186190161914486,0.010592650246893195,0.011839005498650194,0.00968539943778332,-0.003140490247493079,0.005488779672810786,0.015056217325600236,0.01544450029620894,0.0040064132386161844,-0.03853422033488347,0.002857431647873091,0.01744283572291897,-0.022417377672675633,-0.0007180898828892575,-0.012311873048993189,0.005106723308940768,-0.005721622703064381,0.037846028669489544,0.0007028913776732854,0.003293169927499409,0.008188943054290278,0.007180001654870925,-0.004558265474565774,-0.02431465557194462,0.05661927049897722,0.003552553497078171,0.013111595764826664,-0.024256292164045193,-0.055993158971677004,0.01583945067417749,-0.04053064470018683,-0.005601072339044333,-0.007918130907646505,0.03337306498816,-0.017442373110285302,-0.04488282004480741,-0.03244090921117618,0.0007028913776732854,0.050228668538824954,0.01611463295276666,0.041398580223759404,-0.011073493033888953,-0.011227114072503453,0.011428932801385525,0.029768636438432063,0.010755639822523262,0.012970733881462162,-0.004341396388793684,-0.01950784908853579,-0.00423218501569528,-0.020323760712018312,-0.002571417943790907,-0.0016013690821196714,0.017529198933354903,-0.018056611720805138,-0.027520982694744633,-0.01252641020065844,0.003293169927499409,0.01611463295276666,0.033414532033598995,0.007763706783544382,-0.011175529528020034,0.002350267755683773,0.00460889854873813,0.09452886572333076,0.012613433628295853,0.03772328936155647,-0.023247793249139812,-0.0855144409728956,0.0009660121005040604,-0.022565068487513232,-0.045577069606278636,-0.023731743040283367,0.057037470775151325,-0.045686995891975446,-0.07488810247098593,-0.08186190161914486,0.008188943054290278,0.041398580223759404,0.007763706783544382,0.14722298560291264,0.0015329123773372834,-0.014063818589536956,-0.02433789713933377,-0.03387829255225151,-0.007021647228163366,0.004011292786962316,0.032193718200948455,0.031652624050215086,-0.0446630987530789,0.023394538650571055,0.016346050296317614,-0.012906411980303411,-0.025883744709025443,0.004795843657534611,0.030922753156945752,0.010592650246893195,0.007180001654870925,-0.011073493033888953,-0.011175529528020034,0.0015329123773372834,0.047549422416152606,-0.0050465909369084815,-0.03471822977967108,-0.000621648900543891,0.006497478164037071,0.0034633582486230134,0.0032303188687871215,0.002402066673335094,-0.009127781425126302,-0.013282084533651225,0.013024024589398248,-0.0025721025605632162,0.003638312168525074,-0.002211833734666775,0.005133354361088132,0.011839005498650194,-0.004558265474565774,-0.011227114072503453,0.002350267755683773,-0.014063818589536956,-0.0050465909369084815,0.030895668497341714,0.002554425402724929,0.02793246133433399,0.004000958744121693,-0.02086011112956875,-0.06792987108005506,-0.026913110897350035,0.09133141367543429,-0.04161338098371574,-0.01550211806352347,0.04771232034721477,0.02618496067439005,0.008550435775381622,-0.04762502077055504,0.00968539943778332,-0.02431465557194462,0.011428932801385525,0.00460889854873813,-0.02433789713933377,-0.03471822977967108,0.002554425402724929,0.09544649527874696
0.03625792977535135,-0.006637076537146791,-0.014321643976981255,-0.022324287826039915,0.0005734479326481084,-0.003624583538990546,0.005504295154275767,0.004095734183107686,0.007456765320539524,-0.0008849782471218553,0.004798486762740302,-0.008970270939043495,0.0013361765687232112,-0.0037484111550504283,0.006375059639312343,0.009509530061132147,0.0026715324009936254,0.002234754888058127,0.0038993291432572945,0.0006079763006098186,-0.006637076537146791,0.04328743900346687,0.02943509212500025,-0.00017926296504838053,-0.012625127754698316,0.020118178553247604,-0.0026492544516266,-0.02904823964715863,0.006980560962505966,0.012588897762740631,-0.0032130519823057218,-0.0009292057465024074,0.004386558507398019,0.005245160503446408,0.007460956556910935,0.008623276923876494,-0.010980350910453863,-0.007987426819810652,-0.0016220566433813664,-0.015335791588134213,-0.014321643976981255,0.02943509212500025,0.1364933924286828,-0.0009920594518466256,-0.021069468927559835,0.01937114968599598,0.01694298920421209,-0.025814765962529587,0.022490438374474068,0.03744476322885823,-0.026611586105694765,-0.015710711249066943,-0.010514335266956248,0.022885874593367876,0.000611834521700196,-0.03730543681175053,-0.011423716244090333,-0.013477964782228631,-0.024884946129295756,-0.04108121702705195,-0.022324287826039915,-0.00017926296504838053,-0.0009920594518466256,0.0898287205554406,0.03410109450428744,-0.0024404756154611297,-0.007586218514291046,-0.006889200903702466,-0.0035129848275371584,-0.019586380648402346,-0.015738697328471968,0.00251864616435182,0.010554203748180502,0.009765856906459737,-0.028679404146857306,-0.02326453474545244,-3.660988573702447e-6,-0.00621691686233322,0.017864207058690948,-0.014786477405231528,0.0005734479326481084,-0.012625127754698316,-0.021069468927559835,0.03410109450428744,0.06588640909856709,-0.022213123667279566,-0.011532992598331428,0.025954787103482257,0.0006745992010028926,-0.03183080918173438,-0.0026620887791905124,-0.011225735536355438,0.0131771025845679,0.007159768217515099,-0.025625698713960067,-0.028104055883464353,0.02370554224851251,0.004882592213557507,0.029144799560267626,0.007691089616542093,-0.003624583538990546,0.020118178553247604,0.01937114968599598,-0.0024404756154611297,-0.022213123667279566,0.03423220799364657,0.002197765271163943,-0.02798495583197169,-0.0013032498090899537,0.02063528353077754,-3.325631251909313e-5,0.002658269524731693,0.00011908049684622164,0.0011357450228463711,0.0028221020672502452,0.020140195910107014,-0.014999464949328446,-0.007725899377746563,-0.006214208168749485,-0.012266566555858918,0.005504295154275767,-0.0026492544516266,0.01694298920421209,-0.007586218514291046,-0.011532992598331428,0.002197765271163943,0.028409793633455603,-0.008363376897946764,7.100840342993793e-5,0.009014913181580304,-0.008662663321412096,-0.00023794261472305888,-0.009285115241681408,0.001165858867675994,0.004910080494485663,-0.0028157236167848897,-0.002954913329384312,-0.002420727327831459,-0.017242058869032205,-0.009150248270061983,0.004095734183107686,-0.02904823964715863,-0.025814765962529587,-0.006889200903702466,0.025954787103482257,-0.02798495583197169,-0.008363376897946764,0.07272188728477594,-0.011692706003561287,-0.01721774288094119,0.011550894055674346,-0.017290553133416403,0.00030625311675988815,-0.008362065997246204,-0.013947025144918572,-0.021383740265679983,0.027997203587163774,0.011437032884488264,0.0049851392936654335,0.02150973239995438,0.007456765320539524,0.006980560962505966,0.022490438374474068,-0.0035129848275371584,0.0006745992010028926,-0.0013032498090899537,7.100840342993793e-5,-0.011692706003561287,0.03286799114369908,-0.007051863989156009,-0.0050924225831551345,-0.007929006017809614,0.000982958353074276,0.003001492621605923,0.008203138370344004,-0.002475787494148827,-0.007103404252189872,0.0011092173237925895,-0.0035865754217810006,-0.015160967995559556,-0.0008849782471218553,0.012588897762740631,0.03744476322885823,-0.019586380648402346,-0.03183080918173438,0.02063528353077754,0.009014913181580304,-0.01721774288094119,-0.007051863989156009,0.05376476942536509,-0.005664560490645556,0.0037167747762352384,-0.002864131791707802,-0.0010642436698306461,0.00903878413626349,0.008248165162550669,-0.01775778708034801,-0.012347125434280525,-0.012585528382903978,-0.02056986713525924,0.004798486762740302,-0.0032130519823057218,-0.026611586105694765,-0.015738697328471968,-0.0026620887791905124,-3.325631251909313e-5,-0.008662663321412096,0.011550894055674346,-0.0050924225831551345,-0.005664560490645556,0.03186201943392356,-0.009786418266040616,0.001970960470466826,-0.012936033187574936,0.0015394353427608796,0.021506604392978492,0.0030067542730338377,0.004357779570703678,-0.002121829494196986,0.009765386461904831,-0.008970270939043495,-0.0009292057465024074,-0.015710711249066943,0.00251864616435182,-0.011225735536355438,0.002658269524731693,-0.00023794261472305888,-0.017290553133416403,-0.007929006017809614,0.0037167747762352384,-0.009786418266040616,0.04458533538437432,-0.0014090283365781869,0.004844707078832482,0.010297323468733558,0.004190238725994238,-0.007431723787352994,-0.0010725084317071071,0.003607404909130205,0.008340680840305134,0.0013361765687232112,0.004386558507398019,-0.010514335266956248,0.010554203748180502,0.0131771025845679,0.00011908049684622164,-0.009285115241681408,0.00030625311675988815,0.000982958353074276,-0.002864131791707802,0.001970960470466826,-0.0014090283365781869,0.018883076617399734,0.00010085444365705862,-0.00577362224186013,0.0007712202149903456,0.002064144071236335,-0.002334313833666398,0.015270205707474541,-0.0015239789921019063,-0.0037484111550504283,0.005245160503446408,0.022885874593367876,0.009765856906459737,0.007159768217515099,0.0011357450228463711,0.001165858867675994,-0.008362065997246204,0.003001492621605923,-0.0010642436698306461,-0.012936033187574936,0.004844707078832482,0.00010085444365705862,0.02435628545096097,9.97890157583229e-5,-0.013830306391498945,0.0024315586361121446,-0.001520084775958292,-0.0005828745052823779,-0.005134059712932383,0.006375059639312343,0.007460956556910935,0.000611834521700196,-0.028679404146857306,-0.025625698713960067,0.0028221020672502452,0.004910080494485663,-0.013947025144918572,0.008203138370344004,0.00903878413626349,0.0015394353427608796,0.010297323468733558,-0.00577362224186013,9.97890157583229e-5,0.04607573237738459,0.021668399261900874,-0.004503019778276461,0.0007436349819321371,-0.009163761394721023,0.0013354714584437632,0.009509530061132147,0.008623276923876494,-0.03730543681175053,-0.02326453474545244,-0.028104055883464353,0.020140195910107014,-0.0028157236167848897,-0.021383740265679983,-0.002475787494148827,0.008248165162550669,0.021506604392978492,0.004190238725994238,0.0007712202149903456,-0.013830306391498945,0.021668399261900874,0.0706851570184657,-0.012459719608444176,-0.0007665099828554349,-0.00574839770969594,0.0002642258423503252,0.0026715324009936254,-0.010980350910453863,-0.011423716244090333,-3.660988573702447e-6,0.02370554224851251,-0.014999464949328446,-0.002954913329384312,0.027997203587163774,-0.007103404252189872,-0.01775778708034801,0.0030067542730338377,-0.007431723787352994,0.002064144071236335,0.0024315586361121446,-0.004503019778276461,-0.012459719608444176,0.03334131093828906,0.00271055360897434,0.002917887953364394,0.015387819512117295,0.002234754888058127,-0.007987426819810652,-0.013477964782228631,-0.00621691686233322,0.004882592213557507,-0.007725899377746563,-0.002420727327831459,0.011437032884488264,0.0011092173237925895,-0.012347125434280525,0.004357779570703678,-0.0010725084317071071,-0.002334313833666398,-0.001520084775958292,0.0007436349819321371,-0.0007665099828554349,0.00271055360897434,0.01750125048062562,0.004158743815736836,0.013826531822288733,0.0038993291432572945,-0.0016220566433813664,-0.024884946129295756,0.017864207058690948,0.029144799560267626,-0.006214208168749485,-0.017242058869032205,0.0049851392936654335,-0.0035865754217810006,-0.012585528382903978,-0.002121829494196986,0.003607404909130205,0.015270205707474541,-0.0005828745052823779,-0.009163761394721023,-0.00574839770969594,0.002917887953364394,0.004158743815736836,0.032442542575535915,0.005905246451621848,0.0006079763006098186,-0.015335791588134213,-0.04108121702705195,-0.014786477405231528,0.007691089616542093,-0.012266566555858918,-0.009150248270061983,0.02150973239995438,-0.015160967995559556,-0.02056986713525924,0.009765386461904831,0.008340680840305134,-0.0015239789921019063,-0.005134059712932383,0.0013354714584437632,0.0002642258423503252,0.015387819512117295,0.013826531822288733,0.005905246451621848,0.05014647740938681
