0.015684146876648083,0.0012522197204727142,-0.006523641250129648,0.003934439199969785,-0.009963125734370385,-0.0020726529473855484,-0.0045041777178873015,0.008586361680256352,0.0013535459289482227,-0.0030814680604537873,0.006628235578595631,0.0018331930031628264,0.01089403339717693,0.002842406460897913,-0.0042293641210677645,-0.004229686213903197,0.00019418881630173007,-0.006216689096708836,-0.0031224707288396505,-0.010456477543607288,0.0012522197204727142,0.006089300528469838,-0.0027193455436259387,0.0007711312955769639,-0.004190760456948651,0.0032247580132996603,-7.933869153010285e-5,0.001998228399826152,0.0073322773840858975,-0.0048172671334118415,0.0033462470993755726,-0.0033164915282777206,0.0017089161154776687,0.0014463138082376193,0.006448396914632566,0.0009166454488251223,-0.00030408129670692345,0.0028152542525205727,0.0008328293378488225,0.002715585787318675,-0.006523641250129648,-0.0027193455436259387,0.027174364672685667,0.007427445821389643,0.0064495542778941475,-0.0111532895538058,-0.0020914175038219585,-0.008782123034752929,-0.011920584389232443,0.00770058472765482,-0.003954222990621961,0.005456590205294809,0.0022921196071801044,-0.015780990758108626,-0.002855322095016732,-0.005694624649142246,-0.0011128128257640005,0.01037432081634541,-0.0008051670132840549,0.01273159492078079,0.003934439199969785,0.0007711312955769639,0.007427445821389643,0.007522779687126349,-0.0017625376449224343,-0.003983340079166364,-0.004630532522934769,-0.001236684749196055,-0.005302545932805303,-0.00035483873391737133,0.0019481114067371626,0.0007589199589100666,0.00700415059213757,-0.006461820868983576,-0.0005373367928551093,-0.000868108558248207,0.0025149211969420276,0.00480826273840395,0.0007783960573697741,0.0005216263973238143,-0.009963125734370385,-0.004190760456948651,0.0064495542778941475,-0.0017625376449224343,0.01081454792239367,-0.0014519758971580706,0.00011252890683636677,-0.004275539763042824,-0.006419428647084682,0.004846205035638559,-0.003935473108784447,-0.0011745174582952827,-0.004900653798459994,-0.0015425185054210094,-0.001421963098641094,0.0024536221356196925,-7.743381337039124e-5,0.005223161382471386,0.004765418997001214,0.006955056772005566,-0.0020726529473855484,0.0032247580132996603,-0.0111532895538058,-0.003983340079166364,-0.0014519758971580706,0.01410684048372529,-0.0004224769330333997,-0.0027276235154472333,0.009507743753909644,-0.012086037368856911,-0.0017421831452578552,-0.0064346876206222235,-0.009324780683776405,0.011722141274814364,0.005530328962135686,0.001076246020304201,0.002219879363591312,-0.0034365834737540794,0.008663052213607414,-0.0023167126731602886,-0.0045041777178873015,-7.933869153010285e-5,-0.0020914175038219585,-0.004630532522934769,0.00011252890683636677,-0.0004224769330333997,0.008473890132942873,-0.0013551230585858599,0.0032845083907915994,0.003987292726385412,-0.002850248808136517,0.003720951532135186,-0.005360630411507871,-0.0022613061949357336,0.00144919699759818,0.0019191519665390211,-0.0023085674930247743,-0.0023041289630594255,-0.00777876661147194,0.0014711865461573387,0.008586361680256352,0.001998228399826152,-0.008782123034752929,-0.001236684749196055,-0.004275539763042824,-0.0027276235154472333,-0.0013551230585858599,0.014014812844917643,0.0037869985335383526,0.002400429346083672,0.007860026675620621,-0.0013010620020367232,0.010042659430016677,0.004738117969085806,-0.0020627532638617346,-0.00035066219002297924,-0.003526571284029708,-0.001249665379356245,-0.0022560507280794777,-0.00293996655752601,0.0013535459289482227,0.0073322773840858975,-0.011920584389232443,-0.005302545932805303,-0.006419428647084682,0.009507743753909644,0.0032845083907915994,0.0037869985335383526,0.016395584251570595,-0.009276035297339856,0.0030475170439958495,-0.004586854128252735,-0.004349949132513701,0.010301098517127877,0.008201377104946181,-0.0003248138341696934,-0.002489179319633429,-0.0035268090146547888,0.0008627168287164758,0.0008632716736849694,-0.0030814680604537873,-0.0048172671334118415,0.00770058472765482,-0.00035483873391737133,0.004846205035638559,-0.012086037368856911,0.003987292726385412,0.002400429346083672,-0.009276035297339856,0.014958507696985517,-0.0009198764514715707,0.006151164905772849,0.004341805857291098,-0.010332581631881083,-0.0057244942421639956,0.0017728135356123807,-0.0027901631820447482,0.002674951396202492,-0.009205504384169675,0.002599319001845664,0.006628235578595631,0.0033462470993755726,-0.003954222990621961,0.0019481114067371626,-0.003935473108784447,-0.0017421831452578552,-0.002850248808136517,0.007860026675620621,0.0030475170439958495,-0.0009198764514715707,0.007128835872714995,-0.0024095465525444592,0.008667970114245492,0.0015578491042125993,0.0013711736706546484,0.0007487887181632793,-0.000989560056932169,0.0019194962691835894,-0.0003014028887352877,-0.0007059701858153095,0.0018331930031628264,-0.0033164915282777206,0.005456590205294809,0.0007589199589100666,-0.0011745174582952827,-0.0064346876206222235,0.003720951532135186,-0.0013010620020367232,-0.004586854128252735,0.006151164905772849,-0.0024095465525444592,0.007996003394342328,0.0008015065587632024,-0.006509438479406195,-0.005270318658433382,-0.0033378253238264977,-0.0016084220712805695,-0.003445160848235429,-0.008593020437399495,-0.0017767559649009216,0.01089403339717693,0.0017089161154776687,0.0022921196071801044,0.00700415059213757,-0.004900653798459994,-0.009324780683776405,-0.005360630411507871,0.010042659430016677,-0.004349949132513701,0.004341805857291098,0.008667970114245492,0.0008015065587632024,0.017168853125794088,-0.005652231500398461,-0.0027920544614394916,-0.00027499015742355967,-0.0005561260559892844,0.004349029679173495,-0.003540037005500137,-0.0020704384299969334,0.002842406460897913,0.0014463138082376193,-0.015780990758108626,-0.006461820868983576,-0.0015425185054210094,0.011722141274814364,-0.0022613061949357336,0.004738117969085806,0.010301098517127877,-0.010332581631881083,0.0015578491042125993,-0.006509438479406195,-0.005652231500398461,0.018032348593476563,0.0012035802827603977,-0.0018068704310985272,-0.0007390358483626111,-0.007676526851446137,0.009014259871048673,-0.004774397739277099,-0.0042293641210677645,0.006448396914632566,-0.002855322095016732,-0.0005373367928551093,-0.001421963098641094,0.005530328962135686,0.00144919699759818,-0.0020627532638617346,0.008201377104946181,-0.0057244942421639956,0.0013711736706546484,-0.005270318658433382,-0.0027920544614394916,0.0012035802827603977,0.010252417799513035,0.0045658305214080295,0.0008254496789734025,0.004826886270481274,0.00240344609019303,0.005501302296428969,-0.004229686213903197,0.0009166454488251223,-0.005694624649142246,-0.000868108558248207,0.0024536221356196925,0.001076246020304201,0.0019191519665390211,-0.00035066219002297924,-0.0003248138341696934,0.0017728135356123807,0.0007487887181632793,-0.0033378253238264977,-0.00027499015742355967,-0.0018068704310985272,0.0045658305214080295,0.009988067585608036,0.0027303884998210403,0.004035078426043953,-0.0005564390517866493,-0.00010931465271797483,0.00019418881630173007,-0.00030408129670692345,-0.0011128128257640005,0.0025149211969420276,-7.743381337039124e-5,0.002219879363591312,-0.0023085674930247743,-0.003526571284029708,-0.002489179319633429,-0.0027901631820447482,-0.000989560056932169,-0.0016084220712805695,-0.0005561260559892844,-0.0007390358483626111,0.0008254496789734025,0.0027303884998210403,0.004197114555232143,0.0007179082233890091,0.0026762634604490395,-0.0032224695964490086,-0.006216689096708836,0.0028152542525205727,0.01037432081634541,0.00480826273840395,0.005223161382471386,-0.0034365834737540794,-0.0023041289630594255,-0.001249665379356245,-0.0035268090146547888,0.002674951396202492,0.0019194962691835894,-0.003445160848235429,0.004349029679173495,-0.007676526851446137,0.004826886270481274,0.004035078426043953,0.0007179082233890091,0.014115364497149962,0.003928047426560756,0.011585741222324603,-0.0031224707288396505,0.0008328293378488225,-0.0008051670132840549,0.0007783960573697741,0.004765418997001214,0.008663052213607414,-0.00777876661147194,-0.0022560507280794777,0.0008627168287164758,-0.009205504384169675,-0.0003014028887352877,-0.008593020437399495,-0.003540037005500137,0.009014259871048673,0.00240344609019303,-0.0005564390517866493,0.0026762634604490395,0.003928047426560756,0.01610948345093367,0.003209241366997627,-0.010456477543607288,0.002715585787318675,0.01273159492078079,0.0005216263973238143,0.006955056772005566,-0.0023167126731602886,0.0014711865461573387,-0.00293996655752601,0.0008632716736849694,0.002599319001845664,-0.0007059701858153095,-0.0017767559649009216,-0.0020704384299969334,-0.004774397739277099,0.005501302296428969,-0.00010931465271797483,-0.0032224695964490086,0.011585741222324603,0.003209241366997627,0.01731229310054141
0.006366838707341982,5.827195691346891e-5,0.001996713058060164,0.0033210750394544967,0.0036884355848907516,-0.0006092482611706901,-0.004287120019936539,-0.004603629480201222,-0.0012910239478304527,0.0018170488931343082,-0.0021394541703907656,0.0029061066932096922,0.006211942260403564,-0.0011559298202840577,-0.00036720026442740525,-0.006421659712923608,0.005154333104164638,0.001901801909566526,0.004402737865978908,0.0021437296973368706,5.827195691346891e-5,0.0043417852894008105,-0.0006972113707744558,0.0022696493132745607,0.002090102816378242,-0.0030517958295715932,-5.220145852927779e-5,-3.173826779573644e-5,-0.0005322662869304126,-0.005065586008585806,-0.003182201912196697,-0.0003696544402204156,-6.922745017258198e-7,0.000722227764294863,-0.003658269796809473,-0.0009818192783644553,0.0018674618694619453,0.005238704034184088,0.00037546484602031825,0.0034344716720017734,0.001996713058060164,-0.0006972113707744558,0.0034963576231004496,-0.00014738990183517115,0.0042916617595600125,0.0021531079720951167,-0.0018206659698602602,-0.0008034526637838884,-0.0002953166431591298,0.0011173347666211218,0.0008664618974997998,-0.0008178826290583458,0.0028748390587858743,0.0019142307103031644,0.0023007491930471715,-0.0016754359643661367,0.0012676608997790472,-0.0008352439052577824,0.0012732638846387986,-0.0036169227987911954,0.0033210750394544967,0.0022696493132745607,-0.00014738990183517115,0.008515927797302664,0.0029580738266095988,-0.0020327759162663194,-0.0014744647278642732,-0.0023050846458944427,0.0025555409087853536,0.0005461199709702938,-0.0023536719704851084,0.0020016323624317345,0.0014085607524714668,0.0016246510984075026,-0.005726333502172122,-0.004374661259689724,0.002923427018438282,0.004696501560928443,0.003002428553089591,0.008941943184605318,0.0036884355848907516,0.002090102816378242,0.0042916617595600125,0.0029580738266095988,0.010596145866738094,0.002582017064566627,-0.005470344095864943,-0.00222598908109998,-0.0013627077732413142,0.0008629185268256801,-0.0028865009422215163,-0.0005252387844272681,0.005531364435755362,0.0031364165944132772,-0.001650968037685916,-0.001985772317303731,0.0031832345756616608,0.002271619763497654,0.002060111736495232,-0.002418438173973694,-0.0006092482611706901,-0.0030517958295715932,0.0021531079720951167,-0.0020327759162663194,0.002582017064566627,0.007575209463798875,-0.0023274940964563254,-0.001719899803384251,0.00039710325634732704,0.0074958110613817215,-0.0006392322131772533,-0.0011123629012364058,0.001268187498546956,0.0029080160381265603,-0.0005046368694738496,0.005852340018273692,-0.0037356054873342558,-0.007102704813382939,-0.002448097411681915,-0.003619204010988451,-0.004287120019936539,-5.220145852927779e-5,-0.0018206659698602602,-0.0014744647278642732,-0.005470344095864943,-0.0023274940964563254,0.011859305613745062,-0.0016626969054870308,0.008741120501061348,-0.010007165662201794,0.004200649986711876,-0.00579794711268632,-0.006609232376081827,0.001077209833336906,0.004275051611240428,-0.0020746890777326504,-0.002360205296713421,-0.00032678559571741486,0.0009491160828879174,-8.818615117425928e-5,-0.004603629480201222,-3.173826779573644e-5,-0.0008034526637838884,-0.0023050846458944427,-0.00222598908109998,-0.001719899803384251,-0.0016626969054870308,0.014034351696619738,-0.00472219876692349,0.0028053531584122946,0.005353285319215841,0.0006498052631063033,-0.006977903914627003,0.0018567337627326268,-0.0003491120092493781,0.006539688383351967,-0.004945017285546356,0.0015645934072301697,-0.004952947872690322,-0.0038769811555216275,-0.0012910239478304527,-0.0005322662869304126,-0.0002953166431591298,0.0025555409087853536,-0.0013627077732413142,0.00039710325634732704,0.008741120501061348,-0.00472219876692349,0.01038468032661837,-0.005426675397278041,0.0025791092384761464,-0.005145104430420107,-0.004329624213223445,0.0035164190777145416,0.0009745880409824494,-0.0027588873890668606,-0.0018204929535221956,-0.0012367835725848166,0.0023060368063184088,0.0024760490372891125,0.0018170488931343082,-0.005065586008585806,0.0011173347666211218,0.0005461199709702938,0.0008629185268256801,0.0074958110613817215,-0.010007165662201794,0.0028053531584122946,-0.005426675397278041,0.0191010545570064,-0.0010751016032045503,0.005754710592342288,0.003093589097443568,0.0006919917490771082,-0.0043784409044136195,0.008051044909818218,-0.004011788418231689,-0.008314506506025122,-0.004255598098206489,0.0002710102775058774,-0.0021394541703907656,-0.003182201912196697,0.0008664618974997998,-0.0023536719704851084,-0.0028865009422215163,-0.0006392322131772533,0.004200649986711876,0.005353285319215841,0.0025791092384761464,-0.0010751016032045503,0.009376217999675076,-0.0025389678554738645,-0.005402122234422385,0.0009033563225376165,0.007037135985769803,-0.0020058148533713856,-0.0021959401118720476,-0.0013337647525621628,0.0005914050220731254,-0.006281856313685095,0.0029061066932096922,-0.0003696544402204156,-0.0008178826290583458,0.0020016323624317345,-0.0005252387844272681,-0.0011123629012364058,-0.00579794711268632,0.0006498052631063033,-0.005145104430420107,0.005754710592342288,-0.0025389678554738645,0.006271214400683495,0.004406904535953075,-0.003931231106067379,-0.0020888427119118685,-0.0010259535502269927,0.0027514591679250466,0.0010931787363860673,0.0004183424585358881,0.003954789906970525,0.006211942260403564,-6.922745017258198e-7,0.0028748390587858743,0.0014085607524714668,0.005531364435755362,0.001268187498546956,-0.006609232376081827,-0.006977903914627003,-0.004329624213223445,0.003093589097443568,-0.005402122234422385,0.004406904535953075,0.01163316845243324,-0.004071117523246201,0.0013951200248562192,-0.005552074215881146,0.007053415585477143,3.2371609080772965e-5,0.003524036001059167,0.0003602178349793244,-0.0011559298202840577,0.000722227764294863,0.0019142307103031644,0.0016246510984075026,0.0031364165944132772,0.0029080160381265603,0.001077209833336906,0.0018567337627326268,0.0035164190777145416,0.0006919917490771082,0.0009033563225376165,-0.003931231106067379,-0.004071117523246201,0.00757480838445388,-0.0036815891901568064,0.003949619832597059,-0.004050074945387802,-0.0006886977765914828,-0.001556910409314108,-0.0002029599430505169,-0.00036720026442740525,-0.003658269796809473,0.0023007491930471715,-0.005726333502172122,-0.001650968037685916,-0.0005046368694738496,0.004275051611240428,-0.0003491120092493781,0.0009745880409824494,-0.0043784409044136195,0.007037135985769803,-0.0020888427119118685,0.0013951200248562192,-0.0036815891901568064,0.013055801587866706,-0.006110864273372709,0.0022872427772200853,-0.0024355483756096632,0.0028074416599482123,-0.010207486996565446,-0.006421659712923608,-0.0009818192783644553,-0.0016754359643661367,-0.004374661259689724,-0.001985772317303731,0.005852340018273692,-0.0020746890777326504,0.006539688383351967,-0.0027588873890668606,0.008051044909818218,-0.0020058148533713856,-0.0010259535502269927,-0.005552074215881146,0.003949619832597059,-0.006110864273372709,0.016378636195103626,-0.009554755743714408,-0.006543056669244105,-0.009522753405883658,-0.001923072023014572,0.005154333104164638,0.0018674618694619453,0.0012676608997790472,0.002923427018438282,0.0031832345756616608,-0.0037356054873342558,-0.002360205296713421,-0.004945017285546356,-0.0018204929535221956,-0.004011788418231689,-0.0021959401118720476,0.0027514591679250466,0.007053415585477143,-0.004050074945387802,0.0022872427772200853,-0.009554755743714408,0.008251976006134773,0.005216370065459073,0.005397635036616661,0.0020927201697650767,0.001901801909566526,0.005238704034184088,-0.0008352439052577824,0.004696501560928443,0.002271619763497654,-0.007102704813382939,-0.00032678559571741486,0.0015645934072301697,-0.0012367835725848166,-0.008314506506025122,-0.0013337647525621628,0.0010931787363860673,3.2371609080772965e-5,-0.0006886977765914828,-0.0024355483756096632,-0.006543056669244105,0.005216370065459073,0.011068238506494608,0.0037743450854767382,0.004863728591706121,0.004402737865978908,0.00037546484602031825,0.0012732638846387986,0.003002428553089591,0.002060111736495232,-0.002448097411681915,0.0009491160828879174,-0.004952947872690322,0.0023060368063184088,-0.004255598098206489,0.0005914050220731254,0.0004183424585358881,0.003524036001059167,-0.001556910409314108,0.0028074416599482123,-0.009522753405883658,0.005397635036616661,0.0037743450854767382,0.006357485340026083,0.0015573076927639273,0.0021437296973368706,0.0034344716720017734,-0.0036169227987911954,0.008941943184605318,-0.002418438173973694,-0.003619204010988451,-8.818615117425928e-5,-0.0038769811555216275,0.0024760490372891125,0.0002710102775058774,-0.006281856313685095,0.003954789906970525,0.0003602178349793244,-0.0002029599430505169,-0.010207486996565446,-0.001923072023014572,0.0020927201697650767,0.004863728591706121,0.0015573076927639273,0.01669941535030052
