0.014473100854834546,0.004331463712078561,-0.0026941237009792903,-0.00047648788974167036,0.0016926985720172776,0.0004068361682651067,0.0024164272347217733,-0.004769440120356294,0.003171951188341066,0.00012286535549080563,0.004352692747394086,-0.0023922682951084415,0.00040516653706117655,-5.981960689248073e-5,0.00359976256714956,-0.0008897238685776027,0.0015325695146556932,-0.0016739699417372988,-0.004474310946818613,0.005789134564128222,0.004331463712078561,0.0325278823672918,-0.0014336444425999961,0.007179474772222545,0.004663146545778115,-0.010711497971952064,0.001595572834385611,-0.002571451661165574,-0.0012685039106709905,0.00021699659150297302,-0.005523061762687467,0.00415657896253731,-0.001987148657037881,-0.015285328682986068,9.018593117870208e-5,-0.007849917615369746,0.006917141652918055,-0.0016939280994035378,0.004043660819348961,0.004677167963083697,-0.0026941237009792903,-0.0014336444425999961,0.017278589632765053,0.0001359224597683175,0.004939012810438075,0.0053050846573497006,-0.0018161343985414703,-0.0019067484908170357,0.0038929036565631026,-8.272491352144225e-5,-0.0007962747653102848,0.000869274741311636,0.0014357256719408577,0.0007596525661289808,-0.0024767110167194725,0.001017689905658264,0.003756971039169628,0.0014113965654617574,0.009070157804331945,-0.00813519389498811,-0.00047648788974167036,0.007179474772222545,0.0001359224597683175,0.028152536073708462,0.010585599509497782,-0.005953561734105205,-0.003290320217146192,0.001257057263718816,-0.003864010818639213,0.0027351904889486296,-0.007386292516335009,0.005763525857429526,0.003076879903444461,-0.011797258010358257,-0.0016489449198481445,-0.009269081688849863,0.005811573488575465,-0.0012090679941636224,-0.00305153289307913,-0.004088895877944192,0.0016926985720172776,0.004663146545778115,0.004939012810438075,0.010585599509497782,0.02372761978402984,-0.002435355145126423,-0.005245466124442667,0.008610081093405296,-0.006092873023137202,0.0009091404545857624,-0.005172415490014705,0.0024733764620596256,0.0022000402412070226,-0.009839062585002003,0.0024760780245695526,-0.013042648956080836,0.0054068279572865585,-0.0020136613054855864,0.0023288482285191395,-0.0020492803847147172,0.0004068361682651067,-0.010711497971952064,0.0053050846573497006,-0.005953561734105205,-0.002435355145126423,0.0228926009005332,-0.0031392295727832985,-0.0008612845274231174,0.008174569656742878,0.0010486483414608608,-0.0008248912700259837,-0.0038339889043266053,0.0011392011527785267,0.0009390716674294486,-0.007723788551438662,0.009570027886037372,-0.0031665646207396387,0.008203025743860538,0.0064967959635306195,-0.011491160294957302,0.0024164272347217733,0.001595572834385611,-0.0018161343985414703,-0.003290320217146192,-0.005245466124442667,-0.0031392295727832985,0.021313233619829654,-0.005038096058517414,-0.002504039176596984,-0.001340619318210803,0.004382997685254474,-0.001765743567289859,-0.005328132129561779,0.007635537920612987,0.002168413919364797,0.0003368675614059389,0.0035107593760143547,0.0021297203733377647,-0.00016304273968293444,0.00016815724285944755,-0.004769440120356294,-0.002571451661165574,-0.0019067484908170357,0.001257057263718816,0.008610081093405296,-0.0008612845274231174,-0.005038096058517414,0.02788434854980471,-0.006460282563121223,0.0014361886744731905,-0.0011649474903227305,0.0006777885921599482,0.003385915819838544,0.0014778816893874932,-0.0016338350113967574,-0.00021594124100669527,0.003364760845830797,0.00023070039213130683,-0.004708095583305452,-0.0033841079663113737,0.003171951188341066,-0.0012685039106709905,0.0038929036565631026,-0.003864010818639213,-0.006092873023137202,0.008174569656742878,-0.002504039176596984,-0.006460282563121223,0.0369879977814107,-0.0039086510274434615,0.002233863903426904,0.001515235734228192,0.0036658098775677883,1.0313979977430538e-5,-0.00945253600734345,-0.00416618493398437,-0.005186149535548681,-0.004704639302457948,0.0032218560123353497,-0.0014011760818044652,0.00012286535549080563,0.00021699659150297302,-8.272491352144225e-5,0.0027351904889486296,0.0009091404545857624,0.0010486483414608608,-0.001340619318210803,0.0014361886744731905,-0.0039086510274434615,0.020791819574472112,-0.0023879095359066148,-0.0025096282914184934,0.0025701240698284286,0.0001193703823621655,0.004308021666677849,-0.0006918394900667877,0.003576487377914995,-0.0017339250245796117,0.004545798005972708,0.005659428947468383,0.004352692747394086,-0.005523061762687467,-0.0007962747653102848,-0.007386292516335009,-0.005172415490014705,-0.0008248912700259837,0.004382997685254474,-0.0011649474903227305,0.002233863903426904,-0.0023879095359066148,0.023308865221899237,0.002507899271717918,-0.007701162907872451,0.0028029030146050813,0.0010650307742520297,0.004280520450562583,-0.007698640200219533,-0.00010049620459338544,-0.007163954451352607,0.0073783276257223685,-0.0023922682951084415,0.00415657896253731,0.000869274741311636,0.005763525857429526,0.0024733764620596256,-0.0038339889043266053,-0.001765743567289859,0.0006777885921599482,0.001515235734228192,-0.0025096282914184934,0.002507899271717918,0.018685714104540816,0.003230967781684527,-0.005270217844099543,-0.0029639557571238748,-0.002869431692879126,-0.003449402867295605,-0.0017681572859139516,-0.007076068207868697,-0.002383176246230691,0.00040516653706117655,-0.001987148657037881,0.0014357256719408577,0.003076879903444461,0.0022000402412070226,0.0011392011527785267,-0.005328132129561779,0.003385915819838544,0.0036658098775677883,0.0025701240698284286,-0.007701162907872451,0.003230967781684527,0.019020570042746366,-0.0002771542355586667,-0.0013511607076152144,-0.005911011965314999,0.0004394357462051291,-0.004500304594952927,0.0013655078148791795,0.0006868101822382731,-5.981960689248073e-5,-0.015285328682986068,0.0007596525661289808,-0.011797258010358257,-0.009839062585002003,0.0009390716674294486,0.007635537920612987,0.0014778816893874932,1.0313979977430538e-5,0.0001193703823621655,0.0028029030146050813,-0.005270217844099543,-0.0002771542355586667,0.02984857420821263,0.001453706749198636,0.010528993813404702,-0.006403229651511832,0.0030733536477064844,-0.004690767001797614,-0.0005495705805644844,0.00359976256714956,9.018593117870208e-5,-0.0024767110167194725,-0.0016489449198481445,0.0024760780245695526,-0.007723788551438662,0.002168413919364797,-0.0016338350113967574,-0.00945253600734345,0.004308021666677849,0.0010650307742520297,-0.0029639557571238748,-0.0013511607076152144,0.001453706749198636,0.02604850197591973,0.0012746129398231978,0.00369974575869099,0.0011911298116799307,0.0013130274606886147,0.011311597712478558,-0.0008897238685776027,-0.007849917615369746,0.001017689905658264,-0.009269081688849863,-0.013042648956080836,0.009570027886037372,0.0003368675614059389,-0.00021594124100669527,-0.00416618493398437,-0.0006918394900667877,0.004280520450562583,-0.002869431692879126,-0.005911011965314999,0.010528993813404702,0.0012746129398231978,0.03230816306710462,-0.013491436407063236,0.0034256305621193023,-0.008671747916705313,-0.001494509080603535,0.0015325695146556932,0.006917141652918055,0.003756971039169628,0.005811573488575465,0.0054068279572865585,-0.0031665646207396387,0.0035107593760143547,0.003364760845830797,-0.005186149535548681,0.003576487377914995,-0.007698640200219533,-0.003449402867295605,0.0004394357462051291,-0.006403229651511832,0.00369974575869099,-0.013491436407063236,0.026010559061767413,0.00020689555864627205,0.008371628612231573,-0.006726735484840729,-0.0016739699417372988,-0.0016939280994035378,0.0014113965654617574,-0.0012090679941636224,-0.0020136613054855864,0.008203025743860538,0.0021297203733377647,0.00023070039213130683,-0.004704639302457948,-0.0017339250245796117,-0.00010049620459338544,-0.0017681572859139516,-0.004500304594952927,0.0030733536477064844,0.0011911298116799307,0.0034256305621193023,0.00020689555864627205,0.021548003653700073,0.008789455557992043,-0.0018948546582889564,-0.004474310946818613,0.004043660819348961,0.009070157804331945,-0.00305153289307913,0.0023288482285191395,0.0064967959635306195,-0.00016304273968293444,-0.004708095583305452,0.0032218560123353497,0.004545798005972708,-0.007163954451352607,-0.007076068207868697,0.0013655078148791795,-0.004690767001797614,0.0013130274606886147,-0.008671747916705313,0.008371628612231573,0.008789455557992043,0.037504689620042005,-0.014540143571409304,0.005789134564128222,0.004677167963083697,-0.00813519389498811,-0.004088895877944192,-0.0020492803847147172,-0.011491160294957302,0.00016815724285944755,-0.0033841079663113737,-0.0014011760818044652,0.005659428947468383,0.0073783276257223685,-0.002383176246230691,0.0006868101822382731,-0.0005495705805644844,0.011311597712478558,-0.001494509080603535,-0.006726735484840729,-0.0018948546582889564,-0.014540143571409304,0.03064290200698628
