0.03146360528789117,0.001085266696701096,0.012101537857029991,0.017019023886326673,0.008047666212701188,0.016332484686235927,0.0010739549708884302,0.01651517491529745,0.016277015482985206,0.014531828982095464,0.009585468777876392,0.009540624661273835,0.006099696381302953,0.025926939035337812,0.017519451643760703,0.013391939580046457,0.0022939371943360293,0.016335724873163607,0.0015791774278242079,0.01734927515001182,0.001085266696701096,0.04833142363014109,-0.004713272505361447,0.007518465288754132,-0.0051921435888854185,0.007664367208533399,-0.0015662316729208158,0.0003614632362023342,-0.00010476859925607026,0.0025784396031950088,0.00242523395442851,-0.0035426590354536666,0.01197403556763445,0.011230275215081773,0.02376778947342423,-0.007779551871915285,0.013464545563905727,0.006837346188452682,-0.006332118390919136,0.007767034218945697,0.012101537857029991,-0.004713272505361447,0.022972316103845803,0.010436672901605737,0.0052432707851414115,0.010995450883683032,-0.0004036763229341488,0.008426549292859272,0.014611261399623975,0.004322341794645497,0.013510400645626613,0.01198246277184058,0.004963824800927677,0.017327451001656117,0.001325766957467342,0.015508841779127773,-0.002915541983937995,0.011911983815228282,0.00569372155276043,0.007857512396924893,0.017019023886326673,0.007518465288754132,0.010436672901605737,0.030827041503465605,0.013042934905258981,0.0037811040914461315,-0.0001931908671753854,0.010890772943764105,0.01677135251103977,0.009276039337496558,0.009473293017665606,0.011968103814408033,0.004320244417425251,0.020568966743952047,0.011051293843002906,0.013871498613719151,0.006532040574466583,0.013499002555147844,0.009956853472709228,0.00954462999074563,0.008047666212701188,-0.0051921435888854185,0.0052432707851414115,0.013042934905258981,0.030534617980747213,0.0009879104218002616,-0.0018845689574691071,0.00891447945884407,0.02708982305870912,0.00263151185232502,-0.0016386747065264976,-0.0004308679300530717,0.003206436460906995,0.006117055098794705,0.007048564825012942,0.01092128723359033,-0.0008983653297576491,0.010183197017032457,0.012812959643735373,0.013447678108472905,0.016332484686235927,0.007664367208533399,0.010995450883683032,0.0037811040914461315,0.0009879104218002616,0.053408474538953636,0.0012199647675428314,0.016988973286062938,0.00977824718855215,0.015419754121149872,0.014605336520885748,0.017382940752412958,0.016812385964514516,0.031422534495725685,0.023507549676333613,0.014861606521772031,-0.0004903758554784727,0.016607909643286987,0.006699068687444439,0.02737033094715552,0.0010739549708884302,-0.0015662316729208158,-0.0004036763229341488,-0.0001931908671753854,-0.0018845689574691071,0.0012199647675428314,0.03203335235406116,0.001027308483947489,-0.006316265840965435,0.0004538087202387405,0.006688421502006757,0.004650663806881781,0.005705636990961081,0.009006528461681297,-0.001774251440875541,3.874894027745064e-5,0.012052486640174808,-0.0023879613997203585,-0.0007424832973141718,0.007986417114041572,0.01651517491529745,0.0003614632362023342,0.008426549292859272,0.010890772943764105,0.00891447945884407,0.016988973286062938,0.001027308483947489,0.04284657756733556,0.020923430151721864,0.008138650130134824,0.011768416879001532,0.010465799849619808,0.007727543922279621,0.018174636654903216,0.014734290662688847,0.013447586812460947,0.0034780870726399023,0.019331739519604953,0.0032006320502820807,0.023456895885931944,0.016277015482985206,-0.00010476859925607026,0.014611261399623975,0.01677135251103977,0.02708982305870912,0.00977824718855215,-0.006316265840965435,0.020923430151721864,0.06800691299745226,0.0014760219980716506,0.0020814205479394573,0.004651349259451305,0.008597929711721738,0.013098870414740105,0.015848373835113047,0.024504600183554298,0.0002232666506562403,0.02828106994720677,0.023526208443072873,0.028534739330400946,0.014531828982095464,0.0025784396031950088,0.004322341794645497,0.009276039337496558,0.00263151185232502,0.015419754121149872,0.0004538087202387405,0.008138650130134824,0.0014760219980716506,0.021763013629412898,0.005841336794642828,0.007180081470535747,0.005944735611452643,0.02504891422450379,0.01541322666627826,0.008115843019101917,-0.0004670047342933759,0.00759805419986305,0.0008483933831372717,0.013387548653708423,0.009585468777876392,0.00242523395442851,0.013510400645626613,0.009473293017665606,-0.0016386747065264976,0.014605336520885748,0.006688421502006757,0.011768416879001532,0.0020814205479394573,0.005841336794642828,0.04700501149666853,0.015047636644719697,0.006796805042633346,0.02189112841457094,0.006982154905160189,0.014442634745437057,0.012382605832887594,0.011428651062990982,0.0033417252228654824,-0.0014026928805991072,0.009540624661273835,-0.0035426590354536666,0.01198246277184058,0.011968103814408033,-0.0004308679300530717,0.017382940752412958,0.004650663806881781,0.010465799849619808,0.004651349259451305,0.007180081470535747,0.015047636644719697,0.033996940044884516,0.00571476494935306,0.028578243673293355,0.0019346369805317873,0.01876716906345107,-9.574843219227466e-5,0.007425456797280763,0.005887517101647365,0.012575665203232896,0.006099696381302953,0.01197403556763445,0.004963824800927677,0.004320244417425251,0.003206436460906995,0.016812385964514516,0.005705636990961081,0.007727543922279621,0.008597929711721738,0.005944735611452643,0.006796805042633346,0.00571476494935306,0.01992203672591069,0.01374990049885359,0.013279451374432198,0.005286861035574865,0.006498483045219319,0.005805924504585315,0.003506650905020384,0.015642747348449303,0.025926939035337812,0.011230275215081773,0.017327451001656117,0.020568966743952047,0.006117055098794705,0.031422534495725685,0.009006528461681297,0.018174636654903216,0.013098870414740105,0.02504891422450379,0.02189112841457094,0.028578243673293355,0.01374990049885359,0.07025432412219068,0.02598332961183413,0.022484589850599986,0.012520912696229356,0.01808684728640796,0.013909499158293663,0.029627074046170754,0.017519451643760703,0.02376778947342423,0.001325766957467342,0.011051293843002906,0.007048564825012942,0.023507549676333613,-0.001774251440875541,0.014734290662688847,0.015848373835113047,0.01541322666627826,0.006982154905160189,0.0019346369805317873,0.013279451374432198,0.02598332961183413,0.045204365345979346,0.003186805907569659,0.009111084015765266,0.013273703610678294,-0.0005400618685369834,0.023154594117947746,0.013391939580046457,-0.007779551871915285,0.015508841779127773,0.013871498613719151,0.01092128723359033,0.014861606521772031,3.874894027745064e-5,0.013447586812460947,0.024504600183554298,0.008115843019101917,0.014442634745437057,0.01876716906345107,0.005286861035574865,0.022484589850599986,0.003186805907569659,0.03969974699411123,-0.0002340210571713131,0.019404579200731457,0.019265711991137274,0.0162440024854661,0.0022939371943360293,0.013464545563905727,-0.002915541983937995,0.006532040574466583,-0.0008983653297576491,-0.0004903758554784727,0.012052486640174808,0.0034780870726399023,0.0002232666506562403,-0.0004670047342933759,0.012382605832887594,-9.574843219227466e-5,0.006498483045219319,0.012520912696229356,0.009111084015765266,-0.0002340210571713131,0.025261062642171487,0.003864707576231224,-0.006973599181523505,0.006109868712257224,0.016335724873163607,0.006837346188452682,0.011911983815228282,0.013499002555147844,0.010183197017032457,0.016607909643286987,-0.0023879613997203585,0.019331739519604953,0.02828106994720677,0.00759805419986305,0.011428651062990982,0.007425456797280763,0.005805924504585315,0.01808684728640796,0.013273703610678294,0.019404579200731457,0.003864707576231224,0.0423687072488508,0.011550021395706617,0.01870016132469198,0.0015791774278242079,-0.006332118390919136,0.00569372155276043,0.009956853472709228,0.012812959643735373,0.006699068687444439,-0.0007424832973141718,0.0032006320502820807,0.023526208443072873,0.0008483933831372717,0.0033417252228654824,0.005887517101647365,0.003506650905020384,0.013909499158293663,-0.0005400618685369834,0.019265711991137274,-0.006973599181523505,0.011550021395706617,0.038824805511013666,0.010018356618013188,0.01734927515001182,0.007767034218945697,0.007857512396924893,0.00954462999074563,0.013447678108472905,0.02737033094715552,0.007986417114041572,0.023456895885931944,0.028534739330400946,0.013387548653708423,-0.0014026928805991072,0.012575665203232896,0.015642747348449303,0.029627074046170754,0.023154594117947746,0.0162440024854661,0.006109868712257224,0.01870016132469198,0.010018356618013188,0.051265630816235495
0.04864513686586529,0.03403799912267314,0.05122797139058359,0.027735983719125334,0.02173530811737888,0.0004842918490884411,0.017142232424022477,0.02893560203371063,0.020159109901320325,0.04667173843198734,0.013849862884839513,0.030303385641872144,0.03578306729704861,0.024004472130626855,0.015840477603209595,0.0178572097922532,0.02913837624111047,0.0044844493326530645,0.016818123558098613,0.0060809621398988985,0.03403799912267314,0.05042585023621384,0.05473171162565878,0.032410118002746124,0.029446502807503702,0.00011005662424087015,0.02437418444688082,0.03400382307511077,0.016273851157392823,0.05146658851088323,0.019318495378871384,0.029500707349335097,0.03805370717551201,0.02641343072090025,0.00971619191821579,0.019745372206490093,0.040452764612640815,0.008285615937521432,0.02289603858273098,0.010267703859606868,0.05122797139058359,0.05473171162565878,0.12093532268715042,0.05616314497443688,0.04753848268175559,-0.015038479134788153,0.04453773358060312,0.03189805364042329,0.014876721045771778,0.08074318779803501,0.020230490914341877,0.04800277530871419,0.06552252615374576,0.03778770372270267,0.025197821296008872,0.035733558537091606,0.07699075252023427,-0.005704422434789458,0.029089540433791278,-0.010877631358403278,0.027735983719125334,0.032410118002746124,0.05616314497443688,0.06934935306448618,0.029002606157477864,-0.016183032720494435,0.01955521812947949,0.018144988375118902,0.03835069946556891,0.0537215863470685,0.017933217278814702,0.041223395445569695,0.03928002806454606,0.03309629024360191,0.01447535133888319,0.013906741075776113,0.04547858070798152,0.001898508050975977,0.02289208327594018,0.008602044576123732,0.02173530811737888,0.029446502807503702,0.04753848268175559,0.029002606157477864,0.035054548669099704,-0.005082752277185374,0.016217172965543942,0.01958336701839029,0.01140075401216568,0.04191502047610254,0.014773595167280208,0.025322327346441017,0.029382117214684714,0.0163273334494644,0.006890138359273926,0.014666295170724115,0.032294487068633596,0.0007100889903885403,0.01655115410210451,0.004200247045274554,0.0004842918490884411,0.00011005662424087015,-0.015038479134788153,-0.016183032720494435,-0.005082752277185374,0.03960294441444754,-0.022184360415620753,0.016481168811577858,0.010756685546541505,-0.005183214388637976,-0.004295486747504302,-0.004718123768796578,-0.00986063547103003,-0.0014432422296997687,-0.011541053727723998,-0.004502010223689873,-0.03296738272386121,0.00020120152024148772,-0.006098396200477756,0.01699117054092362,0.017142232424022477,0.02437418444688082,0.04453773358060312,0.01955521812947949,0.016217172965543942,-0.022184360415620753,0.0654678253060813,0.005999202031460357,-0.005264869732962793,0.033340060142117225,0.02907967409024926,0.02300973989781399,0.04441330659543143,0.012206779758668091,0.01749970669093346,0.008196410998141695,0.061389030433990646,-0.0018810888072337037,0.01749832159244677,-0.004108169119728902,0.02893560203371063,0.03400382307511077,0.03189805364042329,0.018144988375118902,0.01958336701839029,0.016481168811577858,0.005999202031460357,0.054077262813433634,0.025577011291839827,0.038095948536132324,0.013024205278622025,0.014525918511535153,0.028832919243243077,0.018834325332198476,0.0037325445304652706,0.013376591973282422,0.019348863636692172,0.01591857560139876,0.01794304053353467,0.020534838015530736,0.020159109901320325,0.016273851157392823,0.014876721045771778,0.03835069946556891,0.01140075401216568,0.010756685546541505,-0.005264869732962793,0.025577011291839827,0.06308213288143004,0.02744560100924667,0.008484413018027187,0.021661629215850537,0.022219062645485246,0.025572081578104297,0.005131352145102824,0.005288031495216302,0.0047711798919387385,0.013032719028572304,0.01117841135920225,0.02684355793961766,0.04667173843198734,0.05146658851088323,0.08074318779803501,0.0537215863470685,0.04191502047610254,-0.005183214388637976,0.033340060142117225,0.038095948536132324,0.02744560100924667,0.08469527447565141,0.025739109938136814,0.04402120692941563,0.05896699865851367,0.0354187682958766,0.018567210876535022,0.0255350398386582,0.06244702400857986,0.008016429642025036,0.033337396200399605,0.006067539564062977,0.013849862884839513,0.019318495378871384,0.020230490914341877,0.017933217278814702,0.014773595167280208,-0.004295486747504302,0.02907967409024926,0.013024205278622025,0.008484413018027187,0.025739109938136814,0.04333296441430676,0.019144737943322065,0.03105335470686895,0.011177270984013558,0.01429009491101032,0.0034226150006627315,0.03456003160642549,0.008916362990219702,0.015769563246414688,0.012714980666107868,0.030303385641872144,0.029500707349335097,0.04800277530871419,0.041223395445569695,0.025322327346441017,-0.004718123768796578,0.02300973989781399,0.014525918511535153,0.021661629215850537,0.04402120692941563,0.019144737943322065,0.05551204520698865,0.03526106925774644,0.02733377839876457,0.015586094005896504,0.011517987813416834,0.03287054699517359,-0.0002315035890136058,0.015919663742305818,0.009638631486945201,0.03578306729704861,0.03805370717551201,0.06552252615374576,0.03928002806454606,0.029382117214684714,-0.00986063547103003,0.04441330659543143,0.028832919243243077,0.022219062645485246,0.05896699865851367,0.03105335470686895,0.03526106925774644,0.07273476646878675,0.02654831801948623,0.021056419984391575,0.015495709012485804,0.06488198240411136,0.0055442918093883,0.02317877278049993,0.004592138462828051,0.024004472130626855,0.02641343072090025,0.03778770372270267,0.03309629024360191,0.0163273334494644,-0.0014432422296997687,0.012206779758668091,0.018834325332198476,0.025572081578104297,0.0354187682958766,0.011177270984013558,0.02733377839876457,0.02654831801948623,0.038382170438582636,0.00760360244186219,0.013387066014391234,0.022101625921047863,0.0036937386481242797,0.01502185661674945,0.009320227861772966,0.015840477603209595,0.00971619191821579,0.025197821296008872,0.01447535133888319,0.006890138359273926,-0.011541053727723998,0.01749970669093346,0.0037325445304652706,0.005131352145102824,0.018567210876535022,0.01429009491101032,0.015586094005896504,0.021056419984391575,0.00760360244186219,0.02385628003755321,0.0034638378901927893,0.02164876297257943,-0.0006726034553453785,0.00862106130034787,-0.002762986193690433,0.0178572097922532,0.019745372206490093,0.035733558537091606,0.013906741075776113,0.014666295170724115,-0.004502010223689873,0.008196410998141695,0.013376591973282422,0.005288031495216302,0.0255350398386582,0.0034226150006627315,0.011517987813416834,0.015495709012485804,0.013387066014391234,0.0034638378901927893,0.0257354341067841,0.01971733232370686,-0.0002468410530958858,0.010726016467002088,-0.0017026079669441626,0.02913837624111047,0.040452764612640815,0.07699075252023427,0.04547858070798152,0.032294487068633596,-0.03296738272386121,0.061389030433990646,0.019348863636692172,0.0047711798919387385,0.06244702400857986,0.03456003160642549,0.03287054699517359,0.06488198240411136,0.022101625921047863,0.02164876297257943,0.01971733232370686,0.10614379468367886,-9.499853585955536e-5,0.030254685946389158,-0.00771986726891582,0.0044844493326530645,0.008285615937521432,-0.005704422434789458,0.001898508050975977,0.0007100889903885403,0.00020120152024148772,-0.0018810888072337037,0.01591857560139876,0.013032719028572304,0.008016429642025036,0.008916362990219702,-0.0002315035890136058,0.0055442918093883,0.0036937386481242797,-0.0006726034553453785,-0.0002468410530958858,-9.499853585955536e-5,0.024473655716632115,0.005403761797936631,0.015115797276708112,0.016818123558098613,0.02289603858273098,0.029089540433791278,0.02289208327594018,0.01655115410210451,-0.006098396200477756,0.01749832159244677,0.01794304053353467,0.01117841135920225,0.033337396200399605,0.015769563246414688,0.015919663742305818,0.02317877278049993,0.01502185661674945,0.00862106130034787,0.010726016467002088,0.030254685946389158,0.005403761797936631,0.0271530971628037,0.005380928947019689,0.0060809621398988985,0.010267703859606868,-0.010877631358403278,0.008602044576123732,0.004200247045274554,0.01699117054092362,-0.004108169119728902,0.020534838015530736,0.02684355793961766,0.006067539564062977,0.012714980666107868,0.009638631486945201,0.004592138462828051,0.009320227861772966,-0.002762986193690433,-0.0017026079669441626,-0.00771986726891582,0.015115797276708112,0.005380928947019689,0.04456065529405858
