0.021295990265718913,0.0011495439363676794,0.0018581600478533695,-0.0031845018647214916,0.0015966425911323218,-0.007389299471037043,0.004614775139038312,0.0006536127004303418,0.0002969360177876311,0.0011002343938037345,-0.0024580113617794835,-0.005102013255780921,0.0010922566987213059,-0.005801502585314257,-0.0029849357518601477,-0.00790281321047462,0.001869234965958919,-0.0016298571750464127,0.0022001133133839126,0.004797793700332516,0.0011495439363676794,0.026407603593710253,-0.003288085797175249,0.0043947650611067274,0.006119275670857677,0.003616780726836487,0.0012266959867004929,-0.0057701869198503505,-0.00016466106665109846,-0.006038055345140942,0.0031567047943057962,0.004905667866194041,-0.004728132505418901,-0.007370571824880979,-2.7402102527008584e-5,0.0030856756767922017,-0.006596897449827898,-0.0037363032186150036,-0.007967438624188368,0.0013104457444514665,0.0018581600478533695,-0.003288085797175249,0.01823734175784785,-0.0013790170073577006,-0.0014666803532969407,-0.009054781914960595,0.006449534629595205,-0.002391818977783136,-0.00759032643728824,0.0014690459703851292,-0.0018661568701963686,0.0028379356242520795,0.0007281905089864951,-0.007593321174702232,0.002449910506598374,-0.0013859545524191413,-0.0022682176168111047,0.00843063273187952,0.001178757487592401,-0.003982940107870133,-0.0031845018647214916,0.0043947650611067274,-0.0013790170073577006,0.014640419140321369,0.0026018423584364325,0.004728541227105913,-0.004967885345038728,0.00113990525958744,0.008487131956601,-0.0010822073730753093,0.0010788361397989768,-0.00022101519385186742,-0.00195173713106374,0.00040182728177859823,-0.003850884004480525,0.00794374984478127,-0.0008921580255519852,0.002039469036720633,-0.004962905784912479,0.003982571327607894,0.0015966425911323218,0.006119275670857677,-0.0014666803532969407,0.0026018423584364325,0.01269472030585431,0.00410625960295775,-0.002811311220948288,-0.001730875619096769,0.0001720535789544849,0.00023147797447654138,0.00024354309233668415,-0.0009262146174312379,4.9613695908063706e-5,-0.002829917405166542,0.001626632189081302,-0.0011343094846135904,-0.0008639143219664749,-0.0028294270926631938,-0.003090530163386552,0.00195459926826302,-0.007389299471037043,0.003616780726836487,-0.009054781914960595,0.004728541227105913,0.00410625960295775,0.03322964302092567,-0.0146819569678312,0.0007383657704478767,0.003317897187337943,0.0009796359020587456,0.0014528902061464468,0.003699666419860871,-0.005613819588710097,0.012933674400246242,-0.00349381874200608,0.00689721764154648,0.004002371934886926,-0.006737859636244182,-0.009988279655530813,-0.006988593714812192,0.004614775139038312,0.0012266959867004929,0.006449534629595205,-0.004967885345038728,-0.002811311220948288,-0.0146819569678312,0.03552565295232487,-0.0025672140829772127,-0.01533483538560286,-0.007417683492404648,0.010682778569978842,-0.008576406143378214,0.008284838489280452,-0.014755790802190437,-0.002888846037055617,-0.012370296253725748,-0.007476164878722607,0.004755399587193357,0.015013250882296263,0.0018701839244383667,0.0006536127004303418,-0.0057701869198503505,-0.002391818977783136,0.00113990525958744,-0.001730875619096769,0.0007383657704478767,-0.0025672140829772127,0.017069179416830855,0.005118622973100957,0.0022337797329226375,-0.0036938754003287997,-0.0061237752087546,-0.003098723224699623,0.009693096867458301,0.0005677732880685004,0.006339827526284271,0.0038843772454866454,0.0007898513252800249,-0.007540016439753669,-0.0017881192247151318,0.0002969360177876311,-0.00016466106665109846,-0.00759032643728824,0.008487131956601,0.0001720535789544849,0.003317897187337943,-0.01533483538560286,0.005118622973100957,0.03838807141542636,0.004793564248968479,-0.00993129751179708,-0.004292612834371134,-0.0036663727589427908,0.002458274949191673,-0.006007543659809937,0.008941936222778104,0.00413008995871734,-0.0011032043615876155,-0.006448739930866413,0.006780082216969682,0.0011002343938037345,-0.006038055345140942,0.0014690459703851292,-0.0010822073730753093,0.00023147797447654138,0.0009796359020587456,-0.007417683492404648,0.0022337797329226375,0.004793564248968479,0.02305685743490327,-0.007664064334882875,-0.0015265088785001196,0.002070472646295976,0.002935115180934051,-0.002377074441369373,0.0038094402017967476,0.00700791253877895,-0.007552284727092401,-0.011099168843851403,0.0015495548661342581,-0.0024580113617794835,0.0031567047943057962,-0.0018661568701963686,0.0010788361397989768,0.00024354309233668415,0.0014528902061464468,0.010682778569978842,-0.0036938754003287997,-0.00993129751179708,-0.007664064334882875,0.020850080486858092,-0.0011508884499987517,0.00016925840079771537,-0.004504185540127557,-0.0013810713457551578,-0.002887234925589629,-0.007184952975824468,0.0005943411212004693,0.004123269507902991,-0.00429806306776012,-0.005102013255780921,0.004905667866194041,0.0028379356242520795,-0.00022101519385186742,-0.0009262146174312379,0.003699666419860871,-0.008576406143378214,-0.0061237752087546,-0.004292612834371134,-0.0015265088785001196,-0.0011508884499987517,0.03154239046962892,0.00037830494818124217,0.0023685662982095533,0.0020535244936834285,0.001598327198930659,-0.00132860063511892,-0.0033691921896924822,-0.0014634707947268734,-0.002592229155230357,0.0010922566987213059,-0.004728132505418901,0.0007281905089864951,-0.00195173713106374,4.9613695908063706e-5,-0.005613819588710097,0.008284838489280452,-0.003098723224699623,-0.0036663727589427908,0.002070472646295976,0.00016925840079771537,0.00037830494818124217,0.02344995235158977,-0.007758913231313828,-0.0013500265877405796,-0.00885897252530797,-0.0016880027102243599,0.004796685722497949,0.013222983429047411,0.0011545630273116652,-0.005801502585314257,-0.007370571824880979,-0.007593321174702232,0.00040182728177859823,-0.002829917405166542,0.012933674400246242,-0.014755790802190437,0.009693096867458301,0.002458274949191673,0.002935115180934051,-0.004504185540127557,0.0023685662982095533,-0.007758913231313828,0.0390366847984923,-0.0004663329588795933,0.012674211986835706,0.014085770777867643,-0.007713429198614874,-0.01798963080811132,-0.005521241135670324,-0.0029849357518601477,-2.7402102527008584e-5,0.002449910506598374,-0.003850884004480525,0.001626632189081302,-0.00349381874200608,-0.002888846037055617,0.0005677732880685004,-0.006007543659809937,-0.002377074441369373,-0.0013810713457551578,0.0020535244936834285,-0.0013500265877405796,-0.0004663329588795933,0.026852402355905015,-0.003703071640099361,-0.0014006223520589142,-0.0037694701658058595,0.0023767320324652877,0.0005917470544013287,-0.00790281321047462,0.0030856756767922017,-0.0013859545524191413,0.00794374984478127,-0.0011343094846135904,0.00689721764154648,-0.012370296253725748,0.006339827526284271,0.008941936222778104,0.0038094402017967476,-0.002887234925589629,0.001598327198930659,-0.00885897252530797,0.012674211986835706,-0.003703071640099361,0.026661821855535808,0.00029023735960529253,-0.005128259817998032,-0.01990960840603853,-0.0007515400584024404,0.001869234965958919,-0.006596897449827898,-0.0022682176168111047,-0.0008921580255519852,-0.0008639143219664749,0.004002371934886926,-0.007476164878722607,0.0038843772454866454,0.00413008995871734,0.00700791253877895,-0.007184952975824468,-0.00132860063511892,-0.0016880027102243599,0.014085770777867643,-0.0014006223520589142,0.00029023735960529253,0.022295039130499638,-0.00363195580243062,-0.00722102368442764,-0.001036766096389201,-0.0016298571750464127,-0.0037363032186150036,0.00843063273187952,0.002039469036720633,-0.0028294270926631938,-0.006737859636244182,0.004755399587193357,0.0007898513252800249,-0.0011032043615876155,-0.007552284727092401,0.0005943411212004693,-0.0033691921896924822,0.004796685722497949,-0.007713429198614874,-0.0037694701658058595,-0.005128259817998032,-0.00363195580243062,0.019283027997460483,0.010016684653430169,0.0006667867648944895,0.0022001133133839126,-0.007967438624188368,0.001178757487592401,-0.004962905784912479,-0.003090530163386552,-0.009988279655530813,0.015013250882296263,-0.007540016439753669,-0.006448739930866413,-0.011099168843851403,0.004123269507902991,-0.0014634707947268734,0.013222983429047411,-0.01798963080811132,0.0023767320324652877,-0.01990960840603853,-0.00722102368442764,0.010016684653430169,0.04580335811151333,0.008595528785767952,0.004797793700332516,0.0013104457444514665,-0.003982940107870133,0.003982571327607894,0.00195459926826302,-0.006988593714812192,0.0018701839244383667,-0.0017881192247151318,0.006780082216969682,0.0015495548661342581,-0.00429806306776012,-0.002592229155230357,0.0011545630273116652,-0.005521241135670324,0.0005917470544013287,-0.0007515400584024404,-0.001036766096389201,0.0006667867648944895,0.008595528785767952,0.02013940703225534
0.07022835419525585,-0.010871753522613659,0.03362237611832225,-0.013215005100794885,-0.0008989484676988274,-0.0004727260671708224,-0.002460989769346329,-0.0290683628675776,0.000700296563512476,0.029740838100836664,0.02670054417440116,0.00797643694426935,0.009320177444961397,0.0020979033356694024,-0.0447302366108748,0.009917595581269804,-0.010528963873359151,-0.0035754185699179604,-0.022040870688927405,-0.03816613314383479,-0.010871753522613659,0.027517467733958655,-0.0049902090668417845,-0.014298967993837603,-0.003233003150997618,0.0010468909556271564,0.0020027391829824507,0.005022794974245151,-0.0047383932234444925,-0.001320170864526942,-0.012746435616716591,-0.016399583414401824,0.003860111030351208,0.009193018994792163,0.021764511244654765,0.004353820507662822,-0.00040055970510224844,-0.0007615793867112821,-0.002034280342236964,0.010995391303628334,0.03362237611832225,-0.0049902090668417845,0.06641197375263855,-0.002745650255940625,0.011883696672337893,0.0037077357234320896,-0.0014368821145226704,-0.012996764236854119,-0.013948952574534209,0.028573441898895657,0.023520205950136607,0.015152710233840856,-0.0029903906969799294,-0.01812504101352868,-0.03948898887080834,-0.012345994236438469,-0.009113997585918278,0.00892150693552966,-0.016555948171614605,-0.031141587417253792,-0.013215005100794885,-0.014298967993837603,-0.002745650255940625,0.03866639739357333,0.0027267825629364462,-0.0029190625988026785,-0.009042402851412938,0.012592518683830014,0.004241720160660281,-0.019473905378411843,0.00034087028943588873,0.010715261475378459,-0.005130494100086572,-0.01407561679807479,-0.0033431844002825015,-0.007404920713650715,0.01022361506095364,0.0016352224432971086,-0.00046612894803841346,0.006182144130834398,-0.0008989484676988274,-0.003233003150997618,0.011883696672337893,0.0027267825629364462,0.02097981631786249,0.002164095928742025,-2.807061817309603e-5,-0.0015782271276180175,-0.0007788351926381147,0.004353100387719879,0.002845754113501558,0.0057619978806240126,-0.007189599850264954,-0.008590023015383048,-0.014316678801418473,-0.0028713663245728176,0.009036241262057236,0.006234190086978543,-0.005054768545410701,-0.004886333552445984,-0.0004727260671708224,0.0010468909556271564,0.0037077357234320896,-0.0029190625988026785,0.002164095928742025,0.026599580086536415,0.006464973684793087,0.0034230231091509056,0.008024596047355403,0.006202134433778561,-0.003905198507601849,-0.010746588839933926,-0.010941548074767958,0.0032540069649300567,-0.0018922342237066468,-0.010519104760081272,0.009023268665101777,0.008525229250898537,0.0010851211653429742,-0.012121241583223755,-0.002460989769346329,0.0020027391829824507,-0.0014368821145226704,-0.009042402851412938,-2.807061817309603e-5,0.006464973684793087,0.03309892631881385,-0.002935304858476522,0.007440522376459614,0.015749145876862214,-0.0034902242854039115,-0.008562774594053335,-0.007753540902013236,0.003403710484764122,0.002271371144618407,-0.01291435689325943,0.008137363114372704,0.005203545584660496,0.004011915282012278,-0.010559414863326332,-0.0290683628675776,0.005022794974245151,-0.012996764236854119,0.012592518683830014,-0.0015782271276180175,0.0034230231091509056,-0.002935304858476522,0.04269686722908275,0.001269649772302265,-0.022896232873199203,-0.005713846857938914,0.005732689920558901,-4.474183730543752e-5,-0.00784627032325805,0.01686965067167495,-0.017136752984539434,0.003308774585694477,0.0056648417554232295,0.004203154880937806,0.008344763992061528,0.000700296563512476,-0.0047383932234444925,-0.013948952574534209,0.004241720160660281,-0.0007788351926381147,0.008024596047355403,0.007440522376459614,0.001269649772302265,0.02626372428821313,0.00118905731452706,-0.006647010894485281,-0.001992353946446055,-0.006570945166544983,0.004458636636391034,-0.0032313680607494338,-0.0012980490820669799,0.007278217067907582,0.004454583689611272,0.00118945985335001,-0.005369896737260057,0.029740838100836664,-0.001320170864526942,0.028573441898895657,-0.019473905378411843,0.004353100387719879,0.006202134433778561,0.015749145876862214,-0.022896232873199203,0.00118905731452706,0.053042358527997484,0.013073211402429856,-0.0005808562759285308,-0.0020778586990390117,0.007016840275806265,-0.029220871310352246,-0.010439088647308283,-0.003599449305723679,0.008178528230509388,-0.013843085189822685,-0.03415822378592559,0.02670054417440116,-0.012746435616716591,0.023520205950136607,0.00034087028943588873,0.002845754113501558,-0.003905198507601849,-0.0034902242854039115,-0.005713846857938914,-0.006647010894485281,0.013073211402429856,0.04862306895049942,0.02903780336879757,0.0018641931712617907,-0.017903670063334712,-0.03294149690519349,-0.00804530851859802,-0.009457693201036258,0.006475686279851971,-0.01819245861904976,-0.025050717333195277,0.00797643694426935,-0.016399583414401824,0.015152710233840856,0.010715261475378459,0.0057619978806240126,-0.010746588839933926,-0.008562774594053335,0.005732689920558901,-0.001992353946446055,-0.0005808562759285308,0.02903780336879757,0.043401011065248664,0.005253682409641802,-0.019135104250817277,-0.027126628586152095,-0.005930309301068271,-0.007004581768679323,0.003454793009290927,-0.017845786809200584,-0.014362356894300722,0.009320177444961397,0.003860111030351208,-0.0029903906969799294,-0.005130494100086572,-0.007189599850264954,-0.010941548074767958,-0.007753540902013236,-4.474183730543752e-5,-0.006570945166544983,-0.0020778586990390117,0.0018641931712617907,0.005253682409641802,0.035251383179472934,0.0032831653947636937,-0.0016288215476004183,0.010701169947044502,-0.015946307847530723,-0.00681473767878703,0.003309578892111709,0.004066032938366195,0.0020979033356694024,0.009193018994792163,-0.01812504101352868,-0.01407561679807479,-0.008590023015383048,0.0032540069649300567,0.003403710484764122,-0.00784627032325805,0.004458636636391034,0.007016840275806265,-0.017903670063334712,-0.019135104250817277,0.0032831653947636937,0.03486577409677971,0.01903930066304786,0.008225974774533457,-0.003284984534445973,-0.010466753234944158,0.011209413672491952,0.006911541160697304,-0.0447302366108748,0.021764511244654765,-0.03948898887080834,-0.0033431844002825015,-0.014316678801418473,-0.0018922342237066468,0.002271371144618407,0.01686965067167495,-0.0032313680607494338,-0.029220871310352246,-0.03294149690519349,-0.027126628586152095,-0.0016288215476004183,0.01903930066304786,0.07607602339794112,0.009408394183635491,0.00025059624668914357,-0.00778097683916228,0.025054463899330182,0.044884448959969105,0.009917595581269804,0.004353820507662822,-0.012345994236438469,-0.007404920713650715,-0.0028713663245728176,-0.010519104760081272,-0.01291435689325943,-0.017136752984539434,-0.0012980490820669799,-0.010439088647308283,-0.00804530851859802,-0.005930309301068271,0.010701169947044502,0.008225974774533457,0.009408394183635491,0.04787120016599298,-0.00423836572967047,-0.013977918800898544,-0.003320633597100134,0.01774853318798849,-0.010528963873359151,-0.00040055970510224844,-0.009113997585918278,0.01022361506095364,0.009036241262057236,0.009023268665101777,0.008137363114372704,0.003308774585694477,0.007278217067907582,-0.003599449305723679,-0.009457693201036258,-0.007004581768679323,-0.015946307847530723,-0.003284984534445973,0.00025059624668914357,-0.00423836572967047,0.026392257666157465,0.0024548208010135597,0.0006245555896937912,0.0023775440341349194,-0.0035754185699179604,-0.0007615793867112821,0.00892150693552966,0.0016352224432971086,0.006234190086978543,0.008525229250898537,0.005203545584660496,0.0056648417554232295,0.004454583689611272,0.008178528230509388,0.006475686279851971,0.003454793009290927,-0.00681473767878703,-0.010466753234944158,-0.00778097683916228,-0.013977918800898544,0.0024548208010135597,0.030845840013322995,-0.009318408211927809,-0.011794853271994088,-0.022040870688927405,-0.002034280342236964,-0.016555948171614605,-0.00046612894803841346,-0.005054768545410701,0.0010851211653429742,0.004011915282012278,0.004203154880937806,0.00118945985335001,-0.013843085189822685,-0.01819245861904976,-0.017845786809200584,0.003309578892111709,0.011209413672491952,0.025054463899330182,-0.003320633597100134,0.0006245555896937912,-0.009318408211927809,0.04109905675867297,0.018591501591724378,-0.03816613314383479,0.010995391303628334,-0.031141587417253792,0.006182144130834398,-0.004886333552445984,-0.012121241583223755,-0.010559414863326332,0.008344763992061528,-0.005369896737260057,-0.03415822378592559,-0.025050717333195277,-0.014362356894300722,0.004066032938366195,0.006911541160697304,0.044884448959969105,0.01774853318798849,0.0023775440341349194,-0.011794853271994088,0.018591501591724378,0.05587631780138758
