0.025291046397144183,0.005305371594671367,-0.0064647655683850586,-0.0010948743821493122,-0.0010608894553133675,-0.010185076168630562,0.0022691123200627265,-0.008123314225280565,0.003609020575853171,-0.0006579480668811942,0.003258989269104208,-0.008777863834108592,-0.004017189405680431,-0.0058408443334433055,0.008374182877792714,-0.0038666188947311508,0.010106421257002878,-0.0031448409043838524,-0.0029584519212864178,0.011935819180875539,0.005305371594671367,0.03488990329547752,-0.00959928733488924,2.8630294635452296e-5,0.00677914451170685,-0.009517054977902622,0.0014897970387901536,0.002193592414712735,-0.01515435426716675,-0.0006204270304387234,-0.0007620531417246873,0.003883743430412389,-0.006700618675104624,-0.012792278536859228,0.00886808882597355,-0.00817447785462901,0.005921213902825348,0.0031457171988254215,0.004962139387854888,0.01343425853047904,-0.0064647655683850586,-0.00959928733488924,0.03578697216629172,0.002565373033415262,-0.002210147700548151,-0.011877956917751219,-7.746039503666246e-5,-0.015435579161861501,0.03301718295939116,0.005174159864072388,0.002772001161880185,0.0025938484185795527,0.0068188534802288495,0.004065882879249028,-0.0027886571943577594,0.002667234280860717,0.0026703183660052787,-0.00965962567745985,-0.0007641779033401516,-0.009661382931361137,-0.0010948743821493122,2.8630294635452296e-5,0.002565373033415262,0.036895972688551694,0.011855829139954258,-0.006211850412640763,0.0009358599124676716,0.010007331818047721,-0.0033228379651300795,0.007548586077238051,-0.00876812449904317,0.007425281837504315,0.003247336060991895,-0.0058870573963834185,-0.009187491186697417,-0.004313766630086296,0.002950664569486429,-0.007903016124483471,-0.0012705683272186143,-0.011910415317886544,-0.0010608894553133675,0.00677914451170685,-0.002210147700548151,0.011855829139954258,0.03005937999407343,0.0064243895450245055,0.0006439397383124026,0.017231502217850185,-0.018343067892443863,0.0026091109396705406,-0.008936371590334054,0.001199361020557112,-0.0013797825474768152,-0.006464748993668883,0.0011205258470912138,-0.013061610142796767,0.004581924256695458,-0.0006973034483319844,0.006468789470588746,-0.011118806181534522,-0.010185076168630562,-0.009517054977902622,-0.011877956917751219,-0.006211850412640763,0.0064243895450245055,0.06828979046107994,-0.0030623112232674348,0.02370405241691014,-0.02507708180877987,-0.012814282342984498,-0.004117523282628756,0.00234771875316917,0.0032965617996416757,0.01468455378876029,-0.017277515186927342,0.009224621708577999,-0.0023806903179884632,0.009167482375160163,0.003962160998579786,-0.023313161344984297,0.0022691123200627265,0.0014897970387901536,-7.746039503666246e-5,0.0009358599124676716,0.0006439397383124026,-0.0030623112232674348,0.021142289294985198,-0.0032879276290062225,-0.0037055704285993358,-0.0014474083004830526,0.0003897493107578424,0.0031018474553343436,-0.003494616406056591,-0.0027861808880303212,-0.004854711015285425,0.0011249177493292929,0.003211794196163643,-0.0032429554993276414,0.0021558041964559586,-0.0042796731935783984,-0.008123314225280565,0.002193592414712735,-0.015435579161861501,0.010007331818047721,0.017231502217850185,0.02370405241691014,-0.0032879276290062225,0.05246090284219002,-0.02707449733016571,-0.0006215918544796922,-0.012873802022237623,0.0023438716641057183,-0.001068435724172046,0.007788131448855146,-0.013784435085307042,0.0060194265818677775,0.0002603621644203728,0.002523103300496751,0.003353263148879355,-0.013524211654754042,0.003609020575853171,-0.01515435426716675,0.03301718295939116,-0.0033228379651300795,-0.018343067892443863,-0.02507708180877987,-0.0037055704285993358,-0.02707449733016571,0.11444465568527883,0.014926711506013442,-0.00019678669233767404,-0.022757647208181214,0.012657463635027094,0.028129465283087345,-0.004369951538412825,-0.014189457235982608,0.0015541961087869322,-0.017389162362705456,-0.02270092552322165,0.0015909172872978332,-0.0006579480668811942,-0.0006204270304387234,0.005174159864072388,0.007548586077238051,0.0026091109396705406,-0.012814282342984498,-0.0014474083004830526,-0.0006215918544796922,0.014926711506013442,0.03144074217924939,-0.008786133632454769,-0.010745393660970043,0.006413354699802878,0.0035698232172907446,0.004228202466540232,-0.0013837966949659848,-0.00025380876367173317,-0.0036641426080335484,-0.0008662840324954808,0.0034130895817508977,0.003258989269104208,-0.0007620531417246873,0.002772001161880185,-0.00876812449904317,-0.008936371590334054,-0.004117523282628756,0.0003897493107578424,-0.012873802022237623,-0.00019678669233767404,-0.008786133632454769,0.024552271143414652,0.006124967444623015,-0.005817110676882349,-0.005719724366455848,0.008819313088378258,0.001652414711263435,-0.004571068667415105,-0.001728298824071682,-0.0008705437986477087,0.010074779062449492,-0.008777863834108592,0.003883743430412389,0.0025938484185795527,0.007425281837504315,0.001199361020557112,0.00234771875316917,0.0031018474553343436,0.0023438716641057183,-0.022757647208181214,-0.010745393660970043,0.006124967444623015,0.03807268657059641,-5.1868848264929665e-5,-0.019304666260770757,-0.009709608872354239,0.003575841689557265,-0.00485976566655992,0.002077030095742151,0.006483071985266816,-0.0069357841160628975,-0.004017189405680431,-0.006700618675104624,0.0068188534802288495,0.003247336060991895,-0.0013797825474768152,0.0032965617996416757,-0.003494616406056591,-0.001068435724172046,0.012657463635027094,0.006413354699802878,-0.005817110676882349,-5.1868848264929665e-5,0.024056764542929647,0.011692128530843459,-0.0004173977361160983,-0.00269985226639976,-0.0051239082397281045,-0.0037844346843212214,-0.006121157103842313,-0.004994635806843118,-0.0058408443334433055,-0.012792278536859228,0.004065882879249028,-0.0058870573963834185,-0.006464748993668883,0.01468455378876029,-0.0027861808880303212,0.007788131448855146,0.028129465283087345,0.0035698232172907446,-0.005719724366455848,-0.019304666260770757,0.011692128530843459,0.05662051052809312,0.0005103843710346271,0.00651847050567428,-0.01383683422381448,-0.011883479463147205,-0.02567790595099881,0.002507893773883171,0.008374182877792714,0.00886808882597355,-0.0027886571943577594,-0.009187491186697417,0.0011205258470912138,-0.017277515186927342,-0.004854711015285425,-0.013784435085307042,-0.004369951538412825,0.004228202466540232,0.008819313088378258,-0.009709608872354239,-0.0004173977361160983,0.0005103843710346271,0.03883453003551163,-0.0058033958755274746,0.0023600437437700877,-0.00353343586496582,-0.0024390146865039108,0.023421032032638026,-0.0038666188947311508,-0.00817447785462901,0.002667234280860717,-0.004313766630086296,-0.013061610142796767,0.009224621708577999,0.0011249177493292929,0.0060194265818677775,-0.014189457235982608,-0.0013837966949659848,0.001652414711263435,0.003575841689557265,-0.00269985226639976,0.00651847050567428,-0.0058033958755274746,0.039817870116533934,-0.017298455243501168,0.008118366760595647,-0.010192137501065313,-0.0033601743827477147,0.010106421257002878,0.005921213902825348,0.0026703183660052787,0.002950664569486429,0.004581924256695458,-0.0023806903179884632,0.003211794196163643,0.0002603621644203728,0.0015541961087869322,-0.00025380876367173317,-0.004571068667415105,-0.00485976566655992,-0.0051239082397281045,-0.01383683422381448,0.0023600437437700877,-0.017298455243501168,0.034864874251808904,-0.008532510156372991,0.011116179093674109,-0.00646023016845217,-0.0031448409043838524,0.0031457171988254215,-0.00965962567745985,-0.007903016124483471,-0.0006973034483319844,0.009167482375160163,-0.0032429554993276414,0.002523103300496751,-0.017389162362705456,-0.0036641426080335484,-0.001728298824071682,0.002077030095742151,-0.0037844346843212214,-0.011883479463147205,-0.00353343586496582,0.008118366760595647,-0.008532510156372991,0.03623733643044166,0.01330928550035965,-0.00601421760624204,-0.0029584519212864178,0.004962139387854888,-0.0007641779033401516,-0.0012705683272186143,0.006468789470588746,0.003962160998579786,0.0021558041964559586,0.003353263148879355,-0.02270092552322165,-0.0008662840324954808,-0.0008705437986477087,0.006483071985266816,-0.006121157103842313,-0.02567790595099881,-0.0024390146865039108,-0.010192137501065313,0.011116179093674109,0.01330928550035965,0.04817378226414672,-0.009729355957977772,0.011935819180875539,0.01343425853047904,-0.009661382931361137,-0.011910415317886544,-0.011118806181534522,-0.023313161344984297,-0.0042796731935783984,-0.013524211654754042,0.0015909172872978332,0.0034130895817508977,0.010074779062449492,-0.0069357841160628975,-0.004994635806843118,0.002507893773883171,0.023421032032638026,-0.0033601743827477147,-0.00646023016845217,-0.00601421760624204,-0.009729355957977772,0.049226769048978915
0.029695545322629937,0.005801445635300308,-0.00820306126508941,0.00956280890046533,0.015563259311759843,0.0052862271924172186,-0.0012799641328351669,-0.01521519340275668,0.021678707695844887,-0.008109058161851198,0.017178011345670333,0.018141670644014864,-0.003557476210263706,-0.021653555503985282,-0.016783867539316308,0.015010517847045084,-0.012933546790817685,-0.010303925211216598,-0.0057335628028301455,0.02736131074892069,0.005801445635300308,0.04940638489210418,0.018981209655953492,0.025881051571144724,0.039280340706180056,-0.006569651618336758,-0.02575872367544815,-0.004227546106823354,4.1457883709020626e-5,0.009027449667519371,-0.012373744969726395,0.017527878940622688,0.021546391048700497,-0.043579786999095156,-0.0005089397627117815,-0.027002614745575887,-0.005256029503608067,-0.00405726240122933,0.007557255822985939,0.006577993423206087,-0.00820306126508941,0.018981209655953492,0.05347429140420846,0.001476044368591785,0.023239470288401128,-0.004872872138925193,-0.01178174857045308,0.020668894342012956,-0.018695904278286556,0.019847157210699375,-0.0201849274092418,0.00920409806191136,0.023005978669724134,0.013109396410160984,0.029973332261709534,-0.04388623141470905,0.01877383532195731,0.0054075341118825886,0.018775980151593683,-0.03530600439227134,0.00956280890046533,0.025881051571144724,0.001476044368591785,0.048826605548578636,0.036372721065476836,-0.0007035288065051075,-0.02430491716880756,-0.00621071275879107,0.0185313132197514,-0.003342002820697677,-0.009974145748509041,0.02192322064183947,0.020053984713758924,-0.05341922422706563,-0.017060111629663602,-0.01975662192484747,-0.006118618314100472,-0.006987937765303272,0.0010753090443012129,0.01664688068152278,0.015563259311759843,0.039280340706180056,0.023239470288401128,0.036372721065476836,0.09978640263163516,-0.01614162505633178,-0.052101020766563366,0.01288737934431999,0.00424281965848312,0.010357405308294997,-0.0022280441014087085,0.04360052049997326,0.05559380318180557,-0.05687889238924803,0.01229992875384006,-0.0559438805019102,-0.008957909600681168,-0.017267068085054155,-0.017698347052652268,0.0073457456124079385,0.0052862271924172186,-0.006569651618336758,-0.004872872138925193,-0.0007035288065051075,-0.01614162505633178,0.02374152418112049,0.011252496982263778,-0.018936488454008145,0.018444842636440962,-0.007377546911846396,-0.004933731915136972,-0.006156025649420568,-0.012652999225271166,-0.004976416189374882,-0.013347663501163422,0.020398136355908175,-0.0009839755376939297,0.012762449158687773,0.018243384169722647,-0.003315108058266337,-0.0012799641328351669,-0.02575872367544815,-0.01178174857045308,-0.02430491716880756,-0.052101020766563366,0.011252496982263778,0.057025484651983635,-0.006285855073105595,0.0037607381648853827,0.005350970488149059,0.012472532972832009,-0.02057169970968139,-0.027566136290088424,0.047389465693139315,0.004247007375926053,0.03576761948364003,0.013122956710788988,0.016648601628381242,0.0198255901185259,-0.0066175389955191715,-0.01521519340275668,-0.004227546106823354,0.020668894342012956,-0.00621071275879107,0.01288737934431999,-0.018936488454008145,-0.006285855073105595,0.06562944243180811,-0.03453419177906533,0.02223658800556447,-0.002853766419377839,-0.00315000349944227,0.021342570686116714,0.032542215312173745,0.037059474112566326,-0.043618803353956195,0.016791104182555312,-0.011254926796255628,-0.0186261873615892,-0.031063171423056903,0.021678707695844887,4.1457883709020626e-5,-0.018695904278286556,0.0185313132197514,0.00424281965848312,0.018444842636440962,0.0037607381648853827,-0.03453419177906533,0.06069280924534771,-0.019061084690925354,0.01317757227711654,0.018118987045647874,-0.008571525352262889,-0.038648622552891185,-0.03925932899227444,0.024052877552658294,-0.01377005217280226,-0.0013563956281818232,0.004180218322241439,0.03494111885329549,-0.008109058161851198,0.009027449667519371,0.019847157210699375,-0.003342002820697677,0.010357405308294997,-0.007377546911846396,0.005350970488149059,0.02223658800556447,-0.019061084690925354,0.03832040028730143,-0.004707998956464762,0.00035920274042662223,0.02238067553823636,0.024180208289054938,0.03242592822548185,-0.02701083299467058,0.016649323483449174,0.005287712960634114,0.012423886220509365,-0.027408689422354207,0.017178011345670333,-0.012373744969726395,-0.0201849274092418,-0.009974145748509041,-0.0022280441014087085,-0.004933731915136972,0.012472532972832009,-0.002853766419377839,0.01317757227711654,-0.004707998956464762,0.05191600274391109,0.007506104224126954,-0.013933835928272357,-0.0006541942939381076,-0.013401555592645309,0.03323535785630399,-0.015305794533807485,-0.011925454722063893,-0.025433101251834404,0.0300133111850779,0.018141670644014864,0.017527878940622688,0.00920409806191136,0.02192322064183947,0.04360052049997326,-0.006156025649420568,-0.02057169970968139,-0.00315000349944227,0.018118987045647874,0.00035920274042662223,0.007506104224126954,0.04690524498614634,0.025776292980837272,-0.031244268820764663,-0.003133674366853,-0.015086980980124495,-0.00670065439265605,-0.0074238518937469085,-0.0072822217675917395,0.016467057877299362,-0.003557476210263706,0.021546391048700497,0.023005978669724134,0.020053984713758924,0.05559380318180557,-0.012652999225271166,-0.027566136290088424,0.021342570686116714,-0.008571525352262889,0.02238067553823636,-0.013933835928272357,0.025776292980837272,0.06695248235149179,-0.014375612544006001,0.028228451720332143,-0.05579998552741253,0.010070296802094536,-0.0010800339543905082,-0.001703122562458438,-0.0220243793154164,-0.021653555503985282,-0.043579786999095156,0.013109396410160984,-0.05341922422706563,-0.05687889238924803,-0.004976416189374882,0.047389465693139315,0.032542215312173745,-0.038648622552891185,0.024180208289054938,-0.0006541942939381076,-0.031244268820764663,-0.014375612544006001,0.11513121981549412,0.046965458226151946,0.007817246608191945,0.027374728805391275,0.023061220209151165,0.014652575621383272,-0.056593536623711305,-0.016783867539316308,-0.0005089397627117815,0.029973332261709534,-0.017060111629663602,0.01229992875384006,-0.013347663501163422,0.004247007375926053,0.037059474112566326,-0.03925932899227444,0.03242592822548185,-0.013401555592645309,-0.003133674366853,0.028228451720332143,0.046965458226151946,0.07022385516468233,-0.03804012274227796,0.023662987034142983,0.013120079101122485,0.009024047447994506,-0.04782156922194472,0.015010517847045084,-0.027002614745575887,-0.04388623141470905,-0.01975662192484747,-0.0559438805019102,0.020398136355908175,0.03576761948364003,-0.043618803353956195,0.024052877552658294,-0.02701083299467058,0.03323535785630399,-0.015086980980124495,-0.05579998552741253,0.007817246608191945,-0.03804012274227796,0.11476633550712464,-0.023973083237116014,0.009726905945452915,0.0021503364354694,0.04320974148641418,-0.012933546790817685,-0.005256029503608067,0.01877383532195731,-0.006118618314100472,-0.008957909600681168,-0.0009839755376939297,0.013122956710788988,0.016791104182555312,-0.01377005217280226,0.016649323483449174,-0.015305794533807485,-0.00670065439265605,0.010070296802094536,0.027374728805391275,0.023662987034142983,-0.023973083237116014,0.0381817152836082,0.015583183143699244,0.021187668068888478,-0.033995480784243574,-0.010303925211216598,-0.00405726240122933,0.0054075341118825886,-0.006987937765303272,-0.017267068085054155,0.012762449158687773,0.016648601628381242,-0.011254926796255628,-0.0013563956281818232,0.005287712960634114,-0.011925454722063893,-0.0074238518937469085,-0.0010800339543905082,0.023061220209151165,0.013120079101122485,0.009726905945452915,0.015583183143699244,0.042399036528128424,0.03321985540739432,-0.02191084487242188,-0.0057335628028301455,0.007557255822985939,0.018775980151593683,0.0010753090443012129,-0.017698347052652268,0.018243384169722647,0.0198255901185259,-0.0186261873615892,0.004180218322241439,0.012423886220509365,-0.025433101251834404,-0.0072822217675917395,-0.001703122562458438,0.014652575621383272,0.009024047447994506,0.0021503364354694,0.021187668068888478,0.03321985540739432,0.06603143648375756,-0.03261821026942607,0.02736131074892069,0.006577993423206087,-0.03530600439227134,0.01664688068152278,0.0073457456124079385,-0.003315108058266337,-0.0066175389955191715,-0.031063171423056903,0.03494111885329549,-0.027408689422354207,0.0300133111850779,0.016467057877299362,-0.0220243793154164,-0.056593536623711305,-0.04782156922194472,0.04320974148641418,-0.033995480784243574,-0.02191084487242188,-0.03261821026942607,0.0899468362506974
