0.01674114490242495,0.003659200942766968,0.002112814996563681,0.0039731775797582705,-0.0005858504728994934,0.0011362684296569447,-0.0015013966646378685,0.0037460330161784346,0.005572081165785891,0.0046997623113596634,0.007026041536706736,0.0029707814132678024,0.003344437183657026,0.005562992896596145,0.0050629369444950625,0.0012208924378579382,-0.0013493551308720313,0.0020340865560828135,-0.0008705973153274999,0.004294823516830797,0.003659200942766968,0.017637768485018492,0.002837053565619083,0.005846836532838844,0.0001255849810664764,-0.0003892991799841687,0.0035882620182951575,0.003665175648442241,0.003189764711536572,0.0031159770800498043,0.004887290033586672,0.0031471329628977363,0.005457595444033418,0.008505006202050844,0.003151508772020775,0.0017802710902978143,0.002200545817277115,0.003727444413957123,-9.361586279418578e-5,0.004764475134183382,0.002112814996563681,0.002837053565619083,0.01077515826998316,0.003471899263658622,0.0009450583463993285,0.000320983886119743,0.0013233860807581011,-0.0029879754559125884,-0.0010287814054599483,0.0006295194934412462,0.004651875890920557,0.001414452120011925,0.003384497704166246,0.006245323177755557,0.0027782662573250273,0.0006050138122455082,0.00016638320012051248,-0.0020389789564671714,-0.0011796345041388968,0.00010973499942037154,0.0039731775797582705,0.005846836532838844,0.003471899263658622,0.020887147838259745,0.0042492357941442405,-0.007544579661597922,0.0017358487335032966,-0.003502858386897215,0.0031034052559283177,0.007201708682904445,0.0048094731836090775,0.008526914681933496,0.0029203368770930114,0.007624100572393067,0.0029372618207521776,0.0015799223189051264,0.002958539395482097,-0.004030481322587318,0.0038634477613110926,0.0023233256638647663,-0.0005858504728994934,0.0001255849810664764,0.0009450583463993285,0.0042492357941442405,0.011590207166573205,-0.004637614709178886,-0.0023137037608291673,-0.0016827692773856288,-0.00021005976223232946,0.002868644603782485,0.000855447005116679,0.001772070694910938,0.0007389112600516177,0.0024046179794008507,-4.0203159220879206e-5,0.0013184736580357237,-0.0006323138174610917,-0.003695678575409527,9.526595701050061e-5,0.0012909198466091966,0.0011362684296569447,-0.0003892991799841687,0.000320983886119743,-0.007544579661597922,-0.004637614709178886,0.015760778478194983,-0.004919617793900824,0.0030087465956931177,-0.0013300544902328474,-4.379355755164507e-5,0.0007460374836913106,0.001617905393070611,-2.8832452983835213e-5,0.001025751357024251,-0.0018642969594757502,-0.002724864343988498,-0.005414021922105579,-0.0025543167593198067,-0.0021516240270649596,0.002472867894731886,-0.0015013966646378685,0.0035882620182951575,0.0013233860807581011,0.0017358487335032966,-0.0023137037608291673,-0.004919617793900824,0.028369142970842653,0.004301474707433093,0.006823260760040352,0.0006842299781267778,0.007322911729955505,-0.0005886061126552076,0.011135286151192058,0.0008374512862592029,-0.0016802128516380838,0.0005779372555076235,0.009285178140779818,0.006575970110960796,0.004925532143139514,0.005344605298155886,0.0037460330161784346,0.003665175648442241,-0.0029879754559125884,-0.003502858386897215,-0.0016827692773856288,0.0030087465956931177,0.004301474707433093,0.016972084788970217,0.0021007437314231386,0.0005502115150162986,0.0036856509259548895,0.0021923938372290933,0.00270125658426215,0.004031330234230976,0.0035552667854012983,0.0009864252822604641,0.002306724797703821,0.004092963610190792,-0.003431463965891835,0.005963625307670516,0.005572081165785891,0.003189764711536572,-0.0010287814054599483,0.0031034052559283177,-0.00021005976223232946,-0.0013300544902328474,0.006823260760040352,0.0021007437314231386,0.020936713971549527,0.0019378605167615056,0.008926593531305453,0.006757413600771451,0.006854504465746029,0.007269157153119524,0.00463382549271737,0.004345144428816913,0.00792442252188937,0.003450871403395177,0.003313954826914302,0.010105848396051118,0.0046997623113596634,0.0031159770800498043,0.0006295194934412462,0.007201708682904445,0.002868644603782485,-4.379355755164507e-5,0.0006842299781267778,0.0005502115150162986,0.0019378605167615056,0.013174393274744046,0.005720084753073123,0.0033657245713386765,0.006455241462518101,0.007154053107913966,0.002926447225873055,0.0034103910321785316,-0.00035892429134987494,0.0017792570937096579,0.00151764340576985,0.005151170866917593,0.007026041536706736,0.004887290033586672,0.004651875890920557,0.0048094731836090775,0.000855447005116679,0.0007460374836913106,0.007322911729955505,0.0036856509259548895,0.008926593531305453,0.005720084753073123,0.02286439689137967,0.005541599496751212,0.010096167508594146,0.0064225321608852495,0.0046330916643043014,0.0039364853628873625,0.005733900868132139,0.008049733062206372,0.002477439584228758,0.00533272715899936,0.0029707814132678024,0.0031471329628977363,0.001414452120011925,0.008526914681933496,0.001772070694910938,0.001617905393070611,-0.0005886061126552076,0.0021923938372290933,0.006757413600771451,0.0033657245713386765,0.005541599496751212,0.01779170339050879,0.0028879428913309905,0.00786829520872862,0.0024948249658721263,0.002397706238201176,-0.0018426440589887623,0.0005885390795148349,0.0017235061167221162,0.006002912688440817,0.003344437183657026,0.005457595444033418,0.003384497704166246,0.0029203368770930114,0.0007389112600516177,-2.8832452983835213e-5,0.011135286151192058,0.00270125658426215,0.006854504465746029,0.006455241462518101,0.010096167508594146,0.0028879428913309905,0.02104985382863776,0.005342416596947685,0.0015561246770150346,0.003152165828419339,0.007651595862220705,0.005176896508193994,0.002076956508612623,0.00900942655401088,0.005562992896596145,0.008505006202050844,0.006245323177755557,0.007624100572393067,0.0024046179794008507,0.001025751357024251,0.0008374512862592029,0.004031330234230976,0.007269157153119524,0.007154053107913966,0.0064225321608852495,0.00786829520872862,0.005342416596947685,0.021079390892639993,0.003525623665417357,0.003614405497966467,0.0023289968529933655,-0.0005545341967677087,0.004646476038880453,0.006556644140128087,0.0050629369444950625,0.003151508772020775,0.0027782662573250273,0.0029372618207521776,-4.0203159220879206e-5,-0.0018642969594757502,-0.0016802128516380838,0.0035552667854012983,0.00463382549271737,0.002926447225873055,0.0046330916643043014,0.0024948249658721263,0.0015561246770150346,0.003525623665417357,0.014244622501949205,0.0006942673210814344,-0.0008047570102504703,-9.316730790688923e-5,-0.0015902563930091525,0.002213494302166571,0.0012208924378579382,0.0017802710902978143,0.0006050138122455082,0.0015799223189051264,0.0013184736580357237,-0.002724864343988498,0.0005779372555076235,0.0009864252822604641,0.004345144428816913,0.0034103910321785316,0.0039364853628873625,0.002397706238201176,0.003152165828419339,0.003614405497966467,0.0006942673210814344,0.013415124770682282,0.0016546728166310807,0.00015050710179379277,0.002525036409530646,0.002974374420028017,-0.0013493551308720313,0.002200545817277115,0.00016638320012051248,0.002958539395482097,-0.0006323138174610917,-0.005414021922105579,0.009285178140779818,0.002306724797703821,0.00792442252188937,-0.00035892429134987494,0.005733900868132139,-0.0018426440589887623,0.007651595862220705,0.0023289968529933655,-0.0008047570102504703,0.0016546728166310807,0.013789712619227842,0.004818593924362003,0.0007723606214431978,0.0034413867965156554,0.0020340865560828135,0.003727444413957123,-0.0020389789564671714,-0.004030481322587318,-0.003695678575409527,-0.0025543167593198067,0.006575970110960796,0.004092963610190792,0.003450871403395177,0.0017792570937096579,0.008049733062206372,0.0005885390795148349,0.005176896508193994,-0.0005545341967677087,-9.316730790688923e-5,0.00015050710179379277,0.004818593924362003,0.017378641277837125,-0.0014747918523949977,0.006205118582115169,-0.0008705973153274999,-9.361586279418578e-5,-0.0011796345041388968,0.0038634477613110926,9.526595701050061e-5,-0.0021516240270649596,0.004925532143139514,-0.003431463965891835,0.003313954826914302,0.00151764340576985,0.002477439584228758,0.0017235061167221162,0.002076956508612623,0.004646476038880453,-0.0015902563930091525,0.002525036409530646,0.0007723606214431978,-0.0014747918523949977,0.012897304254826363,0.0038130922076600694,0.004294823516830797,0.004764475134183382,0.00010973499942037154,0.0023233256638647663,0.0012909198466091966,0.002472867894731886,0.005344605298155886,0.005963625307670516,0.010105848396051118,0.005151170866917593,0.00533272715899936,0.006002912688440817,0.00900942655401088,0.006556644140128087,0.002213494302166571,0.002974374420028017,0.0034413867965156554,0.006205118582115169,0.0038130922076600694,0.02172296690166758
