0.018922468017485265,0.003393203448733958,0.0056176213531943285,0.002706833902302771,0.00844930782828165,0.005924790445434758,-0.00015828841987275963,0.001757676541817656,-8.950263886424529e-5,-0.006071360385489251,-0.0021226903401318237,0.0056392384963671206,0.0004399550108557313,-0.002756286367223414,0.003891588175264986,-0.005034707757163807,-0.0043097952422752805,-0.00726220941658518,-0.009757640293839354,-0.0039021056377333283,0.003393203448733958,0.01571379122327497,0.003970319427262595,-0.004155004326512957,7.335040985237884e-5,0.0007355081366061745,0.0006832351541228242,0.003965957404028789,-0.0010798804120823364,0.0019111137826106296,8.576451577577829e-5,-0.003142322970599809,-0.007533392369718062,-0.004725719095630727,-0.007827727512778063,-0.0053638343809530534,-0.0020247493004020988,-0.005077076794515361,0.0031508393778735934,0.0027192417133126015,0.0056176213531943285,0.003970319427262595,0.02655876045054509,0.0035248958294175035,0.0017730018645998806,-0.0002658477388321226,0.0018452398901621678,-0.00226640715477073,-0.0003782914569095516,0.0008359534225836489,0.0011161660289876931,-0.0039893629358006815,0.004034278269258145,-0.005539989639852,-0.009107506368472004,-0.004953725165316662,-0.008080007420605613,-0.006629195027466867,0.006331610997026121,-0.006758353728135968,0.002706833902302771,-0.004155004326512957,0.0035248958294175035,0.02363086524265561,-0.004875580620482822,-0.003995672630241953,-0.0034620966874142067,0.00417269503343858,0.001816487369433397,-0.012691399214991978,-0.005596688817163287,0.0022625134745090187,0.016158618735780356,-0.002147923197717778,-0.007461707851001491,0.010466287400598472,3.07598560840655e-5,0.0017826567766993104,-0.0018082858228487013,-0.01250072188341283,0.00844930782828165,7.335040985237884e-5,0.0017730018645998806,-0.004875580620482822,0.02975327488312892,0.0039140322869556194,0.007787569134366398,-0.003773447903973359,-0.0006250759673625667,0.006785612317760877,0.0018041861863406334,0.0008015172924363079,-0.005509271470917326,-0.00412821825333915,0.0012201157369429662,-0.005145350575143531,-0.0015537926466868074,0.0003294359310241241,-0.0052154879777630775,-0.007316294050847532,0.005924790445434758,0.0007355081366061745,-0.0002658477388321226,-0.003995672630241953,0.0039140322869556194,0.02023522326080174,0.00015378412557970635,-0.003553518623847846,-0.0014118859841689751,0.001835626668610864,0.0036723197270460417,-0.00042599356067886764,-0.0038096468255620687,-0.0012661106011050915,-0.004423485541676424,-0.0052528412551582065,-0.00031949270994742403,0.0006428803911494275,-0.002795774822482308,-0.0014867172482050453,-0.00015828841987275963,0.0006832351541228242,0.0018452398901621678,-0.0034620966874142067,0.007787569134366398,0.00015378412557970635,0.029971353383261463,-0.0048017351348406895,-0.0076076990548089325,0.0053201473685922235,-0.002491678321031048,-0.00013620035354953254,0.002686410980137706,-3.4960946566718674e-5,-0.0016458855384606668,-0.010073015390305352,0.008757867521752193,-0.0021870980290621816,-0.001357773168530552,-0.0028921725420878426,0.001757676541817656,0.003965957404028789,-0.00226640715477073,0.00417269503343858,-0.003773447903973359,-0.003553518623847846,-0.0048017351348406895,0.03806082506980332,0.0021114086727041805,-0.012443405139978152,0.0006318490268990714,0.002044976174587116,-0.0017171120250111093,0.000407215526202286,-0.003596991160909604,0.011709014263670619,0.003403916684860917,-0.008934388369170473,-0.0019530831110967952,0.006453734698052672,-8.950263886424529e-5,-0.0010798804120823364,-0.0003782914569095516,0.001816487369433397,-0.0006250759673625667,-0.0014118859841689751,-0.0076076990548089325,0.0021114086727041805,0.020956905537753312,-0.0020383834476452216,0.0004925994298698925,0.0033967931588271424,-0.002115428010942397,-0.0016275193394881338,-0.00132789226431397,0.01232762472071078,-0.006547388577621994,-0.003540338354944019,-0.005755497991436195,0.004834241252663676,-0.006071360385489251,0.0019111137826106296,0.0008359534225836489,-0.012691399214991978,0.006785612317760877,0.001835626668610864,0.0053201473685922235,-0.012443405139978152,-0.0020383834476452216,0.038098913855866674,0.010999711346903628,-0.012918749508416299,-0.0086306098324593,0.004001491674793198,-0.0010641995266762788,-0.011565529687764975,0.005940687453870608,0.008119462652135149,0.014996440669598054,0.0038871300419872903,-0.0021226903401318237,8.576451577577829e-5,0.0011161660289876931,-0.005596688817163287,0.0018041861863406334,0.0036723197270460417,-0.002491678321031048,0.0006318490268990714,0.0004925994298698925,0.010999711346903628,0.022326156691931113,-0.0005131210343480405,-0.00042708482297876293,0.005928734185621608,-0.0074690214122731975,-0.003576371263665907,-0.003593797243978406,-0.0029223179730260627,0.0007010271786785337,0.006895448865327485,0.0056392384963671206,-0.003142322970599809,-0.0039893629358006815,0.0022625134745090187,0.0008015172924363079,-0.00042599356067886764,-0.00013620035354953254,0.002044976174587116,0.0033967931588271424,-0.012918749508416299,-0.0005131210343480405,0.019464593848959107,0.005660079616145458,-0.0005044887500985478,0.004675042966932854,0.002441238051948795,-0.005518767290364218,-0.003978183049326473,-0.01065951558336465,0.0004858989109377883,0.0004399550108557313,-0.007533392369718062,0.004034278269258145,0.016158618735780356,-0.005509271470917326,-0.0038096468255620687,0.002686410980137706,-0.0017171120250111093,-0.002115428010942397,-0.0086306098324593,-0.00042708482297876293,0.005660079616145458,0.0451985503156478,0.004968833610969995,-0.0011515863479500729,0.005867015268103229,0.005352396525877022,0.0006115726135577268,-0.002393957015214129,-0.0030947945001108777,-0.002756286367223414,-0.004725719095630727,-0.005539989639852,-0.002147923197717778,-0.00412821825333915,-0.0012661106011050915,-3.4960946566718674e-5,0.000407215526202286,-0.0016275193394881338,0.004001491674793198,0.005928734185621608,-0.0005044887500985478,0.004968833610969995,0.02121145664156748,0.0038986535860801586,0.002181923351078967,0.0010156719029288776,0.0061976060879636394,-0.0006197111916428733,0.004802760937694143,0.003891588175264986,-0.007827727512778063,-0.009107506368472004,-0.007461707851001491,0.0012201157369429662,-0.004423485541676424,-0.0016458855384606668,-0.003596991160909604,-0.00132789226431397,-0.0010641995266762788,-0.0074690214122731975,0.004675042966932854,-0.0011515863479500729,0.0038986535860801586,0.0354074754378621,-0.0011348690236087546,0.00483953185104835,0.0077483747715882175,0.0009867525154292664,-0.0024955838824095053,-0.005034707757163807,-0.0053638343809530534,-0.004953725165316662,0.010466287400598472,-0.005145350575143531,-0.0052528412551582065,-0.010073015390305352,0.011709014263670619,0.01232762472071078,-0.011565529687764975,-0.003576371263665907,0.002441238051948795,0.005867015268103229,0.002181923351078967,-0.0011348690236087546,0.03570245091084722,-0.0009449234884638562,0.0018011400355945817,-0.008927701315360791,0.0029639645028586396,-0.0043097952422752805,-0.0020247493004020988,-0.008080007420605613,3.07598560840655e-5,-0.0015537926466868074,-0.00031949270994742403,0.008757867521752193,0.003403916684860917,-0.006547388577621994,0.005940687453870608,-0.003593797243978406,-0.005518767290364218,0.005352396525877022,0.0010156719029288776,0.00483953185104835,-0.0009449234884638562,0.028123707122427823,0.005672874376947016,0.0033812274387063444,0.0005064546868711415,-0.00726220941658518,-0.005077076794515361,-0.006629195027466867,0.0017826567766993104,0.0003294359310241241,0.0006428803911494275,-0.0021870980290621816,-0.008934388369170473,-0.003540338354944019,0.008119462652135149,-0.0029223179730260627,-0.003978183049326473,0.0006115726135577268,0.0061976060879636394,0.0077483747715882175,0.0018011400355945817,0.005672874376947016,0.029442234355120656,0.005350785222514719,-0.005753767889789825,-0.009757640293839354,0.0031508393778735934,0.006331610997026121,-0.0018082858228487013,-0.0052154879777630775,-0.002795774822482308,-0.001357773168530552,-0.0019530831110967952,-0.005755497991436195,0.014996440669598054,0.0007010271786785337,-0.01065951558336465,-0.002393957015214129,-0.0006197111916428733,0.0009867525154292664,-0.008927701315360791,0.0033812274387063444,0.005350785222514719,0.03282717908803025,-0.0017763086515735133,-0.0039021056377333283,0.0027192417133126015,-0.006758353728135968,-0.01250072188341283,-0.007316294050847532,-0.0014867172482050453,-0.0028921725420878426,0.006453734698052672,0.004834241252663676,0.0038871300419872903,0.006895448865327485,0.0004858989109377883,-0.0030947945001108777,0.004802760937694143,-0.0024955838824095053,0.0029639645028586396,0.0005064546868711415,-0.005753767889789825,-0.0017763086515735133,0.02966021419618084
0.04531546902277109,0.012284985374386655,-0.0009052913560760832,-0.005133254273343968,0.021490174425164908,-0.007465266573833668,0.009102237884017182,-0.007958116707266668,-0.004239781248715662,0.018903923195190096,0.003851110544596551,-0.014538987672054552,0.018125621521344837,-0.006192944055186936,0.011958864721435866,-0.024922597342351405,0.002872256981911579,-0.010192708972979532,0.014165567570178846,0.011496186329398157,0.012284985374386655,0.015590139571166681,0.003598364633678211,0.0029170688660993573,0.012271214252956162,-0.004894238524227195,0.00421475692123415,-0.003026737928950127,0.004684170895552415,0.00697784233521786,0.0032552089697863687,-0.008058775486678884,0.007571200848185598,-0.0033420456058612883,0.005146231751431312,-0.005276113926372861,-0.0003276587785716086,0.0004962730354047332,0.0035310344325436495,0.007857082274743757,-0.0009052913560760832,0.003598364633678211,0.02565908297829138,0.0010067269717848782,0.0013886464968058294,-0.004660682075174992,0.003934970141223763,0.003539251749588382,0.0001853807076701108,0.0005662198510385135,0.0021210477391672613,-0.0015902974819790357,-0.0040715699058435015,-0.0022794468281661607,0.0037674262851370745,-0.0040539932977272045,-0.005318599869478852,-0.00041970624494523114,0.007194636949178258,8.033647969480213e-5,-0.005133254273343968,0.0029170688660993573,0.0010067269717848782,0.018310038742623817,0.004206456682804874,0.00378426996329057,0.003292097145351146,0.0011271674442081992,0.006298271829892494,0.000508988314421201,0.003326606919699518,-0.003081714763306544,-0.00524986226619095,-0.0026651646463881264,-0.001106798857015406,0.004726136519300461,-0.0020929036721059223,0.001849566077710328,-0.0070389580074843375,-0.00314992768795905,0.021490174425164908,0.012271214252956162,0.0013886464968058294,0.004206456682804874,0.03773703569366129,-0.005000978917340257,0.005471101133708094,0.00175019242948443,0.0026726834704189446,0.014076429269623016,0.0011752681933481749,-0.019440017735918105,0.011727641078645067,-0.008330445994618418,0.005754017472154448,-0.016360711629049708,0.0009265993166285079,-0.004971663257318126,0.009821437620168327,0.008982267192713854,-0.007465266573833668,-0.004894238524227195,-0.004660682075174992,0.00378426996329057,-0.005000978917340257,0.023204363390053006,-0.0006664731798944965,0.0065107942098768055,0.006132883817438869,-0.00736125677645837,0.0021566819027783696,0.010491056080869962,-0.005760417133934844,0.01046890983188815,-0.0053931310017338255,0.011988299130451938,0.001221516706147904,0.00912062728967514,-0.006780117843842984,-0.002154632393617702,0.009102237884017182,0.00421475692123415,0.003934970141223763,0.003292097145351146,0.005471101133708094,-0.0006664731798944965,0.02204139022900994,0.004444353512421643,0.003270020782621699,0.005411502150824863,0.0016848473548937207,-0.006803278327726162,0.0035201353452422625,-0.003431983567727836,0.004023050493110988,-0.0035293487233219838,0.0018771841710816784,-0.004098732106868649,0.0033209855646689924,0.00786251399281028,-0.007958116707266668,-0.003026737928950127,0.003539251749588382,0.0011271674442081992,0.00175019242948443,0.0065107942098768055,0.004444353512421643,0.02741321339584362,0.0035380208852849805,-0.0017741887517266773,0.0008936454486049368,0.0026909594067106345,-0.007690811102118871,0.007125520511755371,-0.003596445610158118,0.003754078132810942,-0.0015026942668521126,0.0034877686196675083,0.0050886561933384394,0.0008635639801448072,-0.004239781248715662,0.004684170895552415,0.0001853807076701108,0.006298271829892494,0.0026726834704189446,0.006132883817438869,0.003270020782621699,0.0035380208852849805,0.022766455361232417,-0.0020895080508663193,0.001699018379285175,-0.006054822535421106,-0.010210747065070407,0.004756209174637711,-0.002918178256782662,0.004504640145954949,-0.004273173144198497,0.006733492315611085,-0.007504669488752117,-0.0011379893723671179,0.018903923195190096,0.00697784233521786,0.0005662198510385135,0.000508988314421201,0.014076429269623016,-0.00736125677645837,0.005411502150824863,-0.0017741887517266773,-0.0020895080508663193,0.02234921516334615,0.0037062718662632214,-0.007891045694900796,0.011984006874544092,-0.007228435888768117,0.008018180362661992,-0.016141790986110655,0.0020092749768163753,-0.0030617099412441956,0.007517680082421357,0.007495232445356043,0.003851110544596551,0.0032552089697863687,0.0021210477391672613,0.003326606919699518,0.0011752681933481749,0.0021566819027783696,0.0016848473548937207,0.0008936454486049368,0.001699018379285175,0.0037062718662632214,0.024226607560159593,0.00373183258782754,-0.0014259822132761486,0.0003610198153497846,-0.0027313265409911213,0.005100791243434854,-0.001973892383325228,-0.0021441452636900074,-3.175871584901436e-5,0.0013374419356259539,-0.014538987672054552,-0.008058775486678884,-0.0015902974819790357,-0.003081714763306544,-0.019440017735918105,0.010491056080869962,-0.006803278327726162,0.0026909594067106345,-0.006054822535421106,-0.007891045694900796,0.00373183258782754,0.02885031188316789,-0.006759384906591229,0.010602487047615652,-0.0031283010248278507,0.015202053556152676,0.0019595728341322096,0.0067098851783934646,-0.007462645600484754,-0.01192807849770115,0.018125621521344837,0.007571200848185598,-0.0040715699058435015,-0.00524986226619095,0.011727641078645067,-0.005760417133934844,0.0035201353452422625,-0.007690811102118871,-0.010210747065070407,0.011984006874544092,-0.0014259822132761486,-0.006759384906591229,0.02693972657380769,-0.01023956569012184,0.008105259540727442,-0.010576571767511265,0.006221881315046636,-0.005112923561057646,0.008565426723776335,0.007100364109208075,-0.006192944055186936,-0.0033420456058612883,-0.0022794468281661607,-0.0026651646463881264,-0.008330445994618418,0.01046890983188815,-0.003431983567727836,0.007125520511755371,0.004756209174637711,-0.007228435888768117,0.0003610198153497846,0.010602487047615652,-0.01023956569012184,0.02596013394587231,-0.004965595912463777,0.008132622222002894,0.0007077718268896367,0.0069206687315388465,-0.007171714786503726,-0.007306336709906255,0.011958864721435866,0.005146231751431312,0.0037674262851370745,-0.001106798857015406,0.005754017472154448,-0.0053931310017338255,0.004023050493110988,-0.003596445610158118,-0.002918178256782662,0.008018180362661992,-0.0027313265409911213,-0.0031283010248278507,0.008105259540727442,-0.004965595912463777,0.016707367053832765,-0.009330535000171062,0.00422745225333585,-0.003554061214260779,0.004158787548595665,0.005077185445519368,-0.024922597342351405,-0.005276113926372861,-0.0040539932977272045,0.004726136519300461,-0.016360711629049708,0.011988299130451938,-0.0035293487233219838,0.003754078132810942,0.004504640145954949,-0.016141790986110655,0.005100791243434854,0.015202053556152676,-0.010576571767511265,0.008132622222002894,-0.009330535000171062,0.03901305704887505,-0.0017137614380119163,0.010748554853172502,-0.01299387432724642,-0.011833719274817384,0.002872256981911579,-0.0003276587785716086,-0.005318599869478852,-0.0020929036721059223,0.0009265993166285079,0.001221516706147904,0.0018771841710816784,-0.0015026942668521126,-0.004273173144198497,0.0020092749768163753,-0.001973892383325228,0.0019595728341322096,0.006221881315046636,0.0007077718268896367,0.00422745225333585,-0.0017137614380119163,0.016710596124103954,-0.0011250814196305044,0.000627657970567448,-0.0002635703528630768,-0.010192708972979532,0.0004962730354047332,-0.00041970624494523114,0.001849566077710328,-0.004971663257318126,0.00912062728967514,-0.004098732106868649,0.0034877686196675083,0.006733492315611085,-0.0030617099412441956,-0.0021441452636900074,0.0067098851783934646,-0.005112923561057646,0.0069206687315388465,-0.003554061214260779,0.010748554853172502,-0.0011250814196305044,0.02330055196005099,-0.005429414890303392,-0.0016460605832197598,0.014165567570178846,0.0035310344325436495,0.007194636949178258,-0.0070389580074843375,0.009821437620168327,-0.006780117843842984,0.0033209855646689924,0.0050886561933384394,-0.007504669488752117,0.007517680082421357,-3.175871584901436e-5,-0.007462645600484754,0.008565426723776335,-0.007171714786503726,0.004158787548595665,-0.01299387432724642,0.000627657970567448,-0.005429414890303392,0.031966088197891734,0.008033083203480075,0.011496186329398157,0.007857082274743757,8.033647969480213e-5,-0.00314992768795905,0.008982267192713854,-0.002154632393617702,0.00786251399281028,0.0008635639801448072,-0.0011379893723671179,0.007495232445356043,0.0013374419356259539,-0.01192807849770115,0.007100364109208075,-0.007306336709906255,0.005077185445519368,-0.011833719274817384,-0.0002635703528630768,-0.0016460605832197598,0.008033083203480075,0.019721946036594027
0.03168486244383931,0.006732376140824201,0.013553201879912555,0.008583854404023997,0.0035753995125352503,0.009416648440434525,-0.0007115102425136837,0.02390165614710088,-0.00830377778776894,-0.008795856026927838,0.010860598238897543,0.00985153608365541,-0.02859844022509378,0.0037859040724143537,0.0010870355961131004,-0.013979128813532839,-9.859978922153166e-5,-0.0031092090616732324,0.005451816373009256,-0.0010255969473650798,0.006732376140824201,0.03080909310039045,-0.00693758020326561,-0.007138831033246128,0.006623226400707293,-0.0032402864408562406,0.000772048361934515,0.019359152993077118,0.008251598834749536,0.007843053675976317,-2.9262844366278887e-5,-0.013288326797130405,-0.017457921305983122,0.004898200398561664,-0.010368893440379431,-0.008438703220836221,-0.0036925403228070947,-0.0009370268793180672,0.014284767867535743,0.0054963534432951894,0.013553201879912555,-0.00693758020326561,0.04259068562482483,0.00873897460404725,-0.00020521833117387843,0.004720249220564246,0.0024803162817636196,0.0007825925972106277,-0.007589803828850224,0.0016339792748709331,0.0029005103392091454,0.0003011060656573818,-0.008811061924778426,-0.013024487173613583,-0.011691808588207115,-0.019575337697937956,0.0023128224259491015,-0.027089025354622577,0.002827487545550644,-0.020110941309209526,0.008583854404023997,-0.007138831033246128,0.00873897460404725,0.016211006414005573,-0.0013208710016677293,0.002746874961445981,0.0010688602276532101,0.007452184851396981,-0.007859020666743075,-0.0074511359490574865,0.0002609438602577737,0.0025642318658802223,-0.0018926786576744718,-0.00320396356585116,-0.006051569181722741,-0.0004988186742758342,-0.0012670665403314578,-0.0027128825621065946,0.00029969883942745755,-0.006963537420312787,0.0035753995125352503,0.006623226400707293,-0.00020521833117387843,-0.0013208710016677293,0.01960512692652296,0.0026170191999592717,0.004036968901664682,0.003469867194134173,-6.653834283970784e-5,0.0015120694837509247,-0.003761074602483764,-0.003969565849343598,-0.006336272951434428,-0.007983693723475077,-0.007248369509531071,-0.005711610311224228,0.006230088365056255,0.0072142729730188095,-0.0004706302213207809,-0.0014117673724968727,0.009416648440434525,-0.0032402864408562406,0.004720249220564246,0.002746874961445981,0.0026170191999592717,0.019368611339656002,0.003506546946876705,-0.007866379214144056,-0.00010525507330145492,-0.0018214037740888456,-0.0046972287425506975,-0.0007180027689314657,-0.0006800171704806864,-0.003948081305473585,0.0015056672687246816,-0.0044242649091026705,0.0004841253098613462,0.011254837071774076,0.0006700167243410121,-0.003843338241480378,-0.0007115102425136837,0.000772048361934515,0.0024803162817636196,0.0010688602276532101,0.004036968901664682,0.003506546946876705,0.017721822221719252,-0.0012099155533625808,0.0019652988617070944,0.0027407761574823534,-0.0007166671835436009,0.0018884451121377655,-0.0008511026649342043,-0.003783753379335594,-0.006078345671006579,-0.007776641865492324,-0.0033155178536990347,-0.0033682455932062937,0.000883432831706695,-0.008087749573903898,0.02390165614710088,0.019359152993077118,0.0007825925972106277,0.007452184851396981,0.003469867194134173,-0.007866379214144056,-0.0012099155533625808,0.07659730958747672,-0.0016208777802319968,-0.015148674626310215,0.02098555973955553,0.011282185398597388,-0.041285646497982206,0.00250476370680704,-0.01893183264922932,-0.012140298472773352,-0.0028741932462246268,-0.030207970601519113,0.0115397730020954,0.0037824241902178167,-0.00830377778776894,0.008251598834749536,-0.007589803828850224,-0.007859020666743075,-6.653834283970784e-5,-0.00010525507330145492,0.0019652988617070944,-0.0016208777802319968,0.03439579123417201,0.012972056640530395,-0.0059755627517538165,-0.00468645542879767,0.010199307687279216,-0.00086489809074433,-0.006867350531875654,0.0015955105923003705,-0.009709298402582103,-0.008853343545597085,-0.00640676385322121,-0.0011222717129421452,-0.008795856026927838,0.007843053675976317,0.0016339792748709331,-0.0074511359490574865,0.0015120694837509247,-0.0018214037740888456,0.0027407761574823534,-0.015148674626310215,0.012972056640530395,0.03009211190398566,-0.009007264659475078,-0.011850657126208551,0.009935993037518544,-0.004916552730952408,-0.009402068284663254,-0.007570753805289692,0.0016720874963652163,-0.005180768494591745,0.0023450140708048918,-0.006626527790430698,0.010860598238897543,-2.9262844366278887e-5,0.0029005103392091454,0.0002609438602577737,-0.003761074602483764,-0.0046972287425506975,-0.0007166671835436009,0.02098555973955553,-0.0059755627517538165,-0.009007264659475078,0.03017711802281874,0.019598888318696536,-0.01800619494147688,0.00939456973617529,0.0014528269344428624,-0.007311435122352283,-0.0035252447814186905,-0.012159627714581121,0.001848490643035854,0.004579439128734931,0.00985153608365541,-0.013288326797130405,0.0003011060656573818,0.0025642318658802223,-0.003969565849343598,-0.0007180027689314657,0.0018884451121377655,0.011282185398597388,-0.00468645542879767,-0.011850657126208551,0.019598888318696536,0.04608935760977967,-0.004602095078281593,0.00015564107314098088,0.004295269050988749,-0.004392437999327164,0.0020852252683857863,-0.011571060995273141,-0.007243293636596385,-0.002592161603601628,-0.02859844022509378,-0.017457921305983122,-0.008811061924778426,-0.0018926786576744718,-0.006336272951434428,-0.0006800171704806864,-0.0008511026649342043,-0.041285646497982206,0.010199307687279216,0.009935993037518544,-0.01800619494147688,-0.004602095078281593,0.05985097471686987,-0.004852707558329837,0.0005174206489332218,0.016688092101805684,-0.00035638295457793723,0.004367765328465961,-0.021687950591993695,-0.004970419587300944,0.0037859040724143537,0.004898200398561664,-0.013024487173613583,-0.00320396356585116,-0.007983693723475077,-0.003948081305473585,-0.003783753379335594,0.00250476370680704,-0.00086489809074433,-0.004916552730952408,0.00939456973617529,0.00015564107314098088,-0.004852707558329837,0.039370941799592316,0.013403659087909029,0.00998566258089547,-0.006864329116244787,0.01667478591211778,0.00145354900084617,0.012972610122591419,0.0010870355961131004,-0.010368893440379431,-0.011691808588207115,-0.006051569181722741,-0.007248369509531071,0.0015056672687246816,-0.006078345671006579,-0.01893183264922932,-0.006867350531875654,-0.009402068284663254,0.0014528269344428624,0.004295269050988749,0.0005174206489332218,0.013403659087909029,0.04326756947319587,0.017643867541349043,0.004733607936629523,0.028221892630957174,-0.0007899194065313663,0.0099720903363443,-0.013979128813532839,-0.008438703220836221,-0.019575337697937956,-0.0004988186742758342,-0.005711610311224228,-0.0044242649091026705,-0.007776641865492324,-0.012140298472773352,0.0015955105923003705,-0.007570753805289692,-0.007311435122352283,-0.004392437999327164,0.016688092101805684,0.00998566258089547,0.017643867541349043,0.039180984132552804,-0.00228077319008705,0.022816745058822314,-0.009464115429246056,0.012145592712850466,-9.859978922153166e-5,-0.0036925403228070947,0.0023128224259491015,-0.0012670665403314578,0.006230088365056255,0.0004841253098613462,-0.0033155178536990347,-0.0028741932462246268,-0.009709298402582103,0.0016720874963652163,-0.0035252447814186905,0.0020852252683857863,-0.00035638295457793723,-0.006864329116244787,0.004733607936629523,-0.00228077319008705,0.035501313582483235,0.0033627817802801144,0.0022525970970003763,-0.004210670004343931,-0.0031092090616732324,-0.0009370268793180672,-0.027089025354622577,-0.0027128825621065946,0.0072142729730188095,0.011254837071774076,-0.0033682455932062937,-0.030207970601519113,-0.008853343545597085,-0.005180768494591745,-0.012159627714581121,-0.011571060995273141,0.004367765328465961,0.01667478591211778,0.028221892630957174,0.022816745058822314,0.0033627817802801144,0.07438193463423577,0.0015073530876858331,0.023101463606080418,0.005451816373009256,0.014284767867535743,0.002827487545550644,0.00029969883942745755,-0.0004706302213207809,0.0006700167243410121,0.000883432831706695,0.0115397730020954,-0.00640676385322121,0.0023450140708048918,0.001848490643035854,-0.007243293636596385,-0.021687950591993695,0.00145354900084617,-0.0007899194065313663,-0.009464115429246056,0.0022525970970003763,0.0015073530876858331,0.03513604620522961,-0.00115043568802388,-0.0010255969473650798,0.0054963534432951894,-0.020110941309209526,-0.006963537420312787,-0.0014117673724968727,-0.003843338241480378,-0.008087749573903898,0.0037824241902178167,-0.0011222717129421452,-0.006626527790430698,0.004579439128734931,-0.002592161603601628,-0.004970419587300944,0.012972610122591419,0.0099720903363443,0.012145592712850466,-0.004210670004343931,0.023101463606080418,-0.00115043568802388,0.032878736070610266
