0.052609382213969096,-0.005110178057847348,-0.0063231582368476116,-0.017063283879282867,0.0036579967352961856,-0.00822095293773788,-0.008791960732713815,0.004392391383580956,-0.01737544751919147,-0.006470214274191835,0.008250561288906505,-0.0071643284783723185,0.007444618543310578,0.03313250947906292,0.02114229294469179,0.0022053373267926146,0.0036434730110754187,-0.010391188036583048,-0.01260431380415018,-0.011287949170290098,-0.005110178057847348,0.03343717689103407,-0.004252316395278629,-0.0005387690088066924,-0.0049453244211932704,-0.007652976292763717,-0.002906141343939831,0.008388633669113653,-0.001968335368879082,-0.004464697965979265,0.004856332690458686,-0.006776459002723305,-0.0011555855178231112,-0.001105978064684361,-0.01843062172200958,-0.002057807659924,0.004967157565618235,0.002592226251054594,0.005585677210939555,0.003603927666120811,-0.0063231582368476116,-0.004252316395278629,0.025418142862452427,0.010189339085664578,-0.0009963092621271847,0.01205048063625467,-0.005681295146481746,0.0011000690755032766,0.002571351433246871,0.007177692734462673,0.0006212222894414134,0.007426385948432119,-0.008094981842587064,-0.008501568759405803,-0.0029804478710931557,-0.0028828821515562747,0.004891127122310926,-0.0023667906428049374,-0.0025275594648521845,0.0008029575820433765,-0.017063283879282867,-0.0005387690088066924,0.010189339085664578,0.054485088858925064,-0.00823632301878831,0.0064984281384504825,0.0022610819851220307,0.008770577392621864,0.010383472406514438,0.021252543740429158,-0.0073582100437200905,0.015578693419875073,-0.01234306284557989,-0.020534176655755326,-0.01567567823363645,-0.012462354750982564,0.000492661208887434,0.0003351778891239255,0.005377981220279506,0.006710183101207436,0.0036579967352961856,-0.0049453244211932704,-0.0009963092621271847,-0.00823632301878831,0.024580593034423226,0.0006964793891140173,0.002562500764442017,-0.005737549633343317,-0.0009686901537489386,-0.006343631986144731,-0.0011394191957928455,-6.458859881027857e-5,0.0011953409720409083,0.009476901061222651,0.008563110122866528,0.0043356869914008885,-0.00530057972781282,0.007958679576705641,-0.004109879499167268,-0.0005627920096813566,-0.00822095293773788,-0.007652976292763717,0.01205048063625467,0.0064984281384504825,0.0006964793891140173,0.05080103978841588,0.015049011474505214,-0.005815622615243916,0.006757273813359608,0.0029628466165258394,-0.01598032760113289,0.0007422834684963023,-0.0021111494401013457,-0.013051039164290214,0.010657428826852836,-0.0038383718796058375,0.0016586114065194075,-0.003709800824706346,-0.0077031907222658205,0.003095221829743956,-0.008791960732713815,-0.002906141343939831,-0.005681295146481746,0.0022610819851220307,0.002562500764442017,0.015049011474505214,0.03940233710543645,-0.014319430957459833,0.01649705517268544,0.008003295663364473,-0.010809391460149823,-0.004861103156206978,0.0197585033884633,-0.017547053430630295,-0.0002673449396225027,0.0073192179031918055,-0.010507987923699058,-0.011161753584502332,0.0035837457677453826,-0.008445697202754402,0.004392391383580956,0.008388633669113653,0.0011000690755032766,0.008770577392621864,-0.005737549633343317,-0.005815622615243916,-0.014319430957459833,0.03712940789951419,-0.006082108317889334,0.002277808571160422,0.009626263644547465,-0.0007608725649494072,-0.002727564953147782,0.009577706017699385,-0.0010358982867094248,-0.005761250124015386,0.0003384898228865399,-0.0014796108749754078,-0.005528672820311857,0.008635745022386837,-0.01737544751919147,-0.001968335368879082,0.002571351433246871,0.010383472406514438,-0.0009686901537489386,0.006757273813359608,0.01649705517268544,-0.006082108317889334,0.031005456612336856,0.008574037586767592,-0.007741972797181726,-0.001979478485213209,0.009958325343939775,-0.021792190574544137,-0.006335337626438748,-8.710945228712738e-5,-0.0027289334823509624,-0.011457387466465154,0.010472546263808065,0.00020920293900712295,-0.006470214274191835,-0.004464697965979265,0.007177692734462673,0.021252543740429158,-0.006343631986144731,0.0029628466165258394,0.008003295663364473,0.002277808571160422,0.008574037586767592,0.050290837616320846,-0.0009959069809514953,0.004562162270214907,-0.014438237449046074,-0.01784443181437443,-0.004035991623606766,0.0028155370777716987,-0.006805322417176445,-0.013710498935166668,0.000494937991431395,0.004919089427929081,0.008250561288906505,0.004856332690458686,0.0006212222894414134,-0.0073582100437200905,-0.0011394191957928455,-0.01598032760113289,-0.010809391460149823,0.009626263644547465,-0.007741972797181726,-0.0009959069809514953,0.03366746465699852,-0.001547964430452574,0.002124545222267783,0.005809792913980039,-0.009998747455886008,0.008325490575018269,-0.0029707095821413475,-0.0011640862208803422,-0.0061142716495668084,0.005579063902384348,-0.0071643284783723185,-0.006776459002723305,0.007426385948432119,0.015578693419875073,-6.458859881027857e-5,0.0007422834684963023,-0.004861103156206978,-0.0007608725649494072,-0.001979478485213209,0.004562162270214907,-0.001547964430452574,0.031291550555639924,-0.01472671220874816,0.0031629385539657714,-0.0024556009414524634,-0.0019068603830751927,0.0017287844826063689,0.013440114027793494,0.0022886448609470084,0.0015642606824236886,0.007444618543310578,-0.0011555855178231112,-0.008094981842587064,-0.01234306284557989,0.0011953409720409083,-0.0021111494401013457,0.0197585033884633,-0.002727564953147782,0.009958325343939775,-0.014438237449046074,0.002124545222267783,-0.01472671220874816,0.05028607300812404,0.001314306171016147,-0.005846208390391626,0.004191981992124961,-0.009461251003063727,-0.01590729142700834,-0.0031415148425011944,-0.007138615262641691,0.03313250947906292,-0.001105978064684361,-0.008501568759405803,-0.020534176655755326,0.009476901061222651,-0.013051039164290214,-0.017547053430630295,0.009577706017699385,-0.021792190574544137,-0.01784443181437443,0.005809792913980039,0.0031629385539657714,0.001314306171016147,0.06064857553279214,0.019530974533871235,0.0025312535063668805,0.010691224738817198,0.016486454606035178,-0.0023420399415452903,-0.0038710917974148678,0.02114229294469179,-0.01843062172200958,-0.0029804478710931557,-0.01567567823363645,0.008563110122866528,0.010657428826852836,-0.0002673449396225027,-0.0010358982867094248,-0.006335337626438748,-0.004035991623606766,-0.009998747455886008,-0.0024556009414524634,-0.005846208390391626,0.019530974533871235,0.05959759655812303,0.0005353305421293371,0.0036235604402249048,-0.0016167675044241505,-0.008643284285701228,-0.005946215557105648,0.0022053373267926146,-0.002057807659924,-0.0028828821515562747,-0.012462354750982564,0.0043356869914008885,-0.0038383718796058375,0.0073192179031918055,-0.005761250124015386,-8.710945228712738e-5,0.0028155370777716987,0.008325490575018269,-0.0019068603830751927,0.004191981992124961,0.0025312535063668805,0.0005353305421293371,0.02309563257894728,-0.005423746786749055,-0.003689372483547065,-0.004730262108182909,0.00017890707809233616,0.0036434730110754187,0.004967157565618235,0.004891127122310926,0.000492661208887434,-0.00530057972781282,0.0016586114065194075,-0.010507987923699058,0.0003384898228865399,-0.0027289334823509624,-0.006805322417176445,-0.0029707095821413475,0.0017287844826063689,-0.009461251003063727,0.010691224738817198,0.0036235604402249048,-0.005423746786749055,0.02888936558915414,0.0013634015869359777,0.005073673200118157,0.0020953298827766217,-0.010391188036583048,0.002592226251054594,-0.0023667906428049374,0.0003351778891239255,0.007958679576705641,-0.003709800824706346,-0.011161753584502332,-0.0014796108749754078,-0.011457387466465154,-0.013710498935166668,-0.0011640862208803422,0.013440114027793494,-0.01590729142700834,0.016486454606035178,-0.0016167675044241505,-0.003689372483547065,0.0013634015869359777,0.05234631222330181,0.001964197921322602,0.010036904768639415,-0.01260431380415018,0.005585677210939555,-0.0025275594648521845,0.005377981220279506,-0.004109879499167268,-0.0077031907222658205,0.0035837457677453826,-0.005528672820311857,0.010472546263808065,0.000494937991431395,-0.0061142716495668084,0.0022886448609470084,-0.0031415148425011944,-0.0023420399415452903,-0.008643284285701228,-0.004730262108182909,0.005073673200118157,0.001964197921322602,0.022724691020498435,0.006736804337579486,-0.011287949170290098,0.003603927666120811,0.0008029575820433765,0.006710183101207436,-0.0005627920096813566,0.003095221829743956,-0.008445697202754402,0.008635745022386837,0.00020920293900712295,0.004919089427929081,0.005579063902384348,0.0015642606824236886,-0.007138615262641691,-0.0038710917974148678,-0.005946215557105648,0.00017890707809233616,0.0020953298827766217,0.010036904768639415,0.006736804337579486,0.02554221558889216
0.0198742553080219,-0.0021497689205185284,0.013974679189553148,0.004030986918186668,0.004637402853838863,-0.0077676947760506685,0.006390432432309592,-0.01235855394852099,0.0015372727241931574,-0.0069058171650641115,-0.009401176530762737,-0.0012171717869760045,-0.0005360101266267843,0.00040591988930307576,-0.009257481764231442,0.0009457169214681484,-0.006399754335711303,0.002679480167208162,0.00480079008805342,-0.0016412881514484725,-0.0021497689205185284,0.02064152788250081,-0.007868882771017122,-0.0020883633182944223,0.001199960241180036,0.00012768512044818514,-0.0021832501481542877,-0.0019907489330498796,0.0015803737903429833,-0.005914820668273341,0.00034983642091676343,-0.002388183229809978,0.001101340228715328,0.00582251037516336,-0.0005096678139708201,0.0016364769530406794,-0.004267810399770003,0.0053766811147892,0.0029166718609722076,4.932746239496525e-5,0.013974679189553148,-0.007868882771017122,0.03654304915081436,0.005624587022818107,0.003532922911400038,-0.017407258478827868,0.011492791124642507,-0.01511180575770232,0.0029648012213030605,-0.005515350665366386,-0.008024621141289724,0.009457013982073133,-0.004768236674867499,0.006867869372218501,-0.01279114584400844,-0.005684528668596929,-0.00155472986159984,-0.007486583554778119,0.0056535741606127555,-0.011128030356780864,0.004030986918186668,-0.0020883633182944223,0.005624587022818107,0.044009302942045816,0.005766444609084504,-0.0019276015652434527,-0.006259647475692055,-0.005597681647083611,0.00024667476404565173,-0.013463592195886838,0.00758277151640104,-0.004777654748545515,0.0016752272724814274,0.00543644667685163,-0.0029449021040834373,-0.002036756573835617,0.006753234516506449,-0.009670369926702605,0.0010957158474950367,-0.008469368043825925,0.004637402853838863,0.001199960241180036,0.003532922911400038,0.005766444609084504,0.024656558786343218,-0.014764394498418725,-0.00936399575298963,-0.005388657552833345,-0.002480893864408819,-0.002260368994820474,0.0016707990785417084,0.004723345312005364,-0.006173575357953133,0.01562283659116972,-0.0007824851658902013,0.004685522855251416,0.008212179686951865,-0.005152159239641236,-0.0008073668578041446,-0.011258004741643637,-0.0077676947760506685,0.00012768512044818514,-0.017407258478827868,-0.0019276015652434527,-0.014764394498418725,0.052179080486445685,-0.0006612420364554409,0.014912574490860893,-0.003108741461447569,-0.0026562829957187924,0.007517635005358132,-0.013185614659647203,0.00915589204255378,-0.028563378709360224,0.013763683253834457,-0.0004128142322073465,-0.009292692388097006,0.0032750260976999648,-0.01240966695204334,0.01703011942152594,0.006390432432309592,-0.0021832501481542877,0.011492791124642507,-0.006259647475692055,-0.00936399575298963,-0.0006612420364554409,0.04612642631697612,-0.0032495892492274375,0.007624716483210692,0.003851395607563553,-0.0073336718436282766,0.011694537551501115,-0.0025113682328593077,-0.0022415805942750753,-0.0017803753956104045,-0.016181669628363662,-0.020841823041554266,-0.016362696540763336,0.006201684017157409,0.0030962440569548017,-0.01235855394852099,-0.0019907489330498796,-0.01511180575770232,-0.005597681647083611,-0.005388657552833345,0.014912574490860893,-0.0032495892492274375,0.040957621354860876,-0.001630386145110078,-0.009957375920143882,0.015381058945887573,-0.01828089888596615,0.0017764386398697219,-0.00430909243884792,0.010140441308732203,0.0008179847731553151,0.010342906576719832,-0.004054929464574298,-0.008849645521851105,0.010078627495669042,0.0015372727241931574,0.0015803737903429833,0.0029648012213030605,0.00024667476404565173,-0.002480893864408819,-0.003108741461447569,0.007624716483210692,-0.001630386145110078,0.03166489101190495,0.0005569704000705023,-0.0026915897956481484,0.0013156006282153008,0.002876898950792757,-0.002807553352768267,0.005753218700573817,-0.013633542774518202,-0.005190819354774881,0.002310130029947433,-0.0013994324708670068,-0.010104268470262509,-0.0069058171650641115,-0.005914820668273341,-0.005515350665366386,-0.013463592195886838,-0.002260368994820474,-0.0026562829957187924,0.003851395607563553,-0.009957375920143882,0.0005569704000705023,0.06654404221714415,-0.017148193961404674,0.009295057086533512,0.01567194962298666,0.005085991969092873,0.0037787788648116637,2.4770804443780735e-5,-0.019123925463741212,-0.00518157768341643,-0.014115049894391083,0.011422231472669245,-0.009401176530762737,0.00034983642091676343,-0.008024621141289724,0.00758277151640104,0.0016707990785417084,0.007517635005358132,-0.0073336718436282766,0.015381058945887573,-0.0026915897956481484,-0.017148193961404674,0.03664998621192025,-0.009543508312021021,-0.0026675748354394587,-0.0003168822616836614,0.009067555461324837,0.0009487674682796636,0.012571518931714591,-0.014159891290985143,-0.0024369205000983455,-0.012923485159553265,-0.0012171717869760045,-0.002388183229809978,0.009457013982073133,-0.004777654748545515,0.004723345312005364,-0.013185614659647203,0.011694537551501115,-0.01828089888596615,0.0013156006282153008,0.009295057086533512,-0.009543508312021021,0.04019319529243262,-0.011320279703679555,0.007625599162259815,-0.005456363758314169,0.001957221149963892,-0.012733797395082427,-0.008073928207936003,0.013732766160470564,-0.01543262585766485,-0.0005360101266267843,0.001101340228715328,-0.004768236674867499,0.0016752272724814274,-0.006173575357953133,0.00915589204255378,-0.0025113682328593077,0.0017764386398697219,0.002876898950792757,0.01567194962298666,-0.0026675748354394587,-0.011320279703679555,0.03164393014516493,-0.0032146347399585667,-0.0004969394294307402,-0.0006923361581587344,-0.01307574233345304,8.85169245424701e-5,-0.02066901798736359,0.014150406575258139,0.00040591988930307576,0.00582251037516336,0.006867869372218501,0.00543644667685163,0.01562283659116972,-0.028563378709360224,-0.0022415805942750753,-0.00430909243884792,-0.002807553352768267,0.005085991969092873,-0.0003168822616836614,0.007625599162259815,-0.0032146347399585667,0.0378234037505111,-0.004352767130594351,0.0031448867688721,0.005721558283076366,-0.01059294030865509,0.0018560184434250355,-0.007829304925899831,-0.009257481764231442,-0.0005096678139708201,-0.01279114584400844,-0.0029449021040834373,-0.0007824851658902013,0.013763683253834457,-0.0017803753956104045,0.010140441308732203,0.005753218700573817,0.0037787788648116637,0.009067555461324837,-0.005456363758314169,-0.0004969394294307402,-0.004352767130594351,0.03377503689867782,-0.001985088056574945,0.00409755382166045,-0.0044976740824119845,-0.01694928837627445,-0.0031445057576569933,0.0009457169214681484,0.0016364769530406794,-0.005684528668596929,-0.002036756573835617,0.004685522855251416,-0.0004128142322073465,-0.016181669628363662,0.0008179847731553151,-0.013633542774518202,2.4770804443780735e-5,0.0009487674682796636,0.001957221149963892,-0.0006923361581587344,0.0031448867688721,-0.001985088056574945,0.03241123959050222,0.007434017782719271,0.0021025436671279836,-0.005141174213723988,0.00593565442210332,-0.006399754335711303,-0.004267810399770003,-0.00155472986159984,0.006753234516506449,0.008212179686951865,-0.009292692388097006,-0.020841823041554266,0.010342906576719832,-0.005190819354774881,-0.019123925463741212,0.012571518931714591,-0.012733797395082427,-0.01307574233345304,0.005721558283076366,0.00409755382166045,0.007434017782719271,0.056624451306764634,0.009540798079715826,0.011161012462519253,-0.01962956355038418,0.002679480167208162,0.0053766811147892,-0.007486583554778119,-0.009670369926702605,-0.005152159239641236,0.0032750260976999648,-0.016362696540763336,-0.004054929464574298,0.002310130029947433,-0.00518157768341643,-0.014159891290985143,-0.008073928207936003,8.85169245424701e-5,-0.01059294030865509,-0.0044976740824119845,0.0021025436671279836,0.009540798079715826,0.05846022452122719,0.003454574748278134,0.012626165241294401,0.00480079008805342,0.0029166718609722076,0.0056535741606127555,0.0010957158474950367,-0.0008073668578041446,-0.01240966695204334,0.006201684017157409,-0.008849645521851105,-0.0013994324708670068,-0.014115049894391083,-0.0024369205000983455,0.013732766160470564,-0.02066901798736359,0.0018560184434250355,-0.01694928837627445,-0.005141174213723988,0.011161012462519253,0.003454574748278134,0.04843570933285724,-0.010205502306769405,-0.0016412881514484725,4.932746239496525e-5,-0.011128030356780864,-0.008469368043825925,-0.011258004741643637,0.01703011942152594,0.0030962440569548017,0.010078627495669042,-0.010104268470262509,0.011422231472669245,-0.012923485159553265,-0.01543262585766485,0.014150406575258139,-0.007829304925899831,-0.0031445057576569933,0.00593565442210332,-0.01962956355038418,0.012626165241294401,-0.010205502306769405,0.047784929122055855
