0.019606817464574794,0.002338290006091554,0.0013352699141273537,0.0035937876543218287,0.0012097228256763386,0.0003460666210524173,-0.0020081469654976017,0.005699131137810283,0.003924899861569039,0.00517019451594422,0.0038903278458224614,0.00196724906242263,-0.001545318616591529,0.006880905721160173,0.005437329296648898,0.0006179296071982059,-0.0034382548265508724,0.0011707819702833076,-0.001994463222720781,0.003347857120911045,0.002338290006091554,0.029017012484109716,0.004441185414669194,0.004128771272535933,0.0005224288502478588,0.0006950904805895228,0.003602302099172963,0.00429217953745592,0.0028432561234324008,0.003972188943572582,0.004061118673440679,0.005769771523660462,0.006861420157759741,0.011298905772924894,0.006693987601250638,0.004411454725401686,0.0011474867803244872,0.007819942820069868,-0.0009515254586692171,0.010364516891095469,0.0013352699141273537,0.004441185414669194,0.014338300767017299,0.0028315222654642334,0.00021902012086440334,0.0006719957639222558,0.004194063317829302,-0.002809532493401865,-0.002982203481607078,0.0013430902350935708,0.004237213761127335,0.0016743460403648455,0.003187375115158224,0.007897049526899578,0.0008450747140638392,0.005185501226218667,0.0002409497202071906,7.593772269704076e-5,-0.00265066987593842,0.003214485126788527,0.0035937876543218287,0.004128771272535933,0.0028315222654642334,0.033100221783976785,0.00678683868982456,-0.015167013383084633,0.0029838240016463458,-0.00034384375155287715,0.006796948086358369,0.007841247671706925,0.0038777693638196347,0.013403946406767456,-0.002129988268217849,0.010489667257398512,-0.001227314210150108,0.004890620884889036,0.012679281988779476,-0.0059335246480960654,0.0001388016052689575,0.0023569648090913725,0.0012097228256763386,0.0005224288502478588,0.00021902012086440334,0.00678683868982456,0.015683241961120357,-0.005357837603500903,-0.000519228808003494,-0.001586402526740594,0.003387914808154234,0.003749147568025963,0.004633462804353073,0.002762727231491593,-0.0007389443922151815,0.005189943579058107,-0.004500379922161343,0.0012941415790579682,0.0011796597186845541,-0.005030314191303409,0.0014526412876063413,9.832538422977584e-5,0.0003460666210524173,0.0006950904805895228,0.0006719957639222558,-0.015167013383084633,-0.005357837603500903,0.023209146204417937,-0.004182447263487375,0.0035572431138447868,-0.0029077425010941805,-0.00011809720962220935,0.0005839025512662122,-0.0008894587120789319,0.004538460149434537,-0.002733208861445601,0.0007667319974899443,-0.004551655902799087,-0.008943432151375594,-0.002203054710584393,-0.003627828860280415,0.006519182481982199,-0.0020081469654976017,0.003602302099172963,0.004194063317829302,0.0029838240016463458,-0.000519228808003494,-0.004182447263487375,0.02483743779607308,0.005571665442809357,0.00440319213704453,0.00168464639055564,0.006691990007565583,-0.0007524878280783212,0.007627839438934265,0.0049827413535308476,-0.0006106996741233471,0.0029498219050980547,0.008612815024606885,0.0034406425815675266,0.0026843926269032098,0.003993145143754437,0.005699131137810283,0.00429217953745592,-0.002809532493401865,-0.00034384375155287715,-0.001586402526740594,0.0035572431138447868,0.005571665442809357,0.026812936533587847,0.002242166840193576,0.0023856383442921215,0.008282641497717215,0.0027915428059794153,0.0023904707708060128,0.009219757637615343,0.00635862555365788,0.004549552432697687,0.0057278251212109135,0.0030650180634506337,-0.0013962425829708606,0.01246711418660648,0.003924899861569039,0.0028432561234324008,-0.002982203481607078,0.006796948086358369,0.003387914808154234,-0.0029077425010941805,0.00440319213704453,0.002242166840193576,0.02881535284009944,0.0018721199808797056,0.00790599021684505,0.008044626612337524,0.004922638693615601,0.011309809142563106,0.004591664124768251,0.0033671126433731597,0.012437844278923364,0.00013823619562226982,0.0015606540594231106,0.00943867037609463,0.00517019451594422,0.003972188943572582,0.0013430902350935708,0.007841247671706925,0.003749147568025963,-0.00011809720962220935,0.00168464639055564,0.0023856383442921215,0.0018721199808797056,0.01445252773324401,0.0053881047206978585,0.003028203530771399,0.0022893540545463075,0.011100779421123756,0.0013828896450706985,0.003866239757053318,0.000692819576126607,0.002268240265395263,-0.00024566587291268577,0.004607515267951097,0.0038903278458224614,0.004061118673440679,0.004237213761127335,0.0038777693638196347,0.004633462804353073,0.0005839025512662122,0.006691990007565583,0.008282641497717215,0.00790599021684505,0.0053881047206978585,0.028738574619584546,0.00020652218620019393,0.008681903570760237,0.010219763577009,0.004346881802837652,0.004687493912176724,0.007389608339671654,0.005555855170811061,0.0058511002550645065,0.004118645251728554,0.00196724906242263,0.005769771523660462,0.0016743460403648455,0.013403946406767456,0.002762727231491593,-0.0008894587120789319,-0.0007524878280783212,0.0027915428059794153,0.008044626612337524,0.003028203530771399,0.00020652218620019393,0.02635799358409707,0.0011587985758668385,0.009905601295027936,7.182418208982527e-5,0.004184650532077135,-0.0005988538097106135,0.001254985944777797,-0.00153524442877629,0.008771713239314399,-0.001545318616591529,0.006861420157759741,0.003187375115158224,-0.002129988268217849,-0.0007389443922151815,0.004538460149434537,0.007627839438934265,0.0023904707708060128,0.004922638693615601,0.0022893540545463075,0.008681903570760237,0.0011587985758668385,0.02487885320641129,0.002725970822820665,0.0033759344827870947,0.001560726880426029,0.007358910578211319,0.0042099260306195235,-0.0005322072527806239,0.0068016090989837805,0.006880905721160173,0.011298905772924894,0.007897049526899578,0.010489667257398512,0.005189943579058107,-0.002733208861445601,0.0049827413535308476,0.009219757637615343,0.011309809142563106,0.011100779421123756,0.010219763577009,0.009905601295027936,0.002725970822820665,0.03180545907162567,0.0022891864844407517,0.009021369501418963,0.006783284923800521,0.0036835370520629522,0.005838831732759724,0.011283905085996956,0.005437329296648898,0.006693987601250638,0.0008450747140638392,-0.001227314210150108,-0.004500379922161343,0.0007667319974899443,-0.0006106996741233471,0.00635862555365788,0.004591664124768251,0.0013828896450706985,0.004346881802837652,7.182418208982527e-5,0.0033759344827870947,0.0022891864844407517,0.01983575169022241,-0.004027430437154877,-0.0011018494776391975,0.004669601078383908,-0.0023692887566148443,0.004489669066466166,0.0006179296071982059,0.004411454725401686,0.005185501226218667,0.004890620884889036,0.0012941415790579682,-0.004551655902799087,0.0029498219050980547,0.004549552432697687,0.0033671126433731597,0.003866239757053318,0.004687493912176724,0.004184650532077135,0.001560726880426029,0.009021369501418963,-0.004027430437154877,0.023673062385312138,0.006229041297464759,0.00020869616441898675,0.0019902716883120567,0.007481005530680238,-0.0034382548265508724,0.0011474867803244872,0.0002409497202071906,0.012679281988779476,0.0011796597186845541,-0.008943432151375594,0.008612815024606885,0.0057278251212109135,0.012437844278923364,0.000692819576126607,0.007389608339671654,-0.0005988538097106135,0.007358910578211319,0.006783284923800521,-0.0011018494776391975,0.006229041297464759,0.022126780775790205,-0.00042052839853836776,0.0006101894435192874,0.0053688345470258095,0.0011707819702833076,0.007819942820069868,7.593772269704076e-5,-0.0059335246480960654,-0.005030314191303409,-0.002203054710584393,0.0034406425815675266,0.0030650180634506337,0.00013823619562226982,0.002268240265395263,0.005555855170811061,0.001254985944777797,0.0042099260306195235,0.0036835370520629522,0.004669601078383908,0.00020869616441898675,-0.00042052839853836776,0.019236316437117665,0.0004943500956800323,0.007670705977475286,-0.001994463222720781,-0.0009515254586692171,-0.00265066987593842,0.0001388016052689575,0.0014526412876063413,-0.003627828860280415,0.0026843926269032098,-0.0013962425829708606,0.0015606540594231106,-0.00024566587291268577,0.0058511002550645065,-0.00153524442877629,-0.0005322072527806239,0.005838831732759724,-0.0023692887566148443,0.0019902716883120567,0.0006101894435192874,0.0004943500956800323,0.01559321596381427,0.0005209189917217224,0.003347857120911045,0.010364516891095469,0.003214485126788527,0.0023569648090913725,9.832538422977584e-5,0.006519182481982199,0.003993145143754437,0.01246711418660648,0.00943867037609463,0.004607515267951097,0.004118645251728554,0.008771713239314399,0.0068016090989837805,0.011283905085996956,0.004489669066466166,0.007481005530680238,0.0053688345470258095,0.007670705977475286,0.0005209189917217224,0.03182098490704591
