0.15181043203531644,0.008926521817059076,0.02490308329168474,-0.06529271715599652,-0.12312556483525514,0.0632719932432749,-0.0828706163088458,-0.02494440244312191,0.007553206534425344,0.06882446270990086,-0.03908727836502205,-0.08908709036467724,-0.06497684128968856,-0.005445865537363798,0.05571993490910812,0.028378403090012033,0.08964473581289875,-0.032724669285067086,-0.0006257304270618062,0.026514313992431145,0.008926521817059076,0.02091896710957503,0.0013366493158107641,-0.006654136425280828,-0.009679713800335006,0.001495692972203871,-0.0069320097990995455,-0.008945045740908843,-0.0009962989929769993,0.009241087790400006,-0.007388322110790758,-0.012054474545861614,-0.0040438467829610955,0.006169862399011342,0.0022625922730410094,0.01020728355042433,0.010564105779923888,-0.005868487398717942,0.00628898330827565,0.0037413771006889135,0.02490308329168474,0.0013366493158107641,0.04582690546612857,0.009656014797934962,-0.021310094980739276,-0.03303883693508569,-0.007218617859072738,0.0037045902122357453,-0.032441360086540375,0.011331402776387278,-0.020920826844847078,-0.02072948101353633,-0.02002625143245853,0.01683322190217587,0.011784846536796182,0.015689968403452634,0.03607381277718495,0.003553337085640721,0.0024231260885118045,-0.01744389672700062,-0.06529271715599652,-0.006654136425280828,0.009656014797934962,0.09696875516901596,0.05421631870264293,-0.09584445862291865,0.051997778882049595,0.03767752685855108,-0.04909166302533889,-0.03285455793155301,-0.00047180076422862654,0.06312650682782853,0.013979640440667074,0.01460024648868116,-0.023594167264234252,-0.005597721757492751,-0.021181730109569512,0.030322143639786393,0.0038173225480009126,-0.06453089671449042,-0.12312556483525514,-0.009679713800335006,-0.021310094980739276,0.05421631870264293,0.13910986619989105,-0.04592717791030115,0.08213871669486052,0.007173139319155593,0.006378154049463655,-0.07314056115452244,0.035265547686991,0.07053930568058464,0.056139002198886734,0.0051490076387943826,-0.053878706152654096,-0.019632217877895482,-0.07954751554221272,0.02962611306160837,0.002932240072401648,-0.025562633440367813,0.0632719932432749,0.001495692972203871,-0.03303883693508569,-0.09584445862291865,-0.04592717791030115,0.1571575661262995,-0.04117358206862509,-0.0459761437838081,0.07333226708434742,0.027549298199495215,0.01013037719897442,-0.048252072249460536,-0.014214081287151958,-0.04277945945407477,0.017023357436567337,-0.008280251982553093,0.000549587750825753,-0.043592678260771414,-0.007047941191172445,0.08618648494133277,-0.0828706163088458,-0.0069320097990995455,-0.007218617859072738,0.051997778882049595,0.08213871669486052,-0.04117358206862509,0.1098823817094312,-0.01857979746378194,-0.00430527324569522,-0.051680295445391475,0.011218473909986983,0.05786650185967479,0.020684190728876,0.000960688241938259,-0.04072232393332692,-0.023612154076161115,-0.02259577929912167,0.021711763874043104,-0.010884353363554327,-0.03824815821058747,-0.02494440244312191,-0.008945045740908843,0.0037045902122357453,0.03767752685855108,0.007173139319155593,-0.0459761437838081,-0.01857979746378194,0.09395238216215654,-0.03332360876245617,-0.015710439936455465,0.010906241215901981,0.04730610060151928,0.02296875639501418,0.015790905635758835,-0.004983301010789738,-0.002321237267505474,-0.04356238204316323,0.014197255632319035,0.012899182139385543,-0.014966320308446298,0.007553206534425344,-0.0009962989929769993,-0.032441360086540375,-0.04909166302533889,0.006378154049463655,0.07333226708434742,-0.00430527324569522,-0.03332360876245617,0.07826188426455055,-0.003738243596903392,0.01374178782700812,-0.014740843328348184,0.01037362890900356,-0.02660165209200829,-0.004276987377319415,-0.006083734640858431,-0.019382235902784296,-0.012725784327287423,-0.0013794552741094243,0.043828484834286356,0.06882446270990086,0.009241087790400006,0.011331402776387278,-0.03285455793155301,-0.07314056115452244,0.027549298199495215,-0.051680295445391475,-0.015710439936455465,-0.003738243596903392,0.08103420890341788,-0.025956840787479032,-0.06951179498573759,-0.033219198485683624,0.003980049191009987,0.03159936618365995,0.02136277047316978,0.053698832402802016,-0.022319772881649685,0.00012866067252116214,0.025405574463261797,-0.03908727836502205,-0.007388322110790758,-0.020920826844847078,-0.00047180076422862654,0.035265547686991,0.01013037719897442,0.011218473909986983,0.010906241215901981,0.01374178782700812,-0.025956840787479032,0.04614679083165773,0.03319425920383699,0.026781985037021346,-0.012358077777780585,-0.015874609301465902,-0.017821280363597466,-0.042325692278713314,0.005254247839517119,-0.002810814309097882,0.00486105389062833,-0.08908709036467724,-0.012054474545861614,-0.02072948101353633,0.06312650682782853,0.07053930568058464,-0.048252072249460536,0.05786650185967479,0.04730610060151928,-0.014740843328348184,-0.06951179498573759,0.03319425920383699,0.1251355857133897,0.04406462707090061,-0.00047174849282697966,-0.04344702820194808,-0.03148666398106554,-0.07143929417884967,0.028260795128455474,0.007448526461170935,-0.04630023049426059,-0.06497684128968856,-0.0040438467829610955,-0.02002625143245853,0.013979640440667074,0.056139002198886734,-0.014214081287151958,0.020684190728876,0.02296875639501418,0.01037362890900356,-0.033219198485683624,0.026781985037021346,0.04406462707090061,0.06703339001441704,-0.0023243986777034212,-0.03169099295656261,-0.007839003657168418,-0.07881160715742859,0.01008254005875327,0.009873597277904874,0.012132362039336752,-0.005445865537363798,0.006169862399011342,0.01683322190217587,0.01460024648868116,0.0051490076387943826,-0.04277945945407477,0.000960688241938259,0.015790905635758835,-0.02660165209200829,0.003980049191009987,-0.012358077777780585,-0.00047174849282697966,-0.0023243986777034212,0.04156112516223243,-0.0002929576670289127,0.0062729031406772336,0.00793875756831695,0.006515055353012908,-0.0063368196084258675,-0.021991046716667403,0.05571993490910812,0.0022625922730410094,0.011784846536796182,-0.023594167264234252,-0.053878706152654096,0.017023357436567337,-0.04072232393332692,-0.004983301010789738,-0.004276987377319415,0.03159936618365995,-0.015874609301465902,-0.04344702820194808,-0.03169099295656261,-0.0002929576670289127,0.05014427174210401,0.015331976341808481,0.03904868387787613,-0.011231671835652348,-0.010752479128788937,0.01090743329249336,0.028378403090012033,0.01020728355042433,0.015689968403452634,-0.005597721757492751,-0.019632217877895482,-0.008280251982553093,-0.023612154076161115,-0.002321237267505474,-0.006083734640858431,0.02136277047316978,-0.017821280363597466,-0.03148666398106554,-0.007839003657168418,0.0062729031406772336,0.015331976341808481,0.03591713171822082,0.006526132071456333,-0.010354416106963847,0.0012246632973509346,0.007211601966502771,0.08964473581289875,0.010564105779923888,0.03607381277718495,-0.021181730109569512,-0.07954751554221272,0.000549587750825753,-0.02259577929912167,-0.04356238204316323,-0.019382235902784296,0.053698832402802016,-0.042325692278713314,-0.07143929417884967,-0.07881160715742859,0.00793875756831695,0.03904868387787613,0.006526132071456333,0.14211335438873338,0.0026135329273898485,-0.013774973072540688,-0.025079297640099793,-0.032724669285067086,-0.005868487398717942,0.003553337085640721,0.030322143639786393,0.02962611306160837,-0.043592678260771414,0.021711763874043104,0.014197255632319035,-0.012725784327287423,-0.022319772881649685,0.005254247839517119,0.028260795128455474,0.01008254005875327,0.006515055353012908,-0.011231671835652348,-0.010354416106963847,0.0026135329273898485,0.0455240031866624,-0.004163631549803634,-0.03219601979788051,-0.0006257304270618062,0.00628898330827565,0.0024231260885118045,0.0038173225480009126,0.002932240072401648,-0.007047941191172445,-0.010884353363554327,0.012899182139385543,-0.0013794552741094243,0.00012866067252116214,-0.002810814309097882,0.007448526461170935,0.009873597277904874,-0.0063368196084258675,-0.010752479128788937,0.0012246632973509346,-0.013774973072540688,-0.004163631549803634,0.030352824852878272,0.00172779526949049,0.026514313992431145,0.0037413771006889135,-0.01744389672700062,-0.06453089671449042,-0.025562633440367813,0.08618648494133277,-0.03824815821058747,-0.014966320308446298,0.043828484834286356,0.025405574463261797,0.00486105389062833,-0.04630023049426059,0.012132362039336752,-0.021991046716667403,0.01090743329249336,0.007211601966502771,-0.025079297640099793,-0.03219601979788051,0.00172779526949049,0.09031831190166043
0.035959517042187764,-0.003002176178253068,0.006793562297980459,-0.016711929307089896,-0.003092921069699581,0.006572108848772853,0.007850673162711421,0.0065540340463337106,0.007174577945539069,0.016493446875763002,-0.006776500062572865,-0.008943377623482027,-0.0035426525812256152,0.0018347822797444018,-0.01096362973473923,0.010646913392517159,-0.007498144237645915,-0.008810333837737333,-0.0035601710881874634,-0.017090331394937684,-0.003002176178253068,0.049821668623033256,0.032341084318486146,-0.0035871640185154933,-0.015786207358670062,0.019995553493484516,-0.005739945431081173,-0.017275515250817424,0.006428093351301565,0.015098308962316755,0.012953575661250785,-0.022393246204501963,0.0023153219533630196,0.00022450637924172827,0.017774891922409553,0.0350135144977392,0.0027171609434850853,-0.022846581642779626,-0.011305422224765924,-0.04352488533600024,0.006793562297980459,0.032341084318486146,0.11407489881809126,-0.020669950085503118,-0.04651615123423837,0.02400365472236497,0.01487077961987153,-0.013759940049788439,0.012119757402307689,0.04564475310702765,0.004530300579968682,-0.030934843651725732,0.0009132931629622492,-0.007953782114870314,0.023192009782359385,0.04424127999550906,-0.014009209409492698,-0.03583319758216899,-0.024919751525862524,-0.0724593103941327,-0.016711929307089896,-0.0035871640185154933,-0.020669950085503118,0.056439556099374996,0.017121476279971987,-0.009303251689341461,-0.010733647377105816,0.007677661617083001,-0.006182494639936639,-0.011367748180366092,-0.0002661840743421078,0.014539211318889522,0.006482418433086791,-0.0015598502366050008,-0.00547039519903634,-0.012522385159436301,0.0010981423340443081,0.008244530607867943,0.012705915343642746,0.0048362461146176676,-0.003092921069699581,-0.015786207358670062,-0.04651615123423837,0.017121476279971987,0.042089390781240944,-0.01940082260053094,-0.008835503294523397,0.013384794038524606,-0.004768854535512419,-0.02956149174600667,-0.008491712482328335,0.017421248668029857,0.004053262970179494,0.0025812644423856947,-0.009357577311607426,-0.027484888201560156,0.010808626355125531,0.015371784185217282,0.02151536438756367,0.04530434484528806,0.006572108848772853,0.019995553493484516,0.02400365472236497,-0.009303251689341461,-0.01940082260053094,0.035428022050039504,0.0011456969064788877,-0.02198301903811574,0.004144521038976656,0.018204005228613103,0.014122269315002189,-0.011191201251039494,0.0007139898742539887,-0.004537467817119917,0.005122721980675832,0.031068061892845417,-0.010888937367910264,-0.01439597804121856,-0.007141738747212548,-0.031337181899586564,0.007850673162711421,-0.005739945431081173,0.01487077961987153,-0.010733647377105816,-0.008835503294523397,0.0011456969064788877,0.03437729546215584,-0.004296921253780594,-0.0011936902471631774,0.02330580758166769,-0.01720500331810076,-0.00742174452681584,-0.005705167177509659,-0.000493403087298073,-0.001816685270386806,-0.004832520502155754,-0.00023915810839940333,-0.009398768763741256,-0.013488550813081177,-0.009064864979674132,0.0065540340463337106,-0.017275515250817424,-0.013759940049788439,0.007677661617083001,0.013384794038524606,-0.02198301903811574,-0.004296921253780594,0.05514084976101473,0.0016201600881843988,-0.011016522788666846,-0.008369284902453613,1.0851379005422197e-5,-0.0038035218112427993,0.003956223861928697,-0.012091462415979309,-0.028487789179615978,0.016383606652319718,0.011833849408513243,-0.0053538948022028715,0.015809772202290087,0.007174577945539069,0.006428093351301565,0.012119757402307689,-0.006182494639936639,-0.004768854535512419,0.004144521038976656,-0.0011936902471631774,0.0016201600881843988,0.01964289843899513,0.008936874723543702,-0.0018635909315513452,-0.009180607147872964,-0.0031749989480820704,0.0019469979003443449,0.0017006571408899967,0.003310308264877007,-0.0014373552981690222,-0.010827135999530727,-0.01163843121329712,-0.018660740848777353,0.016493446875763002,0.015098308962316755,0.04564475310702765,-0.011367748180366092,-0.02956149174600667,0.018204005228613103,0.02330580758166769,-0.011016522788666846,0.008936874723543702,0.06963222403250965,-0.009739418019997247,-0.01937044524104358,-0.011249582308341163,0.004549168319796315,0.008350836761359356,0.02379955791432271,-0.017276683439529886,-0.02869321851538288,-0.02612213090875564,-0.05735436923501883,-0.006776500062572865,0.012953575661250785,0.004530300579968682,-0.0002661840743421078,-0.008491712482328335,0.014122269315002189,-0.01720500331810076,-0.008369284902453613,-0.0018635909315513452,-0.009739418019997247,0.04760818223685894,-0.0026955218084707623,0.013046844105923668,-0.00852928162847936,0.01226674005055004,0.02732682966740487,-0.0017921319033654024,0.009011202149870017,6.51485577844006e-5,-0.01222906898569014,-0.008943377623482027,-0.022393246204501963,-0.030934843651725732,0.014539211318889522,0.017421248668029857,-0.011191201251039494,-0.00742174452681584,1.0851379005422197e-5,-0.009180607147872964,-0.01937044524104358,-0.0026955218084707623,0.04629644768937161,0.003361119218929044,0.002415636229664807,-0.0006383597266316587,-0.015391196175041309,-0.01252232660116602,0.023775793958712044,0.022616209657462763,0.030580993920028783,-0.0035426525812256152,0.0023153219533630196,0.0009132931629622492,0.006482418433086791,0.004053262970179494,0.0007139898742539887,-0.005705167177509659,-0.0038035218112427993,-0.0031749989480820704,-0.011249582308341163,0.013046844105923668,0.003361119218929044,0.023794497314777497,-0.005554888088630146,0.0048598887185867055,0.013173428267104924,-0.005799331624575823,0.002484874418998561,0.013403386573815367,0.00016030803338780604,0.0018347822797444018,0.00022450637924172827,-0.007953782114870314,-0.0015598502366050008,0.0025812644423856947,-0.004537467817119917,-0.000493403087298073,0.003956223861928697,0.0019469979003443449,0.004549168319796315,-0.00852928162847936,0.002415636229664807,-0.005554888088630146,0.01888913900055996,0.004679528070024187,-0.009925755945712069,0.0032352438151943665,-0.00786128514830507,-0.00838132730023811,-0.0012205943347543139,-0.01096362973473923,0.017774891922409553,0.023192009782359385,-0.00547039519903634,-0.009357577311607426,0.005122721980675832,-0.001816685270386806,-0.012091462415979309,0.0017006571408899967,0.008350836761359356,0.01226674005055004,-0.0006383597266316587,0.0048598887185867055,0.004679528070024187,0.0511792888236091,0.019871075196471986,-0.008572732029221847,-0.00557331649328275,-0.001455732230458298,-0.018881047903651218,0.010646913392517159,0.0350135144977392,0.04424127999550906,-0.012522385159436301,-0.027484888201560156,0.031068061892845417,-0.004832520502155754,-0.028487789179615978,0.003310308264877007,0.02379955791432271,0.02732682966740487,-0.015391196175041309,0.013173428267104924,-0.009925755945712069,0.019871075196471986,0.08467967684611923,-0.02427009522966988,-0.013760201368638515,0.00010701324131003422,-0.062408251999038294,-0.007498144237645915,0.0027171609434850853,-0.014009209409492698,0.0010981423340443081,0.010808626355125531,-0.010888937367910264,-0.00023915810839940333,0.016383606652319718,-0.0014373552981690222,-0.017276683439529886,-0.0017921319033654024,-0.01252232660116602,-0.005799331624575823,0.0032352438151943665,-0.008572732029221847,-0.02427009522966988,0.054274452806055654,-0.005685367032501765,-0.01675367375458467,0.022321062263168892,-0.008810333837737333,-0.022846581642779626,-0.03583319758216899,0.008244530607867943,0.015371784185217282,-0.01439597804121856,-0.009398768763741256,0.011833849408513243,-0.010827135999530727,-0.02869321851538288,0.009011202149870017,0.023775793958712044,0.002484874418998561,-0.00786128514830507,-0.00557331649328275,-0.013760201368638515,-0.005685367032501765,0.05354676391288287,0.024103520289367533,0.035928520686129964,-0.0035601710881874634,-0.011305422224765924,-0.024919751525862524,0.012705915343642746,0.02151536438756367,-0.007141738747212548,-0.013488550813081177,-0.0053538948022028715,-0.01163843121329712,-0.02612213090875564,6.51485577844006e-5,0.022616209657462763,0.013403386573815367,-0.00838132730023811,-0.001455732230458298,0.00010701324131003422,-0.01675367375458467,0.024103520289367533,0.04060983067267954,0.024749699068081436,-0.017090331394937684,-0.04352488533600024,-0.0724593103941327,0.0048362461146176676,0.04530434484528806,-0.031337181899586564,-0.009064864979674132,0.015809772202290087,-0.018660740848777353,-0.05735436923501883,-0.01222906898569014,0.030580993920028783,0.00016030803338780604,-0.0012205943347543139,-0.018881047903651218,-0.062408251999038294,0.022321062263168892,0.035928520686129964,0.024749699068081436,0.1264710148716911
0.034566181280134015,-0.004021022752853022,-0.008278866903153628,-0.023520442063991433,-0.008224009142691075,0.006403313987673362,0.005838275644498665,-0.00721891376336784,0.0033902817270152286,0.008196194523549208,0.009289024637081648,-0.009146089414492613,0.0014516626458999332,-0.0031852575921684544,0.007461046162873779,0.013421758887945863,0.005728690879756112,-0.0027096711185776046,-0.0030471945445465225,0.007367501070365066,-0.004021022752853022,0.04670996676455523,0.012095185844934922,-0.017877796162888586,-0.0018022332468074689,0.022093091801798994,0.006045484966781127,-0.025162227907972172,-0.006887193416954139,0.008906886138595471,0.006239404327822293,-0.01038781719716032,0.0027284741249823663,0.0012945712894736777,-0.013972365147108536,0.0011204537766257424,-0.006907407773944664,-0.000628501390705309,-0.00368066557687178,0.004984792467525697,-0.008278866903153628,0.012095185844934922,0.07086101734801938,-0.007169918397990789,-0.0012208098200407462,0.0063001185390476454,0.006895332375298135,-0.008975334153625811,0.012869668189913263,-0.0030778448325427406,-0.005609591432225772,-0.007909985122720281,-0.004646643701292159,0.008684197681085574,-0.006103980239166119,-0.02276962256940155,-0.005271825154609661,-0.002364769008444445,-0.010351841506454554,-0.01538291916274168,-0.023520442063991433,-0.017877796162888586,-0.007169918397990789,0.07092439867914616,0.02363663849797743,-0.015340686044281859,0.0034335773128652287,0.014247174166671726,-0.007037659050685361,-0.01978601118584263,-0.015955334477120303,0.025398336007945162,-0.006544053958041876,0.007712688560282975,0.0032264129533662545,-0.01652443421990117,0.004836804342901994,-0.005205460925815909,0.00861193826424467,-0.01838300011466661,-0.008224009142691075,-0.0018022332468074689,-0.0012208098200407462,0.02363663849797743,0.05086359033137532,-0.009568517050169268,0.007438475253220679,0.016690310597061497,-0.0066540967316905154,-0.01590293757383409,0.0015477209789633486,-0.00600887027165035,-0.0013422128135453888,0.012675543281558323,-0.026640171400907547,-0.028365794476427182,0.017697852804861275,0.0035443426288525636,0.00795500980540545,1.2118322273211789e-5,0.006403313987673362,0.022093091801798994,0.0063001185390476454,-0.015340686044281859,-0.009568517050169268,0.045932659907549696,0.016984786009108632,-0.032408565592594724,-0.0037556080531436463,0.012662883379440356,0.00752238224587471,-0.007387298879729422,-0.005133615900877508,-0.0021155415402097488,0.0006043974058978739,0.02948774741816623,-0.005163996942736418,-0.005148520371527103,-0.009832947528584934,-0.0019419053531150971,0.005838275644498665,0.006045484966781127,0.006895332375298135,0.0034335773128652287,0.007438475253220679,0.016984786009108632,0.06085041162644429,-0.019566854956146067,-0.014959430525342625,-0.005128389655960159,-0.00374831211606125,0.009599204523743615,-0.022300153738860042,0.004301342671585159,0.00757894682822976,0.0016314264202001143,0.011671783124129982,-0.00981061170412699,-0.030841925193777688,-0.005295616367885589,-0.00721891376336784,-0.025162227907972172,-0.008975334153625811,0.014247174166671726,0.016690310597061497,-0.032408565592594724,-0.019566854956146067,0.06035415010255486,0.007560850947526682,-0.009230106430320429,-0.01053986949400736,-0.004021028088184204,0.004633525517941729,-0.0024792879081941364,-0.010747354019832669,-0.03295953573964798,0.011478501661009409,0.00443365869935079,0.012476070082370984,-0.0036793659570317824,0.0033902817270152286,-0.006887193416954139,0.012869668189913263,-0.007037659050685361,-0.0066540967316905154,-0.0037556080531436463,-0.014959430525342625,0.007560850947526682,0.03233000836444247,0.005948302070632364,-0.007941833814175462,-0.014656475794600294,0.009364441371051066,-0.006299133124924762,0.0029819585743307785,0.00414432043446225,-0.015234389190834377,0.008730706331709994,0.003452103410546338,-0.01329481300775234,0.008196194523549208,0.008906886138595471,-0.0030778448325427406,-0.01978601118584263,-0.01590293757383409,0.012662883379440356,-0.005128389655960159,-0.009230106430320429,0.005948302070632364,0.0478382128439984,0.0014242910291477724,-0.01368243413290874,0.008459598162169384,-0.014410369226237257,0.005570211687205137,0.026717956024892187,-0.01077435358496157,0.0009708358635941376,-0.00040569651820102597,-0.0029326447498881068,0.009289024637081648,0.006239404327822293,-0.005609591432225772,-0.015955334477120303,0.0015477209789633486,0.00752238224587471,-0.00374831211606125,-0.01053986949400736,-0.007941833814175462,0.0014242910291477724,0.033352185849257684,-0.0035469928688957025,-0.0007033660009631435,0.0019817260481948375,-0.000566354161198033,0.0088801761446007,0.002019434594647357,-0.0009012429066009599,-0.001998695740443009,0.015306269885130851,-0.009146089414492613,-0.01038781719716032,-0.007909985122720281,0.025398336007945162,-0.00600887027165035,-0.007387298879729422,0.009599204523743615,-0.004021028088184204,-0.014656475794600294,-0.01368243413290874,-0.0035469928688957025,0.05421283292072033,-0.013495001498744951,0.007214823638836855,0.02664339395403182,-0.007178287842194441,0.0017577682159417578,-0.011226628531471994,0.00027230116782462244,-0.007002426980531748,0.0014516626458999332,0.0027284741249823663,-0.004646643701292159,-0.006544053958041876,-0.0013422128135453888,-0.005133615900877508,-0.022300153738860042,0.004633525517941729,0.009364441371051066,0.008459598162169384,-0.0007033660009631435,-0.013495001498744951,0.026624570043891585,-0.0029106689832905886,-0.003481027072986832,0.002838099024459233,-0.005076158274245469,0.0038285266022378825,0.01696296606847517,0.00370195906454252,-0.0031852575921684544,0.0012945712894736777,0.008684197681085574,0.007712688560282975,0.012675543281558323,-0.0021155415402097488,0.004301342671585159,-0.0024792879081941364,-0.006299133124924762,-0.014410369226237257,0.0019817260481948375,0.007214823638836855,-0.0029106689832905886,0.02116973063107592,-0.004115488582648532,-0.016547651468446573,0.008109027836557496,-0.0008211838422194195,-0.0021574636304779,0.001776750084009093,0.007461046162873779,-0.013972365147108536,-0.006103980239166119,0.0032264129533662545,-0.026640171400907547,0.0006043974058978739,0.00757894682822976,-0.010747354019832669,0.0029819585743307785,0.005570211687205137,-0.000566354161198033,0.02664339395403182,-0.003481027072986832,-0.004115488582648532,0.060651365929053076,0.03224009985688404,-0.004886979056076014,-0.008776313777665211,-0.002558041907344228,-0.014694915137106402,0.013421758887945863,0.0011204537766257424,-0.02276962256940155,-0.01652443421990117,-0.028365794476427182,0.02948774741816623,0.0016314264202001143,-0.03295953573964798,0.00414432043446225,0.026717956024892187,0.0088801761446007,-0.007178287842194441,0.002838099024459233,-0.016547651468446573,0.03224009985688404,0.0907065348020924,-0.010190967556326659,0.0018459401555672053,-0.005219182958327847,-0.0021319897255294117,0.005728690879756112,-0.006907407773944664,-0.005271825154609661,0.004836804342901994,0.017697852804861275,-0.005163996942736418,0.011671783124129982,0.011478501661009409,-0.015234389190834377,-0.01077435358496157,0.002019434594647357,0.0017577682159417578,-0.005076158274245469,0.008109027836557496,-0.004886979056076014,-0.010190967556326659,0.041203396128658795,-0.006642700526599345,-0.007734638907418849,0.010078416515332212,-0.0027096711185776046,-0.000628501390705309,-0.002364769008444445,-0.005205460925815909,0.0035443426288525636,-0.005148520371527103,-0.00981061170412699,0.00443365869935079,0.008730706331709994,0.0009708358635941376,-0.0009012429066009599,-0.011226628531471994,0.0038285266022378825,-0.0008211838422194195,-0.008776313777665211,0.0018459401555672053,-0.006642700526599345,0.02040168096412028,0.005719298001928593,0.00891343836239365,-0.0030471945445465225,-0.00368066557687178,-0.010351841506454554,0.00861193826424467,0.00795500980540545,-0.009832947528584934,-0.030841925193777688,0.012476070082370984,0.003452103410546338,-0.00040569651820102597,-0.001998695740443009,0.00027230116782462244,0.01696296606847517,-0.0021574636304779,-0.002558041907344228,-0.005219182958327847,-0.007734638907418849,0.005719298001928593,0.03167709107995328,-0.0024672936046230003,0.007367501070365066,0.004984792467525697,-0.01538291916274168,-0.01838300011466661,1.2118322273211789e-5,-0.0019419053531150971,-0.005295616367885589,-0.0036793659570317824,-0.01329481300775234,-0.0029326447498881068,0.015306269885130851,-0.007002426980531748,0.00370195906454252,0.001776750084009093,-0.014694915137106402,-0.0021319897255294117,0.010078416515332212,0.00891343836239365,-0.0024672936046230003,0.05188561278127325
