0.08552633682756006,0.030909139639045596,0.002061956309452573,0.05161079326179025,-0.03546365459945568,-0.05575193769806973,0.007821812542835566,-0.049229310257491374,0.002177252067861706,0.016939225311024028,0.016874061623482615,-0.005999015190471538,-0.03413576480107653,-0.011523475536709835,0.021904871448105184,-0.03458814513019882,0.01140885755085551,0.06004546130039314,-0.01859810103173033,-0.010582147470479048,0.030909139639045596,0.047758818524585786,-0.01488189203457298,0.026843418345385534,-0.014477464598236576,-0.03279913394432503,0.0038473476969357948,-0.01234458806991276,0.008168704325429262,-0.005076537696364085,0.0035324127668738105,-0.004030597332070333,-0.014426772117892655,-0.005184330141249395,0.005871693522297813,-0.01101654311990197,-0.0031707218358148345,0.019295189488343356,-0.009071823695846757,-0.005568886844556961,0.002061956309452573,-0.01488189203457298,0.0456600020299893,-0.009588313342006312,0.0018924541300069115,0.008395027693484828,-0.012584356760417525,-0.0026890975721143417,-0.010105551868796829,0.012607916203665007,-0.003811180080113874,0.0032643459294941553,0.004344204731739747,0.0005460689673253668,0.0043575992263589795,0.0014384804735162187,-0.003975893805038428,0.0018647631080204595,-0.004855805507658244,0.0006172404521374085,0.05161079326179025,0.026843418345385534,-0.009588313342006312,0.05864767277456995,-0.026918908482887596,-0.04004265026414647,0.00434242155068216,-0.037229368842243094,-0.0014275304702400433,0.007558583310795709,0.018867839363650905,-0.006358947596918095,-0.03324439017330519,-0.009968959534777652,0.013632584252760364,-0.016242064817575112,0.004810994475589301,0.03505238009330834,-0.007425962060603166,-0.0005335913061673258,-0.03546365459945568,-0.014477464598236576,0.0018924541300069115,-0.026918908482887596,0.044692487969389905,0.027158746109136073,-0.002794266900364476,0.028426586425344784,0.0027859049782700995,-0.00858758811586443,-0.009035755941780868,0.002645844828291489,0.022881241573821688,0.0012217466876341622,-0.00837825594568924,0.007824622187763215,-0.0031821013811790455,-0.030276662155339133,0.007251294457833247,-0.008592649798774176,-0.05575193769806973,-0.03279913394432503,0.008395027693484828,-0.04004265026414647,0.027158746109136073,0.062102212109602005,-0.007530269399017948,0.03827353166246071,-0.006391667865199102,-0.009353069035937911,-0.010046141780634545,0.003595439854740594,0.03028664004741492,0.0072180614084265855,-0.01357710940661655,0.026083317762813054,-0.013892879765779884,-0.042857818037576344,0.012843763213973115,0.006256359221264485,0.007821812542835566,0.0038473476969357948,-0.012584356760417525,0.00434242155068216,-0.002794266900364476,-0.007530269399017948,0.022130348552726095,-0.009472452281037366,0.0034681869513742266,-0.0027785739353550654,0.004327108935879699,-0.007351627979120492,-0.005786724406433996,0.0027876629681310317,-0.0009633877335319051,0.001208786097364035,0.0016816981163888522,0.006516713454913052,0.0011688507744082423,0.002467124959472089,-0.049229310257491374,-0.01234458806991276,-0.0026890975721143417,-0.037229368842243094,0.028426586425344784,0.03827353166246071,-0.009472452281037366,0.05687522142024978,0.006186457843152845,-0.018214285580768114,-0.018952568942253997,0.007837511079266146,0.026800826989561592,0.009569408188877478,-0.016440052652523428,0.02507808284751225,-0.010765764390680228,-0.04518365425207657,0.013193539452419375,-0.004503641233598825,0.002177252067861706,0.008168704325429262,-0.010105551868796829,-0.0014275304702400433,0.0027859049782700995,-0.006391667865199102,0.0034681869513742266,0.006186457843152845,0.030931375756992726,-0.007557058133725511,-0.00801389343020629,-0.0005476183638281704,0.004559316708680786,0.002377555372278725,-0.00607032610354602,-4.93224359248478e-5,0.007648882114686449,-0.0031867539813101144,-0.0008819160783442503,-0.005921662924506597,0.016939225311024028,-0.005076537696364085,0.012607916203665007,0.007558583310795709,-0.00858758811586443,-0.009353069035937911,-0.0027785739353550654,-0.018214285580768114,-0.007557058133725511,0.0250315553316534,0.0018870299011344409,0.00015454848223326407,-0.011066675617180683,-0.0054712684685730185,0.00919502061902229,-0.010329866676762604,0.0008427398147689167,0.014619673042034603,-0.004024898868886904,0.001189168925475634,0.016874061623482615,0.0035324127668738105,-0.003811180080113874,0.018867839363650905,-0.009035755941780868,-0.010046141780634545,0.004327108935879699,-0.018952568942253997,-0.00801389343020629,0.0018870299011344409,0.026229906042937658,-0.0027406121746971386,-0.01427076787424543,-0.006035599322133075,-0.00036180265458504496,-0.0033136454312233275,0.00202539286544631,0.012925855736822377,-0.00015348390117717037,0.0083374491142485,-0.005999015190471538,-0.004030597332070333,0.0032643459294941553,-0.006358947596918095,0.002645844828291489,0.003595439854740594,-0.007351627979120492,0.007837511079266146,-0.0005476183638281704,0.00015454848223326407,-0.0027406121746971386,0.020946321811993775,0.0006653630016799313,-0.0005713549355870863,-0.006608461055575011,0.003942149204498921,-0.00801755633721784,-0.008758488724713138,0.002386589947943157,-0.0012951673731802066,-0.03413576480107653,-0.014426772117892655,0.004344204731739747,-0.03324439017330519,0.022881241573821688,0.03028664004741492,-0.005786724406433996,0.026800826989561592,0.004559316708680786,-0.011066675617180683,-0.01427076787424543,0.0006653630016799313,0.040335456629062516,0.010176015256977219,-0.010577632924072647,0.01337548846504611,-0.003677601452738233,-0.026375178874782915,0.006675323515692876,-0.0017288124734744052,-0.011523475536709835,-0.005184330141249395,0.0005460689673253668,-0.009968959534777652,0.0012217466876341622,0.0072180614084265855,0.0027876629681310317,0.009569408188877478,0.002377555372278725,-0.0054712684685730185,-0.006035599322133075,-0.0005713549355870863,0.010176015256977219,0.023617251768418678,-0.006782614220420415,0.007713865774310843,-0.0004240192671549841,-0.0023579619358533263,0.005306967304442316,-0.010063146523267948,0.021904871448105184,0.005871693522297813,0.0043575992263589795,0.013632584252760364,-0.00837825594568924,-0.01357710940661655,-0.0009633877335319051,-0.016440052652523428,-0.00607032610354602,0.00919502061902229,-0.00036180265458504496,-0.006608461055575011,-0.010577632924072647,-0.006782614220420415,0.03346925305705286,-0.011671167618562652,0.0020591290638324686,0.016053022700074387,-0.013700494803388315,-0.00032094893337386777,-0.03458814513019882,-0.01101654311990197,0.0014384804735162187,-0.016242064817575112,0.007824622187763215,0.026083317762813054,0.001208786097364035,0.02507808284751225,-4.93224359248478e-5,-0.010329866676762604,-0.0033136454312233275,0.003942149204498921,0.01337548846504611,0.007713865774310843,-0.011671167618562652,0.03736403111533818,-0.01381614581028855,-0.03003405027556224,0.010191104158357061,0.0038878840563209816,0.01140885755085551,-0.0031707218358148345,-0.003975893805038428,0.004810994475589301,-0.0031821013811790455,-0.013892879765779884,0.0016816981163888522,-0.010765764390680228,0.007648882114686449,0.0008427398147689167,0.00202539286544631,-0.00801755633721784,-0.003677601452738233,-0.0004240192671549841,0.0020591290638324686,-0.01381614581028855,0.031327657468806044,0.009056898034136894,0.0007142325409990322,0.0014681063286187323,0.06004546130039314,0.019295189488343356,0.0018647631080204595,0.03505238009330834,-0.030276662155339133,-0.042857818037576344,0.006516713454913052,-0.04518365425207657,-0.0031867539813101144,0.014619673042034603,0.012925855736822377,-0.008758488724713138,-0.026375178874782915,-0.0023579619358533263,0.016053022700074387,-0.03003405027556224,0.009056898034136894,0.0726816852820869,-0.01965571467743948,-0.005967651500035656,-0.01859810103173033,-0.009071823695846757,-0.004855805507658244,-0.007425962060603166,0.007251294457833247,0.012843763213973115,0.0011688507744082423,0.013193539452419375,-0.0008819160783442503,-0.004024898868886904,-0.00015348390117717037,0.002386589947943157,0.006675323515692876,0.005306967304442316,-0.013700494803388315,0.010191104158357061,0.0007142325409990322,-0.01965571467743948,0.025370834373974332,-0.0001269236924015587,-0.010582147470479048,-0.005568886844556961,0.0006172404521374085,-0.0005335913061673258,-0.008592649798774176,0.006256359221264485,0.002467124959472089,-0.004503641233598825,-0.005921662924506597,0.001189168925475634,0.0083374491142485,-0.0012951673731802066,-0.0017288124734744052,-0.010063146523267948,-0.00032094893337386777,0.0038878840563209816,0.0014681063286187323,-0.005967651500035656,-0.0001269236924015587,0.03191621285134364
0.041843195394634755,0.009850967767790098,0.006395809795560582,-0.0065009779648417315,0.0023659366114135013,-0.013325163451684208,0.0008013604467433188,0.0045107538063807575,-0.011332859482931484,0.009299470115700382,0.010980536981472486,-0.0044310951259634275,-0.011546618919478625,0.008757927039204663,-0.003264934535556295,-0.007447453829991813,-0.011237175774954554,0.0022492642183949705,-0.029807462047200882,0.01518203171097011,0.009850967767790098,0.01848134688959555,0.006407896655460203,0.003182982515729125,0.0012883160091199928,-0.005123309911258492,-6.1430259125432694e-6,0.0028618797634695466,0.0035616916524443183,0.0007719929401982929,0.0036736345833737844,-0.007066903283884617,-0.001318506591088212,0.0020712235777627214,-7.910840352120635e-5,-0.004548691840159436,-0.005359995725351905,0.0021988763774757306,-0.0072779533313110795,0.007975608527907734,0.006395809795560582,0.006407896655460203,0.03619967096888036,0.002723757100220733,-0.0022598304616507974,-0.0016170315077873787,-5.479737053588928e-5,-0.0059910037501694526,-0.0032389093190534138,-0.006387180372960242,0.01522895579055539,-0.013226717560139078,-0.0015049122600120015,-0.008322045587559924,-0.0076779581620446,0.0005749147404345446,-0.001269642473567254,0.00293330214582808,-0.0013005723366022765,0.008085529923745685,-0.0065009779648417315,0.003182982515729125,0.002723757100220733,0.031806156100727505,0.0009711245246019068,-0.004550496234472084,-0.007848957156416113,0.000876731014142662,-0.0018974055056761065,-0.007628563765820983,-0.003072663786681089,-2.7064027629104032e-5,-0.0011801733023593052,-0.005134483005032545,0.005187036781101818,0.0005383640522938383,0.00647174342772832,-0.0021791211221881897,0.011045086139767034,-0.0011823507239955336,0.0023659366114135013,0.0012883160091199928,-0.0022598304616507974,0.0009711245246019068,0.03353238105035674,0.0028906147212402217,-0.0009244817413184272,-0.003807463843821379,0.011024644074024901,-0.006473024830568042,0.011977479675503933,-0.019718914724491533,0.015143046537993381,-0.002692951991285048,-0.011399515865749844,-0.012492782995246251,-0.006013796333633468,-7.152872600809062e-5,-0.01293675254818242,0.024204007268153367,-0.013325163451684208,-0.005123309911258492,-0.0016170315077873787,-0.004550496234472084,0.0028906147212402217,0.03493543078451317,0.009457063292040725,-0.008427903698777791,0.01094903958719676,-0.008378173587167451,-0.0066619055193689915,0.00853291192274687,0.01787609276135973,-0.00687578546314269,-8.432178102577313e-5,0.0005315490207904877,0.0033445245655663305,-0.0003654511145798734,0.009102504336726016,-0.008061923427262916,0.0008013604467433188,-6.1430259125432694e-6,-5.479737053588928e-5,-0.007848957156416113,-0.0009244817413184272,0.009457063292040725,0.02287373594827954,-0.0034186688365287383,-0.0007123749404325712,-0.007245906229419707,-0.000134896099068467,-0.0014808536319892336,0.005304081816992085,-0.008048388976285823,0.0007262509085618222,-0.0005637768065595872,0.005864577902745398,-0.004404440205428675,0.00014373942312071768,-0.00043637311235819956,0.0045107538063807575,0.0028618797634695466,-0.0059910037501694526,0.000876731014142662,-0.003807463843821379,-0.008427903698777791,-0.0034186688365287383,0.022031804053928954,-7.513035158060325e-5,0.010728564004573582,-0.0028913107310774865,0.005446455346634586,-0.014197967877488468,0.002101759898239833,0.0032603177993682183,-0.00043682453224422796,-0.0026708137916189255,0.0010685747919533888,0.003991714840110808,-0.006379186354954326,-0.011332859482931484,0.0035616916524443183,-0.0032389093190534138,-0.0018974055056761065,0.011024644074024901,0.01094903958719676,-0.0007123749404325712,-7.513035158060325e-5,0.03312154363157789,-0.009290996757778728,0.004721161553850457,-0.003222884940070916,0.006928264579327953,-0.013864357255507494,-0.002793190482623081,-0.003651628419825061,0.002112535534370393,-7.4048989655539684e-6,0.016780368672447102,-0.0004181593293558868,0.009299470115700382,0.0007719929401982929,-0.006387180372960242,-0.007628563765820983,-0.006473024830568042,-0.008378173587167451,-0.007245906229419707,0.010728564004573582,-0.009290996757778728,0.0346309421913293,-0.006962073032877759,0.011363776450255068,-0.01748684970331881,0.0164832238898817,0.004434473252032008,0.005212341683005777,-0.011055748359477867,0.0069881846992642695,-0.0028826657979174755,-0.013677033145657515,0.010980536981472486,0.0036736345833737844,0.01522895579055539,-0.003072663786681089,0.011977479675503933,-0.0066619055193689915,-0.000134896099068467,-0.0028913107310774865,0.004721161553850457,-0.006962073032877759,0.03545917139932998,-0.023578363170798068,0.004299860255712183,-0.0068784444858851854,-0.013141529571321902,-0.008082097285091492,-0.00502980863225643,0.0006515572659001429,-0.013317702442604983,0.025964796268574,-0.0044310951259634275,-0.007066903283884617,-0.013226717560139078,-2.7064027629104032e-5,-0.019718914724491533,0.00853291192274687,-0.0014808536319892336,0.005446455346634586,-0.003222884940070916,0.011363776450255068,-0.023578363170798068,0.05326108377606051,-0.010787187144564855,0.012268511685043934,0.019849048104572817,0.009257123264172962,0.003738175078687113,-0.00016365424324023611,0.01207647725884168,-0.03545230037534336,-0.011546618919478625,-0.001318506591088212,-0.0015049122600120015,-0.0011801733023593052,0.015143046537993381,0.01787609276135973,0.005304081816992085,-0.014197967877488468,0.006928264579327953,-0.01748684970331881,0.004299860255712183,-0.010787187144564855,0.03867680577469323,-0.005689304174759161,-0.008160777923730404,-0.0041068474344793365,0.0010473125826612841,-0.0034204459315174515,-0.0021533861498163804,0.011146191025953808,0.008757927039204663,0.0020712235777627214,-0.008322045587559924,-0.005134483005032545,-0.002692951991285048,-0.00687578546314269,-0.008048388976285823,0.002101759898239833,-0.013864357255507494,0.0164832238898817,-0.0068784444858851854,0.012268511685043934,-0.005689304174759161,0.031275694554465765,0.007075851952241731,0.0047982257390912185,-0.011595432828381706,0.0012281506273310837,-0.013037166765355261,-0.008128733381138304,-0.003264934535556295,-7.910840352120635e-5,-0.0076779581620446,0.005187036781101818,-0.011399515865749844,-8.432178102577313e-5,0.0007262509085618222,0.0032603177993682183,-0.002793190482623081,0.004434473252032008,-0.013141529571321902,0.019849048104572817,-0.008160777923730404,0.007075851952241731,0.02846669541476318,0.006325072320709081,0.0009085418436359798,0.003988692124581221,0.005168820086690871,-0.022724542848795083,-0.007447453829991813,-0.004548691840159436,0.0005749147404345446,0.0005383640522938383,-0.012492782995246251,0.0005315490207904877,-0.0005637768065595872,-0.00043682453224422796,-0.003651628419825061,0.005212341683005777,-0.008082097285091492,0.009257123264172962,-0.0041068474344793365,0.0047982257390912185,0.006325072320709081,0.024609732639762842,0.005924647832861184,-0.0013848601547885116,0.008818796222152177,-0.0119759996197044,-0.011237175774954554,-0.005359995725351905,-0.001269642473567254,0.00647174342772832,-0.006013796333633468,0.0033445245655663305,0.005864577902745398,-0.0026708137916189255,0.002112535534370393,-0.011055748359477867,-0.00502980863225643,0.003738175078687113,0.0010473125826612841,-0.011595432828381706,0.0009085418436359798,0.005924647832861184,0.028091915953249294,-0.009860767038596955,0.018984431120235633,-0.006986399336943682,0.0022492642183949705,0.0021988763774757306,0.00293330214582808,-0.0021791211221881897,-7.152872600809062e-5,-0.0003654511145798734,-0.004404440205428675,0.0010685747919533888,-7.4048989655539684e-6,0.0069881846992642695,0.0006515572659001429,-0.00016365424324023611,-0.0034204459315174515,0.0012281506273310837,0.003988692124581221,-0.0013848601547885116,-0.009860767038596955,0.018453782242766566,-0.004489160725889216,-0.005284467285330126,-0.029807462047200882,-0.0072779533313110795,-0.0013005723366022765,0.011045086139767034,-0.01293675254818242,0.009102504336726016,0.00014373942312071768,0.003991714840110808,0.016780368672447102,-0.0028826657979174755,-0.013317702442604983,0.01207647725884168,-0.0021533861498163804,-0.013037166765355261,0.005168820086690871,0.008818796222152177,0.018984431120235633,-0.004489160725889216,0.058868791538692684,-0.02359438780512927,0.01518203171097011,0.007975608527907734,0.008085529923745685,-0.0011823507239955336,0.024204007268153367,-0.008061923427262916,-0.00043637311235819956,-0.006379186354954326,-0.0004181593293558868,-0.013677033145657515,0.025964796268574,-0.03545230037534336,0.011146191025953808,-0.008128733381138304,-0.022724542848795083,-0.0119759996197044,-0.006986399336943682,-0.005284467285330126,-0.02359438780512927,0.06269625198955728
