0.0009576018683936692,0.0001454376791865797,0.00014402811500684973,0.0002782018610096141,0.00034795191360833166,-1.6595234738839694e-6,-0.000585625775042984,0.00012648810088249692,-3.9610553184046e-5,-0.00033134380214968034,-0.00019931789402554597,-3.122264731720534e-5,0.00032634537337362924,0.00033268905401218676,0.00024509058499573046,0.0004600925357825931,0.0005517442894073251,-6.588964348362976e-5,-0.0002360551631296466,0.0005844795067529376,0.0001454376791865797,0.00045596632860600507,7.075907986605698e-5,0.00015883080091702562,0.0001724498992096384,0.0001722841555382435,-0.00038060809213313554,-4.942977745920181e-5,9.47485195982094e-6,-0.00025767416252789744,-6.77247145668733e-5,6.0710926206227104e-5,0.000198547708504447,0.00025820835542500215,5.3018642465563415e-6,0.0001006513089549845,3.411118432787769e-5,7.162058134392224e-5,-0.0003365173003710869,0.0005173400448210415,0.00014402811500684973,7.075907986605698e-5,0.00034141934263724153,6.745587752049505e-5,0.00017655008780058257,3.506857405261476e-5,-0.0003136311413937642,-6.482915795483739e-5,0.00012627876136766793,3.4645884483791293e-5,-0.00019829478059007428,0.00010012433545740571,2.290250970075789e-6,3.255998596156382e-5,-7.947620691753388e-5,-1.585048852739812e-5,4.754115699284847e-5,-0.00010391347477476913,0.00016737482801282432,0.0002615745666455393,0.0002782018610096141,0.00015883080091702562,6.745587752049505e-5,0.0004685605953936338,0.00017770577400929902,3.591771977408635e-5,-0.00032684770129506435,7.757125896904595e-5,-9.932858328304888e-6,-0.0002896845834024033,-5.335058095716408e-7,0.00015490672802208517,0.00019730610499034672,0.00017264952845370753,0.00013759941069386525,0.00021589107113633658,0.00010870125883646452,0.00013649123293659913,-0.0003130327859267878,0.0003797523982189084,0.00034795191360833166,0.0001724498992096384,0.00017655008780058257,0.00017770577400929902,0.0005130024732361174,0.00020328780697809114,-0.0004917903599675941,0.00012410158923537842,4.9223161659069634e-5,-0.00025680739411127623,-0.0001292013082586665,0.00014706095936114474,7.612232655385172e-5,0.00022532033476647712,0.00020061813744821162,0.0002434775177911908,0.00016785567358688905,-2.042184443670049e-5,-2.520006752322577e-5,0.0005591734269681153,-1.6595234738839694e-6,0.0001722841555382435,3.506857405261476e-5,3.591771977408635e-5,0.00020328780697809114,0.00045432741347997555,-0.00032469056340863315,8.117206994980207e-5,-2.7541985874496453e-5,-0.00023481826903863558,-2.1383452763834828e-5,8.014357412432094e-5,-1.0153001436380063e-5,7.636689670117208e-5,9.881892943802668e-5,0.0001758859381058187,4.7945257742247036e-6,5.785621258826727e-5,-0.00015386109472438294,0.00029031732906637897,-0.000585625775042984,-0.00038060809213313554,-0.0003136311413937642,-0.00032684770129506435,-0.0004917903599675941,-0.00032469056340863315,0.0011529627694731055,-7.444304214991562e-5,-4.391978959991179e-5,0.00043609909184430995,0.00026367446919216004,-0.00022660613119594258,-0.00015524834034870094,-0.00034749539414863503,-0.00017694269436966406,-0.00044169119510263936,-0.0003684205529826015,4.546644417943373e-6,0.000312217213750925,-0.0008999433845267879,0.00012648810088249692,-4.942977745920181e-5,-6.482915795483739e-5,7.757125896904595e-5,0.00012410158923537842,8.117206994980207e-5,-7.444304214991562e-5,0.0003409400214221705,-1.9585418926284318e-5,-0.00012805063454056836,0.0001606079093769251,8.819903309711141e-5,-9.955613033240187e-6,1.5129364653258859e-5,0.00017923412740267593,0.00021551396231011172,3.910672532115543e-6,5.218276546949748e-5,-7.657581218129966e-5,8.445805049832431e-5,-3.9610553184046e-5,9.47485195982094e-6,0.00012627876136766793,-9.932858328304888e-6,4.9223161659069634e-5,-2.7541985874496453e-5,-4.391978959991179e-5,-1.9585418926284318e-5,0.00034784238905829145,8.826905580727859e-5,-0.00011788045329670343,4.916143977602587e-5,-4.3906339115046654e-7,-5.368206815021337e-5,-0.00011161000160987083,-0.00011148266406507885,-0.00011319714523858031,-1.07769877162986e-5,0.00022950906481133506,0.00018086378800643912,-0.00033134380214968034,-0.00025767416252789744,3.4645884483791293e-5,-0.0002896845834024033,-0.00025680739411127623,-0.00023481826903863558,0.00043609909184430995,-0.00012805063454056836,8.826905580727859e-5,0.0006030647532478567,-1.585581362642926e-5,-2.3991297067078233e-5,-0.00034393254511830523,-0.00032409361417827585,-0.00021635771415766622,-0.0003505235657125124,-0.00016347770474805557,-0.0001333860114334496,0.00043180337330232067,-0.000540125175739392,-0.00019931789402554597,-6.77247145668733e-5,-0.00019829478059007428,-5.335058095716408e-7,-0.0001292013082586665,-2.1383452763834828e-5,0.00026367446919216004,0.0001606079093769251,-0.00011788045329670343,-1.585581362642926e-5,0.0005766254246814149,0.00011122016844932191,-9.027530118424117e-5,-7.407519961958155e-5,0.0001782169088665558,0.0001763883304809657,-0.000187425564913155,5.444784276177123e-5,-8.968116842884304e-5,-0.00027989763687701205,-3.122264731720534e-5,6.0710926206227104e-5,0.00010012433545740571,0.00015490672802208517,0.00014706095936114474,8.014357412432094e-5,-0.00022660613119594258,8.819903309711141e-5,4.916143977602587e-5,-2.3991297067078233e-5,0.00011122016844932191,0.0004394687238597968,-0.00014495464534018584,-1.1649719121911131e-6,5.75284933660769e-5,5.941562445746045e-5,-0.00012649131771528144,5.199084292122198e-6,2.187932029292923e-5,0.0001546013466814363,0.00032634537337362924,0.000198547708504447,2.290250970075789e-6,0.00019730610499034672,7.612232655385172e-5,-1.0153001436380063e-5,-0.00015524834034870094,-9.955613033240187e-6,-4.3906339115046654e-7,-0.00034393254511830523,-9.027530118424117e-5,-0.00014495464534018584,0.0006599470187784392,0.00030808633074001193,-0.0001107003888116402,0.0001099198032798599,0.00014378003695370933,2.40078690155041e-5,-0.00025871818012227393,0.0004043400396882548,0.00033268905401218676,0.00025820835542500215,3.255998596156382e-5,0.00017264952845370753,0.00022532033476647712,7.636689670117208e-5,-0.00034749539414863503,1.5129364653258859e-5,-5.368206815021337e-5,-0.00032409361417827585,-7.407519961958155e-5,-1.1649719121911131e-6,0.00030808633074001193,0.0004460887029635367,5.501109461884836e-5,0.00019262710564756644,0.00020770784493795254,6.703752622092892e-5,-0.000271393781458348,0.0004557466038110435,0.00024509058499573046,5.3018642465563415e-6,-7.947620691753388e-5,0.00013759941069386525,0.00020061813744821162,9.881892943802668e-5,-0.00017694269436966406,0.00017923412740267593,-0.00011161000160987083,-0.00021635771415766622,0.0001782169088665558,5.75284933660769e-5,-0.0001107003888116402,5.501109461884836e-5,0.000540902582271679,0.0003668352166169748,0.00016358571649351765,8.23771372238664e-5,-0.0002063657022975911,0.00011378271378558477,0.0004600925357825931,0.0001006513089549845,-1.585048852739812e-5,0.00021589107113633658,0.0002434775177911908,0.0001758859381058187,-0.00044169119510263936,0.00021551396231011172,-0.00011148266406507885,-0.0003505235657125124,0.0001763883304809657,5.941562445746045e-5,0.0001099198032798599,0.00019262710564756644,0.0003668352166169748,0.0006343268461218561,0.00026115256729846467,-7.043571912540179e-6,-0.000270134678359238,0.0003087746006457924,0.0005517442894073251,3.411118432787769e-5,4.754115699284847e-5,0.00010870125883646452,0.00016785567358688905,4.7945257742247036e-6,-0.0003684205529826015,3.910672532115543e-6,-0.00011319714523858031,-0.00016347770474805557,-0.000187425564913155,-0.00012649131771528144,0.00014378003695370933,0.00020770784493795254,0.00016358571649351765,0.00026115256729846467,0.0006123143797327156,-9.435362090647363e-5,-0.00017499456347980994,0.0002036069896706043,-6.588964348362976e-5,7.162058134392224e-5,-0.00010391347477476913,0.00013649123293659913,-2.042184443670049e-5,5.785621258826727e-5,4.546644417943373e-6,5.218276546949748e-5,-1.07769877162986e-5,-0.0001333860114334496,5.444784276177123e-5,5.199084292122198e-6,2.40078690155041e-5,6.703752622092892e-5,8.23771372238664e-5,-7.043571912540179e-6,-9.435362090647363e-5,0.000333907953221216,-0.0002447915683468737,0.0001329183354785984,-0.0002360551631296466,-0.0003365173003710869,0.00016737482801282432,-0.0003130327859267878,-2.520006752322577e-5,-0.00015386109472438294,0.000312217213750925,-7.657581218129966e-5,0.00022950906481133506,0.00043180337330232067,-8.968116842884304e-5,2.187932029292923e-5,-0.00025871818012227393,-0.000271393781458348,-0.0002063657022975911,-0.000270134678359238,-0.00017499456347980994,-0.0002447915683468737,0.0008189364811928888,-0.00032993665770999434,0.0005844795067529376,0.0005173400448210415,0.0002615745666455393,0.0003797523982189084,0.0005591734269681153,0.00029031732906637897,-0.0008999433845267879,8.445805049832431e-5,0.00018086378800643912,-0.000540125175739392,-0.00027989763687701205,0.0001546013466814363,0.0004043400396882548,0.0004557466038110435,0.00011378271378558477,0.0003087746006457924,0.0002036069896706043,0.0001329183354785984,-0.00032993665770999434,0.0012878389288709393
