0.016766065533487022,-0.0007099167995073918,0.0006780497509700255,-0.006292777216678067,-0.006014891915077116,0.003849092743400892,4.694253440004677e-5,-0.00531113990825686,0.0004940892967682251,0.005161015892457579,0.00039178669581511503,-0.0030579633300454705,-0.0002900591241775097,-0.0012149376644186019,0.0019781243722627796,0.005212345057833212,0.0005364366942514382,-0.004461037694535773,0.000631122544690276,2.737018633254047e-5,-0.0007099167995073918,0.012722147593145779,-0.0020376483191246967,-0.0022751658876929365,-0.0021056130278362187,0.0018275316704069473,-0.002848738467264916,-0.0037330065137113457,-0.0005640858064142847,-0.001367026160262303,0.0005936091527555698,0.002120504499882261,0.0012820932763306543,0.0029107163620375473,0.004044301890198164,0.0030144290202632,-0.001364621554535961,-0.0013322307064827063,0.001502759192367515,-0.0010568454373496724,0.0006780497509700255,-0.0020376483191246967,0.01942505316835803,-0.002241764824563725,-0.005320610369911096,0.0014771695597181203,0.004212900282758343,-0.004636091812940524,-0.00032752822942927994,0.003638931531302495,-0.0014663170985192524,-0.002318213591943693,-0.0027805557404521107,0.002095915467682277,0.006800607359120317,0.001667651993462014,0.001172502435638312,0.0023263121697864476,-0.002090290751751942,0.0008903141428833445,-0.006292777216678067,-0.0022751658876929365,-0.002241764824563725,0.02761340677014471,0.008460985647141804,-0.005774488355016914,0.004570925629913531,0.0038946385325890867,-0.0031080303450360942,-0.0026634435861594722,-0.0030594702883643366,9.494664450296813e-5,0.0003268345110478111,-0.0031865811339631114,-0.005497623172836831,-0.006236199019124357,0.003082895605252827,-0.0009117073024313773,0.00023881541255274237,-0.0017937836868449227,-0.006014891915077116,-0.0021056130278362187,-0.005320610369911096,0.008460985647141804,0.01431496275385096,-0.003941316471060332,0.001967635633025678,0.004569309953857738,-0.0015872869671309806,-0.002907107354860351,0.002776083200035212,0.0025596326683090522,-0.0023701267117813545,0.0019626871144739684,-0.002343715238931879,-0.004908835580856032,0.0038564940509124325,0.0023367886478275453,-0.0002951532692555679,0.0014000906102218966,0.003849092743400892,0.0018275316704069473,0.0014771695597181203,-0.005774488355016914,-0.003941316471060332,0.017418505846455958,0.001718893362918258,-0.0016401731804570308,0.0017117756557810193,0.003340327309613796,0.0018747214528923436,-0.0023139331222268612,-0.004263265839581668,-0.0008754801200839266,0.0009225208025884357,0.0011621499233832556,-0.0007140212038772123,-0.003216057771534335,-0.005195042000068468,0.0018137059423415927,4.694253440004677e-5,-0.002848738467264916,0.004212900282758343,0.004570925629913531,0.001967635633025678,0.001718893362918258,0.016186105215409786,-0.0016024432905562213,-0.0011725280555122289,-0.0006327372210739083,-0.0012753529913330738,-0.005111944645846123,-0.0019781549251258372,-0.0035009185890538816,-0.0005575618342665504,0.0031653502149413416,-0.000920319742581295,0.001379226205401085,-0.006225567452155578,0.0006492663824644481,-0.00531113990825686,-0.0037330065137113457,-0.004636091812940524,0.0038946385325890867,0.004569309953857738,-0.0016401731804570308,-0.0016024432905562213,0.02295101820959323,0.0015075021862902991,-0.004240102238680172,-0.0018021650068105167,0.0030526598013234972,0.0030081219373840184,0.0004710200813361833,-0.0026870051109735703,-0.005452315172469531,0.004112974840408455,0.005491874738408731,0.0005883722041134882,-0.00020431357902352527,0.0004940892967682251,-0.0005640858064142847,-0.00032752822942927994,-0.0031080303450360942,-0.0015872869671309806,0.0017117756557810193,-0.0011725280555122289,0.0015075021862902991,0.008340107564042626,-0.0019447442365678148,-9.483667862100485e-5,0.0004983009481794797,0.0023792697181925903,-5.740672313612241e-5,0.002319100388556373,-0.00017422545322304998,0.0002927166459348286,0.0031475075950639104,-0.002060320692861233,-0.0013675011644908698,0.005161015892457579,-0.001367026160262303,0.003638931531302495,-0.0026634435861594722,-0.002907107354860351,0.003340327309613796,-0.0006327372210739083,-0.004240102238680172,-0.0019447442365678148,0.01664895933122756,-0.002534308555083978,-0.0036225063222844966,0.0009458110298887551,-0.00018654648602533386,0.0008573557006376401,0.007502662620794268,-0.001832520114611364,-0.0004783606283480459,0.0007969756517028355,-0.0009271168773736211,0.00039178669581511503,0.0005936091527555698,-0.0014663170985192524,-0.0030594702883643366,0.002776083200035212,0.0018747214528923436,-0.0012753529913330738,-0.0018021650068105167,-9.483667862100485e-5,-0.002534308555083978,0.012904753519278146,0.0017927589032307265,-0.00161383160444029,-0.0009832143882963144,-0.0004061715063939039,-0.0013176548448124558,-0.0003942445045305912,0.0008127510476452673,-0.002478706282542641,0.0016348344364319773,-0.0030579633300454705,0.002120504499882261,-0.002318213591943693,9.494664450296813e-5,0.0025596326683090522,-0.0023139331222268612,-0.005111944645846123,0.0030526598013234972,0.0004983009481794797,-0.0036225063222844966,0.0017927589032307265,0.017193394730922053,0.001328581555762365,0.0048061805371034565,-0.00116548541908093,-0.005215836844366854,0.0004262464879706772,0.0010732426558425407,0.003003874364470815,0.002009262700247598,-0.0002900591241775097,0.0012820932763306543,-0.0027805557404521107,0.0003268345110478111,-0.0023701267117813545,-0.004263265839581668,-0.0019781549251258372,0.0030081219373840184,0.0023792697181925903,0.0009458110298887551,-0.00161383160444029,0.001328581555762365,0.010507687090340152,-0.00021808914794504926,0.00155396269684397,-0.002238003945188894,0.0008710859576364202,0.0021970521655711376,0.003104069635486956,0.00015942281943237782,-0.0012149376644186019,0.0029107163620375473,0.002095915467682277,-0.0031865811339631114,0.0019626871144739684,-0.0008754801200839266,-0.0035009185890538816,0.0004710200813361833,-5.740672313612241e-5,-0.00018654648602533386,-0.0009832143882963144,0.0048061805371034565,-0.00021808914794504926,0.01174836573150258,0.0012674802180933729,-0.0019497031075424692,-0.0009681545368738294,-0.0020045871952779426,0.00014672264479315383,-0.0018644246433950412,0.0019781243722627796,0.004044301890198164,0.006800607359120317,-0.005497623172836831,-0.002343715238931879,0.0009225208025884357,-0.0005575618342665504,-0.0026870051109735703,0.002319100388556373,0.0008573557006376401,-0.0004061715063939039,-0.00116548541908093,0.00155396269684397,0.0012674802180933729,0.012351957973585221,0.003950611411859466,-0.0013507761430932214,-0.0011073731215753293,0.001905814110204585,-0.0011974133450896774,0.005212345057833212,0.0030144290202632,0.001667651993462014,-0.006236199019124357,-0.004908835580856032,0.0011621499233832556,0.0031653502149413416,-0.005452315172469531,-0.00017422545322304998,0.007502662620794268,-0.0013176548448124558,-0.005215836844366854,-0.002238003945188894,-0.0019497031075424692,0.003950611411859466,0.0144634393014016,-0.004384912540549629,-0.002234114803712591,-0.0027327694136252065,-0.003945687110728938,0.0005364366942514382,-0.001364621554535961,0.001172502435638312,0.003082895605252827,0.0038564940509124325,-0.0007140212038772123,-0.000920319742581295,0.004112974840408455,0.0002927166459348286,-0.001832520114611364,-0.0003942445045305912,0.0004262464879706772,0.0008710859576364202,-0.0009681545368738294,-0.0013507761430932214,-0.004384912540549629,0.01576379165143301,0.002032541141735794,-0.0009314876475974595,0.002213163885477954,-0.004461037694535773,-0.0013322307064827063,0.0023263121697864476,-0.0009117073024313773,0.0023367886478275453,-0.003216057771534335,0.001379226205401085,0.005491874738408731,0.0031475075950639104,-0.0004783606283480459,0.0008127510476452673,0.0010732426558425407,0.0021970521655711376,-0.0020045871952779426,-0.0011073731215753293,-0.002234114803712591,0.002032541141735794,0.018859667721706913,0.0012952046522563662,0.004943819168171609,0.000631122544690276,0.001502759192367515,-0.002090290751751942,0.00023881541255274237,-0.0002951532692555679,-0.005195042000068468,-0.006225567452155578,0.0005883722041134882,-0.002060320692861233,0.0007969756517028355,-0.002478706282542641,0.003003874364470815,0.003104069635486956,0.00014672264479315383,0.001905814110204585,-0.0027327694136252065,-0.0009314876475974595,0.0012952046522563662,0.008536662619492735,-0.00019134539175113342,2.737018633254047e-5,-0.0010568454373496724,0.0008903141428833445,-0.0017937836868449227,0.0014000906102218966,0.0018137059423415927,0.0006492663824644481,-0.00020431357902352527,-0.0013675011644908698,-0.0009271168773736211,0.0016348344364319773,0.002009262700247598,0.00015942281943237782,-0.0018644246433950412,-0.0011974133450896774,-0.003945687110728938,0.002213163885477954,0.004943819168171609,-0.00019134539175113342,0.017628103735559873
