0.06202333999375499,0.018642195529067422,0.00023773103855561934,-0.004744242467540396,0.023933543736109262,-0.009683651329936895,0.017948144804622666,-0.013199775487495482,0.0039024057699180515,0.022162573224963615,0.005012185276758283,-0.022632919114041153,0.02000532624477221,0.00011565417651541315,0.02202435949410341,-0.015175197934945876,0.010517728103149413,-0.01861615564860626,0.009004411451979215,0.00827836543615637,0.018642195529067422,0.02318244862405111,0.005515087010569372,0.00698157120876938,0.01612082772342192,-0.0004588915429534152,0.007194400821107847,-0.0025636275149745064,0.007743925412598778,0.009291441211774172,0.0076499162727402875,-0.008986068741375326,0.013590125083042552,0.0008869566618917761,0.008959728237903346,8.75078113340413e-5,0.00464108035323851,-0.0031054146337146787,0.0020938821686630254,0.009170531897617878,0.00023773103855561934,0.005515087010569372,0.032828817849451804,0.0035513624101663533,0.005358565193707815,-0.0071558437058178905,0.007562381116219764,0.004660849687286291,-9.481621124336488e-5,0.0023863839482913705,0.00361684244340057,-0.0068293882633250974,-0.0020502291656115034,0.00375472401559987,0.004888939430475723,-0.006298032823708263,-0.006064480402469813,-0.0010282591358475892,0.008240420888543525,0.0006657465792641796,-0.004744242467540396,0.00698157120876938,0.0035513624101663533,0.03454815182020995,0.003433308806117968,0.008632915288937386,0.008172018337783558,0.0013764703637200908,-0.0008761264475462124,-0.0038254614901194364,0.009916035363440392,-0.0024394950471048078,-0.0008237106099109061,0.0004771433197017765,0.006475540660713966,0.006887577765705498,0.0015059273175478333,0.004138383287413085,-0.0016828821700030849,0.0009295340378710332,0.023933543736109262,0.01612082772342192,0.005358565193707815,0.003433308806117968,0.042081504902350804,-0.009714829237907233,0.010419645166555198,-0.0020019041504185115,5.1032473209303673e-5,0.014043581842690379,-0.002164726293672594,-0.02087517213081063,0.017004830787851345,-0.005573465767445088,0.015236222053105028,-0.013430449821397586,0.003288109564037524,-0.01717278234006439,0.018374696004065334,0.006156393824685754,-0.009683651329936895,-0.0004588915429534152,-0.0071558437058178905,0.008632915288937386,-0.009714829237907233,0.04492143649985561,-0.005785448740906184,0.013932721372359812,0.01442211301214492,-0.00994350077936908,0.003386255854625757,0.022171338527909486,-0.008203155500784199,0.015615950526237436,-0.01479848381875617,0.025792791654868315,0.012502817645344066,0.01974649270104164,-0.010689852482889887,-0.0034070127614649745,0.017948144804622666,0.007194400821107847,0.007562381116219764,0.008172018337783558,0.010419645166555198,-0.005785448740906184,0.05414951708548206,0.007783573323619169,-0.002388394966062394,0.014293804788295901,-0.004081984058646643,-0.014507705651478955,0.01595940972589968,-0.00023907700036175715,0.0070980908691903565,-0.006249439340391433,0.011416382111311664,-0.004081048396902737,0.016766607359568468,0.014742017148849838,-0.013199775487495482,-0.0025636275149745064,0.004660849687286291,0.0013764703637200908,-0.0020019041504185115,0.013932721372359812,0.007783573323619169,0.036285963323348984,0.0055321087759564475,-0.004020842613499602,-0.002897738919019163,0.007412135701528933,-0.001727517578950535,0.006849146860769274,-0.011281374147575018,0.008758804829825072,0.0015514079001769441,0.013265345871797323,0.0080802744046982,-0.00016829120668297086,0.0039024057699180515,0.007743925412598778,-9.481621124336488e-5,-0.0008761264475462124,5.1032473209303673e-5,0.01442211301214492,-0.002388394966062394,0.0055321087759564475,0.0282210935149564,0.0004652635649506562,0.008262728772474064,0.00036517758989744605,-0.006700973228532664,0.004716283746022299,-0.002990089470479963,0.01039617935884496,0.000646217864047117,0.011472849778564886,-0.009479821496564345,-3.9752247723277324e-6,0.022162573224963615,0.009291441211774172,0.0023863839482913705,-0.0038254614901194364,0.014043581842690379,-0.00994350077936908,0.014293804788295901,-0.004020842613499602,0.0004652635649506562,0.03240705066117461,0.004696718581990812,-0.011436478629794529,0.016494776582969762,-0.00555676908755064,0.011087212333415346,-0.008944831392626019,0.008937704499427811,-0.005597463061066739,0.011665131334765117,0.009388842767054276,0.005012185276758283,0.0076499162727402875,0.00361684244340057,0.009916035363440392,-0.002164726293672594,0.003386255854625757,-0.004081984058646643,-0.002897738919019163,0.008262728772474064,0.004696718581990812,0.04642949923201956,0.009413608616448736,-0.006211204522906062,0.0002132901961646996,0.0018391385820174459,0.01448435650808573,0.002116912500199005,0.008062040538111184,-0.007104605862001996,-0.0002710159240000346,-0.022632919114041153,-0.008986068741375326,-0.0068293882633250974,-0.0024394950471048078,-0.02087517213081063,0.022171338527909486,-0.014507705651478955,0.007412135701528933,0.00036517758989744605,-0.011436478629794529,0.009413608616448736,0.03846304394896967,-0.016644964143578307,0.008946958701959414,-0.016481968857079365,0.021640135390018966,0.003472872744371594,0.016775347950632884,-0.009134754889561862,-0.012212711394524222,0.02000532624477221,0.013590125083042552,-0.0020502291656115034,-0.0008237106099109061,0.017004830787851345,-0.008203155500784199,0.01595940972589968,-0.001727517578950535,-0.006700973228532664,0.016494776582969762,-0.006211204522906062,-0.016644964143578307,0.048701292368773345,-0.007114245186366027,0.013205002677048739,-0.009747373375224015,0.009348328041692583,-0.011970404164191213,0.00820297570752547,0.0046926964954279275,0.00011565417651541315,0.0008869566618917761,0.00375472401559987,0.0004771433197017765,-0.005573465767445088,0.015615950526237436,-0.00023907700036175715,0.006849146860769274,0.004716283746022299,-0.00555676908755064,0.0002132901961646996,0.008946958701959414,-0.007114245186366027,0.028222336652233115,-0.006605507047694276,0.008008767711515073,0.006683479482832816,0.009941036803332949,-0.006002456013854764,-0.005600349911669335,0.02202435949410341,0.008959728237903346,0.004888939430475723,0.006475540660713966,0.015236222053105028,-0.01479848381875617,0.0070980908691903565,-0.011281374147575018,-0.002990089470479963,0.011087212333415346,0.0018391385820174459,-0.016481968857079365,0.013205002677048739,-0.006605507047694276,0.03310866075597406,-0.016945817719022517,0.0019230946235291456,-0.014050450515287388,0.013135934308481674,0.007931929217259097,-0.015175197934945876,8.75078113340413e-5,-0.006298032823708263,0.006887577765705498,-0.013430449821397586,0.025792791654868315,-0.006249439340391433,0.008758804829825072,0.01039617935884496,-0.008944831392626019,0.01448435650808573,0.021640135390018966,-0.009747373375224015,0.008008767711515073,-0.016945817719022517,0.0446620857281686,0.002234727087705235,0.01706327134338899,-0.016533653319404,-0.009081043039158288,0.010517728103149413,0.00464108035323851,-0.006064480402469813,0.0015059273175478333,0.003288109564037524,0.012502817645344066,0.011416382111311664,0.0015514079001769441,0.000646217864047117,0.008937704499427811,0.002116912500199005,0.003472872744371594,0.009348328041692583,0.006683479482832816,0.0019230946235291456,0.002234727087705235,0.033985434175439005,0.0021186531200410984,0.0048517632247346235,0.002842339437959576,-0.01861615564860626,-0.0031054146337146787,-0.0010282591358475892,0.004138383287413085,-0.01717278234006439,0.01974649270104164,-0.004081048396902737,0.013265345871797323,0.011472849778564886,-0.005597463061066739,0.008062040538111184,0.016775347950632884,-0.011970404164191213,0.009941036803332949,-0.014050450515287388,0.01706327134338899,0.0021186531200410984,0.042265328688164634,-0.009292168950949448,-0.0010850001368333739,0.009004411451979215,0.0020938821686630254,0.008240420888543525,-0.0016828821700030849,0.018374696004065334,-0.010689852482889887,0.016766607359568468,0.0080802744046982,-0.009479821496564345,0.011665131334765117,-0.007104605862001996,-0.009134754889561862,0.00820297570752547,-0.006002456013854764,0.013135934308481674,-0.016533653319404,0.0048517632247346235,-0.009292168950949448,0.045935795053974576,0.008735010633563797,0.00827836543615637,0.009170531897617878,0.0006657465792641796,0.0009295340378710332,0.006156393824685754,-0.0034070127614649745,0.014742017148849838,-0.00016829120668297086,-3.9752247723277324e-6,0.009388842767054276,-0.0002710159240000346,-0.012212711394524222,0.0046926964954279275,-0.005600349911669335,0.007931929217259097,-0.009081043039158288,0.002842339437959576,-0.0010850001368333739,0.008735010633563797,0.02140507932007233
0.02690118852195082,0.012631009146288577,0.013949614386093899,0.0003304670472089316,0.003355255112475445,0.00024162225548436553,-0.0049796403949366064,0.01567851474040278,0.0013218562033217945,-0.0014599362039139927,0.0030962627895108766,0.010551188720418523,-0.024988309817871392,0.006519373496080965,-0.003493460041835078,0.0004038467141874078,-0.004432938802555129,-0.012695137459039073,-0.00784943111452185,0.001244972390505545,0.012631009146288577,0.03842101516516053,0.024132226521193116,-0.0006468654532762986,-0.00299159650937664,-0.014202300993226058,-0.0012062513767901004,0.022175198176515573,0.017371321214764965,-0.0027367589142627212,-0.0027449503838468613,-0.00026989189111519636,-0.04020313910771538,-0.006541146630498242,-0.010020918087086248,-0.00018535882541801437,0.0012833016636947603,-0.012514298577240159,0.026544945350983257,0.001403961514542008,0.013949614386093899,0.024132226521193116,0.06318472942948145,0.008084257201427672,-0.007162061169582217,0.005797681346215149,0.028079399149110656,0.02064976087113016,0.008343802733326551,0.008854540202752694,-0.010829125549284474,-0.020347187574744817,-0.029939791112764368,-0.025721057534688653,-0.0197629516346573,-0.016107497032736704,0.012783678325057547,-0.020714864152554576,0.03638390062790543,-0.013405886736368054,0.0003304670472089316,-0.0006468654532762986,0.008084257201427672,0.023751696037855922,-0.00916891859522405,-0.004902623849174663,0.0012999869135368106,0.007827455758180748,-0.002354477762053313,-0.010669061818503162,-0.003708475404795085,0.005782230223021318,0.012636751635955935,-0.0027573090856916945,-0.009202346196373595,0.007100726342333759,0.000847379745663507,0.0017956633820051756,0.00994442675558133,-0.010274832029900711,0.003355255112475445,-0.00299159650937664,-0.007162061169582217,-0.00916891859522405,0.025985393191851447,0.0016046755395739006,0.003387500460627739,0.0005507926044268485,-0.00033357504076323124,0.008273985757194142,0.00029103464743238534,-0.004376513483233577,-0.006182921006297587,7.824988451171687e-6,-0.00282186881142168,-0.0008546019980584197,0.004151929780955343,0.00242860436027267,-0.016933719148647698,0.0008606255375847355,0.00024162225548436553,-0.014202300993226058,0.005797681346215149,-0.004902623849174663,0.0016046755395739006,0.04582275942390627,0.02452650892601225,-0.005406786070180528,-0.0003025999009434935,0.01790794418464903,-0.010398930722164735,-0.031894260273553,0.011116821076541484,-0.0196876071699479,0.0022555094549342796,-0.015639447560835892,0.019912762547984613,0.006556262241865039,-0.003488330907324406,0.0037525734468017513,-0.0049796403949366064,-0.0012062513767901004,0.028079399149110656,0.0012999869135368106,0.003387500460627739,0.02452650892601225,0.05298025434575309,0.0069763552750494425,0.00018837142088453892,0.018303419892356405,-0.02011150688920836,-0.03607905166861072,0.003072338354091584,-0.026889326705746598,-0.015754024499834707,-0.02321862230698682,0.029266369783328958,-0.0056957522630642085,0.008376028277677926,-0.013697463978379683,0.01567851474040278,0.022175198176515573,0.02064976087113016,0.007827455758180748,0.0005507926044268485,-0.005406786070180528,0.0069763552750494425,0.06322598026266998,0.011244331239859066,-0.005300201207211451,-0.004892698323804541,-0.003775031383640072,-0.026915967898244547,-0.009375323982146078,-0.019295270413899043,-0.002347886621031637,0.02273370907744386,-0.03012964504315645,0.010525809751248765,-0.001800943849713096,0.0013218562033217945,0.017371321214764965,0.008343802733326551,-0.002354477762053313,-0.00033357504076323124,-0.0003025999009434935,0.00018837142088453892,0.011244331239859066,0.038236328556254896,0.0025982763622047545,-0.002037523738753918,-0.008417811887663475,-0.030278933353342304,-0.014619326406709428,0.0020313979650877162,0.011031991224914597,0.005137863267015969,0.0004895479395786469,0.017968285574127607,0.018303572790886152,-0.0014599362039139927,-0.0027367589142627212,0.008854540202752694,-0.010669061818503162,0.008273985757194142,0.01790794418464903,0.018303419892356405,-0.005300201207211451,0.0025982763622047545,0.046307949650393115,-0.0010351389867132783,-0.038154270728905815,-0.00034997643274131294,-0.006956590508636109,-0.006361487556782714,-0.028296233299104023,0.014494756519532132,0.000980952982687383,-0.0021226734662889222,-0.009721713444250213,0.0030962627895108766,-0.0027449503838468613,-0.010829125549284474,-0.003708475404795085,0.00029103464743238534,-0.010398930722164735,-0.02011150688920836,-0.004892698323804541,-0.002037523738753918,-0.0010351389867132783,0.032886445961442065,0.019131974015098425,-0.006630557084757449,0.014406133395736185,0.009342109048462142,0.004544605054645266,-0.021332108714675987,-0.0015914643403382458,-0.0012803648453571757,0.008627222934659695,0.010551188720418523,-0.00026989189111519636,-0.020347187574744817,0.005782230223021318,-0.004376513483233577,-0.031894260273553,-0.03607905166861072,-0.003775031383640072,-0.008417811887663475,-0.038154270728905815,0.019131974015098425,0.07506083112741202,-0.009650307460986319,0.02385870811215296,0.008871936346763112,0.02995523773526245,-0.029017969323260367,-0.002480409405373419,-0.006347625576279695,0.006767009838366849,-0.024988309817871392,-0.04020313910771538,-0.029939791112764368,0.012636751635955935,-0.006182921006297587,0.011116821076541484,0.003072338354091584,-0.026915967898244547,-0.030278933353342304,-0.00034997643274131294,-0.006630557084757449,-0.009650307460986319,0.09341612554278703,0.021087452562598127,0.0008465102489791898,-0.006868050977568509,-0.0030303015264276133,0.01734518236918507,-0.03170945227126125,-0.023000117878630818,0.006519373496080965,-0.006541146630498242,-0.025721057534688653,-0.0027573090856916945,7.824988451171687e-6,-0.0196876071699479,-0.026889326705746598,-0.009375323982146078,-0.014619326406709428,-0.006956590508636109,0.014406133395736185,0.02385870811215296,0.021087452562598127,0.06799650035573358,0.0033684699214031307,0.012207349263127953,-0.037543923201959116,0.0074314274665127755,-0.0313009397379234,-0.014256952911447414,-0.003493460041835078,-0.010020918087086248,-0.0197629516346573,-0.009202346196373595,-0.00282186881142168,0.0022555094549342796,-0.015754024499834707,-0.019295270413899043,0.0020313979650877162,-0.006361487556782714,0.009342109048462142,0.008871936346763112,0.0008465102489791898,0.0033684699214031307,0.036377829083350084,0.01454056129746948,-0.006620905016470427,0.01625167512477907,0.0036303178432749404,0.021682963061246972,0.0004038467141874078,-0.00018535882541801437,-0.016107497032736704,0.007100726342333759,-0.0008546019980584197,-0.015639447560835892,-0.02321862230698682,-0.002347886621031637,0.011031991224914597,-0.028296233299104023,0.004544605054645266,0.02995523773526245,-0.006868050977568509,0.012207349263127953,0.01454056129746948,0.05417264872353331,-0.018455614198118586,0.016959493287234978,0.0009275215948383649,0.029696398736524934,-0.004432938802555129,0.0012833016636947603,0.012783678325057547,0.000847379745663507,0.004151929780955343,0.019912762547984613,0.029266369783328958,0.02273370907744386,0.005137863267015969,0.014494756519532132,-0.021332108714675987,-0.029017969323260367,-0.0030303015264276133,-0.037543923201959116,-0.006620905016470427,-0.018455614198118586,0.06433318456423726,-0.007587214056479399,0.015129592767946997,0.001395146120674113,-0.012695137459039073,-0.012514298577240159,-0.020714864152554576,0.0017956633820051756,0.00242860436027267,0.006556262241865039,-0.0056957522630642085,-0.03012964504315645,0.0004895479395786469,0.000980952982687383,-0.0015914643403382458,-0.002480409405373419,0.01734518236918507,0.0074314274665127755,0.01625167512477907,0.016959493287234978,-0.007587214056479399,0.04706755945072921,-0.0009188391925336651,0.013992089557355508,-0.00784943111452185,0.026544945350983257,0.03638390062790543,0.00994442675558133,-0.016933719148647698,-0.003488330907324406,0.008376028277677926,0.010525809751248765,0.017968285574127607,-0.0021226734662889222,-0.0012803648453571757,-0.006347625576279695,-0.03170945227126125,-0.0313009397379234,0.0036303178432749404,0.0009275215948383649,0.015129592767946997,-0.0009188391925336651,0.08906060702378202,0.016480222041250686,0.001244972390505545,0.001403961514542008,-0.013405886736368054,-0.010274832029900711,0.0008606255375847355,0.0037525734468017513,-0.013697463978379683,-0.001800943849713096,0.018303572790886152,-0.009721713444250213,0.008627222934659695,0.006767009838366849,-0.023000117878630818,-0.014256952911447414,0.021682963061246972,0.029696398736524934,0.001395146120674113,0.013992089557355508,0.016480222041250686,0.06927983953599678
0.029744290875035374,0.005862648135131002,0.012374544626359812,0.01843914259030681,0.01384117294811311,0.010851215602344668,0.00984968167849474,0.011380079656818313,0.0016164653152250337,-0.020263096271214517,-0.005588943071633162,0.0029065090811422113,0.0024008922205032246,-0.009067608414758748,0.0029234625510905846,-0.006551744605345923,-0.005979608639752101,-0.016390395226055586,-0.005815115619737533,-0.01748642842667245,0.005862648135131002,0.02516179294789062,0.01186924526997258,-0.006620120007338557,-0.007567274704249514,0.004464791107115677,0.0019427529975304413,0.00813685399560826,-0.0015651312765437959,0.0013097181628042504,3.412035240120165e-5,-0.006576705563981238,0.002415921855998467,-0.0035559566489396046,-0.006178052862038338,-0.001200041907066679,-0.0055804507732975074,-0.010907367271755623,0.010518386584281395,0.0014154658676439193,0.012374544626359812,0.01186924526997258,0.0390982896754996,0.004244515608537995,-0.0034610971330284917,0.004996979349128615,0.004469207536988126,0.007434239752578785,0.00027223295197592655,-0.014751243132165186,0.000329801368158747,-0.014725450720100956,-0.00011138030371362067,-0.007792738519823238,-0.007362358208922672,0.0033824087449980554,-0.010062108648585841,-0.024026596492627214,0.011863798272892526,-0.0036663855747123626,0.01843914259030681,-0.006620120007338557,0.004244515608537995,0.03809388195471555,0.016518145781985932,0.0022222535190203566,0.006998155012911945,0.002064137337286713,0.00344990187919806,-0.02331783456042527,-0.0052803502774238864,0.0022929056077754264,0.012501263447653808,-0.008316029184725092,-0.006379059269349455,0.0056913787168776375,-0.0016146989926854208,-0.006095107443492885,-0.008775269301647138,-0.02515401812408093,0.01384117294811311,-0.007567274704249514,-0.0034610971330284917,0.016518145781985932,0.055157817253405655,-0.0014085226555616782,0.01787674426930619,0.017209265446941888,0.0010465703009681973,-0.024126152187816517,-0.004375358763833447,-0.0011057881096656233,-0.008934867264280263,-0.007542084526912551,0.0010577095318105145,-0.0010251926316873585,0.006001839262264854,-0.004841093093749317,-0.0121578306908938,-0.02044439101824744,0.010851215602344668,0.004464791107115677,0.004996979349128615,0.0022222535190203566,-0.0014085226555616782,0.016936318279700182,0.004157351495152691,-2.6213913809490508e-5,-0.0002796309797648025,0.0014941881671198215,-0.0016056488242277784,-0.0003845335673935944,0.0030909572156393346,-0.0013091448034885868,-0.002946813753853611,-0.0047695774990778915,-0.0024367841688837317,-0.0022195452331329746,0.00334376722794337,-0.006515094328020943,0.00984968167849474,0.0019427529975304413,0.004469207536988126,0.006998155012911945,0.01787674426930619,0.004157351495152691,0.04735980997993949,0.014505694469236025,-0.001493361687703623,-0.01626190497412746,-0.002551026059478279,0.011079232656359472,-0.002438002917704945,-0.0085948114239047,-0.007053334729613228,-0.004987310986143729,0.00483557100264063,-0.02440131239549264,-1.730832854631814e-5,-0.013405163082122555,0.011380079656818313,0.00813685399560826,0.007434239752578785,0.002064137337286713,0.017209265446941888,-2.6213913809490508e-5,0.014505694469236025,0.07010203544174073,-0.0014381789301325231,-0.035868507741641,0.010736285923830942,0.004499980933163614,-0.021335243370087978,0.0008321625508385128,-0.007246787257376735,0.010026526540510922,-0.0022546968773713982,-0.029009057172008253,0.006414179425634867,0.0006855717561744979,0.0016164653152250337,-0.0015651312765437959,0.00027223295197592655,0.00344990187919806,0.0010465703009681973,-0.0002796309797648025,-0.001493361687703623,-0.0014381789301325231,0.02150468992375145,-0.0014047449174818122,0.000743789529400194,0.0032008374583428973,0.004250952941993314,-0.006807649478385569,-0.0012470931001982157,0.008114184930827694,-0.004948908969088994,-0.007089637538514881,-0.009251889179513275,0.0023205877649160817,-0.020263096271214517,0.0013097181628042504,-0.014751243132165186,-0.02331783456042527,-0.024126152187816517,0.0014941881671198215,-0.01626190497412746,-0.035868507741641,-0.0014047449174818122,0.0640096368706845,-0.00483925614133403,-0.005401472557656236,0.004580563041409852,0.0074507092202821985,0.0036983884739362435,-0.010248141020524291,0.0017190442565152304,0.03096035986851995,0.0073019767664431,0.010584038401068531,-0.005588943071633162,3.412035240120165e-5,0.000329801368158747,-0.0052803502774238864,-0.004375358763833447,-0.0016056488242277784,-0.002551026059478279,0.010736285923830942,0.000743789529400194,-0.00483925614133403,0.02572137065090476,0.006078254481842741,0.0009967878772713097,0.006604404036328188,-0.010265708878688152,0.005507919333116021,-0.005135160495219657,-0.0029601602068130917,-0.004989435777850608,0.011786776780600517,0.0029065090811422113,-0.006576705563981238,-0.014725450720100956,0.0022929056077754264,-0.0011057881096656233,-0.0003845335673935944,0.011079232656359472,0.004499980933163614,0.0032008374583428973,-0.005401472557656236,0.006078254481842741,0.04155829152595365,0.004715849228468048,-0.005445244580521703,-0.0029925508358518336,-0.005718089154794674,-0.0065609808841083925,-0.0031963605320524035,-0.009827201300395752,-0.0035486318859862765,0.0024008922205032246,0.002415921855998467,-0.00011138030371362067,0.012501263447653808,-0.008934867264280263,0.0030909572156393346,-0.002438002917704945,-0.021335243370087978,0.004250952941993314,0.004580563041409852,0.0009967878772713097,0.004715849228468048,0.05300488016224706,0.005999232857100016,-0.010633644896231191,0.0046868019791356675,-0.0048000159057349015,0.0011825597685465883,-0.011702746581503583,-0.0023467198728193304,-0.009067608414758748,-0.0035559566489396046,-0.007792738519823238,-0.008316029184725092,-0.007542084526912551,-0.0013091448034885868,-0.0085948114239047,0.0008321625508385128,-0.006807649478385569,0.0074507092202821985,0.006604404036328188,-0.005445244580521703,0.005999232857100016,0.03494641778703331,0.002106141093558167,0.0023484418042608503,0.0030928833904887636,0.012315580086403585,0.0038105175815327914,0.006364837673533906,0.0029234625510905846,-0.006178052862038338,-0.007362358208922672,-0.006379059269349455,0.0010577095318105145,-0.002946813753853611,-0.007053334729613228,-0.007246787257376735,-0.0012470931001982157,0.0036983884739362435,-0.010265708878688152,-0.0029925508358518336,-0.010633644896231191,0.002106141093558167,0.03500805284262583,-0.006799917033547689,0.004201514299203417,0.01480708305886808,0.00024003816081687515,-0.007816184291042711,-0.006551744605345923,-0.001200041907066679,0.0033824087449980554,0.0056913787168776375,-0.0010251926316873585,-0.0047695774990778915,-0.004987310986143729,0.010026526540510922,0.008114184930827694,-0.010248141020524291,0.005507919333116021,-0.005718089154794674,0.0046868019791356675,0.0023484418042608503,-0.006799917033547689,0.035668864587215084,-0.0010512632147623444,-0.00424109018823056,-0.004663383046258134,0.010319964576530359,-0.005979608639752101,-0.0055804507732975074,-0.010062108648585841,-0.0016146989926854208,0.006001839262264854,-0.0024367841688837317,0.00483557100264063,-0.0022546968773713982,-0.004948908969088994,0.0017190442565152304,-0.005135160495219657,-0.0065609808841083925,-0.0048000159057349015,0.0030928833904887636,0.004201514299203417,-0.0010512632147623444,0.03073388042457672,0.008263447067859954,0.0024122009703535403,0.004101173470146146,-0.016390395226055586,-0.010907367271755623,-0.024026596492627214,-0.006095107443492885,-0.004841093093749317,-0.0022195452331329746,-0.02440131239549264,-0.029009057172008253,-0.007089637538514881,0.03096035986851995,-0.0029601602068130917,-0.0031963605320524035,0.0011825597685465883,0.012315580086403585,0.01480708305886808,-0.00424109018823056,0.008263447067859954,0.06353989845237062,-0.01227976987621964,0.002312940794092196,-0.005815115619737533,0.010518386584281395,0.011863798272892526,-0.008775269301647138,-0.0121578306908938,0.00334376722794337,-1.730832854631814e-5,0.006414179425634867,-0.009251889179513275,0.0073019767664431,-0.004989435777850608,-0.009827201300395752,-0.011702746581503583,0.0038105175815327914,0.00024003816081687515,-0.004663383046258134,0.0024122009703535403,-0.01227976987621964,0.04638353606858691,-0.0016996526045991766,-0.01748642842667245,0.0014154658676439193,-0.0036663855747123626,-0.02515401812408093,-0.02044439101824744,-0.006515094328020943,-0.013405163082122555,0.0006855717561744979,0.0023205877649160817,0.010584038401068531,0.011786776780600517,-0.0035486318859862765,-0.0023467198728193304,0.006364837673533906,-0.007816184291042711,0.010319964576530359,0.004101173470146146,0.002312940794092196,-0.0016996526045991766,0.047117367410644755
