0.04595949495404823,0.021580546831191896,-0.00019484566762674758,0.01884406074746993,-0.0028693050365864777,-0.01821403221806792,0.0032185119153619536,0.01671316063549998,-0.00794927709815664,0.0025056515696678452,-0.008293369260375924,-0.022163579610370396,-0.017287798276783346,-0.015171438641861561,0.00188862181036656,0.011330844691502598,-0.006170795142779453,-0.011056580126699123,0.0085638082084382,0.013021081909250873,0.021580546831191896,0.06777948356682578,-0.011738905218257968,0.008631337620373849,-0.009307212666210842,-0.023642010596112616,-0.00824280449937953,0.032456071988097523,-0.0037122435815536547,0.00841296064631185,-0.008858283326634204,-0.025306408916959962,-0.013894995342999868,-0.025673522921233947,-0.004135900901618217,-0.00541152972817645,-0.03456427689173294,-0.010738637906033787,0.022098349070165675,0.03130954661788458,-0.00019484566762674758,-0.011738905218257968,0.03899351213097103,-0.00792441416297591,0.0061020763075767485,0.001899617637799585,0.00025389669294557384,-0.0027807653976991997,0.006517271884635347,-0.004943565756347931,0.005042281391319417,0.01626922955379446,0.006733714150824058,0.013394908382090193,0.003718282405574797,-0.006722634190150657,0.0042283726845257635,0.011826225814541128,-0.0007674364879570955,-0.011411251870630534,0.01884406074746993,0.008631337620373849,-0.00792441416297591,0.03675211505906988,0.0008578023119668579,-0.0042479319526742875,0.012625434574636041,0.004952982290939606,-0.002548710825522175,0.00856980471480424,-0.00325897189556326,-0.012073177490438129,-0.0072971890514174735,-0.009417479637896124,-0.004455088789430475,0.01669557474320726,0.0012498232660811746,-0.011557617868780224,0.007826452592558295,0.01078190510830809,-0.0028693050365864777,-0.009307212666210842,0.0061020763075767485,0.0008578023119668579,0.02000148326222918,0.00502823532416371,-0.0005779329103613251,-0.007561308163581372,0.009196175433938187,0.0034425782402184198,0.005380820312695222,0.004245576789617102,0.009368152796955676,0.0021524698230032525,0.004217182776517042,-0.006085408859751894,0.013399681206236295,-0.003674666078510468,0.00028757965431700503,-0.014473508941178652,-0.01821403221806792,-0.023642010596112616,0.001899617637799585,-0.0042479319526742875,0.00502823532416371,0.036598413652445566,-0.005609291321728347,-0.02204065621659701,0.003620720554858701,-0.008564249180698976,0.0052815468341228765,0.021432438197647206,0.0057655332287336455,0.01459737737841453,0.0013088790570029,0.00791371450427399,0.025742201982007017,0.005912485389079064,-0.015241098102188301,-0.02066724820750763,0.0032185119153619536,-0.00824280449937953,0.00025389669294557384,0.012625434574636041,-0.0005779329103613251,-0.005609291321728347,0.025556767699260213,-0.0015959153194323795,0.0019362794844482692,0.004774148183050593,-0.004048570661510233,-0.006198664226040075,-0.0027141419376179666,0.0012408536914410675,0.004728477424990912,0.014087194139998122,0.00902012213493259,0.00048542691157362134,-0.0042977838585072665,-0.006448221535830943,0.01671316063549998,0.032456071988097523,-0.0027807653976991997,0.004952982290939606,-0.007561308163581372,-0.02204065621659701,-0.0015959153194323795,0.05240776667819667,-0.005564370250417526,0.0028838601260500344,-0.011297863623368055,-0.025782654484093556,-0.014096203329539283,-0.0237551032803936,-0.009774626313205224,0.0002670601868149594,-0.03522398543362683,-0.007881838843412063,0.018676429091296097,0.04048819404625488,-0.00794927709815664,-0.0037122435815536547,0.006517271884635347,-0.002548710825522175,0.009196175433938187,0.003620720554858701,0.0019362794844482692,-0.005564370250417526,0.040083688194463014,0.010744638800921828,0.0051057993726271195,0.009730406139709826,0.01319446530369492,-0.0010272412563620834,0.0042060546762623776,-0.017793440800861995,0.009544996765575017,0.0009969641435424756,0.0034597692994071012,-0.01345829893214096,0.0025056515696678452,0.00841296064631185,-0.004943565756347931,0.00856980471480424,0.0034425782402184198,-0.008564249180698976,0.004774148183050593,0.0028838601260500344,0.010744638800921828,0.03646929521522823,0.011080918090605605,-0.009050038097817324,0.011914485444228278,-0.001634847633706323,0.014054568931747388,-0.010117100194373743,0.004837108619485126,-0.009315178934228258,0.009081065030644642,-0.004831562570022975,-0.008293369260375924,-0.008858283326634204,0.005042281391319417,-0.00325897189556326,0.005380820312695222,0.0052815468341228765,-0.004048570661510233,-0.011297863623368055,0.0051057993726271195,0.011080918090605605,0.034478588116325475,0.012685690391994176,0.019392306422573898,0.017075786971507523,0.022094569573376237,-0.012895295107089248,0.01589402085022958,-0.0013199878545715749,0.0015668975527340762,-0.013760056672271703,-0.022163579610370396,-0.025306408916959962,0.01626922955379446,-0.012073177490438129,0.004245576789617102,0.021432438197647206,-0.006198664226040075,-0.025782654484093556,0.009730406139709826,-0.009050038097817324,0.012685690391994176,0.04945793225409253,0.011562558997075251,0.02963609790289572,0.0052558837449394255,-0.0019289951569767389,0.02545076278442022,0.0198931806412817,-0.011921146252536294,-0.02411723989353721,-0.017287798276783346,-0.013894995342999868,0.006733714150824058,-0.0072971890514174735,0.009368152796955676,0.0057655332287336455,-0.0027141419376179666,-0.014096203329539283,0.01319446530369492,0.011914485444228278,0.019392306422573898,0.011562558997075251,0.04802588332350739,0.027288317247455993,0.021174017421984954,-0.02143397840246609,0.012878188867858863,0.006478394741982874,-0.0031229343823399166,-0.02385215423550855,-0.015171438641861561,-0.025673522921233947,0.013394908382090193,-0.009417479637896124,0.0021524698230032525,0.01459737737841453,0.0012408536914410675,-0.0237551032803936,-0.0010272412563620834,-0.001634847633706323,0.017075786971507523,0.02963609790289572,0.027288317247455993,0.05686910192942696,0.013121370075798488,-0.005749766417575112,0.021662705243203087,0.023846558140930358,-0.011840168556767032,-0.022466355618055295,0.00188862181036656,-0.004135900901618217,0.003718282405574797,-0.004455088789430475,0.004217182776517042,0.0013088790570029,0.004728477424990912,-0.009774626313205224,0.0042060546762623776,0.014054568931747388,0.022094569573376237,0.0052558837449394255,0.021174017421984954,0.013121370075798488,0.04469402938208076,-0.01494395506213848,0.013397237743386154,-0.004893429392840222,-0.004740936269281756,-0.019534611796045327,0.011330844691502598,-0.00541152972817645,-0.006722634190150657,0.01669557474320726,-0.006085408859751894,0.00791371450427399,0.014087194139998122,0.0002670601868149594,-0.017793440800861995,-0.010117100194373743,-0.012895295107089248,-0.0019289951569767389,-0.02143397840246609,-0.005749766417575112,-0.01494395506213848,0.05836940473186042,0.0033146297087020106,0.004912577766297551,-0.0035712765770949317,0.006184904458947682,-0.006170795142779453,-0.03456427689173294,0.0042283726845257635,0.0012498232660811746,0.013399681206236295,0.025742201982007017,0.00902012213493259,-0.03522398543362683,0.009544996765575017,0.004837108619485126,0.01589402085022958,0.02545076278442022,0.012878188867858863,0.021662705243203087,0.013397237743386154,0.0033146297087020106,0.06880830574634536,0.001449885108949685,-0.01748852939226731,-0.03811000353029824,-0.011056580126699123,-0.010738637906033787,0.011826225814541128,-0.011557617868780224,-0.003674666078510468,0.005912485389079064,0.00048542691157362134,-0.007881838843412063,0.0009969641435424756,-0.009315178934228258,-0.0013199878545715749,0.0198931806412817,0.006478394741982874,0.023846558140930358,-0.004893429392840222,0.004912577766297551,0.001449885108949685,0.038110708595656156,-0.01059169420160241,-0.003920069529911764,0.0085638082084382,0.022098349070165675,-0.0007674364879570955,0.007826452592558295,0.00028757965431700503,-0.015241098102188301,-0.0042977838585072665,0.018676429091296097,0.0034597692994071012,0.009081065030644642,0.0015668975527340762,-0.011921146252536294,-0.0031229343823399166,-0.011840168556767032,-0.004740936269281756,-0.0035712765770949317,-0.01748852939226731,-0.01059169420160241,0.04368723359001063,0.0194003679397786,0.013021081909250873,0.03130954661788458,-0.011411251870630534,0.01078190510830809,-0.014473508941178652,-0.02066724820750763,-0.006448221535830943,0.04048819404625488,-0.01345829893214096,-0.004831562570022975,-0.013760056672271703,-0.02411723989353721,-0.02385215423550855,-0.022466355618055295,-0.019534611796045327,0.006184904458947682,-0.03811000353029824,-0.003920069529911764,0.0194003679397786,0.06371009175195644
0.040741534282130086,-0.028264478225435527,0.017315505961061895,-0.01813155968136004,0.005988479514758956,-0.004051710268692917,-0.017278930432362477,-0.00964901491405409,-0.0003611116029047411,-0.007414924346084242,-0.011767371386121769,-0.007383666703647356,0.016539777245266337,0.005582906275927295,-0.013173535816902171,0.00025313658002858196,0.01721999618390703,0.0061158659513130655,0.0079345358232482,-0.009868941439446511,-0.028264478225435527,0.10282537277390369,0.019562045771307157,0.07725206422373404,-0.03341372339762089,0.011428411013215744,0.029442102612252836,-0.010791780582237304,-0.0561568247097045,-0.0029978672795698746,0.016228630539065314,0.05357185345579209,-0.034067346517589914,-0.023070805182779673,0.060698965291885176,-0.0019075882728911045,-0.061801724470282204,-0.07341761521226711,-0.02293876026062719,-0.004952340406446124,0.017315505961061895,0.019562045771307157,0.10035162095679634,0.02277603073076682,-0.017714757635347116,0.006972300742943629,-0.0019670044264662014,-0.030064325105317046,-0.04324681091083088,-0.06288424767475254,0.002197797518315882,0.03480280952610624,-0.036809778083049305,0.01148742063997548,0.05155408823792633,-0.012191914892536761,-0.012410464933035992,-0.017277740612444022,-0.007847449346811718,-0.01769278223922749,-0.01813155968136004,0.07725206422373404,0.02277603073076682,0.1407441122251075,-0.037243476927806156,0.01514527096396373,0.02035083699941591,-0.003093730257321953,-0.059380884164641545,0.0019569455823023785,0.040992764445309235,0.05095053982294159,-0.042506755215226025,-0.02822270533216105,0.06623202229090926,-0.008532000974683374,-0.08041290644952928,-0.10508129010959806,-0.02109774293879789,-0.018359845016992105,0.005988479514758956,-0.03341372339762089,-0.017714757635347116,-0.037243476927806156,0.04361091247397568,-0.006902491573370713,-0.012107910638325198,-0.001202197353588512,0.032245007761429426,0.011920611286613533,-0.016161768967847424,-0.03231947573250331,0.016024623504711462,0.0037152328478634667,-0.0274964942352845,0.006918928964306292,0.020689834628351653,0.027341023452793663,0.009586608639614967,0.007509420727645752,-0.004051710268692917,0.011428411013215744,0.006972300742943629,0.01514527096396373,-0.006902491573370713,0.02093839186372882,0.005307927055175054,0.004518513938710424,-0.019343763348031666,-0.002054657642406473,0.00897587269028275,0.005449565958243009,-0.01772165297669836,-0.00809699876630322,0.01848618650911444,-0.0026688234404372937,-0.0128723775174783,-0.014525464914709095,-0.004434195622928707,-0.0034667639786481385,-0.017278930432362477,0.029442102612252836,-0.0019670044264662014,0.02035083699941591,-0.012107910638325198,0.005307927055175054,0.0662968542817079,0.006603816291591876,-0.017743643112187735,0.015993090320623838,0.029935746735441283,0.023318217427234188,-0.012907209376822167,-0.02141042700179578,0.0070283631088932106,0.00023059552273513073,-0.028217018884654846,-0.03642242476066153,-0.020695309952095425,-6.449199135978394e-5,-0.00964901491405409,-0.010791780582237304,-0.030064325105317046,-0.003093730257321953,-0.001202197353588512,0.004518513938710424,0.006603816291591876,0.04562568837228109,-0.002619862781368838,0.01489007364871395,0.015493733539031867,-0.005113355665530164,-0.008670782270351242,0.0004640579475431897,-0.004892305149575392,-0.00310746717310007,-0.00966381172435817,0.0035331195017081407,-0.0003869079394378043,0.006565361445117903,-0.0003611116029047411,-0.0561568247097045,-0.04324681091083088,-0.059380884164641545,0.032245007761429426,-0.019343763348031666,-0.017743643112187735,-0.002619862781368838,0.09208712590000061,0.02603553243059404,-0.02473663249009099,-0.04656860687424562,0.04575692274504571,0.01733522066464553,-0.06427256648640955,0.01466859898161934,0.040979513945343576,0.06385653327212974,0.019886745321478008,0.019329341550025303,-0.007414924346084242,-0.0029978672795698746,-0.06288424767475254,0.0019569455823023785,0.011920611286613533,-0.002054657642406473,0.015993090320623838,0.01489007364871395,0.02603553243059404,0.08740368420848056,0.014357834900353535,-0.019379620587680627,0.02716795032650528,-0.02282762199340794,-0.04247156780108361,0.013786382734532261,-0.010657720946195659,-0.013289603394008302,-0.001219672007430428,0.0002671791929216126,-0.011767371386121769,0.016228630539065314,0.002197797518315882,0.040992764445309235,-0.016161768967847424,0.00897587269028275,0.029935746735441283,0.015493733539031867,-0.02473663249009099,0.014357834900353535,0.049779278857350624,0.02414482057865162,-0.02699237129996873,-0.006450799990325911,0.02093907418118115,-0.0033980777960456237,-0.02919155218587951,-0.039480273108092975,-0.017401395967827922,-0.012345217410684218,-0.007383666703647356,0.05357185345579209,0.03480280952610624,0.05095053982294159,-0.03231947573250331,0.005449565958243009,0.023318217427234188,-0.005113355665530164,-0.04656860687424562,-0.019379620587680627,0.02414482057865162,0.07007824977758106,-0.036594694078216916,-0.010430339198797187,0.03892838013500228,-0.005547457482019693,-0.04279858908503284,-0.044189087983398864,-0.021202543442415067,-0.0106031016841909,0.016539777245266337,-0.034067346517589914,-0.036809778083049305,-0.042506755215226025,0.016024623504711462,-0.01772165297669836,-0.012907209376822167,-0.008670782270351242,0.04575692274504571,0.02716795032650528,-0.02699237129996873,-0.036594694078216916,0.06744818670747621,0.004952683726434157,-0.04798853198026998,0.012409557264985448,0.03402150905689238,0.03042530286721249,0.015284522219997498,0.008495901521949633,0.005582906275927295,-0.023070805182779673,0.01148742063997548,-0.02822270533216105,0.0037152328478634667,-0.00809699876630322,-0.02141042700179578,0.0004640579475431897,0.01733522066464553,-0.02282762199340794,-0.006450799990325911,-0.010430339198797187,0.004952683726434157,0.03251352914595016,-0.007837781885654566,-0.003376490286480722,0.022735260216666046,0.04361223048692072,0.0017881119936569703,0.000496226014690571,-0.013173535816902171,0.060698965291885176,0.05155408823792633,0.06623202229090926,-0.0274964942352845,0.01848618650911444,0.0070283631088932106,-0.004892305149575392,-0.06427256648640955,-0.04247156780108361,0.02093907418118115,0.03892838013500228,-0.04798853198026998,-0.007837781885654566,0.08672782787998262,-0.013248430388594488,-0.046455144990726165,-0.05524340719746286,-0.018635816294008015,-0.015566631434381143,0.00025313658002858196,-0.0019075882728911045,-0.012191914892536761,-0.008532000974683374,0.006918928964306292,-0.0026688234404372937,0.00023059552273513073,-0.00310746717310007,0.01466859898161934,0.013786382734532261,-0.0033980777960456237,-0.005547457482019693,0.012409557264985448,-0.003376490286480722,-0.013248430388594488,0.018666902642667602,0.007414749112289617,-0.003483647527465918,-0.00023887379031383528,0.00041144126442758944,0.01721999618390703,-0.061801724470282204,-0.012410464933035992,-0.08041290644952928,0.020689834628351653,-0.0128723775174783,-0.028217018884654846,-0.00966381172435817,0.040979513945343576,-0.010657720946195659,-0.02919155218587951,-0.04279858908503284,0.03402150905689238,0.022735260216666046,-0.046455144990726165,0.007414749112289617,0.08646124848534759,0.06918329051629662,0.015805393467296175,0.0005814172217239576,0.0061158659513130655,-0.07341761521226711,-0.017277740612444022,-0.10508129010959806,0.027341023452793663,-0.014525464914709095,-0.03642242476066153,0.0035331195017081407,0.06385653327212974,-0.013289603394008302,-0.039480273108092975,-0.044189087983398864,0.03042530286721249,0.04361223048692072,-0.05524340719746286,-0.003483647527465918,0.06918329051629662,0.14050872835547953,0.018064757163947856,0.01885498961339298,0.0079345358232482,-0.02293876026062719,-0.007847449346811718,-0.02109774293879789,0.009586608639614967,-0.004434195622928707,-0.020695309952095425,-0.0003869079394378043,0.019886745321478008,-0.001219672007430428,-0.017401395967827922,-0.021202543442415067,0.015284522219997498,0.0017881119936569703,-0.018635816294008015,-0.00023887379031383528,0.015805393467296175,0.018064757163947856,0.030962755964505536,0.005947329649011634,-0.009868941439446511,-0.004952340406446124,-0.01769278223922749,-0.018359845016992105,0.007509420727645752,-0.0034667639786481385,-6.449199135978394e-5,0.006565361445117903,0.019329341550025303,0.0002671791929216126,-0.012345217410684218,-0.0106031016841909,0.008495901521949633,0.000496226014690571,-0.015566631434381143,0.00041144126442758944,0.0005814172217239576,0.01885498961339298,0.005947329649011634,0.04597341806994014
