0.04510058358761481,0.010154660276311685,0.020747770000584326,-0.008328270941033394,-0.0014205233899233767,-0.007514668118551436,-0.0010292660195926862,0.005528871051989632,-0.015190705011637246,0.006229600912424382,0.008960268204198294,-0.0007139234693570089,-0.008965169420504186,0.014326335575866201,-0.002019403443297153,-0.0075620217857246975,-0.012683460820019896,0.003518303642066575,-0.02237249067915405,0.007992402477403255,0.010154660276311685,0.023492493009294343,0.009556349932541869,0.0015305509282843325,-0.0005787919552882842,-0.008787691509354104,-0.00027834379091612834,0.002726889044292766,0.00868101485069566,0.0015938125781553483,0.007935012778573917,-0.003184743503151866,-0.003856667585202869,0.0012190050431790975,0.003923383484905736,-0.0021088458338801045,-0.006399964830633948,0.0019369201942695798,-0.00906796896198855,0.0057203773774658195,0.020747770000584326,0.009556349932541869,0.04759151471508848,0.009990349961925842,-0.00861142306172575,-0.003681340665343866,-0.006604552184814847,-0.003460094748647995,-0.019020552028596534,-0.0070501696819488795,0.013897043299542899,-0.011662861611802092,-0.008764752262553289,0.000435652912964296,0.0005767762292859717,0.0034602715262484277,-0.0033550402793937413,0.00658301450190913,-0.01415967166300095,0.006288397472370366,-0.008328270941033394,0.0015305509282843325,0.009990349961925842,0.03730806316698117,-0.00012432965674395182,-0.0052747994891040985,-0.009868233762124881,-0.0034141355076757083,-0.00362854064144041,-0.007386346974819593,0.0028248958704625753,-0.0075279085066191475,-0.00700522578607053,-0.01035861645283953,-0.0005485073833208958,0.009795180870383557,0.011313641511894807,-0.005689876751745964,0.007812864271129549,0.006456508943887067,-0.0014205233899233767,-0.0005787919552882842,-0.00861142306172575,-0.00012432965674395182,0.03764681717962658,-0.0009621133554576589,-0.005594361388390475,-0.0002366273915579819,0.015867300552662725,-0.0005880028978048354,0.007535088202078489,-0.019395506113126723,0.012900900645407505,-0.0036169853095630233,-0.012982352198097579,-0.014300529206551636,-0.0066110708581143835,-0.003327629266175789,-0.004440265159877572,0.027026607040920237,-0.007514668118551436,-0.008787691509354104,-0.003681340665343866,-0.0052747994891040985,-0.0009621133554576589,0.03374308477040319,0.00963102989903138,-0.004602479782772206,-0.002281469088610374,-0.006996807483744274,-0.006945979541729659,0.00823619687473063,0.015565780000376004,-0.0015703563908366367,-9.445485804374662e-5,-0.00015579091171619142,0.00018678353572996125,0.003011039821009334,0.0024975776872953595,-0.00544510571939188,-0.0010292660195926862,-0.00027834379091612834,-0.006604552184814847,-0.009868233762124881,-0.005594361388390475,0.00963102989903138,0.028880199562145673,-0.0034547405305955714,-5.9039720104637745e-5,-0.005813148592795802,-0.0016952567383124548,0.006078344239213013,0.007497023418485295,-0.007684603348592094,0.0015193144295189863,-0.00035876267257278874,0.005567614646095854,-0.003953909128286699,-0.00048399800975478565,-0.008294908374260734,0.005528871051989632,0.002726889044292766,-0.003460094748647995,-0.0034141355076757083,-0.0002366273915579819,-0.004602479782772206,-0.0034547405305955714,0.0238453962634372,-0.0006038135309140013,0.011418438045014322,-0.0007364857901064428,0.003686499781942526,-0.010786092716406386,0.006088387494243111,0.000490220439207469,-0.004173030119093904,-0.005981800524547869,-0.001587470862533452,0.004178306100285272,-0.0029973330783593967,-0.015190705011637246,0.00868101485069566,-0.019020552028596534,-0.00362854064144041,0.015867300552662725,-0.002281469088610374,-5.9039720104637745e-5,-0.0006038135309140013,0.04817565734508939,-0.0044996680256401776,0.005360480732008892,-0.0006796523253568515,0.0044458114287367345,-0.018250907450319417,0.006097290836819296,-0.005613287493141944,-0.0002765105963703598,0.0005219409161095282,0.0167512343510431,-0.0002932419260727892,0.006229600912424382,0.0015938125781553483,-0.0070501696819488795,-0.007386346974819593,-0.0005880028978048354,-0.006996807483744274,-0.005813148592795802,0.011418438045014322,-0.0044996680256401776,0.03353258976995439,-0.004195559667354193,0.009703556268393847,-0.01272776363651611,0.012531144420282721,0.0002527134970618034,0.0005663829808730202,-0.01062081028588037,0.0020221625671246043,0.0017578437105422512,-0.0068917555524686475,0.008960268204198294,0.007935012778573917,0.013897043299542899,0.0028248958704625753,0.007535088202078489,-0.006945979541729659,-0.0016952567383124548,-0.0007364857901064428,0.005360480732008892,-0.004195559667354193,0.028587401887439086,-0.019471163221317554,0.000913534571396796,-0.006949482821554177,-0.007829268615670019,-0.002659225059678679,-0.00025280070663174104,-0.00011691198417597285,-0.010326611258728087,0.02043224740781921,-0.0007139234693570089,-0.003184743503151866,-0.011662861611802092,-0.0075279085066191475,-0.019395506113126723,0.00823619687473063,0.006078344239213013,0.003686499781942526,-0.0006796523253568515,0.009703556268393847,-0.019471163221317554,0.05594764126742869,-0.00904066009284095,0.014106356913623889,0.0203645781362276,0.008734988338793291,-0.00110786550911185,0.0022598400813792483,0.006974652498708319,-0.035112990240514855,-0.008965169420504186,-0.003856667585202869,-0.008764752262553289,-0.00700522578607053,0.012900900645407505,0.015565780000376004,0.007497023418485295,-0.010786092716406386,0.0044458114287367345,-0.01272776363651611,0.000913534571396796,-0.00904066009284095,0.03387365587260063,-0.004057622208387589,-0.007745326889710166,-0.008459578455205705,-0.0015505644203122012,-0.0008195828365602845,-0.002085003874783451,0.00732408916042226,0.014326335575866201,0.0012190050431790975,0.000435652912964296,-0.01035861645283953,-0.0036169853095630233,-0.0015703563908366367,-0.007684603348592094,0.006088387494243111,-0.018250907450319417,0.012531144420282721,-0.006949482821554177,0.014106356913623889,-0.004057622208387589,0.03259994697542392,0.005308486569144618,-0.0004733692532168506,-0.01382320187946898,0.005267914890356173,-0.012843813988911996,-0.010648333768725878,-0.002019403443297153,0.003923383484905736,0.0005767762292859717,-0.0005485073833208958,-0.012982352198097579,-9.445485804374662e-5,0.0015193144295189863,0.000490220439207469,0.006097290836819296,0.0002527134970618034,-0.007829268615670019,0.0203645781362276,-0.007745326889710166,0.005308486569144618,0.02589368736358295,0.007296656756831422,-0.0021747371311838445,0.007185931494870495,0.006027748429672967,-0.025198571331936467,-0.0075620217857246975,-0.0021088458338801045,0.0034602715262484277,0.009795180870383557,-0.014300529206551636,-0.00015579091171619142,-0.00035876267257278874,-0.004173030119093904,-0.005613287493141944,0.0005663829808730202,-0.002659225059678679,0.008734988338793291,-0.008459578455205705,-0.0004733692532168506,0.007296656756831422,0.027065618708990217,0.013085271444604982,-0.0005111142977046828,0.002536094738403153,-0.009546299518497075,-0.012683460820019896,-0.006399964830633948,-0.0033550402793937413,0.011313641511894807,-0.0066110708581143835,0.00018678353572996125,0.005567614646095854,-0.005981800524547869,-0.0002765105963703598,-0.01062081028588037,-0.00025280070663174104,-0.00110786550911185,-0.0015505644203122012,-0.01382320187946898,-0.0021747371311838445,0.013085271444604982,0.03177585518688948,-0.011081509606053844,0.011412928621255109,-0.0019323786598792916,0.003518303642066575,0.0019369201942695798,0.00658301450190913,-0.005689876751745964,-0.003327629266175789,0.003011039821009334,-0.003953909128286699,-0.001587470862533452,0.0005219409161095282,0.0020221625671246043,-0.00011691198417597285,0.0022598400813792483,-0.0008195828365602845,0.005267914890356173,0.007185931494870495,-0.0005111142977046828,-0.011081509606053844,0.019516580199253203,-0.0022127570837339483,-0.011196251255405477,-0.02237249067915405,-0.00906796896198855,-0.01415967166300095,0.007812864271129549,-0.004440265159877572,0.0024975776872953595,-0.00048399800975478565,0.004178306100285272,0.0167512343510431,0.0017578437105422512,-0.010326611258728087,0.006974652498708319,-0.002085003874783451,-0.012843813988911996,0.006027748429672967,0.002536094738403153,0.011412928621255109,-0.0022127570837339483,0.04570774696148081,-0.013565404442890176,0.007992402477403255,0.0057203773774658195,0.006288397472370366,0.006456508943887067,0.027026607040920237,-0.00544510571939188,-0.008294908374260734,-0.0029973330783593967,-0.0002932419260727892,-0.0068917555524686475,0.02043224740781921,-0.035112990240514855,0.00732408916042226,-0.010648333768725878,-0.025198571331936467,-0.009546299518497075,-0.0019323786598792916,-0.011196251255405477,-0.013565404442890176,0.06733362889019581
0.036116132664099916,-0.0038510444272375306,0.0018682185179165391,-0.0058570278696294786,0.004703568978481556,-0.020228672631578324,0.0001743254321962138,-0.0030521512675007567,-0.018223279784349226,-0.0004487189042914701,0.014095849831630846,-0.00933558474693923,0.0009659135786498929,0.003227787618485643,-0.013765011390943431,0.0009406810163514589,-0.00432305228871299,-0.006929145804532067,-0.028462828081477473,0.02510871109263707,-0.0038510444272375306,0.02160301085309206,0.009591758064039578,0.008998272968421036,-0.005319427285337661,-0.00243912110191391,0.0061118838712508694,0.0020269370217304303,0.005110795891212199,-0.0030246529385668285,-0.001259691898493022,-0.00816187887787667,0.0011603711249514558,-0.006083621059597314,0.00881361186031767,-0.0033011477152060597,0.006661412522238418,0.008683624347912554,0.00890157910344247,-0.002280782131316391,0.0018682185179165391,0.009591758064039578,0.04788343851083319,-0.007197961987348371,-0.012635209525576903,-0.022853717891896122,-0.010186942594505876,0.0072911082162759825,-0.017506482978104865,0.024597793970383003,0.008426738890381476,0.002239642021773301,-0.01527975548827028,0.013468898179739994,0.0021002637743118262,0.014459561423019076,0.006410200952726653,0.01398852445671863,0.0024808960692864887,-0.018241280327315756,-0.0058570278696294786,0.008998272968421036,-0.007197961987348371,0.04921318910260431,0.000986409389978142,0.006663655808731687,0.011632254142922595,-0.0036230827153979476,0.005497781335497803,-0.02656618136275172,-0.004051720658318613,-0.01929879800155658,0.00909148280351884,-0.0372505631404038,-0.005751348697162921,-0.01673872283110915,0.006127966812877146,0.013456485673327308,0.027060778756465897,-0.002278485803632571,0.004703568978481556,-0.005319427285337661,-0.012635209525576903,0.000986409389978142,0.0307674999187767,0.003989477532064694,0.0053175494555755915,-0.004537681603868984,0.009642703708825993,-0.012793433060263,0.011639230234616474,-0.014540859112460072,0.015856315171197316,-0.006106654147230522,-0.012616627665681104,-0.006607343494268723,-0.012032906600893137,0.0012070163890800845,-0.013300809201446873,0.023065975045367983,-0.020228672631578324,-0.00243912110191391,-0.022853717891896122,0.006663655808731687,0.003989477532064694,0.06308302770006001,0.021514693814761315,-0.013863179043273725,0.029051772293825228,-0.029708900252792096,-0.02848218089006555,-0.0005412149914711164,0.017860686488944864,-0.032865224836312636,0.0022296471839996354,-0.0161348727719154,0.0015948605245625167,0.004421406914023256,0.012286823923937224,-0.01136205232351144,0.0001743254321962138,0.0061118838712508694,-0.010186942594505876,0.011632254142922595,0.0053175494555755915,0.021514693814761315,0.048025690250746315,-0.012793400866143213,0.006325030822943166,-0.03758269321885439,-0.013379829339149121,-0.021085391264114753,0.016534732801746336,-0.044120125486254116,-0.0010750013836307345,-0.006155780180177553,0.007779504002908151,0.0017341857991677934,0.005590224740412554,0.01456038898595484,-0.0030521512675007567,0.0020269370217304303,0.0072911082162759825,-0.0036230827153979476,-0.004537681603868984,-0.013863179043273725,-0.012793400866143213,0.021784043068360907,-0.0029680490999240442,0.019699398278090967,0.007079671882219552,0.013789394162328038,-0.01435386343212506,0.015295174734347161,0.007070984186898819,0.0019827145140739128,0.0022530200464291276,0.003635254742708433,0.0066810532134166534,-0.010024123852558763,-0.018223279784349226,0.005110795891212199,-0.017506482978104865,0.005497781335497803,0.009642703708825993,0.029051772293825228,0.006325030822943166,-0.0029680490999240442,0.042614534064977116,-0.026664816889048877,0.0006646872678733873,-0.006505278329172042,0.008139833113544801,-0.024496467011397887,-0.0008480585863091002,-0.012658042125167138,-0.002448275383540416,0.004263129777772395,0.01889478953988165,0.007263750769496551,-0.0004487189042914701,-0.0030246529385668285,0.024597793970383003,-0.02656618136275172,-0.012793433060263,-0.029708900252792096,-0.03758269321885439,0.019699398278090967,-0.026664816889048877,0.07986104379428337,-0.012037688361490191,0.047136735347459546,-0.0436513723401241,0.07173941675280297,0.028530471206038376,0.02075358632643632,-0.005050819549557077,0.002314755983785517,-0.0060591415273077084,-0.051742259263658164,0.014095849831630846,-0.001259691898493022,0.008426738890381476,-0.004051720658318613,0.011639230234616474,-0.02848218089006555,-0.013379829339149121,0.007079671882219552,0.0006646872678733873,-0.012037688361490191,0.06138667158757932,-0.02821350671243105,0.016235488347355085,-0.0029751730084184792,-0.02976791517625617,0.0011304584260123911,-0.005986455890075943,0.0027116404863739402,-0.01229045752989185,0.05285398766574096,-0.00933558474693923,-0.00816187887787667,0.002239642021773301,-0.01929879800155658,-0.014540859112460072,-0.0005412149914711164,-0.021085391264114753,0.013789394162328038,-0.006505278329172042,0.047136735347459546,-0.02821350671243105,0.07811203657314476,-0.03964601914478749,0.05460993709447243,0.04850579428004746,0.0061057482313163144,0.0006149778048449107,-0.0006491423848110783,-0.0013372599059925257,-0.0631024836798143,0.0009659135786498929,0.0011603711249514558,-0.01527975548827028,0.00909148280351884,0.015856315171197316,0.017860686488944864,0.016534732801746336,-0.01435386343212506,0.008139833113544801,-0.0436513723401241,0.016235488347355085,-0.03964601914478749,0.06167415161113192,-0.042956635332217864,-0.030739757466354625,-0.008001280541407356,-0.0014134337377546646,-0.000649473902807395,-0.009329035246289565,0.045212198069593576,0.003227787618485643,-0.006083621059597314,0.013468898179739994,-0.0372505631404038,-0.006106654147230522,-0.032865224836312636,-0.044120125486254116,0.015295174734347161,-0.024496467011397887,0.07173941675280297,-0.0029751730084184792,0.05460993709447243,-0.042956635332217864,0.10525960831986549,0.03432988952673962,0.023838593334138323,-0.00884647086584477,-0.01645415253798923,-0.0199640144370362,-0.044948025748445024,-0.013765011390943431,0.00881361186031767,0.0021002637743118262,-0.005751348697162921,-0.012616627665681104,0.0022296471839996354,-0.0010750013836307345,0.007070984186898819,-0.0008480585863091002,0.028530471206038376,-0.02976791517625617,0.04850579428004746,-0.030739757466354625,0.03432988952673962,0.06888682729805665,0.0027437739572777663,0.004067682891414803,0.002293305910722921,0.0005984289513254596,-0.05669644314407886,0.0009406810163514589,-0.0033011477152060597,0.014459561423019076,-0.01673872283110915,-0.006607343494268723,-0.0161348727719154,-0.006155780180177553,0.0019827145140739128,-0.012658042125167138,0.02075358632643632,0.0011304584260123911,0.0061057482313163144,-0.008001280541407356,0.023838593334138323,0.0027437739572777663,0.03249383138050147,0.004166429040429358,-0.0076123529939586855,-0.004509090640629138,-0.0034663832490936597,-0.00432305228871299,0.006661412522238418,0.006410200952726653,0.006127966812877146,-0.012032906600893137,0.0015948605245625167,0.007779504002908151,0.0022530200464291276,-0.002448275383540416,-0.005050819549557077,-0.005986455890075943,0.0006149778048449107,-0.0014134337377546646,-0.00884647086584477,0.004067682891414803,0.004166429040429358,0.023323406942103324,-0.0016545405519297718,0.015920915663549827,-0.004666234312944563,-0.006929145804532067,0.008683624347912554,0.01398852445671863,0.013456485673327308,0.0012070163890800845,0.004421406914023256,0.0017341857991677934,0.003635254742708433,0.004263129777772395,0.002314755983785517,0.0027116404863739402,-0.0006491423848110783,-0.000649473902807395,-0.01645415253798923,0.002293305910722921,-0.0076123529939586855,-0.0016545405519297718,0.03889671639009672,0.010636635371287196,-0.017340884654700864,-0.028462828081477473,0.00890157910344247,0.0024808960692864887,0.027060778756465897,-0.013300809201446873,0.012286823923937224,0.005590224740412554,0.0066810532134166534,0.01889478953988165,-0.0060591415273077084,-0.01229045752989185,-0.0013372599059925257,-0.009329035246289565,-0.0199640144370362,0.0005984289513254596,-0.004509090640629138,0.015920915663549827,0.010636635371287196,0.060235191336423424,-0.01805763942411085,0.02510871109263707,-0.002280782131316391,-0.018241280327315756,-0.002278485803632571,0.023065975045367983,-0.01136205232351144,0.01456038898595484,-0.010024123852558763,0.007263750769496551,-0.051742259263658164,0.05285398766574096,-0.0631024836798143,0.045212198069593576,-0.044948025748445024,-0.05669644314407886,-0.0034663832490936597,-0.004666234312944563,-0.017340884654700864,-0.01805763942411085,0.11505438701318271
0.07234954962565798,0.030544376997017515,0.004667857456245058,0.038601222287118486,-0.02871438767614131,-0.0432878649737244,0.0054118840123374146,-0.039120741567375265,-0.0007732849494110614,0.014732114057499933,0.010309576352722491,-0.006599940365615568,-0.02124378782102643,-0.006640298555846896,0.021546272816511475,-0.027924587994544753,0.0072612881711719285,0.05358498569158611,-0.018568470566973683,-0.011399694750669102,0.030544376997017515,0.03862407079562316,-0.003419713440570564,0.02189319517775548,-0.011576110272258706,-0.022696124788181497,0.002499752865115084,-0.01078272549467157,0.006983094492644135,-0.0050539710058442044,0.004562984582301135,-0.0033831355282903436,-0.00871588222439112,-0.0005692630861513852,0.007402213598421423,-0.009488584118065094,-0.0024083739181389855,0.01868605196826588,-0.010837274330158034,-0.007042171554012701,0.004667857456245058,-0.003419713440570564,0.03290869039108141,-0.0026793968396098523,-0.0034325791986107483,-0.000931666023871102,-0.010035430915454464,-0.005292871883922329,-0.007385926103466469,0.012083011804871462,-0.0048680579414096346,0.00244707588384556,-0.004499932971334926,-0.0037999914546776184,0.0056970250729954895,-0.0022078187907690378,-0.003909210801918445,0.005016365205667864,-0.004452460556943702,0.002048580794229491,0.038601222287118486,0.02189319517775548,-0.0026793968396098523,0.04551289973520359,-0.015081908482018382,-0.026548736361397884,-0.0015433644142670076,-0.024691762162357057,4.065365354889109e-5,0.005748731225721759,0.009603820540240088,-0.006012706841325055,-0.019713495009173493,-0.006472065287008631,0.012366876572188224,-0.012834885212235773,0.00599630762234013,0.0227660369314599,-0.007898260902157228,-0.0032540085280039002,-0.02871438767614131,-0.011576110272258706,-0.0034325791986107483,-0.015081908482018382,0.04201299981043818,0.01838746858802313,0.0009657628942576118,0.02231080229579276,0.005881912700018942,-0.008323042983515706,-0.005792784579262803,0.0034712542871921815,0.012254508365223654,-0.0003183130065655015,-0.007976197960394614,0.006411859334442174,-0.0048098375696363355,-0.025037957946202224,0.008089072938282997,-0.010362270559899894,-0.0432878649737244,-0.022696124788181497,-0.000931666023871102,-0.026548736361397884,0.01838746858802313,0.04834536108140137,-0.0031447810879826985,0.029431370216660355,-0.0032617747191244295,-0.007483637583768268,-0.006375107936303384,0.002488337086378119,0.01742594183431243,0.0003203542840192788,-0.013105735928553752,0.020621723975353123,-0.014636224132435833,-0.03761575783598883,0.012539783614554403,0.008474985170227762,0.0054118840123374146,0.002499752865115084,-0.010035430915454464,-0.0015433644142670076,0.0009657628942576118,-0.0031447810879826985,0.024066101232434065,-0.007246933193955992,0.004772812380388857,-0.0024486029105598235,0.0012488029801303168,-0.0071571473364197,-0.00012463814838231148,0.004881017273690622,-0.0023952053456102345,0.003238108109273608,6.532116519681702e-5,0.004429631130971074,0.0012160040767518446,0.0009425368387855587,-0.039120741567375265,-0.01078272549467157,-0.005292871883922329,-0.024691762162357057,0.02231080229579276,0.029431370216660355,-0.007246933193955992,0.04866517595727285,0.006482878750868764,-0.018313402137247494,-0.010651646706471708,0.007971821304104558,0.016637099627363892,0.007614408655061718,-0.015891119889900076,0.022104488481627244,-0.010250177976967933,-0.03715599707102159,0.013291704250034585,-0.0025364958571219656,-0.0007732849494110614,0.006983094492644135,-0.007385926103466469,4.065365354889109e-5,0.005881912700018942,-0.0032617747191244295,0.004772812380388857,0.006482878750868764,0.023997992551171313,-0.009760709291531356,-0.005018710359094209,-0.0007170412497845346,0.00531967729027409,0.0062512182174813725,-0.003600333627614002,0.006431198154475419,0.0009528636278656634,-0.0018014843800938018,-0.0004865314592588618,-0.008625582881310693,0.014732114057499933,-0.0050539710058442044,0.012083011804871462,0.005748731225721759,-0.008323042983515706,-0.007483637583768268,-0.0024486029105598235,-0.018313402137247494,-0.009760709291531356,0.026795175900886568,-0.000609016750765729,0.0001703024171691563,-0.009950760632717161,-0.0070398985530331585,0.009369048175045051,-0.009856156131853786,0.0003408759406765883,0.01587723846949524,-0.0046710128566320504,0.0027392079635884807,0.010309576352722491,0.004562984582301135,-0.0048680579414096346,0.009603820540240088,-0.005792784579262803,-0.006375107936303384,0.0012488029801303168,-0.010651646706471708,-0.005018710359094209,-0.000609016750765729,0.02090760452485466,-0.002775646721755051,-0.008173538793846639,-0.004239717218704648,-0.0036605706613514997,-0.003198720796586253,0.004262387357450953,0.004959624657156658,0.002044386984978488,0.005773628095211316,-0.006599940365615568,-0.0033831355282903436,0.00244707588384556,-0.006012706841325055,0.0034712542871921815,0.002488337086378119,-0.0071571473364197,0.007971821304104558,-0.0007170412497845346,0.0001703024171691563,-0.002775646721755051,0.019708057959239775,0.000956867011628926,-0.0003000107489247889,-0.005424607600137243,0.003936725430158357,-0.006391815758082697,-0.011454199731628992,0.004766249545719215,-0.002036644433287915,-0.02124378782102643,-0.00871588222439112,-0.004499932971334926,-0.019713495009173493,0.012254508365223654,0.01742594183431243,-0.00012463814838231148,0.016637099627363892,0.00531967729027409,-0.009950760632717161,-0.008173538793846639,0.000956867011628926,0.025675592538490367,0.006257005633038319,-0.008574871690671327,0.010140212927467737,-0.004366732007262111,-0.014776957709229483,0.005373562619031257,-0.0006896032588773886,-0.006640298555846896,-0.0005692630861513852,-0.0037999914546776184,-0.006472065287008631,-0.0003183130065655015,0.0003203542840192788,0.004881017273690622,0.007614408655061718,0.0062512182174813725,-0.0070398985530331585,-0.004239717218704648,-0.0003000107489247889,0.006257005633038319,0.021372897111454892,-0.00614288821083488,0.005911006259230624,0.002001264860981529,-0.001459533510995653,0.0033675706520189946,-0.009953401109108539,0.021546272816511475,0.007402213598421423,0.0056970250729954895,0.012366876572188224,-0.007976197960394614,-0.013105735928553752,-0.0023952053456102345,-0.015891119889900076,-0.003600333627614002,0.009369048175045051,-0.0036605706613514997,-0.005424607600137243,-0.008574871690671327,-0.00614288821083488,0.034247570516378,-0.01286728167414673,0.0012045174188927256,0.020822985067467176,-0.01662578900341479,0.0001452055705444785,-0.027924587994544753,-0.009488584118065094,-0.0022078187907690378,-0.012834885212235773,0.006411859334442174,0.020621723975353123,0.003238108109273608,0.022104488481627244,0.006431198154475419,-0.009856156131853786,-0.003198720796586253,0.003936725430158357,0.010140212927467737,0.005911006259230624,-0.01286728167414673,0.03328302728733354,-0.008233022858190168,-0.027402308108032288,0.010889163608143685,0.002581502940286048,0.0072612881711719285,-0.0024083739181389855,-0.003909210801918445,0.00599630762234013,-0.0048098375696363355,-0.014636224132435833,6.532116519681702e-5,-0.010250177976967933,0.0009528636278656634,0.0003408759406765883,0.004262387357450953,-0.006391815758082697,-0.004366732007262111,0.002001264860981529,0.0012045174188927256,-0.008233022858190168,0.028031632815358806,0.008577308129198383,0.0009919681945693769,0.0019168606457921262,0.05358498569158611,0.01868605196826588,0.005016365205667864,0.0227660369314599,-0.025037957946202224,-0.03761575783598883,0.004429631130971074,-0.03715599707102159,-0.0018014843800938018,0.01587723846949524,0.004959624657156658,-0.011454199731628992,-0.014776957709229483,-0.001459533510995653,0.020822985067467176,-0.027402308108032288,0.008577308129198383,0.06936256329259809,-0.023106044193326937,-0.006469279231481413,-0.018568470566973683,-0.010837274330158034,-0.004452460556943702,-0.007898260902157228,0.008089072938282997,0.012539783614554403,0.0012160040767518446,0.013291704250034585,-0.0004865314592588618,-0.0046710128566320504,0.002044386984978488,0.004766249545719215,0.005373562619031257,0.0033675706520189946,-0.01662578900341479,0.010889163608143685,0.0009919681945693769,-0.023106044193326937,0.025588433993080154,0.00021283174577112977,-0.011399694750669102,-0.007042171554012701,0.002048580794229491,-0.0032540085280039002,-0.010362270559899894,0.008474985170227762,0.0009425368387855587,-0.0025364958571219656,-0.008625582881310693,0.0027392079635884807,0.005773628095211316,-0.002036644433287915,-0.0006896032588773886,-0.009953401109108539,0.0001452055705444785,0.002581502940286048,0.0019168606457921262,-0.006469279231481413,0.00021283174577112977,0.03312207982396362
