0.02525964191602701,-0.0033583315245277958,-0.0003587868669708249,-0.0005460870014800247,0.0020515070058114643,0.0038534857632465257,0.0012741096982104546,0.005306373401547,-0.003429950631233908,0.0020297181303120947,0.0061277519026802,-0.006611338818636807,0.004964092765230242,-0.0063771510304178325,0.00273994572520192,0.0029285086536029723,0.005160037837327439,-0.001685398631282298,-0.001312049444671331,0.007784273054932912,-0.0033583315245277958,0.017620166423996022,0.001196172793045714,0.009698169532100768,0.011307011093286742,-0.004584111639426883,0.0068987063415747235,-0.007311228457523912,0.004089692111535063,0.0018155764975627858,0.006552305749931405,0.003718485883039504,-0.0013137879976974668,0.010802367637143779,-0.00218919306858845,0.002170341564992466,-0.004692112026482056,0.0035054722478985332,0.0019790604739128724,-0.005768235546913072,-0.0003587868669708249,0.001196172793045714,0.013340182728078869,-0.002031305070858695,0.0036020933558175657,-0.0016489379135608945,-0.0018061341774953824,0.0012628061637817527,0.0016556649325284868,-0.000997929290288957,0.0002536346172289957,0.0031831283146741066,-0.0034532167774480316,0.0006738264172608333,0.0005645777897761283,-0.0030177595836787,0.0035877358712568287,-0.0032191165130910824,-0.005292871188812179,0.0026491815708125305,-0.0005460870014800247,0.009698169532100768,-0.002031305070858695,0.0329661548242397,0.0086080452252622,0.0039698761499375726,0.01942733994335593,-0.0014224512175935382,-0.00015744652787515737,0.008010482135528678,0.0007369347001439016,0.008305621825518424,0.003359554580461689,-0.0023866673453824135,0.00414964319134664,-0.003013267802168978,-0.005434746706064584,0.008279745619013682,0.0013681254996287826,-0.008256207898318053,0.0020515070058114643,0.011307011093286742,0.0036020933558175657,0.0086080452252622,0.017060658901123835,-0.0025030701385635405,0.004284199710586576,-0.005742176954542615,0.0034062199407315086,0.002238040588415783,0.0019285013985692297,0.004232364585512155,-0.001765537722261373,0.008926412444002415,0.0003094157913190635,-0.000567932735800784,-0.002010271109906143,0.007495182252255542,0.004229680743430058,0.003628936862535577,0.0038534857632465257,-0.004584111639426883,-0.0016489379135608945,0.0039698761499375726,-0.0025030701385635405,0.011995344851180156,-0.002928529133278111,0.0051053750086071615,-0.0017314973499777948,0.006920819193127222,0.005039060369702927,-0.0022851027997424153,0.00163747744589417,-0.008063230044273294,-7.163916903367556e-5,-0.0009739430959303098,0.0021161104284875684,0.005723604518389273,-0.0026160822950808444,0.003126194507858242,0.0012741096982104546,0.0068987063415747235,-0.0018061341774953824,0.01942733994335593,0.004284199710586576,-0.002928529133278111,0.022681675574621085,-0.0064280989968077094,0.003821712087079361,0.002792632121716764,-0.001768082119648403,0.00689820246037944,0.0014551035643956983,0.0006536946913346339,0.00036482561131374435,-0.0006920452505143439,0.0022213675504957893,0.009156736069560079,-0.001085450857880306,-0.004443686743891467,0.005306373401547,-0.007311228457523912,0.0012628061637817527,-0.0014224512175935382,-0.005742176954542615,0.0051053750086071615,-0.0064280989968077094,0.018334555999119043,0.001804381125687043,-0.00251842264831427,-0.0013388110485939055,-0.0012285017384434703,0.0010885643932580537,-0.007950688473346464,-0.00048392596266788796,-0.0017064615732459137,-0.00010447396594562741,-0.006183199967425593,-0.001212298237086395,0.0015748729709035493,-0.003429950631233908,0.004089692111535063,0.0016556649325284868,-0.00015744652787515737,0.0034062199407315086,-0.0017314973499777948,0.003821712087079361,0.001804381125687043,0.012255627633113735,0.000675891594250806,-0.001151360722605936,0.004109997518116247,-0.0050639552594786055,0.004916348649393063,-0.0022579957232937995,0.0016045676278040656,0.0041542831187916344,0.007421190298644895,0.0003319157487058015,-0.0008595026844541425,0.0020297181303120947,0.0018155764975627858,-0.000997929290288957,0.008010482135528678,0.002238040588415783,0.006920819193127222,0.002792632121716764,-0.00251842264831427,0.000675891594250806,0.010527077085849403,0.005326809366444312,0.00012859960968229626,-0.001829833634368234,-0.0017498705552679373,0.0033531924655167246,0.0008648519091664891,-0.0005633055625441333,0.007985288927542439,-0.0015557262335716773,-0.0006547555743045347,0.0061277519026802,0.006552305749931405,0.0002536346172289957,0.0007369347001439016,0.0019285013985692297,0.005039060369702927,-0.001768082119648403,-0.0013388110485939055,-0.001151360722605936,0.005326809366444312,0.01404268135133382,-0.0037172112930651618,0.0007425361366455298,-0.003130737148010235,-0.0014499296951625948,0.0038024857672975423,0.0035370805519465464,0.0012764625259318704,-0.0008918982494338487,0.0007202714755242618,-0.006611338818636807,0.003718485883039504,0.0031831283146741066,0.008305621825518424,0.004232364585512155,-0.0022851027997424153,0.00689820246037944,-0.0012285017384434703,0.004109997518116247,0.00012859960968229626,-0.0037172112930651618,0.012512707492645903,-0.007233804066338518,0.0014474323949038215,-0.0018573284031381202,-0.002881888841468629,-0.0038048752139546497,0.003001948886811448,0.004531298516811467,0.0020174668252957986,0.004964092765230242,-0.0013137879976974668,-0.0034532167774480316,0.003359554580461689,-0.001765537722261373,0.00163747744589417,0.0014551035643956983,0.0010885643932580537,-0.0050639552594786055,-0.001829833634368234,0.0007425361366455298,-0.007233804066338518,0.009816448186399141,-0.0029836229277675356,0.0009302552407922943,0.00014207700514597816,0.0026999402895774606,-0.0018117429910461862,-0.0032305366162960697,-0.003664594569216406,-0.0063771510304178325,0.010802367637143779,0.0006738264172608333,-0.0023866673453824135,0.008926412444002415,-0.008063230044273294,0.0006536946913346339,-0.007950688473346464,0.004916348649393063,-0.0017498705552679373,-0.003130737148010235,0.0014474323949038215,-0.0029836229277675356,0.023185924440949534,-0.004030237108680621,-0.0008336356261172534,-0.0115810251168452,0.006327433026892002,-0.0034405317828578585,-0.0032118337306904286,0.00273994572520192,-0.00218919306858845,0.0005645777897761283,0.00414964319134664,0.0003094157913190635,-7.163916903367556e-5,0.00036482561131374435,-0.00048392596266788796,-0.0022579957232937995,0.0033531924655167246,-0.0014499296951625948,-0.0018573284031381202,0.0009302552407922943,-0.004030237108680621,0.008944786263767525,0.0016363050953289587,0.000701825788254444,-0.004034399166433226,0.001957953623599651,-0.004708685346063016,0.0029285086536029723,0.002170341564992466,-0.0030177595836787,-0.003013267802168978,-0.000567932735800784,-0.0009739430959303098,-0.0006920452505143439,-0.0017064615732459137,0.0016045676278040656,0.0008648519091664891,0.0038024857672975423,-0.002881888841468629,0.00014207700514597816,-0.0008336356261172534,0.0016363050953289587,0.005284983346772066,0.003418211194352412,-0.001471695416857132,0.0034156471786412753,-0.002691612626262698,0.005160037837327439,-0.004692112026482056,0.0035877358712568287,-0.005434746706064584,-0.002010271109906143,0.0021161104284875684,0.0022213675504957893,-0.00010447396594562741,0.0041542831187916344,-0.0005633055625441333,0.0035370805519465464,-0.0038048752139546497,0.0026999402895774606,-0.0115810251168452,0.000701825788254444,0.003418211194352412,0.02180468846729359,0.00283694979997297,-0.001014813592397697,0.0036604241412857897,-0.001685398631282298,0.0035054722478985332,-0.0032191165130910824,0.008279745619013682,0.007495182252255542,0.005723604518389273,0.009156736069560079,-0.006183199967425593,0.007421190298644895,0.007985288927542439,0.0012764625259318704,0.003001948886811448,-0.0018117429910461862,0.006327433026892002,-0.004034399166433226,-0.001471695416857132,0.00283694979997297,0.02253068069512703,-0.0030030282889080507,0.004855329360332432,-0.001312049444671331,0.0019790604739128724,-0.005292871188812179,0.0013681254996287826,0.004229680743430058,-0.0026160822950808444,-0.001085450857880306,-0.001212298237086395,0.0003319157487058015,-0.0015557262335716773,-0.0008918982494338487,0.004531298516811467,-0.0032305366162960697,-0.0034405317828578585,0.001957953623599651,0.0034156471786412753,-0.001014813592397697,-0.0030030282889080507,0.015144762159589927,0.00206708523557589,0.007784273054932912,-0.005768235546913072,0.0026491815708125305,-0.008256207898318053,0.003628936862535577,0.003126194507858242,-0.004443686743891467,0.0015748729709035493,-0.0008595026844541425,-0.0006547555743045347,0.0007202714755242618,0.0020174668252957986,-0.003664594569216406,-0.0032118337306904286,-0.004708685346063016,-0.002691612626262698,0.0036604241412857897,0.004855329360332432,0.00206708523557589,0.018091490254753873
0.013478123521569917,-0.0008644242346852976,0.011803243557850836,-0.0016420235308233064,-0.007447427237976163,0.005148221469772145,-0.0009907628046285713,0.0033985743635910814,0.002740214858887753,-0.001552288599028708,0.003236137120680181,-0.0014832318846344638,-0.00018952240850368327,-0.009875640236724423,-0.00030684461663333523,0.0012420404573531315,0.008345268420209575,0.009474552533360806,0.007460405458345799,0.005640212332482682,-0.0008644242346852976,0.03415547671380231,-0.0053172234183450975,-0.0022592180797157716,-0.02149208182213125,-0.011838760273645079,0.014841103599663567,-0.003649115347587982,0.0035566471435795116,0.006810165534602787,0.014895295245114334,-0.0018967720072589176,0.01649152331493834,-0.0032389278264350592,0.006419695989609531,0.014100876451547317,-0.002668153625386695,-0.0011425098235214063,0.004332068844439839,-0.009689670291062154,0.011803243557850836,-0.0053172234183450975,0.08491552333112795,-0.008992306405536422,0.00892899381421193,-0.0030244898374450846,-0.02856981480463123,0.0069102837991992065,0.032586375715127486,-0.015581250161273081,0.02145523897116825,0.007420174038961183,0.016598785759684636,0.004678143072750456,0.01986110851166848,-0.018409616726398157,0.011353391032075343,0.03888966990464486,0.0034135401618143784,0.03078633223463257,-0.0016420235308233064,-0.0022592180797157716,-0.008992306405536422,0.006252026859296229,0.0018100026992019188,-0.005545958600770584,0.0003384305987305144,-0.001244818915177528,-0.008256849967125538,0.0015936104632321775,-0.006869606141517882,-0.008684825904282219,-0.006068699304044751,-0.00484887982048,-0.0034647931471077803,-0.00017941028097868402,-0.0035991090111154203,0.0003739852145343717,0.0004225251017404732,-0.0036689792608100573,-0.007447427237976163,-0.02149208182213125,0.00892899381421193,0.0018100026992019188,0.0344412680676406,0.005045050347675986,-0.008272811674531866,-0.0049296294499671855,0.0011155177894574772,0.001147662351732575,-0.011693636505641668,0.0049891792802470355,-0.0018522692276871228,0.018948655052963278,-0.003975821291859274,-0.018619872321439204,0.0009701927933774758,-0.004521619261082609,-0.015052535573227159,0.0028882363794125194,0.005148221469772145,-0.011838760273645079,-0.0030244898374450846,-0.005545958600770584,0.005045050347675986,0.03068738262127013,0.001912425022426471,-0.0029629294416181687,-0.002430968402524018,0.0015368310425097763,0.003976428244443036,0.002651251118901174,-0.008011614431086642,-0.003485843495233775,0.0025930213099347073,-0.009275824394957468,0.011399501296832688,-0.01084286439913374,0.0002654116316698762,0.003482731977398585,-0.0009907628046285713,0.014841103599663567,-0.02856981480463123,0.0003384305987305144,-0.008272811674531866,0.001912425022426471,0.023027034946212926,-0.004326158105218778,-0.0051395481261730675,0.011542910357836368,0.0017112729750711486,-0.004248030795659769,0.002339265224041917,-0.00041581990108915837,-0.004125365660903025,0.013444557000091725,-0.0022746376217074094,-0.01737394871363826,0.0020116269147034006,-0.014181256870187876,0.0033985743635910814,-0.003649115347587982,0.0069102837991992065,-0.001244818915177528,-0.0049296294499671855,-0.0029629294416181687,-0.004326158105218778,0.01674839786095974,0.005528467154021761,-0.005140852495890523,-0.009464226581782153,0.003538269064722317,-0.009615790661231407,-0.006605022891380227,-0.0033465706411214286,0.0009250469131940496,-0.00257974791636783,0.006372272990963493,0.0026431941564767007,0.008028207124258176,0.002740214858887753,0.0035566471435795116,0.032586375715127486,-0.008256849967125538,0.0011155177894574772,-0.002430968402524018,-0.0051395481261730675,0.005528467154021761,0.029301535810551622,-0.004935272142657057,0.013491473513376245,0.007142516072702413,0.014240610606287944,0.011942768845387251,0.01596180574004281,-0.0012448995674729363,0.0026506159900198147,0.014522212003251371,0.0023173364881029952,0.012102263089233548,-0.001552288599028708,0.006810165534602787,-0.015581250161273081,0.0015936104632321775,0.001147662351732575,0.0015368310425097763,0.011542910357836368,-0.005140852495890523,-0.004935272142657057,0.009794104216145443,-0.0016101817842728867,-0.004415306328079153,0.001227197739735098,0.0019383153192362966,-0.003058224387006295,0.003498865198278037,-0.000955974548204054,-0.008732455580205738,-0.003112696704875381,-0.011204665790430163,0.003236137120680181,0.014895295245114334,0.02145523897116825,-0.006869606141517882,-0.011693636505641668,0.003976428244443036,0.0017112729750711486,-0.009464226581782153,0.013491473513376245,-0.0016101817842728867,0.03115576747667912,-0.002791890538036884,0.015119540267139499,-0.0007596710494939193,0.01869380930927822,0.004910177536388317,0.004716770046278341,0.0073762805622067384,0.008349545658962851,0.003968455127180161,-0.0014832318846344638,-0.0018967720072589176,0.007420174038961183,-0.008684825904282219,0.0049891792802470355,0.002651251118901174,-0.004248030795659769,0.003538269064722317,0.007142516072702413,-0.004415306328079153,-0.002791890538036884,0.027000097636659573,0.0114026806988478,0.016805660476681715,-0.00721200085651657,-0.0012963567581543893,0.004188065346998563,-0.007049596958007948,-0.008876657320176184,0.005258671658291683,-0.00018952240850368327,0.01649152331493834,0.016598785759684636,-0.006068699304044751,-0.0018522692276871228,-0.008011614431086642,0.002339265224041917,-0.009615790661231407,0.014240610606287944,0.001227197739735098,0.015119540267139499,0.0114026806988478,0.03198987543455071,0.019962060096538604,0.008660038248124861,0.0027685943754025034,0.004692180107059344,0.0032068869473804765,-0.0017139391090134418,-0.0003575251825588977,-0.009875640236724423,-0.0032389278264350592,0.004678143072750456,-0.00484887982048,0.018948655052963278,-0.003485843495233775,-0.00041581990108915837,-0.006605022891380227,0.011942768845387251,0.0019383153192362966,-0.0007596710494939193,0.016805660476681715,0.019962060096538604,0.03273590172374938,0.0008590630946851705,-0.0038939917713190337,-0.0012883418211744593,-0.008010271479776752,-0.012981154140668402,-0.0022550867526244423,-0.00030684461663333523,0.006419695989609531,0.01986110851166848,-0.0034647931471077803,-0.003975821291859274,0.0025930213099347073,-0.004125365660903025,-0.0033465706411214286,0.01596180574004281,-0.003058224387006295,0.01869380930927822,-0.00721200085651657,0.008660038248124861,0.0008590630946851705,0.022355398615742508,-0.004410407417074661,0.0017474435430714867,0.011551278819586423,0.006287301775151812,0.006918549336995627,0.0012420404573531315,0.014100876451547317,-0.018409616726398157,-0.00017941028097868402,-0.018619872321439204,-0.009275824394957468,0.013444557000091725,0.0009250469131940496,-0.0012448995674729363,0.003498865198278037,0.004910177536388317,-0.0012963567581543893,0.0027685943754025034,-0.0038939917713190337,-0.004410407417074661,0.02173712081181417,-0.005719223113885221,-0.005244347118537987,0.00689119850467876,-0.008764350175026619,0.008345268420209575,-0.002668153625386695,0.011353391032075343,-0.0035991090111154203,0.0009701927933774758,0.011399501296832688,-0.0022746376217074094,-0.00257974791636783,0.0026506159900198147,-0.000955974548204054,0.004716770046278341,0.004188065346998563,0.004692180107059344,-0.0012883418211744593,0.0017474435430714867,-0.005719223113885221,0.01114773074473184,0.0030465654059793593,0.001686083370736877,0.005256024160546331,0.009474552533360806,-0.0011425098235214063,0.03888966990464486,0.0003739852145343717,-0.004521619261082609,-0.01084286439913374,-0.01737394871363826,0.006372272990963493,0.014522212003251371,-0.008732455580205738,0.0073762805622067384,-0.007049596958007948,0.0032068869473804765,-0.008010271479776752,0.011551278819586423,-0.005244347118537987,0.0030465654059793593,0.03254091609230541,0.0071034586269859605,0.01241320755801227,0.007460405458345799,0.004332068844439839,0.0034135401618143784,0.0004225251017404732,-0.015052535573227159,0.0002654116316698762,0.0020116269147034006,0.0026431941564767007,0.0023173364881029952,-0.003112696704875381,0.008349545658962851,-0.008876657320176184,-0.0017139391090134418,-0.012981154140668402,0.006287301775151812,0.00689119850467876,0.001686083370736877,0.0071034586269859605,0.013187238445027269,0.004702347846769816,0.005640212332482682,-0.009689670291062154,0.03078633223463257,-0.0036689792608100573,0.0028882363794125194,0.003482731977398585,-0.014181256870187876,0.008028207124258176,0.012102263089233548,-0.011204665790430163,0.003968455127180161,0.005258671658291683,-0.0003575251825588977,-0.0022550867526244423,0.006918549336995627,-0.008764350175026619,0.005256024160546331,0.01241320755801227,0.004702347846769816,0.020380427073713247
0.020171938405149876,0.007019132746850629,-0.003714401888328648,-0.0028949741111433396,0.00215271945592942,-0.00016271894304358973,-0.0027676507686831085,-9.924780456158815e-6,0.003600746298472973,0.005291247386165423,-0.004595388241912664,0.0005878688334013045,-0.0043362204818568045,0.0038109204539890917,0.0014552668452454654,-0.0026214347468324697,0.00602263581032556,0.007319738153419535,0.001964486877763459,-0.00063051287807984,0.007019132746850629,0.020479349711659083,-0.01155938240852702,-0.002232035802321037,-0.0016560859746044064,-0.004982821744682392,-0.0009458866103489582,-0.001882664031776057,-0.006830617625203393,-0.0022665178927873653,0.006675841311469797,0.005482560528966733,-0.00440221634982066,0.005201746493388896,0.01067819231370163,0.006519922209941068,-0.0025541362480236756,0.0021320595968611724,0.007511054545741554,-3.582579451907159e-5,-0.003714401888328648,-0.01155938240852702,0.014171445124592778,0.0042371638734058775,-0.006213862853496467,0.002768145046442902,-0.005114155871563679,-0.004247368588979443,0.005730754195735335,-0.004766565031284374,-0.007210717023729488,-0.0068370728901749125,0.0035848986262030083,7.026795790144917e-5,-0.009481485917274367,-0.007739073362436442,-0.002193643572867174,0.0016084588900470357,-0.007375627557890332,0.0010892922409962659,-0.0028949741111433396,-0.002232035802321037,0.0042371638734058775,0.01747303489976909,-0.007684409002371906,-0.0044115377522678766,-0.010517432066830805,-0.009840111439178586,0.008793190767340508,-0.0005263287334353177,0.005547648284471403,0.00032192418684094117,0.009717238748205877,0.002469115002028713,-0.00884404082604262,-0.005044808627097816,-0.0001214023998109883,-0.00024187168405627837,-0.0028584431214213634,0.008798090271421314,0.00215271945592942,-0.0016560859746044064,-0.006213862853496467,-0.007684409002371906,0.032320548435228,0.010849421882468777,0.01993255277304344,0.025649780358269217,-0.01878579069189352,0.007370143172732589,-0.005742914167924224,-0.0019210997890580694,-0.010732376628753114,-0.00928190994970219,0.010721780218969303,0.009560479470924409,-0.0033736763053271784,-0.006390942887522717,0.005708643496582242,-0.003703001121038506,-0.00016271894304358973,-0.004982821744682392,0.002768145046442902,-0.0044115377522678766,0.010849421882468777,0.03375839085074664,0.006526908161083306,0.013404438370079735,-0.01434897310301321,0.001801147032525524,-0.008918571640483625,0.003022307878085312,-0.01219892981261736,-0.0011287716324004562,0.005111225424707785,0.007021527648331655,-0.0059242038579631695,-0.0074408014980109636,-0.011040648404024873,-0.0008085891000470045,-0.0027676507686831085,-0.0009458866103489582,-0.005114155871563679,-0.010517432066830805,0.01993255277304344,0.006526908161083306,0.02545496250097642,0.016608751827124096,-0.012771583706955084,-0.0031192814585150773,-0.005517792485827476,0.0016676988242010304,-0.006032487879331564,-0.0014450951846210463,0.006000613476623731,0.00478880488308896,0.0015544778064091346,0.0012582952633007898,0.003285452781377963,-0.0019322995823707204,-9.924780456158815e-6,-0.001882664031776057,-0.004247368588979443,-0.009840111439178586,0.025649780358269217,0.013404438370079735,0.016608751827124096,0.026518556907744694,-0.013401059884784019,0.0026487991267978685,-0.006398109299880177,0.0009790747815235077,-0.011216706444757963,-0.006835726517757438,0.005629187397131428,0.01167948387293406,-0.00762548097424086,-0.007107611125732773,0.0037654570845515657,-0.004363822919671246,0.003600746298472973,-0.006830617625203393,0.005730754195735335,0.008793190767340508,-0.01878579069189352,-0.01434897310301321,-0.012771583706955084,-0.013401059884784019,0.03993055318361175,-0.004402379833447782,0.007069209673254325,-0.0008858576636417209,0.014534971462631555,-0.0004332587370805683,-0.015300237299581767,-0.011385823943482271,0.004353021344630488,0.005999514778942007,0.000792525912568578,0.012116924698303558,0.005291247386165423,-0.0022665178927873653,-0.004766565031284374,-0.0005263287334353177,0.007370143172732589,0.001801147032525524,-0.0031192814585150773,0.0026487991267978685,-0.004402379833447782,0.019673220802405456,-0.005922824211257877,-0.0013726277456614742,-0.004751153851177378,-0.006536617134332526,0.009712234705455451,0.003445504512021271,0.005385081792109388,-0.003296886802692553,0.0060030325175726325,-0.003409833168843541,-0.004595388241912664,0.006675841311469797,-0.007210717023729488,0.005547648284471403,-0.005742914167924224,-0.008918571640483625,-0.005517792485827476,-0.006398109299880177,0.007069209673254325,-0.005922824211257877,0.03020012566022741,0.002763737729175559,0.013764659754842293,-0.00012408399069840513,0.0016956077510197295,-0.000506783457243659,-0.0029461786435345,-0.007409442430932387,0.004539352922879816,0.004626472904180327,0.0005878688334013045,0.005482560528966733,-0.0068370728901749125,0.00032192418684094117,-0.0019210997890580694,0.003022307878085312,0.0016676988242010304,0.0009790747815235077,-0.0008858576636417209,-0.0013726277456614742,0.002763737729175559,0.011063965011660404,-0.0001230205195934458,0.007894531593263934,-0.004028877101355551,0.005659490970355604,0.0015996301987659675,0.0002627526052763867,-0.0008468484784003331,0.00022394274431107738,-0.0043362204818568045,-0.00440221634982066,0.0035848986262030083,0.009717238748205877,-0.010732376628753114,-0.01219892981261736,-0.006032487879331564,-0.011216706444757963,0.014534971462631555,-0.004751153851177378,0.013764659754842293,-0.0001230205195934458,0.018000156493670597,0.005281601492475259,-0.009128968167863048,-0.007132512744019503,0.0019009009444942767,0.0010330415111002873,0.0035476879425369832,0.005369919664616699,0.0038109204539890917,0.005201746493388896,7.026795790144917e-5,0.002469115002028713,-0.00928190994970219,-0.0011287716324004562,-0.0014450951846210463,-0.006835726517757438,-0.0004332587370805683,-0.006536617134332526,-0.00012408399069840513,0.007894531593263934,0.005281601492475259,0.017414276157885777,-0.009050676422021429,-0.0009409363904073305,0.002723060416075249,0.0063587748470435475,-0.0009088334527808241,-0.0011693834760962516,0.0014552668452454654,0.01067819231370163,-0.009481485917274367,-0.00884404082604262,0.010721780218969303,0.005111225424707785,0.006000613476623731,0.005629187397131428,-0.015300237299581767,0.009712234705455451,0.0016956077510197295,-0.004028877101355551,-0.009128968167863048,-0.009050676422021429,0.028415676534653253,0.008824562171125153,-0.003966812056410179,-0.005339932355925765,0.012611757259689353,-0.002505058306448378,-0.0026214347468324697,0.006519922209941068,-0.007739073362436442,-0.005044808627097816,0.009560479470924409,0.007021527648331655,0.00478880488308896,0.01167948387293406,-0.011385823943482271,0.003445504512021271,-0.000506783457243659,0.005659490970355604,-0.007132512744019503,-0.0009409363904073305,0.008824562171125153,0.013890120919169826,-0.007531237396955474,-0.006663395914745851,0.006408622469552636,-0.0033933291300097014,0.00602263581032556,-0.0025541362480236756,-0.002193643572867174,-0.0001214023998109883,-0.0033736763053271784,-0.0059242038579631695,0.0015544778064091346,-0.00762548097424086,0.004353021344630488,0.005385081792109388,-0.0029461786435345,0.0015996301987659675,0.0019009009444942767,0.002723060416075249,-0.003966812056410179,-0.007531237396955474,0.014569965989071624,0.007393590406797096,-0.0029695138630443543,-0.0005397673966998225,0.007319738153419535,0.0021320595968611724,0.0016084588900470357,-0.00024187168405627837,-0.006390942887522717,-0.0074408014980109636,0.0012582952633007898,-0.007107611125732773,0.005999514778942007,-0.003296886802692553,-0.007409442430932387,0.0002627526052763867,0.0010330415111002873,0.0063587748470435475,-0.005339932355925765,-0.006663395914745851,0.007393590406797096,0.011711651624239119,-0.0009355539085416335,0.0013076473082512406,0.001964486877763459,0.007511054545741554,-0.007375627557890332,-0.0028584431214213634,0.005708643496582242,-0.011040648404024873,0.003285452781377963,0.0037654570845515657,0.000792525912568578,0.0060030325175726325,0.004539352922879816,-0.0008468484784003331,0.0035476879425369832,-0.0009088334527808241,0.012611757259689353,0.006408622469552636,-0.0029695138630443543,-0.0009355539085416335,0.020219809167263982,-0.0005462192133691961,-0.00063051287807984,-3.582579451907159e-5,0.0010892922409962659,0.008798090271421314,-0.003703001121038506,-0.0008085891000470045,-0.0019322995823707204,-0.004363822919671246,0.012116924698303558,-0.003409833168843541,0.004626472904180327,0.00022394274431107738,0.005369919664616699,-0.0011693834760962516,-0.002505058306448378,-0.0033933291300097014,-0.0005397673966998225,0.0013076473082512406,-0.0005462192133691961,0.010546979963261031
