0.003803249965688533,0.004029899828986527,0.0005020547505206435,-0.002553279152052517,0.0014947016957339836,-0.0018247431013279159,-0.0009072217779470525,-0.0011567136727822537,-0.00035803307803282435,0.00014550155835495272,-0.0010624980221574669,0.00032316767729082164,0.00010709413727335852,-0.0015720482412547216,-0.0003008035179753909,-0.0038130799145041144,-0.001092744225233786,-0.0028145054942068197,0.0022829266487052963,0.003514695675222199,0.004029899828986527,0.009182878725741441,0.002949231435114475,-0.004677294721964641,-0.000613639598591606,-0.003199506139478677,-0.002894247101736512,-0.0034896979506948327,0.0009048753387156808,-9.967143421309198e-5,0.0006598031926102725,0.00042443158258489966,0.004688880516455393,-0.0013954450576592152,-0.00026216230368705253,-0.0013817520536924242,-0.004924044448325032,-0.0023060455467004953,0.005531574711246645,0.0034472625989019736,0.0005020547505206435,0.002949231435114475,0.007163720234894491,-0.003698912509258374,-0.002767490456846669,-0.0015071398495859053,-0.004959472849913155,0.0015070988684484144,0.002509575560694718,-0.004852467530407636,0.001797769932247827,0.002933676192156503,0.0017685180067470462,0.001957242950918462,0.006382782413939605,0.004470873704751986,-0.0033457867266311896,0.001944303578510579,0.004650213805369784,-0.0014380432572920856,-0.002553279152052517,-0.004677294721964641,-0.003698912509258374,0.004876768798467163,0.00016536272214904416,0.00244387667729647,0.0026896405807182167,0.00042707299423246287,-0.0006516976772737662,0.0034926360829585622,-2.330504696520219e-5,-0.001701210591201045,-0.0006667232880890291,-0.000774359969393738,-0.0027346432999440485,0.0006218594489914169,0.0026835184727962433,0.0014375034028102363,-0.0036535105890265047,-0.003593730414398622,0.0014947016957339836,-0.000613639598591606,-0.002767490456846669,0.00016536272214904416,0.006138298238439853,0.001642481224092641,-0.00041059473305559265,0.00013214844359477342,0.0021142427161328766,0.002502310301461078,-0.002082589317663053,-0.002817118976343286,-0.0009563300198907736,0.0005958692974336305,-0.000874568225533169,-0.006015101314756851,0.0020203249265333006,-0.001821524327048117,-0.0001086005016444882,0.002065852244883405,-0.0018247431013279159,-0.003199506139478677,-0.0015071398495859053,0.00244387667729647,0.001642481224092641,0.009309380262665184,0.0012666823941065268,-0.002093328112601229,0.0053191827008556136,-0.001633033821717934,-0.0022714196174699855,0.002560901445872216,-0.0001731863751880973,0.0003211312084267629,-0.003998970822944472,0.002306809362005729,-0.004749709746008745,6.093667589556135e-5,-0.0006002894004199242,-0.006356813526705144,-0.0009072217779470525,-0.002894247101736512,-0.004959472849913155,0.0026896405807182167,-0.00041059473305559265,0.0012666823941065268,0.013409682819940778,-0.004503296945684012,-0.005075623069861557,0.0034624415498548003,-0.007938358135950268,-0.000467194143428481,-0.0013338025076015808,-0.0012504522227741047,-0.001951675849213524,0.004010262243398224,-0.0015952834352522486,0.0035995332571255962,-0.0029322646842949024,0.00308063047352155,-0.0011567136727822537,-0.0034896979506948327,0.0015070988684484144,0.00042707299423246287,0.00013214844359477342,-0.002093328112601229,-0.004503296945684012,0.007595155838814064,0.0005563584624843519,-0.00428738776788166,0.0018182926263424358,-0.00038176225588657767,-0.005858565310425987,0.002182500685556861,0.002286761824817067,-0.004843712690148128,0.00671349490779571,-0.0005598852975349469,-0.0024890826186164863,-0.0007259322845992653,-0.00035803307803282435,0.0009048753387156808,0.002509575560694718,-0.0006516976772737662,0.0021142427161328766,0.0053191827008556136,-0.005075623069861557,0.0005563584624843519,0.009524022838188123,-0.0033603122288619535,-0.00031159948386906,-0.00015430341459812846,0.002685240270584305,0.0020156396840563034,-0.001312756435194538,-0.0013136417031483912,-0.0037786469803308825,0.0005115058780890918,0.002347682439115472,-0.005791708463063996,0.00014550155835495272,-9.967143421309198e-5,-0.004852467530407636,0.0034926360829585622,0.002502310301461078,-0.001633033821717934,0.0034624415498548003,-0.00428738776788166,-0.0033603122288619535,0.0145416089330916,0.001234824357307956,-0.005246483155895994,0.007190620221663055,-0.0039303777055170195,0.001479394681786985,0.001211078885391376,0.0029400299560425167,0.002474301026507513,0.0005160740221329975,-0.0006933399943380157,-0.0010624980221574669,0.0006598031926102725,0.001797769932247827,-2.330504696520219e-5,-0.002082589317663053,-0.0022714196174699855,-0.007938358135950268,0.0018182926263424358,-0.00031159948386906,0.001234824357307956,0.008964854795690588,8.922146211614982e-5,0.0025855703962295164,-0.0006641792805925099,0.000721007590561153,0.0005554869717898639,0.002555253869088434,-0.001944384179969437,0.0001837993254196673,-0.0028160773892376475,0.00032316767729082164,0.00042443158258489966,0.002933676192156503,-0.001701210591201045,-0.002817118976343286,0.002560901445872216,-0.000467194143428481,-0.00038176225588657767,-0.00015430341459812846,-0.005246483155895994,8.922146211614982e-5,0.0080793266826802,-0.003556454997796014,-0.0017636968013413242,0.0015420199294820325,0.0020460883520011038,-0.004265327577265509,-0.0022753156798599287,0.0023380640097122873,-0.0028308248413746644,0.00010709413727335852,0.004688880516455393,0.0017685180067470462,-0.0006667232880890291,-0.0009563300198907736,-0.0001731863751880973,-0.0013338025076015808,-0.005858565310425987,0.002685240270584305,0.007190620221663055,0.0025855703962295164,-0.003556454997796014,0.012713789046561352,-0.0005549095005348208,0.0021053645091806622,0.007801085345788701,-0.005039368280096653,0.00452358674191411,0.004359406735558447,-0.0026446886661494577,-0.0015720482412547216,-0.0013954450576592152,0.001957242950918462,-0.000774359969393738,0.0005958692974336305,0.0003211312084267629,-0.0012504522227741047,0.002182500685556861,0.0020156396840563034,-0.0039303777055170195,-0.0006641792805925099,-0.0017636968013413242,-0.0005549095005348208,0.004995042084849507,0.0016048487522848072,0.0022848015056714348,0.00029950755427743533,0.002529682751149546,-0.0009231156548580264,0.0014189291115676976,-0.0003008035179753909,-0.00026216230368705253,0.006382782413939605,-0.0027346432999440485,-0.000874568225533169,-0.003998970822944472,-0.001951675849213524,0.002286761824817067,-0.001312756435194538,0.001479394681786985,0.000721007590561153,0.0015420199294820325,0.0021053645091806622,0.0016048487522848072,0.015909471110607063,0.0067905738628833475,0.0011751537819190572,0.006110707131332037,0.0057178551964833,-0.0005920930226648421,-0.0038130799145041144,-0.0013817520536924242,0.004470873704751986,0.0006218594489914169,-0.006015101314756851,0.002306809362005729,0.004010262243398224,-0.004843712690148128,-0.0013136417031483912,0.001211078885391376,0.0005554869717898639,0.0020460883520011038,0.007801085345788701,0.0022848015056714348,0.0067905738628833475,0.019896836744288965,-0.007688128614807912,0.00911670669671394,0.002520230191462317,-0.004027978521013628,-0.001092744225233786,-0.004924044448325032,-0.0033457867266311896,0.0026835184727962433,0.0020203249265333006,-0.004749709746008745,-0.0015952834352522486,0.00671349490779571,-0.0037786469803308825,0.0029400299560425167,0.002555253869088434,-0.004265327577265509,-0.005039368280096653,0.00029950755427743533,0.0011751537819190572,-0.007688128614807912,0.012324687974822645,-0.0007448219398306815,-0.005496302456691667,0.0019097752982065513,-0.0028145054942068197,-0.0023060455467004953,0.001944303578510579,0.0014375034028102363,-0.001821524327048117,6.093667589556135e-5,0.0035995332571255962,-0.0005598852975349469,0.0005115058780890918,0.002474301026507513,-0.001944384179969437,-0.0022753156798599287,0.00452358674191411,0.002529682751149546,0.006110707131332037,0.00911670669671394,-0.0007448219398306815,0.008601211997678613,0.00054343203766388,-0.002537515759928516,0.0022829266487052963,0.005531574711246645,0.004650213805369784,-0.0036535105890265047,-0.0001086005016444882,-0.0006002894004199242,-0.0029322646842949024,-0.0024890826186164863,0.002347682439115472,0.0005160740221329975,0.0001837993254196673,0.0023380640097122873,0.004359406735558447,-0.0009231156548580264,0.0057178551964833,0.002520230191462317,-0.005496302456691667,0.00054343203766388,0.007529703109178585,-0.0008234126980001807,0.003514695675222199,0.0034472625989019736,-0.0014380432572920856,-0.003593730414398622,0.002065852244883405,-0.006356813526705144,0.00308063047352155,-0.0007259322845992653,-0.005791708463063996,-0.0006933399943380157,-0.0028160773892376475,-0.0028308248413746644,-0.0026446886661494577,0.0014189291115676976,-0.0005920930226648421,-0.004027978521013628,0.0019097752982065513,-0.002537515759928516,-0.0008234126980001807,0.012656433632869534
0.0071297267386790444,0.0008900877757432327,0.00395172532092338,-0.005493805536126942,-0.001953966334766963,0.004633142222176717,0.0008525601096447397,-0.0061779780502434906,-0.002996313228727573,0.0049812460335531186,0.0018909219840740666,0.0012275010669902987,-0.010787831695539755,0.003200247915484195,0.00225156842958818,0.0013216768642106424,0.004450354214039233,-0.0015221068048456741,0.000400171715583263,-0.0047184033741818066,0.0008900877757432327,0.017029542001761433,0.0059979419248460866,0.002875503551957886,-0.005632923039557048,-0.015029672273795943,0.0034625155400258884,-0.006357161025127617,0.0026485290924203684,0.007563199802263192,-0.00690159698052863,-0.0025344221854361436,-0.0006568011319910571,0.008017518644170761,0.011955488173242528,0.011197258155841439,0.013381032545079209,0.007516615584638689,-0.00011059921550091254,-0.006625454928443463,0.00395172532092338,0.0059979419248460866,0.013672079138110638,-0.0034720953129832198,0.003979764415713912,0.003065312331452058,0.005434778701615364,-0.008618704333815886,-0.0005188560315223983,-0.0014573770779758586,-0.0008091350912745319,0.0021067520582335017,-0.00402489461287211,0.005563790335760535,0.0040308297464211,0.00553343923080643,-0.0004291813982555776,0.01161992823327899,-0.0010739176832556005,0.00356851806108786,-0.005493805536126942,0.002875503551957886,-0.0034720953129832198,0.01434490709142159,0.005814545936281432,-0.015765033848735965,-0.004742573445451969,0.005924692496863506,0.003563660889196594,0.00040845077151902606,0.00269639747508132,-0.009333869142548478,0.008550325452034217,0.00026317730324400745,0.001787186903514525,0.00019111466603055058,-0.001839819970468946,-0.006259851539619229,0.0025094317121622037,0.00513600785598159,-0.001953966334766963,-0.005632923039557048,0.003979764415713912,0.005814545936281432,0.026662971569723463,0.012642789448665577,0.007037685971706815,-0.0003595407267333004,0.006697702052774965,-0.014165558511188645,0.013651829891614007,-0.014346033505277803,0.0035505613650615706,-0.0030427550656987237,-0.011967468488187818,0.00024007723913507307,-0.010723287245094077,-0.0004088660662077545,-0.007051388977516289,0.010390369796269078,0.004633142222176717,-0.015029672273795943,0.003065312331452058,-0.015765033848735965,0.012642789448665577,0.044878381951499596,0.012999787816729804,-0.0026019783597406696,0.003846349273666801,-0.01960710658943468,0.01059749612706088,0.006328033170166083,-0.0056113096064333776,-0.008849737724278902,-0.014311634955265645,-0.01091890827518117,-0.014743218722498641,0.0065140035260063366,-0.007228604027790881,0.0011957301289616663,0.0008525601096447397,0.0034625155400258884,0.005434778701615364,-0.004742573445451969,0.007037685971706815,0.012999787816729804,0.010877044088479552,-0.004981241351064031,0.005623587359078768,-0.007953796651215426,0.0009880540675249133,-0.0013666497839676197,-0.0002938362895693212,-0.0002308021735516431,-0.0019466753747754092,0.0037046113513636144,0.0004349551889955632,0.00978793408631297,-0.006256549628632258,-0.0021722511405012084,-0.0061779780502434906,-0.006357161025127617,-0.008618704333815886,0.005924692496863506,-0.0003595407267333004,-0.0026019783597406696,-0.004981241351064031,0.012809367179489455,0.004099648521887073,-0.004305635436212745,-0.001167069452781578,0.0010821564703378111,0.008080203966805668,-0.007280268878956926,-0.00254488009636499,-0.006893239082077788,-0.009367763863341632,-0.0045864456944413635,0.003882707700807198,0.004022456188813844,-0.002996313228727573,0.0026485290924203684,-0.0005188560315223983,0.003563660889196594,0.006697702052774965,0.003846349273666801,0.005623587359078768,0.004099648521887073,0.010205860557500487,-0.007720202759660427,0.00016301291824073034,-0.004067818616132424,0.004334159019002561,-0.003679403345055179,0.0001679885489452426,0.001168111727389457,-0.003080884984407813,0.004004900557793854,-0.0020989169986482437,-0.0009171263107698352,0.0049812460335531186,0.007563199802263192,-0.0014573770779758586,0.00040845077151902606,-0.014165558511188645,-0.01960710658943468,-0.007953796651215426,-0.004305635436212745,-0.007720202759660427,0.01964377962318332,-0.005126054446481039,-0.00027939308864049573,-0.009521281389735778,0.007458739073692132,0.009059425323988814,0.006009288297973585,0.015573400051403728,-0.00839197137445975,0.0047551313433381,-0.008814458523447831,0.0018909219840740666,-0.00690159698052863,-0.0008091350912745319,0.00269639747508132,0.013651829891614007,0.01059749612706088,0.0009880540675249133,-0.001167069452781578,0.00016301291824073034,-0.005126054446481039,0.014467118804908623,-0.008527166822715732,-0.0020179788727176058,-0.0012396692786928076,-0.0077622131608949384,-0.005521112644360057,-0.005470911321200673,-0.009031387091806984,-0.0021050111645898604,0.00430840802050819,0.0012275010669902987,-0.0025344221854361436,0.0021067520582335017,-0.009333869142548478,-0.014346033505277803,0.006328033170166083,-0.0013666497839676197,0.0010821564703378111,-0.004067818616132424,-0.00027939308864049573,-0.008527166822715732,0.017546326150833604,-0.0005717669880839285,-0.0012869113950235848,0.004261339858669624,-0.005712463926177875,-0.0045804783094117296,0.008488462604765195,0.004609834060200061,-0.0003199675811146669,-0.010787831695539755,-0.0006568011319910571,-0.00402489461287211,0.008550325452034217,0.0035505613650615706,-0.0056113096064333776,-0.0002938362895693212,0.008080203966805668,0.004334159019002561,-0.009521281389735778,-0.0020179788727176058,-0.0005717669880839285,0.018258116486258004,-0.003978218728390237,-0.0025448364059702166,-0.003186213404832934,-0.008212882784841558,0.004573989759214346,-0.0007538842024898118,0.00866167955940334,0.003200247915484195,0.008017518644170761,0.005563790335760535,0.00026317730324400745,-0.0030427550656987237,-0.008849737724278902,-0.0002308021735516431,-0.007280268878956926,-0.003679403345055179,0.007458739073692132,-0.0012396692786928076,-0.0012869113950235848,-0.003978218728390237,0.007452440565629799,0.00618606672780387,0.005949267688783269,0.008422417877908633,0.0017134975863806285,0.00047369287368507053,-0.002188074206225745,0.00225156842958818,0.011955488173242528,0.0040308297464211,0.001787186903514525,-0.011967468488187818,-0.014311634955265645,-0.0019466753747754092,-0.00254488009636499,0.0001679885489452426,0.009059425323988814,-0.0077622131608949384,0.004261339858669624,-0.0025448364059702166,0.00618606672780387,0.01418391513685462,0.004884142116860681,0.008609081234152802,0.00415176034979107,0.005149515570659859,-0.005782310113170819,0.0013216768642106424,0.011197258155841439,0.00553343923080643,0.00019111466603055058,0.00024007723913507307,-0.01091890827518117,0.0037046113513636144,-0.006893239082077788,0.001168111727389457,0.006009288297973585,-0.005521112644360057,-0.005712463926177875,-0.003186213404832934,0.005949267688783269,0.004884142116860681,0.013768685510704941,0.011922487512290528,0.005797118612384322,-0.00377435816061939,-0.004446606445088179,0.004450354214039233,0.013381032545079209,-0.0004291813982555776,-0.001839819970468946,-0.010723287245094077,-0.014743218722498641,0.0004349551889955632,-0.009367763863341632,-0.003080884984407813,0.015573400051403728,-0.005470911321200673,-0.0045804783094117296,-0.008212882784841558,0.008422417877908633,0.008609081234152802,0.011922487512290528,0.022761826722538982,-0.002570159083188532,-0.002113479182827736,-0.014534495205053004,-0.0015221068048456741,0.007516615584638689,0.01161992823327899,-0.006259851539619229,-0.0004088660662077545,0.0065140035260063366,0.00978793408631297,-0.0045864456944413635,0.004004900557793854,-0.00839197137445975,-0.009031387091806984,0.008488462604765195,0.004573989759214346,0.0017134975863806285,0.00415176034979107,0.005797118612384322,-0.002570159083188532,0.022322909944690182,-0.0030250653140161785,0.0027287591766439498,0.000400171715583263,-0.00011059921550091254,-0.0010739176832556005,0.0025094317121622037,-0.007051388977516289,-0.007228604027790881,-0.006256549628632258,0.003882707700807198,-0.0020989169986482437,0.0047551313433381,-0.0021050111645898604,0.004609834060200061,-0.0007538842024898118,0.00047369287368507053,0.005149515570659859,-0.00377435816061939,-0.002113479182827736,-0.0030250653140161785,0.007069417420948065,0.0013635617677318157,-0.0047184033741818066,-0.006625454928443463,0.00356851806108786,0.00513600785598159,0.010390369796269078,0.0011957301289616663,-0.0021722511405012084,0.004022456188813844,-0.0009171263107698352,-0.008814458523447831,0.00430840802050819,-0.0003199675811146669,0.00866167955940334,-0.002188074206225745,-0.005782310113170819,-0.004446606445088179,-0.014534495205053004,0.0027287591766439498,0.0013635617677318157,0.01597661045428808
