0.016122971049205966,-0.001220498957085136,-0.006483398035764405,-0.003764915777457911,-0.003552360211165548,0.0003993355536440373,0.0022439381553732637,-0.0016771285106928426,0.0012841941567120168,0.0006835918521466335,0.0016246452716434665,-0.005272374132725893,-0.0003740266084371343,-0.006755364863924123,0.0005445965756364056,-0.005145824683189262,0.0030655468167829743,-0.0014299433306004068,-0.0008725350092651837,0.005207604115021339,-0.001220498957085136,0.008893965705120337,0.0014884266444911798,-0.0017944881313157854,0.0005105070048662935,0.002904660252622842,0.008434369336362754,0.0018800863200256195,-0.0004933801754208121,-0.002699840434049143,-0.0010462303465413245,-0.0063074772314389,0.002108790154236092,-0.002556087217235303,-0.0031395211848678946,0.0018529961567487394,0.0013222471598956865,-0.0023910715449689344,-0.006484638401067893,0.006113150121532442,-0.006483398035764405,0.0014884266444911798,0.010710286400818798,-0.0006172766927175956,0.0020264143723408407,0.0010499452348332375,0.0007979512360086466,-0.0012522684463239769,-0.002716578570876812,0.0019239617173400845,0.002228309537933165,0.001778415377005291,-0.0005941548071228618,0.002313873941003254,-0.001339514770879251,-0.0006273082381005636,0.004995333585307606,-0.0016928811802873873,-0.002136805041339966,-0.005416063903075228,-0.003764915777457911,-0.0017944881313157854,-0.0006172766927175956,0.020230928666258915,0.001312048513862964,0.004057689869487511,-0.0074367290658281845,-0.006160113143624439,-0.0021924290973577756,-0.004374265584696554,-0.005793099864468751,0.005282271322726942,0.003948241437151757,-0.004070297595561399,0.0003774665924157118,0.0008259314316478733,0.0017996166828095467,0.00023070267325995812,0.002675176844676357,-0.0008947863386476463,-0.003552360211165548,0.0005105070048662935,0.0020264143723408407,0.001312048513862964,0.003950376099359062,-0.0013305371875155037,4.9556830043248975e-5,8.992625668736617e-5,0.0005904232240625788,-0.0006776002698941361,0.003913272092769747,-0.0006017442492635516,0.004727570247046368,-0.00021499948810862183,-0.0024779643848444957,0.0015556769383601305,-0.0018809207014679203,-0.001465119205691299,-0.0038381431957801356,-0.0016716184435976809,0.0003993355536440373,0.002904660252622842,0.0010499452348332375,0.004057689869487511,-0.0013305371875155037,0.008177490633361805,-0.0012328332590850364,-0.002844129713984389,0.0024051162241176846,-0.0015859027961178905,-0.0030629763972161465,0.003533679148121735,-0.00020184485980657236,0.0021562335605119875,0.0013308901952192504,0.003873162944956721,0.0035764502938556266,-0.0010976058251576278,0.00043515273781322475,-0.0019644093812052447,0.0022439381553732637,0.008434369336362754,0.0007979512360086466,-0.0074367290658281845,4.9556830043248975e-5,-0.0012328332590850364,0.014840268998072195,0.004721757128168367,-0.004321950265697124,0.0023068849830496585,0.0006531639279630828,-0.01133979164914243,0.003905711013407696,-0.005848003240410822,-0.0037552236039682533,0.0010836356436314332,0.0024310442854061395,-0.0016629304036605771,-0.005425790649230242,0.00974194609539307,-0.0016771285106928426,0.0018800863200256195,-0.0012522684463239769,-0.006160113143624439,8.992625668736617e-5,-0.002844129713984389,0.004721757128168367,0.004648046872520517,-0.0005662377258573892,0.0017508789570991883,0.000397246316883675,-0.0031320225727149544,0.00022764259773307025,0.001316785715936776,-0.0004787129828533451,0.0021189103336032894,-0.002773982418480103,0.000893593686079854,-0.00033042525522674205,0.003069947489022979,0.0012841941567120168,-0.0004933801754208121,-0.002716578570876812,-0.0021924290973577756,0.0005904232240625788,0.0024051162241176846,-0.004321950265697124,-0.0005662377258573892,0.007536334223983931,-0.003488689209038651,0.0029163090375673903,0.0025302274335988516,-0.00040410930785973536,0.004195739707637991,0.000539620282908241,0.001649807451531664,-0.004161368791865262,-0.0010827320610475497,-0.0027776927656220536,-0.003164195013454335,0.0006835918521466335,-0.002699840434049143,0.0019239617173400845,-0.004374265584696554,-0.0006776002698941361,-0.0015859027961178905,0.0023068849830496585,0.0017508789570991883,-0.003488689209038651,0.007858169961970142,0.0009149947613981669,0.0011743179372653363,0.0010350732434522448,0.0015530018208204015,0.0018317865068612975,0.003199270235719003,0.002761961507645198,0.0016539902473291534,0.00559854562132761,-0.0025122396047988615,0.0016246452716434665,-0.0010462303465413245,0.002228309537933165,-0.005793099864468751,0.003913272092769747,-0.0030629763972161465,0.0006531639279630828,0.000397246316883675,0.0029163090375673903,0.0009149947613981669,0.009646449095378304,-0.0026475728499337162,0.004729387082724693,-0.00013121830669292784,-0.002822714675841117,-0.0006587423756810422,-0.0020064882577080123,-0.002894486028862618,-0.0064442038866424824,-0.003271007060241849,-0.005272374132725893,-0.0063074772314389,0.001778415377005291,0.005282271322726942,-0.0006017442492635516,0.003533679148121735,-0.01133979164914243,-0.0031320225727149544,0.0025302274335988516,0.0011743179372653363,-0.0026475728499337162,0.01298326288514779,-0.004015143069871559,0.008642270772951247,0.00479155174482458,0.0035773530643843487,-0.00016919653903260537,0.0026978329646948464,0.008325200616152011,-0.010637764615499092,-0.0003740266084371343,0.002108790154236092,-0.0005941548071228618,0.003948241437151757,0.004727570247046368,-0.00020184485980657236,0.003905711013407696,0.00022764259773307025,-0.00040410930785973536,0.0010350732434522448,0.004729387082724693,-0.004015143069871559,0.012338822940366923,-0.0044091898619216105,-0.0033783490940260943,0.006252321731693044,-0.0013356043301291595,-0.002289791466347675,-0.004478034813447291,0.0011269979500681316,-0.006755364863924123,-0.002556087217235303,0.002313873941003254,-0.004070297595561399,-0.00021499948810862183,0.0021562335605119875,-0.005848003240410822,0.001316785715936776,0.004195739707637991,0.0015530018208204015,-0.00013121830669292784,0.008642270772951247,-0.0044091898619216105,0.011655412198151147,0.003296826845287288,0.005246808139472347,-0.002631677492183131,0.0018534501195148355,0.004384474764504326,-0.008596566045127138,0.0005445965756364056,-0.0031395211848678946,-0.001339514770879251,0.0003774665924157118,-0.0024779643848444957,0.0013308901952192504,-0.0037552236039682533,-0.0004787129828533451,0.000539620282908241,0.0018317865068612975,-0.002822714675841117,0.00479155174482458,-0.0033783490940260943,0.003296826845287288,0.0036427653809714368,0.001386337830028248,0.00038366480967313185,0.0021896572992171374,0.0060316141873999205,-0.002755055151567581,-0.005145824683189262,0.0018529961567487394,-0.0006273082381005636,0.0008259314316478733,0.0015556769383601305,0.003873162944956721,0.0010836356436314332,0.0021189103336032894,0.001649807451531664,0.003199270235719003,-0.0006587423756810422,0.0035773530643843487,0.006252321731693044,0.005246808139472347,0.001386337830028248,0.012924982863433791,-0.0019221241111016568,0.0008925262106362,0.0033198391500992176,-0.003422053182410142,0.0030655468167829743,0.0013222471598956865,0.004995333585307606,0.0017996166828095467,-0.0018809207014679203,0.0035764502938556266,0.0024310442854061395,-0.002773982418480103,-0.004161368791865262,0.002761961507645198,-0.0020064882577080123,-0.00016919653903260537,-0.0013356043301291595,-0.002631677492183131,0.00038366480967313185,-0.0019221241111016568,0.00878900249277156,-0.0010842000998386066,0.0013938731048452168,-0.0001832111911284576,-0.0014299433306004068,-0.0023910715449689344,-0.0016928811802873873,0.00023070267325995812,-0.001465119205691299,-0.0010976058251576278,-0.0016629304036605771,0.000893593686079854,-0.0010827320610475497,0.0016539902473291534,-0.002894486028862618,0.0026978329646948464,-0.002289791466347675,0.0018534501195148355,0.0021896572992171374,0.0008925262106362,-0.0010842000998386066,0.0027717445199131907,0.005183568504168699,-0.0005692813585501551,-0.0008725350092651837,-0.006484638401067893,-0.002136805041339966,0.002675176844676357,-0.0038381431957801356,0.00043515273781322475,-0.005425790649230242,-0.00033042525522674205,-0.0027776927656220536,0.00559854562132761,-0.0064442038866424824,0.008325200616152011,-0.004478034813447291,0.004384474764504326,0.0060316141873999205,0.0033198391500992176,0.0013938731048452168,0.005183568504168699,0.013708552945119001,-0.004246377362400195,0.005207604115021339,0.006113150121532442,-0.005416063903075228,-0.0008947863386476463,-0.0016716184435976809,-0.0019644093812052447,0.00974194609539307,0.003069947489022979,-0.003164195013454335,-0.0025122396047988615,-0.003271007060241849,-0.010637764615499092,0.0011269979500681316,-0.008596566045127138,-0.002755055151567581,-0.003422053182410142,-0.0001832111911284576,-0.0005692813585501551,-0.004246377362400195,0.01361989177676957
0.009300591914673879,0.003080666812007065,-0.0033115476881462264,0.0007612953799050699,0.004772590039805168,-0.001983375311725338,0.0007428469579288865,0.0029454178865038474,-0.001143514021473487,0.004968453958462276,0.0020921439901325422,-0.0010352846146928093,0.002321281166588042,0.0011471601895470711,9.499895155384126e-5,-0.0031486382957641923,0.004755781039689011,0.003295163894352368,0.0025057774260053263,-0.008252491651552077,0.003080666812007065,0.008031358840035937,0.0008912798382135377,0.0022503962477820076,-0.0011198802775005464,-0.002982003833844205,0.003806420381873122,0.0023351667989597383,-0.0007102090712160311,-0.0012430658217310888,-0.001860936869143087,-0.005176709518233923,0.0004186137547852115,0.0009631196999290066,-0.00304719612755575,0.0018784551446869302,0.0022766616795502777,0.007317518753015241,-0.003989848417240023,0.002338239475115233,-0.0033115476881462264,0.0008912798382135377,0.014813944095191631,-0.0013357300738407445,-0.006234510142085612,0.0008096472574661512,-0.0015898750893506668,-0.003370201589387242,0.0008613234845696845,-0.003109047464687184,-0.0030862447375995293,-0.007233206391642719,0.0006702131002714832,0.010551255259960703,0.007056606002209373,-0.0008555155429073063,0.005888703771669956,0.003958387162346009,-0.004872693299486145,0.005768509271785276,0.0007612953799050699,0.0022503962477820076,-0.0013357300738407445,0.003151544477994821,0.0028496467092203655,-0.0007006318938834963,0.00043958389494035724,0.002510145529058553,-0.0015117987619076869,0.0006915334730532514,0.0008437122980400424,-0.00039139977506201285,-0.0007403734525518967,-0.002473005527320749,-0.0009444503249175331,-0.001128643724859749,0.0002584135388323727,0.000938266903288237,-0.001250545705515049,0.0027310898193053518,0.004772590039805168,-0.0011198802775005464,-0.006234510142085612,0.0028496467092203655,0.019759375208514486,-0.009231608551289941,0.0032154281868041357,0.006404858980462882,0.004094986822913276,0.002233615203926328,0.0039192615398084205,0.003985869558578265,-0.000355218089378234,-0.0026752908104508465,-0.0008653888111000489,-0.006421780762750545,0.007889664860272667,-0.007371386585352219,0.007505139771699355,-0.004157569343258217,-0.001983375311725338,-0.002982003833844205,0.0008096472574661512,-0.0007006318938834963,-0.009231608551289941,0.012315729776510785,-0.005602686058092093,-0.0009046816690882652,-0.00905503505589943,-9.113900624821214e-5,-1.0609150111992236e-5,0.0037020081401574366,0.0015572293456436901,-7.762029416447374e-5,0.0036297766322648077,0.0032326366470755343,-0.007571562349682131,-0.000987702073221419,-0.003514841932092846,0.001647948268184906,0.0007428469579288865,0.003806420381873122,-0.0015898750893506668,0.00043958389494035724,0.0032154281868041357,-0.005602686058092093,0.006082290900827015,0.002483065210733673,0.0038554829112988176,-0.003866140693222954,-0.0013957774754728832,-0.001396450446010688,0.002599795614117756,0.00011257092392927222,-0.005851695991606513,0.002963953527972234,0.0011106519676517695,0.00011107670946090747,0.0022721820272731015,0.0009783254664401152,0.0029454178865038474,0.0023351667989597383,-0.003370201589387242,0.002510145529058553,0.006404858980462882,-0.0009046816690882652,0.002483065210733673,0.006903007384683169,-0.002582379678017105,-0.0017890164514182785,0.001543909266577402,0.002087667810091587,0.0025844337834098254,-0.0018183193297288082,-0.0030590018406315613,0.0007023098649061695,0.0001549058000967162,-0.002323158429434183,0.0015922722242672615,0.0014600658472997507,-0.001143514021473487,-0.0007102090712160311,0.0008613234845696845,-0.0015117987619076869,0.004094986822913276,-0.00905503505589943,0.0038554829112988176,-0.002582379678017105,0.010586856748527974,-0.000631890884647833,-0.00028475998628649295,-0.002824152562985522,0.0005294086513812234,0.0011384137265550314,-0.003752029733950016,-0.0017195390184098838,0.003930792983485599,-0.0009600723185661287,0.005907128579191309,-0.001895740576154954,0.004968453958462276,-0.0012430658217310888,-0.003109047464687184,0.0006915334730532514,0.002233615203926328,-9.113900624821214e-5,-0.003866140693222954,-0.0017890164514182785,-0.000631890884647833,0.00940779481331196,0.003191576100433875,-0.00022729669169894474,-0.0033404054433695957,-0.002823133835556906,0.00272043820657254,-0.006579610790777888,0.0020613486608902125,0.002580126137801688,0.0007740417659479187,-0.007049494168811957,0.0020921439901325422,-0.001860936869143087,-0.0030862447375995293,0.0008437122980400424,0.0039192615398084205,-1.0609150111992236e-5,-0.0013957774754728832,0.001543909266577402,-0.00028475998628649295,0.003191576100433875,0.003026794555972721,0.002085606693906554,0.00011066689402929091,-0.0027304036110995435,-0.000376672094488512,-0.002834764640969708,-0.00038570207038172944,-0.002054873069073837,0.0030783956581488673,-0.0023448589047030525,-0.0010352846146928093,-0.005176709518233923,-0.007233206391642719,-0.00039139977506201285,0.003985869558578265,0.0037020081401574366,-0.001396450446010688,0.002087667810091587,-0.002824152562985522,-0.00022729669169894474,0.002085606693906554,0.00906227918778363,0.0006750596271936358,-0.0052694413005321215,-0.0005349589727432517,0.00079650801756734,-0.0053338964902541,-0.008478096092279064,0.0038065469937781722,-0.002036865479286219,0.002321281166588042,0.0004186137547852115,0.0006702131002714832,-0.0007403734525518967,-0.000355218089378234,0.0015572293456436901,0.002599795614117756,0.0025844337834098254,0.0005294086513812234,-0.0033404054433695957,0.00011066689402929091,0.0006750596271936358,0.00943409707767533,0.003668007232813992,-0.0036578398093087064,0.0033191854494169495,-0.0014058699306033625,-0.0025564004310572415,0.006246848796924243,-0.0014428954711857235,0.0011471601895470711,0.0009631196999290066,0.010551255259960703,-0.002473005527320749,-0.0026752908104508465,-7.762029416447374e-5,0.00011257092392927222,-0.0018183193297288082,0.0011384137265550314,-0.002823133835556906,-0.0027304036110995435,-0.0052694413005321215,0.003668007232813992,0.012249894984295894,0.006162968202716595,0.00010934181954085152,0.007802968572927612,0.0026965533470967385,-0.0010648160650263462,-0.0013156912073896002,9.499895155384126e-5,-0.00304719612755575,0.007056606002209373,-0.0009444503249175331,-0.0008653888111000489,0.0036297766322648077,-0.005851695991606513,-0.0030590018406315613,-0.003752029733950016,0.00272043820657254,-0.000376672094488512,-0.0005349589727432517,-0.0036578398093087064,0.006162968202716595,0.012616433165372627,-0.005000329085755196,0.006458903626454396,0.0007702015645556727,-0.0051605090037543325,-0.0018252698497257872,-0.0031486382957641923,0.0018784551446869302,-0.0008555155429073063,-0.001128643724859749,-0.006421780762750545,0.0032326366470755343,0.002963953527972234,0.0007023098649061695,-0.0017195390184098838,-0.006579610790777888,-0.002834764640969708,0.00079650801756734,0.0033191854494169495,0.00010934181954085152,-0.005000329085755196,0.008524450157334626,-0.006251229691265141,-0.00021655572315349675,-0.0011912576877951614,0.003913476516588957,0.004755781039689011,0.0022766616795502777,0.005888703771669956,0.0002584135388323727,0.007889664860272667,-0.007571562349682131,0.0011106519676517695,0.0001549058000967162,0.003930792983485599,0.0020613486608902125,-0.00038570207038172944,-0.0053338964902541,-0.0014058699306033625,0.007802968572927612,0.006458903626454396,-0.006251229691265141,0.013844187614538673,0.0031265535596947175,-0.0004439490461844806,-0.004243121121575262,0.003295163894352368,0.007317518753015241,0.003958387162346009,0.000938266903288237,-0.007371386585352219,-0.000987702073221419,0.00011107670946090747,-0.002323158429434183,-0.0009600723185661287,0.002580126137801688,-0.002054873069073837,-0.008478096092279064,-0.0025564004310572415,0.0026965533470967385,0.0007702015645556727,-0.00021655572315349675,0.0031265535596947175,0.01269507513009237,-0.007254691137589312,7.091330624020667e-5,0.0025057774260053263,-0.003989848417240023,-0.004872693299486145,-0.001250545705515049,0.007505139771699355,-0.003514841932092846,0.0022721820272731015,0.0015922722242672615,0.005907128579191309,0.0007740417659479187,0.0030783956581488673,0.0038065469937781722,0.006246848796924243,-0.0010648160650263462,-0.0051605090037543325,-0.0011912576877951614,-0.0004439490461844806,-0.007254691137589312,0.012125167740278985,-0.0060059598068561235,-0.008252491651552077,0.002338239475115233,0.005768509271785276,0.0027310898193053518,-0.004157569343258217,0.001647948268184906,0.0009783254664401152,0.0014600658472997507,-0.001895740576154954,-0.007049494168811957,-0.0023448589047030525,-0.002036865479286219,-0.0014428954711857235,-0.0013156912073896002,-0.0018252698497257872,0.003913476516588957,-0.004243121121575262,7.091330624020667e-5,-0.0060059598068561235,0.015395016785646542
