0.013196698956909995,0.0004973852554942817,0.0009888959765680311,-0.003605593731756689,0.00065532673282115,0.0025104118195463654,0.0035414228308598104,0.0010185580177660817,0.0006532595366649421,-0.0010430255750304206,-0.0015852762014718252,-0.000608503215625936,-0.0007495492114816312,0.002111793247701203,0.0005856949158035855,0.00024647161701377114,-0.0016289155754523076,-0.000299881577118585,0.0008008560309021966,0.002494730163341345,0.0004973852554942817,0.014508709657360928,-0.00017822361825825582,0.0014740439399002724,-0.0015845966981835793,0.0009935536861074555,-0.002701863403217924,0.0007506250786965186,-0.0027491591317798554,0.0004735587895156928,-0.0008559525677752572,-0.00047067851675507144,0.0011415963788069207,-0.001149240758373909,-0.0014130699057068367,0.004847933252667129,0.0008695388844963664,-0.0023077700501231905,-0.005031026561743215,-0.0057754672820241534,0.0009888959765680311,-0.00017822361825825582,0.01336476525759826,0.0010262579630299358,-9.225415757293658e-5,0.0020026606354974167,-0.0022674304035147494,0.00012732081391210936,0.00099029617402691,-0.0017383218150623407,0.00028005822936980117,-0.0004931075655087225,-0.000774284531176742,-0.0018341114929044367,-0.0017315596521100167,-0.0020630041750066453,0.00021953347474707938,-0.006330550542161003,-0.0016738295721744425,0.0032978046062999006,-0.003605593731756689,0.0014740439399002724,0.0010262579630299358,0.019145531425872452,-0.00538556280128244,0.0013451040464959672,0.0006335786698162339,-0.0014172209505084001,0.0010899548362864426,-0.0013154384903354215,-0.0014848547734153128,0.0019161163461751066,0.0015391335080669221,-0.0005709137852685934,0.00018047543975316981,-0.0010110148093662656,0.0012617025098019146,0.0036677465244548332,0.0008816108294517841,-0.001131548027430159,0.00065532673282115,-0.0015845966981835793,-9.225415757293658e-5,-0.00538556280128244,0.018147456177987905,0.0005195640396013488,-0.0023907047655311285,-0.0029827291326008205,-0.0008294010222383986,-0.0019767773618996082,0.0013471156794635942,-0.006068964053004294,-0.0015773926396309501,-0.00013531354088720012,0.00423455239663998,-0.0025116443204219407,0.0010760721419182345,0.0034542244366084877,0.006176409686222999,0.006775035723529227,0.0025104118195463654,0.0009935536861074555,0.0020026606354974167,0.0013451040464959672,0.0005195640396013488,0.019720624520494372,-0.0019213770772522928,0.0033007784926874146,-0.0004691498414631768,6.759690731256008e-5,-0.0003998419952309818,-0.0007257561027915802,0.0008349027493057881,-0.00018095324155822766,0.0017939855457563538,0.0005898302330973881,0.00030299715270907515,-0.003848195040037669,-0.0016401427826489808,0.0044195547925587,0.0035414228308598104,-0.002701863403217924,-0.0022674304035147494,0.0006335786698162339,-0.0023907047655311285,-0.0019213770772522928,0.01440580489398867,-0.00011810439021461072,-0.0016032643689861692,-0.001902929067874312,0.0023690876506089124,-0.0023181991362823144,-0.0015678837075386225,-0.0002571693295617736,0.0006026990822700336,0.00034754051476584467,-0.0006927979659350774,-0.0011920655813961116,0.0003677654731965614,-0.002754375344770666,0.0010185580177660817,0.0007506250786965186,0.00012732081391210936,-0.0014172209505084001,-0.0029827291326008205,0.0033007784926874146,-0.00011810439021461072,0.011971435832921687,0.002628569673544009,-0.0015651236112642127,-0.0019332911256940374,0.0017208314398767497,-0.0008626281931356748,0.0011197497671414352,-0.00139381302505808,0.0029077699814898817,-0.0017366272771892504,-0.00409328782515269,-0.0010028716022772006,0.002388317399603379,0.0006532595366649421,-0.0027491591317798554,0.00099029617402691,0.0010899548362864426,-0.0008294010222383986,-0.0004691498414631768,-0.0016032643689861692,0.002628569673544009,0.013504858037568408,-0.004722665473725386,0.003004507417379865,-0.0011234211302118967,-0.0002992946584626134,-0.0027927449951681647,0.0019130526222136636,-0.004046373433517965,0.0029806452116686193,0.005518733887568481,0.002279888237063956,0.00021881952168292581,-0.0010430255750304206,0.0004735587895156928,-0.0017383218150623407,-0.0013154384903354215,-0.0019767773618996082,6.759690731256008e-5,-0.001902929067874312,-0.0015651236112642127,-0.004722665473725386,0.012496261336818354,0.0042602364630131865,0.0009733258633356173,-0.002241424604954671,-0.00019004253321465697,0.0014949693837692454,0.0029030044162959645,-0.0008948009055863198,5.760429824812811e-6,-0.0009332265920338689,0.0007266959750764747,-0.0015852762014718252,-0.0008559525677752572,0.00028005822936980117,-0.0014848547734153128,0.0013471156794635942,-0.0003998419952309818,0.0023690876506089124,-0.0019332911256940374,0.003004507417379865,0.0042602364630131865,0.012111523994896697,-0.00022481998619104416,0.0027086683855994708,-0.0022750912109846698,0.00040063006483648657,-0.0009718965687369658,0.0004909359100773833,0.003445926735831637,-0.0006331627073438777,-0.0023181587725798636,-0.000608503215625936,-0.00047067851675507144,-0.0004931075655087225,0.0019161163461751066,-0.006068964053004294,-0.0007257561027915802,-0.0023181991362823144,0.0017208314398767497,-0.0011234211302118967,0.0009733258633356173,-0.00022481998619104416,0.01866577939467681,0.0008174223769800326,0.0003765469209524344,-0.0012837811304769898,0.0014036065462933655,-0.0002913758051612241,0.001669535825439698,-0.004222064292869983,-0.0018418051071877328,-0.0007495492114816312,0.0011415963788069207,-0.000774284531176742,0.0015391335080669221,-0.0015773926396309501,0.0008349027493057881,-0.0015678837075386225,-0.0008626281931356748,-0.0002992946584626134,-0.002241424604954671,0.0027086683855994708,0.0008174223769800326,0.01340290369841159,0.00021579367337681008,-0.0010148665928902813,0.0017877223872937134,0.00024102318487169688,0.0019444639197666092,-0.004494620205640924,-0.002411228220172087,0.002111793247701203,-0.001149240758373909,-0.0018341114929044367,-0.0005709137852685934,-0.00013531354088720012,-0.00018095324155822766,-0.0002571693295617736,0.0011197497671414352,-0.0027927449951681647,-0.00019004253321465697,-0.0022750912109846698,0.0003765469209524344,0.00021579367337681008,0.013832661177810873,-0.0007086598857536123,-2.5274684772812686e-6,-0.0019946319101014414,-0.0019166150878039295,0.0012163561481089089,0.0015353015380455506,0.0005856949158035855,-0.0014130699057068367,-0.0017315596521100167,0.00018047543975316981,0.00423455239663998,0.0017939855457563538,0.0006026990822700336,-0.00139381302505808,0.0019130526222136636,0.0014949693837692454,0.00040063006483648657,-0.0012837811304769898,-0.0010148665928902813,-0.0007086598857536123,0.01879543679702427,-0.004920457617752429,-0.0009601902053511617,0.0018779222780906826,0.0025566293663084683,0.0026560621325498928,0.00024647161701377114,0.004847933252667129,-0.0020630041750066453,-0.0010110148093662656,-0.0025116443204219407,0.0005898302330973881,0.00034754051476584467,0.0029077699814898817,-0.004046373433517965,0.0029030044162959645,-0.0009718965687369658,0.0014036065462933655,0.0017877223872937134,-2.5274684772812686e-6,-0.004920457617752429,0.0159248733113059,0.0035870630313610766,0.00012351733474563666,-0.005271201503784639,-0.010044924796216858,-0.0016289155754523076,0.0008695388844963664,0.00021953347474707938,0.0012617025098019146,0.0010760721419182345,0.00030299715270907515,-0.0006927979659350774,-0.0017366272771892504,0.0029806452116686193,-0.0008948009055863198,0.0004909359100773833,-0.0002913758051612241,0.00024102318487169688,-0.0019946319101014414,-0.0009601902053511617,0.0035870630313610766,0.011408679516311672,0.0015339713636676928,-0.0007463581849427789,-0.001175577213124424,-0.000299881577118585,-0.0023077700501231905,-0.006330550542161003,0.0036677465244548332,0.0034542244366084877,-0.003848195040037669,-0.0011920655813961116,-0.00409328782515269,0.005518733887568481,5.760429824812811e-6,0.003445926735831637,0.001669535825439698,0.0019444639197666092,-0.0019166150878039295,0.0018779222780906826,0.00012351733474563666,0.0015339713636676928,0.01737934383979293,-0.0017638260148015324,-0.003987805426664114,0.0008008560309021966,-0.005031026561743215,-0.0016738295721744425,0.0008816108294517841,0.006176409686222999,-0.0016401427826489808,0.0003677654731965614,-0.0010028716022772006,0.002279888237063956,-0.0009332265920338689,-0.0006331627073438777,-0.004222064292869983,-0.004494620205640924,0.0012163561481089089,0.0025566293663084683,-0.005271201503784639,-0.0007463581849427789,-0.0017638260148015324,0.01694612073484948,0.0055191408212753364,0.002494730163341345,-0.0057754672820241534,0.0032978046062999006,-0.001131548027430159,0.006775035723529227,0.0044195547925587,-0.002754375344770666,0.002388317399603379,0.00021881952168292581,0.0007266959750764747,-0.0023181587725798636,-0.0018418051071877328,-0.002411228220172087,0.0015353015380455506,0.0026560621325498928,-0.010044924796216858,-0.001175577213124424,-0.003987805426664114,0.0055191408212753364,0.018136255878344196
