0.027889828107798054,-0.004120048465206069,0.011148624947668669,0.008640928896188404,0.00400876462965551,-0.0025086943089382154,-0.010005595530479553,-0.006453226204139359,-0.0029372050034212893,-0.0011900206850383906,0.0017004349119940543,0.001348191015489361,0.0010942681059169733,0.002929660394258381,0.0009476135269616507,0.0034125923224751285,0.0036440948193260025,-0.010562055059639613,-6.172310607748308e-5,-0.005406226254210336,-0.004120048465206069,0.029633961480340865,0.004011382961352487,0.013975371742229726,-0.012952800434181675,0.003757414457429691,0.0027544661218383334,-0.0034456107637836604,-0.013174456735164194,-0.0009419420152275835,0.004386926919328028,0.012103866255193723,-0.0037327704142391884,-0.0026375101761517733,0.013018012264596422,0.0015165118479954168,-0.004454647083594925,-0.02001000751333533,0.001642774026842209,-0.006146273387279629,0.011148624947668669,0.004011382961352487,0.043574260703827486,0.0005880577460523075,-0.003198426132558452,-0.004656039027567062,0.0027418675414669163,-0.0079027097855402,-0.008927660029464077,-0.006302395207369764,0.006767273223282346,0.011561771904789738,-0.012144448629004465,0.0054864259091389625,0.011356357465357866,-0.0018358144026540775,-0.0015353832343874383,-0.007948454629739612,-0.007798099349824016,-0.00929814073748286,0.008640928896188404,0.013975371742229726,0.0005880577460523075,0.04466098979143689,-0.009058014460534825,0.004164330940841858,0.0009111442345637273,-0.008619905199713016,-0.009414576643139123,0.01143530686853298,0.015208231541806717,0.009725315632528406,-0.0058788439750965815,-0.005387537179493874,0.005484677314030392,0.0020224420887593702,-0.017150627912383108,-0.024902124703664263,-0.005100085229961855,-0.0017108179648619194,0.00400876462965551,-0.012952800434181675,-0.003198426132558452,-0.009058014460534825,0.02919000544541315,-0.002011275232501348,-0.002797070639889575,-0.00038995909506201875,0.01074261123697258,0.004055161683001897,-0.010213105415513322,-0.01306779952169991,0.0023882725914608598,-0.0045954766356004605,-0.007378739743927365,0.0031606017206115347,0.006327652873765566,0.006466586995912283,0.004457768498195804,-0.002909205433429799,-0.0025086943089382154,0.003757414457429691,-0.004656039027567062,0.004164330940841858,-0.002011275232501348,0.01646756809338761,-0.005329491060106993,-0.0006376324902710382,-0.000448525407743945,-0.002897373076437244,0.0017895034186173847,0.002390113070538252,-0.005741764622111848,0.0020948023269928492,0.0016821987548542592,0.0008794359392318752,-0.0027199134838446727,7.837630671423125e-5,-0.00018690565971856725,0.003665257365076873,-0.010005595530479553,0.0027544661218383334,0.0027418675414669163,0.0009111442345637273,-0.002797070639889575,-0.005329491060106993,0.020075853676279905,0.006222867382402138,0.001325085684802026,0.0006508354297582744,0.0025118717630472995,-0.0035066717519390235,-0.0036175495918379773,-0.0034654145799416355,0.005486532580964653,-0.0017053785361483779,-0.0014174456246753145,0.004256147336629561,-0.0042201928467056355,-0.00792882043159753,-0.006453226204139359,-0.0034456107637836604,-0.0079027097855402,-0.008619905199713016,-0.00038995909506201875,-0.0006376324902710382,0.006222867382402138,0.0304922450328902,-0.002251979858324607,-0.003573209364873051,-0.0043370041142381174,-0.006400099986104066,0.00024318772812547605,-0.004841253806576023,0.004142857744663151,-0.003815326595108314,-0.0032884994733870833,0.0016881435104394008,0.007821366523658568,0.008637219323145446,-0.0029372050034212893,-0.013174456735164194,-0.008927660029464077,-0.009414576643139123,0.01074261123697258,-0.000448525407743945,0.001325085684802026,-0.002251979858324607,0.04183856190615946,0.011905072951531637,-0.007835916023410088,-0.011079813296115348,0.011903055512584344,0.00286156527032239,-0.017496260822480604,0.0016760844083098265,0.0049944387531601735,0.024204080120417137,0.007024510790692244,0.003184539274301586,-0.0011900206850383906,-0.0009419420152275835,-0.006302395207369764,0.01143530686853298,0.004055161683001897,-0.002897373076437244,0.0006508354297582744,-0.003573209364873051,0.011905072951531637,0.03601665773291844,0.005262206707977556,-0.007539159809012043,0.005808645047359975,-0.01266210127321286,-0.006804552407737707,0.003860682325396758,0.0008117035961137131,-0.004587535645886648,0.0009461575058367249,-0.01003848453173218,0.0017004349119940543,0.004386926919328028,0.006767273223282346,0.015208231541806717,-0.010213105415513322,0.0017895034186173847,0.0025118717630472995,-0.0043370041142381174,-0.007835916023410088,0.005262206707977556,0.030081715540111967,0.007934891060966136,-0.006980477584786001,0.006611864609695397,0.011539413134411165,0.00048435857856174035,-0.0028884225468743755,-0.012349722809740941,-0.004823760415048298,-0.002707550567437953,0.001348191015489361,0.012103866255193723,0.011561771904789738,0.009725315632528406,-0.01306779952169991,0.002390113070538252,-0.0035066717519390235,-0.006400099986104066,-0.011079813296115348,-0.007539159809012043,0.007934891060966136,0.035050310175655644,-0.012556585953836793,-0.001406163334356299,0.009257831457440156,0.001773645208595447,-0.002283658359960397,-0.009571081756950399,-0.007258368954242659,-0.00982043664312118,0.0010942681059169733,-0.0037327704142391884,-0.012144448629004465,-0.0058788439750965815,0.0023882725914608598,-0.005741764622111848,-0.0036175495918379773,0.00024318772812547605,0.011903055512584344,0.005808645047359975,-0.006980477584786001,-0.012556585953836793,0.028706859732214107,0.008294067103844107,-0.0065838428676772585,-0.0012924925057386345,-0.0009540355786411501,0.012950983880839087,0.0003888080099419423,0.004707101260270999,0.002929660394258381,-0.0026375101761517733,0.0054864259091389625,-0.005387537179493874,-0.0045954766356004605,0.0020948023269928492,-0.0034654145799416355,-0.004841253806576023,0.00286156527032239,-0.01266210127321286,0.006611864609695397,-0.001406163334356299,0.008294067103844107,0.022653560606056455,-0.004592657286446798,-0.0006407502091932361,0.0035563251370060688,0.013033229369334298,-0.002189307747565556,0.006692813074714815,0.0009476135269616507,0.013018012264596422,0.011356357465357866,0.005484677314030392,-0.007378739743927365,0.0016821987548542592,0.005486532580964653,0.004142857744663151,-0.017496260822480604,-0.006804552407737707,0.011539413134411165,0.009257831457440156,-0.0065838428676772585,-0.004592657286446798,0.029991524827708234,-0.003710795215210951,-0.009330576785946943,-0.017865361650636704,-0.0038996181578247486,-0.007159462344004016,0.0034125923224751285,0.0015165118479954168,-0.0018358144026540775,0.0020224420887593702,0.0031606017206115347,0.0008794359392318752,-0.0017053785361483779,-0.003815326595108314,0.0016760844083098265,0.003860682325396758,0.00048435857856174035,0.001773645208595447,-0.0012924925057386345,-0.0006407502091932361,-0.003710795215210951,0.014204328697552756,0.002003819618117708,-0.002251893443668497,-0.0021098772759383455,-0.002796273264300953,0.0036440948193260025,-0.004454647083594925,-0.0015353832343874383,-0.017150627912383108,0.006327652873765566,-0.0027199134838446727,-0.0014174456246753145,-0.0032884994733870833,0.0049944387531601735,0.0008117035961137131,-0.0028884225468743755,-0.002283658359960397,-0.0009540355786411501,0.0035563251370060688,-0.009330576785946943,0.002003819618117708,0.03231041071185313,0.007856802250014712,-0.0061022442250548425,-0.008085512157414324,-0.010562055059639613,-0.02001000751333533,-0.007948454629739612,-0.024902124703664263,0.006466586995912283,7.837630671423125e-5,0.004256147336629561,0.0016881435104394008,0.024204080120417137,-0.004587535645886648,-0.012349722809740941,-0.009571081756950399,0.012950983880839087,0.013033229369334298,-0.017865361650636704,-0.002251893443668497,0.007856802250014712,0.06027829376384833,0.0022739388796157783,0.007271504972081297,-6.172310607748308e-5,0.001642774026842209,-0.007798099349824016,-0.005100085229961855,0.004457768498195804,-0.00018690565971856725,-0.0042201928467056355,0.007821366523658568,0.007024510790692244,0.0009461575058367249,-0.004823760415048298,-0.007258368954242659,0.0003888080099419423,-0.002189307747565556,-0.0038996181578247486,-0.0021098772759383455,-0.0061022442250548425,0.0022739388796157783,0.02454888769581096,0.006800790233329208,-0.005406226254210336,-0.006146273387279629,-0.00929814073748286,-0.0017108179648619194,-0.002909205433429799,0.003665257365076873,-0.00792882043159753,0.008637219323145446,0.003184539274301586,-0.01003848453173218,-0.002707550567437953,-0.00982043664312118,0.004707101260270999,0.006692813074714815,-0.007159462344004016,-0.002796273264300953,-0.008085512157414324,0.007271504972081297,0.006800790233329208,0.045123561897129814
