0.01651651857178104,0.0005299396258173928,0.004041700660362446,-0.0030371074443063676,0.0001877237362833855,0.0028823167453510415,0.002574737681482433,-0.0008749442321279814,0.0012415715592061654,2.3801482447275433e-5,-0.0019346461256390883,-0.001973704956357206,-0.004237221174353724,0.004684679305941592,0.001290847596946718,-0.0022760034030144417,-0.0045824551870966455,-0.00029826535807644705,0.0008183461824165018,0.0033878842110754933,0.0005299396258173928,0.016678620062037765,-1.4457008913577539e-5,0.0003528703798337487,-0.0022111694782145064,-0.0010614432306762494,-0.0018283282343220966,0.003036206473737868,-0.0012640506202327047,0.000638340806908503,-3.165333603416114e-5,0.0013666677320589877,0.00025315012169652905,-0.003279011953772654,-0.0006366399502273641,0.002315995507464779,0.0015376546132508165,-0.002451323244179132,-0.008369000706020965,-0.0021814597989024756,0.004041700660362446,-1.4457008913577539e-5,0.019305221116550208,0.00467679744858374,-0.0029545445477374256,0.003949629149177951,-0.004912883060461186,-0.0011264311003956816,-0.0018968398038492198,-0.0007998955705288223,-0.0016547762084398124,0.00129258693799258,-0.0029455917160722497,0.0014851732113436364,-0.003425582054309959,-0.0037254166633461146,-0.005463642085237308,-0.008195674140192226,-0.0019417430569083683,0.002591325930552878,-0.0030371074443063676,0.0003528703798337487,0.00467679744858374,0.024746446056897478,-0.006657283570940873,0.0042119768290206,-0.0003085695701021926,-0.0011622243336203801,-0.005107148030820655,-0.0033534633413671022,-0.0033626160123049545,0.0025337381554059596,0.006625878108570186,0.00012006830639499258,-0.002217154321605518,-0.002597759136939274,-0.001740222916869818,0.002102966276186484,0.000842996961656943,-0.0012182574396255677,0.0001877237362833855,-0.0022111694782145064,-0.0029545445477374256,-0.006657283570940873,0.020768675086085604,-0.0008659477502037636,-0.0013107907766990788,-0.001938605984600733,-3.167066111612292e-5,0.0020322405009547285,0.0048206678774680226,-0.003152033976109762,-0.005116737746788291,-0.0008753963934164332,0.004894161191267261,-0.00012470645961931638,0.002613299062573071,0.006600853198230353,0.007284438153594895,0.007149265559271522,0.0028823167453510415,-0.0010614432306762494,0.003949629149177951,0.0042119768290206,-0.0008659477502037636,0.02017792677678761,-0.0007050181862024476,0.0020879599048519186,-0.00199346656018183,0.0009271623373524955,-0.00035196977873785555,-0.0029215774761447697,-0.0005769821172182522,0.0010440536486629134,0.003897821847190121,-0.002310110690967833,-0.003686136647951532,-0.0049544123688680195,0.0007490647251593829,0.004311999361700655,0.002574737681482433,-0.0018283282343220966,-0.004912883060461186,-0.0003085695701021926,-0.0013107907766990788,-0.0007050181862024476,0.01608705952009263,0.0014525513184439594,-0.003339733335945232,-2.518551483123889e-6,0.0018860529879864696,-0.004091324218760503,-0.002409184323293875,0.0003144375751758141,0.00601002722505237,0.00013748315945228003,-0.0008068952388853325,-0.002092584968846138,-0.0006579487190942761,-0.0005430177582627447,-0.0008749442321279814,0.003036206473737868,-0.0011264311003956816,-0.0011622243336203801,-0.001938605984600733,0.0020879599048519186,0.0014525513184439594,0.015430004740705173,0.0020642763601473723,-0.0017055723394071491,-0.0012973929216361427,-0.0005565203829410402,-0.00039783970328650877,0.0019264345255867762,0.0016250663437849162,0.0026175263803800927,-0.0015301241348042115,-0.0050108131654139545,-0.0016990877223314943,0.0032971197694469903,0.0012415715592061654,-0.0012640506202327047,-0.0018968398038492198,-0.005107148030820655,-3.167066111612292e-5,-0.00199346656018183,-0.003339733335945232,0.0020642763601473723,0.015173376564157499,-0.002396175493588181,0.0034567455502863527,-0.001259654905464104,-0.0014152881867003577,-0.0021217722944454546,0.0009630628616156122,-0.0010471348002873155,0.005432800483741161,0.005838655087753718,0.0022509911166621816,-0.0008579960003567272,2.3801482447275433e-5,0.000638340806908503,-0.0007998955705288223,-0.0033534633413671022,0.0020322405009547285,0.0009271623373524955,-2.518551483123889e-6,-0.0017055723394071491,-0.002396175493588181,0.013538986957719792,0.005847702257441353,-0.0026166900688109574,-0.005815505969201563,-0.001955774650243893,0.004878349846375566,0.0029790701401030215,-0.0005014648971519654,-0.0008616314999019614,0.0011219790784467911,0.003478050491602847,-0.0019346461256390883,-3.165333603416114e-5,-0.0016547762084398124,-0.0033626160123049545,0.0048206678774680226,-0.00035196977873785555,0.0018860529879864696,-0.0012973929216361427,0.0034567455502863527,0.005847702257441353,0.01345756566548897,4.432840899523768e-5,0.0008121863320655165,-0.0026036486815117547,0.00205143385777244,-0.002687262389727881,-0.0005817945266733732,0.0029533311684488183,0.0023747368541777204,0.0012329557198646037,-0.001973704956357206,0.0013666677320589877,0.00129258693799258,0.0025337381554059596,-0.003152033976109762,-0.0029215774761447697,-0.004091324218760503,-0.0005565203829410402,-0.001259654905464104,-0.0026166900688109574,4.432840899523768e-5,0.02568288791383153,-0.0002756235116647089,-0.001279407319591723,-0.004748874960096617,-0.0013302629083651626,0.004711820712590875,0.002648865048217118,-0.0034495173021957793,-0.001690602500458317,-0.004237221174353724,0.00025315012169652905,-0.0029455917160722497,0.006625878108570186,-0.005116737746788291,-0.0005769821172182522,-0.002409184323293875,-0.00039783970328650877,-0.0014152881867003577,-0.005815505969201563,0.0008121863320655165,-0.0002756235116647089,0.022254972731071018,-0.0030112254969253812,-0.004995262210116692,0.0009489772039868473,-0.002311731078846499,0.0023557043278946387,-0.003674617142851654,-0.0033410680627090103,0.004684679305941592,-0.003279011953772654,0.0014851732113436364,0.00012006830639499258,-0.0008753963934164332,0.0010440536486629134,0.0003144375751758141,0.0019264345255867762,-0.0021217722944454546,-0.001955774650243893,-0.0026036486815117547,-0.001279407319591723,-0.0030112254969253812,0.022839024396789094,0.0005837735272566513,-0.0008857848970028194,-0.004321650294754115,-0.004628371650110175,0.003723482287952046,-0.0007110066995107481,0.001290847596946718,-0.0006366399502273641,-0.003425582054309959,-0.002217154321605518,0.004894161191267261,0.003897821847190121,0.00601002722505237,0.0016250663437849162,0.0009630628616156122,0.004878349846375566,0.00205143385777244,-0.004748874960096617,-0.004995262210116692,0.0005837735272566513,0.024083696006429657,-0.003397238627370098,-0.0026287409706302763,-0.0001425295195184883,0.0007522830070232746,0.004259139118459366,-0.0022760034030144417,0.002315995507464779,-0.0037254166633461146,-0.002597759136939274,-0.00012470645961931638,-0.002310110690967833,0.00013748315945228003,0.0026175263803800927,-0.0010471348002873155,0.0029790701401030215,-0.002687262389727881,-0.0013302629083651626,0.0009489772039868473,-0.0008857848970028194,-0.003397238627370098,0.019159179576178877,0.007461123931619399,0.0007609011476426341,-0.0018802870891102283,-0.008970623791787277,-0.0045824551870966455,0.0015376546132508165,-0.005463642085237308,-0.001740222916869818,0.002613299062573071,-0.003686136647951532,-0.0008068952388853325,-0.0015301241348042115,0.005432800483741161,-0.0005014648971519654,-0.0005817945266733732,0.004711820712590875,-0.002311731078846499,-0.004321650294754115,-0.0026287409706302763,0.007461123931619399,0.023007105489890305,0.006354254128122388,-0.002235105304630462,-0.0016740423253144873,-0.00029826535807644705,-0.002451323244179132,-0.008195674140192226,0.002102966276186484,0.006600853198230353,-0.0049544123688680195,-0.002092584968846138,-0.0050108131654139545,0.005838655087753718,-0.0008616314999019614,0.0029533311684488183,0.002648865048217118,0.0023557043278946387,-0.004628371650110175,-0.0001425295195184883,0.0007609011476426341,0.006354254128122388,0.020908101633174893,-0.0019803269829213065,-0.002879986015941231,0.0008183461824165018,-0.008369000706020965,-0.0019417430569083683,0.000842996961656943,0.007284438153594895,0.0007490647251593829,-0.0006579487190942761,-0.0016990877223314943,0.0022509911166621816,0.0011219790784467911,0.0023747368541777204,-0.0034495173021957793,-0.003674617142851654,0.003723482287952046,0.0007522830070232746,-0.0018802870891102283,-0.002235105304630462,-0.0019803269829213065,0.020618098891471648,0.0028671797879958674,0.0033878842110754933,-0.0021814597989024756,0.002591325930552878,-0.0012182574396255677,0.007149265559271522,0.004311999361700655,-0.0005430177582627447,0.0032971197694469903,-0.0008579960003567272,0.003478050491602847,0.0012329557198646037,-0.001690602500458317,-0.0033410680627090103,-0.0007110066995107481,0.004259139118459366,-0.008970623791787277,-0.0016740423253144873,-0.002879986015941231,0.0028671797879958674,0.016831397418271467
