0.0412563412613573,-0.005496805261823426,0.001068048896853046,-0.003055793158480319,-0.005172004759621852,0.00684385195243064,-0.0003816273558080701,0.0058913893764414365,0.013087471554616734,-0.002346813941756787,0.0031304718023563013,0.0004778587033912498,0.010305950905795584,0.0012834642920168202,-0.014122419794328038,0.011248899027173322,0.006495819093309949,-0.010848691230045317,-0.004694220338861244,-0.01954858159072735,-0.005496805261823426,0.01151755211309684,0.005923428547204804,-0.003982933871718873,0.004065474755099309,-0.003330189661908055,0.0020358880017993515,0.000683014342923134,-0.006653651867524759,0.0009497528221110395,0.005691892335744245,-0.0022753045518533977,0.002149160038385418,-0.0043180247094357395,-0.0038319629322215807,-0.0047784333487882556,0.0012430632594284043,-3.209680033700393e-5,0.0009729344066042396,-0.00013798869123681835,0.001068048896853046,0.005923428547204804,0.03500948588527102,-0.0014316418277668258,0.011865607207772893,-0.0015621399768634926,-0.009219444341678661,-0.01262758935850398,-0.015409106316897715,-0.0007243751322675992,-0.003870140730011043,-0.0013559285966415397,0.0014865502388452078,-0.01097110201302723,-0.004814006048026781,0.0073187679980513355,0.0013584580448726138,-0.005861598064515939,0.007878280293111689,0.008444621650814004,-0.003055793158480319,-0.003982933871718873,-0.0014316418277668258,0.03250010341105393,0.0016040540593265193,0.002374724240291057,-0.012109881291046178,0.0025427877269589777,0.0060132215183916,-0.008178340055912326,-0.014528155684629774,0.0007319636584803264,-0.003023530430862476,0.0005728626818751977,-7.26152800999666e-5,-0.0022556718381979155,0.010930599328105615,0.0009068322571112293,-0.012808063996918837,0.0034718980067120564,-0.005172004759621852,0.004065474755099309,0.011865607207772893,0.0016040540593265193,0.021977048391918084,-0.0023171372770035698,-0.0023408599303021715,-0.0066976898664398675,-0.006828524328244592,0.0012158560602166554,-6.287472218384081e-5,-0.0036378308624776855,-0.002148899345786586,-0.008598988643983155,-0.004118252360748239,0.005534573617296597,0.004126855821519724,0.005744006225307238,-0.00040821393113144565,0.0040393516380788745,0.00684385195243064,-0.003330189661908055,-0.0015621399768634926,0.002374724240291057,-0.0023171372770035698,0.022779087625045553,-0.008126855081797632,-0.002533180115224221,0.014689020624545003,-0.003318611166781759,-0.000519085636041738,-0.006608573014455547,-0.005592495272408443,0.0013023665136397593,-0.006733982307329361,0.00526579599745792,0.003964526421645056,0.004694585465732945,0.0002987088935163053,-0.008750235120364377,-0.0003816273558080701,0.0020358880017993515,-0.009219444341678661,-0.012109881291046178,-0.0023408599303021715,-0.008126855081797632,0.023647121927101472,-0.0012042212678568755,0.002178065110555484,0.0011777706298670809,0.006601450795816264,0.003396433284184404,0.005699287900427274,-0.004473699968274672,0.0008035557727095426,-0.0006867810852994337,-0.004068714266229926,0.0056239314632379415,-0.002204997928945263,-0.001717210032892922,0.0058913893764414365,0.000683014342923134,-0.01262758935850398,0.0025427877269589777,-0.0066976898664398675,-0.002533180115224221,-0.0012042212678568755,0.014706598548803334,0.0030050128227919566,-0.00024326780649392684,0.003128462286912135,0.0009126924954853884,0.0036183268785427926,0.008930413961133277,-0.0016174509298943732,-0.004707636966745499,0.0002870048688551949,-0.008155556381878586,-0.005154934185747865,-0.0012682171956795944,0.013087471554616734,-0.006653651867524759,-0.015409106316897715,0.0060132215183916,-0.006828524328244592,0.014689020624545003,0.002178065110555484,0.0030050128227919566,0.023665790351305116,-0.007188696921092801,-0.0028588526365791226,-0.0018372475265529531,-0.0009215894736425332,0.008607109376125141,-0.003675331325827283,0.004268944817430657,0.0036364527273903824,0.005197110165895674,-0.003725028679626931,-0.012964588275326514,-0.002346813941756787,0.0009497528221110395,-0.0007243751322675992,-0.008178340055912326,0.0012158560602166554,-0.003318611166781759,0.0011777706298670809,-0.00024326780649392684,-0.007188696921092801,0.007626336626670515,0.007520667965163813,0.0008137049981144791,-0.0005733254101019399,-0.004627646616733289,0.00023201826299524056,0.0008707966787006162,-0.0006545912588943386,0.001824927314431961,-0.0008914477625500982,-0.00013458077467536265,0.0031304718023563013,0.005691892335744245,-0.003870140730011043,-0.014528155684629774,-6.287472218384081e-5,-0.000519085636041738,0.006601450795816264,0.003128462286912135,-0.0028588526365791226,0.007520667965163813,0.019157620242613884,-0.0008544434192819008,0.0007739112066885085,-0.0048434312351336075,-0.004424392465546238,-0.0019277198687785318,0.003059542106256845,0.008754769291491733,-0.00018594163433013945,-0.002358837265608654,0.0004778587033912498,-0.0022753045518533977,-0.0013559285966415397,0.0007319636584803264,-0.0036378308624776855,-0.006608573014455547,0.003396433284184404,0.0009126924954853884,-0.0018372475265529531,0.0008137049981144791,-0.0008544434192819008,0.006786140473582762,0.0029771865255684197,0.0022184039655479037,0.0030304439541354363,0.004302359527748448,-0.0015146814042357568,-6.245080778103328e-6,-0.0021707906937380715,0.0013886571410867217,0.010305950905795584,0.002149160038385418,0.0014865502388452078,-0.003023530430862476,-0.002148899345786586,-0.005592495272408443,0.005699287900427274,0.0036183268785427926,-0.0009215894736425332,-0.0005733254101019399,0.0007739112066885085,0.0029771865255684197,0.00786378403624861,-0.00020573796205695832,-0.003938856021326707,0.002920197248209573,-0.0007649948570412639,-0.007603284284000459,-0.0026768176427173665,-0.004264317365508558,0.0012834642920168202,-0.0043180247094357395,-0.01097110201302723,0.0005728626818751977,-0.008598988643983155,0.0013023665136397593,-0.004473699968274672,0.008930413961133277,0.008607109376125141,-0.004627646616733289,-0.0048434312351336075,0.0022184039655479037,-0.00020573796205695832,0.019936967989502893,0.005896322377025144,-0.0007853894583064564,-0.0067404007865940665,-0.0059816634641786,0.006357155858969187,0.00020604801764487478,-0.014122419794328038,-0.0038319629322215807,-0.004814006048026781,-7.26152800999666e-5,-0.004118252360748239,-0.006733982307329361,0.0008035557727095426,-0.0016174509298943732,-0.003675331325827283,0.00023201826299524056,-0.004424392465546238,0.0030304439541354363,-0.003938856021326707,0.005896322377025144,0.012227506776406712,-0.006022650562954531,-0.006847647442085734,0.00246540945407919,0.006202026773401972,0.008906518025767786,0.011248899027173322,-0.0047784333487882556,0.0073187679980513355,-0.0022556718381979155,0.005534573617296597,0.00526579599745792,-0.0006867810852994337,-0.004707636966745499,0.004268944817430657,0.0008707966787006162,-0.0019277198687785318,0.004302359527748448,0.002920197248209573,-0.0007853894583064564,-0.006022650562954531,0.024048378574306646,0.0014259710219064392,-0.001247691548309678,-0.005382612296462891,-0.006355173842441697,0.006495819093309949,0.0012430632594284043,0.0013584580448726138,0.010930599328105615,0.004126855821519724,0.003964526421645056,-0.004068714266229926,0.0002870048688551949,0.0036364527273903824,-0.0006545912588943386,0.003059542106256845,-0.0015146814042357568,-0.0007649948570412639,-0.0067404007865940665,-0.006847647442085734,0.0014259710219064392,0.01218185864011871,0.006568723554558817,-0.009289058119335239,-0.0039500590968636305,-0.010848691230045317,-3.209680033700393e-5,-0.005861598064515939,0.0009068322571112293,0.005744006225307238,0.004694585465732945,0.0056239314632379415,-0.008155556381878586,0.005197110165895674,0.001824927314431961,0.008754769291491733,-6.245080778103328e-6,-0.007603284284000459,-0.0059816634641786,0.00246540945407919,-0.001247691548309678,0.006568723554558817,0.027891477929383846,0.00019528424342593284,0.0008340317432643836,-0.004694220338861244,0.0009729344066042396,0.007878280293111689,-0.012808063996918837,-0.00040821393113144565,0.0002987088935163053,-0.002204997928945263,-0.005154934185747865,-0.003725028679626931,-0.0008914477625500982,-0.00018594163433013945,-0.0021707906937380715,-0.0026768176427173665,0.006357155858969187,0.006202026773401972,-0.005382612296462891,-0.009289058119335239,0.00019528424342593284,0.019134280839272103,0.004675559183935317,-0.01954858159072735,-0.00013798869123681835,0.008444621650814004,0.0034718980067120564,0.0040393516380788745,-0.008750235120364377,-0.001717210032892922,-0.0012682171956795944,-0.012964588275326514,-0.00013458077467536265,-0.002358837265608654,0.0013886571410867217,-0.004264317365508558,0.00020604801764487478,0.008906518025767786,-0.006355173842441697,-0.0039500590968636305,0.0008340317432643836,0.004675559183935317,0.026137267903313634
0.015204533558220448,0.006946791186825087,5.997221211335958e-5,-0.0028705895750761492,0.006091410351748277,-0.001105234956596838,-0.00366849735833822,-0.0015386419607848023,-0.0015831152069356827,0.00021152963564803444,-0.0009511530598648532,0.002408482990140041,-0.0017292106467267265,-0.0011152320868030906,0.002170639060477984,-0.007145591713801604,0.004375027288841314,-0.0029502716884396507,0.005174511464549392,0.005549691489704647,0.006946791186825087,0.022198983957913487,-0.005501134084910311,0.004009488111392163,0.004169553473169012,-0.006795448657858628,-0.0009484523521755344,-0.004487657721158495,0.008210635277944557,-0.0021616582183339216,-0.004189848921840817,-0.0018953018854374905,-0.004866657486617595,-0.005035982122923515,0.0018828638885932329,0.0024733816293907107,-0.0032183989887049737,-0.003982533029289482,-0.009004963966010653,0.010817125959381604,5.997221211335958e-5,-0.005501134084910311,0.009857647695381364,-0.003422520267678783,-0.0014866118436880492,0.001109329967668981,-0.0007025027674758602,0.0007756533582718275,-0.006082190577940649,0.0020293957793960883,0.0009686265787693291,0.0028909432593079124,0.008177941954831933,0.00533825916210343,0.0015851787603635386,0.0002175805533830001,0.0023586338200059687,0.006266008786935902,0.0031854729958005596,-0.0057095920602195736,-0.0028705895750761492,0.004009488111392163,-0.003422520267678783,0.016610319870657607,0.0008085208481496383,-0.0019003323683412779,-0.003433213185496498,0.0010013579195424244,0.011976664651241198,0.0004746518372444725,-0.00521455812812496,-0.002053776739792638,0.00034091043981247576,-0.001895419414771324,-0.0017173803334267844,0.00363608632518087,-0.0002736261687674694,0.0021598760113050192,-0.0014491157907757734,0.009020770453124754,0.006091410351748277,0.004169553473169012,-0.0014866118436880492,0.0008085208481496383,0.015662425120297682,-8.956666346933092e-5,-0.000687997800681755,-0.0019070225949855003,-0.00025675390280294685,0.0027109162881904106,-0.0006060616998584704,-0.010330576585840578,0.0005119530590967495,-0.004186290639186284,0.004557303639802848,-0.005544741993094509,0.0010917807487091915,-0.0035925207334989674,0.0009498869304712021,0.006114288569983026,-0.001105234956596838,-0.006795448657858628,0.001109329967668981,-0.0019003323683412779,-8.956666346933092e-5,0.017471588671034464,-0.0019267657103175634,-0.004051023179288687,-0.0031802541095103305,0.003282303537700341,0.0002611394260139789,-0.0033716199718915275,-0.0009732701254658117,0.005778691598080643,0.001558450850032232,0.0016255630648489144,0.0027067019667348802,-0.0043571075713274695,0.007691373183928541,-0.0009698008831695989,-0.00366849735833822,-0.0009484523521755344,-0.0007025027674758602,-0.003433213185496498,-0.000687997800681755,-0.0019267657103175634,0.01434754322597638,0.001128825439256436,0.0014468989339370328,-0.005312920918335833,0.006055677281555638,0.002017104074194683,-0.002109283372005337,0.0003672886674055383,0.0026699786661163313,-0.003809636469942255,-0.0017732140931335468,-0.0006039181134868113,0.00020071176042306264,0.0012902999311257515,-0.0015386419607848023,-0.004487657721158495,0.0007756533582718275,0.0010013579195424244,-0.0019070225949855003,-0.004051023179288687,0.001128825439256436,0.013147909046913278,0.002828709057669745,-0.001817916389291987,-0.0009549797284855253,-0.0023663795359801882,-0.0028126608865513838,0.00012006277337707092,0.0027067110554230924,0.005734817897483828,-0.0024998901046774016,0.0030384108282321305,0.0017782208098251996,-0.00016350563540224882,-0.0015831152069356827,0.008210635277944557,-0.006082190577940649,0.011976664651241198,-0.00025675390280294685,-0.0031802541095103305,0.0014468989339370328,0.002828709057669745,0.020895305647385915,-0.004039864376999454,-0.002677752513807546,-0.003054389103949522,-0.007599242128563524,-0.0020538182386217016,0.0021603716908178217,0.007037290270744746,-0.006063004083676164,-0.006684788620716543,-0.005529955794468697,0.003552596543591137,0.00021152963564803444,-0.0021616582183339216,0.0020293957793960883,0.0004746518372444725,0.0027109162881904106,0.003282303537700341,-0.005312920918335833,-0.001817916389291987,-0.004039864376999454,0.01785432308506943,0.0005382749614116478,0.0019602042460514424,0.006287457808988447,-0.0023261789896717607,-0.00035323306908473327,0.004928626086799558,-0.004332725014786996,-0.007176772424779586,-0.006977694469864605,0.0015122781712232991,-0.0009511530598648532,-0.004189848921840817,0.0009686265787693291,-0.00521455812812496,-0.0006060616998584704,0.0002611394260139789,0.006055677281555638,-0.0009549797284855253,-0.002677752513807546,0.0005382749614116478,0.011257655029109529,-0.002668382503779302,-0.003113437600143873,0.000598965709987808,0.0051088578169354495,-0.0081890347948654,-0.00028912169478152017,-0.0008397283141039031,0.0018030338655646155,-0.0048295946288731476,0.002408482990140041,-0.0018953018854374905,0.0028909432593079124,-0.002053776739792638,-0.010330576585840578,-0.0033716199718915275,0.002017104074194683,-0.0023663795359801882,-0.003054389103949522,0.0019602042460514424,-0.002668382503779302,0.02606573833152201,0.008803232217442291,0.0008316029635849714,-0.00911993483941717,5.822518128970473e-6,0.0011118022221036452,-0.0002553671127206804,-0.0011815863639524817,-0.0021770375789448744,-0.0017292106467267265,-0.004866657486617595,0.008177941954831933,0.00034091043981247576,0.0005119530590967495,-0.0009732701254658117,-0.002109283372005337,-0.0028126608865513838,-0.007599242128563524,0.006287457808988447,-0.003113437600143873,0.008803232217442291,0.017326305905351412,-0.0019336092909602101,0.0011792480774544065,-0.00029903123264933855,0.003952702509061118,0.004257798465990692,-0.0005939988690920172,-0.0030242438136143376,-0.0011152320868030906,-0.005035982122923515,0.00533825916210343,-0.001895419414771324,-0.004186290639186284,0.005778691598080643,0.0003672886674055383,0.00012006277337707092,-0.0020538182386217016,-0.0023261789896717607,0.000598965709987808,0.0008316029635849714,-0.0019336092909602101,0.011677512209209776,-0.0062442059043930015,0.0019753962979410546,0.0003361962683433423,0.0054075391412226614,0.005081623306349434,-0.0034495120990859557,0.002170639060477984,0.0018828638885932329,0.0015851787603635386,-0.0017173803334267844,0.004557303639802848,0.001558450850032232,0.0026699786661163313,0.0027067110554230924,0.0021603716908178217,-0.00035323306908473327,0.0051088578169354495,-0.00911993483941717,0.0011792480774544065,-0.0062442059043930015,0.01941837396749332,-0.0030711834131670686,0.0022788130612657136,-0.003504004171786107,0.002823851868805941,-0.001061928791710461,-0.007145591713801604,0.0024733816293907107,0.0002175805533830001,0.00363608632518087,-0.005544741993094509,0.0016255630648489144,-0.003809636469942255,0.005734817897483828,0.007037290270744746,0.004928626086799558,-0.0081890347948654,5.822518128970473e-6,-0.00029903123264933855,0.0019753962979410546,-0.0030711834131670686,0.021082230745120473,-0.009259493257018931,-0.00351208033585092,-0.010393215463077561,-0.000902048847401822,0.004375027288841314,-0.0032183989887049737,0.0023586338200059687,-0.0002736261687674694,0.0010917807487091915,0.0027067019667348802,-0.0017732140931335468,-0.0024998901046774016,-0.006063004083676164,-0.004332725014786996,-0.00028912169478152017,0.0011118022221036452,0.003952702509061118,0.0003361962683433423,0.0022788130612657136,-0.009259493257018931,0.009727723631995215,0.006170966540555887,0.010576460776486052,0.0017211307902356885,-0.0029502716884396507,-0.003982533029289482,0.006266008786935902,0.0021598760113050192,-0.0035925207334989674,-0.0043571075713274695,-0.0006039181134868113,0.0030384108282321305,-0.006684788620716543,-0.007176772424779586,-0.0008397283141039031,-0.0002553671127206804,0.004257798465990692,0.0054075391412226614,-0.003504004171786107,-0.00351208033585092,0.006170966540555887,0.018636180034164996,0.007278696394691984,0.0002777807006647772,0.005174511464549392,-0.009004963966010653,0.0031854729958005596,-0.0014491157907757734,0.0009498869304712021,0.007691373183928541,0.00020071176042306264,0.0017782208098251996,-0.005529955794468697,-0.006977694469864605,0.0018030338655646155,-0.0011815863639524817,-0.0005939988690920172,0.005081623306349434,0.002823851868805941,-0.010393215463077561,0.010576460776486052,0.007278696394691984,0.018219837707761494,0.0009003304209202824,0.005549691489704647,0.010817125959381604,-0.0057095920602195736,0.009020770453124754,0.006114288569983026,-0.0009698008831695989,0.0012902999311257515,-0.00016350563540224882,0.003552596543591137,0.0015122781712232991,-0.0048295946288731476,-0.0021770375789448744,-0.0030242438136143376,-0.0034495120990859557,-0.001061928791710461,-0.000902048847401822,0.0017211307902356885,0.0002777807006647772,0.0009003304209202824,0.022166543086177753
0.1529469518814625,-0.02519933941881026,0.04259209986559502,0.0640051551667238,-0.04344046908809171,-0.03992180921558243,-0.024641897262484468,0.007918772227954743,-0.023420360577493533,-0.003167052291509695,0.10210068655801177,0.05465375998696658,-0.002536592780475113,0.012753979037182507,-0.06892152940253307,-0.019408786854901633,-0.013767369875333644,-0.05885690614192307,-0.11504308928914289,-0.09926214996121908,-0.02519933941881026,0.019810032456571296,-0.023080346574899213,-0.006264012620393916,-0.004582659551150431,-0.005090829098737308,0.0017693667670138865,0.00527172163573201,0.007061383812801149,0.011462121637321009,-0.011100682992448171,-0.005921672306075935,0.021818792773317552,-0.014281333385286032,0.021023144206088855,0.008252206467930817,0.013207646991110156,-0.0006907543204090726,0.0072868312858180885,0.011089405923442444,0.04259209986559502,-0.023080346574899213,0.03451814281623065,0.015813690992695653,0.004524028020775945,0.005767709820341733,-0.00769657598212835,-0.004143320911546215,-0.012161613076670767,-0.016300751700398384,0.022173125771369297,0.018267727356566413,-0.021752074966666434,0.016231710510699587,-0.037809659738708146,-0.018756068616233516,-0.008927149900873742,-0.0010616758184884023,-0.020932605529745702,-0.0138228834223858,0.0640051551667238,-0.006264012620393916,0.015813690992695653,0.04044048124119224,-0.004268315359807371,-0.015874872142228873,-0.02201935542280601,-0.010802017265883276,-0.028354728754609954,-0.0014200885185254562,0.04066756518996402,0.011407846126911066,0.007280001635862296,0.01756382069762176,-0.02105248529979287,-0.0035115440725379337,0.004171428088474337,-0.017245232868476006,-0.03331789964920384,-0.03625577803948195,-0.04344046908809171,-0.004582659551150431,0.004524028020775945,-0.004268315359807371,0.05146597699688207,0.027768982210796836,-0.011398225079540785,-0.029106884389447803,-0.018492080557705147,-0.016944956249622015,-0.030023537111313225,-0.0383558189122748,-0.013302394074509429,0.03269306679319947,0.017566896136129738,0.005565907404802728,0.008102633126774651,0.04085067095957651,0.07054918441452811,0.04885763345394182,-0.03992180921558243,-0.005090829098737308,0.005767709820341733,-0.015874872142228873,0.027768982210796836,0.0475780640091061,0.00862858733515522,0.0011351202636043637,-0.0022060117198702415,-0.01821216272088675,-0.009516294388972836,-0.013874978046395696,-0.0032540252176102734,-0.013560626959291297,-0.0012061298964648253,-0.0018456809874109377,0.002215659271110497,0.03015394388970561,0.03977713773028421,0.021137954607155403,-0.024641897262484468,0.0017693667670138865,-0.00769657598212835,-0.02201935542280601,-0.011398225079540785,0.00862858733515522,0.03127010073067983,0.0055099890357419145,0.028391399871614077,-0.00013858953718053112,-0.010824718825008618,0.003260871498202477,-0.011499113262694573,-0.02293958201846875,0.014587945646923162,3.4997049361833133e-5,-0.018336765357613593,-0.0060041370047596646,0.004600376138982332,0.008259579881981532,0.007918772227954743,0.00527172163573201,-0.004143320911546215,-0.010802017265883276,-0.029106884389447803,0.0011351202636043637,0.0055099890357419145,0.05097212672631525,0.022167126655271673,0.004982850339159109,0.019794926163964676,0.028584173255565913,0.021633740571329448,-0.03847072708513388,-0.02411441135197968,-0.007254924142652091,0.0020617394112024644,-0.001138553462572789,-0.03386638939618348,-0.012925487217189304,-0.023420360577493533,0.007061383812801149,-0.012161613076670767,-0.028354728754609954,-0.018492080557705147,-0.0022060117198702415,0.028391399871614077,0.022167126655271673,0.05253067599056754,-0.0008735498707160902,0.0037745225609176545,0.011476968652166393,-0.011562499594974789,-0.024188903563518657,0.009389136220120529,-0.002436383686429478,-0.014431867628645723,-0.010980570485936793,-0.007582454489559483,0.02158639555549209,-0.003167052291509695,0.011462121637321009,-0.016300751700398384,-0.0014200885185254562,-0.016944956249622015,-0.01821216272088675,-0.00013858953718053112,0.004982850339159109,-0.0008735498707160902,0.02061227833356346,-0.009215358302102818,0.005582554675698845,0.007101484132575638,-0.008668149942122588,0.01117709974441438,0.013096093023082206,0.006514115004954551,-0.012755451539226626,-0.020629923607793543,-0.01740034763596602,0.10210068655801177,-0.011100682992448171,0.022173125771369297,0.04066756518996402,-0.030023537111313225,-0.009516294388972836,-0.010824718825008618,0.019794926163964676,0.0037745225609176545,-0.009215358302102818,0.11141688236340969,0.04041663144292382,-0.0007756949594650035,-0.014041818418588231,-0.0483661373898764,-0.003123444410739673,-0.00627685931513287,-0.04915478374500413,-0.0915860837679995,-0.07840602576820256,0.05465375998696658,-0.005921672306075935,0.018267727356566413,0.011407846126911066,-0.0383558189122748,-0.013874978046395696,0.003260871498202477,0.028584173255565913,0.011476968652166393,0.005582554675698845,0.04041663144292382,0.058271028922043284,-0.00969495598866476,-0.02393534847086451,-0.04677316595883631,-0.015501978802430347,-0.00039726062722523787,-0.03238309071358204,-0.08696750067469125,-0.04481102497000339,-0.002536592780475113,0.021818792773317552,-0.021752074966666434,0.007280001635862296,-0.013302394074509429,-0.0032540252176102734,-0.011499113262694573,0.021633740571329448,-0.011562499594974789,0.007101484132575638,-0.0007756949594650035,-0.00969495598866476,0.07859606385993899,-0.03037870036560284,0.006037654061571215,-0.012773820439898878,0.021326828902196192,0.004567410817173378,0.017127636985886843,0.0015897682837098862,0.012753979037182507,-0.014281333385286032,0.016231710510699587,0.01756382069762176,0.03269306679319947,-0.013560626959291297,-0.02293958201846875,-0.03847072708513388,-0.024188903563518657,-0.008668149942122588,-0.014041818418588231,-0.02393534847086451,-0.03037870036560284,0.06327525265083239,0.005894212110439484,0.00440644578136363,-0.0034652954844773317,0.01564321361706008,0.03069658271078392,0.0230011638989518,-0.06892152940253307,0.021023144206088855,-0.037809659738708146,-0.02105248529979287,0.017566896136129738,-0.0012061298964648253,0.014587945646923162,-0.02411441135197968,0.009389136220120529,0.01117709974441438,-0.0483661373898764,-0.04677316595883631,0.006037654061571215,0.005894212110439484,0.06714843773977927,0.026868576415285984,-0.0018649577753711401,0.014080456493977999,0.06618818588033329,0.041654985760635366,-0.019408786854901633,0.008252206467930817,-0.018756068616233516,-0.0035115440725379337,0.005565907404802728,-0.0018456809874109377,3.4997049361833133e-5,-0.007254924142652091,-0.002436383686429478,0.013096093023082206,-0.003123444410739673,-0.015501978802430347,-0.012773820439898878,0.00440644578136363,0.026868576415285984,0.03432942847653118,0.001989563470534586,-0.00016809325502840488,0.0028319844765901762,-0.011824644181763152,-0.013767369875333644,0.013207646991110156,-0.008927149900873742,0.004171428088474337,0.008102633126774651,0.002215659271110497,-0.018336765357613593,0.0020617394112024644,-0.014431867628645723,0.006514115004954551,-0.00627685931513287,-0.00039726062722523787,0.021326828902196192,-0.0034652954844773317,-0.0018649577753711401,0.001989563470534586,0.029937175455151684,0.007015825474520551,-0.0005957313912247682,0.005070373965089615,-0.05885690614192307,-0.0006907543204090726,-0.0010616758184884023,-0.017245232868476006,0.04085067095957651,0.03015394388970561,-0.0060041370047596646,-0.001138553462572789,-0.010980570485936793,-0.012755451539226626,-0.04915478374500413,-0.03238309071358204,0.004567410817173378,0.01564321361706008,0.014080456493977999,-0.00016809325502840488,0.007015825474520551,0.059396123854207325,0.07881919344265202,0.06261016720251833,-0.11504308928914289,0.0072868312858180885,-0.020932605529745702,-0.03331789964920384,0.07054918441452811,0.03977713773028421,0.004600376138982332,-0.03386638939618348,-0.007582454489559483,-0.020629923607793543,-0.0915860837679995,-0.08696750067469125,0.017127636985886843,0.03069658271078392,0.06618818588033329,0.0028319844765901762,-0.0005957313912247682,0.07881919344265202,0.16757261106840138,0.11639410271170983,-0.09926214996121908,0.011089405923442444,-0.0138228834223858,-0.03625577803948195,0.04885763345394182,0.021137954607155403,0.008259579881981532,-0.012925487217189304,0.02158639555549209,-0.01740034763596602,-0.07840602576820256,-0.04481102497000339,0.0015897682837098862,0.0230011638989518,0.041654985760635366,-0.011824644181763152,0.005070373965089615,0.06261016720251833,0.11639410271170983,0.1256653182023046
