0.021792972582682875,0.0003351111181516301,0.0029851301240702327,-0.007041293835376207,0.001275030836690874,0.0017403007760205093,0.0033872948784638077,-0.0040000321330303165,0.0020078836332644793,-5.570613995006411e-6,-0.0028850635645295266,-0.0020202535337101495,-0.002205125066728528,0.006112045703628749,0.0026720824144788775,0.0009793300336463527,-0.004906514563532538,0.001429921322217444,6.114736710032768e-5,0.0019950978070397488,0.0003351111181516301,0.02003083258418748,0.0007381550733467773,2.6283863723390233e-5,-0.0005775898373145658,-0.0026615296736527093,-0.0021019406819602305,0.0028869149864288735,-0.004622110378620259,0.00100401517284878,-0.002755099561897593,-0.0002537271478933341,-0.0004952208629743818,-0.0018838447829577902,-0.00048167713599650173,0.006095235111335051,0.002674177932941635,-0.004603943454118152,-0.010954104184304213,-0.0033045931549738512,0.0029851301240702327,0.0007381550733467773,0.019674115001192725,0.0026857806963602494,0.0014888358325649284,0.0026953463001263183,-0.004100137148792971,-0.0036498976336846365,-0.005531718360778541,-0.0014441268345391585,-0.0026713987857670683,0.0013231980783272612,-0.004179463696674027,-0.0003490560204556525,-0.002622683304138486,-0.001711601557628519,-0.003761471395268147,-0.008197793564439747,-0.0038484344339133583,0.001685044730877903,-0.007041293835376207,2.6283863723390233e-5,0.0026857806963602494,0.03205230631488174,-0.008517718915923962,0.006038670386903851,0.0008253095454822629,-0.0012239752365012125,-0.006746296878879239,-0.0030577783978656594,0.0005384882119066502,0.00023797436010290594,0.009931350979805636,0.0011118926363099966,-0.003303271667613743,-0.0062760585788933145,-0.0015002957349905957,0.0054686701334159815,-0.0005723381371419605,-0.0018586225438370408,0.001275030836690874,-0.0005775898373145658,0.0014888358325649284,-0.008517718915923962,0.020466676177419107,-0.004814707138901751,-0.0023416260506789106,-0.004780055297587222,-0.0013423567865776097,0.001670391460000473,0.0018879894625310747,-0.0024615351203632384,-0.007041860079997483,-0.002193618283173578,0.005023144347467198,0.0028307727481042388,0.003662110297012938,0.0034370640196759675,0.006160161296448797,0.004366806274518798,0.0017403007760205093,-0.0026615296736527093,0.0026953463001263183,0.006038670386903851,-0.004814707138901751,0.025204799208871552,-0.005275652678378609,-0.0022238410897168224,-0.0006398630163362581,0.0017149467769707752,0.0030457291517709305,0.0008777001002231791,0.005209113450653793,-0.0014459704394723097,-0.002662803514698607,-0.004159007969075082,-0.004742166817226763,-0.0006755332182613016,0.00045699768077634914,0.0021577288495399066,0.0033872948784638077,-0.0021019406819602305,-0.004100137148792971,0.0008253095454822629,-0.0023416260506789106,-0.005275652678378609,0.01760530272909767,0.000424108469165833,-0.0025872417756288733,-0.0012492697059056468,0.002419944087197689,-0.004156362300811846,-0.001281200289616763,0.002456331708806287,0.007339528795477549,0.0014203882815494381,-0.0017731490987750436,-0.0030485015533919853,0.0014188246588770913,-0.004285125407588857,-0.0040000321330303165,0.0028869149864288735,-0.0036498976336846365,-0.0012239752365012125,-0.004780055297587222,-0.0022238410897168224,0.000424108469165833,0.02172738491931855,0.008217843412550226,-0.005357964645698179,-0.002588142849496207,-0.002825201284217505,0.002181779725947287,-3.127088801128128e-5,-0.0028201516045376586,0.003166632501508803,-0.002984245563752409,-0.004447806178291268,-0.000982082194186103,0.0029675211345724824,0.0020078836332644793,-0.004622110378620259,-0.005531718360778541,-0.006746296878879239,-0.0013423567865776097,-0.0006398630163362581,-0.0025872417756288733,0.008217843412550226,0.020944995239928002,-0.004906725081963604,0.0016776271418713475,-0.0037916394896467193,-0.0009607354012511501,-0.0028545989626996456,0.0006146712113713541,-0.0026607981054974153,0.0013660723673695847,0.006521051264833926,0.005224670799094787,0.002629361745088578,-5.570613995006411e-6,0.00100401517284878,-0.0014441268345391585,-0.0030577783978656594,0.001670391460000473,0.0017149467769707752,-0.0012492697059056468,-0.005357964645698179,-0.004906725081963604,0.01486022487746158,0.006031843311641687,-0.001222372014917151,-0.0038737216176835,-0.0006892481077345355,0.004386631248261856,0.0031730473166056406,0.0018379480476618396,-0.0009793124907005104,0.001180180674855044,0.0026231750010881033,-0.0028850635645295266,-0.002755099561897593,-0.0026713987857670683,0.0005384882119066502,0.0018879894625310747,0.0030457291517709305,0.002419944087197689,-0.002588142849496207,0.0016776271418713475,0.006031843311641687,0.015378152998894709,-0.0009757954512963208,0.004624205730077701,-0.0020131595400155996,0.0008477667406458513,-0.004536354525836936,-0.00182713069482883,0.00255581943756381,0.005365112935700679,-0.00015441927959317363,-0.0020202535337101495,-0.0002537271478933341,0.0013231980783272612,0.00023797436010290594,-0.0024615351203632384,0.0008777001002231791,-0.004156362300811846,-0.002825201284217505,-0.0037916394896467193,-0.001222372014917151,-0.0009757954512963208,0.028038026493932486,-0.00396850586844073,-0.0007895770533600352,-0.0033916719439578266,-0.002089563790988914,0.0030482413144083753,0.0016360046506890904,-0.004014235588656954,-0.001199801513793634,-0.002205125066728528,-0.0004952208629743818,-0.004179463696674027,0.009931350979805636,-0.007041860079997483,0.005209113450653793,-0.001281200289616763,0.002181779725947287,-0.0009607354012511501,-0.0038737216176835,0.004624205730077701,-0.00396850586844073,0.02214170561850052,0.001962885925458357,-0.006065285903632891,-0.0024928007908377532,-0.004865381774273883,0.003460462316828605,-0.0015085130450330833,-0.001921343187561011,0.006112045703628749,-0.0018838447829577902,-0.0003490560204556525,0.0011118926363099966,-0.002193618283173578,-0.0014459704394723097,0.002456331708806287,-3.127088801128128e-5,-0.0028545989626996456,-0.0006892481077345355,-0.0020131595400155996,-0.0007895770533600352,0.001962885925458357,0.02149524695949696,0.0013596463925302942,0.0014441361789161288,-0.0025437742683622902,-0.0018810743649566794,0.0008600662037159907,-0.000892807958169027,0.0026720824144788775,-0.00048167713599650173,-0.002622683304138486,-0.003303271667613743,0.005023144347467198,-0.002662803514698607,0.007339528795477549,-0.0028201516045376586,0.0006146712113713541,0.004386631248261856,0.0008477667406458513,-0.0033916719439578266,-0.006065285903632891,0.0013596463925302942,0.02519454994549927,-0.0008378873653870868,0.0007383883260327959,-0.00037471936241596933,0.0011043787083377795,0.0003443429829078908,0.0009793300336463527,0.006095235111335051,-0.001711601557628519,-0.0062760585788933145,0.0028307727481042388,-0.004159007969075082,0.0014203882815494381,0.003166632501508803,-0.0026607981054974153,0.0031730473166056406,-0.004536354525836936,-0.002089563790988914,-0.0024928007908377532,0.0014441361789161288,-0.0008378873653870868,0.019883237160251206,0.006742529962493282,-0.0025319969952191154,-0.004085046475731858,-0.007395962606382409,-0.004906514563532538,0.002674177932941635,-0.003761471395268147,-0.0015002957349905957,0.003662110297012938,-0.004742166817226763,-0.0017731490987750436,-0.002984245563752409,0.0013660723673695847,0.0018379480476618396,-0.00182713069482883,0.0030482413144083753,-0.004865381774273883,-0.0025437742683622902,0.0007383883260327959,0.006742529962493282,0.021331674499989087,0.004140118516705139,-0.0026982885016546185,-0.0014609865728069642,0.001429921322217444,-0.004603943454118152,-0.008197793564439747,0.0054686701334159815,0.0034370640196759675,-0.0006755332182613016,-0.0030485015533919853,-0.004447806178291268,0.006521051264833926,-0.0009793124907005104,0.00255581943756381,0.0016360046506890904,0.003460462316828605,-0.0018810743649566794,-0.00037471936241596933,-0.0025319969952191154,0.004140118516705139,0.02097701677223129,-0.0005936997870827567,-0.0014574425660949968,6.114736710032768e-5,-0.010954104184304213,-0.0038484344339133583,-0.0005723381371419605,0.006160161296448797,0.00045699768077634914,0.0014188246588770913,-0.000982082194186103,0.005224670799094787,0.001180180674855044,0.005365112935700679,-0.004014235588656954,-0.0015085130450330833,0.0008600662037159907,0.0011043787083377795,-0.004085046475731858,-0.0026982885016546185,-0.0005936997870827567,0.022044358809836025,0.004421524281803427,0.0019950978070397488,-0.0033045931549738512,0.001685044730877903,-0.0018586225438370408,0.004366806274518798,0.0021577288495399066,-0.004285125407588857,0.0029675211345724824,0.002629361745088578,0.0026231750010881033,-0.00015441927959317363,-0.001199801513793634,-0.001921343187561011,-0.000892807958169027,0.0003443429829078908,-0.007395962606382409,-0.0014609865728069642,-0.0014574425660949968,0.004421524281803427,0.01426221691996073
