0.07668648363554698,0.03182438374591469,0.0018391937006496677,0.04249741175386089,-0.0320178594988456,-0.044351944639507715,0.006163462275380427,-0.038420662350674886,0.0023608123138885353,0.014206195063869123,0.010972358791522814,-0.00715066038137587,-0.02326065446521028,-0.007499246303641242,0.02203172462154561,-0.029448497902996185,0.007934007872762336,0.05367685557142131,-0.0161888156019981,-0.010403364572789578,0.03182438374591469,0.04238086845364022,-0.007132609766401345,0.02107674777760304,-0.013273111191391108,-0.024959190517031257,0.0036389198023225305,-0.00872563914774107,0.007629821448666635,-0.006095343526743506,0.0013450000859402274,-0.0038067427401538134,-0.007713815419528416,0.00019645176102834624,0.006505598182747646,-0.008792097828285411,-0.0024918795737882953,0.018046296988146488,-0.007951061933670168,-0.009417781233883466,0.0018391937006496677,-0.007132609766401345,0.03723702421633354,-0.003943262587676561,-0.0035368292063664587,0.0024455085654483647,-0.011217059839339634,-0.0054081512382461675,-0.009651219070590682,0.013332167404582068,-0.003549432437245443,0.002162742471079587,-0.00271085887383424,-0.0024517861493996707,0.005948264489006375,0.0005063316954353408,-0.006114301901605902,0.004777607063590276,-0.005401403943439617,0.004176126730913207,0.04249741175386089,0.02107674777760304,-0.003943262587676561,0.048641145829519776,-0.018803768484705732,-0.02619359758571271,-0.0006391723116512204,-0.024843077366397393,0.002510319541719622,0.005894907551571855,0.011657624185249266,-0.006468285904026233,-0.021461481163377507,-0.007360972863999036,0.013249822456454636,-0.013295793093230797,0.006037535153186243,0.02403039806501521,-0.007318319907842874,-0.0007738265886988102,-0.0320178594988456,-0.013273111191391108,-0.0035368292063664587,-0.018803768484705732,0.043190132258895265,0.020370076242135826,0.002303707787999645,0.023268317829949432,0.004551628258032744,-0.009332450639270327,-0.006222378106794099,0.00239628922712785,0.014369812361434621,0.0017283989128260993,-0.009713956229836071,0.008280856383644033,-0.00558095563921703,-0.023613186332364304,0.007791090051932041,-0.010929951578639824,-0.044351944639507715,-0.024959190517031257,0.0024455085654483647,-0.02619359758571271,0.020370076242135826,0.04884676282896407,-0.0049632887507749125,0.027831751615089204,-0.003596087961417348,-0.007160829806019883,-0.004758036197538023,0.003725167982548557,0.017255106892525063,0.00012222763958147663,-0.013469641045079136,0.019942148938617628,-0.014215172092473879,-0.037188018288232066,0.010247568665167298,0.008562864270592864,0.006163462275380427,0.0036389198023225305,-0.011217059839339634,-0.0006391723116512204,0.002303707787999645,-0.0049632887507749125,0.023211958395958267,-0.007350128648120896,0.006137310598163571,-0.0029919834312499448,0.0014056620466120582,-0.0069554154826901565,-0.0016452039049205806,0.004239860735295925,-0.0015101906198989965,0.0006450869937229301,0.0019693471457778383,0.0038423923908738914,0.001909742785875928,-0.0006694306722631298,-0.038420662350674886,-0.00872563914774107,-0.0054081512382461675,-0.024843077366397393,0.023268317829949432,0.027831751615089204,-0.007350128648120896,0.047731319149407404,0.006063923321503732,-0.018167182457995458,-0.012037639654825214,0.008588869493627286,0.017007437960578034,0.007106576890253227,-0.01733690625447567,0.021220684025747567,-0.01052488490837479,-0.03663609702154079,0.012082602135958728,-0.004566582655589921,0.0023608123138885353,0.007629821448666635,-0.009651219070590682,0.002510319541719622,0.004551628258032744,-0.003596087961417348,0.006137310598163571,0.006063923321503732,0.024784715269098315,-0.009795645192216597,-0.004533562577868798,-0.0008950596021137934,0.0037859834419198607,0.005020462999242488,-0.004398929028586503,0.005310300652215935,0.001047746569316924,-0.0005712292477785206,-4.012427020884591e-5,-0.008446918523071004,0.014206195063869123,-0.006095343526743506,0.013332167404582068,0.005894907551571855,-0.009332450639270327,-0.007160829806019883,-0.0029919834312499448,-0.018167182457995458,-0.009795645192216597,0.025719228318347026,0.0014490993000870899,-0.0006098483256807025,-0.009866701808142612,-0.006333024970380885,0.008799111353133179,-0.009503990609736793,0.0008544898922835482,0.015282049093548633,-0.0032682876843451877,0.004410948244433877,0.010972358791522814,0.0013450000859402274,-0.003549432437245443,0.011657624185249266,-0.006222378106794099,-0.004758036197538023,0.0014056620466120582,-0.012037639654825214,-0.004533562577868798,0.0014490993000870899,0.022226412313395137,-0.002260253026214778,-0.010021384396565539,-0.00463543815656453,-0.0019094014859347926,-0.0034573365592221504,0.004236693071682716,0.005755206057095595,0.0013764667456256905,0.007519814198967935,-0.00715066038137587,-0.0038067427401538134,0.002162742471079587,-0.006468285904026233,0.00239628922712785,0.003725167982548557,-0.0069554154826901565,0.008588869493627286,-0.0008950596021137934,-0.0006098483256807025,-0.002260253026214778,0.018914569655169734,0.00234813480806561,0.0003365738790282423,-0.006183568547523302,0.00610048674244709,-0.007108344116261057,-0.009819410754589978,0.004136773586493189,-0.0012472150283481735,-0.02326065446521028,-0.007713815419528416,-0.00271085887383424,-0.021461481163377507,0.014369812361434621,0.017255106892525063,-0.0016452039049205806,0.017007437960578034,0.0037859834419198607,-0.009866701808142612,-0.010021384396565539,0.00234813480806561,0.026802257251528752,0.006826263786336344,-0.008339154892308194,0.009856116171780583,-0.005631412136989377,-0.015370221008815573,0.0038211405970976497,-0.0022691520026347743,-0.007499246303641242,0.00019645176102834624,-0.0024517861493996707,-0.007360972863999036,0.0017283989128260993,0.00012222763958147663,0.004239860735295925,0.007106576890253227,0.005020462999242488,-0.006333024970380885,-0.00463543815656453,0.0003365738790282423,0.006826263786336344,0.02086707775862054,-0.004916668849018856,0.004717838926265341,0.0012829595385612095,-0.001795223424187254,0.0026932015950466874,-0.009964973577157138,0.02203172462154561,0.006505598182747646,0.005948264489006375,0.013249822456454636,-0.009713956229836071,-0.013469641045079136,-0.0015101906198989965,-0.01733690625447567,-0.004398929028586503,0.008799111353133179,-0.0019094014859347926,-0.006183568547523302,-0.008339154892308194,-0.004916668849018856,0.034982329076129214,-0.01318721623551337,0.0021471474956232337,0.02002482573193642,-0.015159039318413173,0.0017248306987552398,-0.029448497902996185,-0.008792097828285411,0.0005063316954353408,-0.013295793093230797,0.008280856383644033,0.019942148938617628,0.0006450869937229301,0.021220684025747567,0.005310300652215935,-0.009503990609736793,-0.0034573365592221504,0.00610048674244709,0.009856116171780583,0.004717838926265341,-0.01318721623551337,0.03212284802165063,-0.009149668954202475,-0.029127067419313334,0.009227576497209422,0.0018871474871747008,0.007934007872762336,-0.0024918795737882953,-0.006114301901605902,0.006037535153186243,-0.00558095563921703,-0.014215172092473879,0.0019693471457778383,-0.01052488490837479,0.001047746569316924,0.0008544898922835482,0.004236693071682716,-0.007108344116261057,-0.005631412136989377,0.0012829595385612095,0.0021471474956232337,-0.009149668954202475,0.02773115452972632,0.008945507379753234,0.0013369168059694505,0.0030959921085987703,0.05367685557142131,0.018046296988146488,0.004777607063590276,0.02403039806501521,-0.023613186332364304,-0.037188018288232066,0.0038423923908738914,-0.03663609702154079,-0.0005712292477785206,0.015282049093548633,0.005755206057095595,-0.009819410754589978,-0.015370221008815573,-0.001795223424187254,0.02002482573193642,-0.029127067419313334,0.008945507379753234,0.06703243914241958,-0.021462557246371958,-0.006591460776909075,-0.0161888156019981,-0.007951061933670168,-0.005401403943439617,-0.007318319907842874,0.007791090051932041,0.010247568665167298,0.001909742785875928,0.012082602135958728,-4.012427020884591e-5,-0.0032682876843451877,0.0013764667456256905,0.004136773586493189,0.0038211405970976497,0.0026932015950466874,-0.015159039318413173,0.009227576497209422,0.0013369168059694505,-0.021462557246371958,0.024606669278767382,-0.0009542203904842181,-0.010403364572789578,-0.009417781233883466,0.004176126730913207,-0.0007738265886988102,-0.010929951578639824,0.008562864270592864,-0.0006694306722631298,-0.004566582655589921,-0.008446918523071004,0.004410948244433877,0.007519814198967935,-0.0012472150283481735,-0.0022691520026347743,-0.009964973577157138,0.0017248306987552398,0.0018871474871747008,0.0030959921085987703,-0.006591460776909075,-0.0009542203904842181,0.03354151618516106
0.04602338931594554,0.005012473649649686,0.008806707888801226,-0.009870467409598405,0.00141022845188972,-0.014721850312877774,0.001617590125997613,0.002525487087024382,-0.017711676455588084,0.0092684516767233,0.00966565839164034,-0.001261484147363804,-0.014320343546954734,0.011761917754407342,-0.0029917480363644247,-0.006325220289601295,-0.012018581140955128,0.0006367255770599416,-0.03531026709043292,0.016894477279704563,0.005012473649649686,0.017201013693501348,0.00684193781940576,0.004229183636807616,0.0016308925300459933,-0.004743206379002496,-0.0006024317802666864,0.0021263642132374836,0.006343172488989059,-0.0024849538990678213,0.00442525651164556,-0.00997043568224654,0.00037073446690050063,-0.0011066551711925534,0.0009615953121424387,-0.004981822178966232,-0.0025038062906782457,0.0029006622163651307,-0.0028395764974894866,0.006042113654891806,0.008806707888801226,0.00684193781940576,0.03394239152182888,0.004929126365762219,-0.0033928824352800566,-0.004196303194038226,-0.0018218028134256632,-0.004766517185450753,-0.006630975493852054,-0.005263031850780538,0.012562475575186265,-0.010455630105992618,-0.001500690941162406,-0.005282915628251165,-0.005175032649546088,0.001982958612115575,-0.00191513168008658,0.0034789947022441656,-0.005444017321396391,0.00792732104890614,-0.009870467409598405,0.004229183636807616,0.004929126365762219,0.029639781714374435,0.0016895447580800383,-0.002015991497488623,-0.0035254501295823083,1.415315296732974e-5,0.000973572496125964,-0.008970056721928294,-0.000827184722052438,-0.006458261095888617,0.0007499262586054167,-0.009306445854720046,-0.00010920682212904351,0.0001912204086448135,0.009360299942300272,-0.004085167302118864,0.015590224032369355,-0.0005467878457296824,0.00141022845188972,0.0016308925300459933,-0.0033928824352800566,0.0016895447580800383,0.0314303447766403,0.0013585610592843586,-0.0025493889336659263,-0.0021287018754352002,0.010925170512622198,-0.004938350916727135,0.008455946865930625,-0.015416308229725775,0.011723616063095205,-0.0013600598838641293,-0.009841869742398441,-0.011683123084216788,-0.006708347465295578,0.00027044833033633225,-0.011988083839593787,0.021260798027926003,-0.014721850312877774,-0.004743206379002496,-0.004196303194038226,-0.002015991497488623,0.0013585610592843586,0.0351363244560984,0.006013189777858863,-0.006544268795867794,0.0125376749445924,-0.008462819449738045,-0.009346827006201127,0.011502984285755297,0.016467593416507737,-0.008719876918673415,0.0019426552111320044,-0.00011918227504630471,0.003967916153098473,0.00269782420076863,0.011076424547919506,-0.009539579402175008,0.001617590125997613,-0.0006024317802666864,-0.0018218028134256632,-0.0035254501295823083,-0.0025493889336659263,0.006013189777858863,0.020948700302888368,-0.0013017770654117468,-0.0023746547837706087,-0.0071298262439128245,-0.0021676428755931718,0.0007859878145567973,0.002937023900275835,-0.008704025009981273,0.0029290658759427617,0.0008568377777667501,0.006879775348940246,-0.004945409016515452,0.0007513549078556057,7.59334161084831e-5,0.002525487087024382,0.0021263642132374836,-0.004766517185450753,1.415315296732974e-5,-0.0021287018754352002,-0.006544268795867794,-0.0013017770654117468,0.021654087475837986,0.00043195090296189705,0.008363784992794018,-0.0007003592022017059,0.0029641852589000917,-0.011755913518360334,0.001158851305508365,0.0025693391843405423,-0.0017309110042648935,-0.0014025249087110108,9.703690151707228e-5,0.0056315672119901005,-0.006443664810113352,-0.017711676455588084,0.006343172488989059,-0.006630975493852054,0.000973572496125964,0.010925170512622198,0.0125376749445924,-0.0023746547837706087,0.00043195090296189705,0.0367126160924818,-0.012065058809256023,0.001478615203049679,-0.0018068855763472282,0.01121599389258902,-0.013962903431555589,0.0013015767702288833,-0.005693429493281415,0.0019973482853939354,0.0032862359101984307,0.021271556296890405,-0.004301108164822293,0.0092684516767233,-0.0024849538990678213,-0.005263031850780538,-0.008970056721928294,-0.004938350916727135,-0.008462819449738045,-0.0071298262439128245,0.008363784992794018,-0.012065058809256023,0.033725941319086766,-0.006749373470849123,0.010922777072592278,-0.01756328305541007,0.019030167571985737,0.004337745767656058,0.0037213437137275404,-0.011407350106344995,0.005905811357782661,-0.0030139823983639964,-0.013556232514325837,0.00966565839164034,0.00442525651164556,0.012562475575186265,-0.000827184722052438,0.008455946865930625,-0.009346827006201127,-0.0021676428755931718,-0.0007003592022017059,0.001478615203049679,-0.006749373470849123,0.0280528105452025,-0.016991852959067216,0.0025887806203787724,-0.0024922159806446565,-0.007879388893458584,-0.004326522627110632,-0.006178498983956846,0.001385324796447836,-0.015837244974729763,0.022995970750642254,-0.001261484147363804,-0.00997043568224654,-0.010455630105992618,-0.006458261095888617,-0.015416308229725775,0.011502984285755297,0.0007859878145567973,0.0029641852589000917,-0.0018068855763472282,0.010922777072592278,-0.016991852959067216,0.04826951943782968,-0.00948914760637318,0.011117621710652387,0.016113194056415592,0.006246866763877501,0.0036387912718926175,0.0008513227570240844,0.009910659725927914,-0.03289490031942237,-0.014320343546954734,0.00037073446690050063,-0.001500690941162406,0.0007499262586054167,0.011723616063095205,0.016467593416507737,0.002937023900275835,-0.011755913518360334,0.01121599389258902,-0.01756328305541007,0.0025887806203787724,-0.00948914760637318,0.03541661491336126,-0.009955066895038908,-0.0071495784081725975,-0.00211663480660632,0.0022724572160263898,-0.0017087380775307086,0.0025013490278155233,0.008796301199319963,0.011761917754407342,-0.0011066551711925534,-0.005282915628251165,-0.009306445854720046,-0.0013600598838641293,-0.008719876918673415,-0.008704025009981273,0.001158851305508365,-0.013962903431555589,0.019030167571985737,-0.0024922159806446565,0.011117621710652387,-0.009955066895038908,0.03268679257001906,0.005500141380558322,0.005564951220358727,-0.012401680369939206,0.00011033126661914573,-0.015061957219632563,-0.0078526885291071,-0.0029917480363644247,0.0009615953121424387,-0.005175032649546088,-0.00010920682212904351,-0.009841869742398441,0.0019426552111320044,0.0029290658759427617,0.0025693391843405423,0.0013015767702288833,0.004337745767656058,-0.007879388893458584,0.016113194056415592,-0.0071495784081725975,0.005500141380558322,0.02539069237782555,0.0049096609094246195,-0.00019805442071437916,0.0037986241351678964,0.005546814640184769,-0.020532259153817397,-0.006325220289601295,-0.004981822178966232,0.001982958612115575,0.0001912204086448135,-0.011683123084216788,-0.00011918227504630471,0.0008568377777667501,-0.0017309110042648935,-0.005693429493281415,0.0037213437137275404,-0.004326522627110632,0.006246866763877501,-0.00211663480660632,0.005564951220358727,0.0049096609094246195,0.024761280164031136,0.006872236802649253,-0.003630593892408199,0.008928846835053048,-0.00860089488866899,-0.012018581140955128,-0.0025038062906782457,-0.00191513168008658,0.009360299942300272,-0.006708347465295578,0.003967916153098473,0.006879775348940246,-0.0014025249087110108,0.0019973482853939354,-0.011407350106344995,-0.006178498983956846,0.0036387912718926175,0.0022724572160263898,-0.012401680369939206,-0.00019805442071437916,0.006872236802649253,0.028927263227299643,-0.009989573186623224,0.020723705443863,-0.006044132889793424,0.0006367255770599416,0.0029006622163651307,0.0034789947022441656,-0.004085167302118864,0.00027044833033633225,0.00269782420076863,-0.004945409016515452,9.703690151707228e-5,0.0032862359101984307,0.005905811357782661,0.001385324796447836,0.0008513227570240844,-0.0017087380775307086,0.00011033126661914573,0.0037986241351678964,-0.003630593892408199,-0.009989573186623224,0.02135313181195671,-0.003257643910004703,-0.007648238635866006,-0.03531026709043292,-0.0028395764974894866,-0.005444017321396391,0.015590224032369355,-0.011988083839593787,0.011076424547919506,0.0007513549078556057,0.0056315672119901005,0.021271556296890405,-0.0030139823983639964,-0.015837244974729763,0.009910659725927914,0.0025013490278155233,-0.015061957219632563,0.005546814640184769,0.008928846835053048,0.020723705443863,-0.003257643910004703,0.06535389963466667,-0.026023252272297466,0.016894477279704563,0.006042113654891806,0.00792732104890614,-0.0005467878457296824,0.021260798027926003,-0.009539579402175008,7.59334161084831e-5,-0.006443664810113352,-0.004301108164822293,-0.013556232514325837,0.022995970750642254,-0.03289490031942237,0.008796301199319963,-0.0078526885291071,-0.020532259153817397,-0.00860089488866899,-0.006044132889793424,-0.007648238635866006,-0.026023252272297466,0.06347715721904763
