0.009494497109184638,-0.0009497137511198679,0.004668622040467101,-0.0014374167679171899,0.002068949560546777,-0.0006377881342770101,0.002959001991703387,-0.0011334849882586285,-0.0007936973129394045,0.0005220905519399163,-0.0027648186718132193,-0.0017885315690309533,0.00019749988973186432,0.0023830198660627026,0.0024745925987783783,0.0029814570981113904,-0.00021566347485641016,-0.005009598828575457,-0.00038946183874598273,-0.00585882186093038,-0.0009497137511198679,0.015035280925918796,-0.005282112242836215,-0.002087688943475001,-0.0002776369288124184,-0.0005274864725679518,0.0013729229208712108,-0.0002589274142767895,-0.000701881902859163,-0.004654277597112527,0.0009971612861143153,-0.0029699634499585365,0.004325574367680742,0.0020728519241953033,-0.005785328312037135,-9.014568350390457e-5,-0.004029111133704428,0.00410051896199924,0.0015286622901783211,0.0003355825516589376,0.004668622040467101,-0.005282112242836215,0.016048319589024196,0.0006323091671561927,0.003201268425003916,0.0026247584050671036,-0.001639614869993692,-0.003119558543598959,-0.002168569688437202,-0.0012453889267716556,0.0019423928057112777,0.002651728100042039,0.0019532512608422406,-0.0011722014293615547,0.0020515929828459683,0.005394644344268942,0.0013011683480160887,-0.0033180417117873516,-0.004780369031638757,-0.00450829129611446,-0.0014374167679171899,-0.002087688943475001,0.0006323091671561927,0.01906363014924775,-0.0021926098988032505,0.0024577009265525276,0.0010731041754624107,0.0018784976281398654,0.002553637586537568,0.0004978274324850025,-0.0021275065192761706,-0.0007433253301601564,0.004114000036685781,-0.0020290327107901907,-0.0014137439426337266,-0.00145189696898044,0.00042353897464714895,-0.0035573119501260755,-0.0005848124063875332,0.0021119924911019456,0.002068949560546777,-0.0002776369288124184,0.003201268425003916,-0.0021926098988032505,0.01508730800654883,-0.005246102019121685,-0.002395980027003606,-0.000531564326537393,-0.0017132063127229683,0.0004032606626233339,0.0020047406024989913,0.004247488999381004,-0.00292987997756416,0.004403042184152767,-0.0012415674907607045,0.0024514207457274444,-0.0007187331023599016,-0.0015081641698643324,-0.0021571190590782027,-0.0016719418789564312,-0.0006377881342770101,-0.0005274864725679518,0.0026247584050671036,0.0024577009265525276,-0.005246102019121685,0.0292595109958305,0.00834666688561942,0.000348142074320091,-3.218329756763365e-5,-0.0022167441356345675,-0.006588516030687698,-0.002575692911220275,0.004004247886485921,-0.010699160797703855,0.006263000368080734,-0.004514476792681319,0.00043465124391347257,-0.001340173977548994,-0.004120502322109367,0.0059992839373511995,0.002959001991703387,0.0013729229208712108,-0.001639614869993692,0.0010731041754624107,-0.002395980027003606,0.00834666688561942,0.016371586765403165,-0.0011833940294304558,0.0009828119481248127,0.0029838344684157522,-0.0009154615788555403,0.0021483658089830023,0.005161057074172373,-0.005827477694918051,0.003986833582737123,0.00036194241175207663,-0.001721296063077621,-0.002925833683796485,0.0002965435694352107,-0.0007796919642623368,-0.0011334849882586285,-0.0002589274142767895,-0.003119558543598959,0.0018784976281398654,-0.000531564326537393,0.000348142074320091,-0.0011833940294304558,0.020244003390057858,0.002629715534819397,-0.0009131807618553357,-0.0008466827518361202,-0.00747392568802965,0.002724354987940679,0.002069101268178327,-0.0016683670583873813,-0.001763105801743808,-0.0009141536357516366,-0.0031207743471822805,-0.0018581630670605447,0.004506554334250247,-0.0007936973129394045,-0.000701881902859163,-0.002168569688437202,0.002553637586537568,-0.0017132063127229683,-3.218329756763365e-5,0.0009828119481248127,0.002629715534819397,0.019832360447555222,0.0032212289328663866,-0.0015053018882768443,-0.0020953173480535614,0.006497914696982526,-0.0019053114522045997,-0.0013140512409401356,-0.0011740742507766909,0.0007275710653246584,-0.00362375230967748,0.00348887782440698,0.0013588800936665027,0.0005220905519399163,-0.004654277597112527,-0.0012453889267716556,0.0004978274324850025,0.0004032606626233339,-0.0022167441356345675,0.0029838344684157522,-0.0009131807618553357,0.0032212289328663866,0.023752740359630656,-0.001953220685892601,-0.0031545149417115835,0.0011907394440641966,-0.004289987076787002,0.006245932968988876,0.00035109812237671715,-0.0015842440151771706,-0.004364383095735851,-0.001788119730514366,0.0025016351713279305,-0.0027648186718132193,0.0009971612861143153,0.0019423928057112777,-0.0021275065192761706,0.0020047406024989913,-0.006588516030687698,-0.0009154615788555403,-0.0008466827518361202,-0.0015053018882768443,-0.001953220685892601,0.0137526131094206,0.002612579816515627,-0.004524981038002864,0.005243436963586562,-0.0019663040590414075,0.003106370226584533,0.00043450722156113965,0.0015864122206573756,0.0012711528804783526,-0.0025047564232701684,-0.0017885315690309533,-0.0029699634499585365,0.002651728100042039,-0.0007433253301601564,0.004247488999381004,-0.002575692911220275,0.0021483658089830023,-0.00747392568802965,-0.0020953173480535614,-0.0031545149417115835,0.002612579816515627,0.01731517272557073,-0.0025032331133599357,0.0005915511039159122,-0.0014658750226112238,0.0036350479476990744,-0.004605456296351968,0.0023770838332343985,0.0003799317143852298,-0.0040981906987831995,0.00019749988973186432,0.004325574367680742,0.0019532512608422406,0.004114000036685781,-0.00292987997756416,0.004004247886485921,0.005161057074172373,0.002724354987940679,0.006497914696982526,0.0011907394440641966,-0.004524981038002864,-0.0025032331133599357,0.022135564340904187,-0.0033798212633758314,-0.0044467510925954076,-0.004122116689447038,-0.002197463474397563,-0.003708018121498902,-0.00045728961899897376,0.0022920915654602993,0.0023830198660627026,0.0020728519241953033,-0.0011722014293615547,-0.0020290327107901907,0.004403042184152767,-0.010699160797703855,-0.005827477694918051,0.002069101268178327,-0.0019053114522045997,-0.004289987076787002,0.005243436963586562,0.0005915511039159122,-0.0033798212633758314,0.01861359460586796,-0.0033914896917111447,0.004569495041279806,0.002880776937494022,0.002362368594357604,0.0037092080386040118,-0.0027695250403199836,0.0024745925987783783,-0.005785328312037135,0.0020515929828459683,-0.0014137439426337266,-0.0012415674907607045,0.006263000368080734,0.003986833582737123,-0.0016683670583873813,-0.0013140512409401356,0.006245932968988876,-0.0019663040590414075,-0.0014658750226112238,-0.0044467510925954076,-0.0033914896917111447,0.02699267511063718,0.00037213734775171634,0.004840306487597351,-0.0033775083696408266,-0.006499032990790757,-0.0027620900468759493,0.0029814570981113904,-9.014568350390457e-5,0.005394644344268942,-0.00145189696898044,0.0024514207457274444,-0.004514476792681319,0.00036194241175207663,-0.001763105801743808,-0.0011740742507766909,0.00035109812237671715,0.003106370226584533,0.0036350479476990744,-0.004122116689447038,0.004569495041279806,0.00037213734775171634,0.010366796067164327,0.002449554132997707,-0.003611487049949896,0.0001442737718254046,-0.004516741818208854,-0.00021566347485641016,-0.004029111133704428,0.0013011683480160887,0.00042353897464714895,-0.0007187331023599016,0.00043465124391347257,-0.001721296063077621,-0.0009141536357516366,0.0007275710653246584,-0.0015842440151771706,0.00043450722156113965,-0.004605456296351968,-0.002197463474397563,0.002880776937494022,0.004840306487597351,0.002449554132997707,0.014586548808234439,0.0019740541314576055,-0.0019370063765163145,0.0005326063404150281,-0.005009598828575457,0.00410051896199924,-0.0033180417117873516,-0.0035573119501260755,-0.0015081641698643324,-0.001340173977548994,-0.002925833683796485,-0.0031207743471822805,-0.00362375230967748,-0.004364383095735851,0.0015864122206573756,0.0023770838332343985,-0.003708018121498902,0.002362368594357604,-0.0033775083696408266,-0.003611487049949896,0.0019740541314576055,0.022442063398540137,0.0010160271273112476,0.004855789743437196,-0.00038946183874598273,0.0015286622901783211,-0.004780369031638757,-0.0005848124063875332,-0.0021571190590782027,-0.004120502322109367,0.0002965435694352107,-0.0018581630670605447,0.00348887782440698,-0.001788119730514366,0.0012711528804783526,0.0003799317143852298,-0.00045728961899897376,0.0037092080386040118,-0.006499032990790757,0.0001442737718254046,-0.0019370063765163145,0.0010160271273112476,0.011332443154142894,0.00590421953153983,-0.00585882186093038,0.0003355825516589376,-0.00450829129611446,0.0021119924911019456,-0.0016719418789564312,0.0059992839373511995,-0.0007796919642623368,0.004506554334250247,0.0013588800936665027,0.0025016351713279305,-0.0025047564232701684,-0.0040981906987831995,0.0022920915654602993,-0.0027695250403199836,-0.0027620900468759493,-0.004516741818208854,0.0005326063404150281,0.004855789743437196,0.00590421953153983,0.015968312449841003
