0.01486682104268608,0.0038767519943760597,-0.0004716595669236102,-0.003161897326518084,0.0019032377402262149,0.0024609510652374646,0.0025113594077347057,-0.0056182867001832865,0.002313422733124428,-0.00037873655990938076,0.005058229645188282,-0.0024622478725605636,-0.0005822371905688764,0.0015096744168422473,0.0039349133710744316,-0.00043833669559854144,0.0016397501484854676,-0.0009128576479966848,-0.001127115595657338,0.0021132159981201233,0.0038767519943760597,0.02958011957931327,0.0002263660576711339,0.002429616498119475,0.0017775977002034687,-0.008086423615946452,0.0017617716436909476,-0.005633173390040482,-0.0016115900070303377,0.001652552037340591,-0.0014278460418679527,0.0022981733494979372,-0.004440666640810994,-0.011337763085377338,3.534975413719329e-5,-0.0037371140580433476,0.001436584829358828,0.001324101053222505,0.00522159106931332,0.0072959959398881365,-0.0004716595669236102,0.0002263660576711339,0.016219551847351243,9.168656645754862e-5,0.0045129746161526735,0.003969451807231434,-0.00029087177948868177,-0.0015567401498220936,0.005401553782176129,-3.6862802788298864e-5,-0.0006423878156263446,0.0006819457659504507,3.263661434488221e-5,0.0002457805903476629,-0.002773989616472062,0.0018614485328729718,0.004556820341947491,0.0012085811091910332,0.006437435649261839,-0.0059540779184672175,-0.003161897326518084,0.002429616498119475,9.168656645754862e-5,0.023582373539578226,0.008183201390553455,-0.005428042806274232,-0.004988185999496504,0.004163756189905348,-0.0005120051660640934,0.002861607229527656,-0.006639356802145484,0.004907106945456501,0.004221114577992234,-0.008124935153655394,-0.001057733579380496,-0.007915514893088667,0.002954291476130904,-0.002616378170315368,-0.002335059858350909,-0.003985424628526667,0.0019032377402262149,0.0017775977002034687,0.0045129746161526735,0.008183201390553455,0.020358434831123692,-0.0010151819437379161,-0.0036834180760975726,0.008501668337374764,-0.0022643961995672613,0.00041308008414908,-0.003981915579988139,0.0037077925534599503,0.0015056721427349137,-0.008440634886829074,0.001178954879133948,-0.012231677151452677,0.00553873660395604,-0.0020007361289379826,0.0032045935017132347,-0.004572588442576712,0.0024609510652374646,-0.008086423615946452,0.003969451807231434,-0.005428042806274232,-0.0010151819437379161,0.019940760559523468,-3.761472697748011e-5,-0.0005633984193269052,0.006084436378162893,-0.0004122205637061338,-0.0010211481708777529,-0.0017795760915704302,3.173804692178762e-5,-0.00121505010568167,-0.007681474288131639,0.006247502187840485,0.0018282139110758976,0.007855081508183722,0.005342407483523626,-0.012088230147843972,0.0025113594077347057,0.0017617716436909476,-0.00029087177948868177,-0.004988185999496504,-0.0036834180760975726,-3.761472697748011e-5,0.02013144012618857,-0.0046140113726299645,0.0037868283524992268,-8.975362360620978e-5,0.0025014374676477066,-0.0023205275356948584,-0.002200164829434731,0.007261374269399934,0.0009158941034869254,-0.00042465659173398075,0.003358308249475129,0.0013206589401994397,0.0029739033128543596,-0.00019408612534465002,-0.0056182867001832865,-0.005633173390040482,-0.0015567401498220936,0.004163756189905348,0.008501668337374764,-0.0005633984193269052,-0.0046140113726299645,0.03104408591326172,-0.005475465377808979,-0.00038641583975972506,8.094770421190618e-5,0.0014083105312907827,0.0031911833421071232,0.0013884747039729555,-0.00211416218732569,-0.001201492638872735,0.005008338643872014,0.0013778658435537113,-0.0050953839896845975,-0.006359643633607368,0.002313422733124428,-0.0016115900070303377,0.005401553782176129,-0.0005120051660640934,-0.0022643961995672613,0.006084436378162893,0.0037868283524992268,-0.005475465377808979,0.031649072977233024,-0.003278278507323551,0.0015993537274327622,0.0018825336825247898,0.0010803045533943159,0.002253730520210011,-0.00866074866206232,-0.008289621962113067,-0.0015527349607669474,-8.811608542197443e-5,0.0025697336166922075,-0.0009263171481779184,-0.00037873655990938076,0.001652552037340591,-3.6862802788298864e-5,0.002861607229527656,0.00041308008414908,-0.0004122205637061338,-8.975362360620978e-5,-0.00038641583975972506,-0.003278278507323551,0.019969550082619778,-0.002320742103305861,-0.002215271163734137,-0.0002456378157794615,8.991010590299884e-5,0.0033079137420496275,-0.0008618168640941743,0.003988478201970047,-0.00138038905794253,0.004838746550671311,0.005184844252618708,0.005058229645188282,-0.0014278460418679527,-0.0006423878156263446,-0.006639356802145484,-0.003981915579988139,-0.0010211481708777529,0.0025014374676477066,8.094770421190618e-5,0.0015993537274327622,-0.002320742103305861,0.02003360777833599,0.00033464905333241093,-0.0059208361911155345,-0.0004588183290307615,0.0029461056125250316,0.003420428266091409,-0.004702776555842341,-0.0014834409885431373,-0.002889202047155563,0.0054375121464098185,-0.0024622478725605636,0.0022981733494979372,0.0006819457659504507,0.004907106945456501,0.0037077925534599503,-0.0017795760915704302,-0.0023205275356948584,0.0014083105312907827,0.0018825336825247898,-0.002215271163734137,0.00033464905333241093,0.01706752486461485,0.004315075199692895,-0.005718361751749492,-0.0028536439982147334,-0.005510085388760333,-0.0021838529100091783,-0.0002498927951790273,-0.00269384454828592,-0.004512260837629518,-0.0005822371905688764,-0.004440666640810994,3.263661434488221e-5,0.004221114577992234,0.0015056721427349137,3.173804692178762e-5,-0.002200164829434731,0.0031911833421071232,0.0010803045533943159,-0.0002456378157794615,-0.0059208361911155345,0.004315075199692895,0.016256178747913505,0.0006499116731703064,-0.001273378317096494,-0.005692972110597197,0.0004359315852711644,-0.003649705328969223,-0.0016487351297944128,-0.0005906782408501743,0.0015096744168422473,-0.011337763085377338,0.0002457805903476629,-0.008124935153655394,-0.008440634886829074,-0.00121505010568167,0.007261374269399934,0.0013884747039729555,0.002253730520210011,8.991010590299884e-5,-0.0004588183290307615,-0.005718361751749492,0.0006499116731703064,0.02670401559213221,0.0015202240968708288,0.008912606701350648,-0.004777290406008919,0.0020178840374827263,-0.005415148264717966,0.001056135827025793,0.0039349133710744316,3.534975413719329e-5,-0.002773989616472062,-0.001057733579380496,0.001178954879133948,-0.007681474288131639,0.0009158941034869254,-0.00211416218732569,-0.00866074866206232,0.0033079137420496275,0.0029461056125250316,-0.0028536439982147334,-0.001273378317096494,0.0015202240968708288,0.025148298172625143,0.0036963857240996756,0.001715453099559594,-0.0011951290771832401,-0.0002957831891141052,0.010445205855591139,-0.00043833669559854144,-0.0037371140580433476,0.0018614485328729718,-0.007915514893088667,-0.012231677151452677,0.006247502187840485,-0.00042465659173398075,-0.001201492638872735,-0.008289621962113067,-0.0008618168640941743,0.003420428266091409,-0.005510085388760333,-0.005692972110597197,0.008912606701350648,0.0036963857240996756,0.03157890364640275,-0.01164296896154844,0.0028047106499373814,-0.007038151729570789,0.0004269050814715893,0.0016397501484854676,0.001436584829358828,0.004556820341947491,0.002954291476130904,0.00553873660395604,0.0018282139110758976,0.003358308249475129,0.005008338643872014,-0.0015527349607669474,0.003988478201970047,-0.004702776555842341,-0.0021838529100091783,0.0004359315852711644,-0.004777290406008919,0.001715453099559594,-0.01164296896154844,0.024009749451645947,0.0011529623091835893,0.008300693362134588,-0.009089558679935442,-0.0009128576479966848,0.001324101053222505,0.0012085811091910332,-0.002616378170315368,-0.0020007361289379826,0.007855081508183722,0.0013206589401994397,0.0013778658435537113,-8.811608542197443e-5,-0.00138038905794253,-0.0014834409885431373,-0.0002498927951790273,-0.003649705328969223,0.0020178840374827263,-0.0011951290771832401,0.0028047106499373814,0.0011529623091835893,0.019590989964301364,0.008256599365195617,-0.0015651516807849326,-0.001127115595657338,0.00522159106931332,0.006437435649261839,-0.002335059858350909,0.0032045935017132347,0.005342407483523626,0.0029739033128543596,-0.0050953839896845975,0.0025697336166922075,0.004838746550671311,-0.002889202047155563,-0.00269384454828592,-0.0016487351297944128,-0.005415148264717966,-0.0002957831891141052,-0.007038151729570789,0.008300693362134588,0.008256599365195617,0.029636235941743017,-0.011713818424733938,0.0021132159981201233,0.0072959959398881365,-0.0059540779184672175,-0.003985424628526667,-0.004572588442576712,-0.012088230147843972,-0.00019408612534465002,-0.006359643633607368,-0.0009263171481779184,0.005184844252618708,0.0054375121464098185,-0.004512260837629518,-0.0005906782408501743,0.001056135827025793,0.010445205855591139,0.0004269050814715893,-0.009089558679935442,-0.0015651516807849326,-0.011713818424733938,0.03024291397404798
