0.17955647284345294,0.03351314683570972,-0.006332216228013225,0.11465688175800368,-0.047417617924782905,-0.07643895905015315,0.0009472619932371401,-0.10589804462850042,-0.029364955016497732,0.04727750888485483,0.05100836196828621,-0.03887655516624163,-0.03463750027690835,-0.026912504350860143,0.0730907251397537,-0.05836864231039457,0.017864146751376535,0.10844314421183729,-0.046692880959197214,-0.05321683468248023,0.03351314683570972,0.05607183379899702,-0.02128845202387805,0.03140946242886791,-0.010615152530630317,-0.030805336564964772,0.0009658675046850006,-0.007652512931355441,0.008269397265457726,-0.008119239063975416,0.003643923229437152,-0.005900245448049816,-0.010690534105814019,0.0025608579070170584,0.0006205880260638421,-0.013745399957169176,0.0050836036286083415,0.018170661965495546,-0.007379492498277827,-0.016084600391117712,-0.006332216228013225,-0.02128845202387805,0.054257680146174624,-0.019215699896500522,-0.00038997852346164537,0.008896163321049082,-0.011993713134187933,0.004089728676010372,-0.009303888573883565,0.011855549334830028,-0.00753934634254734,0.001479932699439441,0.009203296805724136,-0.0014237018200070934,0.0030194654129945013,0.007744655885932065,-0.006847083718558419,-0.0013832839068682835,0.0017207981393859628,0.012060035074168795,0.11465688175800368,0.03140946242886791,-0.019215699896500522,0.10881325624688745,-0.03648861332316501,-0.0530624702523836,-0.002000692429553099,-0.075885182860535,-0.022070361792400957,0.02397433225059959,0.039492633259363794,-0.02510777477217086,-0.03681622396452867,-0.015112127328773733,0.04571682097530977,-0.03696605253179967,0.011258237535362313,0.06902269259391693,-0.027881218195380926,-0.03409617941289507,-0.047417617924782905,-0.010615152530630317,-0.00038997852346164537,-0.03648861332316501,0.043344406903968166,0.03322844163397686,0.002753690211604934,0.030921028200905195,0.004996283851466695,-0.010294358985261572,-0.00781919528311504,0.007325348765609847,0.022034437098915532,0.002084215643575216,-0.012076453697281426,0.018109131463587218,-0.0079313961555418,-0.03324795434980533,0.009287772851332414,0.000405564289892485,-0.07643895905015315,-0.030805336564964772,0.008896163321049082,-0.0530624702523836,0.03322844163397686,0.0727727982423914,0.0032981428580391133,0.045017692997171746,-0.003188143605589777,-0.017823145394614333,-0.0111286105036687,0.018226067838771943,0.02408312686968153,0.005459312277198982,-0.02030447260324375,0.034098561894366275,-0.017662620392848445,-0.059454745630141324,0.01807773125352055,0.025279225734309074,0.0009472619932371401,0.0009658675046850006,-0.011993713134187933,-0.002000692429553099,0.002753690211604934,0.0032981428580391133,0.024599234200744308,-0.006657638396407187,0.00435374805342266,-0.0042541860618198184,0.0024071107022021815,-0.0037132245625161146,-0.004646251871449087,0.0021100668042256096,-0.0014218139769748438,0.001395867572678598,0.00013290276716544397,-0.0017209799727604673,0.0006963234754957293,0.007485369701749586,-0.10589804462850042,-0.007652512931355441,0.004089728676010372,-0.075885182860535,0.030921028200905195,0.045017692997171746,-0.006657638396407187,0.09810479451321062,0.028526198495425155,-0.03497476745391169,-0.045545414323698366,0.025506710742147595,0.02685757369813738,0.020581343287317547,-0.05355342058578577,0.04353930400863138,-0.020536940357331564,-0.0793260549468228,0.03451480460973337,0.016294642841367425,-0.029364955016497732,0.008269397265457726,-0.009303888573883565,-0.022070361792400957,0.004996283851466695,-0.003188143605589777,0.00435374805342266,0.028526198495425155,0.04552617789150233,-0.022942930257558822,-0.022681071897032556,0.013478359949098592,0.0047106585657944395,0.011555269003279115,-0.027786692749623164,0.007854995197091912,-0.0015460848425055639,-0.0257271238671143,0.010170862016378377,-0.0007334213570464282,0.04727750888485483,-0.008119239063975416,0.011855549334830028,0.02397433225059959,-0.010294358985261572,-0.017823145394614333,-0.0042541860618198184,-0.03497476745391169,-0.022942930257558822,0.04233612876970614,0.01306939644586231,-0.020760070095831275,-0.007175644902358213,-0.013243446910136287,0.0332457730147358,-0.01432239665746133,0.0014668337050497107,0.03642674387686442,-0.009834631722506147,-0.012386238546150088,0.05100836196828621,0.003643923229437152,-0.00753934634254734,0.039492633259363794,-0.00781919528311504,-0.0111286105036687,0.0024071107022021815,-0.045545414323698366,-0.022681071897032556,0.01306939644586231,0.04805853187800148,-0.008936239934997967,-0.014705747316612686,-0.009354736819545816,0.018542941661609576,-0.015101295392412855,0.006483230596825214,0.03739280582412272,-0.016663249353488126,-0.003793066647663397,-0.03887655516624163,-0.005900245448049816,0.001479932699439441,-0.02510777477217086,0.007325348765609847,0.018226067838771943,-0.0037132245625161146,0.025506710742147595,0.013478359949098592,-0.020760070095831275,-0.008936239934997967,0.03675692987120297,0.002973054275869595,0.007253261309980353,-0.031477471642164995,0.011017588048753257,-0.010706061408761115,-0.03274258192996556,0.010087754620193581,0.01303759766878391,-0.03463750027690835,-0.010690534105814019,0.009203296805724136,-0.03681622396452867,0.022034437098915532,0.02408312686968153,-0.004646251871449087,0.02685757369813738,0.0047106585657944395,-0.007175644902358213,-0.014705747316612686,0.002973054275869595,0.04047956296078676,0.0044562441669113596,-0.004177744942643804,0.02050433811344511,-0.0030818231421727398,-0.026282819900300264,0.003193881454402256,0.00767501011570614,-0.026912504350860143,0.0025608579070170584,-0.0014237018200070934,-0.015112127328773733,0.002084215643575216,0.005459312277198982,0.0021100668042256096,0.020581343287317547,0.011555269003279115,-0.013243446910136287,-0.009354736819545816,0.007253261309980353,0.0044562441669113596,0.023875095496166877,-0.019957270319776857,0.009141162089069758,0.00048492139255755724,-0.010134325207828893,0.009939515282900173,0.003407388194108649,0.0730907251397537,0.0006205880260638421,0.0030194654129945013,0.04571682097530977,-0.012076453697281426,-0.02030447260324375,-0.0014218139769748438,-0.05355342058578577,-0.027786692749623164,0.0332457730147358,0.018542941661609576,-0.031477471642164995,-0.004177744942643804,-0.019957270319776857,0.07724442909802559,-0.015354209342066855,0.011258066765451063,0.0451987231134595,-0.02999869422060946,-0.019976977989774977,-0.05836864231039457,-0.013745399957169176,0.007744655885932065,-0.03696605253179967,0.018109131463587218,0.034098561894366275,0.001395867572678598,0.04353930400863138,0.007854995197091912,-0.01432239665746133,-0.015101295392412855,0.011017588048753257,0.02050433811344511,0.009141162089069758,-0.015354209342066855,0.05073015445794037,-0.016647439630494094,-0.04864947729368509,0.01413310188273406,0.008736250303975197,0.017864146751376535,0.0050836036286083415,-0.006847083718558419,0.011258237535362313,-0.0079313961555418,-0.017662620392848445,0.00013290276716544397,-0.020536940357331564,-0.0015460848425055639,0.0014668337050497107,0.006483230596825214,-0.010706061408761115,-0.0030818231421727398,0.00048492139255755724,0.011258066765451063,-0.016647439630494094,0.041251092963403076,0.023478705784463903,-0.004695692060286233,0.006152788709725544,0.10844314421183729,0.018170661965495546,-0.0013832839068682835,0.06902269259391693,-0.03324795434980533,-0.059454745630141324,-0.0017209799727604673,-0.0793260549468228,-0.0257271238671143,0.03642674387686442,0.03739280582412272,-0.03274258192996556,-0.026282819900300264,-0.010134325207828893,0.0451987231134595,-0.04864947729368509,0.023478705784463903,0.10991172713286436,-0.03240251643017452,-0.022977868548991323,-0.046692880959197214,-0.007379492498277827,0.0017207981393859628,-0.027881218195380926,0.009287772851332414,0.01807773125352055,0.0006963234754957293,0.03451480460973337,0.010170862016378377,-0.009834631722506147,-0.016663249353488126,0.010087754620193581,0.003193881454402256,0.009939515282900173,-0.02999869422060946,0.01413310188273406,-0.004695692060286233,-0.03240251643017452,0.034114103757319755,0.01030470399662643,-0.05321683468248023,-0.016084600391117712,0.012060035074168795,-0.03409617941289507,0.000405564289892485,0.025279225734309074,0.007485369701749586,0.016294642841367425,-0.0007334213570464282,-0.012386238546150088,-0.003793066647663397,0.01303759766878391,0.00767501011570614,0.003407388194108649,-0.019976977989774977,0.008736250303975197,0.006152788709725544,-0.022977868548991323,0.01030470399662643,0.06089097923495829
0.06776004657448598,0.05317386315377403,-0.006339483478648969,-0.01345287394092498,-0.030746584743314487,-0.03012520089739083,0.09314348033312617,0.016059874259707972,-0.044596454195507756,-0.014233468070797214,0.011325304666471678,-0.047271719291050354,0.02877707500401944,-0.020649163034682075,0.004163078806068553,-0.014699236544288268,-0.008909144220357709,-0.01620757873740542,-0.04116933979415091,0.04256750260893383,0.05317386315377403,0.09709170443749686,-0.028323929598477158,0.0036311049334403762,-0.04399138229524734,-0.037344550959365494,0.16568978215094507,0.023077814328266992,-0.06245087649610863,-0.03958629168804349,0.010275470125864505,-0.07228601638077799,0.07432687763985618,-0.03268448475954833,0.020481712617783136,-0.025642716343373416,0.010179661907794514,-0.03538220172388451,-0.03609319858611841,0.039799706331462285,-0.006339483478648969,-0.028323929598477158,0.06900743958770104,-0.004429236927687895,0.01514319033193043,0.005118728456230604,-0.06079643002350728,-0.02201365138141278,0.023976766519303756,-0.0026655597403737632,0.023878477656422002,0.0038544837764343436,-0.04871277057253934,-0.0022770846940180136,-0.019868724464363267,0.01447726762102899,0.01682003436071848,0.01950201485281512,-0.004614596264298009,-0.004495384529948345,-0.01345287394092498,0.0036311049334403762,-0.004429236927687895,0.07587102844834527,-0.01981254866829814,0.0017705341181396294,0.04444838191835225,-0.010848622661108465,-0.04067038020493032,-0.025679133448945003,-0.031198494462780155,0.019517435633966504,0.011169461291855674,-0.018016344097168416,0.026027670311207823,-0.0019042233833621918,0.04182019954743577,-0.018117919382178976,0.042244639988535546,-0.040227102520258545,-0.030746584743314487,-0.04399138229524734,0.01514319033193043,-0.01981254866829814,0.10027467972456994,0.013443517899604743,-0.13478131831296694,-0.01988637208875084,0.08870542036615608,0.006499657767626867,0.02510894304041615,-0.000608326464076098,-0.031363581750507144,0.04132897672977012,-0.0350718291560462,0.016199434872237642,-0.02753303117788516,0.020949526484492446,-0.026951401973181553,0.01696144556862163,-0.03012520089739083,-0.037344550959365494,0.005118728456230604,0.0017705341181396294,0.013443517899604743,0.06387979347593846,-0.02979302215615868,-0.018640518085089187,0.02736955689655179,0.0016903696570799258,-0.02884273127724517,0.03645174730082262,-0.005788353976092824,-0.006431751922549404,-0.003917958556919819,0.002979336079660523,0.0019052077090634298,0.01713678874530578,0.030219224884187185,-0.03285170224839866,0.09314348033312617,0.16568978215094507,-0.06079643002350728,0.04444838191835225,-0.13478131831296694,-0.02979302215615868,0.4605673375963726,0.02880500116319125,-0.17986246826824354,-0.13041277235218918,-0.022849515297003943,-0.11515679964273867,0.1710120157106058,-0.13146339967639786,0.0795498651434507,-0.0615558578427264,0.08981962889898845,-0.09121738711257449,-0.023291379019743107,0.02453881971234763,0.016059874259707972,0.023077814328266992,-0.02201365138141278,-0.010848622661108465,-0.01988637208875084,-0.018640518085089187,0.02880500116319125,0.03432557233975214,-0.02178525179785243,0.015822812574581787,0.004691906124658056,-0.007542739433058526,0.013428028651326375,0.002125726097623173,0.00046699462507514766,-0.013851110208610757,-0.016338164551130713,-0.01066993267165919,-0.0031306863401906974,0.015436519317515109,-0.044596454195507756,-0.06245087649610863,0.023976766519303756,-0.04067038020493032,0.08870542036615608,0.02736955689655179,-0.17986246826824354,-0.02178525179785243,0.13026871461345754,0.0226968171350581,0.024523239229280208,0.021153249623191508,-0.0613940286692011,0.03490177999060873,-0.019198761291969388,0.03407036752560391,-0.03321839575339149,0.044548082890263296,-0.005731397401237414,0.0044459626144650165,-0.014233468070797214,-0.03958629168804349,-0.0026655597403737632,-0.025679133448945003,0.006499657767626867,0.0016903696570799258,-0.13041277235218918,0.015822812574581787,0.0226968171350581,0.09422417239069555,-0.011123464353107019,0.05959918396911781,-0.05042399649782636,0.0551934316896573,-0.03133023486567017,0.0061456462200665495,-0.05668924620296807,0.026938423958163024,0.01767062208341071,-0.019707505487177458,0.011325304666471678,0.010275470125864505,0.023878477656422002,-0.031198494462780155,0.02510894304041615,-0.02884273127724517,-0.022849515297003943,0.004691906124658056,0.024523239229280208,-0.011123464353107019,0.07123845546821528,-0.03861054742415866,-0.0027049083512691013,0.005175708218894717,-0.028152792807078622,0.005201616646711488,0.0036468066595171144,-0.0020535491140287903,-0.04377583914106491,0.05501545284246302,-0.047271719291050354,-0.07228601638077799,0.0038544837764343436,0.019517435633966504,-0.000608326464076098,0.03645174730082262,-0.11515679964273867,-0.007542739433058526,0.021153249623191508,0.05959918396911781,-0.03861054742415866,0.11966742461455913,-0.05545675431291059,0.03777884710548858,0.00198362250007245,0.013461012298434659,-0.007051935654984997,0.02202554560926935,0.06330849378163021,-0.07767575564331597,0.02877707500401944,0.07432687763985618,-0.04871277057253934,0.011169461291855674,-0.031363581750507144,-0.005788353976092824,0.1710120157106058,0.013428028651326375,-0.0613940286692011,-0.05042399649782636,-0.0027049083512691013,-0.05545675431291059,0.1087717077852068,-0.03580187864408252,0.01550963551988339,-0.034224541977682155,0.014153847915049183,-0.04200663315622618,-0.02140596824730946,0.02339852083155928,-0.020649163034682075,-0.03268448475954833,-0.0022770846940180136,-0.018016344097168416,0.04132897672977012,-0.006431751922549404,-0.13146339967639786,0.002125726097623173,0.03490177999060873,0.0551934316896573,0.005175708218894717,0.03777884710548858,-0.03580187864408252,0.07504034482776888,-0.031290770581285765,0.008922486273170016,-0.04612576560348605,0.015338847350348898,-0.007972963384181641,-0.011624764044856907,0.004163078806068553,0.020481712617783136,-0.019868724464363267,0.026027670311207823,-0.0350718291560462,-0.003917958556919819,0.0795498651434507,0.00046699462507514766,-0.019198761291969388,-0.03133023486567017,-0.028152792807078622,0.00198362250007245,0.01550963551988339,-0.031290770581285765,0.08089829395236954,0.013042210687279293,0.024891199821772868,-0.00185272387546736,0.026039696189959716,-0.01904062109264521,-0.014699236544288268,-0.025642716343373416,0.01447726762102899,-0.0019042233833621918,0.016199434872237642,0.002979336079660523,-0.0615558578427264,-0.013851110208610757,0.03407036752560391,0.0061456462200665495,0.005201616646711488,0.013461012298434659,-0.034224541977682155,0.008922486273170016,0.013042210687279293,0.04771420705211689,0.011919346026335237,0.020379539375600483,0.008651532718572788,0.003184940970776255,-0.008909144220357709,0.010179661907794514,0.01682003436071848,0.04182019954743577,-0.02753303117788516,0.0019052077090634298,0.08981962889898845,-0.016338164551130713,-0.03321839575339149,-0.05668924620296807,0.0036468066595171144,-0.007051935654984997,0.014153847915049183,-0.04612576560348605,0.024891199821772868,0.011919346026335237,0.09352193295805897,-0.02689293281894753,0.023894383849828296,-0.016060953595350598,-0.01620757873740542,-0.03538220172388451,0.01950201485281512,-0.018117919382178976,0.020949526484492446,0.01713678874530578,-0.09121738711257449,-0.01066993267165919,0.044548082890263296,0.026938423958163024,-0.0020535491140287903,0.02202554560926935,-0.04200663315622618,0.015338847350348898,-0.00185272387546736,0.020379539375600483,-0.02689293281894753,0.04276158143060231,0.006732152120253848,-0.006744361530657321,-0.04116933979415091,-0.03609319858611841,-0.004614596264298009,0.042244639988535546,-0.026951401973181553,0.030219224884187185,-0.023291379019743107,-0.0031306863401906974,-0.005731397401237414,0.01767062208341071,-0.04377583914106491,0.06330849378163021,-0.02140596824730946,-0.007972963384181641,0.026039696189959716,0.008651532718572788,0.023894383849828296,0.006732152120253848,0.08773810666939298,-0.05399975480230813,0.04256750260893383,0.039799706331462285,-0.004495384529948345,-0.040227102520258545,0.01696144556862163,-0.03285170224839866,0.02453881971234763,0.015436519317515109,0.0044459626144650165,-0.019707505487177458,0.05501545284246302,-0.07767575564331597,0.02339852083155928,-0.011624764044856907,-0.01904062109264521,0.003184940970776255,-0.016060953595350598,-0.006744361530657321,-0.05399975480230813,0.11163932994554056
0.048775655233471944,0.005489443639004729,0.010114812869688777,-0.01321500272101187,-0.0017911641975765567,-0.0009293564320589629,0.0016738840243611297,0.003916072377182228,-0.028250825378667938,0.015036021754196334,0.012995782607215529,-0.0060899103455621965,-0.011948675157511024,0.02367316409235074,-0.00484860841057053,-0.009249315773855283,-0.013345243523262613,0.012420675664372917,-0.03875401738686571,0.010819683409371946,0.005489443639004729,0.02921843562970829,0.004032191574640598,0.013031719133505554,-0.0074090224394784965,-0.009693403146881208,-0.0018878693299392087,0.0034544186389492346,0.015844825182796063,-0.007341763768428312,0.0055598709197784086,-0.0003920267817959679,-0.0051061197177368406,-0.0005921557397305464,0.009218222484203092,-0.0019763279028341936,0.002490470286768888,0.0014194348983268155,0.0010134314890442126,-0.0008909802041116924,0.010114812869688777,0.004032191574640598,0.0672337462129628,0.002440963552750126,-0.012314876724985706,-0.002499100055956399,-0.006193864925094605,-0.0006171437454534959,-0.022157593288732364,-0.001593334958604707,0.025237219784301993,-0.016283791814429797,-0.011168474209467821,0.003999701030380614,-0.0012160783938143355,0.0068297116685373215,-0.019708750142642832,0.009806842639207565,-0.0029039464172288375,0.002415757973514184,-0.01321500272101187,0.013031719133505554,0.002440963552750126,0.04723941493712363,-0.008951663815410179,-0.015047215168330793,-0.01576270936684484,0.013827791660841563,0.014529561197997636,-0.010275189345870695,0.004546746325388394,-0.0002420725931039806,-0.011178589155676894,-0.015102626242399391,0.012313227437762378,0.004302727112971178,0.00893546522604572,-0.009807213369647152,0.030573691059986596,-0.004027674093598721,-0.0017911641975765567,-0.0074090224394784965,-0.012314876724985706,-0.008951663815410179,0.052496154734764065,0.006218908960608383,-0.004027089923614491,-0.013670419388141525,0.017055317736971075,0.0010750101180992157,0.000837054045575476,-0.027955464610636183,0.028020229646964323,-0.016074514196355458,-0.024868907735831683,-0.021768358960096275,-0.0019089651298683013,0.0035300434497079263,-0.006208790619810899,0.03707761947772384,-0.0009293564320589629,-0.009693403146881208,-0.002499100055956399,-0.015047215168330793,0.006218908960608383,0.03212927642146448,0.014879573486882895,-0.007908540420897269,-0.007753316938492629,-0.0010838204609666753,-0.008911826179978554,0.009635670939645104,0.014294683503615097,0.0057176812195964734,-0.005401601058505419,0.0002337291659920027,0.001029650095973202,0.0049215112112806405,-0.0104454881708182,-0.006196299516756059,0.0016738840243611297,-0.0018878693299392087,-0.006193864925094605,-0.01576270936684484,-0.004027089923614491,0.014879573486882895,0.03766153345377986,-0.008341438324438233,-0.01202081630333126,0.000778538953466016,-0.004158304306126091,0.013203075979431364,0.0021274572014637,0.009801662307475728,-0.002397251975826572,0.007665298542845032,0.003523698037942519,0.0016219172063050577,-0.011693404873342209,-0.009973858372443727,0.003916072377182228,0.0034544186389492346,-0.0006171437454534959,0.013827791660841563,-0.013670419388141525,-0.007908540420897269,-0.008341438324438233,0.03232126991680487,-0.002181490619473183,0.010342326139640222,0.0047801223570278824,0.011671364429608023,-0.024652334042719475,0.008307747271559082,0.013833467554240062,0.0037346226954730883,-0.004417530848614215,-0.0021736970780839356,0.01372046201205117,-0.013611686964602852,-0.028250825378667938,0.015844825182796063,-0.022157593288732364,0.014529561197997636,0.017055317736971075,-0.007753316938492629,-0.01202081630333126,-0.002181490619473183,0.07032079536152407,-0.024602629303431794,-0.0061689042676940885,-0.005959533906301143,0.01313214386277632,-0.04247496503194513,0.000774811719172278,-0.007971993798070435,0.017676082469914,-0.007435203816605987,0.044033417859387275,0.00250182280975547,0.015036021754196334,-0.007341763768428312,-0.001593334958604707,-0.010275189345870695,0.0010750101180992157,-0.0010838204609666753,0.000778538953466016,0.010342326139640222,-0.024602629303431794,0.050221662450270106,0.004870600558851355,0.006504471236533916,-0.020700653834378115,0.027840039398733567,0.0010602617480803458,0.008504642242326554,-0.01537538321440006,0.010956111122842555,-0.008544677122418833,-0.01010728717436766,0.012995782607215529,0.0055598709197784086,0.025237219784301993,0.004546746325388394,0.000837054045575476,-0.008911826179978554,-0.004158304306126091,0.0047801223570278824,-0.0061689042676940885,0.004870600558851355,0.0471458020463387,-0.03485760578844356,-0.0112524631564779,-0.0031808546544179117,-0.008967729924454488,-0.006719338130616751,-0.011984839463234745,0.0025323073719384077,-0.0023498041605803733,0.03393339425665286,-0.0060899103455621965,-0.0003920267817959679,-0.016283791814429797,-0.0002420725931039806,-0.027955464610636183,0.009635670939645104,0.013203075979431364,0.011671364429608023,-0.005959533906301143,0.006504471236533916,-0.03485760578844356,0.08070157974583594,-0.01702603211902488,0.03196978171461536,0.0356180342118185,0.02282773446868499,0.004543822989177621,0.0022797552852963487,0.0012659872244043463,-0.06218488240366519,-0.011948675157511024,-0.0051061197177368406,-0.011168474209467821,-0.011178589155676894,0.028020229646964323,0.014294683503615097,0.0021274572014637,-0.024652334042719475,0.01313214386277632,-0.020700653834378115,-0.0112524631564779,-0.01702603211902488,0.05280069218996219,-0.019838372547045617,-0.015860834791911797,-0.011158905618109692,0.009196494090944791,-0.0007299376599869505,-0.006595777429357748,0.016626752910508323,0.02367316409235074,-0.0005921557397305464,0.003999701030380614,-0.015102626242399391,-0.016074514196355458,0.0057176812195964734,0.009801662307475728,0.008307747271559082,-0.04247496503194513,0.027840039398733567,-0.0031808546544179117,0.03196978171461536,-0.019838372547045617,0.06474708993743063,0.01640662363106796,0.015901334692336094,-0.02209455834172088,0.01169196761302939,-0.03126464043139089,-0.026400135587463784,-0.00484860841057053,0.009218222484203092,-0.0012160783938143355,0.012313227437762378,-0.024868907735831683,-0.005401601058505419,-0.002397251975826572,0.013833467554240062,0.000774811719172278,0.0010602617480803458,-0.008967729924454488,0.0356180342118185,-0.015860834791911797,0.01640662363106796,0.04944348445672507,0.01161865492588247,-0.002030961932871153,0.0077135544210172515,0.0065629407671019685,-0.0430865933554575,-0.009249315773855283,-0.0019763279028341936,0.0068297116685373215,0.004302727112971178,-0.021768358960096275,0.0002337291659920027,0.007665298542845032,0.0037346226954730883,-0.007971993798070435,0.008504642242326554,-0.006719338130616751,0.02282773446868499,-0.011158905618109692,0.015901334692336094,0.01161865492588247,0.035918289287360725,0.0008893906713659687,-0.00490766099916576,0.009749111952152422,-0.02755566562975876,-0.013345243523262613,0.002490470286768888,-0.019708750142642832,0.00893546522604572,-0.0019089651298683013,0.001029650095973202,0.003523698037942519,-0.004417530848614215,0.017676082469914,-0.01537538321440006,-0.011984839463234745,0.004543822989177621,0.009196494090944791,-0.02209455834172088,-0.002030961932871153,0.0008893906713659687,0.03433215845196193,-0.01375460097530758,0.016123672386947382,-0.004208413607294705,0.012420675664372917,0.0014194348983268155,0.009806842639207565,-0.009807213369647152,0.0035300434497079263,0.0049215112112806405,0.0016219172063050577,-0.0021736970780839356,-0.007435203816605987,0.010956111122842555,0.0025323073719384077,0.0022797552852963487,-0.0007299376599869505,0.01169196761302939,0.0077135544210172515,-0.00490766099916576,-0.01375460097530758,0.044150503872459154,-0.012763862311904729,-0.028586866893990162,-0.03875401738686571,0.0010134314890442126,-0.0029039464172288375,0.030573691059986596,-0.006208790619810899,-0.0104454881708182,-0.011693404873342209,0.01372046201205117,0.044033417859387275,-0.008544677122418833,-0.0023498041605803733,0.0012659872244043463,-0.006595777429357748,-0.03126464043139089,0.0065629407671019685,0.009749111952152422,0.016123672386947382,-0.012763862311904729,0.08323610739103798,-0.013914990015657741,0.010819683409371946,-0.0008909802041116924,0.002415757973514184,-0.004027674093598721,0.03707761947772384,-0.006196299516756059,-0.009973858372443727,-0.013611686964602852,0.00250182280975547,-0.01010728717436766,0.03393339425665286,-0.06218488240366519,0.016626752910508323,-0.026400135587463784,-0.0430865933554575,-0.02755566562975876,-0.004208413607294705,-0.028586866893990162,-0.013914990015657741,0.1122887328239719
