0.02080286391533906,-0.0018506697889112459,-0.001210841307490528,-0.00728483345848901,-0.004477498958802015,0.006050999898275485,0.0033637105039302615,-0.0012989622587329286,-0.009181493900831334,-0.005986769153729495,0.00011940850097560035,-0.006350306302574641,0.004244683713007734,0.0017448553660017888,0.004077306746401735,0.00018079971445043026,0.001970166139427967,-0.0020697535557346854,-0.010710434277198984,-0.008753200219179113,-0.0018506697889112459,0.008909555219675912,9.872109860621501e-5,0.004098840719463524,-0.0016793894426362851,-0.004818416109546523,-0.004201693760383881,0.00017956333242832013,0.006386164399780732,-0.0014263600408505922,0.0014191959461878712,0.0019164491191313456,0.0018037126055300977,-0.0027983403736896706,-0.008648545405828559,0.002385365266760292,-0.005247211851719669,-0.002293813806001885,0.0012516857592578636,-0.0009282777668125496,-0.001210841307490528,9.872109860621501e-5,0.021081474442130137,0.004937594121691132,-0.008248779189551261,0.0019584019092733097,-0.0026402742360076663,-5.475774192162332e-5,-0.0017674237605739222,0.005127567388610263,0.0011689801874832744,0.0028440334675996714,-0.007802949425031598,-0.002834890807513423,0.0007887118965852223,-0.0020548605733441225,0.00428697343118334,-0.0026668806655798993,0.005241774159864515,-0.004964177819737833,-0.00728483345848901,0.004098840719463524,0.004937594121691132,0.015505176365802347,-3.572817289315699e-5,-0.005506003249384488,-0.0036178683822412337,-0.0020985516843359704,0.004348348421487536,0.001906338166793225,-0.003206649862451678,0.004856065791780287,-0.005003486631944386,-0.0035032266065916024,-0.013367362159486185,-0.003530390605739907,-0.0023317398248610677,-0.008217577219084012,0.009627408331427032,-0.0008169650640628742,-0.004477498958802015,-0.0016793894426362851,-0.008248779189551261,-3.572817289315699e-5,0.019099187756959034,-0.005367700547292735,0.006566805728786822,-0.006648031991190373,0.0035634619692778997,-0.0004893930795716371,0.005463742000243487,0.0004629698575869853,0.004716598725347147,0.0022765947806687413,-0.00590450745170519,0.006220421309804835,-0.00923700978471767,0.00861739993539126,-2.1138440476259565e-5,0.006248402353917318,0.006050999898275485,-0.004818416109546523,0.0019584019092733097,-0.005506003249384488,-0.005367700547292735,0.014121724483417478,-0.0004751688990613769,0.0029608656223844556,-0.004250248655085921,0.0018207284649660908,-0.0009492505099832042,-0.00467911707251163,-0.009262551805726837,0.002086023214165193,0.012933252979320204,-0.0032919216857633425,0.008118399932227618,0.002789694704341499,-0.005924999888929576,-0.0025764696379638585,0.0033637105039302615,-0.004201693760383881,-0.0026402742360076663,-0.0036178683822412337,0.006566805728786822,-0.0004751688990613769,0.011769820244501874,0.0005129563905709586,0.004469624626409572,-0.0022947679821726415,0.0010017108642312558,-0.003141426402710194,0.0056594502467077375,0.003597190009203104,-0.001323968723458639,0.0038067684276046586,0.0012756365107654852,0.0047600698791937165,0.0010945965298630048,-0.00047472235196002136,-0.0012989622587329286,0.00017956333242832013,-5.475774192162332e-5,-0.0020985516843359704,-0.006648031991190373,0.0029608656223844556,0.0005129563905709586,0.008263045681384014,-4.686480324925089e-5,0.0009258938513631902,-0.0016404733888663293,-0.0002062562369483124,-0.0031679848429026452,-0.0013871461735545754,0.0023405069550096426,-3.023887491113294e-5,0.002052816203449239,-0.001082771282015864,0.00016633221040295208,0.0004861407095729105,-0.009181493900831334,0.006386164399780732,-0.0017674237605739222,0.004348348421487536,0.0035634619692778997,-0.004250248655085921,0.004469624626409572,-4.686480324925089e-5,0.025699230604574404,-0.0010127660033927045,-0.00047799170340011787,0.0003430489127987348,0.006047567722231483,0.003608472707108571,-0.009012091800373585,0.0023905789312803558,0.004539740804189243,0.004809372226900336,0.010183367436446416,0.0010419272637900105,-0.005986769153729495,-0.0014263600408505922,0.005127567388610263,0.001906338166793225,-0.0004893930795716371,0.0018207284649660908,-0.0022947679821726415,0.0009258938513631902,-0.0010127660033927045,0.007831617838351313,0.00010910074997373112,0.0034542633521024947,-0.007276135919289007,-0.003780087640254087,3.202495770035193e-5,0.00047457499957613883,0.002860884303782501,0.0024777775987667623,0.003106506979653682,0.005312784236451734,0.00011940850097560035,0.0014191959461878712,0.0011689801874832744,-0.003206649862451678,0.005463742000243487,-0.0009492505099832042,0.0010017108642312558,-0.0016404733888663293,-0.00047799170340011787,0.00010910074997373112,0.013547494203310065,0.003790074690492325,0.00020452498570265988,-0.0006777239062502,-2.832246600415233e-5,0.0037327551820644667,-0.006838302385230139,0.00024685598974455723,-0.003387034216843652,0.00021182583173561673,-0.006350306302574641,0.0019164491191313456,0.0028440334675996714,0.004856065791780287,0.0004629698575869853,-0.00467911707251163,-0.003141426402710194,-0.0002062562369483124,0.0003430489127987348,0.0034542633521024947,0.003790074690492325,0.013936314196344397,-0.003319148852968809,-0.00336527199473797,-0.008519798772643295,-0.0028965020223884,-0.0053651167456663686,0.003939899087766794,0.007232240268447044,0.006776493972098196,0.004244683713007734,0.0018037126055300977,-0.007802949425031598,-0.005003486631944386,0.004716598725347147,-0.009262551805726837,0.0056594502467077375,-0.0031679848429026452,0.006047567722231483,-0.007276135919289007,0.00020452498570265988,-0.003319148852968809,0.025254996316110095,0.008473458462322406,-0.008885797842734227,0.0056390980231269825,-0.004300081197998273,0.00012628667968204218,-0.0029953520785576566,-0.004412152836603029,0.0017448553660017888,-0.0027983403736896706,-0.002834890807513423,-0.0035032266065916024,0.0022765947806687413,0.002086023214165193,0.003597190009203104,-0.0013871461735545754,0.003608472707108571,-0.003780087640254087,-0.0006777239062502,-0.00336527199473797,0.008473458462322406,0.008710908442249917,0.0017539202291300638,-0.0006457820776356741,0.0013221217730808726,0.0028205906194429704,-0.002106181333287125,-0.003823635383651122,0.004077306746401735,-0.008648545405828559,0.0007887118965852223,-0.013367362159486185,-0.00590450745170519,0.012933252979320204,-0.001323968723458639,0.0023405069550096426,-0.009012091800373585,3.202495770035193e-5,-2.832246600415233e-5,-0.008519798772643295,-0.008885797842734227,0.0017539202291300638,0.0305191282348959,-0.004673423058686014,0.011939208559529069,0.0021876658496349935,-0.008121906154724596,-0.001213761827008259,0.00018079971445043026,0.002385365266760292,-0.0020548605733441225,-0.003530390605739907,0.006220421309804835,-0.0032919216857633425,0.0038067684276046586,-3.023887491113294e-5,0.0023905789312803558,0.00047457499957613883,0.0037327551820644667,-0.0028965020223884,0.0056390980231269825,-0.0006457820776356741,-0.004673423058686014,0.009024365346951656,-0.005385842276028174,0.0035768914194637593,-0.003260246774111199,0.0013884828987765971,0.001970166139427967,-0.005247211851719669,0.00428697343118334,-0.0023317398248610677,-0.00923700978471767,0.008118399932227618,0.0012756365107654852,0.002052816203449239,0.004539740804189243,0.002860884303782501,-0.006838302385230139,-0.0053651167456663686,-0.004300081197998273,0.0013221217730808726,0.011939208559529069,-0.005385842276028174,0.02042501165629454,-0.0033042294583772143,0.0028407996651883547,-0.0021304901480113016,-0.0020697535557346854,-0.002293813806001885,-0.0026668806655798993,-0.008217577219084012,0.00861739993539126,0.002789694704341499,0.0047600698791937165,-0.001082771282015864,0.004809372226900336,0.0024777775987667623,0.00024685598974455723,0.003939899087766794,0.00012628667968204218,0.0028205906194429704,0.0021876658496349935,0.0035768914194637593,-0.0033042294583772143,0.02591727122965981,0.0004384617132662687,0.010027725230554145,-0.010710434277198984,0.0012516857592578636,0.005241774159864515,0.009627408331427032,-2.1138440476259565e-5,-0.005924999888929576,0.0010945965298630048,0.00016633221040295208,0.010183367436446416,0.003106506979653682,-0.003387034216843652,0.007232240268447044,-0.0029953520785576566,-0.002106181333287125,-0.008121906154724596,-0.003260246774111199,0.0028407996651883547,0.0004384617132662687,0.014504573401304443,0.0038173607364060938,-0.008753200219179113,-0.0009282777668125496,-0.004964177819737833,-0.0008169650640628742,0.006248402353917318,-0.0025764696379638585,-0.00047472235196002136,0.0004861407095729105,0.0010419272637900105,0.005312784236451734,0.00021182583173561673,0.006776493972098196,-0.004412152836603029,-0.003823635383651122,-0.001213761827008259,0.0013884828987765971,-0.0021304901480113016,0.010027725230554145,0.0038173607364060938,0.012721344660448974
0.014401995760813528,-0.003640132871992663,0.014594669625192788,0.001127103776934629,0.00384423385956519,-0.016726931978516525,0.008042735001355304,-0.006048609071740162,0.006739885998564275,0.0012014864563214328,-0.004613879136343776,0.0036928622865419953,-0.0009585009569850643,0.008699007617817296,-0.005336718874980233,0.00013846466745026176,-0.0024218209664463816,0.0033707952960656566,0.004396224802112585,-0.008481915087952676,-0.003640132871992663,0.017875302064826456,-0.00780579312451019,-0.004459825253462264,0.0038287442543399487,0.008617299791778117,0.002685221745008597,0.000788488739460328,-0.00303049956158476,-0.007419831204125822,0.001673989604481108,-0.0014012168941574341,-0.0016859423747559975,0.0017471249114730336,0.0026985020288389904,0.0026352382826975926,-0.002173722073698219,-0.001166238324969481,0.0015761009916906252,0.003078401504444872,0.014594669625192788,-0.00780579312451019,0.03493525513549761,-0.00625064994198584,0.0014548267946542794,-0.021517923003510922,0.012387990612205711,-0.013510525473517904,0.004636353856862662,0.009347471496438973,-0.011392033918985082,0.010140697492584326,0.0021425003092454386,0.010478756519524098,-0.006564360767068704,-0.0044484980746926596,-0.005468040785129595,-0.004260305873149987,0.005017859710737935,-0.010767057429884054,0.001127103776934629,-0.004459825253462264,-0.00625064994198584,0.021613298684710368,-0.006586125448086006,0.0032187838850510136,-0.0007370977030676893,-0.00047522176343449526,0.0035439340459404067,0.008056790726914013,-0.000820876091338572,-0.004981167015080787,0.002120658569438501,-0.004037382029896725,-0.0007746059656839966,-0.00023782559443491893,0.005348028365325531,-0.0019737633331414293,0.005943842929792765,-0.003660035046946365,0.00384423385956519,0.0038287442543399487,0.0014548267946542794,-0.006586125448086006,0.01791799402735992,-0.0031334408164695876,0.0003091108768331349,-0.0043119965585888195,-0.0013854748490965967,0.0003605812228672776,-0.002761500232982309,0.009024193882652763,-0.0050144786371623135,0.006233690197756469,-0.0017253975114635773,0.005388865233897274,-0.0017694139049626739,-0.001670405227094222,-0.0005478391534226444,-0.003211308117002886,-0.016726931978516525,0.008617299791778117,-0.021517923003510922,0.0032187838850510136,-0.0031334408164695876,0.038888989018843745,-0.002171474011695495,0.008756915054380712,-0.004897364367993005,-0.00045406982329712647,0.00832310484840227,-0.002984175914875054,0.007122338832005699,-0.011702695331196025,0.008043194931188661,-0.002082155902218604,0.0011796583409906646,-0.003935163590347731,-0.003708551182322608,0.010205164225942295,0.008042735001355304,0.002685221745008597,0.012387990612205711,-0.0007370977030676893,0.0003091108768331349,-0.002171474011695495,0.029488602119711285,-0.000513733238177009,-0.0009829564202247165,-0.006859337468143589,-0.008315400270966396,0.008413919246784467,-0.0011777641128932087,0.007514675122315823,0.00839387537961074,-0.012860148750706384,-0.008194928688044976,-0.004288219608167828,0.01034388952300096,0.0007871771379774822,-0.006048609071740162,0.000788488739460328,-0.013510525473517904,-0.00047522176343449526,-0.0043119965585888195,0.008756915054380712,-0.000513733238177009,0.025774492812137274,-0.008984576896593984,-0.007085674466412788,0.003938320421737954,-0.01873947639908096,0.0027569420311821143,-0.0073675009824945474,-0.002434008167018373,-0.00576383305841736,0.006718616743547656,0.006021325179213355,-0.0013750101319671925,0.015307080013635108,0.006739885998564275,-0.00303049956158476,0.004636353856862662,0.0035439340459404067,-0.0013854748490965967,-0.004897364367993005,-0.0009829564202247165,-0.008984576896593984,0.02369876817550345,0.003971691890205648,-0.007065414036462136,0.001854429425603051,0.007651398177695156,-0.0008073697821666551,0.0002918950492487506,-0.0013377849146264736,-0.0035015015630713107,0.0044138588848166415,-0.0033480196689818767,-0.005467399342728185,0.0012014864563214328,-0.007419831204125822,0.009347471496438973,0.008056790726914013,0.0003605812228672776,-0.00045406982329712647,-0.006859337468143589,-0.007085674466412788,0.003971691890205648,0.030507931707495026,-0.012336261919817914,-0.00015905040449353932,0.001929205497009824,-0.000964448732154322,-0.0006892126083555764,0.002334734910026936,-0.00734176992838661,-0.00674821055754953,-0.008290877427309624,0.0033342565290332866,-0.004613879136343776,0.001673989604481108,-0.011392033918985082,-0.000820876091338572,-0.002761500232982309,0.00832310484840227,-0.008315400270966396,0.003938320421737954,-0.007065414036462136,-0.012336261919817914,0.022970412454675453,-0.006584361214080337,-0.001191010060369293,-0.006421599764785038,0.0016650268480804197,0.0072936072710886625,0.009560556901791094,0.00390987791914266,-0.0004573094981928737,-0.005645372027686894,0.0036928622865419953,-0.0014012168941574341,0.010140697492584326,-0.004981167015080787,0.009024193882652763,-0.002984175914875054,0.008413919246784467,-0.01873947639908096,0.001854429425603051,-0.00015905040449353932,-0.006584361214080337,0.031992442373236174,-0.0028503517494719074,0.005887674744472125,0.00014296388019329826,0.004972091393745181,-0.012746273483733845,0.000927515006095085,0.0014043963465724266,-0.012242787128444687,-0.0009585009569850643,-0.0016859423747559975,0.0021425003092454386,0.002120658569438501,-0.0050144786371623135,0.007122338832005699,-0.0011777641128932087,0.0027569420311821143,0.007651398177695156,0.001929205497009824,-0.001191010060369293,-0.0028503517494719074,0.014050463273151091,-0.0054800731339379825,-0.0036929095789251477,0.0004495215574768659,0.003701351728965596,0.0031419563830112924,-0.0008657756013730031,0.0035997320404443935,0.008699007617817296,0.0017471249114730336,0.010478756519524098,-0.004037382029896725,0.006233690197756469,-0.011702695331196025,0.007514675122315823,-0.0073675009824945474,-0.0008073697821666551,-0.000964448732154322,-0.006421599764785038,0.005887674744472125,-0.0054800731339379825,0.020488804701506408,-0.0032455196889246826,0.0032755734691143215,-0.0013170694340458732,-0.0005020808329305706,0.0008033623515315113,-0.0015479821543239142,-0.005336718874980233,0.0026985020288389904,-0.006564360767068704,-0.0007746059656839966,-0.0017253975114635773,0.008043194931188661,0.00839387537961074,-0.002434008167018373,0.0002918950492487506,-0.0006892126083555764,0.0016650268480804197,0.00014296388019329826,-0.0036929095789251477,-0.0032455196889246826,0.024916391982019438,-0.005628104037814233,-0.0017104416700802704,-0.00851501391258739,-0.005612069143222033,0.004001002534244835,0.00013846466745026176,0.0026352382826975926,-0.0044484980746926596,-0.00023782559443491893,0.005388865233897274,-0.002082155902218604,-0.012860148750706384,-0.00576383305841736,-0.0013377849146264736,0.002334734910026936,0.0072936072710886625,0.004972091393745181,0.0004495215574768659,0.0032755734691143215,-0.005628104037814233,0.021765490738210762,-0.0004106433980845404,0.008740254253816231,-0.008073725407151941,-0.0007043156400840143,-0.0024218209664463816,-0.002173722073698219,-0.005468040785129595,0.005348028365325531,-0.0017694139049626739,0.0011796583409906646,-0.008194928688044976,0.006718616743547656,-0.0035015015630713107,-0.00734176992838661,0.009560556901791094,-0.012746273483733845,0.003701351728965596,-0.0013170694340458732,-0.0017104416700802704,-0.0004106433980845404,0.03006260670326054,-0.0014092517872608071,0.001532875616678554,-0.0133703747405882,0.0033707952960656566,-0.001166238324969481,-0.004260305873149987,-0.0019737633331414293,-0.001670405227094222,-0.003935163590347731,-0.004288219608167828,0.006021325179213355,0.0044138588848166415,-0.00674821055754953,0.00390987791914266,0.000927515006095085,0.0031419563830112924,-0.0005020808329305706,-0.00851501391258739,0.008740254253816231,-0.0014092517872608071,0.018830390595042427,-0.007096039803049046,-0.0017442042853610148,0.004396224802112585,0.0015761009916906252,0.005017859710737935,0.005943842929792765,-0.0005478391534226444,-0.003708551182322608,0.01034388952300096,-0.0013750101319671925,-0.0033480196689818767,-0.008290877427309624,-0.0004573094981928737,0.0014043963465724266,-0.0008657756013730031,0.0008033623515315113,-0.005612069143222033,-0.008073725407151941,0.001532875616678554,-0.007096039803049046,0.019837172125843943,-0.0038276068859410253,-0.008481915087952676,0.003078401504444872,-0.010767057429884054,-0.003660035046946365,-0.003211308117002886,0.010205164225942295,0.0007871771379774822,0.015307080013635108,-0.005467399342728185,0.0033342565290332866,-0.005645372027686894,-0.012242787128444687,0.0035997320404443935,-0.0015479821543239142,0.004001002534244835,-0.0007043156400840143,-0.0133703747405882,-0.0017442042853610148,-0.0038276068859410253,0.037608401540816475
1748.6158447603036,-134.09746325408352,-39.22949485307041,192.91355683435432,-650.2411868006485,-221.61554054751537,-83.37082465673522,437.91503660988195,-591.529161248682,130.8809982626248,68.99281383141307,-566.0365531946541,562.7108481429365,-518.4471456289978,-547.4364439775333,747.6524226257628,-601.1899710992031,-365.85247670195304,-214.483405055473,111.86564298389797,-134.09746325408352,996.2678223450166,298.4973902518401,-289.37225035589427,-293.45450889945334,64.87175262405007,710.8060988800887,-234.87659836735526,-208.90767420732772,-898.8652601347756,355.3866445588104,371.2101196453083,-201.8246247536016,35.26955719253522,-746.8311138507622,-235.15427533638,194.2675614246043,-187.48151744432155,55.90213001331532,586.9079810528925,-39.22949485307041,298.4973902518401,1674.3044117841605,-363.31526530808736,-460.12621809171225,-80.89999324178999,196.70212374244596,412.8362077159152,-320.37356208430475,-401.54102832350935,-695.7301157869215,421.3345753151511,150.00238770920907,-121.70639876883757,652.555420236259,-615.980862479204,-52.44898098188271,-541.0424444861665,-860.7028241096059,220.8766353954492,192.91355683435432,-289.37225035589427,-363.31526530808736,1650.389565526649,-192.31889978198885,1022.7233842270713,-137.50671966906617,-308.6706606822453,-129.52117102286206,-702.8515441616707,-48.50804810862347,-634.7722527194285,-83.84648126545909,-432.716414443447,623.3682653414024,3.2812918012774297,-498.25089414745275,481.4491958184079,224.18916711900627,-217.79658955459996,-650.2411868006485,-293.45450889945334,-460.12621809171225,-192.31889978198885,2116.7052967847853,171.6116652366271,-749.1346459160245,182.63826725404326,-153.96180500586195,311.8822748532913,-92.6660955233552,474.73069526859894,-253.08163865417254,-1147.0135297496504,155.5223995999043,155.45681007429482,635.8721249775999,-280.1736183954349,533.8601750506402,517.3147697659898,-221.61554054751537,64.87175262405007,-80.89999324178999,1022.7233842270713,171.6116652366271,2018.3722330258652,-291.9875607207243,-297.41406968966066,270.49509803111215,-206.65501869912018,99.2895979650931,376.6549962015082,-1028.1355288319107,-326.09998385980515,-179.07035316299775,257.9477873665785,-585.2221876438285,108.88600193663456,-1009.9120759362945,253.0109601349601,-83.37082465673522,710.8060988800887,196.70212374244596,-137.50671966906617,-749.1346459160245,-291.9875607207243,972.4242703272909,16.943127258848822,-144.55072476546198,-605.4646815319015,520.5259065764577,-637.3028954709572,-454.9180683569736,472.5651222349484,-220.0324001173343,-464.587049383504,399.15997681359454,-132.2610901648555,160.78501172729602,270.0121972665788,437.91503660988195,-234.87659836735526,412.8362077159152,-308.6706606822453,182.63826725404326,-297.41406968966066,16.943127258848822,846.6881150407498,-350.81243919286806,558.7645689718449,22.35764489799211,-812.2794673071212,-446.49275800043023,-342.9108226582253,386.65559664110646,-33.3469254591369,354.7075720489694,-685.8867376673452,-392.3184583445143,273.0611651191071,-591.529161248682,-208.90767420732772,-320.37356208430475,-129.52117102286206,-153.96180500586195,270.49509803111215,-144.55072476546198,-350.81243919286806,681.7719750011723,522.323456097896,45.20991286187328,356.39016487482843,-252.78748104069243,779.0763241497108,-74.02138892946961,29.45363948961242,-135.84058162850354,422.1414520196897,-289.772310054345,-447.9916370285272,130.8809982626248,-898.8652601347756,-401.54102832350935,-702.8515441616707,311.8822748532913,-206.65501869912018,-605.4646815319015,558.7645689718449,522.323456097896,1858.5835808632291,62.25547755296232,-321.9594493544126,-479.99427150415414,462.6129232672712,37.62108692185323,505.3753310522202,62.461012201119004,-204.32923521221952,-703.8505336189403,-404.9840110263286,68.99281383141307,355.3866445588104,-695.7301157869215,-48.50804810862347,-92.6660955233552,99.2895979650931,520.5259065764577,22.35764489799211,45.20991286187328,62.25547755296232,849.1275088103632,-705.9326837197623,-804.448066062599,244.6928462419723,-679.2053208293507,146.72155641216168,353.5858387765431,-84.94373905036956,181.5205332950585,303.9648389784074,-566.0365531946541,371.2101196453083,421.3345753151511,-634.7722527194285,474.73069526859894,376.6549962015082,-637.3028954709572,-812.2794673071212,356.39016487482843,-321.9594493544126,-705.9326837197623,2577.9350358028178,969.7788458518156,-95.7546387210941,-799.500774806784,254.220034618752,-603.6576985407212,295.9317063911085,-332.9205692828997,35.60012475845185,562.7108481429365,-201.8246247536016,150.00238770920907,-83.84648126545909,-253.08163865417254,-1028.1355288319107,-454.9180683569736,-446.49275800043023,-252.78748104069243,-479.99427150415414,-804.448066062599,969.7788458518156,2074.3179169902764,-219.02599220292842,15.59669412761626,206.33156600436283,-597.8965543307395,459.5405037925276,827.1966309395686,-518.3941319503974,-518.4471456289978,35.26955719253522,-121.70639876883757,-432.716414443447,-1147.0135297496504,-326.09998385980515,472.5651222349484,-342.9108226582253,779.0763241497108,462.6129232672712,244.6928462419723,-95.7546387210941,-219.02599220292842,1583.175342585173,-111.47872130228717,-264.4951427204786,-41.14719847707843,489.1566485360199,-280.99241225596495,-679.3470538547017,-547.4364439775333,-746.8311138507622,652.555420236259,623.3682653414024,155.5223995999043,-179.07035316299775,-220.0324001173343,386.65559664110646,-74.02138892946961,37.62108692185323,-679.2053208293507,-799.500774806784,15.59669412761626,-111.47872130228717,1934.8690309001383,-790.5084110125737,266.7633791165664,75.48703250407829,111.02499253666326,-482.2800332701948,747.6524226257628,-235.15427533638,-615.980862479204,3.2812918012774297,155.45681007429482,257.9477873665785,-464.587049383504,-33.3469254591369,29.45363948961242,505.3753310522202,146.72155641216168,254.220034618752,206.33156600436283,-264.4951427204786,-790.5084110125737,833.6600464458091,-470.38808177417195,4.568020703037666,-174.14701251065878,5.889471236525278,-601.1899710992031,194.2675614246043,-52.44898098188271,-498.25089414745275,635.8721249775999,-585.2221876438285,399.15997681359454,354.7075720489694,-135.84058162850354,62.461012201119004,353.5858387765431,-603.6576985407212,-597.8965543307395,-41.14719847707843,266.7633791165664,-470.38808177417195,980.0145557315609,-339.6389446309248,507.7583943811501,361.2345608843058,-365.85247670195304,-187.48151744432155,-541.0424444861665,481.4491958184079,-280.1736183954349,108.88600193663456,-132.2610901648555,-685.8867376673452,422.1414520196897,-204.32923521221952,-84.94373905036956,295.9317063911085,459.5405037925276,489.1566485360199,75.48703250407829,4.568020703037666,-339.6389446309248,780.7150901305348,459.8175993313405,-590.4034052395913,-214.483405055473,55.90213001331532,-860.7028241096059,224.18916711900627,533.8601750506402,-1009.9120759362945,160.78501172729602,-392.3184583445143,-289.772310054345,-703.8505336189403,181.5205332950585,-332.9205692828997,827.1966309395686,-280.99241225596495,111.02499253666326,-174.14701251065878,507.7583943811501,459.8175993313405,1830.9230058328433,-93.14596605928429,111.86564298389797,586.9079810528925,220.8766353954492,-217.79658955459996,517.3147697659898,253.0109601349601,270.0121972665788,273.0611651191071,-447.9916370285272,-404.9840110263286,303.9648389784074,35.60012475845185,-518.3941319503974,-679.3470538547017,-482.2800332701948,5.889471236525278,361.2345608843058,-590.4034052395913,-93.14596605928429,839.1144695744915
