0.12189029284163094,-0.010491194974033533,0.045405987390234354,0.07415373408284788,-0.16315942764850438,-0.06028722624996829,-0.19311716914157934,-0.10038804896847037,0.12633016509983513,0.07763767691683458,0.05484008383646802,0.021473465449575214,0.06809919793289718,-6.636549803979309e-5,-0.11147304664186716,-0.12514460845621428,-0.023902609049977448,0.11280362288662593,0.04227328189098072,0.08475670941759222,-0.010491194974033533,0.06078109463998798,-0.032744903027654614,-0.03282594090042883,0.011496697152861595,-0.007101486685539831,0.03862900433012969,0.0074459506271037385,-0.02899627188032993,-0.0015292343897802718,0.009547581332379304,-0.003182061964612094,-0.010063394779151956,0.012958730364274224,0.009426617489076462,0.03595469356204323,-0.023057803402302224,-0.03303267031159511,0.031757861537936916,0.008126045888355561,0.045405987390234354,-0.032744903027654614,0.12037691281490603,0.06875283055781971,-0.1352515056008701,-0.047971701372350205,-0.18918688052714167,-0.07722356155961022,0.14762843980476825,0.03158519591347342,0.05346498387269723,-0.0071371106697388255,0.0800187375397078,-0.004997895393613021,-0.07820416893243834,-0.1555804181037046,0.01503895503802593,0.11573438303002329,-0.014167063829422151,0.04234711538207908,0.07415373408284788,-0.03282594090042883,0.06875283055781971,0.16783344958767082,-0.2393931531605834,-0.03410742888245087,-0.23404064783084444,-0.15420814547609973,0.19579560863724732,0.0560941709274826,0.07078487231447926,0.02881289248815253,0.15861750328671834,-0.0003801737011584088,-0.18054804313004866,-0.18639493461027817,0.01199822377497891,0.2105882055382772,0.020413095454680265,0.1130774384671435,-0.16315942764850438,0.011496697152861595,-0.1352515056008701,-0.2393931531605834,0.534410637694088,0.1595682010676883,0.5534246146781374,0.3343455726482444,-0.4404322054370846,-0.16328268726573103,-0.20483609504049696,-0.02288773451307756,-0.32121420670653317,-0.02070260208102433,0.3926293431187448,0.42686762033887826,0.01973892677339257,-0.3890943037890159,-0.09821937334972428,-0.2497042066059239,-0.06028722624996829,-0.007101486685539831,-0.047971701372350205,-0.03410742888245087,0.1595682010676883,0.20228079836473886,0.2822757120674515,0.0935962474346221,-0.15057055926721458,-0.15025048305824074,-0.1553260739045062,0.026735784762556978,-0.08338566888083657,-0.03469440761396965,0.1289272721271016,0.2149720727976958,0.05834789810512374,-0.085494440445269,-0.07635757285935216,-0.08882564428336348,-0.19311716914157934,0.03862900433012969,-0.18918688052714167,-0.23404064783084444,0.5534246146781374,0.2822757120674515,0.7621438658062041,0.34211706250757745,-0.5088570998608695,-0.2778911282672128,-0.28608770668634387,0.012319857814357994,-0.3229544498302195,-0.030251368729386323,0.4218515361995356,0.5601467907741216,0.05534940183500121,-0.3936859474144888,-0.11338487726796832,-0.27356874288564687,-0.10038804896847037,0.0074459506271037385,-0.07722356155961022,-0.15420814547609973,0.3343455726482444,0.0935962474346221,0.34211706250757745,0.2348582002697434,-0.2748435188658338,-0.10169529948082273,-0.11837627166732745,-0.01897774404836109,-0.20605253419105396,-0.015061619136874815,0.2636292090377119,0.26218394821247704,0.01301541088964177,-0.25002766315161773,-0.06787024105845352,-0.15932847772056868,0.12633016509983513,-0.02899627188032993,0.14762843980476825,0.19579560863724732,-0.4404322054370846,-0.15057055926721458,-0.5088570998608695,-0.2748435188658338,0.43040433572635867,0.13800286871985606,0.18409852988128858,0.00031412591753799627,0.28745545015784124,0.018860564929301847,-0.33678075555270715,-0.4106643770297984,-0.009129097632065337,0.34427890435868325,0.057860721861967127,0.19946161545129149,0.07763767691683458,-0.0015292343897802718,0.03158519591347342,0.0560941709274826,-0.16328268726573103,-0.15025048305824074,-0.2778911282672128,-0.10169529948082273,0.13800286871985606,0.17075863822323162,0.11668867791464269,-0.012140650657457685,0.0882916724169992,0.01712380637570609,-0.15002024859601137,-0.19902538326600477,-0.05577419280492702,0.09456841603251592,0.0757537770921512,0.11376352400609258,0.05484008383646802,0.009547581332379304,0.05346498387269723,0.07078487231447926,-0.20483609504049696,-0.1553260739045062,-0.28608770668634387,-0.11837627166732745,0.18409852988128858,0.11668867791464269,0.1788234814163908,-0.014792538004276035,0.11685201699041096,0.027297875705758437,-0.13982093293122322,-0.21234637838920123,-0.041491979491939,0.11846373352691861,0.06478233894106877,0.08584842966104894,0.021473465449575214,-0.003182061964612094,-0.0071371106697388255,0.02881289248815253,-0.02288773451307756,0.026735784762556978,0.012319857814357994,-0.01897774404836109,0.00031412591753799627,-0.012140650657457685,-0.014792538004276035,0.029914870020447556,0.012249255839032212,-0.0028649961184922493,-0.014377854677995069,0.01823437334919466,0.004053438240314209,0.022956997977225526,0.004046990210235132,0.01413759017541526,0.06809919793289718,-0.010063394779151956,0.0800187375397078,0.15861750328671834,-0.32121420670653317,-0.08338566888083657,-0.3229544498302195,-0.20605253419105396,0.28745545015784124,0.0882916724169992,0.11685201699041096,0.012249255839032212,0.23865445585700218,0.01366512327511173,-0.255716807965635,-0.27774614188358293,0.0014828381963792481,0.2587100842669031,0.047668553401751926,0.15904218818082816,-6.636549803979309e-5,0.012958730364274224,-0.004997895393613021,-0.0003801737011584088,-0.02070260208102433,-0.03469440761396965,-0.030251368729386323,-0.015061619136874815,0.018860564929301847,0.01712380637570609,0.027297875705758437,-0.0028649961184922493,0.01366512327511173,0.03523374954840036,-0.040133274594742106,-0.03080033310268198,-0.013836716435084802,0.015568442554710401,0.015795953807791217,0.009453018365909824,-0.11147304664186716,0.009426617489076462,-0.07820416893243834,-0.18054804313004866,0.3926293431187448,0.1289272721271016,0.4218515361995356,0.2636292090377119,-0.33678075555270715,-0.15002024859601137,-0.13982093293122322,-0.014377854677995069,-0.255716807965635,-0.040133274594742106,0.37078901263213937,0.3399930516749675,0.030459629000735837,-0.3029392583588435,-0.08424363777208202,-0.2113027255407172,-0.12514460845621428,0.03595469356204323,-0.1555804181037046,-0.18639493461027817,0.42686762033887826,0.2149720727976958,0.5601467907741216,0.26218394821247704,-0.4106643770297984,-0.19902538326600477,-0.21234637838920123,0.01823437334919466,-0.27774614188358293,-0.03080033310268198,0.3399930516749675,0.4643487056336775,0.02598621329166892,-0.33627188609871445,-0.06567526166399976,-0.20902599074855088,-0.023902609049977448,-0.023057803402302224,0.01503895503802593,0.01199822377497891,0.01973892677339257,0.05834789810512374,0.05534940183500121,0.01301541088964177,-0.009129097632065337,-0.05577419280492702,-0.041491979491939,0.004053438240314209,0.0014828381963792481,-0.013836716435084802,0.030459629000735837,0.02598621329166892,0.05304395815943879,0.013859504819398882,-0.04245654640794442,-0.02860553540472057,0.11280362288662593,-0.03303267031159511,0.11573438303002329,0.2105882055382772,-0.3890943037890159,-0.085494440445269,-0.3936859474144888,-0.25002766315161773,0.34427890435868325,0.09456841603251592,0.11846373352691861,0.022956997977225526,0.2587100842669031,0.015568442554710401,-0.3029392583588435,-0.33627188609871445,0.013859504819398882,0.34394203458407235,0.04087361172317222,0.1771393980398785,0.04227328189098072,0.031757861537936916,-0.014167063829422151,0.020413095454680265,-0.09821937334972428,-0.07635757285935216,-0.11338487726796832,-0.06787024105845352,0.057860721861967127,0.0757537770921512,0.06478233894106877,0.004046990210235132,0.047668553401751926,0.015795953807791217,-0.08424363777208202,-0.06567526166399976,-0.04245654640794442,0.04087361172317222,0.08160062017198047,0.07483872037307851,0.08475670941759222,0.008126045888355561,0.04234711538207908,0.1130774384671435,-0.2497042066059239,-0.08882564428336348,-0.27356874288564687,-0.15932847772056868,0.19946161545129149,0.11376352400609258,0.08584842966104894,0.01413759017541526,0.15904218818082816,0.009453018365909824,-0.2113027255407172,-0.20902599074855088,-0.02860553540472057,0.1771393980398785,0.07483872037307851,0.1701048310781446
0.0767688240823044,-0.02562837854779159,0.03397862057617251,0.07877977957019562,-0.15841354097225593,0.01130681261116852,-0.10642467978335428,-0.11054040987589869,0.12408570324086893,0.017919300303650482,0.01627477274456983,0.02785372495477801,0.07317847163140057,0.006267704045427079,-0.10566531362429464,-0.0899132073204626,0.022098397205012874,0.12125586613780515,-0.004104179507677955,0.05197698181049262,-0.02562837854779159,0.0674395265348506,-0.016496311835489795,-0.046904011837078374,0.04197900802406851,-0.03861622708166658,0.03278440234694005,0.0363225781221055,-0.032059324302467884,0.01604191443591222,0.005503051028372159,-0.018295452694750317,-0.023750401657329154,0.018661499209638256,0.01796948598762703,0.025623364894327823,-0.023271665393481966,-0.04537185738542755,0.01970519499055963,-0.010027988192304807,0.03397862057617251,-0.016496311835489795,0.0788569017489578,0.057959105171402424,-0.10394221201587409,0.022814995931478215,-0.06555895289062225,-0.08781711606947194,0.09951287708261307,-0.008067825582897911,0.001351031410577518,0.025982277477034604,0.05686739700633499,-0.014121808903929571,-0.08134128681120635,-0.05645647433982777,0.02187326618663008,0.08716889853914539,-0.020619044349609462,0.02023022823245823,0.07877977957019562,-0.046904011837078374,0.057959105171402424,0.1328743101888993,-0.2183219780956891,0.014299046534427817,-0.15897980733003786,-0.1590513739292588,0.18301290725808278,0.014157273977415893,0.02913296156358338,0.03360943891736662,0.1131349255304845,0.00874946522301829,-0.15589493869669735,-0.1286371709387245,0.034276258399284096,0.17711653701450314,-0.014975963656535047,0.06333419653073852,-0.15841354097225593,0.04197900802406851,-0.10394221201587409,-0.2183219780956891,0.5035868438594739,0.025990707834682922,0.3536586639102729,0.3348215900948641,-0.3908852970795656,-0.06535288869339013,-0.0727295659074388,-0.06384337360953538,-0.2586990887611169,-0.052021132202125425,0.3609034182070405,0.30201157402094847,-0.038035645749821836,-0.3571196996744642,0.005731458604766433,-0.16448550112704438,0.01130681261116852,-0.03861622708166658,0.022814995931478215,0.014299046534427817,0.025990707834682922,0.09715110210867277,0.037169618221068006,0.006257666602090039,-0.026659934614367296,-0.049000512369756874,-0.021160025117325336,0.016347562386382596,-0.03659602243966629,-0.050457621843702324,0.05223310481267572,0.04728036502040451,0.027055203739259202,-0.0046495853857837395,-0.0375039677347356,-0.02945974795529253,-0.10642467978335428,0.03278440234694005,-0.06555895289062225,-0.15897980733003786,0.3536586639102729,0.037169618221068006,0.2831765879973462,0.24235398961092752,-0.2862149539266955,-0.056904115331220556,-0.05414019390600905,-0.042989100812643566,-0.2000473974532274,-0.054284935232856726,0.2715616584207967,0.23193426798490252,-0.014734695240500188,-0.2604095974512658,-0.002873480742259972,-0.1201282766486381,-0.11054040987589869,0.0363225781221055,-0.08781711606947194,-0.1590513739292588,0.3348215900948641,0.006257666602090039,0.24235398961092752,0.26441770925326696,-0.2827873597363002,-0.03411335555192217,-0.03565735349769361,-0.04987881669825005,-0.17466314642216224,-0.024922906400700787,0.24819452221554347,0.19932971269935007,-0.02949774359744447,-0.2571628756872727,0.003337897231621756,-0.09982535794505054,0.12408570324086893,-0.032059324302467884,0.09951287708261307,0.18301290725808278,-0.3908852970795656,-0.026659934614367296,-0.2862149539266955,-0.2827873597363002,0.3644901392760442,0.05292496398136819,0.05523711271706317,0.051121316859533084,0.2203718587490167,0.038148298512026224,-0.31705606733709546,-0.24944846110657723,0.025691374267483795,0.30666991189066506,-0.0018348900358944528,0.12366674459005556,0.017919300303650482,0.01604191443591222,-0.008067825582897911,0.014157273977415893,-0.06535288869339013,-0.049000512369756874,-0.056904115331220556,-0.03411335555192217,0.05292496398136819,0.062206563587600204,0.02148515631408878,-0.0040197158154961325,0.04461265011200452,0.03733676272398802,-0.06309079209601702,-0.060923484233236486,-0.01897156692317018,0.03431573530480825,0.022689646481812722,0.03399991370081924,0.01627477274456983,0.005503051028372159,0.001351031410577518,0.02913296156358338,-0.0727295659074388,-0.021160025117325336,-0.05414019390600905,-0.03565735349769361,0.05523711271706317,0.02148515631408878,0.041772488915258255,0.000559651976286578,0.048295442294760633,0.0250815653808467,-0.06379692218982638,-0.053755394610277854,-0.0030901951925002813,0.042685649620423094,0.005751985603250385,0.028936255468021192,0.02785372495477801,-0.018295452694750317,0.025982277477034604,0.03360943891736662,-0.06384337360953538,0.016347562386382596,-0.042989100812643566,-0.04987881669825005,0.051121316859533084,-0.0040197158154961325,0.000559651976286578,0.03380951075491235,0.02912226257095852,-0.0017236107504692726,-0.04568134230275549,-0.032721217898182234,0.011270368175961432,0.055368850938916685,-0.011508030229605616,0.02029941272795748,0.07317847163140057,-0.023750401657329154,0.05686739700633499,0.1131349255304845,-0.2586990887611169,-0.03659602243966629,-0.2000473974532274,-0.17466314642216224,0.2203718587490167,0.04461265011200452,0.048295442294760633,0.02912226257095852,0.18031058640112624,0.03933368263567269,-0.2179777513061673,-0.18094357885846135,0.002681535451249658,0.18519754719328918,0.0026746428263341535,0.09063782797337967,0.006267704045427079,0.018661499209638256,-0.014121808903929571,0.00874946522301829,-0.052021132202125425,-0.050457621843702324,-0.054284935232856726,-0.024922906400700787,0.038148298512026224,0.03733676272398802,0.0250815653808467,-0.0017236107504692726,0.03933368263567269,0.06442019968476566,-0.0653596657197889,-0.057062942802501015,-0.0192675375091814,0.03477776251052626,0.01959807083885018,0.02797439553854289,-0.10566531362429464,0.01796948598762703,-0.08134128681120635,-0.15589493869669735,0.3609034182070405,0.05223310481267572,0.2715616584207967,0.24819452221554347,-0.31705606733709546,-0.06309079209601702,-0.06379692218982638,-0.04568134230275549,-0.2179777513061673,-0.0653596657197889,0.33819746230425085,0.2471763159097507,-0.003447639038026277,-0.27517180310382994,-0.006071671251180998,-0.12375968160391249,-0.0899132073204626,0.025623364894327823,-0.05645647433982777,-0.1286371709387245,0.30201157402094847,0.04728036502040451,0.23193426798490252,0.19932971269935007,-0.24944846110657723,-0.060923484233236486,-0.053755394610277854,-0.032721217898182234,-0.18094357885846135,-0.057062942802501015,0.2471763159097507,0.21941866548226976,-0.008065713839979956,-0.2255482290279438,0.0007585354787191052,-0.11128000744485177,0.022098397205012874,-0.023271665393481966,0.02187326618663008,0.034276258399284096,-0.038035645749821836,0.027055203739259202,-0.014734695240500188,-0.02949774359744447,0.025691374267483795,-0.01897156692317018,-0.0030901951925002813,0.011270368175961432,0.002681535451249658,-0.0192675375091814,-0.003447639038026277,-0.008065713839979956,0.048417637265469264,0.04038502581717067,-0.013927588678018904,0.006291297128126052,0.12125586613780515,-0.04537185738542755,0.08716889853914539,0.17711653701450314,-0.3571196996744642,-0.0046495853857837395,-0.2604095974512658,-0.2571628756872727,0.30666991189066506,0.03431573530480825,0.042685649620423094,0.055368850938916685,0.18519754719328918,0.03477776251052626,-0.27517180310382994,-0.2255482290279438,0.04038502581717067,0.29937565189418186,-0.011326033993156652,0.10646065504267452,-0.004104179507677955,0.01970519499055963,-0.020619044349609462,-0.014975963656535047,0.005731458604766433,-0.0375039677347356,-0.002873480742259972,0.003337897231621756,-0.0018348900358944528,0.022689646481812722,0.005751985603250385,-0.011508030229605616,0.0026746428263341535,0.01959807083885018,-0.006071671251180998,0.0007585354787191052,-0.013927588678018904,-0.011326033993156652,0.03635686515413038,0.00699621911378258,0.05197698181049262,-0.010027988192304807,0.02023022823245823,0.06333419653073852,-0.16448550112704438,-0.02945974795529253,-0.1201282766486381,-0.09982535794505054,0.12366674459005556,0.03399991370081924,0.028936255468021192,0.02029941272795748,0.09063782797337967,0.02797439553854289,-0.12375968160391249,-0.11128000744485177,0.006291297128126052,0.10646065504267452,0.00699621911378258,0.0780080008283501
0.03592765936780801,-0.0004503998918680708,0.00898092217889658,-0.017566805756505363,0.008466966271871736,0.015158214938769834,0.0007825499838344618,0.0035923757053655716,-0.002473808422101521,-0.000907809584085159,0.006210562224158635,-0.0075398261948913265,0.0005268870092596,-0.007803578398900484,0.0028139006058378576,0.003072887352146515,0.003462681361439019,-0.0067139130928011905,0.0005814276362584367,-0.00016125302398035805,-0.0004503998918680708,0.04130125829353858,0.0005953638007361638,0.010540899104729374,0.0006400002595780634,-0.0054247330503002095,0.015915394160148456,-0.007126914400584227,0.010703394657388475,0.012285943913511309,0.008353678137414191,-0.005274529059012326,-0.012832640451343571,0.015976892832365704,0.00544149222250569,0.0038131256647240134,-0.016400732734417854,0.012897535504440033,0.010524280611365521,-0.0012961375108866014,0.00898092217889658,0.0005953638007361638,0.03532893520056433,-0.01743250781599273,-0.002680282151928796,0.0058975271883350685,-0.0005455111215610696,0.001797043793403863,0.007808278210520418,-0.0037944092202479565,0.008413485894292997,0.0006607837558979143,0.007162351040599492,-0.0014732043633158445,0.006969801977823407,-0.008505215811539048,-8.929406173916127e-5,-0.0033720978134202132,0.0014619733095558383,0.011616985649184288,-0.017566805756505363,0.010540899104729374,-0.01743250781599273,0.06017624932081146,0.005056303193640866,-0.006487768450874251,0.019756841504189812,-0.003212586842855162,0.008031919092310377,0.012124922017097816,0.005945593096571156,0.0067068170257113015,-0.006803505466029015,0.01732993790423477,0.004915409690100049,0.01852565096579948,0.00701834559898256,0.002175425251355006,0.0034498373294746913,0.0005528041703672145,0.008466966271871736,0.0006400002595780634,-0.002680282151928796,0.005056303193640866,0.04058182690581091,0.01339274988815439,0.007458381119147194,0.0015246392780408125,-0.001503746096277645,0.002864341406944568,-0.008387343124805248,0.007770400387703829,6.440466397889411e-6,0.0008056774468353342,-0.005906533205799629,0.017848630488868672,0.005656040831263769,-0.011923319879095631,-0.010912320582656471,-0.008179267446516328,0.015158214938769834,-0.0054247330503002095,0.0058975271883350685,-0.006487768450874251,0.01339274988815439,0.07400569924283566,-0.0038312030424786482,0.015095250109571313,-0.019137368800472662,-0.006945812733617739,0.008240799535816596,-0.008301486452479793,0.007710284647277942,-0.002988392409238148,-0.008751757105858786,0.008543427671170525,0.0015913944010324083,-0.042971677049085555,-0.007339965265758122,-0.005977814349208816,0.0007825499838344618,0.015915394160148456,-0.0005455111215610696,0.019756841504189812,0.007458381119147194,-0.0038312030424786482,0.0459043058248222,-0.008557271285533637,0.022839670305069216,0.000285959615535316,0.005005219027759047,-0.011351295424954265,-0.011157237690580468,0.01014771094164015,0.009061346464751499,0.017857498581795632,-0.014631028111473937,0.002303004939913738,0.016126865278550104,0.003099435588372975,0.0035923757053655716,-0.007126914400584227,0.001797043793403863,-0.003212586842855162,0.0015246392780408125,0.015095250109571313,-0.008557271285533637,0.025662764015775386,-0.006618680921018024,0.0031390338514558974,-0.0036820703834787036,0.009008291463375725,0.014822264295838125,-0.009269806134598692,-0.010069167778622413,-0.0018728448836928902,0.0031022599572839964,-0.022511839332558035,-0.009313436498398116,-0.008465750782633737,-0.002473808422101521,0.010703394657388475,0.007808278210520418,0.008031919092310377,-0.001503746096277645,-0.019137368800472662,0.022839670305069216,-0.006618680921018024,0.03931032810636037,-0.0024147090213200518,0.012276317616632929,0.004984243497799965,-0.009066647083272799,0.018867005399394926,0.01773634625224106,0.008809831005402285,-0.001347062528831649,0.021612285978611284,0.014411512619708283,0.009045182788378237,-0.000907809584085159,0.012285943913511309,-0.0037944092202479565,0.012124922017097816,0.002864341406944568,-0.006945812733617739,0.000285959615535316,0.0031390338514558974,-0.0024147090213200518,0.03206993798457561,-0.004192646808398532,0.015195089184130445,0.0027105798127828318,-0.0009094190471223163,-0.0022844722111394667,0.003684923268774778,-0.0003146058913213092,0.003554382379516336,-0.004240719289076116,-0.0011802421659484576,0.006210562224158635,0.008353678137414191,0.008413485894292997,0.005945593096571156,-0.008387343124805248,0.008240799535816596,0.005005219027759047,-0.0036820703834787036,0.012276317616632929,-0.004192646808398532,0.04810517521448514,-0.0029675465577575603,0.0016483323146485158,0.010018286477278742,0.011582561376794465,-0.015072812287181207,0.005044397680630025,-0.001593044518993005,0.0063209406244642595,0.0014347340185744376,-0.0075398261948913265,-0.005274529059012326,0.0006607837558979143,0.0067068170257113015,0.007770400387703829,-0.008301486452479793,-0.011351295424954265,0.009008291463375725,0.004984243497799965,0.015195089184130445,-0.0029675465577575603,0.06413319998246243,0.024557520442151586,-0.002311799276165094,-0.0030948952126528314,0.006757715023680104,0.018678985976638217,-0.007703848600636361,-0.012379988680134586,-0.0003927745461811522,0.0005268870092596,-0.012832640451343571,0.007162351040599492,-0.006803505466029015,6.440466397889411e-6,0.007710284647277942,-0.011157237690580468,0.014822264295838125,-0.009066647083272799,0.0027105798127828318,0.0016483323146485158,0.024557520442151586,0.045939239159691926,-0.012688907940934538,-0.004188450783372663,-0.004095869052527491,0.012574035202741207,-0.023794256004054014,-0.011406835274457591,-0.006589706854691124,-0.007803578398900484,0.015976892832365704,-0.0014732043633158445,0.01732993790423477,0.0008056774468353342,-0.002988392409238148,0.01014771094164015,-0.009269806134598692,0.018867005399394926,-0.0009094190471223163,0.010018286477278742,-0.002311799276165094,-0.012688907940934538,0.04024024860384583,0.0052974129360236,-0.002760137494718529,-0.005572516087993999,0.012328523048799134,0.006298648262144579,0.0004172608388716063,0.0028139006058378576,0.00544149222250569,0.006969801977823407,0.004915409690100049,-0.005906533205799629,-0.008751757105858786,0.009061346464751499,-0.010069167778622413,0.01773634625224106,-0.0022844722111394667,0.011582561376794465,-0.0030948952126528314,-0.004188450783372663,0.0052974129360236,0.030770679927677333,-0.001440238313523513,-0.0017128697009505106,0.012970155370168993,0.008315048402617592,0.012600810517631475,0.003072887352146515,0.0038131256647240134,-0.008505215811539048,0.01852565096579948,0.017848630488868672,0.008543427671170525,0.017857498581795632,-0.0018728448836928902,0.008809831005402285,0.003684923268774778,-0.015072812287181207,0.006757715023680104,-0.004095869052527491,-0.002760137494718529,-0.001440238313523513,0.06124500758391565,0.004924907363709485,-0.010168457323391585,0.005840418063353424,0.0008605222655449492,0.003462681361439019,-0.016400732734417854,-8.929406173916127e-5,0.00701834559898256,0.005656040831263769,0.0015913944010324083,-0.014631028111473937,0.0031022599572839964,-0.001347062528831649,-0.0003146058913213092,0.005044397680630025,0.018678985976638217,0.012574035202741207,-0.005572516087993999,-0.0017128697009505106,0.004924907363709485,0.04514810094484496,-0.011026549841999812,-0.014281992964467497,0.004141666211557132,-0.0067139130928011905,0.012897535504440033,-0.0033720978134202132,0.002175425251355006,-0.011923319879095631,-0.042971677049085555,0.002303004939913738,-0.022511839332558035,0.021612285978611284,0.003554382379516336,-0.001593044518993005,-0.007703848600636361,-0.023794256004054014,0.012328523048799134,0.012970155370168993,-0.010168457323391585,-0.011026549841999812,0.06755724316612902,0.009997265832431861,0.009120453773348376,0.0005814276362584367,0.010524280611365521,0.0014619733095558383,0.0034498373294746913,-0.010912320582656471,-0.007339965265758122,0.016126865278550104,-0.009313436498398116,0.014411512619708283,-0.004240719289076116,0.0063209406244642595,-0.012379988680134586,-0.011406835274457591,0.006298648262144579,0.008315048402617592,0.005840418063353424,-0.014281992964467497,0.009997265832431861,0.03284178702885161,0.008192036758154385,-0.00016125302398035805,-0.0012961375108866014,0.011616985649184288,0.0005528041703672145,-0.008179267446516328,-0.005977814349208816,0.003099435588372975,-0.008465750782633737,0.009045182788378237,-0.0011802421659484576,0.0014347340185744376,-0.0003927745461811522,-0.006589706854691124,0.0004172608388716063,0.012600810517631475,0.0008605222655449492,0.004141666211557132,0.009120453773348376,0.008192036758154385,0.030934090598519783
