0.01799844765866035,0.005362526966448944,0.00971025542747935,0.0019712375886494346,0.00566328014822217,0.0060837897359981245,0.00379113939794705,0.003770905163079907,-0.0007675672941152335,-0.00017379882164844011,-0.0015745867702248997,-0.00010342407982094067,-6.949475492861163e-5,0.0007320233698428116,0.0021037850936227523,-0.0034019399421347657,-9.85364244634649e-5,-0.00988218080622278,0.0006930652805697717,-0.0014974458338740605,0.005362526966448944,0.013316805975248987,0.004766420884258235,-0.000995078173373817,0.0012897131674818286,-0.0035200693654287153,-0.0008958655681934937,0.002601081512893764,0.0038208161407377607,-0.00010252165615006836,-0.0020685249509236666,-0.0022046135592121794,0.0028094284465728135,-0.0003413230906759916,-0.001920881899429394,0.00037992706980822713,-0.003199190635529275,-0.002218701064101096,0.0010384365212900075,0.0026161026589162986,0.00971025542747935,0.004766420884258235,0.026156572580372683,-0.0017494264641244317,0.002596875760841489,0.0015584258472682794,0.004052820506911362,-0.006404549940351718,0.0034119041927989967,0.00024633101486169946,0.001453784934537512,0.0001332997378320457,-0.0006146694464874841,0.0023747867815873775,3.643839083332064e-6,-0.002161098764097867,-0.011640856456231242,-0.0044621985468732885,0.0030742135102775903,-0.005689138574792996,0.0019712375886494346,-0.000995078173373817,-0.0017494264641244317,0.01793572689362915,-0.002024983104219823,1.3089464898288594e-5,0.0004962372663753734,0.0005107753011874983,-0.0029563132119567893,-0.004684678919078405,0.002846914321970138,-0.0021211179072324377,-0.00033501152713139276,-0.005072832370066191,-0.005315919545575778,0.005502931674943238,0.0011180337291441533,0.0017552884189505598,0.001721077702176433,-0.006894545695900617,0.00566328014822217,0.0012897131674818286,0.002596875760841489,-0.002024983104219823,0.024998114156455038,0.0008216395282347074,0.00046037477742303084,-0.0018312905904975126,0.0021288865375567495,0.0053793995574022225,-0.004015987504859086,-0.00791964788356055,0.00226858373042134,-0.0016565107169304832,0.0013873865244327004,-0.005805284060265066,-0.0012466761648807889,-0.0026544969963949753,0.0022137785429923893,-0.002016355400141746,0.0060837897359981245,-0.0035200693654287153,0.0015584258472682794,1.3089464898288594e-5,0.0008216395282347074,0.016921673588175448,0.003446015802516878,0.003872321001656624,0.0009710095833124082,-0.0024601505911212218,-0.001415722672719283,0.0027258875414632303,-0.0015654209137076157,0.0020523013410938887,-0.0051867116175986485,0.0036772941341344546,0.004928216183584893,-0.0009005985805503679,-0.003699791761761744,-0.00013607552770446258,0.00379113939794705,-0.0008958655681934937,0.004052820506911362,0.0004962372663753734,0.00046037477742303084,0.003446015802516878,0.023315696616600066,-0.0038244688128666283,-0.000982036450714391,0.0016060515047491724,-0.0011313869128444672,0.006452995924206352,0.003618085908163842,0.0010187070981000355,-0.0036140939145639242,-0.0020052709928711433,-0.00032433171793358565,-0.00598653543613102,-0.004334504779065152,-0.002827762391387845,0.003770905163079907,0.002601081512893764,-0.006404549940351718,0.0005107753011874983,-0.0018312905904975126,0.003872321001656624,-0.0038244688128666283,0.024392194298264315,-0.0005029564042490327,-0.002310752605610662,0.004095653074814877,0.0054162010292955216,-0.0062884526733984255,0.008879680243654028,-0.003634851398485909,0.0021518423586974825,0.002410135344291787,0.0033880374620080915,-0.005385522287237611,0.0011983595305300999,-0.0007675672941152335,0.0038208161407377607,0.0034119041927989967,-0.0029563132119567893,0.0021288865375567495,0.0009710095833124082,-0.000982036450714391,-0.0005029564042490327,0.021462265504297338,0.0012548655462768113,0.0010112186395347766,-0.004528508658382325,-0.007312103067649826,-0.0012597008369055998,0.0023459112369620745,0.006749008100019842,-0.005720242408887046,0.001572649726014993,-0.004352124743432112,-0.00173668570542897,-0.00017379882164844011,-0.00010252165615006836,0.00024633101486169946,-0.004684678919078405,0.0053793995574022225,-0.0024601505911212218,0.0016060515047491724,-0.002310752605610662,0.0012548655462768113,0.023145954223416577,0.002190835718920129,0.00038786318624638497,0.0026369769374589057,-0.00368613773454476,0.00043705519749563985,-0.0032611970862454253,-8.266664421277916e-6,0.000284732029276208,0.005653955854726113,0.00384496111589918,-0.0015745867702248997,-0.0020685249509236666,0.001453784934537512,0.002846914321970138,-0.004015987504859086,-0.001415722672719283,-0.0011313869128444672,0.004095653074814877,0.0010112186395347766,0.002190835718920129,0.025919205029072214,0.005861380850447337,-0.006246977900633149,-0.0016608087166608664,-0.0028221651850670808,0.0019511127650513496,-0.002135676868752919,0.0021473815297587497,0.0005938357108158719,0.0011716700510640966,-0.00010342407982094067,-0.0022046135592121794,0.0001332997378320457,-0.0021211179072324377,-0.00791964788356055,0.0027258875414632303,0.006452995924206352,0.0054162010292955216,-0.004528508658382325,0.00038786318624638497,0.005861380850447337,0.019506354760643482,-0.0034302268140568217,-0.0002590946595679144,-0.0025681710010515627,0.0005416625760067215,0.0021988908062245153,-0.003354620266072213,-0.0006796175118845368,-0.004288353133284321,-6.949475492861163e-5,0.0028094284465728135,-0.0006146694464874841,-0.00033501152713139276,0.00226858373042134,-0.0015654209137076157,0.003618085908163842,-0.0062884526733984255,-0.007312103067649826,0.0026369769374589057,-0.006246977900633149,-0.0034302268140568217,0.03228110154300371,-0.0027157475588323026,2.582819627817992e-6,-0.00705007288545087,-0.0012287926287429176,-0.003768089820357098,0.0007783561847842821,-0.0021975828032551993,0.0007320233698428116,-0.0003413230906759916,0.0023747867815873775,-0.005072832370066191,-0.0016565107169304832,0.0020523013410938887,0.0010187070981000355,0.008879680243654028,-0.0012597008369055998,-0.00368613773454476,-0.0016608087166608664,-0.0002590946595679144,-0.0027157475588323026,0.01962831256324609,-0.0016016012150224953,-0.0006895529933188977,0.00407491230466618,-0.0010059677146893624,-0.0005909110845505831,-0.0009433026440777298,0.0021037850936227523,-0.001920881899429394,3.643839083332064e-6,-0.005315919545575778,0.0013873865244327004,-0.0051867116175986485,-0.0036140939145639242,-0.003634851398485909,0.0023459112369620745,0.00043705519749563985,-0.0028221651850670808,-0.0025681710010515627,2.582819627817992e-6,-0.0016016012150224953,0.022178820926193252,-0.001395411758849852,0.0019087429743634603,-0.0013015914187122786,0.006182991704084995,0.0012770281961261279,-0.0034019399421347657,0.00037992706980822713,-0.002161098764097867,0.005502931674943238,-0.005805284060265066,0.0036772941341344546,-0.0020052709928711433,0.0021518423586974825,0.006749008100019842,-0.0032611970862454253,0.0019511127650513496,0.0005416625760067215,-0.00705007288545087,-0.0006895529933188977,-0.001395411758849852,0.02573850821819592,-0.0015752379668480215,0.007880116409321418,-0.005566119812410047,-0.0019475948131585372,-9.85364244634649e-5,-0.003199190635529275,-0.011640856456231242,0.0011180337291441533,-0.0012466761648807889,0.004928216183584893,-0.00032433171793358565,0.002410135344291787,-0.005720242408887046,-8.266664421277916e-6,-0.002135676868752919,0.0021988908062245153,-0.0012287926287429176,0.00407491230466618,0.0019087429743634603,-0.0015752379668480215,0.025861943757135086,0.007820599646569722,0.00017351946312860474,0.0026766182406740384,-0.00988218080622278,-0.002218701064101096,-0.0044621985468732885,0.0017552884189505598,-0.0026544969963949753,-0.0009005985805503679,-0.00598653543613102,0.0033880374620080915,0.001572649726014993,0.000284732029276208,0.0021473815297587497,-0.003354620266072213,-0.003768089820357098,-0.0010059677146893624,-0.0013015914187122786,0.007880116409321418,0.007820599646569722,0.025214137508834517,-0.000639513856711109,0.004206795135043,0.0006930652805697717,0.0010384365212900075,0.0030742135102775903,0.001721077702176433,0.0022137785429923893,-0.003699791761761744,-0.004334504779065152,-0.005385522287237611,-0.004352124743432112,0.005653955854726113,0.0005938357108158719,-0.0006796175118845368,0.0007783561847842821,-0.0005909110845505831,0.006182991704084995,-0.005566119812410047,0.00017351946312860474,-0.000639513856711109,0.024630032981408204,0.001252218616728493,-0.0014974458338740605,0.0026161026589162986,-0.005689138574792996,-0.006894545695900617,-0.002016355400141746,-0.00013607552770446258,-0.002827762391387845,0.0011983595305300999,-0.00173668570542897,0.00384496111589918,0.0011716700510640966,-0.004288353133284321,-0.0021975828032551993,-0.0009433026440777298,0.0012770281961261279,-0.0019475948131585372,0.0026766182406740384,0.004206795135043,0.001252218616728493,0.017341466488336885
