0.05801016246284003,0.002126302502316299,0.012292678876750247,-0.017727368981061004,-0.003811269072412991,-0.019822537588594077,-0.003258271026525464,0.0036254022433803434,-0.026494568541973254,0.011815817701925448,0.013776686518636755,-0.01490738199377091,-0.012883970792352591,0.011179403074178612,-0.009463021850487616,-0.015156213154173242,-0.018658363140344254,0.016523772859866503,-0.03716177293811923,0.012113810194635899,0.002126302502316299,0.030869025508127104,0.005185093092625353,0.01441131770347227,-0.003979358420728567,-0.008942835602351585,-0.003915059971627479,0.003643108306886308,0.013686460598861363,-0.002720602046068082,0.01461028771098016,-0.008877524452099227,0.006367928394543653,-0.002787636153996259,0.010862419782017437,-0.004666116142436772,-0.0008429988471640886,0.00708514176197454,0.0073019776336463674,0.008577404734095982,0.012292678876750247,0.005185093092625353,0.06686824129463469,0.00011007298514614078,-0.008314589653003735,0.009016819103197089,-0.005246136154931736,-0.012033709260886994,-0.017079863319866724,-0.010442118983881345,0.026575187895113404,-0.018929590324095663,0.001705315649069304,-0.007388735322351573,0.002312759167062227,-0.0020639173921431593,-0.011956283351675832,0.020388006593067318,-0.02488580943239478,-0.008369182410196685,-0.017727368981061004,0.01441131770347227,0.00011007298514614078,0.05399920900294107,-0.005018911400018755,-0.008754810285847287,-0.006893195879476519,0.005343003456564329,0.012365636932148595,-0.014355069432499982,0.000723013854680784,0.003489705795371915,-0.0016172949106786213,-0.012669222120756479,0.01832751230059942,0.006046667899030805,0.01735174036073242,-0.004342177536477671,0.03638513628810111,-0.011168042802461522,-0.003811269072412991,-0.003979358420728567,-0.008314589653003735,-0.005018911400018755,0.03782179942251331,0.007183250652532867,0.0061841637255837575,-0.005584455534548597,0.012652603827140518,-0.002618106597199968,0.000981884013971463,-0.011542016599499785,0.012082204576053735,-0.0004993538314821046,-0.013240833063752505,-0.011105236551532637,-0.003557311930048461,0.002295031717990423,-0.007042400324461918,0.01788652937720498,-0.019822537588594077,-0.008942835602351585,0.009016819103197089,-0.008754810285847287,0.007183250652532867,0.04333670283733269,0.011308006448918398,-0.011491800288116983,0.0024829790214670024,-0.009144168974357488,-0.010754968534511931,0.01037890574461463,0.01883982969345641,0.0001843312823690655,-0.002993269332610801,0.003949799008838078,-0.0016430119394257301,-0.0007754571475272073,-0.0034483765866610123,-0.009813544766126236,-0.003258271026525464,-0.003915059971627479,-0.005246136154931736,-0.006893195879476519,0.0061841637255837575,0.011308006448918398,0.028807773410507224,-0.005581141378380824,-0.0030133691052283544,-0.007546289470338075,-0.005081344607234499,0.0008727812445352319,0.005182494842031381,-0.008586546177035812,-0.007855746680067183,-0.0013029781890882524,0.008011269573491795,-0.004298020553831666,-7.319436082064393e-5,0.0029999588957988947,0.0036254022433803434,0.003643108306886308,-0.012033709260886994,0.005343003456564329,-0.005584455534548597,-0.011491800288116983,-0.005581141378380824,0.030009501435721606,0.0037277504111672224,0.011249913852546969,-0.004369904292648012,0.006787995498099235,-0.01649875025183821,0.0027686779490116017,0.011175257661891319,-0.0014010472324689225,-0.0031436689984446417,-0.007621871295151482,0.01975744523787968,-0.002566299307479619,-0.026494568541973254,0.013686460598861363,-0.017079863319866724,0.012365636932148595,0.012652603827140518,0.0024829790214670024,-0.0030133691052283544,0.0037277504111672224,0.0550430247494804,-0.010444459759399803,0.002030553885745862,0.0031159814515351676,0.0045706390217712025,-0.02029266331462411,0.006883260034121312,-0.0005756203509760712,0.009662517884722534,-0.006969280716199414,0.04089449992161233,0.0032545061087412073,0.011815817701925448,-0.002720602046068082,-0.010442118983881345,-0.014355069432499982,-0.002618106597199968,-0.009144168974357488,-0.007546289470338075,0.011249913852546969,-0.010444459759399803,0.03579429630149308,-0.008854433554853724,0.00978151064638402,-0.013961522030355847,0.017001031946243375,0.0020739414938662788,0.0034006917213279045,-0.013097781868646598,0.004357388735473692,-0.004571774456893872,-0.00449926749914354,0.013776686518636755,0.01461028771098016,0.026575187895113404,0.000723013854680784,0.000981884013971463,-0.010754968534511931,-0.005081344607234499,-0.004369904292648012,0.002030553885745862,-0.008854433554853724,0.048459492782512464,-0.032323335497028365,0.00911108940002798,-0.012460083458523917,-0.005598265224348369,-0.011049147177219196,-0.003128495313242714,0.010834619247160351,-0.01592462841426107,0.024613041782039324,-0.01490738199377091,-0.008877524452099227,-0.018929590324095663,0.003489705795371915,-0.011542016599499785,0.01037890574461463,0.0008727812445352319,0.006787995498099235,0.0031159814515351676,0.00978151064638402,-0.032323335497028365,0.05528021720283546,-0.010393133475088683,0.016218171712794827,0.022195424208625827,0.018375514547412965,0.00484807626036051,-0.009829923977023928,0.015582064437996833,-0.03460854359166853,-0.012883970792352591,0.006367928394543653,0.001705315649069304,-0.0016172949106786213,0.012082204576053735,0.01883982969345641,0.005182494842031381,-0.01649875025183821,0.0045706390217712025,-0.013961522030355847,0.00911108940002798,-0.010393133475088683,0.04079799391981039,-0.00234475419011721,-0.0017833778449590006,-0.0018869675434794203,0.0010986243767856368,0.0034167278541446418,-0.007385688594593199,0.012067025338939516,0.011179403074178612,-0.002787636153996259,-0.007388735322351573,-0.012669222120756479,-0.0004993538314821046,0.0001843312823690655,-0.008586546177035812,0.0027686779490116017,-0.02029266331462411,0.017001031946243375,-0.012460083458523917,0.016218171712794827,-0.00234475419011721,0.04067949230923943,0.0072265490519651705,0.008040063701362836,-0.014194182951437992,-0.0011618599480776328,-0.020700231657141726,-0.009395637119410525,-0.009463021850487616,0.010862419782017437,0.002312759167062227,0.01832751230059942,-0.013240833063752505,-0.002993269332610801,-0.007855746680067183,0.011175257661891319,0.006883260034121312,0.0020739414938662788,-0.005598265224348369,0.022195424208625827,-0.0017833778449590006,0.0072265490519651705,0.053628413111874676,0.011950892456395391,-0.00161482479930555,0.01055328026516968,0.017941822257986885,-0.03217287374205234,-0.015156213154173242,-0.004666116142436772,-0.0020639173921431593,0.006046667899030805,-0.011105236551532637,0.003949799008838078,-0.0013029781890882524,-0.0014010472324689225,-0.0005756203509760712,0.0034006917213279045,-0.011049147177219196,0.018375514547412965,-0.0018869675434794203,0.008040063701362836,0.011950892456395391,0.030485497761881815,0.007152662528801543,-0.009842000280863787,0.007752379736837022,-0.01604141727074125,-0.018658363140344254,-0.0008429988471640886,-0.011956283351675832,0.01735174036073242,-0.003557311930048461,-0.0016430119394257301,0.008011269573491795,-0.0031436689984446417,0.009662517884722534,-0.013097781868646598,-0.003128495313242714,0.00484807626036051,0.0010986243767856368,-0.014194182951437992,-0.00161482479930555,0.007152662528801543,0.034301692843763096,-0.013730502460390412,0.024163479664311496,-0.006305279720956869,0.016523772859866503,0.00708514176197454,0.020388006593067318,-0.004342177536477671,0.002295031717990423,-0.0007754571475272073,-0.004298020553831666,-0.007621871295151482,-0.006969280716199414,0.004357388735473692,0.010834619247160351,-0.009829923977023928,0.0034167278541446418,-0.0011618599480776328,0.01055328026516968,-0.009842000280863787,-0.013730502460390412,0.045436121047655625,-0.017081990510699266,-0.014271804178896601,-0.03716177293811923,0.0073019776336463674,-0.02488580943239478,0.03638513628810111,-0.007042400324461918,-0.0034483765866610123,-7.319436082064393e-5,0.01975744523787968,0.04089449992161233,-0.004571774456893872,-0.01592462841426107,0.015582064437996833,-0.007385688594593199,-0.020700231657141726,0.017941822257986885,0.007752379736837022,0.024163479664311496,-0.017081990510699266,0.09124868126992558,-0.010186940489262997,0.012113810194635899,0.008577404734095982,-0.008369182410196685,-0.011168042802461522,0.01788652937720498,-0.009813544766126236,0.0029999588957988947,-0.002566299307479619,0.0032545061087412073,-0.00449926749914354,0.024613041782039324,-0.03460854359166853,0.012067025338939516,-0.009395637119410525,-0.03217287374205234,-0.01604141727074125,-0.006305279720956869,-0.014271804178896601,-0.010186940489262997,0.07365420498639781
0.1408450529914895,0.04797923623873722,-0.00837999981883723,0.09349458560067851,-0.05011231488034246,-0.07527526703638107,0.006344639439934863,-0.08329353348223935,-0.009487505017298573,0.02178556034614585,0.0320627295321764,-0.020823964376560263,-0.03752300342794528,-0.020377716026089506,0.04222240938118105,-0.050053273279346056,0.016016186977716465,0.07677215170454033,-0.03621022905885035,-0.03951486621915916,0.04797923623873722,0.07209624816966186,-0.027689339521324907,0.04786887794952666,-0.02119064356938774,-0.04067067998369303,0.002791712001173089,-0.02171037407566575,0.0063543378044358615,-0.012976833405058397,0.0057431461972750186,-0.009895125646258485,-0.01320848621594425,-0.0004378228734354834,0.01064068447835387,-0.01355788463900488,0.008578137972431694,0.029722506195606284,-0.016768713093323596,-0.01911065520988673,-0.00837999981883723,-0.027689339521324907,0.06031968536674932,-0.027916530377687255,0.0047525672546202356,0.01352081530161878,-0.014446353748093922,0.007462539511366516,-0.008815665795214062,0.016329781498478527,-0.006117261179185898,0.0027430534139216986,0.01032636564130748,-0.00542665256615273,0.003162848398662081,0.010207225412053478,-0.01135496256263707,-0.011352490964535118,0.005160520702376596,0.005802384011934138,0.09349458560067851,0.04786887794952666,-0.027916530377687255,0.10032158071816971,-0.04119418073901315,-0.055432147144321625,0.004016239706239759,-0.06461917474878096,-0.007683122354983396,0.007798499332908982,0.024753492171645596,-0.01577147461931093,-0.03866163772810896,-0.010720037673531297,0.028248089104186913,-0.028926487096360334,0.0132892597358641,0.05413951669417602,-0.026138850739539008,-0.02648992526783664,-0.05011231488034246,-0.02119064356938774,0.0047525672546202356,-0.04119418073901315,0.04403978276942819,0.03777712267928991,0.0005619773647740169,0.03573807407219571,0.001554322896392874,-0.007559431822544944,-0.011618974131343388,0.005371605050307837,0.024566361031360118,0.006648018464348893,-0.014274603009732151,0.013995907372407822,-0.007018561285172433,-0.029905437894134496,0.012550814202333657,0.0006756772412446528,-0.07527526703638107,-0.04067067998369303,0.01352081530161878,-0.055432147144321625,0.03777712267928991,0.08002528610611041,0.0019027685439117177,0.048782321859506116,-0.00803552275753937,-0.010687400870578203,-0.01612808599051826,0.009217436817405788,0.027193179576923986,0.009638484652563768,-0.01658832212516946,0.026538903567544486,-0.013907693860482344,-0.05297628510959568,0.017786014304255908,0.024290262614971084,0.006344639439934863,0.002791712001173089,-0.014446353748093922,0.004016239706239759,0.0005619773647740169,0.0019027685439117177,0.025475780597739604,-0.011209191410148023,0.0035704607215290493,-0.007145573974464602,0.00370429494377957,-0.007034468634750432,-0.0028582475156130474,0.0032706481339455375,0.0019163650184139027,-0.0013875443301560116,0.005553739638643916,0.0036748198738449397,-0.0043303059624404325,0.008527666849481877,-0.08329353348223935,-0.02171037407566575,0.007462539511366516,-0.06461917474878096,0.03573807407219571,0.048782321859506116,-0.011209191410148023,0.08402652886339966,0.011271073849450959,-0.019547605648427863,-0.028070154391687634,0.016499323182734754,0.02686213982024065,0.017176294629921283,-0.03700311686457271,0.034289789271376395,-0.017637823874345183,-0.057150534829343305,0.030290298224501917,0.010774594712841142,-0.009487505017298573,0.0063543378044358615,-0.008815665795214062,-0.007683122354983396,0.001554322896392874,-0.00803552275753937,0.0035704607215290493,0.011271073849450959,0.03309910701170255,-0.014572570375955848,-0.009421872260383539,0.0038216380689683077,0.0037140440393451405,0.005965094930611534,-0.012463296262182899,0.006565504138530985,0.002098143555478632,-0.005645157890091608,0.002630894725826679,-0.00303509253617515,0.02178556034614585,-0.012976833405058397,0.016329781498478527,0.007798499332908982,-0.007559431822544944,-0.010687400870578203,-0.007145573974464602,-0.019547605648427863,-0.014572570375955848,0.03433868960839418,0.009272569452229054,-0.00453049734316693,-0.008844043092659683,-0.010183952530467742,0.011926226422826057,-0.009005931120940358,-0.003163265836816128,0.015905209206187102,-0.001834902671450166,-0.0023676041006109503,0.0320627295321764,0.0057431461972750186,-0.006117261179185898,0.024753492171645596,-0.011618974131343388,-0.01612808599051826,0.00370429494377957,-0.028070154391687634,-0.009421872260383539,0.009272569452229054,0.029911878318433185,-0.00545310005451578,-0.015647021420097936,-0.006594890115788019,0.004788784680392068,-0.011075816980108726,0.0011546378073004095,0.021448754121791133,-0.0039889830617669516,-0.0007298912827510604,-0.020823964376560263,-0.009895125646258485,0.0027430534139216986,-0.01577147461931093,0.005371605050307837,0.009217436817405788,-0.007034468634750432,0.016499323182734754,0.0038216380689683077,-0.00453049734316693,-0.00545310005451578,0.02358223847338517,0.0033739055988236204,0.00268071814542907,-0.014837364824118977,0.007863875164659287,-0.012572295169268704,-0.015558872116033995,0.009202785400645577,0.005105986521178831,-0.03752300342794528,-0.01320848621594425,0.01032636564130748,-0.03866163772810896,0.024566361031360118,0.027193179576923986,-0.0028582475156130474,0.02686213982024065,0.0037140440393451405,-0.008844043092659683,-0.015647021420097936,0.0033739055988236204,0.03842273287319961,0.006393930051800889,-0.006474910293500521,0.015349619566330377,-0.002317835602291426,-0.028350062708630015,0.005224450536055125,0.0070699413330880465,-0.020377716026089506,-0.0004378228734354834,-0.00542665256615273,-0.010720037673531297,0.006648018464348893,0.009638484652563768,0.0032706481339455375,0.017176294629921283,0.005965094930611534,-0.010183952530467742,-0.006594890115788019,0.00268071814542907,0.006393930051800889,0.028097147082729895,-0.01079926103508054,0.007710383765786246,0.004312130862982307,-0.0024750563251707404,0.004225972122484698,-0.004043579856100325,0.04222240938118105,0.01064068447835387,0.003162848398662081,0.028248089104186913,-0.014274603009732151,-0.01658832212516946,0.0019163650184139027,-0.03700311686457271,-0.012463296262182899,0.011926226422826057,0.004788784680392068,-0.014837364824118977,-0.006474910293500521,-0.01079926103508054,0.048592900308379074,-0.013823761131223142,0.011589301005408016,0.024676916075725787,-0.025679234664892345,-0.006118375490735356,-0.050053273279346056,-0.01355788463900488,0.010207225412053478,-0.028926487096360334,0.013995907372407822,0.026538903567544486,-0.0013875443301560116,0.034289789271376395,0.006565504138530985,-0.009005931120940358,-0.011075816980108726,0.007863875164659287,0.015349619566330377,0.007710383765786246,-0.013823761131223142,0.04389329377765335,-0.012586194008897076,-0.03792895561669104,0.013620494477174023,0.008561813358622185,0.016016186977716465,0.008578137972431694,-0.01135496256263707,0.0132892597358641,-0.007018561285172433,-0.013907693860482344,0.005553739638643916,-0.017637823874345183,0.002098143555478632,-0.003163265836816128,0.0011546378073004095,-0.012572295169268704,-0.002317835602291426,0.004312130862982307,0.011589301005408016,-0.012586194008897076,0.04205421247161817,0.01897528815762193,-0.00868496905698098,0.0031415047525481035,0.07677215170454033,0.029722506195606284,-0.011352490964535118,0.05413951669417602,-0.029905437894134496,-0.05297628510959568,0.0036748198738449397,-0.057150534829343305,-0.005645157890091608,0.015905209206187102,0.021448754121791133,-0.015558872116033995,-0.028350062708630015,-0.0024750563251707404,0.024676916075725787,-0.03792895561669104,0.01897528815762193,0.0782961680172246,-0.026153577827022267,-0.01999363001860621,-0.03621022905885035,-0.016768713093323596,0.005160520702376596,-0.026138850739539008,0.012550814202333657,0.017786014304255908,-0.0043303059624404325,0.030290298224501917,0.002630894725826679,-0.001834902671450166,-0.0039889830617669516,0.009202785400645577,0.005224450536055125,0.004225972122484698,-0.025679234664892345,0.013620494477174023,-0.00868496905698098,-0.026153577827022267,0.032843041693112016,0.006490954221820836,-0.03951486621915916,-0.01911065520988673,0.005802384011934138,-0.02648992526783664,0.0006756772412446528,0.024290262614971084,0.008527666849481877,0.010774594712841142,-0.00303509253617515,-0.0023676041006109503,-0.0007298912827510604,0.005105986521178831,0.0070699413330880465,-0.004043579856100325,-0.006118375490735356,0.008561813358622185,0.0031415047525481035,-0.01999363001860621,0.006490954221820836,0.05586081112768019
0.054900717470904054,0.012851135284034648,0.003234467117387674,-0.009938369860561149,0.010801758792757918,-0.006802783858847217,0.0073728754677639275,-0.002075595339380212,-0.01110931831362473,0.01594073554961054,0.010103919899385073,-0.0004380401364887446,-0.008164770037098337,0.01782792020127906,-0.005565186355148789,0.0006861993466509503,-0.012137688446087104,-0.008577931548341407,-0.041452732012723884,0.018597176342923585,0.012851135284034648,0.048628709370661036,0.016359900662966054,0.008000685781932877,-0.005388663572584798,-0.024570115086103156,-0.0002925109485882307,0.003309731225671406,0.015010432659332482,0.010074879500945709,-0.007329952885431608,-0.008899840261468216,-0.002521126849917417,0.003788491081711565,0.004075271133206369,0.006266366989343349,-0.006202145404808844,0.002637407413681635,-0.010626398953314062,-0.01882895494828999,0.003234467117387674,0.016359900662966054,0.05517279419133629,0.0085830213614768,-0.03323257908203105,-0.01265641490771479,0.007782906204702728,-0.0017255985864986479,-0.022676715539336496,0.010803811530820828,0.006135959268956177,-0.019395941127517448,-0.01913392137889308,-0.0026771242866616193,0.007913166756969296,0.02485760230238989,0.02424863604091051,0.011206760992027866,0.021718477240802187,-0.013576612869935084,-0.009938369860561149,0.008000685781932877,0.0085830213614768,0.03750353523748785,-0.004393905881309413,-0.014114647414168327,-0.016127931377252734,0.005965550492059707,-0.00030096245404378575,0.008622548891003428,-0.004183819656522622,0.01068092675491138,-0.012345668594984479,0.0032809018695440615,0.007707165898450562,0.0002473913764590652,0.00011817611457758982,0.0035111498693996697,0.027139264163312877,-0.022391558071011432,0.010801758792757918,-0.005388663572584798,-0.03323257908203105,-0.004393905881309413,0.07626564431436544,-0.0014739689650006185,-0.023580995364130507,-0.003239478882234554,0.03152120296263393,-0.016258934577896143,-0.004608080708100934,-0.021326248191929534,0.044274378983589116,-0.0060228927792772835,-0.03398246520521234,-0.03257478319676553,-0.041317166911198695,-0.016283916249583127,-0.03547960397334832,0.04103481649282523,-0.006802783858847217,-0.024570115086103156,-0.01265641490771479,-0.014114647414168327,-0.0014739689650006185,0.05836786396325491,0.019247122386873067,-0.010013591227688004,0.0021617679310220192,-0.009510142974932589,-0.0006325497680567697,0.006300209644939762,0.011595282319605167,-0.013611775882210457,-0.0017104006387125552,0.0003312632559425671,0.02564134635351952,-0.0016535914310631485,0.013589090697926676,0.009832140199850773,0.0073728754677639275,-0.0002925109485882307,0.007782906204702728,-0.016127931377252734,-0.023580995364130507,0.019247122386873067,0.04659539095732205,-0.008974369693382962,-0.01270414992593036,-0.001000491971041015,0.011316840839890482,-0.0061183339986726655,-0.008055681109714802,-0.004429470988360927,0.01268477540775742,0.01406830080477196,0.029871611031009687,-0.0007398640295728552,0.0019348213311612128,-0.002589068770345748,-0.002075595339380212,0.003309731225671406,-0.0017255985864986479,0.005965550492059707,-0.003239478882234554,-0.010013591227688004,-0.008974369693382962,0.027739465649793058,-0.002657667200130102,0.011467738017896694,-0.009094337584598992,0.018989470272844595,-0.0037094367884700137,0.006202086819386521,-0.0053861163607216555,-0.008275779481991142,-0.013721984063639264,5.3302118563306985e-5,0.00859615871498965,-0.015183345558545645,-0.01110931831362473,0.015010432659332482,-0.022676715539336496,-0.00030096245404378575,0.03152120296263393,0.0021617679310220192,-0.01270414992593036,-0.002657667200130102,0.05750060281682831,-0.03056454770541369,0.0002070765630440975,-0.004180332634645461,0.02371948423876099,-0.022429783549566235,-0.006358587848399598,-0.022829472323911762,-0.015316417249020678,-0.002461874478047259,-0.0033942047899142526,0.0072956202982762935,0.01594073554961054,0.010074879500945709,0.010803811530820828,0.008622548891003428,-0.016258934577896143,-0.009510142974932589,-0.001000491971041015,0.011467738017896694,-0.03056454770541369,0.07998623972769553,-0.007945115002428898,0.01092609981837608,-0.03496068744593865,0.03911517163181282,0.00926898445029482,0.026876987604733244,-0.0022590088015909922,0.0027770779405575548,0.015470070297631802,-0.03888891301538634,0.010103919899385073,-0.007329952885431608,0.006135959268956177,-0.004183819656522622,-0.004608080708100934,-0.0006325497680567697,0.011316840839890482,-0.009094337584598992,0.0002070765630440975,-0.007945115002428898,0.0521569454569411,-0.007705548782724188,-0.029601413682812626,0.00893576555798493,0.020052106516122065,-0.00038391753028325275,0.00597200053938176,0.014312910421013847,-0.008966373558420764,0.02011884642746422,-0.0004380401364887446,-0.008899840261468216,-0.019395941127517448,0.01068092675491138,-0.021326248191929534,0.006300209644939762,-0.0061183339986726655,0.018989470272844595,-0.004180332634645461,0.01092609981837608,-0.007705548782724188,0.09098486854165239,-0.02595480351224708,0.02349493074231266,0.022081710981518614,-0.009520416456582529,-0.00376609998764005,0.0031541866304703476,0.010543663329889968,-0.03689874394688525,-0.008164770037098337,-0.002521126849917417,-0.01913392137889308,-0.012345668594984479,0.044274378983589116,0.011595282319605167,-0.008055681109714802,-0.0037094367884700137,0.02371948423876099,-0.03496068744593865,-0.029601413682812626,-0.02595480351224708,0.08145205513635041,-0.0351121156556046,-0.04675742846083217,-0.02479559253619147,-0.017025934492711503,-0.022575225418909446,-0.01648493160358277,0.025763915816886952,0.01782792020127906,0.003788491081711565,-0.0026771242866616193,0.0032809018695440615,-0.0060228927792772835,-0.013611775882210457,-0.004429470988360927,0.006202086819386521,-0.022429783549566235,0.03911517163181282,0.00893576555798493,0.02349493074231266,-0.0351121156556046,0.050055735408172354,0.019460119604024946,0.011861643852521041,-0.016445721652596727,0.007596256093800081,-0.0133418658706813,-0.02002331107353113,-0.005565186355148789,0.004075271133206369,0.007913166756969296,0.007707165898450562,-0.03398246520521234,-0.0017104006387125552,0.01268477540775742,-0.0053861163607216555,-0.006358587848399598,0.00926898445029482,0.020052106516122065,0.022081710981518614,-0.04675742846083217,0.019460119604024946,0.05254265418118827,0.015831793597513938,0.01299826961897371,0.022157566275113984,0.009836865296997037,-0.029089865742574442,0.0006861993466509503,0.006266366989343349,0.02485760230238989,0.0002473913764590652,-0.03257478319676553,0.0003312632559425671,0.01406830080477196,-0.008275779481991142,-0.022829472323911762,0.026876987604733244,-0.00038391753028325275,-0.009520416456582529,-0.02479559253619147,0.011861643852521041,0.015831793597513938,0.0473539421921654,0.028960318106807957,0.006343689866068963,0.016515422248105156,-0.016743643600169313,-0.012137688446087104,-0.006202145404808844,0.02424863604091051,0.00011817611457758982,-0.041317166911198695,0.02564134635351952,0.029871611031009687,-0.013721984063639264,-0.015316417249020678,-0.0022590088015909922,0.00597200053938176,-0.00376609998764005,-0.017025934492711503,-0.016445721652596727,0.01299826961897371,0.028960318106807957,0.07238243235349812,-0.003536299842834049,0.045159013031721595,-0.004221138789712822,-0.008577931548341407,0.002637407413681635,0.011206760992027866,0.0035111498693996697,-0.016283916249583127,-0.0016535914310631485,-0.0007398640295728552,5.3302118563306985e-5,-0.002461874478047259,0.0027770779405575548,0.014312910421013847,0.0031541866304703476,-0.022575225418909446,0.007596256093800081,0.022157566275113984,0.006343689866068963,-0.003536299842834049,0.027857576026918553,0.002144325163587511,-0.016162969770700232,-0.041452732012723884,-0.010626398953314062,0.021718477240802187,0.027139264163312877,-0.03547960397334832,0.013589090697926676,0.0019348213311612128,0.00859615871498965,-0.0033942047899142526,0.015470070297631802,-0.008966373558420764,0.010543663329889968,-0.01648493160358277,-0.0133418658706813,0.009836865296997037,0.016515422248105156,0.045159013031721595,0.002144325163587511,0.0960895059237223,-0.031970725501673944,0.018597176342923585,-0.01882895494828999,-0.013576612869935084,-0.022391558071011432,0.04103481649282523,0.009832140199850773,-0.002589068770345748,-0.015183345558545645,0.0072956202982762935,-0.03888891301538634,0.02011884642746422,-0.03689874394688525,0.025763915816886952,-0.02002331107353113,-0.029089865742574442,-0.016743643600169313,-0.004221138789712822,-0.016162969770700232,-0.031970725501673944,0.09171462496764021
