0.01904865172171189,-0.0028623243549265476,0.0021622586500440405,0.0019236370891706528,-0.007537768595286912,-0.006468301962434321,-0.0039911210561252184,0.0033452584568399273,-0.0049091431760842595,0.0032599616208456497,-0.0014620749807041573,0.0003776525427231941,0.0051849351197141786,-0.0011653664118934158,-0.0012406038503257845,0.008374769472939188,0.008433787334597688,4.921765154610876e-5,0.0028411274570118014,-0.011875486200090987,-0.0028623243549265476,0.01612107784370569,-0.00015097071264886982,-0.003136093270075969,0.006033858585436257,0.002775098065937628,-0.0033971597203477882,-0.0035577363444316583,-0.0036603559328554774,-0.008619329175693281,0.0029335365050418556,0.0056198720481507,0.0017235665216705342,0.009116600244335301,0.0037349398657466064,0.007373395206808169,-0.0033379692339365876,-0.009758892817309812,-0.0018656307127456707,0.007368408619263238,0.0021622586500440405,-0.00015097071264886982,0.01714459957810207,0.006034785631146452,-0.001780720999985283,0.003985881115532167,-0.018041831126364316,-0.010107728443762223,-0.0006175352259931375,0.0057106955602292606,0.0004071061300113827,0.005618651375940627,-0.010323138216474303,-0.0027737177531006463,0.0021169740822689674,0.0005360714425020765,0.002826663626058567,-0.0004898001862539199,0.005942464879192855,0.002120395282650435,0.0019236370891706528,-0.003136093270075969,0.006034785631146452,0.01115552432886913,-0.0026250679302933623,0.0010216817528719065,-0.007451661518468256,-0.0004652715865493236,0.004503444055087595,0.003060587181459993,-0.00400615757311846,0.0033158529672343193,0.003073606048989829,-0.0023533913448511913,-0.0024642460370650167,-0.005228289464504375,0.0009529164779622335,0.005590341583336578,0.0005418069967038806,0.006705883150705703,-0.007537768595286912,0.006033858585436257,-0.001780720999985283,-0.0026250679302933623,0.009467682499908247,0.00037937409884759453,8.08845432417164e-5,-0.0031377598687032005,0.006684653894264515,-0.00472326373366685,-0.0005426305160094885,-0.0012744007537276866,0.0010913352140648098,0.0032525375123874482,0.005363082122446955,-0.00037006976893854,-0.005563216165588213,-0.0034107450914636975,-0.0014396294183325728,0.010776704228615475,-0.006468301962434321,0.002775098065937628,0.003985881115532167,0.0010216817528719065,0.00037937409884759453,0.015055984672388022,-0.0036596933190010663,-0.00021369684379284244,-0.005665793109171292,-0.004777189368371323,0.002457495941032917,0.007408544708820955,-0.015158193835349328,0.0014058738430441221,0.003495986107286151,-0.0036845540236073856,0.0005701196216312307,0.007242420171865797,-0.008271272039195685,0.008623992893099501,-0.0039911210561252184,-0.0033971597203477882,-0.018041831126364316,-0.007451661518468256,8.08845432417164e-5,-0.0036596933190010663,0.021353569896847228,0.011053679183265712,-0.0006056540691403876,-0.0038082538213971744,0.0002215214167324268,-0.007092261697108737,0.008021882626455194,0.0008444743618184893,-0.004222471872957253,-0.0028242262691322182,-0.0025304619864470563,0.001822239141584951,-0.005360601798642716,-0.0056726391271919524,0.0033452584568399273,-0.0035577363444316583,-0.010107728443762223,-0.0004652715865493236,-0.0031377598687032005,-0.00021369684379284244,0.011053679183265712,0.012433916382693717,-0.0041291109231110954,-0.002546140559052947,-0.002902335112890359,-0.0008581148945472946,0.005361494176368241,4.000663595614233e-5,-0.0073280753815325225,-0.0018275330408114336,0.0030619138110654248,0.004695605377652059,-0.004252693743222718,-0.003243509996438746,-0.0049091431760842595,-0.0036603559328554774,-0.0006175352259931375,0.004503444055087595,0.006684653894264515,-0.005665793109171292,-0.0006056540691403876,-0.0041291109231110954,0.01821893064820334,0.0015492015590372527,-0.003814715809798877,-0.006313265779037055,0.007743858902536815,-0.0033873886163428555,0.006624118612811878,-0.005961891422464109,-0.007116711615474955,0.003073504881314309,5.39092198794445e-5,0.012023708057355965,0.0032599616208456497,-0.008619329175693281,0.0057106955602292606,0.003060587181459993,-0.00472326373366685,-0.004777189368371323,-0.0038082538213971744,-0.002546140559052947,0.0015492015590372527,0.008996194873214514,-0.0013854484584720174,-0.0026817287298472933,-0.000248837818159505,-0.0060530148686536046,-0.004139013141349063,-0.002199160275372019,0.0024573890318086325,0.0006134107503332788,0.0073140941848420776,-0.00759781119636829,-0.0014620749807041573,0.0029335365050418556,0.0004071061300113827,-0.00400615757311846,-0.0005426305160094885,0.002457495941032917,0.0002215214167324268,-0.002902335112890359,-0.003814715809798877,-0.0013854484584720174,0.00507540057614631,0.0008829526988994368,-0.005160740238638429,0.001354460298206143,0.003937912993920066,0.0033184800130646153,-0.0008797719808002291,-0.0021108842205145133,-0.0014207722521742791,-0.003035874132857097,0.0003776525427231941,0.0056198720481507,0.005618651375940627,0.0033158529672343193,-0.0012744007537276866,0.007408544708820955,-0.007092261697108737,-0.0008581148945472946,-0.006313265779037055,-0.0026817287298472933,0.0008829526988994368,0.008312606201110205,-0.005693268151318104,0.0030877665060313453,-0.0006220598148802684,0.0011736265194234948,0.002104151571946318,0.0002608304419176921,-0.001843692327151522,0.003907464041885534,0.0051849351197141786,0.0017235665216705342,-0.010323138216474303,0.003073606048989829,0.0010913352140648098,-0.015158193835349328,0.008021882626455194,0.005361494176368241,0.007743858902536815,-0.000248837818159505,-0.005160740238638429,-0.005693268151318104,0.02572949177466806,0.002786591582931172,-0.006532946830638715,0.0015231698652461096,-0.0027956317443481203,-0.006550643591995961,0.004241000097066743,-0.0012497752049172306,-0.0011653664118934158,0.009116600244335301,-0.0027737177531006463,-0.0023533913448511913,0.0032525375123874482,0.0014058738430441221,0.0008444743618184893,4.000663595614233e-5,-0.0033873886163428555,-0.0060530148686536046,0.001354460298206143,0.0030877665060313453,0.002786591582931172,0.006983422140389232,0.0012052432447450074,0.0037301056698099463,-0.00100416386502801,-0.004886243222710581,-0.0020517533155281565,0.0025760425981418357,-0.0012406038503257845,0.0037349398657466064,0.0021169740822689674,-0.0024642460370650167,0.005363082122446955,0.003495986107286151,-0.004222471872957253,-0.0073280753815325225,0.006624118612811878,-0.004139013141349063,0.003937912993920066,-0.0006220598148802684,-0.006532946830638715,0.0012052432447450074,0.01682441007992903,0.003032027841568098,-0.0039692906715595435,0.002860868397329575,-0.00658901365870377,0.00782842643051565,0.008374769472939188,0.007373395206808169,0.0005360714425020765,-0.005228289464504375,-0.00037006976893854,-0.0036845540236073856,-0.0028242262691322182,-0.0018275330408114336,-0.005961891422464109,-0.002199160275372019,0.0033184800130646153,0.0011736265194234948,0.0015231698652461096,0.0037301056698099463,0.003032027841568098,0.01186299819854795,0.0021483869715961676,-0.008592658321796249,0.0022836764112027595,-0.00691212190248703,0.008433787334597688,-0.0033379692339365876,0.002826663626058567,0.0009529164779622335,-0.005563216165588213,0.0005701196216312307,-0.0025304619864470563,0.0030619138110654248,-0.007116711615474955,0.0024573890318086325,-0.0008797719808002291,0.002104151571946318,-0.0027956317443481203,-0.00100416386502801,-0.0039692906715595435,0.0021483869715961676,0.007185372221046734,0.0019460655158647345,0.001588898898238184,-0.008068360760452073,4.921765154610876e-5,-0.009758892817309812,-0.0004898001862539199,0.005590341583336578,-0.0034107450914636975,0.007242420171865797,0.001822239141584951,0.004695605377652059,0.003073504881314309,0.0006134107503332788,-0.0021108842205145133,0.0002608304419176921,-0.006550643591995961,-0.004886243222710581,0.002860868397329575,-0.008592658321796249,0.0019460655158647345,0.01605340921931985,-0.00855378524343596,0.00494032546121306,0.0028411274570118014,-0.0018656307127456707,0.005942464879192855,0.0005418069967038806,-0.0014396294183325728,-0.008271272039195685,-0.005360601798642716,-0.004252693743222718,5.39092198794445e-5,0.0073140941848420776,-0.0014207722521742791,-0.001843692327151522,0.004241000097066743,-0.0020517533155281565,-0.00658901365870377,0.0022836764112027595,0.001588898898238184,-0.00855378524343596,0.012509115810712144,-0.008232258455215392,-0.011875486200090987,0.007368408619263238,0.002120395282650435,0.006705883150705703,0.010776704228615475,0.008623992893099501,-0.0056726391271919524,-0.003243509996438746,0.012023708057355965,-0.00759781119636829,-0.003035874132857097,0.003907464041885534,-0.0012497752049172306,0.0025760425981418357,0.00782842643051565,-0.00691212190248703,-0.008068360760452073,0.00494032546121306,-0.008232258455215392,0.027624971729560306
0.011196698685031262,-0.0023296892074077024,0.0015899224750301967,0.005364289271860339,0.004018808089147934,-0.0018333693350049299,0.005249848648473339,-0.00038933645080083243,0.0015801529504536427,-0.0006474495345745422,-0.004248976183906112,-0.007435241250481613,0.0005786393439586083,0.004252081437466132,0.0013945883365111805,0.005338172185258544,0.0024911507849622793,-0.0015820784165238965,9.629064885159546e-5,-0.0012845428564148727,-0.0023296892074077024,0.007800492357134934,-3.5068667155739586e-5,0.004316382380554245,0.0010119574045564718,0.00755736921845448,-0.00027323748661376844,-0.002757246934822768,0.002431301779975766,0.0032377242810850537,-0.0010096186760853798,-0.0008262553128209957,-0.0031474444468082338,-0.0023134215503050233,-0.0011878064933581733,0.0011054020897946493,0.0023550225686386796,0.0010343115690943636,-0.005453636031045454,-0.0014893469945090982,0.0015899224750301967,-3.5068667155739586e-5,0.005069753098636068,-0.0010447305229357561,0.0023716707337156045,0.003805448445385669,-0.001494895188189242,0.005967889109005441,0.0021663795122374894,0.0038557813916021326,-0.0004016949003052006,0.0010924313166166804,-0.0005877104635903274,0.0012611520182290975,0.0008725918933401084,0.0035083068301254485,0.0008682239547981537,-0.0047810255512594595,0.003502280434810528,0.0003342204904454479,0.005364289271860339,0.004316382380554245,-0.0010447305229357561,0.023866193927497864,0.006513750072193184,0.0037597419242404256,0.008937902891305577,-0.010222357250947079,0.002637693507706467,-0.00087069596198604,-0.0017177196634627055,0.006331787297076224,-0.003024357045359807,0.00019170486113076436,0.0013396644355627497,0.0074258409029636235,0.003384553004506666,0.004970918684292472,-0.002185351007468907,-0.001805166776741288,0.004018808089147934,0.0010119574045564718,0.0023716707337156045,0.006513750072193184,0.006280598612236508,0.003995072903920918,0.0013991459600815263,0.0020058642206592513,-0.0012874073371321702,-0.002585663631759535,-0.00045058226647054993,0.00011401776482502694,0.0013258776875318063,0.0013290369489119816,0.0035566885074415104,0.0043111978489394544,-0.000218295532385507,0.00022461554473383937,-0.0011696836736757497,0.001125689168107068,-0.0018333693350049299,0.00755736921845448,0.003805448445385669,0.0037597419242404256,0.003995072903920918,0.01316317336352641,-0.0018829581448456846,0.001417102230075531,0.0011516876659396348,0.005067821866880636,-0.003005076762843668,0.000386132078731824,-0.003210149808637119,-0.0034148302799906632,0.0017740697904094801,0.0032593406050071784,0.004953905330178815,-0.003384823316010115,-0.0029691424044103465,-0.002012030933102442,0.005249848648473339,-0.00027323748661376844,-0.001494895188189242,0.008937902891305577,0.0013991459600815263,-0.0018829581448456846,0.010559876417711635,-0.0049785681044446205,0.002638233504098624,0.0039145870647986514,-0.0029211905595736168,-0.0046736273576691075,-0.005966948735382064,-0.001305386864258385,0.0011789074025237937,0.0020944798135366996,0.001911852271309231,0.0006200172630250742,-0.00037361594440781204,-0.007176642546477995,-0.00038933645080083243,-0.002757246934822768,0.005967889109005441,-0.010222357250947079,0.0020058642206592513,0.001417102230075531,-0.0049785681044446205,0.016041058841918473,0.00045539430103705696,0.0023071186883118202,0.00526274878859875,-0.0001633822214995445,0.0008467903398341804,0.002538686423996071,0.0029585127165048398,0.0024513212127182846,-0.005177775314839005,-0.005368456349808718,0.0038648542012627947,0.002162476372888392,0.0015801529504536427,0.002431301779975766,0.0021663795122374894,0.002637693507706467,-0.0012874073371321702,0.0011516876659396348,0.002638233504098624,0.00045539430103705696,0.010189033456512661,0.011162241796979458,0.0008070461086104619,0.0020052340397457404,-0.0077966671836358775,0.0007696399180408243,-0.003763640422347918,0.004448752011519204,0.002401760040655926,-0.0035058376732594832,0.0042555250805433945,-0.002904538175722657,-0.0006474495345745422,0.0032377242810850537,0.0038557813916021326,-0.00087069596198604,-0.002585663631759535,0.005067821866880636,0.0039145870647986514,0.0023071186883118202,0.011162241796979458,0.019834212463182094,-0.0015800594903939407,0.0005598824407283501,-0.014286709065005176,-0.004288738909644216,-0.0021026892428669167,0.0034330934368554606,0.006835104972099774,-0.009086635270983839,0.006623068768649815,-0.009353540219210636,-0.004248976183906112,-0.0010096186760853798,-0.0004016949003052006,-0.0017177196634627055,-0.00045058226647054993,-0.003005076762843668,-0.0029211905595736168,0.00526274878859875,0.0008070461086104619,-0.0015800594903939407,0.00909302951862602,0.008055990604702183,0.000619477005510149,0.0015989781673381893,-3.5233279674333605e-5,0.0004425507052689773,-0.006693325878857308,0.002721030560619292,0.0019104482125362578,0.004063772770837321,-0.007435241250481613,-0.0008262553128209957,0.0010924313166166804,0.006331787297076224,0.00011401776482502694,0.000386132078731824,-0.0046736273576691075,-0.0001633822214995445,0.0020052340397457404,0.0005598824407283501,0.008055990604702183,0.02291797851228196,0.00020381021309747198,-0.00031724508807645484,-0.0010537720770782788,0.002267084973027751,-0.001643073482245928,0.0012107811272660995,0.008964029318040611,0.006224740995208634,0.0005786393439586083,-0.0031474444468082338,-0.0005877104635903274,-0.003024357045359807,0.0013258776875318063,-0.003210149808637119,-0.005966948735382064,0.0008467903398341804,-0.0077966671836358775,-0.014286709065005176,0.000619477005510149,0.00020381021309747198,0.013352368553063897,0.005034785182611192,0.00021481323783979078,-0.0021531999559989425,-0.004498659974929611,0.004287398346661228,-0.0028393502144356273,0.009268469595518703,0.004252081437466132,-0.0023134215503050233,0.0012611520182290975,0.00019170486113076436,0.0013290369489119816,-0.0034148302799906632,-0.001305386864258385,0.002538686423996071,0.0007696399180408243,-0.004288738909644216,0.0015989781673381893,-0.00031724508807645484,0.005034785182611192,0.00605884933804334,-0.0013250681163326098,0.0028541967920449776,-0.002876110420160319,0.001029626503698219,0.0007618717241295016,0.004835038745189832,0.0013945883365111805,-0.0011878064933581733,0.0008725918933401084,0.0013396644355627497,0.0035566885074415104,0.0017740697904094801,0.0011789074025237937,0.0029585127165048398,-0.003763640422347918,-0.0021026892428669167,-3.5233279674333605e-5,-0.0010537720770782788,0.00021481323783979078,-0.0013250681163326098,0.005029181417092006,0.0009165275192632365,-0.00032081616459249445,-0.0005409000791534147,-0.0006521422995251461,-0.0012185472210024257,0.005338172185258544,0.0011054020897946493,0.0035083068301254485,0.0074258409029636235,0.0043111978489394544,0.0032593406050071784,0.0020944798135366996,0.0024513212127182846,0.004448752011519204,0.0034330934368554606,0.0004425507052689773,0.002267084973027751,-0.0021531999559989425,0.0028541967920449776,0.0009165275192632365,0.00759614923345191,0.0018273595429773766,-0.0022776454845659638,0.0022309420049149552,1.1009503451823825e-5,0.0024911507849622793,0.0023550225686386796,0.0008682239547981537,0.003384553004506666,-0.000218295532385507,0.004953905330178815,0.001911852271309231,-0.005177775314839005,0.002401760040655926,0.006835104972099774,-0.006693325878857308,-0.001643073482245928,-0.004498659974929611,-0.002876110420160319,-0.00032081616459249445,0.0018273595429773766,0.009708559689616966,-0.004704638538583688,0.0011445531970750286,-0.004735667729265895,-0.0015820784165238965,0.0010343115690943636,-0.0047810255512594595,0.004970918684292472,0.00022461554473383937,-0.003384823316010115,0.0006200172630250742,-0.005368456349808718,-0.0035058376732594832,-0.009086635270983839,0.002721030560619292,0.0012107811272660995,0.004287398346661228,0.001029626503698219,-0.0005409000791534147,-0.0022776454845659638,-0.004704638538583688,0.00855346323157587,-0.005810702822579592,0.003535850502490583,9.629064885159546e-5,-0.005453636031045454,0.003502280434810528,-0.002185351007468907,-0.0011696836736757497,-0.0029691424044103465,-0.00037361594440781204,0.0038648542012627947,0.0042555250805433945,0.006623068768649815,0.0019104482125362578,0.008964029318040611,-0.0028393502144356273,0.0007618717241295016,-0.0006521422995251461,0.0022309420049149552,0.0011445531970750286,-0.005810702822579592,0.01201778732772103,0.0002357988037672577,-0.0012845428564148727,-0.0014893469945090982,0.0003342204904454479,-0.001805166776741288,0.001125689168107068,-0.002012030933102442,-0.007176642546477995,0.002162476372888392,-0.002904538175722657,-0.009353540219210636,0.004063772770837321,0.006224740995208634,0.009268469595518703,0.004835038745189832,-0.0012185472210024257,1.1009503451823825e-5,-0.004735667729265895,0.003535850502490583,0.0002357988037672577,0.010116338432942441
