0.012802722251840511,0.003012520088012692,-0.0030712575563730193,-0.00039059720598254625,0.001932899412173773,0.0008877195644187298,0.003854723743191981,-0.00218054265843241,7.435301264403713e-5,0.0010626211782614903,0.0039490306162258924,-0.0015937240027857882,0.001031166629929144,0.0013346220247654754,0.0027520843346411318,-0.0019396535451034203,0.0027348499109829468,-0.001477789925586102,-0.0016147178290918049,0.0010119025656775522,0.003012520088012692,0.018559665591057265,0.0006256140432927167,0.0017122856062703122,0.002098269721051282,-0.003371728949063931,-0.0008657643625280054,-0.0014216676822690047,-0.002754251842634612,0.003059233780943685,0.001529019603729478,0.0022399578353807783,-0.002759648271426699,-0.008872678902953146,-0.0018381349173255943,-0.0005464522413879415,0.001495765332655345,-0.0007266504519379522,0.0016433041638525899,0.0035721444980519887,-0.0030712575563730193,0.0006256140432927167,0.01516474560140555,0.0020907184390138553,0.004357683912996088,-0.0003769883604418672,-0.004055460682651741,-0.001220852105277859,0.004338988799556296,-0.0003567707657647992,-1.4410517090644245e-5,0.001874028175124279,0.0015155921155543257,-0.0011465102946816384,-0.0029272495879469913,-0.0009633158612832929,0.004084287924839005,0.00025859353968581437,0.0046527949075950165,-0.0019151190041837222,-0.00039059720598254625,0.0017122856062703122,0.0020907184390138553,0.01925652112492918,0.005428069770885001,-0.0016616874843837014,-0.002191355365023748,0.0024077811371313157,0.0035014230271848226,0.00236956018196993,-0.00279700621211295,0.0011490605380014775,0.002979309093503491,-0.005446210982970402,-0.0031097911887888203,-0.008125994137379553,0.004072251099077324,0.0001069194557690732,0.004551296834580873,-0.006655053646933454,0.001932899412173773,0.002098269721051282,0.004357683912996088,0.005428069770885001,0.01567453704236884,-0.0030564741672706288,-0.0032717770194166385,0.007718746350633425,-0.003482052884140549,0.0006494432821880392,-0.003693733066886801,0.0008227632305274971,0.002466486269591407,-0.003710468039546672,0.002426166895065662,-0.009451972700408496,0.005111326868096384,-0.004518306111676074,-0.00084334811493671,-0.001245209200128825,0.0008877195644187298,-0.003371728949063931,-0.0003769883604418672,-0.0016616874843837014,-0.0030564741672706288,0.013136238229211117,0.00047930468031205295,-0.003423075060621509,0.0038351823404211985,-0.001450851209172063,-0.0014135136092279638,-0.0023938154575608786,-0.001441204680803227,-0.002320948717337214,-0.003329525038966849,0.004875028208475123,-0.0002962371457686538,0.00886164223942201,0.005506319648865006,-0.006467856953704233,0.003854723743191981,-0.0008657643625280054,-0.004055460682651741,-0.002191355365023748,-0.0032717770194166385,0.00047930468031205295,0.01625532879492311,-0.0026341829687145405,0.004162921118067528,0.002936093393454851,0.002623232812132255,-0.0015480465915572311,-0.0008586359297450196,0.006901148473609396,0.00199805329315507,0.00042979849591765813,-0.0005251900567846057,-0.0014723685948554964,-0.000110466664948013,0.00036204122722154736,-0.00218054265843241,-0.0014216676822690047,-0.001220852105277859,0.0024077811371313157,0.007718746350633425,-0.003423075060621509,-0.0026341829687145405,0.0235049977894613,-0.00639321078236639,0.0009154327438195939,-0.0018651604330541859,-0.0003168200775713477,0.00426112435070179,0.002905451473766289,0.004695804720067566,0.0017729480739733475,0.0033107048932653573,-0.0037579954003052144,-0.005918821521032776,-0.0022147775172141893,7.435301264403713e-5,-0.002754251842634612,0.004338988799556296,0.0035014230271848226,-0.003482052884140549,0.0038351823404211985,0.004162921118067528,-0.00639321078236639,0.029618784643416794,0.0011530740591778172,-0.001281830841959626,0.0018979859207637734,0.0003180950497693456,0.003666707296710834,-0.005789251524349899,-0.008272902395933115,0.00010708630858683905,0.0010136800112688926,0.005972827446975696,-0.002090097357183236,0.0010626211782614903,0.003059233780943685,-0.0003567707657647992,0.00236956018196993,0.0006494432821880392,-0.001450851209172063,0.002936093393454851,0.0009154327438195939,0.0011530740591778172,0.015871066579421188,0.0028772877699623084,-0.000425037514744238,-0.0011430457287187655,0.00019033331912581152,0.0029721061362488576,-0.0016513553657253514,0.0009908318284441108,-0.004382550621666601,0.0029855976067565725,0.004114123352734403,0.0039490306162258924,0.001529019603729478,-1.4410517090644245e-5,-0.00279700621211295,-0.003693733066886801,-0.0014135136092279638,0.002623232812132255,-0.0018651604330541859,-0.001281830841959626,0.0028772877699623084,0.014533580072937027,0.0009859626612671302,-0.004198333393671062,-0.0011081095070028973,0.0007206123003994371,0.004867617998263545,-0.005294127485868896,-0.001744872926674939,-0.0034583841266107042,0.0063784293814326785,-0.0015937240027857882,0.0022399578353807783,0.001874028175124279,0.0011490605380014775,0.0008227632305274971,-0.0023938154575608786,-0.0015480465915572311,-0.0003168200775713477,0.0018979859207637734,-0.000425037514744238,0.0009859626612671302,0.01251034297704896,0.002384080135266998,-0.0028088584310140435,-0.00044045901634835527,-0.0026237279991692094,-0.0015861132631677446,0.0007135966188809213,-0.0035831864660598413,0.0009175057383279371,0.001031166629929144,-0.002759648271426699,0.0015155921155543257,0.002979309093503491,0.002466486269591407,-0.001441204680803227,-0.0008586359297450196,0.00426112435070179,0.0003180950497693456,-0.0011430457287187655,-0.004198333393671062,0.002384080135266998,0.015606085709426024,0.0009869214768670862,0.0007570476913672265,-0.005897406089868853,0.0020133580548066013,-0.0025458551197788844,0.00047354144570019947,0.0008364821995051929,0.0013346220247654754,-0.008872678902953146,-0.0011465102946816384,-0.005446210982970402,-0.003710468039546672,-0.002320948717337214,0.006901148473609396,0.002905451473766289,0.003666707296710834,0.00019033331912581152,-0.0011081095070028973,-0.0028088584310140435,0.0009869214768670862,0.022856215093406417,0.0016727318617660472,0.002704979578645714,-0.003502558630886908,0.0014904806072242255,-0.002178902737378244,-0.0012200986141785095,0.0027520843346411318,-0.0018381349173255943,-0.0029272495879469913,-0.0031097911887888203,0.002426166895065662,-0.003329525038966849,0.00199805329315507,0.004695804720067566,-0.005789251524349899,0.0029721061362488576,0.0007206123003994371,-0.00044045901634835527,0.0007570476913672265,0.0016727318617660472,0.017814167009814412,0.0026142000911252555,0.0030764135632822412,-0.002584184309005935,-0.0016161752784622841,0.003817334068486846,-0.0019396535451034203,-0.0005464522413879415,-0.0009633158612832929,-0.008125994137379553,-0.009451972700408496,0.004875028208475123,0.00042979849591765813,0.0017729480739733475,-0.008272902395933115,-0.0016513553657253514,0.004867617998263545,-0.0026237279991692094,-0.005897406089868853,0.002704979578645714,0.0026142000911252555,0.026369770635930625,-0.009778906403299906,0.003475055310927738,-0.005012508836303423,0.0012808366867211674,0.0027348499109829468,0.001495765332655345,0.004084287924839005,0.004072251099077324,0.005111326868096384,-0.0002962371457686538,-0.0005251900567846057,0.0033107048932653573,0.00010708630858683905,0.0009908318284441108,-0.005294127485868896,-0.0015861132631677446,0.0020133580548066013,-0.003502558630886908,0.0030764135632822412,-0.009778906403299906,0.02002064372207493,-0.0012002830854414997,0.005318269966120214,-0.007587898719181767,-0.001477789925586102,-0.0007266504519379522,0.00025859353968581437,0.0001069194557690732,-0.004518306111676074,0.00886164223942201,-0.0014723685948554964,-0.0037579954003052144,0.0010136800112688926,-0.004382550621666601,-0.001744872926674939,0.0007135966188809213,-0.0025458551197788844,0.0014904806072242255,-0.002584184309005935,0.003475055310927738,-0.0012002830854414997,0.020025638634020845,0.009521724567885087,-0.004407087282553825,-0.0016147178290918049,0.0016433041638525899,0.0046527949075950165,0.004551296834580873,-0.00084334811493671,0.005506319648865006,-0.000110466664948013,-0.005918821521032776,0.005972827446975696,0.0029855976067565725,-0.0034583841266107042,-0.0035831864660598413,0.00047354144570019947,-0.002178902737378244,-0.0016161752784622841,-0.005012508836303423,0.005318269966120214,0.009521724567885087,0.02636685423841401,-0.012507530739015591,0.0010119025656775522,0.0035721444980519887,-0.0019151190041837222,-0.006655053646933454,-0.001245209200128825,-0.006467856953704233,0.00036204122722154736,-0.0022147775172141893,-0.002090097357183236,0.004114123352734403,0.0063784293814326785,0.0009175057383279371,0.0008364821995051929,-0.0012200986141785095,0.003817334068486846,0.0012808366867211674,-0.007587898719181767,-0.004407087282553825,-0.012507530739015591,0.02083858611439313
