0.048592583096039185,0.016462055761240504,0.0011741611612083034,-0.005401569304593124,0.018727748849645624,-0.006658061154083807,0.01771213399426716,-0.013028067595754823,0.0013127333207014506,0.023021785764514257,0.00864627454967324,-0.016926030217791717,0.025168381916316034,-0.002588980163475647,0.016153825912912555,-0.013783337376165628,0.011402777628028406,-0.006914811798033155,0.01234738813095965,0.010726356459411251,0.016462055761240504,0.022036533034542276,0.001739087018478829,0.007780007030424072,0.012010076947983608,0.002463951143801211,0.005632947435767149,-0.0016445327094877565,0.008486579396914521,0.009735192745542073,0.005671169535529959,-0.005759775800236958,0.014433916840543924,-3.840409277736188e-5,0.008962806163564044,0.000668685319433429,0.00529043421174479,0.0030265682261818774,0.00346501935443047,0.009237637821672733,0.0011741611612083034,0.001739087018478829,0.025071632089629904,0.0008639577387303157,-0.00047383509908946616,-0.005639331857814555,0.0091413655848642,0.002567417472802164,0.00093510845862952,0.0016498058888353637,0.003638092461924449,-0.002306774136367322,-0.0025142285245506207,-0.00357876450481918,0.003959746172093491,-0.0023734998273706627,-0.009008385343255999,-0.0006316992076418905,0.004423542746570398,0.0007359098073902967,-0.005401569304593124,0.007780007030424072,0.0008639577387303157,0.03608631407567202,0.0035361753822134192,0.014835753795126,0.004361581934098556,0.002133335912723821,0.006261479626196236,0.0007692356266050205,0.012281823452438577,0.0046889788492001086,-0.0031494472294161862,-0.00014434134656916625,0.008611932440542619,0.012122501695738684,0.002449388045508833,0.005039354446294993,0.0009514609671111218,-0.002832057352492959,0.018727748849645624,0.012010076947983608,-0.00047383509908946616,0.0035361753822134192,0.0386213979621442,-0.007115751865078824,0.007029656147016529,-0.0014999705784035015,0.0011956845668992843,0.017283607661119284,0.0018431108041689877,-0.017957293625437618,0.01705560530065742,-0.007712697465327323,0.010165234697392191,-0.010444390952104782,0.0038094906106043588,-0.008394980064340092,0.012205904740866724,0.004431104930940689,-0.006658061154083807,0.002463951143801211,-0.005639331857814555,0.014835753795126,-0.007115751865078824,0.03877200848768572,-0.007365031264376227,0.010701064950129084,0.013268099035532518,-0.012483950808126362,0.009254554945277643,0.016685012565386483,-0.002969278376195947,0.014475126135952893,-0.006193963559340356,0.02359542723877061,0.003976093577647038,0.017119440907561782,-0.010795626632924937,-0.003460951315248699,0.01771213399426716,0.005632947435767149,0.0091413655848642,0.004361581934098556,0.007029656147016529,-0.007365031264376227,0.0341275012938398,0.00040526716725519836,0.00048760483611956425,0.015909625317469932,0.009403095572000222,-0.0070187055825944155,0.0060068160990953065,-0.003876870486435262,0.009048302235026735,-0.0022073129848913936,0.005782375987320574,-0.0018018980124026897,0.00907186961338697,0.008868984016312725,-0.013028067595754823,-0.0016445327094877565,0.002567417472802164,0.002133335912723821,-0.0014999705784035015,0.010701064950129084,0.00040526716725519836,0.03007995994933554,0.005990269189204477,-0.005900846103899234,0.0022602023224081442,0.007709012603114959,-0.009394775661311548,0.005818197672790969,-0.009878871368776906,0.01223698900274617,-0.0015340097041221927,0.010176809473554291,-0.0027716516738304662,-0.0008154287223347564,0.0013127333207014506,0.008486579396914521,0.00093510845862952,0.006261479626196236,0.0011956845668992843,0.013268099035532518,0.00048760483611956425,0.005990269189204477,0.02641623619285665,-0.0015770142044435062,0.006249402197038062,-0.0016267169842491467,-0.002427940086938157,0.005180276542291166,-0.00047025876670996313,0.01024839455378649,-0.001869458791109252,0.011977234791430603,-0.009073974062484202,-0.001839510748217596,0.023021785764514257,0.009735192745542073,0.0016498058888353637,0.0007692356266050205,0.017283607661119284,-0.012483950808126362,0.015909625317469932,-0.005900846103899234,-0.0015770142044435062,0.03428059584410974,0.006207620986228943,-0.01245193991114114,0.017172922395833665,-0.009441123327703308,0.015506214595748373,-0.00970553848922674,0.008005472027345712,-0.0056211411336442385,0.015709146364436332,0.010260441055477191,0.00864627454967324,0.005671169535529959,0.003638092461924449,0.012281823452438577,0.0018431108041689877,0.009254554945277643,0.009403095572000222,0.0022602023224081442,0.006249402197038062,0.006207620986228943,0.03292843225032753,0.005982849976327686,0.0010834320816989563,0.002412002547114169,0.005825465736024245,0.008819761057966707,0.006389803651266122,0.003807615467370995,0.00449493825786168,0.0017561853149743432,-0.016926030217791717,-0.005759775800236958,-0.002306774136367322,0.0046889788492001086,-0.017957293625437618,0.016685012565386483,-0.0070187055825944155,0.007709012603114959,-0.0016267169842491467,-0.01245193991114114,0.005982849976327686,0.03221396361845023,-0.014471982862499087,0.009826195440254093,-0.0065160227900084525,0.01371714720213009,0.0026379729286928975,0.010184258557815365,-0.0036807474400028005,-0.010177040696323681,0.025168381916316034,0.014433916840543924,-0.0025142285245506207,-0.0031494472294161862,0.01705560530065742,-0.002969278376195947,0.0060068160990953065,-0.009394775661311548,-0.002427940086938157,0.017172922395833665,0.0010834320816989563,-0.014471982862499087,0.03817857882916037,-0.00595504301288678,0.01581361087092981,-0.007114358639794776,0.00797132110363868,-0.0041939737123008036,0.006885581746329303,0.007613934153670912,-0.002588980163475647,-3.840409277736188e-5,-0.00357876450481918,-0.00014434134656916625,-0.007712697465327323,0.014475126135952893,-0.003876870486435262,0.005818197672790969,0.005180276542291166,-0.009441123327703308,0.002412002547114169,0.009826195440254093,-0.00595504301288678,0.026078245999955167,-0.005683646992924974,0.009226188131761041,0.002640948077725956,0.010060718551375835,-0.009098297853498447,-0.005093947025798412,0.016153825912912555,0.008962806163564044,0.003959746172093491,0.008611932440542619,0.010165234697392191,-0.006193963559340356,0.009048302235026735,-0.009878871368776906,-0.00047025876670996313,0.015506214595748373,0.005825465736024245,-0.0065160227900084525,0.01581361087092981,-0.005683646992924974,0.029429596337877215,-0.008721069097040101,0.009869854429457335,-0.0055561920948133114,0.01376312684746053,0.00528802691936326,-0.013783337376165628,0.000668685319433429,-0.0023734998273706627,0.012122501695738684,-0.010444390952104782,0.02359542723877061,-0.0022073129848913936,0.01223698900274617,0.01024839455378649,-0.00970553848922674,0.008819761057966707,0.01371714720213009,-0.007114358639794776,0.009226188131761041,-0.008721069097040101,0.04016975608548984,-0.0024339527252815627,0.016517274433903616,-0.009946464389243442,-0.006336540287650852,0.011402777628028406,0.00529043421174479,-0.009008385343255999,0.002449388045508833,0.0038094906106043588,0.003976093577647038,0.005782375987320574,-0.0015340097041221927,-0.001869458791109252,0.008005472027345712,0.006389803651266122,0.0026379729286928975,0.00797132110363868,0.002640948077725956,0.009869854429457335,-0.0024339527252815627,0.03405954605711556,0.0016623144648691393,0.007957883538495046,0.003045938415175856,-0.006914811798033155,0.0030265682261818774,-0.0006316992076418905,0.005039354446294993,-0.008394980064340092,0.017119440907561782,-0.0018018980124026897,0.010176809473554291,0.011977234791430603,-0.0056211411336442385,0.003807615467370995,0.010184258557815365,-0.0041939737123008036,0.010060718551375835,-0.0055561920948133114,0.016517274433903616,0.0016623144648691393,0.036410776392366305,-0.006893143116701793,-0.0005343969808776757,0.01234738813095965,0.00346501935443047,0.004423542746570398,0.0009514609671111218,0.012205904740866724,-0.010795626632924937,0.00907186961338697,-0.0027716516738304662,-0.009073974062484202,0.015709146364436332,0.00449493825786168,-0.0036807474400028005,0.006885581746329303,-0.009098297853498447,0.01376312684746053,-0.009946464389243442,0.007957883538495046,-0.006893143116701793,0.035418609838966233,0.005323516758522398,0.010726356459411251,0.009237637821672733,0.0007359098073902967,-0.002832057352492959,0.004431104930940689,-0.003460951315248699,0.008868984016312725,-0.0008154287223347564,-0.001839510748217596,0.010260441055477191,0.0017561853149743432,-0.010177040696323681,0.007613934153670912,-0.005093947025798412,0.00528802691936326,-0.006336540287650852,0.003045938415175856,-0.0005343969808776757,0.005323516758522398,0.018524935732375583
0.01723145803660457,0.005009066004586324,0.006466041126723666,0.004261423526798107,-0.00034771732522470604,0.003500147259812816,0.0010451663708633985,0.0013877503606362948,0.00047701044380133107,-0.005645700726427812,-0.0007866285431339995,0.007476519687102831,-0.007599661698590662,-0.002097613623902184,0.007631255244114923,-0.005488432183898435,0.0003650930145494751,-8.48909629010767e-5,-0.006232275371321091,-0.0041418674462119515,0.005009066004586324,0.023905811406587568,0.0020281890388198064,-0.009019584891975095,-0.010217431793906655,-0.0005189436873070954,0.00603354244769979,0.0016208676945599532,0.0007565667412538911,-0.0028917406328960414,0.0007552296710671561,0.0011163889210479019,-0.01994708202401458,-0.00474440101337802,-0.0007421710923112433,-0.009139176050836566,-8.115650937518025e-6,-0.004404201842953004,0.0016517582555333503,0.0036467816427580967,0.006466041126723666,0.0020281890388198064,0.03638265014730309,0.0068565457482884585,0.005309834386158236,-0.004425944673427022,0.008257824740868886,0.004520095237091195,-0.0017455820595178076,-0.006892352583537341,-0.003929645777762674,0.00048494451176921247,-0.0026600767411635064,-0.01159697700689264,-0.007789720270963691,0.003923728650531174,-0.0052696488544961475,-0.010528200388071347,0.010085070129468611,-0.009212175157346934,0.004261423526798107,-0.009019584891975095,0.0068565457482884585,0.026414962822982595,0.0014919288612063393,-0.0019943581893709494,-0.0028175341347022064,0.0007426148954212141,-0.0005434897237410227,-0.0010752642432078235,-0.0021916970330817594,0.002527431694796669,0.019133945822237916,0.0018024168200060208,-0.012560175617608731,0.010467724125065584,-0.005080356224982274,0.005079156983143476,-0.0027399026466145286,-0.01377475016520045,-0.00034771732522470604,-0.010217431793906655,0.005309834386158236,0.0014919288612063393,0.039731892753805426,-0.004701655967354227,0.013341101769773905,0.019934664383283847,-0.004058726086794055,-0.007806482293079177,-0.006018003037899766,-0.004514590643508193,0.005393909649357898,-0.0018530260936191118,-0.001490885538994288,0.01259049088627268,0.008375260759982902,-0.004927072338944022,-0.0014155522175387887,-0.0028716809866870373,0.003500147259812816,-0.0005189436873070954,-0.004425944673427022,-0.0019943581893709494,-0.004701655967354227,0.022322377517241945,-9.81192504967925e-6,-0.008700189366245916,-0.000761115863752075,0.007288785399924487,0.0016013024672291505,-0.003349769090289459,0.003941847361303507,0.0033786238205609134,-0.00012094547773859062,-0.0067607658860166925,0.0009592643689471447,0.006772314561272488,0.001595207942664257,-0.004817342797746286,0.0010451663708633985,0.00603354244769979,0.008257824740868886,-0.0028175341347022064,0.013341101769773905,-9.81192504967925e-6,0.05625019684414711,0.01086552502510078,-0.010672894144899206,-0.01122291266275318,-0.006168800028308044,0.011589534175097357,-0.012264748943358123,-0.009416235172166236,-0.004473304399255046,-0.0028176194739343435,0.021280549700656848,-0.012515782260852093,-0.00010044288541891799,-0.0034893074710523175,0.0013877503606362948,0.0016208676945599532,0.004520095237091195,0.0007426148954212141,0.019934664383283847,-0.008700189366245916,0.01086552502510078,0.05444079965173687,-0.006507611653487598,-0.021275115267941378,-0.007996916115513637,-0.003995040777153286,-0.002650014650411225,0.007156257844792831,-0.006715264151760143,0.018984024101607266,0.007317925651160565,-0.021375204448072456,0.0018016453815252256,0.00721300015683655,0.00047701044380133107,0.0007565667412538911,-0.0017455820595178076,-0.0005434897237410227,-0.004058726086794055,-0.000761115863752075,-0.010672894144899206,-0.006507611653487598,0.02393152321206644,0.0003745795254709737,0.005099411007830636,0.005255215693319715,-0.005156435809652178,-0.008572813368473053,0.0031649394306359985,0.0016644545315067948,-0.0066293790414671955,0.0017293166420373094,-0.003733713154486799,0.003170932128539145,-0.005645700726427812,-0.0028917406328960414,-0.006892352583537341,-0.0010752642432078235,-0.007806482293079177,0.007288785399924487,-0.01122291266275318,-0.021275115267941378,0.0003745795254709737,0.03179104557891723,0.002876298018938209,-0.013076937026295768,0.011529709471002497,0.00908472454613182,-0.0003396505452704109,-0.008130355339308955,-0.0031782717438141386,0.015769647045973945,0.007431187825350266,-0.004487467132632822,-0.0007866285431339995,0.0007552296710671561,-0.003929645777762674,-0.0021916970330817594,-0.006018003037899766,0.0016013024672291505,-0.006168800028308044,-0.007996916115513637,0.005099411007830636,0.002876298018938209,0.024675912290264005,0.01145442080674192,-0.00030647550054681337,0.0012955321068697187,-0.007422538861241593,-0.005880483416606115,-0.010541459440691436,-0.001434960224512173,-0.006304723529816271,0.00571161808202361,0.007476519687102831,0.0011163889210479019,0.00048494451176921247,0.002527431694796669,-0.004514590643508193,-0.003349769090289459,0.011589534175097357,-0.003995040777153286,0.005255215693319715,-0.013076937026295768,0.01145442080674192,0.03545494608140689,-0.01072303244844512,-0.013987396365199483,-0.0030068471172115187,-0.006534036056728745,-0.0012715768954740054,-0.008775932863939406,-0.010885589378068595,0.0026476760973233437,-0.007599661698590662,-0.01994708202401458,-0.0026600767411635064,0.019133945822237916,0.005393909649357898,0.003941847361303507,-0.012264748943358123,-0.002650014650411225,-0.005156435809652178,0.011529709471002497,-0.00030647550054681337,-0.01072303244844512,0.05884210136302469,0.022094697044082314,-0.012556096659882747,0.016981037783593514,-0.00989991454059368,0.011767349396172522,-0.006454034673271812,-0.009866962557248466,-0.002097613623902184,-0.00474440101337802,-0.01159697700689264,0.0018024168200060208,-0.0018530260936191118,0.0033786238205609134,-0.009416235172166236,0.007156257844792831,-0.008572813368473053,0.00908472454613182,0.0012955321068697187,-0.013987396365199483,0.022094697044082314,0.04203016220577012,-0.00033074703618831563,0.008491676806170807,-0.007529624673178237,0.010445439218434795,-0.0021177382042790933,0.001285424753098987,0.007631255244114923,-0.0007421710923112433,-0.007789720270963691,-0.012560175617608731,-0.001490885538994288,-0.00012094547773859062,-0.004473304399255046,-0.006715264151760143,0.0031649394306359985,-0.0003396505452704109,-0.007422538861241593,-0.0030068471172115187,-0.012556096659882747,-0.00033074703618831563,0.04213785790118848,-0.008756322412153138,0.013443076156413672,0.013783544381798516,0.0019660834014394095,-0.0006485336155474731,-0.005488432183898435,-0.009139176050836566,0.003923728650531174,0.010467724125065584,0.01259049088627268,-0.0067607658860166925,-0.0028176194739343435,0.018984024101607266,0.0016644545315067948,-0.008130355339308955,-0.005880483416606115,-0.006534036056728745,0.016981037783593514,0.008491676806170807,-0.008756322412153138,0.03478652835067605,-0.005081608479160393,-0.002603761892713069,-0.0025743785966683918,0.0025029235016353923,0.0003650930145494751,-8.115650937518025e-6,-0.0052696488544961475,-0.005080356224982274,0.008375260759982902,0.0009592643689471447,0.021280549700656848,0.007317925651160565,-0.0066293790414671955,-0.0031782717438141386,-0.010541459440691436,-0.0012715768954740054,-0.00989991454059368,-0.007529624673178237,0.013443076156413672,-0.005081608479160393,0.03411064896928437,-0.0005283154595475098,0.0043818659076702415,-0.0007573573833311866,-8.48909629010767e-5,-0.004404201842953004,-0.010528200388071347,0.005079156983143476,-0.004927072338944022,0.006772314561272488,-0.012515782260852093,-0.021375204448072456,0.0017293166420373094,0.015769647045973945,-0.001434960224512173,-0.008775932863939406,0.011767349396172522,0.010445439218434795,0.013783544381798516,-0.002603761892713069,-0.0005283154595475098,0.0403456209363937,-0.003614384232841439,-0.006157338944662561,-0.006232275371321091,0.0016517582555333503,0.010085070129468611,-0.0027399026466145286,-0.0014155522175387887,0.001595207942664257,-0.00010044288541891799,0.0018016453815252256,-0.003733713154486799,0.007431187825350266,-0.006304723529816271,-0.010885589378068595,-0.006454034673271812,-0.0021177382042790933,0.0019660834014394095,-0.0025743785966683918,0.0043818659076702415,-0.003614384232841439,0.032644427388376134,-0.0046471196878183595,-0.0041418674462119515,0.0036467816427580967,-0.009212175157346934,-0.01377475016520045,-0.0028716809866870373,-0.004817342797746286,-0.0034893074710523175,0.00721300015683655,0.003170932128539145,-0.004487467132632822,0.00571161808202361,0.0026476760973233437,-0.009866962557248466,0.001285424753098987,-0.0006485336155474731,0.0025029235016353923,-0.0007573573833311866,-0.006157338944662561,-0.0046471196878183595,0.028312860424783506
0.022781265994393035,0.006124553047804144,0.008506229621281747,0.005740911722029802,0.008851652558379238,0.010466333600244258,0.001488439315018163,0.016936352315083465,-0.0043034312786702986,0.00264215399587196,0.004811591556891004,0.004699225416780759,-0.02031980140224668,-0.006136516079773533,-0.006411603675412965,-0.008386933258548397,0.001663331216379096,-0.009863376611449717,-0.0009848561842377042,-0.007215761384716188,0.006124553047804144,0.03138164796498013,0.008094427764569593,-0.003207456720281887,0.008887674646083085,-0.0027912135570615326,0.001047597689562367,0.01277575043289822,0.006978648883030956,0.011046080179077409,-0.0075433718833641025,-0.016029534258701475,-0.003470204375700764,-0.012477444424380753,-0.02071289013832253,-0.017791915744891522,0.004218299666087118,-0.017018439990501618,0.015213626257247639,0.0006570265105943819,0.008506229621281747,0.008094427764569593,0.027050590600163425,-0.0004808424204568965,0.006390298070155689,0.0017216541307229034,0.006305087025751078,7.299799767020556e-5,0.00553994413393788,0.006583061493878264,-0.002457333906709906,-0.0102239400385633,-0.002859682840310119,-0.007014993087973849,-0.0153876048307247,-0.01290008174327201,-2.362180341141675e-5,-0.017505301120372463,0.0009604730225979648,-0.006797462553389788,0.005740911722029802,-0.003207456720281887,-0.0004808424204568965,0.020429536545633606,-0.0038221257266232884,0.002007650145204643,4.663821262689666e-5,0.008677625990176055,-0.006057922442821291,-0.016009703380325542,-0.004492820766572064,0.0012851627273811697,-0.006089279202731921,-0.003152727629914705,-0.009188153853924203,0.006646909598484761,0.00011847559516127448,0.0012107152820134718,0.00406639483542114,-0.005672533864882241,0.008851652558379238,0.008887674646083085,0.006390298070155689,-0.0038221257266232884,0.02248465975688365,0.004045673280121632,0.007964184212002418,0.007101647530792704,0.0021656042691024836,0.012776928853941105,0.0018161423529334622,-0.005346119203121733,-0.012108158152843393,-0.011714754373339598,-0.009601643385003827,-0.011876594852491037,0.00481034498503809,-0.004965452661356735,-0.003248439032096091,-0.0058852084064906045,0.010466333600244258,-0.0027912135570615326,0.0017216541307229034,0.002007650145204643,0.004045673280121632,0.019275477178511167,0.0006685082852727038,-0.0006997433408943029,-0.0012354349349784875,0.002631535979522362,0.002603520293413164,0.007073863339753739,-0.00916139602170751,-0.0007977398576827113,-0.0018631817874935077,0.0010803280838912177,0.00012129042083983395,0.005068224301967441,-0.0010379281214499395,-0.010019990040524613,0.001488439315018163,0.001047597689562367,0.006305087025751078,4.663821262689666e-5,0.007964184212002418,0.0006685082852727038,0.02594586006830003,-0.0019478050208212774,-0.0005237214139654254,0.005705322896095931,0.0007636594922673871,-0.014689189375066884,-0.005818852158487712,0.00043947377718890813,-0.011281203343127013,-0.01602791804779745,-0.0028455277928800013,-0.005703387335538801,-0.0027818202318016425,0.0013116735296124812,0.016936352315083465,0.01277575043289822,7.299799767020556e-5,0.008677625990176055,0.007101647530792704,-0.0006997433408943029,-0.0019478050208212774,0.054482604742690156,-0.004207039670176684,-0.007667498873371981,0.005864930967999047,0.001292884772972197,-0.02995913828378014,-0.01224201512597433,-0.013742288493886581,-0.007453349172852867,0.006506062341931418,-0.01844394466578844,0.0062627066255568475,-0.0012377766756556528,-0.0043034312786702986,0.006978648883030956,0.00553994413393788,-0.006057922442821291,0.0021656042691024836,-0.0012354349349784875,-0.0005237214139654254,-0.004207039670176684,0.033532333482113895,0.010320671026503993,-0.006336791356723168,-0.0048578628901111386,0.011459264553922618,-2.0883426686076415e-5,-0.00721540886726867,0.003394302363115451,-0.006743585690157927,-0.008320050930814227,-0.006270009684269162,0.004423080613518107,0.00264215399587196,0.011046080179077409,0.006583061493878264,-0.016009703380325542,0.012776928853941105,0.002631535979522362,0.005705322896095931,-0.007667498873371981,0.010320671026503993,0.05191105781701874,0.004012793245740493,-0.010094959891607837,-0.005878104381544085,-0.003077449696704148,-0.006473725641960051,-0.01364479145741169,0.0033690069004648974,-0.008293428556483491,2.0781902170205718e-5,-0.008220596523868431,0.004811591556891004,-0.0075433718833641025,-0.002457333906709906,-0.004492820766572064,0.0018161423529334622,0.002603520293413164,0.0007636594922673871,0.005864930967999047,-0.006336791356723168,0.004012793245740493,0.02517290456589257,0.007340202296428537,-0.009129991744758068,0.00858860720737336,0.005078686287365004,0.00016526138742396714,-0.0027014391116317177,-0.0005291276398537296,-0.007490107265753384,0.0040303311934649436,0.004699225416780759,-0.016029534258701475,-0.0102239400385633,0.0012851627273811697,-0.005346119203121733,0.007073863339753739,-0.014689189375066884,0.001292884772972197,-0.0048578628901111386,-0.010094959891607837,0.007340202296428537,0.04827995259789453,-0.0015568156531366724,-0.0008661450296289662,0.022282659038713685,0.020852614343859408,-0.00421882057132961,0.013411422315596928,-0.005004738311610885,-0.011632235481833599,-0.02031980140224668,-0.003470204375700764,-0.002859682840310119,-0.006089279202731921,-0.012108158152843393,-0.00916139602170751,-0.005818852158487712,-0.02995913828378014,0.011459264553922618,-0.005878104381544085,-0.009129991744758068,-0.0015568156531366724,0.07082355573945619,0.011409489107261507,0.007423882673809223,0.005720886812135282,0.0006924403798482476,0.009717429190538928,-0.007106536244594997,0.016154512388965633,-0.006136516079773533,-0.012477444424380753,-0.007014993087973849,-0.003152727629914705,-0.011714754373339598,-0.0007977398576827113,0.00043947377718890813,-0.01224201512597433,-2.0883426686076415e-5,-0.003077449696704148,0.00858860720737336,-0.0008661450296289662,0.011409489107261507,0.03457821131917684,0.0089301981178114,0.006996236759806221,-0.005913827573636345,0.012401702583367985,-0.0061697268562225386,0.00954719174709904,-0.006411603675412965,-0.02071289013832253,-0.0153876048307247,-0.009188153853924203,-0.009601643385003827,-0.0018631817874935077,-0.011281203343127013,-0.013742288493886581,-0.00721540886726867,-0.006473725641960051,0.005078686287365004,0.022282659038713685,0.007423882673809223,0.0089301981178114,0.048502831475713826,0.017646550708101394,-0.003122556200910267,0.02381095098280698,-0.0038354983612808187,0.0006355041336997774,-0.008386933258548397,-0.017791915744891522,-0.01290008174327201,0.006646909598484761,-0.011876594852491037,0.0010803280838912177,-0.01602791804779745,-0.007453349172852867,0.003394302363115451,-0.01364479145741169,0.00016526138742396714,0.020852614343859408,0.005720886812135282,0.006996236759806221,0.017646550708101394,0.054693532092098644,-0.005484413685359683,0.023286441449022685,-0.011913921475971413,0.00266325414274183,0.001663331216379096,0.004218299666087118,-2.362180341141675e-5,0.00011847559516127448,0.00481034498503809,0.00012129042083983395,-0.0028455277928800013,0.006506062341931418,-0.006743585690157927,0.0033690069004648974,-0.0027014391116317177,-0.00421882057132961,0.0006924403798482476,-0.005913827573636345,-0.003122556200910267,-0.005484413685359683,0.033499587380667495,-0.0013740227801868122,0.002854661280245643,-0.0023431148029029983,-0.009863376611449717,-0.017018439990501618,-0.017505301120372463,0.0012107152820134718,-0.004965452661356735,0.005068224301967441,-0.005703387335538801,-0.01844394466578844,-0.008320050930814227,-0.008293428556483491,-0.0005291276398537296,0.013411422315596928,0.009717429190538928,0.012401702583367985,0.02381095098280698,0.023286441449022685,-0.0013740227801868122,0.04514305837757814,-0.0038016869232131434,0.005084644458907973,-0.0009848561842377042,0.015213626257247639,0.0009604730225979648,0.00406639483542114,-0.003248439032096091,-0.0010379281214499395,-0.0027818202318016425,0.0062627066255568475,-0.006270009684269162,2.0781902170205718e-5,-0.007490107265753384,-0.005004738311610885,-0.007106536244594997,-0.0061697268562225386,-0.0038354983612808187,-0.011913921475971413,0.002854661280245643,-0.0038016869232131434,0.035835356286297027,-0.0063209841071498706,-0.007215761384716188,0.0006570265105943819,-0.006797462553389788,-0.005672533864882241,-0.0058852084064906045,-0.010019990040524613,0.0013116735296124812,-0.0012377766756556528,0.004423080613518107,-0.008220596523868431,0.0040303311934649436,-0.011632235481833599,0.016154512388965633,0.00954719174709904,0.0006355041336997774,0.00266325414274183,-0.0023431148029029983,0.005084644458907973,-0.0063209841071498706,0.03804329231854001
