0.012246047451491217,0.0014667063614663654,0.002574775040969135,-0.004331695142684366,0.0011323630473273824,0.002325956273444841,0.0021610689906961743,-0.001208284062313377,0.0007648351984268918,0.0010948259979955092,-0.00013576018767066564,-0.0038639196164327394,-0.0019563819207189356,0.001679816782501592,0.0017702560749711977,0.0003811405432992503,-0.003771627706720587,-0.0011422136744164038,0.0013393139575809672,0.0010598465464842213,0.0014667063614663654,0.01136677921435852,0.0002989410723735407,0.00010140466399340139,0.0015167614987640224,0.0003879634605063007,-0.0013668083647395894,0.000937278842092833,-0.00039897524796346403,0.0009640886842769444,0.0011382057649280105,-0.002039062754101403,0.0001317211815599207,-0.00195514392676547,0.0007609703601782181,7.969844161962393e-5,-0.00019911203478275002,-0.001166389477428086,-0.0034163490543260215,2.751680365948578e-5,0.002574775040969135,0.0002989410723735407,0.012973227109370222,0.004348399073684521,-0.0009182251971185736,0.003727061692619928,-0.0029708537508761476,-0.0013339036549350667,0.0024709715602177712,-0.001218654100866127,0.0010196822032134665,0.0017750349232794253,-0.0011775484587373552,-0.0010964540980910845,-0.0017070163493438568,5.820790227185662e-5,0.0018649231447626204,-0.0034385633523345577,-0.0015592060484934177,0.0006519148559707285,-0.004331695142684366,0.00010140466399340139,0.004348399073684521,0.012003193089865511,-0.0033529192613161534,0.0012585960681989316,-0.002832357998576068,-0.0008706389226128394,0.0022720045159545753,-0.001800741682075904,-0.00034881985681253606,0.004124710604418413,0.002821657264723214,-0.001330033713913628,0.0013258113191746029,-0.0017379239254666527,0.0038251346239210698,0.0019215275270372718,-0.0014569617239158562,0.00025841854226909514,0.0011323630473273824,0.0015167614987640224,-0.0009182251971185736,-0.0033529192613161534,0.014494199103749186,-0.003269454589937223,-0.0007983205024366738,-0.0018145542363827752,-0.00037832455798530854,-0.0035819595412900493,0.00022296342922262957,-0.0021909066113210435,-0.0016298462167817394,0.0006160519572500107,0.004272697223926756,-0.0018798160986701507,-0.0011848301839368029,0.0036430724910124232,0.0037348690784556487,0.003372524351379624,0.002325956273444841,0.0003879634605063007,0.003727061692619928,0.0012585960681989316,-0.003269454589937223,0.019240052515196056,-0.0017149208491442202,0.000575373308147495,0.0001753651172849352,0.0020695475624544915,0.0009711039782083438,-0.00025408883413290497,0.00016232061009407243,-0.00047544211001839334,-0.0006396255685249311,0.002528727784120414,-0.00018651007059357157,-0.002169719602671342,-0.004692647423973687,0.0005875919449662905,0.0021610689906961743,-0.0013668083647395894,-0.0029708537508761476,-0.002832357998576068,-0.0007983205024366738,-0.0017149208491442202,0.012683960031324324,0.0013141824580092437,-0.002643346174776927,-0.0005379898486171112,0.001935300537435656,-0.00472784702271262,-0.004092053436282536,2.226555485600264e-5,0.0008167657940749521,0.001172194120574792,-0.0009498188872618294,-0.0022108569168352295,-0.00020101732135659357,-0.0026109785601919383,-0.001208284062313377,0.000937278842092833,-0.0013339036549350667,-0.0008706389226128394,-0.0018145542363827752,0.000575373308147495,0.0013141824580092437,0.009274629253084301,0.0012034676966191904,0.0006305127744978632,0.0011782709711925699,0.0013105041913409668,0.0003271271534407153,-0.0008619725425039976,-0.001820018876241553,0.004560795280789597,-0.00040104272699479607,-0.0010096046487681907,-0.0019714892848571586,-0.00041969406757869397,0.0007648351984268918,-0.00039897524796346403,0.0024709715602177712,0.0022720045159545753,-0.00037832455798530854,0.0001753651172849352,-0.002643346174776927,0.0012034676966191904,0.008244604303112727,-0.0031895347371607083,0.0012626121997930907,-0.0010363510069373142,0.0013030039485681126,-0.0007882282161593441,0.0017156198368909713,-0.000938085833782126,0.00287673998887628,0.003181164121025523,0.0012417417992453801,-0.0010094237600638514,0.0010948259979955092,0.0009640886842769444,-0.001218654100866127,-0.001800741682075904,-0.0035819595412900493,0.0020695475624544915,-0.0005379898486171112,0.0006305127744978632,-0.0031895347371607083,0.009266386442399193,0.0024833352984844318,-0.0026585139612067773,-0.001022244381870581,-6.267652653001401e-5,-0.002005591188611797,0.00268610794707307,-0.001164210229497779,-0.002751276312166793,-0.0003983075214187236,0.0018571127908414914,-0.00013576018767066564,0.0011382057649280105,0.0010196822032134665,-0.00034881985681253606,0.00022296342922262957,0.0009711039782083438,0.001935300537435656,0.0011782709711925699,0.0012626121997930907,0.0024833352984844318,0.007687042131350232,-0.001616769963654278,0.0020594116598516054,-8.748293065595218e-5,-0.0027677673761500963,0.0010840021698015883,-0.0003078456355001166,0.0005055889409473439,-0.0005593323614677812,-0.001434056938245303,-0.0038639196164327394,-0.002039062754101403,0.0017750349232794253,0.004124710604418413,-0.0021909066113210435,-0.00025408883413290497,-0.00472784702271262,0.0013105041913409668,-0.0010363510069373142,-0.0026585139612067773,-0.001616769963654278,0.020683296961351603,0.0013768479824501374,-0.002521676606047474,0.0005669906823850186,-0.00056041961182366,0.0011501722185312366,0.0011576431822820548,-0.002442681009730818,-0.00021869936211088017,-0.0019563819207189356,0.0001317211815599207,-0.0011775484587373552,0.002821657264723214,-0.0016298462167817394,0.00016232061009407243,-0.004092053436282536,0.0003271271534407153,0.0013030039485681126,-0.001022244381870581,0.0020594116598516054,0.0013768479824501374,0.012201089790184153,6.290399985255614e-5,-0.0018158077772214617,0.001551976657696073,0.001151798928582925,0.0037295357437194766,-0.0032309589062305263,-0.0006276515305086345,0.001679816782501592,-0.00195514392676547,-0.0010964540980910845,-0.001330033713913628,0.0006160519572500107,-0.00047544211001839334,2.226555485600264e-5,-0.0008619725425039976,-0.0007882282161593441,-6.267652653001401e-5,-8.748293065595218e-5,-0.002521676606047474,6.290399985255614e-5,0.008994289328681121,-0.001085236707409926,-0.00019707676613395323,-0.0019244402924958257,-0.0003766617177095149,0.0021186148913799534,-0.0002142138515545408,0.0017702560749711977,0.0007609703601782181,-0.0017070163493438568,0.0013258113191746029,0.004272697223926756,-0.0006396255685249311,0.0008167657940749521,-0.001820018876241553,0.0017156198368909713,-0.002005591188611797,-0.0027677673761500963,0.0005669906823850186,-0.0018158077772214617,-0.001085236707409926,0.014858876767760171,-0.003519671325335035,0.0002735860874675511,0.0028041112745199855,0.00012102401639454891,0.0012401233409080014,0.0003811405432992503,7.969844161962393e-5,5.820790227185662e-5,-0.0017379239254666527,-0.0018798160986701507,0.002528727784120414,0.001172194120574792,0.004560795280789597,-0.000938085833782126,0.00268610794707307,0.0010840021698015883,-0.00056041961182366,0.001551976657696073,-0.00019707676613395323,-0.003519671325335035,0.01315794008487907,0.0023891276680749387,8.728736321411676e-5,-0.0037153208432394464,-0.007027869966854733,-0.003771627706720587,-0.00019911203478275002,0.0018649231447626204,0.0038251346239210698,-0.0011848301839368029,-0.00018651007059357157,-0.0009498188872618294,-0.00040104272699479607,0.00287673998887628,-0.001164210229497779,-0.0003078456355001166,0.0011501722185312366,0.001151798928582925,-0.0019244402924958257,0.0002735860874675511,0.0023891276680749387,0.011768280703107946,-0.0003537767013318382,-0.00194239497455294,0.00036293489445463306,-0.0011422136744164038,-0.001166389477428086,-0.0034385633523345577,0.0019215275270372718,0.0036430724910124232,-0.002169719602671342,-0.0022108569168352295,-0.0010096046487681907,0.003181164121025523,-0.002751276312166793,0.0005055889409473439,0.0011576431822820548,0.0037295357437194766,-0.0003766617177095149,0.0028041112745199855,8.728736321411676e-5,-0.0003537767013318382,0.012077934395785615,-0.0032325502661635155,-0.002990307340788546,0.0013393139575809672,-0.0034163490543260215,-0.0015592060484934177,-0.0014569617239158562,0.0037348690784556487,-0.004692647423973687,-0.00020101732135659357,-0.0019714892848571586,0.0012417417992453801,-0.0003983075214187236,-0.0005593323614677812,-0.002442681009730818,-0.0032309589062305263,0.0021186148913799534,0.00012102401639454891,-0.0037153208432394464,-0.00194239497455294,-0.0032325502661635155,0.01522647384983343,0.002767741824665301,0.0010598465464842213,2.751680365948578e-5,0.0006519148559707285,0.00025841854226909514,0.003372524351379624,0.0005875919449662905,-0.0026109785601919383,-0.00041969406757869397,-0.0010094237600638514,0.0018571127908414914,-0.001434056938245303,-0.00021869936211088017,-0.0006276515305086345,-0.0002142138515545408,0.0012401233409080014,-0.007027869966854733,0.00036293489445463306,-0.002990307340788546,0.002767741824665301,0.011950981608685001
