0.026968174484198065,0.008102210331121705,-0.006060038918345615,0.009724458233807347,0.005202806631628119,0.003378708839199799,0.0004739664037697499,-0.01554130424032707,0.017852812167893924,-0.009265741480216826,0.01448399484556135,0.014610956901678416,-0.006103492360319656,-0.019545959731192677,-0.01575900163830345,0.014600644938337664,-0.004065491529033038,-0.0025129925667591643,-0.0018531056653940683,0.02729971751592973,0.008102210331121705,0.02887883090261764,0.003620658714786457,0.01465049860440636,0.0169822016920333,-0.002432693471148374,-0.011406226474163679,-0.006899322950860072,0.010403700219230308,-0.0037496190681035697,0.0005261203056355701,0.009754491138157647,0.003893661853218371,-0.03202386874728603,-0.012714036840924373,-0.004107588708834632,-0.0026610245694455225,-0.0036629227120411325,-0.0005789504038674932,0.015655582102534468,-0.006060038918345615,0.003620658714786457,0.03575753058435995,0.001844729312795463,0.017032300617158647,0.0005091120604761006,-0.00546443715660652,0.014280531599359835,-0.0102936435420363,0.0105118613432829,-0.011281859520970291,0.0009520758207382787,0.015390881171019881,0.0119874992942694,0.013489777852700916,-0.022074852166764775,0.01521200137641928,0.0061272737551994316,0.013328574884855043,-0.025472054311665007,0.009724458233807347,0.01465049860440636,0.001844729312795463,0.042446949108958285,0.02112820123413804,0.0041497755067721595,-0.016073999129439,-0.007737473670891004,0.025610360436462965,-0.010886628684825171,-0.0021853884912891256,0.01609042134960341,0.0034569907973040423,-0.05004121803119399,-0.022225521167818875,-0.009368466400638665,-0.002284984777580175,-0.006845227368528625,0.0024611925652897014,0.0208140233605286,0.005202806631628119,0.0169822016920333,0.017032300617158647,0.02112820123413804,0.057183583509938844,-0.00905825054701519,-0.028120098303448228,0.012582929322914108,0.003291366027814006,-0.0012837972394268038,-0.007233195592045626,0.017942814312530034,0.02434201011066256,-0.034432516268297894,0.005366658643652478,-0.0360988045244323,0.005814723607930299,-0.00967772542979574,-0.01364677274535326,0.006716757770251184,0.003378708839199799,-0.002432693471148374,0.0005091120604761006,0.0041497755067721595,-0.00905825054701519,0.017996621782673878,0.0032397894371229115,-0.011160516201939686,0.009629207987964163,-0.0038583551321501658,-0.003550255062022214,-0.00030428422637857673,-0.009897054065647084,-0.005395947928197793,-0.008760582861049313,0.014253357126493725,-0.0007723736786438863,0.012998269170143436,0.016031366766684624,-0.004636445160968175,0.0004739664037697499,-0.011406226474163679,-0.00546443715660652,-0.016073999129439,-0.028120098303448228,0.0032397894371229115,0.03805049157633159,-0.00452832859864919,-0.006294485437571896,0.01002325684785426,0.003528465669789002,-0.011995228912134018,-0.011308581442455787,0.038261173597037734,0.007991167455630242,0.017874865298917172,0.005939631392476694,0.01017389971125079,0.012885239586929772,-0.008083301030503262,-0.01554130424032707,-0.006899322950860072,0.014280531599359835,-0.007737473670891004,0.012582929322914108,-0.011160516201939686,-0.00452832859864919,0.05206624977017066,-0.02928862199978581,0.012903723496919109,-0.012360087624665526,-0.009614442312654629,0.020343385375462937,0.02823672483661514,0.030039866332542284,-0.02800670042226292,0.011437108970932152,-0.008760542438051105,-0.015176123434887747,-0.0296118006255466,0.017852812167893924,0.010403700219230308,-0.0102936435420363,0.025610360436462965,0.003291366027814006,0.009629207987964163,-0.006294485437571896,-0.02928862199978581,0.05295278390844791,-0.014901572417761678,0.01171367727304557,0.019487713492872642,-0.008617984405211755,-0.04573766163562423,-0.03283449508674452,0.014356494647639176,-0.01103169702909832,-0.004402739792129389,0.0014313250779291434,0.0388890523376548,-0.009265741480216826,-0.0037496190681035697,0.0105118613432829,-0.010886628684825171,-0.0012837972394268038,-0.0038583551321501658,0.01002325684785426,0.012903723496919109,-0.014901572417761678,0.029701473191302962,-0.004957140645734756,-0.008833742654083654,0.009455129083139991,0.03024778996694883,0.024713373848226444,-0.01153887400119424,0.01149990716297331,0.0016500773650261849,0.007492769009942939,-0.022258590881326853,0.01448399484556135,0.0005261203056355701,-0.011281859520970291,-0.0021853884912891256,-0.007233195592045626,-0.003550255062022214,0.003528465669789002,-0.012360087624665526,0.01171367727304557,-0.004957140645734756,0.032255379260017925,0.009103684664811732,-0.008475354366640885,-0.01274019571958995,-0.014441251703822645,0.023067573906339574,-0.011308755641234158,-0.005508054499982035,-0.011938807967948595,0.030062681611972786,0.014610956901678416,0.009754491138157647,0.0009520758207382787,0.01609042134960341,0.017942814312530034,-0.00030428422637857673,-0.011995228912134018,-0.009614442312654629,0.019487713492872642,-0.008833742654083654,0.009103684664811732,0.02815616571349844,0.005187250144950783,-0.031216769965869695,-0.015197572021152267,-0.0003317592106863665,-0.00498804955388352,-0.0035361884339406196,-0.006089362496781549,0.024220305153310487,-0.006103492360319656,0.003893661853218371,0.015390881171019881,0.0034569907973040423,0.02434201011066256,-0.009897054065647084,-0.011308581442455787,0.020343385375462937,-0.008617984405211755,0.009455129083139991,-0.008475354366640885,0.005187250144950783,0.03552113474011614,-0.0009716568302920717,0.018492969157618933,-0.03171618168986669,0.009076058858806425,-0.00716805439661942,-0.01225237868142005,-0.005110135507964241,-0.019545959731192677,-0.03202386874728603,0.0119874992942694,-0.05004121803119399,-0.034432516268297894,-0.005395947928197793,0.038261173597037734,0.02823672483661514,-0.04573766163562423,0.03024778996694883,-0.01274019571958995,-0.031216769965869695,-0.0009716568302920717,0.11298247007172726,0.04827608933354493,0.0007991855158474742,0.017995186750988216,0.024024643698866272,0.016303392376742054,-0.06372231126239691,-0.01575900163830345,-0.012714036840924373,0.013489777852700916,-0.022225521167818875,0.005366658643652478,-0.008760582861049313,0.007991167455630242,0.030039866332542284,-0.03283449508674452,0.024713373848226444,-0.014441251703822645,-0.015197572021152267,0.018492969157618933,0.04827608933354493,0.05161334909329105,-0.020659354133916424,0.01593671305395402,0.003524333340266848,-0.0006360208032012568,-0.03916658674538632,0.014600644938337664,-0.004107588708834632,-0.022074852166764775,-0.009368466400638665,-0.0360988045244323,0.014253357126493725,0.017874865298917172,-0.02800670042226292,0.014356494647639176,-0.01153887400119424,0.023067573906339574,-0.0003317592106863665,-0.03171618168986669,0.0007991855158474742,-0.020659354133916424,0.07806509494190444,-0.016675109570868225,0.013665862324727798,0.01263829654901867,0.02462766236759426,-0.004065491529033038,-0.0026610245694455225,0.01521200137641928,-0.002284984777580175,0.005814723607930299,-0.0007723736786438863,0.005939631392476694,0.011437108970932152,-0.01103169702909832,0.01149990716297331,-0.011308755641234158,-0.00498804955388352,0.009076058858806425,0.017995186750988216,0.01593671305395402,-0.016675109570868225,0.025245757420219752,0.00677937660356435,0.013451651582018847,-0.023588080640588947,-0.0025129925667591643,-0.0036629227120411325,0.0061272737551994316,-0.006845227368528625,-0.00967772542979574,0.012998269170143436,0.01017389971125079,-0.008760542438051105,-0.004402739792129389,0.0016500773650261849,-0.005508054499982035,-0.0035361884339406196,-0.00716805439661942,0.024024643698866272,0.003524333340266848,0.013665862324727798,0.00677937660356435,0.03808676438660839,0.029207698903730775,-0.018571302469514578,-0.0018531056653940683,-0.0005789504038674932,0.013328574884855043,0.0024611925652897014,-0.01364677274535326,0.016031366766684624,0.012885239586929772,-0.015176123434887747,0.0014313250779291434,0.007492769009942939,-0.011938807967948595,-0.006089362496781549,-0.01225237868142005,0.016303392376742054,-0.0006360208032012568,0.01263829654901867,0.013451651582018847,0.029207698903730775,0.055449667301367585,-0.02857760581246693,0.02729971751592973,0.015655582102534468,-0.025472054311665007,0.0208140233605286,0.006716757770251184,-0.004636445160968175,-0.008083301030503262,-0.0296118006255466,0.0388890523376548,-0.022258590881326853,0.030062681611972786,0.024220305153310487,-0.005110135507964241,-0.06372231126239691,-0.03916658674538632,0.02462766236759426,-0.023588080640588947,-0.018571302469514578,-0.02857760581246693,0.08502191141950667
0.024834391281683164,0.0027949246891792413,-0.0022568782376963855,0.0007606313377310672,-0.0036529992357109925,-0.0074855028432025406,0.00417659637202532,-0.011437149978363599,0.0066189473164938815,0.002795514622514206,-0.0015285115280846747,-0.008840033000858574,0.0015331429853418224,-0.005990441438320269,0.005288954912613501,0.00039458320417006643,0.010887880685963452,-1.805476984445694e-5,0.000979878805352767,0.00708657448365544,0.0027949246891792413,0.029017676549723176,-0.008400857126713498,0.003563182023040113,0.002995875448392483,-0.004979771391822092,0.001665807152980268,0.0014406434518657977,-0.01442299169210595,0.0009543563873156845,-0.0010159444454828424,0.008158464957326174,-0.007820451493982791,-0.01482473684288807,0.0026046387401821823,-0.005418083344570591,0.005466115846676381,0.0037655935632702918,0.00874142244746488,0.008612127992212093,-0.0022568782376963855,-0.008400857126713498,0.02702277750575135,0.0021491340753675304,0.001551374643363187,-0.007721873782316011,-0.0017730527667918921,-0.008883863305294944,0.018944504947313714,0.002306486299837757,0.0015175069543432484,-0.0014450743910868352,0.0026955886249686407,-0.0019913311384404772,-0.004417462684750574,0.006359379597845941,0.004076903168648378,-0.0020721062964627023,-0.001726124157909841,-0.008742728074502961,0.0007606313377310672,0.003563182023040113,0.0021491340753675304,0.03955612342634153,0.011932674790491987,-0.003784113780443023,0.001374896328118701,0.007850614635093546,-0.011398602510612744,0.00043809845766418817,-0.007989960683575367,0.010056882382710389,0.003316754856435741,-0.007787685084520143,-0.010460032023658666,-0.0014135085695535332,0.003432585817112395,-0.0024290143291779247,-0.004604355474423029,-0.015895931483857033,-0.0036529992357109925,0.002995875448392483,0.001551374643363187,0.011932674790491987,0.020667429358906034,0.003544304256843796,0.000325490727256354,0.012398736086707274,-0.015863341206344368,0.0011424739507836605,-0.004394675820448828,0.009465613461710072,0.0006045479327618751,-0.004969569579466605,-0.003411097380983671,-0.008045212362829254,0.0024862213217837726,-0.0011616438793876146,-0.0026702131387683053,-0.010959259406394603,-0.0074855028432025406,-0.004979771391822092,-0.007721873782316011,-0.003784113780443023,0.003544304256843796,0.05002454854300404,-0.0011746564772482622,0.016980216321346588,-0.015513793886425282,-0.008229362917818785,-0.0018533567558480283,0.0034018924804488145,0.0036192875041622737,0.02344772189955196,-0.016995277702255597,0.007020363308814767,-0.008341447012812277,0.00033633094946824104,-0.007981897432906417,-0.008412365740163087,0.00417659637202532,0.001665807152980268,-0.0017730527667918921,0.001374896328118701,0.000325490727256354,-0.0011746564772482622,0.016439697653006194,-0.0014645960191601438,0.0008989371527162856,-0.002765333816369055,0.0013537066745116185,0.0016826545988451362,-0.0022676390215264717,-0.001919449103569816,-0.0017132944015198323,-0.0006904715816693184,0.003473427489403582,-3.733310658683035e-5,0.001475971551803048,-0.003658812668644219,-0.011437149978363599,0.0014406434518657977,-0.008883863305294944,0.007850614635093546,0.012398736086707274,0.016980216321346588,-0.0014645960191601438,0.04259170763333679,-0.022726495873916827,-0.0047467668206013815,-0.0036890745834147493,0.010533368429320617,-7.794832477376075e-5,0.011163220146453257,-0.010449582625165706,0.00325581612410711,0.0005516141702670708,-0.0049746961932813204,-0.007011768990718341,-0.009412787236907763,0.0066189473164938815,-0.01442299169210595,0.018944504947313714,-0.011398602510612744,-0.015863341206344368,-0.015513793886425282,0.0008989371527162856,-0.022726495873916827,0.07824283293057208,0.0051656451275878725,0.002767915655785807,-0.017788185458021268,0.007335910598274868,0.006688431310815157,-0.00794153183781086,-0.004119411005546868,-0.005526443083432139,0.0027386704941580334,-0.004829399430052658,0.0029433898683840793,0.002795514622514206,0.0009543563873156845,0.002306486299837757,0.00043809845766418817,0.0011424739507836605,-0.008229362917818785,-0.002765333816369055,-0.0047467668206013815,0.0051656451275878725,0.018124454832415857,0.000978598616123125,-0.006455321214992484,-0.0006661723247000702,-0.007034302664674601,0.005658579554121147,-0.0032829407156037102,0.004115575798623183,-4.380561548099807e-5,0.00012599288127794858,0.005946788567989526,-0.0015285115280846747,-0.0010159444454828424,0.0015175069543432484,-0.007989960683575367,-0.004394675820448828,-0.0018533567558480283,0.0013537066745116185,-0.0036890745834147493,0.002767915655785807,0.000978598616123125,0.017230676269009294,-0.001581585367560321,-0.006697993508290345,-0.0021061700884814454,0.007066141749185224,0.0014187984613342798,-0.003400611485466487,-0.0003790801476267331,0.0032681159342892057,0.004383060365474246,-0.008840033000858574,0.008158464957326174,-0.0014450743910868352,0.010056882382710389,0.009465613461710072,0.0034018924804488145,0.0016826545988451362,0.010533368429320617,-0.017788185458021268,-0.006455321214992484,-0.001581585367560321,0.029330553842530645,-0.0009563412185804082,-0.0078113743610028225,-0.006716465679584102,0.0002623678570875087,-0.004868068964938488,0.003295435779184414,-0.004777522744377465,-0.009283237357771206,0.0015331429853418224,-0.007820451493982791,0.0026955886249686407,0.003316754856435741,0.0006045479327618751,0.0036192875041622737,-0.0022676390215264717,-7.794832477376075e-5,0.007335910598274868,-0.0006661723247000702,-0.006697993508290345,-0.0009563412185804082,0.02206258622029245,0.01023908226932611,-0.003452426552459063,-0.002812291973718172,-0.003234841481156953,-0.002846556925413085,-0.00971248399151276,-0.004159830583842767,-0.005990441438320269,-0.01482473684288807,-0.0019913311384404772,-0.007787685084520143,-0.004969569579466605,0.02344772189955196,-0.001919449103569816,0.011163220146453257,0.006688431310815157,-0.007034302664674601,-0.0021061700884814454,-0.0078113743610028225,0.01023908226932611,0.044066090776674074,-0.007029705491308651,0.006165781025682861,-0.014564279816668795,-0.007339247210621085,-0.015391666820981576,0.0007648555531060714,0.005288954912613501,0.0026046387401821823,-0.004417462684750574,-0.010460032023658666,-0.003411097380983671,-0.016995277702255597,-0.0017132944015198323,-0.010449582625165706,-0.00794153183781086,0.005658579554121147,0.007066141749185224,-0.006716465679584102,-0.003452426552459063,-0.007029705491308651,0.03669169004699571,0.00021169336810170617,0.004679578005450779,-0.0017265477748167923,0.008398859776093212,0.01728822446765954,0.00039458320417006643,-0.005418083344570591,0.006359379597845941,-0.0014135085695535332,-0.008045212362829254,0.007020363308814767,-0.0006904715816693184,0.00325581612410711,-0.004119411005546868,-0.0032829407156037102,0.0014187984613342798,0.0002623678570875087,-0.002812291973718172,0.006165781025682861,0.00021169336810170617,0.028119933532694208,-0.005625683771314405,-0.0006417219261303128,-0.0091825219684477,-0.002709540123635809,0.010887880685963452,0.005466115846676381,0.004076903168648378,0.003432585817112395,0.0024862213217837726,-0.008341447012812277,0.003473427489403582,0.0005516141702670708,-0.005526443083432139,0.004115575798623183,-0.003400611485466487,-0.004868068964938488,-0.003234841481156953,-0.014564279816668795,0.004679578005450779,-0.005625683771314405,0.028611900000880913,-0.003886494712947695,0.008854342215419472,-0.0038147303792932575,-1.805476984445694e-5,0.0037655935632702918,-0.0020721062964627023,-0.0024290143291779247,-0.0011616438793876146,0.00033633094946824104,-3.733310658683035e-5,-0.0049746961932813204,0.0027386704941580334,-4.380561548099807e-5,-0.0003790801476267331,0.003295435779184414,-0.002846556925413085,-0.007339247210621085,-0.0017265477748167923,-0.0006417219261303128,-0.003886494712947695,0.021333983640251453,0.007673368973453662,-0.003861439107630935,0.000979878805352767,0.00874142244746488,-0.001726124157909841,-0.004604355474423029,-0.0026702131387683053,-0.007981897432906417,0.001475971551803048,-0.007011768990718341,-0.004829399430052658,0.00012599288127794858,0.0032681159342892057,-0.004777522744377465,-0.00971248399151276,-0.015391666820981576,0.008398859776093212,-0.0091825219684477,0.008854342215419472,0.007673368973453662,0.03529897378042893,0.0031552801730646636,0.00708657448365544,0.008612127992212093,-0.008742728074502961,-0.015895931483857033,-0.010959259406394603,-0.008412365740163087,-0.003658812668644219,-0.009412787236907763,0.0029433898683840793,0.005946788567989526,0.004383060365474246,-0.009283237357771206,-0.004159830583842767,0.0007648555531060714,0.01728822446765954,-0.002709540123635809,-0.0038147303792932575,-0.003861439107630935,0.0031552801730646636,0.04043909537000644
