0.020962241205239065,-0.003045950315020561,0.015859380264964106,0.0053271675938813545,0.0030217920487502015,-0.008215681955656211,0.009234738000381708,-0.005999146620963295,0.003321693870047765,-0.011744997878653683,-0.007627204233096062,-0.006220157825719998,0.0002295707324045965,-0.0002147044798454364,-0.008464707150952669,-0.0022830919088711018,-0.005315685773030411,-0.0009247534958035029,0.0021881890629733176,-0.0024897927084711093,-0.003045950315020561,0.02714916627482505,-0.01566929580455196,-0.0035908905224013915,0.0032390686278628926,0.004536662351609816,-0.000850202852451842,-0.00580083573031581,0.0035039151918014157,0.006496567403648309,-5.0370551633854475e-5,-0.0025708993448716215,0.002295793546206546,0.010642482347846309,0.004703944692295327,0.0007229813754355517,-0.007124722962084464,0.004130562312721676,0.002886215907449828,-0.0020010700282232217,0.015859380264964106,-0.01566929580455196,0.050170019790647176,0.0118452063060263,-0.0065327307891277515,-0.029179920318841382,0.020062559395396848,-0.008202698190702212,0.004129717921005216,-0.016768880801969244,-0.005779444637321281,0.005015263057039044,-0.0019499669433502443,0.0018635964142167945,-0.015773672840933554,-0.004326649098948775,0.006119981485530789,-0.008291625780938852,0.003209754533893568,-0.01113969291657937,0.0053271675938813545,-0.0035908905224013915,0.0118452063060263,0.04783608417493738,0.0018020648189365157,0.00410112033604707,-0.005594254001084953,-0.005287884285235082,-0.0024493554239379566,-0.006480725584682618,0.006753277924140743,-0.0040331148319475586,0.002383795527566702,0.001039945685893789,-0.0023163884423644567,0.00629226702319423,0.003387186238368856,0.00028230035892225637,-0.0026383802379951475,-0.0022242789446022962,0.0030217920487502015,0.0032390686278628926,-0.0065327307891277515,0.0018020648189365157,0.02848983145244802,-0.00566039466223809,-0.016341488311207707,-0.0028970579067951136,-0.002550993682287458,0.0035691090896526403,0.0015464524793251497,0.004173288052924938,-0.008860137241168518,0.01368163227855124,0.0030115844011309716,0.005818481351971327,0.006223780517535528,-0.004655169188838694,-0.002037862945794792,-0.011160134571837302,-0.008215681955656211,0.004536662351609816,-0.029179920318841382,0.00410112033604707,-0.00566039466223809,0.0670559160740611,-0.015214340577665297,0.0202814224225231,-0.00701731908122542,0.0006404584688736374,0.00885761346415415,-0.016088895429274837,0.012501083718804666,-0.029691158253433898,0.0122071057280616,0.009137740198168716,-0.022920814730895248,0.004386368837278078,-0.021934325055761334,0.028470397363777347,0.009234738000381708,-0.000850202852451842,0.020062559395396848,-0.005594254001084953,-0.016341488311207707,-0.015214340577665297,0.053263505995088944,-0.0022521378380785774,0.011671292434631738,-0.007273791172080341,-0.007736282895587043,0.006128967490432693,-0.0011326567347484107,-0.0040758768132044265,-0.004621945433284874,-0.021491956133370793,-0.009366918345371057,-0.012820563412133376,0.013349204660515228,-0.002207468120309996,-0.005999146620963295,-0.00580083573031581,-0.008202698190702212,-0.005287884285235082,-0.0028970579067951136,0.0202814224225231,-0.0022521378380785774,0.04472364233605182,-0.0014006885291201682,-0.02307735845873705,0.016317620477679484,-0.014591215639862543,-0.0016299450439225453,-0.008088212837540144,0.0017656526271348787,-0.00023877687516501859,-0.006744673963183544,-0.007231291371055895,-0.012900211590427976,0.010525115478156146,0.003321693870047765,0.0035039151918014157,0.004129717921005216,-0.0024493554239379566,-0.002550993682287458,-0.00701731908122542,0.011671292434631738,-0.0014006885291201682,0.02981761270507646,-0.002557847492001032,0.0029801305983649046,-0.003059795058923243,0.0033134733154588144,2.9489379744945967e-5,0.005672049985190799,-0.016303938810552213,0.0022668214274471216,0.007060006017235746,0.005610240491917136,-0.011569704967899705,-0.011744997878653683,0.006496567403648309,-0.016768880801969244,-0.006480725584682618,0.0035691090896526403,0.0006404584688736374,-0.007273791172080341,-0.02307735845873705,-0.002557847492001032,0.08789315048484393,-0.027373053415552358,0.008319585800425976,0.01889833423896983,0.005400611001100999,0.0041790619857468726,0.009594355539047906,-0.017839657567593648,0.006067785739078133,-0.015114959054402763,0.022166682369413396,-0.007627204233096062,-5.0370551633854475e-5,-0.005779444637321281,0.006753277924140743,0.0015464524793251497,0.00885761346415415,-0.007736282895587043,0.016317620477679484,0.0029801305983649046,-0.027373053415552358,0.04650626861654864,-0.006745446023951683,-0.005829512149594203,0.00033051217064963557,0.01264621318951847,-0.00037523578681768416,0.012672618630773246,-0.00993932101403067,0.0012692763942451872,-0.022421806980202033,-0.006220157825719998,-0.0025708993448716215,0.005015263057039044,-0.0040331148319475586,0.004173288052924938,-0.016088895429274837,0.006128967490432693,-0.014591215639862543,-0.003059795058923243,0.008319585800425976,-0.006745446023951683,0.0366809755562919,-0.013097952438645588,0.010608562634290683,-0.002203120084378834,0.008511418296690193,-0.0001985797210192493,-0.012053416312815299,0.013186422273414239,-0.015806494247673872,0.0002295707324045965,0.002295793546206546,-0.0019499669433502443,0.002383795527566702,-0.008860137241168518,0.012501083718804666,-0.0011326567347484107,-0.0016299450439225453,0.0033134733154588144,0.01889833423896983,-0.005829512149594203,-0.013097952438645588,0.030229779085190388,-0.007396843430331215,0.000749682966733398,-2.91863830940561e-5,-0.013288783719014688,0.008410249863396767,-0.019168545833094193,0.019956688705861314,-0.0002147044798454364,0.010642482347846309,0.0018635964142167945,0.001039945685893789,0.01368163227855124,-0.029691158253433898,-0.0040758768132044265,-0.008088212837540144,2.9489379744945967e-5,0.005400611001100999,0.00033051217064963557,0.010608562634290683,-0.007396843430331215,0.050423545366324124,-0.006166428133991222,2.7351109578503717e-5,0.0003874678788732583,-0.014002473212691083,0.008684819862729233,-0.01217740364803142,-0.008464707150952669,0.004703944692295327,-0.015773672840933554,-0.0023163884423644567,0.0030115844011309716,0.0122071057280616,-0.004621945433284874,0.0017656526271348787,0.005672049985190799,0.0041790619857468726,0.01264621318951847,-0.002203120084378834,0.000749682966733398,-0.006166428133991222,0.03483639777636651,0.0004210731224937288,0.012005182360672322,0.001673772900213983,-0.010394101225109125,-0.01051787436138869,-0.0022830919088711018,0.0007229813754355517,-0.004326649098948775,0.00629226702319423,0.005818481351971327,0.009137740198168716,-0.021491956133370793,-0.00023877687516501859,-0.016303938810552213,0.009594355539047906,-0.00037523578681768416,0.008511418296690193,-2.91863830940561e-5,2.7351109578503717e-5,0.0004210731224937288,0.04714668488337829,-0.0015428289669859978,-0.004878071729132686,-0.01917899054200603,0.007899198758601256,-0.005315685773030411,-0.007124722962084464,0.006119981485530789,0.003387186238368856,0.006223780517535528,-0.022920814730895248,-0.009366918345371057,-0.006744673963183544,0.0022668214274471216,-0.017839657567593648,0.012672618630773246,-0.0001985797210192493,-0.013288783719014688,0.0003874678788732583,0.012005182360672322,-0.0015428289669859978,0.07037956318956314,0.015486038673737157,0.01765387729693077,-0.041101027788329504,-0.0009247534958035029,0.004130562312721676,-0.008291625780938852,0.00028230035892225637,-0.004655169188838694,0.004386368837278078,-0.012820563412133376,-0.007231291371055895,0.007060006017235746,0.006067785739078133,-0.00993932101403067,-0.012053416312815299,0.008410249863396767,-0.014002473212691083,0.001673772900213983,-0.004878071729132686,0.015486038673737157,0.05364301661496143,-0.0005046456603722487,0.008513139884846203,0.0021881890629733176,0.002886215907449828,0.003209754533893568,-0.0026383802379951475,-0.002037862945794792,-0.021934325055761334,0.013349204660515228,-0.012900211590427976,0.005610240491917136,-0.015114959054402763,0.0012692763942451872,0.013186422273414239,-0.019168545833094193,0.008684819862729233,-0.010394101225109125,-0.01917899054200603,0.01765387729693077,-0.0005046456603722487,0.052258889846426584,-0.018656486085763785,-0.0024897927084711093,-0.0020010700282232217,-0.01113969291657937,-0.0022242789446022962,-0.011160134571837302,0.028470397363777347,-0.002207468120309996,0.010525115478156146,-0.011569704967899705,0.022166682369413396,-0.022421806980202033,-0.015806494247673872,0.019956688705861314,-0.01217740364803142,-0.01051787436138869,0.007899198758601256,-0.041101027788329504,0.008513139884846203,-0.018656486085763785,0.06686363941038836
0.05825318389736776,-0.004037342321692859,-0.008527311454578105,-0.024318763935277904,-0.0036695244514963112,-0.00034101475798038413,-0.002347924647502828,0.005002542296079858,-0.014948463131432447,-0.012047206690662298,0.006265693387223782,-0.013631152613665603,0.022587841290529206,0.027541803640822038,0.03252356916526924,-0.0022166726913587413,0.001798974189881872,-0.02050473427443661,-0.017201688667209412,-0.014703415430391206,-0.004037342321692859,0.04888328764620645,-0.01481025713043134,0.006437770384814919,-0.001671492954577419,-0.005960182342829103,-0.005110330944357205,0.02077306952435056,0.0015229595345417658,0.007965084232346048,0.007968971820767938,-0.01537371134164592,-0.012621637651343403,-0.005438263970886084,-0.020705373904396102,-0.006920617102198477,-0.0011907435767124356,0.0015537372343314467,0.000525265671092342,0.007445086330086554,-0.008527311454578105,-0.01481025713043134,0.036233448062536526,0.007948452207531742,-0.00031148852373028,0.00908173320405268,-0.007250552646398217,-0.0059961234773090975,-0.0003298869230687135,-0.005692962355620855,-0.005026743834145109,0.013969692039641672,-0.002851840521846602,-0.007188788744351703,-0.003717402392444864,-0.0033017934292756306,0.012329181037741752,0.0014983689676315154,0.004951577793798261,0.00045700334082582816,-0.024318763935277904,0.006437770384814919,0.007948452207531742,0.059692394508732455,-0.0038785216825458924,0.008430588874255771,-0.0017198114462916047,0.01671877455656905,0.01188494322197977,0.02553941081570371,-0.003698049775765682,0.011755290715091543,-0.01808275689941226,-0.02490792809643924,-0.02790061858695953,-0.01401081061543397,-0.006444844254683759,0.008845993283378815,0.001934666524059026,0.013046466167605984,-0.0036695244514963112,-0.001671492954577419,-0.00031148852373028,-0.0038785216825458924,0.025670556502672526,-0.0049363242825097055,0.007855703908410994,-0.00892598327958383,0.0028621867710675935,0.00015431640369277261,0.0018785356323445654,0.0006973296895947182,0.0014676568506972268,-0.0019178054018153439,-0.008229318748199035,0.006023618251288042,-0.004287446103850767,0.004456243417557094,0.001350982386904331,0.0037301321829184015,-0.00034101475798038413,-0.005960182342829103,0.00908173320405268,0.008430588874255771,-0.0049363242825097055,0.04403507214162804,0.0015168414910448787,0.003163284370705988,-0.0006346723150192552,-0.0008703950343776964,-0.011679193981050492,0.005505069720497223,-0.002427379068650124,0.0014395317042720616,0.009636626203417932,-0.006205905959331268,0.005265534345187005,0.0014868417734458664,-0.008848544303221146,0.005674919609957389,-0.002347924647502828,-0.005110330944357205,-0.007250552646398217,-0.0017198114462916047,0.007855703908410994,0.0015168414910448787,0.037464336846812274,-0.0089000769945723,0.013482005082576055,0.010817850167049363,-0.0028600858286978934,-0.004838193520343346,0.025604906877305385,-0.011806554295208833,0.0005896673097591,0.010598958412665413,-0.013984952424038879,-0.010267677278721658,0.004997984788900858,-0.0021204141899965824,0.005002542296079858,0.02077306952435056,-0.0059961234773090975,0.01671877455656905,-0.00892598327958383,0.003163284370705988,-0.0089000769945723,0.04094759008994876,0.00015342801827857586,0.008740038233943202,0.005339832560124118,-0.005781652195492272,-0.005471122732910666,0.0009846418530595137,-0.004567607436133451,-0.01593092898740472,-0.0009066536205213275,-0.0013907724349368077,-0.006285630686322457,0.009809484833589848,-0.014948463131432447,0.0015229595345417658,-0.0003298869230687135,0.01188494322197977,0.0028621867710675935,-0.0006346723150192552,0.013482005082576055,0.00015342801827857586,0.027863067008634765,0.012580697778910646,-0.0031407019814932795,-0.0012360080217514052,0.00906268907197684,-0.016014561533034086,-0.009295748600363673,0.0007737471212007026,-0.004752153200126969,-0.0074661799653129995,0.011249252217229434,0.0054230553963766056,-0.012047206690662298,0.007965084232346048,-0.005692962355620855,0.02553941081570371,0.00015431640369277261,-0.0008703950343776964,0.010817850167049363,0.008740038233943202,0.012580697778910646,0.061844539642669595,0.0012646016700247637,-0.002595385049106962,-0.015042600989612232,-0.020268515178687295,-0.010769451697061143,0.0009619401810145674,-0.01929336953731486,-0.008276297196654278,0.0003325937895747446,0.010127967642820437,0.006265693387223782,0.007968971820767938,-0.005026743834145109,-0.003698049775765682,0.0018785356323445654,-0.011679193981050492,-0.0028600858286978934,0.005339832560124118,-0.0031407019814932795,0.0012646016700247637,0.02519209450482691,0.0007225991497459319,-0.002642298423459216,0.004239122763534291,-0.0077351607252510645,0.005206956437620383,-2.917549428868788e-7,0.0004956962497377859,-0.0016667325830577685,0.003895618131897206,-0.013631152613665603,-0.01537371134164592,0.013969692039641672,0.011755290715091543,0.0006973296895947182,0.005505069720497223,-0.004838193520343346,-0.005781652195492272,-0.0012360080217514052,-0.002595385049106962,0.0007225991497459319,0.033856558948242806,-0.010002379526740424,0.00030925474620572386,-0.005894314875096322,0.0007288104524239461,0.003355219444875081,0.014077333565014678,0.0030993481832974693,0.005016021383861502,0.022587841290529206,-0.012621637651343403,-0.002851840521846602,-0.01808275689941226,0.0014676568506972268,-0.002427379068650124,0.025604906877305385,-0.005471122732910666,0.00906268907197684,-0.015042600989612232,-0.002642298423459216,-0.010002379526740424,0.06184233453149643,0.006007155302375595,0.012966558398979235,0.005241745765855073,-0.00712426638374966,-0.020666541972257542,-0.003860605534595488,-0.009204659280475494,0.027541803640822038,-0.005438263970886084,-0.007188788744351703,-0.02490792809643924,-0.0019178054018153439,0.0014395317042720616,-0.011806554295208833,0.0009846418530595137,-0.016014561533034086,-0.020268515178687295,0.004239122763534291,0.00030925474620572386,0.006007155302375595,0.04769133125210927,0.02256470345425894,0.005356533910829332,0.009868917459697084,0.001740272534224533,-0.007154120590092078,-0.01117898062818333,0.03252356916526924,-0.020705373904396102,-0.003717402392444864,-0.02790061858695953,-0.008229318748199035,0.009636626203417932,0.0005896673097591,-0.004567607436133451,-0.009295748600363673,-0.010769451697061143,-0.0077351607252510645,-0.005894314875096322,0.012966558398979235,0.02256470345425894,0.06428274344854155,0.001693370889349005,0.0068485485672833595,-0.018661184087851373,-0.011306679058042262,-0.012841616195031241,-0.0022166726913587413,-0.006920617102198477,-0.0033017934292756306,-0.01401081061543397,0.006023618251288042,-0.006205905959331268,0.010598958412665413,-0.01593092898740472,0.0007737471212007026,0.0009619401810145674,0.005206956437620383,0.0007288104524239461,0.005241745765855073,0.005356533910829332,0.001693370889349005,0.028888875103360245,-0.003566808529498766,-0.002570986784341187,0.0002630373262097667,-0.0022279614112175918,0.001798974189881872,-0.0011907435767124356,0.012329181037741752,-0.006444844254683759,-0.004287446103850767,0.005265534345187005,-0.013984952424038879,-0.0009066536205213275,-0.004752153200126969,-0.01929336953731486,-2.917549428868788e-7,0.003355219444875081,-0.00712426638374966,0.009868917459697084,0.0068485485672833595,-0.003566808529498766,0.033338901734760826,0.0018049286212719771,0.002781248513953691,0.0015216626972665776,-0.02050473427443661,0.0015537372343314467,0.0014983689676315154,0.008845993283378815,0.004456243417557094,0.0014868417734458664,-0.010267677278721658,-0.0013907724349368077,-0.0074661799653129995,-0.008276297196654278,0.0004956962497377859,0.014077333565014678,-0.020666541972257542,0.001740272534224533,-0.018661184087851373,-0.002570986784341187,0.0018049286212719771,0.04680729833190436,0.0014236171394988919,0.012963502422031224,-0.017201688667209412,0.000525265671092342,0.004951577793798261,0.001934666524059026,0.001350982386904331,-0.008848544303221146,0.004997984788900858,-0.006285630686322457,0.011249252217229434,0.0003325937895747446,-0.0016667325830577685,0.0030993481832974693,-0.003860605534595488,-0.007154120590092078,-0.011306679058042262,0.0002630373262097667,0.002781248513953691,0.0014236171394988919,0.021718855335982563,0.007491814931942121,-0.014703415430391206,0.007445086330086554,0.00045700334082582816,0.013046466167605984,0.0037301321829184015,0.005674919609957389,-0.0021204141899965824,0.009809484833589848,0.0054230553963766056,0.010127967642820437,0.003895618131897206,0.005016021383861502,-0.009204659280475494,-0.01117898062818333,-0.012841616195031241,-0.0022279614112175918,0.0015216626972665776,0.012963502422031224,0.007491814931942121,0.027558582277947156
0.02407469997623359,-0.012578107848218115,0.018253785464823508,-0.009577011757964703,-0.00299699532997347,-7.851437141928971e-5,0.019078090907110733,-0.003987975511865614,0.001723960487176164,0.017581037736885297,-0.019402304197574695,0.007585180675074605,0.011237675150841954,-0.0017311349693909669,-0.006388257694488458,0.006181141896416028,-0.014186470201921786,-0.0014742526115249259,0.0104025613597932,0.00258092565002574,-0.012578107848218115,0.04851169590080267,-0.029069590202605373,0.003199107806014893,0.018305722140494925,-0.01883061746894914,-0.011639505905473956,0.0192403824125342,-0.016561351242212606,-0.02478216297187138,0.020852354317219678,-0.019368479206157564,0.020260538573582985,0.02555471188111389,-0.008712007432113398,0.01575377670609987,-0.0020849417123899577,0.003983502437709249,-0.013412019308394781,0.01771627561285021,0.018253785464823508,-0.029069590202605373,0.07259813513808172,-0.009515442584099304,-0.004658094039616933,0.015069074283230292,0.004833675096272146,-0.0329399426902493,0.00605792898254443,0.014390283107609923,-0.02456895566169627,0.028823794300512948,-0.017618487097315384,-0.014763451482459434,-0.001157731647942418,-0.009233241138377242,-0.0033475814604287824,-0.01284098674339268,0.025333337471785768,-0.024704313732205233,-0.009577011757964703,0.003199107806014893,-0.009515442584099304,0.06017880019747715,0.006201910405055794,-0.017934658879277712,-0.029813824412550243,0.007336182352780786,0.014076486089451723,-0.03781913239344875,0.018880540142771955,-0.031654917255827045,-0.020836901983648935,-0.00038144509859594153,-0.014167762821267424,-0.01304529900030125,0.053836191608266665,0.0070159170969852575,0.005757825918123608,-0.020724112904697667,-0.00299699532997347,0.018305722140494925,-0.004658094039616933,0.006201910405055794,0.03718111982770061,-0.030938483909122922,-0.010775435516747853,0.0037726476850503936,-0.00906187113205882,-0.010236716802113998,0.015546008799639527,-0.004426336078974818,0.0031230081268975108,0.02888075434609618,0.004695800996036344,0.014027990791122406,0.0010439449236129055,-0.01068718205700541,-0.02503965201232923,0.001267023837946654,-7.851437141928971e-5,-0.01883061746894914,0.015069074283230292,-0.017934658879277712,-0.030938483909122922,0.09196113266131321,0.018034911624019087,-0.008147805016404865,-0.006959442298164276,0.020668969318527103,-0.018814139785671168,0.023093331712311548,0.00915753164777331,-0.04737850236669629,0.006678415722466293,-0.0032075872300890524,-0.022461949462951755,-0.0177684527317404,0.022334610401393604,0.0003706762162661131,0.019078090907110733,-0.011639505905473956,0.004833675096272146,-0.029813824412550243,-0.010775435516747853,0.018034911624019087,0.07077354203993615,-0.005833336162859507,-0.009891519909127424,0.016752351292926626,-0.018266851854169965,0.03588400543404184,0.010638474657058743,-0.006501395117718808,0.004006625085827137,0.0031142638459567768,-0.041830382472805086,-0.01277009080814643,0.014345342386235492,0.014849456011909349,-0.003987975511865614,0.0192403824125342,-0.0329399426902493,0.007336182352780786,0.0037726476850503936,-0.008147805016404865,-0.005833336162859507,0.05840770992841174,-0.0019628195293550353,-0.012949337955570739,0.009184407018596064,-0.029969438447859265,0.01870899898170477,0.017990200874865546,-0.01029082021843674,0.011683140988872935,0.015356027593063632,-0.0024968259142633246,0.0048217257473249404,0.019495623600389218,0.001723960487176164,-0.016561351242212606,0.00605792898254443,0.014076486089451723,-0.00906187113205882,-0.006959442298164276,-0.009891519909127424,-0.0019628195293550353,0.041014926054460235,0.0006001652828480839,-0.007382386551824087,-0.0018549323937371307,-0.012404317602186493,-0.013008180085603978,-0.008127199597365424,-0.015367693209905565,0.022925492308155805,0.005849709945986999,0.01621386681305389,-0.021257852646958522,0.017581037736885297,-0.02478216297187138,0.014390283107609923,-0.03781913239344875,-0.010236716802113998,0.020668969318527103,0.016752351292926626,-0.012949337955570739,0.0006001652828480839,0.1295038052307669,-0.051614360430197834,0.028407357913101887,0.0605872527754917,0.0038757785745867504,0.02934850841080447,0.009998460184265763,-0.0828755761881259,-0.039603010232739495,-0.01940734706636269,0.019918834401397488,-0.019402304197574695,0.020852354317219678,-0.02456895566169627,0.018880540142771955,0.015546008799639527,-0.018814139785671168,-0.018266851854169965,0.009184407018596064,-0.007382386551824087,-0.051614360430197834,0.046603106597226884,-0.021752106293013038,-0.021468236293425855,0.010825874680015996,0.0010285918815179027,0.003035715767375254,0.03391532606440077,0.010946566790069851,-0.016450209981698063,-0.00752954039397964,0.007585180675074605,-0.019368479206157564,0.028823794300512948,-0.031654917255827045,-0.004426336078974818,0.023093331712311548,0.03588400543404184,-0.029969438447859265,-0.0018549323937371307,0.028407357913101887,-0.021752106293013038,0.07064168539698704,0.0027886470212084543,-0.00899270495364297,0.008642147819169308,0.005733167111314222,-0.0470399190348048,-0.017474969166548934,0.01591406215354186,-0.014398948869129378,0.011237675150841954,0.020260538573582985,-0.017618487097315384,-0.020836901983648935,0.0031230081268975108,0.00915753164777331,0.010638474657058743,0.01870899898170477,-0.012404317602186493,0.0605872527754917,-0.021468236293425855,0.0027886470212084543,0.09740167767356209,0.0149076063020748,-0.005566849606914824,0.027760052502873115,-0.062459691127042,-0.02216427928445586,-0.025632835216087016,0.032957262810301396,-0.0017311349693909669,0.02555471188111389,-0.014763451482459434,-0.00038144509859594153,0.02888075434609618,-0.04737850236669629,-0.006501395117718808,0.017990200874865546,-0.013008180085603978,0.0038757785745867504,0.010825874680015996,-0.00899270495364297,0.0149076063020748,0.05760257214475863,0.012740199846335962,0.017354997719784545,-0.011940426073754161,-0.009007095390783315,-0.0281747563518734,0.015766594690687176,-0.006388257694488458,-0.008712007432113398,-0.001157731647942418,-0.014167762821267424,0.004695800996036344,0.006678415722466293,0.004006625085827137,-0.01029082021843674,-0.008127199597365424,0.02934850841080447,0.0010285918815179027,0.008642147819169308,-0.005566849606914824,0.012740199846335962,0.07073260503000693,-0.005582773380381439,-0.03789155012102109,-0.023922220992941175,-0.03791520509852733,0.006750707094432916,0.006181141896416028,0.01575377670609987,-0.009233241138377242,-0.01304529900030125,0.014027990791122406,-0.0032075872300890524,0.0031142638459567768,0.011683140988872935,-0.015367693209905565,0.009998460184265763,0.003035715767375254,0.005733167111314222,0.027760052502873115,0.017354997719784545,-0.005582773380381439,0.0328876694002254,-0.018281933609321767,-0.007438740369533785,-0.013017735009294025,0.013344187520432642,-0.014186470201921786,-0.0020849417123899577,-0.0033475814604287824,0.053836191608266665,0.0010439449236129055,-0.022461949462951755,-0.041830382472805086,0.015356027593063632,0.022925492308155805,-0.0828755761881259,0.03391532606440077,-0.0470399190348048,-0.062459691127042,-0.011940426073754161,-0.03789155012102109,-0.018281933609321767,0.12190624140521404,0.03595885814560956,0.02850160950624306,-0.0392230694951973,-0.0014742526115249259,0.003983502437709249,-0.01284098674339268,0.0070159170969852575,-0.01068718205700541,-0.0177684527317404,-0.01277009080814643,-0.0024968259142633246,0.005849709945986999,-0.039603010232739495,0.010946566790069851,-0.017474969166548934,-0.02216427928445586,-0.009007095390783315,-0.023922220992941175,-0.007438740369533785,0.03595885814560956,0.05824696394267407,0.009090200336242226,0.001558978739024634,0.0104025613597932,-0.013412019308394781,0.025333337471785768,0.005757825918123608,-0.02503965201232923,0.022334610401393604,0.014345342386235492,0.0048217257473249404,0.01621386681305389,-0.01940734706636269,-0.016450209981698063,0.01591406215354186,-0.025632835216087016,-0.0281747563518734,-0.03791520509852733,-0.013017735009294025,0.02850160950624306,0.009090200336242226,0.08333243939555729,-0.01508112795458099,0.00258092565002574,0.01771627561285021,-0.024704313732205233,-0.020724112904697667,0.001267023837946654,0.0003706762162661131,0.014849456011909349,0.019495623600389218,-0.021257852646958522,0.019918834401397488,-0.00752954039397964,-0.014398948869129378,0.032957262810301396,0.015766594690687176,0.006750707094432916,0.013344187520432642,-0.0392230694951973,0.001558978739024634,-0.01508112795458099,0.05379599389560858
