0.0215090405307592,0.007764752291619438,0.008024294978890005,0.0038940696657954466,-0.005160280398089431,-0.006016897656509229,0.0006388985075418266,-0.001809190581083303,-0.0012653909831235512,0.0018857225101105398,0.0021113310207475436,0.0015233032393524375,-0.006417162212174829,-0.0055500705876223464,0.005412889238835467,-0.00511057637487102,-0.0010352136061838088,0.008364793810075257,-0.007803263389951303,-0.0037919518827463175,0.007764752291619438,0.01437196574984289,0.004111097546651355,0.004696310502169837,-0.003166291796580606,-0.002430719058510741,-0.0016164327063141418,0.0037123287445565327,0.0035270578068016464,0.0013599381745511454,0.002400582883588413,-0.002651150138747036,-0.004318713430882429,0.0001754004621622968,0.00042247699160297993,0.0002284346542867143,0.0008632595978924799,0.0030940343297151673,-0.002484311582662553,0.0014593232748730278,0.008024294978890005,0.004111097546651355,0.022159042317454313,-0.0008192726544518362,-0.004454356269486762,-0.0025655368050028528,-0.0036039198899277037,-0.005897117690708647,-0.006532504111176493,0.002061672327453151,0.001861593236263625,-0.0011013677077799208,-0.0021949600940392453,-0.0007528825833085001,0.0008391190698660548,-0.0002269401897906817,-0.0037078631030728892,0.006734442346923089,-0.006058770495675343,-0.000920109635043775,0.0038940696657954466,0.004696310502169837,-0.0008192726544518362,0.02102925184778185,-0.001834209002777813,-0.005262550963590404,-0.005073957327026745,-0.001204249036323198,-0.001802693898371681,-0.00033517448114876974,0.00030636686948515984,-0.0019555292597983444,-0.007013428820267022,-0.0015169686418083938,0.0018198134803555507,0.0004817596875674126,0.003298821446631918,-0.00153731693574745,0.0029563656723297863,-0.0011898665467425765,-0.005160280398089431,-0.003166291796580606,-0.004454356269486762,-0.001834209002777813,0.020582432785148683,0.00346663348125851,0.004951763846723394,0.004403418905704843,0.006100157430378248,0.0010917692733734751,-0.0009609949028661764,0.0002687878923780286,0.006844033700009033,0.0013179454100469847,-0.0018797196193459486,-0.002053563060737492,-0.0011619825912491707,0.00016869007146344832,0.000708075590680239,-0.0026891670317045558,-0.006016897656509229,-0.002430719058510741,-0.0025655368050028528,-0.005262550963590404,0.00346663348125851,0.018373722487210444,0.001472778251153637,-0.0005416561896461186,0.0024572740535291305,-0.0025161114437869127,-0.0028704999331368966,-0.0013588554083963891,0.01085203565653302,4.066219566524085e-5,-0.00316361148996542,-0.0009148701033350946,-0.003949384987950335,-0.001713655951767821,-0.0030726360492744267,0.003070573595305423,0.0006388985075418266,-0.0016164327063141418,-0.0036039198899277037,-0.005073957327026745,0.004951763846723394,0.001472778251153637,0.016488994526334868,-0.0025993225436268166,-0.00046837997100191786,-0.004012300082990158,-0.0009807075155599631,-0.0023413448723725375,0.0016688496119861228,-0.0015210208249813832,0.0011958325610516777,0.0016919667833303737,0.0012498533956807278,-0.002608378074593024,0.0009985040969626945,0.004441966300945452,-0.001809190581083303,0.0037123287445565327,-0.005897117690708647,-0.001204249036323198,0.004403418905704843,-0.0005416561896461186,-0.0025993225436268166,0.015498405164913596,0.004947037729248055,0.0004710570982964314,-0.0052416757994040416,-0.0003788229686497502,0.0008258004643488725,0.002488058262401975,-0.0007195525041848912,-0.0016860096047496842,6.324301073579926e-5,-0.004366595490705422,0.003355839767010888,-0.002946891225934535,-0.0012653909831235512,0.0035270578068016464,-0.006532504111176493,-0.001802693898371681,0.006100157430378248,0.0024572740535291305,-0.00046837997100191786,0.004947037729248055,0.016409881353457504,-0.0011476864220494112,0.0007948864964619099,0.0009740591318827721,0.0019242821976010141,-0.002389332867712925,-0.0011318135939439285,0.0011294037694903791,-0.0016693383327006216,-0.0029730518967476054,0.003492112905215233,-0.0018166891615191832,0.0018857225101105398,0.0013599381745511454,0.002061672327453151,-0.00033517448114876974,0.0010917692733734751,-0.0025161114437869127,-0.004012300082990158,0.0004710570982964314,-0.0011476864220494112,0.01630534736027047,-0.0021937261990154404,0.0018090620501122485,-0.005034255026190711,0.0008989037494237407,-4.636850867780626e-5,-0.0018107751791769807,-0.003907739896190891,0.0043626871616122085,0.00038365522872627436,-0.005925739981003346,0.0021113310207475436,0.002400582883588413,0.001861593236263625,0.00030636686948515984,-0.0009609949028661764,-0.0028704999331368966,-0.0009807075155599631,-0.0052416757994040416,0.0007948864964619099,-0.0021937261990154404,0.01125987412292537,-0.0013587784395044334,0.002190359389247173,-0.0007429207275261523,0.0002996404186920499,-0.002344358798492383,-9.863512442241753e-5,0.0025329043318208597,-0.004100810758680318,0.0069595929835487335,0.0015233032393524375,-0.002651150138747036,-0.0011013677077799208,-0.0019555292597983444,0.0002687878923780286,-0.0013588554083963891,-0.0023413448723725375,-0.0003788229686497502,0.0009740591318827721,0.0018090620501122485,-0.0013587784395044334,0.016462694421794117,-0.003531263781853118,0.001711450536095065,0.002923005460096032,-0.000997248471267101,-0.0006702764273878857,0.0017756337512916842,-0.0011294345784159288,-0.0023377082912859346,-0.006417162212174829,-0.004318713430882429,-0.0021949600940392453,-0.007013428820267022,0.006844033700009033,0.01085203565653302,0.0016688496119861228,0.0008258004643488725,0.0019242821976010141,-0.005034255026190711,0.002190359389247173,-0.003531263781853118,0.021742002062411857,0.001357122075927404,-0.00601652431318877,0.0033402792929789027,-0.0032193956615609682,-0.002997407936250326,-0.00022938804340981718,0.005252252947778159,-0.0055500705876223464,0.0001754004621622968,-0.0007528825833085001,-0.0015169686418083938,0.0013179454100469847,4.066219566524085e-5,-0.0015210208249813832,0.002488058262401975,-0.002389332867712925,0.0008989037494237407,-0.0007429207275261523,0.001711450536095065,0.001357122075927404,0.014020569533164497,0.0012263157098594223,0.0019040685762588,-0.0023016832712261345,-0.0005229970662055704,0.0015319144643245182,-0.007048286481564355,0.005412889238835467,0.00042247699160297993,0.0008391190698660548,0.0018198134803555507,-0.0018797196193459486,-0.00316361148996542,0.0011958325610516777,-0.0007195525041848912,-0.0011318135939439285,-4.636850867780626e-5,0.0002996404186920499,0.002923005460096032,-0.00601652431318877,0.0012263157098594223,0.017148050015538607,0.002373615557051881,-0.001311767770209726,0.004652451852544707,-0.003390271284320084,-0.0019488991131597793,-0.00511057637487102,0.0002284346542867143,-0.0002269401897906817,0.0004817596875674126,-0.002053563060737492,-0.0009148701033350946,0.0016919667833303737,-0.0016860096047496842,0.0011294037694903791,-0.0018107751791769807,-0.002344358798492383,-0.000997248471267101,0.0033402792929789027,0.0019040685762588,0.002373615557051881,0.012904179156189277,0.0008205204235839905,-0.004138085470546619,0.0025579366064402585,-0.0009551181252343264,-0.0010352136061838088,0.0008632595978924799,-0.0037078631030728892,0.003298821446631918,-0.0011619825912491707,-0.003949384987950335,0.0012498533956807278,6.324301073579926e-5,-0.0016693383327006216,-0.003907739896190891,-9.863512442241753e-5,-0.0006702764273878857,-0.0032193956615609682,-0.0023016832712261345,-0.001311767770209726,0.0008205204235839905,0.016630414523094706,-0.0061470224187604675,0.00570819210445421,0.004522855610929498,0.008364793810075257,0.0030940343297151673,0.006734442346923089,-0.00153731693574745,0.00016869007146344832,-0.001713655951767821,-0.002608378074593024,-0.004366595490705422,-0.0029730518967476054,0.0043626871616122085,0.0025329043318208597,0.0017756337512916842,-0.002997407936250326,-0.0005229970662055704,0.004652451852544707,-0.004138085470546619,-0.0061470224187604675,0.022842114202619796,-0.009867627904550837,-0.004502564207356858,-0.007803263389951303,-0.002484311582662553,-0.006058770495675343,0.0029563656723297863,0.000708075590680239,-0.0030726360492744267,0.0009985040969626945,0.003355839767010888,0.003492112905215233,0.00038365522872627436,-0.004100810758680318,-0.0011294345784159288,-0.00022938804340981718,0.0015319144643245182,-0.003390271284320084,0.0025579366064402585,0.00570819210445421,-0.009867627904550837,0.02124743022502921,-4.584704579206496e-5,-0.0037919518827463175,0.0014593232748730278,-0.000920109635043775,-0.0011898665467425765,-0.0026891670317045558,0.003070573595305423,0.004441966300945452,-0.002946891225934535,-0.0018166891615191832,-0.005925739981003346,0.0069595929835487335,-0.0023377082912859346,0.005252252947778159,-0.007048286481564355,-0.0019488991131597793,-0.0009551181252343264,0.004522855610929498,-0.004502564207356858,-4.584704579206496e-5,0.024128818269800414
