0.028980977921806948,0.009715778739838548,-0.0007177260152215264,0.004897612230890096,0.001815135393879416,-0.008533344851811623,0.0029737812542744236,-0.009042604781737702,-0.001260681701180807,-0.0009706693485498638,0.002378296625572377,-0.005352221286922287,-0.002152041978103847,-0.016504136790234714,0.013803222972802528,0.0027108558775089816,0.012572647826625873,-0.0001179321976175784,0.002881517579931733,0.010723214182994892,0.009715778739838548,0.05326454021210517,0.0003157816585763339,0.006636337140330462,0.0020254446354914927,-0.019550102340237442,0.0022085678269599127,-0.006471453717692617,0.006613495370735316,-0.007435757810553597,-0.005636503047179133,0.012415966022169368,-0.007167726946952989,-0.021597017174347262,0.009500038727401433,-0.01651843923539637,0.01709404734251959,0.003620616396535198,0.017577958145797448,0.014828548893465838,-0.0007177260152215264,0.0003157816585763339,0.031723028019383454,0.008042725592518826,0.0017634305817676576,-0.018695371743764906,0.0013293726321868425,-0.013448625273944807,0.019320433304734416,-0.00527236584481944,0.0015311542891922898,0.004274708434569757,-0.003883405872918845,-0.011453652362670524,0.00010501142084289711,0.0031387274503002424,0.011878828003723607,-0.0031840871836145064,0.0006649865723247601,-0.008988267151414441,0.004897612230890096,0.006636337140330462,0.008042725592518826,0.07858046681582313,0.026791923851217432,-0.014403712976784486,-0.01061384140734266,0.020879054111726962,-0.009219361177580614,0.001987479447627419,-0.013553045190862228,0.010297233897762288,0.004316098290976483,-0.01816722635776411,-0.006061103509303572,-0.005971091806671912,0.022968391788513377,-0.02723297050186789,-0.0171776317285524,-0.040165446606748784,0.001815135393879416,0.0020254446354914927,0.0017634305817676576,0.026791923851217432,0.03221387578978052,0.005208348526112376,-0.0015406410155601158,0.02290603813606161,-0.025636709054842256,0.0009702375861311621,-0.005591055692734895,0.004571274669760218,0.0015690074860594957,-0.00818290700024547,-0.0005022865782311715,-0.004321735473821269,0.008118344993021073,-0.011618690394505651,-0.00551004510361359,-0.022525968084821393,-0.008533344851811623,-0.019550102340237442,-0.018695371743764906,-0.014403712976784486,0.005208348526112376,0.077787269696173,-0.007573291716802681,0.023409399450648568,-0.01385618378311864,0.001988673999692234,-0.0009674939256565339,-0.00698689401445786,0.017063735483576623,0.031760174931753316,-0.020871202433405116,0.01096519348625364,-0.018226162303952353,-0.006240333499634784,-0.015044509704390061,-0.01375720844111629,0.0029737812542744236,0.0022085678269599127,0.0013293726321868425,-0.01061384140734266,-0.0015406410155601158,-0.007573291716802681,0.027234555308087795,-0.009012381431744796,-0.0033514010558913314,-0.005508926641422667,-0.0012464041510320985,0.002699575324976717,-0.007086573014954515,-0.005717149695467239,-0.0023305178676287733,-0.0018165942174138824,0.005623390649819606,0.00817357433002968,0.010292780632041656,-0.0010419254297980409,-0.009042604781737702,-0.006471453717692617,-0.013448625273944807,0.020879054111726962,0.02290603813606161,0.023409399450648568,-0.009012381431744796,0.058310421144118635,-0.02991281479690497,0.002862204276964964,-0.007363734655341259,0.0003881264749401375,0.0009259669326163727,0.019462317382081713,-0.014363015059869734,0.00821785011839698,-0.001906489808141931,-0.01076723341943837,-0.010863758346732012,-0.023603856029134868,-0.001260681701180807,0.006613495370735316,0.019320433304734416,-0.009219361177580614,-0.025636709054842256,-0.01385618378311864,-0.0033514010558913314,-0.02991281479690497,0.10699578579658209,0.004845057793254423,-0.005274234294884992,-0.0017339475858977487,0.0100950992591257,0.001975698489252208,-0.012129446923080944,-0.01864538929523222,0.001254972388447896,-0.00028913898726483015,-0.0007629082026603376,0.009041653410223682,-0.0009706693485498638,-0.007435757810553597,-0.00527236584481944,0.001987479447627419,0.0009702375861311621,0.001988673999692234,-0.005508926641422667,0.002862204276964964,0.004845057793254423,0.03486053471533122,-0.010276584502629124,-0.015285684778024361,0.006647386018146217,0.0063112080018137735,0.001513553865788787,0.004755228040886123,-0.008341169157341666,0.005325203263889175,-0.0005191179963344912,0.009299126828674953,0.002378296625572377,-0.005636503047179133,0.0015311542891922898,-0.013553045190862228,-0.005591055692734895,-0.0009674939256565339,-0.0012464041510320985,-0.007363734655341259,-0.005274234294884992,-0.010276584502629124,0.030240700878119336,0.0020804324993209697,-0.005033319801382182,0.000580304209430146,0.013115437017728831,-0.0011622330509367227,-0.004400308220986006,0.001418657626389813,0.0020060757345634135,0.00711595721082699,-0.005352221286922287,0.012415966022169368,0.004274708434569757,0.010297233897762288,0.004571274669760218,-0.00698689401445786,0.002699575324976717,0.0003881264749401375,-0.0017339475858977487,-0.015285684778024361,0.0020804324993209697,0.03844829663862447,0.0003706434895285052,-0.018844127298057484,-0.010421914250369538,-0.012469192327370721,0.008487223730041703,-0.008415491927380905,0.0035917895262166334,-0.01801188949206537,-0.002152041978103847,-0.007167726946952989,-0.003883405872918845,0.004316098290976483,0.0015690074860594957,0.017063735483576623,-0.007086573014954515,0.0009259669326163727,0.0100950992591257,0.006647386018146217,-0.005033319801382182,0.0003706434895285052,0.024606914135821965,0.006319619026047325,-0.005822629181870398,-0.0043422708143652615,-0.007126079903494857,-0.00700050743415468,-0.010720968542261327,-0.007791914677102045,-0.016504136790234714,-0.021597017174347262,-0.011453652362670524,-0.01816722635776411,-0.00818290700024547,0.031760174931753316,-0.005717149695467239,0.019462317382081713,0.001975698489252208,0.0063112080018137735,0.000580304209430146,-0.018844127298057484,0.006319619026047325,0.060035716369251764,-0.012346627948700976,0.01439499003061383,-0.030968135928161306,0.0022956744777517433,-0.0192623170123416,0.0036221854474288153,0.013803222972802528,0.009500038727401433,0.00010501142084289711,-0.006061103509303572,-0.0005022865782311715,-0.020871202433405116,-0.0023305178676287733,-0.014363015059869734,-0.012129446923080944,0.001513553865788787,0.013115437017728831,-0.010421914250369538,-0.005822629181870398,-0.012346627948700976,0.044356703743421565,0.002725261083655627,0.004252233285880886,0.0035966960841019397,0.004339162401007582,0.02815552502775987,0.0027108558775089816,-0.01651843923539637,0.0031387274503002424,-0.005971091806671912,-0.004321735473821269,0.01096519348625364,-0.0018165942174138824,0.00821785011839698,-0.01864538929523222,0.004755228040886123,-0.0011622330509367227,-0.012469192327370721,-0.0043422708143652615,0.01439499003061383,0.002725261083655627,0.03994967846996095,-0.015636761349316283,0.0036251693322313073,-0.013750094472991291,0.0011202118480902112,0.012572647826625873,0.01709404734251959,0.011878828003723607,0.022968391788513377,0.008118344993021073,-0.018226162303952353,0.005623390649819606,-0.001906489808141931,0.001254972388447896,-0.008341169157341666,-0.004400308220986006,0.008487223730041703,-0.007126079903494857,-0.030968135928161306,0.004252233285880886,-0.015636761349316283,0.04271036324890283,-0.014261368296194406,0.007587162579875736,-0.015477327109054344,-0.0001179321976175784,0.003620616396535198,-0.0031840871836145064,-0.02723297050186789,-0.011618690394505651,-0.006240333499634784,0.00817357433002968,-0.01076723341943837,-0.00028913898726483015,0.005325203263889175,0.001418657626389813,-0.008415491927380905,-0.00700050743415468,0.0022956744777517433,0.0035966960841019397,0.0036251693322313073,-0.014261368296194406,0.04640045065435636,0.02352665882182834,0.021595415585062457,0.002881517579931733,0.017577958145797448,0.0006649865723247601,-0.0171776317285524,-0.00551004510361359,-0.015044509704390061,0.010292780632041656,-0.010863758346732012,-0.0007629082026603376,-0.0005191179963344912,0.0020060757345634135,0.0035917895262166334,-0.010720968542261327,-0.0192623170123416,0.004339162401007582,-0.013750094472991291,0.007587162579875736,0.02352665882182834,0.04624379368920466,0.015196048262721883,0.010723214182994892,0.014828548893465838,-0.008988267151414441,-0.040165446606748784,-0.022525968084821393,-0.01375720844111629,-0.0010419254297980409,-0.023603856029134868,0.009041653410223682,0.009299126828674953,0.00711595721082699,-0.01801188949206537,-0.007791914677102045,0.0036221854474288153,0.02815552502775987,0.0011202118480902112,-0.015477327109054344,0.021595415585062457,0.015196048262721883,0.07569054557243138
0.029856836664447613,0.008752892929260587,-0.00864397115741624,0.012732788952649308,0.015367458030563438,0.003638427514444728,-0.0017161824220482623,-0.019545903131141247,0.01735435978380554,-0.005929407264114667,0.012984400454792544,0.016233188893361544,0.0003317585999492764,-0.022285805341240313,-0.012500358982124163,0.015000844435441071,-0.009799707319514512,-0.007662796510627592,-0.003111960357221382,0.026623224955608402,0.008752892929260587,0.05065102046227276,0.019759163095686066,0.02901092261885261,0.04081933165362908,-0.004549882926907592,-0.026318513373649335,-0.005908831465177336,0.001122557175377873,0.010663620994056936,-0.012641555608126758,0.020040818084920146,0.021285678843445857,-0.046644996411889364,-0.0019089912918597626,-0.028415085878400394,-0.005014553942085732,-0.003976978925493594,0.009383560130001642,0.005599199049274108,-0.00864397115741624,0.019759163095686066,0.06379036571976214,-0.0005040912093052926,0.034084524334612704,-0.0073606004505119265,-0.01698983969802336,0.032078263329950604,-0.01931864139388552,0.024816589982190506,-0.01874121383589439,0.015756599414683665,0.031568058642116675,0.01840758172925231,0.035375507997539565,-0.0568110198012885,0.020893937601548285,0.001307789921556529,0.01638387933310677,-0.043571456578898965,0.012732788952649308,0.02901092261885261,-0.0005040912093052926,0.05568337859101492,0.03625146106989827,0.0026822418455397594,-0.022482937168553315,-0.010085048357364096,0.023811748669867017,-0.003959397276095857,-0.007335738075774648,0.02195725524709479,0.014556337389735262,-0.06268341249804465,-0.022745444381410324,-0.01599430784086968,-0.008044482919331516,-0.005416481083897094,0.002191591500282357,0.02261034971206647,0.015367458030563438,0.04081933165362908,0.034084524334612704,0.03625146106989827,0.1032153808342889,-0.014989070038981624,-0.05274211580895421,0.020541637990578208,0.007595446865115124,0.012282535675142653,0.0015831616136987798,0.049699750688744604,0.05622253002160614,-0.05458798966937399,0.007306707624753026,-0.06289339547511937,-0.009690188935138535,-0.019770284668644465,-0.0204190038561804,0.0035346745824680393,0.003638427514444728,-0.004549882926907592,-0.0073606004505119265,0.0026822418455397594,-0.014989070038981624,0.023022124723585453,0.005119525605491384,-0.019617868622325244,0.013029377738011433,-0.007972680608102935,-0.009550634304303689,-0.006051012006859462,-0.009901880073551111,-0.010824609034209672,-0.01585219007422362,0.0180479543676344,-0.0004786714143994249,0.014773625010824371,0.017677945350133763,-0.002879907945626043,-0.0017161824220482623,-0.026318513373649335,-0.01698983969802336,-0.022482937168553315,-0.05274211580895421,0.005119525605491384,0.05707839664630857,-0.008502041515787307,-0.003801062065908626,0.005430727645310985,0.0054976992907225415,-0.028286330504847475,-0.023457360202176078,0.05184115445650611,0.015305420835064493,0.03335688806153339,0.016800393651558897,0.016619835515718488,0.019657440435039017,-0.0062845732006250946,-0.019545903131141247,-0.005908831465177336,0.032078263329950604,-0.010085048357364096,0.020541637990578208,-0.019617868622325244,-0.008502041515787307,0.07780305120944435,-0.029836786374265865,0.024354088589528644,0.001190128059968302,0.0013798746623457986,0.024383994506769813,0.037256557804614995,0.03637378067952494,-0.055528133757005736,0.016656402142026985,-0.015251179105660428,-0.022479708284969663,-0.03775190536177367,0.01735435978380554,0.001122557175377873,-0.01931864139388552,0.023811748669867017,0.007595446865115124,0.013029377738011433,-0.003801062065908626,-0.029836786374265865,0.058421954127906815,-0.01979874938797074,0.010244810488684985,0.02184944058676007,-0.0027348248511802745,-0.043864591828766605,-0.043624278159975625,0.017791352263460465,-0.014860918198073381,-0.0030561455689363426,-0.0027489271771839983,0.0407411506998693,-0.005929407264114667,0.010663620994056936,0.024816589982190506,-0.003959397276095857,0.012282535675142653,-0.007972680608102935,0.005430727645310985,0.024354088589528644,-0.01979874938797074,0.04016590398136509,-0.004848343956111969,0.002891136556105546,0.023125344092123523,0.027770484977641348,0.03881638015924037,-0.029634525939809545,0.018713075964305756,0.005279673394400422,0.014535498800374864,-0.030820218591289715,0.012984400454792544,-0.012641555608126758,-0.01874121383589439,-0.007335738075774648,0.0015831616136987798,-0.009550634304303689,0.0054976992907225415,0.001190128059968302,0.010244810488684985,-0.004848343956111969,0.04701204745563228,0.01057834914261865,-0.007376536259267652,-0.0001383925238296678,-0.014304179880426263,0.027570364336376114,-0.014939293538339133,-0.013859378918175416,-0.02951370136481881,0.02885591408106867,0.016233188893361544,0.020040818084920146,0.015756599414683665,0.02195725524709479,0.049699750688744604,-0.006051012006859462,-0.028286330504847475,0.0013798746623457986,0.02184944058676007,0.002891136556105546,0.01057834914261865,0.05762720361830122,0.029881827478466565,-0.035078738558776315,-0.012384291259977483,-0.019491236737601756,-0.009424877655125247,-0.009840482619724096,-0.010411004169488144,0.01639829413223966,0.0003317585999492764,0.021285678843445857,0.031568058642116675,0.014556337389735262,0.05622253002160614,-0.009901880073551111,-0.023457360202176078,0.024383994506769813,-0.0027348248511802745,0.023125344092123523,-0.007376536259267652,0.029881827478466565,0.06208197347927748,-0.007802513814960394,0.02818497883437275,-0.05412348081900041,0.007692730186816463,-0.0029994872118839448,-0.000961773447367407,-0.023951112491599758,-0.022285805341240313,-0.046644996411889364,0.01840758172925231,-0.06268341249804465,-0.05458798966937399,-0.010824609034209672,0.05184115445650611,0.037256557804614995,-0.043864591828766605,0.027770484977641348,-0.0001383925238296678,-0.035078738558776315,-0.007802513814960394,0.13089463434862653,0.06611670411791978,0.0037522110921045584,0.033885111115248674,0.020497330780004798,0.015134510694371647,-0.06398681971421857,-0.012500358982124163,-0.0019089912918597626,0.035375507997539565,-0.022745444381410324,0.007306707624753026,-0.01585219007422362,0.015305420835064493,0.03637378067952494,-0.043624278159975625,0.03881638015924037,-0.014304179880426263,-0.012384291259977483,0.02818497883437275,0.06611670411791978,0.09232555186287544,-0.038774607851625606,0.03292122573224221,0.014091520607620662,0.015172458059459425,-0.05752664474274154,0.015000844435441071,-0.028415085878400394,-0.0568110198012885,-0.01599430784086968,-0.06289339547511937,0.0180479543676344,0.03335688806153339,-0.055528133757005736,0.017791352263460465,-0.029634525939809545,0.027570364336376114,-0.019491236737601756,-0.05412348081900041,0.0037522110921045584,-0.038774607851625606,0.12109869632236564,-0.02291539515711124,0.013944302497718379,0.002316270340533317,0.049039298937883696,-0.009799707319514512,-0.005014553942085732,0.020893937601548285,-0.008044482919331516,-0.009690188935138535,-0.0004786714143994249,0.016800393651558897,0.016656402142026985,-0.014860918198073381,0.018713075964305756,-0.014939293538339133,-0.009424877655125247,0.007692730186816463,0.033885111115248674,0.03292122573224221,-0.02291539515711124,0.039298521034579835,0.016013252556683618,0.02512495567586286,-0.03781336550559779,-0.007662796510627592,-0.003976978925493594,0.001307789921556529,-0.005416481083897094,-0.019770284668644465,0.014773625010824371,0.016619835515718488,-0.015251179105660428,-0.0030561455689363426,0.005279673394400422,-0.013859378918175416,-0.009840482619724096,-0.0029994872118839448,0.020497330780004798,0.014091520607620662,0.013944302497718379,0.016013252556683618,0.04337356485263152,0.03528917538276402,-0.020893995287453573,-0.003111960357221382,0.009383560130001642,0.01638387933310677,0.002191591500282357,-0.0204190038561804,0.017677945350133763,0.019657440435039017,-0.022479708284969663,-0.0027489271771839983,0.014535498800374864,-0.02951370136481881,-0.010411004169488144,-0.000961773447367407,0.015134510694371647,0.015172458059459425,0.002316270340533317,0.02512495567586286,0.03528917538276402,0.07066436472798768,-0.03448710541057441,0.026623224955608402,0.005599199049274108,-0.043571456578898965,0.02261034971206647,0.0035346745824680393,-0.002879907945626043,-0.0062845732006250946,-0.03775190536177367,0.0407411506998693,-0.030820218591289715,0.02885591408106867,0.01639829413223966,-0.023951112491599758,-0.06398681971421857,-0.05752664474274154,0.049039298937883696,-0.03781336550559779,-0.020893995287453573,-0.03448710541057441,0.09986604994037014
0.08085009637471094,0.031970616171292016,-0.03113513050245363,0.0007516351686970781,-0.022736473009333704,-0.03095084230049823,0.016046875281642316,-0.032772425299587335,0.012268099651395126,0.008576224765417525,0.005549928372259049,-0.02505032215174007,-0.022589744579962677,-0.006055815771235678,-0.01798887571236705,0.0031222469312118775,0.002028780607305509,-0.0010278599767013087,-0.025928420236067333,0.039375785068549635,0.031970616171292016,0.06118131492142216,-0.05013788140732632,0.0029971056154864664,-0.007100481083857924,-0.00743756716482347,-0.0027500902706371682,-0.0038291572871030875,-0.03200523423443945,-0.0009353556958690223,0.0016026803835697033,-0.00025853819461650813,-0.028940576157999914,-0.03928561221840655,-0.01889755555630052,-0.012399312142932103,-0.0009020871396113314,0.023947410724628033,-0.00999828881643106,0.0298743639598526,-0.03113513050245363,-0.05013788140732632,0.12937232179639566,-0.016631534022380656,-0.0006015961100471682,-0.028095586622528215,0.011997301366179979,-0.051854952761569054,0.09807802962651853,0.03281427432058521,0.013693077771336392,-0.012572147746790007,0.02584795089400518,0.036759810435310424,0.03188985678800012,0.03434355872273416,0.022253633065468806,-0.04809509439887312,0.0029451024740868707,-0.05835980554957375,0.0007516351686970781,0.0029971056154864664,-0.016631534022380656,0.04881403057659553,0.01371508964987217,-0.014315770504526221,0.010015826649353974,0.02349285608591855,-0.020588206860363757,0.007806225960535547,-0.010532166327457619,0.01601014011597761,0.005720954596770382,-0.016233114775687736,-0.01600848512426493,-0.018681412620541238,0.003288163250668622,-0.005300764823360777,0.008942700189690983,0.0005066243677974054,-0.022736473009333704,-0.007100481083857924,-0.0006015961100471682,0.01371508964987217,0.04542293006181898,0.02187183795437209,-0.012380899882247238,0.038703628420172685,-0.029921043997511356,-0.006028674025379389,-0.0072848881368581175,0.010760021484551272,-0.001904566610557253,-0.019377122570451176,0.003481589307348713,-0.031117414795200117,0.016020013098877555,-0.0007944790100430652,0.03044418709113536,-0.024014595034154172,-0.03095084230049823,-0.00743756716482347,-0.028095586622528215,-0.014315770504526221,0.02187183795437209,0.09861429132151352,-0.0195851643107062,0.05371989705788472,-0.05720101800116524,-0.038469461866193544,-0.0003729616519865981,0.010595919773039461,-0.009197011652550224,0.014501137945433718,-0.008774561660568303,-0.0017162028587229456,-0.008171992820371166,0.01421766022915559,0.012666031153600755,-0.015195118053801283,0.016046875281642316,-0.0027500902706371682,0.011997301366179979,0.010015826649353974,-0.012380899882247238,-0.0195851643107062,0.03891863749468315,-0.020900652977804014,0.02102542546721186,0.010205013044253933,0.007685777670665095,-0.0014408911851935078,0.002640234969031463,0.016827152465991098,-0.003178211804448315,0.010519788550738847,-0.0026375049476361836,-0.02435254417428964,-0.012604866814650686,0.0037889647102494505,-0.032772425299587335,-0.0038291572871030875,-0.051854952761569054,0.02349285608591855,0.038703628420172685,0.05371989705788472,-0.020900652977804014,0.10556303097517523,-0.07249021233857966,-0.030471238452750873,-0.023315847464228642,0.02987672908627275,0.006206746445649502,-0.005217395257565922,-0.023324219896147077,-0.030086972270009105,-0.0027715051605724864,0.015704596959584538,0.024710043361858166,-0.002348549786016606,0.012268099651395126,-0.03200523423443945,0.09807802962651853,-0.020588206860363757,-0.029921043997511356,-0.05720101800116524,0.02102542546721186,-0.07249021233857966,0.15168886348699068,0.04117559295828224,0.016112209229725415,-0.03858557799038648,0.014204955597820219,0.03033766925469716,0.001756501866133114,0.028052868298867974,0.009522310600030007,-0.03050589462128608,-0.02027995849781496,-0.035557597879629387,0.008576224765417525,-0.0009353556958690223,0.03281427432058521,0.007806225960535547,-0.006028674025379389,-0.038469461866193544,0.010205013044253933,-0.030471238452750873,0.04117559295828224,0.04196186299785715,0.007566327439365835,-0.013677719729312447,0.0030859842859632227,-0.010449402592844239,0.0036416913843519477,0.00010837917597829598,0.015983556930246903,-0.014419669129191471,-0.0030446559754415373,-0.009556643057364696,0.005549928372259049,0.0016026803835697033,0.013693077771336392,-0.010532166327457619,-0.0072848881368581175,-0.0003729616519865981,0.007685777670665095,-0.023315847464228642,0.016112209229725415,0.007566327439365835,0.025066746620145408,-0.010253636351416493,-0.01406325864212498,-0.002347649903655831,0.0059202381996933,0.009979037952976076,-0.0020065140318259365,-0.005904096066299521,-0.0065428986025487055,-0.005426060384541506,-0.02505032215174007,-0.00025853819461650813,-0.012572147746790007,0.01601014011597761,0.010760021484551272,0.010595919773039461,-0.0014408911851935078,0.02987672908627275,-0.03858557799038648,-0.013677719729312447,-0.010253636351416493,0.04751475074399677,0.013583873117091371,0.00658737533664825,0.0004249937506148845,-0.0005060722087656818,-0.01726416368981295,0.0006664078771965952,-0.006988645117049601,0.011271524494731532,-0.022589744579962677,-0.028940576157999914,0.02584795089400518,0.005720954596770382,-0.001904566610557253,-0.009197011652550224,0.002640234969031463,0.006206746445649502,0.014204955597820219,0.0030859842859632227,-0.01406325864212498,0.013583873117091371,0.04847318821073522,0.038395318767071515,0.016490664380465182,0.003049543471613514,-0.0064640860257118155,-0.020246039392939046,-0.00487193337824217,0.0011684929446129798,-0.006055815771235678,-0.03928561221840655,0.036759810435310424,-0.016233114775687736,-0.019377122570451176,0.014501137945433718,0.016827152465991098,-0.005217395257565922,0.03033766925469716,-0.010449402592844239,-0.002347649903655831,0.00658737533664825,0.038395318767071515,0.10025421859887051,0.01973374627715244,0.03663805842269867,-0.026900553178105614,-0.041840982246140454,-0.03506596731241032,0.014210192922224099,-0.01798887571236705,-0.01889755555630052,0.03188985678800012,-0.01600848512426493,0.003481589307348713,-0.008774561660568303,-0.003178211804448315,-0.023324219896147077,0.001756501866133114,0.0036416913843519477,0.0059202381996933,0.0004249937506148845,0.016490664380465182,0.01973374627715244,0.058414315415056026,0.010537275926326358,0.005051878080993134,-0.020654660153112382,0.0065209307070829715,0.0032910973446990985,0.0031222469312118775,-0.012399312142932103,0.03434355872273416,-0.018681412620541238,-0.031117414795200117,-0.0017162028587229456,0.010519788550738847,-0.030086972270009105,0.028052868298867974,0.00010837917597829598,0.009979037952976076,-0.0005060722087656818,0.003049543471613514,0.03663805842269867,0.010537275926326358,0.056849045372357625,-0.01683140554137498,-0.013059765718067632,-0.0363551581385303,0.0020628683384179627,0.002028780607305509,-0.0009020871396113314,0.022253633065468806,0.003288163250668622,0.016020013098877555,-0.008171992820371166,-0.0026375049476361836,-0.0027715051605724864,0.009522310600030007,0.015983556930246903,-0.0020065140318259365,-0.01726416368981295,-0.0064640860257118155,-0.026900553178105614,0.005051878080993134,-0.01683140554137498,0.043194472161415726,-0.006435535050860801,0.025210210900533634,-0.029175782920374115,-0.0010278599767013087,0.023947410724628033,-0.04809509439887312,-0.005300764823360777,-0.0007944790100430652,0.01421766022915559,-0.02435254417428964,0.015704596959584538,-0.03050589462128608,-0.014419669129191471,-0.005904096066299521,0.0006664078771965952,-0.020246039392939046,-0.041840982246140454,-0.020654660153112382,-0.013059765718067632,-0.006435535050860801,0.06126838174897841,0.00997903185374031,0.0017001512452601904,-0.025928420236067333,-0.00999828881643106,0.0029451024740868707,0.008942700189690983,0.03044418709113536,0.012666031153600755,-0.012604866814650686,0.024710043361858166,-0.02027995849781496,-0.0030446559754415373,-0.0065428986025487055,-0.006988645117049601,-0.00487193337824217,-0.03506596731241032,0.0065209307070829715,-0.0363551581385303,0.025210210900533634,0.00997903185374031,0.0786921834165356,-0.03326637625188701,0.039375785068549635,0.0298743639598526,-0.05835980554957375,0.0005066243677974054,-0.024014595034154172,-0.015195118053801283,0.0037889647102494505,-0.002348549786016606,-0.035557597879629387,-0.009556643057364696,-0.005426060384541506,0.011271524494731532,0.0011684929446129798,0.014210192922224099,0.0032910973446990985,0.0020628683384179627,-0.029175782920374115,0.0017001512452601904,-0.03326637625188701,0.08620339433151869
