0.030073367707811965,0.0033910660670888213,0.010156471513866321,-0.005230961397122336,0.0018625524283030982,-0.013972398403152904,-0.0025524161999562383,-0.0003608882263208496,-0.011880537082767165,0.006800978285191973,0.0062651335493628425,-0.001187548882728673,-0.00866364611571436,0.009076544254441904,-0.004810694596249608,-0.0022992519274850393,-0.0023237197852589236,-0.001490313362781665,-0.018877411858150926,0.008701601870791727,0.0033910660670888213,0.013947996078024742,0.0032799571169517703,0.0002648210140128017,0.001658636152670867,-0.003530427132231546,0.0009061232908833619,0.0015080201576212588,0.0037568066716337687,-0.0008809874734771011,0.002524190119717726,-0.0066260922434364725,0.002202251035545777,0.002300417354059594,0.002440127681932984,-0.004912426079210228,-0.0031221017346331117,0.0007671658149236427,-0.006106349719875692,0.0021527844144136497,0.010156471513866321,0.0032799571169517703,0.029574552211746638,-0.0004847938700784177,-0.004110642231441017,-0.008311532719488667,-0.002478121509740785,-0.0006261918513159828,-0.009629924289267676,0.0007043744861496058,0.010107387416396985,-0.008522979865146581,-0.006050506474004385,-0.001441168712312681,-0.0005713426340925548,0.0014393393581562186,-0.0015594918252001262,0.004023302572398149,-0.007541726123685441,-0.0024636646819626217,-0.005230961397122336,0.0002648210140128017,-0.0004847938700784177,0.024253734859845354,-0.0019276732096951824,-0.002914728951178748,-0.004586890957728941,0.001959931297840804,-0.0011515241300246394,-0.0028265301404185117,-0.0008372294763337299,0.00010613119483880417,-0.003039284905883409,-0.003069369779411922,0.002565860412878984,-0.0005972865138617778,0.0031290858371545126,-0.0005003832181039861,0.01158147746534512,-0.009875776838912392,0.0018625524283030982,0.001658636152670867,-0.004110642231441017,-0.0019276732096951824,0.025253946174300965,0.0011852599843523725,-9.901641367562902e-5,0.0005771060564987275,0.011131465662160264,-0.003966409966206669,0.006709138196472229,-0.009926122151450893,0.00880259708260046,8.083737097840719e-5,-0.008325458462714727,-0.00818333806504902,-0.006572306485276271,-0.0002101470242874005,-0.007552051799941711,0.014406149273206412,-0.013972398403152904,-0.003530427132231546,-0.008311532719488667,-0.002914728951178748,0.0011852599843523725,0.033750888176598375,0.007454312864521482,-0.004350832231922026,0.01104328138027003,-0.008065759826667112,-0.010117696546427024,0.008232191141632903,0.013560744484284406,-0.007891138896757258,0.0033575993598534432,-0.0030054903677013906,-0.00023920354514989564,0.00508170128233763,0.00602217282124956,-0.005172326906904296,-0.0025524161999562383,0.0009061232908833619,-0.002478121509740785,-0.004586890957728941,-9.901641367562902e-5,0.007454312864521482,0.021567870751006732,-0.0020125375539091924,-0.0002942179758777839,-0.005239437083371044,-0.004177498601548878,0.0006982315396849906,0.004650092389800968,-0.0076655191486885875,0.0027424637637550042,-0.00028616822038873965,0.003520512727094547,-0.0010151200820567629,0.0026636080203343224,-0.000726934528229035,-0.0003608882263208496,0.0015080201576212588,-0.0006261918513159828,0.001959931297840804,0.0005771060564987275,-0.004350832231922026,-0.0020125375539091924,0.016328737566067474,0.0005542579522006069,0.005204147421734379,0.0028224774639741884,-0.0023910407883831848,-0.007971524178548774,-0.000163436499739828,0.0004857130099060226,-0.0014537752706597054,-0.001277339891699337,-0.0008048545529034253,0.004269507505729997,0.0003434846014449838,-0.011880537082767165,0.0037568066716337687,-0.009629924289267676,-0.0011515241300246394,0.011131465662160264,0.01104328138027003,-0.0002942179758777839,0.0005542579522006069,0.029752285624838174,-0.009514272485985562,0.003066457419180592,-0.001081332151158482,0.006660880482488311,-0.010721889730691766,0.004790726072538106,-0.007898704130403906,-0.006712199704149217,0.005156795797386049,0.010219308794971634,0.0022711284372261492,0.006800978285191973,-0.0008809874734771011,0.0007043744861496058,-0.0028265301404185117,-0.003966409966206669,-0.008065759826667112,-0.005239437083371044,0.005204147421734379,-0.009514272485985562,0.021930033102336894,-0.002224135424978466,0.004825310705893042,-0.013069911475251621,0.01018392305944263,0.0005980046637009006,0.006367162411617116,-0.0024102075150822773,0.000341970998819125,-0.004361337565326964,-0.006045876701467301,0.0062651335493628425,0.002524190119717726,0.010107387416396985,-0.0008372294763337299,0.006709138196472229,-0.010117696546427024,-0.004177498601548878,0.0028224774639741884,0.003066457419180592,-0.002224135424978466,0.026147226418728103,-0.013151408864526468,-0.0011219027752860371,-0.0011206988183961285,-0.006507336715421778,-0.0024761740241137364,-0.004297881520347269,0.0036110300557254758,-0.006599652897600634,0.01506943849169525,-0.001187548882728673,-0.0066260922434364725,-0.008522979865146581,0.00010613119483880417,-0.009926122151450893,0.008232191141632903,0.0006982315396849906,-0.0023910407883831848,-0.001081332151158482,0.004825310705893042,-0.013151408864526468,0.04153696012134864,-0.008079600803535193,0.010334442500399936,0.016303379508887134,0.006881939504286925,0.0010977880562574867,0.004500954345546237,-0.00010967853523652551,-0.021845064155043024,-0.00866364611571436,0.002202251035545777,-0.006050506474004385,-0.003039284905883409,0.00880259708260046,0.013560744484284406,0.004650092389800968,-0.007971524178548774,0.006660880482488311,-0.013069911475251621,-0.0011219027752860371,-0.008079600803535193,0.032330797809937056,-0.0063240951789591635,-0.005402215535827296,-0.005907465039893958,-0.0016138420182295154,-0.0012755606717082975,-0.0004280758813800672,0.006812153544254178,0.009076544254441904,0.002300417354059594,-0.001441168712312681,-0.003069369779411922,8.083737097840719e-5,-0.007891138896757258,-0.0076655191486885875,-0.000163436499739828,-0.010721889730691766,0.01018392305944263,-0.0011206988183961285,0.010334442500399936,-0.0063240951789591635,0.026161565561247515,0.002899458067481029,0.006789428910183243,-0.0022554359034310228,-0.0021157459526455922,-0.014484413438692587,-0.006681506564597249,-0.004810694596249608,0.002440127681932984,-0.0005713426340925548,0.002565860412878984,-0.008325458462714727,0.0033575993598534432,0.0027424637637550042,0.0004857130099060226,0.004790726072538106,0.0005980046637009006,-0.006507336715421778,0.016303379508887134,-0.005402215535827296,0.002899458067481029,0.02515758625902318,0.005079471428620631,-0.000885870867529684,0.0043811558347697,0.0019521007576883652,-0.02062922131782706,-0.0022992519274850393,-0.004912426079210228,0.0014393393581562186,-0.0005972865138617778,-0.00818333806504902,-0.0030054903677013906,-0.00028616822038873965,-0.0014537752706597054,-0.007898704130403906,0.006367162411617116,-0.0024761740241137364,0.006881939504286925,-0.005907465039893958,0.006789428910183243,0.005079471428620631,0.022248493217411958,0.00624702450573335,0.0014101025028874932,-0.00022646633113985754,-0.007470889135068208,-0.0023237197852589236,-0.0031221017346331117,-0.0015594918252001262,0.0031290858371545126,-0.006572306485276271,-0.00023920354514989564,0.003520512727094547,-0.001277339891699337,-0.006712199704149217,-0.0024102075150822773,-0.004297881520347269,0.0010977880562574867,-0.0016138420182295154,-0.0022554359034310228,-0.000885870867529684,0.00624702450573335,0.019219274546107848,-0.006172368415784245,0.008708986244034716,-0.0011019746731229447,-0.001490313362781665,0.0007671658149236427,0.004023302572398149,-0.0005003832181039861,-0.0002101470242874005,0.00508170128233763,-0.0010151200820567629,-0.0008048545529034253,0.005156795797386049,0.000341970998819125,0.0036110300557254758,0.004500954345546237,-0.0012755606717082975,-0.0021157459526455922,0.0043811558347697,0.0014101025028874932,-0.006172368415784245,0.0190017425391249,-0.0015592371840672243,-0.007946875528362127,-0.018877411858150926,-0.006106349719875692,-0.007541726123685441,0.01158147746534512,-0.007552051799941711,0.00602217282124956,0.0026636080203343224,0.004269507505729997,0.010219308794971634,-0.004361337565326964,-0.006599652897600634,-0.00010967853523652551,-0.0004280758813800672,-0.014484413438692587,0.0019521007576883652,-0.00022646633113985754,0.008708986244034716,-0.0015592371840672243,0.03791433183702008,-0.006322300337949174,0.008701601870791727,0.0021527844144136497,-0.0024636646819626217,-0.009875776838912392,0.014406149273206412,-0.005172326906904296,-0.000726934528229035,0.0003434846014449838,0.0022711284372261492,-0.006045876701467301,0.01506943849169525,-0.021845064155043024,0.006812153544254178,-0.006681506564597249,-0.02062922131782706,-0.007470889135068208,-0.0011019746731229447,-0.007946875528362127,-0.006322300337949174,0.0486287036634669
0.07677576601396574,0.033564275065200475,-0.0027333886887164257,0.041464786678150706,-0.023984313673956516,-0.03964087649802598,0.0042605161359689486,-0.04699694108052872,-0.001316229639456147,0.01586904683936699,0.010037358276522242,-0.0030641613142195472,-0.019450225817457575,-0.013388055111628286,0.02904638733251353,-0.030019005590155624,0.007917393790626398,0.04870978484797745,-0.019024072571451545,-0.019970712983417585,0.033564275065200475,0.03274414757035476,-0.007101965723029959,0.025688819742835586,-0.01184748795186552,-0.023434936919814423,0.0007927118561260994,-0.019100360842819325,0.006533168463512134,-0.002321512036350195,0.003219820851357539,-0.004658697348317331,-0.009058716530885861,-0.004990740358267447,0.011776736855577157,-0.013135155751515644,0.005760508839861615,0.022848289510983975,-0.01316304429925283,-0.008229180441415566,-0.0027333886887164257,-0.007101965723029959,0.03275497143436126,-0.01019493235552096,-0.005251305871567925,0.0027448264026228813,-0.00983318774329187,-0.00428275833517176,-0.00848221476689302,0.010577780183872006,-0.005762849172233414,0.005601818943348559,-0.0002534679254678315,-0.002299623175164969,0.0016853423618651037,0.0031235222436954537,-0.00599756102697736,-0.0013423999578611179,-0.0016841658177156756,0.003230740751953687,0.041464786678150706,0.025688819742835586,-0.01019493235552096,0.04872845867960109,-0.015307883553106291,-0.027565835945451526,-0.0017087990078988088,-0.029914494628581992,0.004720653067876157,0.0030076201234725403,0.007667159338700141,-0.004069468314187433,-0.019641349430599163,-0.004710504279677332,0.014637298701238494,-0.017196997676095747,0.008174890583456315,0.02226761369640195,-0.00823136168781508,-0.010670308075058484,-0.023984313673956516,-0.01184748795186552,-0.005251305871567925,-0.015307883553106291,0.027391656118966816,0.01505500140191494,0.004115183466198898,0.02155531948898766,0.001279669887795033,-0.0067919465628925955,-0.004538650761811257,0.0024266620684512564,0.013090070032789286,0.0037344974452888334,-0.005597361072430418,0.007946925340529052,-0.006288047229215771,-0.01629850538134639,0.00875880626098062,-0.0011508236679319264,-0.03964087649802598,-0.023434936919814423,0.0027448264026228813,-0.027565835945451526,0.01505500140191494,0.039353071838781666,-0.002638869455391486,0.03092738285035313,-0.0040995320899915935,-0.00749675799715208,-0.005355295752541706,0.003896468151773488,0.015276853969841115,0.00384468907290337,-0.015524048205563388,0.01768313028930838,-0.011518691359564992,-0.031186345435161904,0.010017851010252495,0.010142981946841517,0.0042605161359689486,0.0007927118561260994,-0.00983318774329187,-0.0017087990078988088,0.004115183466198898,-0.002638869455391486,0.021691706670575406,-0.005759703193478615,0.0034369214440387198,-0.002673770898497096,-0.002441898762808512,-0.009109364628987933,0.0029740420196403316,0.004850033029644405,0.0026807001880660313,0.0022730195228553426,2.243838473514946e-5,0.005326118536573262,-0.0022910635335348538,-0.0018383461406030973,-0.04699694108052872,-0.019100360842819325,-0.00428275833517176,-0.029914494628581992,0.02155531948898766,0.03092738285035313,-0.005759703193478615,0.0557096419639847,0.00392712376515874,-0.017991384559583615,-0.009488010087182593,0.006194311609536065,0.014871671946251485,0.007383660761655604,-0.020834002474933517,0.024697829546661804,-0.0068010524401511604,-0.040144529345053644,0.016822552420523298,0.007817230754748574,-0.001316229639456147,0.006533168463512134,-0.00848221476689302,0.004720653067876157,0.001279669887795033,-0.0040995320899915935,0.0034369214440387198,0.00392712376515874,0.020196442073590577,-0.006823614157655087,-0.002191646890360366,-0.004022342842887248,0.0021769777608040084,0.001862091384464853,-0.001724804160965874,0.00661472849303003,0.002372851294471906,-0.005561177324722241,-0.00033120732978808977,-0.0013201972887863559,0.01586904683936699,-0.002321512036350195,0.010577780183872006,0.0030076201234725403,-0.0067919465628925955,-0.00749675799715208,-0.002673770898497096,-0.017991384559583615,-0.006823614157655087,0.022658509264607836,0.001067256505308045,0.003855984596248559,-0.0064372070940090925,-0.00412384795339365,0.008397896351818254,-0.009077926283888907,-0.001078685026950744,0.013337478086787698,-0.002655012249961174,-0.002961758365819709,0.010037358276522242,0.003219820851357539,-0.005762849172233414,0.007667159338700141,-0.004538650761811257,-0.005355295752541706,-0.002441898762808512,-0.009488010087182593,-0.002191646890360366,0.001067256505308045,0.01851250361462525,0.00038712961475996163,-0.006504169485481832,-0.0035388288703718145,0.0006068878791332291,-0.006184547688036668,0.0038614378953887125,0.00812848423552291,7.2038578825462025e-6,0.005463101207173511,-0.0030641613142195472,-0.004658697348317331,0.005601818943348559,-0.004069468314187433,0.0024266620684512564,0.003896468151773488,-0.009109364628987933,0.006194311609536065,-0.004022342842887248,0.003855984596248559,0.00038712961475996163,0.020872326965968153,-0.0043371584339853015,-0.0024019265749734746,-0.003973697796526032,0.0031617585174210086,-0.006483017667065263,-0.008868586570745128,0.004089347574041783,-0.0008745198332025923,-0.019450225817457575,-0.009058716530885861,-0.0002534679254678315,-0.019641349430599163,0.013090070032789286,0.015276853969841115,0.0029740420196403316,0.014871671946251485,0.0021769777608040084,-0.0064372070940090925,-0.006504169485481832,-0.0043371584339853015,0.026190043043652522,0.0025065942306561418,-0.007051975845314142,0.010297171893996697,-0.0055388359742888985,-0.00991799739506324,0.0029894329224633186,0.0033392653800830233,-0.013388055111628286,-0.004990740358267447,-0.002299623175164969,-0.004710504279677332,0.0037344974452888334,0.00384468907290337,0.004850033029644405,0.007383660761655604,0.001862091384464853,-0.00412384795339365,-0.0035388288703718145,-0.0024019265749734746,0.0025065942306561418,0.014430773784926859,-0.004819836924367546,0.005117840482995633,0.0007785644881785903,-0.006167266087054342,0.0038665702943548206,-0.0014844732515248292,0.02904638733251353,0.011776736855577157,0.0016853423618651037,0.014637298701238494,-0.005597361072430418,-0.015524048205563388,0.0026807001880660313,-0.020834002474933517,-0.001724804160965874,0.008397896351818254,0.0006068878791332291,-0.003973697796526032,-0.007051975845314142,-0.004819836924367546,0.026255406800527698,-0.011799142657413289,0.0012746554215965957,0.021117949548753234,-0.01044403936048052,-0.00935666322629866,-0.030019005590155624,-0.013135155751515644,0.0031235222436954537,-0.017196997676095747,0.007946925340529052,0.01768313028930838,0.0022730195228553426,0.024697829546661804,0.00661472849303003,-0.009077926283888907,-0.006184547688036668,0.0031617585174210086,0.010297171893996697,0.005117840482995633,-0.011799142657413289,0.03172329411058792,-0.010095761484088216,-0.027084111064941376,0.005979406332929719,0.00436914894876716,0.007917393790626398,0.005760508839861615,-0.00599756102697736,0.008174890583456315,-0.006288047229215771,-0.011518691359564992,2.243838473514946e-5,-0.0068010524401511604,0.002372851294471906,-0.001078685026950744,0.0038614378953887125,-0.006483017667065263,-0.0055388359742888985,0.0007785644881785903,0.0012746554215965957,-0.010095761484088216,0.021543524373905887,0.007686984768730114,0.0011251788348897404,0.0049334351054603105,0.04870978484797745,0.022848289510983975,-0.0013423999578611179,0.02226761369640195,-0.01629850538134639,-0.031186345435161904,0.005326118536573262,-0.040144529345053644,-0.005561177324722241,0.013337478086787698,0.00812848423552291,-0.008868586570745128,-0.00991799739506324,-0.006167266087054342,0.021117949548753234,-0.027084111064941376,0.007686984768730114,0.05803638129470271,-0.02129090705442857,-0.008350300829931372,-0.019024072571451545,-0.01316304429925283,-0.0016841658177156756,-0.00823136168781508,0.00875880626098062,0.010017851010252495,-0.0022910635335348538,0.016822552420523298,-0.00033120732978808977,-0.002655012249961174,7.2038578825462025e-6,0.004089347574041783,0.0029894329224633186,0.0038665702943548206,-0.01044403936048052,0.005979406332929719,0.0011251788348897404,-0.02129090705442857,0.02482904226936564,0.001441393963476313,-0.019970712983417585,-0.008229180441415566,0.003230740751953687,-0.010670308075058484,-0.0011508236679319264,0.010142981946841517,-0.0018383461406030973,0.007817230754748574,-0.0013201972887863559,-0.002961758365819709,0.005463101207173511,-0.0008745198332025923,0.0033392653800830233,-0.0014844732515248292,-0.00935666322629866,0.00436914894876716,0.0049334351054603105,-0.008350300829931372,0.001441393963476313,0.02720329663279677
