0.023505519975355802,0.007159912311796991,-0.0027400599373979123,-0.00010441564423221541,-0.002555827633293972,-0.0074886118209319345,0.003968291559783342,-0.011463484895750616,0.00036186351119515996,-0.0020515656839267104,0.003044391765765318,-0.005424037596850164,-0.0020045108580059633,-0.010706252398968157,0.004485585353538156,-0.0009915308757477738,0.009836174562376138,0.0021017982202443043,0.003519161938885904,0.00817030782399718,0.007159912311796991,0.03410473712176268,-0.008651112581498737,-8.810773021041059e-5,0.004051836618991092,-0.007033704559971125,0.00043414185656830476,-0.0009253614903340801,-0.022093426132660555,-0.0036330681490621044,0.001979724706771715,0.008470071074666982,-0.008746728693487547,-0.02207146993361777,0.004800548229213477,-0.007119791926168455,0.008253079567426175,0.005820039321948253,0.012505361503311229,0.01240518700892998,-0.0027400599373979123,-0.008651112581498737,0.025991923777818112,0.002450602201959172,-0.0009318544313411821,-0.013701503858672526,-0.0009679068699179573,-0.013976024507325957,0.023808005760072967,0.004818804101564943,0.0020961867400140738,0.0004625091129580566,0.004125704380401418,0.00024339505519081186,-0.001372528829255943,0.0034219243493569034,0.0018773438990555993,-0.0025837877135908398,-0.00288964552695182,-0.007679602022669292,-0.00010441564423221541,-8.810773021041059e-5,0.002450602201959172,0.04019764956619309,0.013030062478464131,-0.006264358351055609,0.00013128437606521647,0.010338098790837958,-0.004563459331291894,0.006061726250876833,-0.008925591352998564,0.00668612104766169,0.0021558284823750455,-0.006721880661768271,-0.01096468801251829,-0.0036752557033612313,0.003467637801881681,-0.0036712544012514614,-0.002189150227028047,-0.01481450454408429,-0.002555827633293972,0.004051836618991092,-0.0009318544313411821,0.013030062478464131,0.02467336451981725,0.0057980447795028004,-0.0012485915057267026,0.020775496591013555,-0.015213299559588788,0.00013314473799524166,-0.0049375413061503665,0.00787841322475686,-0.0004049798679911021,-0.00673354411305388,-0.0029065654263415574,-0.01127407355428612,0.005612158657918965,-0.003616723613307069,0.001477519565434968,-0.010964001500378824,-0.0074886118209319345,-0.007033704559971125,-0.013701503858672526,-0.006264358351055609,0.0057980447795028004,0.06448339970271749,0.0016028208505696469,0.029112491932825876,-0.024306924373507614,-0.007841837666706607,-0.004352094006608494,0.0010980146146070571,0.004591188310865763,0.023491908199813272,-0.019270269568728134,0.009770685089601078,-0.0021538235969732642,-0.004316042989716154,-0.007234362709703619,-0.013919431457555686,0.003968291559783342,0.00043414185656830476,-0.0009679068699179573,0.00013128437606521647,-0.0012485915057267026,0.0016028208505696469,0.016926278909388536,-0.002370220821317004,-0.0008624690501413064,-0.0026538062057680743,0.0015736840513753524,0.0005562677792928766,-0.0025008652253819203,0.00035991778996590136,-0.0024975310807425627,0.002011914343055995,0.0036351618943521284,-0.0004401130303112649,6.632098920363581e-5,-0.003887761885628424,-0.011463484895750616,-0.0009253614903340801,-0.013976024507325957,0.010338098790837958,0.020775496591013555,0.029112491932825876,-0.002370220821317004,0.061189633011410643,-0.02627406960651467,-0.0012612512145961977,-0.01247782688390053,0.006058863646727409,0.001115970831768778,0.01500911569599258,-0.016236139477129187,0.0022917642146067126,0.0036724376942910515,-0.004635488186730642,-0.003060932469567053,-0.01506149158154195,0.00036186351119515996,-0.022093426132660555,0.023808005760072967,-0.004563459331291894,-0.015213299559588788,-0.024306924373507614,-0.0008624690501413064,-0.02627406960651467,0.09477200563044946,0.014301443122484336,-0.0006848260889546055,-0.01681356672819279,0.009853486334932014,0.0164706501948534,-0.00930034238042083,-0.010460902110282892,-0.009079877833718206,-0.005032436593931374,-0.009761045556257744,-0.00248918922902339,-0.0020515656839267104,-0.0036330681490621044,0.004818804101564943,0.006061726250876833,0.00013314473799524166,-0.007841837666706607,-0.0026538062057680743,-0.0012612512145961977,0.014301443122484336,0.029091279457516175,-0.007455095577808198,-0.007439002537382194,0.0026686572793905338,0.003292738413890787,-0.0013563410238878835,0.000911531369215051,-0.0008686497181391302,-0.0004263019170550737,-0.0015199700956011917,0.0014901768657862567,0.003044391765765318,0.001979724706771715,0.0020961867400140738,-0.008925591352998564,-0.0049375413061503665,-0.004352094006608494,0.0015736840513753524,-0.01247782688390053,-0.0006848260889546055,-0.007455095577808198,0.02088440051544089,0.0017000249489467017,-0.005783628276283178,-0.00858090621773274,0.010260115287132979,-0.001500975080968046,-0.0020100459618791113,0.0012886955632397735,0.003617302056733049,0.006191440964356582,-0.005424037596850164,0.008470071074666982,0.0004625091129580566,0.00668612104766169,0.00787841322475686,0.0010980146146070571,0.0005562677792928766,0.006058863646727409,-0.01681356672819279,-0.007439002537382194,0.0017000249489467017,0.029894305109518172,0.0018423805124442166,-0.010876805404497415,-0.0036561414349014602,-0.0013587314805713474,-0.003225201649764295,0.0007995825720260696,-0.001452586485646359,-0.007020257571841142,-0.0020045108580059633,-0.008746728693487547,0.004125704380401418,0.0021558284823750455,-0.0004049798679911021,0.004591188310865763,-0.0025008652253819203,0.001115970831768778,0.009853486334932014,0.0026686572793905338,-0.005783628276283178,0.0018423805124442166,0.021077182279331634,0.011634381816649664,-0.004962111541778631,-0.0022546154838884716,-0.004791457223580389,-0.004938059775624889,-0.007638425919252501,-0.005093744712340158,-0.010706252398968157,-0.02207146993361777,0.00024339505519081186,-0.006721880661768271,-0.00673354411305388,0.023491908199813272,0.00035991778996590136,0.01500911569599258,0.0164706501948534,0.003292738413890787,-0.00858090621773274,-0.010876805404497415,0.011634381816649664,0.05226639157806817,-0.01022634888972195,0.00960910593189758,-0.015017885432463456,-0.009849995869100181,-0.01773496756264987,-0.00341784554827827,0.004485585353538156,0.004800548229213477,-0.001372528829255943,-0.01096468801251829,-0.0029065654263415574,-0.019270269568728134,-0.0024975310807425627,-0.016236139477129187,-0.00930034238042083,-0.0013563410238878835,0.010260115287132979,-0.0036561414349014602,-0.004962111541778631,-0.01022634888972195,0.035205208311593864,-0.0005346234588070851,0.0020405326577641885,0.0003380536335382478,0.0059638803752799195,0.01825658218264447,-0.0009915308757477738,-0.007119791926168455,0.0034219243493569034,-0.0036752557033612313,-0.01127407355428612,0.009770685089601078,0.002011914343055995,0.0022917642146067126,-0.010460902110282892,0.000911531369215051,-0.001500975080968046,-0.0013587314805713474,-0.0022546154838884716,0.00960910593189758,-0.0005346234588070851,0.033898791205776345,-0.008370858828307324,0.004680449952894659,-0.011115948133888616,-0.0017704376313324183,0.009836174562376138,0.008253079567426175,0.0018773438990555993,0.003467637801881681,0.005612158657918965,-0.0021538235969732642,0.0036351618943521284,0.0036724376942910515,-0.009079877833718206,-0.0008686497181391302,-0.0020100459618791113,-0.003225201649764295,-0.004791457223580389,-0.015017885432463456,0.0020405326577641885,-0.008370858828307324,0.02841213183901015,-0.004492432093918469,0.008180102513637795,-0.006933132848399675,0.0021017982202443043,0.005820039321948253,-0.0025837877135908398,-0.0036712544012514614,-0.003616723613307069,-0.004316042989716154,-0.0004401130303112649,-0.004635488186730642,-0.005032436593931374,-0.0004263019170550737,0.0012886955632397735,0.0007995825720260696,-0.004938059775624889,-0.009849995869100181,0.0003380536335382478,0.004680449952894659,-0.004492432093918469,0.026926379779950993,0.009859258681081885,0.001958897292753032,0.003519161938885904,0.012505361503311229,-0.00288964552695182,-0.002189150227028047,0.001477519565434968,-0.007234362709703619,6.632098920363581e-5,-0.003060932469567053,-0.009761045556257744,-0.0015199700956011917,0.003617302056733049,-0.001452586485646359,-0.007638425919252501,-0.01773496756264987,0.0059638803752799195,-0.011115948133888616,0.008180102513637795,0.009859258681081885,0.03478073724000179,0.0040751828242989886,0.00817030782399718,0.01240518700892998,-0.007679602022669292,-0.01481450454408429,-0.010964001500378824,-0.013919431457555686,-0.003887761885628424,-0.01506149158154195,-0.00248918922902339,0.0014901768657862567,0.006191440964356582,-0.007020257571841142,-0.005093744712340158,-0.00341784554827827,0.01825658218264447,-0.0017704376313324183,-0.006933132848399675,0.001958897292753032,0.0040751828242989886,0.042778512237172286
0.03421591071821819,0.01063094329712843,-0.006273150459150088,0.008216609120308343,0.017427107594916703,0.0045820986209665175,-0.0050469035035279105,-0.016835898033570197,0.020678365670122496,-0.006334986367452067,0.017411926865698233,0.021211388406178606,-0.0018237794955354898,-0.025082991548764415,-0.017478306130677593,0.014076998009346888,-0.009619376173897312,-0.007511552334042548,-0.005243499424765919,0.032802388390685465,0.01063094329712843,0.028701331717198388,0.0022802083861532844,0.015743180579229153,0.02296306909495819,-0.002306191971954885,-0.014032638874424545,-0.007173140685721697,0.012172392405774782,-0.0021399455711686687,0.0004076182674299829,0.01240982399513306,0.005605110928477253,-0.03453977456581189,-0.012330197541394226,-0.0030495067375801393,-0.0065475757710955354,-0.007755978414242274,-0.002366778000066773,0.017530998237036965,-0.006273150459150088,0.0022802083861532844,0.03432450512835153,0.0022020606162365623,0.021465742506162986,-0.0004543185287657325,-0.011208899924984736,0.016050388133206347,-0.009170380216596512,0.00803233764121021,-0.013123369872420739,0.002269598432573426,0.016766934138794612,0.009623755118665662,0.013733101874766753,-0.026085486781451315,0.012310063456496564,0.00392960450408881,0.008309319117543871,-0.023619392886201296,0.008216609120308343,0.015743180579229153,0.0022020606162365623,0.04041082356042521,0.023078158983920967,0.0033705548867793093,-0.016483851826780534,-0.008203558845756583,0.02328793416212204,-0.009160030046761329,-0.004482338988240989,0.01587401488352439,0.006593100293326531,-0.049552436987746064,-0.0191331246830967,-0.009135631604858462,-0.0036596405349984314,-0.007430543021431159,0.0028128800930852906,0.018064215801488696,0.017427107594916703,0.02296306909495819,0.021465742506162986,0.023078158983920967,0.0864850139201743,-0.007981909573720875,-0.045008118428499944,0.01383112040701637,0.00721117485728431,0.00035486242712147714,-0.007498841837342407,0.03112186928053692,0.03376609954645852,-0.04607508194539249,0.003055636630185235,-0.044602268703318376,-0.004602272180333397,-0.017804623130377745,-0.02027535184922899,0.011532209303828658,0.0045820986209665175,-0.002306191971954885,-0.0004543185287657325,0.0033705548867793093,-0.007981909573720875,0.017682965903564794,0.0032390084712481193,-0.012030647134359891,0.010993071566117348,-0.003355760462524904,-0.003023136236097726,-0.00027922175021617604,-0.007419814282811989,-0.005965285916130022,-0.008642705155734834,0.013658962278092216,-0.002574081167071352,0.01148275548127221,0.01578098594587663,-0.0028361237970479947,-0.0050469035035279105,-0.014032638874424545,-0.011208899924984736,-0.016483851826780534,-0.045008118428499944,0.0032390084712481193,0.049694475980685784,-0.007480802969093541,-0.005264547952702925,0.01085346128179593,0.004559364635695594,-0.018050505820072945,-0.014917518934893948,0.0442289672345656,0.0086008861555306,0.023057859866429595,0.011571017265192466,0.016354408469156964,0.01599466530674091,-0.009574617494676313,-0.016835898033570197,-0.007173140685721697,0.016050388133206347,-0.008203558845756583,0.01383112040701637,-0.012030647134359891,-0.007480802969093541,0.054915616729688844,-0.03156764960140943,0.011180608616449553,-0.011453096942982235,-0.009243991868316837,0.01880718096373794,0.02871823273757132,0.03196314497079146,-0.03264155963994634,0.0127452918503398,-0.006445141994134068,-0.01730316478748578,-0.03065190506178298,0.020678365670122496,0.012172392405774782,-0.009170380216596512,0.02328793416212204,0.00721117485728431,0.010993071566117348,-0.005264547952702925,-0.03156764960140943,0.0519630840582792,-0.012284388556971414,0.010550488625429212,0.020975092593379707,-0.00544540421462782,-0.04570211414423364,-0.032803014943980684,0.016649202393291263,-0.01313288910108111,-0.005173518667566152,0.004430355192430712,0.040018236366226645,-0.006334986367452067,-0.0021399455711686687,0.00803233764121021,-0.009160030046761329,0.00035486242712147714,-0.003355760462524904,0.01085346128179593,0.011180608616449553,-0.012284388556971414,0.029304360346820196,-0.003326435719158085,-0.005914128064366873,0.008932528750844212,0.029112863310370468,0.022994398980294175,-0.010173749546234092,0.010544746678952962,0.004676577707108193,0.0063251817353793365,-0.020461508311212136,0.017411926865698233,0.0004076182674299829,-0.013123369872420739,-0.004482338988240989,-0.007498841837342407,-0.003023136236097726,0.004559364635695594,-0.011453096942982235,0.010550488625429212,-0.003326435719158085,0.03667742616872767,0.010768664013696725,-0.012643759472263372,-0.012454886308145912,-0.015845716139824134,0.028144222891604776,-0.009766256482954403,-0.005560781217331637,-0.014562320802785696,0.03342307793763137,0.021211388406178606,0.01240982399513306,0.002269598432573426,0.01587401488352439,0.03112186928053692,-0.00027922175021617604,-0.018050505820072945,-0.009243991868316837,0.020975092593379707,-0.005914128064366873,0.010768664013696725,0.03292139910680729,0.008239133860618229,-0.035868654402231546,-0.015462998021990918,-0.001092128879896661,-0.009594190214534361,-0.008302858088608233,-0.009471035679357035,0.02898308723201379,-0.0018237794955354898,0.005605110928477253,0.016766934138794612,0.006593100293326531,0.03376609954645852,-0.007419814282811989,-0.014917518934893948,0.01880718096373794,-0.00544540421462782,0.008932528750844212,-0.012643759472263372,0.008239133860618229,0.03959520834062985,-0.003954472633578176,0.01848072887264067,-0.036444789050851106,0.007855038691624325,-0.006247709252003873,-0.00815345493931826,-0.008381314730947453,-0.025082991548764415,-0.03453977456581189,0.009623755118665662,-0.049552436987746064,-0.04607508194539249,-0.005965285916130022,0.0442289672345656,0.02871823273757132,-0.04570211414423364,0.029112863310370468,-0.012454886308145912,-0.035868654402231546,-0.003954472633578176,0.11873598881177809,0.04928091254547916,-0.0003549268085994799,0.02226287691707396,0.029691089625130986,0.015439221013959909,-0.06595931115146192,-0.017478306130677593,-0.012330197541394226,0.013733101874766753,-0.0191331246830967,0.003055636630185235,-0.008642705155734834,0.0086008861555306,0.03196314497079146,-0.032803014943980684,0.022994398980294175,-0.015845716139824134,-0.015462998021990918,0.01848072887264067,0.04928091254547916,0.052006870629429575,-0.027794035828467435,0.017135165647277,0.0066798127241830905,-0.0018912648287319426,-0.04363123761794503,0.014076998009346888,-0.0030495067375801393,-0.026085486781451315,-0.009135631604858462,-0.044602268703318376,0.013658962278092216,0.023057859866429595,-0.03264155963994634,0.016649202393291263,-0.010173749546234092,0.028144222891604776,-0.001092128879896661,-0.036444789050851106,-0.0003549268085994799,-0.027794035828467435,0.0867482844053214,-0.018611092049795348,0.012119347078110694,0.012619773739664407,0.03197165893661731,-0.009619376173897312,-0.0065475757710955354,0.012310063456496564,-0.0036596405349984314,-0.004602272180333397,-0.002574081167071352,0.011571017265192466,0.0127452918503398,-0.01313288910108111,0.010544746678952962,-0.009766256482954403,-0.009594190214534361,0.007855038691624325,0.02226287691707396,0.017135165647277,-0.018611092049795348,0.02999811744132202,0.010008975029492925,0.010820913775224136,-0.023806677489071053,-0.007511552334042548,-0.007755978414242274,0.00392960450408881,-0.007430543021431159,-0.017804623130377745,0.01148275548127221,0.016354408469156964,-0.006445141994134068,-0.005173518667566152,0.004676577707108193,-0.005560781217331637,-0.008302858088608233,-0.006247709252003873,0.029691089625130986,0.0066798127241830905,0.012119347078110694,0.010008975029492925,0.03810919820424659,0.02668693994429805,-0.021053029125908562,-0.005243499424765919,-0.002366778000066773,0.008309319117543871,0.0028128800930852906,-0.02027535184922899,0.01578098594587663,0.01599466530674091,-0.01730316478748578,0.004430355192430712,0.0063251817353793365,-0.014562320802785696,-0.009471035679357035,-0.00815345493931826,0.015439221013959909,-0.0018912648287319426,0.012619773739664407,0.010820913775224136,0.02668693994429805,0.05305817914805608,-0.025440410780066588,0.032802388390685465,0.017530998237036965,-0.023619392886201296,0.018064215801488696,0.011532209303828658,-0.0028361237970479947,-0.009574617494676313,-0.03065190506178298,0.040018236366226645,-0.020461508311212136,0.03342307793763137,0.02898308723201379,-0.008381314730947453,-0.06595931115146192,-0.04363123761794503,0.03197165893661731,-0.023806677489071053,-0.021053029125908562,-0.025440410780066588,0.08838272786731045
