0.017417869980277834,0.002826934461147381,-0.004415827475247235,-0.0011131087293120817,-0.00020693717892258197,-0.0049227210172251,-0.001931886181703115,-0.005182024428647869,0.00938144296032927,0.007692700487355956,-0.003017314155232255,0.0004889850206117048,-0.00042667790763941933,0.00014017669513136533,0.0012247127826125743,-0.005543454236841647,0.011877084953030598,0.009306027961858695,0.0010391338781573433,0.002237406323358942,0.002826934461147381,0.004763823582109943,-0.005413528757438531,-0.004833221542825287,0.003046984463353764,-0.0005286158258316691,0.003456355410867571,0.001984307790725045,-0.005186133429776262,0.003758473524635329,-0.0049658263012840025,0.0020997544963195897,-0.0066966615523357115,-0.00043139705171094914,0.004772835572021218,0.003050805639243204,0.003251608605968017,0.0018218431621010458,0.001283670381019554,-0.0027906522363003146,-0.004415827475247235,-0.005413528757438531,0.008459241918170594,0.006553917297313354,-0.002566665546856916,0.0001301624113726912,-0.006451199600626848,-0.002280913544840191,0.0023210901854815082,-0.0025269795006689962,0.002641322545093877,-0.005811292301191821,0.005597216406582393,-0.002107396764579687,-0.002860601104280677,-0.0032049389567311718,-0.006031466445501689,-0.0031417511982601183,-0.0009496208661088195,0.0021650955660690247,-0.0011131087293120817,-0.004833221542825287,0.006553917297313354,0.014673631381684309,-0.009600547732763608,-0.010932814338739282,-0.011304691746398312,-0.010262664884616506,0.013948952776752122,-0.0004921003245235117,0.004813138602564242,-0.0016045191033684874,0.013934455297352053,0.005059002174686347,-0.011859975682355865,-0.006930675566511786,0.0004477744003433637,0.0017086376588873878,0.002405960673528461,0.005982408519636333,-0.00020693717892258197,0.003046984463353764,-0.002566665546856916,-0.009600547732763608,0.014657239722845126,0.008360988707500804,0.01364973249744644,0.013077855342361114,-0.010480034856361918,-0.0016226826813250535,-0.009219339344883129,-0.0031420684741878726,-0.012974417921748607,-0.008303459623351658,0.011540158911326488,0.00586131954181199,-0.0046877125756251605,-0.0003844169717442075,0.0008581412781563124,-0.00045059305647153475,-0.0049227210172251,-0.0005286158258316691,0.0001301624113726912,-0.010932814338739282,0.008360988707500804,0.02089949927655236,0.008508443404772937,0.011633188152582415,-0.01531604171567855,-0.0009865585553457364,-0.003757979478440503,-8.040857224793764e-6,-0.009775549402963761,-0.004369297694320475,0.012566366844841595,0.00898967107227007,-0.008605608320664287,-0.006712788163769287,-0.0018671745705813314,-0.004224602727843956,-0.001931886181703115,0.003456355410867571,-0.006451199600626848,-0.011304691746398312,0.01364973249744644,0.008508443404772937,0.021850946755641188,0.013946182593824866,-0.004664633864809581,-0.007431442567500225,-0.002079223429892226,0.0021987424957677524,-0.0087581900987879,-0.003992565404389374,0.007513618512142779,0.004251581417037386,-0.0008178217002019776,0.000846873583024753,0.0005523473372337107,0.0023920180842578066,-0.005182024428647869,0.001984307790725045,-0.002280913544840191,-0.010262664884616506,0.013077855342361114,0.011633188152582415,0.013946182593824866,0.01654174598830938,-0.011316432441158972,-0.0047179095305512906,-0.008163376843613526,0.0007860950111916949,-0.012754978464209466,-0.006257654218058485,0.007364479981919885,0.00958522117711432,-0.008331444981554581,-0.0030706859141093877,-0.0007471692008938874,-0.0018514832474754153,0.00938144296032927,-0.005186133429776262,0.0023210901854815082,0.013948952776752122,-0.010480034856361918,-0.01531604171567855,-0.004664633864809581,-0.011316432441158972,0.034194774507721466,-0.004410181683545931,0.010885086005479149,0.0038633465498392533,0.020678633383534623,0.008676825021385417,-0.019711241693907696,-0.013266290877711397,0.010650372182848162,0.00964094556404211,0.0026219118912986887,0.013258580839210958,0.007692700487355956,0.003758473524635329,-0.0025269795006689962,-0.0004921003245235117,-0.0016226826813250535,-0.0009865585553457364,-0.007431442567500225,-0.0047179095305512906,-0.004410181683545931,0.01649616260203995,-0.013284214475926984,-0.0017535036320768206,-0.006896299380820776,-0.0013950533680568106,0.011639256862982783,0.0029602395762861316,0.0042139584597155584,0.002895161491364153,0.007063170946819026,-0.003326079101064693,-0.003017314155232255,-0.0049658263012840025,0.002641322545093877,0.004813138602564242,-0.009219339344883129,-0.003757979478440503,-0.002079223429892226,-0.008163376843613526,0.010885086005479149,-0.013284214475926984,0.02347760584853424,0.002751940979178992,0.01636324648206177,0.007048627181792128,-0.01574562879342706,-0.010425266598338211,0.003842170160419633,-0.0016821349243416857,-0.008967845140106859,0.0027890022872980418,0.0004889850206117048,0.0020997544963195897,-0.005811292301191821,-0.0016045191033684874,-0.0031420684741878726,-8.040857224793764e-6,0.0021987424957677524,0.0007860950111916949,0.0038633465498392533,-0.0017535036320768206,0.002751940979178992,0.010815106998892673,0.0020475158799719575,0.00810074599567553,-0.007542025473676387,0.003964818012920451,0.0035619179139359594,0.0012109941166405388,-0.000534160509995792,-0.0008354380028011129,-0.00042667790763941933,-0.0066966615523357115,0.005597216406582393,0.013934455297352053,-0.012974417921748607,-0.009775549402963761,-0.0087581900987879,-0.012754978464209466,0.020678633383534623,-0.006896299380820776,0.01636324648206177,0.0020475158799719575,0.021425509046709503,0.009619158733683044,-0.018001018697190133,-0.011021683285126541,0.0041388972581902755,0.0018203435607570338,-0.0013545920916881722,0.007841095637689347,0.00014017669513136533,-0.00043139705171094914,-0.002107396764579687,0.005059002174686347,-0.008303459623351658,-0.004369297694320475,-0.003992565404389374,-0.006257654218058485,0.008676825021385417,-0.0013950533680568106,0.007048627181792128,0.00810074599567553,0.009619158733683044,0.010715410819849244,-0.010647854205288732,-0.0008397310759915941,0.004364761707643499,0.0012626308148148504,0.00033255292785591207,0.0013891912063934326,0.0012247127826125743,0.004772835572021218,-0.002860601104280677,-0.011859975682355865,0.011540158911326488,0.012566366844841595,0.007513618512142779,0.007364479981919885,-0.019711241693907696,0.011639256862982783,-0.01574562879342706,-0.007542025473676387,-0.018001018697190133,-0.010647854205288732,0.027176366473548545,0.007299034651494456,-0.002932893912009461,-0.0024152904770452692,0.006088983328393243,-0.00529235515155776,-0.005543454236841647,0.003050805639243204,-0.0032049389567311718,-0.006930675566511786,0.00586131954181199,0.00898967107227007,0.004251581417037386,0.00958522117711432,-0.013266290877711397,0.0029602395762861316,-0.010425266598338211,0.003964818012920451,-0.011021683285126541,-0.0008397310759915941,0.007299034651494456,0.012927585238132755,-0.007147415690540488,-0.004384670072880854,0.0024245728769486195,-0.005506807440755166,0.011877084953030598,0.003251608605968017,-0.006031466445501689,0.0004477744003433637,-0.0046877125756251605,-0.008605608320664287,-0.0008178217002019776,-0.008331444981554581,0.010650372182848162,0.0042139584597155584,0.003842170160419633,0.0035619179139359594,0.0041388972581902755,0.004364761707643499,-0.002932893912009461,-0.007147415690540488,0.014017547184454717,0.007934781705946208,0.0007282499224794026,0.0020681641465128894,0.009306027961858695,0.0018218431621010458,-0.0031417511982601183,0.0017086376588873878,-0.0003844169717442075,-0.006712788163769287,0.000846873583024753,-0.0030706859141093877,0.00964094556404211,0.002895161491364153,-0.0016821349243416857,0.0012109941166405388,0.0018203435607570338,0.0012626308148148504,-0.0024152904770452692,-0.004384670072880854,0.007934781705946208,0.007386595632153747,0.002185558758857152,0.0039442943403585826,0.0010391338781573433,0.001283670381019554,-0.0009496208661088195,0.002405960673528461,0.0008581412781563124,-0.0018671745705813314,0.0005523473372337107,-0.0007471692008938874,0.0026219118912986887,0.007063170946819026,-0.008967845140106859,-0.000534160509995792,-0.0013545920916881722,0.00033255292785591207,0.006088983328393243,0.0024245728769486195,0.0007282499224794026,0.002185558758857152,0.008860831358769208,0.0026771356598199667,0.002237406323358942,-0.0027906522363003146,0.0021650955660690247,0.005982408519636333,-0.00045059305647153475,-0.004224602727843956,0.0023920180842578066,-0.0018514832474754153,0.013258580839210958,-0.003326079101064693,0.0027890022872980418,-0.0008354380028011129,0.007841095637689347,0.0013891912063934326,-0.00529235515155776,-0.005506807440755166,0.0020681641465128894,0.0039442943403585826,0.0026771356598199667,0.008222264191497766
0.013094725217117995,-0.002124696544873163,-0.00104148118711263,0.0003121969083742641,0.0006258116799937553,0.00397800380630557,0.004846666817352913,-0.0033238655274288567,0.0038086905774855472,0.000825063006288614,0.0032663301295596118,0.003437359691284281,0.0029237804257840477,-0.002005262899483602,-0.000532162437545071,0.005195807037853193,0.011393980824086625,0.007915231836132406,0.003262021385291719,-0.0008831206087371831,-0.002124696544873163,0.007413234567624916,-0.006246775081988288,0.0036534343247961705,-0.0002813042636381517,-0.00652322527140471,0.0033419314581985254,-0.004562878092081404,-0.0016995853255029115,-0.0011127902466396909,0.004583177623707469,-0.0008504987579122348,0.0016775567764249948,-0.0030259694187104304,0.003259899136922325,0.0036288579786250504,7.227694710880775e-5,-0.0004010385888708456,0.001581215307162764,0.0010172867733492918,-0.00104148118711263,-0.006246775081988288,0.01444115942560051,-0.004193264238566079,0.004193592812642007,0.007686779010079915,-0.00795687114495017,0.004374977079006564,-0.0021551015447640286,0.0007119331242923,-0.002279345933312105,0.002341737855990779,-0.002708990775689093,0.0013872333842998587,-0.004127483064169078,-0.007873092098748848,-3.7409367000552446e-5,-0.0015438159667792084,-0.0041646274735175045,0.00449269587324354,0.0003121969083742641,0.0036534343247961705,-0.004193264238566079,0.00353838154376199,0.0015474945508409965,-0.004524306484214317,0.004406107609244912,-0.00210292053508331,-2.272225871915133e-6,-0.0008079134320389149,0.000856565059134534,-0.0011609543619232664,0.0013455726372481433,-0.0013240596004456522,0.002201292520108232,0.0018956796799707884,0.0009782763988537835,0.0004404540079692987,0.0020615960714768953,0.0007684870141041818,0.0006258116799937553,-0.0002813042636381517,0.004193592812642007,0.0015474945508409965,0.008203851837443855,0.001368722025172063,-0.0013722682609367764,0.0011604565613900638,0.0002648470149916131,0.0036460931432767928,-3.315422020970873e-5,-0.003674425722146807,-0.0008925932433684684,-0.0008930553300708423,0.002850689775611684,-0.002688345142750562,0.0027904924056100467,0.003157449122574618,-0.0006976334549246869,0.006420164442722911,0.00397800380630557,-0.00652322527140471,0.007686779010079915,-0.004524306484214317,0.001368722025172063,0.011846112201534666,-0.005666096642303952,3.3986086769935295e-5,-0.0011724171908853592,0.006566449666172532,0.002097332598098,-0.002435613381327609,-0.001157461145966005,0.0007490936606715998,-0.0020828462835649217,-0.0019220391847572797,0.0035254494210737526,0.002665004430803621,-0.0026301636398137307,-0.0008438262481131324,0.004846666817352913,0.0033419314581985254,-0.00795687114495017,0.004406107609244912,-0.0013722682609367764,-0.005666096642303952,0.013550381004510031,-0.0030502180088645245,0.001742939903636456,-0.002815163533740836,-0.0013232789781370095,-0.0006565859295642334,0.00235016981443377,-0.0011340342470326841,-0.0012954573362714665,0.0042346495948800255,0.001957385362368171,-0.0025923726226571415,0.005740955882708116,-0.004652438376160259,-0.0033238655274288567,-0.004562878092081404,0.004374977079006564,-0.00210292053508331,0.0011604565613900638,3.3986086769935295e-5,-0.0030502180088645245,0.01027958205735864,0.004847202039827751,-0.0019870006057545074,-0.009370660766370826,0.0016419127169814084,-0.004407393028172703,0.002807823839785464,-0.001410014114469002,-0.005272103199901101,-0.005228384820899745,-0.0021334987993783627,-0.0016118544324073712,0.0035162307533530305,0.0038086905774855472,-0.0016995853255029115,-0.0021551015447640286,-2.272225871915133e-6,0.0002648470149916131,-0.0011724171908853592,0.001742939903636456,0.004847202039827751,0.008344444138060007,-0.0013263742370532932,-0.004663941568221452,0.0031129383723163275,-0.001099684677656356,0.000730405780238841,0.001270722135781965,0.0015732689720665137,0.0023845512768244865,0.004838339148797362,0.001067126419481492,0.0011330221508247904,0.000825063006288614,-0.0011127902466396909,0.0007119331242923,-0.0008079134320389149,0.0036460931432767928,0.006566449666172532,-0.002815163533740836,-0.0019870006057545074,-0.0013263742370532932,0.009575129055122375,0.003917032850940015,-0.008635920987286473,-0.0009704425700776913,-0.0006362153315604294,0.0032358947362079032,0.0004920620637804704,0.0017173952704974745,0.003130100589984534,-0.001491546272187237,0.0005615900055145881,0.0032663301295596118,0.004583177623707469,-0.002279345933312105,0.000856565059134534,-3.315422020970873e-5,0.002097332598098,-0.0013232789781370095,-0.009370660766370826,-0.004663941568221452,0.003917032850940015,0.012172376379185093,-0.0014568718742693772,0.0030825614431447637,-0.004311379153837735,0.003199493850320797,0.005459646387249177,0.006647389189990116,0.00485109729754132,0.00019611913383408024,0.0002300954159992673,0.003437359691284281,-0.0008504987579122348,0.002341737855990779,-0.0011609543619232664,-0.003674425722146807,-0.002435613381327609,-0.0006565859295642334,0.0016419127169814084,0.0031129383723163275,-0.008635920987286473,-0.0014568718742693772,0.012391974436553559,0.001222695453644103,-0.00012156006378807584,-0.00328020722628217,0.0006682920352509001,0.0032299919121652966,0.001924675064354958,0.000412220705568095,0.0006496332852261509,0.0029237804257840477,0.0016775567764249948,-0.002708990775689093,0.0013455726372481433,-0.0008925932433684684,-0.001157461145966005,0.00235016981443377,-0.004407393028172703,-0.001099684677656356,-0.0009704425700776913,0.0030825614431447637,0.001222695453644103,0.003212010300456548,-0.0005365989736715294,0.00035662031578067156,0.002874789656105435,0.003440023553966346,0.0022313483876833075,0.001370794570733283,-0.002215564161235955,-0.002005262899483602,-0.0030259694187104304,0.0013872333842998587,-0.0013240596004456522,-0.0008930553300708423,0.0007490936606715998,-0.0011340342470326841,0.002807823839785464,0.000730405780238841,-0.0006362153315604294,-0.004311379153837735,-0.00012156006378807584,-0.0005365989736715294,0.003618275559939237,-0.0014145779995220636,-0.0023900486809030393,-0.00347655677729445,-0.0015189728563017148,-0.0010978948535095452,-0.0029437505009175437,-0.000532162437545071,0.003259899136922325,-0.004127483064169078,0.002201292520108232,0.002850689775611684,-0.0020828462835649217,-0.0012954573362714665,-0.001410014114469002,0.001270722135781965,0.0032358947362079032,0.003199493850320797,-0.00328020722628217,0.00035662031578067156,-0.0014145779995220636,0.006194766757406758,0.002650859999310131,0.00172884470313469,0.005363908570442328,-0.00010284376600526663,0.0030947251812395845,0.005195807037853193,0.0036288579786250504,-0.007873092098748848,0.0018956796799707884,-0.002688345142750562,-0.0019220391847572797,0.0042346495948800255,-0.005272103199901101,0.0015732689720665137,0.0004920620637804704,0.005459646387249177,0.0006682920352509001,0.002874789656105435,-0.0023900486809030393,0.002650859999310131,0.0073567678662390815,0.005319219521383143,0.004927817507343236,0.0028420731148962003,-0.0024964436517807163,0.011393980824086625,7.227694710880775e-5,-3.7409367000552446e-5,0.0009782763988537835,0.0027904924056100467,0.0035254494210737526,0.001957385362368171,-0.005228384820899745,0.0023845512768244865,0.0017173952704974745,0.006647389189990116,0.0032299919121652966,0.003440023553966346,-0.00347655677729445,0.00172884470313469,0.005319219521383143,0.013186175535494667,0.010245961255483778,0.0021951171003280062,0.0020953812371436557,0.007915231836132406,-0.0004010385888708456,-0.0015438159667792084,0.0004404540079692987,0.003157449122574618,0.002665004430803621,-0.0025923726226571415,-0.0021334987993783627,0.004838339148797362,0.003130100589984534,0.00485109729754132,0.001924675064354958,0.0022313483876833075,-0.0015189728563017148,0.005363908570442328,0.004927817507343236,0.010245961255483778,0.013308124234812709,0.00019267656054935923,0.0030932106923367998,0.003262021385291719,0.001581215307162764,-0.0041646274735175045,0.0020615960714768953,-0.0006976334549246869,-0.0026301636398137307,0.005740955882708116,-0.0016118544324073712,0.001067126419481492,-0.001491546272187237,0.00019611913383408024,0.000412220705568095,0.001370794570733283,-0.0010978948535095452,-0.00010284376600526663,0.0028420731148962003,0.0021951171003280062,0.00019267656054935923,0.003149731129107493,-0.0012037503549989928,-0.0008831206087371831,0.0010172867733492918,0.00449269587324354,0.0007684870141041818,0.006420164442722911,-0.0008438262481131324,-0.004652438376160259,0.0035162307533530305,0.0011330221508247904,0.0005615900055145881,0.0002300954159992673,0.0006496332852261509,-0.002215564161235955,-0.0029437505009175437,0.0030947251812395845,-0.0024964436517807163,0.0020953812371436557,0.0030932106923367998,-0.0012037503549989928,0.01112278673427308
