0.05212208518899068,0.025329882280230732,0.010295544735474846,0.023121925227284915,0.010707325142391776,-0.0288413125947051,0.0020508644473714753,0.027045786356800522,-0.015008037495531867,0.00114240830091208,-0.010361155489709247,-0.022858033012825046,-0.020574254734103545,-0.011607926845034838,-0.0011815314804188414,0.015214097510097821,-0.012637023746827689,-0.02130636371642155,0.022014291786294556,0.024622522704362465,0.025329882280230732,0.12190828770745155,0.006681084171616538,0.028724709581317873,-0.002336595157767057,-0.03638049680065418,0.00852642372616863,0.06689637771011236,-0.030838286712874047,0.008223235910170336,-0.008533227484402012,-0.05096617278533262,-0.023888720414575404,-0.04784839903965642,0.020482460840858675,-0.0286068557686187,-0.0413561474403499,-0.05500502708959205,0.04269952674590347,0.031988310201674044,0.010295544735474846,0.006681084171616538,0.06523679427161792,-0.005470852961373269,0.0063745320044671355,-0.0069254845945541715,-0.011596229173952317,-0.01819429160888389,-0.005249382433337214,0.00047714219912658773,0.021802368753402093,0.03713586275202388,-0.009003837220509969,0.021703461994304146,0.005973047293664931,0.0014512790005488752,0.002193916983685078,0.0005422555941575993,-0.002177118919514671,-0.01657408315171576,0.023121925227284915,0.028724709581317873,-0.005470852961373269,0.06385834196104295,0.01170529091284292,0.013191891215153776,0.023104540102799435,0.011081320557075601,-0.0077300936293030675,0.015207138431072326,0.004628459230516737,-0.03357073004359644,-0.009106275033363044,-0.022389029788168847,0.012915317526607965,0.012558193218646352,0.011663516043731514,-0.03810177216684888,0.004964937068203558,0.010427408607579052,0.010707325142391776,-0.002336595157767057,0.0063745320044671355,0.01170529091284292,0.033269507447413575,0.002096071322188368,-0.0028252577950115087,0.011988565735107334,0.009954564893883962,-0.0026583682116943243,0.00016923271895060484,-0.0004670170836699873,0.007201134256463814,-0.008671867642632596,0.004726970551211471,-0.006619452320498474,0.009632275706690912,-0.007351293256543559,0.010922638752072875,0.0031695791158219888,-0.0288413125947051,-0.03638049680065418,-0.0069254845945541715,0.013191891215153776,0.002096071322188368,0.09543972922753945,-0.0035408223754424036,-0.0522139241122941,0.030648278704244386,-0.02248398417067243,0.023450770955263153,0.01991404378074872,0.031563472898149654,0.030633844672494637,0.010198844736998678,0.023370239787786868,0.055678312309246414,0.01559480509841429,-0.04659251520860882,-0.04531702744032451,0.0020508644473714753,0.00852642372616863,-0.011596229173952317,0.023104540102799435,-0.0028252577950115087,-0.0035408223754424036,0.032231739402176995,0.015155459493657302,-0.0033929795910650276,0.013096149455953412,-0.0077597662833048635,-0.02817439537345963,-0.004872119115793305,-0.013802968660981463,0.013109009481368339,0.0012556991012349396,0.0035666789695905175,-0.018525561007458512,0.003935611792396739,0.0032022340416372405,0.027045786356800522,0.06689637771011236,-0.01819429160888389,0.011081320557075601,0.011988565735107334,-0.0522139241122941,0.015155459493657302,0.11702903846794983,-0.013995414976206124,-0.002088194410177032,-0.0372788373115044,-0.06459390634689327,-0.0128210637348567,-0.05812276949317533,0.003993154897968065,-0.034505542342943604,-0.05118386313570206,-0.03679555137552182,0.06035739586956142,0.06405381992156152,-0.015008037495531867,-0.030838286712874047,-0.005249382433337214,-0.0077300936293030675,0.009954564893883962,0.030648278704244386,-0.0033929795910650276,-0.013995414976206124,0.07044453797958916,-0.0037952932944004094,0.006925267449513855,0.01979059521610458,0.03268662035579878,0.010131593207567194,0.001665950982520011,-0.01395508829940334,0.022078458977414037,0.02841913890714664,-0.008963476942387092,-0.020002320060547092,0.00114240830091208,0.008223235910170336,0.00047714219912658773,0.015207138431072326,-0.0026583682116943243,-0.02248398417067243,0.013096149455953412,-0.002088194410177032,-0.0037952932944004094,0.05416081839681406,0.006460310852497937,-0.0071818732068305545,-0.014907597039920256,-0.014783344148355625,0.01094205859642516,-0.008801377888235415,0.0003099060821279175,-0.013429506913689111,0.008854856033208871,0.0037449544882644965,-0.010361155489709247,-0.008533227484402012,0.021802368753402093,0.004628459230516737,0.00016923271895060484,0.023450770955263153,-0.0077597662833048635,-0.0372788373115044,0.006925267449513855,0.006460310852497937,0.05444590383787326,0.026771678400659627,0.011235474374017502,0.021982643821312417,0.026519926344139615,-7.019288491680537e-5,0.022449033971501643,-0.003999489798658738,-0.017762940029684236,-0.0257108576958722,-0.022858033012825046,-0.05096617278533262,0.03713586275202388,-0.03357073004359644,-0.0004670170836699873,0.01991404378074872,-0.02817439537345963,-0.06459390634689327,0.01979059521610458,-0.0071818732068305545,0.026771678400659627,0.09703172552967182,0.006262240630249306,0.046266916274791806,-0.004178719080092959,0.013261453210627942,0.0282251587799104,0.04558853995525772,-0.02652018663316935,-0.0412464942528217,-0.020574254734103545,-0.023888720414575404,-0.009003837220509969,-0.009106275033363044,0.007201134256463814,0.031563472898149654,-0.004872119115793305,-0.0128210637348567,0.03268662035579878,-0.014907597039920256,0.011235474374017502,0.006262240630249306,0.057040978793715696,0.031756028559892596,0.010708209695348912,-0.013394859619403152,0.014995962128703688,0.022696547246709553,-0.010519886868722829,-0.023406142449641107,-0.011607926845034838,-0.04784839903965642,0.021703461994304146,-0.022389029788168847,-0.008671867642632596,0.030633844672494637,-0.013802968660981463,-0.05812276949317533,0.010131593207567194,-0.014783344148355625,0.021982643821312417,0.046266916274791806,0.031756028559892596,0.08675860980400862,-0.01031340632169553,0.03282069949129083,0.022038567996082455,0.046776586924975154,-0.031213435270752644,-0.033865072459952746,-0.0011815314804188414,0.020482460840858675,0.005973047293664931,0.012915317526607965,0.004726970551211471,0.010198844736998678,0.013109009481368339,0.003993154897968065,0.001665950982520011,0.01094205859642516,0.026519926344139615,-0.004178719080092959,0.010708209695348912,-0.01031340632169553,0.06245172554906492,-0.029846817618440255,0.009283821413554,-0.03141317099779678,0.0030572683615906083,-0.01333765064764882,0.015214097510097821,-0.0286068557686187,0.0014512790005488752,0.012558193218646352,-0.006619452320498474,0.023370239787786868,0.0012556991012349396,-0.034505542342943604,-0.01395508829940334,-0.008801377888235415,-7.019288491680537e-5,0.013261453210627942,-0.013394859619403152,0.03282069949129083,-0.029846817618440255,0.08837734773969501,0.017539922862173797,0.01490034643995556,-0.015240499113876795,-0.004436108421688012,-0.012637023746827689,-0.0413561474403499,0.002193916983685078,0.011663516043731514,0.009632275706690912,0.055678312309246414,0.0035666789695905175,-0.05118386313570206,0.022078458977414037,0.0003099060821279175,0.022449033971501643,0.0282251587799104,0.014995962128703688,0.022038567996082455,0.009283821413554,0.017539922862173797,0.07356209497280781,0.00757533927450879,-0.03124316249613812,-0.037606326496701065,-0.02130636371642155,-0.05500502708959205,0.0005422555941575993,-0.03810177216684888,-0.007351293256543559,0.01559480509841429,-0.018525561007458512,-0.03679555137552182,0.02841913890714664,-0.013429506913689111,-0.003999489798658738,0.04558853995525772,0.022696547246709553,0.046776586924975154,-0.03141317099779678,0.01490034643995556,0.00757533927450879,0.08313249825937356,-0.02661304134341636,-0.01819104475093036,0.022014291786294556,0.04269952674590347,-0.002177118919514671,0.004964937068203558,0.010922638752072875,-0.04659251520860882,0.003935611792396739,0.06035739586956142,-0.008963476942387092,0.008854856033208871,-0.017762940029684236,-0.02652018663316935,-0.010519886868722829,-0.031213435270752644,0.0030572683615906083,-0.015240499113876795,-0.03124316249613812,-0.02661304134341636,0.07038145740976741,0.04212418739652888,0.024622522704362465,0.031988310201674044,-0.01657408315171576,0.010427408607579052,0.0031695791158219888,-0.04531702744032451,0.0032022340416372405,0.06405381992156152,-0.020002320060547092,0.0037449544882644965,-0.0257108576958722,-0.0412464942528217,-0.023406142449641107,-0.033865072459952746,-0.01333765064764882,-0.004436108421688012,-0.037606326496701065,-0.01819104475093036,0.04212418739652888,0.07437818196220211
0.07972497061080497,-0.034236476068305356,0.047434867437573684,-0.03582139498046445,0.008029206992915709,-0.007969395470764098,-0.02949978160053705,-0.02389017611341762,0.01596454823560047,-0.015628524110272053,-0.021772239635225878,0.01509687950084836,0.03851610946049243,0.005112550343833467,-0.02513832605616941,-0.008879678748374665,0.02465485528427191,-0.006094185560453871,0.0321497133540074,-0.022935635805819834,-0.034236476068305356,0.12803272533826426,0.019145026832780774,0.1332644822210707,-0.0591260007170812,0.02431938550943078,0.03949131397478252,-0.0038152103809496584,-0.11286965870310417,0.022824630087950395,0.049016065281272114,0.07218944396716745,-0.07079395875659444,-0.044523680838975954,0.07778274442025239,0.008187641142006798,-0.07555898461042299,-0.12954687445791502,-0.03553369023270522,-0.02865461059606243,0.047434867437573684,0.019145026832780774,0.1893574469608971,-0.041487081838767495,-0.027713380580537038,0.0026946994082702814,-0.028269540068437973,-0.058051876106681284,0.0006226034929381067,-0.11887906595620301,-0.04534879264876644,0.07579756075495822,0.013724530707393517,0.018312300789790535,0.05676679773686797,-0.037002282170335195,-0.001296420780340768,-0.02849894138888994,0.040612564094656356,-0.020395492665857176,-0.03582139498046445,0.1332644822210707,-0.041487081838767495,0.37161140176517243,-0.08380830419587315,0.03495239484318069,0.03283617186871193,0.043453010897401056,-0.19491030247110772,0.08149790059789422,0.15863582339519453,0.07837913322343729,-0.176495275376017,-0.06009510122204087,0.1155415229472159,0.03115721899813786,-0.18796765218142747,-0.2615292466815522,-0.09946568503321099,-0.07782860251167754,0.008029206992915709,-0.0591260007170812,-0.027713380580537038,-0.08380830419587315,0.07645800361388012,-0.015441950602793375,-0.01897573697969554,-0.012246327929940857,0.06281880590091668,-0.010889869240963546,-0.037532171247269604,-0.0706989477255566,0.03895198216700671,0.025259661187933415,-0.034019267430176706,0.006442155062332141,0.04562491501277763,0.08494617060634763,0.008403777034400164,0.028326516902200824,-0.007969395470764098,0.02431938550943078,0.0026946994082702814,0.03495239484318069,-0.015441950602793375,0.03033849935147004,0.00042962596207420274,0.0032305946155255713,-0.02777193429523744,0.0019553862253013227,0.004849088516667604,0.015578502648940886,-0.02349537994183835,-0.015837467650767583,0.019687358896100182,-0.010507014248422424,-0.022254070396403605,-0.02162815876432933,-0.001890961737213447,0.006442297360990732,-0.02949978160053705,0.03949131397478252,-0.028269540068437973,0.03283617186871193,-0.01897573697969554,0.00042962596207420274,0.08853352416462737,0.013688200213228491,-0.03890660951624497,0.035159679707220524,0.04334868285153566,0.022805971319365757,-0.015712291497934273,-0.034160943116989764,0.001034198371387865,0.012458288026664294,-0.027077403005996585,-0.055272947851896424,-0.02540952034643083,-0.009885490402451628,-0.02389017611341762,-0.0038152103809496584,-0.058051876106681284,0.043453010897401056,-0.012246327929940857,0.0032305946155255713,0.013688200213228491,0.06605777835793844,-0.029713501298489604,0.034408239012391574,0.03791495963530489,-0.013429751286249677,-0.03885697343532531,-0.009181296374984946,0.0029966757090282656,0.0072937070210928115,-0.021523333410859487,-0.014564727936427085,-0.018969841663328754,0.00045713819341779995,0.01596454823560047,-0.11286965870310417,0.0006226034929381067,-0.19491030247110772,0.06281880590091668,-0.02777193429523744,-0.03890660951624497,-0.029713501298489604,0.20724188721752107,-0.038616972657950416,-0.10244766826972221,-0.05557391997066622,0.12330170796972975,0.05141135494686117,-0.10301488479456931,-0.017405622964258675,0.08577036906338374,0.17190578539171752,0.06420512248682195,0.05310581547946151,-0.015628524110272053,0.022824630087950395,-0.11887906595620301,0.08149790059789422,-0.010889869240963546,0.0019553862253013227,0.035159679707220524,0.034408239012391574,-0.038616972657950416,0.1487724150565736,0.06430934214028791,-0.021607750432953182,-0.009738112543707857,-0.042490305850660506,-0.04272903619434882,0.04016439909926035,-0.024192611243556927,-0.06101235209694467,-0.03533578345601719,-0.021338910889853333,-0.021772239635225878,0.049016065281272114,-0.04534879264876644,0.15863582339519453,-0.037532171247269604,0.004849088516667604,0.04334868285153566,0.03791495963530489,-0.10244766826972221,0.06430934214028791,0.11143502382203531,0.024879696528829313,-0.08488590400167083,-0.02670614872451991,0.043308962121402936,0.029976146396295273,-0.06996210561909708,-0.12624175724590575,-0.06137920521095811,-0.04550793146838029,0.01509687950084836,0.07218944396716745,0.07579756075495822,0.07837913322343729,-0.0706989477255566,0.015578502648940886,0.022805971319365757,-0.013429751286249677,-0.05557391997066622,-0.021607750432953182,0.024879696528829313,0.1281488161540762,-0.04149506243135673,-0.03313829555618744,0.03767413592408194,-0.01470970580024356,-0.06416432980516969,-0.1073786325725414,0.0029377510331431416,-0.03814789898312404,0.03851610946049243,-0.07079395875659444,0.013724530707393517,-0.176495275376017,0.03895198216700671,-0.02349537994183835,-0.015712291497934273,-0.03885697343532531,0.12330170796972975,-0.009738112543707857,-0.08488590400167083,-0.04149506243135673,0.15090546859051032,0.022234013511395426,-0.08298858359108541,-0.010768816598142064,0.08157069008055112,0.0982271625727774,0.05989108627643049,0.0402467770178443,0.005112550343833467,-0.044523680838975954,0.018312300789790535,-0.06009510122204087,0.025259661187933415,-0.015837467650767583,-0.034160943116989764,-0.009181296374984946,0.05141135494686117,-0.042490305850660506,-0.02670614872451991,-0.03313829555618744,0.022234013511395426,0.0503156719129168,-0.012115307707511095,-0.007384797634324777,0.031840400089434714,0.0776408933948429,0.001372203673076494,0.014048380354802954,-0.02513832605616941,0.07778274442025239,0.05676679773686797,0.1155415229472159,-0.034019267430176706,0.019687358896100182,0.001034198371387865,0.0029966757090282656,-0.10301488479456931,-0.04272903619434882,0.043308962121402936,0.03767413592408194,-0.08298858359108541,-0.012115307707511095,0.1178292345760738,-0.0009334256162397267,-0.06508591016178338,-0.09572000329651473,-0.03387511635643321,-0.025811615217178653,-0.008879678748374665,0.008187641142006798,-0.037002282170335195,0.03115721899813786,0.006442155062332141,-0.010507014248422424,0.012458288026664294,0.0072937070210928115,-0.017405622964258675,0.04016439909926035,0.029976146396295273,-0.01470970580024356,-0.010768816598142064,-0.007384797634324777,-0.0009334256162397267,0.040499317226192315,-0.0025432979038004016,-0.027494249718181873,-0.02721832864107742,-0.016796025435281366,0.02465485528427191,-0.07555898461042299,-0.001296420780340768,-0.18796765218142747,0.04562491501277763,-0.022254070396403605,-0.027077403005996585,-0.021523333410859487,0.08577036906338374,-0.024192611243556927,-0.06996210561909708,-0.06416432980516969,0.08157069008055112,0.031840400089434714,-0.06508591016178338,-0.0025432979038004016,0.1536641271996959,0.1495602319802457,0.04903801773349056,0.018078061528600167,-0.006094185560453871,-0.12954687445791502,-0.02849894138888994,-0.2615292466815522,0.08494617060634763,-0.02162815876432933,-0.055272947851896424,-0.014564727936427085,0.17190578539171752,-0.06101235209694467,-0.12624175724590575,-0.1073786325725414,0.0982271625727774,0.0776408933948429,-0.09572000329651473,-0.027494249718181873,0.1495602319802457,0.3058306773585477,0.056242270035228026,0.0766041356878065,0.0321497133540074,-0.03553369023270522,0.040612564094656356,-0.09946568503321099,0.008403777034400164,-0.001890961737213447,-0.02540952034643083,-0.018969841663328754,0.06420512248682195,-0.03533578345601719,-0.06137920521095811,0.0029377510331431416,0.05989108627643049,0.001372203673076494,-0.03387511635643321,-0.02721832864107742,0.04903801773349056,0.056242270035228026,0.07560951815985648,0.011669480073623822,-0.022935635805819834,-0.02865461059606243,-0.020395492665857176,-0.07782860251167754,0.028326516902200824,0.006442297360990732,-0.009885490402451628,0.00045713819341779995,0.05310581547946151,-0.021338910889853333,-0.04550793146838029,-0.03814789898312404,0.0402467770178443,0.014048380354802954,-0.025811615217178653,-0.016796025435281366,0.018078061528600167,0.0766041356878065,0.011669480073623822,0.09243008809267277
0.05282982601224699,-0.03309918399865014,-0.0007355184713898502,-0.017313574949689,-0.010578653541841758,-0.010923732977534599,-0.021472542689466682,-0.002760712312259777,0.0069880626913421525,-0.00886397790932246,-0.005595105086563065,-0.007557710010296261,0.03299590130832552,0.017201256954299186,-0.02382130047537758,-0.0004637511607757663,0.029232601218841938,0.0020456088690221593,0.014271984404000567,-0.005764068328309059,-0.03309918399865014,0.1161257977595454,0.009298785360190867,0.06656162748961439,-0.05409047198672104,0.018754990885044433,0.009989591149853927,-0.00016264247415708638,-0.05773251010245047,0.001840930479662587,0.014532711710407325,0.033721554959337874,-0.038608902191521535,-0.013212571789398022,0.07453564523202386,-0.014528155110971535,-0.07384848521524276,-0.060344378557818316,-0.002503369072496416,-0.01681671933856744,-0.0007355184713898502,0.009298785360190867,0.18587718684608923,0.000937752145594984,-0.06216700224344975,0.024562672961673686,0.05066150953399931,-0.03719677152857187,-0.04313023804456298,-0.10569165539674517,-0.008594345919868896,0.03481098196409117,-0.08631365354239978,0.004171149842036948,0.08067073436210587,-0.03538708982618439,-0.02942369467865341,0.04171757490253297,-0.012259673323813641,-0.03474508868284831,-0.017313574949689,0.06656162748961439,0.000937752145594984,0.15228639557570028,-0.04732881522010833,0.014106809797214917,0.0012141403532605812,0.001138983786594044,-0.0537632554212569,0.0002212136113623575,0.06397637369915858,0.03626972776896473,-0.02461289167213061,-0.00013723701501522616,0.05142339223952147,-0.011358859880550173,-0.062499922262205264,-0.09192211311779011,0.00025672472109126,-0.01608962016989257,-0.010578653541841758,-0.05409047198672104,-0.06216700224344975,-0.04732881522010833,0.1658995178456921,-0.017769639910892546,0.002706150671419612,0.0016306400030861594,0.05868923944933405,0.052618502252596386,-0.034271694492836735,-0.03724022092314172,0.02565208251348841,-0.0193218441110328,-0.08277367667253185,0.04288193011180076,0.033787755199998354,0.013575435643980543,-0.022522708586109975,0.05257592503693424,-0.010923732977534599,0.018754990885044433,0.024562672961673686,0.014106809797214917,-0.017769639910892546,0.041231260005217096,-0.0015478791657021758,0.011579937269749385,-0.032134835096904416,-0.02251416587034062,0.011548717987180362,0.00312451252963894,-0.0335682286148268,-0.002298825338213846,0.03753325914624262,0.00020631271118851905,-0.019320367551797137,-0.012305846891082923,0.007274255013483047,-0.011902259336185151,-0.021472542689466682,0.009989591149853927,0.05066150953399931,0.0012141403532605812,0.002706150671419612,-0.0015478791657021758,0.13007360287473413,-0.01695752470528431,-0.009221860895306088,0.0352211446252636,0.017767856989983864,0.02312905831615291,-0.03392821648402613,-0.06088960972001918,0.006566548206927596,-0.010116292722554621,-0.03706667471599727,-0.01668410716884787,-0.04281750333211688,-0.013955574854208083,-0.002760712312259777,-0.00016264247415708638,-0.03719677152857187,0.001138983786594044,0.0016306400030861594,0.011579937269749385,-0.01695752470528431,0.06381591456102972,-0.01687542132126188,0.00708398094629983,0.02349456892949786,0.0010105891106132752,-0.012789832519988973,0.013929554604505637,0.011908130913333958,-0.0035151989914355914,-0.012829208599825111,-0.0013866113180973148,0.0069950808283782435,-0.006424332829943834,0.0069880626913421525,-0.05773251010245047,-0.04313023804456298,-0.0537632554212569,0.05868923944933405,-0.032134835096904416,-0.009221860895306088,-0.01687542132126188,0.11545778680377355,0.05121627885700766,-0.03447916324300855,-0.05029115638982343,0.056625880240671445,0.004209066371777609,-0.08285944705020398,0.025857673438772426,0.039999866711381164,0.04676500676950807,0.006691636488925496,0.033030186908856736,-0.00886397790932246,0.001840930479662587,-0.10569165539674517,0.0002212136113623575,0.052618502252596386,-0.02251416587034062,0.0352211446252636,0.00708398094629983,0.05121627885700766,0.1479193337179422,0.014010190265023155,-0.021795939379638977,0.05025989421774961,-0.05032122163658334,-0.07026859061769686,0.025995367223304346,-0.00965767398339036,-0.04269207915165832,-0.019435332860225633,0.007549491270105523,-0.005595105086563065,0.014532711710407325,-0.008594345919868896,0.06397637369915858,-0.034271694492836735,0.011548717987180362,0.017767856989983864,0.02349456892949786,-0.03447916324300855,0.014010190265023155,0.07213944809373588,0.028449944437291833,-0.01911102159986993,0.0027559998452913225,0.02765098500136632,-0.00588730595127268,-0.02803080166862741,-0.04848935696206025,-0.006222681075670557,-0.02190550744185698,-0.007557710010296261,0.033721554959337874,0.03481098196409117,0.03626972776896473,-0.03724022092314172,0.00312451252963894,0.02312905831615291,0.0010105891106132752,-0.05029115638982343,-0.021795939379638977,0.028449944437291833,0.060774348856551474,-0.03591899176236932,-0.0032417210757366872,0.0422101727517668,-0.017576613759274967,-0.03348698252171386,-0.015052389360484576,-0.022259416440480996,-0.01876901942501611,0.03299590130832552,-0.038608902191521535,-0.08631365354239978,-0.02461289167213061,0.02565208251348841,-0.0335682286148268,-0.03392821648402613,-0.012789832519988973,0.056625880240671445,0.05025989421774961,-0.01911102159986993,-0.03591899176236932,0.10168524894779235,0.011461405827172588,-0.08014804310321738,0.024394869414931547,0.056532601006861444,0.0025134161184376573,0.015763351154847047,0.018648344158458598,0.017201256954299186,-0.013212571789398022,0.004171149842036948,-0.00013723701501522616,-0.0193218441110328,-0.002298825338213846,-0.06088960972001918,0.013929554604505637,0.004209066371777609,-0.05032122163658334,0.0027559998452913225,-0.0032417210757366872,0.011461405827172588,0.060757581431473535,0.0013568262503925728,-0.0035089099798367037,0.023443458501772686,0.03743067000230123,0.02055293584150191,-0.00041827971248620515,-0.02382130047537758,0.07453564523202386,0.08067073436210587,0.05142339223952147,-0.08277367667253185,0.03753325914624262,0.006566548206927596,0.011908130913333958,-0.08285944705020398,-0.07026859061769686,0.02765098500136632,0.0422101727517668,-0.08014804310321738,0.0013568262503925728,0.12965764110810435,-0.03335947880046821,-0.06936978550674702,-0.03147192611676541,-0.003515669698053704,-0.04036283010656373,-0.0004637511607757663,-0.014528155110971535,-0.03538708982618439,-0.011358859880550173,0.04288193011180076,0.00020631271118851905,-0.010116292722554621,-0.0035151989914355914,0.025857673438772426,0.025995367223304346,-0.00588730595127268,-0.017576613759274967,0.024394869414931547,-0.0035089099798367037,-0.03335947880046821,0.03278055168219659,0.018088316810532756,-0.010835367410736143,-0.00022521484692200838,0.01318521205590657,0.029232601218841938,-0.07384848521524276,-0.02942369467865341,-0.062499922262205264,0.033787755199998354,-0.019320367551797137,-0.03706667471599727,-0.012829208599825111,0.039999866711381164,-0.00965767398339036,-0.02803080166862741,-0.03348698252171386,0.056532601006861444,0.023443458501772686,-0.06936978550674702,0.018088316810532756,0.10042911541995155,0.050714843394717136,0.011358332527359048,0.011397440828330864,0.0020456088690221593,-0.060344378557818316,0.04171757490253297,-0.09192211311779011,0.013575435643980543,-0.012305846891082923,-0.01668410716884787,-0.0013866113180973148,0.04676500676950807,-0.04269207915165832,-0.04848935696206025,-0.015052389360484576,0.0025134161184376573,0.03743067000230123,-0.03147192611676541,-0.010835367410736143,0.050714843394717136,0.15255740930464798,-0.0010129949691438799,0.002957561309160045,0.014271984404000567,-0.002503369072496416,-0.012259673323813641,0.00025672472109126,-0.022522708586109975,0.007274255013483047,-0.04281750333211688,0.0069950808283782435,0.006691636488925496,-0.019435332860225633,-0.006222681075670557,-0.022259416440480996,0.015763351154847047,0.02055293584150191,-0.003515669698053704,-0.00022521484692200838,0.011358332527359048,-0.0010129949691438799,0.04741929398346993,0.005195588764631148,-0.005764068328309059,-0.01681671933856744,-0.03474508868284831,-0.01608962016989257,0.05257592503693424,-0.011902259336185151,-0.013955574854208083,-0.006424332829943834,0.033030186908856736,0.007549491270105523,-0.02190550744185698,-0.01876901942501611,0.018648344158458598,-0.00041827971248620515,-0.04036283010656373,0.01318521205590657,0.011397440828330864,0.002957561309160045,0.005195588764631148,0.06677205909943595
