0.01923815061073742,0.004148748763725293,0.002472509240936019,0.0026138018547511204,-0.0008028015966397694,-0.00011910801566150479,-0.0007727820822450616,0.007612696528070603,0.006218741604913556,0.003777628162440728,0.004991927723378276,0.0007644854770880037,0.001353518136392816,0.008805414760819183,0.006461216667595228,0.004002063978852848,0.00040675546748106337,0.002373997234788694,-0.00150921779744365,0.005822877356812453,0.004148748763725293,0.030718638214119916,0.006057420144034692,0.002770193199605897,-0.0008931167631886271,-0.0011696261952833967,0.00729809256456977,0.004388254317282637,0.004760400831463056,0.0007205237788469512,0.004938747919477028,0.003258245049339903,0.007272133497795045,0.012366384946153972,0.006324111574534223,0.005907644086714804,0.003222899387951816,0.00809360947232975,0.0006019262394308751,0.009031322375367766,0.002472509240936019,0.006057420144034692,0.014299736074853263,0.0019093090651679427,0.00038677736815371545,0.0009543459005482782,0.005019760948934764,-0.0014967624578121628,0.001924501430300605,1.9629073016962442e-5,0.0041772711515531795,0.0042965540442517864,0.005841780746480024,0.010466480715614956,0.0013027980485113295,0.00685096800430373,0.0026271906050655642,-0.00027376212419642386,-0.003149551038844118,0.004001208291006798,0.0026138018547511204,0.002770193199605897,0.0019093090651679427,0.02762471103075298,0.003209827035297863,-0.012062438367371605,0.0010085351150004658,-0.0033349412213606964,0.0018192001860496219,0.0063757674039959045,0.001029233635789925,0.011559205845438804,0.0013446175804925375,0.00459242926439885,0.00012263198137278533,0.001906704372945861,0.007524289371660836,-0.0043567374969256025,0.0007723384509221134,0.0011133396166172161,-0.0008028015966397694,-0.0008931167631886271,0.00038677736815371545,0.003209827035297863,0.014771881765710154,-0.0035400103032267555,0.0002718552611643855,-0.00017069145401607663,0.0021240238004768984,0.0029812750770867656,0.006202162727579001,0.0014949955825017912,0.0012865179997849565,0.0048175520549451605,-0.0036039075380261904,0.0032661853776646175,0.000790189592432501,-0.0036983238462485564,0.0026035639728754665,0.0014272932288088814,-0.00011910801566150479,-0.0011696261952833967,0.0009543459005482782,-0.012062438367371605,-0.0035400103032267555,0.021147482989364117,-0.0037479308051342683,0.004693411317126735,-0.0018553284802688432,0.0003284239426668706,0.0007634159952469933,0.0009471298872335093,0.0004739405716415574,-0.0008962795647931875,-0.0004408609374907343,-0.005619143148535963,-0.008764588428674242,-0.003694891582227235,-0.004151584152742605,0.005605947117962061,-0.0007727820822450616,0.00729809256456977,0.005019760948934764,0.0010085351150004658,0.0002718552611643855,-0.0037479308051342683,0.024134991443795533,0.00332601973639735,0.006000217344568912,0.0011321087493553956,0.0073053866641646465,-0.0005368361694069445,0.011679864642075086,0.005118192627245582,2.2685598207442122e-5,0.0027867887136668783,0.00845139505617764,0.004474060532855513,0.002374562022253333,0.0037600596798265076,0.007612696528070603,0.004388254317282637,-0.0014967624578121628,-0.0033349412213606964,-0.00017069145401607663,0.004693411317126735,0.00332601973639735,0.026287110908935537,0.0020646337832190393,0.002237777105706152,0.008166627347093792,0.0031686842668214943,0.002565765017439106,0.00965611475625719,0.005997908975473315,0.0036330954428032006,0.0038844208136738978,0.005730622843065124,-0.0029118386747107265,0.01537258742807561,0.006218741604913556,0.004760400831463056,0.001924501430300605,0.0018192001860496219,0.0021240238004768984,-0.0018553284802688432,0.006000217344568912,0.0020646337832190393,0.02905422467222283,0.0018459186104538994,0.012570613796907468,0.006435298987927348,0.0082629017390057,0.015470628871534933,0.007960180517600304,0.005142619091620872,0.01117258783459792,0.0046136127402623675,0.0025112855184987303,0.01120878474665047,0.003777628162440728,0.0007205237788469512,1.9629073016962442e-5,0.0063757674039959045,0.0029812750770867656,0.0003284239426668706,0.0011321087493553956,0.002237777105706152,0.0018459186104538994,0.013298114776294742,0.005409241275042606,0.0031741569856913645,0.0035687662030509434,0.008845709600322472,0.000731491269555731,0.0030125578981244194,0.00014384393340752797,0.00200013828379668,0.000727205428100354,0.003406330778425605,0.004991927723378276,0.004938747919477028,0.0041772711515531795,0.001029233635789925,0.006202162727579001,0.0007634159952469933,0.0073053866641646465,0.008166627347093792,0.012570613796907468,0.005409241275042606,0.03019838672766262,0.0020564770715804483,0.010576508095219704,0.0134545298542392,0.006018279082341191,0.006655394862951751,0.00773738005328852,0.006677130871973174,0.007992236060299661,0.005665800081964868,0.0007644854770880037,0.003258245049339903,0.0042965540442517864,0.011559205845438804,0.0014949955825017912,0.0009471298872335093,-0.0005368361694069445,0.0031686842668214943,0.006435298987927348,0.0031741569856913645,0.0020564770715804483,0.023356891119146357,0.0033418014582011404,0.01102232792990687,-0.00032201092689288554,0.003626941474402518,0.00020670593607587367,0.0022439688549168,-0.0017816673891997386,0.010376177051027441,0.001353518136392816,0.007272133497795045,0.005841780746480024,0.0013446175804925375,0.0012865179997849565,0.0004739405716415574,0.011679864642075086,0.002565765017439106,0.0082629017390057,0.0035687662030509434,0.010576508095219704,0.0033418014582011404,0.02236433760552573,0.008594900350419715,0.0017480555761456838,0.004239738459116243,0.008875093719332105,0.0031493945834149377,0.001405859124068343,0.005531405617507578,0.008805414760819183,0.012366384946153972,0.010466480715614956,0.00459242926439885,0.0048175520549451605,-0.0008962795647931875,0.005118192627245582,0.00965611475625719,0.015470628871534933,0.008845709600322472,0.0134545298542392,0.01102232792990687,0.008594900350419715,0.036188433512619494,0.003171991132225431,0.011017888831714085,0.007599786400505157,0.007498287349363653,0.006576204879882318,0.013416783087161262,0.006461216667595228,0.006324111574534223,0.0013027980485113295,0.00012263198137278533,-0.0036039075380261904,-0.0004408609374907343,2.2685598207442122e-5,0.005997908975473315,0.007960180517600304,0.000731491269555731,0.006018279082341191,-0.00032201092689288554,0.0017480555761456838,0.003171991132225431,0.021109982952662577,-0.0033232572348840623,0.0008422251468465298,0.003910354219005038,-0.0014179442861104194,0.005462141351739551,0.004002063978852848,0.005907644086714804,0.00685096800430373,0.001906704372945861,0.0032661853776646175,-0.005619143148535963,0.0027867887136668783,0.0036330954428032006,0.005142619091620872,0.0030125578981244194,0.006655394862951751,0.003626941474402518,0.004239738459116243,0.011017888831714085,-0.0033232572348840623,0.024707568968166116,0.006240934667265668,0.001513840666709948,0.0026626197162913706,0.00683728065321006,0.00040675546748106337,0.003222899387951816,0.0026271906050655642,0.007524289371660836,0.000790189592432501,-0.008764588428674242,0.00845139505617764,0.0038844208136738978,0.01117258783459792,0.00014384393340752797,0.00773738005328852,0.00020670593607587367,0.008875093719332105,0.007599786400505157,0.0008422251468465298,0.006240934667265668,0.01754615804734205,0.003467508598883192,0.0005643023096348983,0.0046391845555477235,0.002373997234788694,0.00809360947232975,-0.00027376212419642386,-0.0043567374969256025,-0.0036983238462485564,-0.003694891582227235,0.004474060532855513,0.005730622843065124,0.0046136127402623675,0.00200013828379668,0.006677130871973174,0.0022439688549168,0.0031493945834149377,0.007498287349363653,0.003910354219005038,0.001513840666709948,0.003467508598883192,0.01849051734834881,0.0005035949308732899,0.008079372242909968,-0.00150921779744365,0.0006019262394308751,-0.003149551038844118,0.0007723384509221134,0.0026035639728754665,-0.004151584152742605,0.002374562022253333,-0.0029118386747107265,0.0025112855184987303,0.000727205428100354,0.007992236060299661,-0.0017816673891997386,0.001405859124068343,0.006576204879882318,-0.0014179442861104194,0.0026626197162913706,0.0005643023096348983,0.0005035949308732899,0.01812080944357876,4.44629378298228e-8,0.005822877356812453,0.009031322375367766,0.004001208291006798,0.0011133396166172161,0.0014272932288088814,0.005605947117962061,0.0037600596798265076,0.01537258742807561,0.01120878474665047,0.003406330778425605,0.005665800081964868,0.010376177051027441,0.005531405617507578,0.013416783087161262,0.005462141351739551,0.00683728065321006,0.0046391845555477235,0.008079372242909968,4.44629378298228e-8,0.03185456014846548
