0.05635740863195129,-0.014057844761720305,0.022624152857770412,0.05480030992359482,-0.09763352313268998,-0.001440307324645505,-0.07486885290702842,-0.06620239016370502,0.07993392313702741,0.016556660852234263,0.017413311908939917,0.016596625776443892,0.05616326920861655,0.007434934264668921,-0.07538575350236398,-0.06314035237242004,0.008893887373969366,0.08326106810042228,0.005016127856136004,0.030690313973890063,-0.014057844761720305,0.05025125081564224,-0.015388620753826587,-0.0380659543319395,0.0365039705422143,-0.021723442676936863,0.03250506398559724,0.029998698420797356,-0.03761124121781573,0.008825279047885581,0.007720611060017094,-0.012706129055493964,-0.024637810693038446,0.013141809789060314,0.02434259140088664,0.026031568150795825,-0.017407222799408775,-0.044175091474409914,0.016303304300536454,-0.00549673927531742,0.022624152857770412,-0.015388620753826587,0.05645493004808265,0.04390431529166663,-0.07664694771444597,0.009446106913610412,-0.055857064379682506,-0.05791647783042237,0.06681601362566766,-0.007240667300017621,0.0044566519106018585,0.012648989769105844,0.048732192758780296,-0.0032022457137376747,-0.0572889380812448,-0.04971451144138497,0.016910005196055497,0.06448949578493504,-0.010407200524768144,0.019786646402703577,0.05480030992359482,-0.0380659543319395,0.04390431529166663,0.11038912662680768,-0.16214263997817369,0.00475355475925391,-0.13177600778835885,-0.1129023512234102,0.13711207642570922,0.008578107954062001,0.03136550724169146,0.025367806330302313,0.10276332463313213,0.007425572298347652,-0.12536619778235245,-0.10427009918285923,0.023515894054378615,0.1433852505461277,-0.006650793564280461,0.04566131873773907,-0.09763352313268998,0.0365039705422143,-0.07664694771444597,-0.16214263997817369,0.3399601196779714,0.027643615299181246,0.2603252248938783,0.22256006089342406,-0.26616200514477073,-0.03613298442347759,-0.0737189733072324,-0.038837673854482856,-0.21055248424094686,-0.0306439113108201,0.26052247455328487,0.22009066145189357,-0.03189473058216191,-0.2586787015161813,-0.0115131002904178,-0.11242876193961873,-0.001440307324645505,-0.021723442676936863,0.009446106913610412,0.00475355475925391,0.027643615299181246,0.06800335332666294,0.028846274901916154,0.013548174527937063,-0.02058705217596629,-0.030645333703363482,-0.026055987451851982,0.0056268253401669,-0.028305032854429507,-0.03082027533270712,0.043130326342574604,0.040681332938279455,0.01378862888008003,-0.011859350509491252,-0.02825308051517466,-0.029209921427684055,-0.07486885290702842,0.03250506398559724,-0.055857064379682506,-0.13177600778835885,0.2603252248938783,0.028846274901916154,0.2309243745127209,0.17820252874503661,-0.21632179000291774,-0.03668621786731322,-0.05812717304795589,-0.029802062473598324,-0.17013287185678205,-0.032645224114818835,0.2165169364031544,0.18498686186173674,-0.017516508248651665,-0.20957101351744234,-0.010034865981424935,-0.09089814431921073,-0.06620239016370502,0.029998698420797356,-0.05791647783042237,-0.1129023512234102,0.22256006089342406,0.013548174527937063,0.17820252874503661,0.17221280910603393,-0.1840545552743002,-0.02020543089200418,-0.04086616846198307,-0.02723349719897903,-0.14283333786347532,-0.016483506084806254,0.1785692377144898,0.14735932535510343,-0.023570237835802917,-0.1793072076835588,-0.006474046369714661,-0.06996964721687611,0.07993392313702741,-0.03761124121781573,0.06681601362566766,0.13711207642570922,-0.26616200514477073,-0.02058705217596629,-0.21632179000291774,-0.1840545552743002,0.24732032589950162,0.025114349828320708,0.05797086382211737,0.03222269248088467,0.18139650981185762,0.025448533876275485,-0.2269669406346888,-0.18732634667246023,0.022436904434947686,0.22066413376227956,0.003546173379677771,0.08887443878329568,0.016556660852234263,0.008825279047885581,-0.007240667300017621,0.008578107954062001,-0.03613298442347759,-0.030645333703363482,-0.03668621786731322,-0.02020543089200418,0.025114349828320708,0.04205841683066469,0.017539700220967545,-0.0020488501530140342,0.02601260770880993,0.01796501007406176,-0.04213506458770078,-0.04001385765774278,-0.012537651143185275,0.021948991977530266,0.018205696201363725,0.024199932588068032,0.017413311908939917,0.007720611060017094,0.0044566519106018585,0.03136550724169146,-0.0737189733072324,-0.026055987451851982,-0.05812717304795589,-0.04086616846198307,0.05797086382211737,0.017539700220967545,0.04446521246981705,0.004252533346969162,0.05147218078484929,0.020039530353994986,-0.06340502862168879,-0.05396877387429499,-0.0025164248521119016,0.048566425394427334,0.01267766771153159,0.02920869483688668,0.016596625776443892,-0.012706129055493964,0.012648989769105844,0.025367806330302313,-0.038837673854482856,0.0056268253401669,-0.029802062473598324,-0.02723349719897903,0.03222269248088467,-0.0020488501530140342,0.004252533346969162,0.020175333656092483,0.02369962064262343,0.0026596520796424526,-0.029149884153456353,-0.021173052860909793,0.00716380045656428,0.03689983442066172,-0.0026491514966722153,0.012070275108230001,0.05616326920861655,-0.024637810693038446,0.048732192758780296,0.10276332463313213,-0.21055248424094686,-0.028305032854429507,-0.17013287185678205,-0.14283333786347532,0.18139650981185762,0.02601260770880993,0.05147218078484929,0.02369962064262343,0.15948332841422566,0.02573879238348051,-0.1820408784182223,-0.15367595107664675,0.014004604249529975,0.16739262580973588,0.007183691333985347,0.07365508776444615,0.007434934264668921,0.013141809789060314,-0.0032022457137376747,0.007425572298347652,-0.0306439113108201,-0.03082027533270712,-0.032645224114818835,-0.016483506084806254,0.025448533876275485,0.01796501007406176,0.020039530353994986,0.0026596520796424526,0.02573879238348051,0.03999178305200744,-0.05074502505254669,-0.036113071053879044,-0.011559629900760291,0.027249011462789942,0.013882389524781494,0.016715470484350396,-0.07538575350236398,0.02434259140088664,-0.0572889380812448,-0.12536619778235245,0.26052247455328487,0.043130326342574604,0.2165169364031544,0.1785692377144898,-0.2269669406346888,-0.04213506458770078,-0.06340502862168879,-0.029149884153456353,-0.1820408784182223,-0.05074502505254669,0.2621174941921774,0.19743952879851848,-0.007925666111929224,-0.2163761135345968,-0.015143774532155208,-0.09552914831290615,-0.06314035237242004,0.026031568150795825,-0.04971451144138497,-0.10427009918285923,0.22009066145189357,0.040681332938279455,0.18498686186173674,0.14735932535510343,-0.18732634667246023,-0.04001385765774278,-0.05396877387429499,-0.021173052860909793,-0.15367595107664675,-0.036113071053879044,0.19743952879851848,0.17822355936765422,-0.011253748731843663,-0.18381295542522774,-0.006459034170737577,-0.08425179512391169,0.008893887373969366,-0.017407222799408775,0.016910005196055497,0.023515894054378615,-0.03189473058216191,0.01378862888008003,-0.017516508248651665,-0.023570237835802917,0.022436904434947686,-0.012537651143185275,-0.0025164248521119016,0.00716380045656428,0.014004604249529975,-0.011559629900760291,-0.007925666111929224,-0.011253748731843663,0.032489973007825176,0.030417329508093963,-0.009260413423979074,0.0033691689619998718,0.08326106810042228,-0.044175091474409914,0.06448949578493504,0.1433852505461277,-0.2586787015161813,-0.011859350509491252,-0.20957101351744234,-0.1793072076835588,0.22066413376227956,0.021948991977530266,0.048566425394427334,0.03689983442066172,0.16739262580973588,0.027249011462789942,-0.2163761135345968,-0.18381295542522774,0.030417329508093963,0.23438129281810324,-0.0008425912812977173,0.07848797670152473,0.005016127856136004,0.016303304300536454,-0.010407200524768144,-0.006650793564280461,-0.0115131002904178,-0.02825308051517466,-0.010034865981424935,-0.006474046369714661,0.003546173379677771,0.018205696201363725,0.01267766771153159,-0.0026491514966722153,0.007183691333985347,0.013882389524781494,-0.015143774532155208,-0.006459034170737577,-0.009260413423979074,-0.0008425912812977173,0.031130992630701213,0.015590365566413064,0.030690313973890063,-0.00549673927531742,0.019786646402703577,0.04566131873773907,-0.11242876193961873,-0.029209921427684055,-0.09089814431921073,-0.06996964721687611,0.08887443878329568,0.024199932588068032,0.02920869483688668,0.012070275108230001,0.07365508776444615,0.016715470484350396,-0.09552914831290615,-0.08425179512391169,0.0033691689619998718,0.07848797670152473,0.015590365566413064,0.06031977346337178
0.03364197347856462,0.005635223861071084,0.00528275818914231,-0.01385156692566187,0.0045130998229956825,0.011108134055735188,-0.001606951380436378,0.005769482559626209,-0.0056655703653932955,0.002797829739557073,0.009148434799230977,-0.0010030021598949183,-0.0010622851737549987,-0.006946240722920643,-0.0009880498988227694,-0.007690981909808135,0.0014280071433148398,-0.0018887600808878725,-0.0017577338623666742,0.002217191610398889,0.005635223861071084,0.03664810854208954,0.005892112740790202,-0.007806182939360574,0.004285694557189229,-0.0051340882996897185,0.01153554593376109,-0.011180391112526682,0.009969383937846098,0.0020353225185217915,-0.0009151600081495661,-0.0037170862967473685,-0.017134891418137822,0.013509075066979901,0.007806978886391003,0.0017430989263372326,-0.017263705385756657,0.01570199252520017,0.00797638790730076,0.0017316637539361635,0.00528275818914231,0.005892112740790202,0.03828963327927075,-0.018049137957726766,-0.0029293804463220467,0.003220080713737603,0.00295529989754742,0.005868457705587625,0.008837041086559808,-0.0021940527091557013,0.01062626645906051,0.008990892241405006,0.006804709168360873,4.870506014040416e-5,0.006397017452957282,-0.010889126637134282,-0.010024134196895799,-0.008814102328640664,0.0019052473587882679,0.01144298440260488,-0.01385156692566187,-0.007806182939360574,-0.018049137957726766,0.04751204025703513,0.0012128852162180009,-0.008162185294600216,0.00888032521017007,-0.004677792720480823,0.006356961406484751,-0.0005353787030354053,-0.004451973792513686,-0.0035499285162956104,-0.005235333897286018,0.008783761092302077,0.004868532006574578,0.016510519060144224,0.00913661155235682,0.013144518173627055,0.0053081293907886185,-0.004588941039992855,0.0045130998229956825,0.004285694557189229,-0.0029293804463220467,0.0012128852162180009,0.029544581886443502,0.004071154992231561,-0.0034672289650637053,0.0012205806282195525,-0.0038088760827588147,0.0012345663089980128,-0.008803040582677462,0.004131090208223109,0.0025762775348503473,0.0075461426289814715,-0.0074064462472319395,-0.0013925624580672618,0.0032559306130878277,-0.00029370955119170715,-0.008490914026614109,-0.0068934749480547754,0.011108134055735188,-0.0051340882996897185,0.003220080713737603,-0.008162185294600216,0.004071154992231561,0.03299638715413079,-0.007442149739797694,0.007212827164641085,-0.011576675689104548,0.004406223546343353,0.008737961323935072,0.0024345833800963656,0.0026336427268152662,-0.00856068583590929,-0.0020924630205101475,-0.01126980197465833,0.006425199901104625,-0.011870192139675533,-0.007997413121167377,0.002058576146162532,-0.001606951380436378,0.01153554593376109,0.00295529989754742,0.00888032521017007,-0.0034672289650637053,-0.007442149739797694,0.03374035524318579,-0.010711260219089701,0.019357064393412022,-0.006477051132381145,0.00247653623189152,-0.009263151688643351,-0.012929552996592264,0.008330980760324881,0.011157024125284949,0.006364272426657335,-0.017883230393176488,0.0118720925598399,0.012718242506853359,0.002523007138449886,0.005769482559626209,-0.011180391112526682,0.005868457705587625,-0.004677792720480823,0.0012205806282195525,0.007212827164641085,-0.010711260219089701,0.024352134115258682,-0.0052590869412301655,0.0020902534507380712,-0.0002608958165916575,0.007889148959477765,0.014464112826607154,-0.009641982244804202,-0.008060614689546925,-0.010381483249574662,0.006949507667350785,-0.018795850825189496,-0.005706298344515318,-0.0008754317299767308,-0.0056655703653932955,0.009969383937846098,0.008837041086559808,0.006356961406484751,-0.0038088760827588147,-0.011576675689104548,0.019357064393412022,-0.0052590869412301655,0.03462410916279462,-0.0036734387210374028,0.005305613640858688,-0.003161057276474777,-0.009550857816690454,0.01761345678791785,0.01681051803298607,0.012053862461591645,-0.009453439406133145,0.018277149379004112,0.014253217189890678,0.0029304103288217264,0.002797829739557073,0.0020353225185217915,-0.0021940527091557013,-0.0005353787030354053,0.0012345663089980128,0.004406223546343353,-0.006477051132381145,0.0020902534507380712,-0.0036734387210374028,0.020725895907165913,-0.00080948900478316,0.0023668102697549202,0.001381785388496981,-0.0022560359911903746,-0.0025780412656265404,0.00037799906620037543,0.007215366852437155,9.718816013839958e-5,-0.0025820788229776706,-0.001961974421948659,0.009148434799230977,-0.0009151600081495661,0.01062626645906051,-0.004451973792513686,-0.008803040582677462,0.008737961323935072,0.00247653623189152,-0.0002608958165916575,0.005305613640858688,-0.00080948900478316,0.035160899061174734,0.0032563856185428047,0.006304667789559603,-0.007022732188945436,0.008318710639218279,-0.011008761828021178,0.005562671617412199,-0.003722602120744431,0.0011006954698465122,0.0017336644949181713,-0.0010030021598949183,-0.0037170862967473685,0.008990892241405006,-0.0035499285162956104,0.004131090208223109,0.0024345833800963656,-0.009263151688643351,0.007889148959477765,-0.003161057276474777,0.0023668102697549202,0.0032563856185428047,0.035413487072742514,0.02104440865862941,-0.00805584506345773,-0.003242184162932958,-0.002560676198629356,0.009409680167710589,-0.017252513844738995,-0.003160708871028955,0.001066949328980314,-0.0010622851737549987,-0.017134891418137822,0.006804709168360873,-0.005235333897286018,0.0025762775348503473,0.0026336427268152662,-0.012929552996592264,0.014464112826607154,-0.009550857816690454,0.001381785388496981,0.006304667789559603,0.02104440865862941,0.047680802808522875,-0.0174787016088407,-0.003762728211760682,-0.0032774381038788154,0.02036162945230691,-0.022981755611848356,-0.010877881796965872,-0.002092070354092885,-0.006946240722920643,0.013509075066979901,4.870506014040416e-5,0.008783761092302077,0.0075461426289814715,-0.00856068583590929,0.008330980760324881,-0.009641982244804202,0.01761345678791785,-0.0022560359911903746,-0.007022732188945436,-0.00805584506345773,-0.0174787016088407,0.03730370425848029,0.003971544948401651,0.0012835103014729452,-0.015007894171507198,0.017313452488344216,0.005836421348544675,-0.004412075195183853,-0.0009880498988227694,0.007806978886391003,0.006397017452957282,0.004868532006574578,-0.0074064462472319395,-0.0020924630205101475,0.011157024125284949,-0.008060614689546925,0.01681051803298607,-0.0025780412656265404,0.008318710639218279,-0.003242184162932958,-0.003762728211760682,0.003971544948401651,0.024692477320668597,0.007501918519785415,-0.005634173249824081,0.011399169073374113,0.007634891874339481,0.0059024622417093095,-0.007690981909808135,0.0017430989263372326,-0.010889126637134282,0.016510519060144224,-0.0013925624580672618,-0.01126980197465833,0.006364272426657335,-0.010381483249574662,0.012053862461591645,0.00037799906620037543,-0.011008761828021178,-0.002560676198629356,-0.0032774381038788154,0.0012835103014729452,0.007501918519785415,0.03855604594763646,0.005808731742639002,0.010720510868894074,0.005190232585366879,-7.371120896985618e-5,0.0014280071433148398,-0.017263705385756657,-0.010024134196895799,0.00913661155235682,0.0032559306130878277,0.006425199901104625,-0.017883230393176488,0.006949507667350785,-0.009453439406133145,0.007215366852437155,0.005562671617412199,0.009409680167710589,0.02036162945230691,-0.015007894171507198,-0.005634173249824081,0.005808731742639002,0.04626248691379504,-0.012066442611635489,-0.017239135743776647,-0.005799867212369478,-0.0018887600808878725,0.01570199252520017,-0.008814102328640664,0.013144518173627055,-0.00029370955119170715,-0.011870192139675533,0.0118720925598399,-0.018795850825189496,0.018277149379004112,9.718816013839958e-5,-0.003722602120744431,-0.017252513844738995,-0.022981755611848356,0.017313452488344216,0.011399169073374113,0.010720510868894074,-0.012066442611635489,0.04639129898189429,0.011692338779660338,0.002394669270789537,-0.0017577338623666742,0.00797638790730076,0.0019052473587882679,0.0053081293907886185,-0.008490914026614109,-0.007997413121167377,0.012718242506853359,-0.005706298344515318,0.014253217189890678,-0.0025820788229776706,0.0011006954698465122,-0.003160708871028955,-0.010877881796965872,0.005836421348544675,0.007634891874339481,0.005190232585366879,-0.017239135743776647,0.011692338779660338,0.02806874872466722,0.006254027014053627,0.002217191610398889,0.0017316637539361635,0.01144298440260488,-0.004588941039992855,-0.0068934749480547754,0.002058576146162532,0.002523007138449886,-0.0008754317299767308,0.0029304103288217264,-0.001961974421948659,0.0017336644949181713,0.001066949328980314,-0.002092070354092885,-0.004412075195183853,0.0059024622417093095,-7.371120896985618e-5,-0.005799867212369478,0.002394669270789537,0.006254027014053627,0.023016903199915204
