0.027903698314708174,0.0058621355846304474,-0.001081716706000493,-0.011139756386277119,0.017354799256365717,-0.009912270967852143,0.004425985720112054,-0.003145071707087148,-0.0001850446333798426,0.018843617743580586,-0.00943877598105396,-0.01438978034966745,-0.005302538191996498,0.01930669135917825,-0.010959457521631258,-0.01586072695299206,-0.005744987247057697,-0.005001018655969556,0.014117256344952298,-0.0021017746131778143,0.0058621355846304474,0.0442496287117652,-0.006010056261916719,-0.011973085902932973,0.04859404332332548,-0.023382734563047538,-0.015246391558326614,-0.010536666659967862,0.0019354802660258544,0.01939750329668915,-0.010193145839352198,-0.044244740890883524,-0.005847492728843806,0.033907409385708354,-0.053809942968692376,-0.019242052550605758,0.006419517705681917,-0.0018499173595717682,0.04500806898541944,-0.021463278901586516,-0.001081716706000493,-0.006010056261916719,0.04166549712021073,-0.004255240149766077,0.021765823723418398,-0.023373923097437417,0.004957894730963948,0.008631902685299748,-0.003482831032942051,0.024765716511272122,-0.025721103611242198,0.0183662938945199,-0.0266891613083039,-0.009631645686698173,-0.01630541769408968,-0.02940288060127378,-0.023035946711137234,-0.014177535093753954,0.035552498066822424,-0.012615602544955145,-0.011139756386277119,-0.011973085902932973,-0.004255240149766077,0.027643538158006128,-0.016124526282799763,0.011480541838610081,-0.007595703206168609,0.0048981456866422,0.009958796899367519,-0.01274503128093167,0.005707992218547307,0.012668687576628878,0.013700256373209907,-0.010802243638458182,0.027384508447314816,0.009827292903552078,0.00677573112576082,0.006852710699774555,-0.024232874867236086,0.007870828846211458,0.017354799256365717,0.04859404332332548,0.021765823723418398,-0.016124526282799763,0.18953073017191685,-0.12271010652631156,-0.03699278562977623,-0.02783053702525347,0.018235081644336078,0.10808071145005226,-0.07764170115342593,-0.07976678178040217,-0.03898605177642499,0.09009576286977293,-0.12605013588132663,-0.13663448656382304,-0.026225910648786557,-0.02871071813041808,0.19367113880803055,-0.06785658604181252,-0.009912270967852143,-0.023382734563047538,-0.023373923097437417,0.011480541838610081,-0.12271010652631156,0.12411396550210077,0.015560123463995441,0.01506154490537481,-0.01059875189752041,-0.08443502947248151,0.07678099373268119,0.044110430589054325,0.03437242081859139,-0.0527731562291399,0.08878771162758776,0.11977747224674273,0.04132825009573507,0.032738416080578314,-0.15627931483806146,0.05544877929634914,0.004425985720112054,-0.015246391558326614,0.004957894730963948,-0.007595703206168609,-0.03699278562977623,0.015560123463995441,0.029771252153181684,0.008357714561264634,-0.012896151076074206,-0.012782808045849643,0.014930123027154935,0.023038003985937597,-0.005858684122736504,-0.016261490084312116,0.016327283818283574,0.019109129340353997,-0.006203493017058,0.0015367489527375556,-0.02408842855406642,0.009591073161414814,-0.003145071707087148,-0.010536666659967862,0.008631902685299748,0.0048981456866422,-0.02783053702525347,0.01506154490537481,0.008357714561264634,0.026413818356158712,0.0008246378964978677,-0.00910370629453499,-0.0001277337075218961,0.019779232518152667,-0.0010628601654100117,-0.020542032168792003,0.022222098249323526,0.019490419445909568,-0.006437777337398972,-2.3323913571199708e-5,-0.032876876141318415,0.010573763117806473,-0.0001850446333798426,0.0019354802660258544,-0.003482831032942051,0.009958796899367519,0.018235081644336078,-0.01059875189752041,-0.012896151076074206,0.0008246378964978677,0.0174596043384192,0.004030980282648579,-0.011556530991996888,-0.012450485896277591,0.006043838557857001,0.005128261946831118,0.005622099036365977,-0.012936672750040366,0.0026443349448262215,0.004849103715649025,0.011655957019284575,-0.00639572990309944,0.018843617743580586,0.01939750329668915,0.024765716511272122,-0.01274503128093167,0.10808071145005226,-0.08443502947248151,-0.012782808045849643,-0.00910370629453499,0.004030980282648579,0.09663848560907487,-0.059095243477894764,-0.037036925749393594,-0.028878844991712376,0.05119962347833244,-0.07634643256329543,-0.10191585622076674,-0.03242793082472019,-0.03276750718664725,0.127050775379572,-0.03883620387341722,-0.00943877598105396,-0.010193145839352198,-0.025721103611242198,0.005707992218547307,-0.07764170115342593,0.07678099373268119,0.014930123027154935,-0.0001277337075218961,-0.011556530991996888,-0.059095243477894764,0.08001267798146411,0.023268610046929733,0.024647363152682077,-0.017457722455931305,0.0377340261326604,0.0853011321894204,0.033631203644183635,0.02302046808944598,-0.09615315261816546,0.03450909657664179,-0.01438978034966745,-0.044244740890883524,0.0183662938945199,0.012668687576628878,-0.07976678178040217,0.044110430589054325,0.023038003985937597,0.019779232518152667,-0.012450485896277591,-0.037036925749393594,0.023268610046929733,0.08185428046536211,0.00018134457593247806,-0.05479616329522694,0.06706141279214088,0.041943882011545294,-0.006176399856563483,0.003981304411520042,-0.07379289782772006,0.028428676290193668,-0.005302538191996498,-0.005847492728843806,-0.0266891613083039,0.013700256373209907,-0.03898605177642499,0.03437242081859139,-0.005858684122736504,-0.0010628601654100117,0.006043838557857001,-0.028878844991712376,0.024647363152682077,0.00018134457593247806,0.044058312016698756,-0.01093696982729038,0.04446351026910496,0.03693642720593752,0.0209370601782133,0.023000704282240575,-0.05598325264755439,0.017665932292932972,0.01930669135917825,0.033907409385708354,-0.009631645686698173,-0.010802243638458182,0.09009576286977293,-0.0527731562291399,-0.016261490084312116,-0.020542032168792003,0.005128261946831118,0.05119962347833244,-0.017457722455931305,-0.05479616329522694,-0.01093696982729038,0.08047006246308291,-0.08130866320265644,-0.056802929335502864,0.001173632079426104,-0.013293842060773331,0.09052175196452772,-0.03228373050059935,-0.010959457521631258,-0.053809942968692376,-0.01630541769408968,0.027384508447314816,-0.12605013588132663,0.08878771162758776,0.016327283818283574,0.022222098249323526,0.005622099036365977,-0.07634643256329543,0.0377340261326604,0.06706141279214088,0.04446351026910496,-0.08130866320265644,0.15986070174057734,0.08407790097412252,0.018775052628254664,0.03609782445467078,-0.15361334337422197,0.060051752199132044,-0.01586072695299206,-0.019242052550605758,-0.02940288060127378,0.009827292903552078,-0.13663448656382304,0.11977747224674273,0.019109129340353997,0.019490419445909568,-0.012936672750040366,-0.10191585622076674,0.0853011321894204,0.041943882011545294,0.03693642720593752,-0.056802929335502864,0.08407790097412252,0.14897335741135115,0.048928186097986714,0.038567015018208334,-0.1693572617233537,0.04954365052439839,-0.005744987247057697,0.006419517705681917,-0.023035946711137234,0.00677573112576082,-0.026225910648786557,0.04132825009573507,-0.006203493017058,-0.006437777337398972,0.0026443349448262215,-0.03242793082472019,0.033631203644183635,-0.006176399856563483,0.0209370601782133,0.001173632079426104,0.018775052628254664,0.048928186097986714,0.04421734872928823,0.01729474896404638,-0.047189811747718025,0.015543314341982799,-0.005001018655969556,-0.0018499173595717682,-0.014177535093753954,0.006852710699774555,-0.02871071813041808,0.032738416080578314,0.0015367489527375556,-2.3323913571199708e-5,0.004849103715649025,-0.03276750718664725,0.02302046808944598,0.003981304411520042,0.023000704282240575,-0.013293842060773331,0.03609782445467078,0.038567015018208334,0.01729474896404638,0.03404888251571215,-0.04401273933312956,0.010118911313117106,0.014117256344952298,0.04500806898541944,0.035552498066822424,-0.024232874867236086,0.19367113880803055,-0.15627931483806146,-0.02408842855406642,-0.032876876141318415,0.011655957019284575,0.127050775379572,-0.09615315261816546,-0.07379289782772006,-0.05598325264755439,0.09052175196452772,-0.15361334337422197,-0.1693572617233537,-0.047189811747718025,-0.04401273933312956,0.25293009969455177,-0.08396446218932935,-0.0021017746131778143,-0.021463278901586516,-0.012615602544955145,0.007870828846211458,-0.06785658604181252,0.05544877929634914,0.009591073161414814,0.010573763117806473,-0.00639572990309944,-0.03883620387341722,0.03450909657664179,0.028428676290193668,0.017665932292932972,-0.03228373050059935,0.060051752199132044,0.04954365052439839,0.015543314341982799,0.010118911313117106,-0.08396446218932935,0.045354798529105886
0.02559445816816459,-0.001732398835989335,0.006111990688245196,-0.01097731511957355,0.005465396802008024,0.0024754613836607733,0.007945498454124825,-0.007035695948290767,0.0006791987390359786,0.003198118579829265,-0.008605206468764276,-0.011078066846248815,0.0004865574282970041,0.009724356551016578,0.006382572650942294,0.00575690108498644,-0.0033970317382364685,0.0015573446519703128,-0.0018062214793142873,-0.006791284539100488,-0.001732398835989335,0.024025591069708675,0.000100207779651719,-0.00015627057334053295,0.00263475971505655,-0.008604566357754797,0.0015997913238466523,-0.0021870767924265606,-0.0008275297644401125,0.0010357723151552378,-0.003738911839283679,0.0013816473899019542,-0.005195975996847735,-0.002026578875534336,0.002080584469527578,0.007932489728109678,0.0009375050558974359,-0.008174415493517682,-0.010442146814969844,0.003354503625996973,0.006111990688245196,0.000100207779651719,0.04029743431383184,0.02422986777376838,-0.00727842630620028,0.020463494462223123,-0.00929703928387145,-0.00896855296288981,-0.0109492893751464,-0.0014599324890971432,-0.004557972194019582,-0.0006241897541551483,-0.0018578966339091105,0.00943649063419293,-0.005679246958283526,-0.011957504554317884,-0.005891762033860583,-0.017939002054595227,-0.0033544651209299753,0.005993791901077369,-0.01097731511957355,-0.00015627057334053295,0.02422986777376838,0.06103682449347,-0.034539941778691886,0.02387692510022712,-0.01042452443953083,-0.004680631474722831,-0.011767407359906508,-0.007400747104265186,-0.0022157948938818263,0.010542124625405234,0.0031913095014191174,0.01645081770532549,-0.018233565371518514,-0.023619665901190776,-0.0045078535789916906,-0.004461373781840336,-0.0018897941144910457,-0.0030680544087886823,0.005465396802008024,0.00263475971505655,-0.00727842630620028,-0.034539941778691886,0.03888627651396069,-0.01544265858019618,0.002826120371714853,0.00218756164220777,0.003068491374359266,0.006903388651529971,-0.0030862016207699153,-0.008395276036242096,-0.0032046548015970443,-0.011989498670045444,0.013772815110296679,0.01223651071642277,0.002228723118998686,0.002532826806912585,0.003795564563833659,0.008844482232186621,0.0024754613836607733,-0.008604566357754797,0.020463494462223123,0.02387692510022712,-0.01544265858019618,0.04290652792544743,-0.012737566749544307,0.003830151747593858,-0.009622851426358721,-0.004760801371617019,0.004106887967284794,-0.004445068948770688,0.005080835785295451,0.004853217080952255,-0.004126508060561541,-0.0186703572589506,-0.004390161855735879,-0.008237810998790843,0.0050540969078944915,0.000748544626727329,0.007945498454124825,0.0015997913238466523,-0.00929703928387145,-0.01042452443953083,0.002826120371714853,-0.012737566749544307,0.031239222416143225,-0.00777059762784851,0.0061969803725397555,0.010368701094891903,-0.010922081195674147,-0.010417849162370894,0.0021983407164551327,0.010541103057065907,0.007946511324705155,0.014405568981126798,-0.0061716596578496995,-0.0013295050161636762,-0.00578147628199126,-0.015336317038540454,-0.007035695948290767,-0.0021870767924265606,-0.00896855296288981,-0.004680631474722831,0.00218756164220777,0.003830151747593858,-0.00777059762784851,0.033517076091120666,0.002813373752934334,-0.011783256741312923,0.013173464824575746,0.0005476166635046188,0.005389576515304957,-0.0147145147194295,-0.0026864297337832236,-0.0035444796115400093,0.0025621600636095815,0.001509804002265921,0.006865482433333679,0.010149445308052788,0.0006791987390359786,-0.0008275297644401125,-0.0109492893751464,-0.011767407359906508,0.003068491374359266,-0.009622851426358721,0.0061969803725397555,0.002813373752934334,0.024060224259816257,-0.0010303500053321021,-8.135296233130712e-5,-0.004943549910793256,0.00199249779112124,-0.003856520379776033,0.003630558283501919,0.0034357648880197498,0.0009313323809244857,0.007735922308804299,0.0008704069777050866,0.0012623992476709562,0.003198118579829265,0.0010357723151552378,-0.0014599324890971432,-0.007400747104265186,0.006903388651529971,-0.004760801371617019,0.010368701094891903,-0.011783256741312923,-0.0010303500053321021,0.02720603350565179,-0.010882704464324773,-0.00449780063970007,-0.0019188339113621472,0.007040384704115579,0.004556877431539529,0.006686181920269857,-0.0031178770532045265,0.001840997633166778,-0.006716013977248636,-0.00740157309741271,-0.008605206468764276,-0.003738911839283679,-0.004557972194019582,-0.0022157948938818263,-0.0030862016207699153,0.004106887967284794,-0.010922081195674147,0.013173464824575746,-8.135296233130712e-5,-0.010882704464324773,0.027822992613024185,0.0049378069065170675,0.001964166339236533,-0.01798560987424668,-0.0036807159179572655,-0.005783681640087203,0.005719638047158704,0.003950250047766201,0.006537244942562337,0.006716262455407258,-0.011078066846248815,0.0013816473899019542,-0.0006241897541551483,0.010542124625405234,-0.008395276036242096,-0.004445068948770688,-0.010417849162370894,0.0005476166635046188,-0.004943549910793256,-0.00449780063970007,0.0049378069065170675,0.04127835542041579,-0.0010051445127266334,-0.003398225126933438,-0.0063575401794994605,-0.009602041349998402,0.0006758564865041617,0.003156700453246176,-0.00477002879913082,0.005393740256311955,0.0004865574282970041,-0.005195975996847735,-0.0018578966339091105,0.0031913095014191174,-0.0032046548015970443,0.005080835785295451,0.0021983407164551327,0.005389576515304957,0.00199249779112124,-0.0019188339113621472,0.001964166339236533,-0.0010051445127266334,0.018908152983354846,0.0037839072737388324,-0.0026184728205017123,-0.003926242319782684,-0.0027234786848769482,0.0027144676275398924,0.0012021318337840767,-0.007340013441853504,0.009724356551016578,-0.002026578875534336,0.00943649063419293,0.01645081770532549,-0.011989498670045444,0.004853217080952255,0.010541103057065907,-0.0147145147194295,-0.003856520379776033,0.007040384704115579,-0.01798560987424668,-0.003398225126933438,0.0037839072737388324,0.04390022113154692,0.0031269031851009228,-0.000492995525082835,-0.012287189725210479,-0.007277445247600079,-0.004916489774773528,-0.011389930255660978,0.006382572650942294,0.002080584469527578,-0.005679246958283526,-0.018233565371518514,0.013772815110296679,-0.004126508060561541,0.007946511324705155,-0.0026864297337832236,0.003630558283501919,0.004556877431539529,-0.0036807159179572655,-0.0063575401794994605,-0.0026184728205017123,0.0031269031851009228,0.02293212532980337,0.009201310314206105,-0.0007873497997950324,-0.002685743128331618,-0.0007426041354078104,0.0005659694353560658,0.00575690108498644,0.007932489728109678,-0.011957504554317884,-0.023619665901190776,0.01223651071642277,-0.0186703572589506,0.014405568981126798,-0.0035444796115400093,0.0034357648880197498,0.006686181920269857,-0.005783681640087203,-0.009602041349998402,-0.003926242319782684,-0.000492995525082835,0.009201310314206105,0.03545343879592345,0.0026550754631248603,-0.002802882996465796,-0.004276880289006007,-0.00937170368547351,-0.0033970317382364685,0.0009375050558974359,-0.005891762033860583,-0.0045078535789916906,0.002228723118998686,-0.004390161855735879,-0.0061716596578496995,0.0025621600636095815,0.0009313323809244857,-0.0031178770532045265,0.005719638047158704,0.0006758564865041617,-0.0027234786848769482,-0.012287189725210479,-0.0007873497997950324,0.0026550754631248603,0.021245589407138242,0.006925664247259669,-0.0003697844297646048,-0.0005085658116024723,0.0015573446519703128,-0.008174415493517682,-0.017939002054595227,-0.004461373781840336,0.002532826806912585,-0.008237810998790843,-0.0013295050161636762,0.001509804002265921,0.007735922308804299,0.001840997633166778,0.003950250047766201,0.003156700453246176,0.0027144676275398924,-0.007277445247600079,-0.002685743128331618,-0.002802882996465796,0.006925664247259669,0.029308936531740836,-0.0011844021422094402,-0.010118646147778548,-0.0018062214793142873,-0.010442146814969844,-0.0033544651209299753,-0.0018897941144910457,0.003795564563833659,0.0050540969078944915,-0.00578147628199126,0.006865482433333679,0.0008704069777050866,-0.006716013977248636,0.006537244942562337,-0.00477002879913082,0.0012021318337840767,-0.004916489774773528,-0.0007426041354078104,-0.004276880289006007,-0.0003697844297646048,-0.0011844021422094402,0.019615343230930615,0.003925795513849195,-0.006791284539100488,0.003354503625996973,0.005993791901077369,-0.0030680544087886823,0.008844482232186621,0.000748544626727329,-0.015336317038540454,0.010149445308052788,0.0012623992476709562,-0.00740157309741271,0.006716262455407258,0.005393740256311955,-0.007340013441853504,-0.011389930255660978,0.0005659694353560658,-0.00937170368547351,-0.0005085658116024723,-0.010118646147778548,0.003925795513849195,0.03506671196470308
0.0178653332930536,0.00554424617921027,0.002477582389317232,-0.0024446469327538403,0.010956959123877286,-0.008265274333337846,0.006803140096417369,-0.0005038940358059727,0.0035937960680161715,0.005039806673824827,-0.0017375025916590689,-0.004267380470119306,-0.0012270813780208708,0.0057008291492532445,-0.010173312610382321,-0.01256699010631406,-0.00602309726472559,-0.011312755295040899,0.017665037444656462,-0.000379372596961293,0.00554424617921027,0.020309248769311044,0.002506107496077918,0.0010935135377171147,0.00871731342408784,-0.003462740797285976,0.008675005303853792,0.0038129025173688613,-0.008867435283430742,0.007838344752644059,-7.295071108754173e-5,-0.004193681516761739,0.0006730591181407855,0.008668237264677449,-0.014924000552607711,-0.0005761313462293218,-0.001734974416534362,-0.0078052020111416,0.015178391586178602,-0.005315716667199918,0.002477582389317232,0.002506107496077918,0.014726561745627422,-0.0018912789232610335,0.0011819007577998435,0.001114457727379462,0.004978483233814101,0.0008638734125432035,-0.0008551056335274866,0.0024881830737977883,0.0017483218949885175,-0.006312570464788431,-0.0033813970478558004,0.004149020372866391,-0.007276302002837072,-0.0007480395551239039,5.5458734938942417e-5,-0.0030776869560974786,0.005756437565893087,0.0016409783916935474,-0.0024446469327538403,0.0010935135377171147,-0.0018912789232610335,0.026093962388003978,0.006067700338963014,-0.006081682732828964,-0.007876696856230242,-0.003332234485878736,0.005514697227776535,-0.0013230677476942774,-0.005919273435113346,0.004614616021435889,0.005057535541410069,-0.0028211196017162567,0.009643015904796867,-0.00602288117363255,-0.0014881785378434314,0.005033093457924484,0.0036046194257179955,-0.0036511348864241263,0.010956959123877286,0.00871731342408784,0.0011819007577998435,0.006067700338963014,0.07832423686328732,-0.03812251807432919,-0.008055790531996277,-0.016775711864895508,0.013935666753811644,0.0354621303297566,-0.01745327925052154,-0.03027732848149732,0.009726495108669065,0.02603694466405864,-0.03676652795731289,-0.061548787804968016,-0.01751107990554719,-0.007401022943757997,0.06221235714927177,-0.023006022399220998,-0.008265274333337846,-0.003462740797285976,0.001114457727379462,-0.006081682732828964,-0.03812251807432919,0.04777725082416162,0.005258505006242255,0.01038180405597054,-0.009172420359021107,-0.025500787115231426,0.024284353495796548,0.013283832517678087,-0.00382014940199213,-0.017117298992502007,0.01834820774398738,0.042813395100814736,0.015591987890431265,0.0060305467144016155,-0.045452048776088695,0.020028341655491354,0.006803140096417369,0.008675005303853792,0.004978483233814101,-0.007876696856230242,-0.008055790531996277,0.005258505006242255,0.044073537072477575,0.0168655391592802,-0.020215162100916638,-0.0050014682940912394,0.013817230627920403,-0.006447805471007264,-0.011600462477981133,0.005144793533104713,-0.018042411221656094,0.023292011976082452,0.0039007404408964138,-0.0070679795421462925,0.0023854734780259616,0.003321788270512063,-0.0005038940358059727,0.0038129025173688613,0.0008638734125432035,-0.003332234485878736,-0.016775711864895508,0.01038180405597054,0.0168655391592802,0.024029994529700904,-0.010660779862917566,-0.004984676089235893,0.006880522602809198,0.008178641064124574,-0.00800356427869469,0.00040044589458170725,-0.006566322709645988,0.029000980230714846,0.0031673876152480984,-0.0039995111965499975,-0.009425819454511201,0.0038527158893270587,0.0035937960680161715,-0.008867435283430742,-0.0008551056335274866,0.005514697227776535,0.013935666753811644,-0.009172420359021107,-0.020215162100916638,-0.010660779862917566,0.03602186288879264,-0.0032385101873661903,-0.0010445065337990323,-0.0055393662965485795,0.0021198373628035796,-0.005066056560809501,0.007229773478124768,-0.030799483220837268,1.6227521505812227e-5,0.007666591089046997,0.0059272500831226045,-0.005019891565579346,0.005039806673824827,0.007838344752644059,0.0024881830737977883,-0.0013230677476942774,0.0354621303297566,-0.025500787115231426,-0.0050014682940912394,-0.004984676089235893,-0.0032385101873661903,0.05612047138351002,-0.018859962983192806,-0.021020243374471722,-0.0009584353585062818,0.027852526572480253,-0.02767122600363734,-0.031483857016721815,-0.012620085713112995,-0.006332693150687246,0.05362590160001051,-0.017909795676332673,-0.0017375025916590689,-7.295071108754173e-5,0.0017483218949885175,-0.005919273435113346,-0.01745327925052154,0.024284353495796548,0.013817230627920403,0.006880522602809198,-0.0010445065337990323,-0.018859962983192806,0.0385098906785794,0.0016341475257316248,-0.00374609940008123,-0.011525949657441706,0.00391058949898814,0.029594876820404563,0.01052377919776696,0.008600898447445784,-0.029394101223777704,0.014679813059493018,-0.004267380470119306,-0.004193681516761739,-0.006312570464788431,0.004614616021435889,-0.03027732848149732,0.013283832517678087,-0.006447805471007264,0.008178641064124574,-0.0055393662965485795,-0.021020243374471722,0.0016341475257316248,0.036564271681116874,0.00012800738295303514,-0.016651449683864436,0.02785251014847262,0.02457592157250362,0.008064528479681289,0.0006624606632307099,-0.031457808517430436,0.012221800087240768,-0.0012270813780208708,0.0006730591181407855,-0.0033813970478558004,0.005057535541410069,0.009726495108669065,-0.00382014940199213,-0.011600462477981133,-0.00800356427869469,0.0021198373628035796,-0.0009584353585062818,-0.00374609940008123,0.00012800738295303514,0.01974438850676148,-0.001970616270906571,-0.00010140865275966673,-0.008342147998797492,-0.0012201455709488565,0.004504320273984215,-0.003050516806544761,-0.005130606275817615,0.0057008291492532445,0.008668237264677449,0.004149020372866391,-0.0028211196017162567,0.02603694466405864,-0.017117298992502007,0.005144793533104713,0.00040044589458170725,-0.005066056560809501,0.027852526572480253,-0.011525949657441706,-0.016651449683864436,-0.001970616270906571,0.032036340561085244,-0.026260037497249658,-0.019433102005349128,-0.010605200402714104,-0.011357205748182435,0.04058683808670005,-0.014761116403057703,-0.010173312610382321,-0.014924000552607711,-0.007276302002837072,0.009643015904796867,-0.03676652795731289,0.01834820774398738,-0.018042411221656094,-0.006566322709645988,0.007229773478124768,-0.02767122600363734,0.00391058949898814,0.02785251014847262,-0.00010140865275966673,-0.026260037497249658,0.07993712970025757,0.013248622163259182,0.012494324565782682,0.014228387602895087,-0.0361892746267683,0.0250845706244745,-0.01256699010631406,-0.0005761313462293218,-0.0007480395551239039,-0.00602288117363255,-0.061548787804968016,0.042813395100814736,0.023292011976082452,0.029000980230714846,-0.030799483220837268,-0.031483857016721815,0.029594876820404563,0.02457592157250362,-0.008342147998797492,-0.019433102005349128,0.013248622163259182,0.0909359846314689,0.019109758999323448,0.012245894575714015,-0.06733446067192389,0.01547172427677979,-0.00602309726472559,-0.001734974416534362,5.5458734938942417e-5,-0.0014881785378434314,-0.01751107990554719,0.015591987890431265,0.0039007404408964138,0.0031673876152480984,1.6227521505812227e-5,-0.012620085713112995,0.01052377919776696,0.008064528479681289,-0.0012201455709488565,-0.010605200402714104,0.012494324565782682,0.019109758999323448,0.01792423433734118,0.009254635393719037,-0.022058077524340563,0.009706176935709706,-0.011312755295040899,-0.0078052020111416,-0.0030776869560974786,0.005033093457924484,-0.007401022943757997,0.0060305467144016155,-0.0070679795421462925,-0.0039995111965499975,0.007666591089046997,-0.006332693150687246,0.008600898447445784,0.0006624606632307099,0.004504320273984215,-0.011357205748182435,0.014228387602895087,0.012245894575714015,0.009254635393719037,0.03912821216212691,-0.02439402768130721,7.073111168556193e-5,0.017665037444656462,0.015178391586178602,0.005756437565893087,0.0036046194257179955,0.06221235714927177,-0.045452048776088695,0.0023854734780259616,-0.009425819454511201,0.0059272500831226045,0.05362590160001051,-0.029394101223777704,-0.031457808517430436,-0.003050516806544761,0.04058683808670005,-0.0361892746267683,-0.06733446067192389,-0.022058077524340563,-0.02439402768130721,0.10353438345435012,-0.019379116216638168,-0.000379372596961293,-0.005315716667199918,0.0016409783916935474,-0.0036511348864241263,-0.023006022399220998,0.020028341655491354,0.003321788270512063,0.0038527158893270587,-0.005019891565579346,-0.017909795676332673,0.014679813059493018,0.012221800087240768,-0.005130606275817615,-0.014761116403057703,0.0250845706244745,0.01547172427677979,0.009706176935709706,7.073111168556193e-5,-0.019379116216638168,0.03137406128968894
