0.012888002615470238,0.000453150905067578,7.728561156889301e-5,-0.0037198096574777716,-0.0002954572275902029,0.001085905874323207,0.004319534735059071,0.00020342304156293213,0.0001565134195414474,2.9665148238446307e-5,-0.0011649973305071118,-0.00010961819236518892,-0.0011699124642877397,0.0027605362604928617,0.0010426801076997734,0.0004545082952965253,-0.0024235601885935452,-0.0003441677038320118,0.0007618724764320909,0.001552450752544959,0.000453150905067578,0.01188501090637006,-0.0007640309566141251,0.001446766949921411,-0.000377772342219131,0.0008617532861803412,-0.0022419350889142835,0.002507612467921972,0.00017352028343167793,-0.0007069373555154919,-0.00014278813347657813,-0.0005387557463048063,0.0007265914444155312,-0.0013802650353936313,-0.002157155564769052,0.0029236469302849214,0.00010085664174843103,-0.0007992942514135593,-0.00409079085647364,-0.0027945323492031262,7.728561156889301e-5,-0.0007640309566141251,0.013969898241643203,0.0031975025108829445,8.605833195705448e-5,0.0018828155463784775,-0.0022785076150840617,-0.0021130559373772986,0.0018268823107161964,-0.0014831307040508723,0.001083808184885164,-0.0001563826077977387,-0.0017640605106155264,-0.003023828683217161,-0.0016051881245710484,-0.0025452081722202842,0.00030012198263823986,-0.004266795140155105,-0.0016077667124491054,0.002220715880252712,-0.0037198096574777716,0.001446766949921411,0.0031975025108829445,0.018634342653048835,-0.00555936221608972,0.0033208321660400165,-0.00023389254020656522,-0.00039263449057010493,0.0008100736777167236,-0.001909430214907531,-0.0028426794899496727,0.002590045195730314,-0.0009138212821838214,-5.703267037942937e-5,-0.0021752123631672187,-0.00023915323498085675,0.0017495569005292555,0.0026879193766992863,-5.346741897331259e-7,-0.0010780892509231615,-0.0002954572275902029,-0.000377772342219131,8.605833195705448e-5,-0.00555936221608972,0.01749959491391964,-0.0015255521080299456,-0.0017881789637129836,-0.003555315651711715,-0.0007945697166258884,-0.0021349863564559166,0.002666441124899211,-0.004953341437691341,7.521616292114518e-5,-0.0007126138978607872,0.004469230001151498,-0.002164745782349044,-0.00017220751220307684,0.003305488442547538,0.004585164591077429,0.005123139737952036,0.001085905874323207,0.0008617532861803412,0.0018828155463784775,0.0033208321660400165,-0.0015255521080299456,0.018728601613134506,-0.002046101671199305,0.00021233464443532894,-0.0017567669436944961,0.002686774000576146,0.001419360505337275,-1.5709351731380483e-5,0.001377546033597856,-0.0005216246696144272,0.0003953697197726449,0.0012431220848278897,-0.0014500899687282997,-0.0015236356799235265,-0.0032240283949108548,0.0014926854066273842,0.004319534735059071,-0.0022419350889142835,-0.0022785076150840617,-0.00023389254020656522,-0.0017881789637129836,-0.002046101671199305,0.01290903825598208,0.0012094776479103942,-0.0021099390373846196,-0.0016912625487198415,0.0003729505267326984,-0.0019486615222759664,-0.0031320462713277175,0.0004804183422986735,-6.412375353500175e-5,0.0005061524708826048,3.3639903289159204e-5,-0.0016826764752441554,0.0006452514152213743,-0.001019200233462015,0.00020342304156293213,0.002507612467921972,-0.0021130559373772986,-0.00039263449057010493,-0.003555315651711715,0.00021233464443532894,0.0012094776479103942,0.0111831162959422,0.0015713099627996535,0.00010142046661785572,-6.868955954203553e-5,0.001856136431221764,4.0400004851461476e-5,0.0008899170269319138,-0.0012589155989793,0.0051777490132663105,-0.0016429558976157744,-0.0018832208907410036,-0.0017330592013709116,-0.0012323272739738662,0.0001565134195414474,0.00017352028343167793,0.0018268823107161964,0.0008100736777167236,-0.0007945697166258884,-0.0017567669436944961,-0.0021099390373846196,0.0015713099627996535,0.009096895326946217,-0.003440522939186421,0.0022606709802868285,-0.0010300313217516729,0.0010967264779895675,-0.002572608134418457,0.0011057648508575964,-0.00038213328284811374,0.002614275367417522,0.0033012069679783165,0.0010551922103200285,-0.002632700034292902,2.9665148238446307e-5,-0.0007069373555154919,-0.0014831307040508723,-0.001909430214907531,-0.0021349863564559166,0.002686774000576146,-0.0016912625487198415,0.00010142046661785572,-0.003440522939186421,0.009968726768107422,0.0028715034833180723,-0.001186310157402479,-0.0011890701311835683,0.0013942971730443628,0.00082686011861322,0.0018066820199096369,-0.00048277319933042384,-0.0019422703232627962,-0.00026301196657130667,0.0026935721198318224,-0.0011649973305071118,-0.00014278813347657813,0.001083808184885164,-0.0028426794899496727,0.002666441124899211,0.001419360505337275,0.0003729505267326984,-6.868955954203553e-5,0.0022606709802868285,0.0028715034833180723,0.010031934672760649,-0.001340478670430805,0.003406265293023983,-0.0010443585610017316,-0.0007427347281936511,-0.0006764221795411112,0.00031332576980489343,0.0010164745557670225,-0.0003555709609374191,-0.00039530622406045774,-0.00010961819236518892,-0.0005387557463048063,-0.0001563826077977387,0.002590045195730314,-0.004953341437691341,-1.5709351731380483e-5,-0.0019486615222759664,0.001856136431221764,-0.0010300313217516729,-0.001186310157402479,-0.001340478670430805,0.020787893020117534,0.00011530103415050098,0.0005074534688728923,0.0005027653811943322,-1.2228808653710851e-5,0.0010059391609339875,0.0004384148580311172,-0.002875915717992534,-0.0006427038426577225,-0.0011699124642877397,0.0007265914444155312,-0.0017640605106155264,-0.0009138212821838214,7.521616292114518e-5,0.001377546033597856,-0.0031320462713277175,4.0400004851461476e-5,0.0010967264779895675,-0.0011890701311835683,0.003406265293023983,0.00011530103415050098,0.012461710737722913,-0.001136845849736705,-0.0008293539115445751,0.001242339350174475,0.0006847138301054689,0.0034141908577752667,-0.004111871343959364,-0.0009154244747162454,0.0027605362604928617,-0.0013802650353936313,-0.003023828683217161,-5.703267037942937e-5,-0.0007126138978607872,-0.0005216246696144272,0.0004804183422986735,0.0008899170269319138,-0.002572608134418457,0.0013942971730443628,-0.0010443585610017316,0.0005074534688728923,-0.001136845849736705,0.014414026353554042,5.899305057269346e-5,0.0003437842830430535,-0.0021986230342730256,0.00027376447198964747,0.0007935690307948795,0.00025396537610765455,0.0010426801076997734,-0.002157155564769052,-0.0016051881245710484,-0.0021752123631672187,0.004469230001151498,0.0003953697197726449,-6.412375353500175e-5,-0.0012589155989793,0.0011057648508575964,0.00082686011861322,-0.0007427347281936511,0.0005027653811943322,-0.0008293539115445751,5.899305057269346e-5,0.01737382361640937,-0.0034543273559918463,-0.000507527494710015,0.0023262631944493874,0.0005279789152490596,0.0019216200736896362,0.0004545082952965253,0.0029236469302849214,-0.0025452081722202842,-0.00023915323498085675,-0.002164745782349044,0.0012431220848278897,0.0005061524708826048,0.0051777490132663105,-0.00038213328284811374,0.0018066820199096369,-0.0006764221795411112,-1.2228808653710851e-5,0.001242339350174475,0.0003437842830430535,-0.0034543273559918463,0.014358922049747978,0.00344859942239102,0.0012789474267530763,-0.003855070477905109,-0.00796508865426605,-0.0024235601885935452,0.00010085664174843103,0.00030012198263823986,0.0017495569005292555,-0.00017220751220307684,-0.0014500899687282997,3.3639903289159204e-5,-0.0016429558976157744,0.002614275367417522,-0.00048277319933042384,0.00031332576980489343,0.0010059391609339875,0.0006847138301054689,-0.0021986230342730256,-0.000507527494710015,0.00344859942239102,0.011046366130655972,0.0012434289922843038,-0.0016683061543675175,-0.0007535931992881473,-0.0003441677038320118,-0.0007992942514135593,-0.004266795140155105,0.0026879193766992863,0.003305488442547538,-0.0015236356799235265,-0.0016826764752441554,-0.0018832208907410036,0.0033012069679783165,-0.0019422703232627962,0.0010164745557670225,0.0004384148580311172,0.0034141908577752667,0.00027376447198964747,0.0023262631944493874,0.0012789474267530763,0.0012434289922843038,0.01227366005230892,-0.002225681184475138,-0.003607434873554403,0.0007618724764320909,-0.00409079085647364,-0.0016077667124491054,-5.346741897331259e-7,0.004585164591077429,-0.0032240283949108548,0.0006452514152213743,-0.0017330592013709116,0.0010551922103200285,-0.00026301196657130667,-0.0003555709609374191,-0.002875915717992534,-0.004111871343959364,0.0007935690307948795,0.0005279789152490596,-0.003855070477905109,-0.0016683061543675175,-0.002225681184475138,0.01559618809602429,0.0033858739800772288,0.001552450752544959,-0.0027945323492031262,0.002220715880252712,-0.0010780892509231615,0.005123139737952036,0.0014926854066273842,-0.001019200233462015,-0.0012323272739738662,-0.002632700034292902,0.0026935721198318224,-0.00039530622406045774,-0.0006427038426577225,-0.0009154244747162454,0.00025396537610765455,0.0019216200736896362,-0.00796508865426605,-0.0007535931992881473,-0.003607434873554403,0.0033858739800772288,0.013454104552950775
