0.008096837945577494,0.002071902256873254,0.0027727092714145587,0.005562401436138864,0.006374575754005304,-0.0001797528009177853,0.003193330313262901,0.0033669135920699096,-0.0002938031197808437,0.002325519416449747,0.0004940182090324777,0.0023392693746373287,-0.0005721053853463329,0.0020997098938041634,-0.005443456974807002,0.002418963175626259,-0.00019389462233333874,-0.0028859424270564807,0.0021806294913635496,0.004167223407707643,0.002071902256873254,0.01467765840477945,-0.0015485497868157833,0.0011067841042952933,0.00191964322459578,-0.0008832104793753347,-5.078765011382687e-5,0.007341298839459139,-0.004206592758037992,-0.0013731552284433663,0.003499556888944748,-0.003742699728340934,0.006999059431134236,0.0023303043189916027,-0.005110559065009868,0.0024878429037866324,0.0038919301561970345,0.002327881478559242,0.002245494612869747,0.0009805093639013614,0.0027727092714145587,-0.0015485497868157833,0.007579782145978438,0.0034339646315068697,0.006209360093559537,0.0010747687740157862,-0.0035306112057049612,0.002409059268612378,0.000965498207846312,0.002476846085667613,0.004007066683083092,0.0024570712390000974,0.0022140073618517105,0.0036813934903077846,-0.004783288307278248,-6.050142095134943e-5,0.002715311492314001,0.003617263746905758,0.0016547511872236948,0.005412532905383012,0.005562401436138864,0.0011067841042952933,0.0034339646315068697,0.014291235492618794,0.00828219316504641,-0.005419904828275351,-6.734742301496766e-5,0.0068312944978901734,0.007451813653273125,0.007766354302593777,0.00528260612379714,0.0018631214233163396,0.005937262123754561,0.008019466145219579,-0.0027906869906685603,0.008555672570503083,0.0059012612753836045,-0.0005067537023660555,0.002106210017867597,0.003295114744351387,0.006374575754005304,0.00191964322459578,0.006209360093559537,0.00828219316504641,0.011775396229112535,-0.002227821417942978,4.886556033117527e-5,0.008966635171607232,0.002461723922185465,0.004958241769857041,0.004735629906505934,0.0012246466020801791,0.003918019566872038,0.0047075934102390376,-0.004631601838671404,-0.0005427481576378084,0.004908735903323284,0.0032713967072253306,0.0011305514455906586,0.006795332760839356,-0.0001797528009177853,-0.0008832104793753347,0.0010747687740157862,-0.005419904828275351,-0.002227821417942978,0.004844627799989725,-0.00102303898719229,-0.0038467397340479614,-0.00506043057852386,-0.0022588823549296796,-0.0025916184390453604,0.00041942886159804325,-0.003664874727544834,-0.001277846610451998,-0.0022847540745123927,-0.0037422333117060583,-0.0027973126547394395,-0.00035884466085292526,0.0014318408655530235,0.0009708201106949266,0.003193330313262901,-5.078765011382687e-5,-0.0035306112057049612,-6.734742301496766e-5,4.886556033117527e-5,-0.00102303898719229,0.00876689188408129,0.002405509559386859,-0.001780380583276587,-0.0007576905823206729,-0.00211202077332616,0.002712500708246223,-0.0004021684020410277,-0.003974886425529473,0.0017452463580470983,-0.00023344638116094143,-0.005482113573052293,-0.0034760433496714748,0.0018262057026955953,-0.001935911120254577,0.0033669135920699096,0.007341298839459139,0.002409059268612378,0.0068312944978901734,0.008966635171607232,-0.0038467397340479614,0.002405509559386859,0.015145270521947897,0.0010775918100085818,0.0028524180362092034,0.007853019738119197,0.0019154074860908265,0.009165230424638925,0.003163014629027772,-0.0022637578578975906,0.0003635894525450666,0.003906674359696138,0.006664070263464128,0.0006250443793299537,0.003120097790581003,-0.0002938031197808437,-0.004206592758037992,0.000965498207846312,0.007451813653273125,0.002461723922185465,-0.00506043057852386,-0.001780380583276587,0.0010775918100085818,0.009612048151633443,0.00272226606465916,0.0032085899624434886,0.0008787508104276889,0.001601449149842131,0.0025164628160600716,0.0025932427244665917,0.0055231914570274465,0.003934841777024096,0.0006343670049717662,-0.004247123951506811,-0.0007349001751120397,0.002325519416449747,-0.0013731552284433663,0.002476846085667613,0.007766354302593777,0.004958241769857041,-0.0022588823549296796,-0.0007576905823206729,0.0028524180362092034,0.00272226606465916,0.007862610148308956,0.000896920967375061,-0.0002912195833174702,0.0021170822848955387,0.006000491363728008,-0.00043185734474021414,0.002109131301352663,0.0037050213700746256,-0.001344276697853726,0.003678321275029358,0.0030282736188950725,0.0004940182090324777,0.003499556888944748,0.004007066683083092,0.00528260612379714,0.004735629906505934,-0.0025916184390453604,-0.00211202077332616,0.007853019738119197,0.0032085899624434886,0.000896920967375061,0.008873803127324314,0.0029805586389211516,0.008979060939978703,0.0037139905377594584,-0.0027980366557816263,0.004313889322770326,0.0038370529434600207,0.006949788285393114,0.0003432557213655172,0.0013467988193279186,0.0023392693746373287,-0.003742699728340934,0.0024570712390000974,0.0018631214233163396,0.0012246466020801791,0.00041942886159804325,0.002712500708246223,0.0019154074860908265,0.0008787508104276889,-0.0002912195833174702,0.0029805586389211516,0.007250051280341209,0.0009654445578561845,-0.00043572118200383304,-0.0013659190591542112,0.002533714917998615,-0.004120878929314659,0.0007348053917208834,0.0012276304262027209,-3.14602589541327e-5,-0.0005721053853463329,0.006999059431134236,0.0022140073618517105,0.005937262123754561,0.003918019566872038,-0.003664874727544834,-0.0004021684020410277,0.009165230424638925,0.001601449149842131,0.0021170822848955387,0.008979060939978703,0.0009654445578561845,0.014613344742982586,0.004653675495657844,-0.002110259449654677,0.005423700609117176,0.0049815644518503574,0.007054690354235956,0.004845470670097796,0.00016959646868882218,0.0020997098938041634,0.0023303043189916027,0.0036813934903077846,0.008019466145219579,0.0047075934102390376,-0.001277846610451998,-0.003974886425529473,0.003163014629027772,0.0025164628160600716,0.006000491363728008,0.0037139905377594584,-0.00043572118200383304,0.004653675495657844,0.008528908302672666,-0.0038808827832164383,0.004373019439850632,0.00588406326052898,0.0014041424668401793,0.0036569126094513514,0.0032497704104850547,-0.005443456974807002,-0.005110559065009868,-0.004783288307278248,-0.0027906869906685603,-0.004631601838671404,-0.0022847540745123927,0.0017452463580470983,-0.0022637578578975906,0.0025932427244665917,-0.00043185734474021414,-0.0027980366557816263,-0.0013659190591542112,-0.002110259449654677,-0.0038808827832164383,0.008432779678409656,-0.0025075707244894664,-0.0017330549924756667,-0.0008450342866671643,-0.0033403370097177705,-0.00461980791610918,0.002418963175626259,0.0024878429037866324,-6.050142095134943e-5,0.008555672570503083,-0.0005427481576378084,-0.0037422333117060583,-0.00023344638116094143,0.0003635894525450666,0.0055231914570274465,0.002109131301352663,0.004313889322770326,0.002533714917998615,0.005423700609117176,0.004373019439850632,-0.0025075707244894664,0.01336844739444966,0.0018573400940464317,-0.0026675520268443073,0.0018370609292317902,-0.0019096984307623256,-0.00019389462233333874,0.0038919301561970345,0.002715311492314001,0.0059012612753836045,0.004908735903323284,-0.0027973126547394395,-0.005482113573052293,0.003906674359696138,0.003934841777024096,0.0037050213700746256,0.0038370529434600207,-0.004120878929314659,0.0049815644518503574,0.00588406326052898,-0.0017330549924756667,0.0018573400940464317,0.00870474069645016,0.0036775161027964025,-0.0008011208906693783,0.0029263452554266723,-0.0028859424270564807,0.002327881478559242,0.003617263746905758,-0.0005067537023660555,0.0032713967072253306,-0.00035884466085292526,-0.0034760433496714748,0.006664070263464128,0.0006343670049717662,-0.001344276697853726,0.006949788285393114,0.0007348053917208834,0.007054690354235956,0.0014041424668401793,-0.0008450342866671643,-0.0026675520268443073,0.0036775161027964025,0.009971395391726114,-0.0013395052901544085,0.0013235215256000446,0.0021806294913635496,0.002245494612869747,0.0016547511872236948,0.002106210017867597,0.0011305514455906586,0.0014318408655530235,0.0018262057026955953,0.0006250443793299537,-0.004247123951506811,0.003678321275029358,0.0003432557213655172,0.0012276304262027209,0.004845470670097796,0.0036569126094513514,-0.0033403370097177705,0.0018370609292317902,-0.0008011208906693783,-0.0013395052901544085,0.009671201748509262,0.0015974016958248483,0.004167223407707643,0.0009805093639013614,0.005412532905383012,0.003295114744351387,0.006795332760839356,0.0009708201106949266,-0.001935911120254577,0.003120097790581003,-0.0007349001751120397,0.0030282736188950725,0.0013467988193279186,-3.14602589541327e-5,0.00016959646868882218,0.0032497704104850547,-0.00461980791610918,-0.0019096984307623256,0.0029263452554266723,0.0013235215256000446,0.0015974016958248483,0.0061181794402331395
0.01314423376908969,0.0003862251833846326,-0.002772634131645502,0.0076051477663363985,0.0010293746609726605,0.0034523525190684606,0.006928320254484458,-0.0018823618619382538,0.002864495078428629,-0.001849699008552301,0.004487931495645783,0.0022224809710423487,0.0010248482950432076,-0.0035867052079213814,0.007839614447725008,0.008016868463945791,0.006423832455163292,0.008821061960742553,-0.0006577994637757576,-0.002856765296958254,0.0003862251833846326,0.010433597530024102,-0.0010272592979738999,-0.0019393596956042668,-0.00026118769635667086,0.007801886885279311,-0.0020614090903161063,0.004206459157229589,0.005186793780331688,0.0033541029503434414,-0.0012279164151968737,-0.0029245818202875834,0.0033631123368675856,0.0017910962013559593,-0.0005656616880907665,0.0028936999772017774,-0.002817231208455796,0.009101656716946696,0.001422550060867312,-0.00031767297231068397,-0.002772634131645502,-0.0010272592979738999,0.004631497305715749,-0.0002582680732644885,-0.0006660043729266946,-0.0028032410279892356,-0.004036368879540799,0.004251214706747297,-9.479882531659653e-5,-0.002245586439097998,-0.0016458863678832237,0.0011663389747511943,-0.0008883943869281016,-0.0013975387325787622,-0.002532467918051836,0.0017194147959714676,-0.0028117402887916096,-0.0024599287577233677,-0.0018157491650912115,-0.0012933631873691238,0.0076051477663363985,-0.0019393596956042668,-0.0002582680732644885,0.009065230979735283,-0.0016716724836319588,0.00018756198105188485,0.0046380092047637635,0.0018396193923963667,0.00415784585821442,-0.0006177922202941616,0.006402017615707014,0.001986698061503903,-0.003952701457937388,-0.0016970932524600455,0.008470595441317143,0.004064247443359246,0.005719885474076975,0.001644718080543092,-0.002182611311636228,-0.0019289728126667422,0.0010293746609726605,-0.00026118769635667086,-0.0006660043729266946,-0.0016716724836319588,0.0028882629936158957,-6.76921632958926e-5,0.00037301265406224966,-0.0004286459847490952,-0.002435849845552407,0.0002402529738599696,-0.001667945274334386,0.0006646918039035368,0.003000217178727403,0.0004325030195321535,0.0011774812442940296,0.0015405269411504596,-0.0015142749159892835,0.0022144792586536585,0.0008218441041756243,5.533296268037612e-5,0.0034523525190684606,0.007801886885279311,-0.0028032410279892356,0.00018756198105188485,-6.76921632958926e-5,0.009199501838443662,0.001864234200074786,-0.0010342044906092938,0.005381550637331912,0.001311654416523727,0.0005248731470994454,-0.002030933026971826,0.002652589640658612,0.003771987804809235,0.0018403455052382008,0.0010750627043543425,0.0040905623448807184,0.006957292884538307,0.0017492488981592203,0.0007401290051510886,0.006928320254484458,-0.0020614090903161063,-0.004036368879540799,0.0046380092047637635,0.00037301265406224966,0.001864234200074786,0.007901592292731827,-0.005480107535302089,0.00023997741096818922,0.0009635885397759158,0.00494589539466854,0.0010827921777185803,-0.0006941575537617264,0.0022251501274874108,0.007963774219064688,-0.001003052236526589,0.007643241986086952,0.0005384180897815127,0.0012694329620877899,0.0005606505530906764,-0.0018823618619382538,0.004206459157229589,0.004251214706747297,0.0018396193923963667,-0.0004286459847490952,-0.0010342044906092938,-0.005480107535302089,0.02071580666719402,-2.6147583673986725e-5,0.008543998320656408,0.0006562395627567411,-0.0007439896695129004,-0.0034620271117637427,-0.0017361774351225619,0.0030144558936078627,0.0064897870959695625,-0.011266226960392764,0.0063422256964177776,-0.003129849580141082,0.0005004387137545851,0.002864495078428629,0.005186793780331688,-9.479882531659653e-5,0.00415784585821442,-0.002435849845552407,0.005381550637331912,0.00023997741096818922,-2.6147583673986725e-5,0.01297057860257805,-0.002686530141446479,0.0018788618496682389,0.0003993857146496214,-0.0024248241603950452,0.0016289608229484876,0.006470520703810691,0.004010650516769659,0.006343607132721491,0.0043136533758387115,-0.0033518331622808934,-0.0026189976325389085,-0.001849699008552301,0.0033541029503434414,-0.002245586439097998,-0.0006177922202941616,0.0002402529738599696,0.001311654416523727,0.0009635885397759158,0.008543998320656408,-0.002686530141446479,0.012817480736834657,0.003208405981371558,-0.0025511956028208844,-0.0006886656653652489,0.005488388557563234,0.008349472153854362,-0.003324171596699497,-0.006304846523275284,0.0021660630601023872,0.0026322659068957815,0.002239222975104301,0.004487931495645783,-0.0012279164151968737,-0.0016458863678832237,0.006402017615707014,-0.001667945274334386,0.0005248731470994454,0.00494589539466854,0.0006562395627567411,0.0018788618496682389,0.003208405981371558,0.007093445189919377,0.00022205423949610086,-0.002928699340697718,0.001881691298381526,0.009048863603758627,-0.0011555709487959854,0.0043134402366021675,-0.0012731323676288754,0.0006546425214669155,-0.0004543100463287573,0.0022224809710423487,-0.0029245818202875834,0.0011663389747511943,0.001986698061503903,0.0006646918039035368,-0.002030933026971826,0.0010827921777185803,-0.0007439896695129004,0.0003993857146496214,-0.0025511956028208844,0.00022205423949610086,0.0033099641473688193,-0.0008819743876726645,-0.0009488910456462344,0.003817248554301141,0.003293852332363117,0.0021229312079355613,0.0001721830646833776,-0.0020015134995396157,-0.001119418399660377,0.0010248482950432076,0.0033631123368675856,-0.0008883943869281016,-0.003952701457937388,0.003000217178727403,0.002652589640658612,-0.0006941575537617264,-0.0034620271117637427,-0.0024248241603950452,-0.0006886656653652489,-0.002928699340697718,-0.0008819743876726645,0.0078094627768077775,0.0007776914200906448,-0.0019260858290431689,0.0007741270220187787,-0.0026604232648189926,0.0037256847337238815,0.0037810249367892824,-0.0015605270748340588,-0.0035867052079213814,0.0017910962013559593,-0.0013975387325787622,-0.0016970932524600455,0.0004325030195321535,0.003771987804809235,0.0022251501274874108,-0.0017361774351225619,0.0016289608229484876,0.005488388557563234,0.001881691298381526,-0.0009488910456462344,0.0007776914200906448,0.013352914305151235,0.010440018663949249,-0.008615140802795239,0.004402281582824102,-0.005698690397832134,0.003213499180443649,0.0022295667316370267,0.007839614447725008,-0.0005656616880907665,-0.002532467918051836,0.008470595441317143,0.0011774812442940296,0.0018403455052382008,0.007963774219064688,0.0030144558936078627,0.006470520703810691,0.008349472153854362,0.009048863603758627,0.003817248554301141,-0.0019260858290431689,0.010440018663949249,0.03077941852274608,0.0017052975181275098,0.0066662031069904025,0.0019577349569837883,-0.0003582158778366702,-0.0033447808673504973,0.008016868463945791,0.0028936999772017774,0.0017194147959714676,0.004064247443359246,0.0015405269411504596,0.0010750627043543425,-0.001003052236526589,0.0064897870959695625,0.004010650516769659,-0.003324171596699497,-0.0011555709487959854,0.003293852332363117,0.0007741270220187787,-0.008615140802795239,0.0017052975181275098,0.01518462871106958,-0.00255114929350047,0.01355457192504323,-0.0045677759003841445,-0.0037782136704925763,0.006423832455163292,-0.002817231208455796,-0.0028117402887916096,0.005719885474076975,-0.0015142749159892835,0.0040905623448807184,0.007643241986086952,-0.011266226960392764,0.006343607132721491,-0.006304846523275284,0.0043134402366021675,0.0021229312079355613,-0.0026604232648189926,0.004402281582824102,0.0066662031069904025,-0.00255114929350047,0.01688333074683872,-0.003889265065592116,-0.0007582857780534418,0.0003739150199497572,0.008821061960742553,0.009101656716946696,-0.0024599287577233677,0.001644718080543092,0.0022144792586536585,0.006957292884538307,0.0005384180897815127,0.0063422256964177776,0.0043136533758387115,0.0021660630601023872,-0.0012731323676288754,0.0001721830646833776,0.0037256847337238815,-0.005698690397832134,0.0019577349569837883,0.01355457192504323,-0.003889265065592116,0.019801299771252702,-0.0014922480957542885,-0.0017157032680367179,-0.0006577994637757576,0.001422550060867312,-0.0018157491650912115,-0.002182611311636228,0.0008218441041756243,0.0017492488981592203,0.0012694329620877899,-0.003129849580141082,-0.0033518331622808934,0.0026322659068957815,0.0006546425214669155,-0.0020015134995396157,0.0037810249367892824,0.003213499180443649,-0.0003582158778366702,-0.0045677759003841445,-0.0007582857780534418,-0.0014922480957542885,0.004661051604088482,0.0006032358035902581,-0.002856765296958254,-0.00031767297231068397,-0.0012933631873691238,-0.0019289728126667422,5.533296268037612e-5,0.0007401290051510886,0.0005606505530906764,0.0005004387137545851,-0.0026189976325389085,0.002239222975104301,-0.0004543100463287573,-0.001119418399660377,-0.0015605270748340588,0.0022295667316370267,-0.0033447808673504973,-0.0037782136704925763,0.0003739150199497572,-0.0017157032680367179,0.0006032358035902581,0.004721649726733573
