0.04717519604180445,0.015959333523954827,0.0020218321703658177,-0.00665404026776938,0.019284443005725217,-0.008085905049222464,0.013944402723792283,-0.009272649585747982,0.00280973220356442,0.023820945261584806,0.010212509668865877,-0.016752763640905284,0.02037620962424696,-0.0024466422021262695,0.01566530063949404,-0.01304750477429056,0.012441763031185084,-0.00758529300905896,0.011525643949260818,0.00996344755999179,0.015959333523954827,0.021623337540794162,0.0027179877978374335,0.005733236640937432,0.014328100443448271,0.0013415062898017088,0.005605175729521516,-0.002106946525754637,0.009845265862686609,0.011108743251408617,0.006640759416564843,-0.005699524488370456,0.011243085798839984,0.001252161364992413,0.00822792519424916,0.0006838315171214609,0.006974717941492162,0.0024307183915761228,0.004887209888555831,0.008607405757492338,0.0020218321703658177,0.0027179877978374335,0.02639737771733617,-0.00119082186451392,0.00010121334634747691,-0.0044314913632304085,0.010248699952380081,0.0028405131334543633,0.000698574401950614,0.003128566288391443,0.0015257069538979436,-0.0020574355250086193,-0.00419941991381876,-0.0002993071501829551,0.0035239815279694718,-0.005366011007115084,-0.005345452689008981,0.0003847894370200643,0.008067074552290079,0.0032525400668156224,-0.00665404026776938,0.005733236640937432,-0.00119082186451392,0.03560711716590155,-0.0009532397363309505,0.013507605745169383,0.005377368321855501,0.0018817341164054308,0.0009712539622621389,-0.001906223827444692,0.009314364263895966,0.004411023841657538,-0.001597616900371251,-0.00035390199916272196,0.004859450930727088,0.008732321998651482,0.0017158100491121162,0.006189241357057375,-0.00018017392873844774,-0.0011140859279609667,0.019284443005725217,0.014328100443448271,0.00010121334634747691,-0.0009532397363309505,0.03998455189106533,-0.010318224521424026,0.009775134628451917,-0.0032909054942106275,0.0030590782472945423,0.018325888870708188,0.00015323673956267516,-0.02007900971618349,0.01859559005552302,-0.0045592543539745775,0.009736074132244196,-0.010040772969966246,0.009898903261308455,-0.009117998942025297,0.01396303306314194,0.005511949726527914,-0.008085905049222464,0.0013415062898017088,-0.0044314913632304085,0.013507605745169383,-0.010318224521424026,0.03950566694745225,-0.009354455518378015,0.008557904393940496,0.013805840055918584,-0.011748487779895882,0.010601048697209977,0.018319293273408366,-0.005847648555070792,0.01406521605468172,-0.007823903943056517,0.02219748612459838,0.0022417913414109966,0.018337232541179624,-0.012382890982119001,-0.0031945038655286496,0.013944402723792283,0.005605175729521516,0.010248699952380081,0.005377368321855501,0.009775134628451917,-0.009354455518378015,0.04070297865680922,-0.00017770182313110554,-0.003362516331532249,0.01487008842803545,0.00047854536950542575,-0.011223844933831013,0.00707824815546079,-0.003545833687055334,0.005475196142752773,-0.007721043752290924,0.010344807940544466,0.00039282395237242966,0.013253396594049633,0.012976391756967869,-0.009272649585747982,-0.002106946525754637,0.0028405131334543633,0.0018817341164054308,-0.0032909054942106275,0.008557904393940496,-0.00017770182313110554,0.027186537456406857,0.0034170500557740725,-0.0044148463450288744,0.0028123032395969316,0.005596228864786645,-0.0063991553872696436,0.004545984113638546,-0.008666364907466563,0.007503527692467744,-0.0022120545085500543,0.010534962852421614,-0.0013119225388082986,0.0003119654028939809,0.00280973220356442,0.009845265862686609,0.000698574401950614,0.0009712539622621389,0.0030590782472945423,0.013805840055918584,-0.003362516331532249,0.0034170500557740725,0.030633070249660783,0.0006674398429727434,0.009299770603644794,-6.797275459791716e-5,-0.005420806661700511,0.008972792404614762,0.0005807409829185714,0.011091209446076151,0.00024477743132310945,0.010847726350177049,-0.010266610692807699,-0.0030276067276747563,0.023820945261584806,0.011108743251408617,0.003128566288391443,-0.001906223827444692,0.018325888870708188,-0.011748487779895882,0.01487008842803545,-0.0044148463450288744,0.0006674398429727434,0.036444473455432225,0.006356424328958149,-0.013294863931085917,0.016131515657522594,-0.005718280663690621,0.015001205203837093,-0.008914445167408889,0.010536184092455245,-0.004329941685383745,0.01588110487281127,0.010817335029216935,0.010212509668865877,0.006640759416564843,0.0015257069538979436,0.009314364263895966,0.00015323673956267516,0.010601048697209977,0.00047854536950542575,0.0028123032395969316,0.009299770603644794,0.006356424328958149,0.03519965607821931,0.005583611550410407,0.0014230603048945942,0.003610225071267974,0.004898923988423041,0.008834359578746686,0.0031815823474336245,0.0025748439383221754,-0.0003025399664665638,0.00046811510392806707,-0.016752763640905284,-0.005699524488370456,-0.0020574355250086193,0.004411023841657538,-0.02007900971618349,0.018319293273408366,-0.011223844933831013,0.005596228864786645,-6.797275459791716e-5,-0.013294863931085917,0.005583611550410407,0.031110418353757944,-0.014003617796363872,0.009740498502225196,-0.006851221998652337,0.01315793931950801,-0.001597542593570174,0.010282348307038286,-0.0065164539066956875,-0.010487843371643445,0.02037620962424696,0.011243085798839984,-0.00419941991381876,-0.001597616900371251,0.01859559005552302,-0.005847648555070792,0.00707824815546079,-0.0063991553872696436,-0.005420806661700511,0.016131515657522594,0.0014230603048945942,-0.014003617796363872,0.03917702810440414,-0.010127887504944796,0.014536270926999564,-0.0047285992648069064,0.007629895064511446,-0.005997325560570255,0.006692913023174349,0.0049027405169305045,-0.0024466422021262695,0.001252161364992413,-0.0002993071501829551,-0.00035390199916272196,-0.0045592543539745775,0.01406521605468172,-0.003545833687055334,0.004545984113638546,0.008972792404614762,-0.005718280663690621,0.003610225071267974,0.009740498502225196,-0.010127887504944796,0.026224214194405425,-0.0055441589912840735,0.009623730499430914,0.003203790710251374,0.008809663392286693,-0.0075712497409292385,-0.005799477307260157,0.01566530063949404,0.00822792519424916,0.0035239815279694718,0.004859450930727088,0.009736074132244196,-0.007823903943056517,0.005475196142752773,-0.008666364907466563,0.0005807409829185714,0.015001205203837093,0.004898923988423041,-0.006851221998652337,0.014536270926999564,-0.0055441589912840735,0.02828798951798719,-0.0081782921703627,0.007163851870275321,-0.006755697627689964,0.011736340019499455,0.003911063652831132,-0.01304750477429056,0.0006838315171214609,-0.005366011007115084,0.008732321998651482,-0.010040772969966246,0.02219748612459838,-0.007721043752290924,0.007503527692467744,0.011091209446076151,-0.008914445167408889,0.008834359578746686,0.01315793931950801,-0.0047285992648069064,0.009623730499430914,-0.0081782921703627,0.037590304939842265,-0.001374149737678665,0.01317729555282397,-0.013319494668999503,-0.008170831281926902,0.012441763031185084,0.006974717941492162,-0.005345452689008981,0.0017158100491121162,0.009898903261308455,0.0022417913414109966,0.010344807940544466,-0.0022120545085500543,0.00024477743132310945,0.010536184092455245,0.0031815823474336245,-0.001597542593570174,0.007629895064511446,0.003203790710251374,0.007163851870275321,-0.001374149737678665,0.03634760871605369,0.0028721811885384836,0.00994168505072243,0.0030420301536993066,-0.00758529300905896,0.0024307183915761228,0.0003847894370200643,0.006189241357057375,-0.009117998942025297,0.018337232541179624,0.00039282395237242966,0.010534962852421614,0.010847726350177049,-0.004329941685383745,0.0025748439383221754,0.010282348307038286,-0.005997325560570255,0.008809663392286693,-0.006755697627689964,0.01317729555282397,0.0028721811885384836,0.037851556142617156,-0.005950493180779977,0.002073283218311185,0.011525643949260818,0.004887209888555831,0.008067074552290079,-0.00018017392873844774,0.01396303306314194,-0.012382890982119001,0.013253396594049633,-0.0013119225388082986,-0.010266610692807699,0.01588110487281127,-0.0003025399664665638,-0.0065164539066956875,0.006692913023174349,-0.0075712497409292385,0.011736340019499455,-0.013319494668999503,0.00994168505072243,-0.005950493180779977,0.03710613011759429,0.00886828863264375,0.00996344755999179,0.008607405757492338,0.0032525400668156224,-0.0011140859279609667,0.005511949726527914,-0.0031945038655286496,0.012976391756967869,0.0003119654028939809,-0.0030276067276747563,0.010817335029216935,0.00046811510392806707,-0.010487843371643445,0.0049027405169305045,-0.005799477307260157,0.003911063652831132,-0.008170831281926902,0.0030420301536993066,0.002073283218311185,0.00886828863264375,0.020670667635746126
0.0308486762106892,-0.006320654730922642,0.02668083687072234,0.01815988483064315,-0.002129816050547106,0.005394455597016196,0.015055951148815125,0.0012886901835087628,-0.00679749438060079,-0.006368260006010641,-0.004523553448395317,0.018464588270539862,0.011389085070338215,-0.00910851348967471,0.012570473930049918,-0.005035101822761599,-0.0023018950287663357,-0.005292895775105031,-0.01547230590317996,-0.018994934752048047,-0.006320654730922642,0.03822678653820679,-0.016515829028435267,-0.011356672555367396,0.0031084283244630292,0.004473823734139092,-0.0033410433907043032,-0.0009983115430104315,0.005517246477678739,0.013768410031198329,0.0008178407933569654,-0.018735534139140357,-0.021594053273783526,0.0044317526848706625,-0.0165870196436054,-0.002747059835991949,0.006226235473933777,0.010274704205873425,0.01759080333862696,0.004067013881389917,0.02668083687072234,-0.016515829028435267,0.07805830512378928,0.023304659144124884,-0.00442750569538425,-0.007569957905583939,0.03571085353638865,-0.0029636533717026436,-0.015189173857978397,-0.011859048321792302,-0.008031767433413776,0.03050556359483781,0.025660485157264018,-0.02981981038387274,0.0015391800707934028,-0.0031949517123762744,-0.009014213217211426,-0.030673720605935657,-0.006905513484727185,-0.031064126052380292,0.01815988483064315,-0.011356672555367396,0.023304659144124884,0.03222360298830571,-0.003621757165212299,0.0027985031191203637,0.021592571727112028,-0.005797748997065498,-0.005993262397554646,-0.008553102466690023,-0.010852464298971564,0.008248351304767913,0.021160127168153662,-0.017113526245897855,-0.002565711852816094,0.0044150360955162934,0.0009252562529409949,-0.003652019311596623,-0.013793961511654535,-0.025346753575916304,-0.002129816050547106,0.0031084283244630292,-0.00442750569538425,-0.003621757165212299,0.025283701005115018,-0.004159099340266243,0.00105990055380779,-0.001405862446629416,0.006336885216074051,0.004878745731355412,-0.006204812750654033,-0.0025723384541116393,-0.00612126736039547,-0.010013693133326404,-0.004021752691508189,0.0048257354333868475,0.0033600782693049207,0.005971550048634854,-0.0007800283595297085,0.005173691467154994,0.005394455597016196,0.004473823734139092,-0.007569957905583939,0.0027985031191203637,-0.004159099340266243,0.03318244250865491,0.007596931534558354,-0.00783363056825745,0.00011673006032955234,0.004563214876875268,0.0037378282006841853,-0.012649649401264331,-0.0012766335825520544,0.006279286912266201,-0.011736430308264292,-0.01644364008878054,0.0023039751310153494,0.008276865469866859,-0.0036527771618762705,-0.014854945270928104,0.015055951148815125,-0.0033410433907043032,0.03571085353638865,0.021592571727112028,0.00105990055380779,0.007596931534558354,0.05147087583794223,-0.010200932182698463,-0.010112252836726898,-0.0006546304587349984,-0.009597525985052001,0.013475816979469714,0.01938488287173506,-0.02518663633664619,-0.010975549607519963,-0.007311407273964773,0.005579447004351295,-0.008795623438002765,-0.01210061128020071,-0.030085028933059494,0.0012886901835087628,-0.0009983115430104315,-0.0029636533717026436,-0.005797748997065498,-0.001405862446629416,-0.00783363056825745,-0.010200932182698463,0.05175985672762955,-0.010525281980710236,-0.013162013860242442,0.012400694505926763,0.003014532140575858,-0.020937647843787002,0.014193595419096374,0.001148788204661185,-0.00334109895668931,-0.0040912511003947565,-0.008362100915644533,0.006220748106767349,0.007572301916687091,-0.00679749438060079,0.005517246477678739,-0.015189173857978397,-0.005993262397554646,0.006336885216074051,0.00011673006032955234,-0.010112252836726898,-0.010525281980710236,0.03277126587871261,0.004380609655813672,-0.0018954394332044277,-0.005241627464795114,-0.000624917766097818,0.0012357577365496109,-0.0016180793815762614,0.009747275038589407,-0.005943898913042877,-0.002276191774593779,0.0001865650105683076,0.014121616272422095,-0.006368260006010641,0.013768410031198329,-0.011859048321792302,-0.008553102466690023,0.004878745731355412,0.004563214876875268,-0.0006546304587349984,-0.013162013860242442,0.004380609655813672,0.029169508110143245,-0.0009681095466116943,-0.01042098538923563,-0.006974230825045827,0.0036369803220625326,-0.002010222853760126,-0.0003646953761568994,0.01101361235309509,0.01814271005151956,0.011952891827267062,-0.0017422599246190685,-0.004523553448395317,0.0008178407933569654,-0.008031767433413776,-0.010852464298971564,-0.006204812750654033,0.0037378282006841853,-0.009597525985052001,0.012400694505926763,-0.0018954394332044277,-0.0009681095466116943,0.022826041628913125,-0.004614547325731201,-0.008375302332369383,0.020170814414226697,-0.003348222326784293,-0.009092190175445256,-0.00718527377909276,-0.006518248198146451,0.0030976056334960193,0.009828405487152452,0.018464588270539862,-0.018735534139140357,0.03050556359483781,0.008248351304767913,-0.0025723384541116393,-0.012649649401264331,0.013475816979469714,0.003014532140575858,-0.005241627464795114,-0.01042098538923563,-0.004614547325731201,0.05313063249693435,0.02102515767904001,-0.017310609565723716,0.017786281242983936,0.00342131179281617,-0.0011675773058532483,-0.013332964422732059,-0.015621503099539621,-0.01045303777387857,0.011389085070338215,-0.021594053273783526,0.025660485157264018,0.021160127168153662,-0.00612126736039547,-0.0012766335825520544,0.01938488287173506,-0.020937647843787002,-0.000624917766097818,-0.006974230825045827,-0.008375302332369383,0.02102515767904001,0.061105337929388784,-0.012522603818870146,0.00226913778158667,0.007187428793642429,-0.0024563630771025154,-0.012273143192332837,-0.02961567736754337,-0.012821114576791796,-0.00910851348967471,0.0044317526848706625,-0.02981981038387274,-0.017113526245897855,-0.010013693133326404,0.006279286912266201,-0.02518663633664619,0.014193595419096374,0.0012357577365496109,0.0036369803220625326,0.020170814414226697,-0.017310609565723716,-0.012522603818870146,0.0503589768189614,0.002243145024927406,-0.0052486767467998865,-0.002506545448289934,0.008099689547188526,0.009121987123294295,0.017632312818459863,0.012570473930049918,-0.0165870196436054,0.0015391800707934028,-0.002565711852816094,-0.004021752691508189,-0.011736430308264292,-0.010975549607519963,0.001148788204661185,-0.0016180793815762614,-0.002010222853760126,-0.003348222326784293,0.017786281242983936,0.00226913778158667,0.002243145024927406,0.04925158051423071,0.005922509126879159,-0.001728187918305162,0.009162980647171276,-0.0026829436329340378,-0.000819548563252926,-0.005035101822761599,-0.002747059835991949,-0.0031949517123762744,0.0044150360955162934,0.0048257354333868475,-0.01644364008878054,-0.007311407273964773,-0.00334109895668931,0.009747275038589407,-0.0003646953761568994,-0.009092190175445256,0.00342131179281617,0.007187428793642429,-0.0052486767467998865,0.005922509126879159,0.03475845106518417,-0.0020891218789243337,0.0033829388066000735,-0.0029979595938858543,0.012155353773785963,-0.0023018950287663357,0.006226235473933777,-0.009014213217211426,0.0009252562529409949,0.0033600782693049207,0.0023039751310153494,0.005579447004351295,-0.0040912511003947565,-0.005943898913042877,0.01101361235309509,-0.00718527377909276,-0.0011675773058532483,-0.0024563630771025154,-0.002506545448289934,-0.001728187918305162,-0.0020891218789243337,0.026888218966171024,0.013203721621046289,0.003813791811279545,-0.009194777748703632,-0.005292895775105031,0.010274704205873425,-0.030673720605935657,-0.003652019311596623,0.005971550048634854,0.008276865469866859,-0.008795623438002765,-0.008362100915644533,-0.002276191774593779,0.01814271005151956,-0.006518248198146451,-0.013332964422732059,-0.012273143192332837,0.008099689547188526,0.009162980647171276,0.0033829388066000735,0.013203721621046289,0.04964498997837106,0.0029933850177824312,-0.000397878900983457,-0.01547230590317996,0.01759080333862696,-0.006905513484727185,-0.013793961511654535,-0.0007800283595297085,-0.0036527771618762705,-0.01210061128020071,0.006220748106767349,0.0001865650105683076,0.011952891827267062,0.0030976056334960193,-0.015621503099539621,-0.02961567736754337,0.009121987123294295,-0.0026829436329340378,-0.0029979595938858543,0.003813791811279545,0.0029933850177824312,0.045647887787674805,0.0018563798920243533,-0.018994934752048047,0.004067013881389917,-0.031064126052380292,-0.025346753575916304,0.005173691467154994,-0.014854945270928104,-0.030085028933059494,0.007572301916687091,0.014121616272422095,-0.0017422599246190685,0.009828405487152452,-0.01045303777387857,-0.012821114576791796,0.017632312818459863,-0.000819548563252926,0.012155353773785963,-0.009194777748703632,-0.000397878900983457,0.0018563798920243533,0.053428584031692476
0.02048097062695598,0.008074258064150068,0.00774246543605331,0.0023113219555029986,0.0025745061540517243,0.011681979844351695,-0.0026184863585632214,0.011165125521691582,-0.002388662727384066,0.000353812967741521,0.0017202491726994724,0.002403772391140909,-0.005461374572342919,-0.0024093767135741195,-0.0030977186719599852,-0.012070605338461708,0.00023946982484830833,-0.008721299323543933,-4.693123519564882e-5,-0.0007368673521719019,0.008074258064150068,0.020185366729188223,0.015360276831391843,-0.005316383807743779,-0.002941597858942226,0.0030403383330407825,-0.005735258871792177,0.004901935488623774,0.0012648712193817219,0.0037437818082116797,-0.0034972052395528933,-0.008990751999719614,-0.006614118511219456,-0.008898510877836056,-0.005729899156107887,-0.012756345162998464,-0.005016060768707767,-0.00841724813770016,0.010356802567216546,-0.005455546627450703,0.00774246543605331,0.015360276831391843,0.05354556502406711,-0.009323831482420677,0.0019398886535607089,0.005845066887936435,-0.0025495589322013386,-0.019788996130501203,0.008275490835192228,0.012707839353960623,-0.009571656417587372,-0.024396719865187662,-0.009299020416981845,-0.014080233425708825,-0.010828913138797542,-0.010909365671453727,-0.02197925603745747,-0.005212644995034139,0.007169563553306528,-0.02196029035852342,0.0023113219555029986,-0.005316383807743779,-0.009323831482420677,0.032332413222333205,-0.003739404578379591,-0.007626999467361789,-0.013614534886820375,0.006517960776441529,-0.0019449366454734628,-0.011200584341782201,0.0006342819989244406,0.012258131716293476,0.01930919381276284,0.004818094931694199,-0.009916363879196977,0.005381934891264092,-0.005717721299418084,0.008267906715817664,-0.0011738774165439322,-0.012905257146229289,0.0025745061540517243,-0.002941597858942226,0.0019398886535607089,-0.003739404578379591,0.029276676628176748,0.002053271646095183,0.015672891890822382,-0.0006027872689128853,-0.003338097668368015,0.0061442728026689765,0.00038936106878599086,-0.0038673150695569206,-0.006737916844448412,-0.00405900473825422,-0.002668637271422819,3.7419931235561335e-5,0.005046082829055462,-0.0009524740491991571,-0.004400518782401176,-0.003209785493915481,0.011681979844351695,0.0030403383330407825,0.005845066887936435,-0.007626999467361789,0.002053271646095183,0.025482416497614537,0.0074790121086381715,0.004227326949087249,-0.0016440459027186414,0.004321248444061795,-0.0012122979066052511,-0.0030481176520602274,-0.00421173493155782,-0.005095744271868012,-0.0015565108462668932,-0.0046956333305824,0.008297660349867814,-0.00522753519749446,0.005162930683692342,0.0038690252868544017,-0.0026184863585632214,-0.005735258871792177,-0.0025495589322013386,-0.013614534886820375,0.015672891890822382,0.0074790121086381715,0.041405175715810164,0.0033616096335266723,-0.005570912229435577,0.00245481512141584,-0.004861825148073545,-0.0010019527986956105,-0.011622437320152085,-0.001753186347102651,0.0011670512452661278,-0.0011582582920732498,0.018543536564788722,-0.0069823135547552595,-0.005701826246582427,0.0040079923631378325,0.011165125521691582,0.004901935488623774,-0.019788996130501203,0.006517960776441529,-0.0006027872689128853,0.004227326949087249,0.0033616096335266723,0.06259461248273747,9.4206116342083e-5,-0.02142761689836646,0.008952004186852974,0.015499942326044456,-0.004178829855862463,-0.005191456533222572,-0.0031245217636910708,0.000877008226258553,0.02765910120151068,-0.02044277201681309,-0.00010255896117409733,0.016380597550759546,-0.002388662727384066,0.0012648712193817219,0.008275490835192228,-0.0019449366454734628,-0.003338097668368015,-0.0016440459027186414,-0.005570912229435577,9.4206116342083e-5,0.03455505062460735,0.008612351049239297,0.00212871057011803,0.0017705299189758922,-0.0036851069104419185,-0.0014932466725890306,-0.006529634228408701,0.007015126761921405,-0.015450938375904711,-0.002690132683681258,-0.016961738601557003,-0.0128830228685446,0.000353812967741521,0.0037437818082116797,0.012707839353960623,-0.011200584341782201,0.0061442728026689765,0.004321248444061795,0.00245481512141584,-0.02142761689836646,0.008612351049239297,0.044706940149559345,0.0012573212657263867,-0.01692811141063004,-0.009418460091186572,0.0010665955432319105,-0.00929372445347205,-0.009447505250824644,-0.012839342740562039,0.00023525282731324718,0.004663479161251308,-0.001884141156652017,0.0017202491726994724,-0.0034972052395528933,-0.009571656417587372,0.0006342819989244406,0.00038936106878599086,-0.0012122979066052511,-0.004861825148073545,0.008952004186852974,0.00212871057011803,0.0012573212657263867,0.030160002385940323,0.01155415565984201,0.008270352137739734,0.0041429871232291846,-0.0029674251430414165,-0.002210579623334153,-0.0007410396322699046,-0.0012888087233327511,-0.005579502628955232,0.015024658666914596,0.002403772391140909,-0.008990751999719614,-0.024396719865187662,0.012258131716293476,-0.0038673150695569206,-0.0030481176520602274,-0.0010019527986956105,0.015499942326044456,0.0017705299189758922,-0.01692811141063004,0.01155415565984201,0.03354358430304002,0.008729794024525832,0.007638569485005334,0.0026081118387754256,0.004452122354453664,0.0015444636608926137,4.509831727104614e-5,-0.010985219907763915,0.0023648063102317254,-0.005461374572342919,-0.006614118511219456,-0.009299020416981845,0.01930919381276284,-0.006737916844448412,-0.00421173493155782,-0.011622437320152085,-0.004178829855862463,-0.0036851069104419185,-0.009418460091186572,0.008270352137739734,0.008729794024525832,0.050472361557110754,0.007287159644272841,-0.004486404009053255,0.00907657104624385,-0.0024400527963708445,0.011545115448976125,-0.005430457606533625,0.0016280859121356591,-0.0024093767135741195,-0.008898510877836056,-0.014080233425708825,0.004818094931694199,-0.00405900473825422,-0.005095744271868012,-0.001753186347102651,-0.005191456533222572,-0.0014932466725890306,0.0010665955432319105,0.0041429871232291846,0.007638569485005334,0.007287159644272841,0.027699435279755408,0.004242761462013233,0.007923359936655428,-0.007749488374058999,0.009505359657618855,-0.008412531046885363,0.0008916545561664868,-0.0030977186719599852,-0.005729899156107887,-0.010828913138797542,-0.009916363879196977,-0.002668637271422819,-0.0015565108462668932,0.0011670512452661278,-0.0031245217636910708,-0.006529634228408701,-0.00929372445347205,-0.0029674251430414165,0.0026081118387754256,-0.004486404009053255,0.004242761462013233,0.027186196405600493,0.005145815941226366,0.012006927871493262,0.006546483475950595,0.004153716282161378,0.007875661060835128,-0.012070605338461708,-0.012756345162998464,-0.010909365671453727,0.005381934891264092,3.7419931235561335e-5,-0.0046956333305824,-0.0011582582920732498,0.000877008226258553,0.007015126761921405,-0.009447505250824644,-0.002210579623334153,0.004452122354453664,0.00907657104624385,0.007923359936655428,0.005145815941226366,0.03914501108554537,-0.0004927785023509795,0.01073047988041251,-0.013025552274893874,0.0007722894339181516,0.00023946982484830833,-0.005016060768707767,-0.02197925603745747,-0.005717721299418084,0.005046082829055462,0.008297660349867814,0.018543536564788722,0.02765910120151068,-0.015450938375904711,-0.012839342740562039,-0.0007410396322699046,0.0015444636608926137,-0.0024400527963708445,-0.007749488374058999,0.012006927871493262,-0.0004927785023509795,0.05841110701146578,-0.006399866449219888,0.010695277330677983,0.029750504743267167,-0.008721299323543933,-0.00841724813770016,-0.005212644995034139,0.008267906715817664,-0.0009524740491991571,-0.00522753519749446,-0.0069823135547552595,-0.02044277201681309,-0.002690132683681258,0.00023525282731324718,-0.0012888087233327511,4.509831727104614e-5,0.011545115448976125,0.009505359657618855,0.006546483475950595,0.01073047988041251,-0.006399866449219888,0.03463677307112484,-0.006254924043641717,-0.007457633669049444,-4.693123519564882e-5,0.010356802567216546,0.007169563553306528,-0.0011738774165439322,-0.004400518782401176,0.005162930683692342,-0.005701826246582427,-0.00010255896117409733,-0.016961738601557003,0.004663479161251308,-0.005579502628955232,-0.010985219907763915,-0.005430457606533625,-0.008412531046885363,0.004153716282161378,-0.013025552274893874,0.010695277330677983,-0.006254924043641717,0.05375713508877359,0.01132526215587815,-0.0007368673521719019,-0.005455546627450703,-0.02196029035852342,-0.012905257146229289,-0.003209785493915481,0.0038690252868544017,0.0040079923631378325,0.016380597550759546,-0.0128830228685446,-0.001884141156652017,0.015024658666914596,0.0023648063102317254,0.0016280859121356591,0.0008916545561664868,0.007875661060835128,0.0007722894339181516,0.029750504743267167,-0.007457633669049444,0.01132526215587815,0.05523737402393695
