0.036987065801786345,0.010800646256814714,0.006982685723410591,-0.010687707697831788,0.006917169861449052,0.013551048629413611,-0.0027620591060564335,0.0071684011468289306,-0.0002273841184897811,0.00828115415261457,0.01837264743736605,0.0002179405733099527,0.007417507268045297,-0.0007117642549170334,0.003178606116323224,-0.006384650155101634,0.003328314730164674,-0.001755170077643153,0.007146581515659268,-0.0018851252402796374,0.010800646256814714,0.041966920809703066,-0.0009715234292543343,-0.007394773080936621,0.010177266609929288,-0.0002191162583649373,0.009317208064634264,-0.004006672639422632,0.009877003022454516,0.011353248095719602,0.006059196789345465,0.0006943709995950119,-0.010764464989558784,0.017157925933097538,-0.0029154891150476366,0.003439694404356537,-0.014767982306366154,0.01183558749520869,0.015174803426615088,-0.004545936807746009,0.006982685723410591,-0.0009715234292543343,0.05283094801100072,-0.006048984528170987,-0.003138177833403354,0.004001776464466274,0.006753104922721758,0.0032193849882086933,0.01926642734956653,-0.01533407883869125,0.014489096629763436,0.00757226737382091,0.015651964551989986,0.000759179296615112,0.019129981332601326,-0.00515795391516671,-0.0027588944393359986,0.0008785107453434944,-0.0074822009893849625,0.01790432405959437,-0.010687707697831788,-0.007394773080936621,-0.006048984528170987,0.05752841978293005,0.0012176891801788598,0.003622005584557559,0.01893102047662132,-0.0007701106358577683,0.0079019101341704,-0.00971154983921449,-0.004240587743416126,-0.007740681438035287,-0.0045877443825657754,0.009178296078512161,0.012976817360495916,0.025405876893699962,0.008990016266207858,-0.0021234383110904902,-0.007409744922397749,0.01104553267600598,0.006917169861449052,0.010177266609929288,-0.003138177833403354,0.0012176891801788598,0.03107401246935009,0.003193895042476017,-0.0020688684705580515,-0.00044381831435862747,0.0005334268465785347,0.005630023690422277,-0.00024300731438424992,0.0073757083641924175,0.0012383005332723164,0.009354530077601779,-0.0033109509745716708,0.0013122767586887286,0.005309641082487701,-0.0013656055915941753,-0.002593337901408867,-0.0040963420538711465,0.013551048629413611,-0.0002191162583649373,0.004001776464466274,0.003622005584557559,0.003193895042476017,0.03954934364344987,-0.002551480485908534,0.0027366314087767423,-0.013196709822840599,0.003473317312287622,0.009459869160085368,-0.002904978791817919,0.0019357369534064002,-0.0009279139518103839,0.0018552002110777796,-0.0006131556608449434,0.002646073604654382,-0.019714357971091445,-0.005992897196269765,0.001376907387524626,-0.0027620591060564335,0.009317208064634264,0.006753104922721758,0.01893102047662132,-0.0020688684705580515,-0.002551480485908534,0.04538729583191155,-0.011632762136540402,0.026300093965235315,-0.012599188545485043,0.004018268805832669,-0.013087041131426285,-0.01096591616475337,0.010428147746601672,0.01597417386364294,0.012193504038857583,-0.01715154653933846,0.008334206503969927,0.012407757295916474,0.009636217296083771,0.0071684011468289306,-0.004006672639422632,0.0032193849882086933,-0.0007701106358577683,-0.00044381831435862747,0.0027366314087767423,-0.011632762136540402,0.026710069324911715,-0.003132003970493979,0.008013727198331948,-0.0018985231387317694,0.010043557131677455,0.013653642056231059,-0.007263528577419075,-0.007713068946354679,-0.005968391464282255,0.0038273084950603917,-0.011741076311928025,-0.0075567229569129535,-0.002512379357037337,-0.0002273841184897811,0.009877003022454516,0.01926642734956653,0.0079019101341704,0.0005334268465785347,-0.013196709822840599,0.026300093965235315,-0.003132003970493979,0.04749759007912137,-0.017967850831540795,0.015244860871548475,0.0015033191143245849,-0.00902160511825864,0.02316508633163547,0.020831235242012438,0.01211194800502917,-0.0061167021412437995,0.022165950826869715,0.010853214457288957,0.014481583052412891,0.00828115415261457,0.011353248095719602,-0.01533407883869125,-0.00971154983921449,0.005630023690422277,0.003473317312287622,-0.012599188545485043,0.008013727198331948,-0.017967850831540795,0.047863617545749075,-0.01049917168643674,0.005543210502452054,0.008748262281697295,-0.012427646050867165,-0.015241226109205235,0.0006696304911736184,0.0034746147750002628,-0.006385925178233441,0.00395734827060722,-0.01408476385559676,0.01837264743736605,0.006059196789345465,0.014489096629763436,-0.004240587743416126,-0.00024300731438424992,0.009459869160085368,0.004018268805832669,-0.0018985231387317694,0.015244860871548475,-0.01049917168643674,0.05100994301769761,0.006961248926532752,0.005826275890568812,0.0033716444336947928,0.012599188876085257,-0.013512960488870232,0.00801463591827747,-0.002351084583681279,0.008274406314272635,0.0033675501711679344,0.0002179405733099527,0.0006943709995950119,0.00757226737382091,-0.007740681438035287,0.0073757083641924175,-0.002904978791817919,-0.013087041131426285,0.010043557131677455,0.0015033191143245849,0.005543210502452054,0.006961248926532752,0.0433879949950151,0.02313947615221413,-0.004308016323936981,-0.003075935712323453,-0.003667794293119093,0.011995685256461365,-0.015270005249480632,-0.002072199229276021,-0.0006633257005301142,0.007417507268045297,-0.010764464989558784,0.015651964551989986,-0.0045877443825657754,0.0012383005332723164,0.0019357369534064002,-0.01096591616475337,0.013653642056231059,-0.00902160511825864,0.008748262281697295,0.005826275890568812,0.02313947615221413,0.05668660691129706,-0.02074611288089772,0.0046187391721215845,-0.003005075332838434,0.019144114800892474,-0.021760544282760426,-0.008962605804208204,0.0015836790000444236,-0.0007117642549170334,0.017157925933097538,0.000759179296615112,0.009178296078512161,0.009354530077601779,-0.0009279139518103839,0.010428147746601672,-0.007263528577419075,0.02316508633163547,-0.012427646050867165,0.0033716444336947928,-0.004308016323936981,-0.02074611288089772,0.045305257687566346,0.0030790407373114436,0.005476144153384741,-0.012623122703323652,0.014439001534889147,0.006405494853088468,0.0029571068386455854,0.003178606116323224,-0.0029154891150476366,0.019129981332601326,0.012976817360495916,-0.0033109509745716708,0.0018552002110777796,0.01597417386364294,-0.007713068946354679,0.020831235242012438,-0.015241226109205235,0.012599188876085257,-0.003075935712323453,0.0046187391721215845,0.0030790407373114436,0.034869468477567125,0.00901686140224767,0.0015257318513259826,0.003077391537832668,0.00025442676504955895,0.018146092888907603,-0.006384650155101634,0.003439694404356537,-0.00515795391516671,0.025405876893699962,0.0013122767586887286,-0.0006131556608449434,0.012193504038857583,-0.005968391464282255,0.01211194800502917,0.0006696304911736184,-0.013512960488870232,-0.003667794293119093,-0.003005075332838434,0.005476144153384741,0.00901686140224767,0.04577163062568819,0.0058982171051127465,-0.0008745741766383159,-0.0010740669603377052,0.00988906729993843,0.003328314730164674,-0.014767982306366154,-0.0027588944393359986,0.008990016266207858,0.005309641082487701,0.002646073604654382,-0.01715154653933846,0.0038273084950603917,-0.0061167021412437995,0.0034746147750002628,0.00801463591827747,0.011995685256461365,0.019144114800892474,-0.012623122703323652,0.0015257318513259826,0.0058982171051127465,0.045662585578859674,-0.013975250467449072,-0.01605393045121753,0.002339406113923034,-0.001755170077643153,0.01183558749520869,0.0008785107453434944,-0.0021234383110904902,-0.0013656055915941753,-0.019714357971091445,0.008334206503969927,-0.011741076311928025,0.022165950826869715,-0.006385925178233441,-0.002351084583681279,-0.015270005249480632,-0.021760544282760426,0.014439001534889147,0.003077391537832668,-0.0008745741766383159,-0.013975250467449072,0.05432533155457152,0.008887242520624939,-3.006773181181725e-5,0.007146581515659268,0.015174803426615088,-0.0074822009893849625,-0.007409744922397749,-0.002593337901408867,-0.005992897196269765,0.012407757295916474,-0.0075567229569129535,0.010853214457288957,0.00395734827060722,0.008274406314272635,-0.002072199229276021,-0.008962605804208204,0.006405494853088468,0.00025442676504955895,-0.0010740669603377052,-0.01605393045121753,0.008887242520624939,0.04013406762619967,-0.0020252903820415255,-0.0018851252402796374,-0.004545936807746009,0.01790432405959437,0.01104553267600598,-0.0040963420538711465,0.001376907387524626,0.009636217296083771,-0.002512379357037337,0.014481583052412891,-0.01408476385559676,0.0033675501711679344,-0.0006633257005301142,0.0015836790000444236,0.0029571068386455854,0.018146092888907603,0.00988906729993843,0.002339406113923034,-3.006773181181725e-5,-0.0020252903820415255,0.029869146791010426
0.0681898618398023,-0.02249252019478168,0.02487383989245684,0.05787727956992238,-0.1144672532283329,0.0016755686216482237,-0.08043961334686744,-0.07969256202460526,0.08556719543886276,0.014924341468130882,0.01559460462311588,0.021676786838881426,0.06858984637976896,0.010936249382657252,-0.08789098222406021,-0.07370384101878155,0.010445300437641539,0.09232706900822779,-0.0009440094724618704,0.03618454447793064,-0.02249252019478168,0.05858151727334349,-0.011058784055038675,-0.04176086814191153,0.022156436629732608,-0.04214545310550773,0.015931714440054926,0.020425456847010772,-0.021564108299120806,0.016709834662528955,0.008127673117622249,-0.014862183080462391,-0.006672659852951282,0.02040515101287222,-0.005080608627843185,0.009260868386967751,-0.023814911225831983,-0.03498296523435186,0.01937853496207305,-0.0024171430937264776,0.02487383989245684,-0.011058784055038675,0.08446881230778339,0.05254124056188812,-0.11270066672725879,0.013615639145865877,-0.08032687087512727,-0.09215275338209633,0.0956422951935322,-0.010375426667213809,0.0018377597054746774,0.01876185210450334,0.0672540641985803,-0.00502743934795516,-0.09384450126793226,-0.06993540197882858,0.010601560727935663,0.0908491215569143,-0.018762415697975418,0.020064093571482568,0.05787727956992238,-0.04176086814191153,0.05254124056188812,0.11978047410538246,-0.16775210182250203,0.0135117458311334,-0.12921941358194022,-0.12388984907125372,0.14336090353991654,-0.0019529978213080803,0.028401731638198497,0.025053411108580646,0.0995938938469983,0.00424542584537425,-0.13200089236260903,-0.10585997735459435,0.023050298736723138,0.14911276439174695,-0.01598059802627802,0.04693041715296554,-0.1144672532283329,0.022156436629732608,-0.11270066672725879,-0.16775210182250203,0.4041573220604134,0.043936622930306174,0.29999398539579003,0.26973586528925,-0.3079772425797843,-0.03933433249571294,-0.07162183476463252,-0.044073315034069235,-0.24647682258811193,-0.04782663757663297,0.3383376131073608,0.26319144263571226,-0.012372621233583268,-0.2916382234810526,0.0033485351803399115,-0.1201377071734164,0.0016755686216482237,-0.04214545310550773,0.013615639145865877,0.0135117458311334,0.043936622930306174,0.10227196259175503,0.05367257144323708,0.021544901015877253,-0.041417524465408105,-0.04531143816886922,-0.030419331626424694,0.01193400124487964,-0.050609419923496185,-0.05037264072689342,0.07875193800771665,0.06339947755589251,0.024389496744740467,-0.019297866714934712,-0.032966341415843904,-0.033468129335114734,-0.08043961334686744,0.015931714440054926,-0.08032687087512727,-0.12921941358194022,0.29999398539579003,0.05367257144323708,0.2641994758019522,0.2121153195319916,-0.2495709526418184,-0.04242109155793256,-0.05683994399121121,-0.03131296067870434,-0.19870248644023536,-0.04945355072265091,0.26909080301731436,0.22154044691540742,-0.0023590335964341273,-0.2309869042259663,-0.00035432445965598384,-0.09642312987567225,-0.07969256202460526,0.020425456847010772,-0.09215275338209633,-0.12388984907125372,0.26973586528925,0.021544901015877253,0.2121153195319916,0.22136075260969426,-0.22478592053244717,-0.0205425525591466,-0.035356185355042175,-0.036394073935552676,-0.17270493859852248,-0.02758735833291065,0.23676773534366743,0.18416192906004708,-0.009259991052847947,-0.21529828297721784,0.005351476198164239,-0.07757316916058507,0.08556719543886276,-0.021564108299120806,0.0956422951935322,0.14336090353991654,-0.3079772425797843,-0.041417524465408105,-0.2495709526418184,-0.22478592053244717,0.2920991649058665,0.030320102339044475,0.058579579065411114,0.03060889721560648,0.21074499439152078,0.04017183479956785,-0.287080867117204,-0.22421979459811153,0.007451727404623571,0.2500514147567512,-0.007546305161378707,0.09135076477151524,0.014924341468130882,0.016709834662528955,-0.010375426667213809,-0.0019529978213080803,-0.03933433249571294,-0.04531143816886922,-0.04242109155793256,-0.0205425525591466,0.030320102339044475,0.050567073775013356,0.018210302076510226,-0.001911689878757877,0.03576982700786659,0.02972040145599498,-0.05659278156063158,-0.04663997156333265,-0.01796525559264328,0.021655906234399235,0.022445332411408288,0.02438140651419836,0.01559460462311588,0.008127673117622249,0.0018377597054746774,0.028401731638198497,-0.07162183476463252,-0.030419331626424694,-0.05683994399121121,-0.035356185355042175,0.058579579065411114,0.018210302076510226,0.04705880517425364,-0.002134468690315039,0.0524084786562795,0.023506633470845226,-0.07090056521738461,-0.05293074426387501,-0.0055260322673143505,0.041666922352005156,0.010003621399262627,0.025492618231082384,0.021676786838881426,-0.014862183080462391,0.01876185210450334,0.025053411108580646,-0.044073315034069235,0.01193400124487964,-0.03131296067870434,-0.036394073935552676,0.03060889721560648,-0.001911689878757877,-0.002134468690315039,0.025354109744738878,0.025198054445975115,0.0005996916150446194,-0.027895862029491635,-0.024602648115896394,0.008715334240182539,0.03986439436372595,-0.007426918963099759,0.013941325977613411,0.06858984637976896,-0.006672659852951282,0.0672540641985803,0.0995938938469983,-0.24647682258811193,-0.050609419923496185,-0.19870248644023536,-0.17270493859852248,0.21074499439152078,0.03576982700786659,0.0524084786562795,0.025198054445975115,0.18819613510076744,0.045023934771041094,-0.2323726495119039,-0.18649549326776085,-0.0025612415269534172,0.18607490497003817,0.0004205481747660613,0.07874719626657847,0.010936249382657252,0.02040515101287222,-0.00502743934795516,0.00424542584537425,-0.04782663757663297,-0.05037264072689342,-0.04945355072265091,-0.02758735833291065,0.04017183479956785,0.02972040145599498,0.023506633470845226,0.0005996916150446194,0.045023934771041094,0.050919308265136784,-0.07140111006853551,-0.05457046693275855,-0.013549860220146794,0.0347528100755444,0.016820240992816246,0.02398693787438897,-0.08789098222406021,-0.005080608627843185,-0.09384450126793226,-0.13200089236260903,0.3383376131073608,0.07875193800771665,0.26909080301731436,0.23676773534366743,-0.287080867117204,-0.05659278156063158,-0.07090056521738461,-0.027895862029491635,-0.2323726495119039,-0.07140111006853551,0.354856996567051,0.2486689491688052,0.015590826861568107,-0.2558416455768905,-0.01251731300278128,-0.10630514653545342,-0.07370384101878155,0.009260868386967751,-0.06993540197882858,-0.10585997735459435,0.26319144263571226,0.06339947755589251,0.22154044691540742,0.18416192906004708,-0.22421979459811153,-0.04663997156333265,-0.05293074426387501,-0.024602648115896394,-0.18649549326776085,-0.05457046693275855,0.2486689491688052,0.21381104301778286,0.0003525883495985097,-0.20903414226713873,0.0011646803604618893,-0.09070492137147237,0.010445300437641539,-0.023814911225831983,0.010601560727935663,0.023050298736723138,-0.012372621233583268,0.024389496744740467,-0.0023590335964341273,-0.009259991052847947,0.007451727404623571,-0.01796525559264328,-0.0055260322673143505,0.008715334240182539,-0.0025612415269534172,-0.013549860220146794,0.015590826861568107,0.0003525883495985097,0.03645769982136022,0.02101950987401121,-0.013962454977229907,-8.670108808157698e-5,0.09232706900822779,-0.03498296523435186,0.0908491215569143,0.14911276439174695,-0.2916382234810526,-0.019297866714934712,-0.2309869042259663,-0.21529828297721784,0.2500514147567512,0.021655906234399235,0.041666922352005156,0.03986439436372595,0.18607490497003817,0.0347528100755444,-0.2558416455768905,-0.20903414226713873,0.02101950987401121,0.2558399106208314,-0.012063463972621466,0.08360810524991426,-0.0009440094724618704,0.01937853496207305,-0.018762415697975418,-0.01598059802627802,0.0033485351803399115,-0.032966341415843904,-0.00035432445965598384,0.005351476198164239,-0.007546305161378707,0.022445332411408288,0.010003621399262627,-0.007426918963099759,0.0004205481747660613,0.016820240992816246,-0.01251731300278128,0.0011646803604618893,-0.013962454977229907,-0.012063463972621466,0.033620770195530184,0.010176481424475813,0.03618454447793064,-0.0024171430937264776,0.020064093571482568,0.04693041715296554,-0.1201377071734164,-0.033468129335114734,-0.09642312987567225,-0.07757316916058507,0.09135076477151524,0.02438140651419836,0.025492618231082384,0.013941325977613411,0.07874719626657847,0.02398693787438897,-0.10630514653545342,-0.09070492137147237,-8.670108808157698e-5,0.08360810524991426,0.010176481424475813,0.05841406908388588
