0.010186467720429655,0.0027298199001398547,0.004904266563396038,0.0007831597406955051,0.003462782383125095,0.0014581147866922599,0.002249643787257774,0.003063124828827936,-0.0008828046148311153,0.0016770856771859775,0.0017682619686559754,-0.00011023913599258613,-0.0013274804845017068,0.0010891906685981626,0.0016192073619344792,-0.004288389486105526,0.003139353544443819,-0.0039194369997710456,-0.0016484380933887543,0.0011751126167862764,0.0027298199001398547,0.010806159968757728,-0.0006499010363163233,-0.0013073419298734955,0.0023004598015918124,-0.0022437982118873297,-0.0008528437709880608,0.0037162722214221042,0.0019718671739399497,0.0008113529456452336,0.0008078154603415324,-0.0011039874795483581,3.282403056161098e-5,0.000759916979789961,-0.0033152444607603727,0.0023150360910026467,0.0009594215065859857,-0.0012204172660702389,0.0009092079463902088,0.005103410263275616,0.004904266563396038,-0.0006499010363163233,0.015856718682936744,-0.00040939751906728133,0.0005757162565181682,0.0008320338952675307,0.0021807356463633344,-0.005486723055433683,-0.0011852417327243307,0.0022440107858730666,0.0020490684413645233,-0.0001143666097605269,-0.00048152897708023416,0.0005113646513339037,0.0013726295261752043,-0.0033896067831371375,-0.0034798766046813057,0.0006470980018646098,0.0006991011089474573,-0.0016125169470277245,0.0007831597406955051,-0.0013073419298734955,-0.00040939751906728133,0.008574997573673646,-0.0007355537838123123,-0.0006443452409381922,0.0020519029884804732,0.0017023911000542667,-0.0005697813611790802,-0.0016667138916045677,-0.001692676455906514,-0.00034228505358669135,-2.7497573156995787e-5,-0.0009521352401332737,-0.0020544021548930527,0.0010100278531867451,-0.0005513355638736856,0.001268469537973891,0.0016707024662701584,-0.0059749050360177955,0.003462782383125095,0.0023004598015918124,0.0005757162565181682,-0.0007355537838123123,0.017273441478393645,-0.00010559377990179847,0.0005249728765797305,0.002846512834373263,0.00021778594091378869,0.003211986642041979,0.0018698173094255691,-0.002981595808702722,0.0004581506153874074,0.00021785814323441763,-0.00372335433682429,-0.000676108621019798,0.0003717217828025824,0.0014291955187088073,-0.002418243746790786,-0.0008556149714041317,0.0014581147866922599,-0.0022437982118873297,0.0008320338952675307,-0.0006443452409381922,-0.00010559377990179847,0.011142800128596855,-0.0004363262130596368,0.0023512217617944363,0.0017676707776961968,-0.0023946997488236187,-4.330671268008164e-5,0.0008606076136471834,0.002653097326904511,-0.0005504489420961646,-0.0016488500728770263,0.001850927838871541,0.0015071081671820486,0.0018451349696624463,-0.0009556723333956224,0.0012874549441725834,0.002249643787257774,-0.0008528437709880608,0.0021807356463633344,0.0020519029884804732,0.0005249728765797305,-0.0004363262130596368,0.01493031558997578,0.0003285811257726719,-0.0009131929546007557,0.00033521378936316766,0.001764808938515352,0.0017162043661856263,-0.0003933524952695407,0.003649675966664477,-0.0002533332019047514,-0.0025153001371288723,0.001482167298511407,-5.660862757123075e-5,-0.0010840549938555097,0.00040359232421887487,0.003063124828827936,0.0037162722214221042,-0.005486723055433683,0.0017023911000542667,0.002846512834373263,0.0023512217617944363,0.0003285811257726719,0.01947021423896002,0.0022505473221839643,-0.0030338251153867474,0.002143051220966237,0.0006694284841685537,-0.0012024109947059451,0.007899183180653614,-0.00322871120106833,0.001052650021007651,-0.0026247375740796695,0.0006184761020687199,-0.0010018389049757464,0.0009987684060187285,-0.0008828046148311153,0.0019718671739399497,-0.0011852417327243307,-0.0005697813611790802,0.00021778594091378869,0.0017676707776961968,-0.0009131929546007557,0.0022505473221839643,0.01325998757141097,0.0028710898669926732,-0.0006708755191389838,-0.0035834625372979908,-0.00411679099194484,0.00033100298686102134,-0.0016362336831030446,0.0034476545997013906,-0.0024814848999618533,0.00043620527214708905,-0.0024638356656354046,3.651093357919366e-5,0.0016770856771859775,0.0008113529456452336,0.0022440107858730666,-0.0016667138916045677,0.003211986642041979,-0.0023946997488236187,0.00033521378936316766,-0.0030338251153867474,0.0028710898669926732,0.016157868743184468,0.0020839489614979194,-0.002626947973299903,-0.000765986785624171,-0.0020741568254701833,-0.0003176754214006644,-0.0019708750727892833,0.0019187947864646973,0.0011295551763078684,0.0016158090287304557,0.0019101598900445019,0.0017682619686559754,0.0008078154603415324,0.0020490684413645233,-0.001692676455906514,0.0018698173094255691,-4.330671268008164e-5,0.001764808938515352,0.002143051220966237,-0.0006708755191389838,0.0020839489614979194,0.016656721700890807,0.0031684948163816706,-0.002654107112844293,0.0030325510530561004,-0.002322908638608609,-0.0016012196794321196,0.0010266260124397446,-0.0034297067762600643,-0.00028007556189221805,0.002109702464128251,-0.00011023913599258613,-0.0011039874795483581,-0.0001143666097605269,-0.00034228505358669135,-0.002981595808702722,0.0008606076136471834,0.0017162043661856263,0.0006694284841685537,-0.0035834625372979908,-0.002626947973299903,0.0031684948163816706,0.011772433676497817,-0.0004895750628101261,-0.0033452210066101436,0.002790036904153674,-0.0008371503384085005,0.0035145466751931344,-0.0017041824797834,0.002004412780745598,-0.0031627688890504607,-0.0013274804845017068,3.282403056161098e-5,-0.00048152897708023416,-2.7497573156995787e-5,0.0004581506153874074,0.002653097326904511,-0.0003933524952695407,-0.0012024109947059451,-0.00411679099194484,-0.000765986785624171,-0.002654107112844293,-0.0004895750628101261,0.01864770527266858,-0.0028795486152402433,0.001882213835550056,0.0007332804045494742,0.0002080121087559179,0.0020531745808303643,-0.002403017758447237,-0.0020990583826846635,0.0010891906685981626,0.000759916979789961,0.0005113646513339037,-0.0009521352401332737,0.00021785814323441763,-0.0005504489420961646,0.003649675966664477,0.007899183180653614,0.00033100298686102134,-0.0020741568254701833,0.0030325510530561004,-0.0033452210066101436,-0.0028795486152402433,0.01574066033736002,-0.0021081559945154054,0.0011134533661653874,0.0002971628207572931,-0.0024067141333826633,-0.0003503860019832231,0.0007341717435105705,0.0016192073619344792,-0.0033152444607603727,0.0013726295261752043,-0.0020544021548930527,-0.00372335433682429,-0.0016488500728770263,-0.0002533332019047514,-0.00322871120106833,-0.0016362336831030446,-0.0003176754214006644,-0.002322908638608609,0.002790036904153674,0.001882213835550056,-0.0021081559945154054,0.013927170413253956,-0.0019267559045458348,0.004607192982093174,1.1033636466787654e-5,0.00239445389861333,-0.0015632949107475657,-0.004288389486105526,0.0023150360910026467,-0.0033896067831371375,0.0010100278531867451,-0.000676108621019798,0.001850927838871541,-0.0025153001371288723,0.001052650021007651,0.0034476545997013906,-0.0019708750727892833,-0.0016012196794321196,-0.0008371503384085005,0.0007332804045494742,0.0011134533661653874,-0.0019267559045458348,0.020742942925636734,-0.0027788060511432,0.003596783393828396,-0.0041009253940955635,-0.002735996279091269,0.003139353544443819,0.0009594215065859857,-0.0034798766046813057,-0.0005513355638736856,0.0003717217828025824,0.0015071081671820486,0.001482167298511407,-0.0026247375740796695,-0.0024814848999618533,0.0019187947864646973,0.0010266260124397446,0.0035145466751931344,0.0002080121087559179,0.0002971628207572931,0.004607192982093174,-0.0027788060511432,0.019540775669485838,0.002026712886226053,0.00016358111195435116,0.0010039684949195772,-0.0039194369997710456,-0.0012204172660702389,0.0006470980018646098,0.001268469537973891,0.0014291955187088073,0.0018451349696624463,-5.660862757123075e-5,0.0006184761020687199,0.00043620527214708905,0.0011295551763078684,-0.0034297067762600643,-0.0017041824797834,0.0020531745808303643,-0.0024067141333826633,1.1033636466787654e-5,0.003596783393828396,0.002026712886226053,0.015428000222473235,0.00292896328251386,0.0007295502278130242,-0.0016484380933887543,0.0009092079463902088,0.0006991011089474573,0.0016707024662701584,-0.002418243746790786,-0.0009556723333956224,-0.0010840549938555097,-0.0010018389049757464,-0.0024638356656354046,0.0016158090287304557,-0.00028007556189221805,0.002004412780745598,-0.002403017758447237,-0.0003503860019832231,0.00239445389861333,-0.0041009253940955635,0.00016358111195435116,0.00292896328251386,0.01890404455108361,0.0017403573542170933,0.0011751126167862764,0.005103410263275616,-0.0016125169470277245,-0.0059749050360177955,-0.0008556149714041317,0.0012874549441725834,0.00040359232421887487,0.0009987684060187285,3.651093357919366e-5,0.0019101598900445019,0.002109702464128251,-0.0031627688890504607,-0.0020990583826846635,0.0007341717435105705,-0.0015632949107475657,-0.002735996279091269,0.0010039684949195772,0.0007295502278130242,0.0017403573542170933,0.014228013909011631
