0.0335237151830374,0.005285477241487838,0.009167574544786318,-0.019637117712754393,-0.008030524626253928,0.010256172147504253,0.009655426017534862,-0.00471039929895147,0.0036058262655890264,0.0038826295431825964,0.007271921293990858,-0.004018353502430383,0.000879099633939044,-0.001108870148531366,0.0009867859194113804,0.009163027669480043,-0.0029870573062345065,-0.007850557331130813,-0.004011550524809902,0.001183420105702714,0.005285477241487838,0.03352046002386438,0.02235408123986891,-0.012521837818403169,-0.01397453012772958,0.01894128119522976,0.008163048372365797,-0.016899436056917468,0.0017444106376999344,0.014827296881878109,-0.0016952289581609154,-0.007159177436747689,0.0009269651816020757,-0.002511920497974,0.006098651865337548,0.012744949584574242,-0.006602584452025365,-0.011402541419947992,-0.005444490757277714,-0.014906621189747993,0.009167574544786318,0.02235408123986891,0.10296379203671178,-0.027043440317661194,-0.03162640085007309,0.02137688193442477,0.018022557324086058,-0.01300014584482783,0.02621110606554938,0.024339317042137074,-0.012914725305793445,-0.015920866997196713,-0.00918788297342592,-0.004576313258011235,0.025516722045291613,0.004185114514031735,-0.008957321957048332,-0.02237883055823465,-0.023615198799678452,-0.029026205049021814,-0.019637117712754393,-0.012521837818403169,-0.027043440317661194,0.07296568616332935,0.02396447445653848,-0.013925369230449187,-0.012860886546818549,0.019148303214583627,-0.01095339530972657,0.006403969731661109,-0.011969271499216158,0.006024367328411311,0.00015354188285137326,0.003930175014453488,-0.007471372503089449,-0.013083144083057318,0.006403041467840658,-0.0002633920618094606,0.010123021692455915,-0.005859187668245683,-0.008030524626253928,-0.01397453012772958,-0.03162640085007309,0.02396447445653848,0.04445857510184773,-0.021506315973471548,-0.012805640650743754,0.030621541172074634,-0.00635433180402052,-0.01135430782105704,-0.00329266562255749,0.0008872389207637739,0.002539972652021563,0.0031690411927879185,-0.01655082841344328,-0.02613157329419075,0.019476808009630232,0.007675201320102758,0.016858263961316962,0.010314200422437046,0.010256172147504253,0.01894128119522976,0.02137688193442477,-0.013925369230449187,-0.021506315973471548,0.040918986791904956,0.012482112283677956,-0.02693193574990145,0.002166169991021355,0.01937523460709094,0.007225971748527961,-0.004062050685776455,0.00036758903539234675,-0.006131756698614051,-0.001237858173125246,0.023837148812054922,-0.011776604919330424,-0.01757621676322038,-0.01182432048495247,-0.01229627574797213,0.009655426017534862,0.008163048372365797,0.018022557324086058,-0.012860886546818549,-0.012805640650743754,0.012482112283677956,0.032929859652945384,-0.012883133109274603,0.007539588526449477,0.005838500251487583,-0.004501977811540329,-0.0025269867826493786,0.0004106634374551729,-0.003382948975052835,0.00548452289442812,0.010026763986349333,-0.002134051727122296,-0.004499115259829867,-0.01908760729726219,-0.005347398506671866,-0.00471039929895147,-0.016899436056917468,-0.01300014584482783,0.019148303214583627,0.030621541172074634,-0.02693193574990145,-0.012883133109274603,0.05742489426117542,-0.0018951507637257098,-0.00826426342941757,-0.012943260888851489,-0.003792343603514414,-0.004470872660021639,0.0018346812075236217,-0.006656434257832813,-0.03449953821057795,0.023557430779958435,0.00826256496309476,0.009495762202656913,0.005017756562637081,0.0036058262655890264,0.0017444106376999344,0.02621110606554938,-0.01095339530972657,-0.00635433180402052,0.002166169991021355,0.007539588526449477,-0.0018951507637257098,0.03370925508215437,-0.00022893793696921513,-0.012202519399660973,-0.004429795128043623,-0.0003224607873482755,0.0004446352910061533,0.008119315593225176,0.0049347005528323825,-0.01099935273420501,-0.00035241175254445005,-0.015762419274518664,-0.010424719727352552,0.0038826295431825964,0.014827296881878109,0.024339317042137074,0.006403969731661109,-0.01135430782105704,0.01937523460709094,0.005838500251487583,-0.00826426342941757,-0.00022893793696921513,0.053105930125619656,-0.005552502851754853,-0.005390724352397179,-0.00936656237016368,-0.002407579214716498,0.011878951937267214,0.013041411734663104,-0.00817405903053844,-0.01876245861358034,-0.015881817328007003,-0.018926779813972477,0.007271921293990858,-0.0016952289581609154,-0.012914725305793445,-0.011969271499216158,-0.00329266562255749,0.007225971748527961,-0.004501977811540329,-0.012943260888851489,-0.012202519399660973,-0.005552502851754853,0.035220044006141,0.0060567856724437295,0.003417318580392449,-0.0014486741843594319,-0.004363577243567127,0.006957409915091145,-0.0017336731838766054,-0.0006248378781776806,-0.0010126600812657874,0.018689129112135706,-0.004018353502430383,-0.007159177436747689,-0.015920866997196713,0.006024367328411311,0.0008872389207637739,-0.004062050685776455,-0.0025269867826493786,-0.003792343603514414,-0.004429795128043623,-0.005390724352397179,0.0060567856724437295,0.03084661072532811,-0.0010777995719106663,0.004851160771518464,-0.0019383759952982418,-0.0056203095715916486,-0.0031563071916967077,0.0029873780927262535,0.001057889294394414,0.013331323822991039,0.000879099633939044,0.0009269651816020757,-0.00918788297342592,0.00015354188285137326,0.002539972652021563,0.00036758903539234675,0.0004106634374551729,-0.004470872660021639,-0.0003224607873482755,-0.00936656237016368,0.003417318580392449,-0.0010777995719106663,0.01904229869407821,-0.000672857102448166,-0.00802332690487749,0.005030062810306955,-0.00466153414079867,0.0011022031126951574,0.009695606398865079,0.002576231240233157,-0.001108870148531366,-0.002511920497974,-0.004576313258011235,0.003930175014453488,0.0031690411927879185,-0.006131756698614051,-0.003382948975052835,0.0018346812075236217,0.0004446352910061533,-0.002407579214716498,-0.0014486741843594319,0.004851160771518464,-0.000672857102448166,0.015250029235627446,0.006726815619896118,-0.0068728578893388235,0.0005563545591011921,-0.0010030045819767878,-0.003102830353511348,0.001800533931945816,0.0009867859194113804,0.006098651865337548,0.025516722045291613,-0.007471372503089449,-0.01655082841344328,-0.001237858173125246,0.00548452289442812,-0.006656434257832813,0.008119315593225176,0.011878951937267214,-0.004363577243567127,-0.0019383759952982418,-0.00802332690487749,0.006726815619896118,0.042814008000786524,0.00965086721568283,-0.0036420968283351956,-0.005889436329172543,-0.012057891204122973,-0.009439075629545518,0.009163027669480043,0.012744949584574242,0.004185114514031735,-0.013083144083057318,-0.02613157329419075,0.023837148812054922,0.010026763986349333,-0.03449953821057795,0.0049347005528323825,0.013041411734663104,0.006957409915091145,-0.0056203095715916486,0.005030062810306955,-0.0068728578893388235,0.00965086721568283,0.06392132928695536,-0.019527494649888552,-0.005545255431863447,-0.00913405581228274,-0.013178306372272526,-0.0029870573062345065,-0.006602584452025365,-0.008957321957048332,0.006403041467840658,0.019476808009630232,-0.011776604919330424,-0.002134051727122296,0.023557430779958435,-0.01099935273420501,-0.00817405903053844,-0.0017336731838766054,-0.0031563071916967077,-0.00466153414079867,0.0005563545591011921,-0.0036420968283351956,-0.019527494649888552,0.04203470307686756,0.0009574508811911091,0.0011017353403051683,0.005303696032156905,-0.007850557331130813,-0.011402541419947992,-0.02237883055823465,-0.0002633920618094606,0.007675201320102758,-0.01757621676322038,-0.004499115259829867,0.00826256496309476,-0.00035241175254445005,-0.01876245861358034,-0.0006248378781776806,0.0029873780927262535,0.0011022031126951574,-0.0010030045819767878,-0.005889436329172543,-0.005545255431863447,0.0009574508811911091,0.03277979623007092,0.010670963977565515,0.01742361448448708,-0.004011550524809902,-0.005444490757277714,-0.023615198799678452,0.010123021692455915,0.016858263961316962,-0.01182432048495247,-0.01908760729726219,0.009495762202656913,-0.015762419274518664,-0.015881817328007003,-0.0010126600812657874,0.001057889294394414,0.009695606398865079,-0.003102830353511348,-0.012057891204122973,-0.00913405581228274,0.0011017353403051683,0.010670963977565515,0.034932039489637356,0.0030047918554312464,0.001183420105702714,-0.014906621189747993,-0.029026205049021814,-0.005859187668245683,0.010314200422437046,-0.01229627574797213,-0.005347398506671866,0.005017756562637081,-0.010424719727352552,-0.018926779813972477,0.018689129112135706,0.013331323822991039,0.002576231240233157,0.001800533931945816,-0.009439075629545518,-0.013178306372272526,0.005303696032156905,0.01742361448448708,0.0030047918554312464,0.05547115888526533
0.15181043203531644,0.008926521817059076,0.02490308329168474,-0.06529271715599652,-0.12312556483525514,0.0632719932432749,-0.0828706163088458,-0.02494440244312191,0.007553206534425344,0.06882446270990086,-0.03908727836502205,-0.08908709036467724,-0.06497684128968856,-0.005445865537363798,0.05571993490910812,0.028378403090012033,0.08964473581289875,-0.032724669285067086,-0.0006257304270618062,0.026514313992431145,0.008926521817059076,0.02091896710957503,0.0013366493158107641,-0.006654136425280828,-0.009679713800335006,0.001495692972203871,-0.0069320097990995455,-0.008945045740908843,-0.0009962989929769993,0.009241087790400006,-0.007388322110790758,-0.012054474545861614,-0.0040438467829610955,0.006169862399011342,0.0022625922730410094,0.01020728355042433,0.010564105779923888,-0.005868487398717942,0.00628898330827565,0.0037413771006889135,0.02490308329168474,0.0013366493158107641,0.04582690546612857,0.009656014797934962,-0.021310094980739276,-0.03303883693508569,-0.007218617859072738,0.0037045902122357453,-0.032441360086540375,0.011331402776387278,-0.020920826844847078,-0.02072948101353633,-0.02002625143245853,0.01683322190217587,0.011784846536796182,0.015689968403452634,0.03607381277718495,0.003553337085640721,0.0024231260885118045,-0.01744389672700062,-0.06529271715599652,-0.006654136425280828,0.009656014797934962,0.09696875516901596,0.05421631870264293,-0.09584445862291865,0.051997778882049595,0.03767752685855108,-0.04909166302533889,-0.03285455793155301,-0.00047180076422862654,0.06312650682782853,0.013979640440667074,0.01460024648868116,-0.023594167264234252,-0.005597721757492751,-0.021181730109569512,0.030322143639786393,0.0038173225480009126,-0.06453089671449042,-0.12312556483525514,-0.009679713800335006,-0.021310094980739276,0.05421631870264293,0.13910986619989105,-0.04592717791030115,0.08213871669486052,0.007173139319155593,0.006378154049463655,-0.07314056115452244,0.035265547686991,0.07053930568058464,0.056139002198886734,0.0051490076387943826,-0.053878706152654096,-0.019632217877895482,-0.07954751554221272,0.02962611306160837,0.002932240072401648,-0.025562633440367813,0.0632719932432749,0.001495692972203871,-0.03303883693508569,-0.09584445862291865,-0.04592717791030115,0.1571575661262995,-0.04117358206862509,-0.0459761437838081,0.07333226708434742,0.027549298199495215,0.01013037719897442,-0.048252072249460536,-0.014214081287151958,-0.04277945945407477,0.017023357436567337,-0.008280251982553093,0.000549587750825753,-0.043592678260771414,-0.007047941191172445,0.08618648494133277,-0.0828706163088458,-0.0069320097990995455,-0.007218617859072738,0.051997778882049595,0.08213871669486052,-0.04117358206862509,0.1098823817094312,-0.01857979746378194,-0.00430527324569522,-0.051680295445391475,0.011218473909986983,0.05786650185967479,0.020684190728876,0.000960688241938259,-0.04072232393332692,-0.023612154076161115,-0.02259577929912167,0.021711763874043104,-0.010884353363554327,-0.03824815821058747,-0.02494440244312191,-0.008945045740908843,0.0037045902122357453,0.03767752685855108,0.007173139319155593,-0.0459761437838081,-0.01857979746378194,0.09395238216215654,-0.03332360876245617,-0.015710439936455465,0.010906241215901981,0.04730610060151928,0.02296875639501418,0.015790905635758835,-0.004983301010789738,-0.002321237267505474,-0.04356238204316323,0.014197255632319035,0.012899182139385543,-0.014966320308446298,0.007553206534425344,-0.0009962989929769993,-0.032441360086540375,-0.04909166302533889,0.006378154049463655,0.07333226708434742,-0.00430527324569522,-0.03332360876245617,0.07826188426455055,-0.003738243596903392,0.01374178782700812,-0.014740843328348184,0.01037362890900356,-0.02660165209200829,-0.004276987377319415,-0.006083734640858431,-0.019382235902784296,-0.012725784327287423,-0.0013794552741094243,0.043828484834286356,0.06882446270990086,0.009241087790400006,0.011331402776387278,-0.03285455793155301,-0.07314056115452244,0.027549298199495215,-0.051680295445391475,-0.015710439936455465,-0.003738243596903392,0.08103420890341788,-0.025956840787479032,-0.06951179498573759,-0.033219198485683624,0.003980049191009987,0.03159936618365995,0.02136277047316978,0.053698832402802016,-0.022319772881649685,0.00012866067252116214,0.025405574463261797,-0.03908727836502205,-0.007388322110790758,-0.020920826844847078,-0.00047180076422862654,0.035265547686991,0.01013037719897442,0.011218473909986983,0.010906241215901981,0.01374178782700812,-0.025956840787479032,0.04614679083165773,0.03319425920383699,0.026781985037021346,-0.012358077777780585,-0.015874609301465902,-0.017821280363597466,-0.042325692278713314,0.005254247839517119,-0.002810814309097882,0.00486105389062833,-0.08908709036467724,-0.012054474545861614,-0.02072948101353633,0.06312650682782853,0.07053930568058464,-0.048252072249460536,0.05786650185967479,0.04730610060151928,-0.014740843328348184,-0.06951179498573759,0.03319425920383699,0.1251355857133897,0.04406462707090061,-0.00047174849282697966,-0.04344702820194808,-0.03148666398106554,-0.07143929417884967,0.028260795128455474,0.007448526461170935,-0.04630023049426059,-0.06497684128968856,-0.0040438467829610955,-0.02002625143245853,0.013979640440667074,0.056139002198886734,-0.014214081287151958,0.020684190728876,0.02296875639501418,0.01037362890900356,-0.033219198485683624,0.026781985037021346,0.04406462707090061,0.06703339001441704,-0.0023243986777034212,-0.03169099295656261,-0.007839003657168418,-0.07881160715742859,0.01008254005875327,0.009873597277904874,0.012132362039336752,-0.005445865537363798,0.006169862399011342,0.01683322190217587,0.01460024648868116,0.0051490076387943826,-0.04277945945407477,0.000960688241938259,0.015790905635758835,-0.02660165209200829,0.003980049191009987,-0.012358077777780585,-0.00047174849282697966,-0.0023243986777034212,0.04156112516223243,-0.0002929576670289127,0.0062729031406772336,0.00793875756831695,0.006515055353012908,-0.0063368196084258675,-0.021991046716667403,0.05571993490910812,0.0022625922730410094,0.011784846536796182,-0.023594167264234252,-0.053878706152654096,0.017023357436567337,-0.04072232393332692,-0.004983301010789738,-0.004276987377319415,0.03159936618365995,-0.015874609301465902,-0.04344702820194808,-0.03169099295656261,-0.0002929576670289127,0.05014427174210401,0.015331976341808481,0.03904868387787613,-0.011231671835652348,-0.010752479128788937,0.01090743329249336,0.028378403090012033,0.01020728355042433,0.015689968403452634,-0.005597721757492751,-0.019632217877895482,-0.008280251982553093,-0.023612154076161115,-0.002321237267505474,-0.006083734640858431,0.02136277047316978,-0.017821280363597466,-0.03148666398106554,-0.007839003657168418,0.0062729031406772336,0.015331976341808481,0.03591713171822082,0.006526132071456333,-0.010354416106963847,0.0012246632973509346,0.007211601966502771,0.08964473581289875,0.010564105779923888,0.03607381277718495,-0.021181730109569512,-0.07954751554221272,0.000549587750825753,-0.02259577929912167,-0.04356238204316323,-0.019382235902784296,0.053698832402802016,-0.042325692278713314,-0.07143929417884967,-0.07881160715742859,0.00793875756831695,0.03904868387787613,0.006526132071456333,0.14211335438873338,0.0026135329273898485,-0.013774973072540688,-0.025079297640099793,-0.032724669285067086,-0.005868487398717942,0.003553337085640721,0.030322143639786393,0.02962611306160837,-0.043592678260771414,0.021711763874043104,0.014197255632319035,-0.012725784327287423,-0.022319772881649685,0.005254247839517119,0.028260795128455474,0.01008254005875327,0.006515055353012908,-0.011231671835652348,-0.010354416106963847,0.0026135329273898485,0.0455240031866624,-0.004163631549803634,-0.03219601979788051,-0.0006257304270618062,0.00628898330827565,0.0024231260885118045,0.0038173225480009126,0.002932240072401648,-0.007047941191172445,-0.010884353363554327,0.012899182139385543,-0.0013794552741094243,0.00012866067252116214,-0.002810814309097882,0.007448526461170935,0.009873597277904874,-0.0063368196084258675,-0.010752479128788937,0.0012246632973509346,-0.013774973072540688,-0.004163631549803634,0.030352824852878272,0.00172779526949049,0.026514313992431145,0.0037413771006889135,-0.01744389672700062,-0.06453089671449042,-0.025562633440367813,0.08618648494133277,-0.03824815821058747,-0.014966320308446298,0.043828484834286356,0.025405574463261797,0.00486105389062833,-0.04630023049426059,0.012132362039336752,-0.021991046716667403,0.01090743329249336,0.007211601966502771,-0.025079297640099793,-0.03219601979788051,0.00172779526949049,0.09031831190166043
