0.030127462387932805,0.001201182368715311,0.0046398257364852905,-0.01200227270895642,0.00258542611164072,0.007973221550710917,0.002280461425602364,0.0054415780483847605,0.0012299001693936147,0.0010990580487353825,0.012657078176672497,-0.0042118835020176024,-0.00044123254610261447,-0.004122447195168504,0.0014220517701116241,-0.006631959950158062,-0.00019328842322854098,-0.000684178795491805,0.001620678163017082,0.0009042616757829205,0.001201182368715311,0.025629742316132215,-0.0013018366220043701,-0.0021074311914684313,0.005592848282577294,-0.00875354738795032,0.00821726925749201,-0.005457119121116834,0.004891849468527547,0.005615541872903255,-0.002339159659614542,-0.005319574271954892,-0.0030919342037550417,0.006107238691380282,0.001121442356401643,0.006274145794028926,-0.008738073172906499,0.00985695932353789,0.0053262824264873115,0.0005602946133663307,0.0046398257364852905,-0.0013018366220043701,0.027612209482827218,-0.009021427873327513,-0.0037552735275722367,0.0009959746134975932,-0.00017662481808386135,0.004316990844182413,0.010249509058377373,-0.0004301861987411694,0.007621566096360482,0.010273628964134758,0.007430873640754954,-0.0006052658714329265,0.005038686721254413,0.0004331891961679913,-0.003379066916024805,-0.0066239143055159206,0.005035742183603265,0.011561016059518557,-0.01200227270895642,-0.0021074311914684313,-0.009021427873327513,0.04024360386524487,0.0076817898021476665,-0.00795029913165617,0.003186461489355584,-0.000996610803755664,-0.006230329489999534,-0.0003541928925806428,-0.010615280498918035,0.00133082548398232,0.0007560738194878436,0.005569234845715071,0.0012056426858829637,0.005684199024747398,0.007333114094918689,0.00526154023061087,-0.0029244247948813583,-0.002918351797419878,0.00258542611164072,0.005592848282577294,-0.0037552735275722367,0.0076817898021476665,0.027886161124331742,4.416783419142128e-5,0.004421900855989787,0.00025982567183759054,-0.0012404807434905202,0.0002424854517641552,-0.009659183119903384,-0.0033841833242253053,0.0007042727268640736,0.010836873128336786,-0.005475891899509727,-0.0007689642536185329,0.0006910029562931489,-0.000363714431737383,-0.004969235998192208,-0.005603951759664268,0.007973221550710917,-0.00875354738795032,0.0009959746134975932,-0.00795029913165617,4.416783419142128e-5,0.029339816114234626,-0.009088634226730362,0.0032065661566838804,-0.006096896552938154,0.0015567846040178313,0.002972047345867774,0.00042380416841571406,-0.0035456023895634185,-0.00425133909208676,0.0015683943670106088,-0.005984791209388508,0.003668171738653526,-0.0032599406166525496,-0.004152909624194833,0.0008997492151334729,0.002280461425602364,0.00821726925749201,-0.00017662481808386135,0.003186461489355584,0.004421900855989787,-0.009088634226730362,0.024592262397429537,-0.00448177840589601,0.009619511510406454,-0.0051268829295043694,0.0003424401151711667,0.0027856141002602372,0.0007898426913888807,-0.00066098701715322,0.003879508722284986,0.005012103892303248,-0.010197504492724191,0.0027353765090094547,0.006797363394387133,0.0011939910673694663,0.0054415780483847605,-0.005457119121116834,0.004316990844182413,-0.000996610803755664,0.00025982567183759054,0.0032065661566838804,-0.00448177840589601,0.017875309298805677,0.0034560868020140486,0.0016753169647838986,0.0018845309699922087,0.0040979520996585455,0.0051914409461383,-0.001807379322863555,-0.0027364647982567906,-0.005767371463763468,0.0025961858457019104,-0.01216216228361739,0.0019032350231224285,-0.0005926959500049338,0.0012299001693936147,0.004891849468527547,0.010249509058377373,-0.006230329489999534,-0.0012404807434905202,-0.006096896552938154,0.009619511510406454,0.0034560868020140486,0.02019640330466038,-0.002101836821275215,0.007404536549798137,0.004999146583393999,0.0037232859735486998,0.0028412429432540243,0.007781063236541421,0.0028435897117635835,-0.004369916337937588,0.004304295631223726,0.009358309065729464,0.005997794272423127,0.0010990580487353825,0.005615541872903255,-0.0004301861987411694,-0.0003541928925806428,0.0002424854517641552,0.0015567846040178313,-0.0051268829295043694,0.0016753169647838986,-0.002101836821275215,0.022434130964954297,0.002089895697429873,0.0007834759957130341,0.004104611501091532,-0.0006247415762426687,-0.0023747924604317476,0.0006617135426524509,0.0033792295106902003,0.0013057733481729617,-0.0016556247192823434,-0.001609237016801805,0.012657078176672497,-0.002339159659614542,0.007621566096360482,-0.010615280498918035,-0.009659183119903384,0.002972047345867774,0.0003424401151711667,0.0018845309699922087,0.007404536549798137,0.002089895697429873,0.029497644987615684,0.00584079526394681,0.01010410921285712,-0.0073239050153009995,0.006669115513764834,-0.010158104328527411,0.002792843927757663,0.0009416891588565281,0.0031501811505611262,0.0006711524413513389,-0.0042118835020176024,-0.005319574271954892,0.010273628964134758,0.00133082548398232,-0.0033841833242253053,0.00042380416841571406,0.0027856141002602372,0.0040979520996585455,0.004999146583393999,0.0007834759957130341,0.00584079526394681,0.03549913537543949,0.019430049122989863,-0.008102650658582414,0.0020216759828400738,0.00493738939644652,0.00480330835590706,-0.01584428072547287,0.0019118103919242993,0.0006141136859318478,-0.00044123254610261447,-0.0030919342037550417,0.007430873640754954,0.0007560738194878436,0.0007042727268640736,-0.0035456023895634185,0.0007898426913888807,0.0051914409461383,0.0037232859735486998,0.004104611501091532,0.01010410921285712,0.019430049122989863,0.03717632713553522,-0.00727718928845162,0.0016425047193618044,0.00480977232349648,0.015924218010179587,-0.013914791563583951,-0.004144644541854137,-0.00535997427156127,-0.004122447195168504,0.006107238691380282,-0.0006052658714329265,0.005569234845715071,0.010836873128336786,-0.00425133909208676,-0.00066098701715322,-0.001807379322863555,0.0028412429432540243,-0.0006247415762426687,-0.0073239050153009995,-0.008102650658582414,-0.00727718928845162,0.025703239907857063,-0.0033578385227815487,-0.004555826221092118,-0.010075632586806202,0.0043087028354105794,-0.00010765281448743566,0.00035894482133122887,0.0014220517701116241,0.001121442356401643,0.005038686721254413,0.0012056426858829637,-0.005475891899509727,0.0015683943670106088,0.003879508722284986,-0.0027364647982567906,0.007781063236541421,-0.0023747924604317476,0.006669115513764834,0.0020216759828400738,0.0016425047193618044,-0.0033578385227815487,0.01877960753853199,0.003059739313588144,-0.0006275968997303129,0.003556793212790979,0.0035625378413929737,0.0054134951203950715,-0.006631959950158062,0.006274145794028926,0.0004331891961679913,0.005684199024747398,-0.0007689642536185329,-0.005984791209388508,0.005012103892303248,-0.005767371463763468,0.0028435897117635835,0.0006617135426524509,-0.010158104328527411,0.00493738939644652,0.00480977232349648,-0.004555826221092118,0.003059739313588144,0.02862247722080762,0.005296499594413218,-0.0015858392787232842,7.367199826707361e-5,0.002244681743059122,-0.00019328842322854098,-0.008738073172906499,-0.003379066916024805,0.007333114094918689,0.0006910029562931489,0.003668171738653526,-0.010197504492724191,0.0025961858457019104,-0.004369916337937588,0.0033792295106902003,0.002792843927757663,0.00480330835590706,0.015924218010179587,-0.010075632586806202,-0.0006275968997303129,0.005296499594413218,0.03794695340800938,-0.005236882681095933,-0.013604403333267713,-0.005582957847451355,-0.000684178795491805,0.00985695932353789,-0.0066239143055159206,0.00526154023061087,-0.000363714431737383,-0.0032599406166525496,0.0027353765090094547,-0.01216216228361739,0.004304295631223726,0.0013057733481729617,0.0009416891588565281,-0.01584428072547287,-0.013914791563583951,0.0043087028354105794,0.003556793212790979,-0.0015858392787232842,-0.005236882681095933,0.03658866941059266,0.001353780518907167,0.004494145887406763,0.001620678163017082,0.0053262824264873115,0.005035742183603265,-0.0029244247948813583,-0.004969235998192208,-0.004152909624194833,0.006797363394387133,0.0019032350231224285,0.009358309065729464,-0.0016556247192823434,0.0031501811505611262,0.0019118103919242993,-0.004144644541854137,-0.00010765281448743566,0.0035625378413929737,7.367199826707361e-5,-0.013604403333267713,0.001353780518907167,0.024416250444320765,0.004083309757195803,0.0009042616757829205,0.0005602946133663307,0.011561016059518557,-0.002918351797419878,-0.005603951759664268,0.0008997492151334729,0.0011939910673694663,-0.0005926959500049338,0.005997794272423127,-0.001609237016801805,0.0006711524413513389,0.0006141136859318478,-0.00535997427156127,0.00035894482133122887,0.0054134951203950715,0.002244681743059122,-0.005582957847451355,0.004494145887406763,0.004083309757195803,0.0209214777751752
0.06874742121332073,-0.020346728097619844,0.032886384296056614,0.06739811870213669,-0.12945266206565043,-0.005267684934187068,-0.0977964734186849,-0.08862582072178433,0.094382496966708,0.017864289712419157,0.021338282543892598,0.021572975172936416,0.07703134186715671,0.011618943096459257,-0.0985203787753793,-0.08690985195169071,0.01181832305611559,0.10714407096812469,0.0016471233093180361,0.039280232172736254,-0.020346728097619844,0.051965525563717266,-0.017453552798517003,-0.04432603696212635,0.049174969207493285,-0.02163993131603343,0.04025790622422741,0.03901747461029561,-0.04320080869524079,0.008520475172910826,0.005578692094882858,-0.014146461635585295,-0.03184314100894408,0.012956386480142038,0.03277830983956495,0.03223792835513914,-0.016891734885534325,-0.05218800490386506,0.015543380881184092,-0.00909457274777407,0.032886384296056614,-0.017453552798517003,0.06394985953529596,0.05645019720817302,-0.10352672090592939,0.005860583456692183,-0.07653130707888675,-0.07977341120481135,0.08377092713263712,-0.006022757041779991,0.008969343851874121,0.01314589032339858,0.06719575024320998,-0.0013973304483305665,-0.08020714075137508,-0.0692481383103225,0.016213873349212385,0.08567465992495697,-0.009894218747947967,0.02667567352607459,0.06739811870213669,-0.04432603696212635,0.05645019720817302,0.12276722931761903,-0.1946561889085751,0.0017109248038951873,-0.1536210914276222,-0.1363927535330621,0.15240822275600366,0.007572599845852012,0.03533177363732634,0.02899896646041482,0.1229880813975601,0.0109640362420536,-0.14852479342612845,-0.12812287822327273,0.02656173168257149,0.16633931983473818,-0.010227988366220169,0.05495683337772783,-0.12945266206565043,0.049174969207493285,-0.10352672090592939,-0.1946561889085751,0.41622142792837646,0.03824605056637302,0.31502912287311735,0.2783536001876217,-0.3087893682281816,-0.0374400733644754,-0.08495786704608611,-0.04559545114226482,-0.261581499190344,-0.04217077897238232,0.3209633191319638,0.27968560528256003,-0.036954980294530274,-0.3188529129240183,-0.0059622012154354215,-0.13157478462773398,-0.005267684934187068,-0.02163993131603343,0.005860583456692183,0.0017109248038951873,0.03824605056637302,0.0684059850657337,0.03709923753791955,0.022741211940845427,-0.02831234780961578,-0.031743273620038766,-0.028054121546547992,0.005629754045231854,-0.03586848198597671,-0.03539182356646432,0.053535554949300825,0.050188325988223745,0.01363495038958094,-0.020885778610036113,-0.027519003914192416,-0.03013486812752636,-0.0977964734186849,0.04025790622422741,-0.07653130707888675,-0.1536210914276222,0.31502912287311735,0.03709923753791955,0.26920367907178533,0.2187352173399305,-0.24556877332720306,-0.037525874602178336,-0.06579111136980516,-0.03379540861695387,-0.20659904757318004,-0.04051416386858322,0.2589369732960254,0.2279484881269297,-0.021323425553481032,-0.2509437041295728,-0.005513900381868758,-0.10494217585951732,-0.08862582072178433,0.03901747461029561,-0.07977341120481135,-0.1363927535330621,0.2783536001876217,0.022741211940845427,0.2187352173399305,0.21229613099540331,-0.2175455715888349,-0.02082669327072177,-0.05113308587706397,-0.0319941172815332,-0.17994166035272274,-0.026457248408168314,0.22324926510112425,0.19122797103134848,-0.028744068589196245,-0.22204492692497324,-0.0024450565114047676,-0.08445158839241777,0.094382496966708,-0.04320080869524079,0.08377092713263712,0.15240822275600366,-0.3087893682281816,-0.02831234780961578,-0.24556877332720306,-0.2175455715888349,0.2707198627519432,0.024448159957601807,0.06387958943454461,0.03233655179360578,0.21081610080911084,0.03167401253120735,-0.2600669070923367,-0.22207176318460903,0.02561569986854807,0.25307449160370615,0.0007538052245188867,0.09835049911839787,0.017864289712419157,0.008520475172910826,-0.006022757041779991,0.007572599845852012,-0.0374400733644754,-0.031743273620038766,-0.037525874602178336,-0.02082669327072177,0.024448159957601807,0.042760250919719585,0.01848239775340446,-0.0008491795359108615,0.027319464889629677,0.02112828846920741,-0.04242081172318787,-0.0425477527698174,-0.010575052000300764,0.02222162152112136,0.01704031269381074,0.024646123097866984,0.021338282543892598,0.005578692094882858,0.008969343851874121,0.03533177363732634,-0.08495786704608611,-0.028054121546547992,-0.06579111136980516,-0.05113308587706397,0.06387958943454461,0.01848239775340446,0.047211091934512464,0.0050205381831517175,0.059075453743734845,0.022713369463291458,-0.0714043244221086,-0.06352016640743732,0.0005322312082059168,0.05635622066308605,0.01120047280777841,0.031292796964299416,0.021572975172936416,-0.014146461635585295,0.01314589032339858,0.02899896646041482,-0.04559545114226482,0.005629754045231854,-0.03379540861695387,-0.0319941172815332,0.03233655179360578,-0.0008491795359108615,0.0050205381831517175,0.02229490155881371,0.02796992364979245,0.002844293308535226,-0.03390313995793591,-0.024956181788491995,0.006728369961215659,0.04159737509325333,-0.0030263280976145354,0.014281819681513755,0.07703134186715671,-0.03184314100894408,0.06719575024320998,0.1229880813975601,-0.261581499190344,-0.03586848198597671,-0.20659904757318004,-0.17994166035272274,0.21081610080911084,0.027319464889629677,0.059075453743734845,0.02796992364979245,0.19350517820923527,0.034783805029926035,-0.2224986459265908,-0.19415972594795372,0.017760998910528306,0.2072451619260886,0.00393114639019391,0.08707918612122997,0.011618943096459257,0.012956386480142038,-0.0013973304483305665,0.0109640362420536,-0.04217077897238232,-0.03539182356646432,-0.04051416386858322,-0.026457248408168314,0.03167401253120735,0.02112828846920741,0.022713369463291458,0.002844293308535226,0.034783805029926035,0.04351624216840899,-0.06166605224560025,-0.04602590613256295,-0.011382958064141972,0.035453153557977846,0.01498987984966102,0.020187529567307422,-0.0985203787753793,0.03277830983956495,-0.08020714075137508,-0.14852479342612845,0.3209633191319638,0.053535554949300825,0.2589369732960254,0.22324926510112425,-0.2600669070923367,-0.04242081172318787,-0.0714043244221086,-0.03390313995793591,-0.2224986459265908,-0.06166605224560025,0.30890480047869684,0.24509008806621158,-0.013159991604842491,-0.26305359570427356,-0.011286949328361632,-0.11076343960325305,-0.08690985195169071,0.03223792835513914,-0.0692481383103225,-0.12812287822327273,0.27968560528256003,0.050188325988223745,0.2279484881269297,0.19122797103134848,-0.22207176318460903,-0.0425477527698174,-0.06352016640743732,-0.024956181788491995,-0.19415972594795372,-0.04602590613256295,0.24509008806621158,0.22403163039290458,-0.014931842211424566,-0.22944846362361757,-0.004558037225898783,-0.09974556753922625,0.01181832305611559,-0.016891734885534325,0.016213873349212385,0.02656173168257149,-0.036954980294530274,0.01363495038958094,-0.021323425553481032,-0.028744068589196245,0.02561569986854807,-0.010575052000300764,0.0005322312082059168,0.006728369961215659,0.017760998910528306,-0.011382958064141972,-0.013159991604842491,-0.014931842211424566,0.03138545172149667,0.03438635980972507,-0.008740006884321083,0.004651322527937565,0.10714407096812469,-0.05218800490386506,0.08567465992495697,0.16633931983473818,-0.3188529129240183,-0.020885778610036113,-0.2509437041295728,-0.22204492692497324,0.25307449160370615,0.02222162152112136,0.05635622066308605,0.04159737509325333,0.2072451619260886,0.035453153557977846,-0.26305359570427356,-0.22944846362361757,0.03438635980972507,0.27959844989347854,-0.004215900866690195,0.09503697360686408,0.0016471233093180361,0.015543380881184092,-0.009894218747947967,-0.010227988366220169,-0.0059622012154354215,-0.027519003914192416,-0.005513900381868758,-0.0024450565114047676,0.0007538052245188867,0.01704031269381074,0.01120047280777841,-0.0030263280976145354,0.00393114639019391,0.01498987984966102,-0.011286949328361632,-0.004558037225898783,-0.008740006884321083,-0.004215900866690195,0.029443915324991358,0.013022478440183657,0.039280232172736254,-0.00909457274777407,0.02667567352607459,0.05495683337772783,-0.13157478462773398,-0.03013486812752636,-0.10494217585951732,-0.08445158839241777,0.09835049911839787,0.024646123097866984,0.031292796964299416,0.014281819681513755,0.08707918612122997,0.020187529567307422,-0.11076343960325305,-0.09974556753922625,0.004651322527937565,0.09503697360686408,0.013022478440183657,0.06437171411444403
0.19934336950722534,-0.08233220117657516,-0.027663556689159187,0.13259433566731738,-0.11004949241764012,0.06700666496579541,0.04594245609226134,-0.1413531381617305,0.039311274964248584,-0.12286533476165065,-0.1990227721015151,-0.11330210497448377,-0.0626811817821613,0.05131076095078788,0.27985539694270734,-0.013185525161282725,0.015085968627598464,0.1544692425064189,-0.03375685452102775,0.030117383221872247,-0.08233220117657516,0.12402054568811326,-0.047622866246664175,-0.07183209032691133,0.0030805773660689327,-0.09950359452059465,-0.09131890277563244,0.014371701325583418,0.021590273857959693,0.03188281768258841,0.15825276431441695,0.07526870112616577,0.09130636123424496,0.011569376524817356,-0.08100831610870655,0.014705326908299586,0.02608925631863986,-0.06135700667465549,0.08258522107162723,-0.0030515658722373644,-0.027663556689159187,-0.047622866246664175,0.13911775388108602,-0.01221708500396116,0.04873749871920173,0.06267405096090226,0.040110922214708626,0.07476041173013906,-0.009182513740866894,0.022376597202037954,-0.04640280979496505,0.009539109406812785,-0.043427915807112694,-0.01953694554851588,-0.0847721220129988,-0.012003148555462018,0.003386039164633911,-0.023198724296474935,-0.06624540996521244,-0.0272559538442609,0.13259433566731738,-0.07183209032691133,-0.01221708500396116,0.20090470096137691,-0.030743964858917387,0.07394174613324717,0.04967063107132067,-0.11698616266053091,-0.019936642247120908,-0.011366584928399183,-0.173280486226559,-0.07464415655121749,-0.06072076605863595,0.0524504152505578,0.20955663047533263,0.004422966814342281,-0.010820518042525727,0.1699197788735337,-0.01215572111451134,-0.039277152453449066,-0.11004949241764012,0.0030805773660689327,0.04873749871920173,-0.030743964858917387,0.44244243930936306,0.04605896046796222,0.1537134261569075,0.1980699482588092,-0.18044863902421582,0.29383288159503407,0.14975400389984078,0.24958371533198181,-0.08250710582257534,-0.022421587906486528,-0.5246511614179852,0.061533459431621196,0.03776459227608149,-0.008662455449774039,0.09750939768541686,-0.2005469889789599,0.06700666496579541,-0.09950359452059465,0.06267405096090226,0.07394174613324717,0.04605896046796222,0.17668328468274347,0.019276612589880046,0.013142295830930092,-0.06802110666727518,0.01788211836818572,-0.1789340686618352,-0.06968179445928313,-0.10205099187045372,-0.02692616943537421,0.031434715273231696,0.009598985839575564,-0.007563158389438251,0.016254880918842984,-0.09081513106962782,-0.02004465574530497,0.04594245609226134,-0.09131890277563244,0.040110922214708626,0.04967063107132067,0.1537134261569075,0.019276612589880046,0.25710669928802937,0.03347349021451553,-0.03127857903867254,0.046273784251157454,-0.02096173443175365,0.056244504067644016,-0.08040724330142039,0.002979740537371906,-0.11075747713256745,-0.005400435852126399,-0.028680873341010913,0.11642162436730624,-0.009147169521741053,-0.08749783341892582,-0.1413531381617305,0.014371701325583418,0.07476041173013906,-0.11698616266053091,0.1980699482588092,0.013142295830930092,0.03347349021451553,0.20487261510241633,-0.06762061664483857,0.14869281050193547,0.13835936001273724,0.15059930995229476,0.006738569912305448,-0.06266042125549046,-0.36963757495171057,0.023858130623848842,0.024812502379519562,-0.12263662959938197,0.004443857291338,-0.07423725089048791,0.039311274964248584,0.021590273857959693,-0.009182513740866894,-0.019936642247120908,-0.18044863902421582,-0.06802110666727518,-0.03127857903867254,-0.06762061664483857,0.12279366947698607,-0.13997285632567408,-0.0007441044086240016,-0.0617164682804463,0.06586793294540887,0.021859460866129284,0.18906951263061494,-0.03526079852667595,-0.00010207955597963888,0.007940126581946668,-0.022088890074903146,0.08337159897918338,-0.12286533476165065,0.03188281768258841,0.022376597202037954,-0.011366584928399183,0.29383288159503407,0.01788211836818572,0.046273784251157454,0.14869281050193547,-0.13997285632567408,0.27729893237278747,0.1510449543424644,0.19740535888536861,-0.007216301841155744,-0.022552905890663402,-0.3878512216036657,0.044823113314744326,0.023672904809017882,-0.021428328323726605,0.10292465701119749,-0.15286647988564744,-0.1990227721015151,0.15825276431441695,-0.04640280979496505,-0.173280486226559,0.14975400389984078,-0.1789340686618352,-0.02096173443175365,0.13835936001273724,-0.0007441044086240016,0.1510449543424644,0.3665939279877689,0.23506070732332363,0.14404391608188996,-0.021528433014158598,-0.36286675272370716,0.019661373052226636,0.0380272941552047,-0.11840216354150382,0.15044629340801652,-0.058413983317438356,-0.11330210497448377,0.07526870112616577,0.009539109406812785,-0.07464415655121749,0.24958371533198181,-0.06968179445928313,0.056244504067644016,0.15059930995229476,-0.0617164682804463,0.19740535888536861,0.23506070732332363,0.2740535089517627,0.045487226430226284,0.006574752586584347,-0.40433625684234165,0.048352173083701544,0.08628684257000815,-0.025062006933857864,0.13494898932765806,-0.1287989049281413,-0.0626811817821613,0.09130636123424496,-0.043427915807112694,-0.06072076605863595,-0.08250710582257534,-0.10205099187045372,-0.08040724330142039,0.006738569912305448,0.06586793294540887,-0.007216301841155744,0.14404391608188996,0.045487226430226284,0.14442366894527559,-0.010057943569795069,0.01782656407178742,-0.007201721342145625,0.010944173298863241,-0.0676763876274854,0.05119210760087177,0.03670706441456549,0.05131076095078788,0.011569376524817356,-0.01953694554851588,0.0524504152505578,-0.022421587906486528,-0.02692616943537421,0.002979740537371906,-0.06266042125549046,0.021859460866129284,-0.022552905890663402,-0.021528433014158598,0.006574752586584347,-0.010057943569795069,0.07223231099725073,0.0675988818269571,0.0018110892735192694,0.01888278606586933,0.08057113455527973,0.03986107263373209,-0.013045771547164343,0.27985539694270734,-0.08100831610870655,-0.0847721220129988,0.20955663047533263,-0.5246511614179852,0.031434715273231696,-0.11075747713256745,-0.36963757495171057,0.18906951263061494,-0.3878512216036657,-0.36286675272370716,-0.40433625684234165,0.01782656407178742,0.0675988818269571,0.8831258094252732,-0.08050665847158364,-0.090914591575601,0.15344622713332245,-0.14219713317085286,0.22887966392953046,-0.013185525161282725,0.014705326908299586,-0.012003148555462018,0.004422966814342281,0.061533459431621196,0.009598985839575564,-0.005400435852126399,0.023858130623848842,-0.03526079852667595,0.044823113314744326,0.019661373052226636,0.048352173083701544,-0.007201721342145625,0.0018110892735192694,-0.08050665847158364,0.03300449763559028,0.025977293004232446,-0.007055728562344507,0.03071751086139418,-0.038825470163659566,0.015085968627598464,0.02608925631863986,0.003386039164633911,-0.010820518042525727,0.03776459227608149,-0.007563158389438251,-0.028680873341010913,0.024812502379519562,-0.00010207955597963888,0.023672904809017882,0.0380272941552047,0.08628684257000815,0.010944173298863241,0.01888278606586933,-0.090914591575601,0.025977293004232446,0.10331095135371761,0.012467048645144422,0.05335497431704202,-0.026006520956671147,0.1544692425064189,-0.06135700667465549,-0.023198724296474935,0.1699197788735337,-0.008662455449774039,0.016254880918842984,0.11642162436730624,-0.12263662959938197,0.007940126581946668,-0.021428328323726605,-0.11840216354150382,-0.025062006933857864,-0.0676763876274854,0.08057113455527973,0.15344622713332245,-0.007055728562344507,0.012467048645144422,0.23094715606525287,0.039890353838259916,-0.04956768479802266,-0.03375685452102775,0.08258522107162723,-0.06624540996521244,-0.01215572111451134,0.09750939768541686,-0.09081513106962782,-0.009147169521741053,0.004443857291338,-0.022088890074903146,0.10292465701119749,0.15044629340801652,0.13494898932765806,0.05119210760087177,0.03986107263373209,-0.14219713317085286,0.03071751086139418,0.05335497431704202,0.039890353838259916,0.16224781406132313,-0.05551259347427574,0.030117383221872247,-0.0030515658722373644,-0.0272559538442609,-0.039277152453449066,-0.2005469889789599,-0.02004465574530497,-0.08749783341892582,-0.07423725089048791,0.08337159897918338,-0.15286647988564744,-0.058413983317438356,-0.1287989049281413,0.03670706441456549,-0.013045771547164343,0.22887966392953046,-0.038825470163659566,-0.026006520956671147,-0.04956768479802266,-0.05551259347427574,0.14109939967942042
