0.01255660239644556,-0.0024678793364347404,-0.0016166762761978763,-0.0018685044818454095,0.005151284383354479,0.004792727401671444,0.002583411343917196,0.0008488666653667131,0.0008491951476261767,-0.0011995033856457417,-0.0021229327957819357,0.002182400522676306,-0.0005298580020947363,-0.0010732093073501782,0.0003591611566049822,0.0003043374653907228,0.002346054769456068,0.002691228157065799,0.000225177111429553,-0.001100187336105942,-0.0024678793364347404,0.01667435833793043,-0.00015282390208570476,-0.0047473582327978775,0.0002898726397189765,-0.00475183692883563,-0.0013065581248268704,-0.0016325847310971137,0.002088404373866041,0.0003087987801303917,0.00082005447246584,-0.002244420540712227,0.0014966942638180252,0.004589406747434423,0.0008707716664971717,0.0003335579540074592,-0.0022323478099488285,0.002152028524875552,0.0028152405642286036,-0.0024450794566366818,-0.0016166762761978763,-0.00015282390208570476,0.01423632275939657,-0.0025566697447811405,-8.193296045005415e-5,-0.0013630333633513811,-0.0005423658642635168,0.0010982485655292385,0.0022789526409896527,-0.0019772676963641924,-0.0006355123448969798,0.00030735493153462415,0.002627049011927091,-0.00026188961629064223,0.00029563501472710206,-0.0017340072599232557,-0.0007072177461506653,-0.0016545224659661457,0.0025531124740947146,0.0018937871191130311,-0.0018685044818454095,-0.0047473582327978775,-0.0025566697447811405,0.016523779435932286,0.0002848826218645194,0.00164099719026872,-0.0005857197173310034,-0.00032083207275482035,-0.0016854424308489697,-0.00042043673214816615,0.0006117216169619594,0.002509445246752665,0.0018031557027836953,0.00023241639712959922,0.0032667025338827885,-1.662276566414465e-6,0.004519105509164338,0.007319822525327318,-0.0040957898549720245,-0.0009101423405879737,0.005151284383354479,0.0002898726397189765,-8.193296045005415e-5,0.0002848826218645194,0.015968620293840195,0.002755231488050707,0.0013133459819312074,0.0010742161186593517,6.153095486403051e-5,0.0011519765164290947,-0.0017537042600739704,0.0005963832419655154,-0.004355443886111228,0.0038951238268433433,-0.0022578529071627437,-0.0009248049251808221,-0.0032435881995131477,-0.0008537927697406162,-0.0005058737739578983,0.0013326756946137107,0.004792727401671444,-0.00475183692883563,-0.0013630333633513811,0.00164099719026872,0.002755231488050707,0.02022915282679718,-0.0028767426847909304,0.0031008507999544513,-0.002805003046463664,0.0013433832082974603,-0.0019457886480875705,0.0008139289277660705,-0.0011267073855487305,-0.0016767611245009882,0.002504668460528922,0.0009584077631582831,0.0012083057965060983,-0.00034813671712263805,-0.004637858617759528,-3.814881465605877e-5,0.002583411343917196,-0.0013065581248268704,-0.0005423658642635168,-0.0005857197173310034,0.0013133459819312074,-0.0028767426847909304,0.013262747726954507,-0.0027542850805975464,0.003702662189405329,-0.0026983142931302903,0.00016249875510777558,-0.0005458979488878429,0.0014666453627051818,-0.002703299547050028,-0.0007351353787306046,0.0012496438413350458,0.001688852180010962,-0.0002083127594957257,0.00011133396348027233,-0.00089758277498545,0.0008488666653667131,-0.0016325847310971137,0.0010982485655292385,-0.00032083207275482035,0.0010742161186593517,0.0031008507999544513,-0.0027542850805975464,0.00993510386032024,0.0026768860785279644,0.0020170175368222592,-0.0018679425014177372,-1.0610436740263097e-5,0.003054515568409874,-0.0017502015897542613,-0.0007641283930886807,0.0006965787027513802,-0.0009724322795492404,-0.002368011532186267,-0.0007899098382808754,0.0004032631242430884,0.0008491951476261767,0.002088404373866041,0.0022789526409896527,-0.0016854424308489697,6.153095486403051e-5,-0.002805003046463664,0.003702662189405329,0.0026768860785279644,0.010465677565044974,-0.00282813722771763,0.0030618343431876175,0.0013193937126770533,0.0017718243873338067,0.0013441405214651109,0.002822657919379009,0.001270200403962544,0.001628913700089233,0.002425140368421813,0.005626250174354528,0.0006352389503401247,-0.0011995033856457417,0.0003087987801303917,-0.0019772676963641924,-0.00042043673214816615,0.0011519765164290947,0.0013433832082974603,-0.0026983142931302903,0.0020170175368222592,-0.00282813722771763,0.016887129368120708,-0.001506773853676223,-0.0002364473583933839,0.00045509069125079793,-9.874450664732943e-5,-0.002231019078168093,-0.0025387581508908054,-0.004222145371572431,-0.0008723889900254819,0.0006684442013623229,-0.0017211003862510933,-0.0021229327957819357,0.00082005447246584,-0.0006355123448969798,0.0006117216169619594,-0.0017537042600739704,-0.0019457886480875705,0.00016249875510777558,-0.0018679425014177372,0.0030618343431876175,-0.001506773853676223,0.012805643739952447,0.0025677111295317996,0.0060149271001049,0.0011535566029237483,0.0023941384123170838,-0.002712005668191266,0.0005830541279680356,0.0017096747030223333,0.00011946337473237866,-0.002968171559632087,0.002182400522676306,-0.002244420540712227,0.00030735493153462415,0.002509445246752665,0.0005963832419655154,0.0008139289277660705,-0.0005458979488878429,-1.0610436740263097e-5,0.0013193937126770533,-0.0002364473583933839,0.0025677111295317996,0.014568373929603924,0.004419286599615087,0.001350142699166616,0.0006761165912631768,0.0004997379625747919,0.002196707578323742,0.001412483921247779,-0.0007007716859598809,0.0038439493491191903,-0.0005298580020947363,0.0014966942638180252,0.002627049011927091,0.0018031557027836953,-0.004355443886111228,-0.0011267073855487305,0.0014666453627051818,0.003054515568409874,0.0017718243873338067,0.00045509069125079793,0.0060149271001049,0.004419286599615087,0.01507598487266049,-0.0020060499230460105,0.002538972169526148,0.0009430776506797468,0.0025182821097522595,-0.002859272683939579,0.0009988969597795523,-0.001172126323710545,-0.0010732093073501782,0.004589406747434423,-0.00026188961629064223,0.00023241639712959922,0.0038951238268433433,-0.0016767611245009882,-0.002703299547050028,-0.0017502015897542613,0.0013441405214651109,-9.874450664732943e-5,0.0011535566029237483,0.001350142699166616,-0.0020060499230460105,0.016830278387266126,-0.003893918554589132,-0.0037188427667287126,-0.007738265312273864,0.0026601934209050638,-0.0006369954843180128,-0.0014267237421846145,0.0003591611566049822,0.0008707716664971717,0.00029563501472710206,0.0032667025338827885,-0.0022578529071627437,0.002504668460528922,-0.0007351353787306046,-0.0007641283930886807,0.002822657919379009,-0.002231019078168093,0.0023941384123170838,0.0006761165912631768,0.002538972169526148,-0.003893918554589132,0.01433291895851745,-0.00038600085935757236,0.003593085646013765,0.0023127801638310377,-0.001164115849582364,0.00025708578081278964,0.0003043374653907228,0.0003335579540074592,-0.0017340072599232557,-1.662276566414465e-6,-0.0009248049251808221,0.0009584077631582831,0.0012496438413350458,0.0006965787027513802,0.001270200403962544,-0.0025387581508908054,-0.002712005668191266,0.0004997379625747919,0.0009430776506797468,-0.0037188427667287126,-0.00038600085935757236,0.010669582187650625,0.002459864380092682,-0.004732808407384207,0.005621903819116553,-0.0019181075250933298,0.002346054769456068,-0.0022323478099488285,-0.0007072177461506653,0.004519105509164338,-0.0032435881995131477,0.0012083057965060983,0.001688852180010962,-0.0009724322795492404,0.001628913700089233,-0.004222145371572431,0.0005830541279680356,0.002196707578323742,0.0025182821097522595,-0.007738265312273864,0.003593085646013765,0.002459864380092682,0.020628657713322163,0.0013944563510462377,-0.002315318836911195,0.0028894925833769674,0.002691228157065799,0.002152028524875552,-0.0016545224659661457,0.007319822525327318,-0.0008537927697406162,-0.00034813671712263805,-0.0002083127594957257,-0.002368011532186267,0.002425140368421813,-0.0008723889900254819,0.0017096747030223333,0.001412483921247779,-0.002859272683939579,0.0026601934209050638,0.0023127801638310377,-0.004732808407384207,0.0013944563510462377,0.016148772280165955,0.0015915514707249387,0.000247419875320894,0.000225177111429553,0.0028152405642286036,0.0025531124740947146,-0.0040957898549720245,-0.0005058737739578983,-0.004637858617759528,0.00011133396348027233,-0.0007899098382808754,0.005626250174354528,0.0006684442013623229,0.00011946337473237866,-0.0007007716859598809,0.0009988969597795523,-0.0006369954843180128,-0.001164115849582364,0.005621903819116553,-0.002315318836911195,0.0015915514707249387,0.018515147509750623,0.0019354793779453635,-0.001100187336105942,-0.0024450794566366818,0.0018937871191130311,-0.0009101423405879737,0.0013326756946137107,-3.814881465605877e-5,-0.00089758277498545,0.0004032631242430884,0.0006352389503401247,-0.0017211003862510933,-0.002968171559632087,0.0038439493491191903,-0.001172126323710545,-0.0014267237421846145,0.00025708578081278964,-0.0019181075250933298,0.0028894925833769674,0.000247419875320894,0.0019354793779453635,0.011095126869076674
