0.03426189836026685,0.0007566062272254604,0.007346177197584555,-0.002663910435954585,0.03787470179083509,-0.01906628516639583,0.0040757573229201005,-0.0046272543717169575,0.004560233340151917,0.037753780234339854,-0.010248954728840905,-0.0183856831661747,-0.008840532087430786,0.02689927860655377,-0.007186880945618549,-0.0348264229204495,-0.019725453786233502,-0.007062912996725802,0.04522562922385995,0.0008837387999516767,0.0007566062272254604,0.01971372977264408,0.0031583620494122855,-0.002275157287611789,0.009877122162607308,-0.006807815520118963,0.0035331934273735346,0.004741448551836478,-0.006035100735727201,0.012818657340947202,-0.0012094411860862461,-0.007855956605126882,-0.0010676776678208784,0.012748666984316653,-0.02370519814847531,-0.003824529058574025,-0.00282492842852574,-0.006364534428441203,0.016300936066601983,-0.00776014947751881,0.007346177197584555,0.0031583620494122855,0.026639982163316873,0.01312478852784372,0.022360755396800477,-0.006632001380494228,-0.006356348153857146,0.005853307431679437,0.005072196838722525,0.02316779198833487,-0.006929917096845348,0.003991226619035071,-0.002753608747677591,0.012255012564009703,-0.0007666069661925951,-0.015540618136402253,-0.012204805215717068,-0.007740573886296428,0.027385986652752946,-0.006738527869229231,-0.002663910435954585,-0.002275157287611789,0.01312478852784372,0.04507467977245047,0.03124224120994162,-0.014434879957366639,-0.027865075534969166,0.003576623477157834,0.027066682088017147,0.015244661942361355,-0.014013265017745635,0.01036835032459281,0.005040797034941374,0.007546077766910192,0.02078394805640102,-0.025985464252816007,-0.006741545122845022,-0.0046377938607055184,0.021160911626901365,-0.0137485928955758,0.03787470179083509,0.009877122162607308,0.022360755396800477,0.03124224120994162,0.19528489143039113,-0.10647623130438483,-0.04318763058926779,-0.013813966340893274,0.04943569225202625,0.1293914554280644,-0.03792249390371826,-0.07627790810846614,-0.009478879715049217,0.09877400197622928,-0.06946181066577213,-0.13825902372556165,-0.04850674567731088,-0.017196812690634257,0.17430277730113097,-0.0435157156542529,-0.01906628516639583,-0.006807815520118963,-0.006632001380494228,-0.014434879957366639,-0.10647623130438483,0.1045474541787596,0.024153074161462368,0.020189302120205435,-0.031847524536397165,-0.08073191243194865,0.03403596845321326,0.04834093363403534,0.008760212372258838,-0.0630278856472358,0.041268500069823626,0.10619136464500092,0.03786599490076112,0.02099182731726297,-0.11502630432685623,0.03555815899668923,0.0040757573229201005,0.0035331934273735346,-0.006356348153857146,-0.027865075534969166,-0.04318763058926779,0.024153074161462368,0.048839400497741464,0.00759147199624266,-0.03314918739913694,-0.018249341510316604,0.017647283000211574,0.0030880696341702213,-0.009515906600392377,-0.01057102561836652,-0.0024332758792104977,0.03232211620557331,0.001424746348096007,-0.002191440348436242,-0.023797616543845185,0.015729053990353056,-0.0046272543717169575,0.004741448551836478,0.005853307431679437,0.003576623477157834,-0.013813966340893274,0.020189302120205435,0.00759147199624266,0.02656923318326207,-0.005933289742778933,-0.0062113729336879114,0.002372202813199042,0.009812865333034135,0.000734494947539948,-0.0022557323619415686,-0.0054882120277002094,0.02489995935568033,0.005965744684490677,-0.007293119439770733,-0.014172405383083798,0.002808327070172963,0.004560233340151917,-0.006035100735727201,0.005072196838722525,0.027066682088017147,0.04943569225202625,-0.031847524536397165,-0.03314918739913694,-0.005933289742778933,0.04604743148824823,0.015198759016390107,-0.01688801417648608,-0.01283734651678528,0.004372234726016229,0.016304138606069385,0.010703864381735255,-0.05129547174341595,-0.0025303997284282986,0.0023184749894605582,0.03378482574388496,-0.016377319867793644,0.037753780234339854,0.012818657340947202,0.02316779198833487,0.015244661942361355,0.1293914554280644,-0.08073191243194865,-0.018249341510316604,-0.0062113729336879114,0.015198759016390107,0.13275136564940393,-0.027206920938457946,-0.05252673872708961,-0.017916309514134608,0.08138098900405531,-0.057531598572513706,-0.10094224195374195,-0.05237953711837677,-0.02675695976924124,0.14565018141617436,-0.0319913917889219,-0.010248954728840905,-0.0012094411860862461,-0.006929917096845348,-0.014013265017745635,-0.03792249390371826,0.03403596845321326,0.017647283000211574,0.002372202813199042,-0.01688801417648608,-0.027206920938457946,0.039575962747215386,0.0066569468752468355,-0.0003079195724941539,-0.013065190750093904,0.0043567610442746835,0.04540088014696971,0.01113603427885319,0.0170214062834825,-0.04318724573990422,0.016704904070162646,-0.0183856831661747,-0.007855956605126882,0.003991226619035071,0.01036835032459281,-0.07627790810846614,0.04834093363403534,0.0030880696341702213,0.009812865333034135,-0.01283734651678528,-0.05252673872708961,0.0066569468752468355,0.06524516052542875,0.006151474264351984,-0.049544254528071055,0.05058167059961019,0.054657454871438735,0.018656921216484663,0.0067622452303469595,-0.07401992091710693,0.014084396852817116,-0.008840532087430786,-0.0010676776678208784,-0.002753608747677591,0.005040797034941374,-0.009478879715049217,0.008760212372258838,-0.009515906600392377,0.000734494947539948,0.004372234726016229,-0.017916309514134608,-0.0003079195724941539,0.006151474264351984,0.025758526847930938,-0.011644184061527865,0.0044986291642391905,0.012763746261458524,0.009857163469878246,0.008318632864533397,-0.02390380395611139,-0.005279443678935267,0.02689927860655377,0.012748666984316653,0.012255012564009703,0.007546077766910192,0.09877400197622928,-0.0630278856472358,-0.01057102561836652,-0.0022557323619415686,0.016304138606069385,0.08138098900405531,-0.013065190750093904,-0.049544254528071055,-0.011644184061527865,0.08065513754694943,-0.05188482150204898,-0.07346871167921226,-0.03151217726781649,-0.016553548594428404,0.10400387654777732,-0.021083013660209718,-0.007186880945618549,-0.02370519814847531,-0.0007666069661925951,0.02078394805640102,-0.06946181066577213,0.041268500069823626,-0.0024332758792104977,-0.0054882120277002094,0.010703864381735255,-0.057531598572513706,0.0043567610442746835,0.05058167059961019,0.0044986291642391905,-0.05188482150204898,0.1231342952201766,0.027633805213717288,0.011947751852259271,0.018117885793407167,-0.06786510160682523,0.02384194420703513,-0.0348264229204495,-0.003824529058574025,-0.015540618136402253,-0.025985464252816007,-0.13825902372556165,0.10619136464500092,0.03232211620557331,0.02489995935568033,-0.05129547174341595,-0.10094224195374195,0.04540088014696971,0.054657454871438735,0.012763746261458524,-0.07346871167921226,0.027633805213717288,0.15197992716436454,0.05055899577243811,0.02611329936824456,-0.14617402433686202,0.03559601912794086,-0.019725453786233502,-0.00282492842852574,-0.012204805215717068,-0.006741545122845022,-0.04850674567731088,0.03786599490076112,0.001424746348096007,0.005965744684490677,-0.0025303997284282986,-0.05237953711837677,0.01113603427885319,0.018656921216484663,0.009857163469878246,-0.03151217726781649,0.011947751852259271,0.05055899577243811,0.04555262143660489,0.012383947722336811,-0.06416492947511485,0.014621217210267285,-0.007062912996725802,-0.006364534428441203,-0.007740573886296428,-0.0046377938607055184,-0.017196812690634257,0.02099182731726297,-0.002191440348436242,-0.007293119439770733,0.0023184749894605582,-0.02675695976924124,0.0170214062834825,0.0067622452303469595,0.008318632864533397,-0.016553548594428404,0.018117885793407167,0.02611329936824456,0.012383947722336811,0.04265240541074548,-0.032361874262461635,0.006272190843264605,0.04522562922385995,0.016300936066601983,0.027385986652752946,0.021160911626901365,0.17430277730113097,-0.11502630432685623,-0.023797616543845185,-0.014172405383083798,0.03378482574388496,0.14565018141617436,-0.04318724573990422,-0.07401992091710693,-0.02390380395611139,0.10400387654777732,-0.06786510160682523,-0.14617402433686202,-0.06416492947511485,-0.032361874262461635,0.2053111703239494,-0.04228959930199462,0.0008837387999516767,-0.00776014947751881,-0.006738527869229231,-0.0137485928955758,-0.0435157156542529,0.03555815899668923,0.015729053990353056,0.002808327070172963,-0.016377319867793644,-0.0319913917889219,0.016704904070162646,0.014084396852817116,-0.005279443678935267,-0.021083013660209718,0.02384194420703513,0.03559601912794086,0.014621217210267285,0.006272190843264605,-0.04228959930199462,0.03179215184344921
0.02720856206177193,-0.007563526586626936,0.004843941987474237,-0.00021236444710564053,-0.004866881023658727,-0.020052342372032544,0.0069966181170353844,0.00788475035018478,0.005796257189586755,0.0018405840902654203,0.0031906317449319787,0.006593759150358392,-0.006428592288089181,0.01778191813032382,-0.03016212526206187,-0.0013714524463282565,-0.013379944675922956,-0.010117821868361966,-0.0007174277096814465,-0.0013655486414506316,-0.007563526586626936,0.033038163200037364,-0.018866084289244495,-0.008963975581777127,0.011256611858265703,0.011752321600241492,-0.0011382138963470824,-0.003467374008728075,-0.006448285872167933,0.007763589295373088,0.005610871149624221,-0.0023304270967709675,0.010946760752272161,-0.01378954960529823,0.032757454601289135,0.002283486899599587,0.011080347885568418,0.013816192854942354,0.010638508867111537,-5.86253834906094e-5,0.004843941987474237,-0.018866084289244495,0.061178902909756805,0.005959596795933861,-0.020085715952422804,-0.012301370476821217,0.0006053852025720268,0.004781978665458857,-0.005400114185572671,-0.013307760991166059,-0.01791609742197234,-0.01858552899440207,-0.018642075325721943,0.0002774591786324431,-0.03459418183683549,0.012965882305843883,-0.015529141856445309,-0.017298521731479395,-0.01297579798909353,-0.0017887392936478926,-0.00021236444710564053,-0.008963975581777127,0.005959596795933861,0.03944228287181693,-0.011858808408941253,0.0006989330571711953,-0.0008405128861072699,0.004755218372574652,0.003226037152240767,-0.0016440099843024261,0.008936828272763667,0.01101766403666158,-0.00682974811373988,-0.005102379714653753,-0.006100549123723473,0.015735794985489097,0.0017599822640335583,-0.004025076300709517,0.0015391090468557759,-0.0017210568715039533,-0.004866881023658727,0.011256611858265703,-0.020085715952422804,-0.011858808408941253,0.1336927507998717,-0.03616528012491217,-0.025773937906056418,-0.019468037969159167,0.022542948141727165,0.0692562958537434,-0.01871441649137538,-0.04277311206331948,0.0242242238494155,0.021512981895587986,-0.011290899765642792,-0.09008037891788628,-0.009822829417436193,0.028485650256990507,0.08388487383415484,-0.009708630663794404,-0.020052342372032544,0.011752321600241492,-0.012301370476821217,0.0006989330571711953,-0.03616528012491217,0.07053359226027793,0.0013697404059533236,0.0016376906618752007,-0.006669600087042607,-0.03331534782958505,0.04566274402997283,0.016153669166030483,0.0074533261213653515,-0.03915858679463209,0.048889682263153864,0.05062590401020085,0.028662826527607613,0.01606665764679377,-0.05332588041739003,0.022261893167982397,0.0069966181170353844,-0.0011382138963470824,0.0006053852025720268,-0.0008405128861072699,-0.025773937906056418,0.0013697404059533236,0.035517807854155946,0.0118383393994364,-0.015514700339016491,-0.004890510875621649,0.003963303654602029,0.011836645187976636,-0.02091449183162398,0.010212252704400404,-0.02176929535395186,0.023716984435655,0.005178361620241,-0.0072146675135205595,-0.004488300798716846,-0.014909054728349972,0.00788475035018478,-0.003467374008728075,0.004781978665458857,0.004755218372574652,-0.019468037969159167,0.0016376906618752007,0.0118383393994364,0.023888090064079118,0.006755707935126441,-0.002728600540136749,0.015480241784847498,0.01293397012364909,-0.014487869843391593,-0.00045246447922536335,-0.023649682837833315,0.028125762263407433,0.0012180317701753866,-0.00026684629522753523,-0.016488773455933376,-0.005261607149742764,0.005796257189586755,-0.006448285872167933,-0.005400114185572671,0.003226037152240767,0.022542948141727165,-0.006669600087042607,-0.015514700339016491,0.006755707935126441,0.03341128510088963,0.007977868249129598,0.017737479118803988,-0.0028315570066931948,0.003630651262773398,-0.0037555760588085687,-0.005660064498706046,-0.01416805998146471,-0.0015963872650050577,0.01549717080300093,-0.0017069161669115121,0.0065864406699069865,0.0018405840902654203,0.007763589295373088,-0.013307760991166059,-0.0016440099843024261,0.0692562958537434,-0.03331534782958505,-0.004890510875621649,-0.002728600540136749,0.007977868249129598,0.07077173524452925,-0.022485801160053467,-0.017717406576350667,-0.0013994650407809246,0.02677288499667778,-0.032210193708406734,-0.0546767316899754,-0.00564724862776384,0.002576907255348388,0.0733333358529979,-0.024180745427897013,0.0031906317449319787,0.005610871149624221,-0.01791609742197234,0.008936828272763667,-0.01871441649137538,0.04566274402997283,0.003963303654602029,0.015480241784847498,0.017737479118803988,-0.022485801160053467,0.10835516406531265,0.02745948762822318,0.0015406514104809726,-0.0357273649039848,0.013297252223529935,0.06438757602659806,0.025391917426243863,0.02890181997417069,-0.06226776892535118,0.034433584656761995,0.006593759150358392,-0.0023304270967709675,-0.01858552899440207,0.01101766403666158,-0.04277311206331948,0.016153669166030483,0.011836645187976636,0.01293397012364909,-0.0028315570066931948,-0.017717406576350667,0.02745948762822318,0.05087599968078371,-0.014047576111553736,-0.002263491413634502,0.00575830271743015,0.040434405119257076,0.012127318226391648,-0.00520579630507731,-0.03056754949307883,-0.002471069004464236,-0.006428592288089181,0.010946760752272161,-0.018642075325721943,-0.00682974811373988,0.0242242238494155,0.0074533261213653515,-0.02091449183162398,-0.014487869843391593,0.003630651262773398,-0.0013994650407809246,0.0015406514104809726,-0.014047576111553736,0.04424851924666387,-0.008053749706658175,0.03563166280442306,-0.02190966698484217,0.0003430841283979739,0.01629992664144743,-0.0004967238021382227,0.018798949370939042,0.01778191813032382,-0.01378954960529823,0.0002774591786324431,-0.005102379714653753,0.021512981895587986,-0.03915858679463209,0.010212252704400404,-0.00045246447922536335,-0.0037555760588085687,0.02677288499667778,-0.0357273649039848,-0.002263491413634502,-0.008053749706658175,0.07179433816808922,-0.06986355886119691,-0.04412710877449494,-0.022825883005176874,-0.03009801269673796,0.04465284940314077,-0.03306702772285995,-0.03016212526206187,0.032757454601289135,-0.03459418183683549,-0.006100549123723473,-0.011290899765642792,0.048889682263153864,-0.02176929535395186,-0.023649682837833315,-0.005660064498706046,-0.032210193708406734,0.013297252223529935,0.00575830271743015,0.03563166280442306,-0.06986355886119691,0.15894632037276976,0.009944203924735618,0.029537133607475202,0.03708513585130552,-0.028023730675195827,0.04861487434654573,-0.0013714524463282565,0.002283486899599587,0.012965882305843883,0.015735794985489097,-0.09008037891788628,0.05062590401020085,0.023716984435655,0.028125762263407433,-0.01416805998146471,-0.0546767316899754,0.06438757602659806,0.040434405119257076,-0.02190966698484217,-0.04412710877449494,0.009944203924735618,0.12263882822101135,0.026816276514094246,0.0070457199594427845,-0.09075251869476472,0.007858915848325106,-0.013379944675922956,0.011080347885568418,-0.015529141856445309,0.0017599822640335583,-0.009822829417436193,0.028662826527607613,0.005178361620241,0.0012180317701753866,-0.0015963872650050577,-0.00564724862776384,0.025391917426243863,0.012127318226391648,0.0003430841283979739,-0.022825883005176874,0.029537133607475202,0.026816276514094246,0.028334669279261548,0.016693565754174564,-0.0163700365610882,0.007776323866159585,-0.010117821868361966,0.013816192854942354,-0.017298521731479395,-0.004025076300709517,0.028485650256990507,0.01606665764679377,-0.0072146675135205595,-0.00026684629522753523,0.01549717080300093,0.002576907255348388,0.02890181997417069,-0.00520579630507731,0.01629992664144743,-0.03009801269673796,0.03708513585130552,0.0070457199594427845,0.016693565754174564,0.049642585206825275,-0.013852275198681869,0.012620829041134329,-0.0007174277096814465,0.010638508867111537,-0.01297579798909353,0.0015391090468557759,0.08388487383415484,-0.05332588041739003,-0.004488300798716846,-0.016488773455933376,-0.0017069161669115121,0.0733333358529979,-0.06226776892535118,-0.03056754949307883,-0.0004967238021382227,0.04465284940314077,-0.028023730675195827,-0.09075251869476472,-0.0163700365610882,-0.013852275198681869,0.1301378082673212,-0.034152090941821714,-0.0013655486414506316,-5.86253834906094e-5,-0.0017887392936478926,-0.0017210568715039533,-0.009708630663794404,0.022261893167982397,-0.014909054728349972,-0.005261607149742764,0.0065864406699069865,-0.024180745427897013,0.034433584656761995,-0.002471069004464236,0.018798949370939042,-0.03306702772285995,0.04861487434654573,0.007858915848325106,0.007776323866159585,0.012620829041134329,-0.034152090941821714,0.0542128373625936
0.02465805641730169,-0.0014418308993575126,0.01013755012361444,-0.007932580506231317,0.002290887145514298,0.005734272787253392,0.00437173839772156,-0.00750304767291465,-0.0024359493406924757,0.000693836954375003,-0.0055657341522525085,-0.004963609315826603,-0.0034428236643747057,0.009643049540086279,0.0026380554600797254,0.005519601528963398,-0.006941130028622197,-0.003383515234771598,-0.0006064670434071089,-0.0005410317223829245,-0.0014418308993575126,0.02728932321196351,-0.0006155019620770086,-0.0030999036088462805,0.0021930836616393286,-0.008260656696849358,0.0022463930182228206,-0.0005782735333641661,-0.0008378428296033757,0.0004635719919831796,-0.0034098523924427776,0.0028204591632680354,-0.005714626303920507,0.002041505268201122,0.006261660389281255,0.0018203836860100965,-0.0016961460163442475,-0.007587349551371007,-0.015586959473898673,0.005025992236357663,0.01013755012361444,-0.0006155019620770086,0.04758519793705832,0.023726892465665776,-0.015901133714777492,0.02288097175093391,-0.01225485928330041,-0.010595069657681613,-0.015967657371914083,-0.005109971264966318,0.0007357284564201583,0.005253745448891978,-0.004162143732786339,0.009825764181285388,-0.01082570072056592,-0.013586979694214601,-0.012823661060724873,-0.027507495970521267,-0.0021464982626442338,0.010554489134590948,-0.007932580506231317,-0.0030999036088462805,0.023726892465665776,0.06624628802739274,-0.03689266635473424,0.025570043286596334,-0.002279614369189796,-0.013991315827843718,-0.014925716459245474,-0.007595239980460865,-0.0003100448899675996,0.009695040660420543,0.008237744284183657,0.01244151565684087,-0.013792489701214805,-0.02517270462686639,-0.011020064715690397,-0.003010673608107379,7.602066063065998e-5,-0.005752652941559571,0.002290887145514298,0.0021930836616393286,-0.015901133714777492,-0.03689266635473424,0.044115046036833916,-0.01622359998112195,0.003079865042814676,0.004838251103117305,0.005116750267832652,0.009196239907763198,-0.005186065157168799,-0.00983884706542909,-0.0036172134554435854,-0.008572880397162091,0.011896386232587385,0.01752762122761151,0.007509101672896073,0.006859925739525896,0.006358040191355934,0.00619869286171048,0.005734272787253392,-0.008260656696849358,0.02288097175093391,0.025570043286596334,-0.01622359998112195,0.04471170124048681,-0.011258933924900814,-0.0015584740714051954,-0.014897471970539845,-0.004646990062299811,0.002289180311403492,-0.0009586484823483008,0.004391023253936678,0.005365102702755862,-0.006966992008808227,-0.019848023963873813,-0.01059247415966452,-0.012953815195220566,0.0061584989379733866,0.004191487381078384,0.00437173839772156,0.0022463930182228206,-0.01225485928330041,-0.002279614369189796,0.003079865042814676,-0.011258933924900814,0.03123441239813859,-0.009543923601027453,0.005486281761331925,0.009193266902390702,-0.011615481384646246,-0.0074696728530761125,0.0034048632022715304,0.008328167417810488,0.010921019610305952,0.00992578252526008,-0.00446755889588466,0.004189752547868741,-0.007358435847990714,-0.013742349348609743,-0.00750304767291465,-0.0005782735333641661,-0.010595069657681613,-0.013991315827843718,0.004838251103117305,-0.0015584740714051954,-0.009543923601027453,0.04173468063227081,0.013472684613670474,-0.007981228370200256,0.008351891947165378,-0.008574482296980948,0.0013334671272252274,-0.010314289546856176,0.0015105560700206585,-0.007596232185905519,0.0020343362598823364,0.0022359329512382205,0.005655068480735664,0.010023793769838382,-0.0024359493406924757,-0.0008378428296033757,-0.015967657371914083,-0.014925716459245474,0.005116750267832652,-0.014897471970539845,0.005486281761331925,0.013472684613670474,0.032405395015803154,0.0004804356485924703,0.0007512487321693889,-0.007878159798000356,0.0003201997148321322,-0.004210138041195995,0.007535579350557443,0.0021742563365967794,0.003638192637753659,0.014969068748961024,0.0012212073945825287,-0.0026904172535423786,0.000693836954375003,0.0004635719919831796,-0.005109971264966318,-0.007595239980460865,0.009196239907763198,-0.004646990062299811,0.009193266902390702,-0.007981228370200256,0.0004804356485924703,0.02434441541740686,-0.00884457322384712,-0.005658153005620434,9.519151246064678e-5,0.003117642603750881,0.0047045529609072495,0.006737662455212445,0.0008522168036444208,0.004400980261220851,-0.005049031689762205,-0.007520650395811233,-0.0055657341522525085,-0.0034098523924427776,0.0007357284564201583,-0.0003100448899675996,-0.005186065157168799,0.002289180311403492,-0.011615481384646246,0.008351891947165378,0.0007512487321693889,-0.00884457322384712,0.030344416059929446,0.0051662455068499985,-0.003708474821052671,-0.01835337801322662,-0.005599267257801498,-0.004208666469157803,0.0052278719447776175,-0.0002294279869240279,0.01128592514176089,0.007542971312098792,-0.004963609315826603,0.0028204591632680354,0.005253745448891978,0.009695040660420543,-0.00983884706542909,-0.0009586484823483008,-0.0074696728530761125,-0.008574482296980948,-0.007878159798000356,-0.005658153005620434,0.0051662455068499985,0.03986298492146551,-0.0017056633845530002,0.0016905775906986677,-0.0064362114626574565,-0.008731283265932211,-0.00195256842393791,-0.0028090278487635173,-0.0037630901676062177,0.006493960001546227,-0.0034428236643747057,-0.005714626303920507,-0.004162143732786339,0.008237744284183657,-0.0036172134554435854,0.004391023253936678,0.0034048632022715304,0.0013334671272252274,0.0003201997148321322,9.519151246064678e-5,-0.003708474821052671,-0.0017056633845530002,0.02591492638641089,0.005873033376043889,-0.0013949038926252873,-0.005208013255566052,-0.00463816364924154,0.004517376968885356,-0.001217255762333202,-0.009103108827257986,0.009643049540086279,0.002041505268201122,0.009825764181285388,0.01244151565684087,-0.008572880397162091,0.005365102702755862,0.008328167417810488,-0.010314289546856176,-0.004210138041195995,0.003117642603750881,-0.01835337801322662,0.0016905775906986677,0.005873033376043889,0.04183991601230949,0.007023258319906007,-0.005269068143794157,-0.014528547689623136,-0.007934579808841337,-0.010006223137145213,-0.0028148463019884193,0.0026380554600797254,0.006261660389281255,-0.01082570072056592,-0.013792489701214805,0.011896386232587385,-0.006966992008808227,0.010921019610305952,0.0015105560700206585,0.007535579350557443,0.0047045529609072495,-0.005599267257801498,-0.0064362114626574565,-0.0013949038926252873,0.007023258319906007,0.02745378761234312,0.003633631947874495,-0.003372566464026762,0.00029447835839935526,-0.004167703763484822,0.0028241278321848697,0.005519601528963398,0.0018203836860100965,-0.013586979694214601,-0.02517270462686639,0.01752762122761151,-0.019848023963873813,0.00992578252526008,-0.007596232185905519,0.0021742563365967794,0.006737662455212445,-0.004208666469157803,-0.008731283265932211,-0.005208013255566052,-0.005269068143794157,0.003633631947874495,0.044696953483043214,0.011818344928252112,0.0028128420892902014,0.000756519408581039,-0.010690182309032582,-0.006941130028622197,-0.0016961460163442475,-0.012823661060724873,-0.011020064715690397,0.007509101672896073,-0.01059247415966452,-0.00446755889588466,0.0020343362598823364,0.003638192637753659,0.0008522168036444208,0.0052278719447776175,-0.00195256842393791,-0.00463816364924154,-0.014528547689623136,-0.003372566464026762,0.011818344928252112,0.03179081996414637,0.012423245873578745,0.001201546124433443,-0.00728954532627572,-0.003383515234771598,-0.007587349551371007,-0.027507495970521267,-0.003010673608107379,0.006859925739525896,-0.012953815195220566,0.004189752547868741,0.0022359329512382205,0.014969068748961024,0.004400980261220851,-0.0002294279869240279,-0.0028090278487635173,0.004517376968885356,-0.007934579808841337,0.00029447835839935526,0.0028128420892902014,0.012423245873578745,0.03871044054154027,-0.0006222982782142106,-0.018500042990557485,-0.0006064670434071089,-0.015586959473898673,-0.0021464982626442338,7.602066063065998e-5,0.006358040191355934,0.0061584989379733866,-0.007358435847990714,0.005655068480735664,0.0012212073945825287,-0.005049031689762205,0.01128592514176089,-0.0037630901676062177,-0.001217255762333202,-0.010006223137145213,-0.004167703763484822,0.000756519408581039,0.001201546124433443,-0.0006222982782142106,0.028362372712829334,0.004035046617828155,-0.0005410317223829245,0.005025992236357663,0.010554489134590948,-0.005752652941559571,0.00619869286171048,0.004191487381078384,-0.013742349348609743,0.010023793769838382,-0.0026904172535423786,-0.007520650395811233,0.007542971312098792,0.006493960001546227,-0.009103108827257986,-0.0028148463019884193,0.0028241278321848697,-0.010690182309032582,-0.00728954532627572,-0.018500042990557485,0.004035046617828155,0.038042972157393704
