0.012078556278089566,0.0016542111644557416,-0.005469821296118513,-0.0005591914878095182,0.0008237305999762485,0.0025846489135469813,0.0032676352290592603,-0.003384479999765942,-0.000479194171131781,0.0012610477864144472,0.0038364882666667996,-0.0009633873030381066,-0.0005349220746296218,0.0008266642418053658,0.0030435670081777975,0.0005200215453611236,-0.00040623455176709225,-0.0005077795723467971,-0.0033059334725464773,0.001455772559420072,0.0016542111644557416,0.018274779808869747,0.0008098422853449342,0.004287006083946688,0.004922708070162651,-0.002777228754638641,-0.0024232083680480274,0.0038250602519874074,-0.001394493346452163,0.003098061673380317,-0.0031586353997999656,0.003155093436902403,0.0007914171079121334,-0.007851781667167056,4.962399069377662e-5,-0.002035122091639528,0.003606276954488164,0.0007972676699970294,0.00212866947991031,0.0018212708694192235,-0.005469821296118513,0.0008098422853449342,0.01512371989848909,0.0021086072218688785,0.003610159108235831,-0.0010786452299567208,-0.0032310948979561976,-0.0004949250145413392,0.0035505783078089125,-0.0005011468467370469,-0.0006304516244998368,0.00187061548567486,0.0021030538233641695,4.3612880836964743e-5,-0.005779781368849948,-0.0009381715940301417,0.0023935128124909374,0.0012671284280694694,0.004015548103964123,-0.0008760554743101265,-0.0005591914878095182,0.004287006083946688,0.0021086072218688785,0.016546301458613317,0.004258178764303237,-0.0045407332745577966,-0.0014574321493877893,0.0027894304176378066,0.002512423443699026,0.002701335525154304,-0.0014491968751264499,0.00048756072431577565,0.003383104158799595,-0.005403537863052167,-0.0032388228203126344,-0.007793821504232651,0.0048258668639596415,-0.0014993106693626202,0.0031021879686005285,-0.0025808183523457874,0.0008237305999762485,0.004922708070162651,0.003610159108235831,0.004258178764303237,0.016955503349770595,-0.004647088602662909,-0.0006649423455857549,0.008623992485267441,-0.004518990113869147,0.002977527766154419,-0.0041987937885596205,0.002402121678932693,0.002385147258138113,-0.003506765330780592,0.0025466661233905013,-0.010216196593742528,0.004939772375378683,-0.004944773762937512,-0.0008154332780662218,0.0007684722774859214,0.0025846489135469813,-0.002777228754638641,-0.0010786452299567208,-0.0045407332745577966,-0.004647088602662909,0.014209223827705087,0.0012208711777053549,-0.0063937761086809985,0.004228726169949336,0.00018593324872880063,-0.0005625586005392246,-0.003352783149383772,-0.0033411313591873632,-0.00274408878185838,-0.002731612604152075,0.006658715441732201,-0.0008009424119377164,0.009207736690376871,0.005689144197931442,-0.0045605394351875255,0.0032676352290592603,-0.0024232083680480274,-0.0032310948979561976,-0.0014574321493877893,-0.0006649423455857549,0.0012208711777053549,0.013581372682950486,-0.003163358629556921,0.0019187866170961093,2.823337630664386e-5,0.0018356695476752227,-0.0009448347238023528,-0.0017839844724400768,0.005114643785363056,0.0035085265111439823,-0.0001532197679554413,-0.00010126746658319709,0.00010874469930858047,-0.0010954493273102458,-0.00012377042335832443,-0.003384479999765942,0.0038250602519874074,-0.0004949250145413392,0.0027894304176378066,0.008623992485267441,-0.0063937761086809985,-0.003163358629556921,0.02350042980070385,-0.006656902625053059,0.0029316357140058754,-0.0011010638863796142,0.0025865347096103667,0.003438200896289105,-0.0008392562915820114,0.003174215045993506,-0.0005801902253705787,0.004911958364750723,-0.004382705976910153,-0.005878650925598873,0.000658126648628937,-0.000479194171131781,-0.001394493346452163,0.0035505783078089125,0.002512423443699026,-0.004518990113869147,0.004228726169949336,0.0019187866170961093,-0.006656902625053059,0.02365526019657504,-0.0006965869733524055,0.0018828932205994069,0.0019091837419059137,-0.002869322042195898,0.0007143282728735354,-0.005235232500645541,-0.004510852775450335,-0.00045277983475582934,0.00410226625618733,0.004418907130711719,-0.0006854667089901604,0.0012610477864144472,0.003098061673380317,-0.0005011468467370469,0.002701335525154304,0.002977527766154419,0.00018593324872880063,2.823337630664386e-5,0.0029316357140058754,-0.0006965869733524055,0.01252377366309349,0.0005220048319354647,-0.0022780706820766123,-0.0005270025587349144,-0.0023985291131901425,0.0021193423757136023,-0.0028602255876461194,0.003713129479382856,-0.002098572940880664,0.003400960202749598,0.002815078717190553,0.0038364882666667996,-0.0031586353997999656,-0.0006304516244998368,-0.0014491968751264499,-0.0041987937885596205,-0.0005625586005392246,0.0018356695476752227,-0.0011010638863796142,0.0018828932205994069,0.0005220048319354647,0.014413332136626315,-0.000245003594661258,-0.0035113893349696165,-0.0004931275645369052,-0.0006395373559875729,0.002297601257170039,-0.0030755082042178555,-0.0023215068524337834,-0.003996423949372729,0.004071767443161123,-0.0009633873030381066,0.003155093436902403,0.00187061548567486,0.00048756072431577565,0.002402121678932693,-0.003352783149383772,-0.0009448347238023528,0.0025865347096103667,0.0019091837419059137,-0.0022780706820766123,-0.000245003594661258,0.011255573494154852,0.004261705257491788,-0.0014665211785882194,-6.579354622491594e-5,-0.0020160719882000083,-0.0005656620871418436,-0.0015191826774934363,-0.004402136594321544,0.0002653367854946538,-0.0005349220746296218,0.0007914171079121334,0.0021030538233641695,0.003383104158799595,0.002385147258138113,-0.0033411313591873632,-0.0017839844724400768,0.003438200896289105,-0.002869322042195898,-0.0005270025587349144,-0.0035113893349696165,0.004261705257491788,0.014276234063195316,-0.0017852812338059081,4.664318968903649e-6,-0.004627050264847254,0.0016363237559917684,-0.0032428970141094747,-0.0011120519284717285,0.0027612718003458755,0.0008266642418053658,-0.007851781667167056,4.3612880836964743e-5,-0.005403537863052167,-0.003506765330780592,-0.00274408878185838,0.005114643785363056,-0.0008392562915820114,0.0007143282728735354,-0.0023985291131901425,-0.0004931275645369052,-0.0014665211785882194,-0.0017852812338059081,0.019652547260449377,0.0007176636319568267,0.0029010978212399468,-0.005153515713856586,0.0024742847438054437,-0.004332969575084951,-8.519346192320935e-5,0.0030435670081777975,4.962399069377662e-5,-0.005779781368849948,-0.0032388228203126344,0.0025466661233905013,-0.002731612604152075,0.0035085265111439823,0.003174215045993506,-0.005235232500645541,0.0021193423757136023,-0.0006395373559875729,-6.579354622491594e-5,4.664318968903649e-6,0.0007176636319568267,0.017145646289793377,0.0031310417249278957,0.0007518434761334981,-0.002887719419489179,-0.001723624621285608,0.0036931645562678075,0.0005200215453611236,-0.002035122091639528,-0.0009381715940301417,-0.007793821504232651,-0.010216196593742528,0.006658715441732201,-0.0001532197679554413,-0.0005801902253705787,-0.004510852775450335,-0.0028602255876461194,0.002297601257170039,-0.0020160719882000083,-0.004627050264847254,0.0029010978212399468,0.0031310417249278957,0.023506183072949,-0.007627188191462752,0.004905484177868803,-0.0037390362666594678,-0.0009610682711189437,-0.00040623455176709225,0.003606276954488164,0.0023935128124909374,0.0048258668639596415,0.004939772375378683,-0.0008009424119377164,-0.00010126746658319709,0.004911958364750723,-0.00045277983475582934,0.003713129479382856,-0.0030755082042178555,-0.0005656620871418436,0.0016363237559917684,-0.005153515713856586,0.0007518434761334981,-0.007627188191462752,0.013678799365220205,-0.002545755089768725,0.004000976466588499,-0.004529404264445994,-0.0005077795723467971,0.0007972676699970294,0.0012671284280694694,-0.0014993106693626202,-0.004944773762937512,0.009207736690376871,0.00010874469930858047,-0.004382705976910153,0.00410226625618733,-0.002098572940880664,-0.0023215068524337834,-0.0015191826774934363,-0.0032428970141094747,0.0024742847438054437,-0.002887719419489179,0.004905484177868803,-0.002545755089768725,0.01869592736469783,0.009570825099359135,-0.0022716733282494676,-0.0033059334725464773,0.00212866947991031,0.004015548103964123,0.0031021879686005285,-0.0008154332780662218,0.005689144197931442,-0.0010954493273102458,-0.005878650925598873,0.004418907130711719,0.003400960202749598,-0.003996423949372729,-0.004402136594321544,-0.0011120519284717285,-0.004332969575084951,-0.001723624621285608,-0.0037390362666594678,0.004000976466588499,0.009570825099359135,0.0255297763748379,-0.010321374671038726,0.001455772559420072,0.0018212708694192235,-0.0008760554743101265,-0.0025808183523457874,0.0007684722774859214,-0.0045605394351875255,-0.00012377042335832443,0.000658126648628937,-0.0006854667089901604,0.002815078717190553,0.004071767443161123,0.0002653367854946538,0.0027612718003458755,-8.519346192320935e-5,0.0036931645562678075,-0.0009610682711189437,-0.004529404264445994,-0.0022716733282494676,-0.010321374671038726,0.015997647365957407
