0.06244892998159195,0.051125327136891295,0.07740886625574318,0.05268952942571778,0.039025267478310616,-0.014895418703701884,0.03241264165066529,0.023630926203887893,0.012022916299237206,0.07345838873003385,0.015258060873683744,0.044117968237253134,0.03419567299502824,0.030481429210696725,0.017032732500897603,0.02915478947803425,0.06467552848719325,-0.014758318325509428,0.025432116037261497,-0.0040895171434559285,0.051125327136891295,0.10630556481417755,0.06977753593130405,0.05327734687822196,0.053330711331573695,0.0012802051921246885,0.03512403316922308,0.047789545737764505,0.03753782254554636,0.08982354545188095,0.03642748142873911,0.06079517143274345,0.052084078957756484,0.05373840592067465,0.01791756099635857,0.04291465868861181,0.08148660243449085,0.004570169994699665,0.02887087408881514,0.03246600900377519,0.07740886625574318,0.06977753593130405,0.19826548689472046,0.12591435278748966,0.07210827969019526,-0.05197465959295774,0.07733928283053366,0.0021547083050461394,0.027260103750454526,0.1392352271441257,0.023152256034456878,0.08550074430703848,0.07740803172704448,0.05617978446014534,0.03160383594289618,0.053249673382797916,0.14649076370592434,-0.037669867842272504,0.05387624240063189,-0.03814354056142012,0.05268952942571778,0.05327734687822196,0.12591435278748966,0.14653248361353435,0.057267011519333444,-0.048716513349219066,0.03733264846719431,0.0028558705461507452,0.05922402186440451,0.11135179486863096,0.0168296617985412,0.08236017096278817,0.05641103756932654,0.052834908235029385,0.01901562421345054,0.038211084483351095,0.10824306793785804,-0.026903714031676393,0.04516446434951924,-0.009874190094991527,0.039025267478310616,0.053330711331573695,0.07210827969019526,0.057267011519333444,0.06348970988744532,-0.008874298037059747,0.016597144318541965,0.025362428859759187,0.03268375677708862,0.07449257411331434,0.014462550436956685,0.04999546675083725,0.03453154591607405,0.03050732643103954,0.0032365744659007805,0.03156598824443802,0.05954713043216203,-0.010962769340268737,0.01961973591064157,0.004328859565865544,-0.014895418703701884,0.0012802051921246885,-0.05197465959295774,-0.048716513349219066,-0.008874298037059747,0.08575880129927835,-0.03710147731272581,0.043820188753728395,0.03856208563165349,-0.022443868751251095,0.008527388655027997,-0.01819376149870058,0.00391493493948681,-0.00225101815378405,-0.023980878900227626,-0.02096313553207688,-0.08051441822000903,0.03921379863334176,-0.009679183205722638,0.06711376467934757,0.03241264165066529,0.03512403316922308,0.07733928283053366,0.03733264846719431,0.016597144318541965,-0.03710147731272581,0.08106234163772284,-0.007456046587582983,-0.01743133668576012,0.05231238253278607,0.030210702719468407,0.0318748323866311,0.03755840052384299,0.020807524874679413,0.028738969819468607,0.017656902533821267,0.0857036489739794,-0.024093802922754683,0.026037806463449636,-0.02558368780734899,0.023630926203887893,0.047789545737764505,0.0021547083050461394,0.0028558705461507452,0.025362428859759187,0.043820188753728395,-0.007456046587582983,0.08288915850904711,0.042969225139849375,0.03145108801972468,0.01902741530460044,0.019638735150256825,0.026954148734691433,0.020585843757389897,-0.003909572570047438,0.014753417534354309,0.0016123250775607737,0.03390639955908599,0.01597219659126737,0.061752312240161616,0.012022916299237206,0.03753782254554636,0.027260103750454526,0.05922402186440451,0.03268375677708862,0.03856208563165349,-0.01743133668576012,0.042969225139849375,0.12388767068309722,0.044966491545360185,0.013514920504060791,0.044683697039425485,0.05091268810100655,0.042194247074280065,-0.007994519160616838,0.009681894883961692,0.00036477073105537806,0.03305147583321927,0.020342457313280868,0.06146073839236463,0.07345838873003385,0.08982354545188095,0.1392352271441257,0.11135179486863096,0.07449257411331434,-0.022443868751251095,0.05231238253278607,0.03145108801972468,0.044966491545360185,0.13999846851291006,0.03189054978808361,0.0813409597585836,0.06937602027407916,0.061396428252211796,0.018306069168530687,0.055121632873609896,0.11983776824718875,-0.01822128570489119,0.047051126836199705,0.004553431209103136,0.015258060873683744,0.03642748142873911,0.023152256034456878,0.0168296617985412,0.014462550436956685,0.008527388655027997,0.030210702719468407,0.01902741530460044,0.013514920504060791,0.03189054978808361,0.05612225898163785,0.021748792043497507,0.033110312368365334,0.02407483646460743,0.019448270138810606,0.004023253459128757,0.03758018178986764,0.00897656228593818,0.01473012026318839,0.030273364442200336,0.044117968237253134,0.06079517143274345,0.08550074430703848,0.08236017096278817,0.04999546675083725,-0.01819376149870058,0.0318748323866311,0.019638735150256825,0.044683697039425485,0.0813409597585836,0.021748792043497507,0.08096640969948017,0.04888184996203178,0.045135693000558516,0.016729844135708737,0.029629388443745533,0.07553911722787904,-0.00913208707366666,0.03379375568016185,0.00826967479905495,0.03419567299502824,0.052084078957756484,0.07740803172704448,0.05641103756932654,0.03453154591607405,0.00391493493948681,0.03755840052384299,0.026954148734691433,0.05091268810100655,0.06937602027407916,0.033110312368365334,0.04888184996203178,0.07582139771770777,0.038264234867109295,0.014512495717612171,0.017741333638514017,0.05865340698404843,0.011205779600047955,0.03240644498929157,0.02190295580933587,0.030481429210696725,0.05373840592067465,0.05617978446014534,0.052834908235029385,0.03050732643103954,-0.00225101815378405,0.020807524874679413,0.020585843757389897,0.042194247074280065,0.061396428252211796,0.02407483646460743,0.045135693000558516,0.038264234867109295,0.057101399157910786,0.0077673391081497754,0.024035396252421966,0.043376256586261,0.005295866796722818,0.023953409010085636,0.02126827573532936,0.017032732500897603,0.01791756099635857,0.03160383594289618,0.01901562421345054,0.0032365744659007805,-0.023980878900227626,0.028738969819468607,-0.003909572570047438,-0.007994519160616838,0.018306069168530687,0.019448270138810606,0.016729844135708737,0.014512495717612171,0.0077673391081497754,0.037511540561799846,-0.0001725799659104422,0.042601443886055475,-0.011285389187883028,0.010736191639966145,-0.009731949566449443,0.02915478947803425,0.04291465868861181,0.053249673382797916,0.038211084483351095,0.03156598824443802,-0.02096313553207688,0.017656902533821267,0.014753417534354309,0.009681894883961692,0.055121632873609896,0.004023253459128757,0.029629388443745533,0.017741333638514017,0.024035396252421966,-0.0001725799659104422,0.05797359249370693,0.061173555836741556,-0.016944239052176815,0.011702867109167799,-0.004909226743139712,0.06467552848719325,0.08148660243449085,0.14649076370592434,0.10824306793785804,0.05954713043216203,-0.08051441822000903,0.0857036489739794,0.0016123250775607737,0.00036477073105537806,0.11983776824718875,0.03758018178986764,0.07553911722787904,0.05865340698404843,0.043376256586261,0.042601443886055475,0.061173555836741556,0.196659877805046,-0.04640539389735558,0.042875124398629505,-0.03713290990299349,-0.014758318325509428,0.004570169994699665,-0.037669867842272504,-0.026903714031676393,-0.010962769340268737,0.03921379863334176,-0.024093802922754683,0.03390639955908599,0.03305147583321927,-0.01822128570489119,0.00897656228593818,-0.00913208707366666,0.011205779600047955,0.005295866796722818,-0.011285389187883028,-0.016944239052176815,-0.04640539389735558,0.05329403283187133,0.0004216222999981099,0.051092910206911354,0.025432116037261497,0.02887087408881514,0.05387624240063189,0.04516446434951924,0.01961973591064157,-0.009679183205722638,0.026037806463449636,0.01597219659126737,0.020342457313280868,0.047051126836199705,0.01473012026318839,0.03379375568016185,0.03240644498929157,0.023953409010085636,0.010736191639966145,0.011702867109167799,0.042875124398629505,0.0004216222999981099,0.038540965529093196,0.0058726660133190285,-0.0040895171434559285,0.03246600900377519,-0.03814354056142012,-0.009874190094991527,0.004328859565865544,0.06711376467934757,-0.02558368780734899,0.061752312240161616,0.06146073839236463,0.004553431209103136,0.030273364442200336,0.00826967479905495,0.02190295580933587,0.02126827573532936,-0.009731949566449443,-0.004909226743139712,-0.03713290990299349,0.051092910206911354,0.0058726660133190285,0.10448052284561357
0.14742111011396047,0.014541195495667472,0.021810916274600065,0.054005662399559486,0.040265517508472556,0.10825817224764976,0.011255612147350963,0.02954446760598748,0.04253711574378551,0.07465175149187384,0.03438135844868394,0.049608916846747564,0.024508073786287686,0.09893962728200766,0.05542868342989467,0.0236201021992793,-0.02822228160839753,0.07257425670075818,-0.0029455022776937855,0.053312758818654896,0.014541195495667472,0.09344895240293283,-0.02139413558162437,0.024819598769741533,-0.013806706078993605,0.00021025564898206547,-0.035849044563990295,0.015464612861806247,-0.0025809992783872747,-0.005681984376871611,0.01984308042436895,-0.015222827015184083,-0.008712373632818711,-0.015290947051943421,0.035682809095396374,-0.02180445586451222,0.024989929805161633,0.0010723287692066845,-0.03189717491339279,-0.017583197375877643,0.021810916274600065,-0.02139413558162437,0.047451227490331316,0.011510791536467932,0.019235825728899966,0.041073622224317693,0.025214088092825854,0.010095707816410912,0.014346865516376435,0.017716938083741744,0.01911696257338243,0.036512622943971576,0.03729084981127348,0.04389823450650962,-0.001329211409582129,0.04092118509342627,-0.00996601662447932,0.047286084922290895,0.018810864049633346,0.04177344148172797,0.054005662399559486,0.024819598769741533,0.011510791536467932,0.05700110671403197,0.021508867975835722,0.01926319684642137,-0.0014722158179974916,0.027874097644165628,0.02304842664874946,0.026791092854131813,0.01753264942356593,0.025998829786665473,0.004019744400574088,0.0266840332029672,-0.00045855844912939467,0.024962726964270283,-0.0022195307141370728,0.0362474937005877,-0.0012438077223921838,0.007059881891124515,0.040265517508472556,-0.013806706078993605,0.019235825728899966,0.021508867975835722,0.0635359523353119,0.04009247243874324,0.030001951096290398,0.0048679626879939136,0.03459712613717794,0.023352602358761042,-0.011174860786649749,0.019973877351121248,0.027270526825083116,0.05287456470592272,0.01906209268489799,0.014551144271758404,-0.009416997675228054,0.03357318432931526,0.020116145847656856,0.04834282796079713,0.10825817224764976,0.00021025564898206547,0.041073622224317693,0.01926319684642137,0.04009247243874324,0.16092907360304817,0.031804162094937694,0.021177574840276214,0.04243464984498881,0.06790530221577357,0.04647500952507239,0.06329389078067343,0.06470513965094114,0.12836732310325333,0.07686655118559405,0.040448405055815616,-0.02340667572290898,0.08245740266459427,0.029823269323415152,0.08983823988862723,0.011255612147350963,-0.035849044563990295,0.025214088092825854,-0.0014722158179974916,0.030001951096290398,0.031804162094937694,0.07738799496259793,-0.014448115726081134,0.0031365813535095856,0.023356285656332625,-0.0026631602598448344,0.021569603549270594,0.028850766282203157,0.07026367071010638,0.010993290758432736,0.01904805986603977,0.007422702895761275,0.012870635526737988,0.02640531833179332,0.05680930620779087,0.02954446760598748,0.015464612861806247,0.010095707816410912,0.027874097644165628,0.0048679626879939136,0.021177574840276214,-0.014448115726081134,0.05940079497371866,0.032605271036657335,0.011512907773121578,0.021566389465708012,0.014981060193677745,0.011440947108052324,0.0060366259185721015,0.00712218233193946,0.02913646475758029,-0.0016466964165861248,0.035096407762829074,-0.0019874500869320466,0.012652677651851877,0.04253711574378551,-0.0025809992783872747,0.014346865516376435,0.02304842664874946,0.03459712613717794,0.04243464984498881,0.0031365813535095856,0.032605271036657335,0.08655843503818081,0.01469468046139231,0.01631477110462287,0.010612329375762189,0.019479399135531938,0.03525281547820041,0.028938569673481497,0.03225392798805812,-0.0016753808492884674,0.040111019051872185,0.03221019621701199,0.03268568262220373,0.07465175149187384,-0.005681984376871611,0.017716938083741744,0.026791092854131813,0.023352602358761042,0.06790530221577357,0.023356285656332625,0.011512907773121578,0.01469468046139231,0.06684417433720069,0.012656236897458557,0.03321674468968165,0.02209549540927238,0.08168334824713996,0.030454905584543453,0.02777157692028267,-0.021630900900023835,0.04212265945631741,0.010141599016167246,0.05193574717750104,0.03438135844868394,0.01984308042436895,0.01911696257338243,0.01753264942356593,-0.011174860786649749,0.04647500952507239,-0.0026631602598448344,0.021566389465708012,0.01631477110462287,0.012656236897458557,0.0818185103060246,0.029241623418701054,0.021559228879331194,0.02190615209582643,0.020503143633919696,0.030790967326732414,0.009719378374321509,0.04331521132156292,0.009145974400094995,0.004445920275051578,0.049608916846747564,-0.015222827015184083,0.036512622943971576,0.025998829786665473,0.019973877351121248,0.06329389078067343,0.021569603549270594,0.014981060193677745,0.010612329375762189,0.03321674468968165,0.029241623418701054,0.07147924927396551,0.037278636633558127,0.0595670044344366,-0.003711203867785097,0.04777145765252311,-0.020313929539190374,0.06159435367650217,0.015133992531410541,0.04172200128769797,0.024508073786287686,-0.008712373632818711,0.03729084981127348,0.004019744400574088,0.027270526825083116,0.06470513965094114,0.028850766282203157,0.011440947108052324,0.019479399135531938,0.02209549540927238,0.021559228879331194,0.037278636633558127,0.0604865845811314,0.05083657634216976,0.019042946135542242,0.036968427087423275,-0.00477322773329642,0.05606201924321569,0.022643546448360446,0.05963191139208493,0.09893962728200766,-0.015290947051943421,0.04389823450650962,0.0266840332029672,0.05287456470592272,0.12836732310325333,0.07026367071010638,0.0060366259185721015,0.03525281547820041,0.08168334824713996,0.02190615209582643,0.0595670044344366,0.05083657634216976,0.1795089926595234,0.07305280308764811,0.04008911555448682,-0.00454768345509966,0.05734193271910023,0.040012312170388906,0.10900252769755203,0.05542868342989467,0.035682809095396374,-0.001329211409582129,-0.00045855844912939467,0.01906209268489799,0.07686655118559405,0.010993290758432736,0.00712218233193946,0.028938569673481497,0.030454905584543453,0.020503143633919696,-0.003711203867785097,0.019042946135542242,0.07305280308764811,0.10658314242127406,-0.017273329338430437,0.012527988053632824,0.012734910647713399,0.0028201803599472693,0.051789223659214345,0.0236201021992793,-0.02180445586451222,0.04092118509342627,0.024962726964270283,0.014551144271758404,0.040448405055815616,0.01904805986603977,0.02913646475758029,0.03225392798805812,0.02777157692028267,0.030790967326732414,0.04777145765252311,0.036968427087423275,0.04008911555448682,-0.017273329338430437,0.08062733867376651,-0.011425906601826474,0.06290943230075127,0.03444687577172882,0.038513236650023264,-0.02822228160839753,0.024989929805161633,-0.00996601662447932,-0.0022195307141370728,-0.009416997675228054,-0.02340667572290898,0.007422702895761275,-0.0016466964165861248,-0.0016753808492884674,-0.021630900900023835,0.009719378374321509,-0.020313929539190374,-0.00477322773329642,-0.00454768345509966,0.012527988053632824,-0.011425906601826474,0.04410190051649397,-0.021536130038820787,-0.0073370055246992985,-0.004043895649972361,0.07257425670075818,0.0010723287692066845,0.047286084922290895,0.0362474937005877,0.03357318432931526,0.08245740266459427,0.012870635526737988,0.035096407762829074,0.040111019051872185,0.04212265945631741,0.04331521132156292,0.06159435367650217,0.05606201924321569,0.05734193271910023,0.012734910647713399,0.06290943230075127,-0.021536130038820787,0.11228703130183483,0.02121949078328584,0.05780663823794986,-0.0029455022776937855,-0.03189717491339279,0.018810864049633346,-0.0012438077223921838,0.020116145847656856,0.029823269323415152,0.02640531833179332,-0.0019874500869320466,0.03221019621701199,0.010141599016167246,0.009145974400094995,0.015133992531410541,0.022643546448360446,0.040012312170388906,0.0028201803599472693,0.03444687577172882,-0.0073370055246992985,0.02121949078328584,0.056334852281113235,0.029783105461457154,0.053312758818654896,-0.017583197375877643,0.04177344148172797,0.007059881891124515,0.04834282796079713,0.08983823988862723,0.05680930620779087,0.012652677651851877,0.03268568262220373,0.05193574717750104,0.004445920275051578,0.04172200128769797,0.05963191139208493,0.10900252769755203,0.051789223659214345,0.038513236650023264,-0.004043895649972361,0.05780663823794986,0.029783105461457154,0.11567304084771615
0.04069030496301834,-0.00755380989455557,0.016171040262082676,0.015896910854619046,0.005894188891271137,0.013662603143223897,0.010072913549477503,0.027062353800676446,0.01801246080561069,0.0188876804339329,0.009821148996071453,0.011059141240027878,0.007861349067087497,0.03328199436084865,0.019971034064650315,0.025395980219260317,0.0023374903605305327,0.02449085577904753,0.005841237666983062,0.015330235867707098,-0.00755380989455557,0.08560902151753029,-0.0014937245659744965,0.018513658779973456,0.003462819175821452,0.0006844776662677573,0.0013442647772630174,-0.013703874993225772,0.005895137297703494,0.00698130433681459,0.0010154073145964065,-0.014494785725003375,0.035870931086494806,0.018610308539088058,0.03307312494942239,0.0026938056196151444,0.022402939618703342,0.005275556913599282,0.0040658179155943506,0.019563156976293697,0.016171040262082676,-0.0014937245659744965,0.03412847434416675,0.008732317501671985,0.007633335476617546,0.008968870665712815,0.008731034504123943,0.00401439856440396,0.009111088314920983,0.014832450302599498,0.020939400460182132,0.0045529031434947175,0.016678605563325653,0.027544807999773296,0.003952320572795364,0.02337517278349504,-0.0010954589227735205,0.006172615730949866,0.0028331973557033903,0.0026333350894752914,0.015896910854619046,0.018513658779973456,0.008732317501671985,0.040390445550165036,0.0166117541751775,0.0005930151420001015,0.0009288834086712732,0.0036303257635125243,0.007843775614575499,0.015180857356599855,0.0033761437062108197,0.007240944679675939,0.011855035479805943,0.02628751908323223,0.015685628225356674,0.02391088780491414,0.012701008018094706,0.01438345494708186,0.015593419458800693,0.008017946776785561,0.005894188891271137,0.003462819175821452,0.007633335476617546,0.0166117541751775,0.0391035124055854,-0.004999957469195914,-0.0026905719259249132,0.005283729964601107,0.021794310829723114,0.009667598395156823,-0.0033306773278087357,-0.005645379637528531,0.0017667248687477906,0.007512246453686948,0.0011041399675323048,0.017824972135442773,-0.005639240494108575,0.005462865575091287,0.015417171808128438,0.006540226071982459,0.013662603143223897,0.0006844776662677573,0.008968870665712815,0.0005930151420001015,-0.004999957469195914,0.05886176406262013,0.0037166533860447017,0.012444711125769847,0.004390951869459855,0.01147036849270292,0.007093271120451702,0.01410189877220317,0.014452449969660119,0.016745775107443704,0.027863606136418827,0.013297976398998762,-0.0011633083778950027,0.013269796340046436,-0.0026510959222224317,0.02465683554273546,0.010072913549477503,0.0013442647772630174,0.008731034504123943,0.0009288834086712732,-0.0026905719259249132,0.0037166533860447017,0.060462699068079884,0.014684260709946455,0.013770197524464348,0.010597756881335489,0.017147810863975578,-0.0035832753703433943,0.022884920319444432,0.017466403241898257,0.012370079354157367,-0.00021459169604332983,0.022579945026837987,0.006972218122607833,-0.0026411692575365533,0.015569096170911838,0.027062353800676446,-0.013703874993225772,0.00401439856440396,0.0036303257635125243,0.005283729964601107,0.012444711125769847,0.014684260709946455,0.06880841881264098,0.02673329699238633,0.017117286214365146,0.0038393659655254174,0.02019724900639647,-0.006016212055797005,0.0327974738080553,0.01974936408931087,0.007407040644956744,0.0003174380578648854,0.026192101144658343,-0.006622725375282766,0.03189145130029092,0.01801246080561069,0.005895137297703494,0.009111088314920983,0.007843775614575499,0.021794310829723114,0.004390951869459855,0.013770197524464348,0.02673329699238633,0.08351059984045758,0.0029795600896271434,-0.010009497935758204,0.006336162940115792,-9.729911733603446e-5,0.002047581642674009,0.013849242722347175,0.009464110703553496,-0.009223051001861826,0.03439704379878334,0.016491727769142095,0.034480429842884915,0.0188876804339329,0.00698130433681459,0.014832450302599498,0.015180857356599855,0.009667598395156823,0.01147036849270292,0.010597756881335489,0.017117286214365146,0.0029795600896271434,0.036364171102594184,0.014421156954397382,0.005528886447270079,0.022373998006110972,0.04056222526660233,0.02652337003044579,0.02131801221513898,0.006826157130050761,0.00900466163459774,-0.00303879635016576,0.014694839677625483,0.009821148996071453,0.0010154073145964065,0.020939400460182132,0.0033761437062108197,-0.0033306773278087357,0.007093271120451702,0.017147810863975578,0.0038393659655254174,-0.010009497935758204,0.014421156954397382,0.04779404450320362,0.006689754644318228,0.019964209271154935,0.035402964220904505,0.005950353071354279,0.01211024653548913,0.01895500182330246,-0.002451140456373112,-0.006654106453013514,-0.005091409265803872,0.011059141240027878,-0.014494785725003375,0.0045529031434947175,0.007240944679675939,-0.005645379637528531,0.01410189877220317,-0.0035832753703433943,0.02019724900639647,0.006336162940115792,0.005528886447270079,0.006689754644318228,0.05206815862287763,-0.01642163920137481,0.03309556104611986,0.002067610800023629,0.018835495695361977,-0.002935374075846666,0.012188995832891035,-0.005633619304724711,0.019273070165062252,0.007861349067087497,0.035870931086494806,0.016678605563325653,0.011855035479805943,0.0017667248687477906,0.014452449969660119,0.022884920319444432,-0.006016212055797005,-9.729911733603446e-5,0.022373998006110972,0.019964209271154935,-0.01642163920137481,0.07204053436161041,0.027115755679636547,0.034958962880587835,0.012969193886830285,0.02758676107045577,-0.005329971370498171,0.004760735621532114,0.01924695316158815,0.03328199436084865,0.018610308539088058,0.027544807999773296,0.02628751908323223,0.007512246453686948,0.016745775107443704,0.017466403241898257,0.0327974738080553,0.002047581642674009,0.04056222526660233,0.035402964220904505,0.03309556104611986,0.027115755679636547,0.10330161607502017,0.03491165343655426,0.04289485260910494,0.030085374633756698,0.021389874904722377,0.005092272077530246,0.03536055077952084,0.019971034064650315,0.03307312494942239,0.003952320572795364,0.015685628225356674,0.0011041399675323048,0.027863606136418827,0.012370079354157367,0.01974936408931087,0.013849242722347175,0.02652337003044579,0.005950353071354279,0.002067610800023629,0.034958962880587835,0.03491165343655426,0.06801390803154304,0.015286287499734826,0.013585193889175997,0.014671819060111845,-0.0013840067241509138,0.034914486085032524,0.025395980219260317,0.0026938056196151444,0.02337517278349504,0.02391088780491414,0.017824972135442773,0.013297976398998762,-0.00021459169604332983,0.007407040644956744,0.009464110703553496,0.02131801221513898,0.01211024653548913,0.018835495695361977,0.012969193886830285,0.04289485260910494,0.015286287499734826,0.05609234612520578,0.0039491573052442,0.0184579094500967,0.015957837309488507,0.01653932040503741,0.0023374903605305327,0.022402939618703342,-0.0010954589227735205,0.012701008018094706,-0.005639240494108575,-0.0011633083778950027,0.022579945026837987,0.0003174380578648854,-0.009223051001861826,0.006826157130050761,0.01895500182330246,-0.002935374075846666,0.02758676107045577,0.030085374633756698,0.013585193889175997,0.0039491573052442,0.04389975139332083,0.002588694398649746,-0.008375998194443906,0.010449923323028474,0.02449085577904753,0.005275556913599282,0.006172615730949866,0.01438345494708186,0.005462865575091287,0.013269796340046436,0.006972218122607833,0.026192101144658343,0.03439704379878334,0.00900466163459774,-0.002451140456373112,0.012188995832891035,-0.005329971370498171,0.021389874904722377,0.014671819060111845,0.0184579094500967,0.002588694398649746,0.05131084998054758,0.010831086691110395,0.021674127500078043,0.005841237666983062,0.0040658179155943506,0.0028331973557033903,0.015593419458800693,0.015417171808128438,-0.0026510959222224317,-0.0026411692575365533,-0.006622725375282766,0.016491727769142095,-0.00303879635016576,-0.006654106453013514,-0.005633619304724711,0.004760735621532114,0.005092272077530246,-0.0013840067241509138,0.015957837309488507,-0.008375998194443906,0.010831086691110395,0.04718631831858983,0.005165987420446608,0.015330235867707098,0.019563156976293697,0.0026333350894752914,0.008017946776785561,0.006540226071982459,0.02465683554273546,0.015569096170911838,0.03189145130029092,0.034480429842884915,0.014694839677625483,-0.005091409265803872,0.019273070165062252,0.01924695316158815,0.03536055077952084,0.034914486085032524,0.01653932040503741,0.010449923323028474,0.021674127500078043,0.005165987420446608,0.06235499429353061
