0.044657749211614306,-0.031532303588880484,0.012788538254053074,-0.03753690526215646,0.007964823020804502,-0.01033706497854261,-0.015294616528369557,-0.006021971832163987,0.01286831966731124,2.653722046841309e-5,-0.011842012066965377,-0.01207029229417848,0.02136802136924949,0.007352374262289624,-0.020113983445351893,-0.004750643580436659,0.030687896126003054,0.019239553305239188,0.017227650965772785,-0.013206331886696962,-0.031532303588880484,0.11105289748110572,0.022031706839755992,0.07397014379944525,-0.03819673302329401,0.0089092171096791,0.03446393342275636,-0.023751867142147283,-0.06658339106548058,0.0030204362029858448,0.021837214153559305,0.05354675223708877,-0.046464094100657605,-0.016606702901225123,0.05869983684399958,0.004333906134233908,-0.06896748294375638,-0.09158553377538439,-0.04442768027395756,-0.009444078870994507,0.012788538254053074,0.022031706839755992,0.13679715924751018,-0.013133216290479217,-0.021319616734142722,0.01561883049275396,-0.0016950954549628076,-0.02457137998422694,-0.04916389230691628,-0.08755959298709778,-0.004977596758791846,0.046295053259029384,-0.052843562269879914,0.031170739448037908,0.056109844494922456,-0.0202695327522317,-0.0027524794015015854,0.0010305085099435564,-0.024892118846050783,-0.01296463088825963,-0.03753690526215646,0.07397014379944525,-0.013133216290479217,0.22747417253223276,-0.04536110455590229,0.02754797196111656,0.011458402234783508,0.029139829187845974,-0.08976235194384843,0.027863009752759092,0.07679367484367317,0.03535351800412319,-0.09328333266789565,-0.028750156020614235,0.08194135411080192,-0.006985940840641814,-0.14361668794095955,-0.14055955237208106,-0.05030983269348159,-0.005627858436258347,0.007964823020804502,-0.03819673302329401,-0.021319616734142722,-0.04536110455590229,0.06391554601688197,-0.0045718330960697814,0.0033777779307358367,-0.006448173232722449,0.04103729767558227,0.012570547303274648,-0.01995039767078861,-0.029781410067371256,0.025112465481312525,-0.00556031711603479,-0.03798322698582263,0.011799086678391257,0.032224207299871147,0.04434328116008678,0.01727109262483413,0.0030930310364700635,-0.01033706497854261,0.0089092171096791,0.01561883049275396,0.02754797196111656,-0.0045718330960697814,0.030248378466464332,-0.006628686349602545,0.01150536666020523,-0.026972116604563633,-0.019122673206637235,0.004891551514778337,0.006635987288391673,-0.028208665649188072,-0.0021351819464655902,0.030392863413322597,-0.007182407880361327,-0.021528583332150013,-0.003116955113473192,-0.005248468795248821,0.001809789968544309,-0.015294616528369557,0.03446393342275636,-0.0016950954549628076,0.011458402234783508,0.0033777779307358367,-0.006628686349602545,0.10631985624593737,-0.005382320355858485,-0.031580996322003854,0.029704044835974115,0.039494576056525975,0.030255205292858196,-0.005947238213349873,-0.03532138215091511,-0.002724701693520147,0.013811538433339255,-0.03623716028247376,-0.05508524853223481,-0.028608381301128145,-0.006898016923810939,-0.006021971832163987,-0.023751867142147283,-0.02457137998422694,0.029139829187845974,-0.006448173232722449,0.01150536666020523,-0.005382320355858485,0.06215299904434062,-0.01264336761942344,0.01104222007499443,0.022370302633478965,-0.01011615928073752,-0.022111778948102033,-0.003953867371808638,0.010319356193295128,-0.012095756349991684,-0.028389712085363623,0.0022682730277403754,0.006825051567049237,0.009447793810538297,0.01286831966731124,-0.06658339106548058,-0.04916389230691628,-0.08976235194384843,0.04103729767558227,-0.026972116604563633,-0.031580996322003854,-0.01264336761942344,0.1276870477393009,0.034109198567904064,-0.04565796104228813,-0.05671065498230515,0.08532753330836845,0.013560144348089435,-0.08023913950729944,0.012932200776317505,0.07655724023531857,0.08258680404567516,0.04254413267953582,0.017295943076697046,2.653722046841309e-5,0.0030204362029858448,-0.08755959298709778,0.027863009752759092,0.012570547303274648,-0.019122673206637235,0.029704044835974115,0.01104222007499443,0.034109198567904064,0.1214413948151603,0.025908959030007003,-0.020441291326414462,0.033347408531857164,-0.04022578618964166,-0.04979083660429366,0.0201373163618926,-0.01893738005246459,-0.037834061799473115,-0.0013781625581301858,-0.008003691925286497,-0.011842012066965377,0.021837214153559305,-0.004977596758791846,0.07679367484367317,-0.01995039767078861,0.004891551514778337,0.039494576056525975,0.022370302633478965,-0.04565796104228813,0.025908959030007003,0.06424525198817045,0.024376314238329547,-0.03898890102196611,-0.013464984567209293,0.026465000167982717,4.72236942743288e-5,-0.05718950621339862,-0.06866378707452674,-0.027219255754457987,-0.013555582790870262,-0.01207029229417848,0.05354675223708877,0.046295053259029384,0.03535351800412319,-0.029781410067371256,0.006635987288391673,0.030255205292858196,-0.01011615928073752,-0.05671065498230515,-0.020441291326414462,0.024376314238329547,0.0669750747279472,-0.04352230220388856,-0.0015031845356818351,0.036140422006262246,-0.000921627642360136,-0.04167314736536663,-0.042060450179789946,-0.04003675424904196,-0.012137715315161205,0.02136802136924949,-0.046464094100657605,-0.052843562269879914,-0.09328333266789565,0.025112465481312525,-0.028208665649188072,-0.005947238213349873,-0.022111778948102033,0.08532753330836845,0.033347408531857164,-0.03898890102196611,-0.04352230220388856,0.11157858565751683,0.0013826684984732844,-0.06995218295910652,0.013101943404386605,0.07972223514713021,0.05751413555819293,0.04242059511576395,-0.00037083074440567355,0.007352374262289624,-0.016606702901225123,0.031170739448037908,-0.028750156020614235,-0.00556031711603479,-0.0021351819464655902,-0.03532138215091511,-0.003953867371808638,0.013560144348089435,-0.04022578618964166,-0.013464984567209293,-0.0015031845356818351,0.0013826684984732844,0.0396096523918375,-0.00020213655392446826,-0.007922453516603017,0.02605023662679125,0.04004210293737421,0.0013595737107612803,0.0004680804367053679,-0.020113983445351893,0.05869983684399958,0.056109844494922456,0.08194135411080192,-0.03798322698582263,0.030392863413322597,-0.002724701693520147,0.010319356193295128,-0.08023913950729944,-0.04979083660429366,0.026465000167982717,0.036140422006262246,-0.06995218295910652,-0.00020213655392446826,0.09775105381004467,-0.020938182712572896,-0.06408215104444862,-0.05810522042404155,-0.02506901241699671,-0.012273528414063033,-0.004750643580436659,0.004333906134233908,-0.0202695327522317,-0.006985940840641814,0.011799086678391257,-0.007182407880361327,0.013811538433339255,-0.012095756349991684,0.012932200776317505,0.0201373163618926,4.72236942743288e-5,-0.000921627642360136,0.013101943404386605,-0.007922453516603017,-0.020938182712572896,0.02664873536880482,0.0049654416622155065,-0.010453917364630767,-0.008178686460805839,0.0008811584246224014,0.030687896126003054,-0.06896748294375638,-0.0027524794015015854,-0.14361668794095955,0.032224207299871147,-0.021528583332150013,-0.03623716028247376,-0.028389712085363623,0.07655724023531857,-0.01893738005246459,-0.05718950621339862,-0.04167314736536663,0.07972223514713021,0.02605023662679125,-0.06408215104444862,0.0049654416622155065,0.14027393952555478,0.10976143192977048,0.0444643020993701,-0.013278821244132051,0.019239553305239188,-0.09158553377538439,0.0010305085099435564,-0.14055955237208106,0.04434328116008678,-0.003116955113473192,-0.05508524853223481,0.0022682730277403754,0.08258680404567516,-0.037834061799473115,-0.06866378707452674,-0.042060450179789946,0.05751413555819293,0.04004210293737421,-0.05810522042404155,-0.010453917364630767,0.10976143192977048,0.18662010914416,0.05383520932962477,0.010073631992320396,0.017227650965772785,-0.04442768027395756,-0.024892118846050783,-0.05030983269348159,0.01727109262483413,-0.005248468795248821,-0.028608381301128145,0.006825051567049237,0.04254413267953582,-0.0013781625581301858,-0.027219255754457987,-0.04003675424904196,0.04242059511576395,0.0013595737107612803,-0.02506901241699671,-0.008178686460805839,0.0444643020993701,0.05383520932962477,0.05768356966628593,0.0008583156028508919,-0.013206331886696962,-0.009444078870994507,-0.01296463088825963,-0.005627858436258347,0.0030930310364700635,0.001809789968544309,-0.006898016923810939,0.009447793810538297,0.017295943076697046,-0.008003691925286497,-0.013555582790870262,-0.012137715315161205,-0.00037083074440567355,0.0004680804367053679,-0.012273528414063033,0.0008811584246224014,-0.013278821244132051,0.010073631992320396,0.0008583156028508919,0.062243369988934434
0.0996564647894792,-0.09433867098647958,-0.0013495304010938945,-0.031774874444253545,0.033014692986502434,-0.015075815947866805,-0.05780572655215283,-0.0046345174678729065,0.0540686148172658,-0.0043095142223731325,-0.018172467012183235,-0.027208910387454946,0.06385871241907519,0.02908556805518526,-0.056444226018295095,0.032478795872037926,0.02306406653928312,-0.0037708921180212556,0.0255246970500766,-0.018661069716618073,-0.09433867098647958,0.26888972199404426,0.0209269565224287,0.1581379352347164,-0.06920276282617745,0.03587872362825133,0.08828329634117857,-0.006250619384701299,-0.17741690951157288,0.023355387832249934,0.00910974768880634,0.11374800173940255,-0.087569571094532,-0.09005026153949547,0.13468838811285447,-0.047223656641530096,-0.13480911887286062,-0.14904355547953468,-0.044062705988997405,0.014533398596030993,-0.0013495304010938945,0.0209269565224287,0.0913218855775238,0.0505635654624708,-0.0315382027133509,0.01225562668653753,0.0013217580420951374,-0.035273900374854464,-0.028445115627911417,-0.06471713061161152,0.013307859852691326,0.04854264791947026,-0.05349381048054758,-0.001259958469440295,0.0534378500676765,-0.013382134882520786,-0.02580726908478955,-0.03860810742521345,0.005721119387027214,-0.01000887942992059,-0.031774874444253545,0.1581379352347164,0.0505635654624708,0.21113427492002468,-0.07152400237080775,0.02621262022839151,0.038369695343758885,-0.01873941596879524,-0.10095894250897484,-0.004939307386006928,0.04568370185302413,0.11332677361275287,-0.07687580908931457,-0.05690202320625257,0.0915592997071161,-0.01854796452595974,-0.12566881732611074,-0.17759926548922692,-0.010132138744926227,-0.021559041257684264,0.033014692986502434,-0.06920276282617745,-0.0315382027133509,-0.07152400237080775,0.08736676496462618,-0.02546047606934651,-0.05122835768046196,0.01852170010034952,0.06302862208238022,0.008921426635151164,-0.03584328979923089,-0.07220873933553318,0.047325579454053815,0.0365499901671686,-0.04213133604308585,0.02292610277503248,0.02509334181669303,0.052606547372878544,0.01373764071834584,0.011210664001106497,-0.015075815947866805,0.03587872362825133,0.01225562668653753,0.02621262022839151,-0.02546047606934651,0.03157187400448546,0.025805182166516914,-0.003995785928807848,-0.0400304708435935,0.0038663610913268333,0.013229624786493204,0.019793327275755612,-0.026442082088412026,-0.024503472252186236,0.02560981361313005,-0.010088050332356,-0.017227119965691984,-0.030214282206117122,-0.008571565022826662,0.0026393529625337742,-0.05780572655215283,0.08828329634117857,0.0013217580420951374,0.038369695343758885,-0.05122835768046196,0.025805182166516914,0.11333134679641849,-0.0007497586278047076,-0.06657381508334959,0.033874827844692076,0.03113157765162904,0.0365290664646436,-0.03288014378078238,-0.05532995761670261,0.028957395492949706,-0.027154679668812954,-0.029061625883508684,-0.04141761917354699,-0.03624876682949846,-0.0014029860226904421,-0.0046345174678729065,-0.006250619384701299,-0.035273900374854464,-0.01873941596879524,0.01852170010034952,-0.003995785928807848,-0.0007497586278047076,0.05566533952544233,-0.006018635279801329,0.006590589464767507,0.002366082071594345,-0.015847669574260315,-0.0035929770793688186,0.009456445345717362,-0.0017180315900602336,0.0021613803344640095,0.0043584965748414235,0.007993912013632485,-0.0060390056699466226,0.002142877639241772,0.0540686148172658,-0.17741690951157288,-0.028445115627911417,-0.10095894250897484,0.06302862208238022,-0.0400304708435935,-0.06657381508334959,-0.006018635279801329,0.19557917501542502,0.008312556155656493,-0.02190234312504985,-0.1003330277846875,0.08934094672182684,0.08028999442575331,-0.1263818877614056,0.04788554242063385,0.07859191272810387,0.1219264632841855,0.04303616275158949,-0.007590259574735479,-0.0043095142223731325,0.023355387832249934,-0.06471713061161152,-0.004939307386006928,0.008921426635151164,0.0038663610913268333,0.033874827844692076,0.006590589464767507,0.008312556155656493,0.11373467568530218,0.001989393832320256,-0.034411217824154086,0.05466581017667782,-0.03303781244549767,-0.05063495337021136,0.014093411775670544,-0.017336011436695865,-0.012975087561752384,-0.00889258782770772,-0.002373994104747464,-0.018172467012183235,0.00910974768880634,0.013307859852691326,0.04568370185302413,-0.03584328979923089,0.013229624786493204,0.03113157765162904,0.002366082071594345,-0.02190234312504985,0.001989393832320256,0.06551955095636602,0.03962776388361882,-0.04029903447140255,-0.008206987774220695,0.022954015166926755,0.0012711526674088513,-0.006874543519599955,-0.03877685402984657,-0.016410270317172924,-0.018493125352286446,-0.027208910387454946,0.11374800173940255,0.04854264791947026,0.11332677361275287,-0.07220873933553318,0.019793327275755612,0.0365290664646436,-0.015847669574260315,-0.1003330277846875,-0.034411217824154086,0.03962776388361882,0.15183028586934028,-0.08825653640919028,-0.050288956381770625,0.08818657329203619,-0.02255660959397863,-0.08000360244801134,-0.11435534038146097,-0.028784257421813016,-0.02000984514578784,0.06385871241907519,-0.087569571094532,-0.05349381048054758,-0.07687580908931457,0.047325579454053815,-0.026442082088412026,-0.03288014378078238,-0.0035929770793688186,0.08934094672182684,0.05466581017667782,-0.04029903447140255,-0.08825653640919028,0.12712990434841964,0.027273805710175986,-0.09447970981143222,0.03619513185804471,0.04622579752004548,0.05008605700137174,0.021084602865970567,-0.0013458456954993287,0.02908556805518526,-0.09005026153949547,-0.001259958469440295,-0.05690202320625257,0.0365499901671686,-0.024503472252186236,-0.05532995761670261,0.009456445345717362,0.08028999442575331,-0.03303781244549767,-0.008206987774220695,-0.050288956381770625,0.027273805710175986,0.06696982082155047,-0.04437351005722035,0.018342783778340026,0.05582737218649261,0.07662301959628863,0.020494017013382708,0.0011301633640014666,-0.056444226018295095,0.13468838811285447,0.0534378500676765,0.0915592997071161,-0.04213133604308585,0.02560981361313005,0.028957395492949706,-0.0017180315900602336,-0.1263818877614056,-0.05063495337021136,0.022954015166926755,0.08818657329203619,-0.09447970981143222,-0.04437351005722035,0.15040950077629264,-0.029099344648764874,-0.07419321997500025,-0.09271997353240773,-0.04051288567981523,-0.005408978817731799,0.032478795872037926,-0.047223656641530096,-0.013382134882520786,-0.01854796452595974,0.02292610277503248,-0.010088050332356,-0.027154679668812954,0.0021613803344640095,0.04788554242063385,0.014093411775670544,0.0012711526674088513,-0.02255660959397863,0.03619513185804471,0.018342783778340026,-0.029099344648764874,0.0355441068553732,0.01167086229226746,0.0024568685687264826,0.006628569395418271,-0.013691012459312084,0.02306406653928312,-0.13480911887286062,-0.02580726908478955,-0.12566881732611074,0.02509334181669303,-0.017227119965691984,-0.029061625883508684,0.0043584965748414235,0.07859191272810387,-0.017336011436695865,-0.006874543519599955,-0.08000360244801134,0.04622579752004548,0.05582737218649261,-0.07419321997500025,0.01167086229226746,0.13269351197527365,0.13482194625500082,0.011926045219526508,0.010321947044436296,-0.0037708921180212556,-0.14904355547953468,-0.03860810742521345,-0.17759926548922692,0.052606547372878544,-0.030214282206117122,-0.04141761917354699,0.007993912013632485,0.1219264632841855,-0.012975087561752384,-0.03877685402984657,-0.11435534038146097,0.05008605700137174,0.07662301959628863,-0.09271997353240773,0.0024568685687264826,0.13482194625500082,0.23063599382451178,0.015887292754013824,0.025390856413703967,0.0255246970500766,-0.044062705988997405,0.005721119387027214,-0.010132138744926227,0.01373764071834584,-0.008571565022826662,-0.03624876682949846,-0.0060390056699466226,0.04303616275158949,-0.00889258782770772,-0.016410270317172924,-0.028784257421813016,0.021084602865970567,0.020494017013382708,-0.04051288567981523,0.006628569395418271,0.011926045219526508,0.015887292754013824,0.04542847117283928,0.0069683268186255705,-0.018661069716618073,0.014533398596030993,-0.01000887942992059,-0.021559041257684264,0.011210664001106497,0.0026393529625337742,-0.0014029860226904421,0.002142877639241772,-0.007590259574735479,-0.002373994104747464,-0.018493125352286446,-0.02000984514578784,-0.0013458456954993287,0.0011301633640014666,-0.005408978817731799,-0.013691012459312084,0.010321947044436296,0.025390856413703967,0.0069683268186255705,0.049920469325545246
0.04356474989442335,0.013890914578681827,0.0048520802900058725,0.015404578574555688,0.001996389617846068,-0.01570303172371601,0.003427144530721204,0.016489805373261016,-0.011936847992629871,0.0004443671595518073,-0.011073734748910893,-0.016495521139004245,-0.012358606775974534,-0.005406308753933871,0.005246399183152136,0.011979648919064431,-0.0034249077574650495,-0.015290011164700221,0.008754311991648125,0.01150438958290665,0.013890914578681827,0.04829882111169739,-0.013954034991182942,0.002412543967725644,-0.006870538777796826,-0.016888416006697743,-0.005563713308224931,0.026525104379236296,-0.0023935333753288233,0.0009258289570154891,-0.008730183201131092,-0.02001505349663775,-0.005510550397003475,-0.013813237120208488,-0.003295332904557052,-0.007647289620411333,-0.02029527963028169,-0.0053041078608762945,0.014509901007300922,0.02537973701540734,0.0048520802900058725,-0.013954034991182942,0.05517612199641188,-0.00712654970773074,0.01585202422406639,-0.009161718853164294,-0.0075026322713418,-0.010192582074637128,0.00018566719773185653,0.004605225376961062,0.00984452252823433,0.03202110373223145,-0.0074642877304999045,0.005786018153479596,0.0013269063571783937,-0.002995973160637032,6.276186909577857e-5,0.0030050923757206573,0.005420043508985024,-0.011947242586555093,0.015404578574555688,0.002412543967725644,-0.00712654970773074,0.043284451027436666,-0.0006511486085516178,0.003931276754774587,0.01848705899515412,-0.0013386067840408626,-0.001919109778704354,0.010480482275394689,-0.0015098368913309822,-0.00907410767047871,-0.0047983713493852664,-0.0043439967749582965,0.0034525415073169913,0.01615519467562313,0.006725480971269512,-0.011682738399195782,0.004709072373090947,0.004810585863983547,0.001996389617846068,-0.006870538777796826,0.01585202422406639,-0.0006511486085516178,0.02623594978613955,-0.00051255425398002,-0.005224524961429145,-0.0005812287892612321,0.009649217804469755,0.006510232896378851,-0.0008909562230836761,0.009044047627488972,0.0032627802080514154,-0.004138653835918433,0.002612318013320125,-0.009601437527007024,0.005004406454915676,-0.00022673489448017496,0.006435797103439375,-0.007846986367864194,-0.01570303172371601,-0.016888416006697743,-0.009161718853164294,0.003931276754774587,-0.00051255425398002,0.04431588494468208,0.0025899150255199355,-0.00942273934229509,0.015199198684521107,-0.010899322336213874,-0.0020146782406498037,0.004649196322452502,0.00838319896941072,0.0068850928283729134,0.0011929048647654123,0.008995911022759378,0.02699671072273567,0.006396804406944885,-0.007915932221340634,-0.01612011648795692,0.003427144530721204,-0.005563713308224931,-0.0075026322713418,0.01848705899515412,-0.005224524961429145,0.0025899150255199355,0.027733199288415222,-0.0004986622453415368,0.003386612175280041,0.006222126555697065,-0.007167052156374585,-0.01226574905379215,-0.0022774080830882284,0.0002648783587330824,0.005897121362875625,0.018180306526649516,0.011281620493876725,-0.00556902527064752,-0.0018484036973220493,-0.005404002121686392,0.016489805373261016,0.026525104379236296,-0.010192582074637128,-0.0013386067840408626,-0.0005812287892612321,-0.00942273934229509,-0.0004986622453415368,0.06103378381626319,0.00391396946044591,-0.006885497605328677,-0.026229586147937266,-0.032231793368757033,-0.004541156158243719,-0.01916138667497959,-0.009392563696561555,-0.0017261356023207499,-0.023618055254119544,-0.0034648931849478046,0.022858908056690563,0.041613253657186045,-0.011936847992629871,-0.0023935333753288233,0.00018566719773185653,-0.001919109778704354,0.009649217804469755,0.015199198684521107,0.003386612175280041,0.00391396946044591,0.056726247220913815,0.010708896544589014,-0.002955467817970114,0.004293467710071294,0.012913509751582125,-0.00929247934335176,0.004112659438216272,-0.025108614216998497,0.01568961865160603,0.007241962616111859,0.005356464149176718,-0.00920805813256481,0.0004443671595518073,0.0009258289570154891,0.004605225376961062,0.010480482275394689,0.006510232896378851,-0.010899322336213874,0.006222126555697065,-0.006885497605328677,0.010708896544589014,0.04360525038184742,0.011809392437199247,0.0013341729165328464,0.00485478988606503,-0.0003791671099217216,0.014973869749550502,-0.01189855234740585,0.00814136754681664,-0.00894686895739047,0.006114310391441932,-0.008274933165824717,-0.011073734748910893,-0.008730183201131092,0.00984452252823433,-0.0015098368913309822,-0.0008909562230836761,-0.0020146782406498037,-0.007167052156374585,-0.026229586147937266,-0.002955467817970114,0.011809392437199247,0.04701185760849417,0.019905628061683594,0.012506828992307754,0.014182257978291474,0.019329057976459986,-0.012661158916383267,0.01055111653193919,-0.0014788808591798563,-0.007576605124220496,-0.0198631774299366,-0.016495521139004245,-0.02001505349663775,0.03202110373223145,-0.00907410767047871,0.009044047627488972,0.004649196322452502,-0.01226574905379215,-0.032231793368757033,0.004293467710071294,0.0013341729165328464,0.019905628061683594,0.061549933979698844,-0.005397875853776719,0.01537266149653729,0.0009904218719429593,-0.00025981982572546034,0.01125639464429325,0.017373574480868896,-0.006941302483262725,-0.024275810586149367,-0.012358606775974534,-0.005510550397003475,-0.0074642877304999045,-0.0047983713493852664,0.0032627802080514154,0.00838319896941072,-0.0022774080830882284,-0.004541156158243719,0.012913509751582125,0.00485478988606503,0.012506828992307754,-0.005397875853776719,0.04856030844395777,0.02029110625605559,0.018456161517035788,-0.018850859433757534,0.0094922579597774,0.004200112515292673,-0.0035193414682363902,-0.017489714317892292,-0.005406308753933871,-0.013813237120208488,0.005786018153479596,-0.0043439967749582965,-0.004138653835918433,0.0068850928283729134,0.0002648783587330824,-0.01916138667497959,-0.00929247934335176,-0.0003791671099217216,0.014182257978291474,0.01537266149653729,0.02029110625605559,0.051034777182088695,0.006047848161275035,0.006196702296317899,0.008241682248216437,0.011672605467041425,-0.006707396406106645,-0.014180586660239808,0.005246399183152136,-0.003295332904557052,0.0013269063571783937,0.0034525415073169913,0.002612318013320125,0.0011929048647654123,0.005897121362875625,-0.009392563696561555,0.004112659438216272,0.014973869749550502,0.019329057976459986,0.0009904218719429593,0.018456161517035788,0.006047848161275035,0.043751235517187986,-0.014373279163688857,0.013818676955875346,-0.014830343739361075,-0.0016441592550699108,-0.018138104476247974,0.011979648919064431,-0.007647289620411333,-0.002995973160637032,0.01615519467562313,-0.009601437527007024,0.008995911022759378,0.018180306526649516,-0.0017261356023207499,-0.025108614216998497,-0.01189855234740585,-0.012661158916383267,-0.00025981982572546034,-0.018850859433757534,0.006196702296317899,-0.014373279163688857,0.06954459781301676,0.004870255979897917,0.0005531159733365761,0.0033894853084523134,0.0030775238260248544,-0.0034249077574650495,-0.02029527963028169,6.276186909577857e-5,0.006725480971269512,0.005004406454915676,0.02699671072273567,0.011281620493876725,-0.023618055254119544,0.01568961865160603,0.00814136754681664,0.01055111653193919,0.01125639464429325,0.0094922579597774,0.008241682248216437,0.013818676955875346,0.004870255979897917,0.05856471902714194,-0.003578825132909097,-0.009919157990561865,-0.030108199774026616,-0.015290011164700221,-0.0053041078608762945,0.0030050923757206573,-0.011682738399195782,-0.00022673489448017496,0.006396804406944885,-0.00556902527064752,-0.0034648931849478046,0.007241962616111859,-0.00894686895739047,-0.0014788808591798563,0.017373574480868896,0.004200112515292673,0.011672605467041425,-0.014830343739361075,0.0005531159733365761,-0.003578825132909097,0.04274862607559341,-0.009209897040963014,-0.0003637556900689726,0.008754311991648125,0.014509901007300922,0.005420043508985024,0.004709072373090947,0.006435797103439375,-0.007915932221340634,-0.0018484036973220493,0.022858908056690563,0.005356464149176718,0.006114310391441932,-0.007576605124220496,-0.006941302483262725,-0.0035193414682363902,-0.006707396406106645,-0.0016441592550699108,0.0033894853084523134,-0.009919157990561865,-0.009209897040963014,0.04741387770527202,0.0224909384963892,0.01150438958290665,0.02537973701540734,-0.011947242586555093,0.004810585863983547,-0.007846986367864194,-0.01612011648795692,-0.005404002121686392,0.041613253657186045,-0.00920805813256481,-0.008274933165824717,-0.0198631774299366,-0.024275810586149367,-0.017489714317892292,-0.014180586660239808,-0.018138104476247974,0.0030775238260248544,-0.030108199774026616,-0.0003637556900689726,0.0224909384963892,0.06233827922546611
