0.041120305902435025,0.011709820708251774,-0.011501156200236172,-0.020756669365207057,0.006041356941842478,0.0022516927714912663,0.010846215877618111,0.01640518795566185,-0.004643041045146037,0.008691156781697282,-0.0026492799720687936,-0.008532784330978847,0.0027546500784356685,0.0016630791509934877,0.004781967315372546,0.012691363689566694,0.006003467082985178,-0.00843398511464754,0.00474511730141771,-0.005621925286316241,0.011709820708251774,0.03312013961446596,0.012271668756719506,-0.017319438132332405,-0.009212762358405907,0.014220549234878699,-0.002447705803999385,-0.015747265624792582,-0.00013129673416750016,0.009429606003261062,-0.0022317119928500907,-0.002544937430688885,-0.0019069890423758858,0.008277645454220939,0.01455614679227242,0.02383581920196107,-0.013698848857399078,-0.010915956752800701,0.004429736038498563,-0.016518322167147204,-0.011501156200236172,0.012271668756719506,0.04605063926462043,0.0007549712681180361,-0.014987128694182535,0.015571488323150914,0.0005397839203777336,-0.026040431111428182,0.008892596973360846,0.008977727986765816,-0.0037872473114955556,5.718883821180797e-5,-0.0027229623238107688,0.00629728609747083,0.00818634206093819,0.0013471043529798157,-0.014632219576912202,-0.007315901942281248,-0.0033108900067451335,-0.01844638910640621,-0.020756669365207057,-0.017319438132332405,0.0007549712681180361,0.041864092914612336,0.009862019644640443,-0.0062066765670623705,-0.0007010935075639114,0.007610958195141461,0.00240552441424838,-0.008910836818653374,-0.0022258350864632196,0.0024811070826591154,0.0017597196412558634,-0.004116982087790832,-0.01643276778464102,-0.02112785824777879,0.008423218235328604,0.007764793874844871,-0.0024862788914056825,0.007866276719579396,0.006041356941842478,-0.009212762358405907,-0.014987128694182535,0.009862019644640443,0.030532394287021047,-0.009887094882953498,0.010161816958688733,0.028490202774873363,0.004060021831260519,-0.01063675022291789,-0.005001728949889853,-0.0013177006321622563,0.005270378533390878,-0.0004682255258523257,-0.009096220880626286,-0.017585882767914687,0.01820463507586003,0.0037163213460755995,0.0008985800440406698,0.011767016878109812,0.0022516927714912663,0.014220549234878699,0.015571488323150914,-0.0062066765670623705,-0.009887094882953498,0.030246241705188196,-0.0024116869735443377,-0.023645045224156284,0.003681020441577068,0.005344441749910671,0.0033318427436567865,0.0014618847021520636,-0.004080427319783403,0.001253331837237001,0.010402173692256341,0.02102144459494784,-0.012492347457191567,-0.005631747301388705,0.0021755914101626492,-0.011739036616182282,0.010846215877618111,-0.002447705803999385,0.0005397839203777336,-0.0007010935075639114,0.010161816958688733,-0.0024116869735443377,0.03489503769469863,0.01558991592239114,-0.0022113226706822753,-0.0011954442737813766,0.0014200790524681569,-0.013544388025425923,0.0036444985420746256,-0.0035748730194283354,-0.0061085869929675095,-0.013414556887552644,0.00907915948875023,0.0016011547897509955,-0.012741658715392786,-0.004422535040542923,0.01640518795566185,-0.015747265624792582,-0.026040431111428182,0.007610958195141461,0.028490202774873363,-0.023645045224156284,0.01558991592239114,0.07320324209481478,-0.0037723473999923766,-0.006515577174788701,-0.00922214527528009,-0.010859614183487888,0.008552013916754276,-0.0018599540902676389,-0.01459725620492416,-0.034430936835777595,0.03246614336847316,0.0067981325033804035,-0.00577275930940958,0.02482813213823772,-0.004643041045146037,-0.00013129673416750016,0.008892596973360846,0.00240552441424838,0.004060021831260519,0.003681020441577068,-0.0022113226706822753,-0.0037723473999923766,0.016935023997045964,-0.0012770160866626863,-0.007332474470883188,0.005705021191167358,0.004126756151698705,0.00030403626949112184,0.0027243389965503585,-0.0009141169029463755,-0.0032186660120794982,-0.0028983092797227787,0.0007537567854574473,-0.012336823042079208,0.008691156781697282,0.009429606003261062,0.008977727986765816,-0.008910836818653374,-0.01063675022291789,0.005344441749910671,-0.0011954442737813766,-0.006515577174788701,-0.0012770160866626863,0.031866344523029125,-0.007605056765093132,0.0026375125162905627,-0.002954727956056196,0.0024022366780830813,0.008211905860636543,0.016064881666130883,-0.011810167015016389,-0.006740578229807997,0.0016626373860432792,-0.020701010626761652,-0.0026492799720687936,-0.0022317119928500907,-0.0037872473114955556,-0.0022258350864632196,-0.005001728949889853,0.0033318427436567865,0.0014200790524681569,-0.00922214527528009,-0.007332474470883188,-0.007605056765093132,0.022748256743888237,-0.00436086540370283,-0.0015130754411197766,-0.009001945415825746,-0.0025145626282499006,0.002864470190881983,0.0007829408910178166,0.009980215540497783,-0.003923017374350383,0.011427647019798589,-0.008532784330978847,-0.002544937430688885,5.718883821180797e-5,0.0024811070826591154,-0.0013177006321622563,0.0014618847021520636,-0.013544388025425923,-0.010859614183487888,0.005705021191167358,0.0026375125162905627,-0.00436086540370283,0.028124800957846717,-0.002096029813805278,0.0028424417537712713,0.005979292709217494,0.004038815121953343,-0.008086611560777416,-0.0007796894381687973,0.008238788700853313,-0.0016978679475206674,0.0027546500784356685,-0.0019069890423758858,-0.0027229623238107688,0.0017597196412558634,0.005270378533390878,-0.004080427319783403,0.0036444985420746256,0.008552013916754276,0.004126756151698705,-0.002954727956056196,-0.0015130754411197766,-0.002096029813805278,0.016774305531430684,0.001205089474946438,-0.003213465516669079,-0.004388378542132501,0.003945681906106105,-0.0006881882450751336,0.00396168723306051,-0.006506882693196237,0.0016630791509934877,0.008277645454220939,0.00629728609747083,-0.004116982087790832,-0.0004682255258523257,0.001253331837237001,-0.0035748730194283354,-0.0018599540902676389,0.00030403626949112184,0.0024022366780830813,-0.009001945415825746,0.0028424417537712713,0.001205089474946438,0.021204697011132777,0.006039517697632347,1.9868512508602974e-5,-0.004406937884109798,-0.010162515794669,0.0012623015751491557,-0.013898211257325526,0.004781967315372546,0.01455614679227242,0.00818634206093819,-0.01643276778464102,-0.009096220880626286,0.010402173692256341,-0.0061085869929675095,-0.01459725620492416,0.0027243389965503585,0.008211905860636543,-0.0025145626282499006,0.005979292709217494,-0.003213465516669079,0.006039517697632347,0.029119298197436763,0.01999950294537875,-0.012253078909113937,-0.005354007239657467,0.006286490628694734,-0.009746254989156962,0.012691363689566694,0.02383581920196107,0.0013471043529798157,-0.02112785824777879,-0.017585882767914687,0.02102144459494784,-0.013414556887552644,-0.034430936835777595,-0.0009141169029463755,0.016064881666130883,0.002864470190881983,0.004038815121953343,-0.004388378542132501,1.9868512508602974e-5,0.01999950294537875,0.06104961295273199,-0.026724909846840433,-0.007248840081388648,0.01287547121621897,-0.02647412623464453,0.006003467082985178,-0.013698848857399078,-0.014632219576912202,0.008423218235328604,0.01820463507586003,-0.012492347457191567,0.00907915948875023,0.03246614336847316,-0.0032186660120794982,-0.011810167015016389,0.0007829408910178166,-0.008086611560777416,0.003945681906106105,-0.004406937884109798,-0.012253078909113937,-0.026724909846840433,0.03740069190900479,0.010754589783165455,-0.007347230928105384,0.026427939549644706,-0.00843398511464754,-0.010915956752800701,-0.007315901942281248,0.007764793874844871,0.0037163213460755995,-0.005631747301388705,0.0016011547897509955,0.0067981325033804035,-0.0028983092797227787,-0.006740578229807997,0.009980215540497783,-0.0007796894381687973,-0.0006881882450751336,-0.010162515794669,-0.005354007239657467,-0.007248840081388648,0.010754589783165455,0.026201003555466472,-0.0019359261559401993,0.021370758304698367,0.00474511730141771,0.004429736038498563,-0.0033108900067451335,-0.0024862788914056825,0.0008985800440406698,0.0021755914101626492,-0.012741658715392786,-0.00577275930940958,0.0007537567854574473,0.0016626373860432792,-0.003923017374350383,0.008238788700853313,0.00396168723306051,0.0012623015751491557,0.006286490628694734,0.01287547121621897,-0.007347230928105384,-0.0019359261559401993,0.015466821885427324,-0.0038404905228934133,-0.005621925286316241,-0.016518322167147204,-0.01844638910640621,0.007866276719579396,0.011767016878109812,-0.011739036616182282,-0.004422535040542923,0.02482813213823772,-0.012336823042079208,-0.020701010626761652,0.011427647019798589,-0.0016978679475206674,-0.006506882693196237,-0.013898211257325526,-0.009746254989156962,-0.02647412623464453,0.026427939549644706,0.021370758304698367,-0.0038404905228934133,0.07353823387590876
0.13485005130948854,0.01037489519413946,0.010989648245958022,-0.05451635102461764,-0.10943353844833481,0.055486967866531775,-0.08136100152842739,-0.009395571829640348,-0.00010057668813167643,0.06133229878970292,-0.02574740155145905,-0.0680885498364076,-0.048793891818557956,-0.011980842336350606,0.05366925353311224,0.030448423275838223,0.06343722290179368,-0.027849747206865838,0.001682890876174941,0.024179542088045042,0.01037489519413946,0.02124772423774186,-0.0015049330775642451,-0.0063513047324003065,-0.010334913939239097,0.0016133669289768201,-0.007431131337523185,-0.008624959737044125,-0.0010451870596885431,0.008534006320973168,-0.006564303328901368,-0.01118787283417334,-0.004438328368744122,0.005316027013343426,0.004091812330337109,0.010099935690451166,0.009872200946865842,-0.006524188115840789,0.005649440351488614,0.0026060573336692348,0.010989648245958022,-0.0015049330775642451,0.03782825954604915,0.021237627286904665,-0.00583467959798907,-0.0317269124636739,-0.0022129497612223313,0.017354109420736515,-0.033107153803390826,-0.002066114835127807,-0.007087039646238358,0.0029709071563540287,-0.0077873271940849306,0.007075366428255486,0.008997559611921235,0.011774806391289451,0.012523678991930381,0.007971724692706454,0.006447534137346778,-0.01938689932015545,-0.05451635102461764,-0.0063513047324003065,0.021237627286904665,0.09381291094683415,0.043516637443650544,-0.09524121038558697,0.05052263213761013,0.02757190499424854,-0.048581787147611875,-0.026343140583116764,-0.010885237639946706,0.04713448438958661,0.004916445180076149,0.019478989635145424,-0.02222195600268699,-0.0032438573324472747,-0.005197178958712441,0.027007741462822126,0.002162899926819604,-0.06523982444259971,-0.10943353844833481,-0.010334913939239097,-0.00583467959798907,0.043516637443650544,0.12945388986877626,-0.04172303636974369,0.08084899097338433,-0.0070045124159370375,0.011326717852997607,-0.0653957850810856,0.023812990730182573,0.05092884160022121,0.04492800422056842,0.01233095328890238,-0.05478248620471558,-0.019664696496607004,-0.056560392709910715,0.02525184663836667,0.0026000906956639776,-0.022366523261350194,0.055486967866531775,0.0016133669289768201,-0.0317269124636739,-0.09524121038558697,-0.04172303636974369,0.1505700015967515,-0.04050830999570958,-0.04463102817496381,0.06544824319854756,0.028840761623678567,0.013187580458381764,-0.04628798054904811,-0.006957697092447229,-0.040376531158069454,0.014732529988066345,-0.003148616576333677,-0.0068945293520313675,-0.04335525816520232,-0.010075781984831871,0.08894538454307466,-0.08136100152842739,-0.007431131337523185,-0.0022129497612223313,0.05052263213761013,0.08084899097338433,-0.04050830999570958,0.10968213092200214,-0.022700301123081176,-0.006237268241489121,-0.0497406281623245,0.009409389479231568,0.053824118770408644,0.022905898199900167,0.0021449355628021943,-0.04105626653518203,-0.01993265459307365,-0.022267617801461526,0.019474747775875274,-0.012688278529999868,-0.03804881897013119,-0.009395571829640348,-0.008624959737044125,0.017354109420736515,0.02757190499424854,-0.0070045124159370375,-0.04463102817496381,-0.022700301123081176,0.0826600212949823,-0.030706207655107662,-0.0061126382828286824,-0.004405923763841579,0.026135265298034314,0.008608117643119735,0.02451613287714981,-0.001847339637829669,-0.002930840262969747,-0.017939136552149744,0.013643580134375105,0.012082772784542185,-0.012910806737995937,-0.00010057668813167643,-0.0010451870596885431,-0.033107153803390826,-0.048581787147611875,0.011326717852997607,0.06544824319854756,-0.006237268241489121,-0.030706207655107662,0.07205781308685841,-0.0004322826874711078,0.01749182438801746,-0.015368498866374567,0.019013468328674187,-0.023492193073104274,-0.008092869441443825,-0.0013301515438573185,-0.02736264751659301,-0.012384377114732378,-0.0024121993894615605,0.04614461916847529,0.06133229878970292,0.008534006320973168,-0.002066114835127807,-0.026343140583116764,-0.0653957850810856,0.028840761623678567,-0.0497406281623245,-0.0061126382828286824,-0.0004322826874711078,0.07237708042968473,-0.014353596118966638,-0.05312680291206015,-0.029484843143408206,-0.005206375649383672,0.03369697614565697,0.018043960990316736,0.03821562341291385,-0.021740286087335605,0.00292597686645314,0.023185447015613335,-0.02574740155145905,-0.006564303328901368,-0.007087039646238358,-0.010885237639946706,0.023812990730182573,0.013187580458381764,0.009409389479231568,-0.004405923763841579,0.01749182438801746,-0.014353596118966638,0.032977914978473466,0.010765805386334114,0.012697965492834508,-0.003527308401621598,-0.017691273327670204,-0.02009728286515352,-0.014153468748981742,0.0015172611000598053,-0.0027564580005546395,0.008962610772687559,-0.0680885498364076,-0.01118787283417334,0.0029709071563540287,0.04713448438958661,0.05092884160022121,-0.04628798054904811,0.053824118770408644,0.026135265298034314,-0.015368498866374567,-0.05312680291206015,0.010765805386334114,0.09412227755547022,0.027628077149841834,0.01575414164573944,-0.042927569810730176,-0.03012977293818061,-0.03581068357711746,0.023241152706596605,0.004559248693072036,-0.04302551756358189,-0.048793891818557956,-0.004438328368744122,-0.0077873271940849306,0.004916445180076149,0.04492800422056842,-0.006957697092447229,0.022905898199900167,0.008608117643119735,0.019013468328674187,-0.029484843143408206,0.012697965492834508,0.027628077149841834,0.04760739215213681,0.0034949971529064745,-0.0298055434955338,-0.011949812988252935,-0.05161358410430928,0.005919810545650295,0.009994057581673065,0.011529203150667789,-0.011980842336350606,0.005316027013343426,0.007075366428255486,0.019478989635145424,0.01233095328890238,-0.040376531158069454,0.0021449355628021943,0.02451613287714981,-0.023492193073104274,-0.005206375649383672,-0.003527308401621598,0.01575414164573944,0.0034949971529064745,0.033742670182969225,0.0009432253509644225,0.002288326426233082,-0.006378446188039287,0.010259759781445024,-0.0028355851988670047,-0.024656456478752455,0.05366925353311224,0.004091812330337109,0.008997559611921235,-0.02222195600268699,-0.05478248620471558,0.014732529988066345,-0.04105626653518203,-0.001847339637829669,-0.008092869441443825,0.03369697614565697,-0.017691273327670204,-0.042927569810730176,-0.0298055434955338,0.0009432253509644225,0.05233013517643793,0.01832484393613326,0.03513593926947658,-0.011058046767157359,-0.012304176011514182,0.010411462373477624,0.030448423275838223,0.010099935690451166,0.011774806391289451,-0.0032438573324472747,-0.019664696496607004,-0.003148616576333677,-0.01993265459307365,-0.002930840262969747,-0.0013301515438573185,0.018043960990316736,-0.02009728286515352,-0.03012977293818061,-0.011949812988252935,0.002288326426233082,0.01832484393613326,0.036277574860616606,0.005479010258458273,-0.013266512112018434,0.0004712662405035521,0.005405065790660718,0.06343722290179368,0.009872200946865842,0.012523678991930381,-0.005197178958712441,-0.056560392709910715,-0.0068945293520313675,-0.022267617801461526,-0.017939136552149744,-0.02736264751659301,0.03821562341291385,-0.014153468748981742,-0.03581068357711746,-0.05161358410430928,-0.006378446188039287,0.03513593926947658,0.005479010258458273,0.09806258685343362,0.01032668336916747,-0.010079496096416934,-0.02726961617123369,-0.027849747206865838,-0.006524188115840789,0.007971724692706454,0.027007741462822126,0.02525184663836667,-0.04335525816520232,0.019474747775875274,0.013643580134375105,-0.012384377114732378,-0.021740286087335605,0.0015172611000598053,0.023241152706596605,0.005919810545650295,0.010259759781445024,-0.011058046767157359,-0.013266512112018434,0.01032668336916747,0.04787189276345583,-0.0038847544962224323,-0.033813337279217245,0.001682890876174941,0.005649440351488614,0.006447534137346778,0.002162899926819604,0.0026000906956639776,-0.010075781984831871,-0.012688278529999868,0.012082772784542185,-0.0024121993894615605,0.00292597686645314,-0.0027564580005546395,0.004559248693072036,0.009994057581673065,-0.0028355851988670047,-0.012304176011514182,0.0004712662405035521,-0.010079496096416934,-0.0038847544962224323,0.031713565902475704,0.002750762612540614,0.024179542088045042,0.0026060573336692348,-0.01938689932015545,-0.06523982444259971,-0.022366523261350194,0.08894538454307466,-0.03804881897013119,-0.012910806737995937,0.04614461916847529,0.023185447015613335,0.008962610772687559,-0.04302551756358189,0.011529203150667789,-0.024656456478752455,0.010411462373477624,0.005405065790660718,-0.02726961617123369,-0.033813337279217245,0.002750762612540614,0.09543530616872858
0.03413562510049345,-0.005737151193114658,0.01898592934090436,-0.020663632916524604,-0.006707038744606228,0.009403946536376297,0.0008106745022059311,-0.008951814598384976,0.022218022306407112,0.007502202735023777,0.005371220574428643,-0.014269201688939782,-0.0008090237642204188,-0.002512614326768181,0.004568079016444128,0.005562960949586151,-0.011360444918431049,0.0023460209372612026,0.00032331234432843086,0.0001847126218216819,-0.005737151193114658,0.027362690043243605,0.003339070953653072,-0.011620708376522293,-0.008257505228432872,0.014858917825243362,-0.001181537175195574,-0.009325576463750233,0.003321392464296549,0.006530919181057345,0.003603431750583401,-0.011711834060081031,0.0044451771081133245,-0.0037043859092489003,0.007622194359333761,0.018471266914655858,0.0010635697133534183,-0.007784751157999719,-0.005769185241253728,-0.013280806975048558,0.01898592934090436,0.003339070953653072,0.10314369327615695,-0.02702832450112989,-0.024698432840652762,0.02305052385045061,0.014875152127221543,-0.018353959011837145,0.028920684226645267,0.021715944429652214,0.005254352646645212,-0.027641926663217277,-0.012961893265140427,-0.004192888899377502,0.026217002064596612,0.011303869387566005,-0.003282072506946579,-0.00817244111630387,-0.018325822114682554,-0.02506788202616332,-0.020663632916524604,-0.011620708376522293,-0.02702832450112989,0.07480019682132276,0.02207315353745177,-0.03047894983867951,-0.008051237553868298,0.005569312734943593,-0.023760785228647323,-0.01219641822566407,-0.004060141618907217,0.015421259957830072,0.008060663739624423,0.005309036183675367,-0.011467708519848407,-0.028819877539269283,-1.922277701029611e-6,-0.005799150906389936,0.013849647509736829,0.005643712518604211,-0.006707038744606228,-0.008257505228432872,-0.024698432840652762,0.02207315353745177,0.02823020889856362,-0.017816307418501192,-0.008693862252354736,0.009915519233275077,-0.008789392124323584,-0.011436091500666195,0.0034027204128424036,0.007817530614493256,0.0036347253142746984,0.001207328082543788,-0.014436359881115347,-0.016821629972522407,0.005527062697455537,0.0014817722663544872,0.01314043187416682,0.0136372510693624,0.009403946536376297,0.014858917825243362,0.02305052385045061,-0.03047894983867951,-0.017816307418501192,0.043609493684548514,0.0021182602462274463,-0.01615595833052183,0.013831081632436636,0.013177035722906839,0.008887290029752977,-0.021345848732465818,-0.001199699773087125,-0.007813272483847554,0.006992533718054129,0.03221176437248724,-0.005277014994726494,-0.00855419747031932,-0.007959313059297167,-0.015653687000385188,0.0008106745022059311,-0.001181537175195574,0.014875152127221543,-0.008051237553868298,-0.008693862252354736,0.0021182602462274463,0.024476331345687392,-0.001446220706553421,-0.002367155814985009,0.006523885686526711,-0.009490757569541545,0.0004768658168583026,-0.009844776074141767,-0.0016328898983804443,0.00754398279109302,0.0030094513111694906,0.0033624786616930865,0.0022170796993116857,-0.014469067654889086,-0.004603640737644732,-0.008951814598384976,-0.009325576463750233,-0.018353959011837145,0.005569312734943593,0.009915519233275077,-0.01615595833052183,-0.001446220706553421,0.0316516996547761,-0.0063642439035530235,-0.013582326392338086,-0.008293473065455807,0.01634408953903734,-0.0004051660955374404,0.0024465569454746776,-0.005922342796072346,-0.017576197548968425,0.012138576082394902,0.005625598008874547,0.0023093117255921,0.0070289099285519244,0.022218022306407112,0.003321392464296549,0.028920684226645267,-0.023760785228647323,-0.008789392124323584,0.013831081632436636,-0.002367155814985009,-0.0063642439035530235,0.03659406337457127,0.004893482626789528,0.010356173224682193,-0.018083287059775424,0.004074512026435233,-0.0007383712468246153,0.013293444836659807,0.009357646649989037,-0.013173660255814613,0.0028364456416223247,-0.006339898294260592,-0.01000095161436864,0.007502202735023777,0.006530919181057345,0.021715944429652214,-0.01219641822566407,-0.011436091500666195,0.013177035722906839,0.006523885686526711,-0.013582326392338086,0.004893482626789528,0.026845948407829816,0.0007127279858417059,-0.01677690475227829,-0.00018045064542325696,-0.005944345259907273,0.009069410070905521,0.01814212621861242,-0.002543995811368301,-0.007008047638553428,-0.00876470869294941,-0.014008987173211081,0.005371220574428643,0.003603431750583401,0.005254352646645212,-0.004060141618907217,0.0034027204128424036,0.008887290029752977,-0.009490757569541545,-0.008293473065455807,0.010356173224682193,0.0007127279858417059,0.02218969382245301,-0.010757784325353953,0.0039716552100122265,-0.0015348149145396547,0.002272704944187793,0.011988750816423793,-0.006805293563752114,-0.0013204187482849133,0.0002770531737998161,-0.0025923927837150362,-0.014269201688939782,-0.011711834060081031,-0.027641926663217277,0.015421259957830072,0.007817530614493256,-0.021345848732465818,0.0004768658168583026,0.01634408953903734,-0.018083287059775424,-0.01677690475227829,-0.010757784325353953,0.039748508683277284,-0.006465852919702064,0.013009589499303434,-0.008261706089563262,-0.024609759854021626,0.007095359012893617,0.013301032417382702,0.003863793239605236,0.019580971998289898,-0.0008090237642204188,0.0044451771081133245,-0.012961893265140427,0.008060663739624423,0.0036347253142746984,-0.001199699773087125,-0.009844776074141767,-0.0004051660955374404,0.004074512026435233,-0.00018045064542325696,0.0039716552100122265,-0.006465852919702064,0.020316022887014038,-0.0009264160834895965,-1.3247630073890716e-5,0.0038408989856159436,-0.0037772519408937463,-0.0067382094629076,0.0092325950103737,-0.002556029671320424,-0.002512614326768181,-0.0037043859092489003,-0.004192888899377502,0.005309036183675367,0.001207328082543788,-0.007813272483847554,-0.0016328898983804443,0.0024465569454746776,-0.0007383712468246153,-0.005944345259907273,-0.0015348149145396547,0.013009589499303434,-0.0009264160834895965,0.017094379439561276,0.005327825606707429,-0.009862030494158621,-0.003125553492936641,0.005781305093100147,-0.0004405557012172397,0.00530627371305926,0.004568079016444128,0.007622194359333761,0.026217002064596612,-0.011467708519848407,-0.014436359881115347,0.006992533718054129,0.00754398279109302,-0.005922342796072346,0.013293444836659807,0.009069410070905521,0.002272704944187793,-0.008261706089563262,-1.3247630073890716e-5,0.005327825606707429,0.033462815100259474,0.01095862253416263,-0.0020368714903030464,-0.003947050357814296,-0.009963446368786467,-0.01733484538681277,0.005562960949586151,0.018471266914655858,0.011303869387566005,-0.028819877539269283,-0.016821629972522407,0.03221176437248724,0.0030094513111694906,-0.017576197548968425,0.009357646649989037,0.01814212621861242,0.011988750816423793,-0.024609759854021626,0.0038408989856159436,-0.009862030494158621,0.01095862253416263,0.055288620397186926,-0.0049962607590980325,-0.010070675281433749,-0.009604072763954963,-0.022808418863339362,-0.011360444918431049,0.0010635697133534183,-0.003282072506946579,-1.922277701029611e-6,0.005527062697455537,-0.005277014994726494,0.0033624786616930865,0.012138576082394902,-0.013173660255814613,-0.002543995811368301,-0.006805293563752114,0.007095359012893617,-0.0037772519408937463,-0.003125553492936641,-0.0020368714903030464,-0.0049962607590980325,0.03072502420037336,-0.008460184071943093,-0.004894680332334497,-0.00284031296672959,0.0023460209372612026,-0.007784751157999719,-0.00817244111630387,-0.005799150906389936,0.0014817722663544872,-0.00855419747031932,0.0022170796993116857,0.005625598008874547,0.0028364456416223247,-0.007008047638553428,-0.0013204187482849133,0.013301032417382702,-0.0067382094629076,0.005781305093100147,-0.003947050357814296,-0.010070675281433749,-0.008460184071943093,0.031957798159291305,0.0018732657015519177,0.020600303670350015,0.00032331234432843086,-0.005769185241253728,-0.018325822114682554,0.013849647509736829,0.01314043187416682,-0.007959313059297167,-0.014469067654889086,0.0023093117255921,-0.006339898294260592,-0.00876470869294941,0.0002770531737998161,0.003863793239605236,0.0092325950103737,-0.0004405557012172397,-0.009963446368786467,-0.009604072763954963,-0.004894680332334497,0.0018732657015519177,0.02287488374471917,0.010894273822056873,0.0001847126218216819,-0.013280806975048558,-0.02506788202616332,0.005643712518604211,0.0136372510693624,-0.015653687000385188,-0.004603640737644732,0.0070289099285519244,-0.01000095161436864,-0.014008987173211081,-0.0025923927837150362,0.019580971998289898,-0.002556029671320424,0.00530627371305926,-0.01733484538681277,-0.022808418863339362,-0.00284031296672959,0.020600303670350015,0.010894273822056873,0.039889008180164325
