0.008725246749873955,-0.0026924598500632437,-0.0031662592946616686,-0.0035983531668735053,0.0021158272119870866,2.5142465914959876e-5,8.395255414164339e-5,0.0013065093308720693,-0.0007060391038006371,0.0020011198340684827,0.0031857168005904905,0.0008795813429116789,-0.0009145377907831102,0.004500510957950424,0.004219298400450702,0.0004492137274698858,-0.0013320099431688008,-0.004093964258182136,-0.006597921755221399,0.0010893520955824866,-0.0026924598500632437,0.015057055703454244,-0.0019131170954821987,0.0016917633278295398,0.0011344884632832604,-0.006507860244644372,-0.003434649252817046,0.0019633051391520565,-3.0166487063250933e-5,0.0021184702624999553,-0.0006119826009050018,0.002259977573082552,-0.0013888760182049706,-0.009115527330354225,-0.0017720741348749677,-0.0033206409896859032,0.002011542984086054,-0.0044702152962971435,0.0029553851299023064,0.0026485383891733626,-0.0031662592946616686,-0.0019131170954821987,0.012265147414909252,0.006754454833450134,0.0010796228313840663,-0.001796789228819119,-0.002240472519820129,-0.003591830625895935,0.0019844694696559894,-0.0033976544523345977,0.002780537250687418,0.0007628725976429627,0.0032313703418572984,-0.0007410594710058771,-0.006584533218374392,-0.0038417421330908673,0.0022766108531273263,0.000741717436138006,0.004532295314187118,-0.003497726318822182,-0.0035983531668735053,0.0016917633278295398,0.006754454833450134,0.020495484640282842,0.002825057253655612,-0.0063107694472704255,-0.004515750550299854,0.004056941337630241,0.008835286506389862,0.0004771247623091533,0.00031766074551444975,0.0033663822978804597,0.003187794070900626,-0.0040617419234541575,-0.005752993661372191,-0.008172006617097872,0.0025456432538528296,-0.0008061200871723671,0.0004772279085329186,-0.0026310509867871817,0.0021158272119870866,0.0011344884632832604,0.0010796228313840663,0.002825057253655612,0.011255298010219936,-0.004036193829529931,-0.0038742734371258634,0.0034671853240033856,-0.004573234817631448,-0.003105181076402362,-0.0020456686528268642,0.0020012878693574584,0.0006479578609494525,-0.0014399363510270375,-0.004078112384110492,-0.005952157719089205,-0.0018420316276509495,-0.00542291574510232,-0.005318981663088899,-0.0005115866015232198,2.5142465914959876e-5,-0.006507860244644372,-0.001796789228819119,-0.0063107694472704255,-0.004036193829529931,0.013384088955281676,0.0025225520241106292,-0.0032799991105913074,0.0038033043790764815,0.00023693289251522788,0.0007971078222395467,-0.004189205573230704,-0.006023567432647963,-0.001393275469024575,-0.001422382394787057,0.004372375096843179,0.001511433584147777,0.0070997033422050305,0.0031094409776505696,-0.004839251781739806,8.395255414164339e-5,-0.003434649252817046,-0.002240472519820129,-0.004515750550299854,-0.0038742734371258634,0.0025225520241106292,0.009941963063312343,-0.004109544088618248,0.0012974552691478775,0.003353266114665243,-0.003750337546868574,-0.0005041981538165509,-0.0010449924386647996,0.008943430698644608,0.0015183155977236905,0.0010805079657640968,0.0032302100472390875,0.001048258824937856,0.0033344308392355354,-0.004627813916546597,0.0013065093308720693,0.0019633051391520565,-0.003591830625895935,0.004056941337630241,0.0034671853240033856,-0.0032799991105913074,-0.004109544088618248,0.01494171302558372,-0.002298294787219472,-0.0019578524922943827,-0.00159641358309821,0.004168943511144465,0.00528000263517866,0.001204706291183038,0.00010043778973878575,-0.004613747013727916,0.00048120810866817635,0.001229109125702226,-0.00846053109984098,0.0012481756802387917,-0.0007060391038006371,-3.0166487063250933e-5,0.0019844694696559894,0.008835286506389862,-0.004573234817631448,0.0038033043790764815,0.0012974552691478775,-0.002298294787219472,0.02018001438552741,0.0012076696775571527,0.0010664067789717506,-0.0008699340038679775,-0.0022318586202150137,-0.0032128188806880343,-0.005098076561487834,-0.00342433625446076,0.00392818337439553,0.003215005792810743,0.008811526518144949,-0.005547642252661938,0.0020011198340684827,0.0021184702624999553,-0.0033976544523345977,0.0004771247623091533,-0.003105181076402362,0.00023693289251522788,0.003353266114665243,-0.0019578524922943827,0.0012076696775571527,0.012824162382923792,0.0029168437569673886,-0.0023423971928406145,-0.002712683485507375,0.0010032120520768115,-2.3958287946258014e-5,-0.0016088264412062792,0.000700965854466253,-0.002126976698989734,0.001112348058033356,0.00404599526264911,0.0031857168005904905,-0.0006119826009050018,0.002780537250687418,0.00031766074551444975,-0.0020456686528268642,0.0007971078222395467,-0.003750337546868574,-0.00159641358309821,0.0010664067789717506,0.0029168437569673886,0.009924188948316322,0.0015063389582512625,0.0004392081247606187,-0.00279099184433814,0.0011035532080108047,0.0018885654450751413,-0.003304029094597585,0.00029426674764906555,0.0014946869641164293,0.0029317026366269903,0.0008795813429116789,0.002259977573082552,0.0007628725976429627,0.0033663822978804597,0.0020012878693574584,-0.004189205573230704,-0.0005041981538165509,0.004168943511144465,-0.0008699340038679775,-0.0023423971928406145,0.0015063389582512625,0.010161463155259957,0.005406515048766305,-0.002561139118333629,0.00043208240635507977,-0.0018642552651407798,0.00039377174318286216,-0.003441651144278265,-0.003888451113260441,-0.001992210099209297,-0.0009145377907831102,-0.0013888760182049706,0.0032313703418572984,0.003187794070900626,0.0006479578609494525,-0.006023567432647963,-0.0010449924386647996,0.00528000263517866,-0.0022318586202150137,-0.002712683485507375,0.0004392081247606187,0.005406515048766305,0.013624368913224407,0.0012456327668540182,-0.0013669295461968733,-0.002830371995147872,-0.003378797922515917,-0.005596622827025256,-0.007543838841691981,0.00516635559882269,0.004500510957950424,-0.009115527330354225,-0.0007410594710058771,-0.0040617419234541575,-0.0014399363510270375,-0.001393275469024575,0.008943430698644608,0.001204706291183038,-0.0032128188806880343,0.0010032120520768115,-0.00279099184433814,-0.002561139118333629,0.0012456327668540182,0.023077124378725514,0.006304704001501066,0.0003198599456187927,0.0016410210680084668,0.004076809631547315,0.0003816751726042414,-0.004953703355105555,0.004219298400450702,-0.0017720741348749677,-0.006584533218374392,-0.005752993661372191,-0.004078112384110492,-0.001422382394787057,0.0015183155977236905,0.00010043778973878575,-0.005098076561487834,-2.3958287946258014e-5,0.0011035532080108047,0.00043208240635507977,-0.0013669295461968733,0.006304704001501066,0.013822341368195374,0.008436445627305153,-0.00460027339891535,-0.00015689104724439192,-0.004276104107764059,0.00249955365917584,0.0004492137274698858,-0.0033206409896859032,-0.0038417421330908673,-0.008172006617097872,-0.005952157719089205,0.004372375096843179,0.0010805079657640968,-0.004613747013727916,-0.00342433625446076,-0.0016088264412062792,0.0018885654450751413,-0.0018642552651407798,-0.002830371995147872,0.0003198599456187927,0.008436445627305153,0.01080307577167528,-0.0027741783935943754,0.0030450805646040475,4.243934484484633e-6,0.00210710507441424,-0.0013320099431688008,0.002011542984086054,0.0022766108531273263,0.0025456432538528296,-0.0018420316276509495,0.001511433584147777,0.0032302100472390875,0.00048120810866817635,0.00392818337439553,0.000700965854466253,-0.003304029094597585,0.00039377174318286216,-0.003378797922515917,0.0016410210680084668,-0.00460027339891535,-0.0027741783935943754,0.01414474325747343,0.0029996086597509426,0.0017314793531164594,-0.006964233256259707,-0.004093964258182136,-0.0044702152962971435,0.000741717436138006,-0.0008061200871723671,-0.00542291574510232,0.0070997033422050305,0.001048258824937856,0.001229109125702226,0.003215005792810743,-0.002126976698989734,0.00029426674764906555,-0.003441651144278265,-0.005596622827025256,0.004076809631547315,-0.00015689104724439192,0.0030450805646040475,0.0029996086597509426,0.016937030880953278,0.011987406399399866,-0.006367547516208763,-0.006597921755221399,0.0029553851299023064,0.004532295314187118,0.0004772279085329186,-0.005318981663088899,0.0031094409776505696,0.0033344308392355354,-0.00846053109984098,0.008811526518144949,0.001112348058033356,0.0014946869641164293,-0.003888451113260441,-0.007543838841691981,0.0003816751726042414,-0.004276104107764059,4.243934484484633e-6,0.0017314793531164594,0.011987406399399866,0.023649399636069754,-0.0072618912793262,0.0010893520955824866,0.0026485383891733626,-0.003497726318822182,-0.0026310509867871817,-0.0005115866015232198,-0.004839251781739806,-0.004627813916546597,0.0012481756802387917,-0.005547642252661938,0.00404599526264911,0.0029317026366269903,-0.001992210099209297,0.00516635559882269,-0.004953703355105555,0.00249955365917584,0.00210710507441424,-0.006964233256259707,-0.006367547516208763,-0.0072618912793262,0.014968344697317091
0.015498753041064003,-0.005763099546080373,0.00020084024423351789,-0.006682762933895308,-0.0070806590190713925,0.003859578952871961,-0.0026368239177868057,-0.0023682946755584997,0.005754200548989309,-0.0027680396349391663,-0.001603036876796885,-0.0025103401698017493,0.0038721580726376525,0.0008793327087819958,-0.0014183886055674393,0.009833372097753963,0.002805564488956699,-0.0008568879959401214,-0.00485567483485692,0.004504312945541232,-0.005763099546080373,0.03382090573078531,-0.004078824560929454,0.013280283178756812,0.007549230134068179,-0.006592732725516635,-0.006550214702578687,0.00738887553038366,-0.011240378415505792,0.0024661385991092072,-0.01450643746853214,0.008189064633022936,-0.00020820521338295805,-0.013186035646739503,-0.0027396132307970365,-0.009349348991867672,0.0043950612713800664,0.004354027763222829,0.008087710982461471,-0.002941448894636291,0.00020084024423351789,-0.004078824560929454,0.01690173452973765,-0.004506715442339268,0.003928403870741807,-0.014932217477841361,0.0051072340148857675,-0.007818894911574142,0.011818530743612728,0.005811696648230003,0.0022745086284870156,-0.007898194766006315,-0.0021527503666762806,-0.005174702064104502,0.003427076615411879,-0.00304223916132481,0.009808034598952325,-0.005694219307303223,0.00013128069430079947,-0.0016753028126359798,-0.006682762933895308,0.013280283178756812,-0.004506715442339268,0.04325600138975865,0.02121854901894269,-0.009660894453927791,-3.278299044218554e-5,0.01903398952558709,-0.03833058071006635,0.0053581198468644065,-0.008908172254915168,0.007758851778766529,-0.00919649849504879,-0.014267482223386361,-0.00441651194499868,-0.0068353029599346115,0.008070218261416365,0.005112961859121663,0.01146062055033525,-0.014526402045286671,-0.0070806590190713925,0.007549230134068179,0.003928403870741807,0.02121854901894269,0.025399194628978758,-0.016616677552542463,0.002940321702392674,0.01742215799588387,-0.02192058606502772,0.0033466682316449416,-0.004045991820075092,0.010028324357788873,-0.007740733212279997,-0.011740062923362066,-0.00503136177896137,-0.01405285549146218,0.007540087460751552,-0.0023659368477118355,0.005976394016571761,-0.009352397161692309,0.003859578952871961,-0.006592732725516635,-0.014932217477841361,-0.009660894453927791,-0.016616677552542463,0.04813647585902909,0.0004217179988301834,-0.0036045642121742493,-0.0010091353556398838,-0.012202079973755288,0.007934600998927208,0.006593966862218162,0.002029688236584757,0.018772617796655983,-0.0036519942337133737,0.015499590071939982,-0.009806497158342874,-0.005570347128512145,-0.011080232070323597,0.0014424635476027094,-0.0026368239177868057,-0.006550214702578687,0.0051072340148857675,-3.278299044218554e-5,0.002940321702392674,0.0004217179988301834,0.013080309579647245,0.0044396349184976525,0.0009889566438347078,-0.0023246270559709485,0.0018147217471950763,0.0025344210828499624,-0.002202186530280985,0.010397593247784753,-0.0064857554413658095,-3.710841657200551e-5,0.00022873754142481082,-0.005188501099901719,-0.006175077129302715,-0.0013460505673885898,-0.0023682946755584997,0.00738887553038366,-0.007818894911574142,0.01903398952558709,0.01742215799588387,-0.0036045642121742493,0.0044396349184976525,0.042502067440863794,-0.024993667484192496,-0.010835287890060802,0.0023766236204956813,0.019739634243176027,-0.009424433154588845,0.004769486681348272,-0.009475681572673018,0.0010699203364036946,-0.0028823976245223124,0.0025678018688948057,-0.00028348303766533153,-0.0053790663853905425,0.005754200548989309,-0.011240378415505792,0.011818530743612728,-0.03833058071006635,-0.02192058606502772,-0.0010091353556398838,0.0009889566438347078,-0.024993667484192496,0.048042067153969324,0.00010371087912760266,0.0028664381157932368,-0.017301770165468668,0.007089731368514814,0.004805791984433366,0.011172865857523251,0.01010024297985919,-0.0008118406094646256,-0.0018249988010501648,-0.008750104230981633,0.013540414870576351,-0.0027680396349391663,0.0024661385991092072,0.005811696648230003,0.0053581198468644065,0.0033466682316449416,-0.012202079973755288,-0.0023246270559709485,-0.010835287890060802,0.00010371087912760266,0.03129773219727482,-0.002867780716985557,-0.008965398601032914,-0.002370753815211677,-0.016823983050599296,0.006221697902190734,-0.004433669673566303,0.006418831531931481,-0.0025796978346788297,0.002056602908035856,0.006734898813564147,-0.001603036876796885,-0.01450643746853214,0.0022745086284870156,-0.008908172254915168,-0.004045991820075092,0.007934600998927208,0.0018147217471950763,0.0023766236204956813,0.0028664381157932368,-0.002867780716985557,0.024085004384384438,-0.0016554379046827803,-0.0034448479219470105,0.009900502728056662,0.0003438969794655177,0.004311830570248892,-0.00399472298173595,-0.0016533166395266202,-0.005705586129338433,0.0021995276764767945,-0.0025103401698017493,0.008189064633022936,-0.007898194766006315,0.007758851778766529,0.010028324357788873,0.006593966862218162,0.0025344210828499624,0.019739634243176027,-0.017301770165468668,-0.008965398601032914,-0.0016554379046827803,0.021104831412496694,0.003268502696129935,0.00623678439908331,-0.005642084344277279,-0.007146951736474766,-0.0025508082329400304,0.0011852862906951696,0.0020968820764714754,-0.0030107539033746977,0.0038721580726376525,-0.00020820521338295805,-0.0021527503666762806,-0.00919649849504879,-0.007740733212279997,0.002029688236584757,-0.002202186530280985,-0.009424433154588845,0.007089731368514814,-0.002370753815211677,-0.0034448479219470105,0.003268502696129935,0.01886884111335291,-0.0018598250738605013,0.0034043980389076383,-0.002641963576763191,-0.0036658509481915045,0.003131506321164849,0.0029378386206924297,0.00315342989455068,0.0008793327087819958,-0.013186035646739503,-0.005174702064104502,-0.014267482223386361,-0.011740062923362066,0.018772617796655983,0.010397593247784753,0.004769486681348272,0.004805791984433366,-0.016823983050599296,0.009900502728056662,0.00623678439908331,-0.0018598250738605013,0.036138853794491055,-0.0065347105926858145,0.011759272547053279,-0.014366623445937953,0.0010570387393259392,-0.013788722395075764,0.0006359456999113277,-0.0014183886055674393,-0.0027396132307970365,0.003427076615411879,-0.00441651194499868,-0.00503136177896137,-0.0036519942337133737,-0.0064857554413658095,-0.009475681572673018,0.011172865857523251,0.006221697902190734,0.0003438969794655177,-0.005642084344277279,0.0034043980389076383,-0.0065347105926858145,0.01717218183519111,0.004534741163499899,0.0008102335896096637,0.004426561467384675,0.007275030669458322,-0.000862983959005254,0.009833372097753963,-0.009349348991867672,-0.00304223916132481,-0.0068353029599346115,-0.01405285549146218,0.015499590071939982,-3.710841657200551e-5,0.0010699203364036946,0.01010024297985919,-0.004433669673566303,0.004311830570248892,-0.007146951736474766,-0.002641963576763191,0.011759272547053279,0.004534741163499899,0.03583841425914364,-0.011224162489432515,0.00427434949854801,-0.016198719783213446,-0.004150665492752954,0.002805564488956699,0.0043950612713800664,0.009808034598952325,0.008070218261416365,0.007540087460751552,-0.009806497158342874,0.00022873754142481082,-0.0028823976245223124,-0.0008118406094646256,0.006418831531931481,-0.00399472298173595,-0.0025508082329400304,-0.0036658509481915045,-0.014366623445937953,0.0008102335896096637,-0.011224162489432515,0.019158837890640507,-0.006120104022118362,0.009375309312746643,0.0015123504406083902,-0.0008568879959401214,0.004354027763222829,-0.005694219307303223,0.005112961859121663,-0.0023659368477118355,-0.005570347128512145,-0.005188501099901719,0.0025678018688948057,-0.0018249988010501648,-0.0025796978346788297,-0.0016533166395266202,0.0011852862906951696,0.003131506321164849,0.0010570387393259392,0.004426561467384675,0.00427434949854801,-0.006120104022118362,0.019551785937089335,-0.0030984897882470504,0.0001304928580841946,-0.00485567483485692,0.008087710982461471,0.00013128069430079947,0.01146062055033525,0.005976394016571761,-0.011080232070323597,-0.006175077129302715,-0.00028348303766533153,-0.008750104230981633,0.002056602908035856,-0.005705586129338433,0.0020968820764714754,0.0029378386206924297,-0.013788722395075764,0.007275030669458322,-0.016198719783213446,0.009375309312746643,-0.0030984897882470504,0.024830947958073335,-0.00309577352666127,0.004504312945541232,-0.002941448894636291,-0.0016753028126359798,-0.014526402045286671,-0.009352397161692309,0.0014424635476027094,-0.0013460505673885898,-0.0053790663853905425,0.013540414870576351,0.006734898813564147,0.0021995276764767945,-0.0030107539033746977,0.00315342989455068,0.0006359456999113277,-0.000862983959005254,-0.004150665492752954,0.0015123504406083902,0.0001304928580841946,-0.00309577352666127,0.01764299514879501
800.1816472775645,-605.2378081642485,-416.4612053772099,107.46475815521858,-90.56047272766509,88.3609410530628,-175.84870357088897,-18.0917496411838,193.39398786611267,206.47775274072063,347.6988501720687,-295.635581813423,-197.86329427325984,-307.158425320478,175.78322162136905,27.74186917494613,264.14365153853635,247.50684481793007,71.01205320843717,-363.58605248959407,-605.2378081642485,1084.2661890048776,-105.090822295419,-395.1447589590735,169.17859490387366,-207.75771939140685,293.2486439985491,482.1259475358534,-188.8938247451082,-52.57297422512324,-335.7435524264349,-251.99263139869126,-92.13279955834368,-29.858318167807294,-212.37210250626845,419.6919550910219,60.50360078453901,-231.94050065325052,-112.77957853917277,300.33919927587004,-416.4612053772099,-105.090822295419,768.1216885479254,119.34948127269034,-147.0528971694551,-466.63106925586027,268.4627407600237,-274.5257132512206,-134.06720688336492,35.607351296693516,-79.8250898406574,450.6458733665462,550.5772764694092,124.53569677520973,136.16328550541144,-346.44083879200036,-323.05759360139234,116.36041139652161,-104.63462086102916,4.710688526557934,107.46475815521858,-395.1447589590735,119.34948127269034,951.5016314587024,76.40654779954959,-425.84180665155094,-655.1914619033942,266.19373703725523,-212.89365761344035,66.4655435180779,127.25242227628719,252.10729594799133,-106.56925624557776,557.5760524809655,102.69072169594376,-72.11180733657366,-53.326286782085056,-259.4382881632604,70.67748120027467,-230.37701159008978,-90.56047272766509,169.17859490387366,-147.0528971694551,76.40654779954959,518.4772393465772,-119.03125933206692,-276.76829034894945,11.696945819834262,742.2173980336453,-155.88390518591444,-358.7069246836273,-31.122442268897263,-23.62380971632599,-0.9025475416387794,97.08933633702514,66.40446384318791,131.67695460550357,-629.1100085791365,-14.6498609042617,8.3093017170158,88.3609410530628,-207.75771939140685,-466.63106925586027,-425.84180665155094,-119.03125933206692,1589.25511000739,-155.18894691312818,-465.9644048496083,-102.13416143366707,-455.31393112166813,84.2305496779641,82.8091134186553,-478.9378649727496,195.02796264186082,-457.9612710678616,-107.08799296119666,-100.31309605125766,96.56287120990218,241.9544418143735,464.9131755820969,-175.84870357088897,293.2486439985491,268.4627407600237,-655.1914619033942,-276.76829034894945,-155.18894691312818,748.6397760367723,-146.5617354817307,-145.03442294226676,144.49037178195402,2.217723209113904,-111.90444948155124,351.5868150853119,-471.7644499282369,31.255160931775162,-14.279502072637587,-57.93321456684565,467.99418452585803,-142.4025740766666,58.45832280661116,-18.0917496411838,482.1259475358534,-274.5257132512206,266.19373703725523,11.696945819834262,-465.9644048496083,-146.5617354817307,727.8777274403029,-468.49967594341297,195.69950865949662,69.64395940629686,-316.20304412494636,-300.2903523399485,126.7762851801206,-67.53131323913915,429.4387149650355,179.24810744074844,-60.24225960540344,-30.27883384576438,-89.15139955066408,193.39398786611267,-188.8938247451082,-134.06720688336492,-212.89365761344035,742.2173980336453,-102.13416143366707,-145.03442294226676,-468.49967594341297,1645.242340793416,-176.09474165565697,-493.2354496001601,-63.99840892770647,249.81956360799666,-468.0405433524453,369.48954623746704,-140.40109505260958,240.16904716638953,-736.5968345983277,-55.69350557065839,-147.3491896086729,206.47775274072063,-52.57297422512324,35.607351296693516,66.4655435180779,-155.88390518591444,-455.31393112166813,144.49037178195402,195.69950865949662,-176.09474165565697,267.2290382332939,174.6577990317724,-163.566806785613,83.75316677889936,-195.14367727336202,145.9144662888021,79.3569542844242,90.8281129189504,255.91802170922276,-65.04021719177351,-236.71543922308643,347.6988501720687,-335.7435524264349,-79.8250898406574,127.25242227628719,-358.7069246836273,84.2305496779641,2.217723209113904,69.64395940629686,-493.2354496001601,174.6577990317724,378.1731924820154,-69.57246261654504,-120.92974102391511,-0.7946815182291693,-18.695057008804582,-8.414251564322514,8.789712660057859,450.94998752082984,53.47279742478548,-145.7535112787173,-295.635581813423,-251.99263139869126,450.6458733665462,252.10729594799133,-31.122442268897263,82.8091134186553,-111.90444948155124,-316.20304412494636,-63.99840892770647,-163.566806785613,-69.57246261654504,475.54925775925466,220.08125184837522,361.2082049062874,-18.13796420814632,-331.9953871786914,-293.4007518467396,-86.79882194402323,29.365487148674056,117.77032512996279,-197.86329427325984,-92.13279955834368,550.5772764694092,-106.56925624557776,-23.62380971632599,-478.9378649727496,351.5868150853119,-300.2903523399485,249.81956360799666,83.75316677889936,-120.92974102391511,220.08125184837522,535.6281429300011,-199.3758568656014,233.3544900407728,-260.2288503597604,-145.91794905297502,79.00273703322291,-130.64491973384406,-88.53071621752487,-307.158425320478,-29.858318167807294,124.53569677520973,557.5760524809655,-0.9025475416387794,195.02796264186082,-471.7644499282369,126.7762851801206,-468.0405433524453,-195.14367727336202,-0.7946815182291693,361.2082049062874,-199.3758568656014,706.3237874204515,-214.84984548084606,-71.02149783809207,-221.40053626592083,-231.94491893581142,111.17318860283487,185.49708599611725,175.78322162136905,-212.37210250626845,136.16328550541144,102.69072169594376,97.08933633702514,-457.9612710678616,31.255160931775162,-67.53131323913915,369.48954623746704,145.9144662888021,-18.695057008804582,-18.13796420814632,233.3544900407728,-214.84984548084606,265.0886483914333,-81.97519201685918,73.98337112846939,-42.39708603704049,-69.47273926182207,-248.48255967485466,27.74186917494613,419.6919550910219,-346.44083879200036,-72.11180733657366,66.40446384318791,-107.08799296119666,-14.279502072637587,429.4387149650355,-140.40109505260958,79.3569542844242,-8.414251564322514,-331.9953871786914,-260.2288503597604,-71.02149783809207,-81.97519201685918,345.2200817226082,190.38759728109292,-59.971239280087595,-16.453813830241838,1.8014420929134405,264.14365153853635,60.50360078453901,-323.05759360139234,-53.326286782085056,131.67695460550357,-100.31309605125766,-57.93321456684565,179.24810744074844,240.16904716638953,90.8281129189504,8.789712660057859,-293.4007518467396,-145.91794905297502,-221.40053626592083,73.98337112846939,190.38759728109292,226.23918511025056,-77.76165897631695,-8.97133198767606,-134.91630829485516,247.50684481793007,-231.94050065325052,116.36041139652161,-259.4382881632604,-629.1100085791365,96.56287120990218,467.99418452585803,-60.24225960540344,-736.5968345983277,255.91802170922276,450.94998752082984,-86.79882194402323,79.00273703322291,-231.94491893581142,-42.39708603704049,-59.971239280087595,-77.76165897631695,842.3513672680785,-11.457270004009816,-84.7647235184844,71.01205320843717,-112.77957853917277,-104.63462086102916,70.67748120027467,-14.6498609042617,241.9544418143735,-142.4025740766666,-30.27883384576438,-55.69350557065839,-65.04021719177351,53.47279742478548,29.365487148674056,-130.64491973384406,111.17318860283487,-69.47273926182207,-16.453813830241838,-8.97133198767606,-11.457270004009816,61.0832680963403,38.0971237973422,-363.58605248959407,300.33919927587004,4.710688526557934,-230.37701159008978,8.3093017170158,464.9131755820969,58.45832280661116,-89.15139955066408,-147.3491896086729,-236.71543922308643,-145.7535112787173,117.77032512996279,-88.53071621752487,185.49708599611725,-248.48255967485466,1.8014420929134405,-134.91630829485516,-84.7647235184844,38.0971237973422,334.94510386445694
