0.014892003234527572,-0.005348949898996038,-0.0028188605446660842,-2.262478238789261e-5,0.0037935131870003493,0.005059221702982121,0.003091544107861368,0.0014552031861688056,-0.00088354124516237,-0.0019965573424501715,-0.0013957669421756553,0.0013365405450243687,0.0022203028845678456,-0.001988407910847238,0.0012141482870839976,-1.5412044048052167e-5,0.0025787893897826356,0.002728789273793733,-0.002535202991565159,-0.00223134927462246,-0.005348949898996038,0.025001392870094227,0.0009382989403488051,-0.008686801005113126,0.0013199897137194513,-0.008367894429153776,-0.000560514343076731,-0.0020986529653032942,0.004252501616337648,0.0038630670353047795,0.002754552248229472,-0.005579858204510759,0.0009896520977535656,0.005466843529640849,-0.0035046639490307046,-0.0014066154573676253,-0.004548734869256573,0.0024111877261158805,0.004440263780728813,-0.004537421836620815,-0.0028188605446660842,0.0009382989403488051,0.020045751031523392,-0.004234723612974958,0.0019038673636605802,-0.000715594549259984,-0.00084115399723278,0.001860619109160328,0.0019487106070006132,0.001053797609972893,-0.0015705409301691418,0.001780555402565425,0.0008302953746275822,0.0007020828227564603,-0.00027656226172174,-0.003815401269435345,-0.0019669087681701714,-0.003247343941306086,-0.001756764073962506,0.000717531115996421,-2.262478238789261e-5,-0.008686801005113126,-0.004234723612974958,0.02048620600507795,0.0019472486182249274,0.0030733468629606485,0.0005068570778606768,-0.00101534702927007,-0.0004448211207716433,-0.002272376215181113,0.0027716161810873727,0.003378693926256039,0.0033424114583069007,-0.0009909374442896102,0.006209870260325527,0.00104449247282866,0.00692744175030032,0.008952089900622196,-0.001349767927165659,-9.69104202125658e-5,0.0037935131870003493,0.0013199897137194513,0.0019038673636605802,0.0019472486182249274,0.01753532309331007,0.0032302046621518997,0.0040296226326593,0.0011448339304040447,0.00013685389473663042,0.0006279014973720122,-0.0030035988685957566,-0.00014148676642195977,-0.005571518652064696,0.0026952697826380795,-0.0015521739659738521,0.0013601212034193642,-0.005034922619428038,-0.0016158672604038562,-0.0023337071109521693,-0.002149523006587992,0.005059221702982121,-0.008367894429153776,-0.000715594549259984,0.0030733468629606485,0.0032302046621518997,0.028543684421747213,-0.0019349535185678155,0.0016659352369186643,-0.005510133571810498,0.0006432918874459503,-0.003927487000499628,0.005135536919155594,-0.003713462572183964,-0.0023987010783537857,0.002815659900380972,0.0031257074734257163,0.00026854142703033055,-0.00047732570970234573,-0.009129160145464409,-0.00011740299235675646,0.003091544107861368,-0.000560514343076731,-0.00084115399723278,0.0005068570778606768,0.0040296226326593,-0.0019349535185678155,0.019472905544506237,-0.0008500355880400645,0.005302042976633057,-0.003431978321809416,-0.0009718679420465622,-0.0005430247076617113,0.0023906580384638445,-0.003269868397726198,-0.0004461736745232757,0.0018486634259211156,-0.0017667159841108647,0.0006081600865410993,-0.0008769137292155573,-0.002219139234753328,0.0014552031861688056,-0.0020986529653032942,0.001860619109160328,-0.00101534702927007,0.0011448339304040447,0.0016659352369186643,-0.0008500355880400645,0.013115264055308374,0.004152231956994725,0.0008899420249507055,-0.0026204916402908797,4.806928481690739e-6,0.00315305983374796,-0.0017063125254295666,-0.0026064047821958733,-0.0008528756591780157,-0.001507551603289034,-0.0013099259930923791,-0.0027344919281428737,0.0007424858110941944,-0.00088354124516237,0.004252501616337648,0.0019487106070006132,-0.0004448211207716433,0.00013685389473663042,-0.005510133571810498,0.005302042976633057,0.004152231956994725,0.014178524465153735,-5.062569042799171e-5,0.0046730372197409595,0.0002755296554388442,0.002298840891713185,0.0024088786455661463,0.0018286567011934936,0.00048348105019661413,0.0031147351480946186,0.004174208840394326,0.006289280666585238,-2.362235218995521e-5,-0.0019965573424501715,0.0038630670353047795,0.001053797609972893,-0.002272376215181113,0.0006279014973720122,0.0006432918874459503,-0.003431978321809416,0.0008899420249507055,-5.062569042799171e-5,0.018755317748202365,-0.0005156230985960608,-0.00019567366980581183,-0.0008179363661235197,0.0004935455887054127,-0.002875246432802501,-0.005141797290087,-0.002897421884697033,0.002396481636458325,0.002983697149085779,-0.0008860106972485288,-0.0013957669421756553,0.002754552248229472,-0.0015705409301691418,0.0027716161810873727,-0.0030035988685957566,-0.003927487000499628,-0.0009718679420465622,-0.0026204916402908797,0.0046730372197409595,-0.0005156230985960608,0.017227615683276503,0.0008610716685827132,0.01096953206452406,0.0014121739251380103,0.002718042694437254,-0.004533583574201773,0.003962143035222662,0.0041797075814159895,0.0018059778900493743,-0.002164733131293589,0.0013365405450243687,-0.005579858204510759,0.001780555402565425,0.003378693926256039,-0.00014148676642195977,0.005135536919155594,-0.0005430247076617113,4.806928481690739e-6,0.0002755296554388442,-0.00019567366980581183,0.0008610716685827132,0.014848117187140063,0.002207952666681845,-0.0007807855720611929,0.0011417531992107704,0.00289673650110902,0.001262172041763673,2.093193753215993e-5,-0.0023223827581118107,0.003207171447008813,0.0022203028845678456,0.0009896520977535656,0.0008302953746275822,0.0033424114583069007,-0.005571518652064696,-0.003713462572183964,0.0023906580384638445,0.00315305983374796,0.002298840891713185,-0.0008179363661235197,0.01096953206452406,0.002207952666681845,0.022312537286973553,-0.0006072030269061045,0.0014334045255494261,-0.004097135894368142,0.0034424427124633635,-0.00038304087194225415,0.0003952604524387979,0.0011461567943267701,-0.001988407910847238,0.005466843529640849,0.0007020828227564603,-0.0009909374442896102,0.0026952697826380795,-0.0023987010783537857,-0.003269868397726198,-0.0017063125254295666,0.0024088786455661463,0.0004935455887054127,0.0014121739251380103,-0.0007807855720611929,-0.0006072030269061045,0.018363625180735536,-0.006729746712056443,-0.0038564427246676053,-0.005117405143846284,0.0006571563930041142,0.0002578122089915105,3.344330921211849e-5,0.0012141482870839976,-0.0035046639490307046,-0.00027656226172174,0.006209870260325527,-0.0015521739659738521,0.002815659900380972,-0.0004461736745232757,-0.0026064047821958733,0.0018286567011934936,-0.002875246432802501,0.002718042694437254,0.0011417531992107704,0.0014334045255494261,-0.006729746712056443,0.0184720136562705,0.001637645358417536,0.007763388308706987,0.0022434444640284483,-0.0006321847346738344,-1.6144963709338635e-5,-1.5412044048052167e-5,-0.0014066154573676253,-0.003815401269435345,0.00104449247282866,0.0013601212034193642,0.0031257074734257163,0.0018486634259211156,-0.0008528756591780157,0.00048348105019661413,-0.005141797290087,-0.004533583574201773,0.00289673650110902,-0.004097135894368142,-0.0038564427246676053,0.001637645358417536,0.014809513005500851,0.0021448769105728007,-0.006059968315687957,0.004273778708347147,-0.0031286257739797543,0.0025787893897826356,-0.004548734869256573,-0.0019669087681701714,0.00692744175030032,-0.005034922619428038,0.00026854142703033055,-0.0017667159841108647,-0.001507551603289034,0.0031147351480946186,-0.002897421884697033,0.003962143035222662,0.001262172041763673,0.0034424427124633635,-0.005117405143846284,0.007763388308706987,0.0021448769105728007,0.023260852823758008,0.0033696500080563742,-0.00030330709983069753,0.0019980418229928604,0.002728789273793733,0.0024111877261158805,-0.003247343941306086,0.008952089900622196,-0.0016158672604038562,-0.00047732570970234573,0.0006081600865410993,-0.0013099259930923791,0.004174208840394326,0.002396481636458325,0.0041797075814159895,2.093193753215993e-5,-0.00038304087194225415,0.0006571563930041142,0.0022434444640284483,-0.006059968315687957,0.0033696500080563742,0.01833690415248004,0.0032690521626997926,-0.00045487356714309335,-0.002535202991565159,0.004440263780728813,-0.001756764073962506,-0.001349767927165659,-0.0023337071109521693,-0.009129160145464409,-0.0008769137292155573,-0.0027344919281428737,0.006289280666585238,0.002983697149085779,0.0018059778900493743,-0.0023223827581118107,0.0003952604524387979,0.0002578122089915105,-0.0006321847346738344,0.004273778708347147,-0.00030330709983069753,0.0032690521626997926,0.019644623797649412,0.0014717156020191303,-0.00223134927462246,-0.004537421836620815,0.000717531115996421,-9.69104202125658e-5,-0.002149523006587992,-0.00011740299235675646,-0.002219139234753328,0.0007424858110941944,-2.362235218995521e-5,-0.0008860106972485288,-0.002164733131293589,0.003207171447008813,0.0011461567943267701,3.344330921211849e-5,-1.6144963709338635e-5,-0.0031286257739797543,0.0019980418229928604,-0.00045487356714309335,0.0014717156020191303,0.011792980839904783
