0.13478197493477137,0.040660375243152615,0.005461074264380089,0.08820286481466397,-0.05598848026102303,-0.08735694572797797,0.0016482852020155074,-0.08310548112157892,0.004114930481239483,0.024466242948301326,0.019689292119664983,-0.026423647618960273,-0.033894815007255524,-0.022190727654148583,0.04918268004102058,-0.04715681967356411,0.015809285743610256,0.07592242637326874,-0.035470406295801823,-0.03581474010414402,0.040660375243152615,0.05883771785453869,-0.02069255717861627,0.03605512712794709,-0.017649394649056162,-0.037667049687050744,0.00041468906305461403,-0.012627742048395812,0.007742595703851032,-0.008963858789949642,0.003519754609980012,-0.006030807656312656,-0.008644069995536298,0.0021530537701545207,0.005998335082375166,-0.013126190199873069,0.006460773230177669,0.02304426067941743,-0.012135272101896376,-0.013806056876393712,0.005461074264380089,-0.02069255717861627,0.0532542442976696,-0.010278102212572766,-0.0029062436034977537,0.009013644094192355,-0.010597600881108548,-0.007687225507243911,-0.012931663288554635,0.018569781618379935,-0.0021485180344916867,0.00011235796804538755,0.0022198624836058645,-0.005121829953717091,0.008156749069483072,0.002067951453767032,-0.0060650581612225595,-0.0008109549801252577,-0.0014671861746510366,0.006573615794381347,0.08820286481466397,0.03605512712794709,-0.010278102212572766,0.09657063870126056,-0.042201821243035786,-0.0725244974429857,-0.00459898325922001,-0.061475048250492804,0.003878131280635082,0.012112174689192796,0.014100435979254946,-0.02586461128276137,-0.03232266138148669,-0.015345959615264991,0.029411512501263573,-0.029090906875526526,0.00805954676207404,0.04961119913042437,-0.019755402660490876,-0.02908113440414828,-0.05598848026102303,-0.017649394649056162,-0.0029062436034977537,-0.042201821243035786,0.04970299404676028,0.041620195394286665,0.0024342939546787307,0.039133485787105474,-0.00030067541040413497,-0.013331223601012826,-0.00793012793712794,0.007520706427844447,0.025106573098282514,0.006745314471147611,-0.01844273105795438,0.0186661313738732,-0.006117763305379107,-0.034512020833809456,0.012562733939137774,-0.0012793908710203388,-0.08735694572797797,-0.037667049687050744,0.009013644094192355,-0.0725244974429857,0.041620195394286665,0.0894560355596503,0.002977360492141214,0.06244408334241349,-0.008386015999199132,-0.01591134138840928,-0.012616706316471084,0.02145037864940305,0.025720693080730942,0.010699343088354803,-0.026718709452857724,0.03463918380869721,-0.015079812298094509,-0.05668141546740535,0.02403268755010849,0.02936410295376111,0.0016482852020155074,0.00041468906305461403,-0.010597600881108548,-0.00459898325922001,0.0024342939546787307,0.002977360492141214,0.024776551621162178,-0.005570232720692021,0.0037568933335511076,-0.006067999597535595,0.004475485772314472,-0.005555963796160441,-0.003219005868528515,0.0014439353278553804,0.0011279302631631355,0.002655377601750372,0.0010841886764075123,0.0013847412834139242,-0.000681878085978692,0.008790673901402068,-0.08310548112157892,-0.012627742048395812,-0.007687225507243911,-0.061475048250492804,0.039133485787105474,0.06244408334241349,-0.005570232720692021,0.08739508435840795,0.002728685610845798,-0.027564531702100405,-0.02254948368266292,0.024367422304443418,0.023195674669879648,0.022624532301206646,-0.04057800391974825,0.0355729633428114,-0.014534107394590172,-0.057509039058529776,0.02791453149942777,0.00936579511240656,0.004114930481239483,0.007742595703851032,-0.012931663288554635,0.003878131280635082,-0.00030067541040413497,-0.008386015999199132,0.0037568933335511076,0.002728685610845798,0.028303879828952487,-0.011778304327025783,-0.001914661317249703,0.002922047985246863,0.0015945432005626658,0.007087820913497158,-0.009913392172744595,0.0008256242474681047,0.0005051501293572632,0.0010486246548802494,0.0002275709796648503,-0.009445495352359161,0.024466242948301326,-0.008963858789949642,0.018569781618379935,0.012112174689192796,-0.013331223601012826,-0.01591134138840928,-0.006067999597535595,-0.027564531702100405,-0.011778304327025783,0.03419211096836662,0.0052371014681706265,-0.006588690491672896,-0.010775631847842826,-0.012013169964458443,0.016069938363244912,-0.010965546380623746,0.00022126472075461112,0.019569929546699893,-0.005188406611888945,-0.000627848261208379,0.019689292119664983,0.003519754609980012,-0.0021485180344916867,0.014100435979254946,-0.00793012793712794,-0.012616706316471084,0.004475485772314472,-0.02254948368266292,-0.001914661317249703,0.0052371014681706265,0.02346639791432529,-0.005305559010638677,-0.009502507905415292,-0.0071302822397380766,0.0038884335731138517,-0.004889640861829076,0.001585570723371781,0.013070544142094315,-0.004775155790915322,0.003988468238992125,-0.026423647618960273,-0.006030807656312656,0.00011235796804538755,-0.02586461128276137,0.007520706427844447,0.02145037864940305,-0.005555963796160441,0.024367422304443418,0.002922047985246863,-0.006588690491672896,-0.005305559010638677,0.03129508550102485,0.004116048494892962,0.007698205813598322,-0.015416824856728947,0.013201663044057534,-0.01112400493440964,-0.01929243844870807,0.006988377352438374,0.00844201764548937,-0.033894815007255524,-0.008644069995536298,0.0022198624836058645,-0.03232266138148669,0.025106573098282514,0.025720693080730942,-0.003219005868528515,0.023195674669879648,0.0015945432005626658,-0.010775631847842826,-0.009502507905415292,0.004116048494892962,0.03435920359765256,0.0075920988354879065,-0.008790758591794845,0.013588083325797536,0.00040694791247962024,-0.02208013990555177,0.004148109370035257,0.003464811661703129,-0.022190727654148583,0.0021530537701545207,-0.005121829953717091,-0.015345959615264991,0.006745314471147611,0.010699343088354803,0.0014439353278553804,0.022624532301206646,0.007087820913497158,-0.012013169964458443,-0.0071302822397380766,0.007698205813598322,0.0075920988354879065,0.026143207259390847,-0.015127658895376856,0.009998340738048984,-0.0027301161709003654,-0.00858967314744627,0.005850218540274443,-0.0038636102930054775,0.04918268004102058,0.005998335082375166,0.008156749069483072,0.029411512501263573,-0.01844273105795438,-0.026718709452857724,0.0011279302631631355,-0.04057800391974825,-0.009913392172744595,0.016069938363244912,0.0038884335731138517,-0.015416824856728947,-0.008790758591794845,-0.015127658895376856,0.058418141175400645,-0.013869101701408192,0.008623201089063576,0.03161919299470145,-0.02708668421128611,-0.005854089674351748,-0.04715681967356411,-0.013126190199873069,0.002067951453767032,-0.029090906875526526,0.0186661313738732,0.03463918380869721,0.002655377601750372,0.0355729633428114,0.0008256242474681047,-0.010965546380623746,-0.004889640861829076,0.013201663044057534,0.013588083325797536,0.009998340738048984,-0.013869101701408192,0.04395531267532405,-0.014726451057313088,-0.03698954892416562,0.011194974194372943,0.006229126176449253,0.015809285743610256,0.006460773230177669,-0.0060650581612225595,0.00805954676207404,-0.006117763305379107,-0.015079812298094509,0.0010841886764075123,-0.014534107394590172,0.0005051501293572632,0.00022126472075461112,0.001585570723371781,-0.01112400493440964,0.00040694791247962024,-0.0027301161709003654,0.008623201089063576,-0.014726451057313088,0.03518643421210373,0.014020486485708031,-0.004604533295577893,0.005283833265769148,0.07592242637326874,0.02304426067941743,-0.0008109549801252577,0.04961119913042437,-0.034512020833809456,-0.05668141546740535,0.0013847412834139242,-0.057509039058529776,0.0010486246548802494,0.019569929546699893,0.013070544142094315,-0.01929243844870807,-0.02208013990555177,-0.00858967314744627,0.03161919299470145,-0.03698954892416562,0.014020486485708031,0.07307723492591912,-0.02879711109299765,-0.013715711289700932,-0.035470406295801823,-0.012135272101896376,-0.0014671861746510366,-0.019755402660490876,0.012562733939137774,0.02403268755010849,-0.000681878085978692,0.02791453149942777,0.0002275709796648503,-0.005188406611888945,-0.004775155790915322,0.006988377352438374,0.004148109370035257,0.005850218540274443,-0.02708668421128611,0.011194974194372943,-0.004604533295577893,-0.02879711109299765,0.03066116132331461,0.006169615877811542,-0.03581474010414402,-0.013806056876393712,0.006573615794381347,-0.02908113440414828,-0.0012793908710203388,0.02936410295376111,0.008790673901402068,0.00936579511240656,-0.009445495352359161,-0.000627848261208379,0.003988468238992125,0.00844201764548937,0.003464811661703129,-0.0038636102930054775,-0.005854089674351748,0.006229126176449253,0.005283833265769148,-0.013715711289700932,0.006169615877811542,0.05878520935869989
0.036211392172102494,0.003653206610344617,0.006469238900661723,-0.012267374291215348,-0.0013324847881624477,-0.00451825102536365,0.003700647030199169,0.0008965880150785738,-0.018876716904162594,0.00866534258122879,0.006260795761888023,-0.004723263987922829,-0.006609098219597293,0.01109131845371062,-0.004865963662854857,-0.004165403915128549,-0.010539283109447054,0.0013215506757380529,-0.03196449664067626,0.012644881354913848,0.003653206610344617,0.02169384861612411,0.004657824564257144,0.006343424381475792,-0.0019111751193314624,-0.007864717546602482,-0.00023867824839037119,0.000580708493510723,0.008923839564500439,-0.003623374329735536,0.005026425681868135,-0.0078003215077062605,0.0005770782944472273,-0.0007716878957803935,0.003980919128535896,-0.0029179470266553122,3.9557882817698137e-5,0.002426422976079205,-0.0027698243374159517,0.0024746793048409455,0.006469238900661723,0.004657824564257144,0.05344313473228758,0.001558382010013905,-0.008039813932438673,0.001412011876762007,-0.001988469586801151,-0.0026876167243428855,-0.012985896056911039,-0.004186318233038803,0.01779839218843718,-0.01370827875922245,-0.00658665113452047,-0.006861140754592889,-0.0055981447911136895,0.004242243310935814,-0.006038538708634264,0.005080285325049826,-0.0036600151164820757,0.002037408800986391,-0.012267374291215348,0.006343424381475792,0.001558382010013905,0.041337524684460884,0.00040587921458868064,-0.010205341150119184,-0.013224995408829217,0.0034537589068380564,0.004737970983660939,-0.00860838593961916,-0.0023331980369459574,-0.0016501328001259836,6.58235572913145e-5,-0.01233759293814387,0.0068378650397352015,0.0006973728582852917,0.012143653122455564,-0.0040016776546971285,0.022413705890776327,-0.005054697990132594,-0.0013324847881624477,-0.0019111751193314624,-0.008039813932438673,0.00040587921458868064,0.047770148556072624,0.0020882807194023967,-0.00559759696304133,-0.00823747245522277,0.02204331779367946,0.0011326204334334766,0.004610676303412172,-0.021576412578307697,0.017697537625562587,-0.011123891943742276,-0.018617532943684834,-0.015100479194258557,-0.005328946524651328,0.005991465499686919,-0.0005299919748659135,0.028382044253073082,-0.00451825102536365,-0.007864717546602482,0.001412011876762007,-0.010205341150119184,0.0020882807194023967,0.03681529316130065,0.013297304646161332,-0.006599707308650922,-0.0023868402064113068,-0.003250849435450515,-0.007990396181891624,0.009950203787682414,0.012507273201340763,0.002710454467853657,-0.005804467188440011,0.002225401870846141,-0.0009506035299341033,0.002428782467163253,-0.0022500377994001198,-0.006447612834276077,0.003700647030199169,-0.00023867824839037119,-0.001988469586801151,-0.013224995408829217,-0.00559759696304133,0.013297304646161332,0.03283330320094874,-0.006757821511372525,-0.011676891787782397,-0.007386268479249397,-0.0007733327554153398,0.006213064760266715,0.0074060097474175635,0.0056810274806217,-0.004061954336097475,0.00390887469803732,0.0033101709416440478,-0.0006165162466210964,-0.012129790496374256,-0.0034636793920613694,0.0008965880150785738,0.000580708493510723,-0.0026876167243428855,0.0034537589068380564,-0.00823747245522277,-0.006599707308650922,-0.006757821511372525,0.024749557904288903,0.0006108718288963253,0.006118618512939418,0.0012026419020977376,0.008935637539924005,-0.01565925619576731,0.0033482924040106167,0.007433805969896699,-0.0004006030493833198,-0.0021486797684166685,-0.004433551973617366,0.009622916252335398,-0.007128478340831534,-0.018876716904162594,0.008923839564500439,-0.012985896056911039,0.004737970983660939,0.02204331779367946,-0.0023868402064113068,-0.011676891787782397,0.0006108718288963253,0.05547742815364862,-0.008873018478126788,0.004356149984165885,-0.009667070816856574,0.00424014580109844,-0.026462442506739906,0.00020118037472301458,-0.009111950662244198,0.007631925314194198,0.0023378024466021636,0.03445377832746359,0.0010984766834371928,0.00866534258122879,-0.003623374329735536,-0.004186318233038803,-0.00860838593961916,0.0011326204334334766,-0.003250849435450515,-0.007386268479249397,0.006118618512939418,-0.008873018478126788,0.0320629785153451,-0.005276679045660555,0.006422764778620502,-0.011143591602930755,0.012111961815586741,-0.0016321945132827913,0.003084987524839684,-0.011265645773299377,0.0031634580967146025,-0.004592200628201679,-0.0011421498996766638,0.006260795761888023,0.005026425681868135,0.01779839218843718,-0.0023331980369459574,0.004610676303412172,-0.007990396181891624,-0.0007733327554153398,0.0012026419020977376,0.004356149984165885,-0.005276679045660555,0.03532281936877536,-0.026192867133707595,0.0016984597752425852,-0.011987713427377405,-0.007535176629317451,-0.0070053567196953475,-0.0008219839447629119,-0.0006370523285839436,-0.003013065694912458,0.024285870364550783,-0.004723263987922829,-0.0078003215077062605,-0.01370827875922245,-0.0016501328001259836,-0.021576412578307697,0.009950203787682414,0.006213064760266715,0.008935637539924005,-0.009667070816856574,0.006422764778620502,-0.026192867133707595,0.0599299181624749,-0.013217546646870512,0.02442071578850926,0.0196264407829684,0.013887371519741783,0.0009722309579837352,-0.001838823085334708,0.0023531484428477517,-0.04014115083718664,-0.006609098219597293,0.0005770782944472273,-0.00658665113452047,6.58235572913145e-5,0.017697537625562587,0.012507273201340763,0.0074060097474175635,-0.01565925619576731,0.00424014580109844,-0.011143591602930755,0.0016984597752425852,-0.013217546646870512,0.03591671589582817,-0.005484355226800315,-0.010063224657150021,-0.003439481740066576,0.0012144346288667264,0.0014488077348992128,-0.004881202364035716,0.0138363955129162,0.01109131845371062,-0.0007716878957803935,-0.006861140754592889,-0.01233759293814387,-0.011123891943742276,0.002710454467853657,0.0056810274806217,0.0033482924040106167,-0.026462442506739906,0.012111961815586741,-0.011987713427377405,0.02442071578850926,-0.005484355226800315,0.04330447060699313,0.007360743601117223,0.01124369098450805,-0.01408542742669414,-0.0008042684181377427,-0.025464551053783424,-0.013629408681734755,-0.004865963662854857,0.003980919128535896,-0.0055981447911136895,0.0068378650397352015,-0.018617532943684834,-0.005804467188440011,-0.004061954336097475,0.007433805969896699,0.00020118037472301458,-0.0016321945132827913,-0.007535176629317451,0.0196264407829684,-0.010063224657150021,0.007360743601117223,0.03966744415472401,0.0049509439217535365,0.002152402861931934,-0.0009252367559915967,0.004881859689750424,-0.023549316038713443,-0.004165403915128549,-0.0029179470266553122,0.004242243310935814,0.0006973728582852917,-0.015100479194258557,0.002225401870846141,0.00390887469803732,-0.0004006030493833198,-0.009111950662244198,0.003084987524839684,-0.0070053567196953475,0.013887371519741783,-0.003439481740066576,0.01124369098450805,0.0049509439217535365,0.02766458300911812,0.002915617495013747,-0.0032152424056169863,-6.164132894247599e-6,-0.014917128244559581,-0.010539283109447054,3.9557882817698137e-5,-0.006038538708634264,0.012143653122455564,-0.005328946524651328,-0.0009506035299341033,0.0033101709416440478,-0.0021486797684166685,0.007631925314194198,-0.011265645773299377,-0.0008219839447629119,0.0009722309579837352,0.0012144346288667264,-0.01408542742669414,0.002152402861931934,0.002915617495013747,0.029293087535873598,-0.008499922235518844,0.019447966141876112,-0.006847515339562887,0.0013215506757380529,0.002426422976079205,0.005080285325049826,-0.0040016776546971285,0.005991465499686919,0.002428782467163253,-0.0006165162466210964,-0.004433551973617366,0.0023378024466021636,0.0031634580967146025,-0.0006370523285839436,-0.001838823085334708,0.0014488077348992128,-0.0008042684181377427,-0.0009252367559915967,-0.0032152424056169863,-0.008499922235518844,0.025932901728931736,-0.005866981421620711,-0.0075665909607494745,-0.03196449664067626,-0.0027698243374159517,-0.0036600151164820757,0.022413705890776327,-0.0005299919748659135,-0.0022500377994001198,-0.012129790496374256,0.009622916252335398,0.03445377832746359,-0.004592200628201679,-0.003013065694912458,0.0023531484428477517,-0.004881202364035716,-0.025464551053783424,0.004881859689750424,-6.164132894247599e-6,0.019447966141876112,-0.005866981421620711,0.07090844131684544,-0.012251920602091938,0.012644881354913848,0.0024746793048409455,0.002037408800986391,-0.005054697990132594,0.028382044253073082,-0.006447612834276077,-0.0034636793920613694,-0.007128478340831534,0.0010984766834371928,-0.0011421498996766638,0.024285870364550783,-0.04014115083718664,0.0138363955129162,-0.013629408681734755,-0.023549316038713443,-0.014917128244559581,-0.006847515339562887,-0.0075665909607494745,-0.012251920602091938,0.06977200537576736
