0.01256078472256916,-0.003195946723513884,0.00796938305608802,-0.0028247776317176223,0.003881476757516148,-0.001302019709380375,0.0033366719694304155,-0.003397871883354916,0.00035100214343595994,0.0011423807974016652,-0.002997634644827279,-0.003346544174188643,0.0025502230089238763,0.0005358685899450104,0.0016903377943279945,0.00019785214575096218,-0.00015009012467040109,-0.003592862020758472,0.001179823662422248,-0.0047177716644912285,-0.003195946723513884,0.020648655994105345,-0.007645230583970857,-0.003309439265607463,0.001718432669773633,0.0015068204454232088,0.0004507059382166011,-0.00020233294782093735,-1.617319213294429e-5,-0.005754465915063631,0.0026166000560012112,-0.0052652569175359945,0.0022512432065469497,0.005029756897691975,-0.00030495918742907697,0.0014988693126764736,-0.002496818844320749,0.0026161497118438585,0.0002113508651674279,0.002072221749251717,0.00796938305608802,-0.007645230583970857,0.019592873683761645,0.000314915204426801,0.001994655735859689,0.002504106747280253,-0.0005750507996829143,-0.0030802287048227054,-0.002118642738434964,-0.001723957171751755,-0.0013104607756172333,0.0003092169317157712,0.005761756546954545,-0.0032317825821940945,-0.0033291922901589476,0.003477193720180527,0.0017070275336494916,-0.0006026283008784212,-0.0023351700007458844,-0.0017386648608740305,-0.0028247776317176223,-0.003309439265607463,0.000314915204426801,0.03169977798008059,-0.005644669860571369,0.0022376838717982207,0.0014098980572015752,0.0003921465823982904,0.004660759192435748,0.0017076969436605914,-0.0024925153628851103,0.0009080911645274149,0.001322215182197107,-0.006846307061842008,-0.005082970342555081,-0.0009502558114738865,-0.002240733763219488,-0.0023216361857545343,-0.002511390815717474,-0.003433361566863896,0.003881476757516148,0.001718432669773633,0.001994655735859689,-0.005644669860571369,0.019279259648945543,-0.004650759864792931,-0.000841295600637153,-0.0022106190958414438,-0.002606419783633958,-0.00014802304555333557,0.0004864890182604612,0.0033036377592920536,-0.0028612966172090553,0.005908783449182333,0.0030948800930754206,0.002504530572477086,0.00058203294321011,-0.0034135821186288694,-0.0009867476438807337,-0.0005399492528919746,-0.001302019709380375,0.0015068204454232088,0.002504106747280253,0.0022376838717982207,-0.004650759864792931,0.02858746311570857,0.004967600682328722,0.0021980069912799745,0.0016367899371642798,0.0008570751087090863,-0.008107553894676676,-0.0016222566249221874,0.0030019740400889666,-0.010040156482272154,0.003281694077780394,-0.003381152261875759,-0.002478586965752138,0.00044206862526320145,-0.0057686901815745,0.00616337761086869,0.0033366719694304155,0.0004507059382166011,-0.0005750507996829143,0.0014098980572015752,-0.000841295600637153,0.004967600682328722,0.015936947839994213,-0.0005046507748879374,0.001263052765327488,0.003638775056935682,-0.00017853681446948727,0.00309604560175621,0.00453273288035567,-0.005528016210367122,0.0014703124937606206,0.0022653871375644757,-0.002386678787023043,-0.004518010567050228,0.002043884856975382,0.0002695867798734213,-0.003397871883354916,-0.00020233294782093735,-0.0030802287048227054,0.0003921465823982904,-0.0022106190958414438,0.0021980069912799745,-0.0005046507748879374,0.02267080029349468,-0.0013245549865448188,-0.0008559186563612815,0.0012997905499626248,-0.00592246986211124,0.0042865910864617746,0.00461384188751454,-0.0006473461778455374,-0.0014660511179593859,-0.0023520265492360344,-0.004070749232887251,-0.003411212419608873,0.004882161043403992,0.00035100214343595994,-1.617319213294429e-5,-0.002118642738434964,0.004660759192435748,-0.002606419783633958,0.0016367899371642798,0.001263052765327488,-0.0013245549865448188,0.021793207040501993,0.002142316477535638,-0.0004455343928921355,-0.0005914508662171695,0.006253537625747332,-0.0037187733882913074,-0.0004432199535066684,-0.004233724487923645,-0.001459771380179321,-0.0016899153583010101,0.0009971260424905806,-0.004318212808391082,0.0011423807974016652,-0.005754465915063631,-0.001723957171751755,0.0017076969436605914,-0.00014802304555333557,0.0008570751087090863,0.003638775056935682,-0.0008559186563612815,0.002142316477535638,0.035814827473793165,-0.005099476742075015,-0.0003389323430368112,0.0009763504586157444,-0.0021126444689452376,0.0025639176999562164,0.002023233072643525,-0.008933829355718199,-0.0057173767632296675,-0.003325960117785135,0.0020901191050851026,-0.002997634644827279,0.0026166000560012112,-0.0013104607756172333,-0.0024925153628851103,0.0004864890182604612,-0.008107553894676676,-0.00017853681446948727,0.0012997905499626248,-0.0004455343928921355,-0.005099476742075015,0.016339809311869437,0.0001305707518063843,-0.0016210741732464395,0.008402176802903009,-0.0011347407748824381,0.001917142873706461,0.0028092572486905134,-0.0023011083099009604,0.0016791220689561879,-0.004325796460063498,-0.003346544174188643,-0.0052652569175359945,0.0003092169317157712,0.0009080911645274149,0.0033036377592920536,-0.0016222566249221874,0.00309604560175621,-0.00592246986211124,-0.0005914508662171695,-0.0003389323430368112,0.0001305707518063843,0.020945848086669987,-0.003631348339557878,-0.0008613351533639907,-0.0022181919036747713,0.005690064175030129,-0.006120227550084801,0.00038571465491766215,0.0021855819518880504,-0.0027509277226427644,0.0025502230089238763,0.0022512432065469497,0.005761756546954545,0.001322215182197107,-0.0028612966172090553,0.0030019740400889666,0.00453273288035567,0.0042865910864617746,0.006253537625747332,0.0009763504586157444,-0.0016210741732464395,-0.003631348339557878,0.026536383786313792,0.002292750047708075,-0.004429099603434447,-0.006074067952677651,-0.001935716184177057,-0.004416061187343835,-0.0008488378272937494,0.0020297464931633012,0.0005358685899450104,0.005029756897691975,-0.0032317825821940945,-0.006846307061842008,0.005908783449182333,-0.010040156482272154,-0.005528016210367122,0.00461384188751454,-0.0037187733882913074,-0.0021126444689452376,0.008402176802903009,-0.0008613351533639907,0.002292750047708075,0.026250518095749235,0.0028491093731898556,0.0038860999271051987,0.004214379495977857,-0.0013992040090497373,0.0022964947152103333,-0.0010072961839735063,0.0016903377943279945,-0.00030495918742907697,-0.0033291922901589476,-0.005082970342555081,0.0030948800930754206,0.003281694077780394,0.0014703124937606206,-0.0006473461778455374,-0.0004432199535066684,0.0025639176999562164,-0.0011347407748824381,-0.0022181919036747713,-0.004429099603434447,0.0028491093731898556,0.02592225775582576,-0.0010154883821674038,0.003055063498238174,-0.004000386834957891,-0.0026477371485527576,-0.0004452933549504678,0.00019785214575096218,0.0014988693126764736,0.003477193720180527,-0.0009502558114738865,0.002504530572477086,-0.003381152261875759,0.0022653871375644757,-0.0014660511179593859,-0.004233724487923645,0.002023233072643525,0.001917142873706461,0.005690064175030129,-0.006074067952677651,0.0038860999271051987,-0.0010154883821674038,0.014759727727021209,0.0025039145414925317,-0.0044187477690569195,0.0026966894804277214,0.000398170312755302,-0.00015009012467040109,-0.002496818844320749,0.0017070275336494916,-0.002240733763219488,0.00058203294321011,-0.002478586965752138,-0.002386678787023043,-0.0023520265492360344,-0.001459771380179321,-0.008933829355718199,0.0028092572486905134,-0.006120227550084801,-0.001935716184177057,0.004214379495977857,0.003055063498238174,0.0025039145414925317,0.0210245645703359,0.004644122349798569,-0.0003854201833100973,0.0012208827432318103,-0.003592862020758472,0.0026161497118438585,-0.0006026283008784212,-0.0023216361857545343,-0.0034135821186288694,0.00044206862526320145,-0.004518010567050228,-0.004070749232887251,-0.0016899153583010101,-0.0057173767632296675,-0.0023011083099009604,0.00038571465491766215,-0.004416061187343835,-0.0013992040090497373,-0.004000386834957891,-0.0044187477690569195,0.004644122349798569,0.030017418599170557,0.00038165479264455556,0.005388696045242558,0.001179823662422248,0.0002113508651674279,-0.0023351700007458844,-0.002511390815717474,-0.0009867476438807337,-0.0057686901815745,0.002043884856975382,-0.003411212419608873,0.0009971260424905806,-0.003325960117785135,0.0016791220689561879,0.0021855819518880504,-0.0008488378272937494,0.0022964947152103333,-0.0026477371485527576,0.0026966894804277214,-0.0003854201833100973,0.00038165479264455556,0.01344509624129308,0.007306182306837282,-0.0047177716644912285,0.002072221749251717,-0.0017386648608740305,-0.003433361566863896,-0.0005399492528919746,0.00616337761086869,0.0002695867798734213,0.004882161043403992,-0.004318212808391082,0.0020901191050851026,-0.004325796460063498,-0.0027509277226427644,0.0020297464931633012,-0.0010072961839735063,-0.0004452933549504678,0.000398170312755302,0.0012208827432318103,0.005388696045242558,0.007306182306837282,0.0203369587667182
