0.05876630518689892,-0.009589185429790373,-0.008165399106069794,-0.019835221253026822,0.0025483113941003614,-0.00604064203992547,-0.0016446638387989869,0.00014533377663482924,-0.011836862880230576,-0.002010069225329345,0.007719032305493816,-0.013728384049176727,0.012825580010657884,0.02875802176755256,0.0277036462942237,0.007443435791923101,0.005903804379458212,-0.018589585033770797,-0.016001749402937086,-0.014254634115886008,-0.009589185429790373,0.034376059301754476,-0.004648643696190556,0.00029700972089325675,-0.003818767903483531,-0.0064381974146736866,-0.00043106915700042944,0.007973892433872903,0.003278869450445186,-0.005791883284618103,0.003397412308480823,-0.006919197133215345,0.00012183368032703861,-0.006924898330104909,-0.02126982370772116,-0.0022908149097970055,0.0014902259625037663,0.0015687883579673476,0.006246254507389268,0.003605402734474705,-0.008165399106069794,-0.004648643696190556,0.027943816550451594,0.016498401447255867,0.001034859595327793,0.012542392166612636,-0.006278538909880394,0.004356116820483949,0.002059627571114657,0.008796283555914435,-0.003481159208969583,0.009386598352775149,-0.00994624339760473,-0.0054546406963562576,-0.003423505759765383,-0.005294600651474616,0.004513638885575202,0.0010206494823922815,0.0003369627369057349,0.0019416668100032965,-0.019835221253026822,0.00029700972089325675,0.016498401447255867,0.05779621743479077,-0.009880580078307558,0.011873927208866599,-0.0012041539161335546,0.019745038126626493,0.009025250065779644,0.020988936380384626,-0.006797722489192882,0.015408992572784785,-0.01124567196059734,-0.01866848976861745,-0.01894765356125508,-0.015970724366881205,-0.0051877975329136265,0.007724912811613442,0.001964240032865264,0.010237004480848216,0.0025483113941003614,-0.003818767903483531,0.001034859595327793,-0.009880580078307558,0.02187162450462923,0.0027332390617568003,0.0034689705917840116,-0.006980551493731397,-0.0022412303524004043,-0.0027924285279296614,-0.0010678222911221957,0.0008978708634674988,0.0009588656134467737,0.010571806754715982,0.0058937586056142174,0.005487682833000086,-0.004249562485483222,0.00619793150125153,-0.002596479380043975,-4.286277064624285e-5,-0.00604064203992547,-0.0064381974146736866,0.012542392166612636,0.011873927208866599,0.0027332390617568003,0.04544438165554887,0.010390448201634473,0.0018899897625174289,0.0037456129363973444,0.0014822466279536175,-0.01563954486014534,0.002630350281940883,0.0002793638864737331,-0.0026811978083236465,0.009160706216612767,-0.007143919989347731,0.0031178375916629903,0.0003321874602922513,-0.0041224239680218155,0.007239429674511378,-0.0016446638387989869,-0.00043106915700042944,-0.006278538909880394,-0.0012041539161335546,0.0034689705917840116,0.010390448201634473,0.03386117183085765,-0.005401275929336831,0.01003085263986355,0.004203662083365164,-0.0031301624675767626,-0.006068967654255764,0.02084458038805813,-0.00908454646400439,0.003626762512411775,0.007987545437155859,-0.012262843913858215,-0.009680798886328449,0.0007667786668968724,-0.005642272055379304,0.00014533377663482924,0.007973892433872903,0.004356116820483949,0.019745038126626493,-0.006980551493731397,0.0018899897625174289,-0.005401275929336831,0.035127393316093505,0.0006834911169084203,0.008791531811370292,0.004149942312122018,-0.0006029482063176987,-0.005829068363280069,-0.0031559909374736985,-0.007999383043584787,-0.008861336339120096,-0.003211406339979591,-0.0019106131065272907,-0.005155370956213541,0.00595573925567358,-0.011836862880230576,0.003278869450445186,0.002059627571114657,0.009025250065779644,-0.0022412303524004043,0.0037456129363973444,0.01003085263986355,0.0006834911169084203,0.025138120431018103,0.005497260944411676,-0.0040550803146305135,-0.0006133394103968023,0.006027658506844726,-0.012046704068781354,-0.004954130612984359,-0.0007179434247149305,0.000261219017984732,-0.007109312686976146,0.010513816881278271,0.002600149169497652,-0.002010069225329345,-0.005791883284618103,0.008796283555914435,0.020988936380384626,-0.0027924285279296614,0.0014822466279536175,0.004203662083365164,0.008791531811370292,0.005497260944411676,0.04246031678593273,-0.00261914421400311,0.004047648207453656,-0.012196433190682395,-0.011370362028914737,0.003446932472586507,-0.0019213974647050444,-0.00909446001716987,-0.005622387816110127,-0.0015447791426233157,0.006087435950105852,0.007719032305493816,0.003397412308480823,-0.003481159208969583,-0.006797722489192882,-0.0010678222911221957,-0.01563954486014534,-0.0031301624675767626,0.004149942312122018,-0.0040550803146305135,-0.00261914421400311,0.028759100793923756,0.0012264609163782007,0.0026092263520704467,0.00405229833224588,-0.00652246935312986,0.009937115085140866,-0.004425646004325949,0.0022833791651857786,-0.005317272668100934,0.00048331149922233995,-0.013728384049176727,-0.006919197133215345,0.009386598352775149,0.015408992572784785,0.0008978708634674988,0.002630350281940883,-0.006068967654255764,-0.0006029482063176987,-0.0006133394103968023,0.004047648207453656,0.0012264609163782007,0.029850128052054444,-0.010923594104227795,-6.03156184244627e-5,-0.0071447290030027975,-0.0038498662941339164,-0.000655580155013757,0.013654326949010436,0.0033353430262672854,0.00637849205174258,0.012825580010657884,0.00012183368032703861,-0.00994624339760473,-0.01124567196059734,0.0009588656134467737,0.0002793638864737331,0.02084458038805813,-0.005829068363280069,0.006027658506844726,-0.012196433190682395,0.0026092263520704467,-0.010923594104227795,0.044652897996619714,0.003211821295024983,-0.000688446174595314,0.0070507831952502376,-0.00778975320392955,-0.01843333844918601,-0.005633061114772334,-0.010442840911638756,0.02875802176755256,-0.006924898330104909,-0.0054546406963562576,-0.01866848976861745,0.010571806754715982,-0.0026811978083236465,-0.00908454646400439,-0.0031559909374736985,-0.012046704068781354,-0.011370362028914737,0.00405229833224588,-6.03156184244627e-5,0.003211821295024983,0.045344496362442276,0.016948118963410065,0.0031009000623426443,0.013644884710457675,0.0064797371375866575,-0.003852306054961948,-0.007078918916400592,0.0277036462942237,-0.02126982370772116,-0.003423505759765383,-0.01894765356125508,0.0058937586056142174,0.009160706216612767,0.003626762512411775,-0.007999383043584787,-0.004954130612984359,0.003446932472586507,-0.00652246935312986,-0.0071447290030027975,-0.000688446174595314,0.016948118963410065,0.057925277886541164,0.0023246975161424852,0.006839020679306711,-0.012904420016299014,-0.009234045361703802,-0.009062264280908668,0.007443435791923101,-0.0022908149097970055,-0.005294600651474616,-0.015970724366881205,0.005487682833000086,-0.007143919989347731,0.007987545437155859,-0.008861336339120096,-0.0007179434247149305,-0.0019213974647050444,0.009937115085140866,-0.0038498662941339164,0.0070507831952502376,0.0031009000623426443,0.0023246975161424852,0.026235705381737275,-0.004271117803570951,-0.006217767779475894,-0.0058039495666585865,-0.001848294258583746,0.005903804379458212,0.0014902259625037663,0.004513638885575202,-0.0051877975329136265,-0.004249562485483222,0.0031178375916629903,-0.012262843913858215,-0.003211406339979591,0.000261219017984732,-0.00909446001716987,-0.004425646004325949,-0.000655580155013757,-0.00778975320392955,0.013644884710457675,0.006839020679306711,-0.004271117803570951,0.03167807146243898,-0.0015853081201967765,0.004965733081523491,-0.0001778653982614701,-0.018589585033770797,0.0015687883579673476,0.0010206494823922815,0.007724912811613442,0.00619793150125153,0.0003321874602922513,-0.009680798886328449,-0.0019106131065272907,-0.007109312686976146,-0.005622387816110127,0.0022833791651857786,0.013654326949010436,-0.01843333844918601,0.0064797371375866575,-0.012904420016299014,-0.006217767779475894,-0.0015853081201967765,0.05405380105107511,0.0039042105529403133,0.015132346497698408,-0.016001749402937086,0.006246254507389268,0.0003369627369057349,0.001964240032865264,-0.002596479380043975,-0.0041224239680218155,0.0007667786668968724,-0.005155370956213541,0.010513816881278271,-0.0015447791426233157,-0.005317272668100934,0.0033353430262672854,-0.005633061114772334,-0.003852306054961948,-0.009234045361703802,-0.0058039495666585865,0.004965733081523491,0.0039042105529403133,0.022094794598822715,0.008728677387172052,-0.014254634115886008,0.003605402734474705,0.0019416668100032965,0.010237004480848216,-4.286277064624285e-5,0.007239429674511378,-0.005642272055379304,0.00595573925567358,0.002600149169497652,0.006087435950105852,0.00048331149922233995,0.00637849205174258,-0.010442840911638756,-0.007078918916400592,-0.009062264280908668,-0.001848294258583746,-0.0001778653982614701,0.015132346497698408,0.008728677387172052,0.025816687005391283
0.016875248868550595,-0.0036431672930729983,0.010252631049476359,0.0005867182554398718,0.0030815834812201494,-0.006861112923373492,0.0032720939435216412,-0.007302105573484447,0.0008308290103165723,-0.005080368916839116,-0.0089079724586164,-0.00394089790382525,-0.0009834390018348222,-0.0014311614214107778,-0.007808757755004425,0.003821214967139553,0.00024283096735962446,0.007248057124459439,0.0054349895898087065,0.0006049009614019452,-0.0036431672930729983,0.02186190170063607,-0.010288285187052552,-0.002570556551980492,0.00081102216116027,0.0026385364434902956,-0.003034225499639641,-3.0858066137154525e-5,0.0025616236976259846,-0.005421621768058224,0.0006198007667012539,-0.003632760934649697,0.0024413478480392577,0.00437395741889398,0.001416614770809917,0.0014527168215953212,-0.003046736989096986,0.008209108907052343,0.0018807597223228978,0.00032998654175173136,0.010252631049476359,-0.010288285187052552,0.034185623599542816,0.00683205483958431,0.003196521243809019,-0.01590790455667384,0.007150466108149292,-0.009285377547239855,0.002583967396313172,-0.007172068372068343,-0.007406590519744061,0.00549682456434924,-0.004982782181698446,0.005819593799682648,-0.010976041313073979,-0.005391037137656324,0.00530245428336321,-0.002152115558163468,0.00480865782841515,-0.007612604328420831,0.0005867182554398718,-0.002570556551980492,0.00683205483958431,0.04053445555202553,0.0064368763989892325,-0.005839663359205964,-0.005722295122714186,-0.002016166725568938,3.3935338294824357e-6,-0.008460852927561578,0.00700051446887889,-0.0037910674424407385,-0.0005117785733779034,0.010365126617718226,-0.003373352837343715,0.00039140224509429285,0.012587247425174381,-0.010982503618460659,0.0018356896617804878,-0.009250838028125376,0.0030815834812201494,0.00081102216116027,0.003196521243809019,0.0064368763989892325,0.02424082228356958,-0.015343403498420179,-0.009574130096941781,-0.004928875043048536,-0.004404839271513193,0.0007191407089751505,0.0014690164656291044,0.006272659893119797,-0.005466203155639976,0.016263370585148287,-0.0014544349279843704,0.009446357770270569,0.009146388997045011,-0.00904903506074239,-0.0024730814767083093,-0.01029499488383605,-0.006861112923373492,0.0026385364434902956,-0.01590790455667384,-0.005839663359205964,-0.015343403498420179,0.04809648814211907,0.0031941495740604054,0.011911371963810079,-0.00042676937102895243,-0.0011703542897195142,0.006267006783626369,-0.008675957677082407,0.008252803077423754,-0.02645004893220604,0.010570239070969725,-0.000929395133141354,-0.014280851197077983,0.0017521429832286308,-0.008590400872160758,0.015749027648299378,0.0032720939435216412,-0.003034225499639641,0.007150466108149292,-0.005722295122714186,-0.009574130096941781,0.0031941495740604054,0.04038175017030952,0.001066894285811964,0.006730455335421328,0.0012262137351951984,-0.006192207363434168,0.009053770738527856,-0.0024376620316025046,-0.00515345779963966,0.0014656783393867162,-0.014310746275025623,-0.0166998518513026,-0.009084236812817292,0.0038208156144891444,0.006510887814216253,-0.007302105573484447,-3.0858066137154525e-5,-0.009285377547239855,-0.002016166725568938,-0.004928875043048536,0.011911371963810079,0.001066894285811964,0.03668331621576726,-0.00045479069392403504,-0.010921677572411824,0.013613042435512033,-0.014033583381695901,0.0034637325437749606,-0.0010609455867404002,0.005061998420472387,-0.0005850898284722122,-0.0009887567199588592,-0.011843535186097133,-0.008671656462516518,0.00904810990555979,0.0008308290103165723,0.0025616236976259846,0.002583967396313172,3.3935338294824357e-6,-0.004404839271513193,-0.00042676937102895243,0.006730455335421328,-0.00045479069392403504,0.03277776247087548,0.001408305904188107,-0.001737677933939846,0.0009816466752387936,0.0020350217308323856,-0.004983090288902826,0.006726368418532029,-0.012692296758642009,-0.004343409818622274,0.00482734441623586,0.0007401828141241308,-0.009852294662587618,-0.005080368916839116,-0.005421621768058224,-0.007172068372068343,-0.008460852927561578,0.0007191407089751505,-0.0011703542897195142,0.0012262137351951984,-0.010921677572411824,0.001408305904188107,0.06483572407893472,-0.01660415799234932,0.006474597003658957,0.01635922541989212,0.005751099023172997,0.00668760591922005,-0.001696076086524096,-0.01847665163950147,-0.004473305485684484,-0.014637619561869802,0.00967587009663659,-0.0089079724586164,0.0006198007667012539,-0.007406590519744061,0.00700051446887889,0.0014690164656291044,0.006267006783626369,-0.006192207363434168,0.013613042435512033,-0.001737677933939846,-0.01660415799234932,0.037061793262657225,-0.006065451148057533,-0.0021351588825882263,8.6881727521101e-5,0.007694697633962281,0.0037183960326926248,0.008524905074645834,-0.014542053740705661,-0.0038742841109743686,-0.012719577818752303,-0.00394089790382525,-0.003632760934649697,0.00549682456434924,-0.0037910674424407385,0.006272659893119797,-0.008675957677082407,0.009053770738527856,-0.014033583381695901,0.0009816466752387936,0.006474597003658957,-0.006065451148057533,0.036095459569093886,-0.011876969507038246,0.005683381104699457,-0.0019698299867859396,0.0012710347978271382,-0.007803983417519983,-0.004989387074542466,0.010743352848756837,-0.014470486540816037,-0.0009834390018348222,0.0024413478480392577,-0.004982782181698446,-0.0005117785733779034,-0.005466203155639976,0.008252803077423754,-0.0024376620316025046,0.0034637325437749606,0.0020350217308323856,0.01635922541989212,-0.0021351588825882263,-0.011876969507038246,0.03059831859502297,-0.0013929883871901107,0.0008542194371007742,-0.0017659908430503767,-0.01002067022538521,-0.00039342822223659287,-0.01707820600209708,0.012251403350855351,-0.0014311614214107778,0.00437395741889398,0.005819593799682648,0.010365126617718226,0.016263370585148287,-0.02645004893220604,-0.00515345779963966,-0.0010609455867404002,-0.004983090288902826,0.005751099023172997,8.6881727521101e-5,0.005683381104699457,-0.0013929883871901107,0.03817295566804993,-0.0016449507942533925,0.005970445556218331,0.008193103528608832,-0.010467894087650201,-0.0031129966056433604,-0.0058008401455323585,-0.007808757755004425,0.001416614770809917,-0.010976041313073979,-0.003373352837343715,-0.0014544349279843704,0.010570239070969725,0.0014656783393867162,0.005061998420472387,0.006726368418532029,0.00668760591922005,0.007694697633962281,-0.0019698299867859396,0.0008542194371007742,-0.0016449507942533925,0.03272675804626442,-0.001161432304573194,-0.0025150509912880573,-0.009186934406059897,-0.018120595244848544,-0.003590091317834092,0.003821214967139553,0.0014527168215953212,-0.005391037137656324,0.00039140224509429285,0.009446357770270569,-0.000929395133141354,-0.014310746275025623,-0.0005850898284722122,-0.012692296758642009,-0.001696076086524096,0.0037183960326926248,0.0012710347978271382,-0.0017659908430503767,0.005970445556218331,-0.001161432304573194,0.030013487218759724,0.006001753710737051,-0.0032173048957513804,-0.004748485409853348,0.0029077728512291734,0.00024283096735962446,-0.003046736989096986,0.00530245428336321,0.012587247425174381,0.009146388997045011,-0.014280851197077983,-0.0166998518513026,-0.0009887567199588592,-0.004343409818622274,-0.01847665163950147,0.008524905074645834,-0.007803983417519983,-0.01002067022538521,0.008193103528608832,-0.0025150509912880573,0.006001753710737051,0.04577742210802703,0.0011232169031861602,0.010651212890365584,-0.02142609760388081,0.007248057124459439,0.008209108907052343,-0.002152115558163468,-0.010982503618460659,-0.00904903506074239,0.0017521429832286308,-0.009084236812817292,-0.011843535186097133,0.00482734441623586,-0.004473305485684484,-0.014542053740705661,-0.004989387074542466,-0.00039342822223659287,-0.010467894087650201,-0.009186934406059897,-0.0032173048957513804,0.0011232169031861602,0.056090394340313834,0.008379268095975159,0.009169632868113717,0.0054349895898087065,0.0018807597223228978,0.00480865782841515,0.0018356896617804878,-0.0024730814767083093,-0.008590400872160758,0.0038208156144891444,-0.008671656462516518,0.0007401828141241308,-0.014637619561869802,-0.0038742841109743686,0.010743352848756837,-0.01707820600209708,-0.0031129966056433604,-0.018120595244848544,-0.004748485409853348,0.010651212890365584,0.008379268095975159,0.045830802382629966,-0.006148174540926493,0.0006049009614019452,0.00032998654175173136,-0.007612604328420831,-0.009250838028125376,-0.01029499488383605,0.015749027648299378,0.006510887814216253,0.00904810990555979,-0.009852294662587618,0.00967587009663659,-0.012719577818752303,-0.014470486540816037,0.012251403350855351,-0.0058008401455323585,-0.003590091317834092,0.0029077728512291734,-0.02142609760388081,0.009169632868113717,-0.006148174540926493,0.0467772287508806
