0.014231833549326263,0.0036058253175634937,-0.004092101973131573,-0.0026093086294860604,0.0029429440191311136,0.000534152336792118,0.0025654131714699245,-0.0037903861960844796,-0.00016262005333189075,-0.0021203545540400912,0.005411191902023502,-0.0025520939449897497,-0.0006049898689966455,-0.00022353723630488486,0.005612274200918664,-0.0015407663828423588,0.0010307500520974275,-0.0019036142815468846,-0.002987418200100808,0.003636020543977673,0.0036058253175634937,0.028921707302811243,0.0012825304939496033,0.005513612595270938,0.002686325279631927,-0.009107819829935818,-0.0004659097167296798,-0.0033236980882333745,-0.0013308004767278569,-5.443219898963804e-6,-0.000944901113862623,0.00227810218815702,-0.0037198207577263777,-0.012179488880036534,-0.0015722505492369232,-0.0035052543525919263,0.0029585059623765276,-0.0016267985306674172,0.0022901071824551504,0.0058220340636650735,-0.004092101973131573,0.0012825304939496033,0.016456308463688497,0.0036291264387224432,0.002817357285302755,-0.00044083797562701914,-0.0027847179439645232,0.0005747258512037794,0.0044437919831445795,-0.0010845367479587992,-0.0010157132701843808,0.0035637789767707954,0.001543502407592448,-4.421738090473218e-5,-0.003582765085942702,0.0016853425677112901,0.004781687165284465,0.0004302691723021547,0.004376374778816199,-0.0052993349820478625,-0.0026093086294860604,0.005513612595270938,0.0036291264387224432,0.023075982626725226,0.00821332023476113,-0.004472761640732792,-0.00436901067302494,0.003907898103114256,0.0037146106341778484,0.002021856705685666,-0.004786677198704647,0.003496500182231057,0.0020927126867432227,-0.00974662061057208,-0.005406795934737297,-0.009451845146210336,0.005029752351679625,-0.0014141423608707454,0.0023849675741973303,-0.006098268748210526,0.0029429440191311136,0.002686325279631927,0.002817357285302755,0.00821332023476113,0.01917951051591568,-0.0015491593563164109,-0.005018518139111127,0.009775393516133732,-0.003314862210245687,0.0005236227484357637,-0.004013756774933016,-6.015073167734367e-5,0.0005935973326341576,-0.007782883189566882,0.000930494193107636,-0.010814438749525253,0.006645969996251109,-0.003369229499115097,0.000205926951308574,-0.0027092125252206724,0.000534152336792118,-0.009107819829935818,-0.00044083797562701914,-0.004472761640732792,-0.0015491593563164109,0.01632387535262094,-0.0004191525945680183,-6.611392311166891e-5,0.002202363951050963,-1.1860535211223915e-5,-0.0015774522978897203,-0.0006827137638310613,0.0011744745955121203,-0.0011974300413940325,-0.0042106339432977525,0.004747862702613202,-0.0002663462449813336,0.007843434272945184,0.003439796347586872,-0.008285555449466877,0.0025654131714699245,-0.0004659097167296798,-0.0027847179439645232,-0.00436901067302494,-0.005018518139111127,-0.0004191525945680183,0.016423362662858636,-0.004430058498139416,0.0006388694094138624,0.0021970892048876808,0.0007960209748312783,-0.004473371978524487,-0.0013378125166808926,0.009148431692005816,0.003775944056642083,0.0017370617926583097,0.0014657089773434024,0.00013181013674418341,0.0006354015850076097,0.0017361143616320025,-0.0037903861960844796,-0.0033236980882333745,0.0005747258512037794,0.003907898103114256,0.009775393516133732,-6.611392311166891e-5,-0.004430058498139416,0.0288468307548036,-0.005322598847758554,0.0011014274781223437,-0.0006742124682539788,-0.0001895106205474151,0.0027380574353519614,0.0010908386528041421,-0.0006885807698549328,-6.186482298190485e-6,0.005978695376973618,0.0015422721723156584,-0.003895256457909847,-0.005202883716631196,-0.00016262005333189075,-0.0013308004767278569,0.0044437919831445795,0.0037146106341778484,-0.003314862210245687,0.002202363951050963,0.0006388694094138624,-0.005322598847758554,0.027008559399013945,-0.0022347344169813665,-0.0017225694945506298,0.0023553158336091463,0.0028405399304206203,0.002585293057982872,-0.006814865638698877,-0.00609971789390507,-0.003004664172737326,-0.0014407488397981927,0.0005035794936493038,0.00035035795777401595,-0.0021203545540400912,-5.443219898963804e-6,-0.0010845367479587992,0.002021856705685666,0.0005236227484357637,-1.1860535211223915e-5,0.0021970892048876808,0.0011014274781223437,-0.0022347344169813665,0.019752677906519845,-0.001153396309492002,-0.0021033634764869424,-0.0011107561292587561,0.001141365658769847,0.0018361202206428847,-0.0015677889682902068,0.0028734190422172712,-0.00270805193180798,0.0050905494284698115,0.003263858782902419,0.005411191902023502,-0.000944901113862623,-0.0010157132701843808,-0.004786677198704647,-0.004013756774933016,-0.0015774522978897203,0.0007960209748312783,-0.0006742124682539788,-0.0017225694945506298,-0.001153396309492002,0.018228159401149687,0.0022728607151578017,-0.0037648580652506086,-0.0009070042476084063,0.00457052023459819,0.0052404219502205866,-0.005329382873140584,-0.0015423237748516897,-0.005210451187157231,0.006497518461655561,-0.0025520939449897497,0.00227810218815702,0.0035637789767707954,0.003496500182231057,-6.015073167734367e-5,-0.0006827137638310613,-0.004473371978524487,-0.0001895106205474151,0.0023553158336091463,-0.0021033634764869424,0.0022728607151578017,0.018791669639450424,0.004708989000718682,-0.005029290383598017,-0.00381958544794152,4.501668456030832e-5,-0.0039696624589439285,0.0009350003676183889,-0.00411753814752042,-0.0035717936019622233,-0.0006049898689966455,-0.0037198207577263777,0.001543502407592448,0.0020927126867432227,0.0005935973326341576,0.0011744745955121203,-0.0013378125166808926,0.0027380574353519614,0.0028405399304206203,-0.0011107561292587561,-0.0037648580652506086,0.004708989000718682,0.016031647589793148,0.0002013636519363862,-0.001152702277795002,-0.004904077233341668,-0.0003760312761402717,-0.0011652780525499558,0.001117632536229442,-2.3252122802562214e-5,-0.00022353723630488486,-0.012179488880036534,-4.421738090473218e-5,-0.00974662061057208,-0.007782883189566882,-0.0011974300413940325,0.009148431692005816,0.0010908386528041421,0.002585293057982872,0.001141365658769847,-0.0009070042476084063,-0.005029290383598017,0.0002013636519363862,0.028017398556622993,0.0033677785978270987,0.008383799608671472,-0.007078045038584947,0.0040368622451178,-0.0021015104631378163,0.0012576271959953578,0.005612274200918664,-0.0015722505492369232,-0.003582765085942702,-0.005406795934737297,0.000930494193107636,-0.0042106339432977525,0.003775944056642083,-0.0006885807698549328,-0.006814865638698877,0.0018361202206428847,0.00457052023459819,-0.00381958544794152,-0.001152702277795002,0.0033677785978270987,0.023290596345609784,0.004161742384224523,0.0012168917171631725,-0.0008825248167437081,-0.0006705056493859923,0.009016285424588674,-0.0015407663828423588,-0.0035052543525919263,0.0016853425677112901,-0.009451845146210336,-0.010814438749525253,0.004747862702613202,0.0017370617926583097,-6.186482298190485e-6,-0.00609971789390507,-0.0015677889682902068,0.0052404219502205866,4.501668456030832e-5,-0.004904077233341668,0.008383799608671472,0.004161742384224523,0.028775567736955287,-0.013764462595415904,0.004510332598785293,-0.005159826835486192,0.0009311602599520719,0.0010307500520974275,0.0029585059623765276,0.004781687165284465,0.005029752351679625,0.006645969996251109,-0.0002663462449813336,0.0014657089773434024,0.005978695376973618,-0.003004664172737326,0.0028734190422172712,-0.005329382873140584,-0.0039696624589439285,-0.0003760312761402717,-0.007078045038584947,0.0012168917171631725,-0.013764462595415904,0.028186707392452846,-0.0018137692285232075,0.00812208402197492,-0.010494843820595862,-0.0019036142815468846,-0.0016267985306674172,0.0004302691723021547,-0.0014141423608707454,-0.003369229499115097,0.007843434272945184,0.00013181013674418341,0.0015422721723156584,-0.0014407488397981927,-0.00270805193180798,-0.0015423237748516897,0.0009350003676183889,-0.0011652780525499558,0.0040368622451178,-0.0008825248167437081,0.004510332598785293,-0.0018137692285232075,0.019648437749965098,0.006474915312070492,-0.002249926782065076,-0.002987418200100808,0.0022901071824551504,0.004376374778816199,0.0023849675741973303,0.000205926951308574,0.003439796347586872,0.0006354015850076097,-0.003895256457909847,0.0005035794936493038,0.0050905494284698115,-0.005210451187157231,-0.00411753814752042,0.001117632536229442,-0.0021015104631378163,-0.0006705056493859923,-0.005159826835486192,0.00812208402197492,0.006474915312070492,0.024299394727091233,-0.010948988596908814,0.003636020543977673,0.0058220340636650735,-0.0052993349820478625,-0.006098268748210526,-0.0027092125252206724,-0.008285555449466877,0.0017361143616320025,-0.005202883716631196,0.00035035795777401595,0.003263858782902419,0.006497518461655561,-0.0035717936019622233,-2.3252122802562214e-5,0.0012576271959953578,0.009016285424588674,0.0009311602599520719,-0.010494843820595862,-0.002249926782065076,-0.010948988596908814,0.025790866105483923
