0.09139826868271378,-0.012183378156769634,0.03478267122096052,-0.02246328512850622,-0.003919148174960619,0.005395696304007195,0.001528675329724521,-0.025807228944179722,0.0019814573994986376,0.05119363431075717,0.031689637636473214,0.004695537914731809,0.009944800657279382,0.0053615920468389425,-0.06255581167118715,0.011236702070524168,-0.00509732045278719,0.0009287536565460571,-0.037334306182620694,-0.05255949850924506,-0.012183378156769634,0.026709742234575624,-0.004565861358750354,-0.01407547636485144,-0.0021876102509055372,0.0011411810565897331,0.004874761956407767,0.004343975641953867,-0.0064246340121460205,-0.00057725201731551,-0.012601915320883665,-0.016336818199434062,0.005442933266066225,0.00816177992213488,0.021931668889395284,0.002630277573775249,-0.0006282367060747872,0.0006608784218664329,-0.0007133079670310794,0.010327159668744656,0.03478267122096052,-0.004565861358750354,0.06087303794319379,-0.004880515104589559,0.01137986857056814,0.006308278703235619,0.0010014081563918273,-0.008089987240176108,-0.012627011095076222,0.03297657661735927,0.025618536068621744,0.013050368792212476,-0.001159608935945047,-0.019933206748675873,-0.04166167147496173,-0.015641659739759624,-0.00748718882136468,0.011943164772253583,-0.018736477257062706,-0.036665800111172785,-0.02246328512850622,-0.01407547636485144,-0.004880515104589559,0.042665318833663736,0.0034328248612305267,-0.004709504296564596,-0.014216419620040001,0.013201835584113902,0.005373649878128247,-0.0291492814233825,-0.0026236400253856363,0.010071583466217112,-0.0074114778874961075,-0.013859957736644833,0.006175757498095092,-0.005844439304035656,0.008574020534574773,-0.00135613085332316,0.008523635966329702,0.012350156236114108,-0.003919148174960619,-0.0021876102509055372,0.01137986857056814,0.0034328248612305267,0.01903566528210385,0.0027956653469117044,9.014001187153221e-5,-0.0013848958516364755,-0.001247664640082322,0.0036428335891500333,0.004103678768230158,0.0035306427375223206,-0.006387189835607784,-0.010910618019446754,-0.011858037086765747,-0.005640370990842339,0.00725062830744215,0.008092864837441892,-0.002066432160205603,-0.0058489911465365915,0.005395696304007195,0.0011411810565897331,0.006308278703235619,-0.004709504296564596,0.0027956653469117044,0.029003133385375093,0.008025360436199058,0.0033918773484734356,0.0040587528676774036,0.01262739974493263,-0.0038824605299277596,-0.015618472616238353,-0.00784956542142658,0.0010751472691839727,-0.004842663563073987,-0.01148484439183134,0.008890626266568242,0.011045055529640154,-0.0021517558419730867,-0.019040373313101183,0.001528675329724521,0.004874761956407767,0.0010014081563918273,-0.014216419620040001,9.014001187153221e-5,0.008025360436199058,0.03403334106014186,-0.006602128779101523,0.0020100192183716828,0.020332908715934274,-0.005544566457350242,-0.011784043821803432,-0.003170988875011978,0.004269017850005875,0.001509231287373671,-0.012025152654338879,0.005799405822945515,0.006143458160381674,-0.0009736357844477158,-0.012071493638843338,-0.025807228944179722,0.004343975641953867,-0.008089987240176108,0.013201835584113902,-0.0013848958516364755,0.0033918773484734356,-0.006602128779101523,0.04050594254131605,-0.0019053528453079477,-0.023649104392768176,-0.0023899193136147903,0.007010490011998797,0.0002479641102180887,-0.009337820130630163,0.01517685811080529,-0.016918229850964507,0.0006555389758193997,0.005193347228105759,0.003902208481071633,0.0064940741650263145,0.0019814573994986376,-0.0064246340121460205,-0.012627011095076222,0.005373649878128247,-0.001247664640082322,0.0040587528676774036,0.0020100192183716828,-0.0019053528453079477,0.024203112706734833,-0.0017895996938501995,-0.004064983939253474,0.0018476036789116276,-0.00600923072908998,0.004803234857070796,-0.004855342587685069,0.0034875338214169663,0.005521930820222877,0.0026018409532851906,0.0015344522443726423,-0.0023865182480453245,0.05119363431075717,-0.00057725201731551,0.03297657661735927,-0.0291492814233825,0.0036428335891500333,0.01262739974493263,0.020332908715934274,-0.023649104392768176,-0.0017895996938501995,0.07734733690972019,0.01885265588122885,-0.011383486864357306,0.001083479040304599,0.006531970526330958,-0.04680814288227682,-0.01024512951605689,0.0017755717311502633,0.014141121685689652,-0.024712809379363772,-0.05177975869710767,0.031689637636473214,-0.012601915320883665,0.025618536068621744,-0.0026236400253856363,0.004103678768230158,-0.0038824605299277596,-0.005544566457350242,-0.0023899193136147903,-0.004064983939253474,0.01885265588122885,0.058412335154136304,0.03218553729141979,0.00046090025677327526,-0.02262595097048238,-0.04333315317365698,-0.009123074224538955,-0.009247104912447823,0.013367247499365072,-0.022040637704891897,-0.03140439432575556,0.004695537914731809,-0.016336818199434062,0.013050368792212476,0.010071583466217112,0.0035306427375223206,-0.015618472616238353,-0.011784043821803432,0.007010490011998797,0.0018476036789116276,-0.011383486864357306,0.03218553729141979,0.0568618112801068,0.005260899935904794,-0.01811305702248381,-0.026904655942447828,-0.00451311995327246,-0.011821351807421315,0.001763748314105002,-0.019950868123269728,-0.006469184967379153,0.009944800657279382,0.005442933266066225,-0.001159608935945047,-0.0074114778874961075,-0.006387189835607784,-0.00784956542142658,-0.003170988875011978,0.0002479641102180887,-0.00600923072908998,0.001083479040304599,0.00046090025677327526,0.005260899935904794,0.03271406838679764,0.0035601953602514983,-0.0007778381197342927,0.00766475005594811,-0.01506438250106714,-0.00442332412482141,-0.0016615817686820534,0.002525323853505416,0.0053615920468389425,0.00816177992213488,-0.019933206748675873,-0.013859957736644833,-0.010910618019446754,0.0010751472691839727,0.004269017850005875,-0.009337820130630163,0.004803234857070796,0.006531970526330958,-0.02262595097048238,-0.01811305702248381,0.0035601953602514983,0.04013881167654714,0.01894950116324076,0.013694541995594882,-0.0008707486580690118,-0.015795494809893076,0.008513936847665517,0.011514648254138414,-0.06255581167118715,0.021931668889395284,-0.04166167147496173,0.006175757498095092,-0.011858037086765747,-0.004842663563073987,0.001509231287373671,0.01517685811080529,-0.004855342587685069,-0.04680814288227682,-0.04333315317365698,-0.026904655942447828,-0.0007778381197342927,0.01894950116324076,0.09124340991860934,0.009398664468632058,-0.0016894081692822274,-0.015238479140456607,0.037092979560801494,0.05721224425548588,0.011236702070524168,0.002630277573775249,-0.015641659739759624,-0.005844439304035656,-0.005640370990842339,-0.01148484439183134,-0.012025152654338879,-0.016918229850964507,0.0034875338214169663,-0.01024512951605689,-0.009123074224538955,-0.00451311995327246,0.00766475005594811,0.013694541995594882,0.009398664468632058,0.04978932657172932,-0.0009204643821382228,-0.015964697377316643,-0.002907245127607175,0.0204517053091489,-0.00509732045278719,-0.0006282367060747872,-0.00748718882136468,0.008574020534574773,0.00725062830744215,0.008890626266568242,0.005799405822945515,0.0006555389758193997,0.005521930820222877,0.0017755717311502633,-0.009247104912447823,-0.011821351807421315,-0.01506438250106714,-0.0008707486580690118,-0.0016894081692822274,-0.0009204643821382228,0.026424888624114993,0.0017742205911850687,0.0018599150368334516,-0.00046551884322021967,0.0009287536565460571,0.0006608784218664329,0.011943164772253583,-0.00135613085332316,0.008092864837441892,0.011045055529640154,0.006143458160381674,0.005193347228105759,0.0026018409532851906,0.014141121685689652,0.013367247499365072,0.001763748314105002,-0.00442332412482141,-0.015795494809893076,-0.015238479140456607,-0.015964697377316643,0.0017742205911850687,0.03588236491759686,-0.012041379666471622,-0.01862478620861112,-0.037334306182620694,-0.0007133079670310794,-0.018736477257062706,0.008523635966329702,-0.002066432160205603,-0.0021517558419730867,-0.0009736357844477158,0.003902208481071633,0.0015344522443726423,-0.024712809379363772,-0.022040637704891897,-0.019950868123269728,-0.0016615817686820534,0.008513936847665517,0.037092979560801494,-0.002907245127607175,0.0018599150368334516,-0.012041379666471622,0.05027879623097882,0.027238724491622453,-0.05255949850924506,0.010327159668744656,-0.036665800111172785,0.012350156236114108,-0.0058489911465365915,-0.019040373313101183,-0.012071493638843338,0.0064940741650263145,-0.0023865182480453245,-0.05177975869710767,-0.03140439432575556,-0.006469184967379153,0.002525323853505416,0.011514648254138414,0.05721224425548588,0.0204517053091489,-0.00046551884322021967,-0.01862478620861112,0.027238724491622453,0.07101120582913897
0.03583226325717785,0.0034100713267532865,-0.0010090376233641736,-0.0036402002981207058,-0.001202846803405785,-0.01458718051057243,0.012524946318538488,0.0010163536163054561,0.007936700926881276,0.0028082397141272896,-0.0041024306830787696,-0.007933259823447884,0.012513861218729544,-0.010929274340952918,-0.0029062624013774544,-0.017003645306510558,0.004549222733322577,-0.004866041492695964,0.00838233114856794,0.007291043233152356,0.0034100713267532865,0.030779797019978673,-0.003303735754504425,0.0041885018362076455,0.002346611729393953,0.0028816373647356235,-0.0009673322505271083,-0.004787560975574912,0.006223501375486756,-0.0047790727694365515,0.005313330546848979,0.010927085025227604,-0.005985372395785261,0.0017111375290392102,-0.0010598182975395938,0.004836226790894418,-0.00685680537714585,-0.0054947626008651496,-0.011665059451953973,-0.0010186031241989583,-0.0010090376233641736,-0.003303735754504425,0.029207792056263907,-0.0073665199935066625,-0.0018073052840262677,-0.006191647220166154,0.008864529655508536,-0.005679106165838135,-0.010860442797871985,0.00516275528287658,0.00339146230057405,0.007387811718925405,8.308171033535118e-5,-0.006589343636608785,-0.0004589641117476586,0.0035461223186640483,0.0015421575812147828,0.011972793910732658,0.0037775993747276547,-0.006732821146443555,-0.0036402002981207058,0.0041885018362076455,-0.0073665199935066625,0.02552484697138167,-0.0021795387848981824,0.004693036545382369,-0.011159813022064908,0.002551102797464332,0.014097172915118056,-0.0039057496007295234,-0.0025371250343215698,-0.0016350573586927345,-0.007078189662624737,0.007183120538252541,-0.006003523209241515,0.009402629193609728,-0.0002384076330719117,0.0031655507719989305,-0.009511049409616026,0.006110050532222782,-0.001202846803405785,0.002346611729393953,-0.0018073052840262677,-0.0021795387848981824,0.019008835798032826,0.006026068977753532,-0.0010652433966239399,-0.0028952987544960435,-0.007401974959458294,0.0012178097891796472,0.002694609034358272,-0.0046080878860125735,-0.0004984939504561368,-0.006304688256376162,0.005706404604568305,-0.00042871770697956355,-0.004099571209608611,-0.007086334374170263,-0.0007732488327953582,0.0019318531779969226,-0.01458718051057243,0.0028816373647356235,-0.006191647220166154,0.004693036545382369,0.006026068977753532,0.040543584446967415,-0.019804527849944763,-7.993129421717645e-5,0.00724166264152709,0.00013159826894277736,0.0005353319879598409,0.008662651942887345,-0.011968319499035558,0.011344494466070474,-0.004858694982585358,0.01339041771209084,0.0026900139382964212,-0.006610987026405271,-0.01549546834366633,-0.009022358040050046,0.012524946318538488,-0.0009673322505271083,0.008864529655508536,-0.011159813022064908,-0.0010652433966239399,-0.019804527849944763,0.05287704514516943,-0.007287680981377375,-0.015300664668161056,-0.005625509797430238,0.01096083598641599,-0.01326852011298963,0.017206216826917614,-0.03383199527927637,-0.0074579686648949435,-0.01732275846762389,-0.013882952776254807,0.003721982622198701,0.02837972672958482,0.007596148366448226,0.0010163536163054561,-0.004787560975574912,-0.005679106165838135,0.002551102797464332,-0.0028952987544960435,-7.993129421717645e-5,-0.007287680981377375,0.019557729923187404,0.004122335773473552,-0.0011418220771810782,-0.0013629173222433886,-0.0029552388848395703,-0.003538286848931805,0.013811157593060237,0.005871584912230672,0.002086421183560562,0.005437002685849944,-0.0011888216086469482,-0.003217652971413321,-0.0038865260541649975,0.007936700926881276,0.006223501375486756,-0.010860442797871985,0.014097172915118056,-0.007401974959458294,0.00724166264152709,-0.015300664668161056,0.004122335773473552,0.05178562893620225,0.004871592489586305,-0.007714661201733328,0.0066323233653935105,-0.0017227127846967298,0.0075252151693646005,-0.00856349956733814,0.007236408772545985,0.005231179379008837,-0.007330293377148576,-0.013259502460486378,0.004346421219443359,0.0028082397141272896,-0.0047790727694365515,0.00516275528287658,-0.0039057496007295234,0.0012178097891796472,0.00013159826894277736,-0.005625509797430238,-0.0011418220771810782,0.004871592489586305,0.03344053640215136,-0.0012693663596143713,-0.0002551375243332642,0.01050026562869082,-0.0039691630842362295,-0.002581683087278062,0.002105906291674954,0.008873069151356234,-0.008661233096884803,-0.01093026674695919,0.002068169957915528,-0.0041024306830787696,0.005313330546848979,0.00339146230057405,-0.0025371250343215698,0.002694609034358272,0.0005353319879598409,0.01096083598641599,-0.0013629173222433886,-0.007714661201733328,-0.0012693663596143713,0.026470327987105254,-0.0016025389629031037,-0.003084952191442855,-0.0037714405345124916,0.0040143699808031594,0.003193334126894912,-0.0069582576387686185,-0.0011280952589296806,0.0025262450506924137,-0.0031342437120694907,-0.007933259823447884,0.010927085025227604,0.007387811718925405,-0.0016350573586927345,-0.0046080878860125735,0.008662651942887345,-0.01326852011298963,-0.0029552388848395703,0.0066323233653935105,-0.0002551375243332642,-0.0016025389629031037,0.0426865806370665,-0.005361470429767199,0.014072029718864235,0.0008784986917923461,0.006201236836293503,0.0036044532973155984,-0.003805009920788227,-0.010715107461408259,-0.008006101891866745,0.012513861218729544,-0.005985372395785261,8.308171033535118e-5,-0.007078189662624737,-0.0004984939504561368,-0.011968319499035558,0.017206216826917614,-0.003538286848931805,-0.0017227127846967298,0.01050026562869082,-0.003084952191442855,-0.005361470429767199,0.03207610534103047,-0.024054726023038688,-0.003755479054228882,-0.015424087151484928,-0.0022256981929046384,0.001339924159105533,0.015228528149661366,0.006394926960296004,-0.010929274340952918,0.0017111375290392102,-0.006589343636608785,0.007183120538252541,-0.006304688256376162,0.011344494466070474,-0.03383199527927637,0.013811157593060237,0.0075252151693646005,-0.0039691630842362295,-0.0037714405345124916,0.014072029718864235,-0.024054726023038688,0.06623256177661996,0.008101457750275267,0.020920917693895653,0.01710319723212303,-0.007864064992855604,-0.030806239210824038,-0.011969373062694437,-0.0029062624013774544,-0.0010598182975395938,-0.0004589641117476586,-0.006003523209241515,0.005706404604568305,-0.004858694982585358,-0.0074579686648949435,0.005871584912230672,-0.00856349956733814,-0.002581683087278062,0.0040143699808031594,0.0008784986917923461,-0.003755479054228882,0.008101457750275267,0.031311024446184055,-0.0017432810821684157,-0.000980009791722072,-0.007176595432771353,-0.000834714007114071,-0.0007403739130423933,-0.017003645306510558,0.004836226790894418,0.0035461223186640483,0.009402629193609728,-0.00042871770697956355,0.01339041771209084,-0.01732275846762389,0.002086421183560562,0.007236408772545985,0.002105906291674954,0.003193334126894912,0.006201236836293503,-0.015424087151484928,0.020920917693895653,-0.0017432810821684157,0.033920666579504655,-0.0010514410197585463,-0.0022675218519856476,-0.02690961779368075,-0.00285036285827752,0.004549222733322577,-0.00685680537714585,0.0015421575812147828,-0.0002384076330719117,-0.004099571209608611,0.0026900139382964212,-0.013882952776254807,0.005437002685849944,0.005231179379008837,0.008873069151356234,-0.0069582576387686185,0.0036044532973155984,-0.0022256981929046384,0.01710319723212303,-0.000980009791722072,-0.0010514410197585463,0.024816926240957354,-0.0029996702091366874,-0.007379933414544777,-0.006717995787643779,-0.004866041492695964,-0.0054947626008651496,0.011972793910732658,0.0031655507719989305,-0.007086334374170263,-0.006610987026405271,0.003721982622198701,-0.0011888216086469482,-0.007330293377148576,-0.008661233096884803,-0.0011280952589296806,-0.003805009920788227,0.001339924159105533,-0.007864064992855604,-0.007176595432771353,-0.0022675218519856476,-0.0029996702091366874,0.026790455261236582,0.012218622065593501,0.003683273870085089,0.00838233114856794,-0.011665059451953973,0.0037775993747276547,-0.009511049409616026,-0.0007732488327953582,-0.01549546834366633,0.02837972672958482,-0.003217652971413321,-0.013259502460486378,-0.01093026674695919,0.0025262450506924137,-0.010715107461408259,0.015228528149661366,-0.030806239210824038,-0.000834714007114071,-0.02690961779368075,-0.007379933414544777,0.012218622065593501,0.054620555373137085,0.008786880477041913,0.007291043233152356,-0.0010186031241989583,-0.006732821146443555,0.006110050532222782,0.0019318531779969226,-0.009022358040050046,0.007596148366448226,-0.0038865260541649975,0.004346421219443359,0.002068169957915528,-0.0031342437120694907,-0.008006101891866745,0.006394926960296004,-0.011969373062694437,-0.0007403739130423933,-0.00285036285827752,-0.006717995787643779,0.003683273870085089,0.008786880477041913,0.02716109601663041
