0.012734763637917614,-0.0003765208279360254,0.0035806985831763173,0.0020915188907243,0.00022339157276845571,-0.004063768895321425,-0.0003355308432930513,0.0004730339514855038,-0.002955916410414528,-0.003190005528184591,-0.001818056653744736,0.0011953441923040983,-0.00046490957042054115,-0.0011318349349601717,-0.0003685158804976915,-0.0007926642664987454,-0.001470771474004515,0.004734284934605364,0.0019295898540279035,0.002618005896868292,-0.0003765208279360254,0.008306211863427275,-0.004209813465943603,-0.0003500623402542339,0.002523214570622662,0.002617091061587567,-0.0011886466759591142,0.0005278860809881498,0.008800890510854,0.0036903765867818874,-0.00021829172476487768,-0.002480117825412454,-0.00047736291172923177,-0.0019063101697257548,0.0013690930865644514,-0.0048571517594114925,-0.0026935868341933945,0.012475987189739603,-0.004171256650892831,-0.000607393934447499,0.0035806985831763173,-0.004209813465943603,0.03638109884265278,0.0016741590213932142,0.00039147681376048416,0.0036222233785391934,0.005089320546615159,0.002045057074921303,-0.004596952647024855,-0.0021017294683613277,0.010287933048616485,0.006151501089510273,-0.0015664925449615633,0.002013586342982458,-0.0031735773242949007,0.0004403903648471713,-0.0023666266023643027,-0.005428673869735783,-0.0005523835592491845,0.008461445976916192,0.0020915188907243,-0.0003500623402542339,0.0016741590213932142,0.0026020014295786748,-0.0004297722004008037,-0.0002413820474241185,0.0003971017603254486,1.443121762987503e-6,-0.0022288431076433485,-0.001648767601914868,0.0010897782195600134,0.0013152348113251882,9.918432460617903e-5,0.0004951585575307886,-0.0010938451272700421,0.00017196867003430158,0.0007267991089734757,-0.0012717400709175938,-0.00010129684766898375,0.0013046775118156313,0.00022339157276845571,0.002523214570622662,0.00039147681376048416,-0.0004297722004008037,0.005344360683931294,0.0019776495239091957,0.00025409780182470765,0.0010692716309643104,0.005720529729521463,0.005796774942730606,0.0018373429284343737,-0.001608181150623255,0.0007063439423061019,-0.0001037983750832005,0.0015984533378317403,-0.0022893111057356633,-0.002806585366104091,0.009179257329920146,-0.0019232248386927872,-0.0005968241693458126,-0.004063768895321425,0.002617091061587567,0.0036222233785391934,-0.0002413820474241185,0.0019776495239091957,0.0152807533879776,0.0019694383788993993,0.001042486521861938,0.005527230643429952,0.009891234314010535,0.002529716121332885,0.0026284846067293863,-0.0008132682982321397,0.0032009173640012633,-0.0004990314319796974,-0.0006150373200113656,0.00018068034149365574,0.0037802126286719624,-0.0028364044630810946,-0.0007229801473137144,-0.0003355308432930513,-0.0011886466759591142,0.005089320546615159,0.0003971017603254486,0.00025409780182470765,0.0019694383788993993,0.004599358235141174,0.000988461235416637,-0.0013050386565481636,-0.001298398336469522,0.004795004752480941,0.0035551266850409923,-0.00014676452640337116,-0.0005155724569935835,-0.0016824808180705576,0.001167216640510033,-0.000509234112724697,-0.0011246814882726306,-0.0009753004949427889,0.0014824973030044017,0.0004730339514855038,0.0005278860809881498,0.002045057074921303,1.443121762987503e-6,0.0010692716309643104,0.001042486521861938,0.000988461235416637,0.0034203313609981415,0.0027987887551607455,0.0033276705938242238,0.0011028095359750477,0.002090757794309625,0.000273747989502888,-0.00011590737500144754,-0.0003232244469973573,0.0006042949751108955,-0.00046806938340103905,0.0009473107072456672,-0.0036036139887391473,0.000488910389448772,-0.002955916410414528,0.008800890510854,-0.004596952647024855,-0.0022288431076433485,0.005720529729521463,0.005527230643429952,-0.0013050386565481636,0.0027987887551607455,0.023013713193351056,0.011667906833402162,0.0011985532568504326,-0.0031002258040289726,-0.0003912676865781683,-0.0013269174733197366,0.0038374665347349606,-0.005840516351359167,-0.005814053718419596,0.02030846665014148,-0.008465243894441622,-0.0007561620468379327,-0.003190005528184591,0.0036903765867818874,-0.0021017294683613277,-0.001648767601914868,0.005796774942730606,0.009891234314010535,-0.001298398336469522,0.0033276705938242238,0.011667906833402162,0.03242803877111909,-0.0009146312273354963,-2.7187478336375415e-6,0.0023270057342897757,0.005666739352241334,0.003120584548524174,0.0023799056776842922,0.0003389720171497453,0.008060422628934907,-0.003500015219403459,-0.004752141868011551,-0.001818056653744736,-0.00021829172476487768,0.010287933048616485,0.0010897782195600134,0.0018373429284343737,0.002529716121332885,0.004795004752480941,0.0011028095359750477,0.0011985532568504326,-0.0009146312273354963,0.02824550729502809,0.0040003799035583576,0.0004520257348128432,-0.00016582734970812,-0.0020163223856393808,-0.001181561196145693,-0.000997489441303286,0.00260574296421252,-0.0040445320921223375,0.002678307322310021,0.0011953441923040983,-0.002480117825412454,0.006151501089510273,0.0013152348113251882,-0.001608181150623255,0.0026284846067293863,0.0035551266850409923,0.002090757794309625,-0.0031002258040289726,-2.7187478336375415e-6,0.0040003799035583576,0.01663874075850149,-0.002096895434111749,0.004946331359090668,-0.0035135293804737988,0.005840738911533415,0.003439413094682544,-0.007152177714011244,0.00012522092907795297,0.0040313928849902755,-0.00046490957042054115,-0.00047736291172923177,-0.0015664925449615633,9.918432460617903e-5,0.0007063439423061019,-0.0008132682982321397,-0.00014676452640337116,0.000273747989502888,-0.0003912676865781683,0.0023270057342897757,0.0004520257348128432,-0.002096895434111749,0.003803489027361371,-0.0005725146697569626,0.001092757496388601,0.0014204613980119793,0.0007245708312700013,-0.0012393883428712003,0.0008515214529475732,-0.0010647573243205127,-0.0011318349349601717,-0.0019063101697257548,0.002013586342982458,0.0004951585575307886,-0.0001037983750832005,0.0032009173640012633,-0.0005155724569935835,-0.00011590737500144754,-0.0013269174733197366,0.005666739352241334,-0.00016582734970812,0.004946331359090668,-0.0005725146697569626,0.014341038459142696,-0.0003307976955728544,0.0058742657252400235,0.003528435053653048,-0.007052400977373619,0.0035760063963038704,0.0006812273487318927,-0.0003685158804976915,0.0013690930865644514,-0.0031735773242949007,-0.0010938451272700421,0.0015984533378317403,-0.0004990314319796974,-0.0016824808180705576,-0.0003232244469973573,0.0038374665347349606,0.003120584548524174,-0.0020163223856393808,-0.0035135293804737988,0.001092757496388601,-0.0003307976955728544,0.004278741990376211,-0.0014155272959480427,-0.0013589891492223295,0.00466197087348238,0.0007722035971304518,-0.0013341346146018029,-0.0007926642664987454,-0.0048571517594114925,0.0004403903648471713,0.00017196867003430158,-0.0022893111057356633,-0.0006150373200113656,0.001167216640510033,0.0006042949751108955,-0.005840516351359167,0.0023799056776842922,-0.001181561196145693,0.005840738911533415,0.0014204613980119793,0.0058742657252400235,-0.0014155272959480427,0.016134653782582796,0.006468000545735226,-0.014581758207708084,0.005376212385053935,-0.00010076806656776399,-0.001470771474004515,-0.0026935868341933945,-0.0023666266023643027,0.0007267991089734757,-0.002806585366104091,0.00018068034149365574,-0.000509234112724697,-0.00046806938340103905,-0.005814053718419596,0.0003389720171497453,-0.000997489441303286,0.003439413094682544,0.0007245708312700013,0.003528435053653048,-0.0013589891492223295,0.006468000545735226,0.00727134026445661,-0.011510071534095532,0.003447496825947728,-0.0005365792643674976,0.004734284934605364,0.012475987189739603,-0.005428673869735783,-0.0012717400709175938,0.009179257329920146,0.0037802126286719624,-0.0011246814882726306,0.0009473107072456672,0.02030846665014148,0.008060422628934907,0.00260574296421252,-0.007152177714011244,-0.0012393883428712003,-0.007052400977373619,0.00466197087348238,-0.014581758207708084,-0.011510071534095532,0.048886423914148415,-0.008599042683482949,-0.0015209616729212094,0.0019295898540279035,-0.004171256650892831,-0.0005523835592491845,-0.00010129684766898375,-0.0019232248386927872,-0.0028364044630810946,-0.0009753004949427889,-0.0036036139887391473,-0.008465243894441622,-0.003500015219403459,-0.0040445320921223375,0.00012522092907795297,0.0008515214529475732,0.0035760063963038704,0.0007722035971304518,0.005376212385053935,0.003447496825947728,-0.008599042683482949,0.014785542896511081,-0.00027354100778543536,0.002618005896868292,-0.000607393934447499,0.008461445976916192,0.0013046775118156313,-0.0005968241693458126,-0.0007229801473137144,0.0014824973030044017,0.000488910389448772,-0.0007561620468379327,-0.004752141868011551,0.002678307322310021,0.0040313928849902755,-0.0010647573243205127,0.0006812273487318927,-0.0013341346146018029,-0.00010076806656776399,-0.0005365792643674976,-0.0015209616729212094,-0.00027354100778543536,0.007454988628553684
0.00808686477709473,0.001180909594067461,0.0021402096251593485,0.0005387933021429742,0.000906895780314878,0.0002964898119365636,0.0004710356657042301,-0.0016326144059897716,0.005641292786474192,-0.0017783691698425653,-0.0004979038050318485,0.004873412918160989,0.00022527204988562053,0.0015344624021838174,0.0011563137523336697,0.00026582065748798306,0.0007193220362137955,-0.00011439642597582352,0.000497575149457331,-0.0008242696930196621,0.001180909594067461,0.006898416054657637,-0.002259414501470042,-0.0028609783677302015,0.0006993338376873306,0.00037797492527297477,0.002384982099767602,0.0013499687585263509,-0.002250118379858903,0.0009969461368259738,0.00021557081598893825,-0.0005619995901645804,-0.0010466268624349552,0.0016676577352617806,-0.0019723049723087247,0.0006494201788409002,0.0017765497809946913,-0.008421654891379676,0.0007313200633646034,-0.0004854640933371069,0.0021402096251593485,-0.002259414501470042,0.037905455309191774,2.706787408442255e-5,-0.00014295539925917813,-0.004967682148522839,-0.003006497397663643,-0.002331804100087608,0.0006221888568530633,-0.0003190147158071407,-0.007441065850335769,-0.0013302018991288122,0.00014692983109310212,-0.007115937342960272,0.0036016295187504908,0.00526758903425152,-0.0008754735922020303,0.004524537071257828,-0.003432067840906648,-0.0009915819087894795,0.0005387933021429742,-0.0028609783677302015,2.706787408442255e-5,0.0050106868414643065,-0.0007373793891725073,-0.0003813832851364907,-0.0005025988344648522,-0.0009484823990231605,0.0030148207377719734,-0.0005296265779518312,0.00027133372921485827,0.0022924481931071634,-0.0003306588818115985,0.00034116338818681143,0.0015721068545021743,-0.0035879508192324426,-0.00017449323818932906,0.00734830055744791,0.0006542721925326843,-0.0003314102336018598,0.000906895780314878,0.0006993338376873306,-0.00014295539925917813,-0.0007373793891725073,0.0036599635158844675,-0.0016067374228696807,0.00037573921961641266,-0.0006994295848418057,0.0014443191487050738,0.0012855879334375021,-0.0015525150870807803,0.0009134572435312105,0.0010455726211871233,-0.0010641245950203607,-0.0005614409408079282,0.0012850920623726457,0.00038941308089427145,-0.0008852426069244812,0.0010515008902960514,0.0008208362382729263,0.0002964898119365636,0.00037797492527297477,-0.004967682148522839,-0.0003813832851364907,-0.0016067374228696807,0.016823030008501428,0.00225540287454337,0.0021646487123271243,-0.000563964715121741,0.0005693309948533148,0.00785786052392462,0.00033044399409603003,0.00027064927386474406,0.003909878394706795,0.0009359736650180975,-0.0001511353951040557,0.0005458315711867048,-0.0051675907309591245,0.0030356090335083596,0.002441423710738681,0.0004710356657042301,0.002384982099767602,-0.003006497397663643,-0.0005025988344648522,0.00037573921961641266,0.00225540287454337,0.003932714584549624,0.001073579569968005,0.00019958447200577232,0.0007647605071047464,0.002383622815322471,-0.0004114037984966814,0.0002072174100142302,0.00037506072529564107,-0.0012572367829490325,-0.00027276160989796443,0.0012542752395922258,-0.004260925267275214,0.0018403581933807707,0.0006401342498520903,-0.0016326144059897716,0.0013499687585263509,-0.002331804100087608,-0.0009484823990231605,-0.0006994295848418057,0.0021646487123271243,0.001073579569968005,0.0028369821938762758,-0.003151342599077759,0.00028963136343485886,0.001948092735032372,-0.0027441231199907216,-0.00042426526833131887,0.0006235775124954782,-0.000641841630947218,0.00024499812713292334,0.00023029001178156562,-0.002675516659958675,0.0007408167483428709,0.0006650995345427866,0.005641292786474192,-0.002250118379858903,0.0006221888568530633,0.0030148207377719734,0.0014443191487050738,-0.000563964715121741,0.00019958447200577232,-0.003151342599077759,0.021194432452852692,-0.0023253735245606965,0.0020984400714656056,0.008881327298267174,0.0014070289339061354,0.0012620635303817666,0.0003051334105644781,-0.0005552173326927475,0.00150346020692744,0.00956974531772041,0.0015956867792098484,0.0010411678962050698,-0.0017783691698425653,0.0009969461368259738,-0.0003190147158071407,-0.0005296265779518312,0.0012855879334375021,0.0005693309948533148,0.0007647605071047464,0.00028963136343485886,-0.0023253735245606965,0.015896314972537847,-0.003272659702648065,0.00103878584693959,0.002046873304568969,-0.0028106616584909943,-0.0008924111119490797,0.004011170637104213,-0.0025067314581468814,-0.004095837299717527,-9.504300406507093e-5,0.0019633106483963655,-0.0004979038050318485,0.00021557081598893825,-0.007441065850335769,0.00027133372921485827,-0.0015525150870807803,0.00785786052392462,0.002383622815322471,0.001948092735032372,0.0020984400714656056,-0.003272659702648065,0.02837720097966072,-0.001017440960268524,0.0002304239947841732,0.004250021407466708,3.347136628651759e-5,-0.0023433022727644246,0.0017423365695490999,0.004243163638066951,4.673847996686524e-5,0.00012254368298744977,0.004873412918160989,-0.0005619995901645804,-0.0013302018991288122,0.0022924481931071634,0.0009134572435312105,0.00033044399409603003,-0.0004114037984966814,-0.0027441231199907216,0.008881327298267174,0.00103878584693959,-0.001017440960268524,0.015680875794828256,-0.0005650537201100207,0.0015923553336416756,0.000430820186823534,-0.0005822709881248252,0.0011911897643858646,0.002431267429806205,0.0005574526438410627,-0.0004168783794433809,0.00022527204988562053,-0.0010466268624349552,0.00014692983109310212,-0.0003306588818115985,0.0010455726211871233,0.00027064927386474406,0.0002072174100142302,-0.00042426526833131887,0.0014070289339061354,0.002046873304568969,0.0002304239947841732,-0.0005650537201100207,0.005359111627360355,-0.0012090790922008447,0.0010138469328803796,0.0006187934400915928,-0.0012336665573789278,0.0016114872365155927,0.0012002560333640778,0.0012465743707984899,0.0015344624021838174,0.0016676577352617806,-0.007115937342960272,0.00034116338818681143,-0.0010641245950203607,0.003909878394706795,0.00037506072529564107,0.0006235775124954782,0.0012620635303817666,-0.0028106616584909943,0.004250021407466708,0.0015923553336416756,-0.0012090790922008447,0.01339623444456982,0.00043347896700555197,-0.0018518593435359226,0.001961631201038117,-0.0003107279917654562,0.0006269801800945768,-0.0005572082034093232,0.0011563137523336697,-0.0019723049723087247,0.0036016295187504908,0.0015721068545021743,-0.0005614409408079282,0.0009359736650180975,-0.0012572367829490325,-0.000641841630947218,0.0003051334105644781,-0.0008924111119490797,3.347136628651759e-5,0.000430820186823534,0.0010138469328803796,0.00043347896700555197,0.004692419166873686,-0.0004431326893548068,-0.0007918336785235781,0.003619118191734918,-0.000255895418899955,-0.0007032202330374464,0.00026582065748798306,0.0006494201788409002,0.00526758903425152,-0.0035879508192324426,0.0012850920623726457,-0.0001511353951040557,-0.00027276160989796443,0.00024499812713292334,-0.0005552173326927475,0.004011170637104213,-0.0023433022727644246,-0.0005822709881248252,0.0006187934400915928,-0.0018518593435359226,-0.0004431326893548068,0.013357924131069116,-0.0014284347527057032,-0.006100327769411848,-0.0012031153605455368,0.0021951274739686268,0.0007193220362137955,0.0017765497809946913,-0.0008754735922020303,-0.00017449323818932906,0.00038941308089427145,0.0005458315711867048,0.0012542752395922258,0.00023029001178156562,0.00150346020692744,-0.0025067314581468814,0.0017423365695490999,0.0011911897643858646,-0.0012336665573789278,0.001961631201038117,-0.0007918336785235781,-0.0014284347527057032,0.004817050675970982,-0.0009616727458483959,0.001400212024490414,-0.00041105679118780107,-0.00011439642597582352,-0.008421654891379676,0.004524537071257828,0.00734830055744791,-0.0008852426069244812,-0.0051675907309591245,-0.004260925267275214,-0.002675516659958675,0.00956974531772041,-0.004095837299717527,0.004243163638066951,0.002431267429806205,0.0016114872365155927,-0.0003107279917654562,0.003619118191734918,-0.006100327769411848,-0.0009616727458483959,0.03475174436743569,-0.00434748299546493,-8.956604101493517e-5,0.000497575149457331,0.0007313200633646034,-0.003432067840906648,0.0006542721925326843,0.0010515008902960514,0.0030356090335083596,0.0018403581933807707,0.0007408167483428709,0.0015956867792098484,-9.504300406507093e-5,4.673847996686524e-5,0.0005574526438410627,0.0012002560333640778,0.0006269801800945768,-0.000255895418899955,-0.0012031153605455368,0.001400212024490414,-0.00434748299546493,0.009736008841393876,0.0017463844817456626,-0.0008242696930196621,-0.0004854640933371069,-0.0009915819087894795,-0.0003314102336018598,0.0008208362382729263,0.002441423710738681,0.0006401342498520903,0.0006650995345427866,0.0010411678962050698,0.0019633106483963655,0.00012254368298744977,-0.0004168783794433809,0.0012465743707984899,-0.0005572082034093232,-0.0007032202330374464,0.0021951274739686268,-0.00041105679118780107,-8.956604101493517e-5,0.0017463844817456626,0.005106525067782505
0.00845736262742512,0.0009197653206017157,-0.0013260005067795596,-0.00012941022534792852,-0.0005823096174401726,0.004414262777048301,0.00047960216290286273,-0.000836507566535097,0.0005575924463464693,0.0015048406997932836,0.00010186791035748021,-0.005425657791238698,0.0018619200548086355,0.0025958903558341148,7.797740739985687e-6,0.0029670433827392443,0.002327450549242821,-0.0005421712502100657,-0.0030003964317545356,-0.0026681033074939828,0.0009197653206017157,0.004298630008261939,0.0012215249191694913,0.0009465471781997103,-0.0005640457271580176,0.002506274837254959,-0.0003720348026544241,0.0001926305885360323,-0.001367841628434624,0.001181834767056551,0.0011272250377718223,0.0008829009528764051,0.0008567252392642122,0.002209933601155921,0.000991019074820237,0.00037189726113092856,0.00030769410741539956,0.0007279204942708143,-0.0006422700778579739,0.0009917234171315987,-0.0013260005067795596,0.0012215249191694913,0.029308307762038778,-8.048519225988351e-6,0.00037374293147440714,0.0026853812430129146,0.00047121703292958144,-0.0012502515397170987,0.001997292989917479,0.004637279366577452,-0.003362378911105951,0.002008407676527204,-0.0022270786179107056,0.0044260130000135746,0.0016889811922018525,-0.0012786908907968964,-0.0006981105894135847,0.006646174582258376,0.005863129077217088,0.0015301346238949117,-0.00012941022534792852,0.0009465471781997103,-8.048519225988351e-6,0.0030683347707530185,-0.00018795283987740332,0.0020735641010789984,-0.0002992222741652645,0.0005160501257669217,-0.0014839047830589244,0.0025736948635932677,0.0017791522831120477,0.0005372221442394646,0.0009722997551939402,0.0025833711245411032,-0.00010640878646416072,0.0010998584748053847,0.0005221505560156097,-0.00013570766282826937,-0.00011478131375345204,0.0001468596199704411,-0.0005823096174401726,-0.0005640457271580176,0.00037374293147440714,-0.00018795283987740332,0.0036818528253980444,-0.0004910155939678318,-0.0001672147579677271,0.001065422130326651,0.0008025932447016087,-0.0017903947546521672,-0.0011407963663578851,-0.0008299811079088022,-0.0007299096522324062,-0.0004829001211354108,0.00037999364518609977,0.000773139801462567,5.7058688571528024e-5,0.00011458583398874246,0.0011598096607450684,-0.0005436588141241349,0.004414262777048301,0.002506274837254959,0.0026853812430129146,0.0020735641010789984,-0.0004910155939678318,0.01983706244112746,0.0003380885512629197,-0.0007888991245919429,0.002054859395827487,0.006386617675020508,0.0012815581450353625,-0.0035654055382657555,0.0019093423065928486,0.006101089984017828,0.00033008398167358216,0.007387697500865081,0.0006201096528436852,0.0018327618513245586,-0.0017274560433885274,-0.003480904054240755,0.00047960216290286273,-0.0003720348026544241,0.00047121703292958144,-0.0002992222741652645,-0.0001672147579677271,0.0003380885512629197,0.0033892700689693574,-0.0006391107174948656,0.002615127320441382,-0.00021001695204881743,0.00047009247206474236,0.00037287319304036355,-5.1456263955654294e-5,0.0005044685061373108,2.5549653794471282e-5,0.00026736401137578207,-0.0003788961752728612,0.001269446506160248,0.0010155289053884282,0.0002871386667267047,-0.000836507566535097,0.0001926305885360323,-0.0012502515397170987,0.0005160501257669217,0.001065422130326651,-0.0007888991245919429,-0.0006391107174948656,0.0024148022218706726,-0.0003975836554924311,-0.001030105214959301,0.0007633852524689961,0.0007757566205915379,-0.00010437273054730812,0.00035521027286539457,0.000669656498607402,0.000576246664815355,-7.135612385111191e-5,-0.0006917191402146529,0.0005553107124940545,0.0004084073573465147,0.0005575924463464693,-0.001367841628434624,0.001997292989917479,-0.0014839047830589244,0.0008025932447016087,0.002054859395827487,0.002615127320441382,-0.0003975836554924311,0.011810377109019957,-0.0010635679158831918,0.002162870720588252,-0.0017588189441726304,-0.001974448198612413,-0.0005603592528629156,0.0008971471104224922,0.0026480962247730803,-0.001131223602771068,0.0017141026705785995,0.002979474345443567,-0.0013372441108904479,0.0015048406997932836,0.001181834767056551,0.004637279366577452,0.0025736948635932677,-0.0017903947546521672,0.006386617675020508,-0.00021001695204881743,-0.001030105214959301,-0.0010635679158831918,0.021486432778074965,0.00040222550175689946,-0.005304438768417158,-5.537390399068336e-6,0.0036594813232256372,-0.0008445916884997331,0.0008496648249401355,0.0016087470870728322,-0.0005136920426232663,0.0028366717822013846,0.0014219155304748016,0.00010186791035748021,0.0011272250377718223,-0.003362378911105951,0.0017791522831120477,-0.0011407963663578851,0.0012815581450353625,0.00047009247206474236,0.0007633852524689961,0.002162870720588252,0.00040222550175689946,0.0322442364972077,0.00732702434864916,0.003141532018767399,0.0025315838439966655,0.0020553730206576927,0.0008420221152042122,-0.0025131796951067737,-0.001334621010023335,0.004784159326844587,0.001366347987309401,-0.005425657791238698,0.0008829009528764051,0.002008407676527204,0.0005372221442394646,-0.0008299811079088022,-0.0035654055382657555,0.00037287319304036355,0.0007757566205915379,-0.0017588189441726304,-0.005304438768417158,0.00732702434864916,0.01671635826324648,0.00046658504929612143,-0.001093045387728407,0.0016975444871942713,-0.003044825590378767,-0.0027307395272635378,0.0012106388827101753,0.0014927430263645752,0.004269063956045847,0.0018619200548086355,0.0008567252392642122,-0.0022270786179107056,0.0009722997551939402,-0.0007299096522324062,0.0019093423065928486,-5.1456263955654294e-5,-0.00010437273054730812,-0.001974448198612413,-5.537390399068336e-6,0.003141532018767399,0.00046658504929612143,0.006936105505311528,0.004288791808335209,-0.0016387677203360301,0.0005512358911014027,0.0011241697407973904,-0.001069664246675734,-0.0019133629102195313,-0.00020545905591186163,0.0025958903558341148,0.002209933601155921,0.0044260130000135746,0.0025833711245411032,-0.0004829001211354108,0.006101089984017828,0.0005044685061373108,0.00035521027286539457,-0.0005603592528629156,0.0036594813232256372,0.0025315838439966655,-0.001093045387728407,0.004288791808335209,0.016553333203338204,-0.00030410686772087845,0.00216896233915009,0.002249138615296133,0.001506888172851599,0.0012604967481848253,-9.359386778686011e-5,7.797740739985687e-6,0.000991019074820237,0.0016889811922018525,-0.00010640878646416072,0.00037999364518609977,0.00033008398167358216,2.5549653794471282e-5,0.000669656498607402,0.0008971471104224922,-0.0008445916884997331,0.0020553730206576927,0.0016975444871942713,-0.0016387677203360301,-0.00030410686772087845,0.003960173615194808,0.0005271610386373058,-5.678838998605044e-5,0.0006352846661595625,0.00037644555639809306,0.0008653926939356342,0.0029670433827392443,0.00037189726113092856,-0.0012786908907968964,0.0010998584748053847,0.000773139801462567,0.007387697500865081,0.00026736401137578207,0.000576246664815355,0.0026480962247730803,0.0008496648249401355,0.0008420221152042122,-0.003044825590378767,0.0005512358911014027,0.00216896233915009,0.0005271610386373058,0.013457791711797762,0.0007767546247752378,-0.00047271087932240427,-0.0004962182061577624,-0.003133734773498699,0.002327450549242821,0.00030769410741539956,-0.0006981105894135847,0.0005221505560156097,5.7058688571528024e-5,0.0006201096528436852,-0.0003788961752728612,-7.135612385111191e-5,-0.001131223602771068,0.0016087470870728322,-0.0025131796951067737,-0.0027307395272635378,0.0011241697407973904,0.002249138615296133,-5.678838998605044e-5,0.0007767546247752378,0.004356521567936374,1.5610946844742552e-5,-0.001337986399705812,-0.00039790079668639185,-0.0005421712502100657,0.0007279204942708143,0.006646174582258376,-0.00013570766282826937,0.00011458583398874246,0.0018327618513245586,0.001269446506160248,-0.0006917191402146529,0.0017141026705785995,-0.0005136920426232663,-0.001334621010023335,0.0012106388827101753,-0.001069664246675734,0.001506888172851599,0.0006352846661595625,-0.00047271087932240427,1.5610946844742552e-5,0.013349146425704525,0.0029459070543561778,0.0009880534784350594,-0.0030003964317545356,-0.0006422700778579739,0.005863129077217088,-0.00011478131375345204,0.0011598096607450684,-0.0017274560433885274,0.0010155289053884282,0.0005553107124940545,0.002979474345443567,0.0028366717822013846,0.004784159326844587,0.0014927430263645752,-0.0019133629102195313,0.0012604967481848253,0.00037644555639809306,-0.0004962182061577624,-0.001337986399705812,0.0029459070543561778,0.012218776386761365,0.0015266232805416515,-0.0026681033074939828,0.0009917234171315987,0.0015301346238949117,0.0001468596199704411,-0.0005436588141241349,-0.003480904054240755,0.0002871386667267047,0.0004084073573465147,-0.0013372441108904479,0.0014219155304748016,0.001366347987309401,0.004269063956045847,-0.00020545905591186163,-9.359386778686011e-5,0.0008653926939356342,-0.003133734773498699,-0.00039790079668639185,0.0009880534784350594,0.0015266232805416515,0.007121645803064272
