0.004710064829793197,-0.00021364575878857027,-0.00011170548146859164,-5.22307064168552e-5,0.00011786559130396326,0.0017115698562009348,-0.0023095652090363043,0.0038593225287423876,0.0027375513869870383,0.0007089361504907702,0.0011085336405686494,-0.0007670991147451091,-0.00045147996002824437,0.00048486325326950783,-0.0007770386150600921,-0.0005783897021815478,0.00017523887110406524,0.0007336529693770528,-0.00012161002979524968,0.0010739676082630832,-0.00021364575878857027,0.005038955390956422,-0.0006032977579246155,0.0008233182321081188,-0.0013266260035136143,-0.003385503220788154,0.0008400815713308705,-0.005409641562731379,-0.0022834125070413415,-0.0002643308004853833,-0.0021089180413612066,0.0024751808047368067,0.00039249692309565524,7.158322551110845e-5,0.004866239290483593,0.002268580451276517,0.0001762283365062863,0.0005582809343691129,0.00041103790495920973,-0.002043619783123252,-0.00011170548146859164,-0.0006032977579246155,0.0033204571177660597,0.0005696522331717092,0.0015947794432625826,0.001844297270452014,-0.002177129794720064,0.0005489644669771495,0.0011514996944365042,-5.3600924936615554e-5,7.58431077465463e-5,-0.00034998241657121685,-8.221371968421758e-5,0.0005614379230605415,-0.0029821721283982703,-0.00014702942520327425,-0.00012356034771806334,3.70895502104264e-5,0.0002965759225468695,-0.0010374818497296435,-5.22307064168552e-5,0.0008233182321081188,0.0005696522331717092,0.0023510333535915282,0.00041398144028708295,-7.075066409022586e-5,-0.0018402717867974198,-0.0026086102084280343,0.0007196671782450741,0.00022291554865779133,-0.0011141504180988931,0.0005160998226855878,0.0003503986745965389,-0.00020452763302234174,0.001954943075725776,0.0010386355538429574,0.00040856958466119826,0.00035108809816418397,0.0003890824252705703,-0.0015715314309043443,0.00011786559130396326,-0.0013266260035136143,0.0015947794432625826,0.00041398144028708295,0.007717333288701066,0.0011096018316788096,-0.0023798091182136317,0.0017048936300575676,0.004339829157875911,0.0008807903138766528,-0.00015155296884364453,0.002484856661361839,-0.0012362053406477916,0.00022233377894362844,-0.003399792679131773,-0.0008618269977391194,4.13599579020666e-7,0.00023112689537455012,-3.639180822565247e-5,-0.0004393056496758814,0.0017115698562009348,-0.003385503220788154,0.001844297270452014,-7.075066409022586e-5,0.0011096018316788096,0.023570962829602988,-0.010809371027737021,0.010642408964840573,0.0027341082293784917,-0.0012620461600023254,-0.0002010243608797019,-0.0014861071836272028,0.0005350133751683794,0.0015743228208300298,-0.010631204496123963,-0.0036364765654231376,-1.0868417235329641e-5,0.0018275704189615332,-0.0028873951680086843,-0.0011716056645351422,-0.0023095652090363043,0.0008400815713308705,-0.002177129794720064,-0.0018402717867974198,-0.0023798091182136317,-0.010809371027737021,0.03989782664094711,-0.011265505854798047,0.0015172977863230953,0.0016971444484981018,0.004110636115516866,-0.003062960543337845,0.003288539109109032,-0.0001276388049765661,0.00802302866037409,0.003653991412574798,0.0010043154670579361,-0.004373995513866916,0.005590786705710872,0.008912973874033291,0.0038593225287423876,-0.005409641562731379,0.0005489644669771495,-0.0026086102084280343,0.0017048936300575676,0.010642408964840573,-0.011265505854798047,0.0361257173174801,0.002492108528926701,-0.0005853171569925572,0.004281647343763946,0.002062524287372413,-0.0037051941965542757,0.0012028365134058568,-0.011678568630272668,-0.006288519270094519,-0.0012462057252141216,0.0006421551017013675,-0.00586780512574071,0.002339335058502894,0.0027375513869870383,-0.0022834125070413415,0.0011514996944365042,0.0007196671782450741,0.004339829157875911,0.0027341082293784917,0.0015172977863230953,0.002492108528926701,0.018380866311018897,0.002105229131556954,0.001505333431657587,-6.386464103810648e-5,-0.0011246055033145535,0.00178382082019578,-0.0021105328235458323,-3.005146735691722e-5,0.0022582718365930744,0.0024271856609964053,-0.00028487209332175097,0.00783753149401244,0.0007089361504907702,-0.0002643308004853833,-5.3600924936615554e-5,0.00022291554865779133,0.0008807903138766528,-0.0012620461600023254,0.0016971444484981018,-0.0005853171569925572,0.002105229131556954,0.003120015082611823,0.0014866121418116718,0.00018286634466717415,0.0008308398080992016,-0.00019375083349233471,0.0026744779828573473,0.00015327679081014148,0.0004070053455510397,-0.00047991647681930327,0.0014410590612592017,0.000896775486596068,0.0011085336405686494,-0.0021089180413612066,7.58431077465463e-5,-0.0011141504180988931,-0.00015155296884364453,-0.0002010243608797019,0.004110636115516866,0.004281647343763946,0.001505333431657587,0.0014866121418116718,0.007792922470218108,-0.0030811982567830933,0.0009848123492891786,0.001011227148441232,-0.00012422475616028349,-0.0017680556221448393,0.0001819820513791079,-0.0016572793920959753,0.0011128564988189815,0.002181215414565012,-0.0007670991147451091,0.0024751808047368067,-0.00034998241657121685,0.0005160998226855878,0.002484856661361839,-0.0014861071836272028,-0.003062960543337845,0.002062524287372413,-6.386464103810648e-5,0.00018286634466717415,-0.0030811982567830933,0.02085599338019582,-0.002289671413523958,-0.0003632131148093916,0.0026496110019620872,0.0034627049263510432,-0.0003874107253737589,0.0015017999280290111,-0.0012320316561275884,-0.004367839684744065,-0.00045147996002824437,0.00039249692309565524,-8.221371968421758e-5,0.0003503986745965389,-0.0012362053406477916,0.0005350133751683794,0.003288539109109032,-0.0037051941965542757,-0.0011246055033145535,0.0008308398080992016,0.0009848123492891786,-0.002289671413523958,0.008523127876666734,0.00013844786467011926,0.0030157529223647545,0.0015877079308360747,0.0005611329974781004,-0.0011117693908315406,0.0014250682678364412,-0.00048577519999269735,0.00048486325326950783,7.158322551110845e-5,0.0005614379230605415,-0.00020452763302234174,0.00022233377894362844,0.0015743228208300298,-0.0001276388049765661,0.0012028365134058568,0.00178382082019578,-0.00019375083349233471,0.001011227148441232,-0.0003632131148093916,0.00013844786467011926,0.003410602222407511,-0.0006350637641595225,0.00046664737196525,0.0006851346875218134,0.0011362642101947487,-0.0006443267117767189,0.0022050244682605027,-0.0007770386150600921,0.004866239290483593,-0.0029821721283982703,0.001954943075725776,-0.003399792679131773,-0.010631204496123963,0.00802302866037409,-0.011678568630272668,-0.0021105328235458323,0.0026744779828573473,-0.00012422475616028349,0.0026496110019620872,0.0030157529223647545,-0.0006350637641595225,0.04030163179495404,0.006873550342429808,0.002313654477250956,0.0009089779523561912,0.002303360675062485,0.0019596090947823423,-0.0005783897021815478,0.002268580451276517,-0.00014702942520327425,0.0010386355538429574,-0.0008618269977391194,-0.0036364765654231376,0.003653991412574798,-0.006288519270094519,-3.005146735691722e-5,0.00015327679081014148,-0.0017680556221448393,0.0034627049263510432,0.0015877079308360747,0.00046664737196525,0.006873550342429808,0.007709404044166182,0.001017662241471227,0.0006355907695403319,0.0005623942498646502,-0.001543502687454434,0.00017523887110406524,0.0001762283365062863,-0.00012356034771806334,0.00040856958466119826,4.13599579020666e-7,-1.0868417235329641e-5,0.0010043154670579361,-0.0012462057252141216,0.0022582718365930744,0.0004070053455510397,0.0001819820513791079,-0.0003874107253737589,0.0005611329974781004,0.0006851346875218134,0.002313654477250956,0.001017662241471227,0.0019842790998375243,0.0009406767467622129,-0.0003577667837473556,0.0009697681562589667,0.0007336529693770528,0.0005582809343691129,3.70895502104264e-5,0.00035108809816418397,0.00023112689537455012,0.0018275704189615332,-0.004373995513866916,0.0006421551017013675,0.0024271856609964053,-0.00047991647681930327,-0.0016572793920959753,0.0015017999280290111,-0.0011117693908315406,0.0011362642101947487,0.0009089779523561912,0.0006355907695403319,0.0009406767467622129,0.003492427010987258,-0.0016891311475406832,0.0014189980906774448,-0.00012161002979524968,0.00041103790495920973,0.0002965759225468695,0.0003890824252705703,-3.639180822565247e-5,-0.0028873951680086843,0.005590786705710872,-0.00586780512574071,-0.00028487209332175097,0.0014410590612592017,0.0011128564988189815,-0.0012320316561275884,0.0014250682678364412,-0.0006443267117767189,0.002303360675062485,0.0005623942498646502,-0.0003577667837473556,-0.0016891311475406832,0.0056334965471102625,0.00014034863304357353,0.0010739676082630832,-0.002043619783123252,-0.0010374818497296435,-0.0015715314309043443,-0.0004393056496758814,-0.0011716056645351422,0.008912973874033291,0.002339335058502894,0.00783753149401244,0.000896775486596068,0.002181215414565012,-0.004367839684744065,-0.00048577519999269735,0.0022050244682605027,0.0019596090947823423,-0.001543502687454434,0.0009697681562589667,0.0014189980906774448,0.00014034863304357353,0.03186388960880431
0.004555090784076425,0.0003897906454949455,0.0001386483634208049,0.00033099248083406387,-0.00030651519384347,0.004483547868894865,-0.0004341474710101977,-0.0008075527674035613,0.0006168260705651345,0.000648792059846874,0.0008132493014456234,0.002072162000143625,-0.00028790254736723534,0.0010471040677882733,0.0017701168686928802,0.0012671132323555485,0.0003310937006052694,-2.1393672566441352e-5,0.0004036185551822781,0.0010474995074523554,0.0003897906454949455,0.005250106416469024,0.0009641427843022521,0.00033317921427591815,3.6059332048613785e-5,-0.0002938918398863496,-0.002809146269323679,5.976518556425047e-5,0.0011632038705914327,0.00028608045547951876,0.0030536361648177846,-0.0035993204334169543,0.0010132134741707602,-0.0006379305818887079,0.0029370895778486465,0.0015712070348518597,0.0006223970497466913,-0.00012292616873680711,-0.0007656793452409827,0.00200841309875881,0.0001386483634208049,0.0009641427843022521,0.0035273901332945894,0.0003133860169142217,-4.36041363817845e-5,-0.001395126352648379,0.0026237601829544287,0.0010527748879693658,0.001401318909978664,0.0015380168621257559,0.001430301251977124,0.0010578166498858678,0.00011915554314606126,-0.00020784878307614893,-0.0009223570023433162,-0.0005283309014334477,0.0008242561136342951,0.0001180678819547136,0.0006315196039488986,0.00020885355730179762,0.00033099248083406387,0.00033317921427591815,0.0003133860169142217,0.002658239776146105,0.00014381881530009982,0.0031538473303408584,0.003130822700619601,0.0040130142151344654,-0.00023056858374853904,0.000711424862038984,6.821462835406383e-5,0.001945943278185386,-0.0002444511957370712,0.0007843225768057139,-0.00020240776234541972,0.0010802005490893763,0.0005700747441201854,0.0008655552768316421,0.00034390451187974315,0.0025420863044991124,-0.00030651519384347,3.6059332048613785e-5,-4.36041363817845e-5,0.00014381881530009982,0.004437027452504211,-0.0018363438550770513,-0.0009154165508206702,0.0019989045042593215,-0.001188180225897849,-0.0002460802785099065,-0.0005295351421348652,-0.0011002606166648796,0.0016121146680465447,-0.00044276701882828534,-0.00013171701718304036,0.0008218140366556186,0.0001949280995687394,0.0004958074084855111,-0.00031611046016461657,0.0008704218646179531,0.004483547868894865,-0.0002938918398863496,-0.001395126352648379,0.0031538473303408584,-0.0018363438550770513,0.028931843673215323,0.008225125491577957,0.004851251561672276,0.001669433331413488,0.002661011469290265,0.000489488712023932,0.0035509669250226293,-0.004328169663039499,0.0033555538723744616,-0.00010846307243107335,0.005587952825769229,0.0009136185221124266,0.002564272095476077,0.0023673623949888537,0.008177490716004068,-0.0004341474710101977,-0.002809146269323679,0.0026237601829544287,0.003130822700619601,-0.0009154165508206702,0.008225125491577957,0.041271600829396425,0.0055058565212983395,0.0016280319428078971,0.0047736015781106485,-0.005588989937311559,0.013337635055937044,-0.0020413121731495606,0.0022758160933204746,-0.008910955614082606,-0.001585404267314058,0.0006203975898162596,0.0027383856123101126,-4.848623727740962e-5,-0.002807574497421376,-0.0008075527674035613,5.976518556425047e-5,0.0010527748879693658,0.0040130142151344654,0.0019989045042593215,0.004851251561672276,0.0055058565212983395,0.02960998309911702,-0.0032787735349845233,0.003444103022522688,0.0007227894459988751,0.0005102038569764525,0.004050734222076419,0.000972887290385158,0.003815078131414375,0.004942635262629252,0.001543816757395941,0.0026812811669360767,0.0028420247631350502,0.011120231119657204,0.0006168260705651345,0.0011632038705914327,0.001401318909978664,-0.00023056858374853904,-0.001188180225897849,0.001669433331413488,0.0016280319428078971,-0.0032787735349845233,0.015040030284447888,0.0017100475317309513,0.0040175668712883325,0.0008955447531105818,-0.0024920128047706174,0.0010971122780330123,0.004098857898102965,-0.0007586670097736534,0.0004936700293076388,-0.00041731391860649056,0.0009196971392992881,0.001938295994505831,0.000648792059846874,0.00028608045547951876,0.0015380168621257559,0.000711424862038984,-0.0002460802785099065,0.002661011469290265,0.0047736015781106485,0.003444103022522688,0.0017100475317309513,0.00468675912910458,0.000986278188721916,0.0016453919949391204,-0.0005398526838235478,0.001241447628987931,0.002533011497996793,0.0005528365286310611,0.001060424114069555,0.0008085621224876888,0.0017076729003960892,0.001701785494275139,0.0008132493014456234,0.0030536361648177846,0.001430301251977124,6.821462835406383e-5,-0.0005295351421348652,0.000489488712023932,-0.005588989937311559,0.0007227894459988751,0.0040175668712883325,0.000986278188721916,0.008097876713306295,-0.004845373976705655,3.499667426670934e-5,-0.0006776753890175534,0.005159561048383908,0.0018375078815692106,0.0005422822064575517,-0.0003222181593753339,0.0009927797854469315,0.0018051621063536437,0.002072162000143625,-0.0035993204334169543,0.0010578166498858678,0.001945943278185386,-0.0011002606166648796,0.0035509669250226293,0.013337635055937044,0.0005102038569764525,0.0008955447531105818,0.0016453919949391204,-0.004845373976705655,0.025459637155494024,-0.0030723693777437015,0.0035094785017615667,-0.010222156912406511,-0.003310050622545752,-0.0007817805176009645,0.0009554392777316872,0.0019420697806718447,-0.0017829269349293755,-0.00028790254736723534,0.0010132134741707602,0.00011915554314606126,-0.0002444511957370712,0.0016121146680465447,-0.004328169663039499,-0.0020413121731495606,0.004050734222076419,-0.0024920128047706174,-0.0005398526838235478,3.499667426670934e-5,-0.0030723693777437015,0.00925707831729756,-0.001226225018244898,0.0059343597442042435,0.0011409126605484874,0.00046415987142164753,-0.00048060137676427233,-0.0003769750791631729,0.003342661233772792,0.0010471040677882733,-0.0006379305818887079,-0.00020784878307614893,0.0007843225768057139,-0.00044276701882828534,0.0033555538723744616,0.0022758160933204746,0.000972887290385158,0.0010971122780330123,0.001241447628987931,-0.0006776753890175534,0.0035094785017615667,-0.001226225018244898,0.003734066637589538,0.000729005220947321,0.000483140743298514,-4.306772509073487e-5,0.0004089274538104636,0.00041145540972346807,0.001663778274569817,0.0017701168686928802,0.0029370895778486465,-0.0009223570023433162,-0.00020240776234541972,-0.00013171701718304036,-0.00010846307243107335,-0.008910955614082606,0.003815078131414375,0.004098857898102965,0.002533011497996793,0.005159561048383908,-0.010222156912406511,0.0059343597442042435,0.000729005220947321,0.04524988183006595,0.0030996112278881393,0.001838265608575081,-0.0011767774883711688,-4.888675881902583e-5,0.006587743189120681,0.0012671132323555485,0.0015712070348518597,-0.0005283309014334477,0.0010802005490893763,0.0008218140366556186,0.005587952825769229,-0.001585404267314058,0.004942635262629252,-0.0007586670097736534,0.0005528365286310611,0.0018375078815692106,-0.003310050622545752,0.0011409126605484874,0.000483140743298514,0.0030996112278881393,0.0069289002400694764,0.0006718355826559889,0.0011855256390014112,0.0006936717574558196,0.005098119349153061,0.0003310937006052694,0.0006223970497466913,0.0008242561136342951,0.0005700747441201854,0.0001949280995687394,0.0009136185221124266,0.0006203975898162596,0.001543816757395941,0.0004936700293076388,0.001060424114069555,0.0005422822064575517,-0.0007817805176009645,0.00046415987142164753,-4.306772509073487e-5,0.001838265608575081,0.0006718355826559889,0.0016681964409445077,0.00020007290674630698,0.000526733976862804,0.0016504251018138298,-2.1393672566441352e-5,-0.00012292616873680711,0.0001180678819547136,0.0008655552768316421,0.0004958074084855111,0.002564272095476077,0.0027383856123101126,0.0026812811669360767,-0.00041731391860649056,0.0008085621224876888,-0.0003222181593753339,0.0009554392777316872,-0.00048060137676427233,0.0004089274538104636,-0.0011767774883711688,0.0011855256390014112,0.00020007290674630698,0.0025948015342116405,0.00015696606502350706,0.0015580154417836358,0.0004036185551822781,-0.0007656793452409827,0.0006315196039488986,0.00034390451187974315,-0.00031611046016461657,0.0023673623949888537,-4.848623727740962e-5,0.0028420247631350502,0.0009196971392992881,0.0017076729003960892,0.0009927797854469315,0.0019420697806718447,-0.0003769750791631729,0.00041145540972346807,-4.888675881902583e-5,0.0006936717574558196,0.000526733976862804,0.00015696606502350706,0.004860002785313385,0.00297406043260166,0.0010474995074523554,0.00200841309875881,0.00020885355730179762,0.0025420863044991124,0.0008704218646179531,0.008177490716004068,-0.002807574497421376,0.011120231119657204,0.001938295994505831,0.001701785494275139,0.0018051621063536437,-0.0017829269349293755,0.003342661233772792,0.001663778274569817,0.006587743189120681,0.005098119349153061,0.0016504251018138298,0.0015580154417836358,0.00297406043260166,0.03363484511033983
0.0035666915328872277,-0.0005397834187593076,-7.61333418726966e-5,0.00019390909160838313,-0.00020398659980123154,0.0008249898166793129,0.0010818059800299703,-0.0005643017635975953,-0.00016934364409537255,0.00019833371825109117,7.598608169164688e-5,0.000815438415864128,-0.00016709527087075397,0.0005565770363075075,-0.0005358196313749932,-0.00033981752136781694,0.0002636253760236626,0.0005702189182441822,0.00016378967808051523,0.0023849415026269204,-0.0005397834187593076,0.004974706542324841,0.0010460633902545,0.0003265735409761499,0.0020200394530617656,0.00047149029041843537,0.00033650580882647234,0.0019925694975670674,0.004480352384496046,0.0010061357037733911,-7.713902285246644e-5,-0.0015731880999568127,0.0009035548385957789,0.00030206198876889993,0.0026424798779654925,0.0011700476712913305,0.00015057749833124028,1.3870691966131842e-5,0.0006451400209015796,-0.0037029515548834867,-7.61333418726966e-5,0.0010460633902545,0.003365804470624331,-1.3264803969549975e-7,0.0012146072160729767,0.0014598791360797634,0.0005662618670545761,0.0010147397194478836,0.002874306878096679,0.00020435589767505417,-0.00038412889447739316,0.000937430001749873,0.001701291347295084,0.00029338529495794507,-0.0018582005191527461,0.0014099237693979744,-0.00016699987763121096,-0.00022752106726626684,6.92072394867878e-5,0.0002829717137255941,0.00019390909160838313,0.0003265735409761499,-1.3264803969549975e-7,0.002673978933028066,-0.0006151468489615846,-0.00022018958333540497,-0.0012160148748980124,0.00042621644976553004,0.001219193170449565,2.033392058093744e-5,-1.728054753008533e-5,0.0005628533704273004,0.0018687282961095742,0.001326322453150842,-0.004410979007841822,-0.0004623367248065898,-0.00013682868381990388,-0.00010725241434958326,0.0004247011143655035,-2.409911685015869e-5,-0.00020398659980123154,0.0020200394530617656,0.0012146072160729767,-0.0006151468489615846,0.006795765210874029,0.00028573037034697503,0.003908282755725606,-0.0001899674052795272,0.003996176884333883,0.0005858766979723254,0.00040412578748580185,-0.002360698585008221,0.001126023240689423,-0.0003791230883503328,0.007710321301838935,0.0019403270346995017,-0.00023491495275174384,0.0003693470316715055,0.0007104855743112499,-0.0030446874224351636,0.0008249898166793129,0.00047149029041843537,0.0014598791360797634,-0.00022018958333540497,0.00028573037034697503,0.019454927826244663,4.722765498837519e-6,-0.00039317212656874107,0.0013270161310293322,0.0008019227933016131,-0.0008831131507174993,0.0016914717014053617,0.0007021073352169438,-0.001232688821366137,-0.0016641017275736926,0.0016775476022733834,0.0014786556743269872,0.000219507416695311,0.00011656515936707865,0.003051999360041444,0.0010818059800299703,0.00033650580882647234,0.0005662618670545761,-0.0012160148748980124,0.003908282755725606,4.722765498837519e-6,0.028588317499971636,0.007268756397367014,-0.003915726186633719,0.0006903000437421141,0.0007360000741377158,0.001980608291934649,-0.005881883243979557,-0.0013352820919162811,0.009859268951463603,0.0029353634380060462,0.0017026389977131118,0.0011217441811452419,0.000788713828802535,0.008940933013546593,-0.0005643017635975953,0.0019925694975670674,0.0010147397194478836,0.00042621644976553004,-0.0001899674052795272,-0.00039317212656874107,0.007268756397367014,0.027786280263640918,-0.00328076990809291,0.002377937635774291,-0.0009763405560588757,0.0010203562941337326,-0.0057395953452973394,-0.0013444741937088962,0.00023628478225233687,0.0009107436146914229,0.0014680795107177413,-0.00028216312123455065,2.7033930594704124e-5,0.005191273418510049,-0.00016934364409537255,0.004480352384496046,0.002874306878096679,0.001219193170449565,0.003996176884333883,0.0013270161310293322,-0.003915726186633719,-0.00328076990809291,0.026424721678205306,-0.0009908981930386966,-0.0017260128223694888,-0.0014691911566685142,0.011925576372906047,0.003496587580028367,0.005487158388300467,0.0030998056422753893,-0.0031409525996305143,-0.0003940112419306268,0.0014461857922207098,-0.021112892531103794,0.00019833371825109117,0.0010061357037733911,0.00020435589767505417,2.033392058093744e-5,0.0005858766979723254,0.0008019227933016131,0.0006903000437421141,0.002377937635774291,-0.0009908981930386966,0.0031767124985767267,0.0003013370569229201,-0.001909358477762579,0.0003169521243338606,7.31575343920742e-5,0.0003722373836238574,0.0009433685753688556,-0.0002490196604885966,0.0005580816578975023,-0.00022631751228577193,-0.0016695839224668578,7.598608169164688e-5,-7.713902285246644e-5,-0.00038412889447739316,-1.728054753008533e-5,0.00040412578748580185,-0.0008831131507174993,0.0007360000741377158,-0.0009763405560588757,-0.0017260128223694888,0.0003013370569229201,0.004973620684523488,0.0020950039479081216,0.00014894560022442172,-0.0002609400529223027,0.0006436007174122978,0.0008024513572636908,0.0003584660406766608,0.001307490433186859,0.0001829543841360835,0.0033199956536714747,0.000815438415864128,-0.0015731880999568127,0.000937430001749873,0.0005628533704273004,-0.002360698585008221,0.0016914717014053617,0.001980608291934649,0.0010203562941337326,-0.0014691911566685142,-0.001909358477762579,0.0020950039479081216,0.018782223704294176,-0.0018325320977335192,-0.001137724981776188,-0.005498885524603884,0.00011274788923551694,0.0010765371787304925,-0.0002641024101554699,0.0007606708069522087,0.013081804556610985,-0.00016709527087075397,0.0009035548385957789,0.001701291347295084,0.0018687282961095742,0.001126023240689423,0.0007021073352169438,-0.005881883243979557,-0.0057395953452973394,0.011925576372906047,0.0003169521243338606,0.00014894560022442172,-0.0018325320977335192,0.01733628850245792,0.004878177965874237,-0.005811149620202289,0.000821028659416867,-0.003628567718036031,0.00016760133878403237,0.0009536023151712781,-0.015115813173915508,0.0005565770363075075,0.00030206198876889993,0.00029338529495794507,0.001326322453150842,-0.0003791230883503328,-0.001232688821366137,-0.0013352820919162811,-0.0013444741937088962,0.003496587580028367,7.31575343920742e-5,-0.0002609400529223027,-0.001137724981776188,0.004878177965874237,0.0046443896232275265,-0.0027964402705940817,0.00015259770491990568,-0.0011448813525262325,-0.0003494060890184017,0.001021357968118584,-0.005382208582569975,-0.0005358196313749932,0.0026424798779654925,-0.0018582005191527461,-0.004410979007841822,0.007710321301838935,-0.0016641017275736926,0.009859268951463603,0.00023628478225233687,0.005487158388300467,0.0003722373836238574,0.0006436007174122978,-0.005498885524603884,-0.005811149620202289,-0.0027964402705940817,0.05330581768443296,0.003515831012266881,0.0011299263813639485,0.0018801280567112687,0.0021678025838643396,-0.008530383215957917,-0.00033981752136781694,0.0011700476712913305,0.0014099237693979744,-0.0004623367248065898,0.0019403270346995017,0.0016775476022733834,0.0029353634380060462,0.0009107436146914229,0.0030998056422753893,0.0009433685753688556,0.0008024513572636908,0.00011274788923551694,0.000821028659416867,0.00015259770491990568,0.003515831012266881,0.005742257687206246,-0.00044984262565673827,0.0009242805368074124,0.0006356717788762829,-0.0018454794585897535,0.0002636253760236626,0.00015057749833124028,-0.00016699987763121096,-0.00013682868381990388,-0.00023491495275174384,0.0014786556743269872,0.0017026389977131118,0.0014680795107177413,-0.0031409525996305143,-0.0002490196604885966,0.0003584660406766608,0.0010765371787304925,-0.003628567718036031,-0.0011448813525262325,0.0011299263813639485,-0.00044984262565673827,0.0024689731356030632,0.0001257459214741539,-9.854004253221728e-5,0.00606479315920214,0.0005702189182441822,1.3870691966131842e-5,-0.00022752106726626684,-0.00010725241434958326,0.0003693470316715055,0.000219507416695311,0.0011217441811452419,-0.00028216312123455065,-0.0003940112419306268,0.0005580816578975023,0.001307490433186859,-0.0002641024101554699,0.00016760133878403237,-0.0003494060890184017,0.0018801280567112687,0.0009242805368074124,0.0001257459214741539,0.002806316356173396,0.0004383270375532418,0.001194333146268659,0.00016378967808051523,0.0006451400209015796,6.92072394867878e-5,0.0004247011143655035,0.0007104855743112499,0.00011656515936707865,0.000788713828802535,2.7033930594704124e-5,0.0014461857922207098,-0.00022631751228577193,0.0001829543841360835,0.0007606708069522087,0.0009536023151712781,0.001021357968118584,0.0021678025838643396,0.0006356717788762829,-9.854004253221728e-5,0.0004383270375532418,0.003730110940328414,0.0003652607263662242,0.0023849415026269204,-0.0037029515548834867,0.0002829717137255941,-2.409911685015869e-5,-0.0030446874224351636,0.003051999360041444,0.008940933013546593,0.005191273418510049,-0.021112892531103794,-0.0016695839224668578,0.0033199956536714747,0.013081804556610985,-0.015115813173915508,-0.005382208582569975,-0.008530383215957917,-0.0018454794585897535,0.00606479315920214,0.001194333146268659,0.0003652607263662242,0.06651325334172095
