0.010549282155403336,0.0023249192304586695,0.0016903405172518718,0.0009315899014153921,0.0028771493162471577,6.957067840040204e-5,0.0003958642598272927,0.0007532219576983444,0.0005875237667189433,0.0016039089816541152,0.00196590919602954,0.0006066121370465888,0.0010958615744579739,0.0014210371117849042,0.003092702985671494,0.002504393317139698,0.0015161275227647333,0.0006908746112399362,0.0009953946573662761,0.002257051719157038,0.0023249192304586695,0.00795719019862911,0.001299874820569682,0.0017381577967605926,0.0018440872583557377,0.0011920169250114782,0.001061570265597009,0.0010122011514392686,0.0012818186804407442,0.0018515115228981333,0.0021100613943756973,0.0008628421802355107,0.000609330646885685,0.0017597319506044006,0.002030083568826902,0.0021858415217589954,0.0011172989074540675,0.0020550651418828614,0.0009156007900554816,0.0022726014070461415,0.0016903405172518718,0.001299874820569682,0.004675755750761092,0.0008148697172003429,0.0013186867381893503,0.0001302685336940879,0.0002604186474659929,0.0007138034701532435,0.0009302623990619728,0.001842954361558635,0.0010513941617855916,0.0005182040334055038,0.001058743309938433,0.001331729646012378,0.002542522161797372,0.0017782272770515161,0.0009280194751075348,0.0003255499609670159,0.0008620217004607396,0.0009610750932425367,0.0009315899014153921,0.0017381577967605926,0.0008148697172003429,0.005278975337228693,0.0009924387018865116,0.0008093972825562554,0.0011281093133278198,0.0007813279796762896,0.00038996378777403953,0.0012652994972688451,0.001388879415462694,2.437241437688612e-5,0.0004195991216657483,0.001071278310961321,0.00033337254398215204,0.00136697566342228,0.0013774560113715018,0.0015325517193460155,0.0007535297512653557,0.0022881940917509887,0.0028771493162471577,0.0018440872583557377,0.0013186867381893503,0.0009924387018865116,0.008191119505088267,0.00036253999036833665,0.0009907536642464708,0.0009121785294378228,0.000979903018890641,0.0021603049438139645,0.0027545020814173887,-0.0003588948228655586,0.0011892276065543616,0.0014740563258854858,0.0023973921243119725,0.001719943048726612,0.0008224330648386081,0.0018377323067952074,0.0012379764567789957,0.001889754345193353,6.957067840040204e-5,0.0011920169250114782,0.0001302685336940879,0.0008093972825562554,0.00036253999036833665,0.00359902821192603,0.0005202883630555093,0.00048655968910233554,0.00045300277875371276,0.00036949027797150637,0.0003190936794493237,0.0005850370052400968,0.00026820254988964905,0.0006440638700404135,-0.0005278464502417196,-3.980444931348491e-7,0.00047854452852932547,0.00015970631910946503,0.00013581714142630658,0.0008849257102953453,0.0003958642598272927,0.001061570265597009,0.0002604186474659929,0.0011281093133278198,0.0009907536642464708,0.0005202883630555093,0.005856627966191,0.0005682980538911921,0.0005836269160447453,0.0020288227148298624,0.0002703613580085925,-0.0003557575583502943,0.0005282522651046354,0.000856557588044871,0.000241776440222573,0.000444948941498696,0.0013960047102985554,0.0014363528383477355,0.0003891995763405131,0.0015416783192529794,0.0007532219576983444,0.0010122011514392686,0.0007138034701532435,0.0007813279796762896,0.0009121785294378228,0.00048655968910233554,0.0005682980538911921,0.003144334444082358,0.0006099440513481558,-0.00021533552535117897,0.0003176453932418398,0.00020239811974999525,0.00020713966761254772,0.0009100149350166047,0.0009489801918039789,0.0006418721654530227,0.0008441449199076733,0.0005754992400553629,0.0005335845523035377,0.0013752626059836278,0.0005875237667189433,0.0012818186804407442,0.0009302623990619728,0.00038996378777403953,0.000979903018890641,0.00045300277875371276,0.0005836269160447453,0.0006099440513481558,0.002698415882340741,0.000691439882743686,0.0007564235026032182,0.00026229417532598837,0.0006735105678624137,0.0006381906071859408,0.0005880717951114806,5.026158810238238e-5,0.0007583548916544033,0.0005893490947849728,0.0007506754316553648,0.0005203220047808184,0.0016039089816541152,0.0018515115228981333,0.001842954361558635,0.0012652994972688451,0.0021603049438139645,0.00036949027797150637,0.0020288227148298624,-0.00021533552535117897,0.000691439882743686,0.011566241905730943,0.0024473211570058984,6.441248717047688e-5,0.0010837055408976374,0.0015471921418325368,0.00153680121287022,0.0018539730270517494,0.0023873608706843318,0.0010355153629308363,0.0005724353301051449,0.001128072157075255,0.00196590919602954,0.0021100613943756973,0.0010513941617855916,0.001388879415462694,0.0027545020814173887,0.0003190936794493237,0.0002703613580085925,0.0003176453932418398,0.0007564235026032182,0.0024473211570058984,0.013457667682036281,0.00028753112924869264,0.0018242288296439126,0.0003677720306096285,0.00211362457902372,0.0010137594658143623,-7.894857235208295e-5,0.0014452772299414778,0.001028763681099203,0.0006843920643021877,0.0006066121370465888,0.0008628421802355107,0.0005182040334055038,2.437241437688612e-5,-0.0003588948228655586,0.0005850370052400968,-0.0003557575583502943,0.00020239811974999525,0.00026229417532598837,6.441248717047688e-5,0.00028753112924869264,0.004244322862674715,0.0003126851837006703,0.0007241095116112318,0.0010706063028015568,0.0008701310147111249,-6.7420773444925295e-6,0.0006856842882622807,-0.00020934289728929715,-0.0004544685469012678,0.0010958615744579739,0.000609330646885685,0.001058743309938433,0.0004195991216657483,0.0011892276065543616,0.00026820254988964905,0.0005282522651046354,0.00020713966761254772,0.0006735105678624137,0.0010837055408976374,0.0018242288296439126,0.0003126851837006703,0.003757592344108136,-1.110879727374758e-5,0.0016896692242499719,0.0010303242423158757,0.0006712778410725876,0.0008019120916660876,0.0006571507746637724,0.0005536164558603953,0.0014210371117849042,0.0017597319506044006,0.001331729646012378,0.001071278310961321,0.0014740563258854858,0.0006440638700404135,0.000856557588044871,0.0009100149350166047,0.0006381906071859408,0.0015471921418325368,0.0003677720306096285,0.0007241095116112318,-1.110879727374758e-5,0.007877423993670786,0.001182720584986755,0.0014464637315337431,0.0016481214936272422,0.0003774204637201988,0.000922459987300475,0.0025781789147865317,0.003092702985671494,0.002030083568826902,0.002542522161797372,0.00033337254398215204,0.0023973921243119725,-0.0005278464502417196,0.000241776440222573,0.0009489801918039789,0.0005880717951114806,0.00153680121287022,0.00211362457902372,0.0010706063028015568,0.0016896692242499719,0.001182720584986755,0.015029204579148435,0.001558756980489677,-0.00021494649845715873,0.0008622472768711635,0.0013428372708736973,0.0013618738899005263,0.002504393317139698,0.0021858415217589954,0.0017782272770515161,0.00136697566342228,0.001719943048726612,-3.980444931348491e-7,0.000444948941498696,0.0006418721654530227,5.026158810238238e-5,0.0018539730270517494,0.0010137594658143623,0.0008701310147111249,0.0010303242423158757,0.0014464637315337431,0.001558756980489677,0.013955248414392173,0.0023141162864815865,0.002374638586791654,0.0006492846650047249,0.0006413159465388221,0.0015161275227647333,0.0011172989074540675,0.0009280194751075348,0.0013774560113715018,0.0008224330648386081,0.00047854452852932547,0.0013960047102985554,0.0008441449199076733,0.0007583548916544033,0.0023873608706843318,-7.894857235208295e-5,-6.7420773444925295e-6,0.0006712778410725876,0.0016481214936272422,-0.00021494649845715873,0.0023141162864815865,0.00803318029539215,0.00019839840437148044,0.0005645437533896687,0.0016819186388903893,0.0006908746112399362,0.0020550651418828614,0.0003255499609670159,0.0015325517193460155,0.0018377323067952074,0.00015970631910946503,0.0014363528383477355,0.0005754992400553629,0.0005893490947849728,0.0010355153629308363,0.0014452772299414778,0.0006856842882622807,0.0008019120916660876,0.0003774204637201988,0.0008622472768711635,0.002374638586791654,0.00019839840437148044,0.009634176612074203,0.00037812044299653796,0.001418639639949772,0.0009953946573662761,0.0009156007900554816,0.0008620217004607396,0.0007535297512653557,0.0012379764567789957,0.00013581714142630658,0.0003891995763405131,0.0005335845523035377,0.0007506754316553648,0.0005724353301051449,0.001028763681099203,-0.00020934289728929715,0.0006571507746637724,0.000922459987300475,0.0013428372708736973,0.0006492846650047249,0.0005645437533896687,0.00037812044299653796,0.0022372125283700627,0.0011662175831473158,0.002257051719157038,0.0022726014070461415,0.0009610750932425367,0.0022881940917509887,0.001889754345193353,0.0008849257102953453,0.0015416783192529794,0.0013752626059836278,0.0005203220047808184,0.001128072157075255,0.0006843920643021877,-0.0004544685469012678,0.0005536164558603953,0.0025781789147865317,0.0013618738899005263,0.0006413159465388221,0.0016819186388903893,0.001418639639949772,0.0011662175831473158,0.012168060786067253
