0.037134453111004675,0.02210879466519515,-0.005192620387057954,0.002377683093977041,0.0019799982170714612,-0.002842180366988582,-0.002488126893344332,0.006736390159934096,-0.002270501834369063,0.00261329368997536,0.013283956721102077,0.004283157814235597,-0.00868612408764513,-0.006353994488268658,-0.005199898117985474,-0.0034576182085372057,0.005993057129472991,-0.0078057619653789725,0.003575425599979649,-0.001655178054463409,0.02210879466519515,0.05205064775727955,-0.0033446647852460073,-0.0003416092556448322,0.003332887741729425,-0.009229178482170652,0.007437782734688698,0.008390197525283161,-0.006949620033445113,0.005177318796958229,0.01588630909166381,0.005735024976586623,-0.004807301383166315,-0.009060502757483208,-0.0038720053648871947,-0.006505850372157311,0.005319205036453326,-0.005051941014932399,-0.009543330909699053,-0.0023617054786333677,-0.005192620387057954,-0.0033446647852460073,0.006323616553803957,0.0013628201311681747,-0.0009157984545255669,0.001004370974470216,0.005819417974287797,0.00020711959933003847,-0.0009364962270799878,0.003475998995549085,-0.00121797749942228,0.0016792902056976667,0.004778799731929991,0.004404571688310152,0.0025817034856776473,0.0018227763066482562,-0.0008465861697797281,0.008763903761040102,-0.0034206009098217884,0.0018691746446428993,0.002377683093977041,-0.0003416092556448322,0.0013628201311681747,0.008831563675644607,-0.0011888492125462923,-0.0003613829319541553,0.001764241003071656,0.0019948675986377895,-0.00012388596212084194,0.0018525768577494414,0.00493707600009716,0.0010133488757696372,-0.001055634286902912,-0.0008732022966934135,0.0016392737228406997,0.003682467110080769,0.001528823270099467,0.002481562620083118,0.001389887727412634,0.0019738617139848625,0.0019799982170714612,0.003332887741729425,-0.0009157984545255669,-0.0011888492125462923,0.0035385802393160873,0.000864760618405671,-0.0010836882425977329,-0.00011443364081563991,-5.265538847034254e-5,-0.00237611878838577,-0.0007909322979823425,-0.0009556084491689426,0.0012480521441208727,0.00114188136061072,-0.00194846548567969,-0.0005157688687458583,-7.956572934526374e-5,-0.0021053338596598416,-0.001268043609924767,-0.0012865118137923995,-0.002842180366988582,-0.009229178482170652,0.001004370974470216,-0.0003613829319541553,0.000864760618405671,0.013917677902277704,-0.0008278028073572042,-0.002134631295709126,0.0017117044630798831,-0.004244395253571696,-0.0004908887203885232,-0.0010904764234481142,0.0007299900809285574,0.009072165966999007,0.001646189011384858,0.003662955272889258,0.0018666228756594144,0.002171907539376224,0.0015807220330248215,0.0011872116531258436,-0.002488126893344332,0.007437782734688698,0.005819417974287797,0.001764241003071656,-0.0010836882425977329,-0.0008278028073572042,0.017327751666187302,0.002667390956631722,-0.0023888381659446867,0.005076208980666291,0.006490549152858819,0.00258643054885047,0.005763175196545159,0.0017444145983495614,0.0024013856965467845,0.0011622202594132017,0.00011329114561905496,0.010514783557591632,-0.009774161047841626,0.001997446335836113,0.006736390159934096,0.008390197525283161,0.00020711959933003847,0.0019948675986377895,-0.00011443364081563991,-0.002134631295709126,0.002667390956631722,0.0066628328471686205,-0.0012378269810283254,0.0030220918082674874,0.0046483125877935325,0.003573095415271586,-0.001758506886038284,-0.0034668873013794406,6.158342491865141e-5,-0.000677427592536852,0.00086762345968004,0.0014231571749189988,-0.0007870067432666273,0.0012527113983499345,-0.002270501834369063,-0.006949620033445113,-0.0009364962270799878,-0.00012388596212084194,-5.265538847034254e-5,0.0017117044630798831,-0.0023888381659446867,-0.0012378269810283254,0.004609088327573821,-0.0020044326099127622,-0.0014111148222749493,-0.001043171266297271,0.0027955599630340383,0.00048367052564403124,0.0012897720054696384,0.00113698388577659,-0.0024207899559312326,0.0008585434472007997,0.003773031016929774,0.0002131685665284491,0.00261329368997536,0.005177318796958229,0.003475998995549085,0.0018525768577494414,-0.00237611878838577,-0.004244395253571696,0.005076208980666291,0.0030220918082674874,-0.0020044326099127622,0.012815710810412034,0.002871790328294877,0.004069457698167214,0.00032653452902222415,-0.0022994306815027907,0.002189647060835554,-0.0011843437726544864,0.0004343778518448696,0.006366270370491365,-0.0011766718812808246,0.001855271856043859,0.013283956721102077,0.01588630909166381,-0.00121797749942228,0.00493707600009716,-0.0007909322979823425,-0.0004908887203885232,0.006490549152858819,0.0046483125877935325,-0.0014111148222749493,0.002871790328294877,0.03124198324707205,0.0018806804408548212,-0.004837730946478063,-0.0038839937331070946,0.00507450587117999,0.0014010575376115317,0.002926621528137975,-0.005121260671643648,-0.0011735758522135329,0.0005814792995491329,0.004283157814235597,0.005735024976586623,0.0016792902056976667,0.0010133488757696372,-0.0009556084491689426,-0.0010904764234481142,0.00258643054885047,0.003573095415271586,-0.001043171266297271,0.004069457698167214,0.0018806804408548212,0.007606124888644899,0.0005490519522328586,-0.0015924414088516723,0.001916205571870735,-0.00017731102578503273,-0.00037132745105090975,0.005305259941949695,-0.0009494351534665806,0.0011798500256901463,-0.00868612408764513,-0.004807301383166315,0.004778799731929991,-0.001055634286902912,0.0012480521441208727,0.0007299900809285574,0.005763175196545159,-0.001758506886038284,0.0027955599630340383,0.00032653452902222415,-0.004837730946478063,0.0005490519522328586,0.03081546208192663,0.004013474438878638,0.0010899067489814967,0.0011539049063943937,-0.006865383725207648,0.0074108346093312225,-0.0044890895943982285,-0.00011100409919996204,-0.006353994488268658,-0.009060502757483208,0.004404571688310152,-0.0008732022966934135,0.00114188136061072,0.009072165966999007,0.0017444145983495614,-0.0034668873013794406,0.00048367052564403124,-0.0022994306815027907,-0.0038839937331070946,-0.0015924414088516723,0.004013474438878638,0.01380330990527624,0.002135859600466052,0.0035555060602833564,0.0006012195237741901,0.0076605866163063,-0.0014070657543522641,0.0012527573901824007,-0.005199898117985474,-0.0038720053648871947,0.0025817034856776473,0.0016392737228406997,-0.00194846548567969,0.001646189011384858,0.0024013856965467845,6.158342491865141e-5,0.0012897720054696384,0.002189647060835554,0.00507450587117999,0.001916205571870735,0.0010899067489814967,0.002135859600466052,0.028827138449508002,0.006342458383245295,-0.001690028063012232,0.018147904188927137,0.0024204703815985506,0.005479250422996825,-0.0034576182085372057,-0.006505850372157311,0.0018227763066482562,0.003682467110080769,-0.0005157688687458583,0.003662955272889258,0.0011622202594132017,-0.000677427592536852,0.00113698388577659,-0.0011843437726544864,0.0014010575376115317,-0.00017731102578503273,0.0011539049063943937,0.0035555060602833564,0.006342458383245295,0.0066437774560557175,0.0002029361601048577,0.0069871163460167255,0.001660103527587452,0.00219778118250599,0.005993057129472991,0.005319205036453326,-0.0008465861697797281,0.001528823270099467,-7.956572934526374e-5,0.0018666228756594144,0.00011329114561905496,0.00086762345968004,-0.0024207899559312326,0.0004343778518448696,0.002926621528137975,-0.00037132745105090975,-0.006865383725207648,0.0006012195237741901,-0.001690028063012232,0.0002029361601048577,0.008817021884591773,-0.0023530185450994535,-0.00018461024170357592,9.866306836810385e-6,-0.0078057619653789725,-0.005051941014932399,0.008763903761040102,0.002481562620083118,-0.0021053338596598416,0.002171907539376224,0.010514783557591632,0.0014231571749189988,0.0008585434472007997,0.006366270370491365,-0.005121260671643648,0.005305259941949695,0.0074108346093312225,0.0076605866163063,0.018147904188927137,0.0069871163460167255,-0.0023530185450994535,0.055852554835749066,-0.002247339755849183,0.007010620115944331,0.003575425599979649,-0.009543330909699053,-0.0034206009098217884,0.001389887727412634,-0.001268043609924767,0.0015807220330248215,-0.009774161047841626,-0.0007870067432666273,0.003773031016929774,-0.0011766718812808246,-0.0011735758522135329,-0.0009494351534665806,-0.0044890895943982285,-0.0014070657543522641,0.0024204703815985506,0.001660103527587452,-0.00018461024170357592,-0.002247339755849183,0.015396530564890097,0.00048421774719113373,-0.001655178054463409,-0.0023617054786333677,0.0018691746446428993,0.0019738617139848625,-0.0012865118137923995,0.0011872116531258436,0.001997446335836113,0.0012527113983499345,0.0002131685665284491,0.001855271856043859,0.0005814792995491329,0.0011798500256901463,-0.00011100409919996204,0.0012527573901824007,0.005479250422996825,0.00219778118250599,9.866306836810385e-6,0.007010620115944331,0.00048421774719113373,0.0037697160976732156
0.0662388971436131,0.030617855677705336,0.006318109522925663,0.004626662379830425,0.010092157030630652,0.01596623901376054,0.0213560830598661,-0.0025147006011415184,0.014249032904922194,0.014853332893997212,0.002992142483770237,0.015594128147342796,0.018383229481205056,0.0009478584834344767,0.006685926539835977,0.012070546146943485,0.014497649217690171,0.009438430123646603,0.02350641473374712,0.014926887034668688,0.030617855677705336,0.06540186719224109,0.00855360061590203,0.012157665737549846,0.014815763664979453,0.01749157276981477,0.022046328573350295,0.008029062243120002,0.01620844209965479,0.027054666259398997,0.0112191347518323,0.015055535363321411,0.029008775723023062,0.0076846548739444645,0.016924326020917955,0.006553253099731797,0.01372561686690922,0.009671768518453892,0.008665147381856543,0.016364117347382877,0.006318109522925663,0.00855360061590203,0.005210127525412131,0.0030336522607881567,0.002724206515778929,0.002906599640659429,0.002667462057090002,0.0028205981628202726,0.003709572516574359,0.004913420701068409,0.005652321998079368,0.005323971815202808,0.011297221972789002,0.0017422207822211616,0.004034535942509507,0.001856442960483251,0.002874941933787966,0.002752020685015309,0.0016330536050280838,0.0044139000530866845,0.004626662379830425,0.012157665737549846,0.0030336522607881567,0.008373872081705081,0.00427937382002189,0.004939647959196575,0.0037489903307885075,0.004957634667134081,0.003960182036453624,0.006111129011067683,0.006653657947707068,0.004612694277895961,0.011898810804911664,0.003841587574500309,0.008309671437416767,0.0008236010659324259,0.0026089095558841464,0.003735820390337279,-0.001058077481384155,0.0047846643015614886,0.010092157030630652,0.014815763664979453,0.002724206515778929,0.00427937382002189,0.008366831296444575,0.004969364746336658,0.0065870526942129375,0.004811348749789584,0.006789169477272103,0.010315669026823703,0.009312531256490144,0.00842796265859068,0.0032720518700516017,0.002550129813938775,0.003562306472023477,0.0031899654616954756,0.0025565494359695634,0.0066517593782967205,0.00317023186354064,0.009070858380005948,0.01596623901376054,0.01749157276981477,0.002906599640659429,0.004939647959196575,0.004969364746336658,0.015051239778124573,0.008529424375931342,0.0010172725603324355,0.0055916071673628165,0.007888935628600005,0.0061001568187916055,0.00827996971357977,0.006848160772735654,0.0018940231696846321,0.006124656425813694,0.003932514070111094,0.005908752832998063,0.005930511113445857,0.008255613492318174,0.006824909268811198,0.0213560830598661,0.022046328573350295,0.002667462057090002,0.0037489903307885075,0.0065870526942129375,0.008529424375931342,0.018415671963767383,0.001450256481804904,0.008618157991756453,0.012221293835704609,0.0065956167293288424,0.008209096743910915,0.010856360429228065,0.002009567433795291,0.007196934069210833,0.005443858599374012,0.008214079964080159,0.007052132348383826,0.010953311028673298,0.008188861927639596,-0.0025147006011415184,0.008029062243120002,0.0028205981628202726,0.004957634667134081,0.004811348749789584,0.0010172725603324355,0.001450256481804904,0.01085138685615945,0.003018738098142815,0.005133888896731589,0.008485483054244678,0.00418299956621556,0.005927603809292927,0.002513113848532129,0.006751724078360982,0.0009751278304769009,-0.0010389842465138542,0.01027301986851124,-0.0030178187505705474,0.005309841718518281,0.014249032904922194,0.01620844209965479,0.003709572516574359,0.003960182036453624,0.006789169477272103,0.0055916071673628165,0.008618157991756453,0.003018738098142815,0.008912197787115557,0.00997848870816373,0.007571633737000085,0.008637320515641058,0.00800975970071532,0.0019169146186274288,0.004564026544742712,0.0034740607866651603,0.004610849454167995,0.005200381172594346,0.004096258964020505,0.008823315502551169,0.014853332893997212,0.027054666259398997,0.004913420701068409,0.006111129011067683,0.010315669026823703,0.007888935628600005,0.012221293835704609,0.005133888896731589,0.00997848870816373,0.024418259629736316,0.013233568433187782,0.01136418518909135,0.01234901741445667,0.004595738877116039,0.005226114060245117,0.0062057110155331035,0.006528473436589043,0.007732510047785792,0.006844384180116562,0.01278174277003964,0.002992142483770237,0.0112191347518323,0.005652321998079368,0.006653657947707068,0.009312531256490144,0.0061001568187916055,0.0065956167293288424,0.008485483054244678,0.007571633737000085,0.013233568433187782,0.036216796446371,0.01386448288875727,0.01372363997163689,0.006354387238967431,0.007753562612702228,0.003929481105458151,0.002062346171293138,0.013949165773301804,0.004768999042882315,0.013109191348897719,0.015594128147342796,0.015055535363321411,0.005323971815202808,0.004612694277895961,0.00842796265859068,0.00827996971357977,0.008209096743910915,0.00418299956621556,0.008637320515641058,0.01136418518909135,0.01386448288875727,0.017026953462180215,0.005305467490285697,0.00218451657596243,0.0009773586874641505,0.00630394231151709,0.005405336794792417,0.00839387110492357,0.0076151658100493125,0.012245448347027687,0.018383229481205056,0.029008775723023062,0.011297221972789002,0.011898810804911664,0.0032720518700516017,0.006848160772735654,0.010856360429228065,0.005927603809292927,0.00800975970071532,0.01234901741445667,0.01372363997163689,0.005305467490285697,0.07060880281703197,0.007289786989906563,0.02500322706095534,0.0010969590413969933,0.01245524050643663,0.002724232511641563,0.0034640202374558943,0.007542127575595433,0.0009478584834344767,0.0076846548739444645,0.0017422207822211616,0.003841587574500309,0.002550129813938775,0.0018940231696846321,0.002009567433795291,0.002513113848532129,0.0019169146186274288,0.004595738877116039,0.006354387238967431,0.00218451657596243,0.007289786989906563,0.006638087287011606,0.004169371076635838,-0.0002720306353522808,0.0011534637433166912,0.0011482077719455433,-0.0008776624329069459,0.0029416755848890386,0.006685926539835977,0.016924326020917955,0.004034535942509507,0.008309671437416767,0.003562306472023477,0.006124656425813694,0.007196934069210833,0.006751724078360982,0.004564026544742712,0.005226114060245117,0.007753562612702228,0.0009773586874641505,0.02500322706095534,0.004169371076635838,0.028658166993737834,-0.0011186669554123074,0.0033530773186424795,0.007156435703550238,-0.0012096673024331022,0.003324706670898715,0.012070546146943485,0.006553253099731797,0.001856442960483251,0.0008236010659324259,0.0031899654616954756,0.003932514070111094,0.005443858599374012,0.0009751278304769009,0.0034740607866651603,0.0062057110155331035,0.003929481105458151,0.00630394231151709,0.0010969590413969933,-0.0002720306353522808,-0.0011186669554123074,0.006590807989080746,0.003977025414597246,0.006975414905924014,0.007647411381242884,0.004676663595059648,0.014497649217690171,0.01372561686690922,0.002874941933787966,0.0026089095558841464,0.0025565494359695634,0.005908752832998063,0.008214079964080159,-0.0010389842465138542,0.004610849454167995,0.006528473436589043,0.002062346171293138,0.005405336794792417,0.01245524050643663,0.0011534637433166912,0.0033530773186424795,0.003977025414597246,0.011429505765340787,0.0018304172920580457,0.008181289751322072,0.0037652821155345862,0.009438430123646603,0.009671768518453892,0.002752020685015309,0.003735820390337279,0.0066517593782967205,0.005930511113445857,0.007052132348383826,0.01027301986851124,0.005200381172594346,0.007732510047785792,0.013949165773301804,0.00839387110492357,0.002724232511641563,0.0011482077719455433,0.007156435703550238,0.006975414905924014,0.0018304172920580457,0.05028015759049764,0.012739874344374864,0.006791111058638628,0.02350641473374712,0.008665147381856543,0.0016330536050280838,-0.001058077481384155,0.00317023186354064,0.008255613492318174,0.010953311028673298,-0.0030178187505705474,0.004096258964020505,0.006844384180116562,0.004768999042882315,0.0076151658100493125,0.0034640202374558943,-0.0008776624329069459,-0.0012096673024331022,0.007647411381242884,0.008181289751322072,0.012739874344374864,0.023644203412187766,0.0057113059918926234,0.014926887034668688,0.016364117347382877,0.0044139000530866845,0.0047846643015614886,0.009070858380005948,0.006824909268811198,0.008188861927639596,0.005309841718518281,0.008823315502551169,0.01278174277003964,0.013109191348897719,0.012245448347027687,0.007542127575595433,0.0029416755848890386,0.003324706670898715,0.004676663595059648,0.0037652821155345862,0.006791111058638628,0.0057113059918926234,0.013842029716162201
0.057135570672679555,0.016146371904346205,0.003996379462816632,-0.005503348863795955,0.00012964523439972972,0.0017093073754776084,-0.025966293582077984,0.005890469225151539,0.005153255540330307,0.018796603737904507,-0.007141849691695103,-0.021263685625422465,-0.011197789635950334,-0.009940779957523661,0.004564535467758738,0.000861323854679313,0.005031297390174606,-0.0018573475850062614,-0.010184095742876303,-0.003462940933985635,0.016146371904346205,0.06940125143065001,0.007387340284611032,0.0031463292622071174,0.0006844418141693698,0.01079600814018778,-0.004889633451438418,-0.004168108095366452,0.0017820016476393038,-0.0049076954278655036,0.008157612499795623,-0.014605598077076584,-0.0015246015925616196,-0.003587860619368526,0.01773697500220558,0.0044884311491833594,-0.003335730286484424,0.015853866945004062,-0.005623155797581875,0.007015898147768364,0.003996379462816632,0.007387340284611032,0.003729526304685717,0.0007802973675860846,-2.1876090835217974e-5,0.002261345627476951,-0.0007678001203782178,0.0014402494049229342,0.0009539334152552552,-0.00013476115400487835,0.0032098813596830762,-0.002738363413437056,0.0007669596225994847,-0.0005983188878448615,0.003457967997536702,-0.0005624532707492094,-0.0007925703198319075,-0.0011319799170424023,-0.00038554192674984927,0.0008530038593755763,-0.005503348863795955,0.0031463292622071174,0.0007802973675860846,0.008191996594956893,-0.0007295220590294996,0.001500031021862109,0.006136912857656211,0.0008620138052532328,0.00019850392416186457,-0.007056755976709938,0.005442976811890508,0.0005559791993882674,-0.0007449648031562448,0.0004837792871533906,0.001953190393320448,-0.0029395900770631785,-0.0005120643859456573,0.0019336410285571474,0.003330537384610268,0.0021800453776006554,0.00012964523439972972,0.0006844418141693698,-2.1876090835217974e-5,-0.0007295220590294996,0.0032692488207878194,0.001413163448513091,0.0009735103841532614,-0.0003504222170398432,0.00043717512373917276,0.0004243740428418214,-0.003212144228931218,0.0012759139253684078,0.0016825871079828765,0.0015060070070028536,0.0017127293014390734,0.0011175531734548515,0.0016191829815233542,0.0005885667068973738,-0.0008399553125105796,0.0002460204641262757,0.0017093073754776084,0.01079600814018778,0.002261345627476951,0.001500031021862109,0.001413163448513091,0.011957576200522221,0.0009517604549101294,0.00022177007397379528,0.002030996805155738,0.00222762788418848,0.004352586633328201,-0.0007513438488564712,0.0014286472038153955,0.0014534739688632768,0.0015121301901371586,0.0004323824486461669,-3.412673468077443e-5,0.005232850420086277,0.004212931022613364,0.0013438093572698422,-0.025966293582077984,-0.004889633451438418,-0.0007678001203782178,0.006136912857656211,0.0009735103841532614,0.0009517604549101294,0.024246534793405546,-0.0019907115849142924,-0.0026190672840285542,-0.013144782729144818,0.00763927142968822,0.01277068159315082,0.004984964021998231,0.005507820962342297,0.003094807868620198,-0.0029712401130555484,-0.0035137109401172945,-0.0031027076282572836,0.006393148875685458,0.0048441944772006544,0.005890469225151539,-0.004168108095366452,0.0014402494049229342,0.0008620138052532328,-0.0003504222170398432,0.00022177007397379528,-0.0019907115849142924,0.007640652159353241,0.0027114010327116598,0.003234726896003488,0.001966294175324357,-0.003196057320073089,0.0006142717086448974,-0.0015198834505875257,-0.0032656898779036027,-0.0021366710360233754,0.0011640416407748887,-0.0060849018403344455,0.00023461141237327406,-0.0008119308475525557,0.005153255540330307,0.0017820016476393038,0.0009539334152552552,0.00019850392416186457,0.00043717512373917276,0.002030996805155738,-0.0026190672840285542,0.0027114010327116598,0.0035950713080922176,0.0037098099921746685,0.0004939224172480715,-0.0031052416768232016,-0.0013203273707276311,-0.0007803948434259827,0.0003218063788697113,-0.00102156138512276,0.0010345745333152248,-0.0028667874383306946,0.00012463362984331446,-0.000969659146171614,0.018796603737904507,-0.0049076954278655036,-0.00013476115400487835,-0.007056755976709938,0.0004243740428418214,0.00222762788418848,-0.013144782729144818,0.003234726896003488,0.0037098099921746685,0.0249629628077876,-0.007159743517883489,-0.005799005985098279,-0.0026700795156014653,-0.0014941168150237293,-0.004654921847090085,0.00033952417099515457,0.0011363071398957291,-0.0028260792519732326,-0.0007942801595776858,-0.004936084561651713,-0.007141849691695103,0.008157612499795623,0.0032098813596830762,0.005442976811890508,-0.003212144228931218,0.004352586633328201,0.00763927142968822,0.001966294175324357,0.0004939224172480715,-0.007159743517883489,0.03293332102938222,-0.0004986761443151021,0.0010022273980169977,-0.0004956420981948354,0.005900581930996058,-0.002457876763224079,-0.006790278615598781,0.0012711851542686397,0.007565256912307597,0.003826041232401038,-0.021263685625422465,-0.014605598077076584,-0.002738363413437056,0.0005559791993882674,0.0012759139253684078,-0.0007513438488564712,0.01277068159315082,-0.003196057320073089,-0.0031052416768232016,-0.005799005985098279,-0.0004986761443151021,0.01644564794759477,0.004652424402981449,0.00589100118428416,-0.004421393152968802,0.0003749206835155134,-0.00015222898773085557,0.003728512372772009,0.0052103823379884995,0.0017137590727424646,-0.011197789635950334,-0.0015246015925616196,0.0007669596225994847,-0.0007449648031562448,0.0016825871079828765,0.0014286472038153955,0.004984964021998231,0.0006142717086448974,-0.0013203273707276311,-0.0026700795156014653,0.0010022273980169977,0.004652424402981449,0.027696655301803166,0.005620360757977632,5.930372126771691e-5,0.0027944095447690735,0.00026302152079404656,0.007979721988586944,0.0009256827928640183,0.0005835102168410035,-0.009940779957523661,-0.003587860619368526,-0.0005983188878448615,0.0004837792871533906,0.0015060070070028536,0.0014534739688632768,0.005507820962342297,-0.0015198834505875257,-0.0007803948434259827,-0.0014941168150237293,-0.0004956420981948354,0.00589100118428416,0.005620360757977632,0.008980254488227661,0.0009391733171424316,0.00014944596413560377,0.0004089333939817611,0.00680868552186858,0.0014161659435270465,-0.00020136944179171293,0.004564535467758738,0.01773697500220558,0.003457967997536702,0.001953190393320448,0.0017127293014390734,0.0015121301901371586,0.003094807868620198,-0.0032656898779036027,0.0003218063788697113,-0.004654921847090085,0.005900581930996058,-0.004421393152968802,5.930372126771691e-5,0.0009391733171424316,0.02909242105287427,-0.0009657593389925074,-0.003337181651926281,0.002269405547998559,-0.0024107118730951243,0.0025532877695829083,0.000861323854679313,0.0044884311491833594,-0.0005624532707492094,-0.0029395900770631785,0.0011175531734548515,0.0004323824486461669,-0.0029712401130555484,-0.0021366710360233754,-0.00102156138512276,0.00033952417099515457,-0.002457876763224079,0.0003749206835155134,0.0027944095447690735,0.00014944596413560377,-0.0009657593389925074,0.005825888507942639,0.0010014943699956334,0.00557989440953164,-0.0024412694237811467,-3.53623011625972e-5,0.005031297390174606,-0.003335730286484424,-0.0007925703198319075,-0.0005120643859456573,0.0016191829815233542,-3.412673468077443e-5,-0.0035137109401172945,0.0011640416407748887,0.0010345745333152248,0.0011363071398957291,-0.006790278615598781,-0.00015222898773085557,0.00026302152079404656,0.0004089333939817611,-0.003337181651926281,0.0010014943699956334,0.008373864982375414,0.0031374331490592886,-0.0022198476598435405,-0.00046878109567899124,-0.0018573475850062614,0.015853866945004062,-0.0011319799170424023,0.0019336410285571474,0.0005885667068973738,0.005232850420086277,-0.0031027076282572836,-0.0060849018403344455,-0.0028667874383306946,-0.0028260792519732326,0.0012711851542686397,0.003728512372772009,0.007979721988586944,0.00680868552186858,0.002269405547998559,0.00557989440953164,0.0031374331490592886,0.053496193653483584,0.003360780380261787,0.0011663855102382514,-0.010184095742876303,-0.005623155797581875,-0.00038554192674984927,0.003330537384610268,-0.0008399553125105796,0.004212931022613364,0.006393148875685458,0.00023461141237327406,0.00012463362984331446,-0.0007942801595776858,0.007565256912307597,0.0052103823379884995,0.0009256827928640183,0.0014161659435270465,-0.0024107118730951243,-0.0024412694237811467,-0.0022198476598435405,0.003360780380261787,0.01336676986526125,0.0005060595835405597,-0.003462940933985635,0.007015898147768364,0.0008530038593755763,0.0021800453776006554,0.0002460204641262757,0.0013438093572698422,0.0048441944772006544,-0.0008119308475525557,-0.000969659146171614,-0.004936084561651713,0.003826041232401038,0.0017137590727424646,0.0005835102168410035,-0.00020136944179171293,0.0025532877695829083,-3.53623011625972e-5,-0.00046878109567899124,0.0011663855102382514,0.0005060595835405597,0.004616496830391973
