0.017992868867920286,0.002264457978942796,-0.00013479081653084725,0.0010611892312836276,0.0015339318317407805,0.00015937415330685045,-0.0018500012974768487,0.0021583201971534564,0.004538098069473238,0.0011193126771953657,0.0006743288449575216,0.00054806015997501,0.0005635513846588523,0.0026931985282840436,0.0013111838060849263,0.0008793169014244947,0.003594768265087454,0.00033308214987588623,-0.00017712937602125509,0.00011046132853591421,0.002264457978942796,0.007541098957993157,0.0004103815774371533,0.0008064341345430961,-5.40243513042283e-5,0.001076670903901799,9.721133018547209e-5,0.0007365804088511107,0.0028531344649941792,0.0014166628611729753,0.00036655805183682185,0.0013454781525570221,0.0012087822024531678,9.350938826104808e-5,0.0005225325295499883,0.000721653424337677,0.001319350290754388,0.0013370931722088805,0.0011922012488652636,0.0002971591347138509,-0.00013479081653084725,0.0004103815774371533,0.0031062246553647524,-0.00013016134724668453,0.0001703213170067039,0.0007722042134006126,-0.00023857391294336753,0.0012541403813452158,0.0008085532871139853,0.0005037930345464657,-9.579626806398273e-5,-0.000350582214563541,0.00021176393938347705,0.00014959754587109,2.1754872343264426e-5,0.0012039590369388444,-0.0001306178221362834,0.00042950490971739304,0.0008980065073416025,-0.00017541352381632847,0.0010611892312836276,0.0008064341345430961,-0.00013016134724668453,0.005595710942969986,0.000752811288135429,4.047826153409336e-5,0.0006463540718997221,0.0007231991297512476,0.0013296380730228366,0.0014017665097883526,0.00046174977353351823,0.00023807407359283586,0.00020101391167613565,0.00023055647549584965,0.0004621239517634556,0.0006334277043058224,0.00038662674374470617,0.0001775678428059366,0.0008220666623294053,0.00028999584166365243,0.0015339318317407805,-5.40243513042283e-5,0.0001703213170067039,0.000752811288135429,0.003285769245281194,-4.830080780994343e-5,-1.8343492450666731e-6,0.0013953057085176034,0.000781775123651142,0.0011017361909835513,0.0003551938125621394,0.000535624274676173,0.00032355740978420026,0.0008254973226006306,0.0006141180082243987,7.070663451080116e-5,0.00026780798029569245,0.0006003996959045783,-0.00019624659544898197,-2.1930402057807737e-5,0.00015937415330685045,0.001076670903901799,0.0007722042134006126,4.047826153409336e-5,-4.830080780994343e-5,0.004718215911912602,0.001649608348929894,0.0011182325055951574,0.0018276344129556027,0.0009944481872321731,0.000423071356763122,0.00022649714189781667,0.00041219964651258026,0.00044010564965082927,0.0007374546568447587,0.0008269021008052635,0.0007061962914362779,0.0008602690495025165,0.000774685420037849,1.609381930928936e-5,-0.0018500012974768487,9.721133018547209e-5,-0.00023857391294336753,0.0006463540718997221,-1.8343492450666731e-6,0.001649608348929894,0.010679794389214743,0.00046873460531839795,-0.0008603552026289561,0.00016047810688843574,0.00048270858099207106,-0.00019592136047793873,0.0005295988431535171,0.00015905995874388438,0.0012178559859541533,0.0002079183944901971,0.00031192197468997364,0.0016316050365167561,0.0017268454141041827,0.000564277042226178,0.0021583201971534564,0.0007365804088511107,0.0012541403813452158,0.0007231991297512476,0.0013953057085176034,0.0011182325055951574,0.00046873460531839795,0.015071151543959457,0.004262353042364173,0.0008667731972772448,0.0004894420998744838,0.0007482148190765722,0.0014467943604532384,0.00047160298928369717,0.0013382882235444295,0.001905623117702925,0.0017965153460616843,0.0017333025026908028,0.001775619937687808,0.0004431757854107064,0.004538098069473238,0.0028531344649941792,0.0008085532871139853,0.0013296380730228366,0.000781775123651142,0.0018276344129556027,-0.0008603552026289561,0.004262353042364173,0.020520132400862378,0.002593532380018327,0.0013179055144087494,0.0009638585353019748,0.00018767566771397937,0.0006557468977014694,0.0004042493049381911,0.0016518545062527742,0.0017188494265561126,0.001583064089614313,0.0005758663602334719,0.0006610466492210777,0.0011193126771953657,0.0014166628611729753,0.0005037930345464657,0.0014017665097883526,0.0011017361909835513,0.0009944481872321731,0.00016047810688843574,0.0008667731972772448,0.002593532380018327,0.015459309133486997,7.899488177775439e-5,0.002189844784774483,-0.00016854863716338474,0.0007362464522524282,0.00030653030133049355,0.00041309643291784475,0.0007720204770640726,-0.00011059101682762119,0.0006136248467663708,0.0004652050214517433,0.0006743288449575216,0.00036655805183682185,-9.579626806398273e-5,0.00046174977353351823,0.0003551938125621394,0.000423071356763122,0.00048270858099207106,0.0004894420998744838,0.0013179055144087494,7.899488177775439e-5,0.0016893999404582478,0.00028186736239065057,-0.00011952318751337635,0.0004066963116654111,-4.651014048445828e-6,0.00027402486076173965,0.00120550643577644,0.0005032484404775498,0.00037284476532725794,-0.0001556452914758461,0.00054806015997501,0.0013454781525570221,-0.000350582214563541,0.00023807407359283586,0.000535624274676173,0.00022649714189781667,-0.00019592136047793873,0.0007482148190765722,0.0009638585353019748,0.002189844784774483,0.00028186736239065057,0.00813350753519749,0.0017029542117171564,0.00021505955554924309,-0.00011762829441170639,-0.00016608652608592612,0.0012808546664055686,0.0012102163285329986,0.0006639397023864709,0.00020442661347155595,0.0005635513846588523,0.0012087822024531678,0.00021176393938347705,0.00020101391167613565,0.00032355740978420026,0.00041219964651258026,0.0005295988431535171,0.0014467943604532384,0.00018767566771397937,-0.00016854863716338474,-0.00011952318751337635,0.0017029542117171564,0.003570036949176123,0.0003112306110253668,0.0003641131546445386,0.0005949371897150272,0.0005562431665729261,0.0007925574142103502,0.00034237087382792326,0.0003916941057186855,0.0026931985282840436,9.350938826104808e-5,0.00014959754587109,0.00023055647549584965,0.0008254973226006306,0.00044010564965082927,0.00015905995874388438,0.00047160298928369717,0.0006557468977014694,0.0007362464522524282,0.0004066963116654111,0.00021505955554924309,0.0003112306110253668,0.006732656451817164,0.0006401358704956523,0.00036628063354386925,0.0007055461436313905,-0.00041656956730950936,0.00027305025863472014,-0.00026214773905052315,0.0013111838060849263,0.0005225325295499883,2.1754872343264426e-5,0.0004621239517634556,0.0006141180082243987,0.0007374546568447587,0.0012178559859541533,0.0013382882235444295,0.0004042493049381911,0.00030653030133049355,-4.651014048445828e-6,-0.00011762829441170639,0.0003641131546445386,0.0006401358704956523,0.004414237427372674,0.0003243828526840884,0.00030770230498969515,0.0001484494449841199,0.00044487889352471397,-2.554603307423827e-5,0.0008793169014244947,0.000721653424337677,0.0012039590369388444,0.0006334277043058224,7.070663451080116e-5,0.0008269021008052635,0.0002079183944901971,0.001905623117702925,0.0016518545062527742,0.00041309643291784475,0.00027402486076173965,-0.00016608652608592612,0.0005949371897150272,0.00036628063354386925,0.0003243828526840884,0.003685755220910957,0.0010249340943647416,0.000869447083296734,0.0013021786330674986,0.00029679156501519075,0.003594768265087454,0.001319350290754388,-0.0001306178221362834,0.00038662674374470617,0.00026780798029569245,0.0007061962914362779,0.00031192197468997364,0.0017965153460616843,0.0017188494265561126,0.0007720204770640726,0.00120550643577644,0.0012808546664055686,0.0005562431665729261,0.0007055461436313905,0.00030770230498969515,0.0010249340943647416,0.012866124762768936,0.0012684932430499468,0.00034977225974365284,-1.5089948972869328e-5,0.00033308214987588623,0.0013370931722088805,0.00042950490971739304,0.0001775678428059366,0.0006003996959045783,0.0008602690495025165,0.0016316050365167561,0.0017333025026908028,0.001583064089614313,-0.00011059101682762119,0.0005032484404775498,0.0012102163285329986,0.0007925574142103502,-0.00041656956730950936,0.0001484494449841199,0.000869447083296734,0.0012684932430499468,0.00588731278730883,0.0013286699333736743,0.000418820965870572,-0.00017712937602125509,0.0011922012488652636,0.0008980065073416025,0.0008220666623294053,-0.00019624659544898197,0.000774685420037849,0.0017268454141041827,0.001775619937687808,0.0005758663602334719,0.0006136248467663708,0.00037284476532725794,0.0006639397023864709,0.00034237087382792326,0.00027305025863472014,0.00044487889352471397,0.0013021786330674986,0.00034977225974365284,0.0013286699333736743,0.008544396811375877,0.0006551559204309988,0.00011046132853591421,0.0002971591347138509,-0.00017541352381632847,0.00028999584166365243,-2.1930402057807737e-5,1.609381930928936e-5,0.000564277042226178,0.0004431757854107064,0.0006610466492210777,0.0004652050214517433,-0.0001556452914758461,0.00020442661347155595,0.0003916941057186855,-0.00026214773905052315,-2.554603307423827e-5,0.00029679156501519075,-1.5089948972869328e-5,0.000418820965870572,0.0006551559204309988,0.0018499608019059935
0.017364943058672245,0.00027135630164151954,0.00016154839445275325,0.0009428546680327765,0.0005670600299870483,0.0013735000611995384,-0.000670616023075997,0.005801015544606878,0.0006095679929325489,-0.004016728695597695,0.00028801478812991524,0.0021050969987326694,-0.000509780486719891,-9.852135430298069e-5,-0.0005459484373947514,0.00034717861393405785,-0.0009225821927431396,0.0007020988162340269,-0.0005794903153846662,0.000800645350867021,0.00027135630164151954,0.012030880545243386,0.00015088038818934644,-0.00022439655344210478,0.0006629656621790266,0.0020012011864935417,-0.00019797508353512958,0.0034735177876259104,0.0007408175372664208,-0.0006235856642847972,-0.0011606632569145304,-0.0010848589880961463,-0.0001961920363648095,0.0003297627051881952,-0.0011884431251492052,0.0002996830617037216,0.0006447518562328943,-0.002608252286444006,-0.0009875573041521909,0.0003546118580283878,0.00016154839445275325,0.00015088038818934644,0.0028902577792079905,0.0011909952922747825,-2.908784728048161e-5,-0.0003728669230681405,0.0012098433983326034,0.0018251556721723104,-5.5988057066108823e-5,0.0019013699488008853,-0.0003109045354505724,0.0017556879417803513,0.0010910091989306033,-0.00042604885226322174,-0.0002237048722681754,-4.471479762764434e-5,0.0005637305692506724,0.0005184265121250804,0.0002976095699380705,6.204961161137082e-5,0.0009428546680327765,-0.00022439655344210478,0.0011909952922747825,0.0071255568864290915,-0.00040456054713304903,-0.0006818936663426879,0.0017071187839599483,0.002240850079935062,-0.0008628646590254211,0.0014565669536778063,0.0005922598645722588,0.002094354322848207,0.0002605153126494796,0.0002834927931405987,1.7133432127361624e-5,-0.00019695486577171587,0.0009564149535048123,0.00041156930872405714,-0.0006044679979095434,-2.3040282085232996e-5,0.0005670600299870483,0.0006629656621790266,-2.908784728048161e-5,-0.00040456054713304903,0.0033674873111750213,-0.0002954632255198471,0.002215704424666273,0.0009140041631078297,0.001960666264766734,-0.0002456636993911646,8.967112197689743e-5,0.0007835162603655541,-0.00021848768895771218,-0.00035418240833899725,-0.00023660888153952326,2.096187784441755e-5,0.0006783784328470745,-0.00020489996421331163,0.0005295880336516466,0.00039177423813174214,0.0013735000611995384,0.0020012011864935417,-0.0003728669230681405,-0.0006818936663426879,-0.0002954632255198471,0.0046059731508081144,-0.0010693550504442613,0.0012283572966825301,0.000712108605201749,-0.0025331984912107816,-0.001378641385964282,-0.00048433910879033793,-0.0002775350706061267,0.00043184410593290066,-0.0006608722871454464,-6.28886949080846e-6,-0.0013946009432802256,-0.0005838093697123338,-0.0008650697213716963,8.170913533201733e-5,-0.000670616023075997,-0.00019797508353512958,0.0012098433983326034,0.0017071187839599483,0.002215704424666273,-0.0010693550504442613,0.010735271672015352,-0.00020891519973929428,0.006856701920824951,0.0035334459734675957,-0.0011146410792104472,0.0018943538448217782,0.0006203315754561541,-0.0002036672823474065,-0.0011841779016081534,0.0002734051759846787,0.002036528349506316,-0.00025167729613560953,0.0017822048528275962,0.00018801402386889755,0.005801015544606878,0.0034735177876259104,0.0018251556721723104,0.002240850079935062,0.0009140041631078297,0.0012283572966825301,-0.00020891519973929428,0.020241050575520343,0.0007870037227910723,-0.0015510722648169502,5.471925981368164e-5,0.0029973906856124973,-0.0003796929531055068,0.00039298331565993814,-0.0005652947205576084,-0.0006401605858658553,0.0017713804190817274,-0.0003226316706811636,-0.00014732866273917475,0.001271674791897864,0.0006095679929325489,0.0007408175372664208,-5.5988057066108823e-5,-0.0008628646590254211,0.001960666264766734,0.000712108605201749,0.006856701920824951,0.0007870037227910723,0.024511625549150203,0.004506457299815579,-0.0026351471914157496,-0.000970521981783514,6.374438859778318e-5,0.00022615410715038498,-0.0021551855769283744,-0.0007888848857925072,0.0023159985336256516,-0.0004965975421071156,0.003987442604917499,5.499991151241046e-5,-0.004016728695597695,-0.0006235856642847972,0.0019013699488008853,0.0014565669536778063,-0.0002456636993911646,-0.0025331984912107816,0.0035334459734675957,-0.0015510722648169502,0.004506457299815579,0.01930636807445995,7.055115359376756e-5,0.0003444016960370364,0.0012982618328306,-0.001834693804342884,0.0003963011846023064,0.0001969426727974367,0.0032704275327870955,-0.00027378331914609463,0.002668033752460795,-0.0011721750815391772,0.00028801478812991524,-0.0011606632569145304,-0.0003109045354505724,0.0005922598645722588,8.967112197689743e-5,-0.001378641385964282,-0.0011146410792104472,5.471925981368164e-5,-0.0026351471914157496,7.055115359376756e-5,0.00372016253439718,0.0002146011529793406,-0.00019859346278193972,0.0007751508885167398,0.0014865790556383295,6.0999269645830183e-5,0.00015709744826744598,0.00028701406153699033,-0.0008907025818656482,-5.889575440733835e-7,0.0021050969987326694,-0.0010848589880961463,0.0017556879417803513,0.002094354322848207,0.0007835162603655541,-0.00048433910879033793,0.0018943538448217782,0.0029973906856124973,-0.000970521981783514,0.0003444016960370364,0.0002146011529793406,0.008769161763741278,0.0007903290108280104,-0.0002127636908637438,0.000286145516880057,0.0004764387248533422,0.0007860938026073491,-0.0002472700671579858,0.0007020616865026285,0.0005174934225463371,-0.000509780486719891,-0.0001961920363648095,0.0010910091989306033,0.0002605153126494796,-0.00021848768895771218,-0.0002775350706061267,0.0006203315754561541,-0.0003796929531055068,6.374438859778318e-5,0.0012982618328306,-0.00019859346278193972,0.0007903290108280104,0.003361662892951749,-0.0003085551818427748,-0.000243840033092716,2.442037155182917e-5,0.0010184051038349099,8.48176405780872e-6,0.0005533533509696661,-0.00041695804854853963,-9.852135430298069e-5,0.0003297627051881952,-0.00042604885226322174,0.0002834927931405987,-0.00035418240833899725,0.00043184410593290066,-0.0002036672823474065,0.00039298331565993814,0.00022615410715038498,-0.001834693804342884,0.0007751508885167398,-0.0002127636908637438,-0.0003085551818427748,0.007569100733352315,0.000305272708078638,-6.939934573802952e-5,-0.00045266131238379356,0.0001894513757898202,0.0010754234137264301,-0.00011085967629765776,-0.0005459484373947514,-0.0011884431251492052,-0.0002237048722681754,1.7133432127361624e-5,-0.00023660888153952326,-0.0006608722871454464,-0.0011841779016081534,-0.0005652947205576084,-0.0021551855769283744,0.0003963011846023064,0.0014865790556383295,0.000286145516880057,-0.000243840033092716,0.000305272708078638,0.0048144697551977065,0.00016972005812166034,0.0005794705560693068,0.00018249985724369473,-0.000977281183777188,0.0002269041039390408,0.00034717861393405785,0.0002996830617037216,-4.471479762764434e-5,-0.00019695486577171587,2.096187784441755e-5,-6.28886949080846e-6,0.0002734051759846787,-0.0006401605858658553,-0.0007888848857925072,0.0001969426727974367,6.0999269645830183e-5,0.0004764387248533422,2.442037155182917e-5,-6.939934573802952e-5,0.00016972005812166034,0.003074473319100423,-0.0003101429580278644,-0.0007943026621741651,-0.001061289632430892,6.421473571141664e-5,-0.0009225821927431396,0.0006447518562328943,0.0005637305692506724,0.0009564149535048123,0.0006783784328470745,-0.0013946009432802256,0.002036528349506316,0.0017713804190817274,0.0023159985336256516,0.0032704275327870955,0.00015709744826744598,0.0007860938026073491,0.0010184051038349099,-0.00045266131238379356,0.0005794705560693068,-0.0003101429580278644,0.01512004953832362,-0.0011498058144766982,0.0006274049100718996,0.00037438008036800826,0.0007020988162340269,-0.002608252286444006,0.0005184265121250804,0.00041156930872405714,-0.00020489996421331163,-0.0005838093697123338,-0.00025167729613560953,-0.0003226316706811636,-0.0004965975421071156,-0.00027378331914609463,0.00028701406153699033,-0.0002472700671579858,8.48176405780872e-6,0.0001894513757898202,0.00018249985724369473,-0.0007943026621741651,-0.0011498058144766982,0.0050691235122302895,0.000891294438071752,-0.0002005691812927627,-0.0005794903153846662,-0.0009875573041521909,0.0002976095699380705,-0.0006044679979095434,0.0005295880336516466,-0.0008650697213716963,0.0017822048528275962,-0.00014732866273917475,0.003987442604917499,0.002668033752460795,-0.0008907025818656482,0.0007020616865026285,0.0005533533509696661,0.0010754234137264301,-0.000977281183777188,-0.001061289632430892,0.0006274049100718996,0.000891294438071752,0.008504611979919198,-3.607891540418468e-5,0.000800645350867021,0.0003546118580283878,6.204961161137082e-5,-2.3040282085232996e-5,0.00039177423813174214,8.170913533201733e-5,0.00018801402386889755,0.001271674791897864,5.499991151241046e-5,-0.0011721750815391772,-5.889575440733835e-7,0.0005174934225463371,-0.00041695804854853963,-0.00011085967629765776,0.0002269041039390408,6.421473571141664e-5,0.00037438008036800826,-0.0002005691812927627,-3.607891540418468e-5,0.0017045031690788818
