0.005062391508541605,-0.0013915304286458308,-0.0015804754287012698,-0.0018876684898838894,-0.0004237693906877454,0.00094191651132782,0.0014031389239156315,-0.0011271626074153109,-0.001963904121002258,0.001769170301915389,0.0010474286168976684,-0.0016720429850681806,0.00037113348090211674,-0.0028630046824248516,-0.00024405121599348908,0.002307462465430952,0.0016493448666833471,0.0005328725871491134,0.001363299596605212,-0.0005567629202994811,-0.0013915304286458308,0.003890038012350326,0.0003466220779154225,0.0020740090442066387,-0.0004657876811229025,0.0006623868168602298,0.001348958443137662,0.0007263203588811985,-0.0002914024804147648,0.0014002585068756197,-0.0010407027422790044,0.0013934267197549725,0.002671508140710781,0.0017423419247477394,-0.0005386129521086102,0.0010269594668569535,0.00041853216346227854,-0.0019339284844031755,-0.0014090709695887685,0.0018404544321273422,-0.0015804754287012698,0.0003466220779154225,0.002439546474477839,-0.0005740698699874837,0.0002925134807888291,0.00037213045088130026,0.0006790766123473925,0.000858401342418403,0.0012027942023331156,0.00038107969245057365,0.0005687482516704171,0.0005351352790584087,0.00040586928376146495,0.0019088724237189608,0.00013565724934499546,-0.0009591850266236755,0.0010336013181264573,-0.00032747524572734616,-0.0010660507697229803,0.00010866268238116522,-0.0018876684898838894,0.0020740090442066387,-0.0005740698699874837,0.012323207352840707,-0.002752739482792703,0.001407837372991554,-0.0008647803606470322,-0.00032263665186535787,0.00021502934792181624,-0.0010214599196355111,-0.002566427567380668,-2.255717458201777e-5,0.0017652812051803287,-0.0027588582250823003,-0.00022962495592658355,-0.0009985042208740125,-0.0020738246196545154,-0.0034671667465021915,0.0006205519073312451,0.0011061417212601169,-0.0004237693906877454,-0.0004657876811229025,0.0002925134807888291,-0.002752739482792703,0.004294538653517549,-0.0011115989670238218,-0.001922436251213851,-0.0005345067845976233,0.003131615889504859,-0.002641250441710605,0.0024411363049745604,0.00041845615276330265,0.0023175470305859622,0.0010133613732001448,0.00024455089268088175,-0.001220327167705144,0.000756594274499948,0.0005869236921023588,-0.0026318369706334974,-0.00019091547247727011,0.00094191651132782,0.0006623868168602298,0.00037213045088130026,0.001407837372991554,-0.0011115989670238218,0.0025076280465842113,0.0008436324919068195,-0.0009334458034001021,-0.0008553533869243744,0.0011756679010585021,0.00024062705658758053,0.00046202575595230826,0.0004451755995930878,0.00035288081069400994,-0.0010157262714637818,0.0017812092095139402,0.0005570987727675349,-0.001112582806644872,-0.0009003158117223522,-0.0007106979076180546,0.0014031389239156315,0.001348958443137662,0.0006790766123473925,-0.0008647803606470322,-0.001922436251213851,0.0008436324919068195,0.004944911623958145,0.0016012619068348365,-0.002360835818659088,0.004293294207518315,-0.0008084954275248057,4.997861157228674e-5,0.001957792446368984,-0.0009185294118974102,-0.0007446377428297232,0.0018590425126732016,0.0012092273505021215,0.00012600518627342572,0.0021583062730306662,0.0013781926730481342,-0.0011271626074153109,0.0007263203588811985,0.000858401342418403,-0.00032263665186535787,-0.0005345067845976233,-0.0009334458034001021,0.0016012619068348365,0.0024949023598561694,0.0007705586007669852,0.00233145805761363,-0.0003986821605832358,0.0009564294919522426,0.0018422263989242979,0.0013976189445027783,0.0008058367612704584,-4.322224862954305e-5,0.00011364564783169129,-8.650656095473595e-5,0.0018154558972897378,0.0009500103822721895,-0.001963904121002258,-0.0002914024804147648,0.0012027942023331156,0.00021502934792181624,0.003131615889504859,-0.0008553533869243744,-0.002360835818659088,0.0007705586007669852,0.005714162337503054,-0.0018802982083040445,0.002354048179055244,0.0018941972252688847,0.004089479893893854,0.0025245921907679136,0.0011767393260092448,-0.001617569668451069,4.527933329314727e-5,-0.0003929194946074488,-0.0014616502143919342,-0.0005613211192638015,0.001769170301915389,0.0014002585068756197,0.00038107969245057365,-0.0010214599196355111,-0.002641250441710605,0.0011756679010585021,0.004293294207518315,0.00233145805761363,-0.0018802982083040445,0.008892182182051211,0.0009267798640135072,0.0008075978887358207,0.00377846870263831,0.0030261466483255425,0.001029539211986523,0.005114760546833177,0.0019058925682629328,-0.0019120505716004126,0.0027701987947235827,-8.988917851652996e-5,0.0010474286168976684,-0.0010407027422790044,0.0005687482516704171,-0.002566427567380668,0.0024411363049745604,0.00024062705658758053,-0.0008084954275248057,-0.0003986821605832358,0.002354048179055244,0.0009267798640135072,0.0041761887755530445,2.304904289854629e-5,0.0031336029333331227,0.0018233925318428676,0.0002236252056078,0.0017960945689406112,0.0006646470737681625,-0.0007608242487053979,-0.002533518685189266,-0.0017857350262022007,-0.0016720429850681806,0.0013934267197549725,0.0005351352790584087,-2.255717458201777e-5,0.00041845615276330265,0.00046202575595230826,4.997861157228674e-5,0.0009564294919522426,0.0018941972252688847,0.0008075978887358207,2.304904289854629e-5,0.0036870640680750242,0.0021951887169809423,0.0030460064501790455,6.530437961133709e-5,0.0006890191710314776,-0.0005191248517605446,-7.466524041045415e-5,0.00020171687748318928,-8.374628778457183e-6,0.00037113348090211674,0.002671508140710781,0.00040586928376146495,0.0017652812051803287,0.0023175470305859622,0.0004451755995930878,0.001957792446368984,0.0018422263989242979,0.004089479893893854,0.00377846870263831,0.0031336029333331227,0.0021951887169809423,0.011228294190500043,0.0022361783804474384,0.0006675974001387932,0.0030723567591124552,0.001315437400848894,-0.002492296078981191,-0.0007357621598197059,0.0009242308779296625,-0.0028630046824248516,0.0017423419247477394,0.0019088724237189608,-0.0027588582250823003,0.0010133613732001448,0.00035288081069400994,-0.0009185294118974102,0.0013976189445027783,0.0025245921907679136,0.0030261466483255425,0.0018233925318428676,0.0030460064501790455,0.0022361783804474384,0.008110686149146557,0.0013121307945828348,0.0020514374919142,0.0011102415138800228,-0.0017313798025924794,-0.0021394985784677434,-0.0010526102847035605,-0.00024405121599348908,-0.0005386129521086102,0.00013565724934499546,-0.00022962495592658355,0.00024455089268088175,-0.0010157262714637818,-0.0007446377428297232,0.0008058367612704584,0.0011767393260092448,0.001029539211986523,0.0002236252056078,6.530437961133709e-5,0.0006675974001387932,0.0013121307945828348,0.002145252872102071,-0.0005653130621042499,0.0011223349655018159,-9.050405949548106e-5,0.0015152786601794117,1.0839438544706411e-5,0.002307462465430952,0.0010269594668569535,-0.0009591850266236755,-0.0009985042208740125,-0.001220327167705144,0.0017812092095139402,0.0018590425126732016,-4.322224862954305e-5,-0.001617569668451069,0.005114760546833177,0.0017960945689406112,0.0006890191710314776,0.0030723567591124552,0.0020514374919142,-0.0005653130621042499,0.005811129481670034,0.00013647591347107357,-0.00178539446170061,-0.00024450898358589334,-0.001367739521563988,0.0016493448666833471,0.00041853216346227854,0.0010336013181264573,-0.0020738246196545154,0.000756594274499948,0.0005570987727675349,0.0012092273505021215,0.00011364564783169129,4.527933329314727e-5,0.0019058925682629328,0.0006646470737681625,-0.0005191248517605446,0.001315437400848894,0.0011102415138800228,0.0011223349655018159,0.00013647591347107357,0.004054359515951689,-0.00027075655829437257,0.00013230352159568102,0.0006991212400091131,0.0005328725871491134,-0.0019339284844031755,-0.00032747524572734616,-0.0034671667465021915,0.0005869236921023588,-0.001112582806644872,0.00012600518627342572,-8.650656095473595e-5,-0.0003929194946074488,-0.0019120505716004126,-0.0007608242487053979,-7.466524041045415e-5,-0.002492296078981191,-0.0017313798025924794,-9.050405949548106e-5,-0.00178539446170061,-0.00027075655829437257,0.0032008482379084074,0.0017889406845661986,7.080155200868602e-6,0.001363299596605212,-0.0014090709695887685,-0.0010660507697229803,0.0006205519073312451,-0.0026318369706334974,-0.0009003158117223522,0.0021583062730306662,0.0018154558972897378,-0.0014616502143919342,0.0027701987947235827,-0.002533518685189266,0.00020171687748318928,-0.0007357621598197059,-0.0021394985784677434,0.0015152786601794117,-0.00024450898358589334,0.00013230352159568102,0.0017889406845661986,0.006846433883337309,0.000677361970387624,-0.0005567629202994811,0.0018404544321273422,0.00010866268238116522,0.0011061417212601169,-0.00019091547247727011,-0.0007106979076180546,0.0013781926730481342,0.0009500103822721895,-0.0005613211192638015,-8.988917851652996e-5,-0.0017857350262022007,-8.374628778457183e-6,0.0009242308779296625,-0.0010526102847035605,1.0839438544706411e-5,-0.001367739521563988,0.0006991212400091131,7.080155200868602e-6,0.000677361970387624,0.002564605374648018
0.007274496599341146,0.004509523817669208,0.00030638388001759376,0.002525395723321485,0.0009611829860292671,0.002063752668102082,0.000631016517783567,0.002823654748473489,-0.00227562368005232,0.0030525256411157997,-0.002427250561519795,0.0017142099254437598,0.00546045160888258,-0.0011346013079858862,0.0010479408552277543,0.00036667105992060835,0.000206379007710815,0.0041799605322144235,-0.0013913395837856293,-0.0010635277323279204,0.004509523817669208,0.009170608393781626,-2.0144739888537742e-5,0.0030765223220209177,0.0006993822277978529,0.002868616396431066,0.0031077191290087717,0.0011798452087959067,-0.007195592167008553,-0.001554607925527897,-0.0003568469844860611,-2.0967258074415046e-5,0.003850297850405273,0.0013299872287010936,0.0021876712521838354,0.0004991184613837565,-0.001374263795360062,0.002611602041752093,-0.0015797717824622345,0.0013150288124332862,0.00030638388001759376,-2.0144739888537742e-5,0.0028138029534094597,-0.00021687349482048474,0.00033559547306666175,0.0005117325210326617,-0.0015442493804868787,0.00017043748936796245,0.000739650688970728,0.0020498262176535456,0.0004349549539215105,-0.0004849711011674097,0.00021212046897494102,0.00026567994482765866,0.0002599229206281077,-0.00019161464903305812,0.0007224211831957233,0.00034423143804244706,0.0005675590619179309,0.0006998384056952343,0.002525395723321485,0.0030765223220209177,-0.00021687349482048474,0.00338680142069069,-0.0003993169254082575,0.001287404093585156,0.0008720961899580269,0.0015020164293952408,-0.0028137995095645057,0.0006105080068120781,-0.0010141493141701914,6.00606856657204e-5,0.0019409008176534909,-0.0008794894416043049,0.0017946695178235475,-0.0010617277738232153,9.550245685216457e-5,0.003092545352746656,-0.0031432487539620694,0.0009778503774137475,0.0009611829860292671,0.0006993822277978529,0.00033559547306666175,-0.0003993169254082575,0.006443046042516072,0.002316768957532251,-0.0033820405072679284,0.002090446651907027,-0.0027871535388589107,0.0011211578300682223,0.0009009004828265307,0.0031404868867702584,0.003397025699610605,-0.002076347055257437,-0.002052165036883092,0.001987146535059863,-0.001723497340501376,-0.00478278976445797,0.004676444271032176,0.0009400832056934513,0.002063752668102082,0.002868616396431066,0.0005117325210326617,0.001287404093585156,0.002316768957532251,0.004176243778052441,-0.0008555133862296952,0.002121058297099408,-0.005329443495517127,1.7530231087146566e-5,0.0018854319670658125,0.0012891720500819034,0.002595255567807414,0.001434576400357847,0.0013574564482449517,0.0007239449656336682,-0.0007566682084238305,-0.0015067955537329098,0.0015413617932360682,0.0008088989839007039,0.000631016517783567,0.0031077191290087717,-0.0015442493804868787,0.0008720961899580269,-0.0033820405072679284,-0.0008555133862296952,0.005586504689514884,-0.0015582240044444279,-0.0014853145094109398,-0.003025111103488138,-0.001348691753365299,-0.0010276136812997088,-0.001493949937503283,0.002314504893460725,0.002589009029329346,-0.0006313129087874452,-0.000226810461489414,0.0024021043399336693,-0.003810778856012728,-0.0002247934399747761,0.002823654748473489,0.0011798452087959067,0.00017043748936796245,0.0015020164293952408,0.002090446651907027,0.002121058297099408,-0.0015582240044444279,0.004571283899700834,-0.003601149395377485,0.001529592639524375,0.0006771419184965988,0.0012394058725232792,0.0013349687796505416,-0.0005147160895134995,0.00036688539583575996,0.00015732417455102085,0.0014115931835276278,0.0004922763198463033,-0.0013564854702876297,4.118902120019721e-5,-0.00227562368005232,-0.007195592167008553,0.000739650688970728,-0.0028137995095645057,-0.0027871535388589107,-0.005329443495517127,-0.0014853145094109398,-0.003601149395377485,0.011562831657737357,0.0035147068663577705,-0.00359052437805747,-0.000559071617203098,-0.0020908921149096326,-0.0030513998733421943,-0.002709030715022199,-0.00045306319680724213,0.0013469685439615295,0.0019088885152361292,0.00018931384108318073,-0.0024002814206459827,0.0030525256411157997,-0.001554607925527897,0.0020498262176535456,0.0006105080068120781,0.0011211578300682223,1.7530231087146566e-5,-0.003025111103488138,0.001529592639524375,0.0035147068663577705,0.005763392828476584,-0.0022894932964571267,0.0014852260321310206,0.0019772387720393757,-0.003122433941766708,-0.0005707832581369047,-5.424918816056429e-5,0.0015332958059363075,0.002621528206917822,-0.0005193569420147737,-0.0007295325892070746,-0.002427250561519795,-0.0003568469844860611,0.0004349549539215105,-0.0010141493141701914,0.0009009004828265307,0.0018854319670658125,-0.001348691753365299,0.0006771419184965988,-0.00359052437805747,-0.0022894932964571267,0.005373757258430105,-0.0013821886985534624,-0.0011866901845560933,0.0029903927778032226,-0.0003001926944588028,-0.0003205270534560609,-0.00032935257472908235,-0.0035954506904268325,0.0034387201483046218,0.0009586069892424211,0.0017142099254437598,-2.0967258074415046e-5,-0.0004849711011674097,6.00606856657204e-5,0.0031404868867702584,0.0012891720500819034,-0.0010276136812997088,0.0012394058725232792,-0.000559071617203098,0.0014852260321310206,-0.0013821886985534624,0.0037846913673236227,0.0016647386647634349,-0.002150793297513405,0.00031551818575068386,0.0012319407034876552,-0.000914166332942273,-0.0017616715224726951,0.0007422908894035836,-0.00018338615038631496,0.00546045160888258,0.003850297850405273,0.00021212046897494102,0.0019409008176534909,0.003397025699610605,0.002595255567807414,-0.001493949937503283,0.0013349687796505416,-0.0020908921149096326,0.0019772387720393757,-0.0011866901845560933,0.0016647386647634349,0.009969910460744885,-0.0017798782677971312,-0.0022583707532411825,0.0016033877038848122,-0.0024846884215691785,0.00032108943381134003,0.004802749378454048,-0.0008821693998584362,-0.0011346013079858862,0.0013299872287010936,0.00026567994482765866,-0.0008794894416043049,-0.002076347055257437,0.001434576400357847,0.002314504893460725,-0.0005147160895134995,-0.0030513998733421943,-0.003122433941766708,0.0029903927778032226,-0.002150793297513405,-0.0017798782677971312,0.005464343821810213,0.0014312693676986057,-4.5341893671303136e-5,0.0003897407467233963,-0.001028631346808119,0.0006637845433106681,-0.00016420184595230462,0.0010479408552277543,0.0021876712521838354,0.0002599229206281077,0.0017946695178235475,-0.002052165036883092,0.0013574564482449517,0.002589009029329346,0.00036688539583575996,-0.002709030715022199,-0.0005707832581369047,-0.0003001926944588028,0.00031551818575068386,-0.0022583707532411825,0.0014312693676986057,0.0045743678496392185,-0.0013033805465782838,0.0005660638255296432,0.002187827859677206,-0.004681799696113794,0.001128001228378849,0.00036667105992060835,0.0004991184613837565,-0.00019161464903305812,-0.0010617277738232153,0.001987146535059863,0.0007239449656336682,-0.0006313129087874452,0.00015732417455102085,-0.00045306319680724213,-5.424918816056429e-5,-0.0003205270534560609,0.0012319407034876552,0.0016033877038848122,-4.5341893671303136e-5,-0.0013033805465782838,0.0021299773238839434,-0.0005866710646289382,-0.0021431140755905544,0.002381172091292208,-0.0007494884951565273,0.000206379007710815,-0.001374263795360062,0.0007224211831957233,9.550245685216457e-5,-0.001723497340501376,-0.0007566682084238305,-0.000226810461489414,0.0014115931835276278,0.0013469685439615295,0.0015332958059363075,-0.00032935257472908235,-0.000914166332942273,-0.0024846884215691785,0.0003897407467233963,0.0005660638255296432,-0.0005866710646289382,0.002877894115852878,0.002345120867983173,-0.0031014628914513764,-0.0006440309785248081,0.0041799605322144235,0.002611602041752093,0.00034423143804244706,0.003092545352746656,-0.00478278976445797,-0.0015067955537329098,0.0024021043399336693,0.0004922763198463033,0.0019088885152361292,0.002621528206917822,-0.0035954506904268325,-0.0017616715224726951,0.00032108943381134003,-0.001028631346808119,0.002187827859677206,-0.0021431140755905544,0.002345120867983173,0.009095256604838231,-0.006912349333119705,-0.0009638450232887252,-0.0013913395837856293,-0.0015797717824622345,0.0005675590619179309,-0.0031432487539620694,0.004676444271032176,0.0015413617932360682,-0.003810778856012728,-0.0013564854702876297,0.00018931384108318073,-0.0005193569420147737,0.0034387201483046218,0.0007422908894035836,0.004802749378454048,0.0006637845433106681,-0.004681799696113794,0.002381172091292208,-0.0031014628914513764,-0.006912349333119705,0.010945296815226793,-0.0006018861616273873,-0.0010635277323279204,0.0013150288124332862,0.0006998384056952343,0.0009778503774137475,0.0009400832056934513,0.0008088989839007039,-0.0002247934399747761,4.118902120019721e-5,-0.0024002814206459827,-0.0007295325892070746,0.0009586069892424211,-0.00018338615038631496,-0.0008821693998584362,-0.00016420184595230462,0.001128001228378849,-0.0007494884951565273,-0.0006440309785248081,-0.0009638450232887252,-0.0006018861616273873,0.0024917146056494433
