0.027365550683476084,0.005156916795108555,0.0013529568587888814,-0.0010666362292057097,0.0020015032410418583,0.0007406493173480644,-0.0007401014844666469,0.00023297831210081959,-0.00018226988698841423,0.0004334252479483115,0.0018410080378697701,1.0253345967478622e-6,-0.0024008216997326586,0.0030043022219751196,6.819508920727162e-5,9.185708563265243e-5,0.004482001956148604,-0.006316611309738656,0.002657178150388522,2.1588012899543315e-5,0.005156916795108555,0.04521859200916402,0.0009482717140670348,-0.0008829697443488273,0.005345566064958486,0.009945404806541859,0.009260878613749269,-0.0025366841195217007,0.0026095459441089703,-0.003329957051853111,-0.005011815455160828,-0.003767064590447613,0.004948241809373269,-0.0002925297859503439,-7.402001286016492e-5,0.0035200744088918073,0.0018100706250481064,0.0005542935422712973,0.000635740996921515,0.004784051486570344,0.0013529568587888814,0.0009482717140670348,0.0039495491884428535,0.0009246593594811818,-0.0005392912352787174,0.00029859868391857256,-0.0009552709723250272,0.002150145876543126,-0.0003206450118215687,-0.001746880626906689,0.00012216141752475004,0.0014190995666674392,0.005242734051515794,0.0016259556700653978,-0.0013073091694029927,0.0004934224474011191,0.0021692903041184044,-0.00017421121417058672,-0.0004659618903419603,-0.0001284881087883859,-0.0010666362292057097,-0.0008829697443488273,0.0009246593594811818,0.004922653349903654,-0.0005015384800324445,-9.601601874486534e-5,-0.0003398121614332936,0.0009786692883490737,-5.081371720715573e-5,-0.0011281232779920517,-0.0010911611441554647,0.0013633028855870616,0.0017594609305355534,0.001152825460321938,-0.000647382614094016,-0.00020043117424487959,0.0026808720903909187,0.00385213890268152,0.00026559660871173233,0.0012523847762177971,0.0020015032410418583,0.005345566064958486,-0.0005392912352787174,-0.0005015384800324445,0.002970304486764175,0.0030148293232703186,0.002458573393142425,-0.00030475840609382493,0.0007701873213907095,-0.000359779784476763,0.0013896040737037814,-0.0011320515090236022,-0.0007477673475408637,-0.0001746199149615701,0.0011329002728395427,0.0010196320966079538,-0.00038749634135201705,-0.001732281265693253,0.00011595650299338095,0.0004318642356379487,0.0007406493173480644,0.009945404806541859,0.00029859868391857256,-9.601601874486534e-5,0.0030148293232703186,0.011853194896104747,0.004384981463573865,0.0007553890386792889,0.0018707238257744472,0.00013089660842976225,0.00242273359632402,-0.001676465490078347,0.002284573622918998,-7.343275187532742e-6,-0.0019143988291186575,0.003224581948790209,0.0013766821564364972,0.003141542542553221,0.0019899365262022683,0.0018860080428885098,-0.0007401014844666469,0.009260878613749269,-0.0009552709723250272,-0.0003398121614332936,0.002458573393142425,0.004384981463573865,0.010007846901138475,-0.0009835543945155,0.0014084456974434562,-0.00155090799450855,0.0021693398502970283,0.0002550381143092365,-0.0011926314369436178,-0.0013076578114788503,0.001124885918596803,0.0021280419950448154,-0.0008144606610676837,-0.00032532478049018343,0.0012087588687343372,0.0017098799084901413,0.00023297831210081959,-0.0025366841195217007,0.002150145876543126,0.0009786692883490737,-0.00030475840609382493,0.0007553890386792889,-0.0009835543945155,0.005012911555879323,-0.00012376753594471048,-0.001412598050614361,0.0017679144085416655,0.0011926522317602076,0.005000841203659663,0.0011108798520198897,-0.0011938893439707558,0.0005164534343579932,0.0023507657717266347,0.0037682800295217823,3.8674245697649905e-5,-8.149867240948135e-6,-0.00018226988698841423,0.0026095459441089703,-0.0003206450118215687,-5.081371720715573e-5,0.0007701873213907095,0.0018707238257744472,0.0014084456974434562,-0.00012376753594471048,0.0020703163184269454,6.75123989358002e-5,0.0019039989217642464,-0.0003672999071683571,-0.0006073033420503721,-0.00026085685323108627,-0.0002934336386419108,0.00021860694346117826,0.00020178697919909133,0.0006047208732749276,0.0015405639084966477,0.0003717539737818847,0.0004334252479483115,-0.003329957051853111,-0.001746880626906689,-0.0011281232779920517,-0.000359779784476763,0.00013089660842976225,-0.00155090799450855,-0.001412598050614361,6.75123989358002e-5,0.012379710754573633,-0.001001609884312694,-0.0010464013046711552,-0.004563236814646137,-0.0011614873122136955,0.0032059842217059048,-5.307559798558968e-5,-0.0025039586590307594,0.003411999808764473,0.0014501615251459189,-0.0011074331675746047,0.0018410080378697701,-0.005011815455160828,0.00012216141752475004,-0.0010911611441554647,0.0013896040737037814,0.00242273359632402,0.0021693398502970283,0.0017679144085416655,0.0019039989217642464,-0.001001609884312694,0.032491890493495476,8.30186106212732e-5,0.003606038576915352,0.003316025845236387,-3.373431272855762e-5,0.001738056774152247,-0.0015182922787068892,-0.0011988005216281741,0.00488969135801573,-0.0025854234654325804,1.0253345967478622e-6,-0.003767064590447613,0.0014190995666674392,0.0013633028855870616,-0.0011320515090236022,-0.001676465490078347,0.0002550381143092365,0.0011926522317602076,-0.0003672999071683571,-0.0010464013046711552,8.30186106212732e-5,0.006420951396991523,-0.0016337092565592232,0.0005727564828681263,5.5401145892024414e-5,-0.0005953357466008335,0.001232878693213244,0.003073188675535082,0.0007301624767457851,0.0007965355727959596,-0.0024008216997326586,0.004948241809373269,0.005242734051515794,0.0017594609305355534,-0.0007477673475408637,0.002284573622918998,-0.0011926314369436178,0.005000841203659663,-0.0006073033420503721,-0.004563236814646137,0.003606038576915352,-0.0016337092565592232,0.03490847228619823,0.0034226352231925138,-0.003747122071381064,0.0031618471866733115,0.005591220508942148,0.003671841994995811,0.00014892612265218807,0.0006724613118355542,0.0030043022219751196,-0.0002925297859503439,0.0016259556700653978,0.001152825460321938,-0.0001746199149615701,-7.343275187532742e-6,-0.0013076578114788503,0.0011108798520198897,-0.00026085685323108627,-0.0011614873122136955,0.003316025845236387,0.0005727564828681263,0.0034226352231925138,0.005933009107390421,-0.0018678237269477422,-0.0001546487417429341,0.002862600993690537,0.0009016030724397618,0.0001697004361647032,-8.991265425119385e-5,6.819508920727162e-5,-7.402001286016492e-5,-0.0013073091694029927,-0.000647382614094016,0.0011329002728395427,-0.0019143988291186575,0.001124885918596803,-0.0011938893439707558,-0.0002934336386419108,0.0032059842217059048,-3.373431272855762e-5,5.5401145892024414e-5,-0.003747122071381064,-0.0018678237269477422,0.019309283370378377,0.00024836044464755206,-0.0046747008734066816,0.0015584308460090501,-0.0014335398868266114,0.001386056986452356,9.185708563265243e-5,0.0035200744088918073,0.0004934224474011191,-0.00020043117424487959,0.0010196320966079538,0.003224581948790209,0.0021280419950448154,0.0005164534343579932,0.00021860694346117826,-5.307559798558968e-5,0.001738056774152247,-0.0005953357466008335,0.0031618471866733115,-0.0001546487417429341,0.00024836044464755206,0.0038481031552470408,0.00036078458737308426,0.0025795540233713625,0.0006901028860273079,0.0004624334675615627,0.004482001956148604,0.0018100706250481064,0.0021692903041184044,0.0026808720903909187,-0.00038749634135201705,0.0013766821564364972,-0.0008144606610676837,0.0023507657717266347,0.00020178697919909133,-0.0025039586590307594,-0.0015182922787068892,0.001232878693213244,0.005591220508942148,0.002862600993690537,-0.0046747008734066816,0.00036078458737308426,0.009829742864075803,0.005093830186263866,0.002051232573880351,0.0014303396718245071,-0.006316611309738656,0.0005542935422712973,-0.00017421121417058672,0.00385213890268152,-0.001732281265693253,0.003141542542553221,-0.00032532478049018343,0.0037682800295217823,0.0006047208732749276,0.003411999808764473,-0.0011988005216281741,0.003073188675535082,0.003671841994995811,0.0009016030724397618,0.0015584308460090501,0.0025795540233713625,0.005093830186263866,0.04326076494733898,0.003983274591147167,0.004180020831498285,0.002657178150388522,0.000635740996921515,-0.0004659618903419603,0.00026559660871173233,0.00011595650299338095,0.0019899365262022683,0.0012087588687343372,3.8674245697649905e-5,0.0015405639084966477,0.0014501615251459189,0.00488969135801573,0.0007301624767457851,0.00014892612265218807,0.0001697004361647032,-0.0014335398868266114,0.0006901028860273079,0.002051232573880351,0.003983274591147167,0.008679492390080569,0.0009565532855741053,2.1588012899543315e-5,0.004784051486570344,-0.0001284881087883859,0.0012523847762177971,0.0004318642356379487,0.0018860080428885098,0.0017098799084901413,-8.149867240948135e-6,0.0003717539737818847,-0.0011074331675746047,-0.0025854234654325804,0.0007965355727959596,0.0006724613118355542,-8.991265425119385e-5,0.001386056986452356,0.0004624334675615627,0.0014303396718245071,0.004180020831498285,0.0009565532855741053,0.0036173788860413055
0.029392995503134144,0.005815820427615657,0.0008169849290459124,0.0012374215778732838,-0.001079805072356894,0.003798690975183484,0.007849941642098304,0.003576394756011351,0.0030000315055578467,0.00322370242129668,0.0050175533250713215,0.0025322227737029296,0.011458079694562986,-0.0009751536971345331,-0.0030293606269339362,-0.0020016377290515575,-0.0027570315924536036,0.003953790325612987,-0.00047785527021705046,-0.0030615364899360346,0.005815820427615657,0.03081055379246634,-0.000536978208026027,0.0004506129765166687,-0.0006333284325695989,0.005297208596501529,0.0023310465621745246,0.0020596740891872254,0.0006175383738315815,0.0004675133173940582,0.0010026022074064375,0.0021294064494104797,0.0063814105703378105,0.001560359270784384,-0.0010798670133586256,-0.0016525437504044758,0.0027353233614584673,0.001189402170466648,-0.0017074620825051651,-0.004653451854183776,0.0008169849290459124,-0.000536978208026027,0.002813344695334031,-0.0002447535195141589,-0.0002790504807925042,-0.00011826659099604611,0.0019224455366113986,0.0010771316317677664,-0.0006009859380502827,0.0017014218713735578,0.002528076641281356,-3.123877156849647e-5,0.0001811133659398383,0.0005660429533755785,-0.0009074895614796443,-0.0005667592479810184,-0.0007782623740063644,-0.0009644166543784692,-0.00028791553792084667,0.0008655957379386856,0.0012374215778732838,0.0004506129765166687,-0.0002447535195141589,0.00572009807292389,0.0003431225634523903,0.0011223885162987097,0.0011764192958919413,0.0010645891338407765,-0.00036105847049674707,-0.00014398729878272538,0.003520366260108241,-0.00014819263705342532,-0.001060272279623036,0.0008493443520817432,-0.00037519256393528724,0.0009758300642365954,-0.0003463403600281398,-0.0007302958235385017,-0.0010794660338719468,0.0004668436801048435,-0.001079805072356894,-0.0006333284325695989,-0.0002790504807925042,0.0003431225634523903,0.0023383172721695277,-0.0010530871333604254,-0.0007745790083702,0.0005481481706154714,0.0008161764383977778,0.00019087527507447954,-0.0021890813320288582,0.00024073678918899288,5.225106910348843e-5,0.0006089192117809313,0.0013588285892429596,0.0007592253161230321,0.0005405912228244368,0.0002834201823459359,0.0006641592107665652,0.0005466159896630044,0.003798690975183484,0.005297208596501529,-0.00011826659099604611,0.0011223885162987097,-0.0010530871333604254,0.010766120731917777,0.00011013691882261634,-0.0009506192167652708,-0.0009095100417148701,-0.0010093125130372544,0.003670832516446963,0.001189515853503739,0.0038660203016392504,0.0026767470100824606,0.0003610158749832059,-0.0004398373708442181,0.001639641145752002,0.0029296357965781857,-6.076019490956815e-5,-0.002132772269062064,0.007849941642098304,0.0023310465621745246,0.0019224455366113986,0.0011764192958919413,-0.0007745790083702,0.00011013691882261634,0.013348171728954784,0.004427414042440344,0.0012002413481070843,0.005956036236095568,0.006115487135053102,0.0006674398036004303,0.004476738172895562,-0.000647249785465565,-0.002176574150680971,-0.001791276245145288,-0.0010190673945563887,-0.00462410275013933,-0.002669762826497594,0.0003761577801032743,0.003576394756011351,0.0020596740891872254,0.0010771316317677664,0.0010645891338407765,0.0005481481706154714,-0.0009506192167652708,0.004427414042440344,0.006060641982490636,0.0008703786219827899,0.0024918078112643504,0.0019757374309239415,0.0013615388890508302,0.0021989078545291887,-2.3036549249861617e-5,-0.0026047118539351947,-0.0010248868883333702,-0.00010211299831522149,-0.004541390734828517,-0.0014182629324171994,0.0008139699764309502,0.0030000315055578467,0.0006175383738315815,-0.0006009859380502827,-0.00036105847049674707,0.0008161764383977778,-0.0009095100417148701,0.0012002413481070843,0.0008703786219827899,0.0035322133359107746,0.0008068982778176095,-0.0031880583949455035,0.0009327169370371206,0.004212386438074003,-0.00010064204698677977,0.0020724689771115853,0.0003846948931054854,-0.0004660184492935118,-0.000259065032315783,0.0011381448006415038,-0.0003642520723870198,0.00322370242129668,0.0004675133173940582,0.0017014218713735578,-0.00014398729878272538,0.00019087527507447954,-0.0010093125130372544,0.005956036236095568,0.0024918078112643504,0.0008068982778176095,0.011278359707635613,-0.0004139763744574834,0.0015906098313595994,0.0022898334124090546,0.00044136790126797395,-0.0015244341970475973,-0.0008693629166759277,-0.00024910371742337015,-0.003295279104020443,-0.0012950821845652608,0.000762913116461649,0.0050175533250713215,0.0010026022074064375,0.002528076641281356,0.003520366260108241,-0.0021890813320288582,0.003670832516446963,0.006115487135053102,0.0019757374309239415,-0.0031880583949455035,-0.0004139763744574834,0.028217084400257032,-0.000977814744151138,-0.0005383596502633401,-0.00032304913531616144,-0.0023586999922759738,-0.002120800584561425,-0.00086148785778327,-7.434192584932398e-5,-0.003895645910205553,0.0010236471596228106,0.0025322227737029296,0.0021294064494104797,-3.123877156849647e-5,-0.00014819263705342532,0.00024073678918899288,0.001189515853503739,0.0006674398036004303,0.0013615388890508302,0.0009327169370371206,0.0015906098313595994,-0.000977814744151138,0.005782608172947254,0.003969715544328225,0.00021337576954019355,-0.001881992618549882,8.532832336749193e-5,0.0007906944405829371,0.0025967165299728588,0.00032778989974192673,-0.0004792696502016545,0.011458079694562986,0.0063814105703378105,0.0001811133659398383,-0.001060272279623036,5.225106910348843e-5,0.0038660203016392504,0.004476738172895562,0.0021989078545291887,0.004212386438074003,0.0022898334124090546,-0.0005383596502633401,0.003969715544328225,0.033011217675965904,-9.310496215968384e-5,-0.00112971453348646,-0.0011172998124357142,-4.441308600127488e-5,0.004989037723693713,0.0013222781478878947,-0.0033089287079405803,-0.0009751536971345331,0.001560359270784384,0.0005660429533755785,0.0008493443520817432,0.0006089192117809313,0.0026767470100824606,-0.000647249785465565,-2.3036549249861617e-5,-0.00010064204698677977,0.00044136790126797395,-0.00032304913531616144,0.00021337576954019355,-9.310496215968384e-5,0.005935372028141312,0.0011277390001071049,0.000677567968124808,0.0001440335378607911,0.0015195543672099924,0.001283259103368442,0.0002750725360357094,-0.0030293606269339362,-0.0010798670133586256,-0.0009074895614796443,-0.00037519256393528724,0.0013588285892429596,0.0003610158749832059,-0.002176574150680971,-0.0026047118539351947,0.0020724689771115853,-0.0015244341970475973,-0.0023586999922759738,-0.001881992618549882,-0.00112971453348646,0.0011277390001071049,0.021757829678205057,0.0026689720477405094,-0.0002947492119641608,0.0043980928031386365,0.004251879970557324,0.00040272846949610636,-0.0020016377290515575,-0.0016525437504044758,-0.0005667592479810184,0.0009758300642365954,0.0007592253161230321,-0.0004398373708442181,-0.001791276245145288,-0.0010248868883333702,0.0003846948931054854,-0.0008693629166759277,-0.002120800584561425,8.532832336749193e-5,-0.0011172998124357142,0.000677567968124808,0.0026689720477405094,0.0037652039292972272,-0.0005460534922571595,0.0006504300015510208,0.0005716243803315596,0.0005824255200885435,-0.0027570315924536036,0.0027353233614584673,-0.0007782623740063644,-0.0003463403600281398,0.0005405912228244368,0.001639641145752002,-0.0010190673945563887,-0.00010211299831522149,-0.0004660184492935118,-0.00024910371742337015,-0.00086148785778327,0.0007906944405829371,-4.441308600127488e-5,0.0001440335378607911,-0.0002947492119641608,-0.0005460534922571595,0.006739777819657623,0.0009153906085581646,0.0003681525317641708,-0.0004241477038343166,0.003953790325612987,0.001189402170466648,-0.0009644166543784692,-0.0007302958235385017,0.0002834201823459359,0.0029296357965781857,-0.00462410275013933,-0.004541390734828517,-0.000259065032315783,-0.003295279104020443,-7.434192584932398e-5,0.0025967165299728588,0.004989037723693713,0.0015195543672099924,0.0043980928031386365,0.0006504300015510208,0.0009153906085581646,0.039986223109458055,0.004346457989890479,-0.002614883128736056,-0.00047785527021705046,-0.0017074620825051651,-0.00028791553792084667,-0.0010794660338719468,0.0006641592107665652,-6.076019490956815e-5,-0.002669762826497594,-0.0014182629324171994,0.0011381448006415038,-0.0012950821845652608,-0.003895645910205553,0.00032778989974192673,0.0013222781478878947,0.001283259103368442,0.004251879970557324,0.0005716243803315596,0.0003681525317641708,0.004346457989890479,0.007553115481713573,0.0004153602975584393,-0.0030615364899360346,-0.004653451854183776,0.0008655957379386856,0.0004668436801048435,0.0005466159896630044,-0.002132772269062064,0.0003761577801032743,0.0008139699764309502,-0.0003642520723870198,0.000762913116461649,0.0010236471596228106,-0.0004792696502016545,-0.0033089287079405803,0.0002750725360357094,0.00040272846949610636,0.0005824255200885435,-0.0004241477038343166,-0.002614883128736056,0.0004153602975584393,0.003552655116040279
