0.02035801695099677,0.002808601664671509,0.001585603857778443,0.0021024190973151437,0.001125801186541822,0.0031979786778924104,7.610387752196861e-5,0.005346468977741515,0.002969513822846373,-0.0010465748642853624,0.0004412339072324951,0.0037056723965689783,0.0005800240349075913,0.0025780769675249893,0.0013548291957421357,0.0013290589808738439,0.0023735326232226595,0.0008779529875489888,-0.000488423614233094,0.0012533175620270886,0.002808601664671509,0.008991858960289922,0.0006594404549513936,0.001197274984653324,0.0009853790101553858,0.0015947362606801119,0.0002662164281907013,0.0032598028143816958,0.0023399173301105647,0.0005196834022624726,0.00039730117453229776,0.002165558661437646,0.0007352491052713865,-0.00018357600229578207,0.0005040634370244597,0.0008407747007715533,0.0017325067640968257,0.0010333628282002988,0.0011536125576251189,0.00019181088122321213,0.001585603857778443,0.0006594404549513936,0.0029953023056192656,0.000822731259147541,0.0005857823880635476,0.0012900903031221427,-9.864521974392067e-6,0.0017433690187402349,0.0010725410122398261,-0.0005569061101414622,-0.0001440589157534717,0.0005859889063388763,0.00046543026953064647,-0.00029468477821573624,0.0004015642980768456,0.0007642337908546799,0.0008277728879289931,0.00021581848070626283,0.0003214629627131783,0.0001542111893540381,0.0021024190973151437,0.001197274984653324,0.000822731259147541,0.008479928571034927,-0.0003006192891438343,-0.0005100627298141325,0.0013384783524901613,-0.00026302051928968795,0.003331185932693141,-0.0006066309526250707,0.00011007564965400905,0.0012675044817443734,-0.0002615010512335376,-0.00019594650263430035,0.0002351864246519878,0.00045153328988033615,0.00026552471438778336,-6.686617502948402e-6,0.0016000324415571094,0.0003529618344041379,0.001125801186541822,0.0009853790101553858,0.0005857823880635476,-0.0003006192891438343,0.0043487023575444015,0.0005408588832459494,0.0005363195348501648,0.002515053173592005,0.0013774274426846629,-0.00034122598998919513,0.00038448723256286413,0.0008995684276313955,0.0002621044459737035,-5.421752079737762e-5,0.0008650519327483882,0.0003219891351389203,0.001533095166520844,0.0009906128420711232,0.0006178739001209694,0.00018617381931443683,0.0031979786778924104,0.0015947362606801119,0.0012900903031221427,-0.0005100627298141325,0.0005408588832459494,0.005305464335552265,-1.3231373534605315e-5,0.0035781589125842206,0.0014645897216914157,0.0013053418607398958,0.00030613050395868484,0.0011066864575210607,0.0007004063550973109,0.0006426055587631886,0.0003803606173935919,0.00033643985609719835,0.0007580294148011707,0.0006233074285722066,-0.0007013951142342478,0.00027023741040338884,7.610387752196861e-5,0.0002662164281907013,-9.864521974392067e-6,0.0013384783524901613,0.0005363195348501648,-1.3231373534605315e-5,0.009921675322765755,-0.0002452738929826625,0.0023663055312126207,0.0027040822693787355,0.00047500721944709954,0.0017338469569388739,0.0004526218840602068,0.0008302214116314459,0.0010851106280565662,0.000836993636106459,0.0006903386029495644,0.0008406172779986704,0.0007613922890776668,0.0002534016799195742,0.005346468977741515,0.0032598028143816958,0.0017433690187402349,-0.00026302051928968795,0.002515053173592005,0.0035781589125842206,-0.0002452738929826625,0.019587015958889297,0.0018618794299118408,0.002332850255334774,0.0005546245986076083,0.002400953724186577,0.0003549494155298134,0.0008608792147536065,0.0006420307330828732,0.000382138109282249,0.004100660176993223,0.0011906016130973905,-8.989223775272143e-5,0.001068230381309256,0.002969513822846373,0.0023399173301105647,0.0010725410122398261,0.003331185932693141,0.0013774274426846629,0.0014645897216914157,0.0023663055312126207,0.0018618794299118408,0.025266946538468553,0.0019463199219965691,0.0006155851032640446,0.0025701937574587634,0.00023999575040167657,0.0007506797393673669,0.0011820073427626521,0.0019185590382761139,0.001930505278993694,0.0017503796968657143,0.003293942511691349,0.0007768952595980687,-0.0010465748642853624,0.0005196834022624726,-0.0005569061101414622,-0.0006066309526250707,-0.00034122598998919513,0.0013053418607398958,0.0027040822693787355,0.002332850255334774,0.0019463199219965691,0.019203380938647242,0.0008245101051689255,-9.628114933045678e-5,0.0014243501866429901,0.00238917816510158,0.0017990968622061717,0.00046100266283157474,-0.0025698490335752462,0.0018611732085458124,-0.001431353077797468,0.00023810661755771907,0.0004412339072324951,0.00039730117453229776,-0.0001440589157534717,0.00011007564965400905,0.00038448723256286413,0.00030613050395868484,0.00047500721944709954,0.0005546245986076083,0.0006155851032640446,0.0008245101051689255,0.001433170898495619,0.0006340215927084798,0.00018869518432997187,0.0004071944531562567,0.0004927145314526,0.0004151482786707684,0.00039925473512784904,0.000727098647704211,0.00022842811811966824,-1.2839517076624211e-5,0.0037056723965689783,0.002165558661437646,0.0005859889063388763,0.0012675044817443734,0.0008995684276313955,0.0011066864575210607,0.0017338469569388739,0.002400953724186577,0.0025701937574587634,-9.628114933045678e-5,0.0006340215927084798,0.008864437624361933,0.0005689042820896972,0.0003373127084300576,0.0006522141003692306,0.0005626495398320878,0.0028944247363954056,0.0005617819932652133,0.001996060533012759,0.00021076147977027956,0.0005800240349075913,0.0007352491052713865,0.00046543026953064647,-0.0002615010512335376,0.0002621044459737035,0.0007004063550973109,0.0004526218840602068,0.0003549494155298134,0.00023999575040167657,0.0014243501866429901,0.00018869518432997187,0.0005689042820896972,0.0038968944269161,0.00016730054246764809,0.001400244220129989,0.0006148201027812431,-0.0003104514910002481,0.0001778468685305363,-0.0005834138584356241,-0.0001943005440151385,0.0025780769675249893,-0.00018357600229578207,-0.00029468477821573624,-0.00019594650263430035,-5.421752079737762e-5,0.0006426055587631886,0.0008302214116314459,0.0008608792147536065,0.0007506797393673669,0.00238917816510158,0.0004071944531562567,0.0003373127084300576,0.00016730054246764809,0.006492901115549562,0.0012785154641192513,-0.0002602268197948687,-0.0007880062230437442,0.0004513448693969434,0.0004614467794598274,0.00024226755532318642,0.0013548291957421357,0.0005040634370244597,0.0004015642980768456,0.0002351864246519878,0.0008650519327483882,0.0003803606173935919,0.0010851106280565662,0.0006420307330828732,0.0011820073427626521,0.0017990968622061717,0.0004927145314526,0.0006522141003692306,0.001400244220129989,0.0012785154641192513,0.0056236510578317606,0.0008000416264621989,-0.0007429101688828909,0.0002859153327592805,-2.9645151783968984e-5,8.64652533876435e-5,0.0013290589808738439,0.0008407747007715533,0.0007642337908546799,0.00045153328988033615,0.0003219891351389203,0.00033643985609719835,0.000836993636106459,0.000382138109282249,0.0019185590382761139,0.00046100266283157474,0.0004151482786707684,0.0005626495398320878,0.0006148201027812431,-0.0002602268197948687,0.0008000416264621989,0.003883456923419365,0.0004196101383737371,0.0004484978825219766,-0.00048518703771464905,7.718240367800038e-5,0.0023735326232226595,0.0017325067640968257,0.0008277728879289931,0.00026552471438778336,0.001533095166520844,0.0007580294148011707,0.0006903386029495644,0.004100660176993223,0.001930505278993694,-0.0025698490335752462,0.00039925473512784904,0.0028944247363954056,-0.0003104514910002481,-0.0007880062230437442,-0.0007429101688828909,0.0004196101383737371,0.017508496319945138,0.0012001984112970287,0.0017764973976445372,0.0004046594110246215,0.0008779529875489888,0.0010333628282002988,0.00021581848070626283,-6.686617502948402e-6,0.0009906128420711232,0.0006233074285722066,0.0008406172779986704,0.0011906016130973905,0.0017503796968657143,0.0018611732085458124,0.000727098647704211,0.0005617819932652133,0.0001778468685305363,0.0004513448693969434,0.0002859153327592805,0.0004484978825219766,0.0012001984112970287,0.005517460496853489,0.0004690548098651473,0.0002233960444080314,-0.000488423614233094,0.0011536125576251189,0.0003214629627131783,0.0016000324415571094,0.0006178739001209694,-0.0007013951142342478,0.0007613922890776668,-8.989223775272143e-5,0.003293942511691349,-0.001431353077797468,0.00022842811811966824,0.001996060533012759,-0.0005834138584356241,0.0004614467794598274,-2.9645151783968984e-5,-0.00048518703771464905,0.0017764973976445372,0.0004690548098651473,0.009968638032441355,0.0005329746388439375,0.0012533175620270886,0.00019181088122321213,0.0001542111893540381,0.0003529618344041379,0.00018617381931443683,0.00027023741040338884,0.0002534016799195742,0.001068230381309256,0.0007768952595980687,0.00023810661755771907,-1.2839517076624211e-5,0.00021076147977027956,-0.0001943005440151385,0.00024226755532318642,8.64652533876435e-5,7.718240367800038e-5,0.0004046594110246215,0.0002233960444080314,0.0005329746388439375,0.0018960972548397693
