0.0418037535757031,0.0009686909135837872,0.0098124346056214,-0.0005724496894847929,0.012754119928370673,0.006590974247264054,0.0014172352519229107,7.687017119490692e-5,0.009544528503954229,0.004611977751284477,0.011364075887560124,-0.0029924773059362697,-0.0013592743357675775,-0.001373858712438615,0.0035407566167802744,0.0017009556503839436,0.00696681462238711,0.0029194601738989153,0.004568197687188448,0.0013608470849300102,0.0009686909135837872,0.001381214821983349,-0.0003389783591309264,-8.52384532510408e-5,0.00016719714105969662,-0.00032407762049248935,0.00016942312961983698,-4.357267403438863e-5,-0.0003834802479427612,0.00015210307132287773,0.0010495862562576034,-6.299454378747894e-5,0.00017148857419491232,-0.0006981741992195558,0.0004908116783236599,0.000207615208841287,-0.0008163619467033688,-0.0008250286065147325,0.00036733623610283217,0.000532198853645963,0.0098124346056214,-0.0003389783591309264,0.019566703829486234,-0.0005767804855258577,0.006475643789027319,0.00664384858616906,0.0005321882651104403,1.3139729807867463e-5,0.00798327812766169,0.002018313579834162,0.013277477505081719,-0.0026799547867533877,-0.0007940317174422397,-0.0022136557179427024,0.0036233587827838947,0.0011281095514480714,0.006671931242888292,0.003621499050357476,0.004674709189056849,0.005381943099458776,-0.0005724496894847929,-8.52384532510408e-5,-0.0005767804855258577,0.007958042960580822,0.001552175003242473,0.0015114783598457117,0.001368452170514741,-0.00013581549293686872,0.0027220874432175007,-0.0010608619677078583,-0.001298684495012839,-0.0011327128480901987,0.001733642721309262,-0.003399359040540761,0.002535861324381397,0.00020910879364956968,-0.00214553642022409,0.004140144200512616,0.0006885825706610617,-0.0009591753978057431,0.012754119928370673,0.00016719714105969662,0.006475643789027319,0.001552175003242473,0.03915712121879183,0.00781983739462612,0.0025913693660944764,-0.0008939879319103272,0.016165879012575865,0.0032981345133421486,0.0031616767686443426,-0.008162141102996718,-0.0017874394578201338,-0.0034228307952193704,0.005078838391208173,0.002412477779045799,0.009429443325299755,0.00810059656574052,0.0018186276922788132,0.0025612879266163346,0.006590974247264054,-0.00032407762049248935,0.00664384858616906,0.0015114783598457117,0.00781983739462612,0.023540388503433055,0.002633499724718973,0.0002221753364699864,0.009500651431783408,0.0008718826884864407,0.008443713647494808,0.002275220246559899,0.0013397083395210495,-0.0036262631630092166,0.003863891294333275,0.0008250079505493612,0.01033844706741104,0.010143967111075392,0.0021054381458787868,0.0009081981441025223,0.0014172352519229107,0.00016942312961983698,0.0005321882651104403,0.001368452170514741,0.0025913693660944764,0.002633499724718973,0.004409738615752291,-0.00045073139966064464,0.0022807244698978854,8.106245387686558e-5,0.0011780036975744055,0.001252129030493771,0.0013789094277779188,-0.0011298215318135858,0.0021942128257368375,0.0011522490845494566,0.001968477802355601,0.004613316776051542,0.001590629907301542,0.00017531190418566844,7.687017119490692e-5,-4.357267403438863e-5,1.3139729807867463e-5,-0.00013581549293686872,-0.0008939879319103272,0.0002221753364699864,-0.00045073139966064464,0.0011762111639451868,-0.0001375631375473339,-0.00014244781804736306,0.00017810861159555546,0.00011818661286831455,7.329883310422748e-6,0.0006921171982518109,-0.0008237981587967214,-0.0002609536552985976,-0.0004964736067483979,0.0004387461765044548,-0.00031158758033438157,-0.00028727675657698297,0.009544528503954229,-0.0003834802479427612,0.00798327812766169,0.0027220874432175007,0.016165879012575865,0.009500651431783408,0.0022807244698978854,-0.0001375631375473339,0.029501766952175094,0.0016210169372616481,0.006459896288403492,-0.006902985603694224,-0.0017380625143791457,-0.004519876863591297,0.002526577578166169,0.0012954612506071044,0.011303192288359059,0.012063230393017516,0.005388401620896792,0.001662057538818788,0.004611977751284477,0.00015210307132287773,0.002018313579834162,-0.0010608619677078583,0.0032981345133421486,0.0008718826884864407,8.106245387686558e-5,-0.00014244781804736306,0.0016210169372616481,0.0038552692631273373,0.0031901619341336476,-0.0008714041184031424,-0.0005063607837397135,-0.0003408921384476641,0.00011192524305401791,0.0005094035923839038,0.003340909151710849,0.0013929629562875116,0.0014717913935903245,0.0015715955990160408,0.011364075887560124,0.0010495862562576034,0.013277477505081719,-0.001298684495012839,0.0031616767686443426,0.008443713647494808,0.0011780036975744055,0.00017810861159555546,0.006459896288403492,0.0031901619341336476,0.04760685954133717,0.006620305466089722,0.00029750174847497675,-0.0027301113155983646,0.0032016798464698766,0.001081275959459615,0.012412520183134924,0.0015243126885312762,0.008208259002536116,0.01798293894143521,-0.0029924773059362697,-6.299454378747894e-5,-0.0026799547867533877,-0.0011327128480901987,-0.008162141102996718,0.002275220246559899,0.001252129030493771,0.00011818661286831455,-0.006902985603694224,-0.0008714041184031424,0.006620305466089722,0.016075924342382208,0.002699912096836703,0.0026262810145730453,-0.00038914432742872163,-0.0007915672501459558,-0.0009412381825594435,-0.0028725001695815637,-0.001655290171804034,0.0018802081162647834,-0.0013592743357675775,0.00017148857419491232,-0.0007940317174422397,0.001733642721309262,-0.0017874394578201338,0.0013397083395210495,0.0013789094277779188,7.329883310422748e-6,-0.0017380625143791457,-0.0005063607837397135,0.00029750174847497675,0.002699912096836703,0.004570573144063016,-0.00027562385647303183,0.001531571597390253,0.0004939832590780133,-0.0019314799119645473,0.0020887010254512918,0.0013456105518202567,0.00042380800826711786,-0.001373858712438615,-0.0006981741992195558,-0.0022136557179427024,-0.003399359040540761,-0.0034228307952193704,-0.0036262631630092166,-0.0011298215318135858,0.0006921171982518109,-0.004519876863591297,-0.0003408921384476641,-0.0027301113155983646,0.0026262810145730453,-0.00027562385647303183,0.02524220835967285,-0.003946919572854079,-0.0002733512781353068,-0.001703209576500217,-0.008458931379208902,-0.0008521666315214238,-0.00015846211340552957,0.0035407566167802744,0.0004908116783236599,0.0036233587827838947,0.002535861324381397,0.005078838391208173,0.003863891294333275,0.0021942128257368375,-0.0008237981587967214,0.002526577578166169,0.00011192524305401791,0.0032016798464698766,-0.00038914432742872163,0.001531571597390253,-0.003946919572854079,0.015889146345936443,0.0013730885191963734,0.0033541549314576977,0.005821928529955195,0.0020955882478491993,0.002344361753228487,0.0017009556503839436,0.000207615208841287,0.0011281095514480714,0.00020910879364956968,0.002412477779045799,0.0008250079505493612,0.0011522490845494566,-0.0002609536552985976,0.0012954612506071044,0.0005094035923839038,0.001081275959459615,-0.0007915672501459558,0.0004939832590780133,-0.0002733512781353068,0.0013730885191963734,0.001813155333201248,0.0015193205488825492,0.0011855711962550659,0.0009265506759874847,-0.0004104376141485387,0.00696681462238711,-0.0008163619467033688,0.006671931242888292,-0.00214553642022409,0.009429443325299755,0.01033844706741104,0.001968477802355601,-0.0004964736067483979,0.011303192288359059,0.003340909151710849,0.012412520183134924,-0.0009412381825594435,-0.0019314799119645473,-0.001703209576500217,0.0033541549314576977,0.0015193205488825492,0.024584018949750746,0.00733423213415051,0.004234958861167332,0.007436530393321145,0.0029194601738989153,-0.0008250286065147325,0.003621499050357476,0.004140144200512616,0.00810059656574052,0.010143967111075392,0.004613316776051542,0.0004387461765044548,0.012063230393017516,0.0013929629562875116,0.0015243126885312762,-0.0028725001695815637,0.0020887010254512918,-0.008458931379208902,0.005821928529955195,0.0011855711962550659,0.00733423213415051,0.031194476364783563,0.0024093250616476405,-0.0023396466360575455,0.004568197687188448,0.00036733623610283217,0.004674709189056849,0.0006885825706610617,0.0018186276922788132,0.0021054381458787868,0.001590629907301542,-0.00031158758033438157,0.005388401620896792,0.0014717913935903245,0.008208259002536116,-0.001655290171804034,0.0013456105518202567,-0.0008521666315214238,0.0020955882478491993,0.0009265506759874847,0.004234958861167332,0.0024093250616476405,0.009706668450859438,0.0065306420083468715,0.0013608470849300102,0.000532198853645963,0.005381943099458776,-0.0009591753978057431,0.0025612879266163346,0.0009081981441025223,0.00017531190418566844,-0.00028727675657698297,0.001662057538818788,0.0015715955990160408,0.01798293894143521,0.0018802081162647834,0.00042380800826711786,-0.00015846211340552957,0.002344361753228487,-0.0004104376141485387,0.007436530393321145,-0.0023396466360575455,0.0065306420083468715,0.03351690692966077
0.05160928297147819,0.004003244707069623,0.006370860372247597,0.00333956126360952,0.0023527551747700532,-0.004147787102325079,0.0021061925901259223,0.0009898333233762703,0.004569777694584767,-0.0002925677273267766,0.004946168813609153,0.00731261301360083,0.005434789573068935,0.005768501573461109,0.006000317785266847,0.000739469435431976,0.01109256712681619,0.01190213771927905,-0.00014033340007045666,0.012014426631223454,0.004003244707069623,0.0018852129698128568,0.0005152548298986658,0.0009628859149669828,-0.0003036278458870027,0.0010465421814109177,0.0004422470841477561,-8.862767245099425e-5,0.0016061182546956536,0.0001230979633186286,-0.001690756346998668,0.0017777726176879326,0.001053891106656751,0.0017527090636647322,0.0018299922739220737,0.00027183777930942643,0.003748912460200068,0.0016311424549961782,0.00011485225580063446,0.0013837689109255514,0.006370860372247597,0.0005152548298986658,0.022594864187651838,0.000818833800743472,0.005083898535151638,-0.007011013976189275,0.0011737075341768058,0.0007860958932650532,0.0033958741581511724,-0.0021538705045593947,0.001586713461647227,0.0007331531347278349,-0.0003383135839256173,0.0049069685296213045,-0.00469340013689065,-0.0017473473252800145,0.0027564262334011254,0.004432882815690325,0.0031009739905529165,0.007154778493849552,0.00333956126360952,0.0009628859149669828,0.000818833800743472,0.00719427034628708,0.0013632126497885421,0.0029127931730338784,0.0004262693286009083,-3.062304342943264e-5,0.0017483886257164743,0.0011511331951959659,-0.0013438534128241144,0.001044845906949489,0.0005375118551300042,0.002249503368688895,0.0033244545492906357,0.000680074510086801,0.004248931207685328,0.0003963824672805861,0.0007898759639347476,-0.0009578464599788699,0.0023527551747700532,-0.0003036278458870027,0.005083898535151638,0.0013632126497885421,0.035145839538118166,0.0012721813675830684,0.002486660277222097,-8.556873404957883e-5,-0.00437336633701896,0.0003345740015822207,0.01143139956467151,0.0025197641098929917,0.0028395801608886873,0.003892868424140554,0.0024470892199755273,-0.0017332697628597736,-0.0028064375439127653,-0.0007794343702518729,0.0032190501064453736,0.003928046392896686,-0.004147787102325079,0.0010465421814109177,-0.007011013976189275,0.0029127931730338784,0.0012721813675830684,0.034070555143405915,0.0027810312766279608,-0.00020691128118025394,-0.0010047993119598102,0.0066410444906380055,0.0011761030313637046,0.00016810257481083982,0.00024355074813966452,0.009703462951264,0.01051043078543865,0.002702405835698643,0.0020946227731071347,-0.0015206036056721354,0.0001721704711942831,0.0033191213851584125,0.0021061925901259223,0.0004422470841477561,0.0011737075341768058,0.0004262693286009083,0.002486660277222097,0.0027810312766279608,0.003598129675733191,0.0002411258752139906,0.0005461401979948283,0.0013995148394211727,0.0031057425944203245,0.00013702360759203637,0.00037664624621542534,0.003758687892628754,0.002321669286559221,0.0003851226746407437,0.0002577503568784045,0.00048778618499069603,0.0009805963714572422,0.0029760310851636934,0.0009898333233762703,-8.862767245099425e-5,0.0007860958932650532,-3.062304342943264e-5,-8.556873404957883e-5,-0.00020691128118025394,0.0002411258752139906,0.0012230362388955935,0.001066333759502605,0.00020099313600951445,0.0007017044477227849,0.00023986056430931054,0.00033385932153156856,-0.00020663919155902236,-0.00027796318290154167,0.00020057304188399769,0.00017420097405903675,0.000616696747232462,0.0002499694163972617,0.0013837107373670253,0.004569777694584767,0.0016061182546956536,0.0033958741581511724,0.0017483886257164743,-0.00437336633701896,-0.0010047993119598102,0.0005461401979948283,0.001066333759502605,0.02292023774353986,0.001137832514203992,-0.0013504420875852454,0.004774581568579992,0.002141255837610409,0.003285077264619309,0.0004357227819240593,0.001531751838764804,0.004284717091554945,0.0028135503163320046,-4.050565188578085e-5,0.004075572374953627,-0.0002925677273267766,0.0001230979633186286,-0.0021538705045593947,0.0011511331951959659,0.0003345740015822207,0.0066410444906380055,0.0013995148394211727,0.00020099313600951445,0.001137832514203992,0.00491776976697736,0.003853718783007484,0.0006861861732364423,0.0007347000948163525,0.002590474933077214,0.003205423240309332,0.0014295964208928926,0.001683251645834583,0.0003868519009838896,-0.0005432166822982259,0.00028828596548798545,0.004946168813609153,-0.001690756346998668,0.001586713461647227,-0.0013438534128241144,0.01143139956467151,0.0011761030313637046,0.0031057425944203245,0.0007017044477227849,-0.0013504420875852454,0.003853718783007484,0.04021330764498608,0.00015299281670307996,0.0012360320274584773,0.0023585162805316476,0.0016021517828753483,0.001610354787261297,-0.007671278326614479,0.001047208569501183,7.989996452966171e-5,-0.0013926916107594306,0.00731261301360083,0.0017777726176879326,0.0007331531347278349,0.001044845906949489,0.0025197641098929917,0.00016810257481083982,0.00013702360759203637,0.00023986056430931054,0.004774581568579992,0.0006861861732364423,0.00015299281670307996,0.012511964007380834,0.0028691256922075232,-9.638878978566892e-5,0.0033559052793217413,0.0013569445483070115,0.006186357425979132,0.0036701650410193706,-0.0015602690801654,0.0025873626002849036,0.005434789573068935,0.001053891106656751,-0.0003383135839256173,0.0005375118551300042,0.0028395801608886873,0.00024355074813966452,0.00037664624621542534,0.00033385932153156856,0.002141255837610409,0.0007347000948163525,0.0012360320274584773,0.0028691256922075232,0.004239321643202385,0.0011111631204231108,0.002245354655040754,0.0002727027662034854,0.004199237521598492,0.0018362924424370078,-0.0006811437031113367,0.001926679088146113,0.005768501573461109,0.0017527090636647322,0.0049069685296213045,0.002249503368688895,0.003892868424140554,0.009703462951264,0.003758687892628754,-0.00020663919155902236,0.003285077264619309,0.002590474933077214,0.0023585162805316476,-9.638878978566892e-5,0.0011111631204231108,0.028024252742315015,0.00798516650071521,0.0010254747469275126,0.003042494310531071,0.0021273281405658115,0.002899576920512204,0.007605216410043188,0.006000317785266847,0.0018299922739220737,-0.00469340013689065,0.0033244545492906357,0.0024470892199755273,0.01051043078543865,0.002321669286559221,-0.00027796318290154167,0.0004357227819240593,0.003205423240309332,0.0016021517828753483,0.0033559052793217413,0.002245354655040754,0.00798516650071521,0.026354725254638514,0.0022730017482020474,0.005661038741741821,0.0009599095805418131,-0.0028923275131442923,0.003559902023194384,0.000739469435431976,0.00027183777930942643,-0.0017473473252800145,0.000680074510086801,-0.0017332697628597736,0.002702405835698643,0.0003851226746407437,0.00020057304188399769,0.001531751838764804,0.0014295964208928926,0.001610354787261297,0.0013569445483070115,0.0002727027662034854,0.0010254747469275126,0.0022730017482020474,0.002298141245945522,0.0015056940589183712,0.0012122504605070578,-0.00010317783787538919,0.0009033053447184173,0.01109256712681619,0.003748912460200068,0.0027564262334011254,0.004248931207685328,-0.0028064375439127653,0.0020946227731071347,0.0002577503568784045,0.00017420097405903675,0.004284717091554945,0.001683251645834583,-0.007671278326614479,0.006186357425979132,0.004199237521598492,0.003042494310531071,0.005661038741741821,0.0015056940589183712,0.025261594063012833,0.008242675641162614,-0.0026765535087846567,0.0028805094910757216,0.01190213771927905,0.0016311424549961782,0.004432882815690325,0.0003963824672805861,-0.0007794343702518729,-0.0015206036056721354,0.00048778618499069603,0.000616696747232462,0.0028135503163320046,0.0003868519009838896,0.001047208569501183,0.0036701650410193706,0.0018362924424370078,0.0021273281405658115,0.0009599095805418131,0.0012122504605070578,0.008242675641162614,0.01986936466576813,0.0010872564351003943,0.005995300146527053,-0.00014033340007045666,0.00011485225580063446,0.0031009739905529165,0.0007898759639347476,0.0032190501064453736,0.0001721704711942831,0.0009805963714572422,0.0002499694163972617,-4.050565188578085e-5,-0.0005432166822982259,7.989996452966171e-5,-0.0015602690801654,-0.0006811437031113367,0.002899576920512204,-0.0028923275131442923,-0.00010317783787538919,-0.0026765535087846567,0.0010872564351003943,0.006275084869598844,0.0015178779527324688,0.012014426631223454,0.0013837689109255514,0.007154778493849552,-0.0009578464599788699,0.003928046392896686,0.0033191213851584125,0.0029760310851636934,0.0013837107373670253,0.004075572374953627,0.00028828596548798545,-0.0013926916107594306,0.0025873626002849036,0.001926679088146113,0.007605216410043188,0.003559902023194384,0.0009033053447184173,0.0028805094910757216,0.005995300146527053,0.0015178779527324688,0.03688825883072801
