0.025630787234457452,-0.0028289534822008473,-0.0010872142719505053,0.004008533615602161,-0.003934898312175706,-0.0011720328717417115,0.000179311554815648,-0.002284028789407628,0.004050013123615092,-0.0012356143956645553,0.0027453078066457847,-0.0009724119303146912,0.0055541531661384945,-0.003300929034200547,0.003184532529657518,0.001877982763901415,0.0006213755588188256,-0.00645872425375107,-0.0015352137096585469,-0.0033523629456166408,-0.0028289534822008473,0.016972114971804227,0.0008926477561597803,0.004476655765811322,0.004031646100195695,0.002579729379841954,-0.0014552844515751948,0.00034595604668082806,0.005096293664957069,-0.004375687948098862,-0.002044090978282972,-0.0018595202015157138,-0.004738945692672004,0.002425545832693347,-0.0027957518802696037,0.001900367951427993,0.0020537423372002416,0.002329365376139308,0.001684976080464511,5.5686243306532245e-5,-0.0010872142719505053,0.0008926477561597803,0.0032878146006897107,0.0022860614656552754,-0.0004590371633332673,0.00018059666236548136,0.0005474498845712287,0.00020180920907109725,-0.004935976831153966,0.00115540236376288,9.567444771314109e-5,0.0019792579963342836,-0.0005185691172986286,0.0022928649576812476,0.00014623348107377593,0.0002182418767587113,-0.0008539665650024998,-0.00017146247447169673,0.004097953749564882,0.0006983646249375274,0.004008533615602161,0.004476655765811322,0.0022860614656552754,0.020499025291341743,0.0005769465954850192,0.0014650051697329416,0.0013730355269558955,0.0005821005945398903,0.0034731748430475596,-0.0023450464697257383,-0.0017248832689984923,-0.0007428125721991705,-0.0023734632341566677,0.004733676841349187,-0.0020467290759782304,0.0002999656571363457,0.0012374092408891971,0.0005211837296714139,0.004405352033203197,0.0006447614610416461,-0.003934898312175706,0.004031646100195695,-0.0004590371633332673,0.0005769465954850192,0.024521454971865288,0.0038992888031876395,-0.0037804606700329937,0.001607398584677332,0.0036615064070416037,0.004379356027884177,0.0013496144128548855,0.0003184505808194966,-0.0018010060411976798,-0.0006764198516362799,-0.0001049184897411114,-0.00014441897864579228,0.0006483486444084792,0.004998510029114781,0.0077062986190586285,0.0011524987655881132,-0.0011720328717417115,0.002579729379841954,0.00018059666236548136,0.0014650051697329416,0.0038992888031876395,0.004564139004674996,-0.0005130144922935606,5.450194430884905e-5,0.0008281822610791544,0.00016146080305949712,0.00031934748667341196,0.00010580330967929691,0.0008257286261398721,0.0013074120053252827,0.0009948839870044818,0.0007566758249109151,0.0007122254443501317,0.0007801304638846238,-0.0015706983190575277,0.0004409340168262074,0.000179311554815648,-0.0014552844515751948,0.0005474498845712287,0.0013730355269558955,-0.0037804606700329937,-0.0005130144922935606,0.007666120047513504,0.0009071037304026683,0.0027487609128316525,0.0016922474716757692,-0.00018310304865582785,0.000707190941630882,0.0017040590846895748,0.004464503323774937,0.0010861968212076242,0.00022771764101260704,0.001453102060648314,-0.0026367916757324555,-0.0024274326540103587,0.0006903969611983876,-0.002284028789407628,0.00034595604668082806,0.00020180920907109725,0.0005821005945398903,0.001607398584677332,5.450194430884905e-5,0.0009071037304026683,0.005760574734586519,0.0001453659554594531,0.0027205613841467732,-0.0037038521483411407,-0.0006777898160609528,-0.0018345196023984585,-0.0009938887627871894,-0.0016441963940801673,0.001869420574936727,0.001990840333259797,-0.0003415127904693089,0.0021073787597106716,0.001721974351357137,0.004050013123615092,0.005096293664957069,-0.004935976831153966,0.0034731748430475596,0.0036615064070416037,0.0008281822610791544,0.0027487609128316525,0.0001453659554594531,0.056155809006305187,-0.009382501249557314,-0.003888678220001493,-0.007885138580518692,0.0005064335408383474,0.004404384140697602,-0.0012310088892676665,-0.00010284156038142968,0.006037074564039107,0.0021876033788962275,-0.003524243513838816,-0.0045957435060234855,-0.0012356143956645553,-0.004375687948098862,0.00115540236376288,-0.0023450464697257383,0.004379356027884177,0.00016146080305949712,0.0016922474716757692,0.0027205613841467732,-0.009382501249557314,0.025825506210213577,0.0019550450280891906,0.00442077607944932,0.0015821348225850415,0.003535487451893985,0.002288608308250494,-0.002310574388597414,0.0015402003966977868,-0.0030120093358493747,-0.00012751748751839285,0.0013082567972333083,0.0027453078066457847,-0.002044090978282972,9.567444771314109e-5,-0.0017248832689984923,0.0013496144128548855,0.00031934748667341196,-0.00018310304865582785,-0.0037038521483411407,-0.003888678220001493,0.0019550450280891906,0.012335666882346904,0.002828427264188615,0.0023753768093474153,0.0023435446265303275,0.0036690122599761835,0.002159361980032329,-0.002006777776811219,-0.0015770478769107125,3.798454449609718e-5,-0.0021581990337373137,-0.0009724119303146912,-0.0018595202015157138,0.0019792579963342836,-0.0007428125721991705,0.0003184505808194966,0.00010580330967929691,0.000707190941630882,-0.0006777898160609528,-0.007885138580518692,0.00442077607944932,0.002828427264188615,0.006226793301820043,0.0003068758660538112,0.0028658769607886924,0.0014999431838373023,0.0012347461282163467,-0.0011632849709768511,-0.0015741208733443515,0.001261835753773739,-6.242084124282889e-5,0.0055541531661384945,-0.004738945692672004,-0.0005185691172986286,-0.0023734632341566677,-0.0018010060411976798,0.0008257286261398721,0.0017040590846895748,-0.0018345196023984585,0.0005064335408383474,0.0015821348225850415,0.0023753768093474153,0.0003068758660538112,0.013512098302364193,0.0006643429611389688,0.004024375828059763,-0.001650482676510333,-0.00020154214557242377,-0.0032712980970434876,-0.004569228994546895,0.0004317999861782388,-0.003300929034200547,0.002425545832693347,0.0022928649576812476,0.004733676841349187,-0.0006764198516362799,0.0013074120053252827,0.004464503323774937,-0.0009938887627871894,0.004404384140697602,0.003535487451893985,0.0023435446265303275,0.0028658769607886924,0.0006643429611389688,0.024729927001126105,-0.00023827845152492454,-0.0005681898311901542,0.0031103141805597385,-0.003678403940032259,-0.0034434555558806867,0.0006727020418506044,0.003184532529657518,-0.0027957518802696037,0.00014623348107377593,-0.0020467290759782304,-0.0001049184897411114,0.0009948839870044818,0.0010861968212076242,-0.0016441963940801673,-0.0012310088892676665,0.002288608308250494,0.0036690122599761835,0.0014999431838373023,0.004024375828059763,-0.00023827845152492454,0.006228048026898084,-0.0007250638560497285,-0.0008600781804586234,0.00025143058734097986,-0.0014807419450276632,-0.0008543602105747635,0.001877982763901415,0.001900367951427993,0.0002182418767587113,0.0002999656571363457,-0.00014441897864579228,0.0007566758249109151,0.00022771764101260704,0.001869420574936727,-0.00010284156038142968,-0.002310574388597414,0.002159361980032329,0.0012347461282163467,-0.001650482676510333,-0.0005681898311901542,-0.0007250638560497285,0.01783663234043057,0.0015241928068423097,-0.0011840754411064822,-0.00023448341321117644,-0.000956667222054476,0.0006213755588188256,0.0020537423372002416,-0.0008539665650024998,0.0012374092408891971,0.0006483486444084792,0.0007122254443501317,0.001453102060648314,0.001990840333259797,0.006037074564039107,0.0015402003966977868,-0.002006777776811219,-0.0011632849709768511,-0.00020154214557242377,0.0031103141805597385,-0.0008600781804586234,0.0015241928068423097,0.006046748277471409,-0.0013170440733274672,-0.0022113021076788707,5.682501076540357e-5,-0.00645872425375107,0.002329365376139308,-0.00017146247447169673,0.0005211837296714139,0.004998510029114781,0.0007801304638846238,-0.0026367916757324555,-0.0003415127904693089,0.0021876033788962275,-0.0030120093358493747,-0.0015770478769107125,-0.0015741208733443515,-0.0032712980970434876,-0.003678403940032259,0.00025143058734097986,-0.0011840754411064822,-0.0013170440733274672,0.014647323678249557,0.004260853836396131,0.0011213932238475703,-0.0015352137096585469,0.001684976080464511,0.004097953749564882,0.004405352033203197,0.0077062986190586285,-0.0015706983190575277,-0.0024274326540103587,0.0021073787597106716,-0.003524243513838816,-0.00012751748751839285,3.798454449609718e-5,0.001261835753773739,-0.004569228994546895,-0.0034434555558806867,-0.0014807419450276632,-0.00023448341321117644,-0.0022113021076788707,0.004260853836396131,0.03748982231807361,0.0015363005810403562,-0.0033523629456166408,5.5686243306532245e-5,0.0006983646249375274,0.0006447614610416461,0.0011524987655881132,0.0004409340168262074,0.0006903969611983876,0.001721974351357137,-0.0045957435060234855,0.0013082567972333083,-0.0021581990337373137,-6.242084124282889e-5,0.0004317999861782388,0.0006727020418506044,-0.0008543602105747635,-0.000956667222054476,5.682501076540357e-5,0.0011213932238475703,0.0015363005810403562,0.00413746660822269
0.025866834366829305,0.004804237502508024,-0.0010486731665928753,0.014981380229370024,0.0010913012724176876,-0.0009850273546151613,-0.0013578677458404033,0.005068011472724336,-0.003900148293453091,-0.0038086450008277973,0.002570753694274153,0.0016891490608955855,0.003691784268125845,0.00594551098387608,0.002792735622564728,-0.001335567315955028,0.00013059261641308633,0.0002407683083521366,-0.0055748923192945575,-0.0005569330529269921,0.004804237502508024,0.013555272755715818,-0.0003148008780511309,0.00462345365376503,0.0026325588483549094,-0.0007321311263008715,-0.0007218011447745084,0.001800967325815615,-0.001264958751454218,-0.0008078150803557457,0.001114365122728354,0.00032594419033097667,0.0010395712664952703,-0.0032212340169079055,0.001018899170127325,-0.004239217566136159,0.0008885088537124387,-0.0028579907351292096,-0.004423401313490397,3.270647864624221e-5,-0.0010486731665928753,-0.0003148008780511309,0.002364383174373527,-0.0002463325851403498,3.9447252823513105e-5,0.0019933071128235124,0.0008403656348517073,0.0009805533127610505,0.0005626441283812756,0.001889484671072365,0.0006468931106442544,-0.0003714909132499939,0.0018045663618276992,0.00028923941437568914,0.0001485606056733622,0.001037501631178015,0.0008011135829755957,0.0007954836163622228,-6.322192843423802e-5,0.001175116503292778,0.014981380229370024,0.00462345365376503,-0.0002463325851403498,0.032382828277691504,-0.0008843077148095882,0.0018905383246215898,-0.004274357193758476,0.007870424006339848,-0.0020710946779580307,-0.0013215278087876882,0.0034063095953784555,0.002295068437595249,0.008995760320599778,0.0068161083330342456,0.0018295798473278674,-0.0020365040872180407,0.0016106966434638872,0.0006500895098247322,-0.009574428736682867,8.699144109713562e-5,0.0010913012724176876,0.0026325588483549094,3.9447252823513105e-5,-0.0008843077148095882,0.02016435426975747,0.0010993128633741789,0.0002296440564249148,0.0024821828675391654,0.0029918895725224567,0.00013803202583679433,-0.0017965515002533136,-4.525346648949028e-5,-0.0014122847757272535,-2.9105765756114273e-5,-0.0005863375328882073,-0.003621811143840777,-0.00016083673669479585,-0.002717943530589401,-0.0018235270835982031,0.00020779916027662324,-0.0009850273546151613,-0.0007321311263008715,0.0019933071128235124,0.0018905383246215898,0.0010993128633741789,0.009686670283007603,0.002409440191348332,0.0022666916714404496,0.005145538194686424,0.0054248860232187016,0.004221603980847538,-0.0010671359901357163,0.0059281110795122004,0.004473975913402089,-0.0005928121593223349,-0.0008747564623692192,0.0018515545472727974,0.002792349525442273,-0.0002418186746703427,0.0031442134221107126,-0.0013578677458404033,-0.0007218011447745084,0.0008403656348517073,-0.004274357193758476,0.0002296440564249148,0.002409440191348332,0.011389564093719233,-0.001327178580256494,-0.0005601341341002756,0.002684647975227256,0.001875997644836311,-0.001382511464773477,0.003408384519440452,0.0004529844473446685,0.0031850604787657163,0.005820132814758866,0.0009210418336660493,0.0019359731275574658,0.011810126874012582,0.0019127482593733988,0.005068011472724336,0.001800967325815615,0.0009805533127610505,0.007870424006339848,0.0024821828675391654,0.0022666916714404496,-0.001327178580256494,0.006731913237358246,0.005343133605685621,0.00040121325348137086,0.0016915514133423594,0.0009392173520963292,0.005396165044503333,0.004229178697831256,0.00013311889600310566,-0.002191649447976625,0.0014609050389400606,0.0002735797010049805,-0.002305023853135641,-0.00043103896474075746,-0.003900148293453091,-0.001264958751454218,0.0005626441283812756,-0.0020710946779580307,0.0029918895725224567,0.005145538194686424,-0.0005601341341002756,0.005343133605685621,0.050024174829543744,0.015720273134816422,0.0058404530163114025,0.00018202119528441403,0.005912823997157561,0.0006727632758515922,-0.0032573000174989705,0.0001289709485208585,0.0034290399432659194,0.002793094582893652,0.007841333380214411,-0.0015733344126160598,-0.0038086450008277973,-0.0008078150803557457,0.001889484671072365,-0.0013215278087876882,0.00013803202583679433,0.0054248860232187016,0.002684647975227256,0.00040121325348137086,0.015720273134816422,0.024957237756724166,0.0037824080912715868,0.00013456839012025566,0.00463797298028588,0.0017898013644877927,-0.0012838530811764936,0.0066876272573519885,0.0016892302926734513,0.00466806809668016,0.004912146126049513,0.0022805041912351593,0.002570753694274153,0.001114365122728354,0.0006468931106442544,0.0034063095953784555,-0.0017965515002533136,0.004221603980847538,0.001875997644836311,0.0016915514133423594,0.0058404530163114025,0.0037824080912715868,0.01006574840518265,-0.000686454481725446,0.005167190116997962,0.0024890102872386125,0.001307548760790392,0.0003395893387825469,0.001813515262942972,0.0015799547606789996,0.000457170681971863,0.002156532056425026,0.0016891490608955855,0.00032594419033097667,-0.0003714909132499939,0.002295068437595249,-4.525346648949028e-5,-0.0010671359901357163,-0.001382511464773477,0.0009392173520963292,0.00018202119528441403,0.00013456839012025566,-0.000686454481725446,0.0032896810825917577,-2.0806178256682707e-5,0.0023924785352913594,-0.0003388464026094739,-0.0004640778618923677,0.00013075451790501536,0.0008940299459307497,-0.0018053118569361034,-0.000842947479809928,0.003691784268125845,0.0010395712664952703,0.0018045663618276992,0.008995760320599778,-0.0014122847757272535,0.0059281110795122004,0.003408384519440452,0.005396165044503333,0.005912823997157561,0.00463797298028588,0.005167190116997962,-2.0806178256682707e-5,0.019307381393789378,0.005057362581608165,0.0008040892450146173,0.00420542833151772,0.0038698211821138863,0.0020730392559065907,0.0051347421441399945,0.0024442134859153372,0.00594551098387608,-0.0032212340169079055,0.00028923941437568914,0.0068161083330342456,-2.9105765756114273e-5,0.004473975913402089,0.0004529844473446685,0.004229178697831256,0.0006727632758515922,0.0017898013644877927,0.0024890102872386125,0.0023924785352913594,0.005057362581608165,0.02528192963514305,-0.0009240599144303805,-0.0009611252196339484,0.0011662636980695944,0.0061830140849589675,0.001665970208865013,-0.0007912189192379367,0.002792735622564728,0.001018899170127325,0.0001485606056733622,0.0018295798473278674,-0.0005863375328882073,-0.0005928121593223349,0.0031850604787657163,0.00013311889600310566,-0.0032573000174989705,-0.0012838530811764936,0.001307548760790392,-0.0003388464026094739,0.0008040892450146173,-0.0009240599144303805,0.005573039867367514,0.0035087477673232843,0.00012342042777813915,-1.8705527107749224e-5,0.0055465575507689276,0.0004902570933807432,-0.001335567315955028,-0.004239217566136159,0.001037501631178015,-0.0020365040872180407,-0.003621811143840777,-0.0008747564623692192,0.005820132814758866,-0.002191649447976625,0.0001289709485208585,0.0066876272573519885,0.0003395893387825469,-0.0004640778618923677,0.00420542833151772,-0.0009611252196339484,0.0035087477673232843,0.0234985967795413,0.0005115791950893137,0.002713348171896541,0.013924655218801906,0.0005032077245797445,0.00013059261641308633,0.0008885088537124387,0.0008011135829755957,0.0016106966434638872,-0.00016083673669479585,0.0018515545472727974,0.0009210418336660493,0.0014609050389400606,0.0034290399432659194,0.0016892302926734513,0.001813515262942972,0.00013075451790501536,0.0038698211821138863,0.0011662636980695944,0.00012342042777813915,0.0005115791950893137,0.004596846211297562,0.0007065743897058947,0.0011165946286180346,0.0007758200899639784,0.0002407683083521366,-0.0028579907351292096,0.0007954836163622228,0.0006500895098247322,-0.002717943530589401,0.002792349525442273,0.0019359731275574658,0.0002735797010049805,0.002793094582893652,0.00466806809668016,0.0015799547606789996,0.0008940299459307497,0.0020730392559065907,0.0061830140849589675,-1.8705527107749224e-5,0.002713348171896541,0.0007065743897058947,0.011497000005700175,0.0033975066252429614,0.0003284226542202089,-0.0055748923192945575,-0.004423401313490397,-6.322192843423802e-5,-0.009574428736682867,-0.0018235270835982031,-0.0002418186746703427,0.011810126874012582,-0.002305023853135641,0.007841333380214411,0.004912146126049513,0.000457170681971863,-0.0018053118569361034,0.0051347421441399945,0.001665970208865013,0.0055465575507689276,0.013924655218801906,0.0011165946286180346,0.0033975066252429614,0.04897188040043433,-0.001069482740499568,-0.0005569330529269921,3.270647864624221e-5,0.001175116503292778,8.699144109713562e-5,0.00020779916027662324,0.0031442134221107126,0.0019127482593733988,-0.00043103896474075746,-0.0015733344126160598,0.0022805041912351593,0.002156532056425026,-0.000842947479809928,0.0024442134859153372,-0.0007912189192379367,0.0004902570933807432,0.0005032077245797445,0.0007758200899639784,0.0003284226542202089,-0.001069482740499568,0.004303071898891318
0.023184596486546208,0.003945078667459457,-0.00010552554962699339,-0.003952586231267163,-0.0020210268521462993,0.0005533526318606427,0.003726158471912554,0.0019938563880813475,0.007651907095745346,-0.0019801844978321803,0.0016627556716216911,0.004031108700162649,-0.0011121285667198145,-0.002797590172067165,0.001308254588053752,-0.0015229201937670043,0.0030195391832429537,0.005222630561940998,0.010095254892481061,0.0027199901643796412,0.003945078667459457,0.014959030519076839,0.0010772280452442688,0.0034430295301804744,0.0033005987465284563,0.0005890373065620923,0.002807217207967754,0.0006183482485031808,0.009061438195673049,0.006138448632346997,0.0001900952746570328,0.0018796695377446878,0.0016191370149857645,0.0018837059391283877,0.001151850033265103,0.0026297387287558542,-0.00012268409699462256,0.003006760289191446,-0.0010040627578520307,0.0013203036172396477,-0.00010552554962699339,0.0010772280452442688,0.002387422668607415,0.0016268825516508472,0.001859145391837583,0.0004663229337269501,-4.3104127481918847e-5,0.00027094550064557104,0.00247180014934086,0.0020458448056694303,0.0017197571983910784,-0.00014504780730237857,0.0003709980402188763,0.0021244467300266935,0.0001536655105701881,0.000993104514406405,0.0004125600199526326,0.0001909512001345427,-0.0004127089972142734,0.0002739581637424934,-0.003952586231267163,0.0034430295301804744,0.0016268825516508472,0.021641564003418448,0.005557071960050626,0.00020284993988786216,0.0010805785680086297,-0.0004187516609298758,0.008290052329571721,0.006092208159311807,-0.0014799837806866731,9.930006552540008e-5,0.0033184930567895106,0.005858370085340922,0.001440174817900733,0.005093628798278772,0.002712349544134937,-0.0004141528900170248,0.002028121257616502,0.0021993698942603707,-0.0020210268521462993,0.0033005987465284563,0.001859145391837583,0.005557071960050626,0.027984286048052462,-4.689753706196201e-5,0.00287589940818708,0.0010330705492490422,0.008577872122520983,0.006749116594106196,0.002228005225094966,0.0015834374794358348,0.005860475575083759,0.008372643878992642,0.002521827865606857,0.003861005447805402,0.0025757380729741503,0.0025659060846247713,0.0035958556549028887,0.0033243387451054314,0.0005533526318606427,0.0005890373065620923,0.0004663229337269501,0.00020284993988786216,-4.689753706196201e-5,0.0043385748906851875,0.00042468425351220563,0.0014187144828432434,0.000798991629950241,0.0017034109804850415,0.0020686956710974083,0.0009131513851798217,0.0013798667331604004,0.0011194035428646059,0.00046625773660247084,0.0007886803398350483,0.0007885281401463886,0.0010164935396644293,0.005816483483280578,-0.00018503108730865808,0.003726158471912554,0.002807217207967754,-4.3104127481918847e-5,0.0010805785680086297,0.00287589940818708,0.00042468425351220563,0.008010622705382421,0.0005971206664456462,0.006541986541708496,0.0025238564197203875,-0.00030570466606977476,0.0024066328331869896,-0.0011636459932904677,-0.0009285542867108083,0.000936970833285491,-0.000947583475393117,0.0020254282577791666,0.003229178196487761,0.004023757358475551,0.0022318969201874043,0.0019938563880813475,0.0006183482485031808,0.00027094550064557104,-0.0004187516609298758,0.0010330705492490422,0.0014187144828432434,0.0005971206664456462,0.003644140177582198,0.0005632784108297168,0.0006817926368847569,0.002287960763974865,0.0016613008285431363,0.0013142572535326776,0.0017608608648407515,0.0008453362283867352,0.00034695308220709497,0.0002999572455649785,0.003096832364752046,0.004177575929371121,0.00021360063659119787,0.007651907095745346,0.009061438195673049,0.00247180014934086,0.008290052329571721,0.008577872122520983,0.000798991629950241,0.006541986541708496,0.0005632784108297168,0.05211559329122275,0.005292976080188258,-0.0042371723829070385,0.0035705338270539157,0.0025292129571063966,0.0010920007293588679,0.00167920815431407,0.0037268558913324725,0.0032938775357298257,0.009458360001133708,3.483693680955329e-5,0.006163711859567689,-0.0019801844978321803,0.006138448632346997,0.0020458448056694303,0.006092208159311807,0.006749116594106196,0.0017034109804850415,0.0025238564197203875,0.0006817926368847569,0.005292976080188258,0.026738388868664434,0.0035502110404524406,-3.014496697318591e-5,0.0030427839556078735,0.0061320321843607905,0.0034192692975245536,0.003614265803343513,0.0012944771638552265,0.0028710321533841955,0.003550330873577725,0.0031956733776566616,0.0016627556716216911,0.0001900952746570328,0.0017197571983910784,-0.0014799837806866731,0.002228005225094966,0.0020686956710974083,-0.00030570466606977476,0.002287960763974865,-0.0042371723829070385,0.0035502110404524406,0.011193678349920435,0.0006364107075586824,0.002213768518339477,0.003576041016633171,0.0009233830222754954,0.0015213686329999948,0.00014310934856255375,0.00010934565962168849,0.005173274702416628,-0.0004963383922410582,0.004031108700162649,0.0018796695377446878,-0.00014504780730237857,9.930006552540008e-5,0.0015834374794358348,0.0009131513851798217,0.0024066328331869896,0.0016613008285431363,0.0035705338270539157,-3.014496697318591e-5,0.0006364107075586824,0.00544766894855754,2.33695197340739e-5,0.0020928413391686712,0.0011713939108926787,-0.0009738679487070963,0.001815600814709441,0.0012100983197096782,0.0071403912442859815,0.0013696055083856334,-0.0011121285667198145,0.0016191370149857645,0.0003709980402188763,0.0033184930567895106,0.005860475575083759,0.0013798667331604004,-0.0011636459932904677,0.0013142572535326776,0.0025292129571063966,0.0030427839556078735,0.002213768518339477,2.33695197340739e-5,0.012214140511390385,0.0032933957849517466,0.0016894823539222218,0.004542515209248638,0.0011579767392321239,0.0013379196882174762,0.003802015176409693,0.0007279324468999736,-0.002797590172067165,0.0018837059391283877,0.0021244467300266935,0.005858370085340922,0.008372643878992642,0.0011194035428646059,-0.0009285542867108083,0.0017608608648407515,0.0010920007293588679,0.0061320321843607905,0.003576041016633171,0.0020928413391686712,0.0032933957849517466,0.021767224990720792,0.0026488689576235685,0.003926580205047672,0.0003322636881934344,-0.0016068518192365842,0.003954409746927117,0.0011994674190542428,0.001308254588053752,0.001151850033265103,0.0001536655105701881,0.001440174817900733,0.002521827865606857,0.00046625773660247084,0.000936970833285491,0.0008453362283867352,0.00167920815431407,0.0034192692975245536,0.0009233830222754954,0.0011713939108926787,0.0016894823539222218,0.0026488689576235685,0.004845594445076855,0.0007134846928181344,0.002299745830649043,0.0018399279734287349,0.006083895741503224,0.0012997344975415443,-0.0015229201937670043,0.0026297387287558542,0.000993104514406405,0.005093628798278772,0.003861005447805402,0.0007886803398350483,-0.000947583475393117,0.00034695308220709497,0.0037268558913324725,0.003614265803343513,0.0015213686329999948,-0.0009738679487070963,0.004542515209248638,0.003926580205047672,0.0007134846928181344,0.014287833946527622,0.0017500043400481078,-0.001174409407800049,-0.0025773342258052674,0.0005653246332757318,0.0030195391832429537,-0.00012268409699462256,0.0004125600199526326,0.002712349544134937,0.0025757380729741503,0.0007885281401463886,0.0020254282577791666,0.0002999572455649785,0.0032938775357298257,0.0012944771638552265,0.00014310934856255375,0.001815600814709441,0.0011579767392321239,0.0003322636881934344,0.002299745830649043,0.0017500043400481078,0.007298371377456683,0.0004608418786044587,0.011621231297698733,0.0016683038733612946,0.005222630561940998,0.003006760289191446,0.0001909512001345427,-0.0004141528900170248,0.0025659060846247713,0.0010164935396644293,0.003229178196487761,0.003096832364752046,0.009458360001133708,0.0028710321533841955,0.00010934565962168849,0.0012100983197096782,0.0013379196882174762,-0.0016068518192365842,0.0018399279734287349,-0.001174409407800049,0.0004608418786044587,0.015996215951237208,0.0012951430275174199,0.0009529072102836787,0.010095254892481061,-0.0010040627578520307,-0.0004127089972142734,0.002028121257616502,0.0035958556549028887,0.005816483483280578,0.004023757358475551,0.004177575929371121,3.483693680955329e-5,0.003550330873577725,0.005173274702416628,0.0071403912442859815,0.003802015176409693,0.003954409746927117,0.006083895741503224,-0.0025773342258052674,0.011621231297698733,0.0012951430275174199,0.060795697584596714,0.003928902566407325,0.0027199901643796412,0.0013203036172396477,0.0002739581637424934,0.0021993698942603707,0.0033243387451054314,-0.00018503108730865808,0.0022318969201874043,0.00021360063659119787,0.006163711859567689,0.0031956733776566616,-0.0004963383922410582,0.0013696055083856334,0.0007279324468999736,0.0011994674190542428,0.0012997344975415443,0.0005653246332757318,0.0016683038733612946,0.0009529072102836787,0.003928902566407325,0.004227808120476652
