0.024385193789669062,-0.00021314971111161788,0.0003196262545693278,0.0018924818527594073,0.0010608900853486206,0.0019231168742754007,-0.0032947559276138624,0.0006380630340411026,-0.002477364272657845,0.0006494905264067136,-0.00013152461608758497,0.002132503561493781,0.001644246592650546,0.0045378792797811755,0.0014692520742576203,0.0014587244587768908,-0.0049007816666468,-0.0021754510120005014,-0.002403236916415033,0.002929666307451485,-0.00021314971111161788,0.009056970546434487,0.0004610626289251685,0.0015668353142198248,0.0009436275251704098,0.0006258356923594786,0.0017747386409857234,0.004239234279605348,0.00266634682884414,-0.0006464706150697569,-0.0006475094624611626,0.0007928922988165036,-0.0008205315433845865,-0.0013112938020242188,0.00044194002318044074,-0.0001405401003853112,0.00035519676138459156,0.0005091446630968231,0.0008431325226283442,-3.6984923151775736e-5,0.0003196262545693278,0.0004610626289251685,0.0032864298149826053,0.0003287291209218967,-9.514631152123456e-5,0.0007354664745177829,0.00024001584478610777,0.003652028476235848,-0.0010602790079452594,0.0010547821458720863,-0.00019474576344914951,-0.00015295671853571372,0.0009862126410589596,-0.0006509964838135171,0.00037045344798397817,-0.00010061562842042168,0.0013146514074919339,0.0005083032829849215,0.0002583506462508151,-0.0001531879759997007,0.0018924818527594073,0.0015668353142198248,0.0003287291209218967,0.009579071217208997,0.0013486938593455613,-0.0010211909983655198,0.0024036897791302487,-0.0023787696959142544,0.0027872997427403185,0.000968959194295864,-0.00041849563610097534,0.0015019246536605373,-0.00012722154534556402,0.00021784819518259478,0.00028757822125529526,0.000836999418835223,-0.002654292455665286,0.0003771149391756547,0.0012950690546247035,8.68399957710251e-5,0.0010608900853486206,0.0009436275251704098,-9.514631152123456e-5,0.0013486938593455613,0.004673077954130769,-0.0005334607938587304,0.0016935367493774362,0.001188233940006877,0.00021722723970355023,0.00038780635044353317,0.00043836845855234027,0.00040143485151417026,-0.00020825262640947455,-0.001098325320702194,0.00011321431876440608,0.0006183260069918006,-0.0003833084931037608,0.0003323863949524895,0.001075469765332571,0.00021075176563403134,0.0019231168742754007,0.0006258356923594786,0.0007354664745177829,-0.0010211909983655198,-0.0005334607938587304,0.0047205446593410715,-0.00025384656821387277,0.0025295799232117914,-0.0003027044257912898,0.0008451117179571136,-0.00013439926289485795,0.001881012142116971,0.0009885927841624012,0.0009272016196549933,0.0005112236561599395,0.000335953344782031,-0.0005080361391400392,0.0007920464590975416,-0.0013608239533813246,0.00023179714661954236,-0.0032947559276138624,0.0017747386409857234,0.00024001584478610777,0.0024036897791302487,0.0016935367493774362,-0.00025384656821387277,0.012035698817993485,0.0021901384197877717,0.002057119230904638,0.002000528877319896,0.0003033476911057293,0.0006597182829377094,-0.00030010771099512343,-0.0015948824555554006,-0.0002213044113558177,0.0008122261892539584,0.0003712156688222251,0.00216196058377188,-0.0006002140075228298,-0.0009234113270005635,0.0006380630340411026,0.004239234279605348,0.003652028476235848,-0.0023787696959142544,0.001188233940006877,0.0025295799232117914,0.0021901384197877717,0.023738239611163458,0.0019574923357856587,0.0005890176074576161,9.147943036065144e-5,0.0011625614973393185,0.001038549565158651,-0.0030110991392682945,0.0009996149367921523,-0.0009233323062133992,0.00536919920588742,0.002135840307274587,-4.9313160239528935e-5,1.400408751035359e-5,-0.002477364272657845,0.00266634682884414,-0.0010602790079452594,0.0027872997427403185,0.00021722723970355023,-0.0003027044257912898,0.002057119230904638,0.0019574923357856587,0.022328253663062864,-0.0016297779881624514,-0.0006569436991076032,0.0017041771092890091,-0.0008911467658676425,-0.0014795004036446064,-1.992644224840709e-5,-0.0003993682531762175,-0.0006020385067355544,-0.0007868787949584619,0.003057553120914056,-0.00031372706647719503,0.0006494905264067136,-0.0006464706150697569,0.0010547821458720863,0.000968959194295864,0.00038780635044353317,0.0008451117179571136,0.002000528877319896,0.0005890176074576161,-0.0016297779881624514,0.018759125440008864,0.000458539063177008,0.002331236539921815,0.0008909358136582615,0.0018202655721479954,0.0017573437643917224,0.0009968744122585962,-0.0019383489082422818,0.0019542760941334307,-0.00025313748362717787,0.0004254949240539925,-0.00013152461608758497,-0.0006475094624611626,-0.00019474576344914951,-0.00041849563610097534,0.00043836845855234027,-0.00013439926289485795,0.0003033476911057293,9.147943036065144e-5,-0.0006569436991076032,0.000458539063177008,0.0016545079952409582,-8.198809610071806e-5,0.0007503938021924186,0.0004338287843703765,0.00011513452134372824,0.0004503344983676719,0.00036569088310440276,0.0005136429220639574,-0.0007895654828356685,-0.00031340295886911514,0.002132503561493781,0.0007928922988165036,-0.00015295671853571372,0.0015019246536605373,0.00040143485151417026,0.001881012142116971,0.0006597182829377094,0.0011625614973393185,0.0017041771092890091,0.002331236539921815,-8.198809610071806e-5,0.009112136426341007,0.0010544388013456968,-8.228346752687053e-6,0.00037967636458386854,0.000637331120847497,-0.0007116918517492848,0.0005152983727317012,-0.0003429687364445898,0.00011868976231024569,0.001644246592650546,-0.0008205315433845865,0.0009862126410589596,-0.00012722154534556402,-0.00020825262640947455,0.0009885927841624012,-0.00030010771099512343,0.001038549565158651,-0.0008911467658676425,0.0008909358136582615,0.0007503938021924186,0.0010544388013456968,0.004489840621850058,0.0004009885027626313,0.00044549372743146146,0.0008803599727303283,0.0008197733288148069,0.0005885156180952959,-0.002200727801417204,-0.0002601162340341772,0.0045378792797811755,-0.0013112938020242188,-0.0006509964838135171,0.00021784819518259478,-0.001098325320702194,0.0009272016196549933,-0.0015948824555554006,-0.0030110991392682945,-0.0014795004036446064,0.0018202655721479954,0.0004338287843703765,-8.228346752687053e-6,0.0004009885027626313,0.008613533913819785,0.001679503771523018,0.00018840124300635212,-0.0028939755519164904,-0.0002602212219683496,-0.0012885052108958656,0.0013119616608381832,0.0014692520742576203,0.00044194002318044074,0.00037045344798397817,0.00028757822125529526,0.00011321431876440608,0.0005112236561599395,-0.0002213044113558177,0.0009996149367921523,-1.992644224840709e-5,0.0017573437643917224,0.00011513452134372824,0.00037967636458386854,0.00044549372743146146,0.001679503771523018,0.0052546906259015366,7.349699410577307e-5,-0.001133354573855563,-0.00043143849398023305,-0.00021823060680072553,0.00045321484025979844,0.0014587244587768908,-0.0001405401003853112,-0.00010061562842042168,0.000836999418835223,0.0006183260069918006,0.000335953344782031,0.0008122261892539584,-0.0009233323062133992,-0.0003993682531762175,0.0009968744122585962,0.0004503344983676719,0.000637331120847497,0.0008803599727303283,0.00018840124300635212,7.349699410577307e-5,0.003945219293371171,-0.0006352703512242341,0.00015655909479699143,-0.0015516560003335028,-8.74966988324427e-6,-0.0049007816666468,0.00035519676138459156,0.0013146514074919339,-0.002654292455665286,-0.0003833084931037608,-0.0005080361391400392,0.0003712156688222251,0.00536919920588742,-0.0006020385067355544,-0.0019383489082422818,0.00036569088310440276,-0.0007116918517492848,0.0008197733288148069,-0.0028939755519164904,-0.001133354573855563,-0.0006352703512242341,0.015957987706396067,0.0007405911666293402,0.0012527761637614594,-0.0008167559274684993,-0.0021754510120005014,0.0005091446630968231,0.0005083032829849215,0.0003771149391756547,0.0003323863949524895,0.0007920464590975416,0.00216196058377188,0.002135840307274587,-0.0007868787949584619,0.0019542760941334307,0.0005136429220639574,0.0005152983727317012,0.0005885156180952959,-0.0002602212219683496,-0.00043143849398023305,0.00015655909479699143,0.0007405911666293402,0.006784968677077368,-0.0012727220694077712,-0.0007438198088911578,-0.002403236916415033,0.0008431325226283442,0.0002583506462508151,0.0012950690546247035,0.001075469765332571,-0.0013608239533813246,-0.0006002140075228298,-4.9313160239528935e-5,0.003057553120914056,-0.00025313748362717787,-0.0007895654828356685,-0.0003429687364445898,-0.002200727801417204,-0.0012885052108958656,-0.00021823060680072553,-0.0015516560003335028,0.0012527761637614594,-0.0012727220694077712,0.012181075534048586,0.0008965728483123041,0.002929666307451485,-3.6984923151775736e-5,-0.0001531879759997007,8.68399957710251e-5,0.00021075176563403134,0.00023179714661954236,-0.0009234113270005635,1.400408751035359e-5,-0.00031372706647719503,0.0004254949240539925,-0.00031340295886911514,0.00011868976231024569,-0.0002601162340341772,0.0013119616608381832,0.00045321484025979844,-8.74966988324427e-6,-0.0008167559274684993,-0.0007438198088911578,0.0008965728483123041,0.002401206255960488
0.03128297785347678,-0.0001293514430649781,0.0023693150116463214,6.36816001943805e-5,0.0022737478027646902,0.002292671601132697,0.008036318501396716,0.007335402696178854,0.011889696568656558,0.002857430621731282,0.002219710256716857,0.005944827093776555,-0.000409073791891839,0.0013362551696396723,0.00849768027552484,0.006240527835664141,0.006830957129694098,0.006979861022481053,-0.001069922398868633,0.0029096591062261375,-0.0001293514430649781,0.013698272572838396,-0.0008982677347469409,0.002100669593905484,0.00040751957338997885,0.001377102164697654,-0.0002597163840975684,-0.00350080951471404,0.0021101987334388407,0.005105043975082463,0.0017407402305351359,0.0011825422300554647,0.003990483303048183,-0.0031296479441674145,0.0021770498795760564,0.000428659421927969,-0.0011983272929651308,0.002418774282787717,0.0021876308270746435,-0.00047788919123081233,0.0023693150116463214,-0.0008982677347469409,0.004316528227852346,0.000360707373892617,0.0009452988155614716,0.0008323849266656908,0.0022497336791151967,0.0035044454647236182,0.0031894383172146176,0.001917458611745659,0.0003647541025390476,0.002384158372534536,0.00026893380613158136,0.0018524344079095963,0.0006754815596873777,0.0021623452571495273,0.00013038018342706876,9.581735638658715e-5,0.0014847739335509759,0.0013199195102354291,6.36816001943805e-5,0.002100669593905484,0.000360707373892617,0.00798451678518474,0.0018169822748139266,0.001387815197561382,0.0018151763642806837,0.006654302555920758,0.003916267424983848,0.004283346985301705,0.000801324085016949,0.002221447124778402,0.0019113634838572398,0.0007833359273326326,0.002051581736540355,0.002352289130800278,0.001342933965440437,0.00021534517006497743,0.0017873729642863749,0.0005343767972725776,0.0022737478027646902,0.00040751957338997885,0.0009452988155614716,0.0018169822748139266,0.0053998937777637234,0.0002168747212358444,0.00239780129667092,0.004051018339612356,0.004200678702498484,0.0023552970623882314,0.0004576130941653617,0.003446106725869767,0.0012719144175774959,0.0023966359209920034,0.0018483102166666657,0.0010445353450568558,0.001807841418069781,0.0016124205589838289,0.0008860186682477838,0.0008956334442673701,0.002292671601132697,0.001377102164697654,0.0008323849266656908,0.001387815197561382,0.0002168747212358444,0.00721221030687084,0.0015581152486305728,0.00018207676372137283,0.0038230360025548766,0.0020944246218961675,0.0008601452536935571,-0.0008099323236600822,0.0003529981634255783,-0.00036649956843842085,0.0015653623568981266,0.00014113434505414447,0.001660775521824206,0.00021625706541647316,-0.00040805453827908947,-0.00025307725463536996,0.008036318501396716,-0.0002597163840975684,0.0022497336791151967,0.0018151763642806837,0.00239780129667092,0.0015581152486305728,0.01495292853237118,0.004346767304120672,0.007306785771912133,0.004032833453827173,0.0010832856795788106,0.0051754280464734355,0.0003399826818575525,0.0015645438056866288,0.0032741675732558136,0.004025799692885319,0.004456051277079241,0.0034488473712656186,0.0022902780431247045,0.003718194630399297,0.007335402696178854,-0.00350080951471404,0.0035044454647236182,0.006654302555920758,0.004051018339612356,0.00018207676372137283,0.004346767304120672,0.0333007203588728,0.008981381509901343,0.009625542286355602,0.00019020355046681228,0.0062077382240899905,0.0027055196917906274,0.006567006916966602,0.005999980858918205,0.00937863709865766,0.0038660841153379897,0.0013276123906550469,0.004503719157021195,0.0023524090948474226,0.011889696568656558,0.0021101987334388407,0.0031894383172146176,0.003916267424983848,0.004200678702498484,0.0038230360025548766,0.007306785771912133,0.008981381509901343,0.032554813994038305,0.012745318607479374,0.0016429400547758046,0.0023859243867217442,0.0018051668777445168,0.0014068657711405448,0.003697625390859946,0.006703717859983605,0.005054528179014671,0.005607602437448208,0.0021109826855048885,0.0031082832711483662,0.002857430621731282,0.005105043975082463,0.001917458611745659,0.004283346985301705,0.0023552970623882314,0.0020944246218961675,0.004032833453827173,0.009625542286355602,0.012745318607479374,0.02400473933698296,0.000561676514654097,0.0015525328296965269,0.0039775432505048496,0.0017290887481443747,0.004215281195775719,0.005919598229809669,0.00237823976631502,0.0032064627705273184,0.0012376099812500302,0.0005196109355422925,0.002219710256716857,0.0017407402305351359,0.0003647541025390476,0.000801324085016949,0.0004576130941653617,0.0008601452536935571,0.0010832856795788106,0.00019020355046681228,0.0016429400547758046,0.000561676514654097,0.0017957642798255716,0.0015085595918168041,0.0003524313805918697,-0.0004153588281535872,0.0011292631809164807,0.0005184900761023301,0.00010656750946438394,0.0014902753381932658,0.0006960818105611743,0.0005901479880920173,0.005944827093776555,0.0011825422300554647,0.002384158372534536,0.002221447124778402,0.003446106725869767,-0.0008099323236600822,0.0051754280464734355,0.0062077382240899905,0.0023859243867217442,0.0015525328296965269,0.0015085595918168041,0.013619344812403303,0.00183416779711111,0.0029786149899096604,0.0036996957917840943,0.0030364949397092113,0.0030988884230208295,0.0028408446221259093,0.003026761520127146,0.0021484481049027417,-0.000409073791891839,0.003990483303048183,0.00026893380613158136,0.0019113634838572398,0.0012719144175774959,0.0003529981634255783,0.0003399826818575525,0.0027055196917906274,0.0018051668777445168,0.0039775432505048496,0.0003524313805918697,0.00183416779711111,0.004850637906056953,0.0005105423861023826,0.0022389231078677567,0.001419912568447819,-5.346984697862889e-5,0.001049229522037429,0.001637290314342549,-0.00029341888994870744,0.0013362551696396723,-0.0031296479441674145,0.0018524344079095963,0.0007833359273326326,0.0023966359209920034,-0.00036649956843842085,0.0015645438056866288,0.006567006916966602,0.0014068657711405448,0.0017290887481443747,-0.0004153588281535872,0.0029786149899096604,0.0005105423861023826,0.009352207834295594,0.0008288385696429389,0.0012868944820719787,0.0006111002835683542,-0.0002064606314915193,0.0015810146498125444,0.0003424279723217336,0.00849768027552484,0.0021770498795760564,0.0006754815596873777,0.002051581736540355,0.0018483102166666657,0.0015653623568981266,0.0032741675732558136,0.005999980858918205,0.003697625390859946,0.004215281195775719,0.0011292631809164807,0.0036996957917840943,0.0022389231078677567,0.0008288385696429389,0.009130133579843273,0.00380692501874308,0.002845809019649128,0.003666937494966646,0.0006182318298230232,0.00016188879637769535,0.006240527835664141,0.000428659421927969,0.0021623452571495273,0.002352289130800278,0.0010445353450568558,0.00014113434505414447,0.004025799692885319,0.00937863709865766,0.006703717859983605,0.005919598229809669,0.0005184900761023301,0.0030364949397092113,0.001419912568447819,0.0012868944820719787,0.00380692501874308,0.007525266574518369,0.0021157979299255133,0.001922504534713349,0.0016178928591137208,0.0013995930630512203,0.006830957129694098,-0.0011983272929651308,0.00013038018342706876,0.001342933965440437,0.001807841418069781,0.001660775521824206,0.004456051277079241,0.0038660841153379897,0.005054528179014671,0.00237823976631502,0.00010656750946438394,0.0030988884230208295,-5.346984697862889e-5,0.0006111002835683542,0.002845809019649128,0.0021157979299255133,0.015031461643905989,0.0014013656240195829,0.00019421704029037558,0.0011899574736029194,0.006979861022481053,0.002418774282787717,9.581735638658715e-5,0.00021534517006497743,0.0016124205589838289,0.00021625706541647316,0.0034488473712656186,0.0013276123906550469,0.005607602437448208,0.0032064627705273184,0.0014902753381932658,0.0028408446221259093,0.001049229522037429,-0.0002064606314915193,0.003666937494966646,0.001922504534713349,0.0014013656240195829,0.008370889702681558,0.0004079531645489121,0.0014216263997131108,-0.001069922398868633,0.0021876308270746435,0.0014847739335509759,0.0017873729642863749,0.0008860186682477838,-0.00040805453827908947,0.0022902780431247045,0.004503719157021195,0.0021109826855048885,0.0012376099812500302,0.0006960818105611743,0.003026761520127146,0.001637290314342549,0.0015810146498125444,0.0006182318298230232,0.0016178928591137208,0.00019421704029037558,0.0004079531645489121,0.009353266292122743,0.0008616844744671366,0.0029096591062261375,-0.00047788919123081233,0.0013199195102354291,0.0005343767972725776,0.0008956334442673701,-0.00025307725463536996,0.003718194630399297,0.0023524090948474226,0.0031082832711483662,0.0005196109355422925,0.0005901479880920173,0.0021484481049027417,-0.00029341888994870744,0.0003424279723217336,0.00016188879637769535,0.0013995930630512203,0.0011899574736029194,0.0014216263997131108,0.0008616844744671366,0.0031262191218449854
