0.006216191568006348,0.0007368654533319056,0.004018837420167912,-0.00019091415805676465,0.0006837592109434171,0.0013023542613482548,-0.000498148923643971,0.0006682408665891614,0.00022835526727199945,0.0020179181289269902,0.00016018188098504372,-0.0003619914595390464,-0.0005917472922236689,0.0006244394761617852,0.00033034424860697636,0.0006373983170779455,-0.00046756193017779115,-0.0002594815100762241,0.00023396086790308774,0.0008615259485467085,0.0007368654533319056,0.004552964641514718,-0.000930943978991253,-0.0001347161664179552,0.0007965187332346013,0.0011232787692790822,0.0005075435016588766,0.0006320968043400273,0.0005385767776511168,0.00015902614677350247,0.00216856955847406,0.0005631158075416814,2.0271136273536437e-5,-0.0003875074455112232,0.000817221737936296,0.0007550539506547624,0.0006171772318252589,0.0024655981810049066,0.00032405937581455897,0.0003569126577614202,0.004018837420167912,-0.000930943978991253,0.029666752693333805,-0.0009807099671083975,0.00013601635199484026,0.001442613009563594,-0.0022059100665343598,0.0007094450107277719,0.0007783430651159239,0.0029597054508672975,-0.004183528545209085,0.0005307911403549443,-0.0005494990192744904,0.0050301137910948954,0.0008183817291950771,0.0003759562833075871,-0.003807439744578642,0.0004842593195705879,-0.0017971409520872797,0.0011122821390055072,-0.00019091415805676465,-0.0001347161664179552,-0.0009807099671083975,0.0024086865051704902,-0.00010413392876843736,-0.0004778161726246106,0.0006598328841503945,-0.0003241772580562022,0.00033725120275307366,0.001440420280199758,0.0007610485813124865,0.0006656960502221679,0.0008154293928343703,0.0014546604236685104,0.00024049480749501525,-0.00041587209583452935,0.00015737174822651927,0.000587972246584848,0.0007369647414244327,0.0003647417541718338,0.0006837592109434171,0.0007965187332346013,0.00013601635199484026,-0.00010413392876843736,0.004045225834324658,0.0006026200455854756,-0.00018062620569884693,0.0011339763977504713,-0.0005688477583976079,0.002265711273636073,0.0021873599701060092,-0.0007135287820721687,-8.923280606304668e-6,0.0006280721503738973,0.0005865198204339548,0.0008309086914394062,0.0008057296599505323,-0.00023728965892812263,0.0013040905971501288,0.0005931391350936801,0.0013023542613482548,0.0011232787692790822,0.001442613009563594,-0.0004778161726246106,0.0006026200455854756,0.012614625810715938,4.0704534079419655e-5,0.0003730801005565568,0.0011201123054248017,0.0028800374993701834,0.005677892176617528,-0.0006781208749976986,-0.001187185016871066,0.00026982725045602847,0.00011275947096912716,0.0016725258432983793,0.0018762866095174903,8.874601289737502e-5,0.0008163172439743444,0.00021920701896376325,-0.000498148923643971,0.0005075435016588766,-0.0022059100665343598,0.0006598328841503945,-0.00018062620569884693,4.0704534079419655e-5,0.0036309725825064343,-0.0009527273714676444,0.00040619760012375035,0.000877251476707309,0.0009188883190686099,-0.00035839069039527794,0.0009443702045657392,-0.0001507585814106061,-0.00042940355666007206,3.728166961172036e-6,0.0012322123556904813,0.0010738277499554734,0.0004516690718178472,0.0003309737273289374,0.0006682408665891614,0.0006320968043400273,0.0007094450107277719,-0.0003241772580562022,0.0011339763977504713,0.0003730801005565568,-0.0009527273714676444,0.002455203852623887,0.0006824239585941837,-0.00028221688805477914,0.0009590186890432438,-0.00016038612370315874,-0.0006619441366838552,0.0009718844735517407,0.0006867078716334371,0.0003176856034356632,-0.000713132742932303,8.691522163432723e-5,0.0011731753732914974,0.0005639468275057771,0.00022835526727199945,0.0005385767776511168,0.0007783430651159239,0.00033725120275307366,-0.0005688477583976079,0.0011201123054248017,0.00040619760012375035,0.0006824239585941837,0.009434576501345533,-0.0015022697678327914,0.0013539048042991212,-7.915918902458733e-5,-0.0009551497586162646,0.002467406157316845,-0.0007521429530878226,-0.0005188441359512168,-0.0006249837035598311,0.0023281606032141745,0.002145343728887637,0.00010212009796258376,0.0020179181289269902,0.00015902614677350247,0.0029597054508672975,0.001440420280199758,0.002265711273636073,0.0028800374993701834,0.000877251476707309,-0.00028221688805477914,-0.0015022697678327914,0.019829661254870512,0.0032127374037474584,-0.0005743929742234352,0.001004083210052464,0.0014698159551270974,0.00039653748866873414,0.0015810801130274315,0.001191691079318137,-0.004399250263991111,0.0005654279211915755,0.0016795883750540725,0.00016018188098504372,0.00216856955847406,-0.004183528545209085,0.0007610485813124865,0.0021873599701060092,0.005677892176617528,0.0009188883190686099,0.0009590186890432438,0.0013539048042991212,0.0032127374037474584,0.02511306694741619,0.001201099437745812,0.0002679707799898689,0.0017470448518944236,0.0005562222872038524,0.0006920989756671835,0.0019365759745204473,0.0006273223701804885,0.002548340589152546,0.0005029928459601072,-0.0003619914595390464,0.0005631158075416814,0.0005307911403549443,0.0006656960502221679,-0.0007135287820721687,-0.0006781208749976986,-0.00035839069039527794,-0.00016038612370315874,-7.915918902458733e-5,-0.0005743929742234352,0.001201099437745812,0.008733912836387504,0.0011688109415332422,0.0009680337228217171,0.0007733163273963313,-0.0007666320752065115,-0.001123706055421557,0.0005641004159262933,-0.001807913213570243,9.206820292625563e-5,-0.0005917472922236689,2.0271136273536437e-5,-0.0005494990192744904,0.0008154293928343703,-8.923280606304668e-6,-0.001187185016871066,0.0009443702045657392,-0.0006619441366838552,-0.0009551497586162646,0.001004083210052464,0.0002679707799898689,0.0011688109415332422,0.004028431530855738,0.0006289662581059871,0.00046863823811941964,-0.0002541478724225948,0.0009217791527102317,0.0006969763605076589,-0.0006641369506815539,-0.0002727837669279173,0.0006244394761617852,-0.0003875074455112232,0.0050301137910948954,0.0014546604236685104,0.0006280721503738973,0.00026982725045602847,-0.0001507585814106061,0.0009718844735517407,0.002467406157316845,0.0014698159551270974,0.0017470448518944236,0.0009680337228217171,0.0006289662581059871,0.0134028035245073,0.0008697464731747121,-0.0009146869050457104,-0.00025657325552483167,0.0003466894609454192,0.0017448222035711363,0.0007830264783380338,0.00033034424860697636,0.000817221737936296,0.0008183817291950771,0.00024049480749501525,0.0005865198204339548,0.00011275947096912716,-0.00042940355666007206,0.0006867078716334371,-0.0007521429530878226,0.00039653748866873414,0.0005562222872038524,0.0007733163273963313,0.00046863823811941964,0.0008697464731747121,0.0028685646537292366,-0.00020155637173039937,-0.0007156134767419108,0.00028356631371385564,-4.6407337026038836e-5,0.00042821097632238854,0.0006373983170779455,0.0007550539506547624,0.0003759562833075871,-0.00041587209583452935,0.0008309086914394062,0.0016725258432983793,3.728166961172036e-6,0.0003176856034356632,-0.0005188441359512168,0.0015810801130274315,0.0006920989756671835,-0.0007666320752065115,-0.0002541478724225948,-0.0009146869050457104,-0.00020155637173039937,0.008973843638902992,0.0008149542636939827,-0.001250771237798512,0.0007206469198832903,1.2416843303490011e-5,-0.00046756193017779115,0.0006171772318252589,-0.003807439744578642,0.00015737174822651927,0.0008057296599505323,0.0018762866095174903,0.0012322123556904813,-0.000713132742932303,-0.0006249837035598311,0.001191691079318137,0.0019365759745204473,-0.001123706055421557,0.0009217791527102317,-0.00025657325552483167,-0.0007156134767419108,0.0008149542636939827,0.006029620977483529,0.0010985521928814585,0.0014831838038295861,-0.0004348768474668528,-0.0002594815100762241,0.0024655981810049066,0.0004842593195705879,0.000587972246584848,-0.00023728965892812263,8.874601289737502e-5,0.0010738277499554734,8.691522163432723e-5,0.0023281606032141745,-0.004399250263991111,0.0006273223701804885,0.0005641004159262933,0.0006969763605076589,0.0003466894609454192,0.00028356631371385564,-0.001250771237798512,0.0010985521928814585,0.014463600513287763,0.0008087309726932022,-2.680137202813748e-6,0.00023396086790308774,0.00032405937581455897,-0.0017971409520872797,0.0007369647414244327,0.0013040905971501288,0.0008163172439743444,0.0004516690718178472,0.0011731753732914974,0.002145343728887637,0.0005654279211915755,0.002548340589152546,-0.001807913213570243,-0.0006641369506815539,0.0017448222035711363,-4.6407337026038836e-5,0.0007206469198832903,0.0014831838038295861,0.0008087309726932022,0.009006241202857816,0.00114443153810493,0.0008615259485467085,0.0003569126577614202,0.0011122821390055072,0.0003647417541718338,0.0005931391350936801,0.00021920701896376325,0.0003309737273289374,0.0005639468275057771,0.00010212009796258376,0.0016795883750540725,0.0005029928459601072,9.206820292625563e-5,-0.0002727837669279173,0.0007830264783380338,0.00042821097632238854,1.2416843303490011e-5,-0.0004348768474668528,-2.680137202813748e-6,0.00114443153810493,0.0036851818195342296
0.006901821130488085,0.0005660795996605631,0.00793994786518268,0.0005484870322283312,0.00034636794687989804,0.003393362840260043,0.0022863045115216448,0.0010911392631314347,0.0026974583268651485,0.0011528891159449097,0.0027609504560649166,0.0032971853934123355,0.0015027242648463256,0.003999450733393398,0.0026546257314040635,0.003793353984842185,0.0013009487459134752,0.002944780355244335,0.0023515420388517784,0.0006577696700140846,0.0005660795996605631,0.005135151640551025,0.003463480717730637,0.0007225652708239208,-0.000938146383286231,-5.18786014627547e-5,0.0006131827705442578,0.0012923582815311694,-0.00042488525873611224,0.0026224273927749134,-0.000760306976286548,-0.0006971098781796807,0.001229914364868019,0.00284614027105809,0.0007922247528694816,-0.0002104414977301466,0.0018773975788309173,-5.8921597374180044e-5,0.001049815646279873,0.000525732476380172,0.00793994786518268,0.003463480717730637,0.04043386163214291,0.002442140048217794,0.0006089079302259498,0.006064416776284153,0.007350222282833982,0.0025619167066987854,0.005408941646804752,0.004266627491918489,0.008286115243481931,0.007438802710587341,0.0031058763158664103,0.00915625560659189,0.006728546111509,0.011071501651589023,0.004581717365041097,0.010811872046753494,0.009009365846766319,8.01321860689993e-5,0.0005484870322283312,0.0007225652708239208,0.002442140048217794,0.0024493601166377813,0.00011724258634180723,0.0035934163339374605,0.00046767593529871296,0.0005053230482989638,0.0010498429784402278,0.0027263298956929872,0.0004372971848617329,0.0027407713646512046,0.0007708294231466099,0.00243799605091342,0.001246939284378498,0.0019787170818944926,0.0011130900508453984,0.0010996283453864227,0.0003121679920641596,0.0014660439866840047,0.00034636794687989804,-0.000938146383286231,0.0006089079302259498,0.00011724258634180723,0.004216182669566383,0.0019368373917226236,0.0002507650287806114,-0.00043604456231468745,0.0033686110675508942,0.0010542247874811368,0.0009274849525084988,0.0033211133345016223,-0.00034601023499908064,-0.0007799592823501688,0.0002789605301625745,0.004117906147767093,0.0005151963158760298,0.003986981987222485,0.0006796833232736679,0.0024398833160366156,0.003393362840260043,-5.18786014627547e-5,0.006064416776284153,0.0035934163339374605,0.0019368373917226236,0.024029357427756574,0.0025856738703855017,0.0019050018547589333,0.008395323959173329,0.009663723955293666,0.007422595222553204,0.011586064769784398,0.0045861717431924355,0.005445312895824165,0.00464646192587613,0.009426329302373651,0.00033837427142918513,0.008317950636703065,0.0011341377135347377,0.00540421448948316,0.0022863045115216448,0.0006131827705442578,0.007350222282833982,0.00046767593529871296,0.0002507650287806114,0.0025856738703855017,0.004114313572721834,0.0012135719206368006,0.0014776173378676961,0.0023813117567096607,0.0023606615664229667,0.0019634500747816273,0.0010759496096970362,0.0013626674994951103,0.0014475964680729706,0.002697468479783017,0.00044672645729756634,0.002172506982331705,0.0025397403217633555,-0.00046479051483705393,0.0010911392631314347,0.0012923582815311694,0.0025619167066987854,0.0005053230482989638,-0.00043604456231468745,0.0019050018547589333,0.0012135719206368006,0.002176275748632394,0.0002014767999187248,0.0022293386192791514,0.0019093940824345557,0.0009292966453252921,0.0016519804013041801,0.0019006249237435325,0.0008115568697854214,0.0007791418832267397,0.0007423339180055145,0.0008951071825725258,0.0005917737088721646,0.00028579068396333206,0.0026974583268651485,-0.00042488525873611224,0.005408941646804752,0.0010498429784402278,0.0033686110675508942,0.008395323959173329,0.0014776173378676961,0.0002014767999187248,0.015994182684162056,0.004188529827278375,0.005377490030522324,0.008438310934654145,0.0008675561213731338,0.0020189836894594837,0.0034872636041908952,0.01130253959549381,0.0015573791775784515,0.009802257567771422,0.00101675402988643,0.0066676540363608885,0.0011528891159449097,0.0026224273927749134,0.004266627491918489,0.0027263298956929872,0.0010542247874811368,0.009663723955293666,0.0023813117567096607,0.0022293386192791514,0.004188529827278375,0.015868544418830507,0.0019635006212358457,0.004463761362563815,0.003994418476858091,0.0032293917704141898,0.0020127048242184866,0.004041360920159199,0.0018860138208506086,0.003499662450798336,0.0012414180296320622,0.004274503196039838,0.0027609504560649166,-0.000760306976286548,0.008286115243481931,0.0004372971848617329,0.0009274849525084988,0.007422595222553204,0.0023606615664229667,0.0019093940824345557,0.005377490030522324,0.0019635006212358457,0.036083491681774264,0.010560098587356483,0.005393004688720886,0.005029302348406086,0.005617691806657181,0.005449826799658395,-5.396373238190672e-5,0.010609404269846197,0.00461511163065462,-0.001027344487662447,0.0032971853934123355,-0.0006971098781796807,0.007438802710587341,0.0027407713646512046,0.0033211133345016223,0.011586064769784398,0.0019634500747816273,0.0009292966453252921,0.008438310934654145,0.004463761362563815,0.010560098587356483,0.020202942936109552,0.002201792750887185,0.0061448768660693764,0.004755849993720095,0.012422409795645437,0.001896289742954292,0.009504116995989024,0.0035100208421480544,0.005973176546132067,0.0015027242648463256,0.001229914364868019,0.0031058763158664103,0.0007708294231466099,-0.00034601023499908064,0.0045861717431924355,0.0010759496096970362,0.0016519804013041801,0.0008675561213731338,0.003994418476858091,0.005393004688720886,0.002201792750887185,0.007061945777341974,0.0030486928420459507,0.0011719031440055715,-1.1538454001219604e-5,0.0004314617814857858,0.0015192531263871168,0.0015868477243865951,0.001765719283973741,0.003999450733393398,0.00284614027105809,0.00915625560659189,0.00243799605091342,-0.0007799592823501688,0.005445312895824165,0.0013626674994951103,0.0019006249237435325,0.0020189836894594837,0.0032293917704141898,0.005029302348406086,0.0061448768660693764,0.0030486928420459507,0.020319953186586456,0.003608682988041307,0.008085822687608792,0.004503168619866375,0.006166563208486769,0.0021090897340861627,0.003094580271162931,0.0026546257314040635,0.0007922247528694816,0.006728546111509,0.001246939284378498,0.0002789605301625745,0.00464646192587613,0.0014475964680729706,0.0008115568697854214,0.0034872636041908952,0.0020127048242184866,0.005617691806657181,0.004755849993720095,0.0011719031440055715,0.003608682988041307,0.004928425783173882,0.004444292959629746,0.001624696038988625,0.004010402233140645,0.0019458850734947928,0.0009371182513544223,0.003793353984842185,-0.0002104414977301466,0.011071501651589023,0.0019787170818944926,0.004117906147767093,0.009426329302373651,0.002697468479783017,0.0007791418832267397,0.01130253959549381,0.004041360920159199,0.005449826799658395,0.012422409795645437,-1.1538454001219604e-5,0.008085822687608792,0.004444292959629746,0.022788257987094225,0.00272941992248824,0.012665323523923943,0.002631651305898772,0.007765183407544277,0.0013009487459134752,0.0018773975788309173,0.004581717365041097,0.0011130900508453984,0.0005151963158760298,0.00033837427142918513,0.00044672645729756634,0.0007423339180055145,0.0015573791775784515,0.0018860138208506086,-5.396373238190672e-5,0.001896289742954292,0.0004314617814857858,0.004503168619866375,0.001624696038988625,0.00272941992248824,0.004657819746253818,0.0023955094664598097,0.0007255666460944211,0.001699363361032062,0.002944780355244335,-5.8921597374180044e-5,0.010811872046753494,0.0010996283453864227,0.003986981987222485,0.008317950636703065,0.002172506982331705,0.0008951071825725258,0.009802257567771422,0.003499662450798336,0.010609404269846197,0.009504116995989024,0.0015192531263871168,0.006166563208486769,0.004010402233140645,0.012665323523923943,0.0023955094664598097,0.02162325905781235,0.002609398856574353,0.005127578501045905,0.0023515420388517784,0.001049815646279873,0.009009365846766319,0.0003121679920641596,0.0006796833232736679,0.0011341377135347377,0.0025397403217633555,0.0005917737088721646,0.00101675402988643,0.0012414180296320622,0.00461511163065462,0.0035100208421480544,0.0015868477243865951,0.0021090897340861627,0.0019458850734947928,0.002631651305898772,0.0007255666460944211,0.002609398856574353,0.008848704261445857,-0.0014855497612516941,0.0006577696700140846,0.000525732476380172,8.01321860689993e-5,0.0014660439866840047,0.0024398833160366156,0.00540421448948316,-0.00046479051483705393,0.00028579068396333206,0.0066676540363608885,0.004274503196039838,-0.001027344487662447,0.005973176546132067,0.001765719283973741,0.003094580271162931,0.0009371182513544223,0.007765183407544277,0.001699363361032062,0.005127578501045905,-0.0014855497612516941,0.01027196519632068
