0.014128889100684727,0.00023964925706309963,-0.00024053172953884946,0.0004508062377944138,0.0005157386040592624,0.0014825764772133329,0.00040743572450057926,0.000396917438614642,0.0004027022306221168,0.00024131182972337767,0.0003864808745360917,0.00023796606502061326,0.001047743660782776,0.0017018005260176674,-1.6126169785349023e-5,0.00029786425556327416,0.001377352136177136,0.0013746801874274673,-0.00029196683540906273,0.00010456690746920357,0.00023964925706309963,0.02030805093485566,0.0005821806293786971,0.0005869037099445574,0.000736999174703515,2.6452057527757926e-6,0.0013797775176682004,0.00011686003446071845,0.0008604243444030996,0.0012512379892121385,0.0012755434974180118,-0.0003588973709941219,0.0036169635274261786,-0.0004931138159525888,0.0010032452467696575,-0.00046344995781094156,0.000991566629910223,0.003065323106745982,1.762506978991561e-5,0.0003176606098554453,-0.00024053172953884946,0.0005821806293786971,0.0018662196242720949,-6.0420318720395746e-5,1.8827168531397476e-6,-0.00011691701406781857,-0.0001795317340807325,1.4990431573990894e-5,7.198011314070787e-5,-0.00011005024754080734,0.0004614928551721879,0.00018476285422779336,0.0007858217618107203,-0.00015620081921096138,-8.451436507844986e-5,0.0003035337276838195,-0.0002750128477246794,-1.1393071932532196e-6,4.8495582091084185e-5,0.000160933229414136,0.0004508062377944138,0.0005869037099445574,-6.0420318720395746e-5,0.003179339373219324,0.00031731156232762145,0.0005231298637019379,5.944606464836018e-5,-2.4007787880856135e-6,0.00039731947533366564,0.0011470372276712558,0.0002451177986523105,2.1145919044663426e-5,0.0006437244534815912,0.0002686807883912676,0.0003474539921208809,0.00012859357491036203,0.0008516538699790921,0.0007168335666937298,-8.605791282772428e-5,0.0002397161850047938,0.0005157386040592624,0.000736999174703515,1.8827168531397476e-6,0.00031731156232762145,0.0013610563422752186,0.00022145799947177823,0.0003413686543662819,-9.573248545474285e-5,0.0002954382077244997,0.0005721442930373294,-0.0002114631941016224,0.0003009097150809636,0.00014442552360364433,0.0002346492168812378,0.0006875479911563867,0.0001985330351815276,0.00041561488360978573,0.0009749583709972661,-5.237241032462579e-5,6.057426393242445e-5,0.0014825764772133329,2.6452057527757926e-6,-0.00011691701406781857,0.0005231298637019379,0.00022145799947177823,0.00458341208275975,0.0006217822314848174,0.0005169293762095856,2.8824373185318104e-5,0.0008047276463254986,0.0012895264218821204,0.00038655544381563676,0.0007540751877534516,0.0006703946425312265,0.0006644018208195189,-0.00012313090772176618,0.0005547224655837723,0.001049442993988724,-0.0002508414117059118,0.0003194910434307733,0.00040743572450057926,0.0013797775176682004,-0.0001795317340807325,5.944606464836018e-5,0.0003413686543662819,0.0006217822314848174,0.005230073622836407,0.00048230441234038153,0.00013383750355621603,5.3825083654891974e-5,0.0004558058022875454,0.00019843971330209793,0.0007917173781322524,0.0003235768753668109,0.0003965966533150306,0.0005593420363099396,0.00030985017494906703,0.0013241232354708377,0.0003181219459846145,-0.00017499163382721282,0.000396917438614642,0.00011686003446071845,1.4990431573990894e-5,-2.4007787880856135e-6,-9.573248545474285e-5,0.0005169293762095856,0.00048230441234038153,0.0028872023063151913,-8.457226933360593e-5,0.000443289293957633,0.000507331400006306,0.00042690261097651303,-0.0001413962842072477,3.7790210109569394e-5,7.762088138410729e-5,0.0004239075236372038,0.0003845233231958924,0.0004263577582868567,-0.00036290492397367746,0.00028582298996298174,0.0004027022306221168,0.0008604243444030996,7.198011314070787e-5,0.00039731947533366564,0.0002954382077244997,2.8824373185318104e-5,0.00013383750355621603,-8.457226933360593e-5,0.0014542532835037632,0.00013327422835871162,0.0003892801368959055,0.0001746743705867111,4.481818280292608e-5,0.00039696042133208415,0.0008075453697810615,-2.8231607447344878e-5,0.0001907900972360387,0.0006003504190243859,6.454197432786914e-5,3.390966590885334e-5,0.00024131182972337767,0.0012512379892121385,-0.00011005024754080734,0.0011470372276712558,0.0005721442930373294,0.0008047276463254986,5.3825083654891974e-5,0.000443289293957633,0.00013327422835871162,0.0066603813676490865,-0.000662456280856547,-9.830620632183655e-5,0.0007292797743816621,0.0005320407391365717,-0.0006351416968004399,0.00018084465616497467,0.0010736003498626606,0.0018663973032491947,0.00028807170577599026,0.0002296050016405473,0.0003864808745360917,0.0012755434974180118,0.0004614928551721879,0.0002451177986523105,-0.0002114631941016224,0.0012895264218821204,0.0004558058022875454,0.000507331400006306,0.0003892801368959055,-0.000662456280856547,0.016510958736596335,0.0006669513494391625,0.0029068245061205237,0.0007567450233783942,0.0012088878931104043,-0.00019312692861235087,0.00012271097137337436,0.0004588392066724047,0.0004826005532514283,0.0004682162860331824,0.00023796606502061326,-0.0003588973709941219,0.00018476285422779336,2.1145919044663426e-5,0.0003009097150809636,0.00038655544381563676,0.00019843971330209793,0.00042690261097651303,0.0001746743705867111,-9.830620632183655e-5,0.0006669513494391625,0.0036766413326640157,-2.90324255080948e-5,0.0004274559571457012,-0.0006207067064479368,0.00035993995136809215,0.00046098435157532,0.0005611440776987005,-0.00011579831737920543,0.0001893652478874304,0.001047743660782776,0.0036169635274261786,0.0007858217618107203,0.0006437244534815912,0.00014442552360364433,0.0007540751877534516,0.0007917173781322524,-0.0001413962842072477,4.481818280292608e-5,0.0007292797743816621,0.0029068245061205237,-2.90324255080948e-5,0.016707635223628527,0.0007242990977888778,0.00013392792842665364,0.0004315663614849435,0.0008385964271763351,0.0013495305777951674,9.13054035872119e-5,0.00035377269629634857,0.0017018005260176674,-0.0004931138159525888,-0.00015620081921096138,0.0002686807883912676,0.0002346492168812378,0.0006703946425312265,0.0003235768753668109,3.7790210109569394e-5,0.00039696042133208415,0.0005320407391365717,0.0007567450233783942,0.0004274559571457012,0.0007242990977888778,0.0036254931458707122,0.0008171759732134293,0.0001142314608481496,0.0005293909943970447,0.0009152752166592804,-1.15538052679427e-5,0.0002204894193156468,-1.6126169785349023e-5,0.0010032452467696575,-8.451436507844986e-5,0.0003474539921208809,0.0006875479911563867,0.0006644018208195189,0.0003965966533150306,7.762088138410729e-5,0.0008075453697810615,-0.0006351416968004399,0.0012088878931104043,-0.0006207067064479368,0.00013392792842665364,0.0008171759732134293,0.012905887451861275,-0.00033409665760499545,-8.300249345749203e-5,-0.0005337979744791725,0.0006876344601182864,-7.410431631356816e-5,0.00029786425556327416,-0.00046344995781094156,0.0003035337276838195,0.00012859357491036203,0.0001985330351815276,-0.00012313090772176618,0.0005593420363099396,0.0004239075236372038,-2.8231607447344878e-5,0.00018084465616497467,-0.00019312692861235087,0.00035993995136809215,0.0004315663614849435,0.0001142314608481496,-0.00033409665760499545,0.002222197599580269,0.0002783453729751391,0.0007652614951833192,0.0003674081398084023,0.00019345102150231805,0.001377352136177136,0.000991566629910223,-0.0002750128477246794,0.0008516538699790921,0.00041561488360978573,0.0005547224655837723,0.00030985017494906703,0.0003845233231958924,0.0001907900972360387,0.0010736003498626606,0.00012271097137337436,0.00046098435157532,0.0008385964271763351,0.0005293909943970447,-8.300249345749203e-5,0.0002783453729751391,0.004264938661589639,0.0011430995667736353,-5.3604541510836616e-5,0.00028739582407717187,0.0013746801874274673,0.003065323106745982,-1.1393071932532196e-6,0.0007168335666937298,0.0009749583709972661,0.001049442993988724,0.0013241232354708377,0.0004263577582868567,0.0006003504190243859,0.0018663973032491947,0.0004588392066724047,0.0005611440776987005,0.0013495305777951674,0.0009152752166592804,-0.0005337979744791725,0.0007652614951833192,0.0011430995667736353,0.022321032293000774,0.0019366503478527694,-0.00025957749614148275,-0.00029196683540906273,1.762506978991561e-5,4.8495582091084185e-5,-8.605791282772428e-5,-5.237241032462579e-5,-0.0002508414117059118,0.0003181219459846145,-0.00036290492397367746,6.454197432786914e-5,0.00028807170577599026,0.0004826005532514283,-0.00011579831737920543,9.13054035872119e-5,-1.15538052679427e-5,0.0006876344601182864,0.0003674081398084023,-5.3604541510836616e-5,0.0019366503478527694,0.00429576331344612,3.187945947015616e-5,0.00010456690746920357,0.0003176606098554453,0.000160933229414136,0.0002397161850047938,6.057426393242445e-5,0.0003194910434307733,-0.00017499163382721282,0.00028582298996298174,3.390966590885334e-5,0.0002296050016405473,0.0004682162860331824,0.0001893652478874304,0.00035377269629634857,0.0002204894193156468,-7.410431631356816e-5,0.00019345102150231805,0.00028739582407717187,-0.00025957749614148275,3.187945947015616e-5,0.001645935425193388
