0.03595421364724494,0.0006137684785257971,0.006089978997548921,0.0020885823407934107,0.0015862148299490145,0.0027217665398455455,0.001153261392273879,0.0010167771258430326,0.005174522176524194,0.0019896245235296152,0.008734005406298602,-0.0013088324388494026,0.0008135389781849197,-0.0004942093147981309,0.00013061031904546667,0.0007815217502247826,0.001442691442037288,0.0022014174395760125,0.0034907108024015017,0.0027387877955746534,0.0006137684785257971,0.0011842180941147975,-4.2297233191447656e-5,0.0006336136679679241,0.0004413709261838261,0.000922298521881334,0.00036538564446047357,-7.808155322918366e-5,0.0010498656930757965,0.00015206362325282833,0.000935157282115023,0.00025730463237827553,0.0003749113343503292,-0.00023568051298557562,0.0008323299748612765,0.0001951429839749621,0.0009400349624925923,0.0007400634207239265,0.0004709931913959372,0.00025709762151896376,0.006089978997548921,-4.2297233191447656e-5,0.017251049813784794,0.0009490914975463521,0.002874828237063671,0.0035002362192790713,0.0005057113884579009,0.0008152327973365424,0.003300655499280555,0.0013855107092710839,0.008877438648859105,-6.503399908222183e-5,0.0010947111954384182,0.0035508112343123907,0.00112142684811964,0.0006174317742232466,0.0012007961422879142,0.0031460644392059317,0.0015377254320542288,0.0012500719319601347,0.0020885823407934107,0.0006336136679679241,0.0009490914975463521,0.006650330623058151,0.0019324233599625233,0.0004764954343293664,0.00017291394839672226,-0.0001253960624466765,0.0018386143744771946,0.0006808381952009423,0.0009356236147998062,0.0007718934038286357,0.0009395422049351311,0.0005816992279914512,0.002630581639220534,0.0006480891822718778,0.0021505822719394916,0.0015777522642785712,0.0013468475574964268,-0.0007060067252905375,0.0015862148299490145,0.0004413709261838261,0.002874828237063671,0.0019324233599625233,0.028578283174147782,0.0026954840605709724,0.0016704566707066498,0.00022971950567405333,0.002069575460178566,0.0028514123196445515,0.007218702552799513,0.003573403045856503,0.0017155402099812305,0.0022452264257980157,0.0015893916087625993,0.0011816797119168286,0.0019734755843847807,0.001974215633961162,0.0033045257239252878,0.003190000400248809,0.0027217665398455455,0.000922298521881334,0.0035002362192790713,0.0004764954343293664,0.0026954840605709724,0.019753771448843112,0.0017581437636549533,0.000252880594972072,0.0035271349799736616,0.0008539466283147885,0.0031040655198957302,0.0020457914744405094,0.0013886659200227623,0.002543976793460096,0.0010645934274823975,0.0005014417493747236,0.004177873507966754,0.0031897449676958206,0.0006566741241976143,0.003310207848155563,0.001153261392273879,0.00036538564446047357,0.0005057113884579009,0.00017291394839672226,0.0016704566707066498,0.0017581437636549533,0.003049778708146538,6.633904614546701e-5,0.0011762016075415904,0.0005950102113665253,0.0020820602852049492,0.0005660728249144504,0.0003728314117860664,-0.0006580882850959092,0.0005352967673304571,0.000605841979033139,0.00102617019641722,0.0015967303523792484,0.0010074786863796764,0.0019441301192646447,0.0010167771258430326,-7.808155322918366e-5,0.0008152327973365424,-0.0001253960624466765,0.00022971950567405333,0.000252880594972072,6.633904614546701e-5,0.0010826616192306808,-3.8277589883311224e-5,0.00020606371984728455,0.0010143995204400442,0.00015308581425715076,0.00027676542133840215,0.00030355367442520397,-8.770441448221603e-5,4.943235320513792e-5,-0.00011703495314393137,0.0004439809917474914,9.881180928307374e-5,0.0012590696948027388,0.005174522176524194,0.0010498656930757965,0.003300655499280555,0.0018386143744771946,0.002069575460178566,0.0035271349799736616,0.0011762016075415904,-3.8277589883311224e-5,0.018607116698508792,-0.00018140232598758284,0.004624332509190573,-0.0002705445352561174,0.0011422541628888917,0.0005634354716459104,0.00011878187791771627,-9.60785712353948e-8,0.0019852740028479775,0.002872448568679873,0.0027252600628867823,0.002589981309274617,0.0019896245235296152,0.00015206362325282833,0.0013855107092710839,0.0006808381952009423,0.0028514123196445515,0.0008539466283147885,0.0005950102113665253,0.00020606371984728455,-0.00018140232598758284,0.003560768566913255,0.0027615129849694288,0.0012912673586480679,0.0005827894990505882,0.0009168187379012033,0.000689533412951722,0.0006969197860249739,0.0018278266998910464,0.0011455566230900893,0.0008619005764489203,-0.00020874529153190287,0.008734005406298602,0.000935157282115023,0.008877438648859105,0.0009356236147998062,0.007218702552799513,0.0031040655198957302,0.0020820602852049492,0.0010143995204400442,0.004624332509190573,0.0027615129849694288,0.034433919813901454,0.003255841894796805,0.0009585198714898527,-0.00021966994689972576,0.0015848380791845568,0.0021098966825170845,-0.00028492083836212856,0.002711274706277549,0.0020446485934418213,0.00409016690900652,-0.0013088324388494026,0.00025730463237827553,-6.503399908222183e-5,0.0007718934038286357,0.003573403045856503,0.0020457914744405094,0.0005660728249144504,0.00015308581425715076,-0.0002705445352561174,0.0012912673586480679,0.003255841894796805,0.01049123800108721,0.0016595833987678975,0.001142218180065583,0.002113517954530305,0.0006382609304220766,0.002243830900114316,0.001744268438493922,-0.0008528656438731552,0.00035655006433335897,0.0008135389781849197,0.0003749113343503292,0.0010947111954384182,0.0009395422049351311,0.0017155402099812305,0.0013886659200227623,0.0003728314117860664,0.00027676542133840215,0.0011422541628888917,0.0005827894990505882,0.0009585198714898527,0.0016595833987678975,0.003328041522468859,0.0010054993193216845,0.0016962680138230476,0.00029033678890997715,0.0014430386964736715,0.0019141453911533219,0.00038105972319498024,0.0004023968424494822,-0.0004942093147981309,-0.00023568051298557562,0.0035508112343123907,0.0005816992279914512,0.0022452264257980157,0.002543976793460096,-0.0006580882850959092,0.00030355367442520397,0.0005634354716459104,0.0009168187379012033,-0.00021966994689972576,0.001142218180065583,0.0010054993193216845,0.025290018133676023,0.0029024125042989395,-0.0001726590713799618,0.0011670419914547579,-0.0017045499052631187,-0.00029562422312801376,-0.0011824008186260017,0.00013061031904546667,0.0008323299748612765,0.00112142684811964,0.002630581639220534,0.0015893916087625993,0.0010645934274823975,0.0005352967673304571,-8.770441448221603e-5,0.00011878187791771627,0.000689533412951722,0.0015848380791845568,0.002113517954530305,0.0016962680138230476,0.0029024125042989395,0.015673708147188745,0.0011837919258165213,0.003623568754281629,0.00367106929580669,0.0004967389337476234,0.0005017504368662268,0.0007815217502247826,0.0001951429839749621,0.0006174317742232466,0.0006480891822718778,0.0011816797119168286,0.0005014417493747236,0.000605841979033139,4.943235320513792e-5,-9.60785712353948e-8,0.0006969197860249739,0.0021098966825170845,0.0006382609304220766,0.00029033678890997715,-0.0001726590713799618,0.0011837919258165213,0.001615335470755822,0.0013419241705471968,0.0009220330027387615,0.0006124318436613277,0.00032926841051636165,0.001442691442037288,0.0009400349624925923,0.0012007961422879142,0.0021505822719394916,0.0019734755843847807,0.004177873507966754,0.00102617019641722,-0.00011703495314393137,0.0019852740028479775,0.0018278266998910464,-0.00028492083836212856,0.002243830900114316,0.0014430386964736715,0.0011670419914547579,0.003623568754281629,0.0013419241705471968,0.015295954173542693,0.006471493429753361,0.000497893324584306,0.0013113325216193566,0.0022014174395760125,0.0007400634207239265,0.0031460644392059317,0.0015777522642785712,0.001974215633961162,0.0031897449676958206,0.0015967303523792484,0.0004439809917474914,0.002872448568679873,0.0011455566230900893,0.002711274706277549,0.001744268438493922,0.0019141453911533219,-0.0017045499052631187,0.00367106929580669,0.0009220330027387615,0.006471493429753361,0.018223115285677403,0.0009843871246785138,0.0018339276404082828,0.0034907108024015017,0.0004709931913959372,0.0015377254320542288,0.0013468475574964268,0.0033045257239252878,0.0006566741241976143,0.0010074786863796764,9.881180928307374e-5,0.0027252600628867823,0.0008619005764489203,0.0020446485934418213,-0.0008528656438731552,0.00038105972319498024,-0.00029562422312801376,0.0004967389337476234,0.0006124318436613277,0.000497893324584306,0.0009843871246785138,0.005689901806385381,0.001294536740517895,0.0027387877955746534,0.00025709762151896376,0.0012500719319601347,-0.0007060067252905375,0.003190000400248809,0.003310207848155563,0.0019441301192646447,0.0012590696948027388,0.002589981309274617,-0.00020874529153190287,0.00409016690900652,0.00035655006433335897,0.0004023968424494822,-0.0011824008186260017,0.0005017504368662268,0.00032926841051636165,0.0013113325216193566,0.0018339276404082828,0.001294536740517895,0.02607771957828056
