0.004917970801745115,0.00012837161800341413,0.0036018889038875223,0.0007360208105329888,-0.00022757404255932838,0.0028944412932754657,-0.00045931444183859257,8.231708430468101e-5,-0.00023252101685334204,-0.00035358993818763654,0.0037366750713672126,-0.0017178181594459992,0.00012634212962912524,0.0004712170156448468,0.00012025806321944117,-0.00011572877880686481,0.0010662557475521783,0.0009913566343176111,0.0009171248640366426,-0.00016855640603826192,0.00012837161800341413,0.003856839421272051,0.001820161382483365,0.0001795418101324357,-0.00030553655535461594,0.001992845592118025,0.0006584163142228129,-4.46910841823021e-6,0.00091177206825066,1.9291468894615584e-6,0.0013358827422150273,0.0024490195223449904,0.0004004267903582681,0.0012087126780497082,0.00021616007608738028,0.0008205761677400254,0.00047467716164719987,0.0009815817386854852,0.0008074030002029713,0.0010795153846666064,0.0036018889038875223,0.001820161382483365,0.028923456152761803,-0.0018534032143767592,-0.0017094971832307252,0.002832173612764643,6.250023613816756e-5,0.0007019367958293146,0.0008081094487145616,-0.00029722650718243384,0.009514532513289802,0.0016160588948292475,0.0014518515709179638,0.00198884154827302,0.0015553429437826928,-0.0001673570727568127,0.00016036133791222775,0.005137436455370029,0.0006353309919255056,-0.0006651762765065989,0.0007360208105329888,0.0001795418101324357,-0.0018534032143767592,0.002582356640793809,-3.098097896859466e-5,0.0024448029205115336,-8.05499449676528e-5,-0.0004210135434851887,0.0006301438066001869,0.0005779472294366148,-0.0008260999216366215,-0.0016633041745403715,-8.393325748491648e-5,0.0011272459885845326,-0.000252628333483159,0.0002738637263448281,0.0008558577475383267,0.00041440841241587023,0.0008882671545943392,0.0003599888926519411,-0.00022757404255932838,-0.00030553655535461594,-0.0017094971832307252,-3.098097896859466e-5,0.003219659077137183,-0.000952457122462587,0.0004197459292624141,0.0006444712791958876,-0.0001912660233678072,0.0010337737965535059,0.00021884561023251343,0.00016388581458570418,0.00038265532686542224,0.0009641244801819144,0.0004475822697841389,1.3361421786764206e-5,-0.00049895185606718,0.0005784870797559948,0.0009861237757436093,0.0006274172623599796,0.0028944412932754657,0.001992845592118025,0.002832173612764643,0.0024448029205115336,-0.000952457122462587,0.014341029382021756,5.516860285742239e-5,-0.0007716643744165174,0.0010956988467665978,0.0020292083863229842,0.004666246379087771,-0.002079317230346712,9.237148938814256e-5,0.0031088072561405965,1.971279018406639e-5,-4.788501033240512e-5,0.0007463692875852843,0.002560466433184786,0.0012764492642650827,0.00013872517154711272,-0.00045931444183859257,0.0006584163142228129,6.250023613816756e-5,-8.05499449676528e-5,0.0004197459292624141,5.516860285742239e-5,0.0028682471552222075,0.00046133669942423496,0.001515463788104863,0.0008030690877301042,-0.0007164153083267708,0.0018879554264147713,0.0001901052199440912,0.0008633809724626824,-0.0001802458721132127,0.0011431015301286295,9.725630164036737e-5,-0.0004022208725405245,0.00036208316738748,0.0008830934471960707,8.231708430468101e-5,-4.46910841823021e-6,0.0007019367958293146,-0.0004210135434851887,0.0006444712791958876,-0.0007716643744165174,0.00046133669942423496,0.0021405742482768627,-4.8096124173358304e-5,0.0010355741340238207,-6.282814598313803e-5,0.0009564693188541098,0.0006991206834009685,0.000853154048558749,4.031262835270914e-5,0.0007620169175322432,-0.00013785146395537665,-0.00026580530826306805,-0.00020762061916585882,-0.0004759243684174144,-0.00023252101685334204,0.00091177206825066,0.0008081094487145616,0.0006301438066001869,-0.0001912660233678072,0.0010956988467665978,0.001515463788104863,-4.8096124173358304e-5,0.010184274772570338,0.0035539303369877574,-0.0013605079734706716,0.002118902900799762,0.0003551571584022085,0.0025429665779137705,-0.0009883095403259326,0.0015583404816419456,0.0002781805647175639,-1.3615920026040182e-5,-0.00015731683087928474,0.0014326230154957623,-0.00035358993818763654,1.9291468894615584e-6,-0.00029722650718243384,0.0005779472294366148,0.0010337737965535059,0.0020292083863229842,0.0008030690877301042,0.0010355741340238207,0.0035539303369877574,0.01608581360094873,-0.0014291098564924274,-0.002442450064746563,0.0003736385654234503,0.0026164227055685213,-8.054790154019608e-5,0.0019298446156988179,-0.000655517425572016,0.00011445156279469631,0.00012122704140569038,0.00021100995098998366,0.0037366750713672126,0.0013358827422150273,0.009514532513289802,-0.0008260999216366215,0.00021884561023251343,0.004666246379087771,-0.0007164153083267708,-6.282814598313803e-5,-0.0013605079734706716,-0.0014291098564924274,0.03537561362758275,-0.0010760178761064342,0.0016375760916107727,-0.0011614680676859644,0.0024533170802317327,-0.0016162336783419914,0.0008133277112404569,0.005893383785269132,0.005805100237317665,0.0008888757912435744,-0.0017178181594459992,0.0024490195223449904,0.0016160588948292475,-0.0016633041745403715,0.00016388581458570418,-0.002079317230346712,0.0018879554264147713,0.0009564693188541098,0.002118902900799762,-0.002442450064746563,-0.0010760178761064342,0.012785889878360393,0.0015903375502138977,0.0014632974304678633,0.00020085388353082258,0.0011880894886714727,-0.000356600696045314,0.0014875349938774638,-0.0002192975186436596,0.0006118165480886351,0.00012634212962912524,0.0004004267903582681,0.0014518515709179638,-8.393325748491648e-5,0.00038265532686542224,9.237148938814256e-5,0.0001901052199440912,0.0006991206834009685,0.0003551571584022085,0.0003736385654234503,0.0016375760916107727,0.0015903375502138977,0.0033800399478385442,0.001743916710817021,0.00028496698140833556,0.0007582470048316896,-1.3927529202038376e-5,0.0011767266664387958,-5.111492822227819e-5,-0.0001505458839245757,0.0004712170156448468,0.0012087126780497082,0.00198884154827302,0.0011272459885845326,0.0009641244801819144,0.0031088072561405965,0.0008633809724626824,0.000853154048558749,0.0025429665779137705,0.0026164227055685213,-0.0011614680676859644,0.0014632974304678633,0.001743916710817021,0.011023517060050055,0.0005578417152521493,0.0015374187565142822,0.0006624005448216763,0.0021287434840644966,-0.00024001319347230954,-0.0003387507727928255,0.00012025806321944117,0.00021616007608738028,0.0015553429437826928,-0.000252628333483159,0.0004475822697841389,1.971279018406639e-5,-0.0001802458721132127,4.031262835270914e-5,-0.0009883095403259326,-8.054790154019608e-5,0.0024533170802317327,0.00020085388353082258,0.00028496698140833556,0.0005578417152521493,0.002942416354041582,-0.0003790044985137802,-0.0005079320125114784,0.0010789309662624642,0.0003669418008193598,0.00017944113965077333,-0.00011572877880686481,0.0008205761677400254,-0.0001673570727568127,0.0002738637263448281,1.3361421786764206e-5,-4.788501033240512e-5,0.0011431015301286295,0.0007620169175322432,0.0015583404816419456,0.0019298446156988179,-0.0016162336783419914,0.0011880894886714727,0.0007582470048316896,0.0015374187565142822,-0.0003790044985137802,0.007566709494237132,0.0002991993418662891,-0.0013387541255104663,-0.00020082364210403713,0.0005954061222605866,0.0010662557475521783,0.00047467716164719987,0.00016036133791222775,0.0008558577475383267,-0.00049895185606718,0.0007463692875852843,9.725630164036737e-5,-0.00013785146395537665,0.0002781805647175639,-0.000655517425572016,0.0008133277112404569,-0.000356600696045314,-1.3927529202038376e-5,0.0006624005448216763,-0.0005079320125114784,0.0002991993418662891,0.003551168313237684,-0.00019078798006732551,0.0001517802657105443,0.0005262457139102899,0.0009913566343176111,0.0009815817386854852,0.005137436455370029,0.00041440841241587023,0.0005784870797559948,0.002560466433184786,-0.0004022208725405245,-0.00026580530826306805,-1.3615920026040182e-5,0.00011445156279469631,0.005893383785269132,0.0014875349938774638,0.0011767266664387958,0.0021287434840644966,0.0010789309662624642,-0.0013387541255104663,-0.00019078798006732551,0.012258625550153309,0.0019016905920715944,-0.00017081296573579708,0.0009171248640366426,0.0008074030002029713,0.0006353309919255056,0.0008882671545943392,0.0009861237757436093,0.0012764492642650827,0.00036208316738748,-0.00020762061916585882,-0.00015731683087928474,0.00012122704140569038,0.005805100237317665,-0.0002192975186436596,-5.111492822227819e-5,-0.00024001319347230954,0.0003669418008193598,-0.00020082364210403713,0.0001517802657105443,0.0019016905920715944,0.007431286623154014,0.0014490434149622184,-0.00016855640603826192,0.0010795153846666064,-0.0006651762765065989,0.0003599888926519411,0.0006274172623599796,0.00013872517154711272,0.0008830934471960707,-0.0004759243684174144,0.0014326230154957623,0.00021100995098998366,0.0008888757912435744,0.0006118165480886351,-0.0001505458839245757,-0.0003387507727928255,0.00017944113965077333,0.0005954061222605866,0.0005262457139102899,-0.00017081296573579708,0.0014490434149622184,0.0046282253020135935
0.006562647118268219,0.0006011699917270117,-0.0015590817424514436,-5.2102026460804546e-5,-2.4704845971096404e-5,0.000536165342490175,0.0021976693232764978,-0.0010816800520951188,0.0007231092633836851,-0.000896753694789874,-0.0033058880255029256,0.000985720776464079,-0.0004027751811172788,0.0017678300596037446,0.0007261763126446457,-0.0006875350507082878,0.0014910104185962459,0.002399691357606275,0.00023010592358096435,-0.0009449018608038093,0.0006011699917270117,0.006657583077167685,-0.0004706754620426918,0.0010457725714775443,0.0011056599285502594,0.0017676675118541937,0.004173843362747219,-0.0008745159084694416,-0.0019171058236493502,-0.002685412582964229,-0.002581179139707422,-0.0032602720615110556,0.0005691257433389082,-0.0008646716116553319,-0.0002469248867341445,0.004380243712690249,0.003229149308995661,0.007168467850145266,0.0003829665111709053,-0.001520389255073338,-0.0015590817424514436,-0.0004706754620426918,0.020563423013380086,0.0012676036006222607,0.0007224421911906703,0.0033103290937578633,-0.0001737852888528561,-3.3267367545444714e-5,0.001022161747606015,0.004564084446704847,0.003185720506165615,0.0029181871723332675,0.001912605302703188,0.003072217608527783,0.0007729878240146919,0.0014700442814525568,0.0015752464494477765,0.0024863346473411006,0.004112227057730703,0.0022104148391277586,-5.2102026460804546e-5,0.0010457725714775443,0.0012676036006222607,0.002755942825050286,0.0004971759936835236,0.0009088635833991009,0.0001585551837340891,0.0001420140469580686,0.0008978390223690254,0.002147060347542736,0.00013838237497960595,0.0019609986035939164,0.0009702996650615047,0.00047913972453347364,0.00031002666497379427,0.0021578031689197556,0.0004913749023866031,0.0015050657797124254,0.0007127322650320741,0.0014390346599412046,-2.4704845971096404e-5,0.0011056599285502594,0.0007224421911906703,0.0004971759936835236,0.003340648032572142,0.0007811831078735293,0.0003162362560247988,-6.562567520623216e-5,0.0003479215496406568,-0.000704887669282899,-0.0006046152882609609,-0.00021740004984414636,0.0005574873064308785,-0.0007415191283092559,-0.0007148463992704716,0.00275538213382226,0.001620429558777055,0.002760501191045101,0.0011477524418689782,0.00040655899241339984,0.000536165342490175,0.0017676675118541937,0.0033103290937578633,0.0009088635833991009,0.0007811831078735293,0.01252770966741274,0.0016288261687503166,0.0003701700133461209,0.0008999351154771889,-0.0010937349247948367,0.005652284081185203,0.001021403113374412,0.0019420254556492106,0.002785133108816522,0.0016820683331543284,0.00409186575645136,0.0031479641243842456,0.0034752456284964585,0.0015668796214389218,0.0003460889800281366,0.0021976693232764978,0.004173843362747219,-0.0001737852888528561,0.0001585551837340891,0.0003162362560247988,0.0016288261687503166,0.009322808524546587,-0.002125830896616533,-0.00233110907433775,-0.002922852548307321,-0.007635812012287474,-0.0059325509034339075,0.00038280050674835756,-0.0015829426515140115,-2.4087492280652103e-5,0.004686260808876779,0.00598576341393221,0.00822176164254298,-0.0008917570357071291,-0.0019021409505606862,-0.0010816800520951188,-0.0008745159084694416,-3.3267367545444714e-5,0.0001420140469580686,-6.562567520623216e-5,0.0003701700133461209,-0.002125830896616533,0.0021235358895519037,0.0015258649357060075,0.0012658548798561925,0.003463899158562211,0.0018230379106337245,0.0001214239105039027,-0.0008355085884043158,0.000493831145426671,-0.0008551689886824177,-0.0013948748744820622,-0.0020053379244078517,-0.00025587229191565797,0.0012363160641679122,0.0007231092633836851,-0.0019171058236493502,0.001022161747606015,0.0008978390223690254,0.0003479215496406568,0.0008999351154771889,-0.00233110907433775,0.0015258649357060075,0.008713916014828424,0.003177931093194409,0.0039187885772380806,0.003064188673010533,0.0010254237645311933,-0.00027014160712657503,0.0007474291046635066,-0.0017763045059016225,-0.0016658472150663784,-0.0023463095601847124,0.0008127483710849333,0.0017873658469133194,-0.000896753694789874,-0.002685412582964229,0.004564084446704847,0.002147060347542736,-0.000704887669282899,-0.0010937349247948367,-0.002922852548307321,0.0012658548798561925,0.003177931093194409,0.014878976077790235,0.005232790612232304,0.005830355810097986,0.0020781381491504613,0.0016975266129489039,0.001355484848148686,-0.0044764721330584276,-0.0027437697274043074,-0.002647277180421473,0.0017822723827278424,0.004349790070987621,-0.0033058880255029256,-0.002581179139707422,0.003185720506165615,0.00013838237497960595,-0.0006046152882609609,0.005652284081185203,-0.007635812012287474,0.003463899158562211,0.0039187885772380806,0.005232790612232304,0.042254717532296523,0.009534197987219668,0.0024023096421788726,0.0008417081648286508,0.0017334520160880776,-0.0060715520276134515,-0.00896398277512156,-0.007176788290895588,0.0036674385222098863,-0.0011068229609094925,0.000985720776464079,-0.0032602720615110556,0.0029181871723332675,0.0019609986035939164,-0.00021740004984414636,0.001021403113374412,-0.0059325509034339075,0.0018230379106337245,0.003064188673010533,0.005830355810097986,0.009534197987219668,0.01564793625503051,0.0006486999980293217,0.0026476097784365487,0.00193135849430702,-0.00264930677554428,-0.0042011261363341535,-0.00530525710046097,0.003073313082654912,0.002888956233917478,-0.0004027751811172788,0.0005691257433389082,0.001912605302703188,0.0009702996650615047,0.0005574873064308785,0.0019420254556492106,0.00038280050674835756,0.0001214239105039027,0.0010254237645311933,0.0020781381491504613,0.0024023096421788726,0.0006486999980293217,0.0036551173298071337,0.0011751140698886577,0.0005802104010164565,0.0006616369357411711,0.0011008466117246275,0.0011069829390895265,0.0010174427643934955,0.0006227214762991988,0.0017678300596037446,-0.0008646716116553319,0.003072217608527783,0.00047913972453347364,-0.0007415191283092559,0.002785133108816522,-0.0015829426515140115,-0.0008355085884043158,-0.00027014160712657503,0.0016975266129489039,0.0008417081648286508,0.0026476097784365487,0.0011751140698886577,0.013944286142357404,0.002051633906526013,-0.0008974907117715394,1.9727214438409916e-5,-0.0011024156598329676,0.00261480192026538,0.0002820678138168728,0.0007261763126446457,-0.0002469248867341445,0.0007729878240146919,0.00031002666497379427,-0.0007148463992704716,0.0016820683331543284,-2.4087492280652103e-5,0.000493831145426671,0.0007474291046635066,0.001355484848148686,0.0017334520160880776,0.00193135849430702,0.0005802104010164565,0.002051633906526013,0.003643673654300579,-0.002095421397956535,0.000844336122467051,-0.0010051426524651285,-0.0007720703820436135,0.0005244167191598081,-0.0006875350507082878,0.004380243712690249,0.0014700442814525568,0.0021578031689197556,0.00275538213382226,0.00409186575645136,0.004686260808876779,-0.0008551689886824177,-0.0017763045059016225,-0.0044764721330584276,-0.0060715520276134515,-0.00264930677554428,0.0006616369357411711,-0.0008974907117715394,-0.002095421397956535,0.019082024545915344,0.005396361586106818,0.00971050050030102,0.0029754399963622565,-0.00021668493474416833,0.0014910104185962459,0.003229149308995661,0.0015752464494477765,0.0004913749023866031,0.001620429558777055,0.0031479641243842456,0.00598576341393221,-0.0013948748744820622,-0.0016658472150663784,-0.0027437697274043074,-0.00896398277512156,-0.0042011261363341535,0.0011008466117246275,1.9727214438409916e-5,0.000844336122467051,0.005396361586106818,0.008556723403815854,0.007608026508044435,-0.0002122337895153172,-7.882249444482227e-5,0.002399691357606275,0.007168467850145266,0.0024863346473411006,0.0015050657797124254,0.002760501191045101,0.0034752456284964585,0.00822176164254298,-0.0020053379244078517,-0.0023463095601847124,-0.002647277180421473,-0.007176788290895588,-0.00530525710046097,0.0011069829390895265,-0.0011024156598329676,-0.0010051426524651285,0.00971050050030102,0.007608026508044435,0.02142258590752976,0.0013528401528325107,9.965617037391408e-5,0.00023010592358096435,0.0003829665111709053,0.004112227057730703,0.0007127322650320741,0.0011477524418689782,0.0015668796214389218,-0.0008917570357071291,-0.00025587229191565797,0.0008127483710849333,0.0017822723827278424,0.0036674385222098863,0.003073313082654912,0.0010174427643934955,0.00261480192026538,-0.0007720703820436135,0.0029754399963622565,-0.0002122337895153172,0.0013528401528325107,0.007982735254521974,-0.000279392648042467,-0.0009449018608038093,-0.001520389255073338,0.0022104148391277586,0.0014390346599412046,0.00040655899241339984,0.0003460889800281366,-0.0019021409505606862,0.0012363160641679122,0.0017873658469133194,0.004349790070987621,-0.0011068229609094925,0.002888956233917478,0.0006227214762991988,0.0002820678138168728,0.0005244167191598081,-0.00021668493474416833,-7.882249444482227e-5,9.965617037391408e-5,-0.000279392648042467,0.005861579137449637
0.005707640866995016,0.00010215167162978229,0.004344737876933862,0.0007476130444835737,0.0008061347920865756,0.00010645060147525937,9.524650572226824e-5,0.00013469356727095722,-0.0009681775546987314,0.000875373896306354,-0.0005987963051113034,3.6659744211225884e-5,0.001220976486844365,-0.0014778193937506233,0.0016777676161611134,0.0009251125748972197,-0.0007674523834217005,-0.00030143362432519477,0.0011984230941561088,0.00014182923171191035,0.00010215167162978229,0.0031129003348882005,0.0008713573519165975,-0.000221025930425861,0.00036060646190457294,9.856440277561122e-5,0.00014564196663201056,5.58430500809032e-5,0.0008363468479714684,0.0013834908069202578,0.001628124379578935,0.0006207900685828039,-0.00035651670624821917,0.00029465572060311017,-0.00041061690269706395,-4.352768862477945e-5,0.0004886716464009341,-0.00029985323622656933,-0.000577353598245075,-0.00026584249553554664,0.004344737876933862,0.0008713573519165975,0.027165436426005395,0.0010062341786516284,0.003229237357773649,0.005834284589689195,-0.00018205966422216432,0.00029938016658310107,-0.0019959177546252085,0.007296804476674039,-0.009676990202496703,0.001811516741534867,0.0007855490458801345,-0.00598019766820289,0.001267441655975872,0.0012611745734758396,0.0017570489815908637,0.001802856653294104,0.0016766815637626374,0.00042740997109516946,0.0007476130444835737,-0.000221025930425861,0.0010062341786516284,0.0022020352616926196,0.0003232953020969406,-0.00021868942130324437,-0.00011495972452688736,0.00013447688695839322,-0.0007442727039733473,0.0016232754878875916,0.0007967791613951196,0.0005284985120586156,0.0004983432639559342,-0.0016414517218335672,0.0006106312057241606,-0.0009603401921580699,7.892716971689799e-5,0.0004539165626721856,-0.00011005915169847026,-0.0005380431597125711,0.0008061347920865756,0.00036060646190457294,0.003229237357773649,0.0003232953020969406,0.0035482392096699185,0.0015093066531190282,0.00013543509335032285,0.00038016185642482343,0.001156460383947274,0.0021161822650283164,-0.0012390627508139405,0.00041151464042295564,0.0007609370796001029,-0.0009041586883415708,0.0008621761069784128,9.903096093444443e-5,0.0007943559163541942,0.0017248683724946246,0.0007148237807734183,7.961008577691276e-5,0.00010645060147525937,9.856440277561122e-5,0.005834284589689195,-0.00021868942130324437,0.0015093066531190282,0.017503393854141368,0.0012431860485389286,0.0019021190330649408,-0.0023663954884430996,0.012092465413325936,-0.007149367381018689,0.002402735072049793,-0.0003592491805870876,-0.0050965117093785366,-0.0002018455646023329,-0.0011896439583417343,0.0019326884940810071,-0.001278019438656386,0.0001313648145906749,0.0005427252760907123,9.524650572226824e-5,0.00014564196663201056,-0.00018205966422216432,-0.00011495972452688736,0.00013543509335032285,0.0012431860485389286,0.003158841537633978,0.0003882730268833705,0.0005469344571278657,-0.0004077602789843638,0.00044537695985812456,0.0009029051587272061,0.0004318019394621042,0.0005695944901202954,-0.0005313929357199298,-0.00017092228511670702,-8.774426636933117e-5,-0.0028338765782139515,0.0018300173060781743,-0.0003744769157218179,0.00013469356727095722,5.58430500809032e-5,0.00029938016658310107,0.00013447688695839322,0.00038016185642482343,0.0019021190330649408,0.0003882730268833705,0.0016710384501717758,0.00012374391962497404,0.001306714348344837,-0.00034167510358582275,0.0005114683576122228,-0.00033556901801218286,-0.0005090820015745835,0.00018102133582513955,-0.0003868494924391283,0.0006350481540260592,0.00019187485781423626,0.00015102964840987772,0.00010775224729526201,-0.0009681775546987314,0.0008363468479714684,-0.0019959177546252085,-0.0007442727039733473,0.001156460383947274,-0.0023663954884430996,0.0005469344571278657,0.00012374391962497404,0.010670753578960296,-0.004293115078008829,0.00331316712853711,-0.00016412771612713846,0.0008894141281162223,0.0014447259047333317,0.0015117392764403066,0.0009533893367907688,0.00017829139586175117,0.0018746642888348825,0.001006990715455333,0.00012812620279954923,0.000875373896306354,0.0013834908069202578,0.007296804476674039,0.0016232754878875916,0.0021161822650283164,0.012092465413325936,-0.0004077602789843638,0.001306714348344837,-0.004293115078008829,0.026589201742172733,-0.002519333941424443,0.0039042827114969844,0.0009683548379532261,-0.01055491803424797,0.0008719088957733873,2.416218570160269e-6,0.0036606821685571367,-0.00021434120921912382,-0.0031847988702497186,-0.001028899265599137,-0.0005987963051113034,0.001628124379578935,-0.009676990202496703,0.0007967791613951196,-0.0012390627508139405,-0.007149367381018689,0.00044537695985812456,-0.00034167510358582275,0.00331316712853711,-0.002519333941424443,0.031796254660533006,-0.0017565945454361628,0.00033034493629193655,0.005197700292815114,-0.000991206508248074,-0.0008647264328537061,-0.0009577897158339668,-0.002318985753952953,-0.003925508088446024,-0.001515824666450635,3.6659744211225884e-5,0.0006207900685828039,0.001811516741534867,0.0005284985120586156,0.00041151464042295564,0.002402735072049793,0.0009029051587272061,0.0005114683576122228,-0.00016412771612713846,0.0039042827114969844,-0.0017565945454361628,0.008528566945991045,-0.0007983395697458554,-0.000861042861470013,-0.0010120051968161602,0.0013638409951387698,0.0012097189075317627,-0.0020937354048421166,-0.0008485784083051033,0.00029202286052727516,0.001220976486844365,-0.00035651670624821917,0.0007855490458801345,0.0004983432639559342,0.0007609370796001029,-0.0003592491805870876,0.0004318019394621042,-0.00033556901801218286,0.0008894141281162223,0.0009683548379532261,0.00033034493629193655,-0.0007983395697458554,0.004226905069120315,-0.0016211574586459266,0.0015019785502157017,-0.0004994184902121668,-0.0002382123506051673,0.001268697958001897,0.001281677805489162,0.0001376104854737505,-0.0014778193937506233,0.00029465572060311017,-0.00598019766820289,-0.0016414517218335672,-0.0009041586883415708,-0.0050965117093785366,0.0005695944901202954,-0.0005090820015745835,0.0014447259047333317,-0.01055491803424797,0.005197700292815114,-0.000861042861470013,-0.0016211574586459266,0.016629861341199845,-0.00180928243980128,0.001309648473229658,-0.0005164373216939661,0.00052183924420323,0.0019626130366999037,0.002167831763511224,0.0016777676161611134,-0.00041061690269706395,0.001267441655975872,0.0006106312057241606,0.0008621761069784128,-0.0002018455646023329,-0.0005313929357199298,0.00018102133582513955,0.0015117392764403066,0.0008719088957733873,-0.000991206508248074,-0.0010120051968161602,0.0015019785502157017,-0.00180928243980128,0.004128665705086107,0.00016027717450514228,-0.0003355716015538505,0.0017572310399476768,0.0015157045515383396,0.0002974199414036285,0.0009251125748972197,-4.352768862477945e-5,0.0012611745734758396,-0.0009603401921580699,9.903096093444443e-5,-0.0011896439583417343,-0.00017092228511670702,-0.0003868494924391283,0.0009533893367907688,2.416218570160269e-6,-0.0008647264328537061,0.0013638409951387698,-0.0004994184902121668,0.001309648473229658,0.00016027717450514228,0.008213702163632793,0.0007309563467797749,-0.0012006011966658476,0.0009825561097245765,0.00071737578946338,-0.0007674523834217005,0.0004886716464009341,0.0017570489815908637,7.892716971689799e-5,0.0007943559163541942,0.0019326884940810071,-8.774426636933117e-5,0.0006350481540260592,0.00017829139586175117,0.0036606821685571367,-0.0009577897158339668,0.0012097189075317627,-0.0002382123506051673,-0.0005164373216939661,-0.0003355716015538505,0.0007309563467797749,0.0037866781040157976,0.0002608173724063604,-0.00017111850024606996,8.192223900949303e-5,-0.00030143362432519477,-0.00029985323622656933,0.001802856653294104,0.0004539165626721856,0.0017248683724946246,-0.001278019438656386,-0.0028338765782139515,0.00019187485781423626,0.0018746642888348825,-0.00021434120921912382,-0.002318985753952953,-0.0020937354048421166,0.001268697958001897,0.00052183924420323,0.0017572310399476768,-0.0012006011966658476,0.0002608173724063604,0.01852977761620023,-0.002351321245912687,0.0014125540684732554,0.0011984230941561088,-0.000577353598245075,0.0016766815637626374,-0.00011005915169847026,0.0007148237807734183,0.0001313648145906749,0.0018300173060781743,0.00015102964840987772,0.001006990715455333,-0.0031847988702497186,-0.003925508088446024,-0.0008485784083051033,0.001281677805489162,0.0019626130366999037,0.0015157045515383396,0.0009825561097245765,-0.00017111850024606996,-0.002351321245912687,0.008957224286794118,0.000603534247644319,0.00014182923171191035,-0.00026584249553554664,0.00042740997109516946,-0.0005380431597125711,7.961008577691276e-5,0.0005427252760907123,-0.0003744769157218179,0.00010775224729526201,0.00012812620279954923,-0.001028899265599137,-0.001515824666450635,0.00029202286052727516,0.0001376104854737505,0.002167831763511224,0.0002974199414036285,0.00071737578946338,8.192223900949303e-5,0.0014125540684732554,0.000603534247644319,0.0042920666772773754
