0.009760863812160625,0.0011666663035063492,0.0006368013829686032,-0.0002864418591473121,0.000663971188154121,0.00019920243296653087,0.002688983750336023,0.0008149246571513267,0.0013500437115317907,0.0012894490630844676,0.0015917334334801276,0.0025364169042724344,0.0014181960994794538,0.0016594425450215068,0.00042363287516835886,0.002593337366498949,0.0012301825089158125,0.0003959638937599463,0.0008011698686429631,0.0026593613946471906,0.0011666663035063492,0.007048955916494059,-0.0002742147552559946,-0.0004910080283552754,0.0003908190764284874,-0.00016688675863039406,0.002081072493974774,1.2325952159130934e-5,-0.00028799221079750905,-0.00011197233738576614,-0.001352648767128631,-9.363035435978287e-6,-0.00016123976153097774,-0.0006100408454365387,-0.00031335986298757006,-0.00046349741576855413,-0.0004393686732725708,0.00012307284215288346,-0.0025624276296711294,0.004439956618606089,0.0006368013829686032,-0.0002742147552559946,0.0016410687871461357,9.975205975227002e-5,0.00041788173108501896,5.197785465059149e-5,0.00014654622901654228,9.859809374080717e-5,-5.5998165032247825e-5,-0.0006289700864386841,0.00013791361267743638,4.651564134865253e-5,-0.0002980353231610434,-7.059359972509902e-5,-2.3641458597543454e-5,0.0005979888383330076,-9.399767867069117e-5,1.660345114403024e-5,2.3163680872040648e-5,-0.0003922472305116502,-0.0002864418591473121,-0.0004910080283552754,9.975205975227002e-5,0.00360318369533819,0.0004144866990965063,-1.7061770547334453e-5,-0.00025639965886625055,0.0005672891277784036,0.001006936068160595,0.001062306867306104,0.0008618652716498726,0.0005547438219297484,0.0010828935028357855,-0.0007283682107365644,2.1478016656961766e-5,0.00015238405015685836,0.0009347295919532958,-1.56949914419139e-5,-0.0005858210079884851,0.0013135129738127511,0.000663971188154121,0.0003908190764284874,0.00041788173108501896,0.0004144866990965063,0.0019650181411256847,6.152847409610177e-5,0.001343295804023196,0.0003189147578904747,0.000339369777559117,0.0004184081569693939,0.0013779516716112025,0.0003120709326880905,-0.0002997492960046453,0.00030490895676335507,0.0007560354685106469,0.000344588505976425,0.0007179789340187588,-9.85322115923537e-6,0.0007447622130802322,0.0011748450617375655,0.00019920243296653087,-0.00016688675863039406,5.197785465059149e-5,-1.7061770547334453e-5,6.152847409610177e-5,0.002228165449159165,0.0005840718888014934,-8.06679931308483e-5,-1.5161127311557509e-5,-0.0005171233984110372,0.00041536250705078695,0.00032353775363663274,-4.997687420543549e-5,-0.0003508817977793537,-0.00021258146305782742,-0.0004715783762791095,-4.3925740030988526e-5,2.11035562430605e-5,-0.000565154298750614,0.0010010241032095918,0.002688983750336023,0.002081072493974774,0.00014654622901654228,-0.00025639965886625055,0.001343295804023196,0.0005840718888014934,0.03005290315579215,-0.0008431235051941541,0.0012213510405631673,-0.0010878471185976346,0.00014724321127639267,0.0028092212950214506,0.0015910459097722453,0.002478224677736003,0.0007339201869287532,-0.002821625215281566,5.0543823613287495e-5,0.0008224308129313943,0.00018077941558352956,-0.0010001119389471927,0.0008149246571513267,1.2325952159130934e-5,9.859809374080717e-5,0.0005672891277784036,0.0003189147578904747,-8.06679931308483e-5,-0.0008431235051941541,0.0019772533395063757,0.0006417738765006429,-0.0001334038101299179,0.0004593641864869586,0.00042945406598038295,-0.0004787838814302611,-0.00032275609863117376,-0.00043687833375292946,0.0005108998722130776,0.0003587200194294386,2.6584141698388095e-5,0.0009133488378952931,0.000541353886778641,0.0013500437115317907,-0.00028799221079750905,-5.5998165032247825e-5,0.001006936068160595,0.000339369777559117,-1.5161127311557509e-5,0.0012213510405631673,0.0006417738765006429,0.006741178266016137,-0.0007420683596226577,-0.00022070332146001376,0.00018062779436036792,-0.00022374846197249196,0.0014756261047087524,-0.0003498051300472672,-0.00048295416214001036,0.00048146389479235675,-0.00038741864314631284,-4.925267363705438e-5,0.0017033206156986985,0.0012894490630844676,-0.00011197233738576614,-0.0006289700864386841,0.001062306867306104,0.0004184081569693939,-0.0005171233984110372,-0.0010878471185976346,-0.0001334038101299179,-0.0007420683596226577,0.004602895294611978,0.0005986370269480518,0.0004586693859547386,-0.00011009547999770529,-0.0009057372942538372,0.00014691138052810122,-0.0010181385715671422,-0.0004410445231832179,-0.00023351980885447462,0.00030365287084571895,-0.0015106045125953796,0.0015917334334801276,-0.001352648767128631,0.00013791361267743638,0.0008618652716498726,0.0013779516716112025,0.00041536250705078695,0.00014724321127639267,0.0004593641864869586,-0.00022070332146001376,0.0005986370269480518,0.010658105687499685,-0.0002423118821257856,0.00037150976019819444,0.0009758965985831533,0.0007685178292526989,0.004478683895750115,-0.0011995373660135362,-0.00016910480547795864,-0.0011650084102057118,0.00202363785221629,0.0025364169042724344,-9.363035435978287e-6,4.651564134865253e-5,0.0005547438219297484,0.0003120709326880905,0.00032353775363663274,0.0028092212950214506,0.00042945406598038295,0.00018062779436036792,0.0004586693859547386,-0.0002423118821257856,0.004780668364363306,-0.00103247207402228,0.0018521170389244395,-0.0003614440845429194,0.0012739270693469186,0.0003563255746221234,0.00032993657825667265,0.001711991324617883,0.0039481479502884945,0.0014181960994794538,-0.00016123976153097774,-0.0002980353231610434,0.0010828935028357855,-0.0002997492960046453,-4.997687420543549e-5,0.0015910459097722453,-0.0004787838814302611,-0.00022374846197249196,-0.00011009547999770529,0.00037150976019819444,-0.00103247207402228,0.004614266451293903,-0.0010376698212578898,-0.0003163602534184865,-0.0004556719553719663,-9.847515264100552e-5,0.00020455064741230726,0.0005372125111106159,0.0013323121459730973,0.0016594425450215068,-0.0006100408454365387,-7.059359972509902e-5,-0.0007283682107365644,0.00030490895676335507,-0.0003508817977793537,0.002478224677736003,-0.00032275609863117376,0.0014756261047087524,-0.0009057372942538372,0.0009758965985831533,0.0018521170389244395,-0.0010376698212578898,0.004362568487685695,-0.001397877976705133,0.0010172244220472276,0.0019859877422121956,0.0005539071334443118,0.0005127492169125303,0.0019073388724196142,0.00042363287516835886,-0.00031335986298757006,-2.3641458597543454e-5,2.1478016656961766e-5,0.0007560354685106469,-0.00021258146305782742,0.0007339201869287532,-0.00043687833375292946,-0.0003498051300472672,0.00014691138052810122,0.0007685178292526989,-0.0003614440845429194,-0.0003163602534184865,-0.001397877976705133,0.004124443775169181,0.001253650035223782,-0.0005828480263397639,0.00010794426673495176,-0.00028926845670537206,-0.001365085674047402,0.002593337366498949,-0.00046349741576855413,0.0005979888383330076,0.00015238405015685836,0.000344588505976425,-0.0004715783762791095,-0.002821625215281566,0.0005108998722130776,-0.00048295416214001036,-0.0010181385715671422,0.004478683895750115,0.0012739270693469186,-0.0004556719553719663,0.0010172244220472276,0.001253650035223782,0.005586406899459896,-1.887676921636782e-5,-0.0006385983651063091,-0.0004233218288256324,0.0019024484396978195,0.0012301825089158125,-0.0004393686732725708,-9.399767867069117e-5,0.0009347295919532958,0.0007179789340187588,-4.3925740030988526e-5,5.0543823613287495e-5,0.0003587200194294386,0.00048146389479235675,-0.0004410445231832179,-0.0011995373660135362,0.0003563255746221234,-9.847515264100552e-5,0.0019859877422121956,-0.0005828480263397639,-1.887676921636782e-5,0.004368654427387176,0.00025728964670526243,0.00016241829983055215,-0.0002770662857536244,0.0003959638937599463,0.00012307284215288346,1.660345114403024e-5,-1.56949914419139e-5,-9.85322115923537e-6,2.11035562430605e-5,0.0008224308129313943,2.6584141698388095e-5,-0.00038741864314631284,-0.00023351980885447462,-0.00016910480547795864,0.00032993657825667265,0.00020455064741230726,0.0005539071334443118,0.00010794426673495176,-0.0006385983651063091,0.00025728964670526243,0.001283917056187384,0.00032488606354733767,0.0010077025402887999,0.0008011698686429631,-0.0025624276296711294,2.3163680872040648e-5,-0.0005858210079884851,0.0007447622130802322,-0.000565154298750614,0.00018077941558352956,0.0009133488378952931,-4.925267363705438e-5,0.00030365287084571895,-0.0011650084102057118,0.001711991324617883,0.0005372125111106159,0.0005127492169125303,-0.00028926845670537206,-0.0004233218288256324,0.00016241829983055215,0.00032488606354733767,0.005728011348137923,0.0007396630031253966,0.0026593613946471906,0.004439956618606089,-0.0003922472305116502,0.0013135129738127511,0.0011748450617375655,0.0010010241032095918,-0.0010001119389471927,0.000541353886778641,0.0017033206156986985,-0.0015106045125953796,0.00202363785221629,0.0039481479502884945,0.0013323121459730973,0.0019073388724196142,-0.001365085674047402,0.0019024484396978195,-0.0002770662857536244,0.0010077025402887999,0.0007396630031253966,0.014073602681671906
0.12336023315828025,0.1465765861635353,0.06325216237469312,0.016033397366932354,-0.02484452968864603,-0.08374084250266782,-0.03591183943257662,-0.14770829031596874,-0.14800463381122042,-0.040707385094303675,0.07012674502854137,0.07904866645122462,0.09470112626807285,0.1695026935621393,0.008544195801682633,-0.03878933466363203,0.08630662364871393,-0.20157610978466292,-0.1012474491809214,-0.03349973519390019,0.1465765861635353,0.43876735146786355,0.27360504137314606,-0.04495201430586418,-0.1569781789265613,-0.2543884215487841,-0.07817956499027902,-0.41849479285162894,-0.33522375761056944,0.025856777884514168,0.3329588022062129,0.32952872497208974,0.22594375975363923,0.4124881221378361,-0.057857342865939035,-0.20507400457816352,0.13840747945013876,-0.6556701106679312,-0.1616221876246434,-0.1997608225392292,0.06325216237469312,0.27360504137314606,0.24413629088955444,-0.08444906391300644,-0.13618440391226574,-0.19052581990568382,-0.051766625248313915,-0.27995485881458776,-0.2022783823411001,0.08358601547969861,0.25664151789455253,0.23878452984347412,0.15229699647374642,0.2581525095420489,-0.060839000202448,-0.16094411824322377,0.1016031459255488,-0.518014757365363,-0.028926293353242722,-0.18905665191931906,0.016033397366932354,-0.04495201430586418,-0.08444906391300644,0.08431855914823978,0.05232494294154979,0.04711298689201495,-0.002355431754967379,0.041511892055164326,0.02163780830926053,-0.07681739583215508,-0.07532533208056735,-0.047730209332566054,-0.02887317165159799,-0.03930848235869644,0.02944140331853646,0.05354209106730672,-0.02290250549451729,0.15922302631597168,-0.04808350730765544,0.07343598608546734,-0.02484452968864603,-0.1569781789265613,-0.13618440391226574,0.05232494294154979,0.08757984770608569,0.11115214230237842,0.02104625832346127,0.15763253922038153,0.11206199233449284,-0.0540546340120375,-0.15655812082952952,-0.1389118306669062,-0.08482984475886109,-0.14244564629649753,0.038472155824394616,0.09644544578823737,-0.04994242438694988,0.2934000369476169,0.016603072225294405,0.11600489559719364,-0.08374084250266782,-0.2543884215487841,-0.19052581990568382,0.04711298689201495,0.11115214230237842,0.17506577980968793,0.041843440626846896,0.25836109983399524,0.20030465157345187,-0.04304957867651847,-0.21834173595645254,-0.20743557797577797,-0.1420126683339868,-0.24705331303354497,0.04192238690922082,0.1350998536367943,-0.09494746306145257,0.4381887033246497,0.06497832667074051,0.151462420135493,-0.03591183943257662,-0.07817956499027902,-0.051766625248313915,-0.002355431754967379,0.02104625832346127,0.041843440626846896,0.03150174180515653,0.07791349235416949,0.06214313716545949,0.005192120112197648,-0.051035219645429654,-0.05872142743076228,-0.0413593748703816,-0.07650600335811304,0.00659589639692705,0.028282563359996397,-0.03317329606363136,0.11520334288938043,0.03328156001584982,0.027060106273532208,-0.14770829031596874,-0.41849479285162894,-0.27995485881458776,0.041511892055164326,0.15763253922038153,0.25836109983399524,0.07791349235416949,0.42206162312685624,0.3317089505184411,-0.029252644031968398,-0.32810301865406444,-0.3258826217780119,-0.22547708139068606,-0.4038285758651393,0.056435058140444715,0.2008498369116068,-0.14781830762248055,0.6613068629328219,0.1415013451737109,0.21206978560646256,-0.14800463381122042,-0.33522375761056944,-0.2022783823411001,0.02163780830926053,0.11206199233449284,0.20030465157345187,0.06214313716545949,0.3317089505184411,0.2851520635666382,0.0016463035312007988,-0.24593650672229544,-0.2439003310069884,-0.1856942112717713,-0.3364306783048757,0.029240928946832282,0.14458773110044265,-0.13153706837926696,0.5113214425109468,0.14236760074924992,0.15206934317563983,-0.040707385094303675,0.025856777884514168,0.08358601547969861,-0.07681739583215508,-0.0540546340120375,-0.04304957867651847,0.005192120112197648,-0.029252644031968398,0.0016463035312007988,0.08812810630959392,0.07382730365215398,0.05007058949565314,0.013258455301673074,0.012149676106085024,-0.0355264088659035,-0.053930898312076946,0.006535833434602258,-0.13612698551397853,0.06809749232725457,-0.07754799713408257,0.07012674502854137,0.3329588022062129,0.25664151789455253,-0.07532533208056735,-0.15655812082952952,-0.21834173595645254,-0.051035219645429654,-0.32810301865406444,-0.24593650672229544,0.07382730365215398,0.3120499676648653,0.2867961486632346,0.17268564109727227,0.3052750755655705,-0.06319438072628275,-0.18283758589179464,0.10048677221554854,-0.5733056554167205,-0.06782345014339114,-0.2121274790353392,0.07904866645122462,0.32952872497208974,0.23878452984347412,-0.047730209332566054,-0.1389118306669062,-0.20743557797577797,-0.05872142743076228,-0.3258826217780119,-0.2439003310069884,0.05007058949565314,0.2867961486632346,0.2845203320502524,0.1654890154173701,0.3017301246632623,-0.05744850879149063,-0.17411814183975113,0.09536250472657246,-0.5363049080262902,-0.08385099917375763,-0.1873914187808497,0.09470112626807285,0.22594375975363923,0.15229699647374642,-0.02887317165159799,-0.08482984475886109,-0.1420126683339868,-0.0413593748703816,-0.22547708139068606,-0.1856942112717713,0.013258455301673074,0.17268564109727227,0.1654890154173701,0.1368825647385567,0.22781142457798284,-0.029402705977130784,-0.10551948448322897,0.09232633815531358,-0.36781473985559054,-0.0800281695868106,-0.11186779060491403,0.1695026935621393,0.4124881221378361,0.2581525095420489,-0.03930848235869644,-0.14244564629649753,-0.24705331303354497,-0.07650600335811304,-0.4038285758651393,-0.3364306783048757,0.012149676106085024,0.3052750755655705,0.3017301246632623,0.22781142457798284,0.4101448487485214,-0.04507389987774141,-0.18549762387662652,0.15582462108351883,-0.6349513443419564,-0.161223304714006,-0.18837698357239482,0.008544195801682633,-0.057857342865939035,-0.060839000202448,0.02944140331853646,0.038472155824394616,0.04192238690922082,0.00659589639692705,0.056435058140444715,0.029240928946832282,-0.0355264088659035,-0.06319438072628275,-0.05744850879149063,-0.029402705977130784,-0.04507389987774141,0.02844486569449727,0.04618219750719688,-0.008907278538012877,0.11499292244290074,-0.009870406410797799,0.04869962905570613,-0.03878933466363203,-0.20507400457816352,-0.16094411824322377,0.05354209106730672,0.09644544578823737,0.1350998536367943,0.028282563359996397,0.2008498369116068,0.14458773110044265,-0.053930898312076946,-0.18283758589179464,-0.17411814183975113,-0.10551948448322897,-0.18549762387662652,0.04618219750719688,0.12375290387847805,-0.05881965057979673,0.3520783686352662,0.03603646838916757,0.1270853786461505,0.08630662364871393,0.13840747945013876,0.1016031459255488,-0.02290250549451729,-0.04994242438694988,-0.09494746306145257,-0.03317329606363136,-0.14781830762248055,-0.13153706837926696,0.006535833434602258,0.10048677221554854,0.09536250472657246,0.09232633815531358,0.15582462108351883,-0.008907278538012877,-0.05881965057979673,0.08709141432468552,-0.25250865769005837,-0.05092390983968532,-0.07442466465158616,-0.20157610978466292,-0.6556701106679312,-0.518014757365363,0.15922302631597168,0.2934000369476169,0.4381887033246497,0.11520334288938043,0.6613068629328219,0.5113214425109468,-0.13612698551397853,-0.5733056554167205,-0.5363049080262902,-0.36781473985559054,-0.6349513443419564,0.11499292244290074,0.3520783686352662,-0.25250865769005837,1.1708012344248315,0.13822264745903995,0.40538948490989407,-0.1012474491809214,-0.1616221876246434,-0.028926293353242722,-0.04808350730765544,0.016603072225294405,0.06497832667074051,0.03328156001584982,0.1415013451737109,0.14236760074924992,0.06809749232725457,-0.06782345014339114,-0.08385099917375763,-0.0800281695868106,-0.161223304714006,-0.009870406410797799,0.03603646838916757,-0.05092390983968532,0.13822264745903995,0.14288978689850637,0.007020756561774127,-0.03349973519390019,-0.1997608225392292,-0.18905665191931906,0.07343598608546734,0.11600489559719364,0.151462420135493,0.027060106273532208,0.21206978560646256,0.15206934317563983,-0.07754799713408257,-0.2121274790353392,-0.1873914187808497,-0.11186779060491403,-0.18837698357239482,0.04869962905570613,0.1270853786461505,-0.07442466465158616,0.40538948490989407,0.007020756561774127,0.1695500164571709
