0.009433479227384568,-0.0011586027620462283,-0.00413731976354413,-0.0005554196009390488,-0.0007777295247514042,-0.0007023543331655926,0.0017048129263233327,-0.0033206833885008396,0.001987035785612775,-0.0014816434860900091,0.003977053220514643,0.001546198806608068,0.0027202392062382627,0.00016855288106748306,0.006007577115887913,-0.004162655246368917,-3.518758465234631e-5,0.0014628226501383905,-0.002518363024679668,0.009038682966317237,-0.0011586027620462283,0.02049980466877203,0.006769656033158131,0.0054645973362841115,0.008008391379413008,0.0014515431580582453,-0.00433395586183453,0.02367954523699243,0.004244375447863679,0.012579573629748594,-0.0004351817789402637,0.0013010586831769077,0.007805824504985525,0.0048005062611461355,0.00020589431287996378,0.013181400086757736,0.001210619113116167,0.0017446651706538004,-0.0007386219242849991,-0.014498769152860271,-0.00413731976354413,0.006769656033158131,0.008218804630532508,0.00266157516435964,0.003738633319873055,0.005956802294480236,-0.002190702796036146,0.015166900934779747,0.0019468474393634454,0.006903438311498073,-0.002655074972067723,0.0003443159195104245,0.0019884460643072033,0.0027163545051438792,-0.004209403184260625,0.008784364924773452,0.0008431786226084606,0.0004466061960573067,0.0026990297172538166,-0.010095821040164266,-0.0005554196009390488,0.0054645973362841115,0.00266157516435964,0.0036623033291741233,0.0032024578284632612,0.0021742362456477317,0.0005393238705195514,0.010105176474943005,0.0030791919171211735,0.005070670729304835,-0.00018691136255269788,0.0005144553406544101,0.003266767776375249,0.0022049848948926974,-0.0005171408215134489,0.005697362985030308,0.0005666629639340955,0.0010369235402387829,0.0011242893336912987,-0.0026223198965377925,-0.0007777295247514042,0.008008391379413008,0.003738633319873055,0.0032024578284632612,0.010079604741339633,0.0015862054265216139,0.00203672073255164,0.01605559331727516,0.004498578407943104,0.0088609499171233,-0.0010455289822603,-0.0008444602912545734,0.005840872957989106,0.003013979489843991,-0.0014944456375973257,0.009126801812380844,0.0011191481103928454,0.0015221823855879474,0.0006241030689362598,-0.002708460578347045,-0.0007023543331655926,0.0014515431580582453,0.005956802294480236,0.0021742362456477317,0.0015862054265216139,0.029741922005582087,0.0007403416343495345,0.010583362050717082,0.004323305694557947,0.0038823917835652793,-0.0022312006240338207,0.0035985087032660377,-0.002930040562715239,0.0015123843598847545,0.0023660390544394156,0.009731470322853788,0.0015989136594047357,0.00011343663270639462,0.0040359906766667605,-0.01271168698536414,0.0017048129263233327,-0.00433395586183453,-0.002190702796036146,0.0005393238705195514,0.00203672073255164,0.0007403416343495345,0.04101110742306201,-0.006327420172755308,0.00507380481361601,-0.002658852238994981,0.0054979700944216,0.017096986898209637,0.004524961291068619,-0.0024056197857720805,0.0072740883615549055,-0.0032318149255251417,-0.0013406825086446769,0.003740141986228398,0.005415343508701939,0.005450985068740217,-0.0033206833885008396,0.02367954523699243,0.015166900934779747,0.010105176474943005,0.01605559331727516,0.010583362050717082,-0.006327420172755308,0.08198110649174002,0.003579889400357943,0.028677515195732646,-0.004691938807512544,7.841385633350177e-5,0.017052243010113478,0.01217288924214262,-0.013932740997063993,0.03062164728170952,0.005075965601673256,0.004157774118261424,0.003136231685865102,-0.014080874000193956,0.001987035785612775,0.004244375447863679,0.0019468474393634454,0.0030791919171211735,0.004498578407943104,0.004323305694557947,0.00507380481361601,0.003579889400357943,0.021335919375595213,0.006349351326553263,0.004246548889350266,-0.0037208437260532728,0.0033115237891095306,0.003669203562950518,0.0011048093439382611,0.004678639719584536,-0.0003334099036010983,0.001958123374315223,0.0010504918410155803,0.005238846389990193,-0.0014816434860900091,0.012579573629748594,0.006903438311498073,0.005070670729304835,0.0088609499171233,0.0038823917835652793,-0.002658852238994981,0.028677515195732646,0.006349351326553263,0.016866234680164835,-0.001261513586448679,-0.0054818232684257055,0.009343520955108545,0.005765711733813593,-0.004858522441885567,0.014838019030126028,0.0024900203814749384,0.0018517588285170065,0.0016387103720278988,-0.004784266488298487,0.003977053220514643,-0.0004351817789402637,-0.002655074972067723,-0.00018691136255269788,-0.0010455289822603,-0.0022312006240338207,0.0054979700944216,-0.004691938807512544,0.004246548889350266,-0.001261513586448679,0.0081156814690439,0.001953623989832671,0.0018998909775505572,0.00011446635500538438,0.004059708531023365,-0.004420931146697699,-0.00022432167757639835,0.0018660540625172958,-0.00043725077811396305,0.006041370541170616,0.001546198806608068,0.0013010586831769077,0.0003443159195104245,0.0005144553406544101,-0.0008444602912545734,0.0035985087032660377,0.017096986898209637,7.841385633350177e-5,-0.0037208437260532728,-0.0054818232684257055,0.001953623989832671,0.041810018891737175,0.0016992236674928311,-0.004022203904096096,0.021760706532853523,-0.0006742254266104051,-0.002392736144015763,0.002702765973740223,0.004476451295807614,-0.013327455460676835,0.0027202392062382627,0.007805824504985525,0.0019884460643072033,0.003266767776375249,0.005840872957989106,-0.002930040562715239,0.004524961291068619,0.017052243010113478,0.0033115237891095306,0.009343520955108545,0.0018998909775505572,0.0016992236674928311,0.020015751574346784,0.0033266527336161277,-0.004321193573248386,0.006031975731233309,0.0007955837025010546,0.005005586555383368,0.0004831777050086336,0.005621239170534888,0.00016855288106748306,0.0048005062611461355,0.0027163545051438792,0.0022049848948926974,0.003013979489843991,0.0015123843598847545,-0.0024056197857720805,0.01217288924214262,0.003669203562950518,0.005765711733813593,0.00011446635500538438,-0.004022203904096096,0.0033266527336161277,0.005538604697229299,-0.0036827786711764406,0.005234060917516376,0.0009865442233157374,0.000685762127862411,-0.00078391479872347,0.00013728431219761953,0.006007577115887913,0.00020589431287996378,-0.004209403184260625,-0.0005171408215134489,-0.0014944456375973257,0.0023660390544394156,0.0072740883615549055,-0.013932740997063993,0.0011048093439382611,-0.004858522441885567,0.004059708531023365,0.021760706532853523,-0.004321193573248386,-0.0036827786711764406,0.047315032397856505,-0.003688023237919169,-0.0009187273882262093,-0.00031230207425331105,0.0003630370184403032,-0.0028038553324350405,-0.004162655246368917,0.013181400086757736,0.008784364924773452,0.005697362985030308,0.009126801812380844,0.009731470322853788,-0.0032318149255251417,0.03062164728170952,0.004678639719584536,0.014838019030126028,-0.004420931146697699,-0.0006742254266104051,0.006031975731233309,0.005234060917516376,-0.003688023237919169,0.021133380719025402,0.0022751351817962536,0.0009597312277401047,0.002341998085573895,-0.01230762946262036,-3.518758465234631e-5,0.001210619113116167,0.0008431786226084606,0.0005666629639340955,0.0011191481103928454,0.0015989136594047357,-0.0013406825086446769,0.005075965601673256,-0.0003334099036010983,0.0024900203814749384,-0.00022432167757639835,-0.002392736144015763,0.0007955837025010546,0.0009865442233157374,-0.0009187273882262093,0.0022751351817962536,0.0020454359995492406,0.0001310519150427844,0.0003025355242843205,0.00024083724227558256,0.0014628226501383905,0.0017446651706538004,0.0004466061960573067,0.0010369235402387829,0.0015221823855879474,0.00011343663270639462,0.003740141986228398,0.004157774118261424,0.001958123374315223,0.0018517588285170065,0.0018660540625172958,0.002702765973740223,0.005005586555383368,0.000685762127862411,-0.00031230207425331105,0.0009597312277401047,0.0001310519150427844,0.0038735660951457395,0.0007613471220232424,0.0014225996596533294,-0.002518363024679668,-0.0007386219242849991,0.0026990297172538166,0.0011242893336912987,0.0006241030689362598,0.0040359906766667605,0.005415343508701939,0.003136231685865102,0.0010504918410155803,0.0016387103720278988,-0.00043725077811396305,0.004476451295807614,0.0004831777050086336,-0.00078391479872347,0.0003630370184403032,0.002341998085573895,0.0003025355242843205,0.0007613471220232424,0.007594758642057635,-0.001768476427345555,0.009038682966317237,-0.014498769152860271,-0.010095821040164266,-0.0026223198965377925,-0.002708460578347045,-0.01271168698536414,0.005450985068740217,-0.014080874000193956,0.005238846389990193,-0.004784266488298487,0.006041370541170616,-0.013327455460676835,0.005621239170534888,0.00013728431219761953,-0.0028038553324350405,-0.01230762946262036,0.00024083724227558256,0.0014225996596533294,-0.001768476427345555,0.05766201183521966
0.00649276376204622,0.00032736203266876677,0.0014883351360733409,-1.8521232471116184e-5,-0.002233661289695708,0.0027691179564855945,0.002019851894550785,-0.0014165477792132527,-0.0006256052696390127,-0.000769137492165994,-0.0011089522186876783,0.002852350662335969,-0.0012537405772692998,0.0007339185636183519,-0.007149370052092702,-7.63800855713571e-5,0.00020296002155152448,0.0012834277501754439,0.00028889415943728384,-0.005386735716329154,0.00032736203266876677,0.004409095161722477,0.00016813768191007637,0.0006385592070515069,0.0017413351023707823,-0.0006673424713675516,-0.0020753556218425697,-0.0008479898613333724,0.0021961918127884096,-0.0017515196718455566,0.0024992600251846275,-0.0007445426248015814,-0.0008945400398422544,0.0009793678249845799,0.0007351045750356713,0.002024200297874673,0.0005875888594443835,0.00013366685253888064,0.0006975854503868451,0.0012860513847024772,0.0014883351360733409,0.00016813768191007637,0.005274595720316507,0.0005999940046951554,0.0007393480788092322,-0.00784295511671686,0.010163833796036505,0.0021179107341243544,-0.0011678374661664615,0.0014259915748224285,-0.0002648128724604849,0.0032209390698370683,-0.0030647663120893496,0.0009799341215046518,0.005396596776718644,-0.00015009224919929623,0.0008790741628652142,0.0010524771546983076,0.0003717800336089041,0.001830464655173965,-1.8521232471116184e-5,0.0006385592070515069,0.0005999940046951554,0.004004468358786395,0.0022813558838273035,-0.0016112133618371703,-0.00208894841798374,-0.003603261122557445,0.0021955099241265197,-0.0019127728538748648,-0.0005921779423139865,0.0021500537974741777,-0.0036771425589643522,0.002563679502637922,-0.006717198151798729,0.0030053898565128682,0.001418823224574292,0.0015082655919411124,0.0007526164540435627,-0.00391990497129505,-0.002233661289695708,0.0017413351023707823,0.0007393480788092322,0.0022813558838273035,0.009973299667706426,-0.007672631663320665,-0.00023525307485097453,-0.004169059465001686,0.0026300639687962223,-0.0009220735434887484,0.0011345435973696238,-0.0004110439609439935,-0.003483907997373666,0.003341582756739942,0.001039941208981235,0.0040491539574520905,0.001550270173713595,0.00022587451654628577,0.0023913679805985175,0.004436352151426485,0.0027691179564855945,-0.0006673424713675516,-0.00784295511671686,-0.0016112133618371703,-0.007672631663320665,0.04074592540122518,-0.0327656735597816,-0.0017362966257095755,0.005217205579504516,-0.005661028047829155,0.00018398697342987872,-0.0017867132865240654,0.008185402033976419,-0.001918199534068448,-0.02823680523896869,-0.001063686287479714,-0.0007690337605849123,0.00017236328474195102,-0.0006881705584927218,-0.011680467045616915,0.002019851894550785,-0.0020753556218425697,0.010163833796036505,-0.00208894841798374,-0.00023525307485097453,-0.0327656735597816,0.11018815211655014,-0.006554324699316751,-0.010914688758823999,0.022784928828800934,-0.01024162422249725,-0.002281701918238454,-0.0018239465521199896,-0.0049124681690253915,0.06873285757448366,-0.0017547592443146296,-0.001912388372743582,-0.006678997698564371,-0.0059929819936679896,0.03213487873118816,-0.0014165477792132527,-0.0008479898613333724,0.0021179107341243544,-0.003603261122557445,-0.004169059465001686,-0.0017362966257095755,-0.006554324699316751,0.04599772666478423,0.005002103266755974,-0.001258745915102835,0.0016030253897223944,-0.006974981184958014,0.0009183962916797699,-0.002301618696606833,0.028764714160265936,-0.007010763155238369,0.0004807643871233235,0.005043237172375157,0.000973379615732249,0.016665890826979394,-0.0006256052696390127,0.0021961918127884096,-0.0011678374661664615,0.0021955099241265197,0.0026300639687962223,0.005217205579504516,-0.010914688758823999,0.005002103266755974,0.02944220484117354,-0.003776830522448044,0.005059852234982846,-0.0030266154280902623,0.0014605746748355408,-0.0004763190927210073,0.007094484158125795,0.00489168449398209,0.0032176758623035182,0.0013377835242405387,0.004459496360735506,0.002774664026484102,-0.000769137492165994,-0.0017515196718455566,0.0014259915748224285,-0.0019127728538748648,-0.0009220735434887484,-0.005661028047829155,0.022784928828800934,-0.001258745915102835,-0.003776830522448044,0.010360107663943543,-0.0023204939677519644,-0.0011973219544227022,0.004514899242691214,-0.0025057623007895312,0.021228244042557867,-0.0021990496608309974,-0.0011472742823829553,-0.0022969617344225585,-0.0013625824064147178,0.009458111818857324,-0.0011089522186876783,0.0024992600251846275,-0.0002648128724604849,-0.0005921779423139865,0.0011345435973696238,0.00018398697342987872,-0.01024162422249725,0.0016030253897223944,0.005059852234982846,-0.0023204939677519644,0.010492243757935591,0.0007137159530067163,0.0009988140539907444,-0.0008727328551374977,-0.0018825905973885188,0.0012978284387852312,0.0009301333204725928,-0.001847626305412924,0.002170788607973437,0.0031229311323268975,0.002852350662335969,-0.0007445426248015814,0.0032209390698370683,0.0021500537974741777,-0.0004110439609439935,-0.0017867132865240654,-0.002281701918238454,-0.006974981184958014,-0.0030266154280902623,-0.0011973219544227022,0.0007137159530067163,0.02762105626369439,-0.0026801860035983102,0.003167136874781356,-0.027522309767845587,0.0026631519685865693,0.0023275650779199233,0.0012061470152978687,0.0018780387092354495,-0.01111237238411646,-0.0012537405772692998,-0.0008945400398422544,-0.0030647663120893496,-0.0036771425589643522,-0.003483907997373666,0.008185402033976419,-0.0018239465521199896,0.0009183962916797699,0.0014605746748355408,0.004514899242691214,0.0009988140539907444,-0.0026801860035983102,0.015211319662262558,-0.0032534032382665963,0.011785195870610074,-0.0006966920242460735,-0.0019205982091322496,-0.0025804800731953283,-0.0012735990355978752,0.00376982632991913,0.0007339185636183519,0.0009793678249845799,0.0009799341215046518,0.002563679502637922,0.003341582756739942,-0.001918199534068448,-0.0049124681690253915,-0.002301618696606833,-0.0004763190927210073,-0.0025057623007895312,-0.0008727328551374977,0.003167136874781356,-0.0032534032382665963,0.005855967223231906,-0.007247717268480478,0.003400515416295746,0.001269401082885042,0.0024823633870971916,0.0013300790814656787,-0.00494405138150108,-0.007149370052092702,0.0007351045750356713,0.005396596776718644,-0.006717198151798729,0.001039941208981235,-0.02823680523896869,0.06873285757448366,0.028764714160265936,0.007094484158125795,0.021228244042557867,-0.0018825905973885188,-0.027522309767845587,0.011785195870610074,-0.007247717268480478,0.14120303241920462,-0.003741004640633894,-0.0008687317034649427,-0.0012068072904239985,-0.004409907986572207,0.05650921313759945,-7.63800855713571e-5,0.002024200297874673,-0.00015009224919929623,0.0030053898565128682,0.0040491539574520905,-0.001063686287479714,-0.0017547592443146296,-0.007010763155238369,0.00489168449398209,-0.0021990496608309974,0.0012978284387852312,0.0026631519685865693,-0.0006966920242460735,0.003400515416295746,-0.003741004640633894,0.012203489407437183,0.0014328508960431059,-0.000482631600074071,0.00021950163106744796,-0.0026373729411963073,0.00020296002155152448,0.0005875888594443835,0.0008790741628652142,0.001418823224574292,0.001550270173713595,-0.0007690337605849123,-0.001912388372743582,0.0004807643871233235,0.0032176758623035182,-0.0011472742823829553,0.0009301333204725928,0.0023275650779199233,-0.0019205982091322496,0.001269401082885042,-0.0008687317034649427,0.0014328508960431059,0.002488719175949564,0.001414974276803409,0.0012995260226927275,0.0006681348629734036,0.0012834277501754439,0.00013366685253888064,0.0010524771546983076,0.0015082655919411124,0.00022587451654628577,0.00017236328474195102,-0.006678997698564371,0.005043237172375157,0.0013377835242405387,-0.0022969617344225585,-0.001847626305412924,0.0012061470152978687,-0.0025804800731953283,0.0024823633870971916,-0.0012068072904239985,-0.000482631600074071,0.001414974276803409,0.005558085432817749,0.0009382381908945001,-0.0017943666232061411,0.00028889415943728384,0.0006975854503868451,0.0003717800336089041,0.0007526164540435627,0.0023913679805985175,-0.0006881705584927218,-0.0059929819936679896,0.000973379615732249,0.004459496360735506,-0.0013625824064147178,0.002170788607973437,0.0018780387092354495,-0.0012735990355978752,0.0013300790814656787,-0.004409907986572207,0.00021950163106744796,0.0012995260226927275,0.0009382381908945001,0.005117976746978134,0.0021986957224951107,-0.005386735716329154,0.0012860513847024772,0.001830464655173965,-0.00391990497129505,0.004436352151426485,-0.011680467045616915,0.03213487873118816,0.016665890826979394,0.002774664026484102,0.009458111818857324,0.0031229311323268975,-0.01111237238411646,0.00376982632991913,-0.00494405138150108,0.05650921313759945,-0.0026373729411963073,0.0006681348629734036,-0.0017943666232061411,0.0021986957224951107,0.06286947173287522
0.004980549810786372,0.00011559561776949953,0.0002090360134667988,0.0009066549589350376,0.0005488055953870507,0.00472101880190951,0.0007968018552005946,-4.362762377719051e-5,-0.000982346210624054,0.0008415899582305661,0.0003823591371534635,0.00012308562092600765,0.0009954537555059238,0.0017070538030775706,0.0001783919859417232,0.0003977234844730594,-0.00020742348683897734,0.00031124269175282704,0.0011075237514429053,0.0013274652307273108,0.00011559561776949953,0.0076566541131903275,0.0008600647817851481,-0.0005268714609053932,0.0026951379104382485,0.001597417490477456,0.003266041384257884,0.000975461388000899,0.008340326917074882,-0.0015425154186228117,-0.0027578615604542008,0.005704818761812367,-0.0027171224055974894,0.00046672406614101927,-0.0057752196513534875,-0.003395414524216597,0.0004328753994340031,-0.001422342773918501,0.0026721273291892902,0.00833659989534428,0.0002090360134667988,0.0008600647817851481,0.0045982153080206326,-0.00033330266771815535,0.0008675323374210156,-0.003085060501362117,0.005761813963187546,-0.00046576549183420914,0.0019700765354120366,-0.000846287447636416,0.0017513244816300044,0.0011171703313742642,0.0021437830284722387,0.0016599560760972767,0.002914830165333049,0.0001357171685659521,0.0003219783824491352,-0.0005540446195403061,0.00257287592667276,0.002665478347048413,0.0009066549589350376,-0.0005268714609053932,-0.00033330266771815535,0.003948772464526256,-0.00033363839222777563,0.0049025789487040835,-0.00514228832865005,0.00027271777545758975,-0.0014262601522057273,0.0011455070811397378,-4.0070499078398096e-5,0.0007478498219322532,0.0008052861172986657,-0.0010308606975736466,-0.0014708883750611736,0.0005525880352095047,8.174896782722779e-5,0.0007657554778924748,0.0009277178537217831,0.0024589686711912776,0.0005488055953870507,0.0026951379104382485,0.0008675323374210156,-0.00033363839222777563,0.008668004429382406,0.0003604524542683315,0.0006800850580274687,0.0025544715891557095,0.006861398240686941,0.0006982601123308295,-0.0009915203296976048,0.002905498026958723,0.0035790789287557215,0.0012217525849658492,0.0019766901955988376,-9.516130127284102e-5,0.0007091633600473389,-0.0007365601246878498,0.000689280209958273,-0.0027079143912767476,0.00472101880190951,0.001597417490477456,-0.003085060501362117,0.0049025789487040835,0.0003604524542683315,0.047417638431527895,-0.000659454673288107,0.0048253742988420495,0.008638474320365902,0.0037560096620861865,-0.010704982696763867,0.013133440323748762,1.812948067052495e-5,-0.000464449841036089,-0.02411699266708628,-0.001695254156891075,-0.0005563196095111465,0.0014922920979202978,-0.002427575898112165,0.020467575459185296,0.0007968018552005946,0.003266041384257884,0.005761813963187546,-0.00514228832865005,0.0006800850580274687,-0.000659454673288107,0.050912178548821165,0.006014395382829341,0.007383139685641464,-0.0040197032913581714,-0.0029042384971331666,0.007451606650861404,0.003552205238603708,0.01032118215207013,0.005013329484680496,-0.001557073079869377,0.00020420875835203437,-0.0013337142587109083,0.0033336502716944418,0.008936747733528459,-4.362762377719051e-5,0.000975461388000899,-0.00046576549183420914,0.00027271777545758975,0.0025544715891557095,0.0048253742988420495,0.006014395382829341,0.03278128686567906,-0.0025831472004999518,0.0039399650297358094,0.0006666298248377317,-0.004918990955698964,0.005355631090114291,0.003765699950990788,0.0042684454694729874,0.003621235798922519,0.00045246986722017,0.00028214331114955035,0.001088624894929943,-0.0031161820450247477,-0.000982346210624054,0.008340326917074882,0.0019700765354120366,-0.0014262601522057273,0.006861398240686941,0.008638474320365902,0.007383139685641464,-0.0025831472004999518,0.034529378864283485,-0.0027279159120139466,-0.010825720192021205,0.019880220552977435,-0.002721121635319134,0.0007428799905803082,-0.015414586632803848,-0.009083690456989934,0.00037723892670514937,-0.00274520155241409,-0.00029239408027499224,0.013450431775724804,0.0008415899582305661,-0.0015425154186228117,-0.000846287447636416,0.0011455070811397378,0.0006982601123308295,0.0037560096620861865,-0.0040197032913581714,0.0039399650297358094,-0.0027279159120139466,0.0055082996239334,0.001658929000471716,-0.0022843522245457066,0.0019172021144322786,-0.0005572143046555752,0.0040283154661838495,0.0025103906194354564,0.0002661908308186396,0.0017772684263252102,-0.002270934102554352,-0.004816852145333186,0.0003823591371534635,-0.0027578615604542008,0.0017513244816300044,-4.0070499078398096e-5,-0.0009915203296976048,-0.010704982696763867,-0.0029042384971331666,0.0006666298248377317,-0.010825720192021205,0.001658929000471716,0.01184485043041642,-0.009221349643923571,0.002343912040087347,-0.0001349700550491552,0.01713910636248301,0.005807517047178286,0.0005950879262646724,0.0008112743656951129,0.0016845450382056057,-0.011158826695527502,0.00012308562092600765,0.005704818761812367,0.0011171703313742642,0.0007478498219322532,0.002905498026958723,0.013133440323748762,0.007451606650861404,-0.004918990955698964,0.019880220552977435,-0.0022843522245457066,-0.009221349643923571,0.033655374043490074,-0.00837184593766727,-0.0019426350052628484,-0.017286648806973205,-0.007486665123480712,0.0012136858205225637,-0.0010103349780799242,-0.0010491243514857659,0.024492785124471526,0.0009954537555059238,-0.0027171224055974894,0.0021437830284722387,0.0008052861172986657,0.0035790789287557215,1.812948067052495e-5,0.003552205238603708,0.005355631090114291,-0.002721121635319134,0.0019172021144322786,0.002343912040087347,-0.00837184593766727,0.0185473622090404,0.006560481435678855,0.006396504019747567,0.0032967724328742936,-0.0002792634421917091,0.00026737507524196585,0.0004309103009254737,-0.013460504293606457,0.0017070538030775706,0.00046672406614101927,0.0016599560760972767,-0.0010308606975736466,0.0012217525849658492,-0.000464449841036089,0.01032118215207013,0.003765699950990788,0.0007428799905803082,-0.0005572143046555752,-0.0001349700550491552,-0.0019426350052628484,0.006560481435678855,0.007888421450127626,0.0003142252179253646,8.90713856742609e-6,-0.00048727918076391194,-0.0008795635326648795,0.0015607730928215678,-0.0026969586051950913,0.0001783919859417232,-0.0057752196513534875,0.002914830165333049,-0.0014708883750611736,0.0019766901955988376,-0.02411699266708628,0.005013329484680496,0.0042684454694729874,-0.015414586632803848,0.0040283154661838495,0.01713910636248301,-0.017286648806973205,0.006396504019747567,0.0003142252179253646,0.06626048756489002,0.011997761276600098,0.0026279383403283512,0.0029106701133739185,0.0036011632920031076,-0.030064733705150865,0.0003977234844730594,-0.003395414524216597,0.0001357171685659521,0.0005525880352095047,-9.516130127284102e-5,-0.001695254156891075,-0.001557073079869377,0.003621235798922519,-0.009083690456989934,0.0025103906194354564,0.005807517047178286,-0.007486665123480712,0.0032967724328742936,8.90713856742609e-6,0.011997761276600098,0.009295948607559326,0.0009032554804750118,0.0023597183439313333,-0.00022950329354604336,-0.00923798180473888,-0.00020742348683897734,0.0004328753994340031,0.0003219783824491352,8.174896782722779e-5,0.0007091633600473389,-0.0005563196095111465,0.00020420875835203437,0.00045246986722017,0.00037723892670514937,0.0002661908308186396,0.0005950879262646724,0.0012136858205225637,-0.0002792634421917091,-0.00048727918076391194,0.0026279383403283512,0.0009032554804750118,0.0018368586852198186,0.0003067111936933204,-5.3760488207607425e-5,0.0011211652377199786,0.00031124269175282704,-0.001422342773918501,-0.0005540446195403061,0.0007657554778924748,-0.0007365601246878498,0.0014922920979202978,-0.0013337142587109083,0.00028214331114955035,-0.00274520155241409,0.0017772684263252102,0.0008112743656951129,-0.0010103349780799242,0.00026737507524196585,-0.0008795635326648795,0.0029106701133739185,0.0023597183439313333,0.0003067111936933204,0.0030704323029013725,-0.0008685102216626759,-0.0008707620506312441,0.0011075237514429053,0.0026721273291892902,0.00257287592667276,0.0009277178537217831,0.000689280209958273,-0.002427575898112165,0.0033336502716944418,0.001088624894929943,-0.00029239408027499224,-0.002270934102554352,0.0016845450382056057,-0.0010491243514857659,0.0004309103009254737,0.0015607730928215678,0.0036011632920031076,-0.00022950329354604336,-5.3760488207607425e-5,-0.0008685102216626759,0.007552968550854552,0.00445749537462691,0.0013274652307273108,0.00833659989534428,0.002665478347048413,0.0024589686711912776,-0.0027079143912767476,0.020467575459185296,0.008936747733528459,-0.0031161820450247477,0.013450431775724804,-0.004816852145333186,-0.011158826695527502,0.024492785124471526,-0.013460504293606457,-0.0026969586051950913,-0.030064733705150865,-0.00923798180473888,0.0011211652377199786,-0.0008707620506312441,0.00445749537462691,0.07026892594303391
