0.008395073906571847,0.0005348030542958166,-0.0006622164838247725,0.000880541247512004,0.0020131561510134256,0.0027781418674546966,-0.0002889845218436984,0.00039565880699149296,0.00035498900361523376,0.0051056948388797496,0.0005745345201646542,-0.0007359106315867642,-0.0001956396521841997,0.0027318798059899354,2.8391316031676367e-5,0.00036160758307658794,-0.0023499612781369443,0.0004965629737098659,0.004148495871298565,0.00226984872176418,0.0005348030542958166,0.004907709582868221,-4.065786008207396e-5,0.001515079400241196,-0.0009801851473936855,0.0010555715453562193,0.0016181586728301117,0.0002758889075726647,0.0003931768937163105,0.001175214533031477,0.000443560543288339,-0.0009052167723162593,0.000552006212795471,0.0012453164867362882,-4.674008127119407e-5,0.00033766460248886804,0.0006250603624540366,0.0003023241220597835,0.0011752286955225837,0.00041829307514466726,-0.0006622164838247725,-4.065786008207396e-5,0.011399904869407534,0.0022496212056628442,0.0009807804475500525,0.0007764571699008491,0.001726146475003161,0.0005502481759401569,4.482753447809752e-5,0.001145160508654612,0.0006806591240133725,-0.0025141183388851527,0.0006956311322803667,-0.002508765086577129,-0.0003124097212469357,0.00035424193890001723,-0.0006112984595452157,0.000719839631657332,0.0009478934951186016,0.0013493234517998167,0.000880541247512004,0.001515079400241196,0.0022496212056628442,0.005230721590518541,0.0008254025936214212,0.003089002428432344,0.0021352022179098756,0.0001737667109756135,-0.00015957471525081973,-0.0003276662312060427,0.000355349715492361,0.0001755176248153236,0.0007494811365911761,0.0018423309681367913,0.00042997348834395344,0.0005721691544514977,0.0007848674780282707,0.0006866676410873469,0.0005214283744767393,-0.0002943799017104962,0.0020131561510134256,-0.0009801851473936855,0.0009807804475500525,0.0008254025936214212,0.005936481616984045,0.0010561455665584832,0.002109965897597337,-0.00011116709032787196,0.0011175440473062345,0.00045413980916816075,0.000517095852546277,0.0003307665443112121,0.0004001117849447126,0.0014154443475924588,0.0003088241574758561,0.00027981368912255314,6.713880149081849e-5,0.0008963736758998823,0.0027637079211281805,-0.0002985956163538175,0.0027781418674546966,0.0010555715453562193,0.0007764571699008491,0.003089002428432344,0.0010561455665584832,0.012732381862535145,0.00018247789904942994,-9.14838727545999e-5,0.0004477562737820314,-0.002538532838132951,0.0008124409728473229,0.0012368652617691458,0.0006240283231031607,-0.004171646812645394,0.0007368149034937045,0.0011196829628389445,-0.003512563803553177,-0.00040342783336216024,0.009572697413393911,0.0009313047452518084,-0.0002889845218436984,0.0016181586728301117,0.001726146475003161,0.0021352022179098756,0.002109965897597337,0.00018247789904942994,0.004258568952240892,-0.00027805262393994803,-0.0006141625342347039,-0.0007212859989239888,-1.3447338036685864e-5,0.00029029382867032014,7.84736085532665e-5,0.0027166062055003623,0.0009403635858488497,0.00033141492596093025,0.0002639741442641511,0.0004930076115193476,-0.00016472095522617283,0.002467393686550577,0.00039565880699149296,0.0002758889075726647,0.0005502481759401569,0.0001737667109756135,-0.00011116709032787196,-9.14838727545999e-5,-0.00027805262393994803,0.002940627109130727,-1.7416624199427928e-5,-0.0011104895648715151,3.9733442919438885e-5,-0.00034695703882975734,8.119087530600145e-5,0.000504907961464418,9.595477767438712e-5,0.00021329463725888945,-0.0002444436314637271,-0.00028012260795832913,-0.00044956737851866677,0.00015410236712185888,0.00035498900361523376,0.0003931768937163105,4.482753447809752e-5,-0.00015957471525081973,0.0011175440473062345,0.0004477562737820314,-0.0006141625342347039,-1.7416624199427928e-5,0.00506192106947103,0.0012608390251077504,-4.04170073324627e-5,0.0002458430183916297,-0.00011814878792753265,-0.0009016574304755989,-0.00011334295620041811,0.00024908888497441814,-0.0011115481066761683,-0.0004738418239336249,0.0003180460408415194,-0.0037330854213510115,0.0051056948388797496,0.001175214533031477,0.001145160508654612,-0.0003276662312060427,0.00045413980916816075,-0.002538532838132951,-0.0007212859989239888,-0.0011104895648715151,0.0012608390251077504,0.01005956822934401,0.00023476854256730413,-0.0007493697131538612,0.0004614179509541855,0.002414604166731704,-0.0010316937596331177,0.000373840907761913,0.0009013040134569647,-0.0013137793122013279,-0.0011979765952057602,0.0014290293063444238,0.0005745345201646542,0.000443560543288339,0.0006806591240133725,0.000355349715492361,0.000517095852546277,0.0008124409728473229,-1.3447338036685864e-5,3.9733442919438885e-5,-4.04170073324627e-5,0.00023476854256730413,0.0017565853673974434,9.884221907633394e-6,0.00026965407197022836,0.0006846547840907229,0.0004325519098841694,4.649043133842865e-5,-0.0005965820771187639,0.00047452261348382175,-5.569757240949606e-6,0.00047263705541719306,-0.0007359106315867642,-0.0009052167723162593,-0.0025141183388851527,0.0001755176248153236,0.0003307665443112121,0.0012368652617691458,0.00029029382867032014,-0.00034695703882975734,0.0002458430183916297,-0.0007493697131538612,9.884221907633394e-6,0.0038832220509506083,0.0002206299018700672,0.0022784891020264297,-0.0001158744377383518,0.000377117565892983,-0.0022976920203705543,-0.0006500412668448297,-0.0016982781991417692,0.0018333175220399895,-0.0001956396521841997,0.000552006212795471,0.0006956311322803667,0.0007494811365911761,0.0004001117849447126,0.0006240283231031607,7.84736085532665e-5,8.119087530600145e-5,-0.00011814878792753265,0.0004614179509541855,0.00026965407197022836,0.0002206299018700672,0.0013103440985348187,0.0006185784665946161,7.21147759158323e-5,1.5195358822227864e-5,4.9317678220747035e-6,0.00022442244765334392,0.00017778703521131119,6.124785936825579e-5,0.0027318798059899354,0.0012453164867362882,-0.002508765086577129,0.0018423309681367913,0.0014154443475924588,-0.004171646812645394,0.0027166062055003623,0.000504907961464418,-0.0009016574304755989,0.002414604166731704,0.0006846547840907229,0.0022784891020264297,0.0006185784665946161,0.013121140833387186,0.0028288983347330866,0.000827288869208746,-0.0018142065866451945,0.0026777514591771563,-0.005044109834077554,0.0038727680364861045,2.8391316031676367e-5,-4.674008127119407e-5,-0.0003124097212469357,0.00042997348834395344,0.0003088241574758561,0.0007368149034937045,0.0009403635858488497,9.595477767438712e-5,-0.00011334295620041811,-0.0010316937596331177,0.0004325519098841694,-0.0001158744377383518,7.21147759158323e-5,0.0028288983347330866,0.0033686471042646904,0.00040879474105699434,-0.00045609442790683875,0.0004373336775615295,-3.366298246471175e-5,0.0007158255534473819,0.00036160758307658794,0.00033766460248886804,0.00035424193890001723,0.0005721691544514977,0.00027981368912255314,0.0011196829628389445,0.00033141492596093025,0.00021329463725888945,0.00024908888497441814,0.000373840907761913,4.649043133842865e-5,0.000377117565892983,1.5195358822227864e-5,0.000827288869208746,0.00040879474105699434,0.0014485794674817002,0.00011364281040189982,0.0004195172468457344,0.0012379233179046173,-7.070472411472331e-5,-0.0023499612781369443,0.0006250603624540366,-0.0006112984595452157,0.0007848674780282707,6.713880149081849e-5,-0.003512563803553177,0.0002639741442641511,-0.0002444436314637271,-0.0011115481066761683,0.0009013040134569647,-0.0005965820771187639,-0.0022976920203705543,4.9317678220747035e-6,-0.0018142065866451945,-0.00045609442790683875,0.00011364281040189982,0.00763188254329073,-0.000993660322417374,-0.001390765247098649,-0.0037499326798285226,0.0004965629737098659,0.0003023241220597835,0.000719839631657332,0.0006866676410873469,0.0008963736758998823,-0.00040342783336216024,0.0004930076115193476,-0.00028012260795832913,-0.0004738418239336249,-0.0013137793122013279,0.00047452261348382175,-0.0006500412668448297,0.00022442244765334392,0.0026777514591771563,0.0004373336775615295,0.0004195172468457344,-0.000993660322417374,0.0034482962347718933,0.00140379251593953,-0.0006654149477128969,0.004148495871298565,0.0011752286955225837,0.0009478934951186016,0.0005214283744767393,0.0027637079211281805,0.009572697413393911,-0.00016472095522617283,-0.00044956737851866677,0.0003180460408415194,-0.0011979765952057602,-5.569757240949606e-6,-0.0016982781991417692,0.00017778703521131119,-0.005044109834077554,-3.366298246471175e-5,0.0012379233179046173,-0.001390765247098649,0.00140379251593953,0.013651953439990594,-0.00047864071652603535,0.00226984872176418,0.00041829307514466726,0.0013493234517998167,-0.0002943799017104962,-0.0002985956163538175,0.0009313047452518084,0.002467393686550577,0.00015410236712185888,-0.0037330854213510115,0.0014290293063444238,0.00047263705541719306,0.0018333175220399895,6.124785936825579e-5,0.0038727680364861045,0.0007158255534473819,-7.070472411472331e-5,-0.0037499326798285226,-0.0006654149477128969,-0.00047864071652603535,0.009696621635033716
0.06966958641709868,0.02298416061648826,-0.03298567209843505,-0.0010695148627720822,0.016031100296551377,-0.06134219168339762,0.026213025274984023,2.503131778759714e-5,-0.01935953566004342,0.0007562616473140655,0.012609299377904575,-0.007786391725568372,0.014234743233094066,-0.04404134471139033,0.02279800350814202,-0.014787379980126275,0.009261181319095712,0.021423089764761635,0.014384869232942231,-3.449892841477734e-5,0.02298416061648826,0.03026941865357254,-0.017419642689950783,-0.0012052080073275935,0.022840148291220764,-0.027329363737130085,0.00890334905529783,-0.006626512565178525,-0.015679988980145863,0.017970374457235073,0.006263819133732367,-0.00837177527461572,0.0072002619915573106,-0.029118763918022435,0.012398427869734857,-0.012008651194325377,0.006722970529781469,0.011347426284633342,-0.01078396709757692,0.0020240010365460545,-0.03298567209843505,-0.017419642689950783,0.028929478293958182,0.0028085649902456584,0.002695587026075575,0.009284931768338757,-0.008264082720795134,-0.0040365844617136866,0.02420820035293588,-0.005940499282088764,-0.016262195946349214,-0.0005984854772453245,0.0001159950504343117,0.024615878666839272,-0.006438181065690473,0.002222819522717698,0.0029493491185155415,-0.00718518782319344,0.0036812842812848153,-2.561328409748085e-5,-0.0010695148627720822,-0.0012052080073275935,0.0028085649902456584,0.003845002818620384,-0.005032232905677627,0.0033843437863708085,0.0021315604350250596,-0.0007771010259546013,-0.0031410233687783214,0.0008367606519179148,-0.001709799773697718,-0.0019191801800938764,-0.0008897792961677239,0.0008646084600491287,0.0026905856243241563,0.001178568498483237,-0.0021622111419625275,0.003588777710453524,0.001080606492277029,-0.005124322550438763,0.016031100296551377,0.022840148291220764,0.002695587026075575,-0.005032232905677627,0.0871887598541461,-0.08746636546723618,0.020923177295129203,-0.023561441094540357,0.03438668233621685,0.004539994176450288,-0.013367726353108025,-0.01772852879207001,0.031112035441529934,-0.03957173132830577,0.01404790764714053,-0.029114598255419205,0.05041606313765379,0.002226348582312482,-0.01021789482373707,0.0299835857159549,-0.06134219168339762,-0.027329363737130085,0.009284931768338757,0.0033843437863708085,-0.08746636546723618,0.14666225739556377,-0.0302097286275477,0.014839953518590871,-0.029546885261501524,0.0013767475279406454,0.006426508388080574,0.02097598145439579,-0.03508051132746368,0.04855823287137746,-0.04427388132552673,0.031913425532486335,-0.04955117549644905,-0.01273310413993093,-0.027428243802434,-0.03624815239573648,0.026213025274984023,0.00890334905529783,-0.008264082720795134,0.0021315604350250596,0.020923177295129203,-0.0302097286275477,0.02705286897188451,-0.010782411947897717,-0.004066988702113002,0.009935854126101689,-0.0022992398309872424,-0.0027248789796666044,0.008003426014408404,-0.022982540260456562,0.006889524982332546,-0.012599596473789096,0.015458711570315111,0.016003661816919472,-0.005652736273688791,-0.00958393174442798,2.503131778759714e-5,-0.006626512565178525,-0.0040365844617136866,-0.0007771010259546013,-0.023561441094540357,0.014839953518590871,-0.010782411947897717,0.01528964069322457,-0.004064685244560943,-0.011075880241835742,0.0068222740919303415,0.0019198133040271717,-0.011677084746869168,0.01060788117982636,0.0005995731969979956,0.008685761334817979,-0.016307239579671947,-0.007991769202469976,0.01159437702621154,0.003456511239078733,-0.01935953566004342,-0.015679988980145863,0.02420820035293588,-0.0031410233687783214,0.03438668233621685,-0.029546885261501524,-0.004066988702113002,-0.004064685244560943,0.046848883436489436,-0.021469155740755676,-0.017267569387778778,-0.007939487968341982,0.011296690922444234,0.007810758048472115,-0.003060906947067399,-0.0065729462333082075,0.022986476563223557,-0.01632094895537787,0.008033774291148647,0.024865601998315744,0.0007562616473140655,0.017970374457235073,-0.005940499282088764,0.0008367606519179148,0.004539994176450288,0.0013767475279406454,0.009935854126101689,-0.011075880241835742,-0.021469155740755676,0.044936538222471525,0.005765819682424915,0.008859361069114825,-0.01166121625350483,0.0006174019694106221,0.0038773639653566687,-0.0016247358631976926,-0.00012737501265977546,0.01615034229395252,-0.016726405023628148,-0.016544198334831117,0.012609299377904575,0.006263819133732367,-0.016262195946349214,-0.001709799773697718,-0.013367726353108025,0.006426508388080574,-0.0022992398309872424,0.0068222740919303415,-0.017267569387778778,0.005765819682424915,0.013785016980063475,0.004310123679041647,-0.007895151121293794,-0.004110886362943852,0.0027794940943573617,0.005693253532250507,-0.008516868934872053,0.0009267332948612759,0.0007291556257774203,0.0010642556835498418,-0.007786391725568372,-0.00837177527461572,-0.0005984854772453245,-0.0019191801800938764,-0.01772852879207001,0.02097598145439579,-0.0027248789796666044,0.0019198133040271717,-0.007939487968341982,0.008859361069114825,0.004310123679041647,0.015998503330299094,-0.008619840846597504,0.017923052681980293,-0.007691713275415446,0.007351935169061464,-0.008442324203816184,-0.0010362605215398389,-2.5748234887580657e-5,-0.009847975993681746,0.014234743233094066,0.0072002619915573106,0.0001159950504343117,-0.0008897792961677239,0.031112035441529934,-0.03508051132746368,0.008003426014408404,-0.011677084746869168,0.011296690922444234,-0.01166121625350483,-0.007895151121293794,-0.008619840846597504,0.029989746731418063,-0.02301355246215321,0.003670417727944647,-0.013880799619810733,0.020835057612651513,0.0040411695576192,4.7908337537248954e-5,0.008102930899632257,-0.04404134471139033,-0.029118763918022435,0.024615878666839272,0.0008646084600491287,-0.03957173132830577,0.04855823287137746,-0.022982540260456562,0.01060788117982636,0.007810758048472115,0.0006174019694106221,-0.004110886362943852,0.017923052681980293,-0.02301355246215321,0.054987359288466583,-0.012628312262964628,0.019863054402898345,-0.02271244547190405,-0.013564482097549017,0.01181981308704605,-0.008783264435058677,0.02279800350814202,0.012398427869734857,-0.006438181065690473,0.0026905856243241563,0.01404790764714053,-0.04427388132552673,0.006889524982332546,0.0005995731969979956,-0.003060906947067399,0.0038773639653566687,0.0027794940943573617,-0.007691713275415446,0.003670417727944647,-0.012628312262964628,0.02485492381894367,-0.004868547715333833,0.0050030146190349414,0.006620824861082053,0.015689727425635534,0.008534548183838146,-0.014787379980126275,-0.012008651194325377,0.002222819522717698,0.001178568498483237,-0.029114598255419205,0.031913425532486335,-0.012599596473789096,0.008685761334817979,-0.0065729462333082075,-0.0016247358631976926,0.005693253532250507,0.007351935169061464,-0.013880799619810733,0.019863054402898345,-0.004868547715333833,0.015628282094138395,-0.014962973307197525,-0.00690143531571142,0.00394567316440146,-0.0026401137864485273,0.009261181319095712,0.006722970529781469,0.0029493491185155415,-0.0021622111419625275,0.05041606313765379,-0.04955117549644905,0.015458711570315111,-0.016307239579671947,0.022986476563223557,-0.00012737501265977546,-0.008516868934872053,-0.008442324203816184,0.020835057612651513,-0.02271244547190405,0.0050030146190349414,-0.014962973307197525,0.03452879857481596,0.0016962144330568809,-0.006310072914618591,0.017008527788379323,0.021423089764761635,0.011347426284633342,-0.00718518782319344,0.003588777710453524,0.002226348582312482,-0.01273310413993093,0.016003661816919472,-0.007991769202469976,-0.01632094895537787,0.01615034229395252,0.0009267332948612759,-0.0010362605215398389,0.0040411695576192,-0.013564482097549017,0.006620824861082053,-0.00690143531571142,0.0016962144330568809,0.019770302235864047,-0.002542677197337512,-0.01695856205332969,0.014384869232942231,-0.01078396709757692,0.0036812842812848153,0.001080606492277029,-0.01021789482373707,-0.027428243802434,-0.005652736273688791,0.01159437702621154,0.008033774291148647,-0.016726405023628148,0.0007291556257774203,-2.5748234887580657e-5,4.7908337537248954e-5,0.01181981308704605,0.015689727425635534,0.00394567316440146,-0.006310072914618591,-0.002542677197337512,0.03503765696315524,0.00859902410731292,-3.449892841477734e-5,0.0020240010365460545,-2.561328409748085e-5,-0.005124322550438763,0.0299835857159549,-0.03624815239573648,-0.00958393174442798,0.003456511239078733,0.024865601998315744,-0.016544198334831117,0.0010642556835498418,-0.009847975993681746,0.008102930899632257,-0.008783264435058677,0.008534548183838146,-0.0026401137864485273,0.017008527788379323,-0.01695856205332969,0.00859902410731292,0.03698887055549034
0.005502395090488177,0.002432306894440392,-0.0011105921853968265,-0.00029603646648240865,0.005387340742964328,0.0033682723797829237,-0.0002262379720577713,0.00018098634515084807,-0.0018617896962177087,0.0021637690189007016,-0.0009095265931733422,-0.0014835932700097143,0.0015576055883892211,-0.0009164882750233685,0.0003495219178982331,-0.0011540929952294269,0.0025938847128845824,-0.001493735904186503,0.0058189880641023265,0.0026994531190887667,0.002432306894440392,0.00744669972296191,-0.0026122357967826816,-0.00266821905862215,0.0015137827046266717,-0.0034848754351585226,-0.0021925513032792277,-0.00027464288525239024,-0.0006245741404557615,-0.0022272918247951343,-0.0008402831387756246,-0.001210396323868082,-0.0006840499388874576,-0.0017752520952729694,-0.00044331700854822087,-0.0009894225639895038,0.00012566325018596833,0.0005117897475148958,0.0026337225438435104,0.003287083190332007,-0.0011105921853968265,-0.0026122357967826816,0.010170247353702944,0.0016645742951469688,5.90199245321957e-5,0.00418393511708819,0.0016111060236082817,-0.0007165717450712758,0.0034453495148792997,-0.006881066447311759,0.0010515854093092502,-0.0026342761183943456,0.0007159446961898294,0.008120308725397268,0.00014171718508479078,0.0009439026619912226,0.0037747635665940447,-0.0012561369748638417,0.0008351130075786289,-0.0012733561708529913,-0.00029603646648240865,-0.00266821905862215,0.0016645742951469688,0.005800705760179067,0.0021579412402126883,0.007135949921994423,0.0001213832223601395,0.001266358266493639,-0.0002421067113755083,0.0002871016072896027,-6.723695882159008e-6,0.001502772457139828,0.0019323209229009884,0.0011372593884994954,0.00104931742965986,0.00016441188798403856,0.0017189230243716905,0.0016551022490660754,0.003935568638343727,0.0001835231158437571,0.005387340742964328,0.0015137827046266717,5.90199245321957e-5,0.0021579412402126883,0.02059061190213663,0.005808822965391039,0.0026278353398981333,0.0014067543023507712,0.0008687324800279268,0.014133786196366046,0.0004618041434547291,0.005739966859363171,0.0035355157775285185,-0.005616219159335306,-3.358691722324289e-5,-0.0022039607941594184,0.0026839239914558002,-0.0027931707380057093,0.01950592371418517,-0.0014855863116985198,0.0033682723797829237,-0.0034848754351585226,0.00418393511708819,0.007135949921994423,0.005808822965391039,0.04508296916738182,-0.0049593149119482784,0.001780888619691679,-0.0014835616301039955,0.006509025178581876,0.003414700926440273,-0.0020960602464419288,0.0029768715777279344,-0.0018426666600350134,0.0022352289364877304,-0.0015721311866486005,0.008629910506355719,0.007985484169796055,0.031110836923234672,-0.009484389071116768,-0.0002262379720577713,-0.0021925513032792277,0.0016111060236082817,0.0001213832223601395,0.0026278353398981333,-0.0049593149119482784,0.006391512970052995,-0.0012435075170225416,0.0015647743175042873,0.0026273149458258976,-0.0004704967301427575,-0.00048181432010841385,0.0002729322977822363,-0.0038535461595814446,-0.002085824273178595,-0.001423636000941404,-0.0009756160804915582,1.7292425911631263e-5,0.0010587912233246178,-0.004680659975062316,0.00018098634515084807,-0.00027464288525239024,-0.0007165717450712758,0.001266358266493639,0.0014067543023507712,0.001780888619691679,-0.0012435075170225416,0.004751929056897722,-0.00036890944433889386,-0.002433263507389326,-9.325644171947182e-5,0.0006172146794741415,0.0013304428126947442,0.0043516764398198425,-0.0002014574381807188,0.000711592433325045,0.0021859650524973084,0.0011926941316075456,-0.00036338015678844134,0.007181250024634246,-0.0018617896962177087,-0.0006245741404557615,0.0034453495148792997,-0.0002421067113755083,0.0008687324800279268,-0.0014835616301039955,0.0015647743175042873,-0.00036890944433889386,0.0073613119138903884,-0.0006439642324894539,0.0010671122466297317,-0.0008117432592672797,2.2461169860214192e-5,-0.0014849348443693045,3.9101048638984256e-5,-0.0006115731774471126,-0.0025870763151935776,-0.0024879767107948477,0.001840651608864483,-0.004465896949700971,0.0021637690189007016,-0.0022272918247951343,-0.006881066447311759,0.0002871016072896027,0.014133786196366046,0.006509025178581876,0.0026273149458258976,-0.002433263507389326,-0.0006439642324894539,0.03014597853214119,0.0013928501952667136,0.01199665616964599,0.000710049186398234,-0.020239936002896836,-0.0009502492438936607,-0.0029920246479659468,-0.006018207846834778,-0.0045587733064502076,0.020308677495244256,-0.017616921075094577,-0.0009095265931733422,-0.0008402831387756246,0.0010515854093092502,-6.723695882159008e-6,0.0004618041434547291,0.003414700926440273,-0.0004704967301427575,-9.325644171947182e-5,0.0010671122466297317,0.0013928501952667136,0.0016503328175792498,0.0004898636889785338,9.626929117939332e-5,0.00031865409635439563,0.000307735530094007,-3.393640778128214e-5,0.0005817008006200956,8.340310826657739e-5,0.0021649365541876026,-0.0017174948225670767,-0.0014835932700097143,-0.001210396323868082,-0.0026342761183943456,0.001502772457139828,0.005739966859363171,-0.0020960602464419288,-0.00048181432010841385,0.0006172146794741415,-0.0008117432592672797,0.01199665616964599,0.0004898636889785338,0.010781149741397388,0.0002622688546000824,-0.0038663404873646922,-0.0007144379888517783,-0.0002482656021422686,-0.0019389227248092704,-0.003940372381390041,0.003936950528314784,-0.0033917171370308288,0.0015576055883892211,-0.0006840499388874576,0.0007159446961898294,0.0019323209229009884,0.0035355157775285185,0.0029768715777279344,0.0002729322977822363,0.0013304428126947442,2.2461169860214192e-5,0.000710049186398234,9.626929117939332e-5,0.0002622688546000824,0.003014180646273399,0.0006181490188993356,-3.789856563285644e-5,-3.148729688263899e-5,0.0016743008902567864,-0.0005842499653206441,0.0027232160681545745,0.0021422609330304836,-0.0009164882750233685,-0.0017752520952729694,0.008120308725397268,0.0011372593884994954,-0.005616219159335306,-0.0018426666600350134,-0.0038535461595814446,0.0043516764398198425,-0.0014849348443693045,-0.020239936002896836,0.00031865409635439563,-0.0038663404873646922,0.0006181490188993356,0.026820668553104852,0.0023896540013423626,0.0032512047803380287,0.010964699819631926,-0.001565633495409937,-0.017290104836467018,0.021199439617345155,0.0003495219178982331,-0.00044331700854822087,0.00014171718508479078,0.00104931742965986,-3.358691722324289e-5,0.0022352289364877304,-0.002085824273178595,-0.0002014574381807188,3.9101048638984256e-5,-0.0009502492438936607,0.000307735530094007,-0.0007144379888517783,-3.789856563285644e-5,0.0023896540013423626,0.00272060798989036,0.0010048451873643249,0.00024756964142068805,-0.000842453983729137,-0.0015027769503597865,0.002306609442416014,-0.0011540929952294269,-0.0009894225639895038,0.0009439026619912226,0.00016441188798403856,-0.0022039607941594184,-0.0015721311866486005,-0.001423636000941404,0.000711592433325045,-0.0006115731774471126,-0.0029920246479659468,-3.393640778128214e-5,-0.0002482656021422686,-3.148729688263899e-5,0.0032512047803380287,0.0010048451873643249,0.002352584514811794,-0.0006738408403657079,-0.00013144502639569767,-0.004948097880279258,0.0026543211432630046,0.0025938847128845824,0.00012566325018596833,0.0037747635665940447,0.0017189230243716905,0.0026839239914558002,0.008629910506355719,-0.0009756160804915582,0.0021859650524973084,-0.0025870763151935776,-0.006018207846834778,0.0005817008006200956,-0.0019389227248092704,0.0016743008902567864,0.010964699819631926,0.00024756964142068805,-0.0006738408403657079,0.009873469193617139,0.00133157780606251,0.002574328841529093,0.00897450531374078,-0.001493735904186503,0.0005117897475148958,-0.0012561369748638417,0.0016551022490660754,-0.0027931707380057093,0.007985484169796055,1.7292425911631263e-5,0.0011926941316075456,-0.0024879767107948477,-0.0045587733064502076,8.340310826657739e-5,-0.003940372381390041,-0.0005842499653206441,-0.001565633495409937,-0.000842453983729137,-0.00013144502639569767,0.00133157780606251,0.009934774577556767,0.00422925268448715,-0.000535211345238933,0.0058189880641023265,0.0026337225438435104,0.0008351130075786289,0.003935568638343727,0.01950592371418517,0.031110836923234672,0.0010587912233246178,-0.00036338015678844134,0.001840651608864483,0.020308677495244256,0.0021649365541876026,0.003936950528314784,0.0027232160681545745,-0.017290104836467018,-0.0015027769503597865,-0.004948097880279258,0.002574328841529093,0.00422925268448715,0.04315325254629384,-0.018314661603212552,0.0026994531190887667,0.003287083190332007,-0.0012733561708529913,0.0001835231158437571,-0.0014855863116985198,-0.009484389071116768,-0.004680659975062316,0.007181250024634246,-0.004465896949700971,-0.017616921075094577,-0.0017174948225670767,-0.0033917171370308288,0.0021422609330304836,0.021199439617345155,0.002306609442416014,0.0026543211432630046,0.00897450531374078,-0.000535211345238933,-0.018314661603212552,0.0300904613097566
