0.0044274817685257565,0.0003229002623309611,0.0007617153746003024,0.00029502017776124215,0.0010336701031986295,0.0005195490595544482,0.0001504190522277725,-5.1003335996066106e-5,0.0013161971518137873,0.00010082155363056819,0.00044444103781029603,-0.0004269853763657395,-0.0007392440580230757,0.0015107057815950025,6.996933103681673e-5,-8.336176907536451e-5,0.0002452037809045176,0.0003715506170058997,0.00028973569823604716,-3.576706585425273e-5,0.0003229002623309611,0.005036317676221036,0.000583900534789012,-0.0006480082127523555,0.0005716873053745296,-0.00014558806669734902,-0.00021876653620564148,3.0202494087852154e-5,0.0009008872162758839,-0.00015457261201407894,-7.218481656354048e-5,0.0003303567895995447,0.0007258676574242963,-0.00035716947687996586,0.00020016209770298534,-0.0002940257660669449,-0.00032711041827263607,0.0006595566608415316,0.0001749282911533617,-8.654553524071056e-6,0.0007617153746003024,0.000583900534789012,0.02051855621980527,0.0022535079796261485,0.00035547018208729303,0.0010799182282204178,-0.0003571573465887094,0.0003681884376770938,0.0034981658946812385,0.00016903440299994617,0.001184282861590617,-0.001071722420698759,-0.00038783174983893524,0.0014864186761330196,0.0012977389309807301,0.00013195843907052305,0.00045603286568463583,0.00030451208313854574,0.0021354888919205414,0.0011606550618718284,0.00029502017776124215,-0.0006480082127523555,0.0022535079796261485,0.024401854716725676,0.0009335831784260571,0.0008644532678379504,-0.00024324206067868382,-9.217899358264237e-5,0.001962124005650023,0.00058633749946376,-0.00011381283063699891,-0.0005314912009326846,0.0013642041308880692,0.002461563440098722,0.0013437015305116013,0.0004169690275452694,0.00016567241897746585,0.00018291771949240546,0.0014442858083724382,-6.0112271926483294e-5,0.0010336701031986295,0.0005716873053745296,0.00035547018208729303,0.0009335831784260571,0.021660564499975724,0.0013842010885233749,0.0027113395726017517,1.9315250016584394e-6,0.0020443089389983074,0.00028443487896418645,0.0007779757316325644,-0.00040558287803574625,0.001369661858357156,0.00153674656502539,0.0018537826195750605,-0.0003088505371837718,0.0008360895688980241,0.0002715630267735319,0.00015504789569985083,0.0015710817501256129,0.0005195490595544482,-0.00014558806669734902,0.0010799182282204178,0.0008644532678379504,0.0013842010885233749,0.0024772214595526905,-0.00016182126433157484,0.00010869122917104497,0.0007630030414867939,0.00037332478549887056,0.0005864880346000201,-0.00014640909263641076,-0.0001645162363337278,0.0008026168633008781,0.0006107218664852929,0.00017540492365308378,0.00039464989335549885,0.00026257141964550917,0.0009381173335365435,0.0005475898152781881,0.0001504190522277725,-0.00021876653620564148,-0.0003571573465887094,-0.00024324206067868382,0.0027113395726017517,-0.00016182126433157484,0.014305624189491039,-6.074090190741868e-5,0.0014212066816032833,-0.0003338022954152694,0.00045928338284634794,-0.00045802119426214085,-0.00042852706688124213,0.0019215128340747535,0.0011374840956109352,7.0349288189528e-5,3.466603240536226e-6,0.0012128452877646727,-0.000176036567557558,7.149794162381084e-5,-5.1003335996066106e-5,3.0202494087852154e-5,0.0003681884376770938,-9.217899358264237e-5,1.9315250016584394e-6,0.00010869122917104497,-6.074090190741868e-5,0.001497815108340803,-5.512647655206742e-5,0.00024057877982142895,-6.109498187447415e-5,0.0004404742662643329,-0.00023446282118798768,-4.8301321246589094e-5,0.00022512738656671008,3.3795565697384834e-5,0.00021597176537777063,-6.0810853421088e-5,0.00021499108175232522,0.0001580939733031242,0.0013161971518137873,0.0009008872162758839,0.0034981658946812385,0.001962124005650023,0.0020443089389983074,0.0007630030414867939,0.0014212066816032833,-5.512647655206742e-5,0.016140593439152806,6.624130836069525e-5,0.0006833161933722427,0.0005693687967741946,0.0007700970223045663,0.003972944220881363,0.0009247183931622335,0.00020858018545500182,0.0005359301659613866,4.928158680965492e-5,-2.970850259824696e-5,0.0009014378592124568,0.00010082155363056819,-0.00015457261201407894,0.00016903440299994617,0.00058633749946376,0.00028443487896418645,0.00037332478549887056,-0.0003338022954152694,0.00024057877982142895,6.624130836069525e-5,0.0016568961508339705,0.00016333503802390574,0.0005890114149705676,9.862842378260481e-5,0.0006672152844559374,0.00016707305894865857,0.00012473011600575799,0.000274913623656789,-9.320995340050262e-5,0.0008091112392656106,8.386348850758792e-5,0.00044444103781029603,-7.218481656354048e-5,0.001184282861590617,-0.00011381283063699891,0.0007779757316325644,0.0005864880346000201,0.00045928338284634794,-6.109498187447415e-5,0.0006833161933722427,0.00016333503802390574,0.002544631860394911,-0.0003920323270257388,-0.00020022861816984265,0.0005380426437028342,0.0006950165561582006,-0.00014892099477371813,0.0001198188404678466,0.00029220219271231413,0.0005568229667629427,0.00048469212875649266,-0.0004269853763657395,0.0003303567895995447,-0.001071722420698759,-0.0005314912009326846,-0.00040558287803574625,-0.00014640909263641076,-0.00045802119426214085,0.0004404742662643329,0.0005693687967741946,0.0005890114149705676,-0.0003920323270257388,0.007374530039612563,0.0020018660553853844,-0.0004002483328805611,0.00036920702828533065,0.00026963353257765664,0.00025467365554229706,0.0009734394498990092,0.0011962983390631182,-0.00046236408110335715,-0.0007392440580230757,0.0007258676574242963,-0.00038783174983893524,0.0013642041308880692,0.001369661858357156,-0.0001645162363337278,-0.00042852706688124213,-0.00023446282118798768,0.0007700970223045663,9.862842378260481e-5,-0.00020022861816984265,0.0020018660553853844,0.023659579497043018,0.0008607574032222132,-6.034467238225318e-5,0.0003865402397259425,-6.080113963581292e-5,0.0006003818379575712,0.0021177132179257983,-0.00031373207636776915,0.0015107057815950025,-0.00035716947687996586,0.0014864186761330196,0.002461563440098722,0.00153674656502539,0.0008026168633008781,0.0019215128340747535,-4.8301321246589094e-5,0.003972944220881363,0.0006672152844559374,0.0005380426437028342,-0.0004002483328805611,0.0008607574032222132,0.011989869434459602,0.0007489821103451911,0.00046487268798678415,2.3273251041040866e-5,1.6641141418770383e-5,0.0007401961109658155,0.0005448381958623101,6.996933103681673e-5,0.00020016209770298534,0.0012977389309807301,0.0013437015305116013,0.0018537826195750605,0.0006107218664852929,0.0011374840956109352,0.00022512738656671008,0.0009247183931622335,0.00016707305894865857,0.0006950165561582006,0.00036920702828533065,-6.034467238225318e-5,0.0007489821103451911,0.005045333851128673,3.328404091176183e-5,0.0004797822096464326,0.00038745967439241956,0.0009126889460900889,0.00020320133029690552,-8.336176907536451e-5,-0.0002940257660669449,0.00013195843907052305,0.0004169690275452694,-0.0003088505371837718,0.00017540492365308378,7.0349288189528e-5,3.3795565697384834e-5,0.00020858018545500182,0.00012473011600575799,-0.00014892099477371813,0.00026963353257765664,0.0003865402397259425,0.00046487268798678415,3.328404091176183e-5,0.0013198424290818273,0.0001108124303740154,0.00020694862404268074,0.0004358452726600856,0.00010553935209228972,0.0002452037809045176,-0.00032711041827263607,0.00045603286568463583,0.00016567241897746585,0.0008360895688980241,0.00039464989335549885,3.466603240536226e-6,0.00021597176537777063,0.0005359301659613866,0.000274913623656789,0.0001198188404678466,0.00025467365554229706,-6.080113963581292e-5,2.3273251041040866e-5,0.0004797822096464326,0.0001108124303740154,0.00120491839793892,6.128636792932051e-5,0.0003629486812165329,0.00020019687517213185,0.0003715506170058997,0.0006595566608415316,0.00030451208313854574,0.00018291771949240546,0.0002715630267735319,0.00026257141964550917,0.0012128452877646727,-6.0810853421088e-5,4.928158680965492e-5,-9.320995340050262e-5,0.00029220219271231413,0.0009734394498990092,0.0006003818379575712,1.6641141418770383e-5,0.00038745967439241956,0.00020694862404268074,6.128636792932051e-5,0.00422010255565178,0.0001280459761294747,-0.0002907939010541293,0.00028973569823604716,0.0001749282911533617,0.0021354888919205414,0.0014442858083724382,0.00015504789569985083,0.0009381173335365435,-0.000176036567557558,0.00021499108175232522,-2.970850259824696e-5,0.0008091112392656106,0.0005568229667629427,0.0011962983390631182,0.0021177132179257983,0.0007401961109658155,0.0009126889460900889,0.0004358452726600856,0.0003629486812165329,0.0001280459761294747,0.011749311272501345,0.0007477639752759037,-3.576706585425273e-5,-8.654553524071056e-6,0.0011606550618718284,-6.0112271926483294e-5,0.0015710817501256129,0.0005475898152781881,7.149794162381084e-5,0.0001580939733031242,0.0009014378592124568,8.386348850758792e-5,0.00048469212875649266,-0.00046236408110335715,-0.00031373207636776915,0.0005448381958623101,0.00020320133029690552,0.00010553935209228972,0.00020019687517213185,-0.0002907939010541293,0.0007477639752759037,0.002592895615075948
