0.0023953079474753505,0.0005631616604531728,-0.000436326758840795,0.000566400011804124,-0.001019099160756856,0.001508709355656394,-0.0013757418928807207,-0.0004887238552050908,-9.814262439428563e-5,-0.00032358584628002846,0.000190453277192195,0.0019926398633209833,-0.000593707878083768,-5.8185814353148743e-5,-0.0007990004776704622,4.995998249772345e-5,-3.168800330261076e-5,2.6718033713991106e-5,4.63103677170541e-5,-0.00045955213774866036,0.0005631616604531728,0.0022525105959935125,0.00037538390935732964,-0.000216837885011453,0.00027676743954052195,0.00026590022091328843,-0.0010844259649902379,-0.0007874042969889009,-0.001205035430141789,0.0005339463129283606,-0.00027786249179574543,-0.0002203968443992884,-0.0006103240047741927,-0.000973943131696974,0.0005026933352869777,-0.0009005325364515616,0.00014454975541313474,-4.514609555024373e-6,-0.00042703232135392376,-0.00034867871334932275,-0.000436326758840795,0.00037538390935732964,0.002069758032147846,3.3965822519775954e-5,-0.00022197492863169655,-0.0008605289531739307,0.0013782263990735522,0.0005986324515855925,0.0006841786784160022,0.0006454531091654207,0.0008859996341926066,-0.001137173306039224,-0.000460744686815957,0.0003106138365112415,0.00038614869415499114,0.00042541617989298925,0.00012336958876876914,0.00018930585563733542,-0.00037319681373108036,-0.0003333842424208018,0.000566400011804124,-0.000216837885011453,3.3965822519775954e-5,0.0016310116139195657,0.00010199034183652685,0.0005826998771850943,0.0006147245751212106,0.0006691031721020463,-0.0007398552089974847,0.00014572122847916026,-0.0001406209559563043,0.0005330065124909269,0.00041674977934839756,-0.00014266873602949206,0.0005939295129005692,0.00039470387804548234,0.000491042701262598,0.00017820031339682146,0.0001567471585521163,0.001268263455352903,-0.001019099160756856,0.00027676743954052195,-0.00022197492863169655,0.00010199034183652685,0.00397026003542157,0.0002614801850002312,0.0014755651944351098,0.0015278263801962535,-0.0006541504445221274,0.00021691180014326748,0.0009512311753142458,-0.0009320373366327685,0.0002249161130691978,0.00019669290881842622,0.001989999803000123,0.0004102857649243925,7.162379521298196e-5,0.000371064356187514,-0.0008234415289898217,0.0035412351705624776,0.001508709355656394,0.00026590022091328843,-0.0008605289531739307,0.0005826998771850943,0.0002614801850002312,0.004581926695281735,-0.0001683067005204984,0.000687782634051601,-2.2282545730106817e-5,0.0013605458140822481,0.0006878900100716236,0.0027553811999925697,-0.0016303624166806802,4.0187280490051826e-5,0.0005776713988211263,0.00010931097700423412,0.0005171388882581698,0.0006067533137804191,0.0009161479667607786,0.0014393876979003869,-0.0013757418928807207,-0.0010844259649902379,0.0013782263990735522,0.0006147245751212106,0.0014755651944351098,-0.0001683067005204984,0.004519259191085813,0.002235749720007926,0.00026403667826698754,0.001076024706000671,0.0004728609029266723,-0.001312385200194883,-0.00027923751016221987,0.0018393465175193192,0.0016491621856264585,0.0008432145815476688,9.990806319436351e-5,0.0009181729120908917,0.00047502792251759925,0.0010787536558777677,-0.0004887238552050908,-0.0007874042969889009,0.0005986324515855925,0.0006691031721020463,0.0015278263801962535,0.000687782634051601,0.002235749720007926,0.003344799981903876,0.00024247224477651956,0.000980184339389666,0.000819808067119472,-0.0001764806328202822,5.593029223281664e-6,0.0008030827526280234,-0.0006229929621408418,0.0021145154830571867,0.000950503045017048,0.0008568108823489277,-0.0010701296367247436,0.0015560354984015924,-9.814262439428563e-5,-0.001205035430141789,0.0006841786784160022,-0.0007398552089974847,-0.0006541504445221274,-2.2282545730106817e-5,0.00026403667826698754,0.00024247224477651956,0.003663617586332695,-0.0004216250664710626,0.0021379380475849887,9.59799962222991e-5,0.000584342114645881,0.0008427044254902532,-0.00030327081986620803,-0.0005990309461251563,-4.253727125076408e-5,0.00017187352791502784,-0.0008367223615563998,0.0008141820543928483,-0.00032358584628002846,0.0005339463129283606,0.0006454531091654207,0.00014572122847916026,0.00021691180014326748,0.0013605458140822481,0.001076024706000671,0.000980184339389666,-0.0004216250664710626,0.0024729903603087702,-8.270400298864499e-5,0.00048287550859965996,-0.0007935314648816866,0.00020738964344846055,0.0007084213307741076,1.1551127727456709e-5,0.0007782454982302172,-0.000204409891103407,0.00029899041022961195,9.894435519500937e-5,0.000190453277192195,-0.00027786249179574543,0.0008859996341926066,-0.0001406209559563043,0.0009512311753142458,0.0006878900100716236,0.0004728609029266723,0.000819808067119472,0.0021379380475849887,-8.270400298864499e-5,0.003071892756305779,-0.0002771009101212457,-0.00023369211780516853,2.001741732056173e-5,0.0012996777931682316,0.00033175880410669825,0.00024046537394567833,0.0003971269503477662,-0.00024860319101535806,0.0026294166887809427,0.0019926398633209833,-0.0002203968443992884,-0.001137173306039224,0.0005330065124909269,-0.0009320373366327685,0.0027553811999925697,-0.001312385200194883,-0.0001764806328202822,9.59799962222991e-5,0.00048287550859965996,-0.0002771009101212457,0.003709487726353174,-0.0006212808388610463,0.000507974459834861,-0.0012173085019470979,8.547676531076408e-5,-8.915853041204876e-5,-0.0007212160648758308,0.0002063215098718943,-0.0005782632606329044,-0.000593707878083768,-0.0006103240047741927,-0.000460744686815957,0.00041674977934839756,0.0002249161130691978,-0.0016303624166806802,-0.00027923751016221987,5.593029223281664e-6,0.000584342114645881,-0.0007935314648816866,-0.00023369211780516853,-0.0006212808388610463,0.002923946340091235,-0.0002194554758634454,0.00022228791169530155,-0.0014983454469168276,0.0003460720715352765,-0.000512855262577961,-0.0014153556021465103,0.0014094734044151843,-5.8185814353148743e-5,-0.000973943131696974,0.0003106138365112415,-0.00014266873602949206,0.00019669290881842622,4.0187280490051826e-5,0.0018393465175193192,0.0008030827526280234,0.0008427044254902532,0.00020738964344846055,2.001741732056173e-5,0.000507974459834861,-0.0002194554758634454,0.0020258230269407295,-0.00025580164307831705,0.0002555644619746232,-0.0006287942285722972,3.099867488620728e-5,-0.00015976076488840213,-0.0008249263755512828,-0.0007990004776704622,0.0005026933352869777,0.00038614869415499114,0.0005939295129005692,0.001989999803000123,0.0005776713988211263,0.0016491621856264585,-0.0006229929621408418,-0.00030327081986620803,0.0007084213307741076,0.0012996777931682316,-0.0012173085019470979,0.00022228791169530155,-0.00025580164307831705,0.005647576531388973,-0.002298785306078096,4.775697393559502e-5,0.0003186557900024556,0.0015753569297818687,0.0040122721442220535,4.995998249772345e-5,-0.0009005325364515616,0.00042541617989298925,0.00039470387804548234,0.0004102857649243925,0.00010931097700423412,0.0008432145815476688,0.0021145154830571867,-0.0005990309461251563,1.1551127727456709e-5,0.00033175880410669825,8.547676531076408e-5,-0.0014983454469168276,0.0002555644619746232,-0.002298785306078096,0.0045089038356036825,-8.299857761938988e-6,4.086181567552248e-5,4.275163603146333e-5,-0.0008813337758305143,-3.168800330261076e-5,0.00014454975541313474,0.00012336958876876914,0.000491042701262598,7.162379521298196e-5,0.0005171388882581698,9.990806319436351e-5,0.000950503045017048,-4.253727125076408e-5,0.0007782454982302172,0.00024046537394567833,-8.915853041204876e-5,0.0003460720715352765,-0.0006287942285722972,4.775697393559502e-5,-8.299857761938988e-6,0.0012760017323636154,0.000586460702843455,-0.00034066349105329194,0.001245635479442756,2.6718033713991106e-5,-4.514609555024373e-6,0.00018930585563733542,0.00017820031339682146,0.000371064356187514,0.0006067533137804191,0.0009181729120908917,0.0008568108823489277,0.00017187352791502784,-0.000204409891103407,0.0003971269503477662,-0.0007212160648758308,-0.000512855262577961,3.099867488620728e-5,0.0003186557900024556,4.086181567552248e-5,0.000586460702843455,0.0020485083441757826,0.00016661755389516187,0.0010609384317787432,4.63103677170541e-5,-0.00042703232135392376,-0.00037319681373108036,0.0001567471585521163,-0.0008234415289898217,0.0009161479667607786,0.00047502792251759925,-0.0010701296367247436,-0.0008367223615563998,0.00029899041022961195,-0.00024860319101535806,0.0002063215098718943,-0.0014153556021465103,-0.00015976076488840213,0.0015753569297818687,4.275163603146333e-5,-0.00034066349105329194,0.00016661755389516187,0.0031428077065188925,-0.00032496092507388057,-0.00045955213774866036,-0.00034867871334932275,-0.0003333842424208018,0.001268263455352903,0.0035412351705624776,0.0014393876979003869,0.0010787536558777677,0.0015560354984015924,0.0008141820543928483,9.894435519500937e-5,0.0026294166887809427,-0.0005782632606329044,0.0014094734044151843,-0.0008249263755512828,0.0040122721442220535,-0.0008813337758305143,0.001245635479442756,0.0010609384317787432,-0.00032496092507388057,0.007432072057143963
1.7546081646791583,0.7961427653977667,-2.6101709638863353,-1.3580991337332278,0.13460942934766582,2.0741390863202467,1.5225386893298178,3.3280110575745776,-0.48129427022835214,-0.7628763194461757,-0.09626607106053144,0.5855769499324686,0.2557553248229097,-0.6462062868681248,0.4124405212627785,0.5441297317450563,2.938958230370157,-4.494453228064886,-3.3100331495392203,-0.23503112748783772,0.7961427653977667,0.664758912604062,-1.6083906228862626,-0.6161687382161505,-0.05009014406685244,1.3781862469074226,0.849804170959972,2.0254581967974428,-0.4624135185866173,-0.6072334743511859,0.19382493015971008,0.23997592074277926,0.06549580374061281,-0.31833390618740953,0.18644911423062055,0.37651191553691354,1.6461455557898526,-2.7148066827652646,-1.973107728588691,0.06984405714687242,-2.6101709638863353,-1.6083906228862626,4.524248343108165,2.0170863621309496,-0.03941052510403208,-3.7726357224903024,-2.510855759218546,-5.76802271721991,1.0880274315039276,1.535543943734708,-0.2262174712455543,-0.8502179637190664,-0.3079946716077898,1.0147712333769883,-0.6299906539333248,-0.9989936169407325,-4.853226295329081,7.717977815136072,5.626287173002663,0.09791030872889026,-1.3580991337332278,-0.6161687382161505,2.0170863621309496,1.245582481524998,-0.21584978566277516,-1.6716878568302522,-1.234706030223726,-2.4356254189156945,0.2170994709386311,0.5771603776510214,0.2398153270338329,-0.5276773952093765,-0.0786746354173293,0.4418232065382152,-0.44148401509833834,-0.39370028120790546,-2.3924279553349366,3.605539800785011,2.627373218197959,0.2047162405109599,0.13460942934766582,-0.05009014406685244,-0.03941052510403208,-0.21584978566277516,0.21167382256141962,-0.02507626583947202,0.04995245556279137,-0.2193019440412777,0.25882705793425886,0.06932272289818854,-0.26065659376282857,0.0638267093350147,-0.1292822575252516,0.06759555787072087,0.09399039693635965,-0.07902801646648866,0.18142721536306633,0.016639400785855876,-0.1092576481794369,-0.12330892096782123,2.0741390863202467,1.3781862469074226,-3.7726357224903024,-1.6716878568302522,-0.02507626583947202,3.3094671041594097,2.125557271533135,4.957840295316611,-1.0067048491986532,-1.3679705632139951,0.2986541872453504,0.7372839390123809,0.2445864568569402,-0.8640531551900662,0.5769116476511241,0.8775555184244513,4.0368899260347675,-6.629381398776747,-4.699016613727332,-0.007076089145910854,1.5225386893298178,0.849804170959972,-2.510855759218546,-1.234706030223726,0.04995245556279137,2.125557271533135,1.4700546292614731,3.2837852145766475,-0.5878566983528175,-0.8425310944763507,0.06966100998239261,0.5415663324243383,0.21639188081955632,-0.6111072493586066,0.399805944978148,0.575346094954282,2.7517824725722533,-4.444216955402568,-3.153555071362811,-0.10513477330187894,3.3280110575745776,2.0254581967974428,-5.76802271721991,-2.4356254189156945,-0.2193019440412777,4.957840295316611,3.2837852145766475,8.02126526302659,-1.8058647526039842,-2.07483199532637,0.6465230450040822,1.1288819977196785,0.7200281300780176,-1.544914459053882,0.7431093207320943,1.4430842394418015,6.058105973407819,-10.212098022357154,-7.105208411535645,-0.07317171212251748,-0.48129427022835214,-0.4624135185866173,1.0880274315039276,0.2170994709386311,0.25882705793425886,-1.0067048491986532,-0.5878566983528175,-1.8058647526039842,0.6604412416744916,0.5126181415516492,-0.4611676603066757,-0.1347118097097421,-0.270930828609741,0.3685520429979474,-0.020124040564722855,-0.37714412932564967,-0.9503666585784488,1.9987176014146257,1.2445926353500476,-0.12781758883907718,-0.7628763194461757,-0.6072334743511859,1.535543943734708,0.5771603776510214,0.06932272289818854,-1.3679705632139951,-0.8425310944763507,-2.07483199532637,0.5126181415516492,0.6274163147295916,-0.27587603544782957,-0.2565125622097707,-0.11236819817901594,0.36046638029394723,-0.17403785218210938,-0.3946951241160823,-1.5348634507529,2.665511833262557,1.844538064663685,-0.058183319643554145,-0.09626607106053144,0.19382493015971008,-0.2262174712455543,0.2398153270338329,-0.26065659376282857,0.2986541872453504,0.06966100998239261,0.6465230450040822,-0.4611676603066757,-0.27587603544782957,0.5242633981703825,-0.0650988998771557,0.1506420719931903,-0.14145049193486176,-0.14916248272740815,0.19200886270411913,-0.07603709208045427,-0.3995452064302693,-0.09183741610473287,0.19100222560551455,0.5855769499324686,0.23997592074277926,-0.8502179637190664,-0.5276773952093765,0.0638267093350147,0.7372839390123809,0.5415663324243383,1.1288819977196785,-0.1347118097097421,-0.2565125622097707,-0.0650988998771557,0.25309297803085934,0.07853220601462986,-0.2291901842301668,0.19201806808714555,0.18754796628737877,1.0049340210396662,-1.5899283582459125,-1.0992419652928576,-0.09244223867018898,0.2557553248229097,0.06549580374061281,-0.3079946716077898,-0.0786746354173293,-0.1292822575252516,0.2445864568569402,0.21639188081955632,0.7200281300780176,-0.270930828609741,-0.11236819817901594,0.1506420719931903,0.07853220601462986,0.24955749240209962,-0.22011191700285154,-0.024476386645485557,0.15018825778853676,0.2666821953517576,-0.6680644564325328,-0.3460117131799569,-0.025671693922082208,-0.6462062868681248,-0.31833390618740953,1.0147712333769883,0.4418232065382152,0.06759555787072087,-0.8640531551900662,-0.6111072493586066,-1.544914459053882,0.3685520429979474,0.36046638029394723,-0.14145049193486176,-0.2291901842301668,-0.22011191700285154,0.34920835515846477,-0.12032577363386089,-0.2829686859039602,-1.059338355299505,1.8623715454990182,1.2363897041656735,0.05080651098327064,0.4124405212627785,0.18644911423062055,-0.6299906539333248,-0.44148401509833834,0.09399039693635965,0.5769116476511241,0.399805944978148,0.7431093207320943,-0.020124040564722855,-0.17403785218210938,-0.14916248272740815,0.19201806808714555,-0.024476386645485557,-0.12032577363386089,0.224630994594014,0.09559295642375025,0.8362627475919837,-1.1994063481763038,-0.8852320773065446,-0.07159411952124213,0.5441297317450563,0.37651191553691354,-0.9989936169407325,-0.39370028120790546,-0.07902801646648866,0.8775555184244513,0.575346094954282,1.4430842394418015,-0.37714412932564967,-0.3946951241160823,0.19200886270411913,0.18754796628737877,0.15018825778853676,-0.2829686859039602,0.09559295642375025,0.28985597739795743,0.9907502399823308,-1.8023135133724713,-1.1955609415642166,0.02302428913526169,2.938958230370157,1.6461455557898526,-4.853226295329081,-2.3924279553349366,0.18142721536306633,4.0368899260347675,2.7517824725722533,6.058105973407819,-0.9503666585784488,-1.5348634507529,-0.07603709208045427,1.0049340210396662,0.2666821953517576,-1.059338355299505,0.8362627475919837,0.9907502399823308,5.4576294051536,-8.391501701545565,-6.196672086352062,-0.22559564257278333,-4.494453228064886,-2.7148066827652646,7.717977815136072,3.605539800785011,0.016639400785855876,-6.629381398776747,-4.444216955402568,-10.212098022357154,1.9987176014146257,2.665511833262557,-0.3995452064302693,-1.5899283582459125,-0.6680644564325328,1.8623715454990182,-1.1994063481763038,-1.8023135133724713,-8.391501701545565,13.71612737385061,9.693709560736867,0.16374649899009858,-3.3100331495392203,-1.973107728588691,5.626287173002663,2.627373218197959,-0.1092576481794369,-4.699016613727332,-3.153555071362811,-7.105208411535645,1.2445926353500476,1.844538064663685,-0.09183741610473287,-1.0992419652928576,-0.3460117131799569,1.2363897041656735,-0.8852320773065446,-1.1955609415642166,-6.196672086352062,9.693709560736867,7.123402931334759,0.1691959878134542,-0.23503112748783772,0.06984405714687242,0.09791030872889026,0.2047162405109599,-0.12330892096782123,-0.007076089145910854,-0.10513477330187894,-0.07317171212251748,-0.12781758883907718,-0.058183319643554145,0.19100222560551455,-0.09244223867018898,-0.025671693922082208,0.05080651098327064,-0.07159411952124213,0.02302428913526169,-0.22559564257278333,0.16374649899009858,0.1691959878134542,0.15585914932588452
