0.02503289446391231,0.005786850048594798,0.004382742924980917,0.009361898619224696,0.00714033417831338,0.004047006360383571,-0.001438149062287058,-0.0010064457891953205,0.0055263283341830515,0.008549330428791808,0.005249272331377749,-0.0036174994524289356,0.004966550724138871,0.006390672668443825,0.004946356654499729,0.014418725343646613,0.0020390567493847257,0.0002312589973819919,0.006825513267158176,0.000817952125293253,0.005786850048594798,0.00980280646383288,0.0011262467710096845,0.00446508983483567,0.0014994795738783409,-0.0002489514604800337,-8.767361434544477e-5,0.0007347046171564058,0.0008561248840547713,0.003134335746070081,0.003516266540810559,-0.001626920917966955,0.0004816123675820086,0.00355058289931541,0.0037862040923253514,0.005324998170745665,0.0015648874130380812,0.004226814105846726,0.0020581512124978594,-0.0016087951875859892,0.004382742924980917,0.0011262467710096845,0.006430053891579766,0.001230403090709511,0.004382698592004928,0.0028680703668883564,0.0020782309423624367,0.00048448506369586303,0.0023114610150111016,0.001475665095874444,0.0003243567439165534,0.000406839115318877,0.0021569367819644887,0.0024043406727548905,0.0037312130239515926,0.0019296399111248033,0.0015339161449702257,-0.00037537276545232155,0.002010346984777054,0.002847383587516315,0.009361898619224696,0.00446508983483567,0.001230403090709511,0.011795038193840245,0.0013528213917387733,0.0023138186295777897,-0.0001279778745637941,0.00172624553949698,0.0016779502692354747,0.007232242896709203,0.0076519663514593396,-0.0028775065428097344,0.0006317957333491751,0.00427704385758727,0.0018187116624488278,0.00953013373356808,0.0010851208655101802,0.0046484815302304475,0.003266958260647867,0.0016144914164699833,0.00714033417831338,0.0014994795738783409,0.004382698592004928,0.0013528213917387733,0.016013776316672723,0.006240672027723941,0.006763873002170824,0.0012321966293354807,0.004304545298878035,0.0019996793689240015,0.0025988149185162657,0.00020641407392821243,0.005890568895352688,0.003379503207098555,0.005052361375539979,0.0006202888617821306,-0.00027124896216482945,-0.0026476596519850867,0.0035757235880029443,0.008099622020205468,0.004047006360383571,-0.0002489514604800337,0.0028680703668883564,0.0023138186295777897,0.006240672027723941,0.008328893003354485,0.00484555559498262,0.0010135873330990766,0.003772493233954936,0.0023637568225001416,0.0029629396606232978,0.0016860756091184096,0.0040251679504339725,0.0015028836553959799,0.0012980291400531052,0.0004455363867365713,0.001490563842554994,-0.002157995017747622,0.002366589137815239,0.0064966926948488496,-0.001438149062287058,-8.767361434544477e-5,0.0020782309423624367,-0.0001279778745637941,0.006763873002170824,0.00484555559498262,0.01143092747118969,0.0034178246709228206,0.0024683715311350505,-0.00020982151251796102,0.0023319218436434414,0.0008227674070813319,0.0034969051886340405,0.003301104564393602,0.0037440702145289497,-0.0027348011377926196,0.0020483180694626756,0.0004339911621344273,0.0005091593829820874,0.008310631476830237,-0.0010064457891953205,0.0007347046171564058,0.00048448506369586303,0.00172624553949698,0.0012321966293354807,0.0010135873330990766,0.0034178246709228206,0.005282221113716639,-9.623336108915666e-5,-0.00025403922369108536,0.003174789597366998,0.0002473605846692993,0.00013145888912478155,0.0025492588973468856,0.003365072888989534,-0.000700526184814673,0.0008850138151831862,0.0014170636123087906,-0.0006263466098991814,0.004882174731640352,0.0055263283341830515,0.0008561248840547713,0.0023114610150111016,0.0016779502692354747,0.004304545298878035,0.003772493233954936,0.0024683715311350505,-9.623336108915666e-5,0.0056195932477768745,0.0016500710195019319,1.6564800788532e-5,-0.0006078156583591898,0.0032026561075221612,0.00259091505558877,0.0007805465192002197,0.0020271997458682026,0.0012864053141785619,-0.0010489019023638296,0.0028812657606915783,0.0014421605952615827,0.008549330428791808,0.003134335746070081,0.001475665095874444,0.007232242896709203,0.0019996793689240015,0.0023637568225001416,-0.00020982151251796102,-0.00025403922369108536,0.0016500710195019319,0.018676039152690987,0.00862586019941329,-0.000782675119465628,0.0016040269772654523,0.003860505211214346,0.003427318927964669,0.010692689133609923,0.0018986115614241996,0.0025431663775435185,0.00275631544513951,0.0006721081474853191,0.005249272331377749,0.003516266540810559,0.0003243567439165534,0.0076519663514593396,0.0025988149185162657,0.0029629396606232978,0.0023319218436434414,0.003174789597366998,1.6564800788532e-5,0.00862586019941329,0.024729290040299313,0.00020384500609096277,0.0003454044285498411,0.0032942821054884825,0.0036383510042844657,0.0053007057375199255,-0.0003597211612140997,0.004560340882923723,0.00012632483600457864,0.007137674279642785,-0.0036174994524289356,-0.001626920917966955,0.000406839115318877,-0.0028775065428097344,0.00020641407392821243,0.0016860756091184096,0.0008227674070813319,0.0002473605846692993,-0.0006078156583591898,-0.000782675119465628,0.00020384500609096277,0.006883244167708001,-0.0003191193968739461,-0.001017141223923997,0.0008325190750514849,-0.00242551434648062,0.0019016266993588512,-0.0024550704781547434,-0.0013294559350730158,0.0013406488131901908,0.004966550724138871,0.0004816123675820086,0.0021569367819644887,0.0006317957333491751,0.005890568895352688,0.0040251679504339725,0.0034969051886340405,0.00013145888912478155,0.0032026561075221612,0.0016040269772654523,0.0003454044285498411,-0.0003191193968739461,0.006772860586363014,0.002249708932630219,0.0013436807651852976,0.00079865965230676,0.00022179849195178627,-0.0033544863875215234,0.002951022239153466,0.00170980163106813,0.006390672668443825,0.00355058289931541,0.0024043406727548905,0.00427704385758727,0.003379503207098555,0.0015028836553959799,0.003301104564393602,0.0025492588973468856,0.00259091505558877,0.003860505211214346,0.0032942821054884825,-0.001017141223923997,0.002249708932630219,0.01273594400096241,0.005532950448615714,0.007784966657194804,0.0015593452666925675,0.0024042757689567555,0.0031136237485680784,0.00037393119629735455,0.004946356654499729,0.0037862040923253514,0.0037312130239515926,0.0018187116624488278,0.005052361375539979,0.0012980291400531052,0.0037440702145289497,0.003365072888989534,0.0007805465192002197,0.003427318927964669,0.0036383510042844657,0.0008325190750514849,0.0013436807651852976,0.005532950448615714,0.018352900499128404,0.003452167072211863,0.0025587879701566103,0.0009952970929865042,0.0014569613964978512,0.005713023273534436,0.014418725343646613,0.005324998170745665,0.0019296399111248033,0.00953013373356808,0.0006202888617821306,0.0004455363867365713,-0.0027348011377926196,-0.000700526184814673,0.0020271997458682026,0.010692689133609923,0.0053007057375199255,-0.00242551434648062,0.00079865965230676,0.007784966657194804,0.003452167072211863,0.030934004251379814,0.007159426443040417,0.0066856479208303055,0.00340988416115765,-0.004379362221608238,0.0020390567493847257,0.0015648874130380812,0.0015339161449702257,0.0010851208655101802,-0.00027124896216482945,0.001490563842554994,0.0020483180694626756,0.0008850138151831862,0.0012864053141785619,0.0018986115614241996,-0.0003597211612140997,0.0019016266993588512,0.00022179849195178627,0.0015593452666925675,0.0025587879701566103,0.007159426443040417,0.011369303795476062,0.0009656048282620685,-0.00012900051454091087,0.002210198798544341,0.0002312589973819919,0.004226814105846726,-0.00037537276545232155,0.0046484815302304475,-0.0026476596519850867,-0.002157995017747622,0.0004339911621344273,0.0014170636123087906,-0.0010489019023638296,0.0025431663775435185,0.004560340882923723,-0.0024550704781547434,-0.0033544863875215234,0.0024042757689567555,0.0009952970929865042,0.0066856479208303055,0.0009656048282620685,0.016686796078821495,-0.001332369149287028,0.0017864682850561792,0.006825513267158176,0.0020581512124978594,0.002010346984777054,0.003266958260647867,0.0035757235880029443,0.002366589137815239,0.0005091593829820874,-0.0006263466098991814,0.0028812657606915783,0.00275631544513951,0.00012632483600457864,-0.0013294559350730158,0.002951022239153466,0.0031136237485680784,0.0014569613964978512,0.00340988416115765,-0.00012900051454091087,-0.001332369149287028,0.0052673564832768326,-0.0017564456562264431,0.000817952125293253,-0.0016087951875859892,0.002847383587516315,0.0016144914164699833,0.008099622020205468,0.0064966926948488496,0.008310631476830237,0.004882174731640352,0.0014421605952615827,0.0006721081474853191,0.007137674279642785,0.0013406488131901908,0.00170980163106813,0.00037393119629735455,0.005713023273534436,-0.004379362221608238,0.002210198798544341,0.0017864682850561792,-0.0017564456562264431,0.02633183546080333
0.009954046852830476,0.004209168450954367,0.002194363838650337,-0.0008260540003275462,0.0016493322906857343,0.00033515484917676395,0.0007227612883322196,0.0019387407801456382,0.00022314879907442436,0.0006527682849021789,0.00314229713158053,0.0013607378536866694,-0.00026421718052461335,0.001103939674653304,0.0034809498976364787,0.004074432164206877,-0.002612721747037982,0.0016979705818492073,0.0007981537673250942,0.00047272285754292335,0.004209168450954367,0.013409545353164952,0.002309196343188531,-0.0008164496227127933,0.00011747559320160949,0.0019352502595497106,-0.0001927438581016922,0.0041536404437765885,0.000554574749301789,-0.0018523909425397188,0.002914776259131004,0.0012960011036731228,-0.0015971642095235273,0.004209200460044273,0.0009778004799613851,0.004375918965336736,-0.006028876503275103,0.002624851823083796,0.0012434311639044598,0.0019117485201782165,0.002194363838650337,0.002309196343188531,0.005787770974757487,-0.0009490961695387515,0.0009988164033195707,-0.0007734805309156758,-0.000411176142450643,0.002011295910011514,-0.0005190514741358443,0.0023669468992479825,0.0011969019555182953,-0.0002478044913508455,-1.5493172013800985e-5,0.0010919340364725714,0.0024462446391824216,0.002658686387820567,-0.0015473467252188223,0.00010010129245183468,0.0005049370691916338,0.0013700128615952263,-0.0008260540003275462,-0.0008164496227127933,-0.0009490961695387515,0.007114661807511191,-0.00024465711049030735,-0.0007247049428515304,0.001971525556358402,-0.002395906852104677,0.00024256034380639677,-0.0033580827370702586,-0.0006235078272871157,0.00020957290683198048,-0.001047941991105294,0.0016005112627210105,-0.004672408563742273,-0.003549299693832649,0.0006139626348888687,-0.001175644148992876,-0.0014139538954717128,1.7131431612693268e-5,0.0016493322906857343,0.00011747559320160949,0.0009988164033195707,-0.00024465711049030735,0.01532751683626393,0.0008346908062414847,-0.0012837875787690498,0.0034287275361210303,0.0001124898087743645,0.006456135334201011,0.0038834588131271474,-0.0009792074434615745,0.0017933422381528911,0.0016297524714936494,0.007653278589729692,0.0012663603143020174,0.006697745289268496,0.006208169975929205,0.002281639297792382,0.002823362928555944,0.00033515484917676395,0.0019352502595497106,-0.0007734805309156758,-0.0007247049428515304,0.0008346908062414847,0.005087643890193956,-0.0015739801036366513,0.0010203640825783645,0.0008157184370549972,-0.002855849265784402,0.0010114924469738986,-0.0009908836294264785,-0.0015376056703191071,0.0015616493303981193,0.0018465722980130126,-0.0013838774427511798,0.0010385434284842438,0.002853666294246996,0.0006368302728470171,-0.0005383907884907108,0.0007227612883322196,-0.0001927438581016922,-0.000411176142450643,0.001971525556358402,-0.0012837875787690498,-0.0015739801036366513,0.009435903986893446,-0.0014167114348316709,0.00011728191921021706,0.0017809388390252064,-0.002957521074490131,0.0009660349746886301,0.0005681473781007398,0.0007654718178706197,-0.0067009019374603416,-0.001782092717508255,-0.0007629215140803087,-0.0015328054424119009,-0.0020174086993570385,-0.000346585582921149,0.0019387407801456382,0.0041536404437765885,0.002011295910011514,-0.002395906852104677,0.0034287275361210303,0.0010203640825783645,-0.0014167114348316709,0.00616487928170277,-0.0002868344050122271,0.002528706552884367,0.0025547322180763574,0.00029922817405089914,0.0008468772414859904,0.0018118898633397089,0.003173357325885217,0.005781498787201655,-0.001584315841342302,0.0026498355021177308,0.0017552343606029286,0.0023736769102321617,0.00022314879907442436,0.000554574749301789,-0.0005190514741358443,0.00024256034380639677,0.0001124898087743645,0.0008157184370549972,0.00011728191921021706,-0.0002868344050122271,0.004039424022377831,-0.0005463980486911013,0.0012393365240632157,0.001614214420759666,0.000900697878502827,2.059141653288012e-5,-0.00023519107820211367,-0.0018181301443826177,-0.000755577180600586,0.0008915000414986853,-0.00017001516815240867,-0.0008365765482945843,0.0006527682849021789,-0.0018523909425397188,0.0023669468992479825,-0.0033580827370702586,0.006456135334201011,-0.002855849265784402,0.0017809388390252064,0.002528706552884367,-0.0005463980486911013,0.022782986634004708,0.0010806138948317172,0.0016942520369440587,0.005748956409189456,-0.0029859862622563724,0.005060393691579291,0.007585664032957641,0.003943692167608126,0.0028851672461611758,0.001472475687167457,0.004740789803897542,0.00314229713158053,0.002914776259131004,0.0011969019555182953,-0.0006235078272871157,0.0038834588131271474,0.0010114924469738986,-0.002957521074490131,0.0025547322180763574,0.0012393365240632157,0.0010806138948317172,0.016910862563133455,0.00147948960066812,0.0012867873132508564,0.0004019941839510325,0.008012497819429545,0.002841773464926126,-0.0027792549310431064,0.005142896976393448,0.0029289822133001745,0.0006294516676481298,0.0013607378536866694,0.0012960011036731228,-0.0002478044913508455,0.00020957290683198048,-0.0009792074434615745,-0.0009908836294264785,0.0009660349746886301,0.00029922817405089914,0.001614214420759666,0.0016942520369440587,0.00147948960066812,0.007322430277385997,0.0028087193826052434,0.0005004994412245486,-0.0003515395065222084,0.00440359401479863,-0.00403241871748178,0.0001913774689461001,-3.056965639565754e-5,-0.0019451284089504906,-0.00026421718052461335,-0.0015971642095235273,-1.5493172013800985e-5,-0.001047941991105294,0.0017933422381528911,-0.0015376056703191071,0.0005681473781007398,0.0008468772414859904,0.000900697878502827,0.005748956409189456,0.0012867873132508564,0.0028087193826052434,0.006345953721186388,-0.0018303956176591845,0.002178294173997571,0.002770978729608283,-0.0005014231401642482,0.000661448353675786,0.0005986251143792041,8.316350010698893e-5,0.001103939674653304,0.004209200460044273,0.0010919340364725714,0.0016005112627210105,0.0016297524714936494,0.0015616493303981193,0.0007654718178706197,0.0018118898633397089,2.059141653288012e-5,-0.0029859862622563724,0.0004019941839510325,0.0005004994412245486,-0.0018303956176591845,0.010899939857463245,-0.0022627026974397168,-0.001828795908250547,-0.0005711665982636794,0.0020803461994805296,-0.00019913256732527186,-0.0009372873709919888,0.0034809498976364787,0.0009778004799613851,0.0024462446391824216,-0.004672408563742273,0.007653278589729692,0.0018465722980130126,-0.0067009019374603416,0.003173357325885217,-0.00023519107820211367,0.005060393691579291,0.008012497819429545,-0.0003515395065222084,0.002178294173997571,-0.0022627026974397168,0.02737083465796824,0.008356397521442014,0.0029746979072471096,0.0086327667577481,0.004912457999075883,0.002721452056630917,0.004074432164206877,0.004375918965336736,0.002658686387820567,-0.003549299693832649,0.0012663603143020174,-0.0013838774427511798,-0.001782092717508255,0.005781498787201655,-0.0018181301443826177,0.007585664032957641,0.002841773464926126,0.00440359401479863,0.002770978729608283,-0.001828795908250547,0.008356397521442014,0.028751808530339637,-0.003024020388032256,0.00214025615861938,0.0044335567558272705,0.007873031642825561,-0.002612721747037982,-0.006028876503275103,-0.0015473467252188223,0.0006139626348888687,0.006697745289268496,0.0010385434284842438,-0.0007629215140803087,-0.001584315841342302,-0.000755577180600586,0.003943692167608126,-0.0027792549310431064,-0.00403241871748178,-0.0005014231401642482,-0.0005711665982636794,0.0029746979072471096,-0.003024020388032256,0.018885101171394813,0.002588297477916954,0.0003738982100442214,0.00029460104228724187,0.0016979705818492073,0.002624851823083796,0.00010010129245183468,-0.001175644148992876,0.006208169975929205,0.002853666294246996,-0.0015328054424119009,0.0026498355021177308,0.0008915000414986853,0.0028851672461611758,0.005142896976393448,0.0001913774689461001,0.000661448353675786,0.0020803461994805296,0.0086327667577481,0.00214025615861938,0.002588297477916954,0.013725979734027772,0.0016986530429124996,0.0008105454873747063,0.0007981537673250942,0.0012434311639044598,0.0005049370691916338,-0.0014139538954717128,0.002281639297792382,0.0006368302728470171,-0.0020174086993570385,0.0017552343606029286,-0.00017001516815240867,0.001472475687167457,0.0029289822133001745,-3.056965639565754e-5,0.0005986251143792041,-0.00019913256732527186,0.004912457999075883,0.0044335567558272705,0.0003738982100442214,0.0016986530429124996,0.0032503686364149928,0.0024342058924586778,0.00047272285754292335,0.0019117485201782165,0.0013700128615952263,1.7131431612693268e-5,0.002823362928555944,-0.0005383907884907108,-0.000346585582921149,0.0023736769102321617,-0.0008365765482945843,0.004740789803897542,0.0006294516676481298,-0.0019451284089504906,8.316350010698893e-5,-0.0009372873709919888,0.002721452056630917,0.007873031642825561,0.00029460104228724187,0.0008105454873747063,0.0024342058924586778,0.017306476043478076
0.015921083776238486,0.000769260598806132,0.0003459771698059847,0.0009292241764089606,0.00012047183744077236,-0.0028278009663443315,-0.0014032233890769988,0.002752443269422017,0.002734018838764605,-0.005476353076815311,0.0032939173009879624,-0.0008681400021304396,0.0051485630428764525,0.0024043660151036816,0.006183184834987702,0.006185846471724276,0.003907606079967436,-0.00653067610053722,0.004201645232945726,0.006800218444935629,0.000769260598806132,0.01542749558075537,-0.0037742133136781948,-0.0022168708694020106,-0.00443235777997123,0.0036554943285989987,0.0007993953755925758,-0.002760609412770282,-0.0026111513386029767,0.005580643658422256,-0.007909446194442477,-0.0019979017724741518,0.0009797147021795428,-0.006205200547644678,-0.003042408140460118,0.00847193024341034,-0.005497987444575046,-0.001137916937841673,-0.0007405433578574244,0.007563988005420831,0.0003459771698059847,-0.0037742133136781948,0.007504255938315612,0.0022829499012138846,0.0015394937462381562,0.00012722282389514647,-0.0018350145672570203,0.0013223178998197681,0.0012506992392756155,-0.0030161481311733363,0.004701975589896469,0.0025786658049325867,0.001726912835845143,0.004093082574232866,0.0032788909811611276,-0.0042982859830357715,0.0033298288985133635,0.00019281756672044018,0.0010891462990955275,-0.001140016966293858,0.0009292241764089606,-0.0022168708694020106,0.0022829499012138846,0.008250821074903852,0.002171693717924027,-0.0011645690632207095,0.001717896971106,0.0004761208766724996,0.0025272627284184425,-0.002997166924316179,0.00949595916235389,-0.001566256882212141,0.0005158126888185446,0.0025073380619069045,0.0037134026726203632,-0.0017280003006188286,0.006107757555117565,0.001716783533328783,0.003473583582049975,-0.0006782796910376744,0.00012047183744077236,-0.00443235777997123,0.0015394937462381562,0.002171693717924027,0.013289032921458386,-0.0018055508964141672,0.0013968660796778117,0.002560047835775593,0.0017748475102842259,0.005727000608532496,0.003884912727612448,-0.0006848894654973895,0.00021536816729086347,0.005190741544334389,0.0038019339751846635,-0.0008897751164911203,0.003418745381181198,-0.0007902086739191676,0.00020599865413008613,-0.003577187748517437,-0.0028278009663443315,0.0036554943285989987,0.00012722282389514647,-0.0011645690632207095,-0.0018055508964141672,0.007763996631458331,0.0008468985740394364,-0.0015471897223140998,-0.0029183951417498825,0.0041667701586999804,-0.005242483182526651,0.001817454779250373,-0.0016436998206428004,0.0006173950213189624,-0.0022468701666549006,0.0002750768810606877,-0.0027389865609318254,0.00115425183009912,-0.002334453499159581,-0.0004789321916084326,-0.0014032233890769988,0.0007993953755925758,-0.0018350145672570203,0.001717896971106,0.0013968660796778117,0.0008468985740394364,0.012967266940909293,-0.0022006426843947055,0.0013856499867409536,0.005145982229088219,0.0035651536889191454,-0.0014067281168092937,-0.0029441835384631685,-0.0010404504474021527,-0.0005605249347920564,-0.0012563362175060013,0.004497263796282527,0.0025377198112203495,-0.000876335198352701,-0.0037257461533453324,0.002752443269422017,-0.002760609412770282,0.0013223178998197681,0.0004761208766724996,0.002560047835775593,-0.0015471897223140998,-0.0022006426843947055,0.004996442423157622,0.001649309222512659,-0.002819583367989311,0.0014670731963329067,0.0013823368022540879,0.000651621736141052,0.002079589506074701,0.0012032052405688664,-0.00011072054534972146,0.0027411892961270406,-0.004625121547758333,0.0008582182530962614,0.0021355387375651485,0.002734018838764605,-0.0026111513386029767,0.0012506992392756155,0.0025272627284184425,0.0017748475102842259,-0.0029183951417498825,0.0013856499867409536,0.001649309222512659,0.005464736404172861,-0.004440750882238505,0.006799116225907601,-0.001295516255866215,0.000882955668537309,0.001874239188194629,0.0019999221815388203,-0.0015664108838694805,0.0054152516243899575,0.0006782412842194018,0.0029965267824871673,-0.0006900704238025444,-0.005476353076815311,0.005580643658422256,-0.0030161481311733363,-0.002997166924316179,0.005727000608532496,0.0041667701586999804,0.005145982229088219,-0.002819583367989311,-0.004440750882238505,0.02522727925180844,-0.007182288311004317,-0.001070058897121199,-0.003153388343455974,0.0003568206872344365,-0.001982465027187375,0.0026843080852510448,-0.004210600260173304,-0.0025227624641807273,-0.005929676509372482,-0.002850905159222623,0.0032939173009879624,-0.007909446194442477,0.004701975589896469,0.00949595916235389,0.003884912727612448,-0.005242483182526651,0.0035651536889191454,0.0014670731963329067,0.006799116225907601,-0.007182288311004317,0.03769763502334452,-0.005178023789169599,0.002054658990169184,0.007106132147382505,0.007907965010034136,-0.007782281390163192,0.01678367296409594,-0.0040116246195582034,0.005287663096179998,-0.002356830543618252,-0.0008681400021304396,-0.0019979017724741518,0.0025786658049325867,-0.001566256882212141,-0.0006848894654973895,0.001817454779250373,-0.0014067281168092937,0.0013823368022540879,-0.001295516255866215,-0.001070058897121199,-0.005178023789169599,0.008251875128575852,-0.0004649060364366848,0.001971283852836371,-0.0013858883349451533,-0.002867538128386746,-0.0015120204853656624,0.0008604088851599254,-0.0019690446366945995,-0.00011889810944379214,0.0051485630428764525,0.0009797147021795428,0.001726912835845143,0.0005158126888185446,0.00021536816729086347,-0.0016436998206428004,-0.0029441835384631685,0.000651621736141052,0.000882955668537309,-0.003153388343455974,0.002054658990169184,-0.0004649060364366848,0.00669405158935496,0.0020759096161556767,0.005385899296686133,0.004610436337927447,0.0004245995258165972,-0.0026504572714383928,0.0025652988737033663,0.00564575093780878,0.0024043660151036816,-0.006205200547644678,0.004093082574232866,0.0025073380619069045,0.005190741544334389,0.0006173950213189624,-0.0010404504474021527,0.002079589506074701,0.001874239188194629,0.0003568206872344365,0.007106132147382505,0.001971283852836371,0.0020759096161556767,0.014626782060338673,0.006883086873051417,-0.000825707998482827,0.005000110001391455,-0.003820390399050192,0.00155472383249199,-0.0009587913588224937,0.006183184834987702,-0.003042408140460118,0.0032788909811611276,0.0037134026726203632,0.0038019339751846635,-0.0022468701666549006,-0.0005605249347920564,0.0012032052405688664,0.0019999221815388203,-0.001982465027187375,0.007907965010034136,-0.0013858883349451533,0.005385899296686133,0.006883086873051417,0.020670028672142526,0.002898127451881725,0.003595620388877568,-0.003051856749235907,0.0033988312003014687,0.0011514396190059695,0.006185846471724276,0.00847193024341034,-0.0042982859830357715,-0.0017280003006188286,-0.0008897751164911203,0.0002750768810606877,-0.0012563362175060013,-0.00011072054534972146,-0.0015664108838694805,0.0026843080852510448,-0.007782281390163192,-0.002867538128386746,0.004610436337927447,-0.000825707998482827,0.002898127451881725,0.026160079177147178,-0.003866593304696258,-0.006037830649528623,0.0015805966075320014,0.010072261445430043,0.003907606079967436,-0.005497987444575046,0.0033298288985133635,0.006107757555117565,0.003418745381181198,-0.0027389865609318254,0.004497263796282527,0.0027411892961270406,0.0054152516243899575,-0.004210600260173304,0.01678367296409594,-0.0015120204853656624,0.0004245995258165972,0.005000110001391455,0.003595620388877568,-0.003866593304696258,0.017315017096437978,-0.0017695958319498667,0.003918319431206324,-0.001081727641387474,-0.00653067610053722,-0.001137916937841673,0.00019281756672044018,0.001716783533328783,-0.0007902086739191676,0.00115425183009912,0.0025377198112203495,-0.004625121547758333,0.0006782412842194018,-0.0025227624641807273,-0.0040116246195582034,0.0008604088851599254,-0.0026504572714383928,-0.003820390399050192,-0.003051856749235907,-0.006037830649528623,-0.0017695958319498667,0.027144466556849454,0.002595079241872138,-0.013412789361897444,0.004201645232945726,-0.0007405433578574244,0.0010891462990955275,0.003473583582049975,0.00020599865413008613,-0.002334453499159581,-0.000876335198352701,0.0008582182530962614,0.0029965267824871673,-0.005929676509372482,0.005287663096179998,-0.0019690446366945995,0.0025652988737033663,0.00155472383249199,0.0033988312003014687,0.0015805966075320014,0.003918319431206324,0.002595079241872138,0.006014403082544984,0.0013169726651802351,0.006800218444935629,0.007563988005420831,-0.001140016966293858,-0.0006782796910376744,-0.003577187748517437,-0.0004789321916084326,-0.0037257461533453324,0.0021355387375651485,-0.0006900704238025444,-0.002850905159222623,-0.002356830543618252,-0.00011889810944379214,0.00564575093780878,-0.0009587913588224937,0.0011514396190059695,0.010072261445430043,-0.001081727641387474,-0.013412789361897444,0.0013169726651802351,0.023811198903399944
