0.025285458161813622,0.012249635185322868,0.00590607181979819,0.006450498131660244,0.006120313517509823,0.004837045607098486,0.0024115583522358913,0.0027469860563983364,0.006383871202163277,0.010259534009902595,0.002964630693300163,0.003223829032506847,0.0058503488197603004,0.005501733327041081,0.013926638826096096,0.003034161379396213,0.009253658094223224,0.005163210478057878,0.004602972317868307,0.0013504619187515916,0.012249635185322868,0.018636607566256104,0.0026112855267157115,0.009918104856301109,0.003502865574412229,0.005837657923802811,0.0022642925106582403,0.001217121791089958,0.005058862509370432,0.0035171701479292886,0.002595525805365431,0.0018828168187913826,0.005134441133456106,0.004550787529147512,0.002257213403267728,-0.004587226108595667,0.009190814994019579,0.0034838126082384372,0.001498615057336493,0.0015205867524408652,0.00590607181979819,0.0026112855267157115,0.007557499406282407,0.0018105072864464597,0.0028082535417006177,0.002474383318561769,-8.571580928724365e-6,0.0007912365321326247,0.001760534606563684,0.005091580993888824,0.001480506973993395,0.0036530475194541264,0.004045397581782158,0.0025739310210618374,0.007844922712022098,0.0018020390114410543,0.002527695897870911,-0.0006315263783837667,0.004453674864383479,-0.0009704356274402018,0.006450498131660244,0.009918104856301109,0.0018105072864464597,0.016870054366811264,0.004547830532138296,0.009315363336888947,0.004214660520968644,0.0011154643938442713,0.0028506442464798637,0.003554064172747344,0.008710035065110462,0.00019263057271501046,0.004583378439670656,0.0022917943900007303,-0.007497135853247352,-0.00032355711691581506,0.0082054301179455,0.0023765122836179836,0.002866860687159879,0.001702100596777499,0.006120313517509823,0.003502865574412229,0.0028082535417006177,0.004547830532138296,0.011807424165573,0.002058169636105839,0.0027920617270949777,0.0006995642346999726,0.0029201532224310423,0.00796907324788715,0.004406891524298188,0.0003510497749227398,0.0026624958906798207,0.00293699823428642,0.00327799489686856,0.005978571571103585,0.0037212738884939795,0.0014040914400093854,0.0015369227279185998,-0.0011805947484778193,0.004837045607098486,0.005837657923802811,0.002474383318561769,0.009315363336888947,0.002058169636105839,0.012269771879169989,0.0034116667625944223,-6.0511145141166844e-5,0.00217883003109123,0.004502135426474302,0.006393809538002685,0.00300510314818672,0.003723876705443538,0.001001690614258496,-0.004793757748763693,-0.001164233897995672,0.004759347908167941,0.0026726114197763457,0.00426048450090977,0.00018991857436665902,0.0024115583522358913,0.0022642925106582403,-8.571580928724365e-6,0.004214660520968644,0.0027920617270949777,0.0034116667625944223,0.009140905748807264,0.00027469877090069704,0.0007872752346318658,0.0035036810374637906,0.005706483010640082,-0.002156304883065422,-0.0005740746688045781,0.002486871218331843,-0.0014448473921064827,0.004971560004377583,0.0029943951167379877,0.0032536659878249804,-0.0005667774848799906,0.0014290069599618136,0.0027469860563983364,0.001217121791089958,0.0007912365321326247,0.0011154643938442713,0.0006995642346999726,-6.0511145141166844e-5,0.00027469877090069704,0.004124850296600813,0.0006475470145612621,-0.0007048470776502257,-0.0034024724444654004,0.0007561781718280125,0.0020125138792094826,0.0003033908246291946,0.0019201274863548867,-0.0025776169774952952,0.0025080084694700335,-0.0013731681807883456,0.0010290584526684908,0.001144868114447518,0.006383871202163277,0.005058862509370432,0.001760534606563684,0.0028506442464798637,0.0029201532224310423,0.00217883003109123,0.0007872752346318658,0.0006475470145612621,0.0073386629795121035,0.0023066919189885255,-0.0024607905296897643,-0.0006256510384986553,0.002254633878592927,0.00351493831818985,-0.001259057939078065,-0.002750558099008217,0.001997151234951251,0.002454958957166147,0.002559197441456036,-0.0030212696409263684,0.010259534009902595,0.0035171701479292886,0.005091580993888824,0.003554064172747344,0.00796907324788715,0.004502135426474302,0.0035036810374637906,-0.0007048470776502257,0.0023066919189885255,0.025385762512280367,0.009342085667162495,0.004126512510536964,0.0036860041509435932,0.007733613968796224,0.012111025756792205,0.0107190365120952,0.007621346126224209,0.004951036177393884,0.0032467667021843388,-0.0023687514037609232,0.002964630693300163,0.002595525805365431,0.001480506973993395,0.008710035065110462,0.004406891524298188,0.006393809538002685,0.005706483010640082,-0.0034024724444654004,-0.0024607905296897643,0.009342085667162495,0.03374217497809767,0.00040984650969959466,-0.0015393428214349639,-0.0010912436191786988,0.003618792396623164,0.013570141959360429,0.0005185031315600073,0.009334867888535926,-0.0017881006438094497,0.009065933686549087,0.003223829032506847,0.0018828168187913826,0.0036530475194541264,0.00019263057271501046,0.0003510497749227398,0.00300510314818672,-0.002156304883065422,0.0007561781718280125,-0.0006256510384986553,0.004126512510536964,0.00040984650969959466,0.00993733863481126,0.0040458395305002165,0.0003042171646569794,0.007930914560413711,-0.0018494993876274914,0.002667732382831799,-0.0013115050052767256,0.0035680887964591587,-0.0012398769039472573,0.0058503488197603004,0.005134441133456106,0.004045397581782158,0.004583378439670656,0.0026624958906798207,0.003723876705443538,-0.0005740746688045781,0.0020125138792094826,0.002254633878592927,0.0036860041509435932,-0.0015393428214349639,0.0040458395305002165,0.008809149685769836,0.0017261747540854592,0.0024464128070137976,-0.0033967848174755212,0.006281543521958664,-0.002440668119620938,0.004186560597360904,-0.002654907316749774,0.005501733327041081,0.004550787529147512,0.0025739310210618374,0.0022917943900007303,0.00293699823428642,0.001001690614258496,0.002486871218331843,0.0003033908246291946,0.00351493831818985,0.007733613968796224,-0.0010912436191786988,0.0003042171646569794,0.0017261747540854592,0.013141221877070805,0.005210452497218158,0.003980000163836426,0.00507897342287509,0.0016563838512024436,0.0016777789394924012,-0.0017787759590429933,0.013926638826096096,0.002257213403267728,0.007844922712022098,-0.007497135853247352,0.00327799489686856,-0.004793757748763693,-0.0014448473921064827,0.0019201274863548867,-0.001259057939078065,0.012111025756792205,0.003618792396623164,0.007930914560413711,0.0024464128070137976,0.005210452497218158,0.04701265139483992,0.01582567071323622,0.001351099224846114,0.000834733548942109,0.004111550082688771,0.00631970149388065,0.003034161379396213,-0.004587226108595667,0.0018020390114410543,-0.00032355711691581506,0.005978571571103585,-0.001164233897995672,0.004971560004377583,-0.0025776169774952952,-0.002750558099008217,0.0107190365120952,0.013570141959360429,-0.0018494993876274914,-0.0033967848174755212,0.003980000163836426,0.01582567071323622,0.034574730845938914,0.00038123897897773124,0.005782890723553526,0.0005698474282749035,0.004641370558522153,0.009253658094223224,0.009190814994019579,0.002527695897870911,0.0082054301179455,0.0037212738884939795,0.004759347908167941,0.0029943951167379877,0.0025080084694700335,0.001997151234951251,0.007621346126224209,0.0005185031315600073,0.002667732382831799,0.006281543521958664,0.00507897342287509,0.001351099224846114,0.00038123897897773124,0.01625906285947337,0.0004047848740377181,0.001840093015638508,0.0006076727440098348,0.005163210478057878,0.0034838126082384372,-0.0006315263783837667,0.0023765122836179836,0.0014040914400093854,0.0026726114197763457,0.0032536659878249804,-0.0013731681807883456,0.002454958957166147,0.004951036177393884,0.009334867888535926,-0.0013115050052767256,-0.002440668119620938,0.0016563838512024436,0.000834733548942109,0.005782890723553526,0.0004047848740377181,0.014766237219843211,-0.0013103657592552149,0.004211881885963062,0.004602972317868307,0.001498615057336493,0.004453674864383479,0.002866860687159879,0.0015369227279185998,0.00426048450090977,-0.0005667774848799906,0.0010290584526684908,0.002559197441456036,0.0032467667021843388,-0.0017881006438094497,0.0035680887964591587,0.004186560597360904,0.0016777789394924012,0.004111550082688771,0.0005698474282749035,0.001840093015638508,-0.0013103657592552149,0.007256900723781973,-0.0032261552947296527,0.0013504619187515916,0.0015205867524408652,-0.0009704356274402018,0.001702100596777499,-0.0011805947484778193,0.00018991857436665902,0.0014290069599618136,0.001144868114447518,-0.0030212696409263684,-0.0023687514037609232,0.009065933686549087,-0.0012398769039472573,-0.002654907316749774,-0.0017787759590429933,0.00631970149388065,0.004641370558522153,0.0006076727440098348,0.004211881885963062,-0.0032261552947296527,0.020140112301692537
0.01469117572808329,-0.0026709169837607167,-0.0003467329294576191,-0.0028893639274828954,0.004723873731038893,0.00456563456467738,3.731061631366225e-5,0.002214538633296692,3.443161170583195e-5,-0.0032673898088891214,0.00016933539830022446,0.0003517753081870732,-0.0006689256124220934,0.0038142755933205483,0.006543150001942509,0.004314206732934741,0.004959436498103657,0.0016225563670808339,0.001340799057909714,0.00367210483876566,-0.0026709169837607167,0.013673291137242003,0.002997306542540723,0.0015403411688453684,-0.0020787455327598817,-0.003489776001146573,-0.0007482768858954057,0.0018217490812692267,0.0008884494040324341,0.006686953947498118,0.0024802809047275607,0.0003994406858964597,0.0005617217437953139,-0.0013948138009421,-6.356495958787845e-5,0.0007654991547106245,-0.005561733393400497,0.0033122878470392787,0.0009283729341919132,-0.0016400279352051389,-0.0003467329294576191,0.002997306542540723,0.010234703710060978,-0.0007559713165718948,0.0005275844285452894,-0.0010930305882986407,-0.004438571970247934,0.0007550465276625996,-0.0008538480579564603,0.009224270293742195,0.000952664376197683,-4.9118579670288955e-5,0.0004972107122312033,-0.005302831712118164,0.005320514424162106,-0.00046691298000196,-0.005719312635812912,0.0030918894944300225,0.0002608183906480149,-0.0005744518979479287,-0.0028893639274828954,0.0015403411688453684,-0.0007559713165718948,0.013229867433272377,0.005025573635275834,0.0010427877025227534,0.006927281151110229,-3.833286523557695e-5,0.0043802036835772435,-0.0005982656871126035,0.002755347616858241,0.0016924342215015869,-0.0004601642318807594,0.0075698775874761285,-0.004941915725353714,0.005480846050337152,0.004530898913292914,-0.0014034291805883345,0.00035660502435333637,0.00477501224533349,0.004723873731038893,-0.0020787455327598817,0.0005275844285452894,0.005025573635275834,0.024368934592065284,0.006932858401770577,0.004391593773268504,0.002443613762781422,0.0032881269716652584,-0.0062891858890245,0.009993104147797941,-0.002133332335324191,-0.0023196354928320543,0.011012055140210957,0.011436736926027615,0.0036010901391085783,0.013239265887705104,0.005545163312020235,0.0029814998362002396,0.00414154007031421,0.00456563456467738,-0.003489776001146573,-0.0010930305882986407,0.0010427877025227534,0.006932858401770577,0.0089177937373305,-0.00033035750672775034,0.0022732990622501633,0.00037178923899015067,-0.005567269197840081,0.0011507963003531665,0.00020472264561531903,-0.001791603065831878,0.0037082824087654558,0.005286435750053214,0.006194111779395654,0.008891052313794027,0.004174148293728963,0.0009842020049455693,-0.00012302815589617635,3.731061631366225e-5,-0.0007482768858954057,-0.004438571970247934,0.006927281151110229,0.004391593773268504,-0.00033035750672775034,0.024675526610110698,-0.0010210054947648373,0.011403461691089356,-0.003279853574776796,0.006706834731395995,0.002199108221054875,0.0026429695743452157,0.018590007997811984,-0.011329057233683538,-0.005063700694354302,0.0012394747702602219,-0.012289436665606356,0.0008943737615886545,0.014206344205836316,0.002214538633296692,0.0018217490812692267,0.0007550465276625996,-3.833286523557695e-5,0.002443613762781422,0.0022732990622501633,-0.0010210054947648373,0.0045287780390576345,-0.0003539392482457347,-0.00011835912847445987,0.0012224641079010316,-0.0009085690642659457,-0.0005711590353085202,0.001146432948778935,0.002976854889867676,0.002968172313869065,0.0015160757079697939,0.003796920648024162,0.0006748476439568062,1.1217055365614326e-5,3.443161170583195e-5,0.0008884494040324341,-0.0008538480579564603,0.0043802036835772435,0.0032881269716652584,0.00037178923899015067,0.011403461691089356,-0.0003539392482457347,0.00947939708033017,0.00011832017493000981,0.005079814487319723,0.0017195211708548866,0.0011764591657857353,0.009428715054419255,-0.005866778708361409,-0.0036296303199420746,0.00040204865461489995,-0.006513680651994739,0.0006439715023800605,0.005999272754027481,-0.0032673898088891214,0.006686953947498118,0.009224270293742195,-0.0005982656871126035,-0.0062891858890245,-0.005567269197840081,-0.003279853574776796,-0.00011835912847445987,0.00011832017493000981,0.025662769680405803,0.0003947144242991427,-0.00019287255121882316,0.0010423517707879668,-0.011194794059873727,0.002532959068395924,-0.004358047107852581,-0.010658065628393252,0.003324893507135611,-0.0004979580939895975,-0.0014168193060297098,0.00016933539830022446,0.0024802809047275607,0.000952664376197683,0.002755347616858241,0.009993104147797941,0.0011507963003531665,0.006706834731395995,0.0012224641079010316,0.005079814487319723,0.0003947144242991427,0.020104053331478054,-0.0014529769564374764,0.00027356817241993344,0.007203038443737124,0.002485649148061023,-0.0037094169154322995,0.0029536463704348606,-0.0017511370521321344,0.0020184618949288706,0.003926975734702737,0.0003517753081870732,0.0003994406858964597,-4.9118579670288955e-5,0.0016924342215015869,-0.002133332335324191,0.00020472264561531903,0.002199108221054875,-0.0009085690642659457,0.0017195211708548866,-0.00019287255121882316,-0.0014529769564374764,0.0068195157104004615,0.0024033944958221365,0.0013644570992372498,-0.0030164996729507743,0.003010361426537804,-0.0022931202479997328,-0.002240238155625569,-0.0005672850909765788,0.000612080587382444,-0.0006689256124220934,0.0005617217437953139,0.0004972107122312033,-0.0004601642318807594,-0.0023196354928320543,-0.001791603065831878,0.0026429695743452157,-0.0005711590353085202,0.0011764591657857353,0.0010423517707879668,0.00027356817241993344,0.0024033944958221365,0.004811211999816926,0.0001745776544864217,-0.003078942626292374,-0.0004909620613522057,-0.005232799813421711,-0.0025012489228422308,-0.00016038302790238212,0.0029627122569019734,0.0038142755933205483,-0.0013948138009421,-0.005302831712118164,0.0075698775874761285,0.011012055140210957,0.0037082824087654558,0.018590007997811984,0.001146432948778935,0.009428715054419255,-0.011194794059873727,0.007203038443737124,0.0013644570992372498,0.0001745776544864217,0.03021706278542212,-0.006903745815060131,-0.0009928108119433635,0.009748426598991854,-0.010983588650296182,0.001818616172541481,0.012869954336806006,0.006543150001942509,-6.356495958787845e-5,0.005320514424162106,-0.004941915725353714,0.011436736926027615,0.005286435750053214,-0.011329057233683538,0.002976854889867676,-0.005866778708361409,0.002532959068395924,0.002485649148061023,-0.0030164996729507743,-0.003078942626292374,-0.006903745815060131,0.030957059478190285,0.004941494208851212,0.00906717083057981,0.014866043005284196,0.0011812017355066298,-0.005048418183739819,0.004314206732934741,0.0007654991547106245,-0.00046691298000196,0.005480846050337152,0.0036010901391085783,0.006194111779395654,-0.005063700694354302,0.002968172313869065,-0.0036296303199420746,-0.004358047107852581,-0.0037094169154322995,0.003010361426537804,-0.0004909620613522057,-0.0009928108119433635,0.004941494208851212,0.02855448617768333,0.007834712203143485,0.00829299808077793,0.0002664902946920918,-0.0023471440722180378,0.004959436498103657,-0.005561733393400497,-0.005719312635812912,0.004530898913292914,0.013239265887705104,0.008891052313794027,0.0012394747702602219,0.0015160757079697939,0.00040204865461489995,-0.010658065628393252,0.0029536463704348606,-0.0022931202479997328,-0.005232799813421711,0.009748426598991854,0.00906717083057981,0.007834712203143485,0.026035031018373383,0.005775554147169859,0.0009986178145446538,0.0013525459708738266,0.0016225563670808339,0.0033122878470392787,0.0030918894944300225,-0.0014034291805883345,0.005545163312020235,0.004174148293728963,-0.012289436665606356,0.003796920648024162,-0.006513680651994739,0.003324893507135611,-0.0017511370521321344,-0.002240238155625569,-0.0025012489228422308,-0.010983588650296182,0.014866043005284196,0.00829299808077793,0.005775554147169859,0.024937468597414525,0.00094494790383043,-0.008479133340675939,0.001340799057909714,0.0009283729341919132,0.0002608183906480149,0.00035660502435333637,0.0029814998362002396,0.0009842020049455693,0.0008943737615886545,0.0006748476439568062,0.0006439715023800605,-0.0004979580939895975,0.0020184618949288706,-0.0005672850909765788,-0.00016038302790238212,0.001818616172541481,0.0011812017355066298,0.0002664902946920918,0.0009986178145446538,0.00094494790383043,0.0020260784041949476,0.0011795549014029644,0.00367210483876566,-0.0016400279352051389,-0.0005744518979479287,0.00477501224533349,0.00414154007031421,-0.00012302815589617635,0.014206344205836316,1.1217055365614326e-5,0.005999272754027481,-0.0014168193060297098,0.003926975734702737,0.000612080587382444,0.0029627122569019734,0.012869954336806006,-0.005048418183739819,-0.0023471440722180378,0.0013525459708738266,-0.008479133340675939,0.0011795549014029644,0.022615682311757257
0.01822868146307289,-0.005934621516064865,-0.005393542284288115,-0.0009170937037509001,0.005945288179169039,-0.0021461250417202393,-0.006147998554083375,-0.004802358547948776,-0.0017461774228032794,-0.010489038633424087,0.00600632790327473,-0.0030819323826884303,-0.0023240326718948325,-0.0024776548439917104,0.011435223331311698,-0.015045414574874873,-0.008836631000029403,-0.007487850105662325,-7.295897017888496e-5,-0.005133493646723984,-0.005934621516064865,0.027295699869483082,0.0025786187857127912,-0.011349577209587975,0.006092832246991623,0.01026337587061698,-0.0009129892055314223,0.0033939217389996326,-0.004791780381539275,0.013499106082249857,0.01686761879716925,0.008491310630405516,-0.0029721228539922517,0.011268909171509906,-0.019135583177937267,0.004890535047103765,0.0012514571298724948,0.010350669444243302,0.0003434987291264112,0.015887353145177203,-0.005393542284288115,0.0025786187857127912,0.009242412973081923,0.0034753614913735588,-0.001598814230475379,-9.667174454314317e-5,0.0025598234816469586,0.0036230929142907465,0.003209328158372132,0.00515854564556634,-0.002879176997331076,0.00014375721661783695,0.004031887161858249,0.0010605790911995911,-0.005537162701503489,0.010319612874414501,0.008665361793335467,0.0017866331237503888,0.0014177549677960011,0.003472835987546103,-0.0009170937037509001,-0.011349577209587975,0.0034753614913735588,0.018475411830453304,-0.007176211235182135,-0.007429957629130992,0.0061775337454371025,0.0035215587748834835,0.0068331012108655866,-0.0009817461365140658,-0.015510486762683996,-0.0065496629406131025,0.0062072942411467,-0.006081602293399233,0.008315462299424498,0.008848008923982464,0.007368790461008894,-0.0035317277907693312,0.0006604142593882665,-0.0023246243574538885,0.005945288179169039,0.006092832246991623,-0.001598814230475379,-0.007176211235182135,0.01506645282795378,0.0025182912781859133,-0.004526087177129163,-0.000683013051242858,-0.003468820994679026,-0.0022641858428143827,0.014838590470171083,0.0021612658451465594,-0.004550055857693662,0.003836749679527393,-0.00028232593781682923,-0.00986356999697318,-0.00441052279836816,0.0008213492536811685,0.001967396773722554,0.007272176696364303,-0.0021461250417202393,0.01026337587061698,-9.667174454314317e-5,-0.007429957629130992,0.0025182912781859133,0.008228468821141057,-0.0010773139286995525,-0.0004813603656835047,-0.0032449977283215206,0.0013885680220230923,0.010248751558056941,0.0040752625002038936,-0.0027002783011535383,0.005778815552268663,-0.007547502377820193,-0.0030324845634757862,-0.0003160959891317476,0.004973213291452921,0.0002877816954867804,0.004876289701991025,-0.006147998554083375,-0.0009129892055314223,0.0025598234816469586,0.0061775337454371025,-0.004526087177129163,-0.0010773139286995525,0.013651312234610097,0.002513413231384116,0.0013911146818430865,0.007003918351773943,-0.010359515862150014,0.002559981406006136,0.0026706980906691614,0.0009509834207977179,-0.0021548558642612726,0.009844371450680484,0.006527677895188903,0.007277336663629166,-0.00029189115380844283,-0.0008654322581485335,-0.004802358547948776,0.0033939217389996326,0.0036230929142907465,0.0035215587748834835,-0.000683013051242858,-0.0004813603656835047,0.002513413231384116,0.006678289195683535,0.0020471771722416644,0.008183260872990608,-0.0033309429820819435,0.0015914767472946928,0.002578115080547302,0.002995323333410961,-0.0037704538483531507,0.013650380311245904,0.00501945795571905,0.0035240209087756408,0.0005965478875094107,0.0058473805316115535,-0.0017461774228032794,-0.004791780381539275,0.003209328158372132,0.0068331012108655866,-0.003468820994679026,-0.0032449977283215206,0.0013911146818430865,0.0020471771722416644,0.008146304484165664,0.000515858580930341,-0.009933147170702115,-0.0043520607689033295,0.004077914444173382,-0.005755875185046985,0.0023352798415220114,0.006973349001538318,0.005119692579805294,-0.005071499835683672,0.0007408021862425692,-0.0015463812714212352,-0.010489038633424087,0.013499106082249857,0.00515854564556634,-0.0009817461365140658,-0.0022641858428143827,0.0013885680220230923,0.007003918351773943,0.008183260872990608,0.000515858580930341,0.05301307186573408,-0.02871026507987362,0.009171367176958135,0.008261542045001909,0.00408114505539422,-0.028561818133459177,0.04595854222511146,0.0049477703794122245,0.0047842384169268885,-0.00601626000939556,0.006614437276237288,0.00600632790327473,0.01686761879716925,-0.002879176997331076,-0.015510486762683996,0.014838590470171083,0.010248751558056941,-0.010359515862150014,-0.0033309429820819435,-0.009933147170702115,-0.02871026507987362,0.06997436484608631,0.007274296213226113,-0.013074790043981335,0.01632008784889235,0.007484379211841791,-0.038970400019262774,0.0010842372340992366,0.009521721933765964,0.00897778575939746,0.01604931953872267,-0.0030819323826884303,0.008491310630405516,0.00014375721661783695,-0.0065496629406131025,0.0021612658451465594,0.0040752625002038936,0.002559981406006136,0.0015914767472946928,-0.0043520607689033295,0.009171367176958135,0.007274296213226113,0.013143068677173034,-0.0025727126277628374,0.00966378934642093,-0.005632381660854962,0.00743504974643611,0.0016807922853517236,0.009941281433509478,0.0005060925557964265,0.0024060620000815967,-0.0023240326718948325,-0.0029721228539922517,0.004031887161858249,0.0062072942411467,-0.004550055857693662,-0.0027002783011535383,0.0026706980906691614,0.002578115080547302,0.004077914444173382,0.008261542045001909,-0.013074790043981335,-0.0025727126277628374,0.009143787926024148,-0.002422732958819992,-0.0007349168102267231,0.013951744102610592,0.005309896973411596,-0.0011490558682208793,-1.8003667925576552e-5,-0.0017836435121234024,-0.0024776548439917104,0.011268909171509906,0.0010605790911995911,-0.006081602293399233,0.003836749679527393,0.005778815552268663,0.0009509834207977179,0.002995323333410961,-0.005755875185046985,0.00408114505539422,0.01632008784889235,0.00966378934642093,-0.002422732958819992,0.02005725288094296,-0.003866676135765799,0.003514041992079901,0.0012973028562968305,0.015273850853723868,0.0022737091074167036,0.008248844707115977,0.011435223331311698,-0.019135583177937267,-0.005537162701503489,0.008315462299424498,-0.00028232593781682923,-0.007547502377820193,-0.0021548558642612726,-0.0037704538483531507,0.0023352798415220114,-0.028561818133459177,0.007484379211841791,-0.005632381660854962,-0.0007349168102267231,-0.003866676135765799,0.04345806154527427,-0.022718608613472822,-0.0036477205816325773,-0.0031156758599139595,0.004998997565593844,-0.014927472362901395,-0.015045414574874873,0.004890535047103765,0.010319612874414501,0.008848008923982464,-0.00986356999697318,-0.0030324845634757862,0.009844371450680484,0.013650380311245904,0.006973349001538318,0.04595854222511146,-0.038970400019262774,0.00743504974643611,0.013951744102610592,0.003514041992079901,-0.022718608613472822,0.07273262078896052,0.012415613964276824,0.008075640917163611,-0.0049309097327516795,0.00496317802077235,-0.008836631000029403,0.0012514571298724948,0.008665361793335467,0.007368790461008894,-0.00441052279836816,-0.0003160959891317476,0.006527677895188903,0.00501945795571905,0.005119692579805294,0.0049477703794122245,0.0010842372340992366,0.0016807922853517236,0.005309896973411596,0.0012973028562968305,-0.0036477205816325773,0.012415613964276824,0.022302292112687954,0.0010022983014492015,0.0035333400346570375,0.00543006222960005,-0.007487850105662325,0.010350669444243302,0.0017866331237503888,-0.0035317277907693312,0.0008213492536811685,0.004973213291452921,0.007277336663629166,0.0035240209087756408,-0.005071499835683672,0.0047842384169268885,0.009521721933765964,0.009941281433509478,-0.0011490558682208793,0.015273850853723868,-0.0031156758599139595,0.008075640917163611,0.0010022983014492015,0.030273726641327256,0.0022241957246219145,0.0034481723335138136,-7.295897017888496e-5,0.0003434987291264112,0.0014177549677960011,0.0006604142593882665,0.001967396773722554,0.0002877816954867804,-0.00029189115380844283,0.0005965478875094107,0.0007408021862425692,-0.00601626000939556,0.00897778575939746,0.0005060925557964265,-1.8003667925576552e-5,0.0022737091074167036,0.004998997565593844,-0.0049309097327516795,0.0035333400346570375,0.0022241957246219145,0.004327806781302971,0.002240939475511382,-0.005133493646723984,0.015887353145177203,0.003472835987546103,-0.0023246243574538885,0.007272176696364303,0.004876289701991025,-0.0008654322581485335,0.0058473805316115535,-0.0015463812714212352,0.006614437276237288,0.01604931953872267,0.0024060620000815967,-0.0017836435121234024,0.008248844707115977,-0.014927472362901395,0.00496317802077235,0.00543006222960005,0.0034481723335138136,0.002240939475511382,0.030938295333327683
