0.04133675081256177,0.0005106548861331585,0.002614021346134832,0.0015813065609891453,0.0072135043971302305,0.006125012676142117,0.0016458862074018562,-0.00016993376552955537,0.0013639280599090952,0.0029769364905652303,0.008256519609207605,-8.703703982546109e-6,0.0009342821290886966,-0.002235601808560532,-0.0017000348986367223,0.0011928053782888997,0.0055982176477199505,-0.00012031450850943375,0.0027310025011137787,-0.0011236604483709353,0.0005106548861331585,0.001216294534724073,-0.0007451820557196284,0.0002791583865890274,0.0005816851258978038,0.0007752402807361375,0.0002879934335008708,-8.00027786408573e-6,0.0006669466529579968,0.000430148916747089,0.0006556689419042608,0.0003849556870136969,0.00021069375489696262,4.6699687811624985e-5,8.219572029780423e-5,5.77676508782238e-5,0.0002967702410349313,0.000620095006883721,6.939793861070567e-5,0.000564848321974152,0.002614021346134832,-0.0007451820557196284,0.015676385939185265,0.0005366225045350277,0.0030257555937041047,0.002035443247547475,0.0011611968157133653,0.00014138395541812647,0.0026637167076716713,-0.0005788170249838695,0.005547303215600698,-0.00043578434404822636,-0.00015079383530199232,0.0041638901546789935,0.0018127377993406506,-0.00023454120601351907,-0.000671703415895112,0.003770063668398457,0.0013769595914914763,0.0010835177644820811,0.0015813065609891453,0.0002791583865890274,0.0005366225045350277,0.0067502636477879425,0.0017109983004086325,0.0018589002063531855,0.00032873257507020184,-5.530659453304988e-5,0.0036141125209989402,0.00020731868721137793,0.0010452791529729916,-0.00047690403385385765,0.000521112779278273,0.0009054464965697874,0.0025637095086214782,0.0001876804090732981,0.000871241798072502,0.002114717281713966,0.0007493052199245859,-0.002144853615336788,0.0072135043971302305,0.0005816851258978038,0.0030257555937041047,0.0017109983004086325,0.02701862798936181,0.003804006019437061,0.0032463231384789347,6.313440390980898e-5,0.004453890543821053,0.0008204089762473188,0.00799495396875705,0.0029401401581661355,0.001614185495819882,0.0005399034249387541,0.0013430877716529648,0.0008614898733008144,0.00017395083960124153,0.0042540133629845045,0.0023762692029290055,0.005954353970399064,0.006125012676142117,0.0007752402807361375,0.002035443247547475,0.0018589002063531855,0.003804006019437061,0.020874388492247334,0.0007922680572137321,3.932689025476204e-5,0.005675548888685824,0.001741598854268443,0.00478004438866033,0.0013191160386193698,0.001472774631465371,-0.0005106253040378376,0.0009314713534565565,0.0005535186057392765,0.003989375846398426,0.005892011806788496,0.0014549819643252125,-0.002864872382733071,0.0016458862074018562,0.0002879934335008708,0.0011611968157133653,0.00032873257507020184,0.0032463231384789347,0.0007922680572137321,0.0036129046127310097,-1.1979932257949628e-5,0.0018094955699451717,0.0002724537667901363,0.002944297895100618,0.0008954147127662882,0.00024018413710050071,-0.00017830242457227434,0.0004286032032264419,0.0002394478634289334,0.0010683086885346599,0.0017363071562823493,0.0006804618642434852,0.002611435537489154,-0.00016993376552955537,-8.00027786408573e-6,0.00014138395541812647,-5.530659453304988e-5,6.313440390980898e-5,3.932689025476204e-5,-1.1979932257949628e-5,0.0009851694296028049,-0.00015639474097444063,-5.2763961039158846e-5,0.00038105916022076184,0.0002340662853246793,0.00026537141300296183,0.0001502776106951246,0.00031646811560672393,-8.376417862253367e-5,-0.0005234981241063854,-4.515313079762339e-5,-6.64551698312904e-5,0.0014450246164285072,0.0013639280599090952,0.0006669466529579968,0.0026637167076716713,0.0036141125209989402,0.004453890543821053,0.005675548888685824,0.0018094955699451717,-0.00015639474097444063,0.021507973612644,0.0005141197359900727,0.003707729858944393,0.0009436992512447486,0.0019272637436427164,-1.937205202325685e-5,-0.0010605308096678144,0.00011035335959344206,0.0016318415161427754,0.007635627438096627,0.0018544533725385033,0.0004384921604848916,0.0029769364905652303,0.000430148916747089,-0.0005788170249838695,0.00020731868721137793,0.0008204089762473188,0.001741598854268443,0.0002724537667901363,-5.2763961039158846e-5,0.0005141197359900727,0.003855861011426386,0.001593340179807339,1.1347024738059964e-5,0.0002253771675081872,0.0005940913667700296,-0.0015655383042286913,0.00020953327091902582,0.002297287451285393,0.0004247330920762487,-0.00024249361516316106,-0.0007625162780529054,0.008256519609207605,0.0006556689419042608,0.005547303215600698,0.0010452791529729916,0.00799495396875705,0.00478004438866033,0.002944297895100618,0.00038105916022076184,0.003707729858944393,0.001593340179807339,0.03540718362460221,0.006135052434841706,0.0007463332899075457,-0.00018124598251154013,0.00017322629520181022,0.0009685177522149506,0.0009880027406829212,0.0047784291761118584,0.0003232601942866308,0.0035118726658510337,-8.703703982546109e-6,0.0003849556870136969,-0.00043578434404822636,-0.00047690403385385765,0.0029401401581661355,0.0013191160386193698,0.0008954147127662882,0.0002340662853246793,0.0009436992512447486,1.1347024738059964e-5,0.006135052434841706,0.012181683329726729,0.0016884355766175409,-0.00281595164487998,0.0011136889714109225,0.00048251011079898735,0.0006350763404582708,0.002060397958423168,-0.0003250942774831746,0.0013813373214363574,0.0009342821290886966,0.00021069375489696262,-0.00015079383530199232,0.000521112779278273,0.001614185495819882,0.001472774631465371,0.00024018413710050071,0.00026537141300296183,0.0019272637436427164,0.0002253771675081872,0.0007463332899075457,0.0016884355766175409,0.0031355042493719973,-0.00027147916173542923,0.0005443731245964878,-9.258862090504822e-5,0.00021213876358842796,0.0009830349528880625,0.0005855767966325611,0.001479730922114341,-0.002235601808560532,4.6699687811624985e-5,0.0041638901546789935,0.0009054464965697874,0.0005399034249387541,-0.0005106253040378376,-0.00017830242457227434,0.0001502776106951246,-1.937205202325685e-5,0.0005940913667700296,-0.00018124598251154013,-0.00281595164487998,-0.00027147916173542923,0.02348716720228773,0.0013776246202650902,-0.0006077402867644332,-0.0021456093778909205,0.001125862980941765,0.0013562352395421699,0.0020058154159301976,-0.0017000348986367223,8.219572029780423e-5,0.0018127377993406506,0.0025637095086214782,0.0013430877716529648,0.0009314713534565565,0.0004286032032264419,0.00031646811560672393,-0.0010605308096678144,-0.0015655383042286913,0.00017322629520181022,0.0011136889714109225,0.0005443731245964878,0.0013776246202650902,0.017458434015239947,0.0006662643065148813,-0.0009443935277678586,0.0006071687491622511,0.000566347321323913,0.00014556441406937405,0.0011928053782888997,5.77676508782238e-5,-0.00023454120601351907,0.0001876804090732981,0.0008614898733008144,0.0005535186057392765,0.0002394478634289334,-8.376417862253367e-5,0.00011035335959344206,0.00020953327091902582,0.0009685177522149506,0.00048251011079898735,-9.258862090504822e-5,-0.0006077402867644332,0.0006662643065148813,0.001455981987741283,0.0012390569439913763,0.0009525351461982264,7.811500742053288e-5,0.0005028140594311032,0.0055982176477199505,0.0002967702410349313,-0.000671703415895112,0.000871241798072502,0.00017395083960124153,0.003989375846398426,0.0010683086885346599,-0.0005234981241063854,0.0016318415161427754,0.002297287451285393,0.0009880027406829212,0.0006350763404582708,0.00021213876358842796,-0.0021456093778909205,-0.0009443935277678586,0.0012390569439913763,0.014189633779592866,0.003317763176447933,5.5519577105430564e-5,-0.0013384004023189546,-0.00012031450850943375,0.000620095006883721,0.003770063668398457,0.002114717281713966,0.0042540133629845045,0.005892011806788496,0.0017363071562823493,-4.515313079762339e-5,0.007635627438096627,0.0004247330920762487,0.0047784291761118584,0.002060397958423168,0.0009830349528880625,0.001125862980941765,0.0006071687491622511,0.0009525351461982264,0.003317763176447933,0.02082144778766984,0.000571772596462307,-0.000581204407022375,0.0027310025011137787,6.939793861070567e-5,0.0013769595914914763,0.0007493052199245859,0.0023762692029290055,0.0014549819643252125,0.0006804618642434852,-6.64551698312904e-5,0.0018544533725385033,-0.00024249361516316106,0.0003232601942866308,-0.0003250942774831746,0.0005855767966325611,0.0013562352395421699,0.000566347321323913,7.811500742053288e-5,5.5519577105430564e-5,0.000571772596462307,0.0048728810535477824,0.0012719398956259006,-0.0011236604483709353,0.000564848321974152,0.0010835177644820811,-0.002144853615336788,0.005954353970399064,-0.002864872382733071,0.002611435537489154,0.0014450246164285072,0.0004384921604848916,-0.0007625162780529054,0.0035118726658510337,0.0013813373214363574,0.001479730922114341,0.0020058154159301976,0.00014556441406937405,0.0005028140594311032,-0.0013384004023189546,-0.000581204407022375,0.0012719398956259006,0.030180065863055827
0.0659169703573778,0.007257221187024272,0.005347175886199594,0.011769559828677549,0.012790463576822883,0.02656345698306352,0.009583955684887955,0.0022602497534306683,0.016846097479756517,0.00403606323724352,0.017261822421859918,0.0045427454125336626,0.009303033696645181,0.016125285588856435,0.024790728434699025,0.005638861071018349,0.008041943593280669,0.013651853768053328,0.0010369070854015054,0.03128616309890814,0.007257221187024272,0.0027302120148373537,0.00029764000257175656,0.0019402354099469974,0.0019526050884484357,0.004488714466913001,0.0024475379539588785,0.00041385894485760006,0.002956389706519507,0.0007980267219359584,0.005087921574040014,0.0012312931254470404,0.0023495117398883185,0.004909451367119934,0.004997325781549209,0.0019727391386279297,0.002475331305390827,0.0014728138070175681,0.002039416921761135,0.0050275957051513845,0.005347175886199594,0.00029764000257175656,0.01790525159208882,0.0009357338415546138,0.006411555934770169,0.003143761999408229,0.0001990051284229312,0.0015176385410360267,0.0001535437757316409,0.001694229769432032,0.0078007717033004124,-0.0028628526518792163,0.00044126239501642483,-0.002536530596736042,-0.0020075536181130924,-9.966901182175973e-5,0.002519990686544119,0.0026865858954722485,0.0027464260350947714,0.004158265742256301,0.011769559828677549,0.0019402354099469974,0.0009357338415546138,0.007519497900092347,0.003647770511838633,0.006592798638586713,0.002499578456936503,0.000358222089487268,0.002871205426089332,0.0009753012139984235,0.00413185406927803,0.001025375174089657,0.0023162590452395345,0.0038711022876145064,0.006492116638760268,0.0018156550564342555,0.003382349786113077,0.003589252191272467,0.0010760523461322063,0.008548191006352741,0.012790463576822883,0.0019526050884484357,0.006411555934770169,0.003647770511838633,0.03721382996227099,0.014306030592632605,0.0035916497993420727,0.0015748885344164841,0.012190596334836578,0.004771413344517073,0.009829190959942814,0.003475152583261752,0.002680000939657723,-7.585744293949261e-5,0.010141428247928116,0.000948051047659264,0.012555025771247168,0.010341556344671519,0.000860957269503923,0.017090627017547724,0.02656345698306352,0.004488714466913001,0.003143761999408229,0.006592798638586713,0.014306030592632605,0.033574284351403395,0.0072254350059812655,0.0018162672260810995,0.010729409671421265,0.004493764168221695,0.011703269777545124,0.0072104623684488495,0.006436963123250119,0.016263911567238054,0.016279971249179518,0.0041566766386693255,0.011216341302952019,0.009158750108484817,0.0018933126632948224,0.02466512893101304,0.009583955684887955,0.0024475379539588785,0.0001990051284229312,0.002499578456936503,0.0035916497993420727,0.0072254350059812655,0.005796689588503683,0.0009267335968344492,0.003862015266461828,0.0010147993143178845,0.005361520919376763,0.0037222742956378946,0.002917326198255169,0.00859803176765315,0.005539958874148758,0.0027347911413095876,0.0026933267582458786,0.002077909520946237,0.0010242626968682811,0.00544098882716342,0.0022602497534306683,0.00041385894485760006,0.0015176385410360267,0.000358222089487268,0.0015748885344164841,0.0018162672260810995,0.0009267335968344492,0.0019793281767928896,0.0002118351427396451,0.0004976779471763251,0.0035990835940443626,0.0006000981756445567,0.0009386094557789376,0.0018295829085447617,-0.0003744094764170995,0.0009261021518338018,0.0022847989282444026,0.0021020687569375026,0.002009374332074842,0.0003889088438538437,0.016846097479756517,0.002956389706519507,0.0001535437757316409,0.002871205426089332,0.012190596334836578,0.010729409671421265,0.003862015266461828,0.0002118351427396451,0.025333543720913818,0.0025496273966058233,0.00920501273232156,0.004777421637027324,0.003746314689106806,0.009198376779911257,0.014707010131632534,0.002013006860956139,0.006394317999583414,0.003470174309437706,0.0005914159700949079,0.014666582501292325,0.00403606323724352,0.0007980267219359584,0.001694229769432032,0.0009753012139984235,0.004771413344517073,0.004493764168221695,0.0010147993143178845,0.0004976779471763251,0.0025496273966058233,0.004104227110599873,0.003563608668272945,0.0015586600177920813,0.001434165292748025,0.0029354848444130737,0.003700873458590608,0.0009698171131075162,0.0033247438584973303,0.00275260259865978,0.001983462898635443,0.0048008085683480944,0.017261822421859918,0.005087921574040014,0.0078007717033004124,0.00413185406927803,0.009829190959942814,0.011703269777545124,0.005361520919376763,0.0035990835940443626,0.00920501273232156,0.003563608668272945,0.04985142118430037,0.0011455951387005017,0.006201375997169006,0.007159415330330888,0.009997700768036466,0.006124317970480797,0.013567275266456926,0.014257226895245338,0.009688493751151047,0.02105744041079277,0.0045427454125336626,0.0012312931254470404,-0.0028628526518792163,0.001025375174089657,0.003475152583261752,0.0072104623684488495,0.0037222742956378946,0.0006000981756445567,0.004777421637027324,0.0015586600177920813,0.0011455951387005017,0.011916678417237727,0.00237821642692229,0.009525243521614258,0.005385271327999524,0.002490051538509959,0.001146040448754698,-0.00011641063990063937,-0.001210376740432905,0.0027531744121310616,0.009303033696645181,0.0023495117398883185,0.00044126239501642483,0.0023162590452395345,0.002680000939657723,0.006436963123250119,0.002917326198255169,0.0009386094557789376,0.003746314689106806,0.001434165292748025,0.006201375997169006,0.00237821642692229,0.005323152314168165,0.007007851880970955,0.006298195455748232,0.0025898340296624783,0.004420648431094304,0.0024137795744738786,0.0023246606662483604,0.006080788687452671,0.016125285588856435,0.004909451367119934,-0.002536530596736042,0.0038711022876145064,-7.585744293949261e-5,0.016263911567238054,0.00859803176765315,0.0018295829085447617,0.009198376779911257,0.0029354848444130737,0.007159415330330888,0.009525243521614258,0.007007851880970955,0.04361522138833652,0.015389448192978022,0.007026954712322548,0.004523202639559673,-0.005982176916044603,0.005001273127137142,0.010265774416598962,0.024790728434699025,0.004997325781549209,-0.0020075536181130924,0.006492116638760268,0.010141428247928116,0.016279971249179518,0.005539958874148758,-0.0003744094764170995,0.014707010131632534,0.003700873458590608,0.009997700768036466,0.005385271327999524,0.006298195455748232,0.015389448192978022,0.03220899857001936,0.004386201818912457,0.009963935376114029,0.004663373866311398,0.0025877445856960202,0.025879245173490523,0.005638861071018349,0.0019727391386279297,-9.966901182175973e-5,0.0018156550564342555,0.000948051047659264,0.0041566766386693255,0.0027347911413095876,0.0009261021518338018,0.002013006860956139,0.0009698171131075162,0.006124317970480797,0.002490051538509959,0.0025898340296624783,0.007026954712322548,0.004386201818912457,0.0034674703396734147,0.0026362153451828076,0.0008716569726676436,0.0026829879872859097,0.003218661127548344,0.008041943593280669,0.002475331305390827,0.002519990686544119,0.003382349786113077,0.012555025771247168,0.011216341302952019,0.0026933267582458786,0.0022847989282444026,0.006394317999583414,0.0033247438584973303,0.013567275266456926,0.001146040448754698,0.004420648431094304,0.004523202639559673,0.009963935376114029,0.0026362153451828076,0.0201775177332356,0.008118362572136623,0.004649767389833871,0.01609953157469857,0.013651853768053328,0.0014728138070175681,0.0026865858954722485,0.003589252191272467,0.010341556344671519,0.009158750108484817,0.002077909520946237,0.0021020687569375026,0.003470174309437706,0.00275260259865978,0.014257226895245338,-0.00011641063990063937,0.0024137795744738786,-0.005982176916044603,0.004663373866311398,0.0008716569726676436,0.008118362572136623,0.02258399893150586,0.002295478303209,0.011622982396611789,0.0010369070854015054,0.002039416921761135,0.0027464260350947714,0.0010760523461322063,0.000860957269503923,0.0018933126632948224,0.0010242626968682811,0.002009374332074842,0.0005914159700949079,0.001983462898635443,0.009688493751151047,-0.001210376740432905,0.0023246606662483604,0.005001273127137142,0.0025877445856960202,0.0026829879872859097,0.004649767389833871,0.002295478303209,0.011072836547584891,0.004173097766859328,0.03128616309890814,0.0050275957051513845,0.004158265742256301,0.008548191006352741,0.017090627017547724,0.02466512893101304,0.00544098882716342,0.0003889088438538437,0.014666582501292325,0.0048008085683480944,0.02105744041079277,0.0027531744121310616,0.006080788687452671,0.010265774416598962,0.025879245173490523,0.003218661127548344,0.01609953157469857,0.011622982396611789,0.004173097766859328,0.05806390062144885
