0.028996037888454028,0.005243741655459765,0.000491283780310626,0.006094676804949187,0.0024816674663317617,-0.0029053862828577397,-0.0018870660239053865,0.0005643306069240206,0.0023504740579550713,-0.004264625838365101,-3.6877283864005265e-5,-0.0006035800028502123,0.0007805227254573623,-0.0032013822527390636,0.003157681284464491,-0.0029014359338093783,0.0046658373408473095,-0.007317243317766366,0.003990443139544128,-0.0013141543470474482,0.005243741655459765,0.020197899279004262,0.0005281719419656325,-0.00033869554363549043,0.005614054221841927,0.0005574455173281501,-0.001212125673729029,-0.001529717172949137,0.005496802964855225,-0.0054570489769416326,0.0009783858925445795,0.0032886617483553057,-0.002848775803417563,0.007019058206284797,0.0034935291014642706,-0.0076763261309550496,0.007812483879004304,-0.008585367137525812,0.008046965005574627,0.0006979134208730971,0.000491283780310626,0.0005281719419656325,0.003042194222746199,0.0016081551404882478,0.0004735285115917753,4.321651021194336e-5,0.00012692086593072115,0.0012306861991231307,-0.0035793869889716376,0.0012192148772287841,0.0011076625072151095,0.0003120413021953267,-0.00012463149844288483,0.0029573161891182096,-0.0003371984010902485,-0.002661437000346091,0.0009569355145928218,-0.0017016946375497835,0.001225548891765189,-3.5599043094535016e-5,0.006094676804949187,-0.00033869554363549043,0.0016081551404882478,0.02565776305037257,-0.004023223973356852,-0.003767610029698059,0.0014958034157628436,0.001397937964221246,-0.005735952093659185,0.004799281930032688,-0.0033558187268956574,-0.003384806298520834,0.0013526112142258106,-0.00772891122507866,-0.0047981232947122854,0.0010349449352079565,0.0016311282789728035,0.001346850552176627,-0.008418193464873776,0.00033494391957374135,0.0024816674663317617,0.005614054221841927,0.0004735285115917753,-0.004023223973356852,0.03266065540913301,0.002981889544172646,-0.006629027646515406,-0.0017186208339658084,0.008744942980959482,-0.007486966704555327,0.00035712180026995963,0.007376340263198831,0.0026711826409481316,0.0026899837699462825,0.007941955102008083,-0.00991326800581208,0.004473757772274524,-0.004256595840470278,0.01093725741172085,-2.432434418997503e-5,-0.0029053862828577397,0.0005574455173281501,4.321651021194336e-5,-0.003767610029698059,0.002981889544172646,0.005848259148284851,-0.0007997057970021218,-0.00023330631361574548,0.0027859778644039246,-0.0013708451860234689,0.0021353519920152006,0.0017260071340716818,-7.667579092020146e-5,0.004702369820163236,0.001238394931151787,0.0013184805492139633,-0.0009071665994473049,0.0008275430598881625,0.0038475921078165044,0.0006238157149299583,-0.0018870660239053865,-0.001212125673729029,0.00012692086593072115,0.0014958034157628436,-0.006629027646515406,-0.0007997057970021218,0.009477566670698045,0.001506534924318183,0.006382830054167835,0.006951070759113342,0.003366744545967885,-0.002743632956153547,-0.0016991482250631163,0.002021950651537998,0.0008829355118579107,0.0012338788076796585,0.0005902356822159731,0.0007690654814029129,0.0025081150289084824,-0.0004575847911272062,0.0005643306069240206,-0.001529717172949137,0.0012306861991231307,0.001397937964221246,-0.0017186208339658084,-0.00023330631361574548,0.001506534924318183,0.006359269239242223,7.537041532278306e-5,0.003236254426887302,8.494305390806668e-5,-0.00406320946539801,0.0001365748550686246,0.0008692994742290872,-0.003857228072460239,0.001074529737817805,0.00020653454439188696,5.82069014770803e-5,-0.004677754728663795,0.0004939944369065659,0.0023504740579550713,0.005496802964855225,-0.0035793869889716376,-0.005735952093659185,0.008744942980959482,0.0027859778644039246,0.006382830054167835,7.537041532278306e-5,0.0575029158822444,0.01048978327768594,0.005148912799371299,0.0013239826880487651,0.00015974172358772286,0.002006800073665698,0.011164977256995928,-0.002869736283180382,0.009551570712449711,-0.005217581827175291,0.020752784471709217,-0.0034869244326928475,-0.004264625838365101,-0.0054570489769416326,0.0012192148772287841,0.004799281930032688,-0.007486966704555327,-0.0013708451860234689,0.006951070759113342,0.003236254426887302,0.01048978327768594,0.03258432106635881,0.0032163352748659875,-0.004013491856494538,0.0032103357216821133,-0.003036474340735776,-0.0009953228813999588,0.0014364994865924828,0.0002129208164523837,0.003927701700510292,0.0029752964559323298,-0.0018824130120743462,-3.6877283864005265e-5,0.0009783858925445795,0.0011076625072151095,-0.0033558187268956574,0.00035712180026995963,0.0021353519920152006,0.003366744545967885,8.494305390806668e-5,0.005148912799371299,0.0032163352748659875,0.013875236616444797,-0.0025698945853495493,0.00015164070317607957,0.006941472149094064,0.003989090095099915,-0.002569569756223163,-0.0002535285698831381,-0.001953304022951398,0.00816258052211442,-0.0010947344835205313,-0.0006035800028502123,0.0032886617483553057,0.0003120413021953267,-0.003384806298520834,0.007376340263198831,0.0017260071340716818,-0.002743632956153547,-0.00406320946539801,0.0013239826880487651,-0.004013491856494538,-0.0025698945853495493,0.009868779284924514,-0.00044191346712593824,0.0037105718161426927,0.0048821024256374725,-0.0031680441370011392,0.0018621870698541567,-0.0018172851161177852,0.0085933198117382,-0.0002580806689675092,0.0007805227254573623,-0.002848775803417563,-0.00012463149844288483,0.0013526112142258106,0.0026711826409481316,-7.667579092020146e-5,-0.0016991482250631163,0.0001365748550686246,0.00015974172358772286,0.0032103357216821133,0.00015164070317607957,-0.00044191346712593824,0.013502460352516538,-0.008318888233402289,-0.0014956758808465959,0.0012771705280315176,-0.0019849284094692003,0.007160958481461204,-0.002309163648488464,0.001802769079538737,-0.0032013822527390636,0.007019058206284797,0.0029573161891182096,-0.00772891122507866,0.0026899837699462825,0.004702369820163236,0.002021950651537998,0.0008692994742290872,0.002006800073665698,-0.003036474340735776,0.006941472149094064,0.0037105718161426927,-0.008318888233402289,0.03758909213157647,0.004871578788139323,-0.005753279467479194,0.0054323524793301724,-0.010830616792901128,0.017779687015449224,-0.0014071948579923493,0.003157681284464491,0.0034935291014642706,-0.0003371984010902485,-0.0047981232947122854,0.007941955102008083,0.001238394931151787,0.0008829355118579107,-0.003857228072460239,0.011164977256995928,-0.0009953228813999588,0.003989090095099915,0.0048821024256374725,-0.0014956758808465959,0.004871578788139323,0.012233868482097171,-0.006463530249187171,0.004390885065426727,-0.006063404781309581,0.014952660803496911,-0.0015352315879988963,-0.0029014359338093783,-0.0076763261309550496,-0.002661437000346091,0.0010349449352079565,-0.00991326800581208,0.0013184805492139633,0.0012338788076796585,0.001074529737817805,-0.002869736283180382,0.0014364994865924828,-0.002569569756223163,-0.0031680441370011392,0.0012771705280315176,-0.005753279467479194,-0.006463530249187171,0.023798931533926523,-0.007592714977241297,0.009384661002502879,-0.010934847757700468,0.0005060102730689429,0.0046658373408473095,0.007812483879004304,0.0009569355145928218,0.0016311282789728035,0.004473757772274524,-0.0009071665994473049,0.0005902356822159731,0.00020653454439188696,0.009551570712449711,0.0002129208164523837,-0.0002535285698831381,0.0018621870698541567,-0.0019849284094692003,0.0054323524793301724,0.004390885065426727,-0.007592714977241297,0.010303673126210621,-0.00829971687241839,0.008257566527221115,-0.0009486221141475301,-0.007317243317766366,-0.008585367137525812,-0.0017016946375497835,0.001346850552176627,-0.004256595840470278,0.0008275430598881625,0.0007690654814029129,5.82069014770803e-5,-0.005217581827175291,0.003927701700510292,-0.001953304022951398,-0.0018172851161177852,0.007160958481461204,-0.010830616792901128,-0.006063404781309581,0.009384661002502879,-0.00829971687241839,0.021221245621570364,-0.008964072819161896,0.002823796417190758,0.003990443139544128,0.008046965005574627,0.001225548891765189,-0.008418193464873776,0.01093725741172085,0.0038475921078165044,0.0025081150289084824,-0.004677754728663795,0.020752784471709217,0.0029752964559323298,0.00816258052211442,0.0085933198117382,-0.002309163648488464,0.017779687015449224,0.014952660803496911,-0.010934847757700468,0.008257566527221115,-0.008964072819161896,0.053779357224707156,-0.0036844491342161393,-0.0013141543470474482,0.0006979134208730971,-3.5599043094535016e-5,0.00033494391957374135,-2.432434418997503e-5,0.0006238157149299583,-0.0004575847911272062,0.0004939944369065659,-0.0034869244326928475,-0.0018824130120743462,-0.0010947344835205313,-0.0002580806689675092,0.001802769079538737,-0.0014071948579923493,-0.0015352315879988963,0.0005060102730689429,-0.0009486221141475301,0.002823796417190758,-0.0036844491342161393,0.00417017302034647
0.06440353040840191,0.008245888735732192,0.0033945094064519827,-0.02165758531567967,-0.009284984993636836,0.007328027190120059,0.003653228577047472,0.013703430418388235,-0.007872466115309115,-0.0071249001081494755,0.032731393326449115,0.017614311887085614,-0.004556021443371154,0.012660031326190686,-0.004257840349273474,0.0017486238802120646,0.002742932327534615,0.022533959599070764,0.003446538634144547,-0.005673095021410893,0.008245888735732192,0.01949324113193924,-0.00044536689713229417,0.0017321490965289212,0.002683866602425148,0.0023402565788655325,-0.003430133142119724,0.004774661840511693,-0.0005505565706906178,0.002793555930664948,0.005283132619646265,0.0016744374494225796,0.0016349212717983652,0.01086540624487499,0.00018185761451002588,0.006154461706864572,0.00030701286025840786,0.004729013236276351,0.013082606486105777,0.00019622369631615023,0.0033945094064519827,-0.00044536689713229417,0.003535371702349259,-0.0002671736126002457,0.0026996757594672342,0.0016111073838633123,0.004256311789122504,7.844115031547444e-5,0.003061796748066844,0.0026671624514844504,0.0020661653479169496,0.0016335687079682723,0.0010999808001785514,-0.00300327071161721,0.0017911292909136294,-0.0006261572969291779,0.0016378686322035595,0.0019794387532887795,-0.0038742574578323028,2.5385118096385876e-5,-0.02165758531567967,0.0017321490965289212,-0.0002671736126002457,0.04323148981342166,0.015465812678995616,-0.004114145251806755,-0.002836830395284504,-0.00467708666709167,0.012719332066799748,0.006848871335463332,-0.018203774269318015,-0.0011768854547103604,0.01252139569380817,-0.002933742209891078,0.004731821336009253,0.0023102121473377512,0.003068176442290268,-0.013701306080606043,0.0005519070909781221,0.005009551438152921,-0.009284984993636836,0.002683866602425148,0.0026996757594672342,0.015465812678995616,0.03712278460837642,0.000908183502747554,0.007413193462527019,-0.004125826676215466,0.017390682729260573,0.007402614714601323,-0.007917603691765413,0.0009619383715421333,0.008795509270733297,-0.006356436192497343,0.0034015385141847824,0.0011182188247315834,0.0015268972648916886,-0.005257659722476941,-0.0015265925314615686,0.006064063233623091,0.007328027190120059,0.0023402565788655325,0.0016111073838633123,-0.004114145251806755,0.000908183502747554,0.006035202694628691,0.0035288783327527898,0.002211851488510648,0.0015018098467000519,0.0026864001349981266,0.004338126565781481,0.0020480208044494244,0.0007983951284922725,0.0041591266329742615,-0.0001195291581162394,0.0006673653854549099,0.00021205667545200896,0.005395907882081635,0.002765128984047846,-0.0002882137951945932,0.003653228577047472,-0.003430133142119724,0.004256311789122504,-0.002836830395284504,0.007413193462527019,0.0035288783327527898,0.015618750115493957,-0.0015231427061348501,0.010253405520172211,0.005366839931372082,0.0009043387044404266,0.0017473444475594433,0.0016283650986753685,-0.005094477128403989,0.002978533522801796,-0.003262114486014407,0.0026123386520161855,0.005573082278544768,-0.0054221460222119745,0.0008094731525412248,0.013703430418388235,0.004774661840511693,7.844115031547444e-5,-0.00467708666709167,-0.004125826676215466,0.002211851488510648,-0.0015231427061348501,0.007663810032188375,-0.004925184192176298,-0.0010322055444239864,0.009196545310775813,0.0048227969521998475,-0.001169265606990203,0.006677197969067461,-0.0009517928917706804,0.0018932823730935808,0.0009525215473634711,0.0070990246770785415,0.007672926121887269,-0.0007100947665944295,-0.007872466115309115,-0.0005505565706906178,0.003061796748066844,0.012719332066799748,0.017390682729260573,0.0015018098467000519,0.010253405520172211,-0.004925184192176298,0.05650114555975916,0.007469293274789519,-0.009667207483857732,-0.0034209869419872204,0.014213148554979477,-0.008475966653220642,0.0030916686384970414,-0.004805739449196009,0.0022972726593910725,0.0016555303081746348,-0.0055445665683085624,0.0008526679121671901,-0.0071249001081494755,0.002793555930664948,0.0026671624514844504,0.006848871335463332,0.007402614714601323,0.0026864001349981266,0.005366839931372082,-0.0010322055444239864,0.007469293274789519,0.028830582779899784,-0.006040478719777015,-0.003653231186559811,0.0050688748495918,0.005262613228619383,0.002033840535206689,-0.0009473218075527122,-0.0009001955346567964,-0.000554461483183462,0.0013746592161793445,0.0032130497044675988,0.032731393326449115,0.005283132619646265,0.0020661653479169496,-0.018203774269318015,-0.007917603691765413,0.004338126565781481,0.0009043387044404266,0.009196545310775813,-0.009667207483857732,-0.006040478719777015,0.02858226241580173,0.01028450177283842,-0.006680018793321559,0.007237333426066634,-0.00064565082890062,0.003196945640788395,0.002247087084094845,0.01554942527316968,0.0037156138897776556,-0.0034654737323581404,0.017614311887085614,0.0016744374494225796,0.0016335687079682723,-0.0011768854547103604,0.0009619383715421333,0.0020480208044494244,0.0017473444475594433,0.0048227969521998475,-0.0034209869419872204,-0.003653231186559811,0.01028450177283842,0.0111376581888133,-0.0007896460127944816,0.0010051166427664307,-0.0007481475397156051,0.0006795210698285222,0.0029595718346194268,0.005805869326626838,0.0006348024964642812,-0.0017325944313799546,-0.004556021443371154,0.0016349212717983652,0.0010999808001785514,0.01252139569380817,0.008795509270733297,0.0007983951284922725,0.0016283650986753685,-0.001169265606990203,0.014213148554979477,0.0050688748495918,-0.006680018793321559,-0.0007896460127944816,0.01684042696859099,-0.0012193485430738215,0.0014148938043945644,-0.0005176600747747099,0.0017842479749468159,-0.0035845788787690113,-7.320448308085906e-5,0.0016421913190108838,0.012660031326190686,0.01086540624487499,-0.00300327071161721,-0.002933742209891078,-0.006356436192497343,0.0041591266329742615,-0.005094477128403989,0.006677197969067461,-0.008475966653220642,0.005262613228619383,0.007237333426066634,0.0010051166427664307,-0.0012193485430738215,0.03711753524578979,-0.002467830870907318,0.006922223452023146,-0.005298959879002547,0.01151552809776488,0.015675541334484386,-0.0003122300237508467,-0.004257840349273474,0.00018185761451002588,0.0017911292909136294,0.004731821336009253,0.0034015385141847824,-0.0001195291581162394,0.002978533522801796,-0.0009517928917706804,0.0030916686384970414,0.002033840535206689,-0.00064565082890062,-0.0007481475397156051,0.0014148938043945644,-0.002467830870907318,0.0059486152129407865,0.0007460473465198481,0.0017829729425662293,0.0007044991031165148,-0.0016357524314037817,0.0012873906586091093,0.0017486238802120646,0.006154461706864572,-0.0006261572969291779,0.0023102121473377512,0.0011182188247315834,0.0006673653854549099,-0.003262114486014407,0.0018932823730935808,-0.004805739449196009,-0.0009473218075527122,0.003196945640788395,0.0006795210698285222,-0.0005176600747747099,0.006922223452023146,0.0007460473465198481,0.01479927565652293,0.0007556998920321263,0.003490838190996106,0.00739134712628284,0.001194425488074041,0.002742932327534615,0.00030701286025840786,0.0016378686322035595,0.003068176442290268,0.0015268972648916886,0.00021205667545200896,0.0026123386520161855,0.0009525215473634711,0.0022972726593910725,-0.0009001955346567964,0.002247087084094845,0.0029595718346194268,0.0017842479749468159,-0.005298959879002547,0.0017829729425662293,0.0007556998920321263,0.006833477165350859,0.0005770322298614286,0.0020252580822144083,-0.00023167729056145742,0.022533959599070764,0.004729013236276351,0.0019794387532887795,-0.013701306080606043,-0.005257659722476941,0.005395907882081635,0.005573082278544768,0.0070990246770785415,0.0016555303081746348,-0.000554461483183462,0.01554942527316968,0.005805869326626838,-0.0035845788787690113,0.01151552809776488,0.0007044991031165148,0.003490838190996106,0.0005770322298614286,0.024208101402902197,0.004256402710730151,-0.0026851982810829535,0.003446538634144547,0.013082606486105777,-0.0038742574578323028,0.0005519070909781221,-0.0015265925314615686,0.002765128984047846,-0.0054221460222119745,0.007672926121887269,-0.0055445665683085624,0.0013746592161793445,0.0037156138897776556,0.0006348024964642812,-7.320448308085906e-5,0.015675541334484386,-0.0016357524314037817,0.00739134712628284,0.0020252580822144083,0.004256402710730151,0.058060448746594155,0.0028587068565699737,-0.005673095021410893,0.00019622369631615023,2.5385118096385876e-5,0.005009551438152921,0.006064063233623091,-0.0002882137951945932,0.0008094731525412248,-0.0007100947665944295,0.0008526679121671901,0.0032130497044675988,-0.0034654737323581404,-0.0017325944313799546,0.0016421913190108838,-0.0003122300237508467,0.0012873906586091093,0.001194425488074041,-0.00023167729056145742,-0.0026851982810829535,0.0028587068565699737,0.005201204487267597
0.025765735164418966,0.006225153784495409,-0.0023029807956706483,-0.0012683039032099753,0.005809463874014694,-0.0008749176535204552,0.0050453681498012805,-0.0025143260318762043,-0.0004998678617267611,0.00831711564674852,-0.001536477174885097,0.004197674897504477,-0.002652452482666642,-0.0059483516001796015,-5.4662725854971885e-5,0.004178336131393412,4.724884961493362e-5,0.005795001116460982,0.005199631149907056,0.002331070962787933,0.006225153784495409,0.018370327328245364,0.0005021028805413065,-0.002634056638625728,-0.0022453273460607357,0.0019918468481194716,0.0023951770737950717,-0.0011954854105697345,0.0013308789696473847,0.008518036588396454,0.002400546007305088,0.0018961001635387229,0.001712841198764198,-0.0070084000713110176,-0.00021394438674062115,0.002744330712425509,0.00016191455686314298,0.0038262894218573755,0.00048466011803246264,0.0016896954962418507,-0.0023029807956706483,0.0005021028805413065,0.004135452438728521,0.0032454613818019944,0.0015953778383027693,0.0011336475882035043,-0.0006991210325646691,0.002035951500774497,0.0037697098338921107,0.0005956838682296596,0.0019789096747393283,-0.0027938495749312044,-0.00021880705294663553,0.0051408356718652595,0.00030998655378522985,0.0008876283026629303,-1.2352603265177267e-5,0.0018972179017273656,-0.0005763621690398129,-0.0001670917755128333,-0.0012683039032099753,-0.002634056638625728,0.0032454613818019944,0.023472710228944187,0.003883501211649934,0.0027055420848626443,9.476334638140824e-5,0.003492328527995309,0.011632195406963856,0.0025158291035338558,0.0033792871397908585,-0.002734245438070479,-0.0019541811468271144,0.011214677320437641,0.0027346938718840145,-0.0018809541852940898,0.0010795408953137606,-0.007937145992556197,0.005884969802279762,0.0017011851704061842,0.005809463874014694,-0.0022453273460607357,0.0015953778383027693,0.003883501211649934,0.029983996503834823,-0.0017840120157505688,0.003936734824843418,0.002138862118017078,0.000211873221732101,0.0054766182916289145,0.003467609169280334,-0.003401047212356321,-0.0016706067187683958,0.008409572615477392,-0.0008765271939160039,0.0029907688068817446,4.806032227108888e-5,0.003132891255523532,0.003194513433642684,0.0009647057935066437,-0.0008749176535204552,0.0019918468481194716,0.0011336475882035043,0.0027055420848626443,-0.0017840120157505688,0.007465897615591132,-0.0013896936756397809,0.0014074922253786077,0.0035124674419817225,-0.00024579820873124245,2.5246153384414906e-5,0.0004567016184855267,0.0021834862821356435,-0.00018834401921200114,0.0010992126668033025,-0.003946839016128817,0.0006866711403902181,5.942008194287964e-5,0.0029701299757160567,0.0008817764280990883,0.0050453681498012805,0.0023951770737950717,-0.0006991210325646691,9.476334638140824e-5,0.003936734824843418,-0.0013896936756397809,0.008569107156347712,-0.0015047141112564922,-0.0014746859425351626,0.002335791659248534,0.0018468677936411377,0.0007799939035515194,0.0011545766483163503,-0.0015436507884266954,-0.00046295919847988567,0.0021630442670139568,-0.00020365095787672584,-0.00142746806060242,0.004614317986838774,0.002956158334299256,-0.0025143260318762043,-0.0011954854105697345,0.002035951500774497,0.003492328527995309,0.002138862118017078,0.0014074922253786077,-0.0015047141112564922,0.004860688412481797,0.003913290661909848,-0.001587413410187972,0.0006933817506637801,-0.0014353289105022132,0.0002065398168068788,0.004572393406084849,0.0006574741546290106,-0.0006039208020553062,0.00038048710100400615,0.0021684407377232785,9.047155407195993e-6,-0.0017469087560565326,-0.0004998678617267611,0.0013308789696473847,0.0037697098338921107,0.011632195406963856,0.000211873221732101,0.0035124674419817225,-0.0014746859425351626,0.003913290661909848,0.05312562635569172,0.00573318239494373,-0.0009309517642452749,0.0016563348451190932,-0.0001428300051599799,0.012235305814523787,0.0008077834296499958,-0.00013553541932332692,0.0007397042037376588,-0.0010145284977820374,-0.0009619402604491597,0.0014267495932363617,0.00831711564674852,0.008518036588396454,0.0005956838682296596,0.0025158291035338558,0.0054766182916289145,-0.00024579820873124245,0.002335791659248534,-0.001587413410187972,0.00573318239494373,0.032615523704118424,0.002438075626505081,0.0017144542860271514,-0.005425919465856802,-0.001888894605575054,0.0010616480745161646,0.007376073404377563,0.0032144803538884095,0.006255519431722915,0.0018880301166112222,0.004321315057440508,-0.001536477174885097,0.002400546007305088,0.0019789096747393283,0.0033792871397908585,0.003467609169280334,2.5246153384414906e-5,0.0018468677936411377,0.0006933817506637801,-0.0009309517642452749,0.002438075626505081,0.011139793809803048,-0.002536852047959807,0.0011770667254568865,0.003775927238477239,0.0007456675680087941,0.0014328680089507524,0.0010500199155509882,-0.00026281082232217437,0.004663514926275525,0.0018580704567414182,0.004197674897504477,0.0018961001635387229,-0.0027938495749312044,-0.002734245438070479,-0.003401047212356321,0.0004567016184855267,0.0007799939035515194,-0.0014353289105022132,0.0016563348451190932,0.0017144542860271514,-0.002536852047959807,0.006853592082647158,0.0018064631827956399,-0.0037674125912938823,0.00048741559255207647,-0.0019348806235911142,0.0004941765082748886,-0.00019339885288182626,0.001933013514550378,0.0008832789129273934,-0.002652452482666642,0.001712841198764198,-0.00021880705294663553,-0.0019541811468271144,-0.0016706067187683958,0.0021834862821356435,0.0011545766483163503,0.0002065398168068788,-0.0001428300051599799,-0.005425919465856802,0.0011770667254568865,0.0018064631827956399,0.017556602667531257,0.004098111982874391,0.0008920445552087458,0.0012188895022447526,-0.0008725499174823376,-0.0058328936229221015,0.003641721826891261,0.0012079660126822216,-0.0059483516001796015,-0.0070084000713110176,0.0051408356718652595,0.011214677320437641,0.008409572615477392,-0.00018834401921200114,-0.0015436507884266954,0.004572393406084849,0.012235305814523787,-0.001888894605575054,0.003775927238477239,-0.0037674125912938823,0.004098111982874391,0.033416646849969645,0.0030615668878063553,0.0022722759697338278,0.0024839888586266055,-0.003273697237105999,-8.476351997954625e-5,-0.0027324345075729808,-5.4662725854971885e-5,-0.00021394438674062115,0.00030998655378522985,0.0027346938718840145,-0.0008765271939160039,0.0010992126668033025,-0.00046295919847988567,0.0006574741546290106,0.0008077834296499958,0.0010616480745161646,0.0007456675680087941,0.00048741559255207647,0.0008920445552087458,0.0030615668878063553,0.0056657246490794105,-5.099800161526013e-6,0.0012115805417917261,-0.0031839525908870904,0.0042853009914458305,0.0008658944552496696,0.004178336131393412,0.002744330712425509,0.0008876283026629303,-0.0018809541852940898,0.0029907688068817446,-0.003946839016128817,0.0021630442670139568,-0.0006039208020553062,-0.00013553541932332692,0.007376073404377563,0.0014328680089507524,-0.0019348806235911142,0.0012188895022447526,0.0022722759697338278,-5.099800161526013e-6,0.01974325323048908,0.0006304982804409102,0.003139250052801037,-0.004620044283195694,-0.00033428478714440826,4.724884961493362e-5,0.00016191455686314298,-1.2352603265177267e-5,0.0010795408953137606,4.806032227108888e-5,0.0006866711403902181,-0.00020365095787672584,0.00038048710100400615,0.0007397042037376588,0.0032144803538884095,0.0010500199155509882,0.0004941765082748886,-0.0008725499174823376,0.0024839888586266055,0.0012115805417917261,0.0006304982804409102,0.00597214462838151,0.002571006955202632,0.0027888539900127254,-0.0004073478210711986,0.005795001116460982,0.0038262894218573755,0.0018972179017273656,-0.007937145992556197,0.003132891255523532,5.942008194287964e-5,-0.00142746806060242,0.0021684407377232785,-0.0010145284977820374,0.006255519431722915,-0.00026281082232217437,-0.00019339885288182626,-0.0058328936229221015,-0.003273697237105999,-0.0031839525908870904,0.003139250052801037,0.002571006955202632,0.026482171477828293,-0.0033790409447304317,-0.003099090629243676,0.005199631149907056,0.00048466011803246264,-0.0005763621690398129,0.005884969802279762,0.003194513433642684,0.0029701299757160567,0.004614317986838774,9.047155407195993e-6,-0.0009619402604491597,0.0018880301166112222,0.004663514926275525,0.001933013514550378,0.003641721826891261,-8.476351997954625e-5,0.0042853009914458305,-0.004620044283195694,0.0027888539900127254,-0.0033790409447304317,0.037698097999171475,0.0055168063537994975,0.002331070962787933,0.0016896954962418507,-0.0001670917755128333,0.0017011851704061842,0.0009647057935066437,0.0008817764280990883,0.002956158334299256,-0.0017469087560565326,0.0014267495932363617,0.004321315057440508,0.0018580704567414182,0.0008832789129273934,0.0012079660126822216,-0.0027324345075729808,0.0008658944552496696,-0.00033428478714440826,-0.0004073478210711986,-0.003099090629243676,0.0055168063537994975,0.006040537192541858
