0.012651587370205478,0.0023709190709051836,0.0009285848497467906,0.0010567099888103733,-0.0001343686023537071,0.0010399834221757652,0.005821025599401763,0.0005892456823484984,0.0004266330724087286,0.0010468600313315595,0.0032635839101625235,0.001903771995092536,0.001793088851493865,0.0024786448937878245,0.0013884299084475989,-0.0007083592262417225,0.0010993107682961344,0.0006595516450223005,-0.0005899917274380811,-0.0007088100445756835,0.0023709190709051836,0.0140529083538306,0.00029432796614836725,-0.001133228968727607,5.036396658106393e-5,0.00037048078152715166,0.0009885992185484256,0.0011656799276044648,0.00045907183551932866,-0.00043061045171971773,0.00010053995489626337,0.0009417500479325549,8.517858438561237e-5,0.0015917421351427652,0.0006852598000414295,0.0001388595227609688,0.0004906524914639367,0.0006150602208633524,-0.000959854105635142,0.0005175015970786596,0.0009285848497467906,0.00029432796614836725,0.0022461831365488804,0.00027962581825505576,0.00048510317822866443,0.0003659608348359029,0.002545953422734475,0.00041168607850334757,0.0002938035521558639,0.0005464004181388287,0.002284961078594467,0.0006177128748652814,0.0013868249497342596,0.0009088945700641792,0.0008730269483488244,-0.00036040906071289555,-0.0001088149292417777,0.0003909233580076043,0.0005216840219889884,0.0010858537819804631,0.0010567099888103733,-0.001133228968727607,0.00027962581825505576,0.004686576758028444,0.0001844065925862024,0.00016788662599819554,0.0002936420446072595,0.0002609669312096335,0.0003497600019805111,0.0010068261769734192,-0.00011298540272256245,0.0004394488007832916,0.0004327021076267284,0.00046472978119145944,0.00047270614166300336,0.0003643152617586942,0.0008161697554709181,5.352608814703922e-5,0.001069199153979118,0.0008875290537206702,-0.0001343686023537071,5.036396658106393e-5,0.00048510317822866443,0.0001844065925862024,0.002626911091050812,-4.815183835673494e-5,0.0021591156540774576,0.0004457557340406005,0.0009035587207337644,0.0003502194403976498,0.0022780714690742044,0.00061682164227972,0.0007603462102582729,-0.0004018494858972317,0.0012758099607487491,2.26997989501602e-5,-8.179652337454379e-5,0.00025229364663323215,0.00030555184899362783,0.001528582188491045,0.0010399834221757652,0.00037048078152715166,0.0003659608348359029,0.00016788662599819554,-4.815183835673494e-5,0.002513386968025687,0.00202385402998457,8.206871949385466e-5,0.0004982954360336706,0.0011685631619127172,0.0011583408313358707,-7.481932630146063e-5,0.0006828943095141401,0.0008938211293634779,-6.272305975827124e-6,0.00030014676934362445,7.795922666963028e-5,0.00027067211091283085,0.0011647435871285292,0.0006599428785603206,0.005821025599401763,0.0009885992185484256,0.002545953422734475,0.0002936420446072595,0.0021591156540774576,0.00202385402998457,0.04519424816166577,0.0009534430263063436,0.0019033158659234593,0.00225043104458973,0.007642847367506788,0.0028987380163174896,0.006468775074341037,-0.0014428767578058247,0.0014294340481063067,-0.00034152469494441945,-0.0007156507353683689,0.0005267608007251003,0.00025429660984803643,-0.00013149288427585044,0.0005892456823484984,0.0011656799276044648,0.00041168607850334757,0.0002609669312096335,0.0004457557340406005,8.206871949385466e-5,0.0009534430263063436,0.0028683986942247878,0.00044555072205004694,-8.238492333014294e-5,0.0017083983934871893,0.0004704622436050618,0.0003091850209916893,0.0008041495628249456,0.0011627146984481956,4.811400419469142e-5,0.00047156938692967246,0.00013135635621365868,0.0002676085419835638,0.0007477580109014285,0.0004266330724087286,0.00045907183551932866,0.0002938035521558639,0.0003497600019805111,0.0009035587207337644,0.0004982954360336706,0.0019033158659234593,0.00044555072205004694,0.007424099466594794,0.0009199262078847298,0.002574532389460332,-8.905845134214263e-6,0.0007168837990261739,-0.0006763570255076131,0.0009322731953427645,0.0013695076220342824,-0.0006454172531140273,0.0011356940339801243,0.0015535392125533003,0.0021843059384648016,0.0010468600313315595,-0.00043061045171971773,0.0005464004181388287,0.0010068261769734192,0.0003502194403976498,0.0011685631619127172,0.00225043104458973,-8.238492333014294e-5,0.0009199262078847298,0.006717918082043019,0.0007106060110890575,0.0006151495015410504,0.0009093809313637767,0.00013438306816050336,0.0009545435567837744,0.0017760153984979158,-0.00011237047173321541,0.0001687359662124468,0.0015337258490796058,0.002260168565777434,0.0032635839101625235,0.00010053995489626337,0.002284961078594467,-0.00011298540272256245,0.0022780714690742044,0.0011583408313358707,0.007642847367506788,0.0017083983934871893,0.002574532389460332,0.0007106060110890575,0.022633178782572202,0.0012371764335498752,0.00276517592614205,0.0017363529967866127,0.0033417748665450246,-0.002591813691899352,-0.00016351951738935,0.0004016855313070019,0.001641247101692304,0.002976366665722309,0.001903771995092536,0.0009417500479325549,0.0006177128748652814,0.0004394488007832916,0.00061682164227972,-7.481932630146063e-5,0.0028987380163174896,0.0004704622436050618,-8.905845134214263e-6,0.0006151495015410504,0.0012371764335498752,0.009563830294058056,0.0019950179734819513,0.0001628606364037072,0.002391001379348891,0.0001998567990795085,0.00048426608890152857,0.0008251647920238375,0.00031114643385390093,0.003146406553987459,0.001793088851493865,8.517858438561237e-5,0.0013868249497342596,0.0004327021076267284,0.0007603462102582729,0.0006828943095141401,0.006468775074341037,0.0003091850209916893,0.0007168837990261739,0.0009093809313637767,0.00276517592614205,0.0019950179734819513,0.011653248524189056,-0.00024775555835596574,0.0014242320965576357,0.00210665335828659,-0.0005764509328023858,0.0010925354096763449,-0.0005130246847925058,0.0016092612595343487,0.0024786448937878245,0.0015917421351427652,0.0009088945700641792,0.00046472978119145944,-0.0004018494858972317,0.0008938211293634779,-0.0014428767578058247,0.0008041495628249456,-0.0006763570255076131,0.00013438306816050336,0.0017363529967866127,0.0001628606364037072,-0.00024775555835596574,0.013314349718157953,-0.00018125495988208923,0.0004308831692958331,0.0016533071564891722,0.00016129019172649993,0.0028124551461691447,-0.0012933670036443389,0.0013884299084475989,0.0006852598000414295,0.0008730269483488244,0.00047270614166300336,0.0012758099607487491,-6.272305975827124e-6,0.0014294340481063067,0.0011627146984481956,0.0009322731953427645,0.0009545435567837744,0.0033417748665450246,0.002391001379348891,0.0014242320965576357,-0.00018125495988208923,0.007958754586881146,0.0012531243621184919,3.0420481647260836e-5,0.0008013800415384141,0.001421389987306165,0.002748907530408468,-0.0007083592262417225,0.0001388595227609688,-0.00036040906071289555,0.0003643152617586942,2.26997989501602e-5,0.00030014676934362445,-0.00034152469494441945,4.811400419469142e-5,0.0013695076220342824,0.0017760153984979158,-0.002591813691899352,0.0001998567990795085,0.00210665335828659,0.0004308831692958331,0.0012531243621184919,0.01489389837251684,-0.0006575060335061572,0.0007486406463424987,-0.0012353326681887068,0.003808297226889861,0.0010993107682961344,0.0004906524914639367,-0.0001088149292417777,0.0008161697554709181,-8.179652337454379e-5,7.795922666963028e-5,-0.0007156507353683689,0.00047156938692967246,-0.0006454172531140273,-0.00011237047173321541,-0.00016351951738935,0.00048426608890152857,-0.0005764509328023858,0.0016533071564891722,3.0420481647260836e-5,-0.0006575060335061572,0.00617802582257503,-0.00017073422858983195,0.0008279507427339341,0.0007538542971489964,0.0006595516450223005,0.0006150602208633524,0.0003909233580076043,5.352608814703922e-5,0.00025229364663323215,0.00027067211091283085,0.0005267608007251003,0.00013135635621365868,0.0011356940339801243,0.0001687359662124468,0.0004016855313070019,0.0008251647920238375,0.0010925354096763449,0.00016129019172649993,0.0008013800415384141,0.0007486406463424987,-0.00017073422858983195,0.0016580596152191388,0.0010011096613098255,0.0012529439407013084,-0.0005899917274380811,-0.000959854105635142,0.0005216840219889884,0.001069199153979118,0.00030555184899362783,0.0011647435871285292,0.00025429660984803643,0.0002676085419835638,0.0015535392125533003,0.0015337258490796058,0.001641247101692304,0.00031114643385390093,-0.0005130246847925058,0.0028124551461691447,0.001421389987306165,-0.0012353326681887068,0.0008279507427339341,0.0010011096613098255,0.014715384216019105,0.00284854007121981,-0.0007088100445756835,0.0005175015970786596,0.0010858537819804631,0.0008875290537206702,0.001528582188491045,0.0006599428785603206,-0.00013149288427585044,0.0007477580109014285,0.0021843059384648016,0.002260168565777434,0.002976366665722309,0.003146406553987459,0.0016092612595343487,-0.0012933670036443389,0.002748907530408468,0.003808297226889861,0.0007538542971489964,0.0012529439407013084,0.00284854007121981,0.02664850117316922
