0.052166128609214595,0.0013073472139752454,-0.0050975745217487975,0.0021303909655632715,-0.01735865897181075,0.013962496482867265,0.0006783106370689647,-0.0004444749610054507,-0.0010222551553964402,0.004987663911882743,0.007151090974743021,-0.0052848969082892475,0.003308360623378206,0.009788793142739801,0.0036455917029587174,0.006294915327391682,0.0042947921407607845,0.004874547933830599,0.004119302807781092,0.015926277275688874,0.0013073472139752454,0.0025060027353411337,-0.0018807661470546335,-0.0009962208415370997,-0.005585167457640245,0.004682665346179808,0.0007537513905551271,0.0001551194669035161,0.0006655270627397647,0.0005694359679756351,-0.002334851043186277,0.0008121807439852196,0.0013828713300782641,0.004095949730959723,0.004520670782812596,0.000436563757349459,0.0038365354106850167,0.0004454190003832229,0.0006330598046483727,0.0022449252989303675,-0.0050975745217487975,-0.0018807661470546335,0.03501990725938145,0.0012890564201325431,0.009542440214309469,-0.01013127483467348,-4.567026373142406e-5,0.002105384040047606,0.007564988078808082,0.0015919489030345275,0.01780493554171867,-0.0003615115843266895,-0.0038795648187239934,-0.003729356830143975,-0.01469324415796542,-0.004053914501033936,-0.004661596321996078,-0.005443299424206755,0.0028357072727973743,0.0031854460204357397,0.0021303909655632715,-0.0009962208415370997,0.0012890564201325431,0.010057388324409873,0.007551349638915493,-0.0029630005320305966,-0.00052042001059435,-0.00018206110815022623,-0.00323516918506542,4.723517517702037e-5,0.00893932996651786,0.0005286294055547256,0.000473602806850494,0.0019213975214722786,0.0024163720654578284,0.0013344246171857665,-0.0018639675310309345,0.003510036704448623,-5.0888788555545885e-5,-0.004792396292397472,-0.01735865897181075,-0.005585167457640245,0.009542440214309469,0.007551349638915493,0.05526950703453465,-0.020388949893484207,-0.0005778240795925023,-0.00031914210667613333,0.0004948050995340792,-0.004863965206695202,0.02132594460020399,0.011067934902874834,-0.0017254695535596106,-0.014374864891618648,-0.0035437102397223516,-0.004965796818536295,-0.014741230460451858,0.001204973302619432,-0.003054339776935798,-0.017115492974906173,0.013962496482867265,0.004682665346179808,-0.01013127483467348,-0.0029630005320305966,-0.020388949893484207,0.03479767653437371,0.00281523996671986,6.285896488683842e-5,0.0046239424608470045,0.003875120199826323,-0.008194122819790008,0.0010507357066926344,0.004003684589363317,0.014224448735077128,0.010671819840222294,0.003228975640241801,0.010843821790837638,0.003387576281808899,0.0014228566950481329,0.015512169651491853,0.0006783106370689647,0.0007537513905551271,-4.567026373142406e-5,-0.00052042001059435,-0.0005778240795925023,0.00281523996671986,0.004936447902793858,0.0010977359326725306,0.0023761360583833425,-0.0008603113752992889,0.005186414627382552,0.0013311036673795953,0.0008549673896367193,-0.0011014551250569358,-0.0022199215741659445,-0.0006871740146265428,-0.002486131634615833,-0.0032317517536188554,0.00022958048206194194,-0.0002757957072568672,-0.0004444749610054507,0.0001551194669035161,0.002105384040047606,-0.00018206110815022623,-0.00031914210667613333,6.285896488683842e-5,0.0010977359326725306,0.0015139168719655541,0.0016104749612532994,-0.00047422117961650536,0.002380436566292025,-4.0831767023001445e-5,-0.00022518197753103097,-0.0017225368879321113,-0.0016617847286051301,-0.000564830594445553,-0.0017253932979730106,-0.0014105307950729382,9.658974598977305e-5,0.00047768891483499594,-0.0010222551553964402,0.0006655270627397647,0.007564988078808082,-0.00323516918506542,0.0004948050995340792,0.0046239424608470045,0.0023761360583833425,0.0016104749612532994,0.025678148143104148,-0.0010711862857004117,0.004674833466756042,0.0024772160338684237,-0.0005384434565740329,0.0030983354176756695,-0.004470501135140946,-0.0028055693673400706,-0.0008302948727435251,-0.0045617152031401835,-0.0002596460865256724,0.001481642341907705,0.004987663911882743,0.0005694359679756351,0.0015919489030345275,4.723517517702037e-5,-0.004863965206695202,0.003875120199826323,-0.0008603113752992889,-0.00047422117961650536,-0.0010711862857004117,0.006709025498786783,-0.0027818298826274056,-0.0040637690271420855,0.00041505055254559297,0.0057250135776470154,-0.0015289620558186674,0.0023910283920269117,0.008215966066677755,0.0034492336690085342,0.002979011860105244,0.009360140881885786,0.007151090974743021,-0.002334851043186277,0.01780493554171867,0.00893932996651786,0.02132594460020399,-0.008194122819790008,0.005186414627382552,0.002380436566292025,0.004674833466756042,-0.0027818298826274056,0.05881853244873821,0.0058683070144705685,-0.001828940724330563,-0.007916563682163974,-0.006427706947645918,-0.0031443789822034867,-0.02066128316054281,-0.003735132780249565,0.0007199396064486623,-0.008176640615775263,-0.0052848969082892475,0.0008121807439852196,-0.0003615115843266895,0.0005286294055547256,0.011067934902874834,0.0010507357066926344,0.0013311036673795953,-4.0831767023001445e-5,0.0024772160338684237,-0.0040637690271420855,0.0058683070144705685,0.01952527221666872,0.0028799337294658526,-0.002171721724549503,0.01283175959469895,-0.0022053088446090524,-0.002065591692555075,0.003964221522811284,-0.003448354298712512,-0.00572314903926842,0.003308360623378206,0.0013828713300782641,-0.0038795648187239934,0.000473602806850494,-0.0017254695535596106,0.004003684589363317,0.0008549673896367193,-0.00022518197753103097,-0.0005384434565740329,0.00041505055254559297,-0.001828940724330563,0.0028799337294658526,0.004032703574665166,0.003329066476309255,0.006316536215873409,0.0007138040588506225,0.0033558575787176106,0.0017355077687076712,6.020282884706156e-5,0.0009808121015651527,0.009788793142739801,0.004095949730959723,-0.003729356830143975,0.0019213975214722786,-0.014374864891618648,0.014224448735077128,-0.0011014551250569358,-0.0017225368879321113,0.0030983354176756695,0.0057250135776470154,-0.007916563682163974,-0.002171721724549503,0.003329066476309255,0.04276706013338642,0.01445390544696744,0.006063184744164389,0.022057757050982486,0.009692726547201897,0.002317876553468199,0.014621719684029165,0.0036455917029587174,0.004520670782812596,-0.01469324415796542,0.0024163720654578284,-0.0035437102397223516,0.010671819840222294,-0.0022199215741659445,-0.0016617847286051301,-0.004470501135140946,-0.0015289620558186674,-0.006427706947645918,0.01283175959469895,0.006316536215873409,0.01445390544696744,0.04603134852360294,0.002963043841994369,0.011488669940136647,0.015074528885260209,-0.0020483816741015586,-0.002404155794920687,0.006294915327391682,0.000436563757349459,-0.004053914501033936,0.0013344246171857665,-0.004965796818536295,0.003228975640241801,-0.0006871740146265428,-0.000564830594445553,-0.0028055693673400706,0.0023910283920269117,-0.0031443789822034867,-0.0022053088446090524,0.0007138040588506225,0.006063184744164389,0.002963043841994369,0.003847842099230336,0.006591392375522544,0.0050503716150666535,0.0010863954165448823,0.005688446948951929,0.0042947921407607845,0.0038365354106850167,-0.004661596321996078,-0.0018639675310309345,-0.014741230460451858,0.010843821790837638,-0.002486131634615833,-0.0017253932979730106,-0.0008302948727435251,0.008215966066677755,-0.02066128316054281,-0.002065591692555075,0.0033558575787176106,0.022057757050982486,0.011488669940136647,0.006591392375522544,0.034714578088896775,0.012809702624578746,0.0030713743403264523,0.017856860161027673,0.004874547933830599,0.0004454190003832229,-0.005443299424206755,0.003510036704448623,0.001204973302619432,0.003387576281808899,-0.0032317517536188554,-0.0014105307950729382,-0.0045617152031401835,0.0034492336690085342,-0.003735132780249565,0.003964221522811284,0.0017355077687076712,0.009692726547201897,0.015074528885260209,0.0050503716150666535,0.012809702624578746,0.026670229535792227,0.0002515155485319269,0.01052741970453109,0.004119302807781092,0.0006330598046483727,0.0028357072727973743,-5.0888788555545885e-5,-0.003054339776935798,0.0014228566950481329,0.00022958048206194194,9.658974598977305e-5,-0.0002596460865256724,0.002979011860105244,0.0007199396064486623,-0.003448354298712512,6.020282884706156e-5,0.002317876553468199,-0.0020483816741015586,0.0010863954165448823,0.0030713743403264523,0.0002515155485319269,0.0064011759171072715,0.005922956782715391,0.015926277275688874,0.0022449252989303675,0.0031854460204357397,-0.004792396292397472,-0.017115492974906173,0.015512169651491853,-0.0002757957072568672,0.00047768891483499594,0.001481642341907705,0.009360140881885786,-0.008176640615775263,-0.00572314903926842,0.0009808121015651527,0.014621719684029165,-0.002404155794920687,0.005688446948951929,0.017856860161027673,0.01052741970453109,0.005922956782715391,0.05114070849165579
0.08179072479564312,0.008955272503935756,0.0315104041800371,0.019312130222890488,0.036054114750520914,0.020855513300909304,0.020992173838843463,0.0025048877199053774,0.019565208085121754,0.01721373745192146,-0.001958550836502453,0.009265887966479109,0.004620547724541407,0.011344940865148184,0.0349971982149129,0.010247028639799823,0.015403171394037154,0.03361113039458594,0.014233923828959324,0.007989930134061731,0.008955272503935756,0.0037732115392342495,0.008204978984861548,0.004020613960755513,0.010183472189936218,0.005485080019783869,0.005092532535246202,0.0007109737489491609,0.007173028615572449,0.003277536550258254,-0.0023548673921176197,0.0020015260601893526,0.0015545541389825953,0.0005058076882414422,0.00708341795533886,0.0035149578006536605,0.0009126811969376457,0.008543681779911065,0.0026339885875447076,0.002484080121973231,0.0315104041800371,0.008204978984861548,0.04878868282452303,0.010737752604165837,0.025134432191838127,0.007718476156215912,0.01793420072574722,0.001900714463244373,0.023505480707960817,0.010031094511935198,-0.010388233380643007,0.01151996917038865,0.0018812791717077765,0.008579001010274161,0.02504583569551378,0.011999265267798034,-0.006173818246095614,0.015577496287522499,0.011124233218387554,0.0035675972271854628,0.019312130222890488,0.004020613960755513,0.010737752604165837,0.014721924370292912,0.013502350651983366,0.009544283105580977,0.0070522473229009935,0.0013711629537432506,0.015622802389133704,0.006519060483829357,-0.0024768776289073756,0.0029131203534551215,0.0037498246307411786,0.001759079109915536,0.017766107248437153,0.0036653223998918804,0.0051203152943416,0.014572672760795132,0.005047433628039592,0.006456827723837644,0.036054114750520914,0.010183472189936218,0.025134432191838127,0.013502350651983366,0.0614574037145769,0.02487844918414519,0.01584547502013839,0.002568582461661713,0.01888667130328041,0.012213477430042282,-0.0062650056191103105,0.0019327581636222465,0.007988897956938764,0.005384505898545777,0.020750685882130505,0.012267733252763155,0.0069627802752164295,0.03341500711305079,0.00735497076743027,0.0011373807688036842,0.020855513300909304,0.005485080019783869,0.007718476156215912,0.009544283105580977,0.02487844918414519,0.04175179790649214,0.0065583403701669415,0.0015765417315965402,0.007018521842489589,0.0049727012118994125,0.005256217373835909,-0.002542848441876234,0.0073976621533362805,0.0013031299306931945,0.014905426537084664,0.003161417559666161,0.017194174624411956,0.028673710288477348,0.00279054896948794,0.010076017027553513,0.020992173838843463,0.005092532535246202,0.01793420072574722,0.0070522473229009935,0.01584547502013839,0.0065583403701669415,0.012971146561031335,0.0005788243602431785,0.012963668754879596,0.007298655807430535,-0.007950571068328192,0.005854571849011405,-5.772975096848343e-5,0.003647838493555054,0.014695230208511162,0.00606989862709266,0.0014586866404486464,0.012059397461784695,0.005575725730593312,0.0016220353087974164,0.0025048877199053774,0.0007109737489491609,0.001900714463244373,0.0013711629537432506,0.002568582461661713,0.0015765417315965402,0.0005788243602431785,0.00194735850335579,0.004203612472224581,0.0009524545844057755,0.002659254732196482,0.0018290460381859364,0.0011293092517948807,0.0009761702689618267,0.0016620782143616187,0.0011375246887822994,0.0005003212026362114,0.003768902216171756,0.0009845476456107633,0.001492982092812132,0.019565208085121754,0.007173028615572449,0.023505480707960817,0.015622802389133704,0.01888667130328041,0.007018521842489589,0.012963668754879596,0.004203612472224581,0.05187919831418105,0.010761315879912817,-0.00021737016790054025,0.012093294123671872,0.005054601034392388,-0.000770591019401131,0.02531778133107034,0.01063511564498815,-0.002058826671576015,0.018771158700745874,0.009254988989948061,0.007684098032996918,0.01721373745192146,0.003277536550258254,0.010031094511935198,0.006519060483829357,0.012213477430042282,0.0049727012118994125,0.007298655807430535,0.0009524545844057755,0.010761315879912817,0.009298905226911538,-0.0027639065574025954,0.004188556251459724,0.0014118205075354623,0.002913508968576307,0.012133202431023352,0.004363639896580888,0.002071150740130355,0.011954929584498956,0.005176570448156644,-0.0003698489636510061,-0.001958550836502453,-0.0023548673921176197,-0.010388233380643007,-0.0024768776289073756,-0.0062650056191103105,0.005256217373835909,-0.007950571068328192,0.002659254732196482,-0.00021737016790054025,-0.0027639065574025954,0.05094419349629321,-0.005353854590874981,0.006356850521341024,0.0005986613916202906,0.004877813554216932,-0.0037603398175135166,0.0074526545298308315,0.003333938452752966,0.0009130318075608241,0.016245818395251594,0.009265887966479109,0.0020015260601893526,0.01151996917038865,0.0029131203534551215,0.0019327581636222465,-0.002542848441876234,0.005854571849011405,0.0018290460381859364,0.012093294123671872,0.004188556251459724,-0.005353854590874981,0.01693796508897137,-0.0019121489295805354,0.00383846228075662,0.005389474081495663,0.0036934435794440464,-0.00023584313662949405,0.0011688774004197733,0.004142160044626921,-0.0023298549657499437,0.004620547724541407,0.0015545541389825953,0.0018812791717077765,0.0037498246307411786,0.007988897956938764,0.0073976621533362805,-5.772975096848343e-5,0.0011293092517948807,0.005054601034392388,0.0014118205075354623,0.006356850521341024,-0.0019121489295805354,0.006688015939135229,0.0010245078722526252,0.00719950924075863,0.0013341334157854763,0.001681095287610844,0.0075445924138776,0.0018285614812675068,0.00641308404902713,0.011344940865148184,0.0005058076882414422,0.008579001010274161,0.001759079109915536,0.005384505898545777,0.0013031299306931945,0.003647838493555054,0.0009761702689618267,-0.000770591019401131,0.002913508968576307,0.0005986613916202906,0.00383846228075662,0.0010245078722526252,0.029459880444072096,0.006291954366881929,0.000897503256685602,-0.001581554079556967,-0.00021854134215948742,0.005513499146465284,0.002561323585911189,0.0349971982149129,0.00708341795533886,0.02504583569551378,0.017766107248437153,0.020750685882130505,0.014905426537084664,0.014695230208511162,0.0016620782143616187,0.02531778133107034,0.012133202431023352,0.004877813554216932,0.005389474081495663,0.00719950924075863,0.006291954366881929,0.045026079111038654,0.006126694318222836,0.004426767800877147,0.022712437916875,0.011499675126080404,0.016093360881288148,0.010247028639799823,0.0035149578006536605,0.011999265267798034,0.0036653223998918804,0.012267733252763155,0.003161417559666161,0.00606989862709266,0.0011375246887822994,0.01063511564498815,0.004363639896580888,-0.0037603398175135166,0.0036934435794440464,0.0013341334157854763,0.000897503256685602,0.006126694318222836,0.006302608928074776,-0.0011974000523316674,0.007679002951563587,0.0032220683075285003,-0.0013321054090112432,0.015403171394037154,0.0009126811969376457,-0.006173818246095614,0.0051203152943416,0.0069627802752164295,0.017194174624411956,0.0014586866404486464,0.0005003212026362114,-0.002058826671576015,0.002071150740130355,0.0074526545298308315,-0.00023584313662949405,0.001681095287610844,-0.001581554079556967,0.004426767800877147,-0.0011974000523316674,0.02662447693878075,0.015058626221966161,-0.0005393443342462303,0.007071480269060348,0.03361113039458594,0.008543681779911065,0.015577496287522499,0.014572672760795132,0.03341500711305079,0.028673710288477348,0.012059397461784695,0.003768902216171756,0.018771158700745874,0.011954929584498956,0.003333938452752966,0.0011688774004197733,0.0075445924138776,-0.00021854134215948742,0.022712437916875,0.007679002951563587,0.015058626221966161,0.050571283741392144,0.007086191895371713,0.006409880134897838,0.014233923828959324,0.0026339885875447076,0.011124233218387554,0.005047433628039592,0.00735497076743027,0.00279054896948794,0.005575725730593312,0.0009845476456107633,0.009254988989948061,0.005176570448156644,0.0009130318075608241,0.004142160044626921,0.0018285614812675068,0.005513499146465284,0.011499675126080404,0.0032220683075285003,-0.0005393443342462303,0.007086191895371713,0.008815931572334847,0.0026366720420720672,0.007989930134061731,0.002484080121973231,0.0035675972271854628,0.006456827723837644,0.0011373807688036842,0.010076017027553513,0.0016220353087974164,0.001492982092812132,0.007684098032996918,-0.0003698489636510061,0.016245818395251594,-0.0023298549657499437,0.00641308404902713,0.002561323585911189,0.016093360881288148,-0.0013321054090112432,0.007071480269060348,0.006409880134897838,0.0026366720420720672,0.044158033915117995
0.0457938592405447,0.0036519248066557387,0.003805022344833187,0.0023880697521759587,0.0170788987046949,0.007464228324311685,0.00577767287529002,-0.0008812553312404722,0.012360778332942579,0.0021959267475355594,0.020836696394808504,0.010880369239039317,0.005382699322353249,-0.006276028395545202,-0.004198326833947209,-0.0015609442317295907,0.006154556464293775,0.004042886923290474,0.004109605791043436,-0.0051315716112580005,0.0036519248066557387,0.0019318315371201688,0.00037458671108647106,0.00026535960486077795,0.004115381414434526,0.0021777492551745886,0.0012870736591961127,-0.0011599683547705792,0.003107000032070815,0.0008906344814483575,0.0037261534999924128,0.0021909810111699194,0.001091639225687276,-0.000539822867270699,-0.002684492818049321,7.313626521662239e-5,-0.0004617795277857685,-0.00012434171340327735,0.0010521236891928606,-0.00019580514482967816,0.003805022344833187,0.00037458671108647106,0.019406640839758446,-0.0011981160103300664,0.005149414198013064,0.0037764200149652993,0.002924016415988771,-0.002069042779703859,0.0038926154395894598,0.0003230260159193021,0.00821733563360173,0.0005655766819633989,0.003074579574710446,-0.0003019031248359921,-0.005118385231919434,0.0010394553070926836,-0.0048353401637503055,0.0030317022411492037,0.0029250711884050585,0.004264528951424427,0.0023880697521759587,0.00026535960486077795,-0.0011981160103300664,0.009179356758961218,-0.0012034282748954704,0.00011955575957430789,0.001376919457772725,-0.0002587495936087485,0.005280303167316933,-0.0007260305412730275,0.0014480684589258008,-0.000649733625210698,0.0015758649301762487,-0.001811888513780544,0.00027449714133683716,-0.00017525324293325532,0.003239753874044517,0.0007270846070767314,0.002363952174860037,-0.0005558731716112089,0.0170788987046949,0.004115381414434526,0.005149414198013064,-0.0012034282748954704,0.051074620139751656,0.012172068390978709,0.006271743911585522,-0.0034839664280918027,0.024066153060331066,0.003726270199326807,0.01870485800708653,0.011419773708958886,0.00977394899639384,-0.00994891294324588,-0.013423094196952153,-0.0027926967749898135,0.006268462779888122,0.006480882880319918,0.008210785252210797,0.004789654143858204,0.007464228324311685,0.0021777492551745886,0.0037764200149652993,0.00011955575957430789,0.012172068390978709,0.03422314026796647,0.007490837973128526,0.0015383291991036482,0.012207490586298298,0.00568091459229329,0.011394279840926433,0.006675029930222991,0.006388259147703751,0.0029844262604072783,-0.006031926847595451,0.0020458530672562893,0.00010480257189549556,0.008745281413703048,0.003419064507413779,0.0022056193081080805,0.00577767287529002,0.0012870736591961127,0.002924016415988771,0.001376919457772725,0.006271743911585522,0.007490837973128526,0.008078444687046202,-0.0020562337602679837,0.006393396908384054,0.0024926442866091813,0.007751494293090149,0.0058496531951785485,0.004180284567505063,-0.0018555712129653145,-0.004485101649994336,0.0008495962762992042,0.0002781859896903204,0.005315431854862642,0.0034065923544066012,0.0025181011718101607,-0.0008812553312404722,-0.0011599683547705792,-0.002069042779703859,-0.0002587495936087485,-0.0034839664280918027,0.0015383291991036482,-0.0020562337602679837,0.00371586586157202,-0.002961546032119345,-0.0004123585705125015,-0.003226289422845165,-0.002533854094297002,-0.0014090260297304849,0.001647524617191354,0.005313313577036693,1.118227789868874e-5,0.002278707517760486,0.00014024032086423985,-0.0017435423591740532,-0.0006011940982818557,0.012360778332942579,0.003107000032070815,0.0038926154395894598,0.005280303167316933,0.024066153060331066,0.012207490586298298,0.006393396908384054,-0.002961546032119345,0.04358800187409493,0.00324058226945616,0.01056975039732966,0.005125513878683763,0.011153721234863266,-0.011801476554727804,-0.016288693879943018,-0.004439361295756701,0.01057864784024663,0.013930938839356923,0.008778211887382894,-0.011749294098438126,0.0021959267475355594,0.0008906344814483575,0.0003230260159193021,-0.0007260305412730275,0.003726270199326807,0.00568091459229329,0.0024926442866091813,-0.0004123585705125015,0.00324058226945616,0.005025461767551921,0.004464054008862233,0.0029478732226694195,0.0016159478367143403,0.0016075362441022164,-0.005062831229063081,0.0004226358119344567,9.980571356356393e-5,0.0029062390373473554,0.000877626017339738,-0.0007918500966251949,0.020836696394808504,0.0037261534999924128,0.00821733563360173,0.0014480684589258008,0.01870485800708653,0.011394279840926433,0.007751494293090149,-0.003226289422845165,0.01056975039732966,0.004464054008862233,0.04848535827558588,0.017310903179073772,0.006448702685680155,-0.0014298012488937438,-0.009974146813046612,0.0028844232549870602,-0.002139579020834569,0.003951946377632874,0.005147069246948233,0.010502284268954968,0.010880369239039317,0.0021909810111699194,0.0005655766819633989,-0.000649733625210698,0.011419773708958886,0.006675029930222991,0.0058496531951785485,-0.002533854094297002,0.005125513878683763,0.0029478732226694195,0.017310903179073772,0.018913700717419178,0.004794641225120787,0.0008622776438904322,-0.006853167054661427,0.0017292136888309346,-0.003664217464368307,0.0021808314586312678,0.00201316857703232,0.005146421590604151,0.005382699322353249,0.001091639225687276,0.003074579574710446,0.0015758649301762487,0.00977394899639384,0.006388259147703751,0.004180284567505063,-0.0014090260297304849,0.011153721234863266,0.0016159478367143403,0.006448702685680155,0.004794641225120787,0.007464198179420518,-0.004837918141967831,-0.005302930810938745,-0.0012286355444175,0.0029085485500062822,0.006103620803527461,0.0027531623776718304,-0.002971640318026673,-0.006276028395545202,-0.000539822867270699,-0.0003019031248359921,-0.001811888513780544,-0.00994891294324588,0.0029844262604072783,-0.0018555712129653145,0.001647524617191354,-0.011801476554727804,0.0016075362441022164,-0.0014298012488937438,0.0008622776438904322,-0.004837918141967831,0.030100764415934157,0.0022949402263420906,0.0042153467248978085,-0.010758785325053238,-0.0067736115924043406,-0.0018702355906994282,0.008925349197234558,-0.004198326833947209,-0.002684492818049321,-0.005118385231919434,0.00027449714133683716,-0.013423094196952153,-0.006031926847595451,-0.004485101649994336,0.005313313577036693,-0.016288693879943018,-0.005062831229063081,-0.009974146813046612,-0.006853167054661427,-0.005302930810938745,0.0022949402263420906,0.02871975290529311,0.0010908224699666587,0.005044365375544319,-0.005913605803511865,-0.006052370618700721,0.003010018923585567,-0.0015609442317295907,7.313626521662239e-5,0.0010394553070926836,-0.00017525324293325532,-0.0027926967749898135,0.0020458530672562893,0.0008495962762992042,1.118227789868874e-5,-0.004439361295756701,0.0004226358119344567,0.0028844232549870602,0.0017292136888309346,-0.0012286355444175,0.0042153467248978085,0.0010908224699666587,0.003605558796226772,-0.004510018005065555,-0.001755110163895733,0.0007597849525889531,0.006830096063754714,0.006154556464293775,-0.0004617795277857685,-0.0048353401637503055,0.003239753874044517,0.006268462779888122,0.00010480257189549556,0.0002781859896903204,0.002278707517760486,0.01057864784024663,9.980571356356393e-5,-0.002139579020834569,-0.003664217464368307,0.0029085485500062822,-0.010758785325053238,0.005044365375544319,-0.004510018005065555,0.02520711693792049,0.007808053660110306,-0.0006996640324085587,-0.010481158374134027,0.004042886923290474,-0.00012434171340327735,0.0030317022411492037,0.0007270846070767314,0.006480882880319918,0.008745281413703048,0.005315431854862642,0.00014024032086423985,0.013930938839356923,0.0029062390373473554,0.003951946377632874,0.0021808314586312678,0.006103620803527461,-0.0067736115924043406,-0.005913605803511865,-0.001755110163895733,0.007808053660110306,0.02705673142468231,0.00420555344401667,-0.005771077371272468,0.004109605791043436,0.0010521236891928606,0.0029250711884050585,0.002363952174860037,0.008210785252210797,0.003419064507413779,0.0034065923544066012,-0.0017435423591740532,0.008778211887382894,0.000877626017339738,0.005147069246948233,0.00201316857703232,0.0027531623776718304,-0.0018702355906994282,-0.006052370618700721,0.0007597849525889531,-0.0006996640324085587,0.00420555344401667,0.008773483989684621,0.0018628022222719528,-0.0051315716112580005,-0.00019580514482967816,0.004264528951424427,-0.0005558731716112089,0.004789654143858204,0.0022056193081080805,0.0025181011718101607,-0.0006011940982818557,-0.011749294098438126,-0.0007918500966251949,0.010502284268954968,0.005146421590604151,-0.002971640318026673,0.008925349197234558,0.003010018923585567,0.006830096063754714,-0.010481158374134027,-0.005771077371272468,0.0018628022222719528,0.04442164855503629
