0.014651699411140133,0.0013716838763386742,0.0017570201037434038,0.0027113501379854785,0.004170822026114461,0.001958526022536434,-0.002060189598624471,-0.00032732847088633583,0.0005371308713662346,0.009521512740650382,0.0010736788215625756,0.00046242898501557797,0.0003358310040020053,0.0028069503869982823,0.00905464307569475,0.00856590505337078,0.002986862261386566,0.002660870184794057,-9.355874983620704e-5,0.005847364318483053,0.0013716838763386742,0.009233498726019248,0.00042952426209672435,0.0002757908982671344,-0.0006042387749749447,0.001756149393378308,0.0003382579954714051,0.0010341328030087132,0.001904726159956574,-0.0009816317872722584,-0.0011844424449207098,0.000583945340654564,-0.0001912166075703468,0.003819031956084267,-0.0016266579499238886,-0.0009758428265861326,-0.0031496822511213724,7.457753145293666e-5,0.00011444587922233122,-0.00039661501215293584,0.0017570201037434038,0.00042952426209672435,0.007523035465125627,0.0001976125128662395,0.005601010224343831,2.1944754095514743e-6,-0.0012444808917697909,-0.0003943600956711547,0.0014746367574201274,0.008171756224911349,0.001616877826044403,-0.00046830513548620236,0.00010523617200018588,-0.0016803618066336772,0.00591713534355306,0.0015748087433846546,0.0019755100723174218,-0.000205458331625688,0.0003789534349058104,0.0006851411779809203,0.0027113501379854785,0.0002757908982671344,0.0001976125128662395,0.010238447631369612,-0.0015086854341003933,-0.0005010457655755874,0.0027215046122605847,0.00024377782704132554,-0.00010472237836141503,-6.039084400016751e-5,0.006692902953196933,-0.0012650543187530333,-0.001866389919495857,7.801094817756651e-5,0.0006085128541157303,0.00398163785845314,0.0050969014060724275,0.00391005110586842,0.00022388010513575327,0.007913251157119851,0.004170822026114461,-0.0006042387749749447,0.005601010224343831,-0.0015086854341003933,0.016656479514759896,0.0024248543555656066,-0.0025146025660709413,-0.002771484116015202,0.002314610852049416,0.013427955273479033,0.0028719695164966218,0.0027198817361766886,0.0013885622243324795,-0.0006242185435777942,0.009094750374087298,0.004012689908544113,0.0023517031604029497,0.00040292560660783677,0.0006661589165295519,0.0025512071695993196,0.001958526022536434,0.001756149393378308,2.1944754095514743e-6,-0.0005010457655755874,0.0024248543555656066,0.005515077256441269,-0.0012872143672036352,-1.323707525029867e-6,-5.340911036484952e-5,0.0004007317414188551,-0.0016252375676248736,0.001946060497921935,0.0009267847544246401,0.003988036522896501,-0.0002296981304363081,0.004387776264129131,-0.0007021107007626338,0.0010710765203234295,-0.00014340987042451984,0.0026741367405498416,-0.002060189598624471,0.0003382579954714051,-0.0012444808917697909,0.0027215046122605847,-0.0025146025660709413,-0.0012872143672036352,0.007780504037552132,0.001802383473290607,-0.00026833150529194643,-0.004276147700025698,0.0027521037781417434,-0.0011942582417516188,-0.00023423337849664346,8.659310522263277e-5,-0.003157901751629104,-0.0015609574889327872,0.0010467400248844075,0.0017414234893644936,-0.00015631402176290613,0.0012025660274042982,-0.00032732847088633583,0.0010341328030087132,-0.0003943600956711547,0.00024377782704132554,-0.002771484116015202,-1.323707525029867e-6,0.001802383473290607,0.004290215306470481,-0.0008200327930545806,-0.0037271002039585242,-0.00015826374393934585,-0.0006036998830856876,-6.92893425448271e-5,0.0018040892491821086,-0.0019824048771527516,0.00010768602676641668,-0.000503243566187535,0.0006885966317734182,-0.00010399034328011168,0.0006394946558641861,0.0005371308713662346,0.001904726159956574,0.0014746367574201274,-0.00010472237836141503,0.002314610852049416,-5.340911036484952e-5,-0.00026833150529194643,-0.0008200327930545806,0.0053975292710644746,0.0034545249060183077,0.0002833959594435409,-0.0007202664449654521,0.0008966282680795962,-0.0017775685568474277,0.0007709476878788934,-0.004154731751513333,0.000746046980763226,-0.0009590779091857113,0.0004703193393946411,-0.002057229006395089,0.009521512740650382,-0.0009816317872722584,0.008171756224911349,-6.039084400016751e-5,0.013427955273479033,0.0004007317414188551,-0.004276147700025698,-0.0037271002039585242,0.0034545249060183077,0.035996111643015784,0.006172971511468159,0.0001833448060585861,0.0006631920774193718,-0.003875365262257133,0.0206979318615772,0.008254406333473935,0.004819919311758946,0.0034034835800562007,-0.0008930508897525675,0.0034919577357493754,0.0010736788215625756,-0.0011844424449207098,0.001616877826044403,0.006692902953196933,0.0028719695164966218,-0.0016252375676248736,0.0027521037781417434,-0.00015826374393934585,0.0002833959594435409,0.006172971511468159,0.02277367180032675,-8.921610987975529e-5,-0.0024831856005108634,-0.0021961842703844786,0.004657365554980063,0.00037458884512703164,0.0038884998617697676,0.004310881631670793,0.0006466931314711686,0.007181717387541094,0.00046242898501557797,0.000583945340654564,-0.00046830513548620236,-0.0012650543187530333,0.0027198817361766886,0.001946060497921935,-0.0011942582417516188,-0.0006036998830856876,-0.0007202664449654521,0.0001833448060585861,-8.921610987975529e-5,0.007737742559817763,0.0007276885232607641,0.003699783502395855,-0.00021715368634877175,0.0063486442685911386,-0.0012110982745635814,0.0003974074050162806,-0.00034399013144783294,-0.0003144067172415278,0.0003358310040020053,-0.0001912166075703468,0.00010523617200018588,-0.001866389919495857,0.0013885622243324795,0.0009267847544246401,-0.00023423337849664346,-6.92893425448271e-5,0.0008966282680795962,0.0006631920774193718,-0.0024831856005108634,0.0007276885232607641,0.004300926113773798,0.0002781539375120094,0.0003539722654995055,0.0008449312093512839,-0.00041694156829661364,-0.0008547962678351259,1.9831608285048186e-5,-0.0026872368508940973,0.0028069503869982823,0.003819031956084267,-0.0016803618066336772,7.801094817756651e-5,-0.0006242185435777942,0.003988036522896501,8.659310522263277e-5,0.0018040892491821086,-0.0017775685568474277,-0.003875365262257133,-0.0021961842703844786,0.003699783502395855,0.0002781539375120094,0.013577089649170683,-0.0019049532234786631,0.0059366110829586404,-0.0034178806403678684,0.0008845675746435005,6.521057733867565e-5,0.0024590416393178343,0.00905464307569475,-0.0016266579499238886,0.00591713534355306,0.0006085128541157303,0.009094750374087298,-0.0002296981304363081,-0.003157901751629104,-0.0019824048771527516,0.0007709476878788934,0.0206979318615772,0.004657365554980063,-0.00021715368634877175,0.0003539722654995055,-0.0019049532234786631,0.025718739278271792,0.006478051426615049,0.0029919953516130025,0.0012943253458534453,-0.0005173211159961101,0.004503518420927783,0.00856590505337078,-0.0009758428265861326,0.0015748087433846546,0.00398163785845314,0.004012689908544113,0.004387776264129131,-0.0015609574889327872,0.00010768602676641668,-0.004154731751513333,0.008254406333473935,0.00037458884512703164,0.0063486442685911386,0.0008449312093512839,0.0059366110829586404,0.006478051426615049,0.03362878596641164,0.004989343458849409,0.004854142572558175,-0.0011907156871912173,0.010956667203804992,0.002986862261386566,-0.0031496822511213724,0.0019755100723174218,0.0050969014060724275,0.0023517031604029497,-0.0007021107007626338,0.0010467400248844075,-0.000503243566187535,0.000746046980763226,0.004819919311758946,0.0038884998617697676,-0.0012110982745635814,-0.00041694156829661364,-0.0034178806403678684,0.0029919953516130025,0.004989343458849409,0.013666747531372956,0.0027717149439252407,0.0004832404749826332,0.006238843558999481,0.002660870184794057,7.457753145293666e-5,-0.000205458331625688,0.00391005110586842,0.00040292560660783677,0.0010710765203234295,0.0017414234893644936,0.0006885966317734182,-0.0009590779091857113,0.0034034835800562007,0.004310881631670793,0.0003974074050162806,-0.0008547962678351259,0.0008845675746435005,0.0012943253458534453,0.004854142572558175,0.0027717149439252407,0.013530507802567168,-0.0013385029920877783,0.007360454875269338,-9.355874983620704e-5,0.00011444587922233122,0.0003789534349058104,0.00022388010513575327,0.0006661589165295519,-0.00014340987042451984,-0.00015631402176290613,-0.00010399034328011168,0.0004703193393946411,-0.0008930508897525675,0.0006466931314711686,-0.00034399013144783294,1.9831608285048186e-5,6.521057733867565e-5,-0.0005173211159961101,-0.0011907156871912173,0.0004832404749826332,-0.0013385029920877783,0.0020833780918393463,-0.00023711600111199542,0.005847364318483053,-0.00039661501215293584,0.0006851411779809203,0.007913251157119851,0.0025512071695993196,0.0026741367405498416,0.0012025660274042982,0.0006394946558641861,-0.002057229006395089,0.0034919577357493754,0.007181717387541094,-0.0003144067172415278,-0.0026872368508940973,0.0024590416393178343,0.004503518420927783,0.010956667203804992,0.006238843558999481,0.007360454875269338,-0.00023711600111199542,0.022813741390931175
0.01293589130636199,0.0030735296443056784,0.0022881595399296853,0.003089922169001997,0.003311937996707158,0.002216813950167218,0.0034717731177754526,0.0006423120325168174,0.0017945390485428238,0.002706612380649393,0.004510433208022594,-0.0006525515642680911,0.002184690907432975,0.000748914363502497,0.0030123035005661554,0.004133891275067584,2.778820003967856e-5,0.002784378294067678,0.0025863100237855084,0.002451127102800443,0.0030735296443056784,0.011153714519468463,0.0021710430960768523,0.0046537075696007225,0.0006847937289556786,0.0022754568882908882,0.0022360030000346974,0.0003156691575099987,0.0008742508037607281,0.0013293113889409054,0.0029744101182778405,8.188968235718606e-5,0.0014110361158392462,0.00186161483328824,0.0023404098159403473,0.0016858989104362495,0.0015883054024585243,0.003574798126585689,0.002420709508564861,0.0029208713034635514,0.0022881595399296853,0.0021710430960768523,0.004737890305251036,0.0012174372273464555,0.0008264144587160666,0.00048011472008701786,-4.354061749404614e-5,0.00036039373837906067,0.000870058012231331,0.001224133137627938,0.0028028923779712363,0.001015538326590358,0.0012585123548642056,0.0010692412975261965,0.0024143397400769174,0.0009473153083016516,4.3555687335679934e-6,0.0007746023930796364,0.0009942366037241444,0.0015584813292269903,0.003089922169001997,0.0046537075696007225,0.0012174372273464555,0.009015964957906783,0.0024361469857416716,0.002217554286656944,0.0038628892811578613,0.000877413010259772,0.001010712319173223,0.0015341391219681126,0.001547192671635965,-0.001688226620640343,0.0007367755105020535,0.002920765153613494,0.002435397990037562,0.002966772253179864,0.0026635776837541456,0.0041105215415406056,0.0030184504801327723,0.0014594458258279513,0.003311937996707158,0.0006847937289556786,0.0008264144587160666,0.0024361469857416716,0.01362773270518258,-0.00034560117206693385,-0.0008315509414481479,0.003703853365039554,0.0014284540268875668,0.0033364684117094343,0.0029594513988698895,-0.0010680612382794655,0.0014463509737092956,0.002736493464779059,0.00804852531479856,0.005507772414300418,0.0014982133215180376,0.006645991587214499,0.00218022167477231,0.0003142874974080756,0.002216813950167218,0.0022754568882908882,0.00048011472008701786,0.002217554286656944,-0.00034560117206693385,0.005906583706821977,0.0038180175443370276,0.00029563019766750645,0.0013981282397869147,5.0846703541795684e-5,0.0014399581347546682,0.0002899934357034689,-0.00015131840823811373,7.584945021853163e-5,-0.0005813213088729429,0.0004004124686471657,0.0007079225356539424,0.0028253706523384756,0.0017069255985541645,0.0009107896971862491,0.0034717731177754526,0.0022360030000346974,-4.354061749404614e-5,0.0038628892811578613,-0.0008315509414481479,0.0038180175443370276,0.01480085513293135,0.0004452012308845278,0.00258201726768579,0.0016544103515155732,-0.002329282148437066,-0.002497519115624215,0.0005401877788074527,0.003927013153148383,-0.00230707355890066,-0.0012048226716779476,-0.00012801384524957623,0.003286573978811398,0.0021383137914508625,0.002380475788777462,0.0006423120325168174,0.0003156691575099987,0.00036039373837906067,0.000877413010259772,0.003703853365039554,0.00029563019766750645,0.0004452012308845278,0.004308410186232026,0.0002258082103364694,0.000528788188449628,-0.000968941350466756,-0.00046631060805475244,-9.256152421555878e-5,0.0011201288194759667,0.004411602485566058,0.0017654757711549696,-0.000314453060290527,0.0026214881158820843,0.0007625752665814723,0.001028997541657304,0.0017945390485428238,0.0008742508037607281,0.000870058012231331,0.001010712319173223,0.0014284540268875668,0.0013981282397869147,0.00258201726768579,0.0002258082103364694,0.004828156152837285,0.002135184918006415,0.0026809964715590385,0.0008473823404863479,0.0022128393574884107,0.003151597194630212,-0.0006766377232354919,0.0014819428938087863,0.0008067527935715698,0.001762996600797921,0.0016849215596571139,2.923607983194767e-5,0.002706612380649393,0.0013293113889409054,0.001224133137627938,0.0015341391219681126,0.0033364684117094343,5.0846703541795684e-5,0.0016544103515155732,0.000528788188449628,0.002135184918006415,0.013556263745720259,0.003839723930046252,0.0015913881453718357,0.0027586924616617593,0.003337571218485341,-0.0004445428497140856,0.0025447602415662436,0.001737034325388962,0.0005929276223716727,0.0009298363991201616,0.0008800893966167531,0.004510433208022594,0.0029744101182778405,0.0028028923779712363,0.001547192671635965,0.0029594513988698895,0.0014399581347546682,-0.002329282148437066,-0.000968941350466756,0.0026809964715590385,0.003839723930046252,0.01827225591352042,0.0011699582050459835,0.003149018155070857,-0.0004370487826457982,0.0029358807286941446,0.004497560541954429,0.0011470581084188376,0.0029912131072158594,0.002409201720280623,-8.743202909124571e-5,-0.0006525515642680911,8.188968235718606e-5,0.001015538326590358,-0.001688226620640343,-0.0010680612382794655,0.0002899934357034689,-0.002497519115624215,-0.00046631060805475244,0.0008473823404863479,0.0015913881453718357,0.0011699582050459835,0.006717654614471617,0.0010442413373562124,-0.00027406329701509455,-0.00036805302004883815,-0.0017042845278475078,0.0005331003236233418,-0.0017697035523576781,-0.000353158948635072,-0.00029765665593026755,0.002184690907432975,0.0014110361158392462,0.0012585123548642056,0.0007367755105020535,0.0014463509737092956,-0.00015131840823811373,0.0005401877788074527,-9.256152421555878e-5,0.0022128393574884107,0.0027586924616617593,0.003149018155070857,0.0010442413373562124,0.004990732923039988,0.002127311226022195,0.00027125832879572396,0.0002470055351267962,0.00031377535894375934,0.0001380540574894032,0.0011977320505369145,0.0018311930829605968,0.000748914363502497,0.00186161483328824,0.0010692412975261965,0.002920765153613494,0.002736493464779059,7.584945021853163e-5,0.003927013153148383,0.0011201288194759667,0.003151597194630212,0.003337571218485341,-0.0004370487826457982,-0.00027406329701509455,0.002127311226022195,0.013971276019524699,-0.0016126252877927513,0.00268946006361061,0.002745304551441918,0.001465942075621258,0.0017824571744183666,2.9549304201360036e-5,0.0030123035005661554,0.0023404098159403473,0.0024143397400769174,0.002435397990037562,0.00804852531479856,-0.0005813213088729429,-0.00230707355890066,0.004411602485566058,-0.0006766377232354919,-0.0004445428497140856,0.0029358807286941446,-0.00036805302004883815,0.00027125832879572396,-0.0016126252877927513,0.028662035637522343,0.011024090999711059,0.0004063202754588566,0.011312556004587117,0.004605496670132934,0.0016432844012554417,0.004133891275067584,0.0016858989104362495,0.0009473153083016516,0.002966772253179864,0.005507772414300418,0.0004004124686471657,-0.0012048226716779476,0.0017654757711549696,0.0014819428938087863,0.0025447602415662436,0.004497560541954429,-0.0017042845278475078,0.0002470055351267962,0.00268946006361061,0.011024090999711059,0.02399899642920171,0.003871082053031322,0.009614053768018258,0.004085875894874469,-0.0019206667188358469,2.778820003967856e-5,0.0015883054024585243,4.3555687335679934e-6,0.0026635776837541456,0.0014982133215180376,0.0007079225356539424,-0.00012801384524957623,-0.000314453060290527,0.0008067527935715698,0.001737034325388962,0.0011470581084188376,0.0005331003236233418,0.00031377535894375934,0.002745304551441918,0.0004063202754588566,0.003871082053031322,0.008811428753404973,0.0014133852233563862,0.0012165526744923355,-0.001373534514682224,0.002784378294067678,0.003574798126585689,0.0007746023930796364,0.0041105215415406056,0.006645991587214499,0.0028253706523384756,0.003286573978811398,0.0026214881158820843,0.001762996600797921,0.0005929276223716727,0.0029912131072158594,-0.0017697035523576781,0.0001380540574894032,0.001465942075621258,0.011312556004587117,0.009614053768018258,0.0014133852233563862,0.019608605442284554,0.005179380999250604,-0.0025149717979548016,0.0025863100237855084,0.002420709508564861,0.0009942366037241444,0.0030184504801327723,0.00218022167477231,0.0017069255985541645,0.0021383137914508625,0.0007625752665814723,0.0016849215596571139,0.0009298363991201616,0.002409201720280623,-0.000353158948635072,0.0011977320505369145,0.0017824571744183666,0.004605496670132934,0.004085875894874469,0.0012165526744923355,0.005179380999250604,0.00412500107388909,0.0009553988998021426,0.002451127102800443,0.0029208713034635514,0.0015584813292269903,0.0014594458258279513,0.0003142874974080756,0.0009107896971862491,0.002380475788777462,0.001028997541657304,2.923607983194767e-5,0.0008800893966167531,-8.743202909124571e-5,-0.00029765665593026755,0.0018311930829605968,2.9549304201360036e-5,0.0016432844012554417,-0.0019206667188358469,-0.001373534514682224,-0.0025149717979548016,0.0009553988998021426,0.014478397372576248
