0.009385264980576825,0.0009058534681990288,0.0018304710764153118,0.0017077215778686045,-0.00012634497814276808,0.008201836810535261,0.009076265258483032,0.0013782223818462917,0.000623687039256053,-0.0012888574524132148,0.0008335887863699484,-0.000545006078846564,0.0008163343171444642,0.00033782595766273366,0.008260571322954064,0.0015833116301384113,0.0006324434884062815,0.00046872397951295316,-0.004598961616655793,-0.0026413398552766463,0.0009058534681990288,0.006047759713204661,0.0012734418764580055,0.00106558420497917,0.0027268824825797964,-0.0006489173319339046,0.0074646874405269684,0.0016912593622992102,9.725297226215353e-5,0.0015180605123210852,-0.00040714145840591953,-0.0013794337777330657,-0.0019301450553615347,0.0032415004336545433,-0.0005543609930594908,0.00025259318018062244,0.0018154051585281552,-0.00010352477669818051,0.002330639064268294,0.003353498318082796,0.0018304710764153118,0.0012734418764580055,0.003322243285755846,0.001155799012763456,0.0005324734754005116,0.0006077470197641687,0.006035918597418128,0.0026738379545067506,-0.00016126099605592013,0.0007009132106933653,0.00020797312402467082,-0.0018414151951673657,3.343971706642286e-5,0.001107422088343736,0.00457790995528955,0.0013519639292654323,0.0007062359556042707,0.00017618008535591153,-0.00036535583231824844,0.0018884349186991806,0.0017077215778686045,0.00106558420497917,0.001155799012763456,0.003351484076804058,0.00018159988107763257,0.002121240510785525,0.0031815717527054537,0.003933354713846624,-0.0013261162487999511,0.0010772193907727084,0.0009510323682845405,-0.0027746277619876882,-0.0003719422416028197,0.0011009484959854615,0.006123728744478899,0.0027895414415690847,0.0014269674815791838,-0.00047202921217775323,-0.0005028018462602008,0.00031926191100062297,-0.00012634497814276808,0.0027268824825797964,0.0005324734754005116,0.00018159988107763257,0.011112468336425988,-0.003737639755467523,0.00971876705488586,0.0010879724227611709,0.0004508144027646707,0.002599949715886657,-0.0024200069413324934,0.0008801621626478144,-0.0013414627993521308,0.005523321121689092,-0.0010396008062030565,0.0006447806699693619,0.0014173635836221645,0.001462264199720193,0.0047530064264373105,0.0030820277731666715,0.008201836810535261,-0.0006489173319339046,0.0006077470197641687,0.002121240510785525,-0.003737639755467523,0.03444512179362608,0.004094606502155528,-0.0015903208574816825,0.003536171430025427,-0.0031253208200077197,0.005563595267969468,0.002103816419632226,0.007866047918349642,-0.0018956267359552768,0.017261618917195114,0.007312706551530719,0.0016512509188039179,-0.0011258454109345506,-0.01127799391597241,-0.003586199935679171,0.009076265258483032,0.0074646874405269684,0.006035918597418128,0.0031815717527054537,0.00971876705488586,0.004094606502155528,0.05262673347881662,0.010852957955730073,-0.00046280881025061085,0.003131679621908063,-0.0011982814312320373,-0.0010640258311875486,-0.002986675094382957,0.007282322467352756,0.0220906518093046,0.004726152511574244,0.005032225328506088,0.001336874857933127,0.0012208396043885234,0.005680590110183801,0.0013782223818462917,0.0016912593622992102,0.0026738379545067506,0.003933354713846624,0.0010879724227611709,-0.0015903208574816825,0.010852957955730073,0.03281199847192276,-0.0017306119772877433,0.007074902354936317,0.00358783920873429,-0.00417673342614135,-0.00016249383992662276,0.0025901028663924395,0.018547431340640158,0.005134349770013778,0.0032871521452078616,-0.0006332090060315021,0.002896464508852995,0.009183772606621194,0.000623687039256053,9.725297226215353e-5,-0.00016126099605592013,-0.0013261162487999511,0.0004508144027646707,0.003536171430025427,-0.00046280881025061085,-0.0017306119772877433,0.014764158827339334,0.0003216646192749587,0.0014372321031103628,0.005999361562966998,0.0026574442961270974,-0.000789421591259576,0.0011349628172695391,-0.0014690863625068536,-0.00034576717352414863,0.001162700140889589,-0.0002554994683026383,0.007057762196983835,-0.0012888574524132148,0.0015180605123210852,0.0007009132106933653,0.0010772193907727084,0.002599949715886657,-0.0031253208200077197,0.003131679621908063,0.007074902354936317,0.0003216646192749587,0.00636865303196172,0.0006891179790387683,-0.0013005650576532446,0.0009868014613980353,0.0016521658025354822,0.004643752805236283,0.0010037197267281548,0.0016388073449165614,0.0004086245318433385,0.0042824155135824295,0.003712493801652738,0.0008335887863699484,-0.00040714145840591953,0.00020797312402467082,0.0009510323682845405,-0.0024200069413324934,0.005563595267969468,-0.0011982814312320373,0.00358783920873429,0.0014372321031103628,0.0006891179790387683,0.006750600906220426,-1.5499740661835664e-5,0.0033129258381324567,-0.00231865504479614,0.0073226060057380565,0.0019473597120020349,0.0008215353378989835,-0.0011932946045658198,-0.0018608729337927254,0.003920670199985791,-0.000545006078846564,-0.0013794337777330657,-0.0018414151951673657,-0.0027746277619876882,0.0008801621626478144,0.002103816419632226,-0.0010640258311875486,-0.00417673342614135,0.005999361562966998,-0.0013005650576532446,-1.5499740661835664e-5,0.02403881692033881,0.003989779584548783,-0.0011669668887198433,-0.006285700415720852,-0.002941118116696889,-0.0006213534147124229,0.0014556860829497659,0.0005953803238206854,-0.003420697686164132,0.0008163343171444642,-0.0019301450553615347,3.343971706642286e-5,-0.0003719422416028197,-0.0013414627993521308,0.007866047918349642,-0.002986675094382957,-0.00016249383992662276,0.0026574442961270974,0.0009868014613980353,0.0033129258381324567,0.003989779584548783,0.012092722276217698,-0.0015398996587247663,0.008042923242594119,0.0025810274996772987,4.3846497223692504e-5,0.0002814261725112895,-0.003189246016355976,0.0012604897465841247,0.00033782595766273366,0.0032415004336545433,0.001107422088343736,0.0011009484959854615,0.005523321121689092,-0.0018956267359552768,0.007282322467352756,0.0025901028663924395,-0.000789421591259576,0.0016521658025354822,-0.00231865504479614,-0.0011669668887198433,-0.0015398996587247663,0.007331974003523697,0.00023961532050380523,0.0013898297060678064,0.0012858099700279112,0.0007809557381114942,0.002492053613899658,0.001990543926633849,0.008260571322954064,-0.0005543609930594908,0.00457790995528955,0.006123728744478899,-0.0010396008062030565,0.017261618917195114,0.0220906518093046,0.018547431340640158,0.0011349628172695391,0.004643752805236283,0.0073226060057380565,-0.006285700415720852,0.008042923242594119,0.00023961532050380523,0.07739474151914041,0.01643514263301713,0.0051470014365035035,-2.9885035537434543e-6,-0.010736108633483416,0.00488387906486445,0.0015833116301384113,0.00025259318018062244,0.0013519639292654323,0.0027895414415690847,0.0006447806699693619,0.007312706551530719,0.004726152511574244,0.005134349770013778,-0.0014690863625068536,0.0010037197267281548,0.0019473597120020349,-0.002941118116696889,0.0025810274996772987,0.0013898297060678064,0.01643514263301713,0.010214208774558324,0.0016822820998834234,7.288661325874997e-5,-0.0032645684489215586,-0.0005789527714573158,0.0006324434884062815,0.0018154051585281552,0.0007062359556042707,0.0014269674815791838,0.0014173635836221645,0.0016512509188039179,0.005032225328506088,0.0032871521452078616,-0.00034576717352414863,0.0016388073449165614,0.0008215353378989835,-0.0006213534147124229,4.3846497223692504e-5,0.0012858099700279112,0.0051470014365035035,0.0016822820998834234,0.0026379596784165665,-0.0003278792735842106,0.001079974877556389,0.0009179871948174899,0.00046872397951295316,-0.00010352477669818051,0.00017618008535591153,-0.00047202921217775323,0.001462264199720193,-0.0011258454109345506,0.001336874857933127,-0.0006332090060315021,0.001162700140889589,0.0004086245318433385,-0.0011932946045658198,0.0014556860829497659,0.0002814261725112895,0.0007809557381114942,-2.9885035537434543e-6,7.288661325874997e-5,-0.0003278792735842106,0.0031381874698232764,0.00037447486087416966,-0.0005484400312285051,-0.004598961616655793,0.002330639064268294,-0.00036535583231824844,-0.0005028018462602008,0.0047530064264373105,-0.01127799391597241,0.0012208396043885234,0.002896464508852995,-0.0002554994683026383,0.0042824155135824295,-0.0018608729337927254,0.0005953803238206854,-0.003189246016355976,0.002492053613899658,-0.010736108633483416,-0.0032645684489215586,0.001079974877556389,0.00037447486087416966,0.011406570620332328,0.0063471329851937895,-0.0026413398552766463,0.003353498318082796,0.0018884349186991806,0.00031926191100062297,0.0030820277731666715,-0.003586199935679171,0.005680590110183801,0.009183772606621194,0.007057762196983835,0.003712493801652738,0.003920670199985791,-0.003420697686164132,0.0012604897465841247,0.001990543926633849,0.00488387906486445,-0.0005789527714573158,0.0009179871948174899,-0.0005484400312285051,0.0063471329851937895,0.0404558220368463
0.006671226319790343,0.001492400653298252,0.00032656876034083387,-0.0002447120149852928,0.0013553828440763765,0.0028710436947404208,-0.0020959916031433184,0.0047920923682566174,0.0015356473613222419,0.0014694625143561587,-0.0002449687590996672,0.0027225988667011264,0.0003528172935181751,0.00129014343152918,0.0012572535488720481,0.0011883357673735037,0.0012703866279786184,0.0007272364346510556,0.0012573695693752509,0.0070124686739705755,0.001492400653298252,0.005688098033464681,-0.0009400529643004098,0.00048195119475839213,0.0008154116239688583,-0.00036333944794806206,-0.004933306425829762,0.0014543986587477191,0.0027709447571144076,0.0010527596935484568,0.0010410928374099504,-0.0006479493870137229,-0.0012609514742599685,0.0003530004221529828,0.0021762322978443917,0.000947629035136709,0.00024071084712721385,9.420786054598273e-5,0.0007329915195102845,0.00521204089617457,0.00032656876034083387,-0.0009400529643004098,0.005428545989157853,0.0007912539608325004,-0.001042968396716776,0.0012550143989172849,0.010545967729050306,-0.0028572041061874533,0.0035380929373933006,0.0010630299325800707,0.0015487795576550442,0.00391734986867597,-0.00011108683404785263,0.0005407303447563559,-0.002500401075019491,-0.00064719928924975,0.0004548543566200984,-0.0007909537813888193,0.0007451376842458051,-0.0037761408255314803,-0.0002447120149852928,0.00048195119475839213,0.0007912539608325004,0.0029954032472363354,-0.0002947316284120075,0.00038612558109708724,0.0036189650721310572,-0.00155295497850987,0.0027199032831127486,0.0007189336773131066,0.0002847926621130257,0.0024379767282038086,-0.0004891246119913268,0.00023624457249194075,-0.0022727130490678544,-0.0008199309356876456,-4.083683799861691e-5,-0.0010354934489648477,0.00087243619670467,-0.001718168034606307,0.0013553828440763765,0.0008154116239688583,-0.001042968396716776,-0.0002947316284120075,0.006328532244112919,-0.0035386048228476597,-0.00476277951037018,0.00494576419000043,-0.00045589338387564787,8.58054501409363e-5,-0.0015280893619294125,-0.00037399397983043053,0.0026724243662445005,-0.0007244283116808021,0.0043830132583421375,0.001225398863218795,0.0014597786531739495,0.0004337336248723887,-0.0002850230479072816,0.0063972194131013335,0.0028710436947404208,-0.00036333944794806206,0.0012550143989172849,0.00038612558109708724,-0.0035386048228476597,0.03201102734729352,0.0015361458920257363,0.0004500091143433147,-2.912529219980674e-5,0.0030772436818372988,0.0035418584957919164,-0.0025504484302204537,-0.005348103352861425,0.001153998060147287,0.003717221930612427,0.0026153646970545814,0.0007653774262427706,0.0015609200838247435,0.002556623414682354,0.006362468975227718,-0.0020959916031433184,-0.004933306425829762,0.010545967729050306,0.0036189650721310572,-0.00476277951037018,0.0015361458920257363,0.05157665466596372,-0.012692561479703397,0.00825552162311762,0.002340582137545495,0.0006566857869749968,0.0125378204765021,0.0003566000558353835,0.0021316776321278997,-0.013507765412266674,-0.0007844364500310932,0.0005720981003882391,-0.002186590759024123,0.0019261906639591933,-0.017525882025898817,0.0047920923682566174,0.0014543986587477191,-0.0028572041061874533,-0.00155295497850987,0.00494576419000043,0.0004500091143433147,-0.012692561479703397,0.036462443697659636,-0.009464694931655035,-0.0001254604746072608,-0.0036007891270609695,0.004250942253737289,0.005004750555135348,0.0007995640795192011,0.003915674563598138,0.007050847150092531,0.0018283741824673184,0.00668517504978771,0.00030033564338730035,0.014068421789072106,0.0015356473613222419,0.0027709447571144076,0.0035380929373933006,0.0027199032831127486,-0.00045589338387564787,-2.912529219980674e-5,0.00825552162311762,-0.009464694931655035,0.019674263866492958,0.0019231226291894325,0.0009890954722356492,0.002529290332710518,-0.003030390692499489,0.002001931887388673,0.0008852370523663906,-0.0014666214322979615,0.0007273613453828133,-0.004258905908626808,0.001238038353802901,-0.003157442753667999,0.0014694625143561587,0.0010527596935484568,0.0010630299325800707,0.0007189336773131066,8.58054501409363e-5,0.0030772436818372988,0.002340582137545495,-0.0001254604746072608,0.0019231226291894325,0.0037438098334115983,0.0012244928021795587,0.0005764696513666821,0.0005839496094409656,0.00034837719082671253,0.0009433101223624552,0.0007746506809993091,0.0003109868594454348,0.0002520560360390902,0.0005892226947171334,0.0036330533020612005,-0.0002449687590996672,0.0010410928374099504,0.0015487795576550442,0.0002847926621130257,-0.0015280893619294125,0.0035418584957919164,0.0006566857869749968,-0.0036007891270609695,0.0009890954722356492,0.0012244928021795587,0.007337496546084691,-0.00358537869348066,-0.00014549740483225644,-0.0008324972619176215,0.0010595773876213464,-0.0007108927007649316,-0.0009254950427948341,0.00010374727384933907,0.0013994608544215957,-0.0005640284817245536,0.0027225988667011264,-0.0006479493870137229,0.00391734986867597,0.0024379767282038086,-0.00037399397983043053,-0.0025504484302204537,0.0125378204765021,0.004250942253737289,0.002529290332710518,0.0005764696513666821,-0.00358537869348066,0.02270655628379077,-0.00042584516965885337,0.0012452419448897854,-0.006400268485634137,0.00013875412742010403,0.0008452625387224901,0.0004285345876975629,0.0008470325072496949,-0.0010503326800919617,0.0003528172935181751,-0.0012609514742599685,-0.00011108683404785263,-0.0004891246119913268,0.0026724243662445005,-0.005348103352861425,0.0003566000558353835,0.005004750555135348,-0.003030390692499489,0.0005839496094409656,-0.00014549740483225644,-0.00042584516965885337,0.011477645880730816,0.00010258206938825858,0.0028633755060931826,0.0022799741501328685,0.0005886626569536705,0.0020208932222287035,-0.0007937106610054362,0.0042079697128118996,0.00129014343152918,0.0003530004221529828,0.0005407303447563559,0.00023624457249194075,-0.0007244283116808021,0.001153998060147287,0.0021316776321278997,0.0007995640795192011,0.002001931887388673,0.00034837719082671253,-0.0008324972619176215,0.0012452419448897854,0.00010258206938825858,0.0045752411812938765,0.00013024326228143663,0.0014724890125553023,1.0654757147724532e-5,8.076935522504346e-5,0.00038356608938967714,0.0014175252459583529,0.0012572535488720481,0.0021762322978443917,-0.002500401075019491,-0.0022727130490678544,0.0043830132583421375,0.003717221930612427,-0.013507765412266674,0.003915674563598138,0.0008852370523663906,0.0009433101223624552,0.0010595773876213464,-0.006400268485634137,0.0028633755060931826,0.00013024326228143663,0.04388855956184642,0.006745732651579113,0.0030809097619461387,0.0025106250278415926,0.0006651453524862217,0.0107333976249216,0.0011883357673735037,0.000947629035136709,-0.00064719928924975,-0.0008199309356876456,0.001225398863218795,0.0026153646970545814,-0.0007844364500310932,0.007050847150092531,-0.0014666214322979615,0.0007746506809993091,-0.0007108927007649316,0.00013875412742010403,0.0022799741501328685,0.0014724890125553023,0.006745732651579113,0.009585291104654926,0.0012076705811867661,0.0033875367548746715,0.001681856008531516,0.0018345625003962336,0.0012703866279786184,0.00024071084712721385,0.0004548543566200984,-4.083683799861691e-5,0.0014597786531739495,0.0007653774262427706,0.0005720981003882391,0.0018283741824673184,0.0007273613453828133,0.0003109868594454348,-0.0009254950427948341,0.0008452625387224901,0.0005886626569536705,1.0654757147724532e-5,0.0030809097619461387,0.0012076705811867661,0.0024317411393843472,0.000195673973377718,0.0002434335832436466,0.004202666261545702,0.0007272364346510556,9.420786054598273e-5,-0.0007909537813888193,-0.0010354934489648477,0.0004337336248723887,0.0015609200838247435,-0.002186590759024123,0.00668517504978771,-0.004258905908626808,0.0002520560360390902,0.00010374727384933907,0.0004285345876975629,0.0020208932222287035,8.076935522504346e-5,0.0025106250278415926,0.0033875367548746715,0.000195673973377718,0.004238911191839234,0.000453438640532063,0.002674754572441814,0.0012573695693752509,0.0007329915195102845,0.0007451376842458051,0.00087243619670467,-0.0002850230479072816,0.002556623414682354,0.0019261906639591933,0.00030033564338730035,0.001238038353802901,0.0005892226947171334,0.0013994608544215957,0.0008470325072496949,-0.0007937106610054362,0.00038356608938967714,0.0006651453524862217,0.001681856008531516,0.0002434335832436466,0.000453438640532063,0.004756889932827202,-0.0012946057488171642,0.0070124686739705755,0.00521204089617457,-0.0037761408255314803,-0.001718168034606307,0.0063972194131013335,0.006362468975227718,-0.017525882025898817,0.014068421789072106,-0.003157442753667999,0.0036330533020612005,-0.0005640284817245536,-0.0010503326800919617,0.0042079697128118996,0.0014175252459583529,0.0107333976249216,0.0018345625003962336,0.004202666261545702,0.002674754572441814,-0.0012946057488171642,0.06681885009612143
0.006757667189229498,-0.0018381342359377038,0.0005752744708886416,0.0016910584683407434,-0.0027665702653899412,0.009432091619866223,0.0005658487645968874,0.0011678273566062872,-0.0013339105669536323,7.307712287065238e-5,-0.0005839124705192249,-0.0022599734166695376,0.0030704392190576335,0.0048279439468958294,0.005792075115554881,-0.00023840125555436048,0.0012890404903706473,0.0014153578532673555,0.005266645608845926,0.009376262312314303,-0.0018381342359377038,0.007810631131903337,0.00045331544654992283,-0.001176969681812702,0.0029672019423832197,-0.004573131424867321,0.0018991782537353152,-0.0016372029152544345,0.002467644830596577,-0.001604735586313561,-0.00014754470862747207,0.002260871886758642,-0.0002904650932390039,-0.004964289773197638,-0.002555959312825417,0.002777056955606715,-0.0028109197324523534,-0.0032395649182735734,-0.0029575656536046393,-0.015093138613302243,0.0005752744708886416,0.00045331544654992283,0.005490478889970179,-8.754535233759541e-5,0.0010447602862899714,0.0030752102304459263,-0.007992681145113908,8.720928979176956e-5,-0.0044221226164821775,0.0007548720208754725,-0.0004330658389099192,0.002030043959994325,0.0004239205451255282,0.00028345758674976724,-0.001771019243203424,0.0010735528297223474,-4.76188707514998e-6,-0.001092654201036942,0.0026739781354370223,0.0015652481165582554,0.0016910584683407434,-0.001176969681812702,-8.754535233759541e-5,0.003340439866267532,-0.0005081490873573509,0.00157221820280688,0.000523113559035273,-0.0005608147788357704,0.0013611653517007672,0.0005465300240606903,-0.0008216830907936846,0.0004081846183657437,0.00020316943439108702,0.0026814813046042757,0.0035253922582120754,-0.0006330350447495811,0.0010744463611156011,0.002611157526373728,0.001503873290089205,0.0036012267126725945,-0.0027665702653899412,0.0029672019423832197,0.0010447602862899714,-0.0005081490873573509,0.007712115741884933,-0.00729543124044751,-0.0005281061627906589,-0.0009768882341162743,0.006325843530264709,0.0006223768326962847,1.189327555289493e-5,0.0031081797117233642,-0.00324469056645607,-0.0039621022726741995,-0.000354898879488249,0.0015558379437121544,-0.0012583215805888938,-0.0011386159971908901,-0.002599498397007503,-0.008385254047186687,0.009432091619866223,-0.004573131424867321,0.0030752102304459263,0.00157221820280688,-0.00729543124044751,0.04587753568229439,-0.003572177813507781,0.004091007690758627,-0.011600615110034636,0.00012296329896305488,-0.004390032293797943,-0.0030114934983452592,0.011950608667873383,0.01113052625514069,0.007522701135809889,-0.0016444340432717713,0.0026619323932116352,-0.0014486446939320293,0.013140384218678419,0.022281503782648017,0.0005658487645968874,0.0018991782537353152,-0.007992681145113908,0.000523113559035273,-0.0005281061627906589,-0.003572177813507781,0.05160445841470838,0.008304471141898199,0.019436844686787417,-0.0015279429869045368,-0.0010581705166771475,0.002494607131328329,0.001558923445686587,0.00390970752067559,0.018322533774488232,-0.002134809752602415,-0.0013697827470199905,0.0008134031194970998,-0.002993445954367085,-0.002466622664780615,0.0011678273566062872,-0.0016372029152544345,8.720928979176956e-5,-0.0005608147788357704,-0.0009768882341162743,0.004091007690758627,0.008304471141898199,0.029634328587059812,-0.0013350256845169254,-0.0003965185682962318,-6.701534631440057e-5,0.004908334889655479,0.003129483386690189,0.004382020198495545,0.0004444866558922416,-0.0007678931171774073,-0.00026834986206049154,-0.0013772697975690798,0.001398559275470488,0.002337135271386359,-0.0013339105669536323,0.002467644830596577,-0.0044221226164821775,0.0013611653517007672,0.006325843530264709,-0.011600615110034636,0.019436844686787417,-0.0013350256845169254,0.03706534043386971,-0.0006024791835169004,8.503165386809103e-5,0.005607608691026208,-0.004923502796132658,-0.003152976564227338,0.010372914795894967,0.001791133841059452,0.00038020470745092714,0.0017625902543292307,-0.0042779252957821975,-0.012983919177280584,7.307712287065238e-5,-0.001604735586313561,0.0007548720208754725,0.0005465300240606903,0.0006223768326962847,0.00012296329896305488,-0.0015279429869045368,-0.0003965185682962318,-0.0006024791835169004,0.0036520928356604445,9.131760098518525e-5,0.00020470576901584288,-0.0002831883331506478,0.0011359199822571719,0.0047396893735563855,-0.0012423980232331702,0.001183362865022739,0.0015023162090002178,0.0011541393556083954,0.004276489462222929,-0.0005839124705192249,-0.00014754470862747207,-0.0004330658389099192,-0.0008216830907936846,1.189327555289493e-5,-0.004390032293797943,-0.0010581705166771475,-6.701534631440057e-5,8.503165386809103e-5,9.131760098518525e-5,0.0068849709781093815,0.0031521040654722858,-0.00016766616465991127,6.417997739897928e-5,-0.0011748789725859112,0.00031308386484416907,0.000584517166694674,0.00027988766846089627,-0.0010748003471536408,0.0032102375175071824,-0.0022599734166695376,0.002260871886758642,0.002030043959994325,0.0004081846183657437,0.0031081797117233642,-0.0030114934983452592,0.002494607131328329,0.004908334889655479,0.005607608691026208,0.00020470576901584288,0.0031521040654722858,0.02406103870929569,-0.00037754467160887686,-0.0013406900575902835,0.001722006336132468,0.0038973553739935878,-0.0008452481616166948,-0.0012287788861855122,-0.0018599389460855758,-0.004665482005506069,0.0030704392190576335,-0.0002904650932390039,0.0004239205451255282,0.00020316943439108702,-0.00324469056645607,0.011950608667873383,0.001558923445686587,0.003129483386690189,-0.004923502796132658,-0.0002831883331506478,-0.00016766616465991127,-0.00037754467160887686,0.010800011491358256,0.004419971110507374,0.003052646679893812,-0.0012017272735702108,-0.00015428709206931736,-0.0015757007155065993,0.0033667986900171166,0.0041901426599881535,0.0048279439468958294,-0.004964289773197638,0.00028345758674976724,0.0026814813046042757,-0.0039621022726741995,0.01113052625514069,0.00390970752067559,0.004382020198495545,-0.003152976564227338,0.0011359199822571719,6.417997739897928e-5,-0.0013406900575902835,0.004419971110507374,0.010779474334829259,0.008657364915273035,-0.003485701945471955,0.003064681267646579,0.003474751971296758,0.005605303902403589,0.016783016877379806,0.005792075115554881,-0.002555959312825417,-0.001771019243203424,0.0035253922582120754,-0.000354898879488249,0.007522701135809889,0.018322533774488232,0.0004444866558922416,0.010372914795894967,0.0047396893735563855,-0.0011748789725859112,0.001722006336132468,0.003052646679893812,0.008657364915273035,0.05215584509307444,-0.003136656249331416,0.002194461736819804,0.003017831237445376,0.008725661795708755,0.011037984269516524,-0.00023840125555436048,0.002777056955606715,0.0010735528297223474,-0.0006330350447495811,0.0015558379437121544,-0.0016444340432717713,-0.002134809752602415,-0.0007678931171774073,0.001791133841059452,-0.0012423980232331702,0.00031308386484416907,0.0038973553739935878,-0.0012017272735702108,-0.003485701945471955,-0.003136656249331416,0.006925767456795241,-0.0021408800677085657,-0.0026304304857036136,-0.0009451521282606444,-0.007012392162313814,0.0012890404903706473,-0.0028109197324523534,-4.76188707514998e-6,0.0010744463611156011,-0.0012583215805888938,0.0026619323932116352,-0.0013697827470199905,-0.00026834986206049154,0.00038020470745092714,0.001183362865022739,0.000584517166694674,-0.0008452481616166948,-0.00015428709206931736,0.003064681267646579,0.002194461736819804,-0.0021408800677085657,0.0036516156409157705,0.003260677096303936,0.0013798482960505672,0.009078408284051775,0.0014153578532673555,-0.0032395649182735734,-0.001092654201036942,0.002611157526373728,-0.0011386159971908901,-0.0014486446939320293,0.0008134031194970998,-0.0013772697975690798,0.0017625902543292307,0.0015023162090002178,0.00027988766846089627,-0.0012287788861855122,-0.0015757007155065993,0.003474751971296758,0.003017831237445376,-0.0026304304857036136,0.003260677096303936,0.006748150865367766,0.0001919191872779808,0.007509988544431969,0.005266645608845926,-0.0029575656536046393,0.0026739781354370223,0.001503873290089205,-0.002599498397007503,0.013140384218678419,-0.002993445954367085,0.001398559275470488,-0.0042779252957821975,0.0011541393556083954,-0.0010748003471536408,-0.0018599389460855758,0.0033667986900171166,0.005605303902403589,0.008725661795708755,-0.0009451521282606444,0.0013798482960505672,0.0001919191872779808,0.010181254408674338,0.013349736983354968,0.009376262312314303,-0.015093138613302243,0.0015652481165582554,0.0036012267126725945,-0.008385254047186687,0.022281503782648017,-0.002466622664780615,0.002337135271386359,-0.012983919177280584,0.004276489462222929,0.0032102375175071824,-0.004665482005506069,0.0041901426599881535,0.016783016877379806,0.011037984269516524,-0.007012392162313814,0.009078408284051775,0.007509988544431969,0.013349736983354968,0.07039919095560442
