0.013154978518897381,-0.0006098230137798462,0.0006000170419344125,-0.000262894575079993,0.00012908486328326374,0.0009588535556144034,0.012504807636554587,0.00012887962880765453,0.0018032397980998864,0.0003859577837717029,0.00028056442817984474,0.00011140517010496166,0.0022762294662983414,0.006495301447058432,0.0017358637226132633,0.001367663750793959,-0.0022833978657880957,0.0012598164031616724,-0.0003536700942186658,-0.00010708568505576931,-0.0006098230137798462,0.018226051854957504,0.000175769371960295,-0.00040525573754590655,0.0016870760522721265,0.0020092432437722905,-0.010764022825336023,0.00040520650980634847,0.00202517264734501,-0.0036911036816173787,-0.004252057296230457,0.000429175011810823,-0.002819290939278178,-0.004251234105751848,-0.0012478168324400575,-0.0011181378889837722,-0.002090674354050007,0.0010416110531925133,0.0005535850395842319,0.0024170829953378582,0.0006000170419344125,0.000175769371960295,0.002880749914959845,0.0005105056873997112,-9.643778506005925e-5,3.871787971751646e-5,0.0003199801187274611,0.0005908615590788076,-0.0007714242323597243,0.000800044508669885,-0.0002865067000068436,0.002561305992624809,0.0009958094051598933,0.00015281425309285248,-0.000537970766312997,0.0005936762669405775,0.0012403328126132502,-0.00016564924908746157,0.0035403757245765777,0.0005683790112007645,-0.000262894575079993,-0.00040525573754590655,0.0005105056873997112,0.004997103787546567,0.0005443989693964685,-0.00020746041942343053,0.001258366027280149,0.0010272866986636962,-0.0009097157077304278,0.00031193113765451766,-5.751831570437696e-5,6.72465452636344e-5,0.0008188549137992383,-0.00011340040310834818,-0.0003977130686347672,0.0005900092139342476,0.0013514823336461131,7.505467470151283e-5,0.0015774017470933368,-0.0009262687075765766,0.00012908486328326374,0.0016870760522721265,-9.643778506005925e-5,0.0005443989693964685,0.0025996206549098234,0.0010566354298704248,-0.0008686252213217893,-0.0003077286047340192,0.000440782254840044,-0.001362562460096374,-0.001408237972261082,-0.0007269840966643212,-0.0002931900151357546,-0.0012414226212738547,0.00023408562869996178,0.00044500543771361015,-0.0005239371032255638,0.0004729375406245534,-0.0003664812699373598,0.0017188705418511373,0.0009588535556144034,0.0020092432437722905,3.871787971751646e-5,-0.00020746041942343053,0.0010566354298704248,0.0032638375218481744,-0.0032544954575782553,-0.00047139878252971343,0.00015576387460849777,-0.000836736085099668,-0.0020171422093646614,-9.962332296327062e-6,-2.562034532264487e-5,-0.00034316416990973274,0.0006718170214880562,-0.0005692649781037656,-0.0009334275408667124,0.0005164841989122122,0.00033612295727611683,0.005237003330002082,0.012504807636554587,-0.010764022825336023,0.0003199801187274611,0.001258366027280149,-0.0008686252213217893,-0.0032544954575782553,0.07672919781984137,-0.0018286137477466708,0.0034433575149944323,0.002711455934087763,0.0012310388325370916,0.005918678744513082,0.006760005196303999,0.0204466118489547,0.0012309611764884307,0.008204537507278408,-0.002578377867218655,0.0016908829950983177,-0.0032511270582547477,-0.015953820482958982,0.00012887962880765453,0.00040520650980634847,0.0005908615590788076,0.0010272866986636962,-0.0003077286047340192,-0.00047139878252971343,-0.0018286137477466708,0.0032271533921874266,-0.0006601441209562024,0.0008969728467179447,0.0005075730871675604,0.0009995221961477626,0.0012770697475329232,-0.0006885013285121556,0.0006057040846652583,0.0005179418204180452,0.0006479026770380464,-0.00018417794050471122,0.0023766759876936933,0.0005627224754208339,0.0018032397980998864,0.00202517264734501,-0.0007714242323597243,-0.0009097157077304278,0.000440782254840044,0.00015576387460849777,0.0034433575149944323,-0.0006601441209562024,0.008559194854715282,-0.0026300280109731655,-0.0016129045682100418,-0.0008978934531334868,-0.0009280355859021192,0.003568770410462805,-0.0018056582319518468,0.001937127645332619,5.605423244469537e-5,0.0015568150437206755,8.027151170799437e-5,0.0005976123648899034,0.0003859577837717029,-0.0036911036816173787,0.000800044508669885,0.00031193113765451766,-0.001362562460096374,-0.000836736085099668,0.002711455934087763,0.0008969728467179447,-0.0026300280109731655,0.008885970636369612,0.004482797512381608,0.00024199723375304996,0.002972442907925541,-0.001306638548046485,0.001974700663804437,0.0015776878438290563,0.001014900695670782,-0.0009585495657436567,0.00029200920269166345,-0.0023253865745163096,0.00028056442817984474,-0.004252057296230457,-0.0002865067000068436,-5.751831570437696e-5,-0.001408237972261082,-0.0020171422093646614,0.0012310388325370916,0.0005075730871675604,-0.0016129045682100418,0.004482797512381608,0.024671377602114485,-0.0014672190600012692,-0.001108946296534622,0.001387836197266852,0.0019894033303789376,-4.757955376023145e-5,-0.003886969751247429,-0.001639920760833739,-0.007418710447980769,-0.003755439925946018,0.00011140517010496166,0.000429175011810823,0.002561305992624809,6.72465452636344e-5,-0.0007269840966643212,-9.962332296327062e-6,0.005918678744513082,0.0009995221961477626,-0.0008978934531334868,0.00024199723375304996,-0.0014672190600012692,0.012724900303067235,0.0022504056512426367,0.0043236344775394505,-0.0008233500784490822,-0.001765810709690485,0.00229623279880018,-0.0008066692332483977,0.007127276091294728,-0.002578288344761762,0.0022762294662983414,-0.002819290939278178,0.0009958094051598933,0.0008188549137992383,-0.0002931900151357546,-2.562034532264487e-5,0.006760005196303999,0.0012770697475329232,-0.0009280355859021192,0.002972442907925541,-0.001108946296534622,0.0022504056512426367,0.011383713530698107,0.0016578697527338854,0.0026361174841105965,0.00018773536916030775,0.0015090675047114348,-0.00010284287004782409,0.0034185335690905035,-0.0014730131462729504,0.006495301447058432,-0.004251234105751848,0.00015281425309285248,-0.00011340040310834818,-0.0012414226212738547,-0.00034316416990973274,0.0204466118489547,-0.0006885013285121556,0.003568770410462805,-0.001306638548046485,0.001387836197266852,0.0043236344775394505,0.0016578697527338854,0.020611725216071228,-1.851051655354203e-5,0.001978118598098123,7.511897789713474e-5,0.0006723070880672295,0.0020656100299903737,-0.0012533683178694035,0.0017358637226132633,-0.0012478168324400575,-0.000537970766312997,-0.0003977130686347672,0.00023408562869996178,0.0006718170214880562,0.0012309611764884307,0.0006057040846652583,-0.0018056582319518468,0.001974700663804437,0.0019894033303789376,-0.0008233500784490822,0.0026361174841105965,-1.851051655354203e-5,0.00759455387616674,-0.00022190376542370588,-0.00165490360130587,-0.00029720741364434075,-0.001940025363927375,0.0016601617829701903,0.001367663750793959,-0.0011181378889837722,0.0005936762669405775,0.0005900092139342476,0.00044500543771361015,-0.0005692649781037656,0.008204537507278408,0.0005179418204180452,0.001937127645332619,0.0015776878438290563,-4.757955376023145e-5,-0.001765810709690485,0.00018773536916030775,0.001978118598098123,-0.00022190376542370588,0.014469677288997045,-0.00012051338731583656,0.0013754631799007232,0.0004832620850538013,-0.0009662080434982151,-0.0022833978657880957,-0.002090674354050007,0.0012403328126132502,0.0013514823336461131,-0.0005239371032255638,-0.0009334275408667124,-0.002578377867218655,0.0006479026770380464,5.605423244469537e-5,0.001014900695670782,-0.003886969751247429,0.00229623279880018,0.0015090675047114348,7.511897789713474e-5,-0.00165490360130587,-0.00012051338731583656,0.009580416009779097,-8.607659094630709e-5,0.008038961314480404,0.0016579006489915932,0.0012598164031616724,0.0010416110531925133,-0.00016564924908746157,7.505467470151283e-5,0.0004729375406245534,0.0005164841989122122,0.0016908829950983177,-0.00018417794050471122,0.0015568150437206755,-0.0009585495657436567,-0.001639920760833739,-0.0008066692332483977,-0.00010284287004782409,0.0006723070880672295,-0.00029720741364434075,0.0013754631799007232,-8.607659094630709e-5,0.0020935554288792546,0.0011752051007636846,0.002059785935231308,-0.0003536700942186658,0.0005535850395842319,0.0035403757245765777,0.0015774017470933368,-0.0003664812699373598,0.00033612295727611683,-0.0032511270582547477,0.0023766759876936933,8.027151170799437e-5,0.00029200920269166345,-0.007418710447980769,0.007127276091294728,0.0034185335690905035,0.0020656100299903737,-0.001940025363927375,0.0004832620850538013,0.008038961314480404,0.0011752051007636846,0.023292362211056475,0.0028490837220164003,-0.00010708568505576931,0.0024170829953378582,0.0005683790112007645,-0.0009262687075765766,0.0017188705418511373,0.005237003330002082,-0.015953820482958982,0.0005627224754208339,0.0005976123648899034,-0.0023253865745163096,-0.003755439925946018,-0.002578288344761762,-0.0014730131462729504,-0.0012533683178694035,0.0016601617829701903,-0.0009662080434982151,0.0016579006489915932,0.002059785935231308,0.0028490837220164003,0.03921953284827891
0.013410514040161303,0.003956856749690951,0.0004654292122549756,0.0012750471602800287,0.0005762851462789001,0.0013324498004589486,0.004731123667276857,0.0009411599909157759,0.0030230465070758923,0.001523385782274819,0.003331057258657955,0.003961734688841545,0.000876203156917774,0.0011052169331317932,0.0011761274772551207,0.0008670970919594817,0.0025710536661263765,0.0006470597356429013,0.001421566635255651,0.004617727426942484,0.003956856749690951,0.015034241524967943,0.0010688081236539418,-0.0016258257314634562,0.0001454864129772569,0.0009763842546411303,0.008996506295705465,0.0007099978382652686,-4.156745461241212e-5,0.001443082350048956,0.003824669537734678,0.001657227535167039,0.002256234810450625,0.0012820785286361668,-0.0006564491596647581,0.0005220728249282806,0.0012525257081193299,0.00023770467893431083,0.0010587211794105716,0.0033319146486223312,0.0004654292122549756,0.0010688081236539418,0.002070867709055856,-9.604309705092782e-5,0.0009140857981318738,0.0003199663119374361,0.0017578456703613431,0.0005087080782894195,0.00042715875498977693,0.000289258610774645,0.001981504193746734,0.00010141263741543548,0.0014234329837509053,0.0007527472704361938,0.0010052704932158865,-0.00015225409406268721,-3.8888940680594614e-5,0.00042018153012281137,0.0001510125615872246,0.0020892949114468475,0.0012750471602800287,-0.0016258257314634562,-9.604309705092782e-5,0.005342934202757821,7.048464593510117e-5,6.268971138358192e-5,-0.0011109387593112642,0.001191812311453187,0.0018779978678740543,0.00023037174806604172,-0.0003457458811258411,0.0016884461442371232,-5.612027060237937e-5,0.0010136042702580676,0.0016901489429444936,0.0004989063526850487,0.0019881410254095934,0.00015466491225690055,-0.0004646050055915343,0.002119436040164729,0.0005762851462789001,0.0001454864129772569,0.0009140857981318738,7.048464593510117e-5,0.0036280418445862354,4.6292357860607294e-5,0.0014839615766474201,0.001555451289418243,0.0016950714429085063,0.001175517766281094,0.0032200701721777137,0.001809855596068315,0.002173215642002884,0.0013106775916719728,0.0022962782496713254,-0.00016091156641145305,0.0008487498806642355,0.0008949753236245563,0.0004992113202815919,0.0036967595101332048,0.0013324498004589486,0.0009763842546411303,0.0003199663119374361,6.268971138358192e-5,4.6292357860607294e-5,0.0030561079666241945,0.0026408010089022617,0.0005683100721701798,0.0010576066502241879,0.0006985653149547046,0.0008106954628567975,0.0002803355457803706,-3.401626895166508e-5,0.00036256847956000647,0.0002581287273311358,-0.0008310939213925392,0.0008465941468354717,0.0004931207870349564,0.0018447069524027116,0.00011724600791527585,0.004731123667276857,0.008996506295705465,0.0017578456703613431,-0.0011109387593112642,0.0014839615766474201,0.0026408010089022617,0.048619705782148415,-0.0008640685953304752,0.004250212212268588,0.002048792866919092,0.00920750537589116,-0.000495407931437103,0.004685630448378938,-0.004605119105782181,-0.0002973021570186101,-0.004173486497840404,0.0014994179663495317,0.00015025683082953102,0.00630787571417578,0.010014586772124148,0.0009411599909157759,0.0007099978382652686,0.0005087080782894195,0.001191812311453187,0.001555451289418243,0.0005683100721701798,-0.0008640685953304752,0.004880076966908266,0.0018039558797740742,0.0003263480876408848,0.0009651853944219632,0.0024713458904512347,0.000641843348409914,0.0018769657478993746,0.0030314704098151355,2.3365042843719692e-5,0.0025694200603185707,0.0005059417969559934,-0.000775875847352782,0.002518727735363858,0.0030230465070758923,-4.156745461241212e-5,0.00042715875498977693,0.0018779978678740543,0.0016950714429085063,0.0010576066502241879,0.004250212212268588,0.0018039558797740742,0.012052898530066325,0.0025598322808913576,0.001984736937426932,0.004986837362873803,0.001909687688501725,-0.002633455201412731,0.00295693505100507,-0.0018186837417827977,8.560918004475862e-6,0.0015796429104696149,0.001316898318012125,0.00604628693190149,0.001523385782274819,0.001443082350048956,0.000289258610774645,0.00023037174806604172,0.001175517766281094,0.0006985653149547046,0.002048792866919092,0.0003263480876408848,0.0025598322808913576,0.006055997556706999,-9.393252210189375e-6,0.001653681167684992,0.0017366860521842744,-0.0005801085150272562,0.0002936687351299264,0.00011168895842711074,-0.0007069476461533763,0.0007100915728142951,0.0016146915743772236,0.003375092966241048,0.003331057258657955,0.003824669537734678,0.001981504193746734,-0.0003457458811258411,0.0032200701721777137,0.0008106954628567975,0.00920750537589116,0.0009651853944219632,0.001984736937426932,-9.393252210189375e-6,0.023535791622860843,0.0014617022612555333,0.00545846950820072,0.0017873910546036468,0.001859080094430363,-0.001191262756007957,0.001839104321446633,0.0009463588598000518,0.0042009940246116395,0.00989924458741432,0.003961734688841545,0.001657227535167039,0.00010141263741543548,0.0016884461442371232,0.001809855596068315,0.0002803355457803706,-0.000495407931437103,0.0024713458904512347,0.004986837362873803,0.001653681167684992,0.0014617022612555333,0.01324768340620022,0.0027641025040731244,-0.0010945276445576912,0.004570726909985488,0.0014289359405213692,0.0020743328843361147,0.0021137767991543576,-0.0016570041391223455,0.007595342560287127,0.000876203156917774,0.002256234810450625,0.0014234329837509053,-5.612027060237937e-5,0.002173215642002884,-3.401626895166508e-5,0.004685630448378938,0.000641843348409914,0.001909687688501725,0.0017366860521842744,0.00545846950820072,0.0027641025040731244,0.011557117109559183,0.0010488418449026559,0.0006249823703037229,0.002249471596911948,-0.00022482976930682144,0.0015826150606495554,0.0004626795225121709,0.00834316918786301,0.0011052169331317932,0.0012820785286361668,0.0007527472704361938,0.0010136042702580676,0.0013106775916719728,0.00036256847956000647,-0.004605119105782181,0.0018769657478993746,-0.002633455201412731,-0.0005801085150272562,0.0017873910546036468,-0.0010945276445576912,0.0010488418449026559,0.013839943354054814,0.002094024314798952,0.004276689719437414,0.0026667639533099075,0.00064561239685863,0.0014489736146324206,-0.002278127789978129,0.0011761274772551207,-0.0006564491596647581,0.0010052704932158865,0.0016901489429444936,0.0022962782496713254,0.0002581287273311358,-0.0002973021570186101,0.0030314704098151355,0.00295693505100507,0.0002936687351299264,0.001859080094430363,0.004570726909985488,0.0006249823703037229,0.002094024314798952,0.011451972616542667,0.0027217498039041254,0.0027090664010176787,0.0010794702531162258,0.0015125485384536092,0.004221384789304377,0.0008670970919594817,0.0005220728249282806,-0.00015225409406268721,0.0004989063526850487,-0.00016091156641145305,-0.0008310939213925392,-0.004173486497840404,2.3365042843719692e-5,-0.0018186837417827977,0.00011168895842711074,-0.001191262756007957,0.0014289359405213692,0.002249471596911948,0.004276689719437414,0.0027217498039041254,0.01827095669565646,0.0013721537805925158,0.000497191050144823,-0.0008321912197269183,-0.0017195590874148343,0.0025710536661263765,0.0012525257081193299,-3.8888940680594614e-5,0.0019881410254095934,0.0008487498806642355,0.0008465941468354717,0.0014994179663495317,0.0025694200603185707,8.560918004475862e-6,-0.0007069476461533763,0.001839104321446633,0.0020743328843361147,-0.00022482976930682144,0.0026667639533099075,0.0027090664010176787,0.0013721537805925158,0.008795475703136811,0.00039337308586530166,-0.0010415194800475589,-8.632934313465438e-5,0.0006470597356429013,0.00023770467893431083,0.00042018153012281137,0.00015466491225690055,0.0008949753236245563,0.0004931207870349564,0.00015025683082953102,0.0005059417969559934,0.0015796429104696149,0.0007100915728142951,0.0009463588598000518,0.0021137767991543576,0.0015826150606495554,0.00064561239685863,0.0010794702531162258,0.000497191050144823,0.00039337308586530166,0.002085470579269451,0.0011406976192971142,0.0025687096987426095,0.001421566635255651,0.0010587211794105716,0.0001510125615872246,-0.0004646050055915343,0.0004992113202815919,0.0018447069524027116,0.00630787571417578,-0.000775875847352782,0.001316898318012125,0.0016146915743772236,0.0042009940246116395,-0.0016570041391223455,0.0004626795225121709,0.0014489736146324206,0.0015125485384536092,-0.0008321912197269183,-0.0010415194800475589,0.0011406976192971142,0.014730025465524077,0.004209902089828887,0.004617727426942484,0.0033319146486223312,0.0020892949114468475,0.002119436040164729,0.0036967595101332048,0.00011724600791527585,0.010014586772124148,0.002518727735363858,0.00604628693190149,0.003375092966241048,0.00989924458741432,0.007595342560287127,0.00834316918786301,-0.002278127789978129,0.004221384789304377,-0.0017195590874148343,-8.632934313465438e-5,0.0025687096987426095,0.004209902089828887,0.03661166697573614
