0.023852020944556254,-0.00022529393123167478,0.0014022539108063635,-0.00033544935230305623,0.0006645170001335427,0.002290481141997034,-0.001889126606097789,0.003860561297949149,-0.005405525086690628,0.0021732114324463357,0.0021284953474026017,0.0049318377364503015,0.0017243994243133882,0.0017435570981932276,0.002138570739565989,0.002065844102167323,-0.0003805179983757442,0.0047431472482484605,-0.004490702003600822,0.0001735410403130178,-0.00022529393123167478,0.011317746236364215,0.0003936653422217248,0.0008775428963622557,-3.00391166484659e-5,0.00018428299541743118,0.0023810207740340116,0.004643466823144574,0.0036034498311865787,0.0004954302172359946,-0.00034460970011691936,0.00207534223718076,0.0007828403219312179,-0.001971794974929636,0.0018318534073174706,0.0015498065806028578,0.0025917501896036556,0.0014077477441588545,0.0016458197939098651,-0.00021036849652985692,0.0014022539108063635,0.0003936653422217248,0.003310904146058756,0.0020152881765253244,0.0003504596915744144,0.0005496807864077155,-0.00072924144328955,0.003019069345774919,0.0012714900430059576,-0.00020237081897163755,-0.0002908610913304831,0.00016335019236266425,0.0002820416719756299,0.0002953036706228585,-0.00011121324861459677,0.0006732545144847962,0.0010710868502407643,-0.0001385081372471337,-2.9916880209646926e-5,0.0003613231258667713,-0.00033544935230305623,0.0008775428963622557,0.0020152881765253244,0.011167596647817666,0.001933656331590239,0.0017282339363355347,0.0018000660530190975,0.0027878768053632014,0.006471987229919012,-0.001989176406665311,-0.0008823015795713666,-0.0011587128351550646,0.001379716092713264,-0.0010724462317629252,0.00017993093050201633,0.000994716263498989,0.0025256061474273595,-0.00121749054027173,-0.0018497883726039022,0.0006469990588082689,0.0006645170001335427,-3.00391166484659e-5,0.0003504596915744144,0.001933656331590239,0.005269861588070828,0.0008146449159175597,-0.00047513779563884847,0.0017631478942110564,0.002999643909735926,7.493954845326232e-5,0.000126640195151957,-0.0009655739748614942,0.0007785437442504115,0.0005735435601124596,0.0009263272065792385,0.000740593706140408,-1.1533385800391484e-5,-0.0007824563143262606,-0.00023275389809720455,2.1306073428113222e-5,0.002290481141997034,0.00018428299541743118,0.0005496807864077155,0.0017282339363355347,0.0008146449159175597,0.005610843317114086,-0.0005909771288690755,0.0027297459214840857,0.0037869214261119664,0.0005973107007728811,-0.00032756409014817367,-8.403854541582474e-5,0.0007840463830909871,0.0008866142267942476,0.00036593974700554327,-0.000575970252887558,-0.0006523552789511877,-0.0011094572522565543,-0.0011071391909687586,0.0005921792922182953,-0.001889126606097789,0.0023810207740340116,-0.00072924144328955,0.0018000660530190975,-0.00047513779563884847,-0.0005909771288690755,0.014979464623002623,-0.0027466598345409496,0.0025551645599876218,-0.002080512299281123,4.353692072439847e-6,0.0012147637665293489,0.0010725946812105876,-0.0006580964565358685,0.0002354353554387985,0.0011487250799034408,0.0030886999071068322,0.0030564800285723644,0.0015343789836210937,0.00016070260545935063,0.003860561297949149,0.004643466823144574,0.003019069345774919,0.0027878768053632014,0.0017631478942110564,0.0027297459214840857,-0.0027466598345409496,0.022777941475715727,0.00403814137493478,-0.0007892332886734775,-0.0007099156333301023,0.0006134420634829312,-0.00037349653719025275,0.00044636934462738637,-0.0002694435135816883,0.0014973041714531406,0.001750060310163516,0.0002767567048675701,0.0008993349883905327,0.0013350085788788333,-0.005405525086690628,0.0036034498311865787,0.0012714900430059576,0.006471987229919012,0.002999643909735926,0.0037869214261119664,0.0025551645599876218,0.00403814137493478,0.027736500743383737,-0.0026469615569338417,-0.0016889021574563055,-0.0031644911796137494,0.0017067276422804809,-2.7968775301062676e-5,0.00047906588304293086,-0.001215089719111705,0.002365332678966471,-0.004434586576644622,-0.0002731783221340157,0.0004145480453576532,0.0021732114324463357,0.0004954302172359946,-0.00020237081897163755,-0.001989176406665311,7.493954845326232e-5,0.0005973107007728811,-0.002080512299281123,-0.0007892332886734775,-0.0026469615569338417,0.02183438627839953,0.0013381879027984478,0.0029083400206538013,0.0016928853838659036,0.0009023248105741856,0.004861396019621168,0.0017361545593099863,-0.003202092228887839,0.00039461328694991667,-0.002339074138836068,-0.0006250932081839403,0.0021284953474026017,-0.00034460970011691936,-0.0002908610913304831,-0.0008823015795713666,0.000126640195151957,-0.00032756409014817367,4.353692072439847e-6,-0.0007099156333301023,-0.0016889021574563055,0.0013381879027984478,0.0021473952296945783,0.001243807590615043,0.000653010825850196,0.0007865068756973217,0.00044459888389436963,0.0002781786623104897,0.00048768923976805277,0.0014858374760062841,-0.0002004110957101822,-0.0001553621359899683,0.0049318377364503015,0.00207534223718076,0.00016335019236266425,-0.0011587128351550646,-0.0009655739748614942,-8.403854541582474e-5,0.0012147637665293489,0.0006134420634829312,-0.0031644911796137494,0.0029083400206538013,0.001243807590615043,0.01191757964785154,0.0003204577268203728,0.0004980226266891322,0.0013870627488917545,0.0006612366549906268,0.0019139693023260927,0.0014584686738286757,-0.0010610311393517645,-0.00046973864611234096,0.0017243994243133882,0.0007828403219312179,0.0002820416719756299,0.001379716092713264,0.0007785437442504115,0.0007840463830909871,0.0010725946812105876,-0.00037349653719025275,0.0017067276422804809,0.0016928853838659036,0.000653010825850196,0.0003204577268203728,0.0052680465367910476,-3.276748827935275e-6,0.0025401771498016986,0.001320325707025913,0.00013592321574042203,0.0006904169973278112,-0.0024164460900438687,-0.0005427950518065723,0.0017435570981932276,-0.001971794974929636,0.0002953036706228585,-0.0010724462317629252,0.0005735435601124596,0.0008866142267942476,-0.0006580964565358685,0.00044636934462738637,-2.7968775301062676e-5,0.0009023248105741856,0.0007865068756973217,0.0004980226266891322,-3.276748827935275e-6,0.007925014995584177,-0.0003330867219212842,-0.001017841099096666,-0.0002268905837318388,-0.00014858566148202068,0.0011509678132855259,0.0009448972443166297,0.002138570739565989,0.0018318534073174706,-0.00011121324861459677,0.00017993093050201633,0.0009263272065792385,0.00036593974700554327,0.0002354353554387985,-0.0002694435135816883,0.00047906588304293086,0.004861396019621168,0.00044459888389436963,0.0013870627488917545,0.0025401771498016986,-0.0003330867219212842,0.00808044291485513,0.002207417679718068,-0.0019602820384796073,0.0005018568467658449,-0.00142909376442966,-0.0008349899670090605,0.002065844102167323,0.0015498065806028578,0.0006732545144847962,0.000994716263498989,0.000740593706140408,-0.000575970252887558,0.0011487250799034408,0.0014973041714531406,-0.001215089719111705,0.0017361545593099863,0.0002781786623104897,0.0006612366549906268,0.001320325707025913,-0.001017841099096666,0.002207417679718068,0.005444474071621084,0.00011408300154900085,0.0011291227212765563,-0.001292973015659582,-0.0003216598103152269,-0.0003805179983757442,0.0025917501896036556,0.0010710868502407643,0.0025256061474273595,-1.1533385800391484e-5,-0.0006523552789511877,0.0030886999071068322,0.001750060310163516,0.002365332678966471,-0.003202092228887839,0.00048768923976805277,0.0019139693023260927,0.00013592321574042203,-0.0002268905837318388,-0.0019602820384796073,0.00011408300154900085,0.017242950687080497,-0.00012088341901703213,0.0009647601226946621,0.0011570529949757025,0.0047431472482484605,0.0014077477441588545,-0.0001385081372471337,-0.00121749054027173,-0.0007824563143262606,-0.0011094572522565543,0.0030564800285723644,0.0002767567048675701,-0.004434586576644622,0.00039461328694991667,0.0014858374760062841,0.0014584686738286757,0.0006904169973278112,-0.00014858566148202068,0.0005018568467658449,0.0011291227212765563,-0.00012088341901703213,0.008772679267484075,-0.0001285568220607335,-0.00027987964129049946,-0.004490702003600822,0.0016458197939098651,-2.9916880209646926e-5,-0.0018497883726039022,-0.00023275389809720455,-0.0011071391909687586,0.0015343789836210937,0.0008993349883905327,-0.0002731783221340157,-0.002339074138836068,-0.0002004110957101822,-0.0010610311393517645,-0.0024164460900438687,0.0011509678132855259,-0.00142909376442966,-0.001292973015659582,0.0009647601226946621,-0.0001285568220607335,0.011287668674043337,0.000892593909796415,0.0001735410403130178,-0.00021036849652985692,0.0003613231258667713,0.0006469990588082689,2.1306073428113222e-5,0.0005921792922182953,0.00016070260545935063,0.0013350085788788333,0.0004145480453576532,-0.0006250932081839403,-0.0001553621359899683,-0.00046973864611234096,-0.0005427950518065723,0.0009448972443166297,-0.0008349899670090605,-0.0003216598103152269,0.0011570529949757025,-0.00027987964129049946,0.000892593909796415,0.0021457560518080713
0.034567224081525474,0.008179109739048479,-0.003170704186858234,0.00820034591138866,0.0022176122975027497,-0.0012576846521882854,0.0028843314523509466,0.004591429711306539,0.020489118401566673,0.011751422287090738,-0.0015395897001113353,0.004182741261285411,0.0017554948550192418,0.010719139677214162,0.0033102437485152897,0.002144921112179319,0.0020248033993625052,0.006039764754296315,0.010114445345258878,0.001703175471707354,0.008179109739048479,0.021032609313329013,-0.0005900830306775425,-0.00025289783054754955,0.0022238753043524345,0.006582405110985167,0.00024313579024995294,0.0006433483371838184,0.004462885183511279,0.011901241059487753,-0.0003264556101028133,0.002520561447435534,0.0004095463997780608,0.004028351733721663,-0.0043001496765420165,0.002371316372989307,0.0021372315956974903,0.006155328822922556,0.00020221258170334457,-0.0007947880949879669,-0.003170704186858234,-0.0005900830306775425,0.0050243941460217136,-0.0015396458992540767,-0.0007978558123867727,0.004236418640474171,0.003223110574493565,0.001219907900924418,-0.0007134668864401603,-0.0003764245658182695,0.0007666899615338235,-8.986080636683706e-5,0.00015271858170460832,-0.0016769168348794731,0.0006071986994215457,0.001267973836555729,-0.0009077364518876785,0.0001133979098113924,5.0161582150569324e-5,-0.0004725749195729684,0.00820034591138866,-0.00025289783054754955,-0.0015396458992540767,0.011607674640312137,-7.653267835302927e-5,-0.00300966561981832,0.0027112680336346022,-0.0003962588689820218,0.006899966760201702,0.004881725158675267,-0.0008193470162270346,0.001095128574727132,0.0006721540753154237,0.004142426440034251,0.002797049286882387,-0.000956613310215402,-0.0011357101313641776,0.0018660282252088115,0.005105517659771387,9.939444136104715e-5,0.0022176122975027497,0.0022238753043524345,-0.0007978558123867727,-7.653267835302927e-5,0.005767849836805082,-0.0006274650705144698,0.0007656322362859238,0.0021972416470310866,0.0004317564357087213,0.0030055802044264127,-2.4494591512212813e-5,0.00091520160269511,0.00016929375593971408,0.0026545958556027103,0.0016123331808562253,-0.0005769020911294753,0.0025748988046578286,0.0012747657839947473,-0.00031875469813010134,0.0005707085079219153,-0.0012576846521882854,0.006582405110985167,0.004236418640474171,-0.00300966561981832,-0.0006274650705144698,0.012856121908123292,0.004029012779964584,0.002469198234685232,-0.0017496607378656567,0.003620396218024706,0.00028215237414412104,0.0015643653879321494,-0.0008556774651877333,0.0006969990744670881,-0.0005985488056727057,0.002468164385333628,0.002683846030219028,0.0026244799946286462,-0.001299718094281871,-0.0018592098708315947,0.0028843314523509466,0.00024313579024995294,0.003223110574493565,0.0027112680336346022,0.0007656322362859238,0.004029012779964584,0.016104422436013874,0.006985549706776999,0.0029946472439291547,0.0053120043513427105,0.0007905114977777429,-0.000772151427885754,0.0012644742329416042,0.003180531776714131,0.0037181811650246538,0.0032686542655960098,-0.0013940569872232225,0.003438849982099895,0.003656687941107055,0.001085350448247147,0.004591429711306539,0.0006433483371838184,0.001219907900924418,-0.0003962588689820218,0.0021972416470310866,0.002469198234685232,0.006985549706776999,0.029218870663768964,0.0044161321066828905,0.002559066205117452,0.002428577554814778,0.0032221319091148485,0.0019928973567927533,-0.0005276448472489761,0.003940969359080406,0.0032741605887283507,0.0046492471506214715,0.002431871245708606,0.004996185343902348,0.002160366857014551,0.020489118401566673,0.004462885183511279,-0.0007134668864401603,0.006899966760201702,0.0004317564357087213,-0.0017496607378656567,0.0029946472439291547,0.0044161321066828905,0.0462652679284994,0.010292386934973573,-0.00113595320226162,0.010627272915141886,0.004857414102317962,0.011465843831099715,0.004074360882110927,0.005105019556165454,0.004270290564420987,0.007814272259567392,0.016282463329420557,0.0033210517424946554,0.011751422287090738,0.011901241059487753,-0.0003764245658182695,0.004881725158675267,0.0030055802044264127,0.003620396218024706,0.0053120043513427105,0.002559066205117452,0.010292386934973573,0.02799284779284871,-0.0010441646795413273,0.0004775038822597984,0.002510429477754701,0.008611939024938078,-0.0006147388653308414,0.0019426904107659269,0.0020766396398880877,0.009308887297499926,0.0039762996860041476,0.0005266284556087222,-0.0015395897001113353,-0.0003264556101028133,0.0007666899615338235,-0.0008193470162270346,-2.4494591512212813e-5,0.00028215237414412104,0.0007905114977777429,0.002428577554814778,-0.00113595320226162,-0.0010441646795413273,0.0019381599467443778,-0.0001696866677944066,-9.01159867015831e-6,-0.0016863690716216048,-0.00013652636117656057,0.00029085409767357474,-0.0006284886596253404,-0.00021354963433058743,-0.0006112268743332164,-0.00012316817935945556,0.004182741261285411,0.002520561447435534,-8.986080636683706e-5,0.001095128574727132,0.00091520160269511,0.0015643653879321494,-0.000772151427885754,0.0032221319091148485,0.010627272915141886,0.0004775038822597984,-0.0001696866677944066,0.013956283473581554,0.0016838210205823699,0.004515956629794475,0.0012617762966959107,0.0015788545831056178,0.005365882349348215,0.0029758094011631472,0.005956158634353248,0.0003182300498199758,0.0017554948550192418,0.0004095463997780608,0.00015271858170460832,0.0006721540753154237,0.00016929375593971408,-0.0008556774651877333,0.0012644742329416042,0.0019928973567927533,0.004857414102317962,0.002510429477754701,-9.01159867015831e-6,0.0016838210205823699,0.003676776071808197,0.0010486472575727342,0.00045397566022588114,0.00100835867650021,0.0004772327112645368,0.002124288821414824,0.002378815216295219,0.0008345261700900781,0.010719139677214162,0.004028351733721663,-0.0016769168348794731,0.004142426440034251,0.0026545958556027103,0.0006969990744670881,0.003180531776714131,-0.0005276448472489761,0.011465843831099715,0.008611939024938078,-0.0016863690716216048,0.004515956629794475,0.0010486472575727342,0.016220802805801595,0.003778587412248578,0.0018400870818895884,0.004185135605342422,0.0047620203966127735,0.0036267672536747357,0.00015536395372127778,0.0033102437485152897,-0.0043001496765420165,0.0006071986994215457,0.002797049286882387,0.0016123331808562253,-0.0005985488056727057,0.0037181811650246538,0.003940969359080406,0.004074360882110927,-0.0006147388653308414,-0.00013652636117656057,0.0012617762966959107,0.00045397566022588114,0.003778587412248578,0.008618675644031041,0.00033887811919429476,0.0016517832520072852,0.0004176763219889784,0.0032046058911016162,0.0010042453718903215,0.002144921112179319,0.002371316372989307,0.001267973836555729,-0.000956613310215402,-0.0005769020911294753,0.002468164385333628,0.0032686542655960098,0.0032741605887283507,0.005105019556165454,0.0019426904107659269,0.00029085409767357474,0.0015788545831056178,0.00100835867650021,0.0018400870818895884,0.00033887811919429476,0.005215273340455789,0.0012632377508789315,0.001471865118335377,0.0012586070141752548,0.0004440871275733195,0.0020248033993625052,0.0021372315956974903,-0.0009077364518876785,-0.0011357101313641776,0.0025748988046578286,0.002683846030219028,-0.0013940569872232225,0.0046492471506214715,0.004270290564420987,0.0020766396398880877,-0.0006284886596253404,0.005365882349348215,0.0004772327112645368,0.004185135605342422,0.0016517832520072852,0.0012632377508789315,0.01665113170362969,0.00232699587704457,0.0005578263683939781,-0.0006695915294863392,0.006039764754296315,0.006155328822922556,0.0001133979098113924,0.0018660282252088115,0.0012747657839947473,0.0026244799946286462,0.003438849982099895,0.002431871245708606,0.007814272259567392,0.009308887297499926,-0.00021354963433058743,0.0029758094011631472,0.002124288821414824,0.0047620203966127735,0.0004176763219889784,0.001471865118335377,0.00232699587704457,0.010200578021381638,0.004023479737573191,0.0001457509513059207,0.010114445345258878,0.00020221258170334457,5.0161582150569324e-5,0.005105517659771387,-0.00031875469813010134,-0.001299718094281871,0.003656687941107055,0.004996185343902348,0.016282463329420557,0.0039762996860041476,-0.0006112268743332164,0.005956158634353248,0.002378815216295219,0.0036267672536747357,0.0032046058911016162,0.0012586070141752548,0.0005578263683939781,0.004023479737573191,0.016937875312720042,0.002206628632601946,0.001703175471707354,-0.0007947880949879669,-0.0004725749195729684,9.939444136104715e-5,0.0005707085079219153,-0.0018592098708315947,0.001085350448247147,0.002160366857014551,0.0033210517424946554,0.0005266284556087222,-0.00012316817935945556,0.0003182300498199758,0.0008345261700900781,0.00015536395372127778,0.0010042453718903215,0.0004440871275733195,-0.0006695915294863392,0.0001457509513059207,0.002206628632601946,0.0026630559847941357
