0.013183673242261624,-4.442947414640095e-5,-0.00018134403194414308,0.0022515809459986436,-0.0004835565391579699,0.0001497861415201455,0.00041336943957611213,0.00026961363772353135,0.0003689562145700316,0.00012979802748807915,0.00041409627016900845,-9.558841538500812e-5,0.0011939223676541199,0.001613328685434737,0.0011310063715054323,0.00044897600131800204,0.0004583388600664358,0.001066469205852494,0.0011366036425194046,0.0003874101989076469,-4.442947414640095e-5,0.009851277716773429,0.00037883456309779245,0.0009844930095893121,0.0013949453113249687,0.0006729189631292409,0.0009496936829977943,0.000637429791747407,-0.0002103062926001362,0.0014386181959879138,0.0009666482590015848,0.0005349668512245355,-0.00022376445065159335,0.00018118361624563163,0.0002770425632094909,0.0010850118822426464,0.0002530457387057923,-0.0002829556590552563,-0.0006302329945392399,3.727955273931358e-5,-0.00018134403194414308,0.00037883456309779245,0.001427323523523481,0.00043673823244676593,0.000964971843566875,0.00014964187225124264,8.953369732927465e-6,0.00035225859633334624,0.0003096048891758743,0.000792785567911963,-3.234648222759797e-5,0.00010286952364319637,0.00028986764220719787,0.0004751178826510452,4.282259217368047e-5,0.00023119041606108228,0.0003800006667027308,7.037513054909114e-5,0.0008951516186890877,0.0002040877577673604,0.0022515809459986436,0.0009844930095893121,0.00043673823244676593,0.013123337475311813,0.0008293316750955682,0.0007641881757817282,0.0004738358407616952,0.0003507545710956841,0.0011851905201224456,0.0012363433995004822,8.16328859867122e-5,8.70103894215056e-5,0.00039216940361762906,0.0015262402084550658,-0.00017587606732309604,0.0010661401600560406,0.000856982504567157,0.0007827907119979818,0.002362484202904396,0.000764514098178656,-0.0004835565391579699,0.0013949453113249687,0.000964971843566875,0.0008293316750955682,0.017823277274852334,0.0009686095125586677,0.0012934097551994175,0.0008952572356792197,0.0044353374218364956,0.004025382932697117,0.0008523826523292986,0.001117630827974763,0.0006190827061809981,0.0029552536409162607,-0.00010548916788201086,0.0005760036919095499,0.0009271616035632531,0.00013862236954159294,0.002675019481695527,0.000988033907969325,0.0001497861415201455,0.0006729189631292409,0.00014964187225124264,0.0007641881757817282,0.0009686095125586677,0.003184529986952084,0.0005662721022411143,0.0001824869236943702,0.00017556322894949516,0.000831212228001418,0.0008006372913018272,4.621189498816094e-6,0.0005737568276500513,0.0011039929859576456,0.00011826819802762084,-0.00020976290138690663,-0.0001785521546383753,-0.00010121703854984527,-0.00026020380485541016,0.00037512628313430413,0.00041336943957611213,0.0009496936829977943,8.953369732927465e-6,0.0004738358407616952,0.0012934097551994175,0.0005662721022411143,0.00500590574676344,0.00023028470373635964,0.0006361231394991008,0.0009772556931960247,0.0001903924269213763,0.0002543804300748658,0.00039960670643342895,0.0016834506333609934,0.0007271623190119448,-0.00013903646956934683,0.00014716042015405298,0.0002440896645894072,-0.0003623107734398417,0.0006186467580062804,0.00026961363772353135,0.000637429791747407,0.00035225859633334624,0.0003507545710956841,0.0008952572356792197,0.0001824869236943702,0.00023028470373635964,0.002037738604859521,0.0007610973824080385,0.0010388951951232725,-0.00010033957311592919,0.00022917862232623443,0.000824029309024839,0.00017009503471442685,0.0004814916683687975,7.693004771399569e-5,0.0002575181087304206,0.0004344020602294364,0.0004754457175144771,3.952887680958749e-5,0.0003689562145700316,-0.0002103062926001362,0.0003096048891758743,0.0011851905201224456,0.0044353374218364956,0.00017556322894949516,0.0006361231394991008,0.0007610973824080385,0.027167035563209804,0.0018358752228177068,-0.0012218290918453196,-0.00019083887966543634,0.0010871759440660546,-0.0007651785581425706,8.37875670202986e-5,0.0018298528952907004,0.0011443494102076047,0.002145991982783175,0.003319519429193878,1.2789086728887956e-5,0.00012979802748807915,0.0014386181959879138,0.000792785567911963,0.0012363433995004822,0.004025382932697117,0.000831212228001418,0.0009772556931960247,0.0010388951951232725,0.0018358752228177068,0.016882384458573322,0.0010175989859074607,0.00029188092219132694,0.0018899614114870002,0.002440361341760411,-4.391462659425402e-5,0.00022439135156019464,-0.0001867440953085973,-0.0011439368535191695,-0.00037871632766035135,0.0009587930623547313,0.00041409627016900845,0.0009666482590015848,-3.234648222759797e-5,8.16328859867122e-5,0.0008523826523292986,0.0008006372913018272,0.0001903924269213763,-0.00010033957311592919,-0.0012218290918453196,0.0010175989859074607,0.0057433477569561004,-4.138495080976093e-6,0.00017898144153528217,0.0012809258959864786,0.00057994790144141,0.0008484155110239063,-6.285114298197996e-5,-0.0006127484006719475,-8.45980718173016e-6,0.00015518784905414377,-9.558841538500812e-5,0.0005349668512245355,0.00010286952364319637,8.70103894215056e-5,0.001117630827974763,4.621189498816094e-6,0.0002543804300748658,0.00022917862232623443,-0.00019083887966543634,0.00029188092219132694,-4.138495080976093e-6,0.002633699354779613,0.0006172231683091176,0.001262839697751315,0.00022516348834153145,-0.00015431308039286432,-7.262973300532298e-5,-0.00033998229464862333,-0.0007385247650062506,0.0002822703258429854,0.0011939223676541199,-0.00022376445065159335,0.00028986764220719787,0.00039216940361762906,0.0006190827061809981,0.0005737568276500513,0.00039960670643342895,0.000824029309024839,0.0010871759440660546,0.0018899614114870002,0.00017898144153528217,0.0006172231683091176,0.008426079804153193,0.0011905731569828728,0.0006183235469327387,0.0011307696870208302,0.00017300009605087112,-0.00022316953312389448,0.0004568406780483946,0.0006926494588306582,0.001613328685434737,0.00018118361624563163,0.0004751178826510452,0.0015262402084550658,0.0029552536409162607,0.0011039929859576456,0.0016834506333609934,0.00017009503471442685,-0.0007651785581425706,0.002440361341760411,0.0012809258959864786,0.001262839697751315,0.0011905731569828728,0.013067956145976634,7.329628857666135e-6,-0.0013058269643388804,0.00045258583298178487,-0.0005700631107508351,0.0005170261181662971,0.0005737767432025669,0.0011310063715054323,0.0002770425632094909,4.282259217368047e-5,-0.00017587606732309604,-0.00010548916788201086,0.00011826819802762084,0.0007271623190119448,0.0004814916683687975,8.37875670202986e-5,-4.391462659425402e-5,0.00057994790144141,0.00022516348834153145,0.0006183235469327387,7.329628857666135e-6,0.0032610379157872967,0.0008450564827882086,0.00021781091855532398,0.0005339916623308783,-0.00020132593135779506,0.00017537729311345267,0.00044897600131800204,0.0010850118822426464,0.00023119041606108228,0.0010661401600560406,0.0005760036919095499,-0.00020976290138690663,-0.00013903646956934683,7.693004771399569e-5,0.0018298528952907004,0.00022439135156019464,0.0008484155110239063,-0.00015431308039286432,0.0011307696870208302,-0.0013058269643388804,0.0008450564827882086,0.010669038472133166,0.0006972336849921549,0.0005468152936975756,0.0012162235651336684,0.0001097880645107215,0.0004583388600664358,0.0002530457387057923,0.0003800006667027308,0.000856982504567157,0.0009271616035632531,-0.0001785521546383753,0.00014716042015405298,0.0002575181087304206,0.0011443494102076047,-0.0001867440953085973,-6.285114298197996e-5,-7.262973300532298e-5,0.00017300009605087112,0.00045258583298178487,0.00021781091855532398,0.0006972336849921549,0.0033728505651262277,0.00039429588551627556,0.0003738485063882387,0.0003495655781179433,0.001066469205852494,-0.0002829556590552563,7.037513054909114e-5,0.0007827907119979818,0.00013862236954159294,-0.00010121703854984527,0.0002440896645894072,0.0004344020602294364,0.002145991982783175,-0.0011439368535191695,-0.0006127484006719475,-0.00033998229464862333,-0.00022316953312389448,-0.0005700631107508351,0.0005339916623308783,0.0005468152936975756,0.00039429588551627556,0.007950040278250062,0.0005866525648706043,-0.00024803935067827985,0.0011366036425194046,-0.0006302329945392399,0.0008951516186890877,0.002362484202904396,0.002675019481695527,-0.00026020380485541016,-0.0003623107734398417,0.0004754457175144771,0.003319519429193878,-0.00037871632766035135,-8.45980718173016e-6,-0.0007385247650062506,0.0004568406780483946,0.0005170261181662971,-0.00020132593135779506,0.0012162235651336684,0.0003738485063882387,0.0005866525648706043,0.02669135802889401,0.0009655441653880676,0.0003874101989076469,3.727955273931358e-5,0.0002040877577673604,0.000764514098178656,0.000988033907969325,0.00037512628313430413,0.0006186467580062804,3.952887680958749e-5,1.2789086728887956e-5,0.0009587930623547313,0.00015518784905414377,0.0002822703258429854,0.0006926494588306582,0.0005737767432025669,0.00017537729311345267,0.0001097880645107215,0.0003495655781179433,-0.00024803935067827985,0.0009655441653880676,0.0023571496626394353
