0.00389576884649933,0.0003767351397528023,7.273183274357804e-5,0.0003351813932309113,0.0003147818878698203,-5.067585806878944e-5,0.000197156544959203,0.0002414563812811686,0.00041614350826971495,-0.0001520411859616222,0.00033832203036592825,0.00047916872430148053,-0.0008200716708438804,0.0008957576525741495,0.0001367581269908517,1.5318213399111903e-5,4.2400645404532526e-5,0.0005257190119016548,-0.00034425402680019314,-7.63687384786524e-5,0.0003767351397528023,0.004967872122929565,0.0002776969209600926,-0.0002503942209193874,0.0003710774327479285,0.00035190486292657953,0.0003716886513677474,0.000516413422109946,0.0011483028830323073,0.00013157062930223252,9.756607459454391e-5,0.0006968019452985622,-0.0002547562242069514,0.0011704875065001673,0.0006430052027018795,2.401355064418574e-5,7.058351181214972e-5,0.0006949252033140172,0.000578219023317175,1.583822481814141e-5,7.273183274357804e-5,0.0002776969209600926,0.019724274243407027,-0.0006307799415611576,6.171664878709343e-5,0.0012135778386622841,0.0010865075152911505,0.000892049535365301,0.0021077060678416654,0.0008822944631751712,0.0006768451914928355,0.0005436377845798504,-0.0005285019144424182,0.0017572824339061686,0.0015155569615072778,0.00028299904375993386,0.0010418672351685146,0.0004845294517501756,0.002536579311084381,0.0006448131632815861,0.0003351813932309113,-0.0002503942209193874,-0.0006307799415611576,0.02281310069714791,0.0024886735984856294,0.0006530419184234402,-0.0009647766635297748,4.6376054431235904e-5,0.0007706938332926034,0.0008421673049731004,0.0003447730478586808,0.0007852702895787807,0.003771302293123588,0.000292941308084634,0.001242853677365471,0.0008671032709472834,0.0008752850377538779,2.5244971281716884e-5,0.002657906821230018,-5.627183643409953e-5,0.0003147818878698203,0.0003710774327479285,6.171664878709343e-5,0.0024886735984856294,0.017833658368375273,0.0008382563737486788,0.001268314721906851,0.0005377743917336454,-0.00020062134515528156,0.0006698610931722063,0.0006063362789863248,0.0008303732266946536,0.0020517326179923124,0.001013013227549423,0.000666531104066921,0.00018821161171150006,0.0003065852504679789,0.0004975300081770291,0.0005083311624428767,-7.42283850755878e-5,-5.067585806878944e-5,0.00035190486292657953,0.0012135778386622841,0.0006530419184234402,0.0008382563737486788,0.0018854274122718528,0.000746886680428393,0.000301552288489086,0.0008884660234636905,0.0002096900280457089,0.00013013381760295284,0.0003160473194707223,0.0006711387927970522,-1.9122852246101132e-6,0.00037860379007545177,1.7126337591129224e-5,0.00022290968075704023,0.00028386914886627235,0.0003985543896470031,0.00019765628345911316,0.000197156544959203,0.0003716886513677474,0.0010865075152911505,-0.0009647766635297748,0.001268314721906851,0.000746886680428393,0.01239365031333983,-0.0005598526063538025,-0.0005513597622420711,-2.266186058697116e-5,0.0004624617103472109,-0.0013293244358815505,-0.0024151340248917868,0.0006618291895469403,0.00044422876709286624,0.0004642023480836772,-0.00017048859776467201,0.0006648114390676542,0.0007421419017810035,6.106478025885003e-6,0.0002414563812811686,0.000516413422109946,0.000892049535365301,4.6376054431235904e-5,0.0005377743917336454,0.000301552288489086,-0.0005598526063538025,0.0014907815299865525,0.0009272510698208916,0.0002853271826907134,0.00011050632416573413,0.0004931464337515621,0.00018106979169117164,0.00047590283924491716,0.000494743308065305,2.9779219668022403e-5,0.00023671604882477424,0.00021103272681695238,0.0004427254940285815,0.00017127440747983195,0.00041614350826971495,0.0011483028830323073,0.0021077060678416654,0.0007706938332926034,-0.00020062134515528156,0.0008884660234636905,-0.0005513597622420711,0.0009272510698208916,0.016103373289379226,0.0004075162384071868,-0.0004330701786338596,0.002288979075540962,0.0012457422948051531,0.0005933917322119166,0.0005683162472463553,0.0005227658202566351,0.0011508187449680153,-0.0001387557281208035,0.0008511011212058806,0.0008191970322240537,-0.0001520411859616222,0.00013157062930223252,0.0008822944631751712,0.0008421673049731004,0.0006698610931722063,0.0002096900280457089,-2.266186058697116e-5,0.0002853271826907134,0.0004075162384071868,0.0015405817352258158,8.148016865276446e-5,0.000498776097231198,-0.000140607952390414,0.0004968878196601229,0.00017126766154389883,0.00013518332352065594,0.00023308238398393494,-7.265951689206166e-5,0.00043625807074299406,0.00027287898708203373,0.00033832203036592825,9.756607459454391e-5,0.0006768451914928355,0.0003447730478586808,0.0006063362789863248,0.00013013381760295284,0.0004624617103472109,0.00011050632416573413,-0.0004330701786338596,8.148016865276446e-5,0.0017642039084513133,-0.00028501780769721026,-0.0005358910813202619,0.00012700020610711005,0.00021321875808525152,-4.9166199199677366e-5,0.00013457723039848613,0.00014336847089206755,1.5267818730742058e-5,8.821809474623702e-5,0.00047916872430148053,0.0006968019452985622,0.0005436377845798504,0.0007852702895787807,0.0008303732266946536,0.0003160473194707223,-0.0013293244358815505,0.0004931464337515621,0.002288979075540962,0.000498776097231198,-0.00028501780769721026,0.006673043584209781,0.0015427952581419976,0.0007913731397974032,0.0004460011777886914,-3.6346725649801255e-5,0.0003393467607983794,0.0005392724238768596,0.0012354226895139458,0.00031944219613284144,-0.0008200716708438804,-0.0002547562242069514,-0.0005285019144424182,0.003771302293123588,0.0020517326179923124,0.0006711387927970522,-0.0024151340248917868,0.00018106979169117164,0.0012457422948051531,-0.000140607952390414,-0.0005358910813202619,0.0015427952581419976,0.022190302507643568,-0.00026805081234587236,0.00015199758492392875,-0.00014234137749368782,0.0006359980360717183,-0.00013888619394121076,0.002575431838168405,-0.0002534907626873164,0.0008957576525741495,0.0011704875065001673,0.0017572824339061686,0.000292941308084634,0.001013013227549423,-1.9122852246101132e-6,0.0006618291895469403,0.00047590283924491716,0.0005933917322119166,0.0004968878196601229,0.00012700020610711005,0.0007913731397974032,-0.00026805081234587236,0.00913283922360636,0.00011569835605896087,0.0002448817187149256,-0.00011068164183007919,0.0009579004949078441,0.001406945722398259,0.0006101659529784445,0.0001367581269908517,0.0006430052027018795,0.0015155569615072778,0.001242853677365471,0.000666531104066921,0.00037860379007545177,0.00044422876709286624,0.000494743308065305,0.0005683162472463553,0.00017126766154389883,0.00021321875808525152,0.0004460011777886914,0.00015199758492392875,0.00011569835605896087,0.004138921599649368,-0.00012667043259666504,0.0003128637133310271,-1.3123303585395385e-5,0.000873373551149158,-0.0005330186365313531,1.5318213399111903e-5,2.401355064418574e-5,0.00028299904375993386,0.0008671032709472834,0.00018821161171150006,1.7126337591129224e-5,0.0004642023480836772,2.9779219668022403e-5,0.0005227658202566351,0.00013518332352065594,-4.9166199199677366e-5,-3.6346725649801255e-5,-0.00014234137749368782,0.0002448817187149256,-0.00012667043259666504,0.0012957074299172642,-4.333436217760654e-5,0.0002799985218508987,0.00035815944767022124,0.00014904440212789942,4.2400645404532526e-5,7.058351181214972e-5,0.0010418672351685146,0.0008752850377538779,0.0003065852504679789,0.00022290968075704023,-0.00017048859776467201,0.00023671604882477424,0.0011508187449680153,0.00023308238398393494,0.00013457723039848613,0.0003393467607983794,0.0006359980360717183,-0.00011068164183007919,0.0003128637133310271,-4.333436217760654e-5,0.0012109263457723955,-6.782217537099156e-5,0.00013556137772570886,3.55630741648123e-5,0.0005257190119016548,0.0006949252033140172,0.0004845294517501756,2.5244971281716884e-5,0.0004975300081770291,0.00028386914886627235,0.0006648114390676542,0.00021103272681695238,-0.0001387557281208035,-7.265951689206166e-5,0.00014336847089206755,0.0005392724238768596,-0.00013888619394121076,0.0009579004949078441,-1.3123303585395385e-5,0.0002799985218508987,-6.782217537099156e-5,0.003839224180045831,0.0006104444681734043,0.00010562171457614372,-0.00034425402680019314,0.000578219023317175,0.002536579311084381,0.002657906821230018,0.0005083311624428767,0.0003985543896470031,0.0007421419017810035,0.0004427254940285815,0.0008511011212058806,0.00043625807074299406,1.5267818730742058e-5,0.0012354226895139458,0.002575431838168405,0.001406945722398259,0.000873373551149158,0.00035815944767022124,0.00013556137772570886,0.0006104444681734043,0.01061185470156804,0.0002285359295560879,-7.63687384786524e-5,1.583822481814141e-5,0.0006448131632815861,-5.627183643409953e-5,-7.42283850755878e-5,0.00019765628345911316,6.106478025885003e-6,0.00017127440747983195,0.0008191970322240537,0.00027287898708203373,8.821809474623702e-5,0.00031944219613284144,-0.0002534907626873164,0.0006101659529784445,-0.0005330186365313531,0.00014904440212789942,3.55630741648123e-5,0.00010562171457614372,0.0002285359295560879,0.002396936131362793
