0.005000390633231107,0.00039352415198011135,0.001214683505607411,-0.0002823546015146012,0.000272799613067534,0.0007771614585322503,-6.694801946011994e-5,0.0004009202382279586,0.0006325682418489765,0.0003025888815678157,0.00030261491393407267,0.00044076591143709667,0.0004768876631204967,0.0005545549968993392,0.0005998900051762124,0.00015675489256641682,0.0004930473727256778,0.0001308316957894634,0.00026338592682449154,0.00018953920862848907,0.00039352415198011135,0.0038173928859435977,-9.345767950567322e-5,1.3002771086881732e-5,0.0005517591052252108,0.0005265454979421318,0.0001239929602460646,0.000437009693868765,0.0002901618945297985,0.0010503954093103428,0.00012530263659185864,0.001052107899677582,0.00026379845488628943,0.0003516503131173589,0.0009965307994669488,0.0005077567554880726,0.00011890912201904036,0.0014860856854032518,-0.00015024722955950923,0.0006012823621218016,0.001214683505607411,-9.345767950567322e-5,0.026376016191772236,0.0004514110911218772,0.00040215827377786237,0.002668151785961616,0.0009370932961764761,0.00035989114710335607,0.0011982805863754425,0.006329232248538319,-0.0010396105740334799,0.000976570999691717,0.0018230508626202334,0.0015892617453379598,0.0007572653830618272,0.0021323532597957236,0.00014648530415986393,0.0033672797196204326,0.0004478306004465993,0.0011607240461478754,-0.0002823546015146012,1.3002771086881732e-5,0.0004514110911218772,0.002125293435966853,-0.00015268089578706904,-1.1900279146812563e-5,0.0003344856555604401,-0.00011979907738605375,-0.00035218800276392946,0.0013044165385197027,0.0007115056741852664,0.0010492652712460289,0.0003933019182127092,0.000748269603540869,0.0003708054799372158,0.0001684276377421319,-0.00031364442372677087,0.0004844450034376109,0.00010176899643525904,0.0006728650881513376,0.000272799613067534,0.0005517591052252108,0.00040215827377786237,-0.00015268089578706904,0.003516603586769196,-0.0010966935602823927,4.5851606622645466e-5,0.000738100214060904,0.00027716562495713396,0.0015166817924470084,0.0012680915122525813,0.0001345627337161433,0.0005644002352689054,0.00013727856011106756,0.0007674810334710997,0.0005935704005854655,0.00019482205985675935,0.0007529545578333224,0.0008515862283885163,0.0008278253021338001,0.0007771614585322503,0.0005265454979421318,0.002668151785961616,-1.1900279146812563e-5,-0.0010966935602823927,0.012149331245618422,0.00022027850802520038,0.00022388840317728723,0.002282479777027385,0.002045078951705835,0.002531524387035358,0.0012173160675287987,-0.000591428623363411,0.0018468979770656449,0.0008483343092994373,0.0014237920332726929,0.0007410970665179906,0.001376148498689461,0.0010389159730410152,-0.00041035802616764405,-6.694801946011994e-5,0.0001239929602460646,0.0009370932961764761,0.0003344856555604401,4.5851606622645466e-5,0.00022027850802520038,0.0026706243209801187,-0.00022619674010985612,0.00011565180775100306,0.0008440413819425666,0.0001779913492663947,8.305298881078171e-5,0.0006210666699983072,-0.0002193902862057899,2.0723706955073676e-5,0.0004934179269129196,2.034789730744636e-5,6.956593213162772e-5,1.082348602852562e-6,0.0002438270142171528,0.0004009202382279586,0.000437009693868765,0.00035989114710335607,-0.00011979907738605375,0.000738100214060904,0.00022388840317728723,-0.00022619674010985612,0.0020244896977964087,0.0009392861994629149,0.0014801733709393539,0.0006933494144801134,0.0003451052126790167,-9.092336414976185e-6,0.0008307407781382694,0.0005850775963244453,0.0007084322657393172,0.00022192604543513032,8.495508490320296e-5,0.00024457100095789453,0.00034320623092437606,0.0006325682418489765,0.0002901618945297985,0.0011982805863754425,-0.00035218800276392946,0.00027716562495713396,0.002282479777027385,0.00011565180775100306,0.0009392861994629149,0.00798472963685112,0.0017951183149235257,0.001096118470910489,0.0005231781844714161,-0.00028985078907490917,0.0011775303402756024,0.0003526179711029286,0.001008856648381463,9.314770010063673e-5,0.0006521947751324632,0.0002760623634138777,-0.0003628292790184063,0.0003025888815678157,0.0010503954093103428,0.006329232248538319,0.0013044165385197027,0.0015166817924470084,0.002045078951705835,0.0008440413819425666,0.0014801733709393539,0.0017951183149235257,0.016064830772401943,0.000632380341769653,0.00024152415450873308,0.0005425247519989947,0.0010895532291997142,0.001395124606364719,0.0014503677824413482,-0.00046284647107230697,-0.0005401496342549278,0.00053981843167373,0.0012892927248640959,0.00030261491393407267,0.00012530263659185864,-0.0010396105740334799,0.0007115056741852664,0.0012680915122525813,0.002531524387035358,0.0001779913492663947,0.0006933494144801134,0.001096118470910489,0.000632380341769653,0.02153761284414875,0.003063482855159563,0.0016920773370126506,0.0030133325586760244,0.0016751109254362858,-0.00031427302814209684,-0.0004657858677229979,0.0025016739579818738,0.001693422046884343,0.0004750914042177307,0.00044076591143709667,0.001052107899677582,0.000976570999691717,0.0010492652712460289,0.0001345627337161433,0.0012173160675287987,8.305298881078171e-5,0.0003451052126790167,0.0005231781844714161,0.00024152415450873308,0.003063482855159563,0.010181705626524666,0.000782797439125456,0.002341620917743217,0.0010637119806693172,0.0009474542807462227,0.00027558654237539983,0.0015665131852367399,0.0002625240406261654,0.0010952522639838028,0.0004768876631204967,0.00026379845488628943,0.0018230508626202334,0.0003933019182127092,0.0005644002352689054,-0.000591428623363411,0.0006210666699983072,-9.092336414976185e-6,-0.00028985078907490917,0.0005425247519989947,0.0016920773370126506,0.000782797439125456,0.0037211246635717662,0.0007532312229394486,0.0005601930253331712,0.00017166944464853788,0.0004601699104533291,0.0007468585398740426,0.00039052670801430634,0.0003197213557632105,0.0005545549968993392,0.0003516503131173589,0.0015892617453379598,0.000748269603540869,0.00013727856011106756,0.0018468979770656449,-0.0002193902862057899,0.0008307407781382694,0.0011775303402756024,0.0010895532291997142,0.0030133325586760244,0.002341620917743217,0.0007532312229394486,0.012360241537021931,0.0015506301601849785,0.00029044954937223577,0.0010903898178428678,5.346213018602797e-6,0.0020765685911828544,0.0003408291050802248,0.0005998900051762124,0.0009965307994669488,0.0007572653830618272,0.0003708054799372158,0.0007674810334710997,0.0008483343092994373,2.0723706955073676e-5,0.0005850775963244453,0.0003526179711029286,0.001395124606364719,0.0016751109254362858,0.0010637119806693172,0.0005601930253331712,0.0015506301601849785,0.003212493012241994,0.0005125177577598447,7.572608430811984e-5,0.0009617167935239852,0.000682349649422644,0.00032524239925179856,0.00015675489256641682,0.0005077567554880726,0.0021323532597957236,0.0001684276377421319,0.0005935704005854655,0.0014237920332726929,0.0004934179269129196,0.0007084322657393172,0.001008856648381463,0.0014503677824413482,-0.00031427302814209684,0.0009474542807462227,0.00017166944464853788,0.00029044954937223577,0.0005125177577598447,0.007927887131361213,0.00032501100531893035,0.0006350723402158828,0.0006982072113572099,0.00019246397178888773,0.0004930473727256778,0.00011890912201904036,0.00014648530415986393,-0.00031364442372677087,0.00019482205985675935,0.0007410970665179906,2.034789730744636e-5,0.00022192604543513032,9.314770010063673e-5,-0.00046284647107230697,-0.0004657858677229979,0.00027558654237539983,0.0004601699104533291,0.0010903898178428678,7.572608430811984e-5,0.00032501100531893035,0.0037520650731289558,0.0005975296325094667,0.0006369016606635301,-0.0001470099867639168,0.0001308316957894634,0.0014860856854032518,0.0033672797196204326,0.0004844450034376109,0.0007529545578333224,0.001376148498689461,6.956593213162772e-5,8.495508490320296e-5,0.0006521947751324632,-0.0005401496342549278,0.0025016739579818738,0.0015665131852367399,0.0007468585398740426,5.346213018602797e-6,0.0009617167935239852,0.0006350723402158828,0.0005975296325094667,0.012135341701947943,-8.499845901345645e-5,0.0002680029294897932,0.00026338592682449154,-0.00015024722955950923,0.0004478306004465993,0.00010176899643525904,0.0008515862283885163,0.0010389159730410152,1.082348602852562e-6,0.00024457100095789453,0.0002760623634138777,0.00053981843167373,0.001693422046884343,0.0002625240406261654,0.00039052670801430634,0.0020765685911828544,0.000682349649422644,0.0006982072113572099,0.0006369016606635301,-8.499845901345645e-5,0.0068241174995052716,5.2946845621707725e-5,0.00018953920862848907,0.0006012823621218016,0.0011607240461478754,0.0006728650881513376,0.0008278253021338001,-0.00041035802616764405,0.0002438270142171528,0.00034320623092437606,-0.0003628292790184063,0.0012892927248640959,0.0004750914042177307,0.0010952522639838028,0.0003197213557632105,0.0003408291050802248,0.00032524239925179856,0.00019246397178888773,-0.0001470099867639168,0.0002680029294897932,5.2946845621707725e-5,0.004021005423378555
