0.00971576320954035,0.0014255181433838796,1.2732195927733157e-5,0.0005311391820899244,0.0002400227982222171,0.0010475678128688258,0.003643146175476445,0.00021084852723141613,0.0005281928664545124,0.0004925611253350428,0.0004908286488227752,0.0013187854568991785,0.00039938265981593555,0.002987021459681523,0.000384567346163417,0.0010723419815071552,0.0010059745144564971,0.00035757887182306654,0.002018114688968532,0.0011476639251252576,0.0014255181433838796,0.01138841895495214,0.00047326484390285367,0.00046654599717522267,-0.0002053112097629378,0.0008003570080688118,0.0027434740499735636,0.0007506918796940897,-0.0007719160864783641,0.00037836655123604253,0.00010707431490595259,0.001106089963797163,0.001254266131741,0.001003906324944062,-0.00032835928689863583,0.0004466578362344269,0.0007943055348766922,0.00035619499637976965,0.0007578069963692089,0.0020001829534525804,1.2732195927733157e-5,0.00047326484390285367,0.001715388064613861,0.00011629250009533324,0.0002286610379048121,0.00017158007118914034,0.0006920729013051815,8.06585016587188e-5,7.142099830636115e-5,0.0003007163672656778,0.0005435857775194718,0.00033789707253314863,0.0005822431719344149,0.0007903309506845848,-3.3346891870856196e-5,0.0007659337625175002,0.0001613583215653121,0.00029927805314535047,0.00038695025655067285,0.0009527166616023618,0.0005311391820899244,0.00046654599717522267,0.00011629250009533324,0.004078422844312027,-0.0001886949534108146,0.00010170919890036738,0.0008492799006350343,0.0005456178877937283,2.9833472962164456e-5,0.00014556295979364087,-0.0003837101768831614,-0.00013299675350455164,0.0005908318430947492,0.0009158519404950184,0.00024881598251544996,-0.00014255349431886174,0.0006787901540436696,-0.0002303953253415497,0.00032897496760664655,0.0001507918611839017,0.0002400227982222171,-0.0002053112097629378,0.0002286610379048121,-0.0001886949534108146,0.0020570930070634656,2.9455921597898797e-5,0.0012131078824291386,0.0002682943857571069,0.00031634897428454436,0.00041361043108432906,0.00043652126556678996,-0.00029161541159112187,5.282713310477655e-5,0.00019732198952695395,0.000497466923543711,0.00042313414455583137,0.00012922239760224726,0.00012614054998843761,0.0008829494144135168,-0.00041505006935206004,0.0010475678128688258,0.0008003570080688118,0.00017158007118914034,0.00010170919890036738,2.9455921597898797e-5,0.0020798722472819787,0.0012500370774058552,-6.484129879253215e-6,-6.377703445220256e-5,0.00014467663279157272,0.0005163201488570844,0.00022779885434115522,0.00022478693913078858,0.0008414473997471906,0.00016802845686651315,0.0003328941140813783,0.00033735434336876744,0.00019878707407774325,0.0004909487718532491,0.000696718305629994,0.003643146175476445,0.0027434740499735636,0.0006920729013051815,0.0008492799006350343,0.0012131078824291386,0.0012500370774058552,0.03272027403498921,-0.0008211140212216776,0.001287956318208322,0.0003553986191576313,-0.0011232809174595254,-0.0003580441623236057,0.0009138359137863822,0.0028776897805723152,-0.0009601668595044981,0.0037506717450216287,0.002071282639722547,0.0010078328164318093,0.002117171884905602,0.0004183107623614747,0.00021084852723141613,0.0007506918796940897,8.06585016587188e-5,0.0005456178877937283,0.0002682943857571069,-6.484129879253215e-6,-0.0008211140212216776,0.002686565225696103,3.468284952253272e-6,0.00019517702657367034,0.0005967093092406273,8.203170152649801e-5,0.00041619975841984734,0.0007677964915505317,0.0004065434015791242,0.0004289802106274732,0.00042819953190425777,-0.00015986120908323967,0.0006630429226326525,0.0008502953163521036,0.0005281928664545124,-0.0007719160864783641,7.142099830636115e-5,2.9833472962164456e-5,0.00031634897428454436,-6.377703445220256e-5,0.001287956318208322,3.468284952253272e-6,0.006530230231806756,0.00037075882153022514,0.0002975989352494404,0.0006376872525134992,0.0005594511043781321,0.00047986051509715685,0.0006918287833720101,0.0011915920311774285,0.0006373617661623741,8.469477620679907e-5,0.0005437892634610771,0.00047695756382388696,0.0004925611253350428,0.00037836655123604253,0.0003007163672656778,0.00014556295979364087,0.00041361043108432906,0.00014467663279157272,0.0003553986191576313,0.00019517702657367034,0.00037075882153022514,0.004795145794509154,0.0002503624429094873,-0.0001090965683721783,0.00044133926155635016,0.0001894243679791169,0.0006878212689090961,0.0007548353829289617,0.0002749755111396293,-4.460971498341431e-5,0.0005934857014383214,-0.0001975004561997064,0.0004908286488227752,0.00010707431490595259,0.0005435857775194718,-0.0003837101768831614,0.00043652126556678996,0.0005163201488570844,-0.0011232809174595254,0.0005967093092406273,0.0002975989352494404,0.0002503624429094873,0.015574755256153303,0.000296956686460069,0.00047942113227765476,0.0016774843338463528,0.000421983087079397,8.063955400295402e-5,0.00043056263422583304,-0.0002750237533682286,0.0007700247517706685,0.0014340393859250378,0.0013187854568991785,0.001106089963797163,0.00033789707253314863,-0.00013299675350455164,-0.00029161541159112187,0.00022779885434115522,-0.0003580441623236057,8.203170152649801e-5,0.0006376872525134992,-0.0001090965683721783,0.000296956686460069,0.007153900837272203,0.00048424474461481137,0.0003928251404371255,0.0002481929674457879,-0.0004580481388389736,0.000756917867686122,0.0005747584883946833,0.0007430377754047739,0.00018348143951068058,0.00039938265981593555,0.001254266131741,0.0005822431719344149,0.0005908318430947492,5.282713310477655e-5,0.00022478693913078858,0.0009138359137863822,0.00041619975841984734,0.0005594511043781321,0.00044133926155635016,0.00047942113227765476,0.00048424474461481137,0.007793479313084984,0.0017971670822799018,0.0009809408157571053,0.0020140056239649727,0.0008950138339148337,0.0004847237017153349,0.0006331682977055376,0.0014547654507856213,0.002987021459681523,0.001003906324944062,0.0007903309506845848,0.0009158519404950184,0.00019732198952695395,0.0008414473997471906,0.0028776897805723152,0.0007677964915505317,0.00047986051509715685,0.0001894243679791169,0.0016774843338463528,0.0003928251404371255,0.0017971670822799018,0.010567181613549557,0.0005123179013194576,0.0019644593905241148,0.0006586598470187609,8.936668411108909e-5,0.0009143991690730211,0.0018138687761897762,0.000384567346163417,-0.00032835928689863583,-3.3346891870856196e-5,0.00024881598251544996,0.000497466923543711,0.00016802845686651315,-0.0009601668595044981,0.0004065434015791242,0.0006918287833720101,0.0006878212689090961,0.000421983087079397,0.0002481929674457879,0.0009809408157571053,0.0005123179013194576,0.005312513842592307,0.00026088044368218367,0.0005574072935782255,-0.00016501054900640457,0.0013459451576316608,0.0008721730009362721,0.0010723419815071552,0.0004466578362344269,0.0007659337625175002,-0.00014255349431886174,0.00042313414455583137,0.0003328941140813783,0.0037506717450216287,0.0004289802106274732,0.0011915920311774285,0.0007548353829289617,8.063955400295402e-5,-0.0004580481388389736,0.0020140056239649727,0.0019644593905241148,0.00026088044368218367,0.013296409690644986,-0.00018479779583235482,0.0005629907966941069,-0.00030472630619455095,0.0012217882507355093,0.0010059745144564971,0.0007943055348766922,0.0001613583215653121,0.0006787901540436696,0.00012922239760224726,0.00033735434336876744,0.002071282639722547,0.00042819953190425777,0.0006373617661623741,0.0002749755111396293,0.00043056263422583304,0.000756917867686122,0.0008950138339148337,0.0006586598470187609,0.0005574072935782255,-0.00018479779583235482,0.005116789158008204,0.00023455180356911226,0.0010166700677019373,0.0007482639238132619,0.00035757887182306654,0.00035619499637976965,0.00029927805314535047,-0.0002303953253415497,0.00012614054998843761,0.00019878707407774325,0.0010078328164318093,-0.00015986120908323967,8.469477620679907e-5,-4.460971498341431e-5,-0.0002750237533682286,0.0005747584883946833,0.0004847237017153349,8.936668411108909e-5,-0.00016501054900640457,0.0005629907966941069,0.00023455180356911226,0.0014799701419274587,0.000801524422064488,0.0009106048143365953,0.002018114688968532,0.0007578069963692089,0.00038695025655067285,0.00032897496760664655,0.0008829494144135168,0.0004909487718532491,0.002117171884905602,0.0006630429226326525,0.0005437892634610771,0.0005934857014383214,0.0007700247517706685,0.0007430377754047739,0.0006331682977055376,0.0009143991690730211,0.0013459451576316608,-0.00030472630619455095,0.0010166700677019373,0.000801524422064488,0.011961651983518144,0.0027166164088032467,0.0011476639251252576,0.0020001829534525804,0.0009527166616023618,0.0001507918611839017,-0.00041505006935206004,0.000696718305629994,0.0004183107623614747,0.0008502953163521036,0.00047695756382388696,-0.0001975004561997064,0.0014340393859250378,0.00018348143951068058,0.0014547654507856213,0.0018138687761897762,0.0008721730009362721,0.0012217882507355093,0.0007482639238132619,0.0009106048143365953,0.0027166164088032467,0.02600529157869623
