0.024494680502238936,-0.0006933681400160972,0.008387817588107959,0.0030038867332307677,0.003832252687194492,0.016924257978425977,0.0003192304750747605,0.0019958843701850006,0.003020263803345617,0.009540760620027289,0.0008598307212648632,0.010014589217273282,-0.0005900402420075869,0.015975169609142373,-0.000668592823041143,0.002343624115874636,0.007647126505112113,0.003340700807349598,0.0033915986906105262,0.0039203560414495815,-0.0006933681400160972,0.016982220294087965,0.0018834899881821057,0.0013552307039289085,0.005580991931432375,0.004995443804603135,0.005523576478949651,0.0020727366461801436,0.009199880713335598,0.002546683067248312,0.005205645158367151,-0.000588505871498167,0.00429507737265492,0.005440328981398249,0.005796607885058298,0.0001941562566805083,0.011810066001150043,0.0019410857253616743,0.01735194191104032,1.82442361676503e-5,0.008387817588107959,0.0018834899881821057,0.023602079126222173,0.0030779837272879047,0.0037187357960583346,0.013638613620883849,0.003935543228862572,0.005221288505948942,0.003017678580572057,0.0017932873431697922,-0.0005479048373200486,0.006041331420159824,-0.0005046310966417277,0.013331316041061973,-0.00039861434473669334,0.0023991580121946222,0.006058414184771035,0.00877603124144386,0.009062323196239935,0.0115998082846222,0.0030038867332307677,0.0013552307039289085,0.0030779837272879047,0.007328333726878477,0.0010410222132429643,0.010860731650433213,0.00437482062642023,0.0012383103793374476,0.0031715580182696793,0.0026751059549518256,0.0004246946085419435,0.0050719300205349285,0.0005140476177053432,0.0047227630836400355,0.00035458719472700303,0.0021638886040333855,0.0024533429216868977,0.0022417343770937815,0.006639887055254723,0.004577102120379891,0.003832252687194492,0.005580991931432375,0.0037187357960583346,0.0010410222132429643,0.011146772985588426,0.00761952479944103,0.0009126214832047691,0.0010330894565665533,0.0046351387180347415,0.0013106016239209893,0.003341041427297938,0.0017019278882488026,0.0013064113243269468,0.00818628685996649,0.003409948143806217,0.0007070843997714811,0.008182632539187714,0.0014211098218349983,0.006277741593640126,0.0039123127999810044,0.016924257978425977,0.004995443804603135,0.013638613620883849,0.010860731650433213,0.00761952479944103,0.06946586076621684,0.011057412761303023,0.006409524465946821,0.012547548498138867,0.007524080266056104,0.001348128579678593,0.017820942668917466,0.0007028201718021446,0.022465817741709325,-0.000311067788234812,0.005808289467335777,0.007727986133527008,0.007984271935986933,0.01142024203481782,0.015147717969376438,0.0003192304750747605,0.005523576478949651,0.003935543228862572,0.00437482062642023,0.0009126214832047691,0.011057412761303023,0.01383737072183819,0.0037589764412089338,0.006306186130218134,0.00590793765615586,0.00024096503797159353,0.005064765551310652,0.001125474268657533,0.004510183937352393,0.002485989514134535,0.002776065455441017,0.004152324298491336,0.006294427533047433,0.01417514427502295,0.00350083709093053,0.0019958843701850006,0.0020727366461801436,0.005221288505948942,0.0012383103793374476,0.0010330894565665533,0.006409524465946821,0.0037589764412089338,0.006195298538621514,0.0016888211790148607,0.0004125913270681461,-0.00044952643057157623,0.0003973672879700595,8.51060025934802e-5,0.0048580093968153895,0.00024625156734248285,0.001097498237727122,0.0021162008847091414,0.0056449511015625245,0.007426011319963496,0.004024496465797837,0.003020263803345617,0.009199880713335598,0.003017678580572057,0.0031715580182696793,0.0046351387180347415,0.012547548498138867,0.006306186130218134,0.0016888211790148607,0.015257173173341498,0.003684299827123233,0.0034706828095980033,0.0020058723250893974,0.00254486352755187,0.006547737303968298,0.0033501042527630982,0.0013120391995256038,0.009772311046052045,0.0031670577620183825,0.017038872037524404,-0.0019344660155851457,0.009540760620027289,0.002546683067248312,0.0017932873431697922,0.0026751059549518256,0.0013106016239209893,0.007524080266056104,0.00590793765615586,0.0004125913270681461,0.003684299827123233,0.023840331386201775,0.0010008264093284453,0.008964515497136703,0.0006961016252639951,0.0051199321848839395,0.0004107794721561051,0.0025757373785205923,0.0070989194354652806,0.002718048581562364,0.006432412621909747,-0.0034731525295953994,0.0008598307212648632,0.005205645158367151,-0.0005479048373200486,0.0004246946085419435,0.003341041427297938,0.001348128579678593,0.00024096503797159353,-0.00044952643057157623,0.0034706828095980033,0.0010008264093284453,0.0038686667326887406,-0.0010562512753015747,0.002090381192704111,0.0026113523728831037,0.0026755493753071995,-0.00025092466548622805,0.005353908965629639,-0.0012564479782206897,0.006046822828585375,-0.0011539214742056318,0.010014589217273282,-0.000588505871498167,0.006041331420159824,0.0050719300205349285,0.0017019278882488026,0.017820942668917466,0.005064765551310652,0.0003973672879700595,0.0020058723250893974,0.008964515497136703,-0.0010562512753015747,0.023998905285931467,-0.0011507945139066769,0.013757129608600642,-0.001308608675166205,0.0033212009834339244,0.003802498417741526,0.0031507962299648726,-0.0013015281820421493,0.009103618676541459,-0.0005900402420075869,0.00429507737265492,-0.0005046310966417277,0.0005140476177053432,0.0013064113243269468,0.0007028201718021446,0.001125474268657533,8.51060025934802e-5,0.00254486352755187,0.0006961016252639951,0.002090381192704111,-0.0011507945139066769,0.002617444683699088,0.000582606961131852,0.0018302090834432755,-0.00015729985755157572,0.0035307267465652064,-0.0005561504735879426,0.005640937117957655,-0.0008907538519879305,0.015975169609142373,0.005440328981398249,0.013331316041061973,0.0047227630836400355,0.00818628685996649,0.022465817741709325,0.004510183937352393,0.0048580093968153895,0.006547737303968298,0.0051199321848839395,0.0026113523728831037,0.013757129608600642,0.000582606961131852,0.037800848652848176,0.0016677039858693447,0.003614027175334803,0.015178371726196963,0.005887174121614711,0.005948170332658587,0.013719093113779841,-0.000668592823041143,0.005796607885058298,-0.00039861434473669334,0.00035458719472700303,0.003409948143806217,-0.000311067788234812,0.002485989514134535,0.00024625156734248285,0.0033501042527630982,0.0004107794721561051,0.0026755493753071995,-0.001308608675166205,0.0018302090834432755,0.0016677039858693447,0.006106320360125388,-0.0001109272779175527,0.005290604020985752,0.0005567156983031698,0.00739583905430914,-0.0014147314358157895,0.002343624115874636,0.0001941562566805083,0.0023991580121946222,0.0021638886040333855,0.0007070843997714811,0.005808289467335777,0.002776065455441017,0.001097498237727122,0.0013120391995256038,0.0025757373785205923,-0.00025092466548622805,0.0033212009834339244,-0.00015729985755157572,0.003614027175334803,-0.0001109272779175527,0.002571682738095025,0.002156694242426653,0.0024504225114892037,0.0037413161339544445,0.002068357404781004,0.007647126505112113,0.011810066001150043,0.006058414184771035,0.0024533429216868977,0.008182632539187714,0.007727986133527008,0.004152324298491336,0.0021162008847091414,0.009772311046052045,0.0070989194354652806,0.005353908965629639,0.003802498417741526,0.0035307267465652064,0.015178371726196963,0.005290604020985752,0.002156694242426653,0.02441965674081566,0.003406608612911529,0.015955718747798178,0.0019304383203781667,0.003340700807349598,0.0019410857253616743,0.00877603124144386,0.0022417343770937815,0.0014211098218349983,0.007984271935986933,0.006294427533047433,0.0056449511015625245,0.0031670577620183825,0.002718048581562364,-0.0012564479782206897,0.0031507962299648726,-0.0005561504735879426,0.005887174121614711,0.0005567156983031698,0.0024504225114892037,0.003406608612911529,0.012936142392731095,0.010177119027282095,0.004724180746803667,0.0033915986906105262,0.01735194191104032,0.009062323196239935,0.006639887055254723,0.006277741593640126,0.01142024203481782,0.01417514427502295,0.007426011319963496,0.017038872037524404,0.006432412621909747,0.006046822828585375,-0.0013015281820421493,0.005640937117957655,0.005948170332658587,0.00739583905430914,0.0037413161339544445,0.015955718747798178,0.010177119027282095,0.06681157838844286,-0.00324780376364202,0.0039203560414495815,1.82442361676503e-5,0.0115998082846222,0.004577102120379891,0.0039123127999810044,0.015147717969376438,0.00350083709093053,0.004024496465797837,-0.0019344660155851457,-0.0034731525295953994,-0.0011539214742056318,0.009103618676541459,-0.0008907538519879305,0.013719093113779841,-0.0014147314358157895,0.002068357404781004,0.0019304383203781667,0.004724180746803667,-0.00324780376364202,0.03366215287682806
0.023439538967624317,0.001232795943604312,0.0005663033106244834,0.0027584125060624775,0.003007297487492593,0.005330033625384292,0.005468846532648739,0.0025097463225849624,-0.0013004980837801805,-0.00036945651525805995,-4.197406437872074e-5,0.0038943072982669394,0.000985968171836485,-0.00547814314863706,0.0028755649577580393,0.0017601018369045283,-0.00012497135550937252,0.004069677875451688,0.00214724828789299,0.004249577145690206,0.001232795943604312,0.007820508961595581,0.0014209959622437584,-0.0003224003655786719,0.0006896532455554596,-0.001075609283402162,1.692642336650604e-5,0.0001906201366599221,0.0005728094763950304,-0.0017478549819645675,0.00037978483575971884,-0.0009389898926422996,-2.8158217305810787e-5,-0.002621294103484574,0.0008689868746425704,0.0009022818832042194,-0.0023032967813620387,0.0013804477705983348,0.0004929602039861539,-0.001656470382583213,0.0005663033106244834,0.0014209959622437584,0.019336412776155127,0.001970356283768497,0.003638860292909216,-0.00021484976665262203,0.0031191250832603807,0.002577444980569326,0.002705780548235829,0.003207340072192846,0.0011833004082377366,0.0036566491949304902,0.0013145226597120771,0.004635289201380574,0.0021903785868776443,0.002627679610613722,0.0008714716316168992,-0.0006429520942744066,1.3039023328414113e-6,0.0022099287559210062,0.0027584125060624775,-0.0003224003655786719,0.001970356283768497,0.007063222694303904,0.00124200283590382,-0.00014240244750337997,0.0022182924806151585,0.0021683448962013063,-9.584049965029288e-6,0.0044513279422106825,0.0007095421923578882,0.0011492175000222167,0.00023476094070971903,0.006083710784998614,0.0006460851584137443,0.0010869615672068553,0.0008786233686415297,0.00015649195880529073,-0.0013584639626589424,0.003292854149106065,0.003007297487492593,0.0006896532455554596,0.003638860292909216,0.00124200283590382,0.010000406463183157,0.009241644835682078,0.002258279498071862,0.001631318341746605,0.0012080445421696505,0.0036181376021241973,-0.00013392118775783918,0.0010127653336990524,0.0010836995004776017,0.006344886309719744,0.001533606397454175,0.0010684239985610806,0.0019099310603889305,0.000328168631224937,0.0022941004305259147,-0.00024990961624103187,0.005330033625384292,-0.001075609283402162,-0.00021484976665262203,-0.00014240244750337997,0.009241644835682078,0.04743340239603416,0.004623109626831047,0.001863418876084925,0.0023484087187751026,0.000831268270636606,-6.20522171573776e-5,-0.0023539585529342632,0.0015947596446234703,0.004928292598450654,0.0005100681318188666,0.001132379180832634,0.006725090913805624,0.0008942732986196732,-0.0038845157835680974,-0.010499258617833948,0.005468846532648739,1.692642336650604e-5,0.0031191250832603807,0.0022182924806151585,0.002258279498071862,0.004623109626831047,0.008695219037328865,0.001168413170750297,0.001619178192959883,0.0005005656225416723,6.572027681053268e-5,0.0006519645615558195,0.0012950390923583428,0.00351693922773693,0.0014408010622556761,0.002140632078765567,0.0006431864095780393,0.0012235718413818883,-0.0011810164755063127,0.00014159641332815552,0.0025097463225849624,0.0001906201366599221,0.002577444980569326,0.0021683448962013063,0.001631318341746605,0.001863418876084925,0.001168413170750297,0.0050551298879140056,0.0018322918242213492,0.002661018785202084,0.000792972331508809,0.003303470522050876,-6.134755293888055e-6,0.004860032312809652,0.0018310780001132756,0.001551820908179262,0.00043518231405944506,0.0006217508024388354,-0.0011628429020176891,0.0019896691276246404,-0.0013004980837801805,0.0005728094763950304,0.002705780548235829,-9.584049965029288e-6,0.0012080445421696505,0.0023484087187751026,0.001619178192959883,0.0018322918242213492,0.008498238976062047,0.0010412873117984578,0.0004127315317637367,8.082859318492744e-5,9.30608153152599e-5,0.0032218462105544077,0.0006928652657341099,0.001569567044793988,0.0009043481042559008,-1.730411717150455e-5,-0.0006787119859473399,-0.0007168254230768308,-0.00036945651525805995,-0.0017478549819645675,0.003207340072192846,0.0044513279422106825,0.0036181376021241973,0.000831268270636606,0.0005005656225416723,0.002661018785202084,0.0010412873117984578,0.02925867942246529,0.0014359632208520848,0.003043431891007914,0.0015569327749831905,0.014218997034030234,0.002657517595465588,0.000828532475570962,0.000826768714066919,-0.001316259111093104,0.005539646686231661,0.00912201918191884,-4.197406437872074e-5,0.00037978483575971884,0.0011833004082377366,0.0007095421923578882,-0.00013392118775783918,-6.20522171573776e-5,6.572027681053268e-5,0.000792972331508809,0.0004127315317637367,0.0014359632208520848,0.0016551135726628522,0.000960940307773018,-0.00022430184530923504,0.0015937630457260469,0.0005327168396140503,0.00023630453124893257,-0.0004056796484877897,-0.00026722173355204034,2.0786059712477574e-5,0.0006938411924315949,0.0038943072982669394,-0.0009389898926422996,0.0036566491949304902,0.0011492175000222167,0.0010127653336990524,-0.0023539585529342632,0.0006519645615558195,0.003303470522050876,8.082859318492744e-5,0.003043431891007914,0.000960940307773018,0.016342992386486677,0.000259057025468874,0.0027791026827556154,0.0027975403570426197,0.0009294556694760953,0.0013007717271989376,0.00168251732585244,0.002286579626473507,0.007557595642545594,0.000985968171836485,-2.8158217305810787e-5,0.0013145226597120771,0.00023476094070971903,0.0010836995004776017,0.0015947596446234703,0.0012950390923583428,-6.134755293888055e-6,9.30608153152599e-5,0.0015569327749831905,-0.00022430184530923504,0.000259057025468874,0.001809530101821717,0.0006448219269419416,0.0007818447110883111,0.0006971749573223525,0.00014242657333880468,0.00014821905802629476,0.001903626562924731,7.865066186850172e-5,-0.00547814314863706,-0.002621294103484574,0.004635289201380574,0.006083710784998614,0.006344886309719744,0.004928292598450654,0.00351693922773693,0.004860032312809652,0.0032218462105544077,0.014218997034030234,0.0015937630457260469,0.0027791026827556154,0.0006448219269419416,0.038243843825198305,0.004093747519922562,0.0021982552882383443,0.0020598430338026816,-0.0007677651542106615,0.0009695031320406159,0.0032307126381843345,0.0028755649577580393,0.0008689868746425704,0.0021903785868776443,0.0006460851584137443,0.001533606397454175,0.0005100681318188666,0.0014408010622556761,0.0018310780001132756,0.0006928652657341099,0.002657517595465588,0.0005327168396140503,0.0027975403570426197,0.0007818447110883111,0.004093747519922562,0.005261116812520762,0.00161325796773739,-0.001284685926570928,0.001437838899754218,0.00381139687200765,0.001210482639094899,0.0017601018369045283,0.0009022818832042194,0.002627679610613722,0.0010869615672068553,0.0010684239985610806,0.001132379180832634,0.002140632078765567,0.001551820908179262,0.001569567044793988,0.000828532475570962,0.00023630453124893257,0.0009294556694760953,0.0006971749573223525,0.0021982552882383443,0.00161325796773739,0.0027072543651234554,-0.00034588831327315474,0.0007417829990751146,0.0004178341678917234,-0.00012402465658901656,-0.00012497135550937252,-0.0023032967813620387,0.0008714716316168992,0.0008786233686415297,0.0019099310603889305,0.006725090913805624,0.0006431864095780393,0.00043518231405944506,0.0009043481042559008,0.000826768714066919,-0.0004056796484877897,0.0013007717271989376,0.00014242657333880468,0.0020598430338026816,-0.001284685926570928,-0.00034588831327315474,0.01504473746471558,0.0003675031139122325,-0.00283767322658823,0.0014489289106015206,0.004069677875451688,0.0013804477705983348,-0.0006429520942744066,0.00015649195880529073,0.000328168631224937,0.0008942732986196732,0.0012235718413818883,0.0006217508024388354,-1.730411717150455e-5,-0.001316259111093104,-0.00026722173355204034,0.00168251732585244,0.00014821905802629476,-0.0007677651542106615,0.001437838899754218,0.0007417829990751146,0.0003675031139122325,0.007131678097843226,0.0002105700315080094,-1.1184782909237682e-5,0.00214724828789299,0.0004929602039861539,1.3039023328414113e-6,-0.0013584639626589424,0.0022941004305259147,-0.0038845157835680974,-0.0011810164755063127,-0.0011628429020176891,-0.0006787119859473399,0.005539646686231661,2.0786059712477574e-5,0.002286579626473507,0.001903626562924731,0.0009695031320406159,0.00381139687200765,0.0004178341678917234,-0.00283767322658823,0.0002105700315080094,0.03389756406961558,0.0037063006374903167,0.004249577145690206,-0.001656470382583213,0.0022099287559210062,0.003292854149106065,-0.00024990961624103187,-0.010499258617833948,0.00014159641332815552,0.0019896691276246404,-0.0007168254230768308,0.00912201918191884,0.0006938411924315949,0.007557595642545594,7.865066186850172e-5,0.0032307126381843345,0.001210482639094899,-0.00012402465658901656,0.0014489289106015206,-1.1184782909237682e-5,0.0037063006374903167,0.0275633593073707
0.013813952529797594,-0.0006009559929146187,0.002855878532089066,-0.002731933425368091,-0.0022036308710442626,-0.0019399117935650365,-0.00032586361963118433,-0.002056988139826167,0.0009905742180325145,0.004511081997190462,0.0004674757288159618,0.00026517608253299194,-0.0004394279869649989,0.0034568224235500774,0.0017182304388097813,0.0002768605800562402,-0.003109841920572278,-0.001061357730591339,-0.0003399839139702031,-0.0018294935266364352,-0.0006009559929146187,0.008999460249270484,-0.0044188766350093805,0.0012163044618945249,0.0019126738776113717,-0.004088022194751016,-0.0009103219538511341,0.0015583775908738857,-0.002794446455819702,-0.000943539968902888,-0.0013140218656441998,-0.0003557283531093438,-0.00034929596833874785,-0.0005265477612189705,-0.0005782875885526591,0.00019888477038947886,-0.0001908510993024776,-0.0013215499681959188,0.0025283689028364692,5.6834137808812916e-5,0.002855878532089066,-0.0044188766350093805,0.029080863500119115,-0.0015117775819012379,-0.006715980230353553,0.008683937138200813,-0.0007776437854203724,-0.00035424555646285897,0.008403375706564645,0.00395127730238628,0.004231677029640137,0.005579548939104867,-0.0019651005654840684,0.0054572502436866805,-0.001669657734614684,0.0003219349444667293,-0.00037801448331140856,-0.004467067197717221,0.015434155469141817,0.00590528417352342,-0.002731933425368091,0.0012163044618945249,-0.0015117775819012379,0.007682233097570501,0.0032940223101106947,0.0029138958351536534,-0.0007664068883782244,0.00213357024174567,0.00032982311815514423,-0.0010536725976869213,-0.000456727828422843,0.00043753583138097716,0.0006627342128247202,-0.007744627465511652,0.001618699049199328,-0.00013390993651350984,0.0007593379451848866,0.0026121814640092185,0.002199664095156804,0.0004709512946385677,-0.0022036308710442626,0.0019126738776113717,-0.006715980230353553,0.0032940223101106947,0.012584931895390419,-0.005203381773104006,0.0005104406134428061,0.0009095602474339199,-0.0047879166189299565,0.00014560617279088848,-0.0012901353628227427,-0.002785450193265776,0.0008674639977912385,-0.008594814554741086,0.0025308888501995646,0.00045082741998998224,-0.0008717752612589722,0.0017320119988508261,-0.003941163999017567,-0.0018240446583701003,-0.0019399117935650365,-0.004088022194751016,0.008683937138200813,0.0029138958351536534,-0.005203381773104006,0.04992576374517495,0.0004240182831584014,0.0010031961027895098,0.006828765977875758,0.000653697582699229,0.002940385103662199,0.00969862001995456,-0.0003090999118477091,0.004083022185106842,0.00013468920264117864,0.0015348201605079196,0.0015739358341076552,0.005381075824847621,0.015720414351387497,0.005959691578188521,-0.00032586361963118433,-0.0009103219538511341,-0.0007776437854203724,-0.0007664068883782244,0.0005104406134428061,0.0004240182831584014,0.01019431740086777,-0.001058141564520711,-0.004065760370423077,-0.0006455824068611507,-0.0006311032465142192,0.0019131978439488374,0.00116377076584674,0.0038457859201834017,-0.0007284110223446821,-0.002135749428236808,0.0012223454536940995,0.0008985453378337908,0.0009610610406932834,-0.005178259718611831,-0.002056988139826167,0.0015583775908738857,-0.00035424555646285897,0.00213357024174567,0.0009095602474339199,0.0010031961027895098,-0.001058141564520711,0.004902897078897564,0.00017488990938339594,-0.0010419161898239195,0.00018666444804879057,0.0003452856900585491,-0.0003250980300621804,-0.0041192509589594445,0.0006149127622011881,0.0004842484924927169,-7.370833570392056e-5,-1.8688192563650377e-5,0.0012415083688680567,0.0007993514957807985,0.0009905742180325145,-0.002794446455819702,0.008403375706564645,0.00032982311815514423,-0.0047879166189299565,0.006828765977875758,-0.004065760370423077,0.00017488990938339594,0.012983930252980933,0.00525765313465798,0.0015661639283677188,0.0031375492205991257,-0.000997194779875878,0.00495898501555728,-0.0011010123990376729,0.0003685527472719501,0.0019333917642325006,-0.00043053531228232533,0.009085329858417278,0.008098859681917439,0.004511081997190462,-0.000943539968902888,0.00395127730238628,-0.0010536725976869213,0.00014560617279088848,0.000653697582699229,-0.0006455824068611507,-0.0010419161898239195,0.00525765313465798,0.02603729681035431,-0.0009468559702418561,0.0009335984787983424,-0.0009860375365131407,0.003817982954775833,0.0016397774921905787,-0.0006330746165646799,-0.001315032972460749,0.00032003115884359347,0.009457025801081525,0.00791280468952986,0.0004674757288159618,-0.0013140218656441998,0.004231677029640137,-0.000456727828422843,-0.0012901353628227427,0.002940385103662199,-0.0006311032465142192,0.00018666444804879057,0.0015661639283677188,-0.0009468559702418561,0.0022841749738357854,0.00143525831300341,-0.0005508386715979237,0.0011607700248520885,-0.0002671373058859383,0.0006286372605584724,-0.0006673329782186136,-2.0304714603971138e-5,0.0014854098181446888,0.0008567314816284709,0.00026517608253299194,-0.0003557283531093438,0.005579548939104867,0.00043753583138097716,-0.002785450193265776,0.00969862001995456,0.0019131978439488374,0.0003452856900585491,0.0031375492205991257,0.0009335984787983424,0.00143525831300341,0.01747886907674199,-0.0010122706084659812,0.0012556848886953946,0.0007138319833170247,-0.0010266758787872586,-0.0026689260528917798,-0.00010986940284796748,0.009040097984557838,4.912857638570174e-5,-0.0004394279869649989,-0.00034929596833874785,-0.0019651005654840684,0.0006627342128247202,0.0008674639977912385,-0.0003090999118477091,0.00116377076584674,-0.0003250980300621804,-0.000997194779875878,-0.0009860375365131407,-0.0005508386715979237,-0.0010122706084659812,0.0017860376791701907,0.0008996747146580691,-0.00025044308492218873,-0.000491032443767501,0.0010414229360713322,0.001885583516731347,-0.0021553113559316453,-0.0007975003355216845,0.0034568224235500774,-0.0005265477612189705,0.0054572502436866805,-0.007744627465511652,-0.008594814554741086,0.004083022185106842,0.0038457859201834017,-0.0041192509589594445,0.00495898501555728,0.003817982954775833,0.0011607700248520885,0.0012556848886953946,0.0008996747146580691,0.041376602082367826,-0.00614955799881744,-0.00048391331677887173,0.003124659833608226,0.0007068124009686426,0.006977378412570904,0.00847264134450108,0.0017182304388097813,-0.0005782875885526591,-0.001669657734614684,0.001618699049199328,0.0025308888501995646,0.00013468920264117864,-0.0007284110223446821,0.0006149127622011881,-0.0011010123990376729,0.0016397774921905787,-0.0002671373058859383,0.0007138319833170247,-0.00025044308492218873,-0.00614955799881744,0.005533319080506638,0.0003378137572151691,-0.0018309286723896048,0.0009673911531382496,-0.0037326512763103804,-0.00024801542396416545,0.0002768605800562402,0.00019888477038947886,0.0003219349444667293,-0.00013390993651350984,0.00045082741998998224,0.0015348201605079196,-0.002135749428236808,0.0004842484924927169,0.0003685527472719501,-0.0006330746165646799,0.0006286372605584724,-0.0010266758787872586,-0.000491032443767501,-0.00048391331677887173,0.0003378137572151691,0.002483832453819708,-0.0005087033833040697,0.00016681664484589898,-0.002354488485589865,0.004099733661574404,-0.003109841920572278,-0.0001908510993024776,-0.00037801448331140856,0.0007593379451848866,-0.0008717752612589722,0.0015739358341076552,0.0012223454536940995,-7.370833570392056e-5,0.0019333917642325006,-0.001315032972460749,-0.0006673329782186136,-0.0026689260528917798,0.0010414229360713322,0.003124659833608226,-0.0018309286723896048,-0.0005087033833040697,0.013281883363562945,0.0002672487787697514,0.00019061352897253338,0.0028959044062029982,-0.001061357730591339,-0.0013215499681959188,-0.004467067197717221,0.0026121814640092185,0.0017320119988508261,0.005381075824847621,0.0008985453378337908,-1.8688192563650377e-5,-0.00043053531228232533,0.00032003115884359347,-2.0304714603971138e-5,-0.00010986940284796748,0.001885583516731347,0.0007068124009686426,0.0009673911531382496,0.00016681664484589898,0.0002672487787697514,0.009780766378244292,-0.004399672511306447,0.002605258023383319,-0.0003399839139702031,0.0025283689028364692,0.015434155469141817,0.002199664095156804,-0.003941163999017567,0.015720414351387497,0.0009610610406932834,0.0012415083688680567,0.009085329858417278,0.009457025801081525,0.0014854098181446888,0.009040097984557838,-0.0021553113559316453,0.006977378412570904,-0.0037326512763103804,-0.002354488485589865,0.00019061352897253338,-0.004399672511306447,0.052183937497404784,0.0013657242719612946,-0.0018294935266364352,5.6834137808812916e-5,0.00590528417352342,0.0004709512946385677,-0.0018240446583701003,0.005959691578188521,-0.005178259718611831,0.0007993514957807985,0.008098859681917439,0.00791280468952986,0.0008567314816284709,4.912857638570174e-5,-0.0007975003355216845,0.00847264134450108,-0.00024801542396416545,0.004099733661574404,0.0028959044062029982,0.002605258023383319,0.0013657242719612946,0.0354414536134244
