381.91407608287153,-47.50069269440323,-206.21683504724618,-135.03732028567458,-99.95063337252672,-124.59404924570269,115.37434717187627,225.06541580958566,-194.90770223722024,115.98156450633216,276.4264511187877,-370.33376617538363,98.98072324357524,-194.20901961244283,-97.72671642899037,-60.14035723363166,97.52388164155283,274.7120648163605,-54.884456225016926,32.12450455030201,-47.50069269440323,258.78870210515726,-260.2696924870091,-259.0902737407255,136.05124382591967,200.46714784478098,64.54636295647371,-25.02250941655689,176.89190157136892,-35.89388446927046,-73.38109289411236,-12.896884122745414,-376.4973597483542,-20.958020555964513,81.26881893223914,212.41084268727573,-16.148860991065366,-5.644614586314419,-4.658379547436878,-19.36706380399161,-206.21683504724618,-260.2696924870091,450.4350609890938,310.8028002295629,-76.25553037075838,-113.77231507501486,-115.18915461221339,-214.34168900991804,-0.3820554542153223,-54.25790069476361,-125.71253548915028,256.9969297341714,441.526545820118,105.06421978452848,-18.845932649267315,-250.38248017893645,-43.13553679094558,-146.70422413279647,39.31584464078126,18.554762023446745,-135.03732028567458,-259.0902737407255,310.8028002295629,749.4387687600555,-150.74289523656725,-354.7634464347921,-323.6372138397418,372.23256769872495,-307.2411845241565,108.67888825691192,-54.021582945239345,162.89639174325657,29.783604312164663,208.41663567992202,-45.32557410538535,148.18864761313569,107.40944411988862,-401.90213659972466,71.8672125288452,-170.97796351967415,-99.95063337252672,136.05124382591967,-76.25553037075838,-150.74289523656725,93.15422087436684,147.88661515833886,33.52196140513994,-115.82812229458723,153.5446204188099,-56.68871005312407,-92.36730840021693,71.62949730015237,-160.58917029000432,15.862241867005746,60.15707863755829,71.66374577174281,-43.86485730771528,-23.64383254446313,3.8099318152305686,6.07704816120809,-124.59404924570269,200.46714784478098,-113.77231507501486,-354.7634464347921,147.88661515833886,305.4335296787707,116.99233339476264,-273.9021325089199,167.5090576517383,-144.76229994418824,-39.51193855091179,154.82099820575382,-220.46312948875203,119.52513977078107,62.232446431511626,-56.266156592184956,-221.57949618008192,131.27766880368216,-26.10203971526787,120.23555395742216,115.37434717187627,64.54636295647371,-115.18915461221339,-323.6372138397418,33.52196140513994,116.99233339476264,156.11024600634784,-154.4249091492504,91.06608484893752,-33.81719951442341,71.20518423613625,-114.03242477037419,79.1103800858939,-116.4568975736454,-5.891900354274669,-126.63890498286877,-39.97268090656712,226.62480895025863,-39.85782931429334,91.83805097195307,225.06541580958566,-25.02250941655689,-214.34168900991804,372.23256769872495,-115.82812229458723,-273.9021325089199,-154.4249091492504,663.0878737991733,-422.80593692023905,192.6377936490993,215.38223174214895,-216.0896685213311,-378.75044388860357,74.3173746856391,-76.36370842705503,330.40720872902637,136.45270542604527,-106.1665660718935,2.5325385275715684,-145.82494868406596,-194.90770223722024,176.89190157136892,-0.3820554542153223,-307.2411845241565,153.5446204188099,167.5090576517383,91.06608484893752,-422.80593692023905,677.9521859653328,-39.17499321803264,-436.4120040401443,-37.75196119158325,193.42045881096863,-429.92298563777496,170.1411157615889,152.80941757497038,281.12050482907523,-202.4732789363461,54.489931672191105,-121.18537953377023,115.98156450633216,-35.89388446927046,-54.25790069476361,108.67888825691192,-56.68871005312407,-144.76229994418824,-33.81719951442341,192.6377936490993,-39.17499321803264,102.88318967637314,16.32578888379373,-172.36354583581587,32.3921447885048,-146.09484702096051,-16.93280354781425,122.5718185513397,179.83727865233715,-63.765849885630516,11.170159717771009,-93.88064746145125,276.4264511187877,-73.38109289411236,-125.71253548915028,-54.021582945239345,-92.36730840021693,-39.51193855091179,71.20518423613625,215.38223174214895,-436.4120040401443,16.32578888379373,401.3404038739896,-109.23065204814125,-81.81748656275518,193.8334315051415,-136.26092388525734,-204.97230541654963,-220.1541367273059,353.9343017112537,-76.93517288352712,160.29479397016786,-370.33376617538363,-12.896884122745414,256.9969297341714,162.89639174325657,71.62949730015237,154.82099820575382,-114.03242477037419,-216.0896685213311,-37.75196119158325,-172.36354583581587,-109.23065204814125,490.4476892325378,-144.34886482320815,442.6060451206666,36.91601020917719,-118.1794445318459,-328.62745711344326,-127.9363890358856,22.675063589305097,90.4308110078617,98.98072324357524,-376.4973597483542,441.526545820118,29.783604312164663,-160.58917029000432,-220.46312948875203,79.1103800858939,-378.75044388860357,193.42045881096863,32.3921447885048,-81.81748656275518,-144.34886482320815,1049.2073464189443,-410.1820742982126,-62.54477158140249,-461.7763150036351,228.77920004494223,85.93113441881708,10.96011940413698,32.36644957138659,-194.20901961244283,-20.958020555964513,105.06421978452848,208.41663567992202,15.862241867005746,119.52513977078107,-116.4568975736454,74.3173746856391,-429.92298563777496,-146.09484702096051,193.8334315051415,442.6060451206666,-410.1820742982126,675.5648543376859,-55.57566506233355,-146.075102526884,-506.7450760308165,62.00051244795154,-26.53384195065462,173.1175450623268,-97.72671642899037,81.26881893223914,-18.845932649267315,-45.32557410538535,60.15707863755829,62.232446431511626,-5.891900354274669,-76.36370842705503,170.1411157615889,-16.93280354781425,-136.26092388525734,36.91601020917719,-62.54477158140249,-55.57566506233355,59.384619828790804,104.25828272560459,54.38429993052028,-104.48012658616206,21.43957817115373,-48.453323479887025,-60.14035723363166,212.41084268727573,-250.38248017893645,148.18864761313569,71.66374577174281,-56.266156592184956,-126.63890498286877,330.40720872902637,152.80941757497038,122.5718185513397,-204.97230541654963,-118.1794445318459,-461.7763150036351,-146.075102526884,104.25828272560459,569.8613609309494,297.2150403004298,-366.9592794298165,60.46907217150726,-262.4212628098415,97.52388164155283,-16.148860991065366,-43.13553679094558,107.40944411988862,-43.86485730771528,-221.57949618008192,-39.97268090656712,136.45270542604527,281.12050482907523,179.83727865233715,-220.1541367273059,-328.62745711344326,228.77920004494223,-506.7450760308165,54.38429993052028,297.2150403004298,508.16520315830587,-263.74699645959083,58.29474917885394,-254.11206539326437,274.7120648163605,-5.644614586314419,-146.70422413279647,-401.90213659972466,-23.64383254446313,131.27766880368216,226.62480895025863,-106.1665660718935,-202.4732789363461,-63.765849885630516,353.9343017112537,-127.9363890358856,85.93113441881708,62.00051244795154,-104.48012658616206,-366.9592794298165,-263.74699645959083,519.321832727258,-100.14461893936677,252.8248736285874,-54.884456225016926,-4.658379547436878,39.31584464078126,71.8672125288452,3.8099318152305686,-26.10203971526787,-39.85782931429334,2.5325385275715684,54.489931672191105,11.170159717771009,-76.93517288352712,22.675063589305097,10.96011940413698,-26.53384195065462,21.43957817115373,60.46907217150726,58.29474917885394,-100.14461893936677,20.223111883315735,-48.56186997162088,32.12450455030201,-19.36706380399161,18.554762023446745,-170.97796351967415,6.07704816120809,120.23555395742216,91.83805097195307,-145.82494868406596,-121.18537953377023,-93.88064746145125,160.29479397016786,90.4308110078617,32.36644957138659,173.1175450623268,-48.453323479887025,-262.4212628098415,-254.11206539326437,252.8248736285874,-48.56186997162088,174.918639970654
0.012331043950047001,0.0008533615292795379,-0.0007024173361872947,-0.00048084805584839457,0.000347479327253292,-7.895916973264076e-6,-0.0006171530702998153,-0.0008241523022261918,0.0006954164901683987,-0.0010448669447976344,-6.25150877512997e-5,-0.0004904926458721951,-0.00043618701344430523,0.0009657968352770898,0.0006716633277373234,-0.0002534082933106295,0.002654753548041905,-0.00021198241008762645,-0.0006164640207458854,0.00016977440112288472,0.0008533615292795379,0.007096593318628519,0.0007727151366543333,-3.213458990629527e-5,-0.00010760169404220872,0.00022761157937350535,-0.00032276252540844514,0.0015810049995892267,0.001150584494667526,0.0003210172427514236,7.846322007672366e-5,0.0008548291903591589,0.0007269635115565844,0.0005422267425594727,-0.0002240306518358312,0.00041770269667340987,0.0007916634869989317,-0.0003286535667292983,0.0006120144899137234,0.00010703846440283417,-0.0007024173361872947,0.0007727151366543333,0.0019843359722471255,0.0002273826864946019,0.0002234133135867101,6.521267797133186e-5,0.00044270434086807425,-0.0004776174082310471,0.00010592130551550306,0.0003963802668247908,0.00018702444319348288,-5.421773561788686e-5,0.0003752890206156495,-5.856792903573575e-7,0.00022313892994593802,3.6056721458294854e-5,-0.0004122884228367667,0.0004329865095219749,-0.00032900359565136435,-8.050650149194822e-5,-0.00048084805584839457,-3.213458990629527e-5,0.0002273826864946019,0.005518537395745025,0.000575763624573377,1.6361232015817218e-5,0.0007442214088889064,-0.0004978648290818544,-0.0002633805959230386,0.0002728237257018136,0.00022180592733916942,-4.046106637558414e-5,0.00020334236218274174,0.000612985611486381,0.00033641459158240063,-0.00010929129445449932,-0.0005573014099146629,-0.00015578134063517178,0.0003180913087364062,4.11999760137378e-5,0.000347479327253292,-0.00010760169404220872,0.0002234133135867101,0.000575763624573377,0.002791188710773244,-0.0002223236255562697,0.0008866875263828424,0.001137431066352982,0.0008037570004956485,0.0002693018519255188,0.00035167287229940315,0.0007608770220601272,6.635824625599219e-5,1.959135737600315e-5,0.00024088249164533256,-4.1431922665038695e-5,-2.536255190786535e-5,0.0005221418980869228,0.00021419138457656406,0.00020998356550523795,-7.895916973264076e-6,0.00022761157937350535,6.521267797133186e-5,1.6361232015817218e-5,-0.0002223236255562697,0.0038709227034753905,0.0004613343098149355,0.00015430548226075182,0.0006965987798461589,0.00025735747202277915,-1.0763654623250496e-6,-7.651104979199716e-5,-0.0001381706659087057,0.0002807858351729132,0.00010505528666180075,-2.452502697621863e-5,4.631685411392192e-5,-0.00023257964929029821,-0.00039566603126918866,-0.00015454003202231402,-0.0006171530702998153,-0.00032276252540844514,0.00044270434086807425,0.0007442214088889064,0.0008866875263828424,0.0004613343098149355,0.00794918437167919,0.000247066424817211,0.001030981131144153,0.0007921213670293362,0.0001410748358056209,0.0005238497403936262,0.0007957746057287772,0.000493383561057285,0.00010833142151911229,-5.464391849455316e-5,0.0005473250821786408,0.0005527741626708628,0.0008127874192060851,0.000556870930141932,-0.0008241523022261918,0.0015810049995892267,-0.0004776174082310471,-0.0004978648290818544,0.001137431066352982,0.00015430548226075182,0.000247066424817211,0.007463611614556041,5.792708753746289e-5,-0.0017040437797947237,0.0002839970576695086,-0.0013938413225687805,-0.0005698022765324975,0.00013529252723061422,0.001574990077356589,-0.000907749879461127,0.0010968345086476412,0.0008846445065552575,-0.0012676725298122024,-9.698207024100133e-5,0.0006954164901683987,0.001150584494667526,0.00010592130551550306,-0.0002633805959230386,0.0008037570004956485,0.0006965987798461589,0.001030981131144153,5.792708753746289e-5,0.016406122470783765,0.0018137286085117754,1.2252288317728555e-5,-0.0008952203282908498,-0.000478374978813658,0.0007439977603688884,0.00024596450422521724,0.0003170208689039462,0.00024586551143530497,0.00032874487671386303,0.0001554436015812501,0.000613508233897985,-0.0010448669447976344,0.0003210172427514236,0.0003963802668247908,0.0002728237257018136,0.0002693018519255188,0.00025735747202277915,0.0007921213670293362,-0.0017040437797947237,0.0018137286085117754,0.013365507671233026,-6.619078589053821e-5,0.00022657256916006806,-0.0005379027244353998,-0.0004004230338936836,-1.1946471628154239e-5,0.0002069966946269288,1.3491954046752322e-5,-0.0010171085114283698,0.0002755656166547991,-4.798844260785418e-6,-6.25150877512997e-5,7.846322007672366e-5,0.00018702444319348288,0.00022180592733916942,0.00035167287229940315,-1.0763654623250496e-6,0.0001410748358056209,0.0002839970576695086,1.2252288317728555e-5,-6.619078589053821e-5,0.001220939690127455,4.7637744819060314e-5,0.0002475839112460724,0.00016277808442749088,-8.073716028722443e-5,-6.515891830994875e-6,0.00014942691537235707,0.0003331716130726774,0.00018673507794360133,-0.00015502405299364704,-0.0004904926458721951,0.0008548291903591589,-5.421773561788686e-5,-4.046106637558414e-5,0.0007608770220601272,-7.651104979199716e-5,0.0005238497403936262,-0.0013938413225687805,-0.0008952203282908498,0.00022657256916006806,4.7637744819060314e-5,0.005543689683011415,0.0004735792057294783,0.00010802117540732988,0.0008348161102352859,-0.00022435490644845602,0.00046016010033972404,-0.0002135326545618282,-0.0003477724782179328,-0.00017232928551038043,-0.00043618701344430523,0.0007269635115565844,0.0003752890206156495,0.00020334236218274174,6.635824625599219e-5,-0.0001381706659087057,0.0007957746057287772,-0.0005698022765324975,-0.000478374978813658,-0.0005379027244353998,0.0002475839112460724,0.0004735792057294783,0.0030345497323520194,-0.0002610427001226989,5.58858988737774e-5,7.370575718863082e-5,0.0005225735384822032,0.00010959755926207978,-0.00031088402121146665,-4.736540914876153e-6,0.0009657968352770898,0.0005422267425594727,-5.856792903573575e-7,0.000612985611486381,1.959135737600315e-5,0.0002807858351729132,0.000493383561057285,0.00013529252723061422,0.0007439977603688884,-0.0004004230338936836,0.00016277808442749088,0.00010802117540732988,-0.0002610427001226989,0.006035369192198164,0.00013622729541565046,0.00020361543989837996,5.5511344956759884e-5,-4.035978495323689e-5,0.0009106281015316576,8.785920772109238e-5,0.0006716633277373234,-0.0002240306518358312,0.00022313892994593802,0.00033641459158240063,0.00024088249164533256,0.00010505528666180075,0.00010833142151911229,0.001574990077356589,0.00024596450422521724,-1.1946471628154239e-5,-8.073716028722443e-5,0.0008348161102352859,5.58858988737774e-5,0.00013622729541565046,0.003234967470502857,0.0001478558163756676,0.0005550821204409209,-0.00021305369186339347,0.0002442583857418533,0.00023577362000085436,-0.0002534082933106295,0.00041770269667340987,3.6056721458294854e-5,-0.00010929129445449932,-4.1431922665038695e-5,-2.452502697621863e-5,-5.464391849455316e-5,-0.000907749879461127,0.0003170208689039462,0.0002069966946269288,-6.515891830994875e-6,-0.00022435490644845602,7.370575718863082e-5,0.00020361543989837996,0.0001478558163756676,0.0026060016020994317,0.0003371046569252573,-5.52417335166757e-5,-0.00020823768051214127,5.777583878268761e-5,0.002654753548041905,0.0007916634869989317,-0.0004122884228367667,-0.0005573014099146629,-2.536255190786535e-5,4.631685411392192e-5,0.0005473250821786408,0.0010968345086476412,0.00024586551143530497,1.3491954046752322e-5,0.00014942691537235707,0.00046016010033972404,0.0005225735384822032,5.5511344956759884e-5,0.0005550821204409209,0.0003371046569252573,0.012780119836519535,5.2878119211113004e-5,-0.00026192971032706403,0.00014376881042502267,-0.00021198241008762645,-0.0003286535667292983,0.0004329865095219749,-0.00015578134063517178,0.0005221418980869228,-0.00023257964929029821,0.0005527741626708628,0.0008846445065552575,0.00032874487671386303,-0.0010171085114283698,0.0003331716130726774,-0.0002135326545618282,0.00010959755926207978,-4.035978495323689e-5,-0.00021305369186339347,-5.52417335166757e-5,5.2878119211113004e-5,0.004315224131018429,7.378385444361304e-5,-9.077357860600686e-5,-0.0006164640207458854,0.0006120144899137234,-0.00032900359565136435,0.0003180913087364062,0.00021419138457656406,-0.00039566603126918866,0.0008127874192060851,-0.0012676725298122024,0.0001554436015812501,0.0002755656166547991,0.00018673507794360133,-0.0003477724782179328,-0.00031088402121146665,0.0009106281015316576,0.0002442583857418533,-0.00020823768051214127,-0.00026192971032706403,7.378385444361304e-5,0.005740889698593156,0.0001708804065309767,0.00016977440112288472,0.00010703846440283417,-8.050650149194822e-5,4.11999760137378e-5,0.00020998356550523795,-0.00015454003202231402,0.000556870930141932,-9.698207024100133e-5,0.000613508233897985,-4.798844260785418e-6,-0.00015502405299364704,-0.00017232928551038043,-4.736540914876153e-6,8.785920772109238e-5,0.00023577362000085436,5.777583878268761e-5,0.00014376881042502267,-9.077357860600686e-5,0.0001708804065309767,0.0016768446166371658
1770.6199882837338,-331.4522466186014,380.6980839763902,-318.2624884195873,35.669360973084444,-74.65660323016998,-121.9307105449373,-9.301311829340628,189.9339729557761,-175.13944682588047,-242.55429865068277,69.65785045552386,-291.55968751154705,-185.5786302977911,-22.1027115924362,288.43308567355666,-16.393991071898036,-438.0062439351015,141.35277340877747,-208.9847558925385,-331.4522466186014,1679.3455213085372,81.81234751290715,-153.40292398936722,-90.9782441817369,-323.708791270557,-165.6274266772587,373.2339629737717,-26.991693094768138,-28.902643433669216,-51.72304196163991,-382.8613841809334,90.24499324028146,-363.7369656648188,120.02379896253566,-228.72998184595247,43.31963709101699,-537.7129895620358,120.5301233215948,-268.61371277375247,380.6980839763902,81.81234751290715,1150.4383632537351,-361.4574179400691,-239.4182019274558,-193.78375288965745,183.8501326799986,-245.8146892722984,-582.0063065703295,34.24903511016414,578.6762620275217,-158.4842309449264,-258.42732623909166,454.50537043841257,179.29802800955426,-382.94577605646606,190.09777284134918,-177.84423989521179,31.025311346565395,-25.73090771329796,-318.2624884195873,-153.40292398936722,-361.4574179400691,1329.088688682258,396.1124111062168,196.20504250146777,-115.17883104322719,53.94476587168011,-23.983551762672768,119.67193249062424,-364.71205240126665,-248.79572991482695,-677.0075921294125,494.60145967781693,0.9076903293588466,-59.43117159013019,-234.51978958421762,-260.70949092670213,365.60545511271755,-138.6593630038037,35.669360973084444,-90.9782441817369,-239.4182019274558,396.1124111062168,1650.70462320981,-659.0503743018929,136.59348174418545,118.09990809596185,48.23945052713355,-377.70116076465405,324.4935612348221,325.90550184309916,-261.585253415157,-178.83931599630617,-219.82541679786007,-144.24267374692275,-268.634348179042,-31.899588493652423,-155.17963509330346,-134.96443290685522,-74.65660323016998,-323.708791270557,-193.78375288965745,196.20504250146777,-659.0503743018929,1657.959889459491,-0.6467060245052924,568.8898036848464,132.20325542563128,-49.0382176838435,298.6392915373594,226.6953835542245,-107.13415180920215,69.98771219421812,-115.30545320019078,-59.086691309641644,-159.7295480429125,-365.73507042699686,-289.02560379022293,-199.96025083817727,-121.9307105449373,-165.6274266772587,183.8501326799986,-115.17883104322719,136.59348174418545,-0.6467060245052924,2148.7305923111167,88.21901937041201,-12.895562589628648,117.22844245369976,-167.94146298417863,-116.72599902153493,94.50118012734643,4.65361112495,67.78216366540258,-26.64654289178439,-35.46148978098096,-217.049219902513,-209.26706193329247,23.413640212522843,-9.301311829340628,373.2339629737717,-245.8146892722984,53.94476587168011,118.09990809596185,568.8898036848464,88.21901937041201,1136.823709906349,-527.8853878247645,-618.0961410596955,-124.44057090700873,61.23628357333973,-312.3759857857008,-373.73656017419563,-57.10656373253454,328.23857719181115,166.49103259871893,-157.25779096274215,-294.821590771479,129.44085253030713,189.9339729557761,-26.991693094768138,-582.0063065703295,-23.983551762672768,48.23945052713355,132.20325542563128,-12.895562589628648,-527.8853878247645,2104.63356706863,-43.09038937509134,109.71850283450425,-445.95273939885175,168.3768017919577,-142.9353564294344,-14.039787346912997,-298.43603615776834,45.51782817937074,-212.83845393920095,-267.6539571741025,-51.00738080373491,-175.13944682588047,-28.902643433669216,34.24903511016414,119.67193249062424,-377.70116076465405,-49.0382176838435,117.22844245369976,-618.0961410596955,-43.09038937509134,1825.3175779658739,66.93499781127075,109.93026147959036,-372.04051996694244,-603.0370576821713,-260.7854174817564,-72.4147100937505,-216.52065903408845,11.839100987429056,207.6516680965836,-224.77261165053315,-242.55429865068277,-51.72304196163991,578.6762620275217,-364.71205240126665,324.4935612348221,298.6392915373594,-167.94146298417863,-124.44057090700873,109.71850283450425,66.93499781127075,1795.3260767271777,-121.67650330039956,-121.30479933692409,-64.18602131566004,106.14968882714138,-173.98978472033374,-594.2420414448032,-108.5317915264306,-392.76718826842654,290.4422477111089,69.65785045552386,-382.8613841809334,-158.4842309449264,-248.79572991482695,325.90550184309916,226.6953835542245,-116.72599902153493,61.23628357333973,-445.95273939885175,109.93026147959036,-121.67650330039956,1211.8769563599271,512.1478466935976,-196.93377491750022,-666.3340008326833,-387.751949011785,49.71225041691963,6.205897265360799,-38.25531431658222,-405.27755161745773,-291.55968751154705,90.24499324028146,-258.42732623909166,-677.0075921294125,-261.585253415157,-107.13415180920215,94.50118012734643,-312.3759857857008,168.3768017919577,-372.04051996694244,-121.30479933692409,512.1478466935976,1570.6793851019497,126.44336890198878,-102.18086553827989,4.278252728421806,-490.5012859394047,-50.949555783644975,261.41906532040963,-11.63678601389003,-185.5786302977911,-363.7369656648188,454.50537043841257,494.60145967781693,-178.83931599630617,69.98771219421812,4.65361112495,-373.73656017419563,-142.9353564294344,-603.0370576821713,-64.18602131566004,-196.93377491750022,126.44336890198878,1311.7243827672764,252.14993407473384,-452.67434019479634,60.44294072831915,-103.88432719566403,321.28872011196745,-60.594201551367846,-22.1027115924362,120.02379896253566,179.29802800955426,0.9076903293588466,-219.82541679786007,-115.30545320019078,67.78216366540258,-57.10656373253454,-14.039787346912997,-260.7854174817564,106.14968882714138,-666.3340008326833,-102.18086553827989,252.14993407473384,1191.5344376213545,532.4709152950338,-393.08131616449197,515.1984951872711,-279.4964827748856,-727.1894753863457,288.43308567355666,-228.72998184595247,-382.94577605646606,-59.43117159013019,-144.24267374692275,-59.086691309641644,-26.64654289178439,328.23857719181115,-298.43603615776834,-72.4147100937505,-173.98978472033374,-387.751949011785,4.278252728421806,-452.67434019479634,532.4709152950338,1301.1616370267752,-685.2179807791109,347.0511811020009,83.39676812269686,336.7173456580882,-16.393991071898036,43.31963709101699,190.09777284134918,-234.51978958421762,-268.634348179042,-159.7295480429125,-35.46148978098096,166.49103259871893,45.51782817937074,-216.52065903408845,-594.2420414448032,49.71225041691963,-490.5012859394047,60.44294072831915,-393.08131616449197,-685.2179807791109,1635.7380798027916,376.3666706023703,-395.5359114440409,219.59002507922062,-438.0062439351015,-537.7129895620358,-177.84423989521179,-260.70949092670213,-31.899588493652423,-365.73507042699686,-217.049219902513,-157.25779096274215,-212.83845393920095,11.839100987429056,-108.5317915264306,6.205897265360799,-50.949555783644975,-103.88432719566403,515.1984951872711,347.0511811020009,376.3666706023703,1281.8053036798892,-533.9848073804988,-211.95497956736074,141.35277340877747,120.5301233215948,31.025311346565395,365.60545511271755,-155.17963509330346,-289.02560379022293,-209.26706193329247,-294.821590771479,-267.6539571741025,207.6516680965836,-392.76718826842654,-38.25531431658222,261.41906532040963,321.28872011196745,-279.4964827748856,83.39676812269686,-395.5359114440409,-533.9848073804988,859.078788520924,394.35987610472205,-208.9847558925385,-268.61371277375247,-25.73090771329796,-138.6593630038037,-134.96443290685522,-199.96025083817727,23.413640212522843,129.44085253030713,-51.00738080373491,-224.77261165053315,290.4422477111089,-405.27755161745773,-11.63678601389003,-60.594201551367846,-727.1894753863457,336.7173456580882,219.59002507922062,-211.95497956736074,394.35987610472205,2171.6192334827892
