0.012262163368237955,0.0004566763585690837,0.0006179687600395297,-4.7797849371001595e-5,0.001894311015815533,0.0020712008860217807,0.001711008300380942,0.00048051959794585163,-0.0003798527564065427,0.0025317197606539183,0.0006584852061361123,0.0004250075069913263,-0.0006927528964547243,0.001555583418590335,0.0008837136301992575,0.00023894689753552515,-0.0013102674784403572,0.001825159994443825,0.003664204032906983,-0.00022438098414127118,0.0004566763585690837,0.0069401334359027265,-0.0006011775790387113,0.0016387828506720641,0.0014970145298871932,-0.0020458149605880995,0.0008849501647517685,0.0005989419426357891,-0.0013358841584810647,0.002435708223744887,0.0012629914274978975,-0.001353542579281939,1.7246281970499166e-5,-1.4945866494280282e-5,0.00017582099612056134,-5.98416918503563e-5,0.0007584491703940601,0.0006099789233967509,0.0016493210655014387,-0.00038100593440204176,0.0006179687600395297,-0.0006011775790387113,0.012966776193674222,0.0007182589446511924,0.0007578074399482038,0.002364222881759391,0.0014255168514285743,5.83559900136741e-5,0.0007874132750544161,-0.0012687175275040102,-0.0015905585205077358,-0.0007214171125047516,0.0003865744850562327,-0.0010480868682073165,-0.0006432526054892284,5.678612699381899e-5,0.0021892819719981855,0.001560503789984125,0.004834562376492381,0.002382538770768682,-4.7797849371001595e-5,0.0016387828506720641,0.0007182589446511924,0.004625989114243052,-0.00012810333884000194,-0.0009514299044264437,0.0006746121717993263,0.0002909160837607661,0.00041268693148467075,0.0018150520122522957,0.0007555820650252262,-0.0006578665721834048,0.00023508100382872824,-0.00017692945688717343,-0.00017930510747369609,0.00022174479582387363,0.00033646147169209936,0.000872163495934742,0.0013077043735263934,0.0015283485362697876,0.001894311015815533,0.0014970145298871932,0.0007578074399482038,-0.00012810333884000194,0.008530138633266264,-0.000523939766282882,0.0014326299565678596,0.00036808908597860964,-0.0005988022566242783,0.0022103216132443953,5.894870769124484e-5,-0.002115563681220959,-0.0003803162318589335,-0.001096971150882471,0.0005791901660116962,1.5026321950332298e-5,0.0007090639435974357,-0.0002450417172533452,0.00396312024452021,0.00022865598312476885,0.0020712008860217807,-0.0020458149605880995,0.002364222881759391,-0.0009514299044264437,-0.000523939766282882,0.033070266023215764,0.0011293912846462397,0.0006108133449263863,0.0015571187311197356,-0.0022108992816962164,0.0003215835448681135,0.0012458634044717701,-0.0006531785115313762,0.0005362546456175004,-0.00013647847931463596,0.001591079978917939,-0.002091189649493906,0.0031362054317567016,0.0031393659540550653,0.001412466488152121,0.001711008300380942,0.0008849501647517685,0.0014255168514285743,0.0006746121717993263,0.0014326299565678596,0.0011293912846462397,0.005371873247294476,-0.00030152422861848114,8.230076715955384e-5,0.001496602592216388,-8.763333750409179e-8,-0.0004722980260399597,2.6905165695172834e-5,0.000773202787548509,2.286033121009283e-5,-0.0005272883228472941,0.001738094606031321,0.0007273165720443274,0.0019057131399483715,0.0015016729762265223,0.00048051959794585163,0.0005989419426357891,5.83559900136741e-5,0.0002909160837607661,0.00036808908597860964,0.0006108133449263863,-0.00030152422861848114,0.0030197809821456366,-0.0007714117481106776,-0.00026653066957371745,0.00043647174451411807,1.532382128372119e-5,-0.00017565544993221956,0.001300690213866077,0.0007909572598975723,0.00016399839659226998,-0.0003166627670408709,0.0010381253914556984,-0.0006855344577997651,-0.00024741434590925724,-0.0003798527564065427,-0.0013358841584810647,0.0007874132750544161,0.00041268693148467075,-0.0005988022566242783,0.0015571187311197356,8.230076715955384e-5,-0.0007714117481106776,0.006724370696424677,0.00024604819729915153,0.00040892041557910906,-0.0002159834709836586,5.611548575150948e-5,-0.001016989027201445,-0.0002236066870250906,-0.0002285473101079054,0.00017236790699900345,-0.0008073295151145466,0.001403699392227597,-0.0003768527682557728,0.0025317197606539183,0.002435708223744887,-0.0012687175275040102,0.0018150520122522957,0.0022103216132443953,-0.0022108992816962164,0.001496602592216388,-0.00026653066957371745,0.00024604819729915153,0.01667865757982326,-1.650586037445751e-5,0.0002589003702819389,0.000996199753953917,-0.0015024549888194923,-0.0001872953739586726,0.0002958547818631475,0.0016167053411720955,-0.0009490502012922848,0.003369018398096878,-0.002365948367952331,0.0006584852061361123,0.0012629914274978975,-0.0015905585205077358,0.0007555820650252262,5.894870769124484e-5,0.0003215835448681135,-8.763333750409179e-8,0.00043647174451411807,0.00040892041557910906,-1.650586037445751e-5,0.003724612437952931,-0.00022065316498392874,-0.0006596475714476721,0.001432929172925456,0.00048698244710687166,-0.0004034886715167331,-0.0018216780299307551,-2.5280372947434575e-6,0.00019170491394416954,-0.000477392833333272,0.0004250075069913263,-0.001353542579281939,-0.0007214171125047516,-0.0006578665721834048,-0.002115563681220959,0.0012458634044717701,-0.0004722980260399597,1.532382128372119e-5,-0.0002159834709836586,0.0002589003702819389,-0.00022065316498392874,0.01130464965730939,0.00021764942778732267,0.002463397871450076,0.0005309108441928884,-8.24276066306638e-5,-0.0010258362201767991,-0.00023440668999189537,-0.0012326557888304285,0.0009933666021856489,-0.0006927528964547243,1.7246281970499166e-5,0.0003865744850562327,0.00023508100382872824,-0.0003803162318589335,-0.0006531785115313762,2.6905165695172834e-5,-0.00017565544993221956,5.611548575150948e-5,0.000996199753953917,-0.0006596475714476721,0.00021764942778732267,0.0013970460899340746,0.00038135118642979124,-0.00032762349519232473,0.0001429742231006338,0.0014742330155987694,-4.997526478183713e-5,-0.00033697926955233087,8.356258296950378e-5,0.001555583418590335,-1.4945866494280282e-5,-0.0010480868682073165,-0.00017692945688717343,-0.001096971150882471,0.0005362546456175004,0.000773202787548509,0.001300690213866077,-0.001016989027201445,-0.0015024549888194923,0.001432929172925456,0.002463397871450076,0.00038135118642979124,0.020491086793180787,0.0011359026871669974,-0.0003829916908042588,-0.0003305951206114738,0.0006982490286511055,-0.007347525232093236,-0.0005511269403519498,0.0008837136301992575,0.00017582099612056134,-0.0006432526054892284,-0.00017930510747369609,0.0005791901660116962,-0.00013647847931463596,2.286033121009283e-5,0.0007909572598975723,-0.0002236066870250906,-0.0001872953739586726,0.00048698244710687166,0.0005309108441928884,-0.00032762349519232473,0.0011359026871669974,0.002978758779389664,9.653878285697005e-5,-3.9044182499511205e-5,0.0009485446980489855,-0.002142301593618158,-3.942348613000656e-5,0.00023894689753552515,-5.98416918503563e-5,5.678612699381899e-5,0.00022174479582387363,1.5026321950332298e-5,0.001591079978917939,-0.0005272883228472941,0.00016399839659226998,-0.0002285473101079054,0.0002958547818631475,-0.0004034886715167331,-8.24276066306638e-5,0.0001429742231006338,-0.0003829916908042588,9.653878285697005e-5,0.0013195982038641289,-0.00045834699935205347,0.0006114686934316,-0.0005334473503652655,6.636098235075542e-5,-0.0013102674784403572,0.0007584491703940601,0.0021892819719981855,0.00033646147169209936,0.0007090639435974357,-0.002091189649493906,0.001738094606031321,-0.0003166627670408709,0.00017236790699900345,0.0016167053411720955,-0.0018216780299307551,-0.0010258362201767991,0.0014742330155987694,-0.0003305951206114738,-3.9044182499511205e-5,-0.00045834699935205347,0.013508272958229827,9.843071516388196e-5,0.0010726275760633516,0.0016176977369105308,0.001825159994443825,0.0006099789233967509,0.001560503789984125,0.000872163495934742,-0.0002450417172533452,0.0031362054317567016,0.0007273165720443274,0.0010381253914556984,-0.0008073295151145466,-0.0009490502012922848,-2.5280372947434575e-6,-0.00023440668999189537,-4.997526478183713e-5,0.0006982490286511055,0.0009485446980489855,0.0006114686934316,9.843071516388196e-5,0.006510900849813053,-0.0007701786623081517,0.002172942315612914,0.003664204032906983,0.0016493210655014387,0.004834562376492381,0.0013077043735263934,0.00396312024452021,0.0031393659540550653,0.0019057131399483715,-0.0006855344577997651,0.001403699392227597,0.003369018398096878,0.00019170491394416954,-0.0012326557888304285,-0.00033697926955233087,-0.007347525232093236,-0.002142301593618158,-0.0005334473503652655,0.0010726275760633516,-0.0007701786623081517,0.032900901711473515,0.0011903312092179045,-0.00022438098414127118,-0.00038100593440204176,0.002382538770768682,0.0015283485362697876,0.00022865598312476885,0.001412466488152121,0.0015016729762265223,-0.00024741434590925724,-0.0003768527682557728,-0.002365948367952331,-0.000477392833333272,0.0009933666021856489,8.356258296950378e-5,-0.0005511269403519498,-3.942348613000656e-5,6.636098235075542e-5,0.0016176977369105308,0.002172942315612914,0.0011903312092179045,0.020575006493198048
0.011734920038541881,-0.0008823899522320219,0.000996648158376624,0.0015238995417726096,0.0004769326757409724,0.0036822208797227226,0.0008880996332888871,0.00038670070262079707,-9.696036809935469e-5,0.0013369229745614705,-0.0005096583886358023,0.001497138735242081,0.0014047051680761027,0.001690349136820432,0.0008045650146116785,0.0007108608318466246,0.0010980695789511688,0.0005008208728845454,0.0019835717471361064,0.002157211546931585,-0.0008823899522320219,0.006159780679291633,9.662580150349009e-5,0.00040292862018008306,0.0002847039882447061,5.340915164765992e-5,0.00028331966032585685,0.000733158540669497,0.0016510076238913153,0.001229632249116126,0.0013362164922756147,0.0012001902943700373,-7.487198041160072e-5,0.0004962019722794314,-1.0490496180092511e-5,-0.00018351517358501312,-0.00061583979365355,0.0009105700112596769,0.0002749014898416539,0.0018369488202978632,0.000996648158376624,9.662580150349009e-5,0.016181469936775317,0.0010816270746839473,0.0025099235945326825,-0.00036910043045697695,0.002514933050476638,0.00023788480875398628,-0.0004209583035768246,0.0006263065747034492,0.0004759997762529292,0.003284890286150673,0.0015419568670519256,0.0010246581888798266,0.0012044778215209357,0.0012244581325061659,0.0016373915817665915,0.00034710872748803894,0.0005464796525991678,0.003110423855115339,0.0015238995417726096,0.00040292862018008306,0.0010816270746839473,0.005410169093390822,0.0019402255009400738,0.003788923083680764,0.0018483126527310033,0.00037121708871988085,0.0005021381792489092,0.0007626873610557286,0.00045516691715759695,0.0014404612268236231,0.0009262102804851601,0.0020244211517206046,0.0008113781830946165,0.00032456537243702693,0.001444330801270521,0.0013828275386290683,0.0033933192163892708,0.0022282804926311807,0.0004769326757409724,0.0002847039882447061,0.0025099235945326825,0.0019402255009400738,0.006951441151283787,0.00271504682713632,0.0012816910209584396,0.0005197491339398051,0.0007016229595108894,0.0021719999920573937,0.0011074476790722757,0.003347522286966621,0.0008876611212634126,0.0019298571421424693,0.0009149179086811634,0.0004671257588056302,0.0005634598457138575,0.0018520441643842997,0.0014783827928865018,0.0017210227082434678,0.0036822208797227226,5.340915164765992e-5,-0.00036910043045697695,0.003788923083680764,0.00271504682713632,0.036377449776214446,0.003119445954576817,0.001409173618267634,0.002628524935341263,0.0025981948772578027,0.0010962372755053337,0.0031843924146108035,0.0016843998545059287,0.003497430661885806,0.0013188358676033871,0.0004504845692302158,0.0014723399091196346,-1.9961865325159618e-5,0.006522236074399413,0.00030056177189057216,0.0008880996332888871,0.00028331966032585685,0.002514933050476638,0.0018483126527310033,0.0012816910209584396,0.003119445954576817,0.0058379762046301435,0.00022047281736099392,0.0006819042538164482,0.0005859067654343912,0.00017138765832588746,0.0022998855913850193,0.0005760309610173701,0.0018322020069070789,7.987957072950295e-5,0.0008203153673951289,0.0014508337577351722,0.0006744362642482733,0.00030135914728666736,0.002401481896821052,0.00038670070262079707,0.000733158540669497,0.00023788480875398628,0.00037121708871988085,0.0005197491339398051,0.001409173618267634,0.00022047281736099392,0.0030224959480481353,0.0007313530658376037,-0.0002618788308723398,0.0004678813330726766,0.0003249643629601621,0.0003587488155134304,9.995526752561191e-6,-9.370175557778486e-5,0.00013287164683123848,3.7233440470642044e-5,6.322871324000861e-5,0.0008640146363849974,0.0008516852999246301,-9.696036809935469e-5,0.0016510076238913153,-0.0004209583035768246,0.0005021381792489092,0.0007016229595108894,0.002628524935341263,0.0006819042538164482,0.0007313530658376037,0.006421431528371434,0.001787360289487086,0.0010992894955819932,0.0009477002111595964,8.567928607433153e-5,0.0022947422460125374,0.00015512282419669044,6.800169600515305e-5,0.0009451897707681717,0.0009135015011399932,0.0018490684913431738,0.0010886103778497593,0.0013369229745614705,0.001229632249116126,0.0006263065747034492,0.0007626873610557286,0.0021719999920573937,0.0025981948772578027,0.0005859067654343912,-0.0002618788308723398,0.001787360289487086,0.015679258400059813,0.0013935611593775363,0.002402732410875529,3.870165577641347e-5,0.00547174974784717,0.00020615112704866365,2.6763394806543538e-5,0.0009696101459571089,0.0023525616750254877,0.00326681856477227,0.004183178780177203,-0.0005096583886358023,0.0013362164922756147,0.0004759997762529292,0.00045516691715759695,0.0011074476790722757,0.0010962372755053337,0.00017138765832588746,0.0004678813330726766,0.0010992894955819932,0.0013935611593775363,0.0026053211405605075,0.0013976980512283425,0.0002803755531869033,0.0008246546856513011,0.00017229928273374784,3.4832230838764344e-5,-0.0004189071364584321,0.0006234961332707159,0.0003485354606144319,0.0015707392987123607,0.001497138735242081,0.0012001902943700373,0.003284890286150673,0.0014404612268236231,0.003347522286966621,0.0031843924146108035,0.0022998855913850193,0.0003249643629601621,0.0009477002111595964,0.002402732410875529,0.0013976980512283425,0.014307330963910821,0.0009738320626589262,0.002245136888206145,0.0005416476296282644,0.0007051454143158383,0.0009728579514145586,0.0020331258904062116,0.002778309858122759,0.0050273246256047266,0.0014047051680761027,-7.487198041160072e-5,0.0015419568670519256,0.0009262102804851601,0.0008876611212634126,0.0016843998545059287,0.0005760309610173701,0.0003587488155134304,8.567928607433153e-5,3.870165577641347e-5,0.0002803755531869033,0.0009738320626589262,0.0016444112370700298,0.0001407634364569652,0.0004031561309191525,0.00011528843826340404,0.00029753219280597885,0.0005047134982062297,0.0009963146246347522,0.0015785881637409805,0.001690349136820432,0.0004962019722794314,0.0010246581888798266,0.0020244211517206046,0.0019298571421424693,0.003497430661885806,0.0018322020069070789,9.995526752561191e-6,0.0022947422460125374,0.00547174974784717,0.0008246546856513011,0.002245136888206145,0.0001407634364569652,0.02256126470706538,0.0005526440227823239,0.0006490586108916981,0.0028950841803840875,0.0016255370299932926,0.0076336268670844,0.0049750871579268136,0.0008045650146116785,-1.0490496180092511e-5,0.0012044778215209357,0.0008113781830946165,0.0009149179086811634,0.0013188358676033871,7.987957072950295e-5,-9.370175557778486e-5,0.00015512282419669044,0.00020615112704866365,0.00017229928273374784,0.0005416476296282644,0.0004031561309191525,0.0005526440227823239,0.003287433082941066,0.00036595835031717625,0.0001370000774989134,0.00048522641031099683,0.0011983719638767219,0.0013785525503712689,0.0007108608318466246,-0.00018351517358501312,0.0012244581325061659,0.00032456537243702693,0.0004671257588056302,0.0004504845692302158,0.0008203153673951289,0.00013287164683123848,6.800169600515305e-5,2.6763394806543538e-5,3.4832230838764344e-5,0.0007051454143158383,0.00011528843826340404,0.0006490586108916981,0.00036595835031717625,0.00142637369105115,0.00031875555380114925,0.00031823122107864544,0.0010161587845710814,0.0002992832178297799,0.0010980695789511688,-0.00061583979365355,0.0016373915817665915,0.001444330801270521,0.0005634598457138575,0.0014723399091196346,0.0014508337577351722,3.7233440470642044e-5,0.0009451897707681717,0.0009696101459571089,-0.0004189071364584321,0.0009728579514145586,0.00029753219280597885,0.0028950841803840875,0.0001370000774989134,0.00031875555380114925,0.010402980341086531,0.000613640949828741,0.0010307654324937267,0.001894221885350821,0.0005008208728845454,0.0009105700112596769,0.00034710872748803894,0.0013828275386290683,0.0018520441643842997,-1.9961865325159618e-5,0.0006744362642482733,6.322871324000861e-5,0.0009135015011399932,0.0023525616750254877,0.0006234961332707159,0.0020331258904062116,0.0005047134982062297,0.0016255370299932926,0.00048522641031099683,0.00031823122107864544,0.000613640949828741,0.005928481050714353,0.0023462224879366657,0.0016729850742034308,0.0019835717471361064,0.0002749014898416539,0.0005464796525991678,0.0033933192163892708,0.0014783827928865018,0.006522236074399413,0.00030135914728666736,0.0008640146363849974,0.0018490684913431738,0.00326681856477227,0.0003485354606144319,0.002778309858122759,0.0009963146246347522,0.0076336268670844,0.0011983719638767219,0.0010161587845710814,0.0010307654324937267,0.0023462224879366657,0.030235425564122814,0.0021351791662129653,0.002157211546931585,0.0018369488202978632,0.003110423855115339,0.0022282804926311807,0.0017210227082434678,0.00030056177189057216,0.002401481896821052,0.0008516852999246301,0.0010886103778497593,0.004183178780177203,0.0015707392987123607,0.0050273246256047266,0.0015785881637409805,0.0049750871579268136,0.0013785525503712689,0.0002992832178297799,0.001894221885350821,0.0016729850742034308,0.0021351791662129653,0.021616485509551638
