0.004876810958616974,0.0003989169167044925,-0.000769757307883808,-0.0009697250670222047,-7.200136461160483e-5,0.0006239174639812768,0.0002445353808617313,0.0006124765477625298,0.0011246968663379002,0.0003195721972722196,0.00048190629465632824,0.0009048596293261234,0.0010297916018858363,0.0010572927219673258,-0.0002013048293476881,-0.0005138151004999572,0.00021569185229373573,0.0007613283852762896,0.0006443357251395706,0.00011266350105463302,0.0003989169167044925,0.0054648375480715605,0.0015435500711369506,0.0003996219866799174,0.002395242870540627,9.199106976317308e-5,-0.00032678464724024853,3.714328161752911e-6,0.001262401686805685,0.00036594958426448257,0.00034610870536898113,0.0004848658869241747,0.0028686854871499386,-0.0001746314236196994,0.0006715232580279812,-3.4007529501183884e-6,0.0001455322537286522,0.0005338961602317199,0.0006812947558893249,0.0004879763255815512,-0.000769757307883808,0.0015435500711369506,0.024957332636362274,0.0036765888384696147,0.0023490497671825924,0.0007980429197105061,0.0016046124034854914,0.000924873136983477,0.0033814897513309455,0.000111193406452614,0.000866299400219246,0.00034824184339025195,0.0051208839740949,0.0017153835813854598,0.002276939154533768,0.0004967358970243556,0.00094218475916643,0.00133915685050926,0.002358542539804006,0.0018371903645839132,-0.0009697250670222047,0.0003996219866799174,0.0036765888384696147,0.029210390307567616,0.0027325488191727947,-0.0006668683132440136,-0.0004555792376914809,0.0007108043131996379,0.000980959888646741,2.7791602897938163e-6,0.0002786848960635651,0.0024343144983393844,0.001979145682582226,0.0032131979961077936,0.0022510439534265208,0.001097206271541592,0.0009213979720930356,0.0002106230217708384,0.0022546238870683605,0.0004935500270981171,-7.200136461160483e-5,0.002395242870540627,0.0023490497671825924,0.0027325488191727947,0.023570482919414763,0.0009200900189891765,0.00034595947067778176,3.465260160472614e-7,0.0028220964961667328,0.0006845450004079735,0.0012817674479494578,-0.0003426745512900416,0.0041520353519909755,0.0018983454054601735,0.000725500000226797,0.0006422454687383078,0.0005363358135733975,4.778737532418691e-5,-1.553214244442991e-5,0.0008200126229747558,0.0006239174639812768,9.199106976317308e-5,0.0007980429197105061,-0.0006668683132440136,0.0009200900189891765,0.0024282518537820097,0.0006658964298321778,6.3598452906969e-5,0.001388780494469703,0.0002620637582285283,0.0005004619595808495,-2.5364942439063336e-5,-0.0002659233505419152,0.00023766029815364077,-8.676167118838249e-5,-5.1654902351844596e-5,0.0003039778526096467,0.00020854699286261785,-2.4516384144279307e-5,0.00028479917254874967,0.0002445353808617313,-0.00032678464724024853,0.0016046124034854914,-0.0004555792376914809,0.00034595947067778176,0.0006658964298321778,0.017118480457602968,0.0007015710222387627,0.0019216279240698007,-0.0003733876223831021,0.0004186298730790907,0.0022921748297900398,0.0014033004247620724,0.00027428993840636004,0.0003858125331708818,-0.0011723577785232768,0.00044840691969923614,0.0013214860338531076,0.00034110776962322366,-0.0009574979093550178,0.0006124765477625298,3.714328161752911e-6,0.000924873136983477,0.0007108043131996379,3.465260160472614e-7,6.3598452906969e-5,0.0007015710222387627,0.0018339904497364995,0.00013049193113238763,3.578062547526719e-5,9.527610224601364e-5,0.000977554648220775,0.0010535503636185475,0.0006441772432831865,-0.0001994614301760493,-0.00033237927195918206,0.00019941925233738614,0.00032126232899775303,0.0004994695869172383,0.0002653535670646954,0.0011246968663379002,0.001262401686805685,0.0033814897513309455,0.000980959888646741,0.0028220964961667328,0.001388780494469703,0.0019216279240698007,0.00013049193113238763,0.016266568034539745,0.0008230343484277785,0.00046820206616519157,0.0010758003985985162,0.0014524981760620044,0.0015442746244113195,0.000698384748500203,-3.593041947014166e-5,0.0006780128132064093,0.0010266724758533504,-0.00013082829044683367,0.0007395295027858352,0.0003195721972722196,0.00036594958426448257,0.000111193406452614,2.7791602897938163e-6,0.0006845450004079735,0.0002620637582285283,-0.0003733876223831021,3.578062547526719e-5,0.0008230343484277785,0.001926190749296732,0.0006191201050090905,0.0004975069051412592,0.00019996255929263855,0.0008314394324936254,6.482743035014012e-5,0.00023662983171724073,0.00017570126566683733,0.00016626316509203248,0.00044792940476683465,0.0002056923423114069,0.00048190629465632824,0.00034610870536898113,0.000866299400219246,0.0002786848960635651,0.0012817674479494578,0.0005004619595808495,0.0004186298730790907,9.527610224601364e-5,0.00046820206616519157,0.0006191201050090905,0.0030747238401985233,-0.00012028077503653675,0.001142932095882405,0.0011114523968184628,0.0008100159073236312,0.0004018317969769372,0.00017654746557859135,-3.0040634029856886e-6,0.0010840704262869267,0.0008466731654958111,0.0009048596293261234,0.0004848658869241747,0.00034824184339025195,0.0024343144983393844,-0.0003426745512900416,-2.5364942439063336e-5,0.0022921748297900398,0.000977554648220775,0.0010758003985985162,0.0004975069051412592,-0.00012028077503653675,0.008518274510624672,0.0016904266740671082,0.0009741877670874864,0.0003931000944802612,-0.0004238221275139594,0.0007986320117827925,0.0012511677145516844,-2.987442254083417e-5,5.923963794629723e-5,0.0010297916018858363,0.0028686854871499386,0.0051208839740949,0.001979145682582226,0.0041520353519909755,-0.0002659233505419152,0.0014033004247620724,0.0010535503636185475,0.0014524981760620044,0.00019996255929263855,0.001142932095882405,0.0016904266740671082,0.03394883741701227,0.0009059004191885945,0.0017793031337177702,0.0006961686666981258,0.00011398745586432005,0.001807681926876568,0.005549618754378332,0.0015351851129720025,0.0010572927219673258,-0.0001746314236196994,0.0017153835813854598,0.0032131979961077936,0.0018983454054601735,0.00023766029815364077,0.00027428993840636004,0.0006441772432831865,0.0015442746244113195,0.0008314394324936254,0.0011114523968184628,0.0009741877670874864,0.0009059004191885945,0.01081329738139545,0.00029018878243816356,0.00046867910780747503,6.843596657631282e-5,0.0009319957853522063,0.0015622428525177865,0.001004072212279502,-0.0002013048293476881,0.0006715232580279812,0.002276939154533768,0.0022510439534265208,0.000725500000226797,-8.676167118838249e-5,0.0003858125331708818,-0.0001994614301760493,0.000698384748500203,6.482743035014012e-5,0.0008100159073236312,0.0003931000944802612,0.0017793031337177702,0.00029018878243816356,0.005700683350825888,0.00019807211019123579,0.0001862334834990558,0.000508632523083863,0.0010408870824740357,0.0010435834204259773,-0.0005138151004999572,-3.4007529501183884e-6,0.0004967358970243556,0.001097206271541592,0.0006422454687383078,-5.1654902351844596e-5,-0.0011723577785232768,-0.00033237927195918206,-3.593041947014166e-5,0.00023662983171724073,0.0004018317969769372,-0.0004238221275139594,0.0006961686666981258,0.00046867910780747503,0.00019807211019123579,0.0018127843066640598,-2.6977517238150364e-5,-0.0005630134963370984,0.0005751057336247251,0.00020587583079632155,0.00021569185229373573,0.0001455322537286522,0.00094218475916643,0.0009213979720930356,0.0005363358135733975,0.0003039778526096467,0.00044840691969923614,0.00019941925233738614,0.0006780128132064093,0.00017570126566683733,0.00017654746557859135,0.0007986320117827925,0.00011398745586432005,6.843596657631282e-5,0.0001862334834990558,-2.6977517238150364e-5,0.0014182771441145204,0.00016172987576929334,0.00045526327239304846,0.00020620577161248132,0.0007613283852762896,0.0005338961602317199,0.00133915685050926,0.0002106230217708384,4.778737532418691e-5,0.00020854699286261785,0.0013214860338531076,0.00032126232899775303,0.0010266724758533504,0.00016626316509203248,-3.0040634029856886e-6,0.0012511677145516844,0.001807681926876568,0.0009319957853522063,0.000508632523083863,-0.0005630134963370984,0.00016172987576929334,0.005633448009866847,0.0006491182997854538,0.0002441824828018662,0.0006443357251395706,0.0006812947558893249,0.002358542539804006,0.0022546238870683605,-1.553214244442991e-5,-2.4516384144279307e-5,0.00034110776962322366,0.0004994695869172383,-0.00013082829044683367,0.00044792940476683465,0.0010840704262869267,-2.987442254083417e-5,0.005549618754378332,0.0015622428525177865,0.0010408870824740357,0.0005751057336247251,0.00045526327239304846,0.0006491182997854538,0.01409249530014993,0.001112035754859948,0.00011266350105463302,0.0004879763255815512,0.0018371903645839132,0.0004935500270981171,0.0008200126229747558,0.00028479917254874967,-0.0009574979093550178,0.0002653535670646954,0.0007395295027858352,0.0002056923423114069,0.0008466731654958111,5.923963794629723e-5,0.0015351851129720025,0.001004072212279502,0.0010435834204259773,0.00020587583079632155,0.00020620577161248132,0.0002441824828018662,0.001112035754859948,0.003530969301148935
