0.01863311072455942,0.007136023493820049,0.00011584190869633844,0.0001973983040537016,-5.1448818761277906e-5,0.0023865219553901697,0.012041274377377065,-4.8736475039558e-5,0.0010726005825849535,-0.0010545235584727764,0.007071492493439418,-3.7043798029545716e-5,-0.0007456190060010277,0.008652518342171291,0.0030273271656803984,-0.003754404329094892,0.0010751693254113406,0.0004709369746099068,0.0030717157768731388,-0.0035381674014014586,0.007136023493820049,0.02173979026864444,0.0016522433483023551,0.0009850494161547357,0.0010161257976065191,0.00039060132616289245,0.013069246730932762,0.000455531030040847,0.0023080375647508465,-0.0037903701989326606,-0.0014047590798323983,0.00035131728676440505,0.0007665907761729937,0.008100104739993511,0.0026213278547279205,-0.0017263217506819182,0.0008821712299174623,0.00216909729048984,0.0044543308056915545,-0.008792580460142665,0.00011584190869633844,0.0016522433483023551,0.0021923943959515574,0.0006353415040737494,0.0007457534810318669,0.0007217413398109255,0.0011697821053442553,6.58494043300721e-5,0.0003711248286102488,0.001391586008736079,0.0007836340070477959,0.0004905390031886752,0.0007174123732915476,0.0005480357852863319,0.0006074275077381662,0.0008093382053199229,0.0007400292686845293,0.00045850430073286676,0.0007669778285288598,0.0008214242637303591,0.0001973983040537016,0.0009850494161547357,0.0006353415040737494,0.0049599333721836725,0.0007234248714713999,0.0006137850733755191,0.002211685893022304,0.00015181609636403986,0.0016736645378696879,0.0012812127298777178,-4.502683383754641e-5,0.0007563018924865096,0.00012552589280392956,0.0002718833144636308,0.0002940860402969179,-0.0001025042325316085,0.0014383980932713685,0.0005146510918899067,-0.00033355684936333134,0.002077920902022451,-5.1448818761277906e-5,0.0010161257976065191,0.0007457534810318669,0.0007234248714713999,0.0027488472750366554,0.0002406021759667468,0.0016480431167092144,0.0005020052905386414,0.0012070742723306544,0.0018762772810142275,0.0005006480499819231,0.0003856403620145052,0.0009712103545128225,-0.00036294121157205077,4.035810741312028e-6,0.001754524172228772,0.0007684114503183217,0.0006063089346488786,0.0017464788125267218,6.555493904059556e-5,0.0023865219553901697,0.00039060132616289245,0.0007217413398109255,0.0006137850733755191,0.0002406021759667468,0.003233042727693606,0.001450723101280007,0.0004957519519076359,-0.0006152884877770068,0.0028971988198636116,0.001830699664490715,0.0009411256772789194,0.0014062551460018219,-0.000452500507563885,0.0011867909144139595,-0.00043557276813412413,0.0014843322563830416,0.0002956173212307436,0.0008161807337936898,0.0017598042134761155,0.012041274377377065,0.013069246730932762,0.0011697821053442553,0.002211685893022304,0.0016480431167092144,0.001450723101280007,0.04908442119348487,-0.0013474001808127505,0.005878759180309693,-0.0017311379737970515,0.0007643366903426359,0.0024770506391870485,-0.0016701088927883216,0.009653615767969484,0.000846897597113927,-0.0028030365516283533,4.008124327239699e-7,0.0013619662861585865,0.00027536048145339895,-0.006234832296239286,-4.8736475039558e-5,0.000455531030040847,6.58494043300721e-5,0.00015181609636403986,0.0005020052905386414,0.0004957519519076359,-0.0013474001808127505,0.005113531519640212,-0.0009313773858326707,0.003302837937972651,-0.0008894977582749968,-0.00044687504726274684,0.005513009753912173,-0.0008276779229920316,-0.0002597421429466008,0.0022204216488966727,0.0013116992319190603,0.0007818844136189824,-0.0003002508058001503,-0.0008343068425111693,0.0010726005825849535,0.0023080375647508465,0.0003711248286102488,0.0016736645378696879,0.0012070742723306544,-0.0006152884877770068,0.005878759180309693,-0.0009313773858326707,0.009615135454178149,-0.003006713295688355,-0.0019519545325964722,0.001863118533394258,-0.002920313968937483,0.0014421751797402847,5.8717087950322386e-5,0.001035295886236005,-0.00045042618477444105,0.0013355657417433017,0.002476888653994658,0.0006910133321287506,-0.0010545235584727764,-0.0037903701989326606,0.001391586008736079,0.0012812127298777178,0.0018762772810142275,0.0028971988198636116,-0.0017311379737970515,0.003302837937972651,-0.003006713295688355,0.015073178664708581,0.004880830793033652,0.0017699681908476394,0.008382085685081572,-0.006321698320045768,0.0013794792296935154,0.0045071400627097035,0.002300539635572735,0.00018811530809211571,0.00013678589874251243,0.006628348682314896,0.007071492493439418,-0.0014047590798323983,0.0007836340070477959,-4.502683383754641e-5,0.0005006480499819231,0.001830699664490715,0.0007643366903426359,-0.0008894977582749968,-0.0019519545325964722,0.004880830793033652,0.02621074071414123,0.0013262660216938006,0.0006459693934029831,0.0017819899036983409,0.0022888132765628145,-0.0007713093614123544,0.00034847068819224655,-0.0023595513108000056,0.00203518675495098,0.007203965486746887,-3.7043798029545716e-5,0.00035131728676440505,0.0004905390031886752,0.0007563018924865096,0.0003856403620145052,0.0009411256772789194,0.0024770506391870485,-0.00044687504726274684,0.001863118533394258,0.0017699681908476394,0.0013262660216938006,0.008614302958943255,0.00027511030639314346,-0.0010532451548648434,0.0010149207044663944,0.0007562265553595396,0.0009478657336486836,4.578707527612511e-5,0.0020359196899889928,0.003670618797492468,-0.0007456190060010277,0.0007665907761729937,0.0007174123732915476,0.00012552589280392956,0.0009712103545128225,0.0014062551460018219,-0.0016701088927883216,0.005513009753912173,-0.002920313968937483,0.008382085685081572,0.0006459693934029831,0.00027511030639314346,0.01684026153684842,-0.0018726551179489607,-0.00010717404358322397,0.003949564420881128,0.002130387780712268,0.0010071970900773766,-0.001058391623149926,0.0012147770505972068,0.008652518342171291,0.008100104739993511,0.0005480357852863319,0.0002718833144636308,-0.00036294121157205077,-0.000452500507563885,0.009653615767969484,-0.0008276779229920316,0.0014421751797402847,-0.006321698320045768,0.0017819899036983409,-0.0010532451548648434,-0.0018726551179489607,0.0178229055559428,0.0009318207874136497,-0.0034139920105339438,-0.0003180528679152339,-3.7632000644760404e-5,0.00031191713062798314,-0.005130520251522622,0.0030273271656803984,0.0026213278547279205,0.0006074275077381662,0.0002940860402969179,4.035810741312028e-6,0.0011867909144139595,0.000846897597113927,-0.0002597421429466008,5.8717087950322386e-5,0.0013794792296935154,0.0022888132765628145,0.0010149207044663944,-0.00010717404358322397,0.0009318207874136497,0.007719219588745548,0.001521078077020815,2.3846738898272485e-5,0.00025387025086811335,0.002917584030615542,0.001144113526061371,-0.003754404329094892,-0.0017263217506819182,0.0008093382053199229,-0.0001025042325316085,0.001754524172228772,-0.00043557276813412413,-0.0028030365516283533,0.0022204216488966727,0.001035295886236005,0.0045071400627097035,-0.0007713093614123544,0.0007562265553595396,0.003949564420881128,-0.0034139920105339438,0.001521078077020815,0.02125002191100798,-9.371389851173901e-6,0.001979590959754628,0.00557546955290043,0.0024448866535818972,0.0010751693254113406,0.0008821712299174623,0.0007400292686845293,0.0014383980932713685,0.0007684114503183217,0.0014843322563830416,4.008124327239699e-7,0.0013116992319190603,-0.00045042618477444105,0.002300539635572735,0.00034847068819224655,0.0009478657336486836,0.002130387780712268,-0.0003180528679152339,2.3846738898272485e-5,-9.371389851173901e-6,0.00681077623533805,0.0006205993783323518,-7.136201809647062e-5,0.0015772362870426458,0.0004709369746099068,0.00216909729048984,0.00045850430073286676,0.0005146510918899067,0.0006063089346488786,0.0002956173212307436,0.0013619662861585865,0.0007818844136189824,0.0013355657417433017,0.00018811530809211571,-0.0023595513108000056,4.578707527612511e-5,0.0010071970900773766,-3.7632000644760404e-5,0.00025387025086811335,0.001979590959754628,0.0006205993783323518,0.0024437112183331427,0.0021830414702202834,-0.0013547981617525536,0.0030717157768731388,0.0044543308056915545,0.0007669778285288598,-0.00033355684936333134,0.0017464788125267218,0.0008161807337936898,0.00027536048145339895,-0.0003002508058001503,0.002476888653994658,0.00013678589874251243,0.00203518675495098,0.0020359196899889928,-0.001058391623149926,0.00031191713062798314,0.002917584030615542,0.00557546955290043,-7.136201809647062e-5,0.0021830414702202834,0.018959254566968085,0.001865252235925989,-0.0035381674014014586,-0.008792580460142665,0.0008214242637303591,0.002077920902022451,6.555493904059556e-5,0.0017598042134761155,-0.006234832296239286,-0.0008343068425111693,0.0006910133321287506,0.006628348682314896,0.007203965486746887,0.003670618797492468,0.0012147770505972068,-0.005130520251522622,0.001144113526061371,0.0024448866535818972,0.0015772362870426458,-0.0013547981617525536,0.001865252235925989,0.0334829588529754
0.013482530158905073,0.0066925533004785235,0.0006071360240902831,0.0019601945546412845,0.0009061143605882938,0.0010785520244791383,-5.894156279790449e-5,0.0019815279899641543,-0.00018531979319461625,-0.000945467930705906,-0.000728896297364202,0.00255033300544327,-0.000799817883912011,0.001567718430382092,0.00024627662957802244,-0.0020132621203009337,0.000403698644381908,-0.00032796311009204693,-0.000806074147832541,0.007379555001179342,0.0066925533004785235,0.01895216448098956,-0.00018185484003395343,0.0006389508764100691,0.0009674293899230983,0.0017436980969894554,-0.0013856482439926418,0.0028312986365530003,-0.0006353531699770011,-0.0019043866680224057,-0.0018665291046503522,0.002318574944620602,-0.002631636002229495,-0.0002759645563181199,-0.0008481903370079202,-0.002578518126013317,-0.0008018257316534582,-0.0010283312755117375,-0.0041155321033720035,0.005958206998785458,0.0006071360240902831,-0.00018185484003395343,0.0032567613442768782,-0.000792372908363359,0.0005363509606176258,6.002036316080634e-5,0.002134125087664725,-0.00020902103801488675,0.001082316803117447,-0.000304025508438656,0.005386353632486169,0.0021642377509611373,0.0024598628959252504,0.0007047109584501939,0.0008612903067398958,0.0010482271826110414,-0.0017922536428253192,0.001317533283317965,-0.0011840291858960328,0.0007952847997009653,0.0019601945546412845,0.0006389508764100691,-0.000792372908363359,0.006272936765602496,-9.233179337151125e-6,0.00032716144631350516,-0.0040258598405919326,0.0017415255261543747,-0.002122092022201296,-0.0011865269876396602,-0.0033375709883812655,-0.0009602854588894785,-0.0024801803936383964,0.0008496185844881269,-0.00032765136966575307,0.0005955135924319438,0.0021414568187189034,-0.0009708216783345558,0.0014986979389987583,0.002496547464580961,0.0009061143605882938,0.0009674293899230983,0.0005363509606176258,-9.233179337151125e-6,0.0026631326751080995,0.00010931422803334568,0.0016552479102394067,0.0007572724954302951,0.00010623288843758549,-0.00034602295970478426,0.001269785918733779,0.0009561498004727404,0.000838202706663331,9.902856199162503e-5,0.0015246432858092758,-0.00048657350850607803,-5.731055066145342e-5,0.00027887174248731407,-0.00039681871315968463,0.002138321675910118,0.0010785520244791383,0.0017436980969894554,6.002036316080634e-5,0.00032716144631350516,0.00010931422803334568,0.002488079768149608,0.000994965167932997,0.0002686013841027817,-4.469563729529068e-5,-0.00014185886772583462,-0.0005690309679263271,0.0003098282418529451,-0.0001802767513054624,0.00029625704051604746,-0.00010806098301619814,0.00034752894779196215,-0.0005445404634691015,-2.5246412302319356e-6,-0.0001653304049005811,0.0021892843788272605,-5.894156279790449e-5,-0.0013856482439926418,0.002134125087664725,-0.0040258598405919326,0.0016552479102394067,0.000994965167932997,0.052723483959337014,-0.0013861879279532356,0.00029485133609045944,0.003026306100631541,0.007226079591342891,0.003300533495449785,0.013504112174246163,-0.0015821461134240037,0.0016968866583803037,-0.0014445442366672868,0.004131251730958912,0.0005824161535588198,0.003035292203919032,0.005283340840181558,0.0019815279899641543,0.0028312986365530003,-0.00020902103801488675,0.0017415255261543747,0.0007572724954302951,0.0002686013841027817,-0.0013861879279532356,0.004959896551083825,-0.0015915400700550273,-0.002165212259688772,-0.000696313081650968,-0.000177185892632584,-0.0021612290180280077,0.0007364890227680787,0.00033710047982178875,-0.0010922922743390102,0.0017325985183984298,-0.001081133121998003,0.0007436655019547457,0.0042338086807247564,-0.00018531979319461625,-0.0006353531699770011,0.001082316803117447,-0.002122092022201296,0.00010623288843758549,-4.469563729529068e-5,0.00029485133609045944,-0.0015915400700550273,0.00897075053122261,0.0019051455053980945,0.005755132176645516,0.0002974997773061289,0.0029797622274141573,0.0005192560261260269,0.0006222983465141127,0.0029909620317609027,-0.002547811669290822,0.001130631825286736,-0.0020811951535051492,-0.004016073004250643,-0.000945467930705906,-0.0019043866680224057,-0.000304025508438656,-0.0011865269876396602,-0.00034602295970478426,-0.00014185886772583462,0.003026306100631541,-0.002165212259688772,0.0019051455053980945,0.007300928386946824,0.000894822242771764,-0.0017133682408954662,0.0017014999335516904,0.00023541173362713402,-0.0007834441914109519,0.00032169854746240856,0.0004568596492097809,-0.00020831650127607805,0.0012793146639776109,-0.0029464597418857544,-0.000728896297364202,-0.0018665291046503522,0.005386353632486169,-0.0033375709883812655,0.001269785918733779,-0.0005690309679263271,0.007226079591342891,-0.000696313081650968,0.005755132176645516,0.000894822242771764,0.031223405591609313,0.0022606726467691365,0.0066127565462138,0.0029549153874217434,0.0036463087481718873,0.0005940802459104251,-0.0026709924336592184,0.0025866970318277212,-0.002849984262761479,-0.0044038206425408444,0.00255033300544327,0.002318574944620602,0.0021642377509611373,-0.0009602854588894785,0.0009561498004727404,0.0003098282418529451,0.003300533495449785,-0.000177185892632584,0.0002974997773061289,-0.0017133682408954662,0.0022606726467691365,0.011995775741016861,0.002318763702296529,0.00023315351568348338,0.00215878879970377,-0.0006113516694888672,-0.002990851805395196,0.0021291941412314294,-0.0015589313699134466,0.004360036251203109,-0.000799817883912011,-0.002631636002229495,0.0024598628959252504,-0.0024801803936383964,0.000838202706663331,-0.0001802767513054624,0.013504112174246163,-0.0021612290180280077,0.0029797622274141573,0.0017014999335516904,0.0066127565462138,0.002318763702296529,0.015630786661485284,-0.0008501851793613078,0.0033226167232718496,0.0005297328440403556,-0.0007907039097509287,0.0019261568883885878,-0.000327346047232211,0.0010656766104030972,0.001567718430382092,-0.0002759645563181199,0.0007047109584501939,0.0008496185844881269,9.902856199162503e-5,0.00029625704051604746,-0.0015821461134240037,0.0007364890227680787,0.0005192560261260269,0.00023541173362713402,0.0029549153874217434,0.00023315351568348338,-0.0008501851793613078,0.014030511537949427,0.00022690359414645348,0.0014522575191179801,0.0008340612361766016,0.0009487193867317746,0.0023670423373874636,-0.0011201770833971323,0.00024627662957802244,-0.0008481903370079202,0.0008612903067398958,-0.00032765136966575307,0.0015246432858092758,-0.00010806098301619814,0.0016968866583803037,0.00033710047982178875,0.0006222983465141127,-0.0007834441914109519,0.0036463087481718873,0.00215878879970377,0.0033226167232718496,0.00022690359414645348,0.007435959865435512,1.121760985759083e-5,-0.00039879373704527436,0.0007006892870974639,-0.00041554871756280053,0.0014305517261633369,-0.0020132621203009337,-0.002578518126013317,0.0010482271826110414,0.0005955135924319438,-0.00048657350850607803,0.00034752894779196215,-0.0014445442366672868,-0.0010922922743390102,0.0029909620317609027,0.00032169854746240856,0.0005940802459104251,-0.0006113516694888672,0.0005297328440403556,0.0014522575191179801,1.121760985759083e-5,0.018946192720249895,-0.002646030862975452,0.001139364671212467,-0.004613381456786904,-0.0041179320892665745,0.000403698644381908,-0.0008018257316534582,-0.0017922536428253192,0.0021414568187189034,-5.731055066145342e-5,-0.0005445404634691015,0.004131251730958912,0.0017325985183984298,-0.002547811669290822,0.0004568596492097809,-0.0026709924336592184,-0.002990851805395196,-0.0007907039097509287,0.0008340612361766016,-0.00039879373704527436,-0.002646030862975452,0.009617248049837095,-0.0017253486103113486,0.0036263134706751325,0.001569995094556327,-0.00032796311009204693,-0.0010283312755117375,0.001317533283317965,-0.0009708216783345558,0.00027887174248731407,-2.5246412302319356e-6,0.0005824161535588198,-0.001081133121998003,0.001130631825286736,-0.00020831650127607805,0.0025866970318277212,0.0021291941412314294,0.0019261568883885878,0.0009487193867317746,0.0007006892870974639,0.001139364671212467,-0.0017253486103113486,0.002313433009183904,1.870078678865218e-5,0.0003443401638533712,-0.000806074147832541,-0.0041155321033720035,-0.0011840291858960328,0.0014986979389987583,-0.00039681871315968463,-0.0001653304049005811,0.003035292203919032,0.0007436655019547457,-0.0020811951535051492,0.0012793146639776109,-0.002849984262761479,-0.0015589313699134466,-0.000327346047232211,0.0023670423373874636,-0.00041554871756280053,-0.004613381456786904,0.0036263134706751325,1.870078678865218e-5,0.015668129385234528,0.004663025755967314,0.007379555001179342,0.005958206998785458,0.0007952847997009653,0.002496547464580961,0.002138321675910118,0.0021892843788272605,0.005283340840181558,0.0042338086807247564,-0.004016073004250643,-0.0029464597418857544,-0.0044038206425408444,0.004360036251203109,0.0010656766104030972,-0.0011201770833971323,0.0014305517261633369,-0.0041179320892665745,0.001569995094556327,0.0003443401638533712,0.004663025755967314,0.039019216732149815
