0.004312829552932185,8.010697021763413e-5,0.001465410066791864,5.727895766132785e-5,0.0002699642249199953,0.001075916281745665,0.00039457160640173934,0.0002490446703291567,0.0002566373417968675,0.00024389940591352225,0.0004892782723107739,0.0002788314017354615,0.0006115775720137912,0.00103347419152353,0.0002983513031835851,0.0003920828161559376,-3.4102050528316604e-5,0.00016451334362691298,0.00018580565579678722,0.0003855322699999659,8.010697021763413e-5,0.002799904623216286,-2.5635272659981806e-5,0.0002505662945803411,-0.00013665114247884302,0.0006012127426232204,0.00011278986717377058,4.684108629050161e-5,0.0001383970232234162,0.00037102484125906563,0.0008330410093338887,0.0003069792877554476,0.00023904819852527302,5.0965090683401954e-5,3.080019941766903e-5,0.0002662727842916487,0.00012572487270745385,0.00014540321668131975,0.00035773279080843147,0.00022408203389540996,0.001465410066791864,-2.5635272659981806e-5,0.018060937338981727,2.2963388755055643e-5,0.0005236169796073213,0.0015817932234462465,0.00012098756005004865,-0.00011701706183077945,0.000827982479676822,0.0009504568053203641,-0.0007539685954112234,-0.00044247725896602976,0.00026468475667516946,0.0014707519872799951,0.00023729419650257336,0.0011329165624930746,0.00019331689783794181,0.0022602512830883245,0.000782585850159536,0.0009988982760633755,5.727895766132785e-5,0.0002505662945803411,2.2963388755055643e-5,0.0016135278299566726,7.708952527810124e-5,0.00044851562906905696,1.5519325978339436e-5,-1.570852199211538e-5,0.00019223373554046254,0.0004130120050382832,0.0003713012177313478,-5.622442731376987e-6,0.0002707014587584427,0.0004702636709066194,0.0003448363161980127,-0.00017503878568526877,0.0003252174138498512,0.00041004871594974213,0.0004749444193681068,3.133845539334377e-5,0.0002699642249199953,-0.00013665114247884302,0.0005236169796073213,7.708952527810124e-5,0.0023504299502475653,0.0002008634345900854,0.00018046053838440215,0.00016388533992510088,0.0005498665524717684,5.981515719899928e-5,0.0002380484947945288,0.00024232818145564138,0.0001534977216222792,0.0007933308333680916,9.311228417215682e-5,-0.00022895771298767032,0.00024251280766153028,0.0006184586805875312,0.0005598565537043299,0.0003219066379358487,0.001075916281745665,0.0006012127426232204,0.0015817932234462465,0.00044851562906905696,0.0002008634345900854,0.009894597051253532,0.0010875445884924299,0.00045842550406747574,0.0008215154936463808,0.001910690450949264,0.001117717281376667,-0.0005285424309150973,0.00046537722808253127,0.0012242785535841972,0.0006293824921033216,0.0007630056141119451,0.0001439007158907811,0.00027080268032057575,6.329731079336478e-6,0.0009121218543903239,0.00039457160640173934,0.00011278986717377058,0.00012098756005004865,1.5519325978339436e-5,0.00018046053838440215,0.0010875445884924299,0.0025661667188695662,0.0001624724012765368,0.000385289826612083,0.000609568956665865,0.0013813110533942882,0.00026231851745040695,0.00026200560580123583,0.0003804963847272334,-8.61420701499105e-5,0.0003662782797890517,0.0002300463769875654,-5.93038207927634e-5,0.0001938039113824105,4.573910596385183e-5,0.0002490446703291567,4.684108629050161e-5,-0.00011701706183077945,-1.570852199211538e-5,0.00016388533992510088,0.00045842550406747574,0.0001624724012765368,0.0013702241126354725,0.00031078512711888145,0.00011196791866821863,0.0007294708511572175,0.0002286763471323376,-0.00011552564589570574,0.00020628683042546146,0.0001614893236349531,0.0005653520613783456,0.00019912524400201407,7.800522311038756e-5,0.0001767410901085285,0.00013312893674194312,0.0002566373417968675,0.0001383970232234162,0.000827982479676822,0.00019223373554046254,0.0005498665524717684,0.0008215154936463808,0.000385289826612083,0.00031078512711888145,0.007269993950483276,0.0003897236640684821,0.0014932979369470124,0.000724274079314095,0.0005491927758621783,0.0006346051789980359,0.00039960687138507157,6.800641915916345e-5,0.00023827243947310606,0.000640806257517243,0.0008995918511077944,0.0006715875366176533,0.00024389940591352225,0.00037102484125906563,0.0009504568053203641,0.0004130120050382832,5.981515719899928e-5,0.001910690450949264,0.000609568956665865,0.00011196791866821863,0.0003897236640684821,0.009708967335081808,0.0017745406473866701,-2.9478001081392162e-5,0.0010327567099989437,-0.0006488997830146478,0.00027175450389214744,0.0010469867713225629,0.0004770280403702281,0.001280958617761464,0.0007204628584709927,0.00021649289025909335,0.0004892782723107739,0.0008330410093338887,-0.0007539685954112234,0.0003713012177313478,0.0002380484947945288,0.001117717281376667,0.0013813110533942882,0.0007294708511572175,0.0014932979369470124,0.0017745406473866701,0.020530584427863412,0.0008664539116045771,0.0012686364934881796,0.0013764220366698668,-2.8471246808035047e-5,0.00011663329373517073,-3.292886953369591e-5,0.001772261398466029,0.0016744415689894732,-8.973316084193137e-5,0.0002788314017354615,0.0003069792877554476,-0.00044247725896602976,-5.622442731376987e-6,0.00024232818145564138,-0.0005285424309150973,0.00026231851745040695,0.0002286763471323376,0.000724274079314095,-2.9478001081392162e-5,0.0008664539116045771,0.006768894765036123,0.0001099012757624604,-0.00021972006834922278,-4.49475937743835e-5,0.0004021208256629903,0.0001413453275362926,0.00040344043090801427,0.0004872137559462546,0.0007447870544002653,0.0006115775720137912,0.00023904819852527302,0.00026468475667516946,0.0002707014587584427,0.0001534977216222792,0.00046537722808253127,0.00026200560580123583,-0.00011552564589570574,0.0005491927758621783,0.0010327567099989437,0.0012686364934881796,0.0001099012757624604,0.0026726494967890544,0.0008001606189727022,4.6531532326061803e-5,2.987691433520762e-6,0.00027698074776354154,0.0002777405722499126,0.00030573465688830633,0.00019733117018596233,0.00103347419152353,5.0965090683401954e-5,0.0014707519872799951,0.0004702636709066194,0.0007933308333680916,0.0012242785535841972,0.0003804963847272334,0.00020628683042546146,0.0006346051789980359,-0.0006488997830146478,0.0013764220366698668,-0.00021972006834922278,0.0008001606189727022,0.008676003736083945,0.0004467569805270026,0.0002886954649477851,0.0004109453666056137,0.0014584404243861405,0.0007295909352200982,0.000386890465123414,0.0002983513031835851,3.080019941766903e-5,0.00023729419650257336,0.0003448363161980127,9.311228417215682e-5,0.0006293824921033216,-8.61420701499105e-5,0.0001614893236349531,0.00039960687138507157,0.00027175450389214744,-2.8471246808035047e-5,-4.49475937743835e-5,4.6531532326061803e-5,0.0004467569805270026,0.0021127083835491573,-3.401692095686381e-5,6.231304742186117e-5,1.630186512439716e-5,0.0001651216932906565,9.845726376667938e-5,0.0003920828161559376,0.0002662727842916487,0.0011329165624930746,-0.00017503878568526877,-0.00022895771298767032,0.0007630056141119451,0.0003662782797890517,0.0005653520613783456,6.800641915916345e-5,0.0010469867713225629,0.00011663329373517073,0.0004021208256629903,2.987691433520762e-6,0.0002886954649477851,-3.401692095686381e-5,0.007113306337764731,0.00016574293109775104,-0.000511186812875819,-0.00045220058395993855,0.00017386879313180487,-3.4102050528316604e-5,0.00012572487270745385,0.00019331689783794181,0.0003252174138498512,0.00024251280766153028,0.0001439007158907811,0.0002300463769875654,0.00019912524400201407,0.00023827243947310606,0.0004770280403702281,-3.292886953369591e-5,0.0001413453275362926,0.00027698074776354154,0.0004109453666056137,6.231304742186117e-5,0.00016574293109775104,0.0026331570922442575,0.0004935490656577232,0.0005107941401984054,-2.390389188156939e-5,0.00016451334362691298,0.00014540321668131975,0.0022602512830883245,0.00041004871594974213,0.0006184586805875312,0.00027080268032057575,-5.93038207927634e-5,7.800522311038756e-5,0.000640806257517243,0.001280958617761464,0.001772261398466029,0.00040344043090801427,0.0002777405722499126,0.0014584404243861405,1.630186512439716e-5,-0.000511186812875819,0.0004935490656577232,0.010821666893185013,0.0010803274755138708,0.00041400958545001915,0.00018580565579678722,0.00035773279080843147,0.000782585850159536,0.0004749444193681068,0.0005598565537043299,6.329731079336478e-6,0.0001938039113824105,0.0001767410901085285,0.0008995918511077944,0.0007204628584709927,0.0016744415689894732,0.0004872137559462546,0.00030573465688830633,0.0007295909352200982,0.0001651216932906565,-0.00045220058395993855,0.0005107941401984054,0.0010803274755138708,0.005336477491970656,0.0001737693535205074,0.0003855322699999659,0.00022408203389540996,0.0009988982760633755,3.133845539334377e-5,0.0003219066379358487,0.0009121218543903239,4.573910596385183e-5,0.00013312893674194312,0.0006715875366176533,0.00021649289025909335,-8.973316084193137e-5,0.0007447870544002653,0.00019733117018596233,0.000386890465123414,9.845726376667938e-5,0.00017386879313180487,-2.390389188156939e-5,0.00041400958545001915,0.0001737693535205074,0.0036217768691022096
