0.0346851753788424,0.010319040381252649,0.004677192507017447,0.002222724872854954,0.005758710190651953,0.0008886439640636411,0.0016488501266666803,0.0011430349736238896,0.00449508309051482,0.011834614391354565,0.014382109246512814,0.009874268098108516,0.006697100122449591,0.006832793031692201,0.007565087885471124,0.005755255641120315,0.007110861955976799,0.0070602879524392145,0.006570321830901218,0.003750285871732523,0.010319040381252649,0.04085690226414869,0.0066743303568731534,0.010114017048772246,0.006852745414648713,0.010964689503871817,0.011645414007465858,0.005893725953330002,0.008401069028043953,0.008773148960349201,0.016940817296545126,0.010379211913018029,0.01636745869863395,0.007260696381680375,0.008231825280567512,0.005355384589111566,0.006830164856373868,0.02680708837499108,0.011194752317644024,0.009759353486734816,0.004677192507017447,0.0066743303568731534,0.0043339508259040965,0.0027221351049507916,0.001919849283127809,0.0028920143244706466,0.0028303975705473044,0.0015947743793480779,0.00198800187289045,0.0029871117579043033,0.006123152481406087,0.0040729658468220235,0.007038200317785148,0.0036489858554490384,0.004072008363290129,0.002086904632984006,0.0029062269170792546,0.005181050984093525,0.003034874405346228,0.0021315641234574377,0.002222724872854954,0.010114017048772246,0.0027221351049507916,0.010234211289213133,0.0035351968402556827,0.006790953935257672,0.008469842891495027,0.0038688577327064422,0.0032331581574235524,0.0021995760677255847,0.007284811267936482,0.007029982914896887,0.007865173321669864,0.007334459070439575,0.004186687952640064,0.0031327794603810003,0.0043323734738675845,0.011698885388618269,0.0034812442309879055,0.005337020649704627,0.005758710190651953,0.006852745414648713,0.001919849283127809,0.0035351968402556827,0.0047474856975120005,0.0025372511281941054,0.004329703960084778,0.0027880990361756493,0.00274392058558789,0.005289211376819465,0.005797784951922133,0.0052483204125559155,0.0027686117028403036,0.0033824368084726464,0.0019559118018858688,0.002704961398288891,0.00298555070516655,0.007939347459952475,0.002732082728104377,0.003967770524857681,0.0008886439640636411,0.010964689503871817,0.0028920143244706466,0.006790953935257672,0.0025372511281941054,0.01357133020552403,0.007536531482648097,0.004037199295731083,0.0033514273662436245,0.00012356011334125998,0.01072005149909241,0.00583517295448861,0.006194919562231254,0.0050239969798793705,0.005067448140350367,0.0029464457666349923,0.003056065754797544,0.012354808155726623,0.004179642211900475,0.006026691219141564,0.0016488501266666803,0.011645414007465858,0.0028303975705473044,0.008469842891495027,0.004329703960084778,0.007536531482648097,0.017406997476606293,0.0059355960368056,0.004544704788842779,0.0031019606988871504,0.011489936257381445,0.009767249542484958,0.008219000522677225,0.007441029848028396,0.005542315386458714,0.0043878004998604905,0.005725057157471781,0.015599636393809076,0.005893729993673821,0.00766367290569825,0.0011430349736238896,0.005893725953330002,0.0015947743793480779,0.0038688577327064422,0.0027880990361756493,0.004037199295731083,0.0059355960368056,0.006782847117436229,0.0021194813307825137,0.0025130488813969315,0.005290720195744326,0.004855492029751298,0.002434898380811675,0.0029628931256736792,0.0013415787578305554,0.002482203346635712,0.003200618201939024,0.00986215807584687,0.001912027128608726,0.004179665328091934,0.00449508309051482,0.008401069028043953,0.00198800187289045,0.0032331581574235524,0.00274392058558789,0.0033514273662436245,0.004544704788842779,0.0021194813307825137,0.004173999952833569,0.003640109253945768,0.0063363965043418125,0.0045648472018586465,0.005047525297907026,0.0021302031221605445,0.003466397202188459,0.0017364246702348052,0.0029158199853864314,0.007837029236754665,0.00416578047647719,0.0037792639926324846,0.011834614391354565,0.008773148960349201,0.0029871117579043033,0.0021995760677255847,0.005289211376819465,0.00012356011334125998,0.0031019606988871504,0.0025130488813969315,0.003640109253945768,0.02005996149072121,0.009973075351889703,0.0071940582160587244,0.007899419654274636,0.002943033334068317,0.002829751675523946,0.004705955761133966,0.0052538365951362125,0.01221008115802661,0.005675001792842239,0.003591327450000524,0.014382109246512814,0.016940817296545126,0.006123152481406087,0.007284811267936482,0.005797784951922133,0.01072005149909241,0.011489936257381445,0.005290720195744326,0.0063363965043418125,0.009973075351889703,0.04050165020694209,0.012342823542456235,0.014754338895067255,0.010552255058264355,0.017177776185253436,0.0076381609526981475,0.007946932123763729,0.02216992459603578,0.010755882869373862,0.007995677857470691,0.009874268098108516,0.010379211913018029,0.0040729658468220235,0.007029982914896887,0.0052483204125559155,0.00583517295448861,0.009767249542484958,0.004855492029751298,0.0045648472018586465,0.0071940582160587244,0.012342823542456235,0.013719744440644955,0.005757001808962268,0.0070369464412425,0.004575661946969766,0.005211635751284759,0.006935524475254702,0.01296782348451882,0.005228876717426325,0.006996028407057528,0.006697100122449591,0.01636745869863395,0.007038200317785148,0.007865173321669864,0.0027686117028403036,0.006194919562231254,0.008219000522677225,0.002434898380811675,0.005047525297907026,0.007899419654274636,0.014754338895067255,0.005757001808962268,0.03915474922212218,0.007150039770853603,0.013787088315694605,0.004043076171398209,0.007015422403384552,0.015372439579981712,0.009294564376467886,0.0034672269015310897,0.006832793031692201,0.007260696381680375,0.0036489858554490384,0.007334459070439575,0.0033824368084726464,0.0050239969798793705,0.007441029848028396,0.0029628931256736792,0.0021302031221605445,0.002943033334068317,0.010552255058264355,0.0070369464412425,0.007150039770853603,0.01208697046958713,0.0055107659134530805,0.004046304795204616,0.00422338898018363,0.007944295731439815,0.002070333002983855,0.004329998256300016,0.007565087885471124,0.008231825280567512,0.004072008363290129,0.004186687952640064,0.0019559118018858688,0.005067448140350367,0.005542315386458714,0.0013415787578305554,0.003466397202188459,0.002829751675523946,0.017177776185253436,0.004575661946969766,0.013787088315694605,0.0055107659134530805,0.027805205553477673,0.0012704327943661516,0.0023671553272378116,0.011727981279819147,0.006727061558854015,0.002461184711728376,0.005755255641120315,0.005355384589111566,0.002086904632984006,0.0031327794603810003,0.002704961398288891,0.0029464457666349923,0.0043878004998604905,0.002482203346635712,0.0017364246702348052,0.004705955761133966,0.0076381609526981475,0.005211635751284759,0.004043076171398209,0.004046304795204616,0.0012704327943661516,0.005282983344999935,0.0038574496214779062,0.007348529723745361,0.0020981665947762992,0.003072121282896567,0.007110861955976799,0.006830164856373868,0.0029062269170792546,0.0043323734738675845,0.00298555070516655,0.003056065754797544,0.005725057157471781,0.003200618201939024,0.0029158199853864314,0.0052538365951362125,0.007946932123763729,0.006935524475254702,0.007015422403384552,0.00422338898018363,0.0023671553272378116,0.0038574496214779062,0.010095666375983471,0.008955907884158693,0.005316937475399371,0.0035702525485822928,0.0070602879524392145,0.02680708837499108,0.005181050984093525,0.011698885388618269,0.007939347459952475,0.012354808155726623,0.015599636393809076,0.00986215807584687,0.007837029236754665,0.01221008115802661,0.02216992459603578,0.01296782348451882,0.015372439579981712,0.007944295731439815,0.011727981279819147,0.007348529723745361,0.008955907884158693,0.05653322466231327,0.014445121604677275,0.01027464040875712,0.006570321830901218,0.011194752317644024,0.003034874405346228,0.0034812442309879055,0.002732082728104377,0.004179642211900475,0.005893729993673821,0.001912027128608726,0.00416578047647719,0.005675001792842239,0.010755882869373862,0.005228876717426325,0.009294564376467886,0.002070333002983855,0.006727061558854015,0.0020981665947762992,0.005316937475399371,0.014445121604677275,0.012547638971472545,0.003975194676398229,0.003750285871732523,0.009759353486734816,0.0021315641234574377,0.005337020649704627,0.003967770524857681,0.006026691219141564,0.00766367290569825,0.004179665328091934,0.0037792639926324846,0.003591327450000524,0.007995677857470691,0.006996028407057528,0.0034672269015310897,0.004329998256300016,0.002461184711728376,0.003072121282896567,0.0035702525485822928,0.01027464040875712,0.003975194676398229,0.007323001361786903
0.028300910467399527,0.00544998243868953,-0.0005287219263899643,0.001368739292618805,0.0031509080363175046,0.0006051987566470484,0.0018426954100640056,0.0011542094867495723,-0.0026131881715073173,-0.003743544036470751,0.00038965878423433977,-0.005439920096098923,-0.004468019333631881,-0.003831111611565404,0.006691346713097833,-0.0020840842277465416,0.0018031295805803601,-0.006563349202366911,-0.006858281040294841,-0.0005790099987931948,0.00544998243868953,0.03568829648743708,0.0002912318343298371,-0.0021458343901601105,0.00497053222916849,0.0022642664207531945,0.0003905989983706221,0.00042639024419941526,-0.0010285229014854954,-0.006535816493328845,0.007620861126153868,-0.001306878734188848,-0.0043322288762098395,0.004069232058825851,-0.0024545494846368743,0.0019746528491402745,0.0031748576219856146,-0.0017829229457948857,-0.0066674949530348224,-0.0027295170260108804,-0.0005287219263899643,0.0002912318343298371,0.0023967819187079185,-0.00015191998884173913,-0.0004134262309406844,-0.00012667451949184173,0.00014228648463460606,0.0008319560154240373,0.0003058443026967586,0.0009579311923177604,0.00010249584303457225,0.0004513895590358997,0.0016248743081081344,0.0004745929050855379,-0.0010071220428082904,3.197126890453179e-5,-0.001021939194286775,0.0006107064292710847,-6.834798343501856e-5,0.00040400043619326847,0.001368739292618805,-0.0021458343901601105,-0.00015191998884173913,0.005309752019773165,-0.00044666316480123844,0.0015207019895124626,0.0021910127068983263,0.0012352953618874176,0.0006224911478181759,0.0008265923193813659,0.005759909506522817,9.70132359591402e-5,0.0024584612408743677,-0.0009198420266080482,-0.0001495347331495365,-0.0006172907825526944,0.0014774540038299646,-0.004223289405701413,0.00021726198519186207,0.0020124671482146784,0.0031509080363175046,0.00497053222916849,-0.0004134262309406844,-0.00044666316480123844,0.003912118592003392,0.001293288406741065,0.00046947983138799363,-0.00024061104927310215,0.00011144473369587355,-0.002280371389761478,0.0013187704323969597,-0.0009100756801960043,-0.0035003270113601334,0.002525699499863748,0.0008009568893043835,0.000829417667833937,0.001100153922673782,7.4368104098045725e-6,-0.0019812060098789,-0.002057260394711521,0.0006051987566470484,0.0022642664207531945,-0.00012667451949184173,0.0015207019895124626,0.001293288406741065,0.008636695468245803,0.00331600755292828,4.195147674585474e-6,-0.000306053979945215,-0.0022008516046656493,0.006210161599832141,0.0006088024679136237,0.00300930672268055,0.0022292618496635424,-0.002730917640973789,-0.00016996784807851327,0.0040054131242812496,-0.0013621046191550946,0.0002045519441799619,0.0003044821133659994,0.0018426954100640056,0.0003905989983706221,0.00014228648463460606,0.0021910127068983263,0.00046947983138799363,0.00331600755292828,0.010355748536700115,0.0012857834700609988,0.00041159832236025676,-0.0014804301814755221,0.010486032171760012,0.00047636855522491446,0.0018793657926741176,0.00038849884870318654,-0.003387090505178633,0.0009277399599283693,0.00034618161111660284,-0.006272178367524844,-7.142039710801438e-5,0.001387538375025,0.0011542094867495723,0.00042639024419941526,0.0008319560154240373,0.0012352953618874176,-0.00024061104927310215,4.195147674585474e-6,0.0012857834700609988,0.004436425312801918,0.000779277632604155,0.0005338016081923106,0.00278070451684678,-0.00016288925400351613,0.002321072254974056,-0.0007498863907378448,-0.0017631244820825198,-0.00021673779756246867,-0.0010527336522698821,-0.0028003163834875115,-0.001020553358202086,0.0016027169925267762,-0.0026131881715073173,-0.0010285229014854954,0.0003058443026967586,0.0006224911478181759,0.00011144473369587355,-0.000306053979945215,0.00041159832236025676,0.000779277632604155,0.003237733803867564,0.0007075950539198306,0.002194596652712402,0.0005540190175458216,0.0001743549867863211,0.002035430828045393,-0.0021628754859247573,0.0013337388741879621,-0.0012571839365418326,0.0009889739075273382,0.001734949009243137,0.0002474643338069151,-0.003743544036470751,-0.006535816493328845,0.0009579311923177604,0.0008265923193813659,-0.002280371389761478,-0.0022008516046656493,-0.0014804301814755221,0.0005338016081923106,0.0007075950539198306,0.011781960639609327,-0.007791228491862929,0.0023795853655408676,0.002813610751475821,-0.0001469189074368738,0.004533334795243201,-0.0012114900389239085,-0.0013764659464612981,0.0064629575983109555,0.002191584300222188,0.0021499932593788927,0.00038965878423433977,0.007620861126153868,0.00010249584303457225,0.005759909506522817,0.0013187704323969597,0.006210161599832141,0.010486032171760012,0.00278070451684678,0.002194596652712402,-0.007791228491862929,0.04670821742992352,-0.0018201010684832345,0.010090725500262677,0.0017064097623202593,-0.010739633686808879,0.0016054499688255858,0.0017468852175123954,-0.02311822344261418,0.0006185376397422896,0.0026554916195492785,-0.005439920096098923,-0.001306878734188848,0.0004513895590358997,9.70132359591402e-5,-0.0009100756801960043,0.0006088024679136237,0.00047636855522491446,-0.00016288925400351613,0.0005540190175458216,0.0023795853655408676,-0.0018201010684832345,0.006113304727509792,0.0008614495539343374,0.0021059708884538066,-0.004520885445215872,0.0012318173110867111,0.0003864749853831885,0.006669691818409564,0.0014850909597128288,0.0005232455174313552,-0.004468019333631881,-0.0043322288762098395,0.0016248743081081344,0.0024584612408743677,-0.0035003270113601334,0.00300930672268055,0.0018793657926741176,0.002321072254974056,0.0001743549867863211,0.002813610751475821,0.010090725500262677,0.0008614495539343374,0.03508731766670495,-0.0014262872112011933,-0.0017523303625355349,-0.002259692377154319,0.0029448541434359834,-0.003393744477072256,0.004607848193280604,0.0059620537558083,-0.003831111611565404,0.004069232058825851,0.0004745929050855379,-0.0009198420266080482,0.002525699499863748,0.0022292618496635424,0.00038849884870318654,-0.0007498863907378448,0.002035430828045393,-0.0001469189074368738,0.0017064097623202593,0.0021059708884538066,-0.0014262872112011933,0.00911850901673111,-0.004331567456689639,0.0026825857535500474,0.0011140518793750298,0.006828038242706241,0.0009315248682600786,-0.0018416891700628797,0.006691346713097833,-0.0024545494846368743,-0.0010071220428082904,-0.0001495347331495365,0.0008009568893043835,-0.002730917640973789,-0.003387090505178633,-0.0017631244820825198,-0.0021628754859247573,0.004533334795243201,-0.010739633686808879,-0.004520885445215872,-0.0017523303625355349,-0.004331567456689639,0.028344931910805782,-0.004130705613913778,0.001257061746021398,0.003251892125294007,-0.0013404113178305285,0.0005680727942242769,-0.0020840842277465416,0.0019746528491402745,3.197126890453179e-5,-0.0006172907825526944,0.000829417667833937,-0.00016996784807851327,0.0009277399599283693,-0.00021673779756246867,0.0013337388741879621,-0.0012114900389239085,0.0016054499688255858,0.0012318173110867111,-0.002259692377154319,0.0026825857535500474,-0.004130705613913778,0.00430146772771434,-0.0008750585910848596,0.001893603099349135,0.0009215688882363532,-0.0008465457223539971,0.0018031295805803601,0.0031748576219856146,-0.001021939194286775,0.0014774540038299646,0.001100153922673782,0.0040054131242812496,0.00034618161111660284,-0.0010527336522698821,-0.0012571839365418326,-0.0013764659464612981,0.0017468852175123954,0.0003864749853831885,0.0029448541434359834,0.0011140518793750298,0.001257061746021398,-0.0008750585910848596,0.008402190669806754,0.002943499324020102,-0.0005240991816393314,0.0009820004598001522,-0.006563349202366911,-0.0017829229457948857,0.0006107064292710847,-0.004223289405701413,7.4368104098045725e-6,-0.0013621046191550946,-0.006272178367524844,-0.0028003163834875115,0.0009889739075273382,0.0064629575983109555,-0.02311822344261418,0.006669691818409564,-0.003393744477072256,0.006828038242706241,0.003251892125294007,0.001893603099349135,0.002943499324020102,0.049336419300094025,0.0013645850484219186,-0.0015354201587843425,-0.006858281040294841,-0.0066674949530348224,-6.834798343501856e-5,0.00021726198519186207,-0.0019812060098789,0.0002045519441799619,-7.142039710801438e-5,-0.001020553358202086,0.001734949009243137,0.002191584300222188,0.0006185376397422896,0.0014850909597128288,0.004607848193280604,0.0009315248682600786,-0.0013404113178305285,0.0009215688882363532,-0.0005240991816393314,0.0013645850484219186,0.009868403208095504,0.0017298846601560606,-0.0005790099987931948,-0.0027295170260108804,0.00040400043619326847,0.0020124671482146784,-0.002057260394711521,0.0003044821133659994,0.001387538375025,0.0016027169925267762,0.0002474643338069151,0.0021499932593788927,0.0026554916195492785,0.0005232455174313552,0.0059620537558083,-0.0018416891700628797,0.0005680727942242769,-0.0008465457223539971,0.0009820004598001522,-0.0015354201587843425,0.0017298846601560606,0.004512088976726202
0.03801966941340656,0.0046277733651547415,0.0036510237807215844,0.0033902321797689592,-4.382379122176206e-5,0.0033467270887578135,0.004324513875117216,0.003899041120425026,0.00046867391393127936,0.0027383948839317203,0.002169189429510242,0.008893292341508763,0.006574193098864365,0.007176270523935404,-0.0071848310090246535,0.0019102421883907491,0.0005528016410089188,0.01756463005776472,0.005551354487491066,-0.001682026937329671,0.0046277733651547415,0.028301122212897073,0.0033287898922950395,0.0016872702749422528,-0.0005913324591023442,-0.0016335949964086998,0.009044105347888834,0.002493959669290715,-0.0005396753732142968,0.007476898635110852,0.0017413871403012364,0.0015763583502210327,0.0013503133711692383,0.0006651335222128167,-0.0028749126033405055,0.0010737372819659115,-0.0019341042241476129,0.015580420149110506,0.00015973809391494264,-0.0016107477954265493,0.0036510237807215844,0.0033287898922950395,0.005838884246415196,0.0021507697820038326,0.00012999854133312095,-0.002052103024939616,0.004277409638921195,0.0015010792227980684,-2.6241153313741946e-5,0.004449816050744883,0.0038068551712876334,0.0037355824564081824,0.00341021919084732,0.002601737566088178,0.0014530901598018143,0.0017124432689405809,-0.0029233295434120676,0.009448306571857617,0.0004414002844284904,0.0013705918432770892,0.0033902321797689592,0.0016872702749422528,0.0021507697820038326,0.00826497660747547,-0.001136367165378772,0.0003461501952129576,0.0011428604076256128,0.0034769936499484053,-8.071956028483213e-5,0.0005569803144647176,0.00573484155404236,0.0019232632781606635,-3.7428528231340553e-5,0.001932761286667062,0.002028174030986158,0.002336062837173654,0.0008166805124077147,0.00283952901048288,0.0018375388792529026,0.001072019160921501,-4.382379122176206e-5,-0.0005913324591023442,0.00012999854133312095,-0.001136367165378772,0.0034092979677638234,0.00014649238218916128,-0.0007301650699607151,-0.0005074167802868713,0.0020377453807629148,-7.10197876723398e-5,0.0006092985893906049,-9.769106344826475e-5,0.004536410056163818,0.0009832962118664164,0.001107907324874193,0.0007906566491682249,-0.001217336969306408,0.004301552444652324,0.0005215908671307168,-0.0003788989289061813,0.0033467270887578135,-0.0016335949964086998,-0.002052103024939616,0.0003461501952129576,0.00014649238218916128,0.010294289359039498,-0.002614034640500529,0.0003491053584630266,0.0007088504538345321,-0.001058707923585954,0.0029728287146262586,9.218689376065805e-5,0.0036542184055076265,0.0016971963248854725,-0.0013321544166992128,-0.0007164803806137378,0.0026442355665862614,-0.004015170058402057,-0.00028784666988043955,-0.0016243389168723431,0.004324513875117216,0.009044105347888834,0.004277409638921195,0.0011428604076256128,-0.0007301650699607151,-0.002614034640500529,0.01498134248624189,0.001561142140786787,-0.0014592084564544186,0.012184290302547727,0.004944590011416843,0.0013901117099866678,0.0061406320114724,-0.000857825163797777,-0.0010558886743754995,-0.0012628471515660584,-0.002710335588612669,0.013951068571166547,-0.0017903205468850015,0.0002769479504564753,0.003899041120425026,0.002493959669290715,0.0015010792227980684,0.0034769936499484053,-0.0005074167802868713,0.0003491053584630266,0.001561142140786787,0.0055439559044436915,-0.0009460421713376281,-0.0007327626620120479,0.0046763615274452285,0.002443432713320157,0.0018289454617434588,0.0014492983186123222,-0.00034436815010206474,0.0009639551910508521,0.00029939669856939727,0.0022678981286358988,0.0018074288875364539,-0.00024657395699974593,0.00046867391393127936,-0.0005396753732142968,-2.6241153313741946e-5,-8.071956028483213e-5,0.0020377453807629148,0.0007088504538345321,-0.0014592084564544186,-0.0009460421713376281,0.004608978532462714,-0.0012345175941104243,0.0012288941114649054,0.001003489908523304,0.0038862163567006296,0.0010219085574670278,0.0029901131585354413,0.0009980874839140082,-0.0013530532873580424,0.004449548703064201,0.00029347482799520024,-0.0005065748030565127,0.0027383948839317203,0.007476898635110852,0.004449816050744883,0.0005569803144647176,-7.10197876723398e-5,-0.001058707923585954,0.012184290302547727,-0.0007327626620120479,-0.0012345175941104243,0.020684822530058645,0.005767736827653917,-0.0007985614391668846,0.006951222589099922,-0.0015838854864797527,-4.49348101612372e-5,-0.0011379321996809713,-0.003912779600241652,0.016884831236059092,-0.0030004016758588626,0.0011683982640764545,0.002169189429510242,0.0017413871403012364,0.0038068551712876334,0.00573484155404236,0.0006092985893906049,0.0029728287146262586,0.004944590011416843,0.0046763615274452285,0.0012288941114649054,0.005767736827653917,0.030227651301506543,0.004861529318170025,0.015477993226336376,0.0023402772764254715,0.0017978191854273332,-0.002073438404714978,-0.003109952545825409,0.006262837383788686,-0.0029485367213336567,0.0005466040062972962,0.008893292341508763,0.0015763583502210327,0.0037355824564081824,0.0019232632781606635,-9.769106344826475e-5,9.218689376065805e-5,0.0013901117099866678,0.002443432713320157,0.001003489908523304,-0.0007985614391668846,0.004861529318170025,0.01093795002487627,0.0035647563997796513,0.0030988756734346983,3.3606244087521614e-5,0.0013084127586677299,-0.0016743205857882339,0.006090665030067286,0.001387155675741911,0.00012837400211225961,0.006574193098864365,0.0013503133711692383,0.00341021919084732,-3.7428528231340553e-5,0.004536410056163818,0.0036542184055076265,0.0061406320114724,0.0018289454617434588,0.0038862163567006296,0.006951222589099922,0.015477993226336376,0.0035647563997796513,0.036839556826054894,0.002426450913230364,-0.0031188339432453253,-0.0016175886027053974,-0.005028546076384387,0.012576147609021041,-0.0022258446356404993,-0.0015290503871823393,0.007176270523935404,0.0006651335222128167,0.002601737566088178,0.001932761286667062,0.0009832962118664164,0.0016971963248854725,-0.000857825163797777,0.0014492983186123222,0.0010219085574670278,-0.0015838854864797527,0.0023402772764254715,0.0030988756734346983,0.002426450913230364,0.008864537723170468,-0.0014423343974466203,0.0013270981112656602,-0.0008964061739301209,0.0077504221324223195,0.0023595557965497924,6.146397952798131e-5,-0.0071848310090246535,-0.0028749126033405055,0.0014530901598018143,0.002028174030986158,0.001107907324874193,-0.0013321544166992128,-0.0010558886743754995,-0.00034436815010206474,0.0029901131585354413,-4.49348101612372e-5,0.0017978191854273332,3.3606244087521614e-5,-0.0031188339432453253,-0.0014423343974466203,0.021674049723826333,0.005446688286419152,-0.00015625633606374407,0.0021733837543646225,0.001506298347456989,0.0024011030247955323,0.0019102421883907491,0.0010737372819659115,0.0017124432689405809,0.002336062837173654,0.0007906566491682249,-0.0007164803806137378,-0.0012628471515660584,0.0009639551910508521,0.0009980874839140082,-0.0011379321996809713,-0.002073438404714978,0.0013084127586677299,-0.0016175886027053974,0.0013270981112656602,0.005446688286419152,0.006318937627439315,0.0007499305990602095,0.0047417748845387745,0.002918339748761197,0.00046679249230617586,0.0005528016410089188,-0.0019341042241476129,-0.0029233295434120676,0.0008166805124077147,-0.001217336969306408,0.0026442355665862614,-0.002710335588612669,0.00029939669856939727,-0.0013530532873580424,-0.003912779600241652,-0.003109952545825409,-0.0016743205857882339,-0.005028546076384387,-0.0008964061739301209,-0.00015625633606374407,0.0007499305990602095,0.007655633324611833,-0.007154824772112904,0.000632069261050381,-0.000837028062243037,0.01756463005776472,0.015580420149110506,0.009448306571857617,0.00283952901048288,0.004301552444652324,-0.004015170058402057,0.013951068571166547,0.0022678981286358988,0.004449548703064201,0.016884831236059092,0.006262837383788686,0.006090665030067286,0.012576147609021041,0.0077504221324223195,0.0021733837543646225,0.0047417748845387745,-0.007154824772112904,0.06897019197169975,0.0039187334210391625,0.00020159229990972697,0.005551354487491066,0.00015973809391494264,0.0004414002844284904,0.0018375388792529026,0.0005215908671307168,-0.00028784666988043955,-0.0017903205468850015,0.0018074288875364539,0.00029347482799520024,-0.0030004016758588626,-0.0029485367213336567,0.001387155675741911,-0.0022258446356404993,0.0023595557965497924,0.001506298347456989,0.002918339748761197,0.000632069261050381,0.0039187334210391625,0.007808804673359956,0.00022277348822140948,-0.001682026937329671,-0.0016107477954265493,0.0013705918432770892,0.001072019160921501,-0.0003788989289061813,-0.0016243389168723431,0.0002769479504564753,-0.00024657395699974593,-0.0005065748030565127,0.0011683982640764545,0.0005466040062972962,0.00012837400211225961,-0.0015290503871823393,6.146397952798131e-5,0.0024011030247955323,0.00046679249230617586,-0.000837028062243037,0.00020159229990972697,0.00022277348822140948,0.002957276650074974
