0.0056536551609721744,-0.0007326271765657133,-0.0019160101298124517,0.0011446404188813189,2.5745201821520113e-6,-0.0006025650719900757,-0.00013526482459929012,0.0028926015641986217,-0.0026416181617275668,0.0015043455278719994,0.00024286467233324504,0.00025012090168813664,0.00027094170122837703,-0.00039905255914696354,0.001970276111631547,-0.00024747747422553093,0.0009351128850919722,0.0013141201918288013,-0.0026510761624079946,4.295970017823821e-5,-0.0007326271765657133,0.0031288383519998166,-9.240208119674258e-5,0.0003961861711509274,0.001743771536947305,-0.00041670559068844186,-0.0005785557355473171,0.0009952641107675482,9.367896200988243e-5,0.0010413685123958321,0.0004593905966176498,-5.0472857448118124e-5,0.00023685524381810452,0.00028577432957778155,5.269461493392501e-5,0.002276174881386621,0.0011136935914129835,0.000469447149705029,0.0015548673616660599,0.0005602908958081334,-0.0019160101298124517,-9.240208119674258e-5,0.0015692742559382609,0.0001481997659571754,0.0006005828491628359,0.0005902289783436428,-0.0009862235608145134,-0.00037811931095348193,-0.00028591270593097897,-0.0004355594877003878,0.00017671086194522836,-0.0009754379397803681,-0.00029355447824962357,-8.4069103491942e-5,-0.0012137235126075964,-0.0008026370232369203,-0.0004565190564278593,-0.00014698208233325508,6.363506486997393e-5,-0.0003307821643743721,0.0011446404188813189,0.0003961861711509274,0.0001481997659571754,0.0045164919720429375,0.00035277894004881216,-0.0003780791925710968,-0.000518558677962549,0.0006048222897405127,-0.0027009105882209827,-0.0007928022490148153,0.0003137512531124707,-0.0023221348372300726,-0.00028312160822885796,0.001427296321345211,0.0002741106729454041,3.801893288830888e-5,0.0009467166329712427,0.0011326169245102435,0.0019954226675733804,9.337495913254885e-5,2.5745201821520113e-6,0.001743771536947305,0.0006005828491628359,0.00035277894004881216,0.0033026725695274864,-6.418340511253464e-5,-0.0010012753771056313,0.0012148432786386449,-0.0008219537951845927,0.0015907653864798146,0.00019356592835164036,-0.0001639932117818673,-6.316432982092699e-5,0.000254384459261019,-0.0007816490912953341,0.0011241976513031169,0.0007733915257038071,0.00012329418693396627,-0.0002668131736088268,0.0004042536416370159,-0.0006025650719900757,-0.00041670559068844186,0.0005902289783436428,-0.0003780791925710968,-6.418340511253464e-5,0.0027974329897239515,-0.0005866774361575628,-0.00040754634782112157,-0.00024327846872685663,0.0005170628773622336,-6.449442239761077e-5,0.00042243629775463333,-0.00043643134989508506,0.0004100839102963398,-0.00016271621027774284,0.0004087663414824632,0.001788842949153965,0.0008657511816010743,-0.0008253877094791659,-0.0008671145063264615,-0.00013526482459929012,-0.0005785557355473171,-0.0009862235608145134,-0.000518558677962549,-0.0010012753771056313,-0.0005866774361575628,0.0028925114993630045,-0.0016478132681545556,0.0017542158815352419,0.0007064489973269896,-0.0009004008957588775,0.0019146796295766932,-0.0007392414922129165,0.0012526428460197816,0.0008764417154952257,0.0005362996015013756,0.0002055660507263792,-0.0014614534507348907,0.0009635624752612657,0.0008233622704427724,0.0028926015641986217,0.0009952641107675482,-0.00037811931095348193,0.0006048222897405127,0.0012148432786386449,-0.00040754634782112157,-0.0016478132681545556,0.005762618519633025,-0.002428639118423145,0.0010418302567995787,0.0012136023098983165,-0.0007702165544847422,-0.002143335856237172,-0.0011939419259768933,0.0013400482910854434,-3.88963820499363e-5,-0.0005237435061885964,0.0005188853604931056,-0.003380929918502756,-0.00020030400489434936,-0.0026416181617275668,9.367896200988243e-5,-0.00028591270593097897,-0.0027009105882209827,-0.0008219537951845927,-0.00024327846872685663,0.0017542158815352419,-0.002428639118423145,0.005197942916675078,-0.0029033966940462835,-0.0015491309111970593,0.001143600614529414,7.160106738246985e-5,-0.00018808332236638762,-0.00016746865977905899,0.0012278622729782643,-0.0010239184381766416,-0.001923199999752874,0.0017931839860691663,3.9210812423585734e-5,0.0015043455278719994,0.0010413685123958321,-0.0004355594877003878,-0.0007928022490148153,0.0015907653864798146,0.0005170628773622336,0.0007064489973269896,0.0010418302567995787,-0.0029033966940462835,0.009669401066030626,0.0014788767652745586,0.0035294289374911813,-0.000939906420328997,0.001118408111883996,0.0006523790225995584,0.0005076518611632948,0.003565353694954051,0.0008300252833488608,-0.002488854281487796,0.0018603359659021713,0.00024286467233324504,0.0004593905966176498,0.00017671086194522836,0.0003137512531124707,0.00019356592835164036,-6.449442239761077e-5,-0.0009004008957588775,0.0012136023098983165,-0.0015491309111970593,0.0014788767652745586,0.0018717264906372238,0.0003926940465996369,-0.00040933420478000894,0.00011203839331844909,0.000564682051387766,0.00011817012931062808,-0.00028282788496431985,0.0006034573294176682,-0.0004930503491356043,-3.9108206741325264e-5,0.00025012090168813664,-5.0472857448118124e-5,-0.0009754379397803681,-0.0023221348372300726,-0.0001639932117818673,0.00042243629775463333,0.0019146796295766932,-0.0007702165544847422,0.001143600614529414,0.0035294289374911813,0.0003926940465996369,0.004497022295808258,-0.0005615999844260647,0.0012801575016441538,0.0015813777388776168,0.001197418603656562,0.0007520745493899058,-0.0008056064418299377,-0.0009724419029342807,0.0007683034728200022,0.00027094170122837703,0.00023685524381810452,-0.00029355447824962357,-0.00028312160822885796,-6.316432982092699e-5,-0.00043643134989508506,-0.0007392414922129165,-0.002143335856237172,7.160106738246985e-5,-0.000939906420328997,-0.00040933420478000894,-0.0005615999844260647,0.003787852546152195,-0.0007732210992711615,-0.0009253844348374276,-9.078675112117994e-6,0.0001936500010689014,0.0010976315732384597,0.0012588293113113438,-0.00037127970094322964,-0.00039905255914696354,0.00028577432957778155,-8.4069103491942e-5,0.001427296321345211,0.000254384459261019,0.0004100839102963398,0.0012526428460197816,-0.0011939419259768933,-0.00018808332236638762,0.001118408111883996,0.00011203839331844909,0.0012801575016441538,-0.0007732210992711615,0.002535113674964214,0.0007155699500503961,0.001155963335455534,0.001293955595341624,-0.00014125000755377666,0.0017586483357371913,0.0005614733250010667,0.001970276111631547,5.269461493392501e-5,-0.0012137235126075964,0.0002741106729454041,-0.0007816490912953341,-0.00016271621027774284,0.0008764417154952257,0.0013400482910854434,-0.00016746865977905899,0.0006523790225995584,0.000564682051387766,0.0015813777388776168,-0.0009253844348374276,0.0007155699500503961,0.0023945788476525003,0.0009216531806672132,0.0002781052710570227,9.731162523429033e-5,-0.0005715483875956518,7.726206948824204e-5,-0.00024747747422553093,0.002276174881386621,-0.0008026370232369203,3.801893288830888e-5,0.0011241976513031169,0.0004087663414824632,0.0005362996015013756,-3.88963820499363e-5,0.0012278622729782643,0.0005076518611632948,0.00011817012931062808,0.001197418603656562,-9.078675112117994e-6,0.001155963335455534,0.0009216531806672132,0.003399873940540246,0.0018204044889697766,0.00037069071471190675,0.0019485373298363112,0.0002776098593576124,0.0009351128850919722,0.0011136935914129835,-0.0004565190564278593,0.0009467166329712427,0.0007733915257038071,0.001788842949153965,0.0002055660507263792,-0.0005237435061885964,-0.0010239184381766416,0.003565353694954051,-0.00028282788496431985,0.0007520745493899058,0.0001936500010689014,0.001293955595341624,0.0002781052710570227,0.0018204044889697766,0.004486034205195208,0.0016994633614066251,0.0005919320399459373,0.0004687602126510416,0.0013141201918288013,0.000469447149705029,-0.00014698208233325508,0.0011326169245102435,0.00012329418693396627,0.0008657511816010743,-0.0014614534507348907,0.0005188853604931056,-0.001923199999752874,0.0008300252833488608,0.0006034573294176682,-0.0008056064418299377,0.0010976315732384597,-0.00014125000755377666,9.731162523429033e-5,0.00037069071471190675,0.0016994633614066251,0.002146932767559614,-3.952676425607462e-5,-0.0004089719754240493,-0.0026510761624079946,0.0015548673616660599,6.363506486997393e-5,0.0019954226675733804,-0.0002668131736088268,-0.0008253877094791659,0.0009635624752612657,-0.003380929918502756,0.0017931839860691663,-0.002488854281487796,-0.0004930503491356043,-0.0009724419029342807,0.0012588293113113438,0.0017586483357371913,-0.0005715483875956518,0.0019485373298363112,0.0005919320399459373,-3.952676425607462e-5,0.005778347796537702,0.0005083354523357721,4.295970017823821e-5,0.0005602908958081334,-0.0003307821643743721,9.337495913254885e-5,0.0004042536416370159,-0.0008671145063264615,0.0008233622704427724,-0.00020030400489434936,3.9210812423585734e-5,0.0018603359659021713,-3.9108206741325264e-5,0.0007683034728200022,-0.00037127970094322964,0.0005614733250010667,7.726206948824204e-5,0.0002776098593576124,0.0004687602126510416,-0.0004089719754240493,0.0005083354523357721,0.0012195016200797
0.0069979385735382035,-0.0027372463009328035,-7.336737218114294e-5,-0.001034220854988373,0.0001812035882129848,-0.0019242694271978662,0.0025778477055775208,-0.003403993323279141,0.0031864280201745515,0.00320038297582317,0.0012937705208812733,0.0006984655797615377,0.0005859323975201803,0.002076067241602244,-0.0009016512708832759,0.0017526805040071558,0.0005385567204700221,0.0017071702494481605,0.0010971891457824368,0.0001221253042999398,-0.0027372463009328035,0.006028856177002716,-0.0002715306935464116,-0.0033842945015091002,-0.000896419856849894,-0.00038892523325476515,-0.0011601497979375395,0.0017891445819465713,-0.0024393029621516083,-0.0042092472096637145,-0.00018898795921552257,-0.0021813764609085948,0.00022501525587553643,0.00020217114464661582,-0.0012110752128812862,-0.0010803279012372487,0.00033279962084124234,7.672171643830557e-5,-0.0011375551440074715,-0.0005238889581973025,-7.336737218114294e-5,-0.0002715306935464116,0.0027617458703192996,-0.0009085405655238144,-0.0014584733863139666,0.0003108971035255311,-0.0002114391698629273,-0.0009095148306657447,-0.0022491123001106735,0.00019788582630425735,-0.0003031523420433641,0.00015785318128121764,0.00011867131340295377,0.00038096833022584296,7.198804055317501e-5,-0.00019861969474406783,-0.0007010995039841464,0.0004996546689507189,0.0006496183077011205,0.0003146084656054718,-0.001034220854988373,-0.0033842945015091002,-0.0009085405655238144,0.006067552211369736,0.0005878191265007498,0.00014640481848197067,-0.0012554035969388041,0.0009111472603488111,0.0011861632577994732,0.0006393447352661668,1.0365744650561834e-5,0.0014721587488974153,-7.947846342835782e-5,0.0007717358379616459,0.00010402380395751835,0.0009126751157090712,-0.00041929910299761514,-0.0017364444421316487,-0.0011316197849607788,-4.731110339368445e-5,0.0001812035882129848,-0.000896419856849894,-0.0014584733863139666,0.0005878191265007498,0.002987382708584645,-0.0009537563499602874,-0.0005050957855080702,0.00045812836606001317,0.001974027649864192,0.00047046875492053275,0.0002936209169592334,0.0009904467819124784,-0.00020618935171432863,-0.0014027217901337419,0.0005177816599480702,-0.00111849886214774,0.0014836998352220098,-0.001325985483359781,0.0004010233966619868,0.00021058075368177935,-0.0019242694271978662,-0.00038892523325476515,0.0003108971035255311,0.00014640481848197067,-0.0009537563499602874,0.005605921451380427,0.0019496035476331427,1.3725341956382788e-5,-0.0002334171049006269,0.001379963713358048,-0.0003581000664032669,0.0002677909270786241,6.34044252323738e-5,-0.0012872403111572675,-0.0003089955936575709,0.0007486804217101613,-0.00391655151200265,-0.0001353382418448809,0.0009613996938608083,0.00047049925498212464,0.0025778477055775208,-0.0011601497979375395,-0.0002114391698629273,-0.0012554035969388041,-0.0005050957855080702,0.0019496035476331427,0.00448532781052936,-0.002158563473826611,0.0025588953753808903,0.003219291518368676,-0.0008671344303871002,0.00025313106492002864,0.0010515020000900367,5.081361985714481e-5,-0.00016124596701376086,0.0018287026547207834,-0.0009485306040767074,0.0014741990781037178,0.0018704629992142765,0.0009995839063441014,-0.003403993323279141,0.0017891445819465713,-0.0009095148306657447,0.0009111472603488111,0.00045812836606001317,1.3725341956382788e-5,-0.002158563473826611,0.0030869246787227555,-0.0021818744047365566,-0.0018773649324040384,-0.00021585549526999622,-0.0006854735657138907,-0.0013697983827836045,-0.0011744029055201013,0.0006956343880493148,-0.0008488428573813591,0.000622836069924798,-0.0007906620039769233,-0.0008817861699861476,-0.00025812154715472717,0.0031864280201745515,-0.0024393029621516083,-0.0022491123001106735,0.0011861632577994732,0.001974027649864192,-0.0002334171049006269,0.0025588953753808903,-0.0021818744047365566,0.0072038845793818106,0.0015656265732954114,-0.00021018103639652074,0.0013340069904471924,0.0021740924720085432,0.0005223570708071629,0.0004521472837101953,-3.09080426866827e-5,-5.9954017699329214e-5,0.00019056021157400814,0.0005596601171304451,-0.000545671460979431,0.00320038297582317,-0.0042092472096637145,0.00019788582630425735,0.0006393447352661668,0.00047046875492053275,0.001379963713358048,0.003219291518368676,-0.0018773649324040384,0.0015656265732954114,0.005444468674511952,-4.106013573282104e-5,0.0014326910674011188,-0.0004261126770111479,-0.0009708318125575114,0.0006655326239428526,0.0018285188896754881,-0.0004242326784766068,0.00048674863709768457,0.002262380343294281,0.001103720525831646,0.0012937705208812733,-0.00018898795921552257,-0.0003031523420433641,1.0365744650561834e-5,0.0002936209169592334,-0.0003581000664032669,-0.0008671344303871002,-0.00021585549526999622,-0.00021018103639652074,-4.106013573282104e-5,0.0015883962159341674,0.00013106573203461118,-0.0004228317884817622,0.0005786715276597862,-0.0009493508247234505,0.00012560363509732812,-0.000498161483294924,-0.0005445571596876548,-0.00048246198717690576,-0.0005919143160058434,0.0006984655797615377,-0.0021813764609085948,0.00015785318128121764,0.0014721587488974153,0.0009904467819124784,0.0002677909270786241,0.00025313106492002864,-0.0006854735657138907,0.0013340069904471924,0.0014326910674011188,0.00013106573203461118,0.001557365482656006,0.00023279086006935536,-4.297161706317534e-5,0.0003999342458261262,-0.0004061613374706001,-0.00048480078571148206,-0.0005611239797948725,0.0007534529613488656,-6.589230681097079e-5,0.0005859323975201803,0.00022501525587553643,0.00011867131340295377,-7.947846342835782e-5,-0.00020618935171432863,6.34044252323738e-5,0.0010515020000900367,-0.0013697983827836045,0.0021740924720085432,-0.0004261126770111479,-0.0004228317884817622,0.00023279086006935536,0.0021354332486989806,0.0009518492482288351,-0.0008440713756685751,7.109169438208131e-5,-0.0003699096994478487,-0.00039458115697159265,-2.532955864076398e-5,-3.4604349613639155e-5,0.002076067241602244,0.00020217114464661582,0.00038096833022584296,0.0007717358379616459,-0.0014027217901337419,-0.0012872403111572675,5.081361985714481e-5,-0.0011744029055201013,0.0005223570708071629,-0.0009708318125575114,0.0005786715276597862,-4.297161706317534e-5,0.0009518492482288351,0.003600783056374909,-0.001480674332930369,0.0008252393795639941,-0.0007158808760683699,0.0009490575434661199,-0.0007162281896070475,-0.0004085721230228024,-0.0009016512708832759,-0.0012110752128812862,7.198804055317501e-5,0.00010402380395751835,0.0005177816599480702,-0.0003089955936575709,-0.00016124596701376086,0.0006956343880493148,0.0004521472837101953,0.0006655326239428526,-0.0009493508247234505,0.0003999342458261262,-0.0008440713756685751,-0.001480674332930369,0.0035525518404515327,-0.0017799599117683358,0.00048808209976421765,0.0015623365337779057,0.0010767365318000515,-0.0007416921332422208,0.0017526805040071558,-0.0010803279012372487,-0.00019861969474406783,0.0009126751157090712,-0.00111849886214774,0.0007486804217101613,0.0018287026547207834,-0.0008488428573813591,-3.09080426866827e-5,0.0018285188896754881,0.00012560363509732812,-0.0004061613374706001,7.109169438208131e-5,0.0008252393795639941,-0.0017799599117683358,0.003520568243974992,8.568564261439105e-5,-0.0002238147738758754,-0.0003264336867581996,0.0014543373436478458,0.0005385567204700221,0.00033279962084124234,-0.0007010995039841464,-0.00041929910299761514,0.0014836998352220098,-0.00391655151200265,-0.0009485306040767074,0.000622836069924798,-5.9954017699329214e-5,-0.0004242326784766068,-0.000498161483294924,-0.00048480078571148206,-0.0003699096994478487,-0.0007158808760683699,0.00048808209976421765,8.568564261439105e-5,0.004757933170340478,-0.0004766584546585151,-0.00043474833148793784,0.0010279098063680242,0.0017071702494481605,7.672171643830557e-5,0.0004996546689507189,-0.0017364444421316487,-0.001325985483359781,-0.0001353382418448809,0.0014741990781037178,-0.0007906620039769233,0.00019056021157400814,0.00048674863709768457,-0.0005445571596876548,-0.0005611239797948725,-0.00039458115697159265,0.0009490575434661199,0.0015623365337779057,-0.0002238147738758754,-0.0004766584546585151,0.003708833908872091,0.001067162527856587,-0.0003501888506697309,0.0010971891457824368,-0.0011375551440074715,0.0006496183077011205,-0.0011316197849607788,0.0004010233966619868,0.0009613996938608083,0.0018704629992142765,-0.0008817861699861476,0.0005596601171304451,0.002262380343294281,-0.00048246198717690576,0.0007534529613488656,-2.532955864076398e-5,-0.0007162281896070475,0.0010767365318000515,-0.0003264336867581996,-0.00043474833148793784,0.001067162527856587,0.002210739682998932,0.0005184779859543176,0.0001221253042999398,-0.0005238889581973025,0.0003146084656054718,-4.731110339368445e-5,0.00021058075368177935,0.00047049925498212464,0.0009995839063441014,-0.00025812154715472717,-0.000545671460979431,0.001103720525831646,-0.0005919143160058434,-6.589230681097079e-5,-3.4604349613639155e-5,-0.0004085721230228024,-0.0007416921332422208,0.0014543373436478458,0.0010279098063680242,-0.0003501888506697309,0.0005184779859543176,0.0021273341126092768
