0.015094301262311498,0.003086579732636584,0.005528235916437191,0.0017746734909931347,0.004538470530207331,0.006459507812146675,0.004665420406474637,0.001742760058667805,0.0006531422275140337,0.003733366206199441,0.002072842098176775,-0.002291201838749226,0.0001666088896985391,0.006138032609408371,0.0020952674218044295,0.0008611229146721967,0.0012622179162849342,0.0020485132987011997,-0.002751291892426054,-0.0006239467022185964,0.003086579732636584,0.011186975864898282,0.00784950788030864,0.0008020107299629319,0.00401518225659213,0.0009831345533614093,0.003254112890336112,0.0020317964482679538,0.0017436245604477687,-0.005204816658694856,-0.0003885453486091312,-0.0048520473138462545,0.0004863594057548424,0.0019071479178771708,0.0004280225494136139,0.0018437913610434328,-0.0009742409607752096,0.001609294991581305,-0.0007462102441444473,0.004805555619415525,0.005528235916437191,0.00784950788030864,0.032458935877847234,0.0012148330417939956,0.011495035398146107,0.00023439498137141704,0.0109991502651819,-2.6923734412971937e-6,0.005241155026759973,-0.005050199433587409,-0.001077540639528636,-0.009800708449718247,0.0003337438481095991,0.005968394617728691,-0.000994914014843194,0.003290787671804983,-0.005347388539374212,0.005274641595562247,0.010614428158192447,0.008492206591874982,0.0017746734909931347,0.0008020107299629319,0.0012148330417939956,0.005640781910177157,0.0006075105989484339,-0.00013837421719310598,0.0015620024042630517,0.0006195690510231138,-0.00027567466062397496,0.0037728246044662515,0.0007812239452737079,0.0001350306429501408,0.0007914865564351243,0.004595101130391439,0.0006437047138066383,0.0007916300597079918,0.0005284448555217787,0.0014834778757634873,-0.001149050850413324,0.0006145703095054367,0.004538470530207331,0.00401518225659213,0.011495035398146107,0.0006075105989484339,0.016583646838674998,0.0020991965186274776,0.007186799486447926,-0.001948845547120416,0.004062376431128856,-0.004226616587946618,-0.001083709280331412,-0.008223630175409979,9.335983564150862e-5,-0.0035962535240769327,0.0012853174036403007,6.23469610436364e-5,0.00034548477136493185,-0.0006592590147240664,0.010116556830538477,-0.0023668850676437556,0.006459507812146675,0.0009831345533614093,0.00023439498137141704,-0.00013837421719310598,0.0020991965186274776,0.04202997610776407,0.00046048201506104433,0.003915093206864963,0.00036370896464053143,0.005635254168807739,0.004025338151080996,0.0003767828654966138,0.00021450250581809497,0.003455588004502007,0.0032709056387593295,0.0013143099482473917,0.0044105337430542894,-3.3164240464119994e-5,-0.009782761311841217,0.007053346689465388,0.004665420406474637,0.003254112890336112,0.0109991502651819,0.0015620024042630517,0.007186799486447926,0.00046048201506104433,0.013082930802752954,-0.0016100258221040194,0.0011426763508311966,-0.00028233635216330904,6.841026563022488e-5,-0.0029324314654688493,0.001302390905375403,0.003473233965543281,0.00039662438382315017,0.0011049996548583832,-0.001916973796628791,0.0012279205424926638,0.008332295178539728,-0.0011372862397750854,0.001742760058667805,0.0020317964482679538,-2.6923734412971937e-6,0.0006195690510231138,-0.001948845547120416,0.003915093206864963,-0.0016100258221040194,0.005063976008132062,-0.00045243696355296947,0.0006231249130632545,0.0011311917255864272,-0.0009212464646938767,-0.00013822965785618063,0.005300836675111555,0.0003791196640270001,0.0014443833030999688,0.0009129018258700455,0.002202329047369908,-0.00692139881994471,0.005498094058701067,0.0006531422275140337,0.0017436245604477687,0.005241155026759973,-0.00027567466062397496,0.004062376431128856,0.00036370896464053143,0.0011426763508311966,-0.00045243696355296947,0.0084836234017862,-0.005364898700091296,-0.0015573083082090584,-0.002804519811994548,-0.0008099422408571371,-0.00314863712826026,-0.0002693156156082151,-0.00025493040939111053,9.391433607252077e-5,-0.0009681294515777672,0.0063732594301790565,-0.0003830239494159064,0.003733366206199441,-0.005204816658694856,-0.005050199433587409,0.0037728246044662515,-0.004226616587946618,0.005635254168807739,-0.00028233635216330904,0.0006231249130632545,-0.005364898700091296,0.030661866793857923,0.004228656466220504,0.004597533465780382,0.0018507931757564045,0.0069024521890078926,0.0008929748559199079,0.0002667122344140061,-0.000502800738199301,-0.00040145614456840175,-0.013038996021472179,0.005530442173098773,0.002072842098176775,-0.0003885453486091312,-0.001077540639528636,0.0007812239452737079,-0.001083709280331412,0.004025338151080996,6.841026563022488e-5,0.0011311917255864272,-0.0015573083082090584,0.004228656466220504,0.0029812760171657737,0.0009834118365066279,0.0004246369738025139,0.003910234121493883,0.0011001420782296438,0.00033966501196473113,0.0008692046104509701,0.0004559450433665006,-0.006152645585812947,0.002463082486314574,-0.002291201838749226,-0.0048520473138462545,-0.009800708449718247,0.0001350306429501408,-0.008223630175409979,0.0003767828654966138,-0.0029324314654688493,-0.0009212464646938767,-0.002804519811994548,0.004597533465780382,0.0009834118365066279,0.01986576543632191,-0.00015443630313375124,0.003037540656482486,-0.0002093353972864354,-0.0013883929539451204,0.0025381861734926534,-0.0017437200187530558,0.004258762095692599,-0.005842666269137956,0.0001666088896985391,0.0004863594057548424,0.0003337438481095991,0.0007914865564351243,9.335983564150862e-5,0.00021450250581809497,0.001302390905375403,-0.00013822965785618063,-0.0008099422408571371,0.0018507931757564045,0.0004246369738025139,-0.00015443630313375124,0.0016705256437028722,0.0014869261804056253,-0.00019960813105389402,0.000663547123864094,-0.00029310483140146783,0.0002008995316371476,-0.0002640193360420221,0.0016013049946221728,0.006138032609408371,0.0019071479178771708,0.005968394617728691,0.004595101130391439,-0.0035962535240769327,0.003455588004502007,0.003473233965543281,0.005300836675111555,-0.00314863712826026,0.0069024521890078926,0.003910234121493883,0.003037540656482486,0.0014869261804056253,0.033393379639700405,0.0004962849823633549,0.0037865806731673547,-0.0005086392762999761,0.00962082070081884,-0.011542144158376235,0.009960714223928706,0.0020952674218044295,0.0004280225494136139,-0.000994914014843194,0.0006437047138066383,0.0012853174036403007,0.0032709056387593295,0.00039662438382315017,0.0003791196640270001,-0.0002693156156082151,0.0008929748559199079,0.0011001420782296438,-0.0002093353972864354,-0.00019960813105389402,0.0004962849823633549,0.003808497994158152,-0.0003140071318734892,0.001847280732368658,-0.00024842669195602557,-0.004269112855422213,-0.0013644710972833267,0.0008611229146721967,0.0018437913610434328,0.003290787671804983,0.0007916300597079918,6.23469610436364e-5,0.0013143099482473917,0.0011049996548583832,0.0014443833030999688,-0.00025493040939111053,0.0002667122344140061,0.00033966501196473113,-0.0013883929539451204,0.000663547123864094,0.0037865806731673547,-0.0003140071318734892,0.002971857153202827,-0.0016740500155684262,0.0021182216653071397,-0.0023540230185932114,0.006267204340832084,0.0012622179162849342,-0.0009742409607752096,-0.005347388539374212,0.0005284448555217787,0.00034548477136493185,0.0044105337430542894,-0.001916973796628791,0.0009129018258700455,9.391433607252077e-5,-0.000502800738199301,0.0008692046104509701,0.0025381861734926534,-0.00029310483140146783,-0.0005086392762999761,0.001847280732368658,-0.0016740500155684262,0.013335108363813287,-0.001371177715620516,-0.003011882919616721,-0.0025502985962120436,0.0020485132987011997,0.001609294991581305,0.005274641595562247,0.0014834778757634873,-0.0006592590147240664,-3.3164240464119994e-5,0.0012279205424926638,0.002202329047369908,-0.0009681294515777672,-0.00040145614456840175,0.0004559450433665006,-0.0017437200187530558,0.0002008995316371476,0.00962082070081884,-0.00024842669195602557,0.0021182216653071397,-0.001371177715620516,0.009554984294656932,-0.0033996238849566375,0.0040513187892320494,-0.002751291892426054,-0.0007462102441444473,0.010614428158192447,-0.001149050850413324,0.010116556830538477,-0.009782761311841217,0.008332295178539728,-0.00692139881994471,0.0063732594301790565,-0.013038996021472179,-0.006152645585812947,0.004258762095692599,-0.0002640193360420221,-0.011542144158376235,-0.004269112855422213,-0.0023540230185932114,-0.003011882919616721,-0.0033996238849566375,0.06299556624066781,-0.017638276048068877,-0.0006239467022185964,0.004805555619415525,0.008492206591874982,0.0006145703095054367,-0.0023668850676437556,0.007053346689465388,-0.0011372862397750854,0.005498094058701067,-0.0003830239494159064,0.005530442173098773,0.002463082486314574,-0.005842666269137956,0.0016013049946221728,0.009960714223928706,-0.0013644710972833267,0.006267204340832084,-0.0025502985962120436,0.0040513187892320494,-0.017638276048068877,0.04206406054884844
0.015117884725531475,0.0019682328035313373,-0.00035857949977523827,0.0005142533681246114,0.0023242176478515237,0.00579864367140746,0.0013894192764546409,0.0006676301667987073,0.0014655192635119236,0.0015573306149112179,0.0004011641688078664,0.0018131978170973526,0.0011673049689329687,-0.0020004365645632577,0.0021764722565577157,0.0007382489176318554,-0.0003071217507260638,0.0019941084497280834,0.003700222006401345,0.005072999640841074,0.0019682328035313373,0.008118509689216038,-0.0013759863995350273,-0.0009708396316944223,0.0023056838134820155,0.00019656211606807893,-2.823620889621397e-6,-0.00015925920481272204,0.0006762716764119291,0.0009277441939293163,0.0005956587589186557,0.0012846119802927334,0.00039110732800368207,0.002428092168006153,0.0018651567018172083,0.0003066821036247881,0.0023374599565259527,0.002028434324896609,0.004328103579096902,0.0014817559324986048,-0.00035857949977523827,-0.0013759863995350273,0.01811040019456478,0.002429475518443698,0.0004759884255466296,-0.0023856394780055364,-0.0010388094263900655,0.002461388786119053,0.001843916858976282,-0.0003532753227067024,0.0011156023446912543,0.004409293109810202,0.0004758800612255121,-0.0008500477910442393,-0.0004628836016207005,0.0003089863905062613,-0.0017897669375903477,-0.0006883494065296516,-0.0015525285153246697,0.00635740178446317,0.0005142533681246114,-0.0009708396316944223,0.002429475518443698,0.004778537299819774,2.1316013968878894e-5,0.0013852525277134623,0.00029317749441863,0.0007940263145265694,0.0005264137940547677,0.000540708365838859,0.00019451909172352844,0.000971891066081514,0.00029840932626187485,-0.00014353506791182186,-0.0001087311318797812,0.0003188816482919717,-0.0008331185489716705,9.440636628802058e-5,-0.00016997654501104396,0.0027743662008606566,0.0023242176478515237,0.0023056838134820155,0.0004759884255466296,2.1316013968878894e-5,0.009297487767458812,0.004872305144251438,0.0006928323960894434,0.0014614230099331588,0.0016884685169287431,-2.859077430528525e-5,0.0006145158497233542,0.003448221966678855,0.001176861230018508,0.0034556281615194424,0.001812446550221786,0.0011074892472611913,0.0032079959402843746,0.0023902280170882226,0.0037139065427040595,0.003219923482929447,0.00579864367140746,0.00019656211606807893,-0.0023856394780055364,0.0013852525277134623,0.004872305144251438,0.04800591828623104,0.0020244920706412022,-0.0015716783032120824,0.003697866031473244,0.0009974653165483241,5.71159564764492e-5,1.539131800803485e-5,0.0016531744771523665,0.009356666792026307,0.0008992474781617814,0.00179325094729943,0.0019219630547396812,0.0016243070776097341,0.005907964948533019,-0.0019794436741675326,0.0013894192764546409,-2.823620889621397e-6,-0.0010388094263900655,0.00029317749441863,0.0006928323960894434,0.0020244920706412022,0.007881719372783641,0.0009685050628389358,0.0019148068998388204,-0.0007082253298881853,-2.875564276037714e-5,0.0017967594441728016,0.0002272274241215927,0.00044147926385026715,0.00046198482252060607,0.0005652383760381465,0.002742030678921657,0.001245494013894754,-0.0012082450760538728,0.0023501468611238454,0.0006676301667987073,-0.00015925920481272204,0.002461388786119053,0.0007940263145265694,0.0014614230099331588,-0.0015716783032120824,0.0009685050628389358,0.0041845862115249,0.0013257859602724014,-0.0010905061084739032,0.00034086802515301615,0.0025156228232478704,0.0004666007381849851,-0.0006835539763559347,-9.400101204036699e-6,0.0005734973908991944,0.000348549815126673,0.0007534417833981523,-0.0011212266002911869,0.0030469014049484527,0.0014655192635119236,0.0006762716764119291,0.001843916858976282,0.0005264137940547677,0.0016884685169287431,0.003697866031473244,0.0019148068998388204,0.0013257859602724014,0.008908763596621433,0.0016281679815862253,0.00036193854365387747,0.0020869602307591,0.0004498971668550097,0.0009047272037042858,-0.00021961782607644235,0.0010390334001086432,0.004939556235870378,0.0009326173762976101,0.00015381737948562185,0.0031767991179956845,0.0015573306149112179,0.0009277441939293163,-0.0003532753227067024,0.000540708365838859,-2.859077430528525e-5,0.0009974653165483241,-0.0007082253298881853,-0.0010905061084739032,0.0016281679815862253,0.019033906650355193,-0.0005104182519514626,-0.00028607413891707303,0.0002948989018459227,0.0005565687073111124,0.00023860157461169927,0.0006822356387523106,0.002753488581901683,0.001933607818403879,0.006661709022672095,0.0006810674130533639,0.0004011641688078664,0.0005956587589186557,0.0011156023446912543,0.00019451909172352844,0.0006145158497233542,5.71159564764492e-5,-2.875564276037714e-5,0.00034086802515301615,0.00036193854365387747,-0.0005104182519514626,0.0013966072846674344,0.0008602744861316229,0.00011069174769628401,0.00044787211874397346,0.00023267869332569015,8.988087772791405e-5,-0.00016786132630011556,-0.00011543141120348233,0.0002234348014605746,0.00022856595204409925,0.0018131978170973526,0.0012846119802927334,0.004409293109810202,0.000971891066081514,0.003448221966678855,1.539131800803485e-5,0.0017967594441728016,0.0025156228232478704,0.0020869602307591,-0.00028607413891707303,0.0008602744861316229,0.015769440680894017,0.0005891721758181068,0.002607047891418513,0.0010422058639398709,0.00029295672416581784,0.00019436818396997087,0.002290958422084082,-0.003254080811195128,0.00723146612058835,0.0011673049689329687,0.00039110732800368207,0.0004758800612255121,0.00029840932626187485,0.001176861230018508,0.0016531744771523665,0.0002272274241215927,0.0004666007381849851,0.0004498971668550097,0.0002948989018459227,0.00011069174769628401,0.0005891721758181068,0.0013901674914938253,0.0006750389982884098,0.0004439331555559943,0.00028447966170892314,0.0009266474039440922,0.0008188126886823643,0.0015004598023203469,0.0012708485397247558,-0.0020004365645632577,0.002428092168006153,-0.0008500477910442393,-0.00014353506791182186,0.0034556281615194424,0.009356666792026307,0.00044147926385026715,-0.0006835539763559347,0.0009047272037042858,0.0005565687073111124,0.00044787211874397346,0.002607047891418513,0.0006750389982884098,0.026135582096844235,0.0024517405578578445,0.0004408923868931461,0.004712617975690541,0.0013533788416407052,0.0036680642423871494,0.003050556463525537,0.0021764722565577157,0.0018651567018172083,-0.0004628836016207005,-0.0001087311318797812,0.001812446550221786,0.0008992474781617814,0.00046198482252060607,-9.400101204036699e-6,-0.00021961782607644235,0.00023860157461169927,0.00023267869332569015,0.0010422058639398709,0.0004439331555559943,0.0024517405578578445,0.004830800695088564,1.3021243332700475e-5,-0.0007337278924705814,0.0015523337253320155,0.0025191787508629954,0.0006416926173866469,0.0007382489176318554,0.0003066821036247881,0.0003089863905062613,0.0003188816482919717,0.0011074892472611913,0.00179325094729943,0.0005652383760381465,0.0005734973908991944,0.0010390334001086432,0.0006822356387523106,8.988087772791405e-5,0.00029295672416581784,0.00028447966170892314,0.0004408923868931461,1.3021243332700475e-5,0.0016016609817827384,0.001383788863453274,0.0006978229653205614,0.001049195768609429,0.0008403351033599428,-0.0003071217507260638,0.0023374599565259527,-0.0017897669375903477,-0.0008331185489716705,0.0032079959402843746,0.0019219630547396812,0.002742030678921657,0.000348549815126673,0.004939556235870378,0.002753488581901683,-0.00016786132630011556,0.00019436818396997087,0.0009266474039440922,0.004712617975690541,-0.0007337278924705814,0.001383788863453274,0.018961499309257196,0.0018486788454775962,0.0034733771780676103,0.0033352118846219324,0.0019941084497280834,0.002028434324896609,-0.0006883494065296516,9.440636628802058e-5,0.0023902280170882226,0.0016243070776097341,0.001245494013894754,0.0007534417833981523,0.0009326173762976101,0.001933607818403879,-0.00011543141120348233,0.002290958422084082,0.0008188126886823643,0.0013533788416407052,0.0015523337253320155,0.0006978229653205614,0.0018486788454775962,0.007507669402488822,0.003387122172616311,0.0033440261373019814,0.003700222006401345,0.004328103579096902,-0.0015525285153246697,-0.00016997654501104396,0.0037139065427040595,0.005907964948533019,-0.0012082450760538728,-0.0011212266002911869,0.00015381737948562185,0.006661709022672095,0.0002234348014605746,-0.003254080811195128,0.0015004598023203469,0.0036680642423871494,0.0025191787508629954,0.001049195768609429,0.0034733771780676103,0.003387122172616311,0.03768852240016356,0.0005678167317293,0.005072999640841074,0.0014817559324986048,0.00635740178446317,0.0027743662008606566,0.003219923482929447,-0.0019794436741675326,0.0023501468611238454,0.0030469014049484527,0.0031767991179956845,0.0006810674130533639,0.00022856595204409925,0.00723146612058835,0.0012708485397247558,0.003050556463525537,0.0006416926173866469,0.0008403351033599428,0.0033352118846219324,0.0033440261373019814,0.0005678167317293,0.02644002568712986
