0.007168801534994739,0.0014565944967634974,0.0017856543437052333,0.0021121949596816132,0.00402281786991438,0.0014014983610063745,0.0020852006565059856,0.0013776981489849439,0.005666819625178276,0.0010139089050224472,0.0010718459621596797,0.00041971741246181466,0.004276724373081048,0.003577022541123797,0.0015918995328757781,0.0006330096905365041,0.00010666772749806525,0.0013636751249506904,0.004707110874318015,0.003199595934472092,0.0014565944967634974,0.010150107252109136,0.003907821733072439,0.00432536483464962,0.004771134882021599,0.0014654630598924378,0.005662610298795125,0.0023212653437899994,0.006355629007738421,0.001777236872756056,0.0014759279783671596,0.002773535284871096,0.00803003643738681,0.005906944871087492,0.005740957685488946,0.0016617443535578823,0.001758455999815865,0.002191634485671029,0.005701543470853256,0.00455735399602638,0.0017856543437052333,0.003907821733072439,0.03271117287897976,0.010922669968202627,0.0016663784291313943,0.0014474751187233917,0.006038535400324188,0.0008244189964759012,0.011498129053333857,0.0030524735255096948,-0.00020093603938382596,0.006288063462573029,0.011942880461760372,0.00466199151837288,-0.0010064933102333841,0.0012542561172917297,0.0010105819211235828,0.006120617058180476,0.009690513455604972,0.0040005573711228435,0.0021121949596816132,0.00432536483464962,0.010922669968202627,0.0359773684595523,0.008410453783656829,0.004094118088194038,0.007108157123958507,0.0015191023115927985,0.003533127806866601,0.0026922228240337945,0.0011015848476297629,0.006962484570557553,0.013636493602175958,0.00655702094858163,0.005552622774154942,0.0032184227651085844,0.0021465379701917893,0.003470724912173648,0.005542170199222436,0.0026923609202784337,0.00402281786991438,0.004771134882021599,0.0016663784291313943,0.008410453783656829,0.02900727313511948,0.003440243052614182,0.001652771112583644,0.001459071402119835,0.006544248856055032,0.0024454924660371738,0.0022028596858782255,0.0012025756292073572,0.006157990137766843,0.008131089674418283,0.00604342393361549,0.0007861303128600494,0.0024653931169614776,0.0005775943802026667,0.007656407237710525,0.004203375817274728,0.0014014983610063745,0.0014654630598924378,0.0014474751187233917,0.004094118088194038,0.003440243052614182,0.004331456043957264,0.0009914369591536702,0.0015286743316535833,0.0047014377239527096,0.0012578978922984842,0.001749170801731826,0.0011676763039270128,0.006113578290265121,0.004333962796699619,0.0020336220969414676,0.0013198685997912075,0.0011510984792901407,0.000296271441596888,0.005244031349520733,0.0032007493661101467,0.0020852006565059856,0.005662610298795125,0.006038535400324188,0.007108157123958507,0.001652771112583644,0.0009914369591536702,0.024403617561241507,0.002445955234674512,0.006957336289813382,0.003341462963826438,0.0015449499500105484,0.004828338388182337,0.00624260979949794,0.007366122278694962,0.005568639384133862,0.0027764745737495333,0.0022486841725361012,0.006104156668515751,0.005203684558071389,0.0025680002816420135,0.0013776981489849439,0.0023212653437899994,0.0008244189964759012,0.0015191023115927985,0.001459071402119835,0.0015286743316535833,0.002445955234674512,0.002886222511470513,0.0036597290038336656,0.0005362317009250457,0.0012661840451594643,0.0012274785857799772,0.004169215923019935,0.0024231413585806263,0.002694468780852853,0.0010889547827202506,0.0008382525874410294,0.00010911677104467147,0.0036925795191383916,0.0025019228051813835,0.005666819625178276,0.006355629007738421,0.011498129053333857,0.003533127806866601,0.006544248856055032,0.0047014377239527096,0.006957336289813382,0.0036597290038336656,0.03448389530660115,0.0014919784615611347,0.0005648485898652762,0.00782138091789713,0.018464535822273524,0.008304052019200349,0.004965684693161278,0.0023365916605735536,0.00037931167970791236,0.004823572090092379,0.01741148613783667,0.009313719587785492,0.0010139089050224472,0.001777236872756056,0.0030524735255096948,0.0026922228240337945,0.0024454924660371738,0.0012578978922984842,0.003341462963826438,0.0005362317009250457,0.0014919784615611347,0.004517416509357039,0.0011879438757181615,0.0003705914185365896,0.0010066621258459836,0.00548029990649857,-0.0003948084614513144,0.0011671653895198332,0.001288144321623573,0.002696146411853116,0.004127809220932103,0.001919568588069432,0.0010718459621596797,0.0014759279783671596,-0.00020093603938382596,0.0011015848476297629,0.0022028596858782255,0.001749170801731826,0.0015449499500105484,0.0012661840451594643,0.0005648485898652762,0.0011879438757181615,0.004360586311385279,-0.0002135736383402457,0.004373730167101693,0.0015663166618333372,0.003123947288954176,0.0011461407328307348,0.0011635275610062008,0.0008450917864298173,0.0031013893459158177,0.0021516264209222365,0.00041971741246181466,0.002773535284871096,0.006288063462573029,0.006962484570557553,0.0012025756292073572,0.0011676763039270128,0.004828338388182337,0.0012274785857799772,0.00782138091789713,0.0003705914185365896,-0.0002135736383402457,0.010378022847965927,0.00874564319238694,0.001983708828382946,0.0035687113844945556,0.0012448093577894948,0.0007363317812268864,0.0022621011734180385,0.0036035650832222333,0.0011590004621299071,0.004276724373081048,0.00803003643738681,0.011942880461760372,0.013636493602175958,0.006157990137766843,0.006113578290265121,0.00624260979949794,0.004169215923019935,0.018464535822273524,0.0010066621258459836,0.004373730167101693,0.00874564319238694,0.05707241487930507,0.004868764243459528,0.010678211813864698,0.005094778042595758,0.0017842312330989493,0.004704409978131426,0.021141080643299857,0.009412591815606651,0.003577022541123797,0.005906944871087492,0.00466199151837288,0.00655702094858163,0.008131089674418283,0.004333962796699619,0.007366122278694962,0.0024231413585806263,0.008304052019200349,0.00548029990649857,0.0015663166618333372,0.001983708828382946,0.004868764243459528,0.020787751428538635,0.0021557917949449803,0.0024606692067581475,0.002804837385382306,0.002746369666348097,0.011791073780921642,0.00583042313369115,0.0015918995328757781,0.005740957685488946,-0.0010064933102333841,0.005552622774154942,0.00604342393361549,0.0020336220969414676,0.005568639384133862,0.002694468780852853,0.004965684693161278,-0.0003948084614513144,0.003123947288954176,0.0035687113844945556,0.010678211813864698,0.0021557917949449803,0.0128240449744586,0.0022429534579482217,0.001576560242643707,0.00046655064080397275,0.00478642902275127,0.0035390814119624723,0.0006330096905365041,0.0016617443535578823,0.0012542561172917297,0.0032184227651085844,0.0007861303128600494,0.0013198685997912075,0.0027764745737495333,0.0010889547827202506,0.0023365916605735536,0.0011671653895198332,0.0011461407328307348,0.0012448093577894948,0.005094778042595758,0.0024606692067581475,0.0022429534579482217,0.0023455500191706447,0.0007563920979127907,0.0010219998146233664,0.0033437720316087183,0.0019628935454020823,0.00010666772749806525,0.001758455999815865,0.0010105819211235828,0.0021465379701917893,0.0024653931169614776,0.0011510984792901407,0.0022486841725361012,0.0008382525874410294,0.00037931167970791236,0.001288144321623573,0.0011635275610062008,0.0007363317812268864,0.0017842312330989493,0.002804837385382306,0.001576560242643707,0.0007563920979127907,0.0021287712255829137,-1.1877073350344741e-6,0.0010651978802671035,0.0009925649509099602,0.0013636751249506904,0.002191634485671029,0.006120617058180476,0.003470724912173648,0.0005775943802026667,0.000296271441596888,0.006104156668515751,0.00010911677104467147,0.004823572090092379,0.002696146411853116,0.0008450917864298173,0.0022621011734180385,0.004704409978131426,0.002746369666348097,0.00046655064080397275,0.0010219998146233664,-1.1877073350344741e-6,0.0088098587916691,0.004858355177051449,0.0016806176560738937,0.004707110874318015,0.005701543470853256,0.009690513455604972,0.005542170199222436,0.007656407237710525,0.005244031349520733,0.005203684558071389,0.0036925795191383916,0.01741148613783667,0.004127809220932103,0.0031013893459158177,0.0036035650832222333,0.021141080643299857,0.011791073780921642,0.00478642902275127,0.0033437720316087183,0.0010651978802671035,0.004858355177051449,0.02841875134539826,0.010121525311095989,0.003199595934472092,0.00455735399602638,0.0040005573711228435,0.0026923609202784337,0.004203375817274728,0.0032007493661101467,0.0025680002816420135,0.0025019228051813835,0.009313719587785492,0.001919568588069432,0.0021516264209222365,0.0011590004621299071,0.009412591815606651,0.00583042313369115,0.0035390814119624723,0.0019628935454020823,0.0009925649509099602,0.0016806176560738937,0.010121525311095989,0.008412761584357461
0.005921910630528405,0.0009070886581292955,0.0017603556835267642,-0.0039046767106955234,-0.0003324561137027336,-1.0036033318908672e-5,0.000491217061607138,-0.00031672157138544314,0.0010156893533456945,0.0005093402238125139,0.001235480714425271,0.0007289729275796413,0.0033231425955688497,0.005046423275090889,-2.423660548314581e-5,0.0003930787399775348,0.0005597494782307887,0.0011772563299954479,0.0009950897471828664,3.989215432209378e-5,0.0009070886581292955,0.007492666806945578,0.0038523946285704417,-0.0011176172244015095,0.001417402178194731,-0.0013562527677508337,0.005265010852539095,0.0012507727830327648,0.010187897944678732,-0.0006685489467098957,0.0020591017604983525,0.0011851103662899828,0.005574238617571201,0.00398956542268724,-0.0015236236473917639,0.0011623730650964872,0.0007818434989566745,-0.0007661813757744663,-0.002003587565901284,-0.0015215986251927017,0.0017603556835267642,0.0038523946285704417,0.036613057883605284,-0.0009215391702911478,0.0018164600636829912,0.00017396903254765918,0.00035876321726728414,-0.0008692215901268858,0.014370295633704407,0.00031898236088861293,0.0017326371244900328,-0.003635461307771102,0.012485954124130044,0.007861840921175749,0.001005415984987908,0.002920395103295153,0.0025444816574745985,0.0031559252109324655,-0.0018691847616447614,0.0009275212500250055,-0.0039046767106955234,-0.0011176172244015095,-0.0009215391702911478,0.04630097832899044,-0.00834370232310761,0.0018105475648194412,-0.01824307935758551,0.0006633974964781657,0.0008562193729982904,-0.0006327677888073886,-0.001972324238391607,-0.004312510888870467,-0.007189241435845333,-0.006328112176121244,-0.0028502257984762648,-0.00047462127691519764,-0.0005134046425255543,0.00065814336673824,-0.007049760818628829,0.0024642952404159407,-0.0003324561137027336,0.001417402178194731,0.0018164600636829912,-0.00834370232310761,0.03247181634246501,-0.0008888927881960764,0.014460646682966649,0.0006906551019468436,0.005816993339428972,0.0015655789923420317,-0.00016300911412680147,0.005472369072116453,0.0020195525530929625,0.003516030212078204,0.004649491278644659,0.0008474071628037833,0.0013087064868083816,-0.0008781664033314803,0.006330998019155468,-0.0021095869943196116,-1.0036033318908672e-5,-0.0013562527677508337,0.00017396903254765918,0.0018105475648194412,-0.0008888927881960764,0.0036863487133160697,-0.005821719904624434,-0.0009981535597152601,-0.006205780371164817,0.00034595113883771844,-0.0009785240972815822,-0.001565674512010823,-0.0006600254988022008,-0.003904324245089098,0.0005360027785405289,-0.00043813030107612406,-0.0004108950148968224,0.0030151014297537223,-0.0001173352714511901,0.0013668204528108456,0.000491217061607138,0.005265010852539095,0.00035876321726728414,-0.01824307935758551,0.014460646682966649,-0.005821719904624434,0.045528596059971976,0.0038045425883270114,0.022897876424205203,0.000262865158010752,0.005021249109148732,0.009290284574078392,0.004528207287931603,0.014807665478584036,-0.0007881344680226847,0.0024400417753310585,0.0024568079245268146,-0.00854497057662969,0.005745734368022214,-0.009181300232812403,-0.00031672157138544314,0.0012507727830327648,-0.0008692215901268858,0.0006633974964781657,0.0006906551019468436,-0.0009981535597152601,0.0038045425883270114,0.0024973151934832966,0.0038365781135859174,-2.1992500875718555e-5,0.000872308962327549,0.0011468396244281387,-0.0014968261619700174,0.0015884867408827992,-0.000596508334377021,-2.080442008978106e-6,0.00035376660159741787,-0.0019138033013154623,-0.001143934798061061,-0.0008608251539919881,0.0010156893533456945,0.010187897944678732,0.014370295633704407,0.0008562193729982904,0.005816993339428972,-0.006205780371164817,0.022897876424205203,0.0038365781135859174,0.05425588013244141,-4.9203928529866103e-5,0.005508774082162098,0.006098128681140053,0.014487695092552415,0.021577274047798488,-0.0038414190518006267,0.004302003018472509,0.0051364402851700785,-0.009386121453174964,-0.004475593649381696,-0.005697795750659422,0.0005093402238125139,-0.0006685489467098957,0.00031898236088861293,-0.0006327677888073886,0.0015655789923420317,0.00034595113883771844,0.000262865158010752,-2.1992500875718555e-5,-4.9203928529866103e-5,0.0024040588717161634,-6.56379136673445e-5,0.000778182336025165,0.000740372860414095,0.0008344084516148517,0.0012200507559267425,-0.0002982456042339747,0.00024272279217051323,-0.00012103363397365209,0.0012917788572983924,5.0821499218939286e-5,0.001235480714425271,0.0020591017604983525,0.0017326371244900328,-0.001972324238391607,-0.00016300911412680147,-0.0009785240972815822,0.005021249109148732,0.000872308962327549,0.005508774082162098,-6.56379136673445e-5,0.0044281858859497696,0.00045299660207113665,0.0016001533026307612,0.0055331534745733345,-0.0015293180781900263,0.0007325347728011224,0.0005997634131234574,-0.0020186587195651726,-0.0006413858829237226,-5.86855080577588e-5,0.0007289729275796413,0.0011851103662899828,-0.003635461307771102,-0.004312510888870467,0.005472369072116453,-0.001565674512010823,0.009290284574078392,0.0011468396244281387,0.006098128681140053,0.000778182336025165,0.00045299660207113665,0.010086737480749229,0.0036639097670419724,0.004748120234613088,0.0006546351965451457,0.00036835592033638756,0.0010305946669577507,-0.0008104295748625184,0.0029814476625312936,-0.002857055911518079,0.0033231425955688497,0.005574238617571201,0.012485954124130044,-0.007189241435845333,0.0020195525530929625,-0.0006600254988022008,0.004528207287931603,-0.0014968261619700174,0.014487695092552415,0.000740372860414095,0.0016001533026307612,0.0036639097670419724,0.03981590394273395,0.009296808851949168,0.00010911091061812582,0.003825223644652843,0.0018019151571228422,0.002472140853275949,0.004062076818966715,-0.0024604404740790104,0.005046423275090889,0.00398956542268724,0.007861840921175749,-0.006328112176121244,0.003516030212078204,-0.003904324245089098,0.014807665478584036,0.0015884867408827992,0.021577274047798488,0.0008344084516148517,0.0055331534745733345,0.004748120234613088,0.009296808851949168,0.02620935322496838,-0.00028345585062936827,0.0035142432048355645,0.0021645505020552363,-0.003764840328510285,0.0010059725980204955,-0.0024210690579278688,-2.423660548314581e-5,-0.0015236236473917639,0.001005415984987908,-0.0028502257984762648,0.004649491278644659,0.0005360027785405289,-0.0007881344680226847,-0.000596508334377021,-0.0038414190518006267,0.0012200507559267425,-0.0015293180781900263,0.0006546351965451457,0.00010911091061812582,-0.00028345585062936827,0.007246965907785164,-0.0004196752338127334,0.0001522056471945327,0.001942106795559677,0.0042162718256680085,0.0010730960113421468,0.0003930787399775348,0.0011623730650964872,0.002920395103295153,-0.00047462127691519764,0.0008474071628037833,-0.00043813030107612406,0.0024400417753310585,-2.080442008978106e-6,0.004302003018472509,-0.0002982456042339747,0.0007325347728011224,0.00036835592033638756,0.003825223644652843,0.0035142432048355645,-0.0004196752338127334,0.0023648859713274093,0.0004117444815757533,-0.0002969607315765631,0.00018729168601808687,-0.00055605679699056,0.0005597494782307887,0.0007818434989566745,0.0025444816574745985,-0.0005134046425255543,0.0013087064868083816,-0.0004108950148968224,0.0024568079245268146,0.00035376660159741787,0.0051364402851700785,0.00024272279217051323,0.0005997634131234574,0.0010305946669577507,0.0018019151571228422,0.0021645505020552363,0.0001522056471945327,0.0004117444815757533,0.0016885609187645629,-0.0005580201442990143,0.00019136155013991322,-0.000548298520392719,0.0011772563299954479,-0.0007661813757744663,0.0031559252109324655,0.00065814336673824,-0.0008781664033314803,0.0030151014297537223,-0.00854497057662969,-0.0019138033013154623,-0.009386121453174964,-0.00012103363397365209,-0.0020186587195651726,-0.0008104295748625184,0.002472140853275949,-0.003764840328510285,0.001942106795559677,-0.0002969607315765631,-0.0005580201442990143,0.009877133489049306,0.0003859784472723992,0.0020084263574435164,0.0009950897471828664,-0.002003587565901284,-0.0018691847616447614,-0.007049760818628829,0.006330998019155468,-0.0001173352714511901,0.005745734368022214,-0.001143934798061061,-0.004475593649381696,0.0012917788572983924,-0.0006413858829237226,0.0029814476625312936,0.004062076818966715,0.0010059725980204955,0.0042162718256680085,0.00018729168601808687,0.00019136155013991322,0.0003859784472723992,0.01638229004067718,-0.0008972288398819452,3.989215432209378e-5,-0.0015215986251927017,0.0009275212500250055,0.0024642952404159407,-0.0021095869943196116,0.0013668204528108456,-0.009181300232812403,-0.0008608251539919881,-0.005697795750659422,5.0821499218939286e-5,-5.86855080577588e-5,-0.002857055911518079,-0.0024604404740790104,-0.0024210690579278688,0.0010730960113421468,-0.00055605679699056,-0.000548298520392719,0.0020084263574435164,-0.0008972288398819452,0.0050507812995213485
0.0077307461709818235,0.0013597297796177786,-0.00010511838682386552,-0.005224205422224739,-0.0019448710176810406,0.0015269043174555039,-0.0007229018966652693,0.0007089489681458811,0.0008846259299513711,-0.00010007247283504153,-0.0002872847241461426,0.0010963834611372473,-0.0010650373169122194,0.002672976449436617,-0.0007676144907270209,0.0002945321767085999,0.0012303993381600372,0.0020451622848164314,-0.0019283901888688991,-0.0002552997637686053,0.0013597297796177786,0.009014185481963146,0.0009950707471929516,0.0007182442517563704,0.0023052872351969596,0.002220104464785171,0.00043960606854009595,0.0001740309988449205,-0.001376762889905022,0.0009420128528687586,0.0001696318461609898,0.0039047453816567178,-0.0030915098547545927,-0.0014434875545222012,-0.0010259473780053563,0.0004541235883799284,-0.00025530803819709175,0.00014232337883841116,0.005126856618219325,0.0006371698254106138,-0.00010511838682386552,0.0009950707471929516,0.03349909527895291,0.0009286185434971362,0.010635275329246161,0.004569406525816285,0.009205315629224862,0.004021601464808004,0.0009751446497650036,-0.0006792451447354352,0.002854241473863501,0.0026283303403701885,0.008093669964223773,0.002820227551549123,0.0039653683517518,-0.0005006169239729508,0.001796683032198292,0.002503321959586597,0.010132330382370618,0.0028580469626198956,-0.005224205422224739,0.0007182442517563704,0.0009286185434971362,0.038934517296205146,0.006504082307762433,-0.0012758530411145805,0.006138375333484314,-0.001326543816704195,0.004550495967602799,0.0009480153291128954,0.0010047299892519137,-0.0033459521760075646,-0.0011858057590490687,-0.002961216214095592,0.0009065783622994987,-0.0006243910583781679,-0.0025898613244723836,-0.0038364206000905364,0.00910618119015253,0.0032445668580060247,-0.0019448710176810406,0.0023052872351969596,0.010635275329246161,0.006504082307762433,0.02767625113620612,0.00195354325228953,0.004724780122723121,0.0025092661083215124,0.0010683251082370317,0.0003803992285192064,0.0018659258172923428,0.0008278765446903436,0.007569344039155998,0.0020000928454689437,-0.0005188065060278586,0.0005714083251390637,0.0005580617063613291,0.0022654663211072795,0.006498437925543714,0.002205065797204494,0.0015269043174555039,0.002220104464785171,0.004569406525816285,-0.0012758530411145805,0.00195354325228953,0.004122609201331003,0.003308653513454387,0.0011143934882341337,0.000881738730677768,4.03460461454736e-5,0.0006169860410652364,0.0012061164633290827,0.00240372780874956,-2.1590155473327383e-5,0.0019895283992645467,-0.00042590312575576945,0.0007949263302563813,0.0004838435173350457,0.0020018796231292425,0.0012013712060360872,-0.0007229018966652693,0.00043960606854009595,0.009205315629224862,0.006138375333484314,0.004724780122723121,0.003308653513454387,0.033725861705415056,0.0010119002262148438,0.0036946425697303243,-0.0021073656726473327,-0.000169532470551348,-0.0009597687827496747,0.015439964665933434,0.0031217695449132048,0.0018800909355126112,-0.003343433519567798,-0.0013651135372354647,0.0008358238612268192,0.0011969728781815363,0.004593085311529438,0.0007089489681458811,0.0001740309988449205,0.004021601464808004,-0.001326543816704195,0.0025092661083215124,0.0011143934882341337,0.0010119002262148438,0.0029537107249077996,0.0010406657622196228,-5.173962518915219e-6,0.0006337761178444481,0.0012256375265775154,0.0023784184615033045,-0.00025146914449801125,0.0008781970752684376,-0.00035433640041051856,0.0010749568494936063,0.0007851233319268133,0.002131693854609143,0.0005319854858856035,0.0008846259299513711,-0.001376762889905022,0.0009751446497650036,0.004550495967602799,0.0010683251082370317,0.000881738730677768,0.0036946425697303243,0.0010406657622196228,0.020806346673835397,0.0005224753751147603,0.0019838921496577247,-0.0012243434126277754,0.005354879293077708,0.0018893319150300831,0.00351993625271008,3.154037408818175e-5,-0.0006521620099091831,-0.002427451068557566,-0.0032871080710589837,0.0009867367801567966,-0.00010007247283504153,0.0009420128528687586,-0.0006792451447354352,0.0009480153291128954,0.0003803992285192064,4.03460461454736e-5,-0.0021073656726473327,-5.173962518915219e-6,0.0005224753751147603,0.00218246683441632,0.00013280699171047523,0.0008989196579479088,-0.00250309755369522,-0.0016133085100537875,-0.00014633840236056824,0.0005043950193358323,7.41140515566025e-5,-0.0007174203958694979,0.0005056961779940653,0.00012344302196640942,-0.0002872847241461426,0.0001696318461609898,0.002854241473863501,0.0010047299892519137,0.0018659258172923428,0.0006169860410652364,-0.000169532470551348,0.0006337761178444481,0.0019838921496577247,0.00013280699171047523,0.004266411866096816,5.452610021105431e-5,0.0026197805541425976,-4.389914665058544e-5,0.001890794668197351,8.43118961789506e-6,9.363390544297594e-5,-0.00047554739987459415,0.0029612382028567598,-0.0007608847089650161,0.0010963834611372473,0.0039047453816567178,0.0026283303403701885,-0.0033459521760075646,0.0008278765446903436,0.0012061164633290827,-0.0009597687827496747,0.0012256375265775154,-0.0012243434126277754,0.0008989196579479088,5.452610021105431e-5,0.011031264105090102,-0.00086335151418227,-0.0015974814660273183,-0.0005739603259425163,0.0010595968470982061,0.0009600052701582624,0.0012825865143987994,0.0039324563606157655,0.001038654166356692,-0.0010650373169122194,-0.0030915098547545927,0.008093669964223773,-0.0011858057590490687,0.007569344039155998,0.00240372780874956,0.015439964665933434,0.0023784184615033045,0.005354879293077708,-0.00250309755369522,0.0026197805541425976,-0.00086335151418227,0.035958444889926555,0.006833648758870557,0.0035931445196394707,-0.0024209959562915316,-0.0002866022450635524,0.0018792572273856288,-0.001843341348349461,0.0003658146767931625,0.002672976449436617,-0.0014434875545222012,0.002820227551549123,-0.002961216214095592,0.0020000928454689437,-2.1590155473327383e-5,0.0031217695449132048,-0.00025146914449801125,0.0018893319150300831,-0.0016133085100537875,-4.389914665058544e-5,-0.0015974814660273183,0.006833648758870557,0.017670165958095188,-0.0006561608508881434,-8.54143467208514e-5,-0.0011180886547207578,0.002833294453523846,-0.0049157131629059166,-9.066195673058163e-5,-0.0007676144907270209,-0.0010259473780053563,0.0039653683517518,0.0009065783622994987,-0.0005188065060278586,0.0019895283992645467,0.0018800909355126112,0.0008781970752684376,0.00351993625271008,-0.00014633840236056824,0.001890794668197351,-0.0005739603259425163,0.0035931445196394707,-0.0006561608508881434,0.007538163406539324,-0.0006619045330529111,0.0006994304912557225,-0.000893714584099637,-0.00010636879160010417,0.00021705919467764165,0.0002945321767085999,0.0004541235883799284,-0.0005006169239729508,-0.0006243910583781679,0.0005714083251390637,-0.00042590312575576945,-0.003343433519567798,-0.00035433640041051856,3.154037408818175e-5,0.0005043950193358323,8.43118961789506e-6,0.0010595968470982061,-0.0024209959562915316,-8.54143467208514e-5,-0.0006619045330529111,0.001873645002822867,0.00012087760507499911,0.00024239021578317788,0.000581772294191421,-8.866939687010006e-5,0.0012303993381600372,-0.00025530803819709175,0.001796683032198292,-0.0025898613244723836,0.0005580617063613291,0.0007949263302563813,-0.0013651135372354647,0.0010749568494936063,-0.0006521620099091831,7.41140515566025e-5,9.363390544297594e-5,0.0009600052701582624,-0.0002866022450635524,-0.0011180886547207578,0.0006994304912557225,0.00012087760507499911,0.0022684428699177154,0.0010717281635460466,0.0011726797326421868,-7.021783071932317e-5,0.0020451622848164314,0.00014232337883841116,0.002503321959586597,-0.0038364206000905364,0.0022654663211072795,0.0004838435173350457,0.0008358238612268192,0.0007851233319268133,-0.002427451068557566,-0.0007174203958694979,-0.00047554739987459415,0.0012825865143987994,0.0018792572273856288,0.002833294453523846,-0.000893714584099637,0.00024239021578317788,0.0010717281635460466,0.006275543428400441,-0.0013018140057674246,-0.0004698227895981071,-0.0019283901888688991,0.005126856618219325,0.010132330382370618,0.00910618119015253,0.006498437925543714,0.0020018796231292425,0.0011969728781815363,0.002131693854609143,-0.0032871080710589837,0.0005056961779940653,0.0029612382028567598,0.0039324563606157655,-0.001843341348349461,-0.0049157131629059166,-0.00010636879160010417,0.000581772294191421,0.0011726797326421868,-0.0013018140057674246,0.024320299409113545,0.002222944633993636,-0.0002552997637686053,0.0006371698254106138,0.0028580469626198956,0.0032445668580060247,0.002205065797204494,0.0012013712060360872,0.004593085311529438,0.0005319854858856035,0.0009867367801567966,0.00012344302196640942,-0.0007608847089650161,0.001038654166356692,0.0003658146767931625,-9.066195673058163e-5,0.00021705919467764165,-8.866939687010006e-5,-7.021783071932317e-5,-0.0004698227895981071,0.002222944633993636,0.004014858348017762
