0.0004231655137019365,-2.8207275431580534e-5,8.317825835556823e-5,0.0001356101884176481,1.583129031840517e-5,-0.00015037413087116692,-0.0001082196113339131,0.00014240667736247753,-1.646103910213905e-5,7.227692741952071e-5,0.00010046125009650869,0.00011962504369240196,7.160596714229285e-5,0.00013662050412016827,-0.00014639589364187327,-0.00020586957007185004,6.568030473151007e-5,3.842089355725816e-6,6.583228459484283e-5,9.249588175477881e-5,-2.8207275431580534e-5,0.0001743231771348944,1.711250429101526e-5,4.2747559239354e-5,5.992531502675073e-5,1.5311320284215002e-5,1.9333571345806023e-5,-2.1717221457108804e-5,5.714569460536385e-5,-9.037483596408219e-5,3.1899484059030923e-5,-3.897206803598979e-5,-1.639798611905724e-6,2.9594946126489398e-5,-3.5908011075782947e-6,-0.0001097252214600303,4.376017541991287e-5,0.00010619249616706347,5.480450091406706e-5,0.0001102283263593727,8.317825835556823e-5,1.711250429101526e-5,0.00028569412071970536,9.530033324243633e-5,9.511087884732895e-6,-0.00010686325153764771,-0.0001520534137113478,-2.6296556353087955e-5,-9.597659809970841e-5,4.601779135624688e-5,-2.746818366906675e-5,3.71159214581395e-5,8.066276078195575e-5,0.00011975373916811414,1.8049559163331644e-5,-0.00015548101647708815,-4.810469916865314e-5,-2.9269484122890963e-5,9.752526549080405e-5,2.6186171257807265e-5,0.0001356101884176481,4.2747559239354e-5,9.530033324243633e-5,0.0003122680062565845,3.761125775762108e-5,-7.704378820841506e-5,-3.8942048286246306e-5,5.629233290676236e-5,1.3872817152463552e-5,-2.325027991236989e-6,4.1765128491621955e-5,9.949758980387818e-5,4.9622868098548944e-5,0.00010514291252075956,-7.468568587034861e-5,-0.00019282539100568934,6.252124071920253e-5,0.0001656685413168895,0.00012908515947779672,0.00023559344358337926,1.583129031840517e-5,5.992531502675073e-5,9.511087884732895e-6,3.761125775762108e-5,0.0004288450083630769,0.0002458800061396059,-5.0785869976460015e-5,0.0001142009813172634,6.437068594976279e-5,-0.00012612400537510252,8.668950773182476e-5,-0.00010885285731436253,-5.9699894821421914e-5,0.00016440791756876103,-0.0002076472509267679,-7.259181417892322e-5,7.157197826064944e-5,0.00038733514699617006,0.00029191993246153775,0.00022107292877020086,-0.00015037413087116692,1.5311320284215002e-5,-0.00010686325153764771,-7.704378820841506e-5,0.0002458800061396059,0.0004999015395397265,9.003135276147427e-5,6.552102377787547e-5,0.0001225358739024862,-0.0002021070291275448,4.3562186368894994e-5,-0.0001310064460342027,-0.00012731007240837525,8.949848440689546e-5,-0.0001735610441453083,5.2234008101815404e-5,4.4642359977971745e-5,0.0003705835606765635,0.00023967718769773067,0.00027236647999252805,-0.0001082196113339131,1.9333571345806023e-5,-0.0001520534137113478,-3.8942048286246306e-5,-5.0785869976460015e-5,9.003135276147427e-5,0.0004048192788866801,-4.83604694201143e-5,0.00026804676097721183,-0.00018973505969537886,6.2656734510071205e-6,8.835633869644872e-6,-4.819667647916637e-5,-8.147160764440743e-5,4.5169964055554205e-5,9.487239239248002e-5,-7.885501701730144e-6,6.594488028028592e-5,-7.310130456737297e-5,0.00019045998477761674,0.00014240667736247753,-2.1717221457108804e-5,-2.6296556353087955e-5,5.629233290676236e-5,0.0001142009813172634,6.552102377787547e-5,-4.83604694201143e-5,0.0002760237517379509,1.8505432858401574e-5,2.714303038143979e-5,0.00010910089508914168,4.707545796855059e-5,-2.156818730643174e-5,0.00010134552358236967,-0.00016246493973660892,-8.177511402687453e-5,3.513896080987727e-5,0.00017578840875161482,0.0001624853801517567,0.0002554566353190111,-1.646103910213905e-5,5.714569460536385e-5,-9.597659809970841e-5,1.3872817152463552e-5,6.437068594976279e-5,0.0001225358739024862,0.00026804676097721183,1.8505432858401574e-5,0.00045615839171888803,-0.00025390653322530856,0.00013072357045302438,-0.00011602741854476245,-0.00011602921533924079,8.848196431584024e-5,-4.0535672310140736e-5,-2.868417643459959e-5,9.104820026643583e-5,0.00021546895760617937,5.298555774342632e-5,0.00041990899236827954,7.227692741952071e-5,-9.037483596408219e-5,4.601779135624688e-5,-2.325027991236989e-6,-0.00012612400537510252,-0.0002021070291275448,-0.00018973505969537886,2.714303038143979e-5,-0.00025390653322530856,0.0004313842786344747,-4.715406570867245e-5,0.0001682320383846933,7.121812496506237e-5,-8.503322373983559e-5,6.761138149906065e-5,0.00010460691595004081,-0.00011923283915997367,-0.0003204997624237086,-0.0001750950013037237,-0.0003363130929436219,0.00010046125009650869,3.1899484059030923e-5,-2.746818366906675e-5,4.1765128491621955e-5,8.668950773182476e-5,4.3562186368894994e-5,6.2656734510071205e-6,0.00010910089508914168,0.00013072357045302438,-4.715406570867245e-5,0.0002806715245650894,-7.557900599370815e-5,-7.451277734647521e-5,4.7027577064843056e-5,-9.422775447514294e-5,-9.641835745281564e-5,0.00010361246577460981,0.0001742689201689028,5.840857024779771e-5,0.00024828506480738336,0.00011962504369240196,-3.897206803598979e-5,3.71159214581395e-5,9.949758980387818e-5,-0.00010885285731436253,-0.0001310064460342027,8.835633869644872e-6,4.707545796855059e-5,-0.00011602741854476245,0.0001682320383846933,-7.557900599370815e-5,0.0003748021042458921,8.19805644928702e-5,-3.248496572445568e-5,3.271558126896044e-5,2.8797802152798424e-5,-0.00010742640001698268,-0.00011752666546243268,-5.9630319548509896e-5,-9.875110244779904e-5,7.160596714229285e-5,-1.639798611905724e-6,8.066276078195575e-5,4.9622868098548944e-5,-5.9699894821421914e-5,-0.00012731007240837525,-4.819667647916637e-5,-2.156818730643174e-5,-0.00011602921533924079,7.121812496506237e-5,-7.451277734647521e-5,8.19805644928702e-5,0.00024058108867868312,-5.574026834644732e-5,8.859360563523644e-5,-9.607805332020595e-6,-1.4423260159427022e-5,-8.697127797907263e-5,-7.053981581803422e-5,-0.0001084417080867981,0.00013662050412016827,2.9594946126489398e-5,0.00011975373916811414,0.00010514291252075956,0.00016440791756876103,8.949848440689546e-5,-8.147160764440743e-5,0.00010134552358236967,8.848196431584024e-5,-8.503322373983559e-5,4.7027577064843056e-5,-3.248496572445568e-5,-5.574026834644732e-5,0.0003503157016203586,-0.00017550524109775134,-0.00020990100445921633,3.6345598003778005e-5,0.0002034361944531349,0.0002660494806552599,0.0003036223517034521,-0.00014639589364187327,-3.5908011075782947e-6,1.8049559163331644e-5,-7.468568587034861e-5,-0.0002076472509267679,-0.0001735610441453083,4.5169964055554205e-5,-0.00016246493973660892,-4.0535672310140736e-5,6.761138149906065e-5,-9.422775447514294e-5,3.271558126896044e-5,8.859360563523644e-5,-0.00017550524109775134,0.0003868315955744789,0.00017013653644239678,-0.0001059586080465426,-0.00025273744884185035,-0.00022843602775759157,-0.000277660615003254,-0.00020586957007185004,-0.0001097252214600303,-0.00015548101647708815,-0.00019282539100568934,-7.259181417892322e-5,5.2234008101815404e-5,9.487239239248002e-5,-8.177511402687453e-5,-2.868417643459959e-5,0.00010460691595004081,-9.641835745281564e-5,2.8797802152798424e-5,-9.607805332020595e-6,-0.00020990100445921633,0.00017013653644239678,0.0006082233257881167,-7.498401345337473e-5,-0.00012194571933415351,-0.00031591939992445494,-0.00031628876900920226,6.568030473151007e-5,4.376017541991287e-5,-4.810469916865314e-5,6.252124071920253e-5,7.157197826064944e-5,4.4642359977971745e-5,-7.885501701730144e-6,3.513896080987727e-5,9.104820026643583e-5,-0.00011923283915997367,0.00010361246577460981,-0.00010742640001698268,-1.4423260159427022e-5,3.6345598003778005e-5,-0.0001059586080465426,-7.498401345337473e-5,0.0002740395279315567,0.0002196564608556267,2.7007186191714228e-5,0.0002254977221596498,3.842089355725816e-6,0.00010619249616706347,-2.9269484122890963e-5,0.0001656685413168895,0.00038733514699617006,0.0003705835606765635,6.594488028028592e-5,0.00017578840875161482,0.00021546895760617937,-0.0003204997624237086,0.0001742689201689028,-0.00011752666546243268,-8.697127797907263e-5,0.0002034361944531349,-0.00025273744884185035,-0.00012194571933415351,0.0002196564608556267,0.0008808941155614746,0.000450471636379567,0.0006114116178727628,6.583228459484283e-5,5.480450091406706e-5,9.752526549080405e-5,0.00012908515947779672,0.00029191993246153775,0.00023967718769773067,-7.310130456737297e-5,0.0001624853801517567,5.298555774342632e-5,-0.0001750950013037237,5.840857024779771e-5,-5.9630319548509896e-5,-7.053981581803422e-5,0.0002660494806552599,-0.00022843602775759157,-0.00031591939992445494,2.7007186191714228e-5,0.000450471636379567,0.0005831911181098531,0.00040137924555643087,9.249588175477881e-5,0.0001102283263593727,2.6186171257807265e-5,0.00023559344358337926,0.00022107292877020086,0.00027236647999252805,0.00019045998477761674,0.0002554566353190111,0.00041990899236827954,-0.0003363130929436219,0.00024828506480738336,-9.875110244779904e-5,-0.0001084417080867981,0.0003036223517034521,-0.000277660615003254,-0.00031628876900920226,0.0002254977221596498,0.0006114116178727628,0.00040137924555643087,0.0011933926075412343
