0.005199183793061228,0.0007588686652593764,-0.002472382543555877,-0.0017608666389121548,-0.0005144273679503256,0.00023061513606410634,-0.0007169995771421204,-0.00011634685629715338,-0.0022030863450499013,-0.0004514374198358384,-0.0007542709801142977,-0.001498360316678161,4.35828796522713e-5,0.00202224037810939,0.0002031373840516183,-0.0005440209862879102,-0.0005825925201932869,-0.00019211014021698088,-0.002368980787888896,-0.0008355303153992533,0.0007588686652593764,0.00699542694129539,-0.0013327443679197197,-0.0007652133050887992,-0.0024061267680926587,-8.84368400202931e-5,-4.3941946486732886e-5,0.00020785608888171202,0.0022288856634072743,0.0005192324674103469,0.00015581524583331417,0.0009478071585550458,0.0050464489607103605,0.00032040895244441793,0.0005962145032062263,-0.00026572091546076237,-0.000281380621038946,-0.0005321839124306057,0.001338674027795922,-0.001606523689562787,-0.002472382543555877,-0.0013327443679197197,0.03522007205046693,0.0034665483016023896,0.009845849397403387,0.00015377479346643467,0.0030857383304849642,0.0013187602014149151,0.002198520823515682,0.0018534175122870166,0.0015338675444713122,0.003928979494569788,0.0034529602896439778,-0.0009491970882286041,0.0021331302886588464,0.001469781112494711,0.003070184961665762,0.0012820696991323213,0.008961294989290877,0.0008087123484562418,-0.0017608666389121548,-0.0007652133050887992,0.0034665483016023896,0.03291579439532306,-0.0008521198947541405,-0.0009230768318247782,-0.0009332669870978974,0.0017753043988585375,0.0035144077582848527,-0.0005378214192045042,0.0008937024173462739,-0.0005330138276553084,0.006353290131976573,0.0021040756291843326,0.0019670737421788207,-0.0004967149420361187,-0.0001062229807856927,-0.00231290894967755,0.0028697001291535045,0.0008102293969912956,-0.0005144273679503256,-0.0024061267680926587,0.009845849397403387,-0.0008521198947541405,0.031525386191933014,-0.00040815038719588817,0.00879780466287592,-0.001872676322862713,5.5205707674256405e-5,0.0006648526699007198,0.0015264398469663886,-0.0009932843475664779,0.0032208761762475406,0.0014970240652428359,0.0007793184581205535,0.0029512667355263834,0.0008293022236891861,0.000782044289984553,0.0026065040738980187,0.000771189799858137,0.00023061513606410634,-8.84368400202931e-5,0.00015377479346643467,-0.0009230768318247782,-0.00040815038719588817,0.002601656431135853,-9.450194677646704e-5,8.842491747978169e-5,-0.00023472177696361776,0.0003629876136736225,0.0003418157343663842,0.0006048444947002107,-0.0010827052391602547,-0.0009806051518919919,6.785148728740074e-5,5.249681404637868e-5,0.0004040498828094693,0.0011250808717773466,-0.00015277111407214518,3.724840382026688e-5,-0.0007169995771421204,-4.3941946486732886e-5,0.0030857383304849642,-0.0009332669870978974,0.00879780466287592,-9.450194677646704e-5,0.022546304366815317,-0.0012745543897104365,0.002859283497854667,-0.0004011262757532383,0.0010667437912298592,-0.0008491061356383346,-0.0009449947216870565,-0.0009058027830486414,0.001512687862779224,0.0010282379163164515,0.0007221072859765462,0.0031128657600502136,0.0001711235533843218,0.0009370348618478423,-0.00011634685629715338,0.00020785608888171202,0.0013187602014149151,0.0017753043988585375,-0.001872676322862713,8.842491747978169e-5,-0.0012745543897104365,0.0021404558692818877,2.552117350882863e-5,-0.0001762250881638546,1.2669748629598129e-5,0.00017463355965479461,-0.000862827012100537,0.00015214084008867716,0.00017973758729989247,-0.0003055783388875141,0.0001758250872993395,-0.00043910288079962705,0.0009770454897853312,0.0004691036261189194,-0.0022030863450499013,0.0022288856634072743,0.002198520823515682,0.0035144077582848527,5.5205707674256405e-5,-0.00023472177696361776,0.002859283497854667,2.552117350882863e-5,0.020457447852126717,0.0004637497146715673,0.0006960254612583775,0.0016655708992862478,0.004284942949238939,0.003787817800661587,0.00013340552356855991,0.0005587500177811778,0.0009110378433807248,0.001700869595359406,0.0035175146045517847,0.0011396554172758405,-0.0004514374198358384,0.0005192324674103469,0.0018534175122870166,-0.0005378214192045042,0.0006648526699007198,0.0003629876136736225,-0.0004011262757532383,-0.0001762250881638546,0.0004637497146715673,0.002894042167565143,0.000532819190869144,0.0012405735930503376,-0.0008073174336548345,-0.0022698611041710635,-7.529443029575607e-5,0.0004238218042648377,0.0009357549771752778,0.0004093901330274208,-0.0010036174568804784,-0.0005396759985997624,-0.0007542709801142977,0.00015581524583331417,0.0015338675444713122,0.0008937024173462739,0.0015264398469663886,0.0003418157343663842,0.0010667437912298592,1.2669748629598129e-5,0.0006960254612583775,0.000532819190869144,0.0028625626611797927,0.00023411192306415995,-0.0024694750298965814,-5.963480334061672e-5,-0.0005247319078937227,0.0008262047734309717,-8.398803923822895e-7,0.000602265976417624,-0.00014837959939458867,0.00013358333251877404,-0.001498360316678161,0.0009478071585550458,0.003928979494569788,-0.0005330138276553084,-0.0009932843475664779,0.0006048444947002107,-0.0008491061356383346,0.00017463355965479461,0.0016655708992862478,0.0012405735930503376,0.00023411192306415995,0.010488486394876284,0.0003385278796611833,-0.00047839048910290854,-0.00012729684737445885,0.00028420548264257645,0.0015600387890035991,0.0017214019316430691,0.00543702714432515,-0.00036129876283035294,4.35828796522713e-5,0.0050464489607103605,0.0034529602896439778,0.006353290131976573,0.0032208761762475406,-0.0010827052391602547,-0.0009449947216870565,-0.000862827012100537,0.004284942949238939,-0.0008073174336548345,-0.0024694750298965814,0.0003385278796611833,0.03796742130034986,-0.00015136960483642375,0.0034688897731321145,-0.0007822561331308644,0.0005521652165505634,-0.003154597597671803,0.006573736804943969,-0.002795387159444645,0.00202224037810939,0.00032040895244441793,-0.0009491970882286041,0.0021040756291843326,0.0014970240652428359,-0.0009806051518919919,-0.0009058027830486414,0.00015214084008867716,0.003787817800661587,-0.0022698611041710635,-5.963480334061672e-5,-0.00047839048910290854,-0.00015136960483642375,0.015770510564724612,-0.0012859553921995338,0.0005471590434703443,-0.0022471411460643917,-0.00013635570083073527,0.0016705208957755802,0.0008915058940099833,0.0002031373840516183,0.0005962145032062263,0.0021331302886588464,0.0019670737421788207,0.0007793184581205535,6.785148728740074e-5,0.001512687862779224,0.00017973758729989247,0.00013340552356855991,-7.529443029575607e-5,-0.0005247319078937227,-0.00012729684737445885,0.0034688897731321145,-0.0012859553921995338,0.0051386288114221405,-0.00025687482447849723,0.0009703875241073509,0.0003330434408943903,8.88705455049417e-5,-6.272941548740421e-5,-0.0005440209862879102,-0.00026572091546076237,0.001469781112494711,-0.0004967149420361187,0.0029512667355263834,5.249681404637868e-5,0.0010282379163164515,-0.0003055783388875141,0.0005587500177811778,0.0004238218042648377,0.0008262047734309717,0.00028420548264257645,-0.0007822561331308644,0.0005471590434703443,-0.00025687482447849723,0.0019155983834795067,7.837909397692566e-5,0.0007641908058255678,0.0002387482483854652,0.00013333661259881625,-0.0005825925201932869,-0.000281380621038946,0.003070184961665762,-0.0001062229807856927,0.0008293022236891861,0.0004040498828094693,0.0007221072859765462,0.0001758250872993395,0.0009110378433807248,0.0009357549771752778,-8.398803923822895e-7,0.0015600387890035991,0.0005521652165505634,-0.0022471411460643917,0.0009703875241073509,7.837909397692566e-5,0.002029781942006619,0.00080300316771993,0.0007857056936122198,0.000148734126562822,-0.00019211014021698088,-0.0005321839124306057,0.0012820696991323213,-0.00231290894967755,0.000782044289984553,0.0011250808717773466,0.0031128657600502136,-0.00043910288079962705,0.001700869595359406,0.0004093901330274208,0.000602265976417624,0.0017214019316430691,-0.003154597597671803,-0.00013635570083073527,0.0003330434408943903,0.0007641908058255678,0.00080300316771993,0.005466304677117471,0.00010102920885350494,0.000200883611640213,-0.002368980787888896,0.001338674027795922,0.008961294989290877,0.0028697001291535045,0.0026065040738980187,-0.00015277111407214518,0.0001711235533843218,0.0009770454897853312,0.0035175146045517847,-0.0010036174568804784,-0.00014837959939458867,0.00543702714432515,0.006573736804943969,0.0016705208957755802,8.88705455049417e-5,0.0002387482483854652,0.0007857056936122198,0.00010102920885350494,0.017189112253420426,0.0004334358927508776,-0.0008355303153992533,-0.001606523689562787,0.0008087123484562418,0.0008102293969912956,0.000771189799858137,3.724840382026688e-5,0.0009370348618478423,0.0004691036261189194,0.0011396554172758405,-0.0005396759985997624,0.00013358333251877404,-0.00036129876283035294,-0.002795387159444645,0.0008915058940099833,-6.272941548740421e-5,0.00013333661259881625,0.000148734126562822,0.000200883611640213,0.0004334358927508776,0.003464803756135576
0.0062769241182596015,0.00027943551242727474,0.0025714350874928345,-0.0024182726379335584,0.0003591943665685359,-0.0008866663743734759,-0.0011963097483963362,0.0008778971532843129,0.003793478038010001,0.0003931699934024594,0.0006957146014530339,-6.398772136820713e-5,0.003452683374152588,0.0007264754878712339,-0.0007768491322238248,1.2376748263525041e-5,0.00012638605807975615,0.0011716116903999613,0.00196336196021432,0.0015600102809942597,0.00027943551242727474,0.006185012898668763,0.0018500612779024836,0.0032414668071074374,0.0026351002352220892,-0.0005298207820016662,0.0016395716674795632,0.0007413930263551764,0.002862529990090826,-5.0874149198775035e-6,-6.638358346574411e-5,0.0028432359948244957,0.0015703732093164868,0.00023428674634963045,0.0012659688982735685,0.0006168504473733902,0.0005236212658258476,0.001412403067028061,-0.000662151198078457,0.0003478232398610344,0.0025714350874928345,0.0018500612779024836,0.02550198318331363,0.000786324210656244,-0.0022052506874978796,0.0006548113915276637,-0.0032448673753851407,0.0010360851978860899,0.0047923185044886595,0.0012334930237506122,0.0010796419492243292,0.0010427847337236822,0.00879241163684523,0.00369911175791868,-0.0016197385568114072,0.0012521760526910588,0.001565033481359385,0.0033124965431994913,0.0004986462228212997,0.003205429487183842,-0.0024182726379335584,0.0032414668071074374,0.000786324210656244,0.04590896804208129,0.0032738600533913113,0.0022359932016119055,0.0009964716893009816,-0.002458721933530361,5.7707438636120124e-5,0.0031457262143317084,-0.003735257573039456,0.007355512556714466,0.0021481730964163443,0.002380841128153896,0.0040495001332479744,0.0032604936217681428,0.0013087270220155309,-0.0017010795408941436,0.003000992641358835,-0.0015687054960368302,0.0003591943665685359,0.0026351002352220892,-0.0022052506874978796,0.0032738600533913113,0.028247134705249307,0.0011878682765716544,0.001695417192379403,0.0023771854059386425,0.0036535989809861292,0.0006708053173720263,0.001400508972470939,0.005794947109381747,-0.003957686046634949,0.0024396943574966825,0.0013505995552492754,-0.0007755987685988994,0.0018398943700659459,-0.002006322730053244,-0.0015564184686249745,0.0020125738981489638,-0.0008866663743734759,-0.0005298207820016662,0.0006548113915276637,0.0022359932016119055,0.0011878682765716544,0.003175304139419571,-0.00029850406608023525,-0.00015889881888349116,-0.0011877104294603545,0.0007301844412012364,0.00021570267805347235,-0.0004134222664864634,-0.0009410371689891177,0.0011969762223242061,0.0004887539537658977,-0.00025540991167297394,0.0002025025830495448,-0.00026496263977810423,0.000738195621756894,6.228953255382413e-5,-0.0011963097483963362,0.0016395716674795632,-0.0032448673753851407,0.0009964716893009816,0.001695417192379403,-0.00029850406608023525,0.018823005486210586,-0.0003665435175073578,-0.00197850065416951,0.0009932767037427997,9.869172569471374e-6,0.0024917261372491297,-0.005308341228882114,0.0031595995578733893,0.0018064616995575322,0.0012554605128935765,5.260394731573211e-5,0.0017782935535138613,0.0013552285739003832,-0.002562642050347521,0.0008778971532843129,0.0007413930263551764,0.0010360851978860899,-0.002458721933530361,0.0023771854059386425,-0.00015889881888349116,-0.0003665435175073578,0.002344766118541088,0.0018094500319292503,-1.7878142539372816e-5,0.0010013257960806462,0.001040590048303769,0.0002338074570617331,0.0010045305918572945,-0.0003551064712706589,-0.00010737157596705117,0.0006671072784019954,0.0002748575244404468,-0.0010702291017061594,0.00043937728405130225,0.003793478038010001,0.002862529990090826,0.0047923185044886595,5.7707438636120124e-5,0.0036535989809861292,-0.0011877104294603545,-0.00197850065416951,0.0018094500319292503,0.024384161451178134,-0.0004620114296488444,0.0004408541349272695,0.002881386916522046,0.005935509682779508,-0.0006604278281436807,-0.0008539479698934658,0.0012619916399732602,0.0018433481428028293,-0.0007073594235604251,0.0001622984197252035,0.0033590697013016237,0.0003931699934024594,-5.0874149198775035e-6,0.0012334930237506122,0.0031457262143317084,0.0006708053173720263,0.0007301844412012364,0.0009932767037427997,-1.7878142539372816e-5,-0.0004620114296488444,0.002240097066161001,-9.76390513019153e-5,0.0004376667358580253,-0.00019429521898116413,0.0016499490403994142,-3.9481664028599356e-5,6.126419430751863e-5,0.0003233867871439656,0.00036411111355718874,0.0013063695632253296,7.939467557239165e-5,0.0006957146014530339,-6.638358346574411e-5,0.0010796419492243292,-0.003735257573039456,0.001400508972470939,0.00021570267805347235,9.869172569471374e-6,0.0010013257960806462,0.0004408541349272695,-9.76390513019153e-5,0.003188418324995076,-0.00020580240012501046,0.0005050236344803698,0.0011278651182775306,1.6038468597037636e-5,-0.00037340254424364765,0.0002932805672335243,3.9814369875498734e-5,-0.00015120929233753403,0.0012318445830497955,-6.398772136820713e-5,0.0028432359948244957,0.0010427847337236822,0.007355512556714466,0.005794947109381747,-0.0004134222664864634,0.0024917261372491297,0.001040590048303769,0.002881386916522046,0.0004376667358580253,-0.00020580240012501046,0.010864468959495508,0.0035695169645941025,0.0008457893006348729,0.0010642450542918173,0.0009832656884544901,0.0007760467971996043,0.001865559437994071,-0.0021392421363869026,4.984357505074598e-5,0.003452683374152588,0.0015703732093164868,0.00879241163684523,0.0021481730964163443,-0.003957686046634949,-0.0009410371689891177,-0.005308341228882114,0.0002338074570617331,0.005935509682779508,-0.00019429521898116413,0.0005050236344803698,0.0035695169645941025,0.04171342705753113,-0.0023412493796200785,-0.0019144937211351923,0.0023352239810231477,-9.485375343391112e-5,0.004247020177156871,0.006421570756015023,0.004889623154142084,0.0007264754878712339,0.00023428674634963045,0.00369911175791868,0.002380841128153896,0.0024396943574966825,0.0011969762223242061,0.0031595995578733893,0.0010045305918572945,-0.0006604278281436807,0.0016499490403994142,0.0011278651182775306,0.0008457893006348729,-0.0023412493796200785,0.01189680262876398,0.0006865935044685053,0.00029129633797859837,0.0012210777636642253,0.0006754910860903925,0.0005132788013215215,0.0004289366558422499,-0.0007768491322238248,0.0012659688982735685,-0.0016197385568114072,0.0040495001332479744,0.0013505995552492754,0.0004887539537658977,0.0018064616995575322,-0.0003551064712706589,-0.0008539479698934658,-3.9481664028599356e-5,1.6038468597037636e-5,0.0010642450542918173,-0.0019144937211351923,0.0006865935044685053,0.0057051060579250135,0.0002456377650999665,-0.00023850193931852478,-0.0010682864727707827,0.0013896608548579507,-0.00042796275994703677,1.2376748263525041e-5,0.0006168504473733902,0.0012521760526910588,0.0032604936217681428,-0.0007755987685988994,-0.00025540991167297394,0.0012554605128935765,-0.00010737157596705117,0.0012619916399732602,6.126419430751863e-5,-0.00037340254424364765,0.0009832656884544901,0.0023352239810231477,0.00029129633797859837,0.0002456377650999665,0.0017484955028049455,0.00013967006242817975,6.96958997333676e-5,0.00046400038759328966,0.00043545141870498497,0.00012638605807975615,0.0005236212658258476,0.001565033481359385,0.0013087270220155309,0.0018398943700659459,0.0002025025830495448,5.260394731573211e-5,0.0006671072784019954,0.0018433481428028293,0.0003233867871439656,0.0002932805672335243,0.0007760467971996043,-9.485375343391112e-5,0.0012210777636642253,-0.00023850193931852478,0.00013967006242817975,0.0015484717395811685,-0.00033248779775215884,-0.000508733875985111,6.495365156653343e-5,0.0011716116903999613,0.001412403067028061,0.0033124965431994913,-0.0017010795408941436,-0.002006322730053244,-0.00026496263977810423,0.0017782935535138613,0.0002748575244404468,-0.0007073594235604251,0.00036411111355718874,3.9814369875498734e-5,0.001865559437994071,0.004247020177156871,0.0006754910860903925,-0.0010682864727707827,6.96958997333676e-5,-0.00033248779775215884,0.007540616137193418,0.00031579335533067567,-0.00028736363088914963,0.00196336196021432,-0.000662151198078457,0.0004986462228212997,0.003000992641358835,-0.0015564184686249745,0.000738195621756894,0.0013552285739003832,-0.0010702291017061594,0.0001622984197252035,0.0013063695632253296,-0.00015120929233753403,-0.0021392421363869026,0.006421570756015023,0.0005132788013215215,0.0013896608548579507,0.00046400038759328966,-0.000508733875985111,0.00031579335533067567,0.014709206935823898,0.0015505559243392327,0.0015600102809942597,0.0003478232398610344,0.003205429487183842,-0.0015687054960368302,0.0020125738981489638,6.228953255382413e-5,-0.002562642050347521,0.00043937728405130225,0.0033590697013016237,7.939467557239165e-5,0.0012318445830497955,4.984357505074598e-5,0.004889623154142084,0.0004289366558422499,-0.00042796275994703677,0.00043545141870498497,6.495365156653343e-5,-0.00028736363088914963,0.0015505559243392327,0.004738649577439123
0.007855001111806552,0.002473744227690062,0.0010673702752184984,0.0064793862160581195,0.005676178070676185,0.002775583068192358,0.004694730313115392,0.00043796697429466245,0.0017640806223680997,-0.00012300169995388483,0.002323476781630066,0.0005004715055856665,0.0025311088334751064,0.0028064094615100304,0.0007256896064683438,-0.00042896409715739725,0.000836158151083493,0.0018608630684082482,0.0007973450242040796,0.001446835187587764,0.002473744227690062,0.008538483789677937,-7.374302445441719e-5,0.00034492171263299123,0.004977878949850694,0.0019150425984438288,0.0004193368499367874,-0.000608224251859313,4.723210763878566e-5,0.0008330184250851865,-0.0009908519510404743,0.0022920868026597126,-0.0006743021258980161,0.0036519414217739514,-0.002686253839391452,0.0010919315254089281,-0.0011734246021460949,0.0014138693995355773,0.0009638159340242204,0.001006630829897114,0.0010673702752184984,-7.374302445441719e-5,0.02716067304565871,0.0017565461166646464,-0.00029620958296844676,0.0029315112812295153,0.008935357917743594,0.0019589066223793467,0.007607217713949352,0.0008212845255576085,0.0032787576891568464,0.0017285668552762439,-0.0011787339714131834,0.0009160431699457934,0.00457182054940414,-0.0017515181104020617,0.0008280485171373485,-0.0017875992393465614,0.004911452010318286,0.0011819096904613653,0.0064793862160581195,0.00034492171263299123,0.0017565461166646464,0.034682498833058496,0.014259002760152163,0.0034939874183470263,0.006645807201575102,0.0030180066750253504,0.0014530001927670342,0.00042985743458972246,0.0046043174797012615,-0.0005368578832275146,0.006706668095016658,0.0026035297151720685,0.005052410416780632,-0.0017851633412792358,0.0021189405031799583,0.005843917631514263,0.0026427459932228917,0.0029505404977294434,0.005676178070676185,0.004977878949850694,-0.00029620958296844676,0.014259002760152163,0.04245025851424293,0.0046018777239575075,0.0012487378860093932,0.0015681132123414575,0.005331617504147205,0.003561193709978963,0.0026708808097621606,0.0007321594305673757,0.010987734919376695,0.009652991504493266,0.004092570385115504,-0.0012276600693221645,-0.0004961090179071443,0.004367980197019221,-0.0038884279227255868,-0.0007967738477470323,0.002775583068192358,0.0019150425984438288,0.0029315112812295153,0.0034939874183470263,0.0046018777239575075,0.0036891275469165237,0.0049851523068359105,0.0009118314578300097,0.002651567323668079,0.0004457284753906713,0.0014676279388406172,0.0006727813871134686,0.003316712178277506,0.001602729090363119,0.0015100212137693636,-0.0005727542695503744,0.0005448624107123685,0.00035858832217805373,0.000708370862708656,0.0013596374077651362,0.004694730313115392,0.0004193368499367874,0.008935357917743594,0.006645807201575102,0.0012487378860093932,0.0049851523068359105,0.028510572562132994,0.002509400878084542,4.021613702292919e-5,1.5014671243919171e-5,0.003835543822316005,-0.0008070691686882722,0.006776888393852766,0.0019197737117182777,0.0028647186768624945,-0.0028274501143234127,0.0021150936927782187,0.0013828265200303566,0.00277199152788667,0.004699607898016069,0.00043796697429466245,-0.000608224251859313,0.0019589066223793467,0.0030180066750253504,0.0015681132123414575,0.0009118314578300097,0.002509400878084542,0.003095013555854117,0.0015669123882785737,0.000966697687688941,0.0008601250126901705,0.0006540517314248785,0.0021567187535976185,5.2476955747832354e-5,0.002655911266041378,-0.0005541276404977878,0.0007873812755374568,0.001119311921514226,0.0010947177766450888,0.0014224517104220358,0.0017640806223680997,4.723210763878566e-5,0.007607217713949352,0.0014530001927670342,0.005331617504147205,0.002651567323668079,4.021613702292919e-5,0.0015669123882785737,0.021021951711530342,3.080058896321192e-5,0.0028612686424714937,0.001654714457825857,0.004111138105576485,0.0008763217852477737,0.0054189457801228766,-0.0012528930001562103,0.0007620511222598996,-0.0030365175720625612,-0.0013960425582008552,-0.0009657658285933122,-0.00012300169995388483,0.0008330184250851865,0.0008212845255576085,0.00042985743458972246,0.003561193709978963,0.0004457284753906713,1.5014671243919171e-5,0.000966697687688941,3.080058896321192e-5,0.0026529354565325578,-0.00030881378385179566,0.0013712046519194086,0.0008338149339570165,0.0018507140944339806,0.0009067658198691668,0.0002818052054211812,-0.0002872726919147143,0.000507082543416921,0.0012855169395486214,0.0006757338052550768,0.002323476781630066,-0.0009908519510404743,0.0032787576891568464,0.0046043174797012615,0.0026708808097621606,0.0014676279388406172,0.003835543822316005,0.0008601250126901705,0.0028612686424714937,-0.00030881378385179566,0.004790040126076108,-0.0007972038927886937,0.003196012117580806,-0.0009123822819304202,0.003129059582160429,-0.001258891390183718,0.0012944884464554003,-0.0002937449939653799,0.001612308722056767,0.00019029905504885063,0.0005004715055856665,0.0022920868026597126,0.0017285668552762439,-0.0005368578832275146,0.0007321594305673757,0.0006727813871134686,-0.0008070691686882722,0.0006540517314248785,0.001654714457825857,0.0013712046519194086,-0.0007972038927886937,0.008804530123721245,5.638127904049495e-5,0.0024847296903268584,0.00037223011164579177,0.00018925413084720105,-0.0006887581064943353,-0.00016884505514398905,0.00361482554112372,0.0013179606860664963,0.0025311088334751064,-0.0006743021258980161,-0.0011787339714131834,0.006706668095016658,0.010987734919376695,0.003316712178277506,0.006776888393852766,0.0021567187535976185,0.004111138105576485,0.0008338149339570165,0.003196012117580806,5.638127904049495e-5,0.03055219321830278,0.003290359068552999,0.00315376823148514,-0.0026502891199088278,0.0005704662389794393,0.0011238454541126874,-0.0038655399650755636,0.0007766910780262982,0.0028064094615100304,0.0036519414217739514,0.0009160431699457934,0.0026035297151720685,0.009652991504493266,0.001602729090363119,0.0019197737117182777,5.2476955747832354e-5,0.0008763217852477737,0.0018507140944339806,-0.0009123822819304202,0.0024847296903268584,0.003290359068552999,0.01410738399865514,-0.0015614808726795387,0.000129647930837288,-0.001149865198782368,0.0012444271911300079,0.00152683288059598,0.00033532336956629326,0.0007256896064683438,-0.002686253839391452,0.00457182054940414,0.005052410416780632,0.004092570385115504,0.0015100212137693636,0.0028647186768624945,0.002655911266041378,0.0054189457801228766,0.0009067658198691668,0.003129059582160429,0.00037223011164579177,0.00315376823148514,-0.0015614808726795387,0.009489246933998078,-0.00176501556519914,0.001752726565626196,-0.00014187763721604043,0.0012216045334845311,0.00055728052278219,-0.00042896409715739725,0.0010919315254089281,-0.0017515181104020617,-0.0017851633412792358,-0.0012276600693221645,-0.0005727542695503744,-0.0028274501143234127,-0.0005541276404977878,-0.0012528930001562103,0.0002818052054211812,-0.001258891390183718,0.00018925413084720105,-0.0026502891199088278,0.000129647930837288,-0.00176501556519914,0.0020711765633308586,-0.0005108352219645874,0.0002228775700331752,0.0009814624822752427,-0.0001572078144904805,0.000836158151083493,-0.0011734246021460949,0.0008280485171373485,0.0021189405031799583,-0.0004961090179071443,0.0005448624107123685,0.0021150936927782187,0.0007873812755374568,0.0007620511222598996,-0.0002872726919147143,0.0012944884464554003,-0.0006887581064943353,0.0005704662389794393,-0.001149865198782368,0.001752726565626196,-0.0005108352219645874,0.0021125339879328846,0.00045250136624930406,0.00040560548438227124,0.0003527647751291509,0.0018608630684082482,0.0014138693995355773,-0.0017875992393465614,0.005843917631514263,0.004367980197019221,0.00035858832217805373,0.0013828265200303566,0.001119311921514226,-0.0030365175720625612,0.000507082543416921,-0.0002937449939653799,-0.00016884505514398905,0.0011238454541126874,0.0012444271911300079,-0.00014187763721604043,0.0002228775700331752,0.00045250136624930406,0.0063199233166369,-0.0002936219603117981,0.0018262520917280488,0.0007973450242040796,0.0009638159340242204,0.004911452010318286,0.0026427459932228917,-0.0038884279227255868,0.000708370862708656,0.00277199152788667,0.0010947177766450888,-0.0013960425582008552,0.0012855169395486214,0.001612308722056767,0.00361482554112372,-0.0038655399650755636,0.00152683288059598,0.0012216045334845311,0.0009814624822752427,0.00040560548438227124,-0.0002936219603117981,0.017709846471577848,0.0017879760060711435,0.001446835187587764,0.001006630829897114,0.0011819096904613653,0.0029505404977294434,-0.0007967738477470323,0.0013596374077651362,0.004699607898016069,0.0014224517104220358,-0.0009657658285933122,0.0006757338052550768,0.00019029905504885063,0.0013179606860664963,0.0007766910780262982,0.00033532336956629326,0.00055728052278219,-0.0001572078144904805,0.0003527647751291509,0.0018262520917280488,0.0017879760060711435,0.004636154914322947
