0.05572542065171139,0.00540196961318135,-0.014324845977532889,-0.002101784163747344,0.011146022020998207,0.0034469976748376027,0.015074706253512624,-0.00233410413074521,0.010127444388016642,0.0029944501567102056,-0.01020290217004645,-0.0006655444831586577,0.006510419589955293,-0.011709621775895596,0.013600696308131755,0.0029489795324133383,0.0017884455155735362,0.027949475099989247,0.07395114175771061,0.05146673237661796,0.00540196961318135,0.00904441356704696,0.004366319270146595,0.001448173735627123,0.00024537619586196863,-0.0016254682541575762,0.0021539377237519168,0.0015841349032301485,0.0007549785443077312,0.0058407458960007645,-0.00033775685194775294,0.0032169263760518617,0.0011421835043388638,-0.006141132536748882,0.002810963541594257,0.001189956502188348,-0.0017810680849520517,0.0015726091247009123,0.006847725190165493,0.008455336687221787,-0.014324845977532889,0.004366319270146595,0.04085647361018423,0.01427007732649831,-0.00306443399100981,-0.0001945552642121872,-0.003926052653007281,0.011066607905466352,0.0030807498862978587,0.014343013644477685,0.012406964139203655,0.014092983896263662,0.00023022947590522038,-0.0056511939297907605,-0.003036486128082511,0.002459768610124138,-0.010692235028726798,-0.0171413705967978,-0.02391916882067507,-0.012571017149611724,-0.002101784163747344,0.001448173735627123,0.01427007732649831,0.017166504877753647,0.0009727332267576367,0.0013300160280428704,3.430146317545538e-5,0.007708570737011831,0.0045652881163201,0.00935593177310021,0.00770807330484275,0.006375579921646056,-0.00038312848166831607,-0.00579436915971308,0.002115501481892158,0.0031436686542535754,-0.006681273939966882,-0.006131445319375763,-0.0016171005299184383,-0.004387822655332567,0.011146022020998207,0.00024537619586196863,-0.00306443399100981,0.0009727332267576367,0.01655271461604953,0.009516380978099728,0.0006605024839785507,0.0014042744416534062,0.005384147341812045,-0.0031498836613023376,-0.0008054561965128767,0.00557402175851892,0.001712165814465041,-0.0008977477962354079,0.0017057650050482545,0.0031248708595413596,-0.0004504891414060039,0.005360195025171171,0.018155775992202333,0.01702622544989414,0.0034469976748376027,-0.0016254682541575762,-0.0001945552642121872,0.0013300160280428704,0.009516380978099728,0.07252645515281059,0.006609413546677034,-0.0009584569749980757,0.010819163588411597,0.0006968903325485546,0.0011133130576590935,0.002059451231414929,0.0033399012981159626,0.013494487557862027,-0.0004474863517252473,-0.0006357016029890522,0.010245325369432078,0.002871019646335164,-0.005151405783050274,-0.00585850618447991,0.015074706253512624,0.0021539377237519168,-0.003926052653007281,3.430146317545538e-5,0.0006605024839785507,0.006609413546677034,0.015238972772964134,-0.0008795934527395717,0.0029007571764530574,0.006276412458108961,-0.005310005172684231,0.0011353366096456827,0.0029460848424285495,-0.008643261965703152,0.004865647461708221,0.000618741378861228,0.0016674967829019092,0.009812933782774943,0.031143709885243197,0.019136558212301643,-0.00233410413074521,0.0015841349032301485,0.011066607905466352,0.007708570737011831,0.0014042744416534062,-0.0009584569749980757,-0.0008795934527395717,0.007455384004469912,0.0021584647321834984,0.004416298218176323,0.004586077412422729,0.005839241004101709,-9.543054287289754e-5,-0.00271293728765823,0.00043442124810513365,0.0015960364307637605,-0.005253366790653185,-0.004745451825155828,-0.002449030499020773,-0.002873332166106833,0.010127444388016642,0.0007549785443077312,0.0030807498862978587,0.0045652881163201,0.005384147341812045,0.010819163588411597,0.0029007571764530574,0.0021584647321834984,0.01525398409627437,0.002573831350039327,0.0019369526583417687,0.0009514875302931479,0.00216367948798376,-0.004851705006948563,0.0014423803786520935,0.0021697172094905124,-0.001853524512663242,0.0034599501106623185,0.016859031838189747,0.01076761178997885,0.0029944501567102056,0.0058407458960007645,0.014343013644477685,0.00935593177310021,-0.0031498836613023376,0.0006968903325485546,0.006276412458108961,0.004416298218176323,0.002573831350039327,0.03345029315418189,0.0005503786074290979,0.004886864293843812,0.0043384866963620036,-0.015971468683058127,0.0031999260568627017,0.0012225422595540671,-0.0129200491956609,-0.002106226581738032,0.022683852785214377,0.004881056131468886,-0.01020290217004645,-0.00033775685194775294,0.012406964139203655,0.00770807330484275,-0.0008054561965128767,0.0011133130576590935,-0.005310005172684231,0.004586077412422729,0.0019369526583417687,0.0005503786074290979,0.009453602634979144,0.005324474530940419,-0.00219074176010463,0.004118208247928851,-0.0031112156709627056,0.001380037819009473,-0.00210519546065502,-0.010119126669666441,-0.02524049171992863,-0.013510679770196925,-0.0006655444831586577,0.0032169263760518617,0.014092983896263662,0.006375579921646056,0.00557402175851892,0.002059451231414929,0.0011353366096456827,0.005839241004101709,0.0009514875302931479,0.004886864293843812,0.005324474530940419,0.02439129115768747,0.00021856066884443125,-0.0025828516219473133,-0.002197678925478294,0.0026352104608295315,-0.004160388343614732,-0.007769593207553517,-0.003296959424599279,0.0077529924763122485,0.006510419589955293,0.0011421835043388638,0.00023022947590522038,-0.00038312848166831607,0.001712165814465041,0.0033399012981159626,0.0029460848424285495,-9.543054287289754e-5,0.00216367948798376,0.0043384866963620036,-0.00219074176010463,0.00021856066884443125,0.0031926776255450477,-0.004577150798486014,0.0019850045838792052,6.903174654765887e-5,-0.001083281594812904,0.0037395281546553525,0.014128085203228896,0.008324048007892567,-0.011709621775895596,-0.006141132536748882,-0.0056511939297907605,-0.00579436915971308,-0.0008977477962354079,0.013494487557862027,-0.008643261965703152,-0.00271293728765823,-0.004851705006948563,-0.015971468683058127,0.004118208247928851,-0.0025828516219473133,-0.004577150798486014,0.045421504092293605,-0.00670837303535031,-0.0019910076377835932,0.0168608633418221,-0.004162750090608724,-0.04659212990611536,-0.02340623567495423,0.013600696308131755,0.002810963541594257,-0.003036486128082511,0.002115501481892158,0.0017057650050482545,-0.0004474863517252473,0.004865647461708221,0.00043442124810513365,0.0014423803786520935,0.0031999260568627017,-0.0031112156709627056,-0.002197678925478294,0.0019850045838792052,-0.00670837303535031,0.008758039699491425,0.0006418806994959329,-0.0009764456970504955,0.007884074349555216,0.024383614569154395,0.01189231664022072,0.0029489795324133383,0.001189956502188348,0.002459768610124138,0.0031436686542535754,0.0031248708595413596,-0.0006357016029890522,0.000618741378861228,0.0015960364307637605,0.0021697172094905124,0.0012225422595540671,0.001380037819009473,0.0026352104608295315,6.903174654765887e-5,-0.0019910076377835932,0.0006418806994959329,0.003198367710481929,-0.0017085643688019092,0.0008236795110403133,0.006393090901865579,0.005286344839285065,0.0017884455155735362,-0.0017810680849520517,-0.010692235028726798,-0.006681273939966882,-0.0004504891414060039,0.010245325369432078,0.0016674967829019092,-0.005253366790653185,-0.001853524512663242,-0.0129200491956609,-0.00210519546065502,-0.004160388343614732,-0.001083281594812904,0.0168608633418221,-0.0009764456970504955,-0.0017085643688019092,0.023913146015350287,0.004757404233091057,-0.014835248371690438,-0.00023113956545906347,0.027949475099989247,0.0015726091247009123,-0.0171413705967978,-0.006131445319375763,0.005360195025171171,0.002871019646335164,0.009812933782774943,-0.004745451825155828,0.0034599501106623185,-0.002106226581738032,-0.010119126669666441,-0.007769593207553517,0.0037395281546553525,-0.004162750090608724,0.007884074349555216,0.0008236795110403133,0.004757404233091057,0.0250857878067168,0.04760731156015931,0.02845549149687476,0.07395114175771061,0.006847725190165493,-0.02391916882067507,-0.0016171005299184383,0.018155775992202333,-0.005151405783050274,0.031143709885243197,-0.002449030499020773,0.016859031838189747,0.022683852785214377,-0.02524049171992863,-0.003296959424599279,0.014128085203228896,-0.04659212990611536,0.024383614569154395,0.006393090901865579,-0.014835248371690438,0.04760731156015931,0.19063065023872733,0.08648551622460213,0.05146673237661796,0.008455336687221787,-0.012571017149611724,-0.004387822655332567,0.01702622544989414,-0.00585850618447991,0.019136558212301643,-0.002873332166106833,0.01076761178997885,0.004881056131468886,-0.013510679770196925,0.0077529924763122485,0.008324048007892567,-0.02340623567495423,0.01189231664022072,0.005286344839285065,-0.00023113956545906347,0.02845549149687476,0.08648551622460213,0.08533398681350068
0.020700274636002877,0.007713359041896159,0.00973133198463939,0.003139545202934128,0.012330268845591925,0.003631554092999722,0.008877293339019428,0.0005480824141280412,0.009616304131102933,0.010263909057728107,0.002286030600109683,-0.0022726477465776977,0.0013370957916522975,0.003387657812033264,-0.0004735911482131481,0.0015468404274010955,0.013639257483726424,-0.0020943292370900067,0.02047429685033189,0.005897036259363286,0.007713359041896159,0.022464664609338922,0.002528187082059068,0.0006286090561231539,0.010576283376839066,0.012775361803962444,0.008388507646844795,0.00016544398159810692,0.013225543877735472,0.0064350741069576795,0.004440398416348291,-0.0013293903668201129,0.002902288802725507,0.01849760223369359,0.0075113554621084756,0.00337605809751218,0.00942375358697756,0.00586063095163924,0.004312542693332925,-0.0036095052803496175,0.00973133198463939,0.002528187082059068,0.03151866567708107,0.005402760685057089,0.01676535447616239,-0.006010472395434971,0.00829709672193339,-0.00010074830712848096,0.00690423827722024,0.007791517856847364,0.0018028999114284806,-0.007786385088328014,0.0007373267008624535,-0.007731284372094933,-0.005073847408086562,0.0009099613211741892,0.014450423923359292,-0.004416483046596649,0.027853027187307443,0.01471734313177987,0.003139545202934128,0.0006286090561231539,0.005402760685057089,0.00624578615254682,0.004324602745107875,-0.0028980308573734624,0.0035074534910413385,-0.0011508835228265096,0.0016058199121727788,0.004516915614034403,0.0008506861284978849,-8.499901162681802e-5,0.0011277283607628126,-0.0005385437071533613,-0.0014856339138383545,0.0003056166145817303,0.004203045808742107,-0.002101904014565161,0.011524697329162758,0.00562043547926804,0.012330268845591925,0.010576283376839066,0.01676535447616239,0.004324602745107875,0.03247773847478257,-0.0070092161403825055,0.016463428763000935,-0.004020488353759363,0.014336921363762037,0.009111036813496155,0.004095709646729907,-0.008200672941813814,0.002981038383808755,-0.0081122110175449,-0.00044945777836675766,-0.0011256354155551498,0.025499479254361884,-0.006913586705898342,0.040222258390337905,0.0011708164959399155,0.003631554092999722,0.012775361803962444,-0.006010472395434971,-0.0028980308573734624,-0.0070092161403825055,0.08335576332143763,-0.0012211701347884041,0.00903047726863673,0.007280161901672929,-0.0039706902241106795,0.004432681105112352,0.010477564135731064,0.0008918854109199999,0.044620819734157824,0.01804751866623225,0.006750795324017734,-0.011120728131375025,0.027797560656254834,-0.03532169288541806,-0.011046934695348731,0.008877293339019428,0.008388507646844795,0.00829709672193339,0.0035074534910413385,0.016463428763000935,-0.0012211701347884041,0.016448574252261768,-0.0023576855362069035,0.010007482658852361,0.007146186957376668,0.0017341798068204969,-0.0016937097666917223,0.002386001414685158,-0.0014607109849519373,0.0014675543945066752,0.0008179579339774814,0.01374270713341063,-0.0019810076915910886,0.02143260568029176,-0.0011292699702298659,0.0005480824141280412,0.00016544398159810692,-0.00010074830712848096,-0.0011508835228265096,-0.004020488353759363,0.00903047726863673,-0.0023576855362069035,0.0061436190788937695,0.0009394245106880644,0.00019409958389957814,0.0007460613703125735,0.0008591741642532953,-0.0003997334012312455,0.010344822602998276,0.001582424141637306,0.0017759721425481723,-0.0012709456985157321,0.0050437800129545084,-0.007972394238613505,0.002044883271129879,0.009616304131102933,0.013225543877735472,0.00690423827722024,0.0016058199121727788,0.014336921363762037,0.007280161901672929,0.010007482658852361,0.0009394245106880644,0.019672085209737747,0.008031065418467166,0.0031864438067930505,-0.003697921456223046,0.00134807680036145,0.011979911178368031,0.003473168858019159,0.0024509691907158068,0.016024078624559172,0.003194228057097681,0.012748197691861245,-0.0010809916153189459,0.010263909057728107,0.0064350741069576795,0.007791517856847364,0.004516915614034403,0.009111036813496155,-0.0039706902241106795,0.007146186957376668,0.00019409958389957814,0.008031065418467166,0.0292350388689305,0.003391963746036523,-0.0023798489312486684,0.0029080991672246048,0.0048353750691023985,-0.0008188400232808871,0.0009207217254984018,0.010068349024487212,-0.005369694817757731,0.019300237515012766,0.00960381024329341,0.002286030600109683,0.004440398416348291,0.0018028999114284806,0.0008506861284978849,0.004095709646729907,0.004432681105112352,0.0017341798068204969,0.0007460613703125735,0.0031864438067930505,0.003391963746036523,0.0038597242806731936,4.190012166670662e-5,0.00160152607154786,0.0045921003528958575,0.0029202596316016925,0.0005192414134078337,0.0058348564296636565,0.00046536775201857426,0.004459252683080034,-0.0007415982760694216,-0.0022726477465776977,-0.0013293903668201129,-0.007786385088328014,-8.499901162681802e-5,-0.008200672941813814,0.010477564135731064,-0.0016937097666917223,0.0008591741642532953,-0.003697921456223046,-0.0023798489312486684,4.190012166670662e-5,0.019247529156665194,0.00021279278086332675,0.008300875844650746,0.0038907920619631886,0.0003416340224599902,-0.004826285362641859,0.006450732299589644,-0.00805149604084844,-0.0015722844602328425,0.0013370957916522975,0.002902288802725507,0.0007373267008624535,0.0011277283607628126,0.002981038383808755,0.0008918854109199999,0.002386001414685158,-0.0003997334012312455,0.00134807680036145,0.0029080991672246048,0.00160152607154786,0.00021279278086332675,0.0023544851885004487,0.0023445933278087635,0.0008905375678294515,0.00023706511257201026,0.0024320721348117637,-0.0001696394753491102,0.005687109310390894,0.0003722517261703766,0.003387657812033264,0.01849760223369359,-0.007731284372094933,-0.0005385437071533613,-0.0081122110175449,0.044620819734157824,-0.0014607109849519373,0.010344822602998276,0.011979911178368031,0.0048353750691023985,0.0045921003528958575,0.008300875844650746,0.0023445933278087635,0.06962155342173498,0.01377617008702941,0.007900438886648218,-0.009113803593734256,0.026794284888001618,-0.025606926549264504,-0.0006924636003451442,-0.0004735911482131481,0.0075113554621084756,-0.005073847408086562,-0.0014856339138383545,-0.00044945777836675766,0.01804751866623225,0.0014675543945066752,0.001582424141637306,0.003473168858019159,-0.0008188400232808871,0.0029202596316016925,0.0038907920619631886,0.0008905375678294515,0.01377617008702941,0.011881981447064368,0.0018323808168125507,-0.0007432001361478164,0.007952136246131353,-0.015225364684342164,-0.009995142226630876,0.0015468404274010955,0.00337605809751218,0.0009099613211741892,0.0003056166145817303,-0.0011256354155551498,0.006750795324017734,0.0008179579339774814,0.0017759721425481723,0.0024509691907158068,0.0009207217254984018,0.0005192414134078337,0.0003416340224599902,0.00023706511257201026,0.007900438886648218,0.0018323808168125507,0.0034484836595096574,-4.969988279412544e-5,0.0036111834128361685,-0.0057629150124526105,0.0023369019043913567,0.013639257483726424,0.00942375358697756,0.014450423923359292,0.004203045808742107,0.025499479254361884,-0.011120728131375025,0.01374270713341063,-0.0012709456985157321,0.016024078624559172,0.010068349024487212,0.0058348564296636565,-0.004826285362641859,0.0024320721348117637,-0.009113803593734256,-0.0007432001361478164,-4.969988279412544e-5,0.04085195977561289,-0.00919373141103677,0.036576207180656906,0.003636308944633318,-0.0020943292370900067,0.00586063095163924,-0.004416483046596649,-0.002101904014565161,-0.006913586705898342,0.027797560656254834,-0.0019810076915910886,0.0050437800129545084,0.003194228057097681,-0.005369694817757731,0.00046536775201857426,0.006450732299589644,-0.0001696394753491102,0.026794284888001618,0.007952136246131353,0.0036111834128361685,-0.00919373141103677,0.02165678776743562,-0.019873784599814447,-0.006511824451442988,0.02047429685033189,0.004312542693332925,0.027853027187307443,0.011524697329162758,0.040222258390337905,-0.03532169288541806,0.02143260568029176,-0.007972394238613505,0.012748197691861245,0.019300237515012766,0.004459252683080034,-0.00805149604084844,0.005687109310390894,-0.025606926549264504,-0.015225364684342164,-0.0057629150124526105,0.036576207180656906,-0.019873784599814447,0.11066899771319166,0.015859939559406264,0.005897036259363286,-0.0036095052803496175,0.01471734313177987,0.00562043547926804,0.0011708164959399155,-0.011046934695348731,-0.0011292699702298659,0.002044883271129879,-0.0010809916153189459,0.00960381024329341,-0.0007415982760694216,-0.0015722844602328425,0.0003722517261703766,-0.0006924636003451442,-0.009995142226630876,0.0023369019043913567,0.003636308944633318,-0.006511824451442988,0.015859939559406264,0.04483148683305413
0.020973134020123577,0.00018078157469884567,0.0010368796199990676,-0.0008027610192243228,-0.0011337751657048215,-0.010185509243023697,0.0026882418300921158,0.0010769394217936363,-0.00249896635011338,-0.0023690215469059457,0.001290567030433709,0.00036221011997830243,-0.0014143009466984454,0.005782302734316831,0.0013503111702504187,0.00028208114253546043,-0.008653907343651561,0.0009554361070211617,-0.002595722316157134,9.418801131865677e-6,0.00018078157469884567,0.015446437667760106,-0.0071959126661796345,-0.0014513249229933427,0.004589025354315922,0.006266330842476736,-0.0013478020338967963,0.0027787674681423857,-0.002538674284501768,-0.003885572454783103,-0.0009782017606308905,-0.007361589192076863,-0.0010645501296214243,-0.004558502938062355,-0.0011245411371094839,0.0014309529464441545,0.0019126474027199932,0.005276076521374889,0.005016713703699802,-0.005718290832111114,0.0010368796199990676,-0.0071959126661796345,0.03736351937444986,0.004586047902178864,-0.007050489425487954,-0.01501835983466587,-0.008314906120007015,-0.00209750835746991,0.009210004522037681,0.004989844711354418,0.006541915694059455,0.012568184607064336,0.0061291695286879045,0.005601567463072672,0.0026117656753452123,-0.0018311924908115092,0.004687546286462143,-0.009475754826253794,0.014101566140351495,0.01709634005597389,-0.0008027610192243228,-0.0014513249229933427,0.004586047902178864,0.009591037452752046,0.0013711923288521972,-0.002737595545477094,0.0010521272479534168,-0.0005378532722621232,0.0009077754985299157,0.0018516052858570343,-0.0006701375750147788,0.00267140589905988,0.0006677242397848048,-0.0001330324808159278,-0.0009600011747305046,0.00142204166061645,0.004298365252604913,-0.001886413262028774,-0.0004539001716087677,0.001978357554842285,-0.0011337751657048215,0.004589025354315922,-0.007050489425487954,0.0013711923288521972,0.0137041858927348,0.014169023091772604,0.0010514300783771194,0.0015004835240049388,-0.004607228255594252,0.003048322191307502,-0.004408262151971451,-0.006286483227631007,-0.0023499653343190575,0.0006693583511280631,-0.00036852075860799104,0.0021957700083816986,0.0026359843431253025,0.00200270999409744,0.0005415181439793097,-0.0026681998535994776,-0.010185509243023697,0.006266330842476736,-0.01501835983466587,-0.002737595545477094,0.014169023091772604,0.06624262480795907,-0.0039154365129146634,0.0024488620202076355,-0.002386067913343241,0.0002236776269670508,-0.0036791641575451024,-0.012073851239805852,-0.0021635560954312585,-0.0010118292893431073,-0.004008190009045351,0.003736942226772637,0.005332756497011116,0.004241178498154815,-0.006752141996954282,-0.002948526243166947,0.0026882418300921158,-0.0013478020338967963,-0.008314906120007015,0.0010521272479534168,0.0010514300783771194,-0.0039154365129146634,0.016213493301580964,-0.002214487081065554,-0.006114183226819633,-0.0014708590647508077,-0.0027644872292474235,-0.0007579552995168013,-0.002652399335242049,0.007158563320491149,-0.0012756136432194067,0.0009936627523230994,-0.0029563438345250785,0.0033666443808242305,-0.010052046048239225,-0.014175271327392524,0.0010769394217936363,0.0027787674681423857,-0.00209750835746991,-0.0005378532722621232,0.0015004835240049388,0.0024488620202076355,-0.002214487081065554,0.005759152520862199,0.001751783083658922,-0.0032957292102232267,0.0005115901164010482,-0.0023292248225293887,-0.0010509579507492085,-0.00040233121055167675,0.0002859905987178462,-0.00016229419927863445,-0.001615933873572644,0.0008297530991866331,-0.0012676254131972387,0.003925099635637001,-0.00249896635011338,-0.002538674284501768,0.009210004522037681,0.0009077754985299157,-0.004607228255594252,-0.002386067913343241,-0.006114183226819633,0.001751783083658922,0.013254857702478931,0.0002886536304743388,0.0038816674227091915,0.005803284148251642,0.002288589290101309,-0.0024771788475039455,0.0008654307083883837,-0.0012696272178469243,0.0004517352844329184,-0.0027688139644538963,0.0022661984817724545,0.008889844869469227,-0.0023690215469059457,-0.003885572454783103,0.004989844711354418,0.0018516052858570343,0.003048322191307502,0.0002236776269670508,-0.0014708590647508077,-0.0032957292102232267,0.0002886536304743388,0.029824165401725843,0.0009044464512654748,0.003471096087772963,0.0013616526998272698,-0.0014211057932255692,0.00023212279172102806,0.00038638535824512345,0.006339142906621695,0.0005348310505178554,0.005766467996638474,-0.0023278824331328684,0.001290567030433709,-0.0009782017606308905,0.006541915694059455,-0.0006701375750147788,-0.004408262151971451,-0.0036791641575451024,-0.0027644872292474235,0.0005115901164010482,0.0038816674227091915,0.0009044464512654748,0.005856839369921854,0.003966497206194439,0.001714513698346933,0.0006087449489119855,-0.0002950463193350116,-0.0011399144768196867,-9.567102439363541e-5,-0.0007328459478259903,0.00032739991933699415,0.004064817296184608,0.00036221011997830243,-0.007361589192076863,0.012568184607064336,0.00267140589905988,-0.006286483227631007,-0.012073851239805852,-0.0007579552995168013,-0.0023292248225293887,0.005803284148251642,0.003471096087772963,0.003966497206194439,0.023016505153614662,0.0022509681282638153,0.00020921290449683183,0.0014870808712888121,-0.0011748970356359216,0.0023115128187238404,-0.003590780654185162,0.0038642930687582604,0.004459718281483711,-0.0014143009466984454,-0.0010645501296214243,0.0061291695286879045,0.0006677242397848048,-0.0023499653343190575,-0.0021635560954312585,-0.002652399335242049,-0.0010509579507492085,0.002288589290101309,0.0013616526998272698,0.001714513698346933,0.0022509681282638153,0.002989629165127335,-0.0006717432898596589,0.00012484016059103264,-0.0002899838005462425,0.002993179005311701,-0.0014812949939652636,0.003510474035300131,0.002995322616087479,0.005782302734316831,-0.004558502938062355,0.005601567463072672,-0.0001330324808159278,0.0006693583511280631,-0.0010118292893431073,0.007158563320491149,-0.00040233121055167675,-0.0024771788475039455,-0.0014211057932255692,0.0006087449489119855,0.00020921290449683183,-0.0006717432898596589,0.032440902182575795,0.0027880306086883145,0.00016640982374810758,-0.003613678224265806,-0.0025430378222332335,-0.005394837734340485,0.0062650763472341855,0.0013503111702504187,-0.0011245411371094839,0.0026117656753452123,-0.0009600011747305046,-0.00036852075860799104,-0.004008190009045351,-0.0012756136432194067,0.0002859905987178462,0.0008654307083883837,0.00023212279172102806,-0.0002950463193350116,0.0014870808712888121,0.00012484016059103264,0.0027880306086883145,0.006029434076473247,-0.0005657776727239169,-0.0027972401010353046,-0.0009221927283577058,0.008824873896981139,0.0044212503675289064,0.00028208114253546043,0.0014309529464441545,-0.0018311924908115092,0.00142204166061645,0.0021957700083816986,0.003736942226772637,0.0009936627523230994,-0.00016229419927863445,-0.0012696272178469243,0.00038638535824512345,-0.0011399144768196867,-0.0011748970356359216,-0.0002899838005462425,0.00016640982374810758,-0.0005657776727239169,0.0023661130399405357,0.0008988926496356141,0.0011286684752019013,-0.001365729295997267,-0.001949001019640581,-0.008653907343651561,0.0019126474027199932,0.004687546286462143,0.004298365252604913,0.0026359843431253025,0.005332756497011116,-0.0029563438345250785,-0.001615933873572644,0.0004517352844329184,0.006339142906621695,-9.567102439363541e-5,0.0023115128187238404,0.002993179005311701,-0.003613678224265806,-0.0027972401010353046,0.0008988926496356141,0.021606213364472993,-0.00033909971960959515,0.0012255947770737565,0.0007301659374914821,0.0009554361070211617,0.005276076521374889,-0.009475754826253794,-0.001886413262028774,0.00200270999409744,0.004241178498154815,0.0033666443808242305,0.0008297530991866331,-0.0027688139644538963,0.0005348310505178554,-0.0007328459478259903,-0.003590780654185162,-0.0014812949939652636,-0.0025430378222332335,-0.0009221927283577058,0.0011286684752019013,-0.00033909971960959515,0.010677927815996602,-0.004509359225703493,-0.005822759701186398,-0.002595722316157134,0.005016713703699802,0.014101566140351495,-0.0004539001716087677,0.0005415181439793097,-0.006752141996954282,-0.010052046048239225,-0.0012676254131972387,0.0022661984817724545,0.005766467996638474,0.00032739991933699415,0.0038642930687582604,0.003510474035300131,-0.005394837734340485,0.008824873896981139,-0.001365729295997267,0.0012255947770737565,-0.004509359225703493,0.06037923343852903,0.005981820180186011,9.418801131865677e-6,-0.005718290832111114,0.01709634005597389,0.001978357554842285,-0.0026681998535994776,-0.002948526243166947,-0.014175271327392524,0.003925099635637001,0.008889844869469227,-0.0023278824331328684,0.004064817296184608,0.004459718281483711,0.002995322616087479,0.0062650763472341855,0.0044212503675289064,-0.001949001019640581,0.0007301659374914821,-0.005822759701186398,0.005981820180186011,0.04438248135200906
