0.025659074570071404,0.014318445739842246,0.001929897048530076,0.004387533494090743,0.006040123614628971,0.0068400548485429424,0.023137257058990987,0.0008727987704907577,-0.0001228993937552898,0.003557869364756579,-0.004045148279427346,0.006382114660936866,0.00015244750815491908,0.008761929948343497,0.005238426259648927,0.0021986201922725933,-0.0017163194791695424,0.004397502930508399,0.013226470582349206,0.01929022595413755,0.014318445739842246,0.024361044174649675,0.00019820307083701056,0.007623022731537903,0.007118627862691622,0.006480177784201199,0.023130730143986897,-0.0006708099540203926,-0.0011020757177969231,0.002768763304293431,-0.0011534187180124765,0.006407948758553638,-0.002640802856970887,0.006478754155461743,0.003896865868445408,0.004608065290430029,-0.0041834491172424455,0.0035793159471838518,0.0127296638735118,0.009574315991792284,0.001929897048530076,0.00019820307083701056,0.0024666105602684147,-0.0014233316032548106,-5.082092450888194e-5,1.8185315505331702e-5,0.0020307159385932246,0.00038245921582763325,0.0014104948741254684,0.00030016936036009683,-0.000145920990364216,0.000353385708074869,0.0009444563678130146,0.0011753731404178284,0.0008036018204512413,0.003802827259891047,-8.095608757451429e-5,3.415391401880657e-6,7.015418979995225e-5,0.0007829892938154307,0.004387533494090743,0.007623022731537903,-0.0014233316032548106,0.011461648607271982,0.0052149641258727175,0.0032926613991492697,0.0114903786189634,0.0012151498671012437,0.0019505449988286767,0.002907094329811769,0.00863497773048263,0.0039919460972005424,-0.0018178239647478542,0.0011018944946043453,0.0012031947059711477,0.00030021996890341974,0.0009402048489214824,0.0019339196879294292,0.006269231448035191,0.00642427536734811,0.006040123614628971,0.007118627862691622,-5.082092450888194e-5,0.0052149641258727175,0.006361313086610033,0.0027146678896109054,0.015400495731372471,0.00030181609401874765,0.0006635818824421616,0.0013259469312154153,0.004714098566692727,0.0035636377749074617,-0.000750802295984998,0.0024932879706724507,0.0019742294338363497,0.0038265367577030975,-6.712850171628942e-5,0.0020345235619464363,0.005711864599472061,0.01183542923568617,0.0068400548485429424,0.006480177784201199,1.8185315505331702e-5,0.0032926613991492697,0.0027146678896109054,0.0053933904865029764,0.00791178437025876,-0.00013921220509746827,-0.0010038455660834923,0.0021228850186801353,-0.0005256432155121287,0.00196663201939159,-0.0005676979448719871,0.0016036915851217744,0.001877999551852967,-0.002192675085826575,-0.0011822891272659987,0.001681622987852093,0.007038830894271724,0.006891777030247683,0.023137257058990987,0.023130730143986897,0.0020307159385932246,0.0114903786189634,0.015400495731372471,0.00791178437025876,0.0808361732905726,0.0005445063082907147,0.004554778234627562,0.0027407692157248886,0.008667653835728166,0.011707560227498633,-0.004309670243889737,0.013022673223019032,0.006893663367129571,0.021648980876150407,-0.0008214280547769559,0.007202987052492985,0.01914981366791172,0.03762404320811008,0.0008727987704907577,-0.0006708099540203926,0.00038245921582763325,0.0012151498671012437,0.00030181609401874765,-0.00013921220509746827,0.0005445063082907147,0.003488273194264338,0.0017901437609925616,0.0004920810634722025,0.0030214109112152994,0.0011716138187202571,0.0016897557534802966,0.001261641700395211,0.0012321243099796815,0.0008364557077532033,0.0019314654316436243,0.00033816585263003805,-0.00034826927045637237,0.004627394310045961,-0.0001228993937552898,-0.0011020757177969231,0.0014104948741254684,0.0019505449988286767,0.0006635818824421616,-0.0010038455660834923,0.004554778234627562,0.0017901437609925616,0.011600135538037003,0.0017607136669484408,0.0078090421586427886,-0.0004929210680036239,0.000880546027283936,0.0002799531065264668,0.0004399559493550613,0.007968324900993442,0.0035986053922011027,0.00012754920702772978,-1.7303095895620624e-5,-0.00410884320209739,0.003557869364756579,0.002768763304293431,0.00030016936036009683,0.002907094329811769,0.0013259469312154153,0.0021228850186801353,0.0027407692157248886,0.0004920810634722025,0.0017607136669484408,0.00612254674133553,0.003471952621173161,0.0014017658191122738,0.0005206928001954415,-0.0009047862635341663,0.0013668762044777229,-0.000792953395321103,0.00022286562619512493,0.0003536270731730317,0.003010365199242875,0.0014736295784691295,-0.004045148279427346,-0.0011534187180124765,-0.000145920990364216,0.00863497773048263,0.004714098566692727,-0.0005256432155121287,0.008667653835728166,0.0030214109112152994,0.0078090421586427886,0.003471952621173161,0.04075004256365558,0.004563961729898768,0.0007525430759159342,-0.0024169882870601483,-0.00046903302868520785,0.008577492767555447,0.008529552719629354,-0.0007189795641522601,-0.0025326621437621565,0.016625834337419466,0.006382114660936866,0.006407948758553638,0.000353385708074869,0.0039919460972005424,0.0035636377749074617,0.00196663201939159,0.011707560227498633,0.0011716138187202571,-0.0004929210680036239,0.0014017658191122738,0.004563961729898768,0.010022157571638178,-0.00017112830955906883,0.005037423057568247,0.0013277530832073682,0.0017932090060586484,0.00179466781231497,0.00066502849223088,0.0037556475201800375,0.009434758858981795,0.00015244750815491908,-0.002640802856970887,0.0009444563678130146,-0.0018178239647478542,-0.000750802295984998,-0.0005676979448719871,-0.004309670243889737,0.0016897557534802966,0.000880546027283936,0.0005206928001954415,0.0007525430759159342,-0.00017112830955906883,0.008879581020606977,0.0016007702397199028,0.002044258926396647,-0.0008519401264602878,0.001162791829473938,-0.0005201272373744829,-0.002327125379872065,0.004907404689846991,0.008761929948343497,0.006478754155461743,0.0011753731404178284,0.0011018944946043453,0.0024932879706724507,0.0016036915851217744,0.013022673223019032,0.001261641700395211,0.0002799531065264668,-0.0009047862635341663,-0.0024169882870601483,0.005037423057568247,0.0016007702397199028,0.014925327825774229,0.002096216079580204,0.005722237221255857,-0.00043696807717574836,0.0010052493368846492,0.00527800868725565,0.012014521081277249,0.005238426259648927,0.003896865868445408,0.0008036018204512413,0.0012031947059711477,0.0019742294338363497,0.001877999551852967,0.006893663367129571,0.0012321243099796815,0.0004399559493550613,0.0013668762044777229,-0.00046903302868520785,0.0013277530832073682,0.002044258926396647,0.002096216079580204,0.007107747499276743,0.0006381620816777832,-0.0006100180417617885,0.0014489990934017675,0.0017320110319474936,0.006173734695707731,0.0021986201922725933,0.004608065290430029,0.003802827259891047,0.00030021996890341974,0.0038265367577030975,-0.002192675085826575,0.021648980876150407,0.0008364557077532033,0.007968324900993442,-0.000792953395321103,0.008577492767555447,0.0017932090060586484,-0.0008519401264602878,0.005722237221255857,0.0006381620816777832,0.030263685589684307,0.0015846544683552274,0.0005083420493026623,-0.0005967075706393314,0.007919035421953467,-0.0017163194791695424,-0.0041834491172424455,-8.095608757451429e-5,0.0009402048489214824,-6.712850171628942e-5,-0.0011822891272659987,-0.0008214280547769559,0.0019314654316436243,0.0035986053922011027,0.00022286562619512493,0.008529552719629354,0.00179466781231497,0.001162791829473938,-0.00043696807717574836,-0.0006100180417617885,0.0015846544683552274,0.008229257705444033,-4.541499308858891e-5,-0.0020497273867254168,0.0034456348678045968,0.004397502930508399,0.0035793159471838518,3.415391401880657e-6,0.0019339196879294292,0.0020345235619464363,0.001681622987852093,0.007202987052492985,0.00033816585263003805,0.00012754920702772978,0.0003536270731730317,-0.0007189795641522601,0.00066502849223088,-0.0005201272373744829,0.0010052493368846492,0.0014489990934017675,0.0005083420493026623,-4.541499308858891e-5,0.002638968019070195,0.003734439629933668,0.004938851951765877,0.013226470582349206,0.0127296638735118,7.015418979995225e-5,0.006269231448035191,0.005711864599472061,0.007038830894271724,0.01914981366791172,-0.00034826927045637237,-1.7303095895620624e-5,0.003010365199242875,-0.0025326621437621565,0.0037556475201800375,-0.002327125379872065,0.00527800868725565,0.0017320110319474936,-0.0005967075706393314,-0.0020497273867254168,0.003734439629933668,0.019997854715910427,0.010720472136557187,0.01929022595413755,0.009574315991792284,0.0007829892938154307,0.00642427536734811,0.01183542923568617,0.006891777030247683,0.03762404320811008,0.004627394310045961,-0.00410884320209739,0.0014736295784691295,0.016625834337419466,0.009434758858981795,0.004907404689846991,0.012014521081277249,0.006173734695707731,0.007919035421953467,0.0034456348678045968,0.004938851951765877,0.010720472136557187,0.08248500535279663
0.008969167907493239,0.00113518466040454,0.00013676144151416,0.0007023332275843737,-0.00020931752620992366,0.00043126632187903257,0.004184927500782927,0.00032489674774412397,-9.94559806858324e-6,0.0005887734539142655,0.0018344784554892904,-7.747055803798266e-5,0.0011141572548798873,0.0024106732361380504,-0.0003056445763832739,0.0012527246252471624,0.0011613195428676437,0.00010925262449453524,0.0019481353894028144,9.17991380228709e-5,0.00113518466040454,0.01494910197741273,0.000620879884502094,-0.0003875180563453853,4.75427876221312e-5,0.0006558001168875736,0.003826307420380386,0.0009728389969357839,-1.3139848527897156e-5,0.0009576586683479419,-9.802940360105947e-5,0.00031114543147596935,0.00033015990836767145,0.001152932907880241,-0.0015269679786349924,-0.0032093887655819365,0.0011969432885139426,-7.422601451204798e-5,-0.0005480321400014911,0.0006980159434632868,0.00013676144151416,0.000620879884502094,0.0020794326602039705,0.00035822840673446863,0.00018365697326459517,0.00010283324674836048,0.0006539000509639936,0.0003734670500560027,-0.0006961196086811968,0.00022791950810888327,0.0007439511878631216,-2.2450552992340264e-5,0.0005318376864619681,0.001355604361130699,-0.00019691437969353342,0.00020590741764315467,0.0005079877087934499,0.000182377509042304,0.0002309753904392975,0.0004493643578481858,0.0007023332275843737,-0.0003875180563453853,0.00035822840673446863,0.0043545493447306625,-0.00023891295599290905,-0.00014799029295578807,0.0013873622914229852,0.0007471458681691744,-0.0003204129191146231,-0.0002602380915923605,-0.00045953900288025226,-0.00031224947572596775,0.0005543003566141119,0.0004973866496203789,0.0004263503605851423,-8.838528870587113e-5,0.0009604874341595569,-0.00040000053064601613,0.0006710059916569702,0.0005240720155728728,-0.00020931752620992366,4.75427876221312e-5,0.00018365697326459517,-0.00023891295599290905,0.002033808565311781,0.00012957280436106912,0.0001934482822336906,0.0002821997665426345,0.0003476921370871326,0.00036746256798975553,0.0004388942400474911,2.4458649297983444e-5,0.00011110995522653429,0.0002888802798224624,0.0004977977999047336,-3.712304545285742e-5,0.00032162416802223757,2.519668053198924e-5,-0.000109239811560539,-0.0011183385401128888,0.00043126632187903257,0.0006558001168875736,0.00010283324674836048,-0.00014799029295578807,0.00012957280436106912,0.0019464213103701604,0.000637142090657743,0.00012769498617980047,0.0001961872995829952,2.4599181388262455e-5,0.0002181017071960315,0.0004849173011660104,0.0003496419148491135,0.0009117097359711054,0.00010698093969556813,0.00013443093797945062,9.708312155088739e-6,0.00019280486832184317,-0.00024130274096369463,0.00019219291721726622,0.004184927500782927,0.003826307420380386,0.0006539000509639936,0.0013873622914229852,0.0001934482822336906,0.000637142090657743,0.03456782686934822,-0.001128105984220465,0.00019016172117586878,0.0004787569984502262,0.00020727020452358493,-0.0011135685804995938,0.001972179961227412,0.0031473004848223103,-0.0013119331923993828,-0.0003859782337180222,0.003065930326255794,-0.00021197887151291209,0.0011679137214007285,-0.0015929835129000391,0.00032489674774412397,0.0009728389969357839,0.0003734670500560027,0.0007471458681691744,0.0002821997665426345,0.00012769498617980047,-0.001128105984220465,0.003149097751992958,-0.00011228975069606698,0.0001839160910242057,0.0007410468343642485,0.0002367119916968321,0.0006409570373116407,0.0008196931818755724,0.000553968592424616,0.00016442863218632612,0.0007868000546396558,-0.00018413866929604353,0.0011244109858139202,0.0010589080668849385,-9.94559806858324e-6,-1.3139848527897156e-5,-0.0006961196086811968,-0.0003204129191146231,0.0003476921370871326,0.0001961872995829952,0.00019016172117586878,-0.00011228975069606698,0.007433524538947811,-0.00028384794772299063,-0.0008788244253053528,0.001497734516129087,-0.00036650692444236993,-0.0004574742124668111,0.000316649140931464,0.0010340143332014497,-0.0009637083363416216,-8.230574356685939e-5,-0.001697707929697537,0.0007384734656706116,0.0005887734539142655,0.0009576586683479419,0.00022791950810888327,-0.0002602380915923605,0.00036746256798975553,2.4599181388262455e-5,0.0004787569984502262,0.0001839160910242057,-0.00028384794772299063,0.0054172154336268605,0.0006901043556794843,0.0002727025646218947,0.0006461794361917979,0.0010973930881413517,0.0005676892886760243,0.0009764890549000202,0.000508780795610059,0.00026128161164819523,0.0005908369763723639,-0.0005165801289591584,0.0018344784554892904,-9.802940360105947e-5,0.0007439511878631216,-0.00045953900288025226,0.0004388942400474911,0.0002181017071960315,0.00020727020452358493,0.0007410468343642485,-0.0008788244253053528,0.0006901043556794843,0.015409649156131935,-0.0006906233625482289,0.0014064923621862862,0.003361489324032853,0.0008277268153095797,0.0011762782976908826,0.0001027273287291734,1.709046960950939e-6,0.001997753378594573,0.00030833342007202446,-7.747055803798266e-5,0.00031114543147596935,-2.2450552992340264e-5,-0.00031224947572596775,2.4458649297983444e-5,0.0004849173011660104,-0.0011135685804995938,0.0002367119916968321,0.001497734516129087,0.0002727025646218947,-0.0006906233625482289,0.008092426981849988,0.0006133906683796139,-0.0003775807565622581,0.0009690695234958873,0.00019277733697779006,-0.00031475346292055993,0.0008584438449174517,0.0006475119229838574,0.0005120675891091449,0.0011141572548798873,0.00033015990836767145,0.0005318376864619681,0.0005543003566141119,0.00011110995522653429,0.0003496419148491135,0.001972179961227412,0.0006409570373116407,-0.00036650692444236993,0.0006461794361917979,0.0014064923621862862,0.0006133906683796139,0.008757434111476826,0.0019780751151970157,0.0008576161130891791,0.0013424357027485563,0.00018973116161249227,0.0007522353060448023,0.0014644878703076272,-8.138866219934663e-5,0.0024106732361380504,0.001152932907880241,0.001355604361130699,0.0004973866496203789,0.0002888802798224624,0.0009117097359711054,0.0031473004848223103,0.0008196931818755724,-0.0004574742124668111,0.0010973930881413517,0.003361489324032853,-0.0003775807565622581,0.0019780751151970157,0.011629121002637747,0.0002723239471839532,0.0013740403229271082,0.001533213501829924,0.0006360272788928701,0.0020145531298031713,0.0002127574615012375,-0.0003056445763832739,-0.0015269679786349924,-0.00019691437969353342,0.0004263503605851423,0.0004977977999047336,0.00010698093969556813,-0.0013119331923993828,0.000553968592424616,0.000316649140931464,0.0005676892886760243,0.0008277268153095797,0.0009690695234958873,0.0008576161130891791,0.0002723239471839532,0.00635140550196616,0.0008929328540029716,0.0005672099561357489,-0.00010776464313053371,0.0025861903283416255,0.0008606009217587019,0.0012527246252471624,-0.0032093887655819365,0.00020590741764315467,-8.838528870587113e-5,-3.712304545285742e-5,0.00013443093797945062,-0.0003859782337180222,0.00016442863218632612,0.0010340143332014497,0.0009764890549000202,0.0011762782976908826,0.00019277733697779006,0.0013424357027485563,0.0013740403229271082,0.0008929328540029716,0.014015256637147134,-0.0006136915947489578,0.000711978911218412,0.0014155662325915403,0.0016359777124283891,0.0011613195428676437,0.0011969432885139426,0.0005079877087934499,0.0009604874341595569,0.00032162416802223757,9.708312155088739e-6,0.003065930326255794,0.0007868000546396558,-0.0009637083363416216,0.000508780795610059,0.0001027273287291734,-0.00031475346292055993,0.00018973116161249227,0.001533213501829924,0.0005672099561357489,-0.0006136915947489578,0.006206760858833454,-0.00012251034463335982,0.0018399171463421896,-0.000653411781322644,0.00010925262449453524,-7.422601451204798e-5,0.000182377509042304,-0.00040000053064601613,2.519668053198924e-5,0.00019280486832184317,-0.00021197887151291209,-0.00018413866929604353,-8.230574356685939e-5,0.00026128161164819523,1.709046960950939e-6,0.0008584438449174517,0.0007522353060448023,0.0006360272788928701,-0.00010776464313053371,0.000711978911218412,-0.00012251034463335982,0.0015474630812816526,0.0005935152292059632,0.0007347482158776233,0.0019481353894028144,-0.0005480321400014911,0.0002309753904392975,0.0006710059916569702,-0.000109239811560539,-0.00024130274096369463,0.0011679137214007285,0.0011244109858139202,-0.001697707929697537,0.0005908369763723639,0.001997753378594573,0.0006475119229838574,0.0014644878703076272,0.0020145531298031713,0.0025861903283416255,0.0014155662325915403,0.0018399171463421896,0.0005935152292059632,0.01369174721859592,0.0026251735992642985,9.17991380228709e-5,0.0006980159434632868,0.0004493643578481858,0.0005240720155728728,-0.0011183385401128888,0.00019219291721726622,-0.0015929835129000391,0.0010589080668849385,0.0007384734656706116,-0.0005165801289591584,0.00030833342007202446,0.0005120675891091449,-8.138866219934663e-5,0.0002127574615012375,0.0008606009217587019,0.0016359777124283891,-0.000653411781322644,0.0007347482158776233,0.0026251735992642985,0.023999167450534396
