0.01755502178738682,-0.0009175775926780069,0.0008694455956579196,9.078600796512472e-5,0.000319079710394518,0.0011346778049593107,-0.0015144064952909639,0.0031080658467479063,0.0007149361974181025,0.00015753216368886468,0.00011847623295879007,0.0003268908476751862,0.0001763301984308998,0.002213944866059861,0.0017297917599890127,-0.00047025492178391366,0.0007749014666513579,0.0011048120473601578,-0.0003276632261625709,0.0005425028689882855,-0.0009175775926780069,0.008104761511747135,-0.0005759634382242886,0.00029332223656976914,0.0010924867464484891,3.013999619021979e-5,0.001243317019044782,0.0007965572991001533,0.0014360761218316248,0.001140016665630711,0.0005086787749398922,0.0004968531972312838,0.0006175266977210237,-0.0007738798553683065,0.0005028752845525103,0.00034080466779525843,-3.3096646003867304e-6,0.0011610517499677246,0.0014149070100360284,0.00043967592601487,0.0008694455956579196,-0.0005759634382242886,0.002598301020582219,0.0003165955504524589,0.00014223595698654103,0.0006610303383812542,-0.000371608201330167,0.0006764544398236126,0.00019917235775999037,0.0008321307003461647,-0.00018671380137003337,0.0003184814764256024,0.0002588821583389449,-4.887308899391887e-6,-0.00011966965643114236,0.00020695751568439234,0.0001291827257139788,-3.588228168681234e-5,0.0003300594965747646,-1.4792475413325162e-5,9.078600796512472e-5,0.00029332223656976914,0.0003165955504524589,0.006524805188755557,0.00036377643435968354,-5.8183549242256915e-5,0.0015665437669556085,0.00035749383210726104,0.0012469709833293114,0.0015389951229315062,0.00030839603983168077,0.0013393650017124014,0.0005415950992162279,0.0003087297128978992,0.0006883473514210936,0.0006016713075529842,-0.00027110983299093844,0.00012537276996720653,0.0009101108727345526,-4.184492944896054e-5,0.000319079710394518,0.0010924867464484891,0.00014223595698654103,0.00036377643435968354,0.003331193284260088,-0.00020780363430978997,0.0006345700784100069,0.0012465541561685557,0.0001318881585419725,0.0003570098120040604,0.0002404350383860367,0.0003197264596746414,0.00026744273458392776,-0.0001461585269325979,0.00046573287200484843,0.000484292821690591,7.655424670979704e-5,0.0007687237667812607,0.0002488927270687987,0.00027456489271236284,0.0011346778049593107,3.013999619021979e-5,0.0006610303383812542,-5.8183549242256915e-5,-0.00020780363430978997,0.004161626796758331,0.00034048404094616,0.0005604809254525082,0.0007999999969873861,0.0007777669992830434,0.0001452321870713911,0.00011197619882433995,3.137790244052012e-5,0.0005483992929747952,-9.356996685754137e-5,0.00012441342637808326,0.00034216360986496824,-0.0003795356482364971,4.5926137890110185e-5,2.1122817520229297e-5,-0.0015144064952909639,0.001243317019044782,-0.000371608201330167,0.0015665437669556085,0.0006345700784100069,0.00034048404094616,0.009998570092877654,0.000452627855615547,0.0023520018535097133,0.003636671809574314,0.0006384991025535529,0.0018228915235089837,0.0007458520664021071,0.00037979394150009193,0.0008001538478270128,0.0007352009120368751,0.0012815233091426884,0.0010851943806897114,0.0015184508089964213,0.0006325280738555968,0.0031080658467479063,0.0007965572991001533,0.0006764544398236126,0.00035749383210726104,0.0012465541561685557,0.0005604809254525082,0.000452627855615547,0.015691150231869472,0.0024083819069927845,0.0011865250345417713,0.0004882028944113324,0.0015180812371479334,0.0002985826400702682,0.00026746981560885974,0.0006292774795053645,6.0766132364910727e-5,0.0018492428745583486,0.0010917820731945367,0.0020503450445227816,0.001101400659145396,0.0007149361974181025,0.0014360761218316248,0.00019917235775999037,0.0012469709833293114,0.0001318881585419725,0.0007999999969873861,0.0023520018535097133,0.0024083819069927845,0.021654831967284034,0.003265612323135967,0.0008431987069200469,0.0007169063507503476,2.4203912177520047e-5,-0.00037568990570995947,-0.00015683856277082635,0.0005160179691937373,0.0007257424500986606,0.0007719674233456338,0.0016426051392754509,0.0005711981172514977,0.00015753216368886468,0.001140016665630711,0.0008321307003461647,0.0015389951229315062,0.0003570098120040604,0.0007777669992830434,0.003636671809574314,0.0011865250345417713,0.003265612323135967,0.016815114437084916,0.0004823308905035769,0.0013035531342372167,0.0009947353538482255,0.0008261569839807502,0.0007501794317445579,0.0007044151000347753,0.0015157487148429634,0.0010697685972770278,0.00043702856615501296,0.00020498696626628684,0.00011847623295879007,0.0005086787749398922,-0.00018671380137003337,0.00030839603983168077,0.0002404350383860367,0.0001452321870713911,0.0006384991025535529,0.0004882028944113324,0.0008431987069200469,0.0004823308905035769,0.001415910920915804,0.0005772284608620351,-1.5205786212557524e-6,0.0001632419166018206,0.00019786576101767886,0.0002663999622181394,7.740653615437686e-5,0.0004109777966391049,0.0004822200158482824,3.122346903803142e-5,0.0003268908476751862,0.0004968531972312838,0.0003184814764256024,0.0013393650017124014,0.0003197264596746414,0.00011197619882433995,0.0018228915235089837,0.0015180812371479334,0.0007169063507503476,0.0013035531342372167,0.0005772284608620351,0.008549974476680875,0.0009167248641684632,0.00014724354778531583,0.0003637179693265124,0.0002714802454325049,0.00160185758293862,0.00036776311938562623,0.002040687163053534,0.0002665129122209047,0.0001763301984308998,0.0006175266977210237,0.0002588821583389449,0.0005415950992162279,0.00026744273458392776,3.137790244052012e-5,0.0007458520664021071,0.0002985826400702682,2.4203912177520047e-5,0.0009947353538482255,-1.5205786212557524e-6,0.0009167248641684632,0.003059687931556739,0.0002225490715528898,2.844047763615774e-5,0.0003488119539066045,0.000910958870589153,0.0007660728235771761,-0.00012377036820515093,-0.00019046597660173978,0.002213944866059861,-0.0007738798553683065,-4.887308899391887e-6,0.0003087297128978992,-0.0001461585269325979,0.0005483992929747952,0.00037979394150009193,0.00026746981560885974,-0.00037568990570995947,0.0008261569839807502,0.0001632419166018206,0.00014724354778531583,0.0002225490715528898,0.006396294864903644,0.00034253697435256147,0.0002199102500839086,-0.00018304094213072167,-0.00035853009337391794,-1.1726231025732501e-5,-5.712037197473051e-5,0.0017297917599890127,0.0005028752845525103,-0.00011966965643114236,0.0006883473514210936,0.00046573287200484843,-9.356996685754137e-5,0.0008001538478270128,0.0006292774795053645,-0.00015683856277082635,0.0007501794317445579,0.00019786576101767886,0.0003637179693265124,2.844047763615774e-5,0.00034253697435256147,0.0042757524621228815,0.00023541966305580376,-0.00022498404530421132,0.0009933872518009174,-0.00030130599101258523,0.00013530768766879987,-0.00047025492178391366,0.00034080466779525843,0.00020695751568439234,0.0006016713075529842,0.000484292821690591,0.00012441342637808326,0.0007352009120368751,6.0766132364910727e-5,0.0005160179691937373,0.0007044151000347753,0.0002663999622181394,0.0002714802454325049,0.0003488119539066045,0.0002199102500839086,0.00023541966305580376,0.0032181381826210777,0.00036790159995375076,0.00016269889832103002,0.00045951955209759554,1.8115096469780666e-5,0.0007749014666513579,-3.3096646003867304e-6,0.0001291827257139788,-0.00027110983299093844,7.655424670979704e-5,0.00034216360986496824,0.0012815233091426884,0.0018492428745583486,0.0007257424500986606,0.0015157487148429634,7.740653615437686e-5,0.00160185758293862,0.000910958870589153,-0.00018304094213072167,-0.00022498404530421132,0.00036790159995375076,0.013295630869159787,-0.00017055140402835723,0.0013089573128584934,0.00030135705464720346,0.0011048120473601578,0.0011610517499677246,-3.588228168681234e-5,0.00012537276996720653,0.0007687237667812607,-0.0003795356482364971,0.0010851943806897114,0.0010917820731945367,0.0007719674233456338,0.0010697685972770278,0.0004109777966391049,0.00036776311938562623,0.0007660728235771761,-0.00035853009337391794,0.0009933872518009174,0.00016269889832103002,-0.00017055140402835723,0.006112247570353448,0.00013777495639760175,0.00010599600249821944,-0.0003276632261625709,0.0014149070100360284,0.0003300594965747646,0.0009101108727345526,0.0002488927270687987,4.5926137890110185e-5,0.0015184508089964213,0.0020503450445227816,0.0016426051392754509,0.00043702856615501296,0.0004822200158482824,0.002040687163053534,-0.00012377036820515093,-1.1726231025732501e-5,-0.00030130599101258523,0.00045951955209759554,0.0013089573128584934,0.00013777495639760175,0.00796686990811833,0.00031281088375979436,0.0005425028689882855,0.00043967592601487,-1.4792475413325162e-5,-4.184492944896054e-5,0.00027456489271236284,2.1122817520229297e-5,0.0006325280738555968,0.001101400659145396,0.0005711981172514977,0.00020498696626628684,3.122346903803142e-5,0.0002665129122209047,-0.00019046597660173978,-5.712037197473051e-5,0.00013530768766879987,1.8115096469780666e-5,0.00030135705464720346,0.00010599600249821944,0.00031281088375979436,0.0018288060786216223
