0.011659098595004278,0.0020736476475856935,0.01643749711915574,-0.00174637685324287,0.0025930093254207995,0.0003945767028983193,-0.003409604164178925,0.004563096955281787,0.0006114939035769903,-0.001342153520795396,-0.0006554231263820099,-0.0008852193239654003,0.0011337903930215623,-0.0005134628881168078,-0.0002103413015483379,-0.0013139101026187175,0.0035295938324766364,0.0004982486420320577,0.001890253163361018,-0.0027450983291098918,0.0020736476475856935,0.013090576333918767,-0.015181362677658673,0.0032191570302240774,-0.006477459445786082,0.00020199291158008465,0.016162019779421517,-0.000586796717729062,0.013777440850735494,0.0030443993244170693,0.002709204365442792,-0.0026288445362707196,0.0021868662796554446,0.013101273861136433,0.0024980022605733043,-0.0009634987643094607,-0.003208637608573094,0.0005339930349395103,-0.002527186299038744,-0.0048314800187960125,0.01643749711915574,-0.015181362677658673,0.14811565848529384,-0.017980247762839484,0.04486993098552853,0.005281575470587867,-0.07813660520083428,0.018991281477771065,-0.014578069608898795,-0.008743580194283052,-0.005691494759022654,0.009980670717559635,0.027598341901468156,-0.034944164455216656,-0.01168400409392574,-0.00033039842050728956,0.026612334844397748,-0.0027863337346093944,0.008254290201009797,0.011421053788923547,-0.00174637685324287,0.0032191570302240774,-0.017980247762839484,0.04362309092086736,-0.006880988888523689,-0.0033170350859369987,0.008859249395588211,-0.0024126353956039435,0.015309219538011103,0.0010706583655874802,-0.0039037528784929216,-0.0018917906868173985,-0.004623990572333541,0.014603640125595141,0.0004972265587683788,0.0018406408988964206,-0.0020534040094008985,0.004926090042988033,0.00404801374987667,-0.002401603035533907,0.0025930093254207995,-0.006477459445786082,0.04486993098552853,-0.006880988888523689,0.0375124662070064,0.0025552435713902884,-0.023003291633793926,0.006353649103336961,-0.007289169221309689,-0.004348627873014257,-0.0015694678118016708,0.003991256258456098,0.007839534690825604,-0.014452030810851254,-0.005033618422819272,-0.0009348625394212664,0.009063576414233183,-0.0008050196783474179,0.005584859318019237,0.005237599834691299,0.0003945767028983193,0.00020199291158008465,0.005281575470587867,-0.0033170350859369987,0.0025552435713902884,0.0034414914949903903,-0.0036889361356033635,0.0006638036848636479,-0.001177382652388189,0.001106608922536854,0.00015644909177749437,0.00010385170592258928,0.0010880448927936188,-0.0013708675624214527,0.00016944013438768076,-4.5115780993349233e-5,0.0008284317306514117,-0.00017634652110142855,-0.0015106714049848732,0.0009137760707635366,-0.003409604164178925,0.016162019779421517,-0.07813660520083428,0.008859249395588211,-0.023003291633793926,-0.0036889361356033635,0.07658607591220225,-0.008581508857073511,0.018072043914461752,0.0039156907742762745,0.008260261787582168,-0.009376495745303928,-0.01382904945865178,0.030561556199168862,0.007159340539860568,-0.0019832351763112537,-0.016448109483072362,0.005179486049192952,0.005496995889065776,-0.014169821850305566,0.004563096955281787,-0.000586796717729062,0.018991281477771065,-0.0024126353956039435,0.006353649103336961,0.0006638036848636479,-0.008581508857073511,0.0050960722793603475,-0.0010804589717918226,-0.0020980557653304237,-0.0005438389467122615,0.0002674651117653361,0.002008383455600892,-0.00275359382402832,-0.00163639491266301,-0.0004414227391503407,0.003937112213527463,1.1000520130814229e-5,0.003701852877021964,0.0005052823836056608,0.0006114939035769903,0.013777440850735494,-0.014578069608898795,0.015309219538011103,-0.007289169221309689,-0.001177382652388189,0.018072043914461752,-0.0010804589717918226,0.03994693105420975,0.003774337412207008,0.0020297100846654883,-0.004175317517969283,0.006216984751748883,0.024070544756990657,-0.0003640603699831715,0.00021988049624961398,-0.003655333929269441,0.0024909912724894647,-0.0026441293248284058,-0.00444957263433024,-0.001342153520795396,0.0030443993244170693,-0.008743580194283052,0.0010706583655874802,-0.004348627873014257,0.001106608922536854,0.0039156907742762745,-0.0020980557653304237,0.003774337412207008,0.004589937058445942,0.00022306576305569187,0.0007265054433045603,0.0015456497296582263,0.0033605196789211114,0.0025243689857828047,-9.443022954839443e-5,-0.001214015307083177,-0.0007995496638984448,-0.0040029636391521375,-0.0011601245982557626,-0.0006554231263820099,0.002709204365442792,-0.005691494759022654,-0.0039037528784929216,-0.0015694678118016708,0.00015644909177749437,0.008260261787582168,-0.0005438389467122615,0.0020297100846654883,0.00022306576305569187,0.006026509873273619,-0.000787781997343754,0.0031718269541904636,0.00428482069092318,0.0007045974364619707,-0.0005458446317194095,-0.00222475798093346,-0.0012372580537035724,0.0024458634871701835,-0.0003118319970502357,-0.0008852193239654003,-0.0026288445362707196,0.009980670717559635,-0.0018917906868173985,0.003991256258456098,0.00010385170592258928,-0.009376495745303928,0.0002674651117653361,-0.004175317517969283,0.0007265054433045603,-0.000787781997343754,0.010726432933106572,0.005646635105372611,-0.0054452218840219035,0.0017762601905433923,0.00045585162701736106,0.003269083507702832,-0.0008331032624562561,-0.0009676608089179519,0.001568490973228229,0.0011337903930215623,0.0021868662796554446,0.027598341901468156,-0.004623990572333541,0.007839534690825604,0.0010880448927936188,-0.01382904945865178,0.002008383455600892,0.006216984751748883,0.0015456497296582263,0.0031718269541904636,0.005646635105372611,0.04267611734263737,-0.0046081429617662074,-0.002834423332033598,0.0011796841170190525,0.005376776271844579,-0.004460965021663467,-0.0003736216599315228,0.003867646181754255,-0.0005134628881168078,0.013101273861136433,-0.034944164455216656,0.014603640125595141,-0.014452030810851254,-0.0013708675624214527,0.030561556199168862,-0.00275359382402832,0.024070544756990657,0.0033605196789211114,0.00428482069092318,-0.0054452218840219035,-0.0046081429617662074,0.03482670641243381,0.0022601184006442584,0.0004118852882852918,-0.007970842310258491,0.00284800056143519,-2.9913316852039733e-5,-0.004743112629587895,-0.0002103413015483379,0.0024980022605733043,-0.01168400409392574,0.0004972265587683788,-0.005033618422819272,0.00016944013438768076,0.007159340539860568,-0.00163639491266301,-0.0003640603699831715,0.0025243689857828047,0.0007045974364619707,0.0017762601905433923,-0.002834423332033598,0.0022601184006442584,0.007410765915761914,-0.0005484913852758412,-0.0011138988486744383,-0.0009271971084985774,-0.0021897298940464147,-0.002106981082129529,-0.0013139101026187175,-0.0009634987643094607,-0.00033039842050728956,0.0018406408988964206,-0.0009348625394212664,-4.5115780993349233e-5,-0.0019832351763112537,-0.0004414227391503407,0.00021988049624961398,-9.443022954839443e-5,-0.0005458446317194095,0.00045585162701736106,0.0011796841170190525,0.0004118852882852918,-0.0005484913852758412,0.0019269646401373073,5.4109165878726546e-5,0.00020125700911578957,-0.0005213171688811351,0.001686860110892184,0.0035295938324766364,-0.003208637608573094,0.026612334844397748,-0.0020534040094008985,0.009063576414233183,0.0008284317306514117,-0.016448109483072362,0.003937112213527463,-0.003655333929269441,-0.001214015307083177,-0.00222475798093346,0.003269083507702832,0.005376776271844579,-0.007970842310258491,-0.0011138988486744383,5.4109165878726546e-5,0.006775509976363019,-0.0010101516929705693,0.0012070575171344012,0.002474328325884866,0.0004982486420320577,0.0005339930349395103,-0.0027863337346093944,0.004926090042988033,-0.0008050196783474179,-0.00017634652110142855,0.005179486049192952,1.1000520130814229e-5,0.0024909912724894647,-0.0007995496638984448,-0.0012372580537035724,-0.0008331032624562561,-0.004460965021663467,0.00284800056143519,-0.0009271971084985774,0.00020125700911578957,-0.0010101516929705693,0.006821098770754465,0.0027603470124742888,-0.001801684047190226,0.001890253163361018,-0.002527186299038744,0.008254290201009797,0.00404801374987667,0.005584859318019237,-0.0015106714049848732,0.005496995889065776,0.003701852877021964,-0.0026441293248284058,-0.0040029636391521375,0.0024458634871701835,-0.0009676608089179519,-0.0003736216599315228,-2.9913316852039733e-5,-0.0021897298940464147,-0.0005213171688811351,0.0012070575171344012,0.0027603470124742888,0.023978413741265053,-0.00043104105985110634,-0.0027450983291098918,-0.0048314800187960125,0.011421053788923547,-0.002401603035533907,0.005237599834691299,0.0009137760707635366,-0.014169821850305566,0.0005052823836056608,-0.00444957263433024,-0.0011601245982557626,-0.0003118319970502357,0.001568490973228229,0.003867646181754255,-0.004743112629587895,-0.002106981082129529,0.001686860110892184,0.002474328325884866,-0.001801684047190226,-0.00043104105985110634,0.00749057860880115
0.011949245269925815,-0.0050050291421543875,-0.006573960032127303,-0.010623820437794773,-0.005217325473914122,0.0005659850341323462,0.004165412783286594,-0.0017291638510874574,0.011816028473330895,0.0005941848209641009,-0.0010912216794436754,-0.0006313104624086885,-0.011489107172691023,0.008944007279080193,0.00011382385332651154,0.0004160058295290729,-0.000705531518905592,0.00028496492565434003,-0.0007346563330775265,0.004339717802372682,-0.0050050291421543875,0.01002003021680532,0.006479447972243908,0.0023149638077272685,0.008586896878158815,0.00043442162730427086,-0.0016933888698747422,-0.0009834402712693862,-0.003803009606108745,0.0012624558420471182,0.00010037496846484833,0.00013590935164549254,0.007850572402834509,-0.004062534082089623,-0.0005773239336500165,-0.000848786497302469,0.0018429787121373618,0.00035040842032800566,0.001125479091877375,-0.0022883852048355023,-0.006573960032127303,0.006479447972243908,0.04984045721620524,0.017987809009163913,0.005596124724316039,0.0007886850476794977,-0.005274491394911105,0.005981610663135271,-0.0217424541429848,0.003794432416682529,0.0023372101599218728,0.0005749238018864631,0.03841860358072339,-0.01432582192477046,0.004705728731721087,0.004762726122611027,-0.0029103587446206907,0.0022817543191925426,-0.002999577876057263,-0.0078489319218569,-0.010623820437794773,0.0023149638077272685,0.017987809009163913,0.04671952569852148,0.003551955330997011,-0.0003064929732775434,-0.0076701124374307,0.006737468682992747,-0.01841442301251686,0.0006563806263334515,0.0027781600694808126,0.0012200467844436787,0.02071465999430161,-0.012936238643266526,0.0029188142149189546,0.0011271252068755376,-0.0007044474431426094,0.0004001963472347113,-0.0004537413642724322,-0.005022255426748999,-0.005217325473914122,0.008586896878158815,0.005596124724316039,0.003551955330997011,0.03560866313318154,0.0009156723348122317,0.0006898268991871309,-0.001271249644300066,-0.007169046699699642,0.0011025647701896168,-0.00013108861422575082,-0.0020755846790661957,0.007140461510502317,-0.001880447122727899,-0.0037062946351715115,0.00015847607280015848,0.0006846123702358531,0.0022357447441552648,-0.0015339083207483286,-0.0031783430950250344,0.0005659850341323462,0.00043442162730427086,0.0007886850476794977,-0.0003064929732775434,0.0009156723348122317,0.003963973733645215,-0.0004987765157188932,-0.002608431033354476,0.004097737451595328,0.0005649006441798922,-0.00013323144208735385,0.000739718249465296,-0.00361615730999544,0.0013140854982814723,4.6618461322991424e-6,-0.000431591221030705,0.0015095654335932304,0.00034491988557685345,0.003018324392028964,0.0014462183191159416,0.004165412783286594,-0.0016933888698747422,-0.005274491394911105,-0.0076701124374307,0.0006898268991871309,-0.0004987765157188932,0.026808701082302003,-0.001243013179215696,0.015135908173411757,-0.00019190447616290008,-0.0043467559388981,0.006724158057343525,-0.008121265515886947,0.007740697697810784,0.0008366947893255328,-0.0004117551496092916,0.0003634754216278774,0.0019720200925000004,0.0018777292923293284,0.002978387909414392,-0.0017291638510874574,-0.0009834402712693862,0.005981610663135271,0.006737468682992747,-0.001271249644300066,-0.002608431033354476,-0.001243013179215696,0.006438676091507652,-0.008213752204589416,8.360234811718458e-6,0.000729014694120245,-0.0005408489902698216,0.010210177466261487,-0.005434230325887549,0.0021050522377092946,0.001549844718463731,-0.002667955836343971,0.00024345262503830387,-0.0038461347161599917,-0.0027846243241451364,0.011816028473330895,-0.003803009606108745,-0.0217424541429848,-0.01841442301251686,-0.007169046699699642,0.004097737451595328,0.015135908173411757,-0.008213752204589416,0.04949238932643804,0.0015423026975663581,-0.004768252138540253,0.007439603696061504,-0.03465892820563447,0.018289106090618554,0.0008222508601508955,-0.0034669465749045184,0.005518165478139766,7.571748753839643e-5,0.00901059400973813,0.011544278107206962,0.0005941848209641009,0.0012624558420471182,0.003794432416682529,0.0006563806263334515,0.0011025647701896168,0.0005649006441798922,-0.00019190447616290008,8.360234811718458e-6,0.0015423026975663581,0.0034536741715959943,-0.00013958701859569328,0.0005658911425834233,0.0007752530704661606,-0.00044265862384030186,0.0003942954154370541,-8.64971147899552e-5,0.0004220176658531502,-0.0008356888608383351,0.002136179745274554,0.0003074101033596401,-0.0010912216794436754,0.00010037496846484833,0.0023372101599218728,0.0027781600694808126,-0.00013108861422575082,-0.00013323144208735385,-0.0043467559388981,0.000729014694120245,-0.004768252138540253,-0.00013958701859569328,0.0038343737286102627,-0.0023096613706578926,0.0021880350971849086,-0.0015621665307451117,-4.6218850041102174e-5,2.8985891710412203e-5,-3.729520146257579e-5,5.4861106424017726e-5,0.0007295694495023999,-0.0007868998165912766,-0.0006313104624086885,0.00013590935164549254,0.0005749238018864631,0.0012200467844436787,-0.0020755846790661957,0.000739718249465296,0.006724158057343525,-0.0005408489902698216,0.007439603696061504,0.0005658911425834233,-0.0023096613706578926,0.010555563184761033,0.0018805071809314651,0.001637619065604696,0.002486140739236647,4.369198205951235e-5,0.0013199206857353878,0.001112370642162997,0.002878384128456997,0.0008572520140011617,-0.011489107172691023,0.007850572402834509,0.03841860358072339,0.02071465999430161,0.007140461510502317,-0.00361615730999544,-0.008121265515886947,0.010210177466261487,-0.03465892820563447,0.0007752530704661606,0.0021880350971849086,0.0018805071809314651,0.07536424248556577,-0.023812071847746683,0.004794343806493701,0.006544556986005964,-0.004967722996939072,0.004317665026003101,-0.007395317368624748,-0.014894762726455023,0.008944007279080193,-0.004062534082089623,-0.01432582192477046,-0.012936238643266526,-0.001880447122727899,0.0013140854982814723,0.007740697697810784,-0.005434230325887549,0.018289106090618554,-0.00044265862384030186,-0.0015621665307451117,0.001637619065604696,-0.023812071847746683,0.02390650898366553,-0.0033485567594978747,-0.0017819197210570121,0.0011498795517332567,0.001871363426668497,0.0008683161011912607,0.006766590463085215,0.00011382385332651154,-0.0005773239336500165,0.004705728731721087,0.0029188142149189546,-0.0037062946351715115,4.6618461322991424e-6,0.0008366947893255328,0.0021050522377092946,0.0008222508601508955,0.0003942954154370541,-4.6218850041102174e-5,0.002486140739236647,0.004794343806493701,-0.0033485567594978747,0.00698654383931085,0.0015044141682556463,-0.00036340261147512317,0.0006495775047363061,0.0009038829050238854,-0.0008101015858808839,0.0004160058295290729,-0.000848786497302469,0.004762726122611027,0.0011271252068755376,0.00015847607280015848,-0.000431591221030705,-0.0004117551496092916,0.001549844718463731,-0.0034669465749045184,-8.64971147899552e-5,2.8985891710412203e-5,4.369198205951235e-5,0.006544556986005964,-0.0017819197210570121,0.0015044141682556463,0.002800701445762549,-0.0016727474347276975,0.0011302829630427643,-0.0017446105457989097,-0.0012757268664236568,-0.000705531518905592,0.0018429787121373618,-0.0029103587446206907,-0.0007044474431426094,0.0006846123702358531,0.0015095654335932304,0.0003634754216278774,-0.002667955836343971,0.005518165478139766,0.0004220176658531502,-3.729520146257579e-5,0.0013199206857353878,-0.004967722996939072,0.0011498795517332567,-0.00036340261147512317,-0.0016727474347276975,0.003453371095138635,-0.0001917310260816072,0.0035792208890526858,0.001445720011295215,0.00028496492565434003,0.00035040842032800566,0.0022817543191925426,0.0004001963472347113,0.0022357447441552648,0.00034491988557685345,0.0019720200925000004,0.00024345262503830387,7.571748753839643e-5,-0.0008356888608383351,5.4861106424017726e-5,0.001112370642162997,0.004317665026003101,0.001871363426668497,0.0006495775047363061,0.0011302829630427643,-0.0001917310260816072,0.0065376150203567355,-0.0020756348755268383,-0.0006215413733722482,-0.0007346563330775265,0.001125479091877375,-0.002999577876057263,-0.0004537413642724322,-0.0015339083207483286,0.003018324392028964,0.0018777292923293284,-0.0038461347161599917,0.00901059400973813,0.002136179745274554,0.0007295694495023999,0.002878384128456997,-0.007395317368624748,0.0008683161011912607,0.0009038829050238854,-0.0017446105457989097,0.0035792208890526858,-0.0020756348755268383,0.019892781200817618,0.0032568390465320687,0.004339717802372682,-0.0022883852048355023,-0.0078489319218569,-0.005022255426748999,-0.0031783430950250344,0.0014462183191159416,0.002978387909414392,-0.0027846243241451364,0.011544278107206962,0.0003074101033596401,-0.0007868998165912766,0.0008572520140011617,-0.014894762726455023,0.006766590463085215,-0.0008101015858808839,-0.0012757268664236568,0.001445720011295215,-0.0006215413733722482,0.0032568390465320687,0.0067784173446142505
0.010630757571973725,0.004515681641246893,-0.0004705892243669676,0.005028811653186413,0.009635231770289947,0.00352782149618356,0.002704388973438255,0.0018138851762352672,0.004696687010458731,0.0020572505955153454,0.0010598015060475248,0.007485407981972413,0.0017508106197093565,0.005272990546355576,-7.619727380444674e-5,0.00018308170181454604,0.0026740344790664432,0.0019349238968819583,0.00519804863657649,0.003327708908457571,0.004515681641246893,0.009813828983232062,0.000790209101257451,0.002304458069963804,0.007055418442044377,0.0017345178014042811,0.001451583045297283,0.0015656176945840101,0.003970262047186235,0.001303064154584514,-0.00012306299135308646,0.006574259430838612,0.0053677718660444795,0.0016032466734275882,-0.00020484917421601716,0.0008887601552873132,0.0013229010737118821,0.0017885471174219545,0.006372339263625265,0.003671862038764735,-0.0004705892243669676,0.000790209101257451,0.03936718284627488,0.006791590268343798,0.007241729394046195,-0.0011029965761429933,0.013572995999949492,0.002909409686320107,0.013566811695871778,0.0012194511012729766,0.000992383730945103,0.0010931479450586178,0.00024518519961528684,-0.00016127478410480774,0.0018602043139816504,0.0003259606133161405,-0.00023929153438906727,0.0034244003838438328,0.004088381447163187,0.00564731047631678,0.005028811653186413,0.002304458069963804,0.006791590268343798,0.04290275635839256,0.016011546004725347,0.0008900649736291132,-0.0023387407122275744,0.00021090528037583068,0.005791193280842129,0.00010794491576671984,0.0018336789685587517,0.004345699769674825,0.008594607069466586,0.008044149019359164,0.007316033992059063,0.0022680654499058622,0.0010242064258333848,-0.004423860640485897,0.0042284695041367795,0.0015528007862377464,0.009635231770289947,0.007055418442044377,0.007241729394046195,0.016011546004725347,0.04410925348289121,0.0056787481690134586,0.010120805599258664,0.004413782259282715,0.014205535138030117,0.0033756144835828555,0.004451877249772274,0.010982466540568007,0.017331027761980727,0.006766153279675127,0.008534125402021558,0.0035489032946038526,0.0026181608155594234,-0.0028095093213829896,0.007305506404191042,0.010060425955104044,0.00352782149618356,0.0017345178014042811,-0.0011029965761429933,0.0008900649736291132,0.0056787481690134586,0.004519557194182701,0.004206985848081896,0.0018137378274237907,0.0028333582327581897,0.0009661126977599198,0.0012330950623770172,0.0035733675485444126,0.004588160078678368,0.001923513098962012,0.0015800854129818347,-0.0002275617343956855,0.0014204261479468213,0.0004870960502389172,0.0020826148732783897,0.002587401674152062,0.002704388973438255,0.001451583045297283,0.013572995999949492,-0.0023387407122275744,0.010120805599258664,0.004206985848081896,0.02998841282052132,0.005651918539600783,0.0083909103832868,0.0007752770700329509,0.0018955574128542976,0.004452685727115291,0.00821361236799232,-0.0023638937689431927,0.0035912570297958035,-0.001072929489606929,0.0020469121937781365,0.004100397538944957,0.002898585670305271,0.007955027384452903,0.0018138851762352672,0.0015656176945840101,0.002909409686320107,0.00021090528037583068,0.004413782259282715,0.0018137378274237907,0.005651918539600783,0.003694146922796492,0.0032923391573252657,0.0006253608973693595,0.0003592281893543118,0.003917503614595058,0.0038445463327827314,-9.428551096513576e-5,0.0009214897413050288,-0.00038206587251922815,0.0009277989232362873,0.0011923625345358771,0.0018869115731007145,0.002907693611498901,0.004696687010458731,0.003970262047186235,0.013566811695871778,0.005791193280842129,0.014205535138030117,0.0028333582327581897,0.0083909103832868,0.0032923391573252657,0.03154457615747827,0.0018975116956428113,0.003006601132451512,0.008174537319883008,0.011689964082448849,0.002284602149311732,0.003907192762552901,0.0009406508698722927,0.0011958397336384278,-0.0003136958302003794,0.005179154885305543,0.0055054249248924925,0.0020572505955153454,0.001303064154584514,0.0012194511012729766,0.00010794491576671984,0.0033756144835828555,0.0009661126977599198,0.0007752770700329509,0.0006253608973693595,0.0018975116956428113,0.003146930258554772,0.0011361941703695632,0.0034881202654181657,-0.0029346608953864086,0.0016650793688707827,-0.0015183688408400738,0.00046265456181455273,0.0009218190685311704,0.0009247605098853089,0.002305283694761598,0.0011746790291673333,0.0010598015060475248,-0.00012306299135308646,0.000992383730945103,0.0018336789685587517,0.004451877249772274,0.0012330950623770172,0.0018955574128542976,0.0003592281893543118,0.003006601132451512,0.0011361941703695632,0.0034489822383682515,0.0006098538370469374,0.000838587952351262,0.0005497950784483633,0.0013480451237332094,0.0004507808454421833,0.00030273611064294333,-0.0008210116919071479,0.0003053885462146893,0.0012940758117075614,0.007485407981972413,0.006574259430838612,0.0010931479450586178,0.004345699769674825,0.010982466540568007,0.0035733675485444126,0.004452685727115291,0.003917503614595058,0.008174537319883008,0.0034881202654181657,0.0006098538370469374,0.01903141254385911,0.0036536779456684074,0.004023197161083485,-0.0009980874541098339,-7.195538372718193e-5,0.0023708990704395623,0.0032140994344909083,0.005420272073940231,0.005147212431473515,0.0017508106197093565,0.0053677718660444795,0.00024518519961528684,0.008594607069466586,0.017331027761980727,0.004588160078678368,0.00821361236799232,0.0038445463327827314,0.011689964082448849,-0.0029346608953864086,0.000838587952351262,0.0036536779456684074,0.053637088494804114,0.002019725436555214,0.011522253233137447,0.0020575795179736686,-0.0007591814293859481,-0.002805376714730072,0.005873289672049433,0.004884648597802242,0.005272990546355576,0.0016032466734275882,-0.00016127478410480774,0.008044149019359164,0.006766153279675127,0.001923513098962012,-0.0023638937689431927,-9.428551096513576e-5,0.002284602149311732,0.0016650793688707827,0.0005497950784483633,0.004023197161083485,0.002019725436555214,0.013947855505179376,0.0003427305996148713,0.0009552370712516252,0.00152429062505868,-0.00014238347634129534,0.004290017698804209,0.0005042145719060562,-7.619727380444674e-5,-0.00020484917421601716,0.0018602043139816504,0.007316033992059063,0.008534125402021558,0.0015800854129818347,0.0035912570297958035,0.0009214897413050288,0.003907192762552901,-0.0015183688408400738,0.0013480451237332094,-0.0009980874541098339,0.011522253233137447,0.0003427305996148713,0.01003546655054751,0.0003889212368744964,7.132464692502868e-5,-0.0026388840435395684,-0.00033409294755395937,0.002377670429449209,0.00018308170181454604,0.0008887601552873132,0.0003259606133161405,0.0022680654499058622,0.0035489032946038526,-0.0002275617343956855,-0.001072929489606929,-0.00038206587251922815,0.0009406508698722927,0.00046265456181455273,0.0004507808454421833,-7.195538372718193e-5,0.0020575795179736686,0.0009552370712516252,0.0003889212368744964,0.0021139735909209583,5.003068307128227e-5,-0.001389767643250857,0.0010030495932666884,0.0004330236354029344,0.0026740344790664432,0.0013229010737118821,-0.00023929153438906727,0.0010242064258333848,0.0026181608155594234,0.0014204261479468213,0.0020469121937781365,0.0009277989232362873,0.0011958397336384278,0.0009218190685311704,0.00030273611064294333,0.0023708990704395623,-0.0007591814293859481,0.00152429062505868,7.132464692502868e-5,5.003068307128227e-5,0.002272167928007443,0.0007453796047139344,0.002066635929422655,0.0016759623583549516,0.0019349238968819583,0.0017885471174219545,0.0034244003838438328,-0.004423860640485897,-0.0028095093213829896,0.0004870960502389172,0.004100397538944957,0.0011923625345358771,-0.0003136958302003794,0.0009247605098853089,-0.0008210116919071479,0.0032140994344909083,-0.002805376714730072,-0.00014238347634129534,-0.0026388840435395684,-0.001389767643250857,0.0007453796047139344,0.008873585468055658,0.0020997203165047046,0.0016920948017473375,0.00519804863657649,0.006372339263625265,0.004088381447163187,0.0042284695041367795,0.007305506404191042,0.0020826148732783897,0.002898585670305271,0.0018869115731007145,0.005179154885305543,0.002305283694761598,0.0003053885462146893,0.005420272073940231,0.005873289672049433,0.004290017698804209,-0.00033409294755395937,0.0010030495932666884,0.002066635929422655,0.0020997203165047046,0.019701792990443452,0.004861693625320391,0.003327708908457571,0.003671862038764735,0.00564731047631678,0.0015528007862377464,0.010060425955104044,0.002587401674152062,0.007955027384452903,0.002907693611498901,0.0055054249248924925,0.0011746790291673333,0.0012940758117075614,0.005147212431473515,0.004884648597802242,0.0005042145719060562,0.002377670429449209,0.0004330236354029344,0.0016759623583549516,0.0016920948017473375,0.004861693625320391,0.00798390559043903
