0.021401833846052737,0.001870570393139169,0.0010204935875932877,0.0016503080895840393,0.0006610000717971443,0.002523445314215518,-7.213699432832279e-5,0.003385084405971451,0.0014341053399517755,0.0002866697611475399,0.0005681704512031352,0.0027271702445250175,0.0016404923353386305,0.0025643193370919006,0.002741335530924502,0.0010104271258581476,-0.0011276361768354135,0.0008275193863788336,-0.001278993964928689,0.0011284822644173327,0.001870570393139169,0.008019333830691743,0.00047163194333587466,0.0014682898602468302,0.000544904225005049,0.0010864469846837348,0.0006715590274490701,0.0018841137629729248,0.002425956695789966,-6.33656946578142e-5,0.00019995296393579006,0.0008929723630705954,0.0007230951269590218,-0.0012744655215696783,0.0005343897166922703,0.0009996476320624727,0.0004177167216068598,0.000806707435704433,0.0002212131069856448,-0.00011605643790850728,0.0010204935875932877,0.00047163194333587466,0.0029464064011152182,0.0010714062360214825,0.00010825235719719269,0.0010744969718296821,0.0006980731261518898,0.0011448502751472212,0.0002685328034291738,6.281157979576532e-5,-0.0002990993106131245,7.163506868611784e-5,0.0005316352123799386,2.9291071255657646e-6,0.0003204256380261094,0.0005005094318980086,0.0009460404812430592,-2.622330334425466e-6,0.0003777809796511587,0.0003044224850923489,0.0016503080895840393,0.0014682898602468302,0.0010714062360214825,0.0077377645395670215,0.0002535483252131222,9.010307528240496e-5,0.0011825170595137187,-0.00038109939433517127,0.0018800923020241304,-6.991187758209865e-5,-0.00026620684961383876,0.0011692688246779928,0.0006653805245088798,-0.0004270411637202349,0.0011897414420192296,0.0007881853559185313,-0.0003485388738538129,-0.00011196953422261407,0.0008874806051037058,0.00024093457947950864,0.0006610000717971443,0.000544904225005049,0.00010825235719719269,0.0002535483252131222,0.004074734194072185,-0.0001539866298658626,0.0013714723864522525,0.0023670613045663463,-0.00014871644204227357,-0.00017379910464104548,0.00014247848053042153,0.0007361754294916865,0.00047769162490508116,-2.8197570464366054e-5,0.0006473197267005531,-1.0078275125779452e-5,0.0005211575126814572,3.562313995307973e-5,0.0008177669990490022,5.206702139632219e-5,0.002523445314215518,0.0010864469846837348,0.0010744969718296821,9.010307528240496e-5,-0.0001539866298658626,0.0049664489956247875,1.6170472322813974e-5,0.001566793773595112,0.0013044493102669147,0.0014249221976525266,0.0002949258931723778,0.0006620518638360705,0.0006925655293290158,0.0002612683023239808,0.000359924640880201,0.0002422123847011545,-0.0006287171971438207,0.00027312207262968557,-0.00045957788559500507,-7.302088095859033e-5,-7.213699432832279e-5,0.0006715590274490701,0.0006980731261518898,0.0011825170595137187,0.0013714723864522525,1.6170472322813974e-5,0.010545096723623552,0.0009129808537416254,0.0028822608223349785,0.001234878168173976,0.00014241207340299323,0.0005924440519435006,0.0009474196676233081,0.0006415501872934766,0.000894487087455674,0.0006292748911845631,0.0013543229673358271,0.001024175697023438,0.0013458684138996516,0.000622344710207547,0.003385084405971451,0.0018841137629729248,0.0011448502751472212,-0.00038109939433517127,0.0023670613045663463,0.001566793773595112,0.0009129808537416254,0.017670445884239286,0.000319639181607022,0.0014219704380157869,0.00026329482505148987,0.001292595114903891,-5.657743162519862e-6,-0.0002288232066924538,0.0004844362205917665,0.0002058325200409776,0.0009677848607300644,0.0007823267802212318,0.0003238165583473953,0.000992247769311308,0.0014341053399517755,0.002425956695789966,0.0002685328034291738,0.0018800923020241304,-0.00014871644204227357,0.0013044493102669147,0.0028822608223349785,0.000319639181607022,0.022525159238829456,0.0008274655917295966,0.0006082418561140572,0.001773984657863527,0.0009965081252078928,-0.0005065468007065687,0.0004375174379175889,0.0011834059083948847,0.0016189175862835596,0.0011026941553009249,0.0016788526266512016,0.00024413641294693088,0.0002866697611475399,-6.33656946578142e-5,6.281157979576532e-5,-6.991187758209865e-5,-0.00017379910464104548,0.0014249221976525266,0.001234878168173976,0.0014219704380157869,0.0008274655917295966,0.01887742423506463,0.000398119972363509,0.0013348247564920538,0.0006752751647815236,0.0010384045954083014,0.001012775238215489,0.00024654842092440815,-0.003153231838202508,0.0021174408970178714,-0.00038242224644593846,8.349213503756368e-5,0.0005681704512031352,0.00019995296393579006,-0.0002990993106131245,-0.00026620684961383876,0.00014247848053042153,0.0002949258931723778,0.00014241207340299323,0.00026329482505148987,0.0006082418561140572,0.000398119972363509,0.0014416144064228035,0.0009654200923493604,0.0001734520299134712,0.00017451437484128926,0.0001496794653008429,0.00011396963565483113,-0.00032185501900234084,0.00047998109597904463,-0.00016795601905998138,-0.000113496279469209,0.0027271702445250175,0.0008929723630705954,7.163506868611784e-5,0.0011692688246779928,0.0007361754294916865,0.0006620518638360705,0.0005924440519435006,0.001292595114903891,0.001773984657863527,0.0013348247564920538,0.0009654200923493604,0.008616189968926814,0.0011389742897913425,0.0006043643678447781,0.0010032626297234153,0.0006999747128802696,0.00043852340841991075,0.0004323397181415415,0.0003473380653240888,0.00017844126333543781,0.0016404923353386305,0.0007230951269590218,0.0005316352123799386,0.0006653805245088798,0.00047769162490508116,0.0006925655293290158,0.0009474196676233081,-5.657743162519862e-6,0.0009965081252078928,0.0006752751647815236,0.0001734520299134712,0.0011389742897913425,0.0036696424712896972,8.521114649058206e-5,0.0006626719444805935,0.0008534090215472256,0.0002903774899817528,0.00026230588080857853,-0.0006531596136045602,6.665785145863591e-6,0.0025643193370919006,-0.0012744655215696783,2.9291071255657646e-6,-0.0004270411637202349,-2.8197570464366054e-5,0.0002612683023239808,0.0006415501872934766,-0.0002288232066924538,-0.0005065468007065687,0.0010384045954083014,0.00017451437484128926,0.0006043643678447781,8.521114649058206e-5,0.006857576722714171,0.0009094768605700583,-0.0004988445238529891,-0.0009046367497759708,0.00027724080622858053,0.00031195416646236806,0.00028463027229703335,0.002741335530924502,0.0005343897166922703,0.0003204256380261094,0.0011897414420192296,0.0006473197267005531,0.000359924640880201,0.000894487087455674,0.0004844362205917665,0.0004375174379175889,0.001012775238215489,0.0001496794653008429,0.0010032626297234153,0.0006626719444805935,0.0009094768605700583,0.00466262659106117,0.0004228660964942184,-0.0010076064282679793,0.0005538557126514711,-1.5903327619711633e-5,3.198179108580864e-6,0.0010104271258581476,0.0009996476320624727,0.0005005094318980086,0.0007881853559185313,-1.0078275125779452e-5,0.0002422123847011545,0.0006292748911845631,0.0002058325200409776,0.0011834059083948847,0.00024654842092440815,0.00011396963565483113,0.0006999747128802696,0.0008534090215472256,-0.0004988445238529891,0.0004228660964942184,0.003697119718310111,0.0005014677023847181,-2.93211008048874e-5,-0.0001327540944759975,0.0001447069080335966,-0.0011276361768354135,0.0004177167216068598,0.0009460404812430592,-0.0003485388738538129,0.0005211575126814572,-0.0006287171971438207,0.0013543229673358271,0.0009677848607300644,0.0016189175862835596,-0.003153231838202508,-0.00032185501900234084,0.00043852340841991075,0.0002903774899817528,-0.0009046367497759708,-0.0010076064282679793,0.0005014677023847181,0.015927284397099676,-8.140744654780712e-5,0.0008572945953478878,0.00036330929532380396,0.0008275193863788336,0.000806707435704433,-2.622330334425466e-6,-0.00011196953422261407,3.562313995307973e-5,0.00027312207262968557,0.001024175697023438,0.0007823267802212318,0.0011026941553009249,0.0021174408970178714,0.00047998109597904463,0.0004323397181415415,0.00026230588080857853,0.00027724080622858053,0.0005538557126514711,-2.93211008048874e-5,-8.140744654780712e-5,0.005466812380658621,-0.00011337952860956819,9.85806648023895e-5,-0.001278993964928689,0.0002212131069856448,0.0003777809796511587,0.0008874806051037058,0.0008177669990490022,-0.00045957788559500507,0.0013458684138996516,0.0003238165583473953,0.0016788526266512016,-0.00038242224644593846,-0.00016795601905998138,0.0003473380653240888,-0.0006531596136045602,0.00031195416646236806,-1.5903327619711633e-5,-0.0001327540944759975,0.0008572945953478878,-0.00011337952860956819,0.008311477508619772,0.0005026782740065743,0.0011284822644173327,-0.00011605643790850728,0.0003044224850923489,0.00024093457947950864,5.206702139632219e-5,-7.302088095859033e-5,0.000622344710207547,0.000992247769311308,0.00024413641294693088,8.349213503756368e-5,-0.000113496279469209,0.00017844126333543781,6.665785145863591e-6,0.00028463027229703335,3.198179108580864e-6,0.0001447069080335966,0.00036330929532380396,9.85806648023895e-5,0.0005026782740065743,0.0017596080203586173
