0.011221791270169968,0.0016702453555366228,0.0005070028613449555,0.001457653946948578,8.425528545002835e-5,0.0011209753441954009,0.002101460975954589,0.0006624516678378021,0.0011060443915445885,0.0001912595041093266,0.0038315276549034955,0.00010963382352091949,0.00038942917827784675,0.002788292854801832,-0.00035454160245918973,-0.000764667178621985,0.0005703706796081292,0.0005482620134111803,0.001973208490203348,0.0027818432188052404,0.0016702453555366228,0.01324309227024475,0.0005468025165653431,0.000709350156088728,-3.593367438298253e-5,0.0007300790808272577,0.0038959220475014503,0.0010213873048729961,-0.0007100738554731225,0.0008756372724053349,5.7531902763073025e-5,0.0009443333694420249,0.001853507424143015,0.0019677543693111146,-0.0008156135014766495,2.9209798458810907e-5,0.0008956229096373535,0.00023779365835907036,-0.0007688844422884169,0.0011325943916102926,0.0005070028613449555,0.0005468025165653431,0.0018024156939274215,0.0004892600343420089,0.00025436828015294955,0.0001617539186472474,0.000562448116147867,0.0002738242715547487,-9.68994182252888e-5,0.00021320901234877338,0.0007210331527797122,0.00026492968433336554,0.0004804251454271051,0.0006465543261859783,-0.00023760538438420055,0.00035146056913393155,0.0002711096329559931,4.434957801477819e-5,-0.0002986608467496364,0.0009185327875810289,0.001457653946948578,0.000709350156088728,0.0004892600343420089,0.004007091897629959,0.00015351723065046486,0.0002772522677832748,0.00043738181298977634,0.0007283391021222235,-0.0001894303558368532,-0.0002077308151734768,0.0006666579103023917,-0.00020808798687186697,0.0006810765582080055,0.0008828858934987395,6.179231242078417e-5,-0.001059789289620521,0.0006811988969318049,-0.00012049927586910914,9.747566842061798e-5,0.0002434591263623127,8.425528545002835e-5,-3.593367438298253e-5,0.00025436828015294955,0.00015351723065046486,0.0019503954795822946,0.00011837096758251394,0.0013511452791586526,0.0001806144168294627,0.00045495917201141277,0.00021861120078956218,0.00042449481621174097,0.0001401974070198042,0.00039440596376085705,0.0007744743769433832,0.00028830630737056054,0.0002421939602934788,0.00022834801633800784,3.373626936814978e-5,0.0003749444582905625,-3.6329003791619536e-5,0.0011209753441954009,0.0007300790808272577,0.0001617539186472474,0.0002772522677832748,0.00011837096758251394,0.00207463610853209,0.0002314868485349777,-9.595282080389884e-5,1.0589654214877636e-5,0.00021800941625185177,0.0005233116146507757,0.0001730391060458607,0.00027754877813414736,0.0008716812086076466,0.00023301773917292973,7.86203502387995e-5,-0.0001472242560412707,0.0002301362051402048,0.0004704950322501243,0.0012702058870944475,0.002101460975954589,0.0038959220475014503,0.000562448116147867,0.00043738181298977634,0.0013511452791586526,0.0002314868485349777,0.03608936559844738,-6.170391798639656e-5,0.0011740131766807519,0.0020473414877997605,-0.00043519113828700205,0.0007056288571987426,0.002119390586598837,0.004065134371709609,-0.0013157174716562632,0.0035301404690134073,0.0025996674240071236,0.0004566440403859505,0.0018743012175199201,0.0017939524075376975,0.0006624516678378021,0.0010213873048729961,0.0002738242715547487,0.0007283391021222235,0.0001806144168294627,-9.595282080389884e-5,-6.170391798639656e-5,0.0029942914914078867,0.00039677872760377733,9.337273113961669e-5,0.00016083731275316857,0.00017482102626551572,0.0008669535437917887,0.0007949727494234462,0.0004020091360312299,0.00012931841408873014,0.0007077931545866972,-2.4232992911659653e-6,0.0011520319814226523,0.0012970046320639028,0.0011060443915445885,-0.0007100738554731225,-9.68994182252888e-5,-0.0001894303558368532,0.00045495917201141277,1.0589654214877636e-5,0.0011740131766807519,0.00039677872760377733,0.006473996700194281,0.0001842401602223326,0.000442594890872028,0.00021060172490323286,0.00014382079593631042,0.00016812589597986052,-0.00027160243198713543,0.001449715404655979,-0.00014665409477905095,0.0004924067422724782,0.00044719140662191284,0.0006424472479662001,0.0001912595041093266,0.0008756372724053349,0.00021320901234877338,-0.0002077308151734768,0.00021861120078956218,0.00021800941625185177,0.0020473414877997605,9.337273113961669e-5,0.0001842401602223326,0.005187642172026421,-9.575448947433157e-5,0.0006497815730291665,0.0006418833465126852,0.0004033806500166391,0.00015136202951058825,0.001354211625552909,0.0003381701890546803,0.000192356985597219,0.0005967840431878367,-0.00032762150879154736,0.0038315276549034955,5.7531902763073025e-5,0.0007210331527797122,0.0006666579103023917,0.00042449481621174097,0.0005233116146507757,-0.00043519113828700205,0.00016083731275316857,0.000442594890872028,-9.575448947433157e-5,0.01622775668547896,-0.0006727820680619515,-0.00029345418072443706,0.0012018357397339573,-0.0005083658104565829,-0.0004197257868914126,0.00048800428853467933,-0.000294572111954243,0.000872656494966441,0.0017582992622907643,0.00010963382352091949,0.0009443333694420249,0.00026492968433336554,-0.00020808798687186697,0.0001401974070198042,0.0001730391060458607,0.0007056288571987426,0.00017482102626551572,0.00021060172490323286,0.0006497815730291665,-0.0006727820680619515,0.007026576092880772,0.0005742870028974667,0.0006869083573479006,0.0005873274010451963,0.000574208188043172,0.0005382231512967622,0.0003805509255709207,-0.00045876747356335444,0.0004874725985291717,0.00038942917827784675,0.001853507424143015,0.0004804251454271051,0.0006810765582080055,0.00039440596376085705,0.00027754877813414736,0.002119390586598837,0.0008669535437917887,0.00014382079593631042,0.0006418833465126852,-0.00029345418072443706,0.0005742870028974667,0.008131967314406588,0.0013525148192220652,0.0002580074091601424,0.0007829395453363758,0.0010311527784437253,0.0006146614956062964,-0.0003928157362818639,-0.00023758901593641047,0.002788292854801832,0.0019677543693111146,0.0006465543261859783,0.0008828858934987395,0.0007744743769433832,0.0008716812086076466,0.004065134371709609,0.0007949727494234462,0.00016812589597986052,0.0004033806500166391,0.0012018357397339573,0.0006869083573479006,0.0013525148192220652,0.01085936474676006,2.3590778466844964e-5,0.0017974575291254788,0.0015152504095506884,-3.848810224785563e-5,0.0017755827295591736,0.0016367900636283144,-0.00035454160245918973,-0.0008156135014766495,-0.00023760538438420055,6.179231242078417e-5,0.00028830630737056054,0.00023301773917292973,-0.0013157174716562632,0.0004020091360312299,-0.00027160243198713543,0.00015136202951058825,-0.0005083658104565829,0.0005873274010451963,0.0002580074091601424,2.3590778466844964e-5,0.005675098740523137,0.00017237946266214212,1.0259403065170415e-5,-9.993075086975536e-6,0.0014425337557103135,0.0005302141161178471,-0.000764667178621985,2.9209798458810907e-5,0.00035146056913393155,-0.001059789289620521,0.0002421939602934788,7.86203502387995e-5,0.0035301404690134073,0.00012931841408873014,0.001449715404655979,0.001354211625552909,-0.0004197257868914126,0.000574208188043172,0.0007829395453363758,0.0017974575291254788,0.00017237946266214212,0.014349786234469284,0.00010772600084969856,0.00018351146411109892,-0.0003119403179618637,0.0012202428858165775,0.0005703706796081292,0.0008956229096373535,0.0002711096329559931,0.0006811988969318049,0.00022834801633800784,-0.0001472242560412707,0.0025996674240071236,0.0007077931545866972,-0.00014665409477905095,0.0003381701890546803,0.00048800428853467933,0.0005382231512967622,0.0010311527784437253,0.0015152504095506884,1.0259403065170415e-5,0.00010772600084969856,0.005513554545545658,-7.748032517943549e-5,0.0011569895662558287,0.00013696277269630063,0.0005482620134111803,0.00023779365835907036,4.434957801477819e-5,-0.00012049927586910914,3.373626936814978e-5,0.0002301362051402048,0.0004566440403859505,-2.4232992911659653e-6,0.0004924067422724782,0.000192356985597219,-0.000294572111954243,0.0003805509255709207,0.0006146614956062964,-3.848810224785563e-5,-9.993075086975536e-6,0.00018351146411109892,-7.748032517943549e-5,0.0014781195790857533,0.0005203015070833149,0.001116237864401386,0.001973208490203348,-0.0007688844422884169,-0.0002986608467496364,9.747566842061798e-5,0.0003749444582905625,0.0004704950322501243,0.0018743012175199201,0.0011520319814226523,0.00044719140662191284,0.0005967840431878367,0.000872656494966441,-0.00045876747356335444,-0.0003928157362818639,0.0017755827295591736,0.0014425337557103135,-0.0003119403179618637,0.0011569895662558287,0.0005203015070833149,0.01167659852957729,0.0006492368724839858,0.0027818432188052404,0.0011325943916102926,0.0009185327875810289,0.0002434591263623127,-3.6329003791619536e-5,0.0012702058870944475,0.0017939524075376975,0.0012970046320639028,0.0006424472479662001,-0.00032762150879154736,0.0017582992622907643,0.0004874725985291717,-0.00023758901593641047,0.0016367900636283144,0.0005302141161178471,0.0012202428858165775,0.00013696277269630063,0.001116237864401386,0.0006492368724839858,0.025734355240957296
