0.012748427741281572,0.00035574214986616585,9.240410524423357e-6,1.5465291323587387e-5,0.00021218539044162563,0.0009980085311078598,0.0003170687814412284,0.00045177508975964066,-0.00028478935722949905,0.0003389595985134043,0.0009513483284702353,-0.00039247401751050864,0.0009784321568043714,0.0005617867725788158,-0.0012703581288893303,0.000569488832953306,0.0008941835538211558,0.0018922111796692502,0.000662877503622735,0.00034356539791470227,0.00035574214986616585,0.01865833781674819,0.0005756938013358459,0.00097942098301929,0.0007890099365015515,0.0007115038120653527,0.0014555872635926624,0.0007924662203082995,0.0003470705545734888,0.0010375338312980363,0.0016541785683711271,0.0011833479726008423,0.0008468346624944288,-0.00013439671273543985,0.0012750650707186186,0.00014706546194156013,0.001656072136922415,0.004484877409393514,0.0008061048091149736,0.00015089699767658154,9.240410524423357e-6,0.0005756938013358459,0.001645660553191312,0.00036702421894272634,9.66575933318081e-5,0.00034957675480823896,3.664093866671657e-5,0.0003275408577774542,0.00024847787275277856,0.00016370345911605506,0.0005444366801931062,0.00026782969012431417,0.00020831135383348983,6.348804677521596e-5,0.0008615822102100247,0.0002629244651011222,3.713691469364138e-5,0.0003191490671859326,3.132679114033547e-5,3.986290757164516e-5,1.5465291323587387e-5,0.00097942098301929,0.00036702421894272634,0.0031473742351688597,0.00033625597903789436,0.00028718403578845174,0.0003253262244299781,3.023102778886106e-8,0.0004587731519704954,0.0010973748751629837,0.0003893826925566786,6.048517704016813e-5,0.0009697320415757451,0.00039876808846415145,-0.00010036843221244724,0.00033061944125097243,0.00045611819894290906,0.0014424525057223393,0.0001947714748560283,9.543932721135993e-5,0.00021218539044162563,0.0007890099365015515,9.66575933318081e-5,0.00033625597903789436,0.0013435526318615212,9.48152482469345e-5,0.0001711149900740567,0.00014059053461926743,0.00027224067753783116,0.0004935887190244714,0.000156140521325918,0.00031599069962341025,0.0003098522140239963,-2.7139558412809047e-5,0.00036880862101521406,0.000189692322471571,0.00040162476392984874,0.0011151816781724809,-5.5405509416657446e-5,3.629004540255636e-5,0.0009980085311078598,0.0007115038120653527,0.00034957675480823896,0.00028718403578845174,9.48152482469345e-5,0.0038425277753787426,0.000552484527902799,0.00018879886804445118,0.00011238500393553102,0.0002704884573276891,0.0006404117792493636,9.628424511101073e-5,0.0007911213054830027,0.00011088255762088705,0.0004527400299042505,9.175492457522807e-5,8.406095738518824e-7,0.0008326527424357776,0.000142809265081611,0.0003437697232991188,0.0003170687814412284,0.0014555872635926624,3.664093866671657e-5,0.0003253262244299781,0.0001711149900740567,0.000552484527902799,0.004913835428332095,0.0002914925057407148,0.0002851983361784033,-0.00010264441221005704,0.00020979723785451813,0.00031952290733014996,0.0013140932929874803,0.00015853246789120654,-0.0004272151371261482,0.0007126370173255985,0.0005820490877158872,0.0015456880114604944,0.00012423211010956656,0.00012323936370365875,0.00045177508975964066,0.0007924662203082995,0.0003275408577774542,3.023102778886106e-8,0.00014059053461926743,0.00018879886804445118,0.0002914925057407148,0.0025638149955082294,0.00011721469635103665,-8.818256937899636e-5,0.0007605939001033467,0.00030657226457148166,0.00031283167772506505,8.852011296185553e-5,0.0008259415317520874,0.0004062367983042146,8.48278050288083e-5,0.0002095211134668842,-0.00012069908850419032,0.00016068204290853528,-0.00028478935722949905,0.0003470705545734888,0.00024847787275277856,0.0004587731519704954,0.00027224067753783116,0.00011238500393553102,0.0002851983361784033,0.00011721469635103665,0.0013919201296388687,0.0003106617153725357,0.0007160929935142513,0.0003919280851151112,0.00047827336430097066,0.0003194379320216142,0.000575431590190692,1.636625596600347e-5,5.4179524365682003e-5,0.0009153483303569767,-5.3321537498005156e-5,9.081089821475804e-5,0.0003389595985134043,0.0010375338312980363,0.00016370345911605506,0.0010973748751629837,0.0004935887190244714,0.0002704884573276891,-0.00010264441221005704,-8.818256937899636e-5,0.0003106617153725357,0.0060767115295938595,-0.0009285729025752005,-5.6463177002549395e-5,0.00020704319347212934,0.0007126267189206682,-0.00048311178414176675,0.00020577301876289708,0.00042280618912826954,0.0012502990839007796,0.0006563329789245207,0.00034863060991819305,0.0009513483284702353,0.0016541785683711271,0.0005444366801931062,0.0003893826925566786,0.000156140521325918,0.0006404117792493636,0.00020979723785451813,0.0007605939001033467,0.0007160929935142513,-0.0009285729025752005,0.014433798626446254,0.00046071223970986356,0.001733561249841355,0.000972110839916399,0.0014033104948289032,0.0005274241435192127,0.0002418465364659385,0.0012661193388662755,-6.167528799642357e-5,0.00033717169045077006,-0.00039247401751050864,0.0011833479726008423,0.00026782969012431417,6.048517704016813e-5,0.00031599069962341025,9.628424511101073e-5,0.00031952290733014996,0.00030657226457148166,0.0003919280851151112,-5.6463177002549395e-5,0.00046071223970986356,0.0033906471492363565,0.0006673361692181023,0.00016540071460152518,0.0003676897608874322,0.00029239198824506973,0.000347915698309341,0.0002617793041915132,-3.13174369735388e-5,0.00036505062322293816,0.0009784321568043714,0.0008468346624944288,0.00020831135383348983,0.0009697320415757451,0.0003098522140239963,0.0007911213054830027,0.0013140932929874803,0.00031283167772506505,0.00047827336430097066,0.00020704319347212934,0.001733561249841355,0.0006673361692181023,0.015280423342826043,0.0009090033448180921,-0.0004887140732265339,0.0010925738679004118,0.0005113817173958942,-0.0004748810262981273,0.00016126827752232796,-0.0001061958514203793,0.0005617867725788158,-0.00013439671273543985,6.348804677521596e-5,0.00039876808846415145,-2.7139558412809047e-5,0.00011088255762088705,0.00015853246789120654,8.852011296185553e-5,0.0003194379320216142,0.0007126267189206682,0.000972110839916399,0.00016540071460152518,0.0009090033448180921,0.0035271412501621914,0.0004994927694849823,0.0003466310708975477,0.0005640178761450467,0.0009415097088323234,0.0003187900563902494,0.0004503121478703704,-0.0012703581288893303,0.0012750650707186186,0.0008615822102100247,-0.00010036843221244724,0.00036880862101521406,0.0004527400299042505,-0.0004272151371261482,0.0008259415317520874,0.000575431590190692,-0.00048311178414176675,0.0014033104948289032,0.0003676897608874322,-0.0004887140732265339,0.0004994927694849823,0.011771129615859724,-7.365932239814817e-5,-0.0006939620205829239,0.001000471306524798,0.0001236962313185235,-1.6608368261312626e-5,0.000569488832953306,0.00014706546194156013,0.0002629244651011222,0.00033061944125097243,0.000189692322471571,9.175492457522807e-5,0.0007126370173255985,0.0004062367983042146,1.636625596600347e-5,0.00020577301876289708,0.0005274241435192127,0.00029239198824506973,0.0010925738679004118,0.0003466310708975477,-7.365932239814817e-5,0.0020757385806636592,0.0001453524141708939,0.0005113367946687479,0.00010496626765212594,0.00016152872208470353,0.0008941835538211558,0.001656072136922415,3.713691469364138e-5,0.00045611819894290906,0.00040162476392984874,8.406095738518824e-7,0.0005820490877158872,8.48278050288083e-5,5.4179524365682003e-5,0.00042280618912826954,0.0002418465364659385,0.000347915698309341,0.0005113817173958942,0.0005640178761450467,-0.0006939620205829239,0.0001453524141708939,0.004042076730552342,0.0015149594360870304,0.0004267206249740421,0.00023864870342345273,0.0018922111796692502,0.004484877409393514,0.0003191490671859326,0.0014424525057223393,0.0011151816781724809,0.0008326527424357776,0.0015456880114604944,0.0002095211134668842,0.0009153483303569767,0.0012502990839007796,0.0012661193388662755,0.0002617793041915132,-0.0004748810262981273,0.0009415097088323234,0.001000471306524798,0.0005113367946687479,0.0015149594360870304,0.02336285038527709,0.0015332227759007556,0.0006037424584378392,0.000662877503622735,0.0008061048091149736,3.132679114033547e-5,0.0001947714748560283,-5.5405509416657446e-5,0.000142809265081611,0.00012423211010956656,-0.00012069908850419032,-5.3321537498005156e-5,0.0006563329789245207,-6.167528799642357e-5,-3.13174369735388e-5,0.00016126827752232796,0.0003187900563902494,0.0001236962313185235,0.00010496626765212594,0.0004267206249740421,0.0015332227759007556,0.0035117137917186074,0.00018088959703268034,0.00034356539791470227,0.00015089699767658154,3.986290757164516e-5,9.543932721135993e-5,3.629004540255636e-5,0.0003437697232991188,0.00012323936370365875,0.00016068204290853528,9.081089821475804e-5,0.00034863060991819305,0.00033717169045077006,0.00036505062322293816,-0.0001061958514203793,0.0004503121478703704,-1.6608368261312626e-5,0.00016152872208470353,0.00023864870342345273,0.0006037424584378392,0.00018088959703268034,0.0015977164323938784
