0.03190058498367301,0.0028654723139550694,-0.002747702382347627,0.010420438286819773,0.006806569159406858,0.004273004779214483,0.008993457762436503,0.001020573716694258,0.001038112668330933,-0.005311060993605364,0.0032368758288111154,0.007510431932227882,0.006812658291356432,0.016319544767235745,0.002172401037228003,-0.01185541757738036,0.0050142227127424775,0.0032202281001235756,0.017938886155838003,0.0014005942036540908,0.0028654723139550694,0.02879179018223407,0.0006985706833993027,0.007785697702967777,0.010034037917801686,0.0036132614768472015,0.009351316154367115,-0.002212726205833517,0.00432366189645507,-0.0024218955393775833,0.00446301807036756,0.002259751281531632,0.003257803012713648,-0.009300320401876333,-0.0032193540867027177,-0.011879310571418882,-0.0011308391590525023,-0.005154459195584655,-0.0015167438538280995,-0.0016014130114731856,-0.002747702382347627,0.0006985706833993027,0.004074759654791026,0.003519420792418136,0.0029077601961652218,0.001719279698562203,-0.0006596894110852017,0.0014513683555076352,0.0035422198720262655,0.002440778713877086,-0.0011445647547803804,-0.0019262175314647485,-0.002993284650159897,0.0003796691926587966,-0.000665762799999262,0.00043038974742795675,-0.0008619723019945998,0.00025345262376217086,3.906781389894547e-5,0.001436230178045711,0.010420438286819773,0.007785697702967777,0.003519420792418136,0.046326915627437945,0.011689543025432035,0.012099550367757067,0.011451542707970556,0.005541417557986095,0.02396538071128662,-0.0035646614052940702,0.0015588718628128826,0.0029648522947367867,0.003455004666197102,0.024158409100089387,-0.0025091849558628674,-0.011076568638421885,0.005257401247571222,-0.0034771618022309547,0.009076320683961834,0.0022155020697254106,0.006806569159406858,0.010034037917801686,0.0029077601961652218,0.011689543025432035,0.03348288215100724,0.008433352687720663,0.0032981175038204616,0.0024190228463879648,-0.0039238787031330435,0.0016716553228185785,0.0030967586580642067,0.002643272234620796,0.0010169724828592267,0.0012762385222363799,-0.0007855027261721063,-0.008052155706326935,-0.0018198644613971191,-0.0006338374206807492,0.012901183001060825,0.00016161642190223294,0.004273004779214483,0.0036132614768472015,0.001719279698562203,0.012099550367757067,0.008433352687720663,0.014196052367502678,-0.001098120323118896,0.007389658747204137,0.002538234752911668,-0.0007018543184635232,0.004861917577085678,0.0002504660113155146,0.0033230736027332662,0.009134281065072618,0.002865820704789767,-0.005907031349404923,-0.0005093897206946481,0.002052338583271582,0.005487478463606012,0.0008695157511249277,0.008993457762436503,0.009351316154367115,-0.0006596894110852017,0.011451542707970556,0.0032981175038204616,-0.001098120323118896,0.019286292341720475,-0.004324813498510816,0.010555016815826709,-0.00544043721604464,0.0009413840960367692,0.0024018235750611436,0.002740803362293302,0.00658937011422445,-0.0026160744372129103,-0.009909213132708348,0.005010743524232141,-0.002787255692497888,0.008159198806521202,0.0012057794794637585,0.001020573716694258,-0.002212726205833517,0.0014513683555076352,0.005541417557986095,0.0024190228463879648,0.007389658747204137,-0.004324813498510816,0.008858659710406716,-0.0007962747615085393,-0.0012472288133381537,0.0010476756196863648,-0.0009729600998333435,0.0009766670854883758,0.00858314648604755,0.0019768870412229895,0.0004343769440195585,-0.0010186386301306986,0.0014380412264381197,-0.0004354253187283774,-0.0003456656747802842,0.001038112668330933,0.00432366189645507,0.0035422198720262655,0.02396538071128662,-0.0039238787031330435,0.002538234752911668,0.010555016815826709,-0.0007962747615085393,0.06162018540995477,-0.0012095143331929115,-0.005053123263175941,0.004085539497764511,0.003148674276233739,0.02076331470057558,-0.004880116024220891,-0.0064385750465613695,0.007843980613242478,-0.0013516207311373126,-0.0013573567829947338,0.004097989402458259,-0.005311060993605364,-0.0024218955393775833,0.002440778713877086,-0.0035646614052940702,0.0016716553228185785,-0.0007018543184635232,-0.00544043721604464,-0.0012472288133381537,-0.0012095143331929115,0.026053579443147297,-0.0006566762782369541,-0.0003643401401161691,-0.0025383810480590014,-0.012030486220112725,0.0017603856921492404,0.00935311639600386,-0.002506650956857526,0.007167403354984028,0.00390959137357836,0.003282052160028159,0.0032368758288111154,0.00446301807036756,-0.0011445647547803804,0.0015588718628128826,0.0030967586580642067,0.004861917577085678,0.0009413840960367692,0.0010476756196863648,-0.005053123263175941,-0.0006566762782369541,0.012630481134098936,0.0021372875252564606,0.004536191910976371,6.400404633984504e-5,0.00219635958984641,-0.004048090354319378,-0.0008545944009164986,0.0008237923465361938,0.008150811057948387,0.00012310621838753548,0.007510431932227882,0.002259751281531632,-0.0019262175314647485,0.0029648522947367867,0.002643272234620796,0.0002504660113155146,0.0024018235750611436,-0.0009729600998333435,0.004085539497764511,-0.0003643401401161691,0.0021372875252564606,0.007459755636911754,0.003472986746495494,0.005188869243684421,0.0002259152920625929,-0.0029909260579860436,0.0018575311686868483,0.002604339911279581,0.009897987731300505,0.0010992247424823137,0.006812658291356432,0.003257803012713648,-0.002993284650159897,0.003455004666197102,0.0010169724828592267,0.0033230736027332662,0.002740803362293302,0.0009766670854883758,0.003148674276233739,-0.0025383810480590014,0.004536191910976371,0.003472986746495494,0.014055120130672987,0.006243698958316447,0.0004110539239311335,-0.0013909197391962494,0.0026707592109142123,0.0004354390700699243,0.00239573249476122,-0.0019250582665353909,0.016319544767235745,-0.009300320401876333,0.0003796691926587966,0.024158409100089387,0.0012762385222363799,0.009134281065072618,0.00658937011422445,0.00858314648604755,0.02076331470057558,-0.012030486220112725,6.400404633984504e-5,0.005188869243684421,0.006243698958316447,0.0536457550037202,0.001900178279714782,-0.00644615637977741,0.010224855742992606,0.00071530342681962,0.00908895109686242,0.0022987981759783976,0.002172401037228003,-0.0032193540867027177,-0.000665762799999262,-0.0025091849558628674,-0.0007855027261721063,0.002865820704789767,-0.0026160744372129103,0.0019768870412229895,-0.004880116024220891,0.0017603856921492404,0.00219635958984641,0.0002259152920625929,0.0004110539239311335,0.001900178279714782,0.006859835604607273,0.00023356988267624127,-0.00029149559785527566,0.0030477458512358133,0.005939915284410478,0.0007057378681658742,-0.01185541757738036,-0.011879310571418882,0.00043038974742795675,-0.011076568638421885,-0.008052155706326935,-0.005907031349404923,-0.009909213132708348,0.0004343769440195585,-0.0064385750465613695,0.00935311639600386,-0.004048090354319378,-0.0029909260579860436,-0.0013909197391962494,-0.00644615637977741,0.00023356988267624127,0.028697741456746417,-0.0008484911055275889,0.0039884800513717575,-0.010866311494684432,-0.0004515835850860551,0.0050142227127424775,-0.0011308391590525023,-0.0008619723019945998,0.005257401247571222,-0.0018198644613971191,-0.0005093897206946481,0.005010743524232141,-0.0010186386301306986,0.007843980613242478,-0.002506650956857526,-0.0008545944009164986,0.0018575311686868483,0.0026707592109142123,0.010224855742992606,-0.00029149559785527566,-0.0008484911055275889,0.008273883544768322,0.0007616790408024839,0.003639602340250364,0.0006110432529782985,0.0032202281001235756,-0.005154459195584655,0.00025345262376217086,-0.0034771618022309547,-0.0006338374206807492,0.002052338583271582,-0.002787255692497888,0.0014380412264381197,-0.0013516207311373126,0.007167403354984028,0.0008237923465361938,0.002604339911279581,0.0004354390700699243,0.00071530342681962,0.0030477458512358133,0.0039884800513717575,0.0007616790408024839,0.014869219683181806,0.01138853879404493,0.00387253000894844,0.017938886155838003,-0.0015167438538280995,3.906781389894547e-5,0.009076320683961834,0.012901183001060825,0.005487478463606012,0.008159198806521202,-0.0004354253187283774,-0.0013573567829947338,0.00390959137357836,0.008150811057948387,0.009897987731300505,0.00239573249476122,0.00908895109686242,0.005939915284410478,-0.010866311494684432,0.003639602340250364,0.01138853879404493,0.07666730128472254,0.00982349310344052,0.0014005942036540908,-0.0016014130114731856,0.001436230178045711,0.0022155020697254106,0.00016161642190223294,0.0008695157511249277,0.0012057794794637585,-0.0003456656747802842,0.004097989402458259,0.003282052160028159,0.00012310621838753548,0.0010992247424823137,-0.0019250582665353909,0.0022987981759783976,0.0007057378681658742,-0.0004515835850860551,0.0006110432529782985,0.00387253000894844,0.00982349310344052,0.005991772324120501
0.03768615614659995,0.004686658906823318,-0.0012932530692756853,-0.0056389282933417845,-0.0068820636189169575,-0.005053295517979539,-0.014239925036452114,-0.002902692372634782,0.009945928275833477,0.012921683752658609,0.0013048609926163434,0.001183423065086805,0.0037773690248033174,-0.004909861736262077,-0.0030884204185637697,0.003921726383289756,-9.215240337389166e-5,-0.0019454302035888627,0.004685577434792903,-0.008488163948283629,0.004686658906823318,0.020788619832398433,-3.306191725990861e-5,-0.001337151764791401,0.0037352894818996796,0.0011298781125977115,0.0005129525150319948,0.001456688836039513,0.01856763533515774,0.013541016468512341,-0.001212545814161167,-0.0023077521727788,-0.0015041439983152364,0.00910942854472211,0.00040613130444293273,0.0029448559247322046,-0.0017088648504084178,0.005943150541822142,0.010322940464176977,-0.0001042465989504313,-0.0012932530692756853,-3.306191725990861e-5,0.0028617586775931255,0.002546152975964865,7.314096188692197e-5,0.0017172576288990251,0.0021868460907642807,0.00046646633797020165,-0.00031869750773557684,0.001559687508816912,0.0009819254770766371,0.00024799134694168657,-0.0012754524232806495,-0.0009740269734712296,0.00012450930467600022,-0.0004530901585154505,0.00029703961533608637,-0.0015262973408039565,-0.00034672500915634494,0.0015433739705662459,-0.0056389282933417845,-0.001337151764791401,0.002546152975964865,0.04284395250179566,0.023086317209920888,0.003969006057732825,0.009404023154764546,-0.0005103781144014484,0.0060831484026283335,-0.014742167762326546,-0.004343526202014661,0.0055301584361156265,0.007740183850964195,-0.00582419039719367,0.00803047571408919,0.006404580277604341,0.005620564710693564,-0.0008641528018955868,0.00354104934074522,0.009313189731865863,-0.0068820636189169575,0.0037352894818996796,7.314096188692197e-5,0.023086317209920888,0.051055939956405255,0.005403041309354128,0.02055035560917064,0.003835415698171631,0.023052856112629437,-0.016882122375963635,-0.0010937586654468253,0.004301554296992748,-0.0004930362187117001,0.002152804329436418,0.005787595670267888,0.0061866742839930405,0.0019253353663381734,0.013853320725492096,-0.0032426859082803697,0.011227118660098817,-0.005053295517979539,0.0011298781125977115,0.0017172576288990251,0.003969006057732825,0.005403041309354128,0.007436843076314704,0.006612117283015357,0.0018143997002507838,0.006472840324773533,-0.005268151220607522,-0.001070891340539289,0.0004911348324870935,-0.0034901808336355936,-0.0014266966751893446,-0.0009060758924759767,0.0008739522515460653,-0.00030203668730381775,0.0005978990061637123,0.003426491783016542,0.002975948787210303,-0.014239925036452114,0.0005129525150319948,0.0021868460907642807,0.009404023154764546,0.02055035560917064,0.006612117283015357,0.02579070221862038,0.005124642643895248,0.016357894473305826,-0.011664938352030002,0.0005805518443806936,0.0013743299014344805,-0.010273484290041865,0.004875923237217743,0.002776676657977232,-0.001178187311161057,-0.0017393630756926597,0.009460415771710445,-0.002265260604307303,0.011138447666254592,-0.002902692372634782,0.001456688836039513,0.00046646633797020165,-0.0005103781144014484,0.003835415698171631,0.0018143997002507838,0.005124642643895248,0.004337646947331088,0.00645130554488682,-0.0021347009350027382,0.0008394448199877595,-1.359823368581459e-5,-0.003772274876135259,0.0030130759862210346,-0.0003319067988594005,-0.0018452944427122943,-0.0006604376173848208,0.00394402604125589,0.0005478014900706419,0.0015939901053059137,0.009945928275833477,0.01856763533515774,-0.00031869750773557684,0.0060831484026283335,0.023052856112629437,0.006472840324773533,0.016357894473305826,0.00645130554488682,0.1001489840188407,0.00755127978899525,0.00248470200898316,-0.0019133313853121948,-0.013613111112508139,0.028753217295663797,-0.0020233716920550738,0.0031735490757208214,-0.005876371020115004,0.030313828660023405,0.018572955522840256,0.0005605132016455461,0.012921683752658609,0.013541016468512341,0.001559687508816912,-0.014742167762326546,-0.016882122375963635,-0.005268151220607522,-0.011664938352030002,-0.0021347009350027382,0.00755127978899525,0.05940349212312925,-0.001771861843767758,-0.003459360978443503,0.003103358616912038,0.012522140235555219,0.0016581137744204732,-0.001384541355226045,-0.0007694587636472214,-0.0019091013996159136,0.012340795311992005,-0.0006377181068829498,0.0013048609926163434,-0.001212545814161167,0.0009819254770766371,-0.004343526202014661,-0.0010937586654468253,-0.001070891340539289,0.0005805518443806936,0.0008394448199877595,0.00248470200898316,-0.001771861843767758,0.009864379547806664,-0.000490689871415015,-0.0015845110663135747,0.003113656939559654,-0.00033065432797773817,-0.0001712894925419286,0.0005941715477993407,0.0024420691340128298,-0.0017851663729181364,-0.0018256284126518143,0.001183423065086805,-0.0023077521727788,0.00024799134694168657,0.0055301584361156265,0.004301554296992748,0.0004911348324870935,0.0013743299014344805,-1.359823368581459e-5,-0.0019133313853121948,-0.003459360978443503,-0.000490689871415015,0.00670862366566209,0.0037915384872419097,-0.005703668470017196,0.0015974071673245836,0.0016150111893931862,0.003917646366785999,-0.0003747802442912808,-0.0013023776448574048,0.0014780018425597122,0.0037773690248033174,-0.0015041439983152364,-0.0012754524232806495,0.007740183850964195,-0.0004930362187117001,-0.0034901808336355936,-0.010273484290041865,-0.003772274876135259,-0.013613111112508139,0.003103358616912038,-0.0015845110663135747,0.0037915384872419097,0.023104888145294353,-0.007975236231969888,0.0040639444386504995,0.006503307870498312,0.007168875577995716,-0.00496165692032923,0.0012918685247656325,-0.0005351269020222086,-0.004909861736262077,0.00910942854472211,-0.0009740269734712296,-0.00582419039719367,0.002152804329436418,-0.0014266966751893446,0.004875923237217743,0.0030130759862210346,0.028753217295663797,0.012522140235555219,0.003113656939559654,-0.005703668470017196,-0.007975236231969888,0.03722905374475038,-0.0010257141357037404,-0.0014490888026457472,-0.006828435688103318,0.01754809236899359,0.00973172606957209,-0.001211018937231362,-0.0030884204185637697,0.00040613130444293273,0.00012450930467600022,0.00803047571408919,0.005787595670267888,-0.0009060758924759767,0.002776676657977232,-0.0003319067988594005,-0.0020233716920550738,0.0016581137744204732,-0.00033065432797773817,0.0015974071673245836,0.0040639444386504995,-0.0010257141357037404,0.007721053477265108,0.0021338611366683944,0.0027816477553483272,0.000401691042457612,0.001977908575189374,0.003905459670872174,0.003921726383289756,0.0029448559247322046,-0.0004530901585154505,0.006404580277604341,0.0061866742839930405,0.0008739522515460653,-0.001178187311161057,-0.0018452944427122943,0.0031735490757208214,-0.001384541355226045,-0.0001712894925419286,0.0016150111893931862,0.006503307870498312,-0.0014490888026457472,0.0021338611366683944,0.01621247166839247,0.0038115859098835506,0.0020703000695796226,0.0013387723806871073,0.0003338774669202352,-9.215240337389166e-5,-0.0017088648504084178,0.00029703961533608637,0.005620564710693564,0.0019253353663381734,-0.00030203668730381775,-0.0017393630756926597,-0.0006604376173848208,-0.005876371020115004,-0.0007694587636472214,0.0005941715477993407,0.003917646366785999,0.007168875577995716,-0.006828435688103318,0.0027816477553483272,0.0038115859098835506,0.00876428962372628,-0.0025966301997244717,-0.00019696807591763557,0.0009068834322754822,-0.0019454302035888627,0.005943150541822142,-0.0015262973408039565,-0.0008641528018955868,0.013853320725492096,0.0005978990061637123,0.009460415771710445,0.00394402604125589,0.030313828660023405,-0.0019091013996159136,0.0024420691340128298,-0.0003747802442912808,-0.00496165692032923,0.01754809236899359,0.000401691042457612,0.0020703000695796226,-0.0025966301997244717,0.029445400009260533,-0.0035392239852342243,-0.0009448908550670999,0.004685577434792903,0.010322940464176977,-0.00034672500915634494,0.00354104934074522,-0.0032426859082803697,0.003426491783016542,-0.002265260604307303,0.0005478014900706419,0.018572955522840256,0.012340795311992005,-0.0017851663729181364,-0.0013023776448574048,0.0012918685247656325,0.00973172606957209,0.001977908575189374,0.0013387723806871073,-0.00019696807591763557,-0.0035392239852342243,0.04616267635640618,0.0007591430569152235,-0.008488163948283629,-0.0001042465989504313,0.0015433739705662459,0.009313189731865863,0.011227118660098817,0.002975948787210303,0.011138447666254592,0.0015939901053059137,0.0005605132016455461,-0.0006377181068829498,-0.0018256284126518143,0.0014780018425597122,-0.0005351269020222086,-0.001211018937231362,0.003905459670872174,0.0003338774669202352,0.0009068834322754822,-0.0009448908550670999,0.0007591430569152235,0.011082287960670446
0.030087935369796086,-0.0018144147053951116,0.002970921172397413,0.0018426906352421685,-0.010798031822342973,-0.0009581527913928784,0.007505618773997515,0.001103939622621078,0.005258513458917454,0.001471661684589469,0.0010878574900859425,-0.002138991625369785,0.00763352865781515,-0.005826051048830454,0.0021502081286024267,0.004159643573514538,-0.0011628775010891477,-0.003109622394375446,0.005352911864995973,-0.000816273809022248,-0.0018144147053951116,0.01731443588600583,-0.002965175734193572,0.0077487918297789,0.011629348511720414,0.0013905232373325627,-0.004256618403965612,0.002521336222740816,0.006958840466867986,0.0012573456962293827,-0.0003594835889354237,-0.002276257810058224,-0.005264238321392601,0.005010491720980111,0.0011596350294919454,-0.0029862384663701218,0.007608243252140238,-0.006981427549514838,-0.0025658988884952726,0.0016319088428402313,0.002970921172397413,-0.002965175734193572,0.003952843400063372,-0.0044446356168615295,-0.008389933939241439,0.00019374343488018998,0.003057929585290679,-0.0024076915600101684,-0.005451738617358908,0.0007026738039770729,0.0027737198162486225,0.0012532251021829934,0.0034455999377805634,-0.002893361418132238,0.0001544000678764046,0.001735924922700954,-0.003016990780004539,0.004354251747312703,0.007036804533917345,-0.0011178676196382693,0.0018426906352421685,0.0077487918297789,-0.0044446356168615295,0.05437379416146457,0.01825692155766174,-0.005649681585417741,0.00022372893719666806,0.012218318275350326,0.00536262898851758,-0.0017276234952970032,-0.013534549491805421,3.0217590666887674e-5,-0.014950391413140827,0.005920971452853882,-0.002448216291744324,0.011040180928922956,0.013856548184676128,-0.014586491199984595,-0.00597042486385967,0.006944674616690505,-0.010798031822342973,0.011629348511720414,-0.008389933939241439,0.01825692155766174,0.07995916925977611,0.003775229106773313,-0.02085206378115749,0.01447400363172563,0.03879729878946918,-0.01167461418759672,-0.015055603000206055,-0.0007345061621463766,-0.006097615935512262,-0.008076350986592517,-3.2230390039179294e-5,-0.012678805530639964,0.017840654299249338,-0.01997153582135149,-0.038148662513331544,0.011854417337271063,-0.0009581527913928784,0.0013905232373325627,0.00019374343488018998,-0.005649681585417741,0.003775229106773313,0.007140967979428656,-0.0023048426933837195,-0.0019755834973355646,0.00434669589096027,0.003560184552879982,0.0034534848425829944,-0.00034916853656455306,0.0033270371324193113,-0.0004104800356840722,0.0028874305341457084,-0.005279031570786179,0.0014859096276745236,-0.0012955003242424755,-0.0012018425745606957,-0.0015048850144348874,0.007505618773997515,-0.004256618403965612,0.003057929585290679,0.00022372893719666806,-0.02085206378115749,-0.0023048426933837195,0.013220512084044414,-0.0029377592352810645,-0.0066302882749918555,0.0035685792953327796,0.002271575081724558,0.0002671448178641775,0.004715710521179116,0.0018097450622927536,-0.0003309142006817461,0.0068651531270559965,-0.004559064281494496,0.006480743113589028,0.009595785728049153,-0.0012431275495181514,0.001103939622621078,0.002521336222740816,-0.0024076915600101684,0.012218318275350326,0.01447400363172563,-0.0019755834973355646,-0.0029377592352810645,0.008917739087351117,0.00937125409101456,-0.0029960757484152013,-0.007285918249488927,-0.0013122441517669533,-0.004276493008271161,-0.0019000613542630568,-0.0014331834471617848,0.00020055200784896817,0.006024640307625251,-0.00694305883895854,-0.010716970717062152,0.0037297277526316445,0.005258513458917454,0.006958840466867986,-0.005451738617358908,0.00536262898851758,0.03879729878946918,0.00434669589096027,-0.0066302882749918555,0.00937125409101456,0.0782121993242772,-0.007012166970675957,-0.012833654042888951,-0.008191700073153098,0.004462142133913268,-0.01142869975902465,0.0013816019801512873,-0.015291565930865612,0.018915820708234627,-0.008690290413924447,-0.027868073826701423,0.004641456179014151,0.001471661684589469,0.0012573456962293827,0.0007026738039770729,-0.0017276234952970032,-0.01167461418759672,0.003560184552879982,0.0035685792953327796,-0.0029960757484152013,-0.007012166970675957,0.03520782078313378,0.007989036639169868,-0.0011080467614492503,0.0018839186505288635,0.009977026967926617,0.0043697043972431605,-0.009225646771656932,0.0012745700138251065,-0.0032018111984116176,0.018547183231304092,-0.004953376831688588,0.0010878574900859425,-0.0003594835889354237,0.0027737198162486225,-0.013534549491805421,-0.015055603000206055,0.0034534848425829944,0.002271575081724558,-0.007285918249488927,-0.012833654042888951,0.007989036639169868,0.017963505230505918,0.0006359450195808919,0.0030268534703962796,0.0008518633613792527,0.0041654688527366255,-0.0015741485221847148,-0.0056951487928299325,0.008747648477724305,0.01840816053004858,-0.0036591925449022873,-0.002138991625369785,-0.002276257810058224,0.0012532251021829934,3.0217590666887674e-5,-0.0007345061621463766,-0.00034916853656455306,0.0002671448178641775,-0.0013122441517669533,-0.008191700073153098,-0.0011080467614492503,0.0006359450195808919,0.005605196962338608,0.00037668758958339703,0.0014484590619449726,-0.0005756793659633887,0.002907661602891345,-0.0030269112904456217,0.0007877000223215367,0.004207824997280406,0.0006200868450333507,0.00763352865781515,-0.005264238321392601,0.0034455999377805634,-0.014950391413140827,-0.006097615935512262,0.0033270371324193113,0.004715710521179116,-0.004276493008271161,0.004462142133913268,0.0018839186505288635,0.0030268534703962796,0.00037668758958339703,0.024945284813636913,-0.0005232598401158327,0.0012500288262024743,-0.004866523218617015,-0.005668068903652637,0.002296867211296889,-0.0023106706688284934,0.0014185782340861448,-0.005826051048830454,0.005010491720980111,-0.002893361418132238,0.005920971452853882,-0.008076350986592517,-0.0004104800356840722,0.0018097450622927536,-0.0019000613542630568,-0.01142869975902465,0.009977026967926617,0.0008518633613792527,0.0014484590619449726,-0.0005232598401158327,0.033221398350758526,-0.00027373697679957033,-0.004522057556620943,-0.002165062576671553,-0.009347371164818423,-0.0007522003964522937,-0.0007365355764900759,0.0021502081286024267,0.0011596350294919454,0.0001544000678764046,-0.002448216291744324,-3.2230390039179294e-5,0.0028874305341457084,-0.0003309142006817461,-0.0014331834471617848,0.0013816019801512873,0.0043697043972431605,0.0041654688527366255,-0.0005756793659633887,0.0012500288262024743,-0.00027373697679957033,0.006592289762865862,-0.00314062065531301,0.0010922111808990363,-0.00047353699902365546,0.004660616141135819,-0.0012699627155021496,0.004159643573514538,-0.0029862384663701218,0.001735924922700954,0.011040180928922956,-0.012678805530639964,-0.005279031570786179,0.0068651531270559965,0.00020055200784896817,-0.015291565930865612,-0.009225646771656932,-0.0015741485221847148,0.002907661602891345,-0.004866523218617015,-0.004522057556620943,-0.00314062065531301,0.02949955666729194,-0.004691268901459443,0.008355988058162823,0.011239118465815141,0.00037547698441507,-0.0011628775010891477,0.007608243252140238,-0.003016990780004539,0.013856548184676128,0.017840654299249338,0.0014859096276745236,-0.004559064281494496,0.006024640307625251,0.018915820708234627,0.0012745700138251065,-0.0056951487928299325,-0.0030269112904456217,-0.005668068903652637,-0.002165062576671553,0.0010922111808990363,-0.004691268901459443,0.013743607421580073,-0.008739367895440192,-0.006881398674166563,0.0022032285543248844,-0.003109622394375446,-0.006981427549514838,0.004354251747312703,-0.014586491199984595,-0.01997153582135149,-0.0012955003242424755,0.006480743113589028,-0.00694305883895854,-0.008690290413924447,-0.0032018111984116176,0.008747648477724305,0.0007877000223215367,0.002296867211296889,-0.009347371164818423,-0.00047353699902365546,0.008355988058162823,-0.008739367895440192,0.03178202820974659,0.02197741917776623,-0.0028939729056405633,0.005352911864995973,-0.0025658988884952726,0.007036804533917345,-0.00597042486385967,-0.038148662513331544,-0.0012018425745606957,0.009595785728049153,-0.010716970717062152,-0.027868073826701423,0.018547183231304092,0.01840816053004858,0.004207824997280406,-0.0023106706688284934,-0.0007522003964522937,0.004660616141135819,0.011239118465815141,-0.006881398674166563,0.02197741917776623,0.0786063490912764,-0.009288156440978038,-0.000816273809022248,0.0016319088428402313,-0.0011178676196382693,0.006944674616690505,0.011854417337271063,-0.0015048850144348874,-0.0012431275495181514,0.0037297277526316445,0.004641456179014151,-0.004953376831688588,-0.0036591925449022873,0.0006200868450333507,0.0014185782340861448,-0.0007365355764900759,-0.0012699627155021496,0.00037547698441507,0.0022032285543248844,-0.0028939729056405633,-0.009288156440978038,0.006930722087257653
