0.04722576667815524,0.0023743381139401396,0.008404191915556846,0.00179703670355828,0.0028387432998202506,0.005777640499336479,0.004797380213958218,0.0019535734610157847,0.009139486232093718,0.004033021605624592,0.02260759541171944,0.0002509609802951511,0.0029410565723846814,0.0005970409933758526,0.007013424144412743,0.0022057009322978636,-0.0023448441214290894,0.002062942069224022,0.006594559548778596,0.008834531488406055,0.0023743381139401396,0.0013883192797009354,0.0006450890002939753,0.0006006319857085572,0.0012413105030430775,0.0011783824186131593,0.0005725374716111691,-1.2642262341015392e-5,0.0007584583507432487,0.00044081953593741756,0.0019064672854506518,0.0003934585152754737,0.0005401832890847527,0.001647785967950885,0.0017010817338448288,0.0003590776793383261,0.0006797084593622737,0.0011535785926172317,0.0008471552171599062,0.0007384027384568731,0.008404191915556846,0.0006450890002939753,0.016790740154711065,0.002569885971726669,0.006578780158003051,0.0019493050515925793,0.001375838400755074,0.0007813583523429515,0.0030468077107632732,0.0013534812393231237,0.010288436079066151,0.0012770980632463944,0.0012603034138961061,0.004063067722505616,0.0034839811670668635,0.0005197646831051918,0.00012216968760917648,0.0035391704967263305,0.003131372922630315,0.0035585010667251167,0.00179703670355828,0.0006006319857085572,0.002569885971726669,0.00686550595125791,0.004377692570383883,0.0015711861307419516,-0.0001540536918052348,0.00019674156959032082,0.0010932229628858412,0.0006623521955020248,0.002586194098917822,0.0008849769222942264,0.0015642787489096688,0.004123228559669747,0.003220332961842119,9.05768717810258e-5,0.0011685435315757324,0.003508444226376453,0.0018211746719735407,-0.0003448116312653812,0.0028387432998202506,0.0012413105030430775,0.006578780158003051,0.004377692570383883,0.03566663786953594,0.003786830265644168,0.003113084256580017,0.00016199960891153645,0.0024009465833424283,0.002834577721809449,0.013010118069841158,0.005737703750552032,0.003574443815970435,0.007496419438717894,0.005340486101410134,0.0010349824001619635,0.002446763238069143,0.004431318860916612,0.005396301477872052,0.004982085371773862,0.005777640499336479,0.0011783824186131593,0.0019493050515925793,0.0015711861307419516,0.003786830265644168,0.017585675773558126,0.001585959968735993,0.0009812583641380544,0.003695900452655921,0.0019137437363489272,0.007227720781484742,0.0021104424427712772,0.001405040581841889,0.004167184208052454,0.003345253939642693,0.0006025377937122271,0.004558069688543358,0.003467565010333108,0.0020215799717876945,0.003950633180538249,0.004797380213958218,0.0005725374716111691,0.001375838400755074,-0.0001540536918052348,0.003113084256580017,0.001585959968735993,0.004106594085142419,0.0006639813832735188,0.0024760919624352605,0.0009012420837284371,0.0054536071167071406,0.0018334235006212613,0.000964296126181826,0.0012106581961779887,0.0022431299820219403,0.0009205505788944526,0.0013131367591518919,0.0022174826216109743,0.0014255034863944987,0.004569887591458233,0.0019535734610157847,-1.2642262341015392e-5,0.0007813583523429515,0.00019674156959032082,0.00016199960891153645,0.0009812583641380544,0.0006639813832735188,0.0012937781871588403,0.0015714009390256677,0.0002765404695009145,0.00272474216122628,0.0007586007857547882,0.0005217787007342788,0.0011902971145837833,0.001125974554888293,0.0003289979086115621,0.0003734040924807732,0.0011460560678424995,0.0004370040915285101,0.002514207940313423,0.009139486232093718,0.0007584583507432487,0.0030468077107632732,0.0010932229628858412,0.0024009465833424283,0.003695900452655921,0.0024760919624352605,0.0015714009390256677,0.021712256890302227,0.001436315190564477,0.009605676502831426,0.0021412538619995673,0.0025913090381929037,0.004598727616543868,0.003957921466773238,0.0012422157052862253,0.003607820356972576,0.004990103949515285,0.002185815342682402,0.006383866677749964,0.004033021605624592,0.00044081953593741756,0.0013534812393231237,0.0006623521955020248,0.002834577721809449,0.0019137437363489272,0.0009012420837284371,0.0002765404695009145,0.001436315190564477,0.0036956929949474404,0.0028427361955649616,0.0008493285614676169,0.000969813803092647,0.0017494966102223498,0.0014798815394633904,0.000703838669426576,0.0014439874280553436,0.0012265860848894878,0.0010362724409357662,0.00034944741277986727,0.02260759541171944,0.0019064672854506518,0.010288436079066151,0.002586194098917822,0.013010118069841158,0.007227720781484742,0.0054536071167071406,0.00272474216122628,0.009605676502831426,0.0028427361955649616,0.04317049885744836,0.003532230559215606,0.0031366007156333857,0.005467997902911704,0.006598394260814025,0.002139111098293466,-0.0008956774906431431,0.006531664344474341,0.006841149801175098,0.012623712236764086,0.0002509609802951511,0.0003934585152754737,0.0012770980632463944,0.0008849769222942264,0.005737703750552032,0.0021104424427712772,0.0018334235006212613,0.0007586007857547882,0.0021412538619995673,0.0008493285614676169,0.003532230559215606,0.009895524062835984,0.0024077345816007475,0.004108061085571413,0.0032638157081043727,0.0002592232050279812,0.0026852604118091233,0.0030710129000587416,0.0003910047310055217,0.002186886953128459,0.0029410565723846814,0.0005401832890847527,0.0012603034138961061,0.0015642787489096688,0.003574443815970435,0.001405040581841889,0.000964296126181826,0.0005217787007342788,0.0025913090381929037,0.000969813803092647,0.0031366007156333857,0.0024077345816007475,0.003874501582470975,0.003402911669944106,0.0043560265216297045,0.00031977408468016543,0.0023150289105606523,0.003273520282477038,0.0007853871577361065,0.0021253520275470094,0.0005970409933758526,0.001647785967950885,0.004063067722505616,0.004123228559669747,0.007496419438717894,0.004167184208052454,0.0012106581961779887,0.0011902971145837833,0.004598727616543868,0.0017494966102223498,0.005467997902911704,0.004108061085571413,0.003402911669944106,0.027315147273462955,0.00831677416435168,0.0007784336535452711,0.004775002186480549,0.00642192204119418,0.003122540673980936,0.0004375148898168597,0.007013424144412743,0.0017010817338448288,0.0034839811670668635,0.003220332961842119,0.005340486101410134,0.003345253939642693,0.0022431299820219403,0.001125974554888293,0.003957921466773238,0.0014798815394633904,0.006598394260814025,0.0032638157081043727,0.0043560265216297045,0.00831677416435168,0.019624997649472696,0.001246520345320043,0.004192455425116079,0.009076648879939843,0.0019909838057256225,0.006291194905939957,0.0022057009322978636,0.0003590776793383261,0.0005197646831051918,9.05768717810258e-5,0.0010349824001619635,0.0006025377937122271,0.0009205505788944526,0.0003289979086115621,0.0012422157052862253,0.000703838669426576,0.002139111098293466,0.0002592232050279812,0.00031977408468016543,0.0007784336535452711,0.001246520345320043,0.0014934688039607185,0.0010533683335223697,0.0009368009335619422,0.0007132027331514045,0.0017220292716230339,-0.0023448441214290894,0.0006797084593622737,0.00012216968760917648,0.0011685435315757324,0.002446763238069143,0.004558069688543358,0.0013131367591518919,0.0003734040924807732,0.003607820356972576,0.0014439874280553436,-0.0008956774906431431,0.0026852604118091233,0.0023150289105606523,0.004775002186480549,0.004192455425116079,0.0010533683335223697,0.01496839632399348,0.006089872167510358,-0.0009624929974262654,0.0016746378689647115,0.002062942069224022,0.0011535785926172317,0.0035391704967263305,0.003508444226376453,0.004431318860916612,0.003467565010333108,0.0022174826216109743,0.0011460560678424995,0.004990103949515285,0.0012265860848894878,0.006531664344474341,0.0030710129000587416,0.003273520282477038,0.00642192204119418,0.009076648879939843,0.0009368009335619422,0.006089872167510358,0.020454002613584207,0.0014312635323175107,0.0031190419839922314,0.006594559548778596,0.0008471552171599062,0.003131372922630315,0.0018211746719735407,0.005396301477872052,0.0020215799717876945,0.0014255034863944987,0.0004370040915285101,0.002185815342682402,0.0010362724409357662,0.006841149801175098,0.0003910047310055217,0.0007853871577361065,0.003122540673980936,0.0019909838057256225,0.0007132027331514045,-0.0009624929974262654,0.0014312635323175107,0.006516684978069618,0.001925940554571873,0.008834531488406055,0.0007384027384568731,0.0035585010667251167,-0.0003448116312653812,0.004982085371773862,0.003950633180538249,0.004569887591458233,0.002514207940313423,0.006383866677749964,0.00034944741277986727,0.012623712236764086,0.002186886953128459,0.0021253520275470094,0.0004375148898168597,0.006291194905939957,0.0017220292716230339,0.0016746378689647115,0.0031190419839922314,0.001925940554571873,0.03464625589738698
0.039991339148156536,0.00012807871476930017,-0.004980379983783957,0.0031090013827068325,0.006051717325506781,-0.004153475264398705,-0.001062438669594538,0.002605631519869006,-0.001822751885074662,6.634779635934643e-5,-0.014228758297576936,-0.0018290341875585043,-0.00014639814767298398,0.0034090002740391817,-0.0035957996578962923,-0.0017639268001168361,0.003942313103825642,0.0032763039109345725,-0.0030213761236550017,-0.00871423787279529,0.00012807871476930017,0.0013289000441055227,-0.0010520845205632826,0.0005203689536151375,0.00074680500712829,0.0007083377073296014,0.0005687889905740674,-0.00014215378064116389,0.0015714789042094767,-0.00011954647460858342,0.0006696279149388657,0.000706079933435295,0.00041931499028022295,-0.0005025822172834937,-0.0015413647070795424,-0.0001115282580283362,-0.0007278087512702633,-0.0009804225509816044,2.5848177105072307e-5,-0.0011113266129376227,-0.004980379983783957,-0.0010520845205632826,0.01768819495322516,-0.0010699735655446457,-0.0032642476408385338,0.006285087404760513,0.0005764000636253043,0.0008977699608370169,-0.0003777745591634396,-0.000623461669887593,0.002494963163304129,-0.0030232164403240377,0.0008167942098852902,0.003547349086999645,0.003699506596359463,0.0017526332370255903,-0.000757091023039787,0.0045310407463759785,0.0026920369542098727,0.005946922617969627,0.0031090013827068325,0.0005203689536151375,-0.0010699735655446457,0.011270319733148364,-0.0006315762869528333,0.00145480075489623,0.0017667508635619154,-0.00038974919783495057,0.008237675880739623,-0.0022578173308045843,0.00622700861221799,0.0019866593955795544,0.0008457038923548202,-0.003849494683791088,0.0009070459331665282,-0.00014861115207912283,0.0011370665359331671,-0.0015556910896546055,0.0008781439792640368,-0.003645625926934914,0.006051717325506781,0.00074680500712829,-0.0032642476408385338,-0.0006315762869528333,0.02863839519075039,0.0013787515842628335,-0.002787302877516125,-0.0002914155585210382,0.003431217977555266,0.0022071974819078753,-0.0026971102882150477,4.475593022462735e-6,-0.001457961695702031,-0.006028535581388209,0.0015924804575632198,-0.0010584837865685284,0.004565958973973393,0.0018199017036133842,-0.003328842710966577,0.005011534530114272,-0.004153475264398705,0.0007083377073296014,0.006285087404760513,0.00145480075489623,0.0013787515842628335,0.025341522763847334,0.0020826774039156386,0.0003133450235539788,0.005621252130076299,-0.00014214822300435932,0.0024944409520647145,-1.707240895546478e-5,0.0031070768983230863,0.0022990797777408417,0.0011170816723441229,0.0019112212148940837,-0.0003466688380899624,0.006521485939184767,0.003607419872582145,0.008934129655979482,-0.001062438669594538,0.0005687889905740674,0.0005764000636253043,0.0017667508635619154,-0.002787302877516125,0.0020826774039156386,0.0032730322095249247,-0.00022788814564129854,0.000949702530428305,-0.0003827915322033909,0.0020057157471030738,0.0006672881453709803,0.0003523515077590314,0.0005371063330875589,0.0009763328737534011,0.0004166939104678168,0.00024779114054249764,-0.00020732091034908812,0.0008693241779547892,0.00026080603937355057,0.002605631519869006,-0.00014215378064116389,0.0008977699608370169,-0.00038974919783495057,-0.0002914155585210382,0.0003133450235539788,-0.00022788814564129854,0.0024350238787994925,-0.0013020797990600194,0.00014619177222500448,-0.002758401104310391,-0.0012937441845078397,2.721884950491223e-5,0.0019408509360077965,0.0010730617415152662,5.214540804302312e-5,0.0017716583806587137,0.0026691722161916883,0.0010366060281689431,-0.0006861051692146336,-0.001822751885074662,0.0015714789042094767,-0.0003777745591634396,0.008237675880739623,0.003431217977555266,0.005621252130076299,0.000949702530428305,-0.0013020797990600194,0.025250841487019296,-0.004044144766000101,0.007913458673697207,0.0035004776157819325,0.0023553824343536785,-0.002498894975767197,-0.00329916270389021,-0.00022295451853711104,-0.003941003175805892,-0.001818019204754421,0.0016646353939618495,0.0002373258039384571,6.634779635934643e-5,-0.00011954647460858342,-0.000623461669887593,-0.0022578173308045843,0.0022071974819078753,-0.00014214822300435932,-0.0003827915322033909,0.00014619177222500448,-0.004044144766000101,0.004115564817068979,-0.0021459810903409686,-4.352078350876685e-5,-0.0009684052201792526,0.0008945699843144017,0.0007519356692658124,-0.0001522455701226844,0.0028103996582314467,0.0015927866888197518,-0.000244227003112876,0.003010870327660578,-0.014228758297576936,0.0006696279149388657,0.002494963163304129,0.00622700861221799,-0.0026971102882150477,0.0024944409520647145,0.0020057157471030738,-0.002758401104310391,0.007913458673697207,-0.0021459810903409686,0.03953712222990026,0.005920864946844531,0.0019718644768063984,-0.005240888101717808,0.0031096350979043013,0.002439497805824897,0.0006677289276994839,-0.0016774217233160118,0.0013892413394729194,0.008912795041323956,-0.0018290341875585043,0.000706079933435295,-0.0030232164403240377,0.0019866593955795544,4.475593022462735e-6,-1.707240895546478e-5,0.0006672881453709803,-0.0012937441845078397,0.0035004776157819325,-4.352078350876685e-5,0.005920864946844531,0.010336060882111127,0.0006647170297462729,-0.0014354487233009794,-0.0008895967493131312,0.00041318711955953813,-0.0018672108825825585,-0.002230298317867964,-0.00039046380812664613,0.0018762984667386822,-0.00014639814767298398,0.00041931499028022295,0.0008167942098852902,0.0008457038923548202,-0.001457961695702031,0.0031070768983230863,0.0003523515077590314,2.721884950491223e-5,0.0023553824343536785,-0.0009684052201792526,0.0019718644768063984,0.0006647170297462729,0.003939292546424338,0.0010312446701021328,-0.001002481965919483,0.0008718555397777538,-0.0008248932287607679,0.0009951579130384619,0.0008583797608676886,-0.0003532339719547105,0.0034090002740391817,-0.0005025822172834937,0.003547349086999645,-0.003849494683791088,-0.006028535581388209,0.0022990797777408417,0.0005371063330875589,0.0019408509360077965,-0.002498894975767197,0.0008945699843144017,-0.005240888101717808,-0.0014354487233009794,0.0010312446701021328,0.02287239822724816,-0.0026283444495837863,0.0009172117934613445,0.00042869194572952923,0.002860049497926037,0.0019170510208248222,0.0023447772534139185,-0.0035957996578962923,-0.0015413647070795424,0.003699506596359463,0.0009070459331665282,0.0015924804575632198,0.0011170816723441229,0.0009763328737534011,0.0010730617415152662,-0.00329916270389021,0.0007519356692658124,0.0031096350979043013,-0.0008895967493131312,-0.001002481965919483,-0.0026283444495837863,0.025879698565250582,0.0013896009958260895,0.00803205226840253,0.007176231125299179,0.0031819501976372714,0.010778983616100767,-0.0017639268001168361,-0.0001115282580283362,0.0017526332370255903,-0.00014861115207912283,-0.0010584837865685284,0.0019112212148940837,0.0004166939104678168,5.214540804302312e-5,-0.00022295451853711104,-0.0001522455701226844,0.002439497805824897,0.00041318711955953813,0.0008718555397777538,0.0009172117934613445,0.0013896009958260895,0.001688027254729901,0.0006458668560092378,0.001471086488052185,0.0008290795738872037,0.0021477880674846,0.003942313103825642,-0.0007278087512702633,-0.000757091023039787,0.0011370665359331671,0.004565958973973393,-0.0003466688380899624,0.00024779114054249764,0.0017716583806587137,-0.003941003175805892,0.0028103996582314467,0.0006677289276994839,-0.0018672108825825585,-0.0008248932287607679,0.00042869194572952923,0.00803205226840253,0.0006458668560092378,0.017692875568139574,0.004596208023580817,0.0015061119347440429,0.004974186888504161,0.0032763039109345725,-0.0009804225509816044,0.0045310407463759785,-0.0015556910896546055,0.0018199017036133842,0.006521485939184767,-0.00020732091034908812,0.0026691722161916883,-0.001818019204754421,0.0015927866888197518,-0.0016774217233160118,-0.002230298317867964,0.0009951579130384619,0.002860049497926037,0.007176231125299179,0.001471086488052185,0.004596208023580817,0.020008620883567935,0.0022206239603527965,0.0071242869410841625,-0.0030213761236550017,2.5848177105072307e-5,0.0026920369542098727,0.0008781439792640368,-0.003328842710966577,0.003607419872582145,0.0008693241779547892,0.0010366060281689431,0.0016646353939618495,-0.000244227003112876,0.0013892413394729194,-0.00039046380812664613,0.0008583797608676886,0.0019170510208248222,0.0031819501976372714,0.0008290795738872037,0.0015061119347440429,0.0022206239603527965,0.0066239407591369695,0.0017803535992237077,-0.00871423787279529,-0.0011113266129376227,0.005946922617969627,-0.003645625926934914,0.005011534530114272,0.008934129655979482,0.00026080603937355057,-0.0006861051692146336,0.0002373258039384571,0.003010870327660578,0.008912795041323956,0.0018762984667386822,-0.0003532339719547105,0.0023447772534139185,0.010778983616100767,0.0021477880674846,0.004974186888504161,0.0071242869410841625,0.0017803535992237077,0.03685828876765881
