0.013021351756363911,0.001801343455776793,0.0002274897956290861,-0.0006114953043100107,-0.00012098327023551195,0.001110978126208655,0.0027945434895761756,0.0005374766563788647,0.0009144153661004603,0.0009237659887409519,0.004381119238232971,0.001780620281056224,0.0019624863734457876,0.003963639651202397,0.0004172977151567694,0.002237967458534832,0.0015111355800135862,0.0011065809864678772,0.0019094839817334393,-0.00046743512626875135,0.001801343455776793,0.016867063290864823,0.0008086079018236093,0.000504669980218509,-0.00032668771961947543,0.0008891059207402729,0.001148315659600194,0.001747323678534187,-0.0008009034967900006,9.329379935982252e-5,0.004557212399876274,0.00017914922174240978,-0.00035624360680344675,0.0021198711247674396,-0.002505227260214909,-0.001997125029908616,-0.00030285448494006713,0.00031597426635260426,-0.003608613159783917,-0.004773518755645891,0.0002274897956290861,0.0008086079018236093,0.002322594794793476,-1.7110383127743503e-5,0.00018914333786821454,8.2516300975504e-5,0.0013723538442050294,7.168695828075423e-5,-0.00023581669940445457,0.001358024912398786,0.0011068714582267503,0.00034604665814345805,0.0005058275070952904,0.0014618020275743936,0.0004325983745929661,-7.788048947391461e-5,-0.0005287655833729513,0.0001706388671242018,3.145690974708515e-5,0.0020885508785692102,-0.0006114953043100107,0.000504669980218509,-1.7110383127743503e-5,0.0042885999941768265,-3.7225848692229114e-5,-0.0003368167176883602,-0.0002018264260851252,0.00040062978931471076,-0.0005782638764628913,-0.0008166532759634722,0.0001849040581399362,0.00010415738665989086,0.00011186166491227608,0.0003328758996341992,0.0011782945712796502,-0.0005397600326490441,0.0008541257625823324,-0.0002634345582914451,0.0004090924021087018,-0.00047737304331040215,-0.00012098327023551195,-0.00032668771961947543,0.00018914333786821454,-3.7225848692229114e-5,0.0023389341545895365,-3.3280549477412416e-6,0.0023967505554183407,0.00014981097184919883,0.0005429164702500086,0.0002640264078522616,0.001110470498166807,0.00028662617919504184,0.00021849316451575366,-0.0010664099699371887,0.000705953792019225,-0.0008898843527028297,-0.0002302606427022267,0.00012220594778777606,0.00039314560334264236,-0.0006927863993775516,0.001110978126208655,0.0008891059207402729,8.2516300975504e-5,-0.0003368167176883602,-3.3280549477412416e-6,0.0023680407231140366,0.00045057614789902555,0.00014356457232941644,-1.443619722523866e-7,0.0004006545937794394,-0.00019412943378575712,2.272281952531845e-5,-0.00017635839256860772,0.0009878947807969666,-0.0003993997881270576,0.0010503367671011632,0.00026274473723303827,0.00017763407588956118,-0.00017607586650825502,0.0008272231132765089,0.0027945434895761756,0.001148315659600194,0.0013723538442050294,-0.0002018264260851252,0.0023967505554183407,0.00045057614789902555,0.040743380764257806,-5.380701453295283e-5,-7.4034437021156e-5,0.003203456594200554,0.006554938224882248,0.0026415063823323204,0.0036952453101490165,0.0028426403158083218,0.0031373675837346143,-0.006988421764770474,0.003484720641264717,0.0004863643156255071,0.004691941733108087,-0.0030703801962653266,0.0005374766563788647,0.001747323678534187,7.168695828075423e-5,0.00040062978931471076,0.00014981097184919883,0.00014356457232941644,-5.380701453295283e-5,0.003090880802891706,-0.00042640538058684517,-0.00034787740818861227,0.0018569656131313921,-0.0005130965640552471,0.00031545735850946127,0.0003635800987889798,-0.0005821883330299367,-6.639818267502193e-5,0.0007923211691764734,-0.0003204583355693205,0.00018113230239662925,-2.2650755203967418e-5,0.0009144153661004603,-0.0008009034967900006,-0.00023581669940445457,-0.0005782638764628913,0.0005429164702500086,-1.443619722523866e-7,-7.4034437021156e-5,-0.00042640538058684517,0.007646054686315764,-0.0003752370703103123,-0.0006490331934831411,-0.0003371783226498324,-0.000155015936726386,6.245614537412985e-5,-0.0007532501613419335,0.00333002666824071,-0.0008977764527599951,0.0004924351194632113,0.00041920342920972336,0.0006667917020641901,0.0009237659887409519,9.329379935982252e-5,0.001358024912398786,-0.0008166532759634722,0.0002640264078522616,0.0004006545937794394,0.003203456594200554,-0.00034787740818861227,-0.0003752370703103123,0.006791872427227468,0.003049036819459312,0.0005873722252126002,0.0011713894479360007,0.0013775700677376677,0.0004263189206169517,-0.00046779642915422743,-0.0001835045179695424,0.0005798446841430627,0.0014566751073573372,0.0016627132118802212,0.004381119238232971,0.004557212399876274,0.0011068714582267503,0.0001849040581399362,0.001110470498166807,-0.00019412943378575712,0.006554938224882248,0.0018569656131313921,-0.0006490331934831411,0.003049036819459312,0.023159322181055757,0.00120379136602058,-3.3690982124880946e-6,0.0027694936779587113,0.0007310418978414445,-0.006031634970954939,0.0006015028230398017,0.0011959184060942088,0.002562970624192731,-0.006566195087376589,0.001780620281056224,0.00017914922174240978,0.00034604665814345805,0.00010415738665989086,0.00028662617919504184,2.272281952531845e-5,0.0026415063823323204,-0.0005130965640552471,-0.0003371783226498324,0.0005873722252126002,0.00120379136602058,0.008320325567509437,0.0028335661284393625,-0.0005583872087979241,0.001824834553923611,-0.0008688038810681256,0.00044602644277846773,0.00042992934590701333,-0.00024205099291383693,0.000513852965900527,0.0019624863734457876,-0.00035624360680344675,0.0005058275070952904,0.00011186166491227608,0.00021849316451575366,-0.00017635839256860772,0.0036952453101490165,0.00031545735850946127,-0.000155015936726386,0.0011713894479360007,-3.3690982124880946e-6,0.0028335661284393625,0.00953148313798728,-0.00018545397124530537,0.0013764014255574772,0.0007892064785121379,0.0011171854334373675,3.6948921762212334e-5,0.00026642924651303415,0.0017218509036250212,0.003963639651202397,0.0021198711247674396,0.0014618020275743936,0.0003328758996341992,-0.0010664099699371887,0.0009878947807969666,0.0028426403158083218,0.0003635800987889798,6.245614537412985e-5,0.0013775700677376677,0.0027694936779587113,-0.0005583872087979241,-0.00018545397124530537,0.014145988703033527,0.00011470470187424075,0.0006685221745852815,0.0032097831397356813,0.0011101417642224954,0.003915318139735788,-7.698950786953738e-5,0.0004172977151567694,-0.002505227260214909,0.0004325983745929661,0.0011782945712796502,0.000705953792019225,-0.0003993997881270576,0.0031373675837346143,-0.0005821883330299367,-0.0007532501613419335,0.0004263189206169517,0.0007310418978414445,0.001824834553923611,0.0013764014255574772,0.00011470470187424075,0.009083893852041109,0.00010997429704217417,0.00028668499331212217,1.388392365056614e-5,0.0032015900757540678,0.0019993848663841757,0.002237967458534832,-0.001997125029908616,-7.788048947391461e-5,-0.0005397600326490441,-0.0008898843527028297,0.0010503367671011632,-0.006988421764770474,-6.639818267502193e-5,0.00333002666824071,-0.00046779642915422743,-0.006031634970954939,-0.0008688038810681256,0.0007892064785121379,0.0006685221745852815,0.00010997429704217417,0.01946759688491409,-0.0007876665539889256,-0.0003631887377587954,-0.0002999512449701631,0.007876450981604199,0.0015111355800135862,-0.00030285448494006713,-0.0005287655833729513,0.0008541257625823324,-0.0002302606427022267,0.00026274473723303827,0.003484720641264717,0.0007923211691764734,-0.0008977764527599951,-0.0001835045179695424,0.0006015028230398017,0.00044602644277846773,0.0011171854334373675,0.0032097831397356813,0.00028668499331212217,-0.0007876665539889256,0.008161908035982398,0.0002430174334972166,0.0024451072449148264,-0.001063530985312411,0.0011065809864678772,0.00031597426635260426,0.0001706388671242018,-0.0002634345582914451,0.00012220594778777606,0.00017763407588956118,0.0004863643156255071,-0.0003204583355693205,0.0004924351194632113,0.0005798446841430627,0.0011959184060942088,0.00042992934590701333,3.6948921762212334e-5,0.0011101417642224954,1.388392365056614e-5,-0.0003631887377587954,0.0002430174334972166,0.0015887589523878609,0.0014960496868530713,-0.00029108473354371627,0.0019094839817334393,-0.003608613159783917,3.145690974708515e-5,0.0004090924021087018,0.00039314560334264236,-0.00017607586650825502,0.004691941733108087,0.00018113230239662925,0.00041920342920972336,0.0014566751073573372,0.002562970624192731,-0.00024205099291383693,0.00026642924651303415,0.003915318139735788,0.0032015900757540678,-0.0002999512449701631,0.0024451072449148264,0.0014960496868530713,0.01428308194750343,0.001117721717176485,-0.00046743512626875135,-0.004773518755645891,0.0020885508785692102,-0.00047737304331040215,-0.0006927863993775516,0.0008272231132765089,-0.0030703801962653266,-2.2650755203967418e-5,0.0006667917020641901,0.0016627132118802212,-0.006566195087376589,0.000513852965900527,0.0017218509036250212,-7.698950786953738e-5,0.0019993848663841757,0.007876450981604199,-0.001063530985312411,-0.00029108473354371627,0.001117721717176485,0.032928530069979665
0.01865492623839157,0.005792680906564358,2.4690538474129847e-5,0.0033757749005161137,0.002140702377,-0.0004915228738462515,0.007949715294601528,0.003794370689804343,0.0014127773399287109,0.0037146400721683255,-0.0006431719167490482,0.004926747100686812,-0.0040443113573205,0.0033481012039984675,0.003549212847278231,-0.004307670363589664,0.0027063794643711206,0.0009384323044861465,0.003915925428551244,0.01002392696026308,0.005792680906564358,0.016217988823105784,0.00019111294174917236,0.0018194446460964631,0.0019058542650382763,0.0005603293124657524,0.009974849882404593,0.001136662064964298,-0.0005264842462215336,0.002789966501930281,-0.0010441094902407765,0.005303697291877447,0.0025684789738558587,0.003353320830595399,0.004097716204043355,0.0034615060087812262,0.003138201173007133,0.0014873254557418287,0.003589857487783667,0.004445638276318935,2.4690538474129847e-5,0.00019111294174917236,0.002237793893025989,0.0008801059649762419,0.00029053116628757205,0.0008264972149733193,0.002527605250090454,0.00021439295568396723,0.0004246794892306193,-0.0001014961052853736,0.0022338499877110223,0.001070112170650026,0.0011113465287960842,0.0011719938390416058,-0.00048490092587747036,0.001242449261037663,0.0006669835799585939,0.0007604790555058793,0.0013802906951329683,0.0009840880977136273,0.0033757749005161137,0.0018194446460964631,0.0008801059649762419,0.007642384772102844,0.0016495329756768718,0.0015227433602064484,0.006345712509696207,0.0012672495906558114,0.0021000536411969212,0.0034029132916200216,-0.0002689002667405001,0.0019084080674265508,0.0013625125001374085,0.002055745196414334,0.0009333977450288322,0.0018641421155180806,0.002932534339327378,0.0017483344394782362,0.0016674852065924793,0.0033947578447362245,0.002140702377,0.0019058542650382763,0.00029053116628757205,0.0016495329756768718,0.004275267450262038,-0.0007409205194050263,-0.0008002929510764704,0.0011584313129521452,0.0014043263243862741,0.0026617475868636,-0.00021976417813684821,0.0005570795046649502,0.00021670188512922165,0.0009948906000053382,0.0025950284316321706,0.003371954939545635,0.002196258962183165,0.0006822274980223323,0.0011394888969414037,-4.736643603549293e-5,-0.0004915228738462515,0.0005603293124657524,0.0008264972149733193,0.0015227433602064484,-0.0007409205194050263,0.003549224049263242,0.00368063779493907,5.5067796470801995e-6,0.0016947613980854684,-2.3835153482777294e-5,0.0024187539765951433,0.0019137518936615519,0.0016044184523270578,0.0005453815315428057,0.00012830485447018112,0.00010208944537117092,0.0006948216688213136,0.000997882021058615,0.0032004102185029144,0.0015808464050443812,0.007949715294601528,0.009974849882404593,0.002527605250090454,0.006345712509696207,-0.0008002929510764704,0.00368063779493907,0.05872291358644587,-0.0013831220046237544,-0.0005683635864452961,-0.000358503239018635,0.008234357745726124,0.008336477003270261,0.0076333133939777776,0.009724450899203109,-0.0005735544763930936,0.011837565830266421,0.0018945291550832443,0.004809486151301168,0.0049171624088998715,0.011574051996348872,0.003794370689804343,0.001136662064964298,0.00021439295568396723,0.0012672495906558114,0.0011584313129521452,5.5067796470801995e-6,-0.0013831220046237544,0.004291884927751168,0.0023388226319933135,0.0015302780535996316,-0.0004862197551291985,0.0032766743330075385,-0.0013039457404466176,0.0013898280809089183,0.0031910428694238123,-0.00044373290978352137,0.0012485747513107876,0.00048311385751476804,0.0018646142909266087,0.002310110512017476,0.0014127773399287109,-0.0005264842462215336,0.0004246794892306193,0.0021000536411969212,0.0014043263243862741,0.0016947613980854684,-0.0005683635864452961,0.0023388226319933135,0.010809471882300695,0.0035537534648535487,-0.0020383620767646417,0.0038139630407519835,-0.002540609958002642,-0.0024301082221542874,0.001997967806029997,-0.0009406516237196757,0.0022813084784394236,0.0012878188279593515,0.004775758828800686,0.0011433479412514417,0.0037146400721683255,0.002789966501930281,-0.0001014961052853736,0.0034029132916200216,0.0026617475868636,-2.3835153482777294e-5,-0.000358503239018635,0.0015302780535996316,0.0035537534648535487,0.0084960791815481,-0.004223397579974954,0.0011912670440568604,-0.0006193262256061693,-0.0021095219105473455,0.002663756465161797,0.0013222055858618062,0.002580574612896458,0.0011843127554525285,0.0015707140753824943,0.0017015713163134976,-0.0006431719167490482,-0.0010441094902407765,0.0022338499877110223,-0.0002689002667405001,-0.00021976417813684821,0.0024187539765951433,0.008234357745726124,-0.0004862197551291985,-0.0020383620767646417,-0.004223397579974954,0.02573065659195253,0.0016758147647744246,0.0031157888112606936,0.008205504454334427,-0.0007277202340309194,0.004376913213950949,-0.0011199587962871364,-8.71670454404022e-5,0.002345503860167971,0.005725022529119512,0.004926747100686812,0.005303697291877447,0.001070112170650026,0.0019084080674265508,0.0005570795046649502,0.0019137518936615519,0.008336477003270261,0.0032766743330075385,0.0038139630407519835,0.0011912670440568604,0.0016758147647744246,0.01304773362247088,-0.0013876115758235156,0.0035652131850044937,0.004487642718920872,0.0002149541260777869,0.0036765537683517337,0.00155633055592085,0.0058105120730632225,0.004799175398424638,-0.0040443113573205,0.0025684789738558587,0.0011113465287960842,0.0013625125001374085,0.00021670188512922165,0.0016044184523270578,0.0076333133939777776,-0.0013039457404466176,-0.002540609958002642,-0.0006193262256061693,0.0031157888112606936,-0.0013876115758235156,0.014933508238643832,0.004285080387890919,0.0010623304603615087,0.008960848431288242,0.0008391992187299334,0.0014808027635896987,-0.0013317965675801783,-0.004397443664816659,0.0033481012039984675,0.003353320830595399,0.0011719938390416058,0.002055745196414334,0.0009948906000053382,0.0005453815315428057,0.009724450899203109,0.0013898280809089183,-0.0024301082221542874,-0.0021095219105473455,0.008205504454334427,0.0035652131850044937,0.004285080387890919,0.016779320625534118,0.00331130036547652,0.005213305502637778,-0.0001167009862295953,0.000284684990296633,0.0024330395460645817,0.0028388458574066565,0.003549212847278231,0.004097716204043355,-0.00048490092587747036,0.0009333977450288322,0.0025950284316321706,0.00012830485447018112,-0.0005735544763930936,0.0031910428694238123,0.001997967806029997,0.002663756465161797,-0.0007277202340309194,0.004487642718920872,0.0010623304603615087,0.00331130036547652,0.010304612484525492,0.003868520597357721,0.003067327133883111,0.0003164243118175305,0.0018663269913117252,-0.0014797394821424485,-0.004307670363589664,0.0034615060087812262,0.001242449261037663,0.0018641421155180806,0.003371954939545635,0.00010208944537117092,0.011837565830266421,-0.00044373290978352137,-0.0009406516237196757,0.0013222055858618062,0.004376913213950949,0.0002149541260777869,0.008960848431288242,0.005213305502637778,0.003868520597357721,0.025241766619935716,0.00254643098529373,0.0028955465312282603,-0.0026546680292746875,-0.003034258063994261,0.0027063794643711206,0.003138201173007133,0.0006669835799585939,0.002932534339327378,0.002196258962183165,0.0006948216688213136,0.0018945291550832443,0.0012485747513107876,0.0022813084784394236,0.002580574612896458,-0.0011199587962871364,0.0036765537683517337,0.0008391992187299334,-0.0001167009862295953,0.003067327133883111,0.00254643098529373,0.007493318246867391,0.0013007338146068764,0.001142727333788112,0.001596655969429732,0.0009384323044861465,0.0014873254557418287,0.0007604790555058793,0.0017483344394782362,0.0006822274980223323,0.000997882021058615,0.004809486151301168,0.00048311385751476804,0.0012878188279593515,0.0011843127554525285,-8.71670454404022e-5,0.00155633055592085,0.0014808027635896987,0.000284684990296633,0.0003164243118175305,0.0028955465312282603,0.0013007338146068764,0.0025665933434737536,0.0022110914128303442,0.002318998687248377,0.003915925428551244,0.003589857487783667,0.0013802906951329683,0.0016674852065924793,0.0011394888969414037,0.0032004102185029144,0.0049171624088998715,0.0018646142909266087,0.004775758828800686,0.0015707140753824943,0.002345503860167971,0.0058105120730632225,-0.0013317965675801783,0.0024330395460645817,0.0018663269913117252,-0.0026546680292746875,0.001142727333788112,0.0022110914128303442,0.017348429547348,0.005349663679820153,0.01002392696026308,0.004445638276318935,0.0009840880977136273,0.0033947578447362245,-4.736643603549293e-5,0.0015808464050443812,0.011574051996348872,0.002310110512017476,0.0011433479412514417,0.0017015713163134976,0.005725022529119512,0.004799175398424638,-0.004397443664816659,0.0028388458574066565,-0.0014797394821424485,-0.003034258063994261,0.001596655969429732,0.002318998687248377,0.005349663679820153,0.036897157947501424
