0.0032191847796477465,5.1461865748953864e-5,-0.00010233057501969197,3.326142349993898e-5,0.0006081944640810936,0.0012378756115073897,-0.00032443166911678663,0.000855057341898783,0.000670800150854599,9.731538564171536e-5,0.0003850010252016374,0.0006248540318949821,-7.821605114684084e-6,6.86054818391919e-5,0.0005025310607908193,0.0004522805021234808,0.00013716518845808092,1.8028581443051114e-5,0.0003570146771290921,0.00045686214436605437,5.1461865748953864e-5,0.002970214936270806,0.0001803112216167171,0.0002909054806040588,-0.00010168239704209109,0.0007368216137899561,9.407565536254424e-5,8.527007937930134e-5,0.0006541599026331395,0.00042570222098815423,2.0366670144818325e-6,0.0008299246231360777,9.112872885852244e-5,0.0003185936577766214,0.0006964038274136054,6.792654928481601e-5,0.0006259179768952107,0.00046315740933673113,4.4619748304528186e-5,0.0002577505287049565,-0.00010233057501969197,0.0001803112216167171,0.0021244615388318756,2.5294907979476982e-6,0.00042255595150200465,-8.381234490488956e-5,0.00028387712509555976,0.00047963030229097143,0.0006628149483611455,0.0003420013793932359,0.00012082925212653332,6.91029955071176e-6,-4.509223572742019e-5,0.00015750805433892816,-0.0001605090797891452,0.000468523386452548,0.0001857519055129971,0.00019702406421536378,-5.441392987827069e-5,0.00012052795642306476,3.326142349993898e-5,0.0002909054806040588,2.5294907979476982e-6,0.00152464256814874,-0.00014189745231154395,0.00040231722143554657,-0.00045471601083472795,0.0007461444554916403,0.0003935674432641137,9.274373001180372e-5,0.00013583902650142173,0.00012432211435707481,-3.4041368809607144e-5,-9.168377147311607e-5,0.0003985592720946178,5.977369121944244e-5,0.00033199371613682567,0.00024178787060945804,-4.5297454371290975e-5,0.00019563716771167094,0.0006081944640810936,-0.00010168239704209109,0.00042255595150200465,-0.00014189745231154395,0.003912055383872864,-0.0001913359375065763,0.0013883328458985252,0.0001711118861294432,0.0007975902482622716,0.0004819513373439819,5.515318047709383e-5,-0.0002216359872337569,0.000544679202281085,-6.99271397296016e-5,0.0018876645007126353,0.00023994888192066012,0.00041352198240852977,5.917755475170943e-5,0.00012152102728366822,0.001398413574976502,0.0012378756115073897,0.0007368216137899561,-8.381234490488956e-5,0.00040231722143554657,-0.0001913359375065763,0.01323427480500942,0.0010017917576858643,8.723625360416792e-5,0.0014376220104991987,0.00015333707900095473,3.068017012781506e-5,0.0008277261675435827,0.0009026361444767006,0.00012616428388979124,0.0018532072235159392,0.0011438466733390044,0.000458436006016931,-5.031189809897957e-5,0.0011088610469648498,0.0005341477856995162,-0.00032443166911678663,9.407565536254424e-5,0.00028387712509555976,-0.00045471601083472795,0.0013883328458985252,0.0010017917576858643,0.019827550297161507,0.0016901828819489671,0.0015867260105335006,0.0008999576343279089,0.00021022995930168554,0.0010972482708269072,0.001165649751185117,0.00047413642759920453,0.0015360493283658576,0.0010045951418795299,0.0006077659530659688,-0.0007913020475081538,-0.0005402001453533249,0.0017742179571860182,0.000855057341898783,8.527007937930134e-5,0.00047963030229097143,0.0007461444554916403,0.0001711118861294432,8.723625360416792e-5,0.0016901828819489671,0.01615906736896276,0.0011449971764984478,0.0008659536043720247,0.0007992119869627765,0.002736730028702925,0.0005226338298836848,0.00019032673330595138,0.0017929612530238688,0.0007371207617578077,0.0006476966911126401,0.00026886540728042355,-0.00019775501824411597,0.00039369086042754977,0.000670800150854599,0.0006541599026331395,0.0006628149483611455,0.0003935674432641137,0.0007975902482622716,0.0014376220104991987,0.0015867260105335006,0.0011449971764984478,0.010537956534004574,0.00046258415250831537,0.00126912588915829,0.001495948401913567,0.00036082576001922843,0.0004950910434225501,0.0018224246185012249,0.0009095894868890829,0.0005608176762285648,0.0004788346478397619,5.149572848572764e-5,0.0016372244138217944,9.731538564171536e-5,0.00042570222098815423,0.0003420013793932359,9.274373001180372e-5,0.0004819513373439819,0.00015333707900095473,0.0008999576343279089,0.0008659536043720247,0.00046258415250831537,0.002141458289963072,0.00015985861925328458,0.0003758978481070591,-0.00023729588351824798,9.040819578658713e-5,0.001327400518059733,0.0004876187615726252,0.0003932658292161118,6.555180635763306e-5,0.0004751408152042705,0.0007449193076840793,0.0003850010252016374,2.0366670144818325e-6,0.00012082925212653332,0.00013583902650142173,5.515318047709383e-5,3.068017012781506e-5,0.00021022995930168554,0.0007992119869627765,0.00126912588915829,0.00015985861925328458,0.0033932712235430606,0.00016340125108888848,0.00030030958006442706,0.0001434794435019157,0.0010684471299470984,0.0005991065901875298,0.00013135852395249195,0.0004009707523558203,-8.52344133005328e-5,0.00025377803314279794,0.0006248540318949821,0.0008299246231360777,6.91029955071176e-6,0.00012432211435707481,-0.0002216359872337569,0.0008277261675435827,0.0010972482708269072,0.002736730028702925,0.001495948401913567,0.0003758978481070591,0.00016340125108888848,0.012081182196222994,-0.0001130683346220786,0.00027197956179898894,-0.00032451405674230696,0.000605409420688268,0.00018877634924911784,3.1793004911904595e-5,0.00022782633220150118,0.00019774477851782635,-7.821605114684084e-6,9.112872885852244e-5,-4.509223572742019e-5,-3.4041368809607144e-5,0.000544679202281085,0.0009026361444767006,0.001165649751185117,0.0005226338298836848,0.00036082576001922843,-0.00023729588351824798,0.00030030958006442706,-0.0001130683346220786,0.0059239028515950705,0.00030933339659877787,0.0019157321510006255,0.00019653905734058353,6.453035073214299e-5,-7.576167483079393e-5,0.00014777117772993374,0.0015084161542907276,6.86054818391919e-5,0.0003185936577766214,0.00015750805433892816,-9.168377147311607e-5,-6.99271397296016e-5,0.00012616428388979124,0.00047413642759920453,0.00019032673330595138,0.0004950910434225501,9.040819578658713e-5,0.0001434794435019157,0.00027197956179898894,0.00030933339659877787,0.0021073058545631315,0.0007215485395553984,0.00028769420780452534,0.00012046059572361671,0.00014198218292882375,3.9378007909276114e-5,0.0007555267933604735,0.0005025310607908193,0.0006964038274136054,-0.0001605090797891452,0.0003985592720946178,0.0018876645007126353,0.0018532072235159392,0.0015360493283658576,0.0017929612530238688,0.0018224246185012249,0.001327400518059733,0.0010684471299470984,-0.00032451405674230696,0.0019157321510006255,0.0007215485395553984,0.024620190684865272,0.0002901037057825589,0.0013046880211146335,0.0007232617461390841,0.0005305311517369066,0.0010462298689597337,0.0004522805021234808,6.792654928481601e-5,0.000468523386452548,5.977369121944244e-5,0.00023994888192066012,0.0011438466733390044,0.0010045951418795299,0.0007371207617578077,0.0009095894868890829,0.0004876187615726252,0.0005991065901875298,0.000605409420688268,0.00019653905734058353,0.00028769420780452534,0.0002901037057825589,0.003869211039735555,0.00018340894125564849,4.228544692648557e-6,8.212454518993483e-5,0.001183681853499435,0.00013716518845808092,0.0006259179768952107,0.0001857519055129971,0.00033199371613682567,0.00041352198240852977,0.000458436006016931,0.0006077659530659688,0.0006476966911126401,0.0005608176762285648,0.0003932658292161118,0.00013135852395249195,0.00018877634924911784,6.453035073214299e-5,0.00012046059572361671,0.0013046880211146335,0.00018340894125564849,0.0013875830369024299,0.0002718493543482653,-9.048165677166672e-5,0.0005233901730400312,1.8028581443051114e-5,0.00046315740933673113,0.00019702406421536378,0.00024178787060945804,5.917755475170943e-5,-5.031189809897957e-5,-0.0007913020475081538,0.00026886540728042355,0.0004788346478397619,6.555180635763306e-5,0.0004009707523558203,3.1793004911904595e-5,-7.576167483079393e-5,0.00014198218292882375,0.0007232617461390841,4.228544692648557e-6,0.0002718493543482653,0.0018708319544332136,0.0001080937162437894,0.0007684093569512746,0.0003570146771290921,4.4619748304528186e-5,-5.441392987827069e-5,-4.5297454371290975e-5,0.00012152102728366822,0.0011088610469648498,-0.0005402001453533249,-0.00019775501824411597,5.149572848572764e-5,0.0004751408152042705,-8.52344133005328e-5,0.00022782633220150118,0.00014777117772993374,3.9378007909276114e-5,0.0005305311517369066,8.212454518993483e-5,-9.048165677166672e-5,0.0001080937162437894,0.002712380072393071,0.00017274591454601626,0.00045686214436605437,0.0002577505287049565,0.00012052795642306476,0.00019563716771167094,0.001398413574976502,0.0005341477856995162,0.0017742179571860182,0.00039369086042754977,0.0016372244138217944,0.0007449193076840793,0.00025377803314279794,0.00019774477851782635,0.0015084161542907276,0.0007555267933604735,0.0010462298689597337,0.001183681853499435,0.0005233901730400312,0.0007684093569512746,0.00017274591454601626,0.02071858378085175
