0.006049801602114224,0.000915637419064514,-0.0014817792586686851,-0.004352030460131421,-0.0013145478525586733,0.0008025450822296953,0.0012437041519416992,0.000126948418444716,0.0005254709905446191,-0.0002518538231159937,0.0004413276674693548,-0.00032348032010420466,0.0019477641323316424,0.0011611423411336922,-0.0006290317412842439,-0.0001741300041488119,0.0001691060458772978,0.00240754781443651,-0.00012064285813859308,-2.6082612609746722e-5,0.000915637419064514,0.006457560138036299,0.0008422516769322271,-0.0016237910284608475,0.000803949961371174,0.0010311160227072904,0.0025275020304287715,0.00015039650634643469,5.08930352221646e-5,0.00022387750793869294,0.0002879795508522117,0.0005855517439444069,0.005965765673882519,0.0003657158763026822,-2.0739008113652896e-5,-0.000316079089049912,0.0006375546640648612,0.0024209504982201906,-0.0005720922574451685,0.00028645230721141714,-0.0014817792586686851,0.0008422516769322271,0.027198176586405092,0.006575552864270617,0.0054257410086412,0.0005635381144884074,-0.001988700354373131,0.0005046612389267046,0.003976867057365189,0.0019470265002930302,0.0003529031903668536,-0.0001024062904921363,0.003353784527928022,0.0021765371430059652,0.002372413715592203,0.0010362241686731862,0.002228791313169695,-0.0008566941174469676,0.0016769158767586429,0.0011951234441120078,-0.004352030460131421,-0.0016237910284608475,0.006575552864270617,0.037056558013581674,0.0005257487384879485,-0.002179888013791283,-0.0076223094759597584,-7.304782601775545e-5,0.00450753293000155,0.0018872706107257624,-0.0010202297470984683,0.0005971292988381471,-0.002177659327556365,-0.00048001136781724825,0.003315662515215781,-0.0005593632690976454,0.0020529844668444068,-0.005260310326942663,0.0020571750683275485,0.0003532124389476758,-0.0013145478525586733,0.000803949961371174,0.0054257410086412,0.0005257487384879485,0.02573266939342985,1.306913344231096e-5,0.0029319950317284443,-0.001129806483122468,0.0028676007683809753,0.0009145561014586907,0.00022028125859513458,-0.0028179946657369325,0.002323212674299643,0.003264506121987089,0.0015944069412907834,0.0015062370425834217,-0.0003195274617323557,-0.0006807583067912536,-0.0016197560234134773,0.00029953505641172845,0.0008025450822296953,0.0010311160227072904,0.0005635381144884074,-0.002179888013791283,1.306913344231096e-5,0.0036695011430320926,0.0009892117696317156,-1.0755191736296893e-5,-0.00045650409123933287,0.00015307546372822628,0.0007157020027282067,0.0001347573344310619,-6.80635667777099e-5,-0.0004802743933264687,5.077398298759667e-5,-0.00010316211676785323,0.0004908053213424585,0.0017813844605477826,-0.0004617051884936371,0.0005468827745524385,0.0012437041519416992,0.0025275020304287715,-0.001988700354373131,-0.0076223094759597584,0.0029319950317284443,0.0009892117696317156,0.018949566554954656,0.00030765086244521867,0.0009947803140610437,-0.00044083511814462884,-0.00035065834978578573,0.0022043629743569697,0.0046281025546494586,-0.0001659964323495683,-0.0003443777617640024,-0.0008067504057116394,0.00028740755943732616,0.0034515990479267074,0.00019532309434557482,0.0003003787553378678,0.000126948418444716,0.00015039650634643469,0.0005046612389267046,-7.304782601775545e-5,-0.001129806483122468,-1.0755191736296893e-5,0.00030765086244521867,0.0018554723101987215,-0.00016900402826572634,-4.5891749688298336e-5,-5.0064938714127704e-5,0.0003586416038886581,0.00015905691371219976,-6.7722997831444e-5,-0.00013223289509169892,-0.00045371123021361584,9.023077712633847e-5,-0.00035933314525438305,0.0003520099877998287,8.620548100730138e-5,0.0005254709905446191,5.08930352221646e-5,0.003976867057365189,0.00450753293000155,0.0028676007683809753,-0.00045650409123933287,0.0009947803140610437,-0.00016900402826572634,0.017100061107980492,0.0013172406806833386,-0.00044743045219978843,0.00012819651541466905,0.002411749912774022,0.001568735052913021,0.0013148976581012805,6.790446044738937e-5,0.0010481417109541153,-0.0012169957095470134,0.0010861512480702328,0.00024982507809807696,-0.0002518538231159937,0.00022387750793869294,0.0019470265002930302,0.0018872706107257624,0.0009145561014586907,0.00015307546372822628,-0.00044083511814462884,-4.5891749688298336e-5,0.0013172406806833386,0.002207845947682773,8.009958878705755e-5,0.0005198465144219092,0.0004507205036906747,0.0007596519974736528,0.0008375346473036397,-5.635628346069795e-6,0.0008621727254712946,-0.0006263564725956204,0.0010527818295115782,0.00045974849417856006,0.0004413276674693548,0.0002879795508522117,0.0003529031903668536,-0.0010202297470984683,0.00022028125859513458,0.0007157020027282067,-0.00035065834978578573,-5.0064938714127704e-5,-0.00044743045219978843,8.009958878705755e-5,0.0027122450995611786,-0.0005244644700407267,0.0009479464667799752,-0.0005394647044252111,0.0003552482483657482,0.0003901616513846954,-6.829457831885548e-5,-0.00016069078951450562,0.000716773496841964,0.00035171849377247364,-0.00032348032010420466,0.0005855517439444069,-0.0001024062904921363,0.0005971292988381471,-0.0028179946657369325,0.0001347573344310619,0.0022043629743569697,0.0003586416038886581,0.00012819651541466905,0.0005198465144219092,-0.0005244644700407267,0.008713880860228571,0.0006411089350596868,0.0003924341446537394,0.0009385067431520567,-0.0007769347790187902,0.0008926144968536251,0.0010745409503972662,0.00183814643232064,0.00024536296446071035,0.0019477641323316424,0.005965765673882519,0.003353784527928022,-0.002177659327556365,0.002323212674299643,-6.80635667777099e-5,0.0046281025546494586,0.00015905691371219976,0.002411749912774022,0.0004507205036906747,0.0009479464667799752,0.0006411089350596868,0.032253340082971406,0.00043909375440170765,-0.00043803492741047504,0.00028496016917477267,0.0007931896870000464,0.003359802991260389,0.0017062037086737558,-0.0005212958658093682,0.0011611423411336922,0.0003657158763026822,0.0021765371430059652,-0.00048001136781724825,0.003264506121987089,-0.0004802743933264687,-0.0001659964323495683,-6.7722997831444e-5,0.001568735052913021,0.0007596519974736528,-0.0005394647044252111,0.0003924341446537394,0.00043909375440170765,0.013628891503547333,0.00017141083035212366,0.0015004410994071777,2.3625899638536364e-5,0.001671967299966486,-0.00030450138368470265,0.001213031096831832,-0.0006290317412842439,-2.0739008113652896e-5,0.002372413715592203,0.003315662515215781,0.0015944069412907834,5.077398298759667e-5,-0.0003443777617640024,-0.00013223289509169892,0.0013148976581012805,0.0008375346473036397,0.0003552482483657482,0.0009385067431520567,-0.00043803492741047504,0.00017141083035212366,0.005580570350082572,0.00013314704615979465,0.0006374754078747337,-0.0009621300383889066,0.0011214702570968467,0.00016055932401677517,-0.0001741300041488119,-0.000316079089049912,0.0010362241686731862,-0.0005593632690976454,0.0015062370425834217,-0.00010316211676785323,-0.0008067504057116394,-0.00045371123021361584,6.790446044738937e-5,-5.635628346069795e-6,0.0003901616513846954,-0.0007769347790187902,0.00028496016917477267,0.0015004410994071777,0.00013314704615979465,0.0019875309544166203,-0.00044528731259624516,-3.312373975375408e-5,3.548961014866954e-5,-5.1713551767626195e-6,0.0001691060458772978,0.0006375546640648612,0.002228791313169695,0.0020529844668444068,-0.0003195274617323557,0.0004908053213424585,0.00028740755943732616,9.023077712633847e-5,0.0010481417109541153,0.0008621727254712946,-6.829457831885548e-5,0.0008926144968536251,0.0007931896870000464,2.3625899638536364e-5,0.0006374754078747337,-0.00044528731259624516,0.00203083834619319,0.00027792117531113864,0.0006803422156123761,0.0007913533227530215,0.00240754781443651,0.0024209504982201906,-0.0008566941174469676,-0.005260310326942663,-0.0006807583067912536,0.0017813844605477826,0.0034515990479267074,-0.00035933314525438305,-0.0012169957095470134,-0.0006263564725956204,-0.00016069078951450562,0.0010745409503972662,0.003359802991260389,0.001671967299966486,-0.0009621300383889066,-3.312373975375408e-5,0.00027792117531113864,0.0074654807448259275,-0.0010361611850112941,7.72940111433993e-5,-0.00012064285813859308,-0.0005720922574451685,0.0016769158767586429,0.0020571750683275485,-0.0016197560234134773,-0.0004617051884936371,0.00019532309434557482,0.0003520099877998287,0.0010861512480702328,0.0010527818295115782,0.000716773496841964,0.00183814643232064,0.0017062037086737558,-0.00030450138368470265,0.0011214702570968467,3.548961014866954e-5,0.0006803422156123761,-0.0010361611850112941,0.012763828783748033,0.00045195712905414715,-2.6082612609746722e-5,0.00028645230721141714,0.0011951234441120078,0.0003532124389476758,0.00029953505641172845,0.0005468827745524385,0.0003003787553378678,8.620548100730138e-5,0.00024982507809807696,0.00045974849417856006,0.00035171849377247364,0.00024536296446071035,-0.0005212958658093682,0.001213031096831832,0.00016055932401677517,-5.1713551767626195e-6,0.0007913533227530215,7.72940111433993e-5,0.00045195712905414715,0.003082713872084485
0.006699809349909321,0.0016255751963847058,0.003702538503399983,0.0057761785465870125,0.005922265536886472,0.0021254777204129916,0.0024720137969992005,0.001826114195853457,0.002276238337576064,0.0013082455459225333,0.0013129663480212453,0.0016747639680456806,0.00386809053310909,0.004439617820856506,0.001881107307224367,0.0005857664183969592,0.0008261303464668765,0.001365873780592545,0.003527210633823798,0.0014117843068246207,0.0016255751963847058,0.008393679058060778,0.0021739146484813865,0.001245325785348851,0.0058214667385845745,0.0006085495268882129,-0.0010425300288117495,0.0015900142269420613,0.0027419136833763237,0.0008389958578736391,-0.0006285130011165422,0.003862891406528929,0.001954583488805911,0.00020120370934325203,0.0002034250260075934,0.0011962561259951836,0.00027041158127378927,0.0007058252756882626,0.0007879624008818107,0.002229025749040839,0.003702538503399983,0.0021739146484813865,0.03630711991297013,0.003915843687371306,-0.0005499872727239064,0.0005127959616567598,0.005759195950305067,0.001177751374095796,0.0013759231030741367,0.004622011237445751,0.0009217856178960623,-0.00012106068076949347,0.007418011811899895,0.010344486297608261,-0.005463927603035615,-0.00039261633546462996,-0.0011329673030022799,0.0031973095139042644,0.008497619380106253,0.0013746441688126253,0.0057761785465870125,0.001245325785348851,0.003915843687371306,0.041987830258707066,0.006243066032077842,0.003246330790738054,0.013166757161868523,0.003927476335182735,0.001166414880677167,0.003420618394812371,0.0026922423570123993,0.002582323540866107,0.008843124057210622,0.007146209980126885,0.006094289143199228,0.002044277780708719,0.0017492534557623318,0.007255136671580309,0.006355160833608937,0.0024741255802922272,0.005922265536886472,0.0058214667385845745,-0.0005499872727239064,0.006243066032077842,0.03470804421537556,0.005257124907934378,-4.5380664355814925e-5,0.004556988188195237,0.010808246818708081,0.0009615772549169409,0.0038037332814019774,0.008022951133526243,0.008184297606860779,0.004006901809622305,0.005437381443764907,0.0008298439205349569,0.0029138405987944056,0.0006894220737105036,0.0040002364232034635,0.00447315972943698,0.0021254777204129916,0.0006085495268882129,0.0005127959616567598,0.003246330790738054,0.005257124907934378,0.004325236491182616,0.0029064516256631714,0.000982369991716791,0.00734693667221715,0.0003418092106343164,0.0022027613905980913,0.0013359763074437122,0.006823406479010011,0.0026618433264659095,0.002483244568874784,0.0002461416981606059,0.0005143659645934468,-0.0004494812438437529,0.003090651071839242,0.0014492817900735556,0.0024720137969992005,-0.0010425300288117495,0.005759195950305067,0.013166757161868523,-4.5380664355814925e-5,0.0029064516256631714,0.027382985730086663,0.0013423401180462989,0.00684685859336569,0.0009940102162697678,0.004799417493504916,-0.0014875289941719176,0.0030537692065693775,0.007263905021456608,0.003461217039384472,0.000714762154593951,0.0014475491474836345,0.0014154376620953268,0.0007414024481478896,-0.0009949566648336764,0.001826114195853457,0.0015900142269420613,0.001177751374095796,0.003927476335182735,0.004556988188195237,0.000982369991716791,0.0013423401180462989,0.002823542246478971,0.0028421426589467064,0.0007362084708610705,0.0011194636154960437,0.0017935096178261565,0.001823786834351838,0.0010130246202321278,0.0015445414157144316,0.0006352142372243207,0.0009294813733714698,0.0009772607068971487,0.0011976837496106446,0.0012137810036061674,0.002276238337576064,0.0027419136833763237,0.0013759231030741367,0.001166414880677167,0.010808246818708081,0.00734693667221715,0.00684685859336569,0.0028421426589467064,0.04033052764986165,-0.0011217606204528907,0.006042769808874552,0.004302756377182006,0.013037196083666418,0.0064725034645739705,0.005418456828331043,0.0005930888480428579,0.0019684092409214923,-0.0034995224996175406,0.0022583669193776677,0.0036012173170424243,0.0013082455459225333,0.0008389958578736391,0.004622011237445751,0.003420618394812371,0.0009615772549169409,0.0003418092106343164,0.0009940102162697678,0.0007362084708610705,-0.0011217606204528907,0.0032184137566057644,-5.975993279852746e-5,0.001531917539861837,0.0019042178666423119,0.0024494028672491204,-0.0007592515755499958,0.000761637245725972,0.00011323665717638846,0.0020124788207438564,0.002442232222892097,0.0005807988278809723,0.0013129663480212453,-0.0006285130011165422,0.0009217856178960623,0.0026922423570123993,0.0038037332814019774,0.0022027613905980913,0.004799417493504916,0.0011194636154960437,0.006042769808874552,-5.975993279852746e-5,0.004529379842571436,-0.00027438227966888857,0.002967058638949361,0.0019951591344999214,0.002444609552506319,-0.00026046819860570634,0.0008206262720194615,-0.00015125894596722115,0.0011326337790594802,0.0006432940280912255,0.0016747639680456806,0.003862891406528929,-0.00012106068076949347,0.002582323540866107,0.008022951133526243,0.0013359763074437122,-0.0014875289941719176,0.0017935096178261565,0.004302756377182006,0.001531917539861837,-0.00027438227966888857,0.010098431072495435,0.00542418811945925,0.0016408728229140856,0.0012733283542523317,0.001506293449689616,0.0010009687064338603,0.0007912710054684977,0.0016420255124689372,0.002140095317147965,0.00386809053310909,0.001954583488805911,0.007418011811899895,0.008843124057210622,0.008184297606860779,0.006823406479010011,0.0030537692065693775,0.001823786834351838,0.013037196083666418,0.0019042178666423119,0.002967058638949361,0.00542418811945925,0.04196916031561305,0.009176532594531505,0.005356344117571795,0.000774375921869898,-0.0010748944770035168,-0.00020553383184462623,0.01110673025643222,0.0035534950016050592,0.004439617820856506,0.00020120370934325203,0.010344486297608261,0.007146209980126885,0.004006901809622305,0.0026618433264659095,0.007263905021456608,0.0010130246202321278,0.0064725034645739705,0.0024494028672491204,0.0019951591344999214,0.0016408728229140856,0.009176532594531505,0.016180215564056046,0.0006626419448743604,3.168382722096102e-5,0.000442155663859348,0.0018100502568625808,0.005764340325873623,0.000272114074011063,0.001881107307224367,0.0002034250260075934,-0.005463927603035615,0.006094289143199228,0.005437381443764907,0.002483244568874784,0.003461217039384472,0.0015445414157144316,0.005418456828331043,-0.0007592515755499958,0.002444609552506319,0.0012733283542523317,0.005356344117571795,0.0006626419448743604,0.009145294986270773,0.00037890882541194285,0.0013170532293657615,0.0008339635899021716,0.0005861362178891965,0.0014906620715263847,0.0005857664183969592,0.0011962561259951836,-0.00039261633546462996,0.002044277780708719,0.0008298439205349569,0.0002461416981606059,0.000714762154593951,0.0006352142372243207,0.0005930888480428579,0.000761637245725972,-0.00026046819860570634,0.001506293449689616,0.000774375921869898,3.168382722096102e-5,0.00037890882541194285,0.0017549268558382737,0.0004448234035790685,0.0007518401011017489,0.0004911101494741456,0.0005871357871967198,0.0008261303464668765,0.00027041158127378927,-0.0011329673030022799,0.0017492534557623318,0.0029138405987944056,0.0005143659645934468,0.0014475491474836345,0.0009294813733714698,0.0019684092409214923,0.00011323665717638846,0.0008206262720194615,0.0010009687064338603,-0.0010748944770035168,0.000442155663859348,0.0013170532293657615,0.0004448234035790685,0.001778218288092961,0.00013865189622760615,-0.0005278381895241482,-7.43452292987935e-5,0.001365873780592545,0.0007058252756882626,0.0031973095139042644,0.007255136671580309,0.0006894220737105036,-0.0004494812438437529,0.0014154376620953268,0.0009772607068971487,-0.0034995224996175406,0.0020124788207438564,-0.00015125894596722115,0.0007912710054684977,-0.00020553383184462623,0.0018100502568625808,0.0008339635899021716,0.0007518401011017489,0.00013865189622760615,0.007726716415350153,0.00223777656259969,0.0011563968724291288,0.003527210633823798,0.0007879624008818107,0.008497619380106253,0.006355160833608937,0.0040002364232034635,0.003090651071839242,0.0007414024481478896,0.0011976837496106446,0.0022583669193776677,0.002442232222892097,0.0011326337790594802,0.0016420255124689372,0.01110673025643222,0.005764340325873623,0.0005861362178891965,0.0004911101494741456,-0.0005278381895241482,0.00223777656259969,0.018677868773754627,0.0031899285559972273,0.0014117843068246207,0.002229025749040839,0.0013746441688126253,0.0024741255802922272,0.00447315972943698,0.0014492817900735556,-0.0009949566648336764,0.0012137810036061674,0.0036012173170424243,0.0005807988278809723,0.0006432940280912255,0.002140095317147965,0.0035534950016050592,0.000272114074011063,0.0014906620715263847,0.0005871357871967198,-7.43452292987935e-5,0.0011563968724291288,0.0031899285559972273,0.004582369964053305
