0.01022539680264605,0.0023293555916307053,-0.0009514555714086595,-0.0001120785510617222,-0.0005561022934971678,0.0021413903254004192,-0.0007601723888540908,0.00011875417341880507,-0.0004045067636603188,-0.003658586669756574,0.0041024245060718185,-0.0005691463495550325,0.0016981831701762438,0.00109802103993203,-0.0006968803694137236,0.00041413103662121315,0.00048210999184709826,0.0017374229754227354,-0.0013951929246579144,0.00016826036713140014,0.0023293555916307053,0.007138348557402088,-0.0006804311302328914,-0.0010387628357740868,7.20384505721332e-5,-0.0009036810646789927,-0.0012655188588437073,-0.0004612280277564063,-0.0007054130424465409,-0.00010993321208129695,-0.004284009913788979,-0.00025163007012669934,-0.0013923449982436692,-0.0007816293594311583,-0.0019401131166128893,-0.0009374318442068159,0.0022931743627674075,0.003528676742563148,-5.1811215429309546e-5,-0.00010822969705127623,-0.0009514555714086595,-0.0006804311302328914,0.0019364444276415093,-5.1064301899731395e-5,0.00010573191837068342,0.0005208663393149591,-0.00020773577226840853,0.0003158981483043958,4.83230283713147e-5,-0.0003284307799601702,0.0006420952743865103,-0.000162712202131738,-0.0008005794371986907,0.0001558742617649161,0.0003801271973170623,0.00020950746539004098,-7.758287671664189e-5,0.0001918412574399435,-0.00032607142969598066,0.0001939148359133243,-0.0001120785510617222,-0.0010387628357740868,-5.1064301899731395e-5,0.0025446988593309247,-0.00018238547604371462,0.0005688760222281948,-0.0008213428620798314,-0.00024303030567458187,0.0003631266947658051,0.0008606301568357408,-0.0011220563982594677,-0.0010388257299200308,0.001548454181709257,0.00022043567038826232,0.0005858924140478875,8.23502491817543e-5,-0.00037265335325509794,-0.000911274757164005,-0.0003162364325567459,-0.0006784803195204621,-0.0005561022934971678,7.20384505721332e-5,0.00010573191837068342,-0.00018238547604371462,0.002190104334668666,0.0005378553374039462,-0.0001837206485369289,-0.0003965339276703719,0.00019194310226873656,0.0001945021159509454,-0.0007933122933778727,0.0006703118303049007,-0.0004605602604688074,0.00024692978626281685,0.000581891977284677,0.00011891729826332483,0.0008682944979523696,0.0006076245014804979,0.00019890116751683425,0.0005153553534432349,0.0021413903254004192,-0.0009036810646789927,0.0005208663393149591,0.0005688760222281948,0.0005378553374039462,0.005215479224460764,-0.001187215229868864,0.00035463649284535293,0.0007038388981132928,0.0008304045737119126,0.0011558697808930613,0.0007444221538635786,-0.0008411259757540231,0.00018720600058604338,0.0009056498445730606,4.787163366812454e-5,0.00023165108538874833,0.000456822237335466,-0.0011986218120891383,0.0004520822358783513,-0.0007601723888540908,-0.0012655188588437073,-0.00020773577226840853,-0.0008213428620798314,-0.0001837206485369289,-0.001187215229868864,0.0038242576308307012,0.0003574682187772048,0.0001367283519859505,-0.0009110601483099587,0.0009694719189187573,-0.00018024491794324825,-0.0009614040928706287,-0.0008910334361978909,-0.0017192259610696089,-0.00036234867466480955,-0.000615014188685767,-0.0017170048087497404,-0.0010570978969607998,-0.00043885278134256415,0.00011875417341880507,-0.0004612280277564063,0.0003158981483043958,-0.00024303030567458187,-0.0003965339276703719,0.00035463649284535293,0.0003574682187772048,0.002650978971787821,-9.929473991748999e-5,-0.001268310486175961,-0.0007099975066367562,0.0007022280653054545,-0.0005302109932318149,-0.00044390099008800724,0.0010206731601233657,0.0003177927420829252,-0.0001267361062692046,-0.0002359120459418577,-0.0006051094452492914,5.959586178479876e-7,-0.0004045067636603188,-0.0007054130424465409,4.83230283713147e-5,0.0003631266947658051,0.00019194310226873656,0.0007038388981132928,0.0001367283519859505,-9.929473991748999e-5,0.0012346455399624813,0.00017258147658128883,-0.0005362894403187406,-0.0001109155277123973,0.0008111028077720408,0.0006024933473150247,1.0320123518705107e-5,4.1412554754509856e-5,0.00029134194878779223,-8.87019303281341e-5,0.00011505369474933587,0.00016718970145307487,-0.003658586669756574,-0.00010993321208129695,-0.0003284307799601702,0.0008606301568357408,0.0001945021159509454,0.0008304045737119126,-0.0009110601483099587,-0.001268310486175961,0.00017258147658128883,0.005264906491945076,-0.001572026298848298,6.470486435766136e-5,-0.0005183811107124433,-1.9999808746299432e-5,-0.0006824523313605247,0.0005693624170615936,0.0005299132794912054,-0.0013459351444909786,-0.0004816624999082215,-0.000728966753941228,0.0041024245060718185,-0.004284009913788979,0.0006420952743865103,-0.0011220563982594677,-0.0007933122933778727,0.0011558697808930613,0.0009694719189187573,-0.0007099975066367562,-0.0005362894403187406,-0.001572026298848298,0.013760226966067619,-0.00016212280769286116,0.004281026364043535,0.0019324544199396337,0.0020442192369875592,0.00012281404816600957,0.0010465913384089356,-0.005459999670472844,-0.0007350138979673544,4.0567298732273164e-5,-0.0005691463495550325,-0.00025163007012669934,-0.000162712202131738,-0.0010388257299200308,0.0006703118303049007,0.0007444221538635786,-0.00018024491794324825,0.0007022280653054545,-0.0001109155277123973,6.470486435766136e-5,-0.00016212280769286116,0.003732497368275081,0.0007821040494426703,-0.0004836741852758394,-0.0006640048581363363,-0.00020477642582549804,-0.0006596648030080142,-0.001880759906656173,-0.0007655839599555689,0.0004579119556245635,0.0016981831701762438,-0.0013923449982436692,-0.0008005794371986907,0.001548454181709257,-0.0004605602604688074,-0.0008411259757540231,-0.0009614040928706287,-0.0005302109932318149,0.0008111028077720408,-0.0005183811107124433,0.004281026364043535,0.0007821040494426703,0.009482179025193098,0.0005193857608663502,-0.0004891279619539024,-6.943702144039765e-5,0.0016913421515318524,-0.006528553909508641,0.000362065108198563,-0.0004686072302049273,0.00109802103993203,-0.0007816293594311583,0.0001558742617649161,0.00022043567038826232,0.00024692978626281685,0.00018720600058604338,-0.0008910334361978909,-0.00044390099008800724,0.0006024933473150247,-1.9999808746299432e-5,0.0019324544199396337,-0.0004836741852758394,0.0005193857608663502,0.0036888293227960852,0.0025062532144760935,0.0004496099799514581,0.0006564458139630173,0.0009036534620413192,-0.00021704306479575228,-0.0001310113639749543,-0.0006968803694137236,-0.0019401131166128893,0.0003801271973170623,0.0005858924140478875,0.000581891977284677,0.0009056498445730606,-0.0017192259610696089,0.0010206731601233657,1.0320123518705107e-5,-0.0006824523313605247,0.0020442192369875592,-0.0006640048581363363,-0.0004891279619539024,0.0025062532144760935,0.008305131899570408,-0.00039125791000919853,0.0006944472648010333,0.0005053168086260114,0.0005675125781310229,0.0013516153800648247,0.00041413103662121315,-0.0009374318442068159,0.00020950746539004098,8.23502491817543e-5,0.00011891729826332483,4.787163366812454e-5,-0.00036234867466480955,0.0003177927420829252,4.1412554754509856e-5,0.0005693624170615936,0.00012281404816600957,-0.00020477642582549804,-6.943702144039765e-5,0.0004496099799514581,-0.00039125791000919853,0.0018608794465593088,-0.0005259830480352448,0.00048095823902323076,-0.00013034088140063754,6.098331843375356e-5,0.00048210999184709826,0.0022931743627674075,-7.758287671664189e-5,-0.00037265335325509794,0.0008682944979523696,0.00023165108538874833,-0.000615014188685767,-0.0001267361062692046,0.00029134194878779223,0.0005299132794912054,0.0010465913384089356,-0.0006596648030080142,0.0016913421515318524,0.0006564458139630173,0.0006944472648010333,-0.0005259830480352448,0.004065597125829538,-0.0005249937274668688,0.000414323028943998,-0.0003791984136407977,0.0017374229754227354,0.003528676742563148,0.0001918412574399435,-0.000911274757164005,0.0006076245014804979,0.000456822237335466,-0.0017170048087497404,-0.0002359120459418577,-8.87019303281341e-5,-0.0013459351444909786,-0.005459999670472844,-0.001880759906656173,-0.006528553909508641,0.0009036534620413192,0.0005053168086260114,0.00048095823902323076,-0.0005249937274668688,0.01140730740597402,0.0031429200707352514,0.0004970013099194223,-0.0013951929246579144,-5.1811215429309546e-5,-0.00032607142969598066,-0.0003162364325567459,0.00019890116751683425,-0.0011986218120891383,-0.0010570978969607998,-0.0006051094452492914,0.00011505369474933587,-0.0004816624999082215,-0.0007350138979673544,-0.0007655839599555689,0.000362065108198563,-0.00021704306479575228,0.0005675125781310229,-0.00013034088140063754,0.000414323028943998,0.0031429200707352514,0.004213612558687359,0.00010818403991339168,0.00016826036713140014,-0.00010822969705127623,0.0001939148359133243,-0.0006784803195204621,0.0005153553534432349,0.0004520822358783513,-0.00043885278134256415,5.959586178479876e-7,0.00016718970145307487,-0.000728966753941228,4.0567298732273164e-5,0.0004579119556245635,-0.0004686072302049273,-0.0001310113639749543,0.0013516153800648247,6.098331843375356e-5,-0.0003791984136407977,0.0004970013099194223,0.00010818403991339168,0.0018043981630196117
0.009965892563739358,0.004076099465698247,-0.0002553089414178612,0.0010926027652600678,-0.0007946171931381872,-0.0002930439971193587,0.003562953508777967,0.0003351638701243425,0.00030177220785393454,0.001623070401601151,-0.00041191954536287634,-0.0012920661612662843,0.004816935917315093,0.0010068390550024783,-0.0006753189523426627,0.00042158614687750863,-0.0008547581531543021,-0.0006484224537892226,9.504542087196674e-6,-0.0005183613888992761,0.004076099465698247,0.014159908397043567,0.0007708794407150209,0.0011415833194915316,0.0009013962064597361,-0.0002581190629018773,0.003538992857133867,0.0025524291624374573,-0.0001352557565968173,0.0031632213583911656,-0.008687028022285301,0.002289824939094587,0.002075272667694264,0.0009535110190009924,-0.0005258259105341082,0.0005889653985396135,0.0027137176938310152,0.000977435185735865,-0.0013806353523337937,0.0002234815642595448,-0.0002553089414178612,0.0007708794407150209,0.002187939043228201,0.0007218951722258735,0.00010746214991149353,-0.0002649853761983228,0.0003208844203389336,-0.00032184191598708003,0.0001287222550779804,0.001281582455523365,0.0009937754287021369,0.0005983444966109749,0.0022059943167252296,-0.000269673210608711,-0.0004931546524825771,0.0004480417594492589,0.00034548777395201425,0.0017008353089657908,0.0003898042107918961,-4.800617215382219e-7,0.0010926027652600678,0.0011415833194915316,0.0007218951722258735,0.003382721457281364,7.108808323251475e-5,0.00046980154463056634,0.0015185697303277867,0.00020409785878296014,0.0006017040557165254,0.0020016797556995994,-0.00014793927922802458,0.0009775312011302835,-0.000997233389135561,8.965911381133188e-5,-0.00034855979552335945,0.00042208200942357374,0.00011324310802793909,0.0011786341570743158,0.0004050165996393584,0.0003297829278021553,-0.0007946171931381872,0.0009013962064597361,0.00010746214991149353,7.108808323251475e-5,0.002423659277894893,-0.0006845976370378145,0.0006863181543503006,0.00011051871123973398,-0.00029254356100379407,0.0008551911161495806,-0.0009873659365103702,-0.000764642779832984,0.0005572521850650791,-0.0004887161484368291,-0.0006640184279695298,0.00012626470777839753,-0.000225346481229791,0.0006639449451717061,0.0003480024932208238,-0.0001502157632083101,-0.0002930439971193587,-0.0002581190629018773,-0.0002649853761983228,0.00046980154463056634,-0.0006845976370378145,0.004052035761770776,0.00045643299830626924,0.00044573248063671614,-0.0002968440174648735,0.0002745399157756596,-0.0004157770636205966,-7.108750606987433e-5,0.002131840055196155,0.0006304950283668592,-0.001168133542263394,0.00037718120668869625,0.0013112322491104977,-0.0009052017269718059,0.0005638358524396404,0.0001622867943493656,0.003562953508777967,0.003538992857133867,0.0003208844203389336,0.0015185697303277867,0.0006863181543503006,0.00045643299830626924,0.005382104426846583,0.0006346854884125988,-0.00034921695453237226,-0.001303572063385287,-0.0012312417498321158,0.00014440808849117527,0.0020362426974905564,2.1295690464472142e-5,-0.0002645175549231219,0.0010758481483189761,0.0015488122276676453,-0.0005632803627252698,-4.256889839268715e-5,-0.0001463990765011557,0.0003351638701243425,0.0025524291624374573,-0.00032184191598708003,0.00020409785878296014,0.00011051871123973398,0.00044573248063671614,0.0006346854884125988,0.002185760306613838,-0.00038630510550274487,-3.454496619183589e-5,-0.0016897498601771907,-0.00028000097718378265,-0.0011379086296309207,-0.00026351286793081124,-6.865439161091007e-5,-0.0005082920393054458,0.00038479475831477517,-0.0004543050717425015,-0.001441290524546294,7.29899845616826e-5,0.00030177220785393454,-0.0001352557565968173,0.0001287222550779804,0.0006017040557165254,-0.00029254356100379407,-0.0002968440174648735,-0.00034921695453237226,-0.00038630510550274487,0.0016868585663789384,0.00022076751425039058,8.361055175615259e-5,0.0003347210652668508,0.00019675504218574265,0.00032331966325899403,3.112204605900271e-5,-0.00032998206591351373,0.0003908056641213183,0.0009357554033870134,-0.00019096669192075213,0.00016321235807791355,0.001623070401601151,0.0031632213583911656,0.001281582455523365,0.0020016797556995994,0.0008551911161495806,0.0002745399157756596,-0.001303572063385287,-3.454496619183589e-5,0.00022076751425039058,0.008643742257297957,-0.0008397669934557051,-0.0009140132619334881,0.0029917085336794453,0.0006437802186453203,0.002991851068969483,0.0004143314686963229,-0.00015220115610035663,0.001984259104798379,0.0012762798620629618,0.000574913486549133,-0.00041191954536287634,-0.008687028022285301,0.0009937754287021369,-0.00014793927922802458,-0.0009873659365103702,-0.0004157770636205966,-0.0012312417498321158,-0.0016897498601771907,8.361055175615259e-5,-0.0008397669934557051,0.009423512847553902,-0.0007196032315826883,0.0046537450523335975,-0.0014876241664988302,0.0024254611952907656,-6.45166486048566e-5,-0.001758853263247589,0.002666428885081315,0.00033266167664508316,-0.0008569834341593073,-0.0012920661612662843,0.002289824939094587,0.0005983444966109749,0.0009775312011302835,-0.000764642779832984,-7.108750606987433e-5,0.00014440808849117527,-0.00028000097718378265,0.0003347210652668508,-0.0009140132619334881,-0.0007196032315826883,0.0042319952345559585,0.00013117228626483945,0.0006476126140464773,-0.0009501207421960464,9.223640735768224e-6,0.0006731951459635231,0.002372898862232727,-0.0006400307550517013,0.0002770479776014318,0.004816935917315093,0.002075272667694264,0.0022059943167252296,-0.000997233389135561,0.0005572521850650791,0.002131840055196155,0.0020362426974905564,-0.0011379086296309207,0.00019675504218574265,0.0029917085336794453,0.0046537450523335975,0.00013117228626483945,0.024287848414992354,-0.0018950972329000106,0.00021179266936208652,0.0030833180113601986,0.0012944580097850884,0.006646725501503782,0.0007335694018539064,0.00021937805539990184,0.0010068390550024783,0.0009535110190009924,-0.000269673210608711,8.965911381133188e-5,-0.0004887161484368291,0.0006304950283668592,2.1295690464472142e-5,-0.00026351286793081124,0.00032331966325899403,0.0006437802186453203,-0.0014876241664988302,0.0006476126140464773,-0.0018950972329000106,0.003612880233064454,-0.0007574774520097268,-0.0006954840571812193,0.00016199075368629283,-0.00020309067574243934,-0.0010688293791417005,4.005186433381645e-6,-0.0006753189523426627,-0.0005258259105341082,-0.0004931546524825771,-0.00034855979552335945,-0.0006640184279695298,-0.001168133542263394,-0.0002645175549231219,-6.865439161091007e-5,3.112204605900271e-5,0.002991851068969483,0.0024254611952907656,-0.0009501207421960464,0.00021179266936208652,-0.0007574774520097268,0.012141397857126136,-0.00016159639258368975,0.0023712828583620166,-0.00011571171283465231,-0.00047548749872803686,0.0005539704174521176,0.00042158614687750863,0.0005889653985396135,0.0004480417594492589,0.00042208200942357374,0.00012626470777839753,0.00037718120668869625,0.0010758481483189761,-0.0005082920393054458,-0.00032998206591351373,0.0004143314686963229,-6.45166486048566e-5,9.223640735768224e-6,0.0030833180113601986,-0.0006954840571812193,-0.00016159639258368975,0.0026228501412187584,0.00012751322679748248,0.00041495338619485867,-2.7615520874063373e-5,0.00023572912142593653,-0.0008547581531543021,0.0027137176938310152,0.00034548777395201425,0.00011324310802793909,-0.000225346481229791,0.0013112322491104977,0.0015488122276676453,0.00038479475831477517,0.0003908056641213183,-0.00015220115610035663,-0.001758853263247589,0.0006731951459635231,0.0012944580097850884,0.00016199075368629283,0.0023712828583620166,0.00012751322679748248,0.0035203626873451625,-0.0003895441219447208,0.0003186970337434725,0.0004440847402524803,-0.0006484224537892226,0.000977435185735865,0.0017008353089657908,0.0011786341570743158,0.0006639449451717061,-0.0009052017269718059,-0.0005632803627252698,-0.0004543050717425015,0.0009357554033870134,0.001984259104798379,0.002666428885081315,0.002372898862232727,0.006646725501503782,-0.00020309067574243934,-0.00011571171283465231,0.00041495338619485867,-0.0003895441219447208,0.006858097628913819,-0.0015167921902015228,-0.0006680005586486371,9.504542087196674e-6,-0.0013806353523337937,0.0003898042107918961,0.0004050165996393584,0.0003480024932208238,0.0005638358524396404,-4.256889839268715e-5,-0.001441290524546294,-0.00019096669192075213,0.0012762798620629618,0.00033266167664508316,-0.0006400307550517013,0.0007335694018539064,-0.0010688293791417005,-0.00047548749872803686,-2.7615520874063373e-5,0.0003186970337434725,-0.0015167921902015228,0.0042714571118314115,3.856418476228694e-5,-0.0005183613888992761,0.0002234815642595448,-4.800617215382219e-7,0.0003297829278021553,-0.0001502157632083101,0.0001622867943493656,-0.0001463990765011557,7.29899845616826e-5,0.00016321235807791355,0.000574913486549133,-0.0008569834341593073,0.0002770479776014318,0.00021937805539990184,4.005186433381645e-6,0.0005539704174521176,0.00023572912142593653,0.0004440847402524803,-0.0006680005586486371,3.856418476228694e-5,0.0020078340650361024
0.7208224282762837,0.029510543579970273,0.04254978786440526,0.23988603593656638,-0.283880536746533,-0.7715683264794764,-0.1412532900070033,-0.08023014559274395,0.14970047298355554,0.04577727927751132,0.1691651422368919,-0.04831610880550769,0.3664900571087277,-0.5500541165528235,0.04248510638728217,-0.1105013911827752,-0.3938019954843259,0.2063043034393182,0.5017554039195146,-0.028239141604765674,0.029510543579970273,0.266205418118167,-0.02552678884621951,-0.07990080266461953,0.05039831284289659,-0.14651340477643607,0.013197096430367419,-0.003977030548193538,0.025119387063425553,-0.19492152050423114,-0.11838963512116775,0.18273355933562851,0.26730527917661584,0.05371491998005334,-0.3385621760740452,0.02606597447517114,-0.03288903723214319,-0.04023437930844916,0.12930794465765913,-0.06762211465638905,0.04254978786440526,-0.02552678884621951,0.03465295772556069,-0.022992009222661987,-0.05536315691749509,-0.04147003291386173,0.03922467477622018,0.013385092621538879,-0.015014101733909033,-0.01297316770622642,0.054392130054219764,-0.0043978471272664325,-0.020957820942887114,-0.006967997398959307,0.043643792499545885,-0.01064874231523086,-0.04136509503917791,0.03688195774641228,0.0024829922053612357,0.015378304335815775,0.23988603593656638,-0.07990080266461953,-0.022992009222661987,0.561092529289613,0.1003328464108356,-0.3565187192114931,-0.5012940338394754,-0.20606499278812196,0.34538764172784325,0.31767547936032403,-0.1706425428634865,-0.2484790596998203,0.16953023054617153,-0.5989536855532739,0.3566805488626306,-0.206015518676861,-0.038170275984693226,0.07470222724074205,0.46602764942349334,-0.10400200044163255,-0.283880536746533,0.05039831284289659,-0.05536315691749509,0.1003328464108356,0.2724498172753958,0.2134397626594207,-0.16909447771374056,-0.029991039717223816,0.09843652225410296,0.06339799652214095,-0.22033118887635425,-0.052023222336992206,-0.05875552567809021,0.03591606414978805,0.013776263343205666,-0.027670235125935118,0.19228253002373358,-0.09365799214535502,-0.008776854311577122,-0.05288236062943226,-0.7715683264794764,-0.14651340477643607,-0.04147003291386173,-0.3565187192114931,0.2134397626594207,1.012917502125982,0.26027644293834257,0.09002830332866983,-0.2871359633336701,0.02480822490842877,-0.05978151008720945,0.01852515209508832,-0.5088364037652852,0.6928809316643005,-0.0026885168962165022,0.22918593934812856,0.4696185874517458,-0.2609442812970104,-0.7566472112802831,0.09142734176895659,-0.1412532900070033,0.013197096430367419,0.03922467477622018,-0.5012940338394754,-0.16909447771374056,0.26027644293834257,0.5020327885791582,0.21100665564958226,-0.33085656954868126,-0.29268299393818115,0.23326987767553636,0.2041000823807953,-0.18493147639819812,0.5127410390748843,-0.2620587588032599,0.16403159223224345,-0.03835926865311823,-0.011980555661632208,-0.4178345439327002,0.11024128891606602,-0.08023014559274395,-0.003977030548193538,0.013385092621538879,-0.20606499278812196,-0.029991039717223816,0.09002830332866983,0.21100665564958226,0.1537978807579646,-0.12118103074278984,-0.1422097400891208,0.11269185209953056,0.053178539234710706,-0.15849484468385705,0.21792679504643744,-0.090731849869613,0.020748353483507377,-0.0557800331960251,0.047481806774085894,-0.15099900570107547,0.05428236956250366,0.14970047298355554,0.025119387063425553,-0.015014101733909033,0.34538764172784325,0.09843652225410296,-0.2871359633336701,-0.33085656954868126,-0.12118103074278984,0.2552066067563819,0.1470672862475012,-0.15022149080996963,-0.11620357171859232,0.164618437457785,-0.3848792348381589,0.1537391571432517,-0.1506969928097735,-0.039917773770608185,0.05123504246027422,0.3614380918189097,-0.08809663150248813,0.04577727927751132,-0.19492152050423114,-0.01297316770622642,0.31767547936032403,0.06339799652214095,0.02480822490842877,-0.29268299393818115,-0.1422097400891208,0.1470672862475012,0.35059849099782575,-0.04926314851598881,-0.24960842762371788,-0.07083300660415941,-0.3149126395710478,0.3658200979462222,-0.054447835842135986,0.10040211178825169,-0.02574151743124883,0.07964950380416592,-0.011073188878430175,0.1691651422368919,-0.11838963512116775,0.054392130054219764,-0.1706425428634865,-0.22033118887635425,-0.05978151008720945,0.23326987767553636,0.11269185209953056,-0.15022149080996963,-0.04926314851598881,0.27794149667762197,-0.010688044234743546,-0.13575012318217458,0.07227710695758584,0.03773714576410124,0.038273888097450554,-0.16006398906203553,0.10408343693452485,-0.12978843821143687,0.09236962101324597,-0.04831610880550769,0.18273355933562851,-0.0043978471272664325,-0.2484790596998203,-0.052023222336992206,0.01852515209508832,0.2041000823807953,0.053178539234710706,-0.11620357171859232,-0.24960842762371788,-0.010688044234743546,0.24794614102995666,0.13622322813815818,0.24671461966909303,-0.3434029045350915,0.08859403602054637,-0.023088693411251804,-0.04554103855492075,-0.07476488108763588,-0.0016689842654227685,0.3664900571087277,0.26730527917661584,-0.020957820942887114,0.16953023054617153,-0.05875552567809021,-0.5088364037652852,-0.18493147639819812,-0.15849484468385705,0.164618437457785,-0.07083300660415941,-0.13575012318217458,0.13622322813815818,0.5512938317414515,-0.323928158907414,-0.24969771655277045,-0.024878601987345792,-0.13679300086184887,-0.018019638921254633,0.41810195501387554,-0.12330929539272292,-0.5500541165528235,0.05371491998005334,-0.006967997398959307,-0.5989536855532739,0.03591606414978805,0.6928809316643005,0.5127410390748843,0.21792679504643744,-0.3848792348381589,-0.3149126395710478,0.07227710695758584,0.24671461966909303,-0.323928158907414,0.8238294197267565,-0.3534691407610349,0.23558805665501265,0.21085552355306203,-0.14214845595762635,-0.6543466232153207,0.10102493539190953,0.04248510638728217,-0.3385621760740452,0.043643792499545885,0.3566805488626306,0.013776263343205666,-0.0026885168962165022,-0.2620587588032599,-0.090731849869613,0.1537391571432517,0.3658200979462222,0.03773714576410124,-0.3434029045350915,-0.24969771655277045,-0.3534691407610349,0.6147475048144504,-0.15619364063598093,0.032974843274381396,0.08744371311765499,0.08949858302969692,0.024522299779571446,-0.1105013911827752,0.02606597447517114,-0.01064874231523086,-0.206015518676861,-0.027670235125935118,0.22918593934812856,0.16403159223224345,0.020748353483507377,-0.1506969928097735,-0.054447835842135986,0.038273888097450554,0.08859403602054637,-0.024878601987345792,0.23558805665501265,-0.15619364063598093,0.15342074152363547,0.09560916274392846,-0.10811002858142783,-0.24723008513952147,0.03434861434084177,-0.3938019954843259,-0.03288903723214319,-0.04136509503917791,-0.038170275984693226,0.19228253002373358,0.4696185874517458,-0.03835926865311823,-0.0557800331960251,-0.039917773770608185,0.10040211178825169,-0.16006398906203553,-0.023088693411251804,-0.13679300086184887,0.21085552355306203,0.032974843274381396,0.09560916274392846,0.31608103464516224,-0.19831448467961488,-0.27013048014372887,-0.004873332124974178,0.2063043034393182,-0.04023437930844916,0.03688195774641228,0.07470222724074205,-0.09365799214535502,-0.2609442812970104,-0.011980555661632208,0.047481806774085894,0.05123504246027422,-0.02574151743124883,0.10408343693452485,-0.04554103855492075,-0.018019638921254633,-0.14214845595762635,0.08744371311765499,-0.10811002858142783,-0.19831448467961488,0.1828224698771937,0.1806707266831204,0.013530050066087145,0.5017554039195146,0.12930794465765913,0.0024829922053612357,0.46602764942349334,-0.008776854311577122,-0.7566472112802831,-0.4178345439327002,-0.15099900570107547,0.3614380918189097,0.07964950380416592,-0.12978843821143687,-0.07476488108763588,0.41810195501387554,-0.6543466232153207,0.08949858302969692,-0.24723008513952147,-0.27013048014372887,0.1806707266831204,0.7170488101768522,-0.1236304409526436,-0.028239141604765674,-0.06762211465638905,0.015378304335815775,-0.10400200044163255,-0.05288236062943226,0.09142734176895659,0.11024128891606602,0.05428236956250366,-0.08809663150248813,-0.011073188878430175,0.09236962101324597,-0.0016689842654227685,-0.12330929539272292,0.10102493539190953,0.024522299779571446,0.03434861434084177,-0.004873332124974178,0.013530050066087145,-0.1236304409526436,0.05839878022458818
