0.012890049795479558,0.0009152267215262963,-2.5495932339817037e-5,0.002090272324506084,-0.0006225878363227352,0.00011735682719999038,0.0010070096889350307,0.00010705187081318701,0.002321897386052795,1.1044711202043829e-5,0.000326868331902488,-4.37817597689884e-5,0.0008758868162804688,0.001184251099132388,0.0008008039733518341,0.0010337156497086401,0.0007803413295619177,0.0017202974950697113,0.001440302997759644,0.0008523716792978417,0.0009152267215262963,0.010437375116179095,0.000359790231451431,0.0007275255658317453,0.0012313058350865418,0.0006322487865651303,0.0014089272109397038,0.0005056694193904254,0.0016399094280123328,0.0014959894572603594,0.0010618696798272284,0.00026776578481359844,-0.00028891536161527304,0.0005279579732206576,-0.00024730827056644274,0.0019040182486002042,0.00012851475855751743,0.00036509451673313496,-9.575935195984812e-5,0.0002778436624674408,-2.5495932339817037e-5,0.000359790231451431,0.0014540377527313465,0.00026277830052423866,0.0006867496352530868,7.415980500791758e-5,-8.351890544147013e-5,0.00036150554706704794,6.653627689226338e-5,0.0006958662107285202,-0.00010498339024992329,9.992392338102874e-5,0.000396524734894728,0.0005000301761937742,0.00010793230840408247,0.0002797281304937045,0.0002722330937769156,0.00014554171866922082,0.000681996404647105,0.00025544476093040524,0.002090272324506084,0.0007275255658317453,0.00026277830052423866,0.013389654505106064,0.0013282387671872571,0.0008927905604257807,0.0009385838097878712,0.0005235724645980403,0.0004247255430661714,0.0010299585481271687,-9.910170432590835e-5,0.0001885042535736625,0.0004993269333888844,0.000979839718556774,9.746088433984314e-5,0.0004057166677790654,0.0007942712768002425,0.0009394102631303072,0.0036592913361536534,0.0009287636787865136,-0.0006225878363227352,0.0012313058350865418,0.0006867496352530868,0.0013282387671872571,0.01718150572753344,0.0011496202507489733,0.0012648420116631994,0.0009458145715464156,0.003993239791779833,0.0037207736798368168,0.0010354529664688668,0.0008786620697711159,0.00012236391699007391,0.0034970396666159516,9.229063325054881e-5,0.000611182621031448,0.0010811070828261387,0.0005497709277103315,0.0030927558090863426,0.0008615054599290252,0.00011735682719999038,0.0006322487865651303,7.415980500791758e-5,0.0008927905604257807,0.0011496202507489733,0.0031437184614946123,0.000562584887525375,6.105681102083798e-5,0.0005399258502333781,0.0014437349332005476,0.0008817232623064934,5.862454847806485e-5,0.0005695814476126219,0.0007647871111077272,0.0001489523482450323,-0.00019757836292061016,-9.654696146417587e-5,0.00010645708748515459,0.0003286441128121856,0.00047973060455463085,0.0010070096889350307,0.0014089272109397038,-8.351890544147013e-5,0.0009385838097878712,0.0012648420116631994,0.000562584887525375,0.005409049887621482,0.00025817192328506414,0.002146960494411039,0.001343108208169814,0.00021760533396181656,0.00024278247368703521,0.0005004125450228617,0.0018467075833959973,0.0006750771256230329,0.00030822695154814923,0.0004093580515504567,0.0006103936817821252,-0.00012335102281776862,0.000685255329769762,0.00010705187081318701,0.0005056694193904254,0.00036150554706704794,0.0005235724645980403,0.0009458145715464156,6.105681102083798e-5,0.00025817192328506414,0.0020455996999717086,0.00035144233395337194,0.001020604868704836,-0.00020076226043147383,0.00015848074965669259,0.0009695737403042142,-3.8024107088186565e-5,0.00039015873472035393,-0.00010437328356755735,0.0002363094959496965,0.0004419194435064998,0.0012159536659649263,0.0002570685042206339,0.002321897386052795,0.0016399094280123328,6.653627689226338e-5,0.0004247255430661714,0.003993239791779833,0.0005399258502333781,0.002146960494411039,0.00035144233395337194,0.030216694353428858,0.002667471137037974,-0.00011683843728349812,-0.00032587481808481157,0.0009154109408707879,0.00010289829748013034,-0.0001535946162154381,0.003306917278176195,0.0018274267826096796,0.003731274156109423,0.0025781008017329602,0.00025563626455108964,1.1044711202043829e-5,0.0014959894572603594,0.0006958662107285202,0.0010299585481271687,0.0037207736798368168,0.0014437349332005476,0.001343108208169814,0.001020604868704836,0.002667471137037974,0.01762891597341282,0.0016137565647328367,0.00039752096182221996,0.0019672637541233925,0.0025141115703058133,6.426735023006916e-5,0.0005976924419686505,0.00031697731344006424,0.0002750212246044147,0.0009276787337182868,0.0012555638146641997,0.000326868331902488,0.0010618696798272284,-0.00010498339024992329,-9.910170432590835e-5,0.0010354529664688668,0.0008817232623064934,0.00021760533396181656,-0.00020076226043147383,-0.00011683843728349812,0.0016137565647328367,0.006193700807952805,0.00032310538227404116,0.0005848843725815647,0.0011840783770268475,0.0006199096971183447,0.0005809340858323924,0.00018963325830912052,-5.259499846897191e-5,0.00031494979090170635,5.789355884742027e-5,-4.37817597689884e-5,0.00026776578481359844,9.992392338102874e-5,0.0001885042535736625,0.0008786620697711159,5.862454847806485e-5,0.00024278247368703521,0.00015848074965669259,-0.00032587481808481157,0.00039752096182221996,0.00032310538227404116,0.002612887594228387,0.0008382109601087751,0.0009016202468026357,0.0002490063691393379,-0.00017870937864508906,-3.4001167439405108e-6,-0.00038127024153457317,-0.00021117218269193062,0.0002887162396530907,0.0008758868162804688,-0.00028891536161527304,0.000396524734894728,0.0004993269333888844,0.00012236391699007391,0.0005695814476126219,0.0005004125450228617,0.0009695737403042142,0.0009154109408707879,0.0019672637541233925,0.0005848843725815647,0.0008382109601087751,0.00897390469875614,0.0003083201407788355,0.0005957500387756168,0.0006604102543808484,0.0003515630217564132,9.260813321907397e-6,0.0015052179598456115,0.0007752839594262013,0.001184251099132388,0.0005279579732206576,0.0005000301761937742,0.000979839718556774,0.0034970396666159516,0.0007647871111077272,0.0018467075833959973,-3.8024107088186565e-5,0.00010289829748013034,0.0025141115703058133,0.0011840783770268475,0.0009016202468026357,0.0003083201407788355,0.013491594162877579,-6.128625528061034e-5,-0.0004940819235347925,0.0004230716591263711,-0.00019273544319028718,0.0007117910862044574,0.0006122361801431623,0.0008008039733518341,-0.00024730827056644274,0.00010793230840408247,9.746088433984314e-5,9.229063325054881e-5,0.0001489523482450323,0.0006750771256230329,0.00039015873472035393,-0.0001535946162154381,6.426735023006916e-5,0.0006199096971183447,0.0002490063691393379,0.0005957500387756168,-6.128625528061034e-5,0.0033490680263864744,0.0002418406235129083,0.00034414924202047476,0.0005551713396372874,-0.00018261459680309812,0.00026266993675302063,0.0010337156497086401,0.0019040182486002042,0.0002797281304937045,0.0004057166677790654,0.000611182621031448,-0.00019757836292061016,0.00030822695154814923,-0.00010437328356755735,0.003306917278176195,0.0005976924419686505,0.0005809340858323924,-0.00017870937864508906,0.0006604102543808484,-0.0004940819235347925,0.0002418406235129083,0.01044857494318203,0.0006659081734225654,0.0010157663616022702,0.001091925167590334,0.00014280114431658385,0.0007803413295619177,0.00012851475855751743,0.0002722330937769156,0.0007942712768002425,0.0010811070828261387,-9.654696146417587e-5,0.0004093580515504567,0.0002363094959496965,0.0018274267826096796,0.00031697731344006424,0.00018963325830912052,-3.4001167439405108e-6,0.0003515630217564132,0.0004230716591263711,0.00034414924202047476,0.0006659081734225654,0.0033210790759322178,0.0006979291409331886,0.00091939602903187,0.0004539145723185851,0.0017202974950697113,0.00036509451673313496,0.00014554171866922082,0.0009394102631303072,0.0005497709277103315,0.00010645708748515459,0.0006103936817821252,0.0004419194435064998,0.003731274156109423,0.0002750212246044147,-5.259499846897191e-5,-0.00038127024153457317,9.260813321907397e-6,-0.00019273544319028718,0.0005551713396372874,0.0010157663616022702,0.0006979291409331886,0.00873431879712499,0.000758211880074974,0.00015218233573177344,0.001440302997759644,-9.575935195984812e-5,0.000681996404647105,0.0036592913361536534,0.0030927558090863426,0.0003286441128121856,-0.00012335102281776862,0.0012159536659649263,0.0025781008017329602,0.0009276787337182868,0.00031494979090170635,-0.00021117218269193062,0.0015052179598456115,0.0007117910862044574,-0.00018261459680309812,0.001091925167590334,0.00091939602903187,0.000758211880074974,0.02674864194578539,0.0015433852971319315,0.0008523716792978417,0.0002778436624674408,0.00025544476093040524,0.0009287636787865136,0.0008615054599290252,0.00047973060455463085,0.000685255329769762,0.0002570685042206339,0.00025563626455108964,0.0012555638146641997,5.789355884742027e-5,0.0002887162396530907,0.0007752839594262013,0.0006122361801431623,0.00026266993675302063,0.00014280114431658385,0.0004539145723185851,0.00015218233573177344,0.0015433852971319315,0.0025518964492617317
0.0037190686140549543,-0.0074428722578900024,0.006259904750970365,-0.006248747785307263,-0.0037008943111581927,0.0058976082642327055,-0.0025249805894624303,0.0005393958836093948,0.003837557564896347,0.006587999317520941,0.005234919346617576,0.0013329277297343305,-0.002390115953525556,0.009731192992926551,0.004035281743426459,0.0014676118761252905,0.00625804780535801,-3.773587075587649e-5,0.003843995612075951,-0.008789960806013089,-0.0074428722578900024,0.017989577372058415,-0.016405132497880108,0.014797013342270498,0.00942568404748241,-0.014410683337133107,0.0057394172732293134,-0.0016060248610425868,-0.009279447094492783,-0.015495838423567557,-0.011876828810509674,-0.002451341783287791,0.005808822963335904,-0.02533697816486128,-0.01009807005274536,-0.004026976487251806,-0.015279695763443629,0.0007964738693572043,-0.00900495956060899,0.02056931724036422,0.006259904750970365,-0.016405132497880108,0.01673471554310155,-0.013988283987418674,-0.009385386201000875,0.013709263695714484,-0.0048001992888871275,0.001812034568878346,0.008561951450189741,0.01441150208036539,0.010384164490486224,0.0018443510045421888,-0.005392974423178393,0.025471610479358146,0.009896318603330763,0.00445585595469217,0.014815422659905077,-0.0014817931958350937,0.008161298750995668,-0.018751639658108405,-0.006248747785307263,0.014797013342270498,-0.013988283987418674,0.013006895277232535,0.008068033549111862,-0.01195255070715414,0.00466856372686493,-0.0013948933072637044,-0.007758915148569984,-0.012985895834820557,-0.009665647608225848,-0.0021568302630055785,0.005254052679554608,-0.021641707586675968,-0.008570747082075643,-0.0035828084864926663,-0.0129072253805975,0.0008386359708372857,-0.007434606242813474,0.017254711538444392,-0.0037008943111581927,0.00942568404748241,-0.009385386201000875,0.008068033549111862,0.005862285426855303,-0.008299109445132558,0.0029331744786073514,-0.0010716163994414136,-0.004922233852138256,-0.00841948389021984,-0.00587779745978736,-0.000977238316818853,0.002913586756759928,-0.015106697871160037,-0.005710260380937897,-0.002826963440961202,-0.008535917147050761,0.0007528465018905549,-0.00499766353038454,0.011038710658964265,0.0058976082642327055,-0.014410683337133107,0.013709263695714484,-0.01195255070715414,-0.008299109445132558,0.012957031800437646,-0.004573497777269499,0.0015540058972230131,0.0074399641805008,0.012839916693908975,0.009291027390497109,0.0017800721925990497,-0.00410729870987641,0.022503258844474162,0.008344600016882458,0.004414237672300609,0.012928571395229233,-0.0009291231700961954,0.007880207973728525,-0.017007959209833508,-0.0025249805894624303,0.0057394172732293134,-0.0048001992888871275,0.00466856372686493,0.0029331744786073514,-0.004573497777269499,0.0022137122950855554,-0.00047972303382792217,-0.0029298286823409092,-0.004945993180748705,-0.00392265434250018,-0.0008814885626333175,0.0018591928570838986,-0.007663939766418065,-0.0030795243756177636,-0.0010381893545416783,-0.004710604372633424,2.124833201330141e-5,-0.00297813226043179,0.006686439724159759,0.0005393958836093948,-0.0016060248610425868,0.001812034568878346,-0.0013948933072637044,-0.0010716163994414136,0.0015540058972230131,-0.00047972303382792217,0.0006521468865979443,0.0007924915791700118,0.001529608366026863,0.0009884314151896723,-6.214725555869023e-5,-0.0005520766710614909,0.003128818756843557,0.0009320251050810742,0.0006441026531144097,0.0016696589711898537,-0.0002564719833728946,0.0008968210756542323,-0.0017662485794364968,0.003837557564896347,-0.009279447094492783,0.008561951450189741,-0.007758915148569984,-0.004922233852138256,0.0074399641805008,-0.0029298286823409092,0.0007924915791700118,0.0050034834074404655,0.008048410618469394,0.006146432032465912,0.0013888858321872213,-0.0031049680090452178,0.013189601958441191,0.005287560686024963,0.002114139942327081,0.007955848857478787,-0.0004063927434761161,0.0046695612919602746,-0.010704277715478647,0.006587999317520941,-0.015495838423567557,0.01441150208036539,-0.012985895834820557,-0.00841948389021984,0.012839916693908975,-0.004945993180748705,0.001529608366026863,0.008048410618469394,0.013955073331566112,0.010305539223898288,0.0022418145159741666,-0.004983817326409296,0.022517690708344182,0.00886417155021309,0.003723222929713637,0.013577910846702953,-0.0007936817156980119,0.007995085531347028,-0.01807713507373468,0.005234919346617576,-0.011876828810509674,0.010384164490486224,-0.009665647608225848,-0.00587779745978736,0.009291027390497109,-0.00392265434250018,0.0009884314151896723,0.006146432032465912,0.010305539223898288,0.008365350066809722,0.001866895364646825,-0.003783446790768244,0.01573227257319023,0.006447750083186251,0.002251431345192631,0.009893483418583678,-0.00019808439643364585,0.0059373141137595686,-0.013715261540455655,0.0013329277297343305,-0.002451341783287791,0.0018443510045421888,-0.0021568302630055785,-0.000977238316818853,0.0017800721925990497,-0.0008814885626333175,-6.214725555869023e-5,0.0013888858321872213,0.0022418145159741666,0.001866895364646825,0.0010597314451194202,-0.0009914012531955828,0.0026558156452610683,0.001385838687304353,0.0002565267390038762,0.0019153415982076805,0.00012097210515069534,0.0012164320407515353,-0.0030644518722044833,-0.002390115953525556,0.005808822963335904,-0.005392974423178393,0.005254052679554608,0.002913586756759928,-0.00410729870987641,0.0018591928570838986,-0.0005520766710614909,-0.0031049680090452178,-0.004983817326409296,-0.003783446790768244,-0.0009914012531955828,0.0027037653791510065,-0.007899791355030446,-0.003367818512536482,-0.000961472822143249,-0.004882579642436887,0.0003107855537405849,-0.0025824932723521364,0.006556045541916331,0.009731192992926551,-0.02533697816486128,0.025471610479358146,-0.021641707586675968,-0.015106697871160037,0.022503258844474162,-0.007663939766418065,0.003128818756843557,0.013189601958441191,0.022517690708344182,0.01573227257319023,0.0026558156452610683,-0.007899791355030446,0.041316656692805494,0.015214180913908259,0.008095606975142706,0.023247791476868406,-0.0023305004588930925,0.013537473870980782,-0.029520724411330204,0.004035281743426459,-0.01009807005274536,0.009896318603330763,-0.008570747082075643,-0.005710260380937897,0.008344600016882458,-0.0030795243756177636,0.0009320251050810742,0.005287560686024963,0.00886417155021309,0.006447750083186251,0.001385838687304353,-0.003367818512536482,0.015214180913908259,0.006183015530321182,0.002594041005874783,0.008939601474120446,-0.0007660755892591668,0.005056995462529024,-0.011620438732862204,0.0014676118761252905,-0.004026976487251806,0.00445585595469217,-0.0035828084864926663,-0.002826963440961202,0.004414237672300609,-0.0010381893545416783,0.0006441026531144097,0.002114139942327081,0.003723222929713637,0.002251431345192631,0.0002565267390038762,-0.000961472822143249,0.008095606975142706,0.002594041005874783,0.0024331827184215318,0.004145744334740022,-0.0006789060906835367,0.0025546421619147062,-0.004988020909416463,0.00625804780535801,-0.015279695763443629,0.014815422659905077,-0.0129072253805975,-0.008535917147050761,0.012928571395229233,-0.004710604372633424,0.0016696589711898537,0.007955848857478787,0.013577910846702953,0.009893483418583678,0.0019153415982076805,-0.004882579642436887,0.023247791476868406,0.008939601474120446,0.004145744334740022,0.013801958628415389,-0.0010707556848136661,0.007881469252375272,-0.017729734980289347,-3.773587075587649e-5,0.0007964738693572043,-0.0014817931958350937,0.0008386359708372857,0.0007528465018905549,-0.0009291231700961954,2.124833201330141e-5,-0.0002564719833728946,-0.0004063927434761161,-0.0007936817156980119,-0.00019808439643364585,0.00012097210515069534,0.0003107855537405849,-0.0023305004588930925,-0.0007660755892591668,-0.0006789060906835367,-0.0010707556848136661,0.0005799309761357915,-0.0004160306784010045,0.0008212463152089133,0.003843995612075951,-0.00900495956060899,0.008161298750995668,-0.007434606242813474,-0.00499766353038454,0.007880207973728525,-0.00297813226043179,0.0008968210756542323,0.0046695612919602746,0.007995085531347028,0.0059373141137595686,0.0012164320407515353,-0.0025824932723521364,0.013537473870980782,0.005056995462529024,0.0025546421619147062,0.007881469252375272,-0.0004160306784010045,0.005084730123121681,-0.01064019160085743,-0.008789960806013089,0.02056931724036422,-0.018751639658108405,0.017254711538444392,0.011038710658964265,-0.017007959209833508,0.006686439724159759,-0.0017662485794364968,-0.010704277715478647,-0.01807713507373468,-0.013715261540455655,-0.0030644518722044833,0.006556045541916331,-0.029520724411330204,-0.011620438732862204,-0.004988020909416463,-0.017729734980289347,0.0008212463152089133,-0.01064019160085743,0.02427043557637238
