0.012382512925026542,-0.0033627067403557993,-0.010666024240414409,-0.0015808934153107312,-0.005637833476932271,0.001445239154811399,0.005385515945504688,0.0010288350843632712,0.0019099180444894187,-0.00016290223405687878,0.0031271066697839407,0.005407469406154011,-0.003249713800615933,0.003582040156265457,-3.5479941130664547e-6,-0.0019162879685289372,-0.0018980735549639282,0.004710650189753751,-0.0026331326760038482,0.001034661363089559,-0.0033627067403557993,0.012441255928898057,0.004878136078525257,-0.003849303825989257,0.000639670221695695,0.0012575527440162014,0.0017301498102287084,-3.75014209546124e-5,0.0013943272875551382,-0.0005420522054710023,-0.002583382515120019,0.000605979665565578,0.007339072702645385,-0.00023366543518786744,0.0004883752691123072,-0.0010882583546254934,0.0029963121317255984,0.002679009747192343,0.0012100429898264146,-0.0024670805365780606,-0.010666024240414409,0.004878136078525257,0.04845056024586872,0.007062635138698505,0.005972184826531897,6.914663770572444e-5,-0.013766040631223237,-0.0023510224253947376,0.0076297952652656185,-7.480449223720069e-5,-0.004742192850870184,-0.006706917588555399,0.0157762049487767,-0.007011634327121521,0.000886436011144108,0.0037843193383361906,0.005085221020276384,0.0004269131506810435,0.00515221268704008,0.001576130919898843,-0.0015808934153107312,-0.003849303825989257,0.007062635138698505,0.03988974141483278,0.004748861592157077,-0.003256553617527697,-0.006946136389355645,-0.00098282851675045,0.007318138702506353,-0.0003291423929654484,0.00022496890810058296,0.0013042365940849083,-0.007803279951363514,0.0002685607320412583,0.0011967991064322436,0.0004981644026780681,0.00034118665633668915,-0.003444746477684925,0.0017275152785685048,-0.0005490741371279002,-0.005637833476932271,0.000639670221695695,0.005972184826531897,0.004748861592157077,0.03469943095296756,-0.0023211344853116805,0.0046140514464749665,-0.00141090181806016,-0.007849138550922298,-0.001092998992687264,0.0008845012242929744,-0.003190647720913927,-0.005188565277494551,-0.004295785757371973,0.002467888046058368,0.0025647432433920465,-0.00045175491821067786,0.00015514582568112415,0.0013591941717840325,-0.0026506480752565287,0.001445239154811399,0.0012575527440162014,6.914663770572444e-5,-0.003256553617527697,-0.0023211344853116805,0.004825022118500312,-0.00221720717422818,0.00012435817753834964,0.00028265091345236416,0.00028001218882645035,0.0011524907927918005,0.0009259650126531088,0.006229503920462804,-0.001269401536233838,0.00042177912729842153,-0.0007648142615612212,0.0014101436040418872,0.0014880515245021173,0.002002968593810264,0.001753433255473833,0.005385515945504688,0.0017301498102287084,-0.013766040631223237,-0.006946136389355645,0.0046140514464749665,-0.00221720717422818,0.032823143629619106,0.0009902698697792313,-0.004814797801129998,-0.0012862470281937923,-5.995630101192432e-5,0.005486424585539676,-0.01059110708747881,0.0032849680934066714,-0.0017863029490434443,-0.00022566075575047387,-0.0035436888486093687,0.0065900809964255175,-0.004295547578584132,-0.00470478641597858,0.0010288350843632712,-3.75014209546124e-5,-0.0023510224253947376,-0.00098282851675045,-0.00141090181806016,0.00012435817753834964,0.0009902698697792313,0.0023995805587667526,0.001082607529858883,0.00041331765502423777,0.00027550394439628597,0.0013134627214143192,-0.00203426962607607,0.002045104555604381,-0.0002962783811777141,-0.00047372889004918797,-6.641524082788036e-5,0.0002563491776731408,5.395099821718213e-5,8.563179922847806e-5,0.0019099180444894187,0.0013943272875551382,0.0076297952652656185,0.007318138702506353,-0.007849138550922298,0.00028265091345236416,-0.004814797801129998,0.001082607529858883,0.02600105833700375,0.0011787647915049238,-0.00018593551420883087,0.003441545552268486,0.0014446084516516516,0.006614779301395915,0.001845288344049297,-0.001380020212932803,0.0009851232831764659,0.00045713629201670804,-0.001733697526589304,0.0021036711452055404,-0.00016290223405687878,-0.0005420522054710023,-7.480449223720069e-5,-0.0003291423929654484,-0.001092998992687264,0.00028001218882645035,-0.0012862470281937923,0.00041331765502423777,0.0011787647915049238,0.003122884964959556,0.0008747942610779641,0.0007590084925374846,-0.0007100421571980089,0.0023594495398398157,0.000925550312264956,-0.00011498586417614607,0.000618201705701815,-0.0018338332580512013,0.0006566570293204158,0.0006994521229203635,0.0031271066697839407,-0.002583382515120019,-0.004742192850870184,0.00022496890810058296,0.0008845012242929744,0.0011524907927918005,-5.995630101192432e-5,0.00027550394439628597,-0.00018593551420883087,0.0008747942610779641,0.005451270796184037,0.0010101833882864505,-0.0009695977168879012,0.0014365973654082782,0.0007092063452461963,0.00015672245457194257,-0.0011888491433311116,-0.0008387458863546634,-7.655540000937549e-5,0.001098822058091351,0.005407469406154011,0.000605979665565578,-0.006706917588555399,0.0013042365940849083,-0.003190647720913927,0.0009259650126531088,0.005486424585539676,0.0013134627214143192,0.003441545552268486,0.0007590084925374846,0.0010101833882864505,0.013609436128646252,-0.0013303671496278958,0.002256410697609952,0.003276493916006179,-0.003953503112206079,0.0006154126632689013,0.0038973367100452803,0.0008525566746656518,-0.0007197402186570983,-0.003249713800615933,0.007339072702645385,0.0157762049487767,-0.007803279951363514,-0.005188565277494551,0.006229503920462804,-0.01059110708747881,-0.00203426962607607,0.0014446084516516516,-0.0007100421571980089,-0.0009695977168879012,-0.0013303671496278958,0.04954296231381848,-0.007761795184994846,0.002729291528138004,4.5868369045269755e-6,0.0045562802626139005,0.0016748213633362235,0.005029615001444409,0.002875697340379745,0.003582040156265457,-0.00023366543518786744,-0.007011634327121521,0.0002685607320412583,-0.004295785757371973,-0.001269401536233838,0.0032849680934066714,0.002045104555604381,0.006614779301395915,0.0023594495398398157,0.0014365973654082782,0.002256410697609952,-0.007761795184994846,0.019719748176655186,-0.0008884035582624992,0.0008267435921611695,-0.0016479284037186335,-0.0007615906229684892,-0.006689117629922503,0.0022475198871307212,-3.5479941130664547e-6,0.0004883752691123072,0.000886436011144108,0.0011967991064322436,0.002467888046058368,0.00042177912729842153,-0.0017863029490434443,-0.0002962783811777141,0.001845288344049297,0.000925550312264956,0.0007092063452461963,0.003276493916006179,0.002729291528138004,-0.0008884035582624992,0.006286763180610314,-0.0017057612918549812,0.0012625346271201892,-0.0010776277619761855,0.00193559056714254,0.00010518452805075192,-0.0019162879685289372,-0.0010882583546254934,0.0037843193383361906,0.0004981644026780681,0.0025647432433920465,-0.0007648142615612212,-0.00022566075575047387,-0.00047372889004918797,-0.001380020212932803,-0.00011498586417614607,0.00015672245457194257,-0.003953503112206079,4.5868369045269755e-6,0.0008267435921611695,-0.0017057612918549812,0.003774767961783635,-0.0009520593136891748,-0.0009910990356783306,-0.0012071277575465462,0.00045073560588872907,-0.0018980735549639282,0.0029963121317255984,0.005085221020276384,0.00034118665633668915,-0.00045175491821067786,0.0014101436040418872,-0.0035436888486093687,-6.641524082788036e-5,0.0009851232831764659,0.000618201705701815,-0.0011888491433311116,0.0006154126632689013,0.0045562802626139005,-0.0016479284037186335,0.0012625346271201892,-0.0009520593136891748,0.0032512412998452348,-5.9203041273664576e-5,0.003162889613955862,0.0003038138610806748,0.004710650189753751,0.002679009747192343,0.0004269131506810435,-0.003444746477684925,0.00015514582568112415,0.0014880515245021173,0.0065900809964255175,0.0002563491776731408,0.00045713629201670804,-0.0018338332580512013,-0.0008387458863546634,0.0038973367100452803,0.0016748213633362235,-0.0007615906229684892,-0.0010776277619761855,-0.0009910990356783306,-5.9203041273664576e-5,0.0106443235579092,0.0002542079501831587,-0.0007286952214227435,-0.0026331326760038482,0.0012100429898264146,0.00515221268704008,0.0017275152785685048,0.0013591941717840325,0.002002968593810264,-0.004295547578584132,5.395099821718213e-5,-0.001733697526589304,0.0006566570293204158,-7.655540000937549e-5,0.0008525566746656518,0.005029615001444409,-0.006689117629922503,0.00193559056714254,-0.0012071277575465462,0.003162889613955862,0.0002542079501831587,0.016405409882745685,-0.00030377504345304113,0.001034661363089559,-0.0024670805365780606,0.001576130919898843,-0.0005490741371279002,-0.0026506480752565287,0.001753433255473833,-0.00470478641597858,8.563179922847806e-5,0.0021036711452055404,0.0006994521229203635,0.001098822058091351,-0.0007197402186570983,0.002875697340379745,0.0022475198871307212,0.00010518452805075192,0.00045073560588872907,0.0003038138610806748,-0.0007286952214227435,-0.00030377504345304113,0.005165870794112338
0.010614356386246821,0.007420127372542908,0.00923631882435861,0.010029629692057004,-0.002822110529575825,0.002006255596051413,0.002182615246402303,0.002928292932551772,0.0027310047692830864,-0.00018274733363551763,0.0006901660365347015,0.0010726148411217972,-0.00590452559901539,-0.0028054254487124737,-0.00376394617121223,7.094351030443092e-5,0.0019060181769482833,0.0003503974648402857,-0.00547761266808491,0.00149601284458968,0.007420127372542908,0.016483736444105355,0.014111139013234943,0.024516420718914307,-0.0016431141225015352,0.003583805890219424,0.00046516053443520556,0.00424602782808286,0.0038444257496244574,-0.0011519773975315866,-0.00204084202170538,0.0030996218868087266,-0.017476364957049705,-0.011121757689002636,-0.01157446352880727,-0.000740471568394162,0.002449130749942229,-0.001930553494855233,-0.012753296752719145,0.0027705958701902842,0.00923631882435861,0.014111139013234943,0.061646300269172546,0.04725488014894901,-0.0047301582734819575,0.01475593591064058,0.005458717161954238,0.010484016759402217,0.009758907256220795,-0.0022487280459545355,-0.004528486108311999,0.008543381709495652,-0.028315701020093013,-0.018233160786559552,-0.006584627215094464,-0.0023419289801218024,0.0054049798646853406,-0.0030881973347453395,-0.02368264869444405,0.006433129731482909,0.010029629692057004,0.024516420718914307,0.04725488014894901,0.10243663701971834,-0.011576909956983312,0.01658402491449929,-0.007067806602032104,0.014017063856527397,0.014470545687709578,6.390961390741435e-6,-0.008524205248955257,0.004541875611444006,-0.04532737918020549,-0.031233571588921705,-0.02061539032746104,-0.00622469730492891,0.008781205667197976,-0.00812238898768008,-0.043466911022158466,0.009335459385583375,-0.002822110529575825,-0.0016431141225015352,-0.0047301582734819575,-0.011576909956983312,0.03712785287121795,0.0034758994082771744,0.013218009309820287,-0.003172220756662664,-0.006166193146781249,-0.0008301529768512061,0.0009843075355342118,0.007938301978421538,0.0018840415611684172,0.0071675498212846675,0.0027001108316053544,0.0013483574765790832,-0.0026203216824330976,-0.0021981294313974135,0.016772347193818517,-0.00119096082201979,0.002006255596051413,0.003583805890219424,0.01475593591064058,0.01658402491449929,0.0034758994082771744,0.008601967567423915,0.0033133937165090305,0.003072111575042698,0.0009104175598296022,-0.0005139970095506662,-0.0022026544853623203,0.002257101910214358,-0.012440639439867588,-0.007762049429361923,-0.0006696098418135912,-0.0008680202226830822,0.0012062102813330299,-0.002829282276640638,-0.006351556351836338,0.0030989548735707545,0.002182615246402303,0.00046516053443520556,0.005458717161954238,-0.007067806602032104,0.013218009309820287,0.0033133937165090305,0.02716333996007296,-5.100720939833466e-5,-0.0009526110731526337,-6.667301390826358e-5,0.002365068679012733,0.004602472436304489,0.009843892320372468,0.00577259771123559,0.006075831668142287,0.0007939607540998159,-0.0005715863557016244,0.004466207392476492,0.007295567454451521,-0.001314473189801714,0.002928292932551772,0.00424602782808286,0.010484016759402217,0.014017063856527397,-0.003172220756662664,0.003072111575042698,-5.100720939833466e-5,0.0055772204583360956,0.003631406348168013,0.0001578529955383348,-0.0013602468860821147,0.0002600815185328292,-0.006805258386353229,-0.007758011875340368,-0.0017933768616728415,-0.0019380167524728745,0.0017566556107338777,-0.000601514250753121,-0.010095196738597826,0.0019698021528572873,0.0027310047692830864,0.0038444257496244574,0.009758907256220795,0.014470545687709578,-0.006166193146781249,0.0009104175598296022,-0.0009526110731526337,0.003631406348168013,0.023781964130810275,0.0007092008434079642,-0.0008600635708768733,0.0008987055465193043,0.0019378671779958076,-0.0011358312540002409,-0.0021586160023239864,-0.0012955514974010403,0.003688553114721248,0.0050516137483735644,-0.012601044869194097,0.0021197162744711158,-0.00018274733363551763,-0.0011519773975315866,-0.0022487280459545355,6.390961390741435e-6,-0.0008301529768512061,-0.0005139970095506662,-6.667301390826358e-5,0.0001578529955383348,0.0007092008434079642,0.002766405682233689,0.00047347850006617526,-2.4097381029156194e-5,0.004049668575681201,0.0010032508172551106,0.0022631289635794147,-0.0007627397852586849,-7.39447366875921e-5,0.0012184127471967937,0.0020463482269963474,0.00015073695894791736,0.0006901660365347015,-0.00204084202170538,-0.004528486108311999,-0.008524205248955257,0.0009843075355342118,-0.0022026544853623203,0.002365068679012733,-0.0013602468860821147,-0.0008600635708768733,0.00047347850006617526,0.004219798732280493,-0.0010282708812177723,0.009252097453579463,0.006009619275812133,0.0036007870262332545,0.0007087163320285345,-0.0004359005366740689,0.0028877503824912693,0.005000727674232345,-0.0009610219997894891,0.0010726148411217972,0.0030996218868087266,0.008543381709495652,0.004541875611444006,0.007938301978421538,0.002257101910214358,0.004602472436304489,0.0002600815185328292,0.0008987055465193043,-2.4097381029156194e-5,-0.0010282708812177723,0.012660228922497525,-0.006068984064693776,-0.0025382626837691493,-0.0010594414560687838,0.00013617348082028133,-0.00037769218028652107,-0.0019965814972058987,0.005462571029354594,0.0005162843350808859,-0.00590452559901539,-0.017476364957049705,-0.028315701020093013,-0.04532737918020549,0.0018840415611684172,-0.012440639439867588,0.009843892320372468,-0.006805258386353229,0.0019378671779958076,0.004049668575681201,0.009252097453579463,-0.006068984064693776,0.07620403099764368,0.035737615587185065,0.017973684777732667,0.002611656308038227,-0.0025170664673921862,0.021386365067122232,0.022292666959924014,-0.008409097547874632,-0.0028054254487124737,-0.011121757689002636,-0.018233160786559552,-0.031233571588921705,0.0071675498212846675,-0.007762049429361923,0.00577259771123559,-0.007758011875340368,-0.0011358312540002409,0.0010032508172551106,0.006009619275812133,-0.0025382626837691493,0.035737615587185065,0.03695673112458148,0.00874451600930698,0.004518809442783081,-0.0020206744936191673,0.012381639182996722,0.019480352344815176,-0.0052744526062721165,-0.00376394617121223,-0.01157446352880727,-0.006584627215094464,-0.02061539032746104,0.0027001108316053544,-0.0006696098418135912,0.006075831668142287,-0.0017933768616728415,-0.0021586160023239864,0.0022631289635794147,0.0036007870262332545,-0.0010594414560687838,0.017973684777732667,0.00874451600930698,0.019264464671118045,0.00023387692728921947,-0.0019101023652199375,0.004819740434141502,0.013510723733360135,-0.0023558336029478035,7.094351030443092e-5,-0.000740471568394162,-0.0023419289801218024,-0.00622469730492891,0.0013483574765790832,-0.0008680202226830822,0.0007939607540998159,-0.0019380167524728745,-0.0012955514974010403,-0.0007627397852586849,0.0007087163320285345,0.00013617348082028133,0.002611656308038227,0.004518809442783081,0.00023387692728921947,0.002848783050363825,-0.0005065761714109281,0.0005261948598367026,0.004478519520757053,-0.0008126144711739277,0.0019060181769482833,0.002449130749942229,0.0054049798646853406,0.008781205667197976,-0.0026203216824330976,0.0012062102813330299,-0.0005715863557016244,0.0017566556107338777,0.003688553114721248,-7.39447366875921e-5,-0.0004359005366740689,-0.00037769218028652107,-0.0025170664673921862,-0.0020206744936191673,-0.0019101023652199375,-0.0005065761714109281,0.0023368439310152336,0.0008574106365948574,-0.0060687448282948555,0.0009156633764682482,0.0003503974648402857,-0.001930553494855233,-0.0030881973347453395,-0.00812238898768008,-0.0021981294313974135,-0.002829282276640638,0.004466207392476492,-0.000601514250753121,0.0050516137483735644,0.0012184127471967937,0.0028877503824912693,-0.0019965814972058987,0.021386365067122232,0.012381639182996722,0.004819740434141502,0.0005261948598367026,0.0008574106365948574,0.014209261474025979,-0.0006824600129032262,-0.001764494370553512,-0.00547761266808491,-0.012753296752719145,-0.02368264869444405,-0.043466911022158466,0.016772347193818517,-0.006351556351836338,0.007295567454451521,-0.010095196738597826,-0.012601044869194097,0.0020463482269963474,0.005000727674232345,0.005462571029354594,0.022292666959924014,0.019480352344815176,0.013510723733360135,0.004478519520757053,-0.0060687448282948555,-0.0006824600129032262,0.04689290376059831,-0.005355600246598138,0.00149601284458968,0.0027705958701902842,0.006433129731482909,0.009335459385583375,-0.00119096082201979,0.0030989548735707545,-0.001314473189801714,0.0019698021528572873,0.0021197162744711158,0.00015073695894791736,-0.0009610219997894891,0.0005162843350808859,-0.008409097547874632,-0.0052744526062721165,-0.0023558336029478035,-0.0008126144711739277,0.0009156633764682482,-0.001764494370553512,-0.005355600246598138,0.004844263340830951
0.011326383544917074,0.008071405796358589,0.0046626715735668955,0.0007353080806063862,0.010520451923868919,0.0034156388298220465,-0.001204754260419744,0.0003880377541395749,0.005426509475458252,0.002333178145869888,0.0006005337686079407,-0.0020091829543594803,0.006107315587409588,0.00974033731105365,0.003368992077232448,-0.000328819418523374,0.0006827557626163149,-0.0006450191416548197,0.006294152369922132,0.007019038394278858,0.008071405796358589,0.020107035805687686,0.011921122693069185,0.00801419436862859,0.014248590001095188,0.005432349120169133,0.0032201026183685273,0.00472940507063329,0.010453263117499827,0.0021458945132645925,0.0018875117120185862,0.005272442445334976,0.019607624709427236,0.009866965537550888,0.010890756923345677,0.002037534716296309,0.002206182037878054,-0.0006244787784608512,0.01534959040895562,0.01379840612245536,0.0046626715735668955,0.011921122693069185,0.04510942149947069,0.019904706074792562,0.010268578063793827,0.006746397434350538,0.017291481766075756,0.006127899542853052,0.012342664022139353,0.005978821194488387,0.003445254286551642,0.004317994493382189,0.020068811603535897,0.010846766452056077,0.008035749339974755,0.0037116423283213404,0.002131999281383739,0.00438272107972982,0.017390363298154403,0.009133975938234994,0.0007353080806063862,0.00801419436862859,0.019904706074792562,0.06670086342747764,0.017667789321221802,0.005947640058875157,0.021208847839588284,0.01055903373072869,0.008420490995648991,-0.00012003295130261324,0.0030224618290975265,0.01043007809325791,0.0224578192286989,0.0009670162061858707,0.02014574618824451,0.0073726306764286065,0.0017798707998046455,0.005179868985771727,0.01900058425613767,0.01053655984877643,0.010520451923868919,0.014248590001095188,0.010268578063793827,0.017667789321221802,0.04746703296713993,0.007428614469578077,0.005383877407231013,0.004867330300902942,0.019229291844141422,-0.00026708828436203583,0.0012469012187177728,0.0032675530627548728,0.028531066622920015,0.008198981909243345,0.012138250814202545,0.003535450446971174,0.0017468596684008242,-0.003237549023573154,0.01636721106951343,0.012098873201415115,0.0034156388298220465,0.005432349120169133,0.006746397434350538,0.005947640058875157,0.007428614469578077,0.005631469965380796,0.0051977825421633626,0.0021938930230713154,0.009378613975767187,0.0013918984251815286,0.0020059608683234264,0.002285204548868023,0.009379106213238455,0.004904940564480122,0.005022802661718485,0.0010208072123845326,0.0009745326975028896,0.0004967737649514416,0.007643363317507517,0.004871061095778187,-0.001204754260419744,0.0032201026183685273,0.017291481766075756,0.021208847839588284,0.005383877407231013,0.0051977825421633626,0.032437116560548804,0.0058421860800250865,0.01357689464415935,0.0018105300536347916,0.004068775356543636,0.005502828651254751,0.01368199223250239,0.0010120979958488476,0.012353057520227416,0.003714923801573871,0.0024559970998150474,0.0030281203093088698,0.006313248044596791,0.0037026097170825252,0.0003880377541395749,0.00472940507063329,0.006127899542853052,0.01055903373072869,0.004867330300902942,0.0021938930230713154,0.0058421860800250865,0.004975819267320681,0.0052421109726456475,-0.00028384642347791146,0.0010576761169885402,0.004618378961002275,0.00928151980010751,0.00025066700639858326,0.006048149741070857,0.002207899502708756,0.000934935912879497,0.0005268886256184517,0.007098578601093719,0.0041864234956498145,0.005426509475458252,0.010453263117499827,0.012342664022139353,0.008420490995648991,0.019229291844141422,0.009378613975767187,0.01357689464415935,0.0052421109726456475,0.03929243607821657,0.0003572117949270995,0.0037008927148602343,0.005863911972888173,0.023518397895034952,0.007855109036574718,0.011753396253863081,0.0025025241238885473,0.0024557605541729874,-0.00169033375216724,0.0128041420507914,0.008743758145488511,0.002333178145869888,0.0021458945132645925,0.005978821194488387,-0.00012003295130261324,-0.00026708828436203583,0.0013918984251815286,0.0018105300536347916,-0.00028384642347791146,0.0003572117949270995,0.004225335084686642,0.0011153498227490875,8.87969628792745e-5,-0.0010317908545660836,0.0042691209595891,-0.0006138640670511216,5.002403113661615e-5,0.00044785158219268916,0.0009287198668465913,0.0011287781765754019,0.0015580878507458137,0.0006005337686079407,0.0018875117120185862,0.003445254286551642,0.0030224618290975265,0.0012469012187177728,0.0020059608683234264,0.004068775356543636,0.0010576761169885402,0.0037008927148602343,0.0011153498227490875,0.0038097818548532,0.001745861035750936,0.005241022264355908,0.0017878872862507281,0.0033604716422947897,0.0004039746236987311,0.0007210790629790585,0.00042631270697410587,0.0034679358237597723,0.002233191267427875,-0.0020091829543594803,0.005272442445334976,0.004317994493382189,0.01043007809325791,0.0032675530627548728,0.002285204548868023,0.005502828651254751,0.004618378961002275,0.005863911972888173,8.87969628792745e-5,0.001745861035750936,0.013047307890488254,0.009436825842338193,-0.0016873505785010997,0.005891836810193301,0.0030279248461496655,0.0017396626594816593,0.0006844937113712478,0.007513465014826016,0.0037377020632079214,0.006107315587409588,0.019607624709427236,0.020068811603535897,0.0224578192286989,0.028531066622920015,0.009379106213238455,0.01368199223250239,0.00928151980010751,0.023518397895034952,-0.0010317908545660836,0.005241022264355908,0.009436825842338193,0.06916668716636605,0.004979720882285384,0.020427740816212576,0.005089240498210336,0.0024045455401441587,-0.002999565527264137,0.029537680633780934,0.013921674534137018,0.00974033731105365,0.009866965537550888,0.010846766452056077,0.0009670162061858707,0.008198981909243345,0.004904940564480122,0.0010120979958488476,0.00025066700639858326,0.007855109036574718,0.0042691209595891,0.0017878872862507281,-0.0016873505785010997,0.004979720882285384,0.02105089050570501,0.0027660560216996163,-0.00047344373191650813,0.0007085741912709537,0.000515562026005615,0.009446266607115806,0.008734226551420466,0.003368992077232448,0.010890756923345677,0.008035749339974755,0.02014574618824451,0.012138250814202545,0.005022802661718485,0.012353057520227416,0.006048149741070857,0.011753396253863081,-0.0006138640670511216,0.0033604716422947897,0.005891836810193301,0.020427740816212576,0.0027660560216996163,0.019279736656352204,0.0032774370078777915,0.002437795797911856,0.00016344446332280664,0.010863617962167256,0.010513959822981034,-0.000328819418523374,0.002037534716296309,0.0037116423283213404,0.0073726306764286065,0.003535450446971174,0.0010208072123845326,0.003714923801573871,0.002207899502708756,0.0025025241238885473,5.002403113661615e-5,0.0004039746236987311,0.0030279248461496655,0.005089240498210336,-0.00047344373191650813,0.0032774370078777915,0.0025352360786300267,0.0004963304847470725,0.0007640574510691435,0.0038125003215962894,0.0019444582455562932,0.0006827557626163149,0.002206182037878054,0.002131999281383739,0.0017798707998046455,0.0017468596684008242,0.0009745326975028896,0.0024559970998150474,0.000934935912879497,0.0024557605541729874,0.00044785158219268916,0.0007210790629790585,0.0017396626594816593,0.0024045455401441587,0.0007085741912709537,0.002437795797911856,0.0004963304847470725,0.0018647184152486423,9.428275878996733e-5,0.0010874039125870817,0.0016775200832128054,-0.0006450191416548197,-0.0006244787784608512,0.00438272107972982,0.005179868985771727,-0.003237549023573154,0.0004967737649514416,0.0030281203093088698,0.0005268886256184517,-0.00169033375216724,0.0009287198668465913,0.00042631270697410587,0.0006844937113712478,-0.002999565527264137,0.000515562026005615,0.00016344446332280664,0.0007640574510691435,9.428275878996733e-5,0.006411543045636531,0.00017825160772689283,0.00033334712639086176,0.006294152369922132,0.01534959040895562,0.017390363298154403,0.01900058425613767,0.01636721106951343,0.007643363317507517,0.006313248044596791,0.007098578601093719,0.0128041420507914,0.0011287781765754019,0.0034679358237597723,0.007513465014826016,0.029537680633780934,0.009446266607115806,0.010863617962167256,0.0038125003215962894,0.0010874039125870817,0.00017825160772689283,0.039107402663139446,0.01563379008138283,0.007019038394278858,0.01379840612245536,0.009133975938234994,0.01053655984877643,0.012098873201415115,0.004871061095778187,0.0037026097170825252,0.0041864234956498145,0.008743758145488511,0.0015580878507458137,0.002233191267427875,0.0037377020632079214,0.013921674534137018,0.008734226551420466,0.010513959822981034,0.0019444582455562932,0.0016775200832128054,0.00033334712639086176,0.01563379008138283,0.014839626008857146
