0.010236415659881704,0.0022332566593563303,0.00031516129585060123,0.0008647639149267296,-5.848016340565595e-7,0.0008300200647278679,0.002259632639245779,0.00022024076060910664,-0.00042204101115677457,-0.0004607404461438813,0.0011851366215852076,0.00033869850600804256,-0.0004246651516697825,0.0034934410253594254,-0.00026759519837989403,-0.0013144854778112782,0.000652133689543296,0.0003020742152088831,0.0010181959155026522,0.0007951900711425274,0.0022332566593563303,0.013522154293834476,0.000458241157165233,0.0006337206943349686,-0.0003957479110585517,0.00043772416688471656,0.004197325873665205,0.0009475714679808756,-0.0013232036853740863,-0.0005983953338734596,-0.0004957462254025794,0.0008992214829329799,0.00014971578043676526,0.0020938330833960572,-0.0003006694577597709,0.00023267830485793723,0.0016290420458386092,-7.617426272226119e-5,-0.00010598454027152277,-0.0002136377451339088,0.00031516129585060123,0.000458241157165233,0.0018746801276521776,0.00041258370770848264,0.0002694301435351409,0.0002882337360110654,0.0015861927828619406,0.0002949975511130752,-6.723653309118909e-5,0.0004936164273321002,0.0012714787431762219,0.0005166460784875376,0.0007975726059588743,0.0008237305351965788,0.00025657148944722774,0.00046861515605041643,4.371567398488293e-5,0.0001941409203208022,0.0004611198114670814,0.0018053940986007934,0.0008647639149267296,0.0006337206943349686,0.00041258370770848264,0.0038153780955245695,2.074585624170466e-5,0.00018519200237483672,0.00015027730050026647,0.000841229234834508,3.287786230863092e-5,-0.00030614246544189544,0.0006344069758596573,-0.00015554699697518823,5.695359331657772e-5,0.0012262135469694236,0.0001527217909927378,-0.00018585631261059396,0.0008748819546784839,-3.110298997368305e-5,0.00012588819663858887,-0.000618898700971276,-5.848016340565595e-7,-0.0003957479110585517,0.0002694301435351409,2.074585624170466e-5,0.00196507583052265,0.000179046330861095,0.0015134205551343267,0.00017234455197938332,0.000572807622600368,0.0005448365157139845,0.0006826110749656882,0.00016823862787290427,0.0006686919340413398,0.00013560504312311105,0.0006737745655635005,-7.115127214401783e-5,-3.121996600697832e-5,8.568419058292283e-5,0.0005929881939025916,0.0007655930605638037,0.0008300200647278679,0.00043772416688471656,0.0002882337360110654,0.00018519200237483672,0.000179046330861095,0.002219176647899701,0.0011882015254773633,-8.529133744604266e-5,0.00010468661832521356,0.00011966409489682137,0.0010179101133940566,0.0005057903132072221,0.0007820176492932878,0.0006236018855241692,0.0003473448766681328,-0.00013267971520497214,-7.076868982666405e-5,0.0003251711740967358,0.000816200663570412,0.0016777258457283891,0.002259632639245779,0.004197325873665205,0.0015861927828619406,0.00015027730050026647,0.0015134205551343267,0.0011882015254773633,0.039307355327883244,0.0006168728471961193,0.002173936236444517,0.002369561352480801,0.0012101264390291027,0.0016657324482061225,0.0049730967810910146,0.0017838230357439702,-0.0007395645697931363,0.0030132872319621473,0.0007124826429540677,0.0009697660069073147,0.0034107443831969814,0.00537529268440282,0.00022024076060910664,0.0009475714679808756,0.0002949975511130752,0.000841229234834508,0.00017234455197938332,-8.529133744604266e-5,0.0006168728471961193,0.00299379642410233,0.000450159941481469,0.00011912552533862753,0.0005618595933011992,4.320884382306219e-5,0.000805385500632509,0.0008059211271209774,0.0004376545328943669,0.0006058368560480169,0.0010078183324065291,-7.07701235580259e-5,0.001305257551039381,0.0011179932929042357,-0.00042204101115677457,-0.0013232036853740863,-6.723653309118909e-5,3.287786230863092e-5,0.000572807622600368,0.00010468661832521356,0.002173936236444517,0.000450159941481469,0.006918435480228401,0.00017155792479865418,0.001341321297420694,0.0004988047939866034,0.0010769693234245607,-0.0005619844427407256,0.0006681952048340913,0.0014552461008194312,-3.39353749828958e-5,0.0005005522268907908,0.0012552272937137528,0.001213959143210104,-0.0004607404461438813,-0.0005983953338734596,0.0004936164273321002,-0.00030614246544189544,0.0005448365157139845,0.00011966409489682137,0.002369561352480801,0.00011912552533862753,0.00017155792479865418,0.005483094182969053,0.0005858053548070501,0.0004920939643643709,0.0011985495907861918,-0.0004494572265354604,0.0004062687311246415,0.0017508931202289322,-0.0003404772542670711,0.0001604256651017797,0.0007784966605188188,0.0007761466405306703,0.0011851366215852076,-0.0004957462254025794,0.0012714787431762219,0.0006344069758596573,0.0006826110749656882,0.0010179101133940566,0.0012101264390291027,0.0005618595933011992,0.001341321297420694,0.0005858053548070501,0.017491573137030758,0.0005248196901425287,0.0013633898503844213,0.0006733278227000095,0.001270964542845086,0.000312071000012576,-7.51868663745475e-5,0.00011379722731671281,0.0016437058401335912,0.003887656800023023,0.00033869850600804256,0.0008992214829329799,0.0005166460784875376,-0.00015554699697518823,0.00016823862787290427,0.0005057903132072221,0.0016657324482061225,4.320884382306219e-5,0.0004988047939866034,0.0004920939643643709,0.0005248196901425287,0.007627504875830643,0.0015419090764892522,0.00047037075435528127,0.000985779497404022,0.0006497892478676677,0.00011625835695086643,0.0005854505624980062,0.0004350508203541627,0.0013491731656914327,-0.0004246651516697825,0.00014971578043676526,0.0007975726059588743,5.695359331657772e-5,0.0006686919340413398,0.0007820176492932878,0.0049730967810910146,0.000805385500632509,0.0010769693234245607,0.0011985495907861918,0.0013633898503844213,0.0015419090764892522,0.009712217097275922,0.0004476005070597191,0.0006991632730224794,0.002390166838083045,0.0010072708531539405,0.0008029088972933236,0.0017203194475524464,0.003048918262240111,0.0034934410253594254,0.0020938330833960572,0.0008237305351965788,0.0012262135469694236,0.00013560504312311105,0.0006236018855241692,0.0017838230357439702,0.0008059211271209774,-0.0005619844427407256,-0.0004494572265354604,0.0006733278227000095,0.00047037075435528127,0.0004476005070597191,0.011964442505991409,0.00020102624562623564,0.0017435945713487307,0.0014505568193502174,0.00020626444199053144,0.0018737326795751873,4.497875415417985e-5,-0.00026759519837989403,-0.0003006694577597709,0.00025657148944722774,0.0001527217909927378,0.0006737745655635005,0.0003473448766681328,-0.0007395645697931363,0.0004376545328943669,0.0006681952048340913,0.0004062687311246415,0.001270964542845086,0.000985779497404022,0.0006991632730224794,0.00020102624562623564,0.005835579547919894,0.0009434294601779957,0.00014166698218845512,0.00038194698557522357,0.001604150976617319,0.0012022896158959437,-0.0013144854778112782,0.00023267830485793723,0.00046861515605041643,-0.00018585631261059396,-7.115127214401783e-5,-0.00013267971520497214,0.0030132872319621473,0.0006058368560480169,0.0014552461008194312,0.0017508931202289322,0.000312071000012576,0.0006497892478676677,0.002390166838083045,0.0017435945713487307,0.0009434294601779957,0.015601745871207506,0.0011615624548809741,0.00042759572112237195,-0.00028769879532749047,0.001514674748860496,0.000652133689543296,0.0016290420458386092,4.371567398488293e-5,0.0008748819546784839,-3.121996600697832e-5,-7.076868982666405e-5,0.0007124826429540677,0.0010078183324065291,-3.39353749828958e-5,-0.0003404772542670711,-7.51868663745475e-5,0.00011625835695086643,0.0010072708531539405,0.0014505568193502174,0.00014166698218845512,0.0011615624548809741,0.006308885570877347,-5.740048442990899e-5,0.000443253162330803,-0.0008366005600068281,0.0003020742152088831,-7.617426272226119e-5,0.0001941409203208022,-3.110298997368305e-5,8.568419058292283e-5,0.0003251711740967358,0.0009697660069073147,-7.07701235580259e-5,0.0005005522268907908,0.0001604256651017797,0.00011379722731671281,0.0005854505624980062,0.0008029088972933236,0.00020626444199053144,0.00038194698557522357,0.00042759572112237195,-5.740048442990899e-5,0.001402821081340079,0.0010251160046515651,0.0010621545370424882,0.0010181959155026522,-0.00010598454027152277,0.0004611198114670814,0.00012588819663858887,0.0005929881939025916,0.000816200663570412,0.0034107443831969814,0.001305257551039381,0.0012552272937137528,0.0007784966605188188,0.0016437058401335912,0.0004350508203541627,0.0017203194475524464,0.0018737326795751873,0.001604150976617319,-0.00028769879532749047,0.000443253162330803,0.0010251160046515651,0.013331322840985767,0.0032660968449844826,0.0007951900711425274,-0.0002136377451339088,0.0018053940986007934,-0.000618898700971276,0.0007655930605638037,0.0016777258457283891,0.00537529268440282,0.0011179932929042357,0.001213959143210104,0.0007761466405306703,0.003887656800023023,0.0013491731656914327,0.003048918262240111,4.497875415417985e-5,0.0012022896158959437,0.001514674748860496,-0.0008366005600068281,0.0010621545370424882,0.0032660968449844826,0.026902830313260483
