735.1146546301021,186.47814491957212,-30.318971294380134,-502.2074110154012,-15.175274714072412,94.47305054432346,-419.7117726123129,-114.36423442978924,-174.63161513534945,-73.18971075390424,102.86943719912593,36.97718075212869,-348.5390720937256,304.65543426806494,312.8226271341821,428.04182237329087,251.88887949545347,55.856503665999185,-281.0660974352038,-137.7497187175012,186.47814491957212,952.2950983243003,110.20717743181885,-146.87270488723797,-5.127123315413651,-26.265072353386433,-97.63426562518391,-11.486234321620557,6.608035315944415,-192.8137516412295,-131.64942896283654,50.96376739078719,14.659570861764742,-87.40198061545003,44.44052218602421,187.7865427442214,-596.3066300768126,-94.69196714534763,-643.6983865851388,542.0083862717717,-30.318971294380134,110.20717743181885,693.8872509120629,187.80166928926704,206.98663003363265,-195.03290353165468,-439.04830289610686,-94.70574991984606,128.99818316817843,233.9236682807467,-286.4537871215539,98.49161253002603,-400.0074433761673,-564.336437410969,76.31872363167963,227.82055510718595,-140.90349467556192,-318.78876797693874,298.89079901674836,84.97215586556769,-502.2074110154012,-146.87270488723797,187.80166928926704,410.9545122214896,-63.901371412789835,-107.03003221216599,214.1457060457489,90.20204691196503,44.67188473350793,146.3038750761866,-1.208393691671669,0.16594755865963626,77.25861620838576,-449.3284417168448,-243.9982629121292,-156.99598957774816,-166.0622654981293,-97.21128087071286,279.1306811068665,88.99337655729252,-15.175274714072412,-5.127123315413651,206.98663003363265,-63.901371412789835,709.3559099724915,-106.76428157531689,-266.36109160136255,-219.68978414785525,573.6295462870154,-91.25584326294832,-744.7179389954149,-15.845528074999756,147.9682732574109,356.3484478082425,406.55883662994125,-298.7978035385355,-65.98425512462948,-172.6411161638365,181.02375108479697,-105.0367539638261,94.47305054432346,-26.265072353386433,-195.03290353165468,-107.03003221216599,-106.76428157531689,200.4000504284182,-223.2984568176476,13.903779054407854,-134.93740445726087,24.488969069593814,106.9186439892476,94.25289685794938,18.18284272964881,340.0519091555226,-406.82661745917943,-134.89319646375944,208.83448949923238,124.25786464152426,-43.541531612715715,244.0978368665356,-419.7117726123129,-97.63426562518391,-439.04830289610686,214.1457060457489,-266.36109160136255,-223.2984568176476,1278.9361386057851,203.16440060619541,-1.922815596502581,-281.5720432555371,339.26287692055206,-339.4515971737708,495.61369305952144,-358.4217835156128,588.4375194413699,16.67734589628721,-396.72894406578973,135.53954183042308,-251.4433459523088,-558.3563965368226,-114.36423442978924,-11.486234321620557,-94.70574991984606,90.20204691196503,-219.68978414785525,13.903779054407854,203.16440060619541,91.09161568195591,-143.6840783200237,12.605644337098568,219.71278215455752,-17.06755149928311,42.86464713234551,-143.69251851085156,-139.5066897218601,20.68399614174578,-42.87504328017587,55.91976805711577,-46.76144249463826,36.70267461608645,-174.63161513534945,6.608035315944415,128.99818316817843,44.67188473350793,573.6295462870154,-134.93740445726087,-1.922815596502581,-143.6840783200237,517.9444461826766,-113.65370450501054,-616.3511014943778,-59.75075741560275,248.5308520312983,208.19479399264748,372.066732814895,-313.64562261844765,-180.3054034248013,-143.15789528680577,130.56874509906075,-106.7845917079666,-73.18971075390424,-192.8137516412295,233.9236682807467,146.3038750761866,-91.25584326294832,24.488969069593814,-281.5720432555371,12.605644337098568,-113.65370450501054,230.0775976079473,74.77480618736217,105.31744047686183,-233.75774803098707,-221.05481995907127,-332.30391432652993,34.47483106792726,174.07224068036862,-62.94497813381099,296.1648002246401,108.4157369620655,102.86943719912593,-131.64942896283654,-286.4537871215539,-1.208393691671669,-744.7179389954149,106.9186439892476,339.26287692055206,219.71278215455752,-616.3511014943778,74.77480618736217,833.4248083623996,-25.097308383574568,-172.39361389565107,-313.1085963523979,-272.0846303029526,367.2695541149615,182.7326190613948,218.88262537724307,-162.8219484129121,-89.32059883015407,36.97718075212869,50.96376739078719,98.49161253002603,0.16594755865963626,-15.845528074999756,94.25289685794938,-339.4515971737708,-17.06755149928311,-59.75075741560275,105.31744047686183,-25.097308383574568,119.32070923854154,-114.88762262515122,60.33453151086735,-341.78248184981237,-46.61079337792351,87.23604036100737,-19.311632976577403,61.61103329019106,276.819213950658,-348.5390720937256,14.659570861764742,-400.0074433761673,77.25861620838576,147.9682732574109,18.18284272964881,495.61369305952144,42.86464713234551,248.5308520312983,-233.75774803098707,-172.39361389565107,-114.88762262515122,567.0062196696084,352.8949190236565,32.40748220336214,-463.2622821036787,-212.68287357075783,113.93886255496245,-147.04037646651904,22.946979958221092,304.65543426806494,-87.40198061545003,-564.336437410969,-449.3284417168448,356.3484478082425,340.0519091555226,-358.4217835156128,-143.69251851085156,208.19479399264748,-221.05481995907127,-313.1085963523979,60.33453151086735,352.8949190236565,1261.6192147146703,-185.58588122632565,-525.4295438669151,396.4424881850069,247.39745336199968,-152.48450770123551,153.92200829151054,312.8226271341821,44.44052218602421,76.31872363167963,-243.9982629121292,406.55883662994125,-406.82661745917943,588.4375194413699,-139.5066897218601,372.066732814895,-332.30391432652993,-272.0846303029526,-341.78248184981237,32.40748220336214,-185.58588122632565,1559.7402024796695,442.43592152472326,-274.38877646135006,-129.17441929073425,-202.09498126060512,-1005.2449196106896,428.04182237329087,187.7865427442214,227.82055510718595,-156.99598957774816,-298.7978035385355,-134.89319646375944,16.67734589628721,20.68399614174578,-313.64562261844765,34.47483106792726,367.2695541149615,-46.61079337792351,-463.2622821036787,-525.4295438669151,442.43592152472326,708.1568129153013,-39.850923165459776,-63.13071587722548,-196.58717341535558,-291.81557160157996,251.88887949545347,-596.3066300768126,-140.90349467556192,-166.0622654981293,-65.98425512462948,208.83448949923238,-396.72894406578973,-42.87504328017587,-180.3054034248013,174.07224068036862,182.7326190613948,87.23604036100737,-212.68287357075783,396.4424881850069,-274.38877646135006,-39.850923165459776,691.5360749398263,145.73958267999834,353.344570445026,-189.6605589681653,55.856503665999185,-94.69196714534763,-318.78876797693874,-97.21128087071286,-172.6411161638365,124.25786464152426,135.53954183042308,55.91976805711577,-143.15789528680577,-62.94497813381099,218.88262537724307,-19.311632976577403,113.93886255496245,247.39745336199968,-129.17441929073425,-63.13071587722548,145.73958267999834,165.973220731978,-110.82775617648703,-18.93491929863386,-281.0660974352038,-643.6983865851388,298.89079901674836,279.1306811068665,181.02375108479697,-43.541531612715715,-251.4433459523088,-46.76144249463826,130.56874509906075,296.1648002246401,-162.8219484129121,61.61103329019106,-147.04037646651904,-152.48450770123551,-202.09498126060512,-196.58717341535558,353.344570445026,-110.82775617648703,700.6159175787727,-180.62345190498115,-137.7497187175012,542.0083862717717,84.97215586556769,88.99337655729252,-105.0367539638261,244.0978368665356,-558.3563965368226,36.70267461608645,-106.7845917079666,108.4157369620655,-89.32059883015407,276.819213950658,22.946979958221092,153.92200829151054,-1005.2449196106896,-291.81557160157996,-189.6605589681653,-18.93491929863386,-180.62345190498115,1037.4311646809517
0.009356305878386793,0.0015782334809773617,0.0005611095926308022,-0.0006099569320434039,-8.674277273599304e-5,-0.00034694684277187984,0.0019574717611506726,0.00042519187758021976,0.000519095462051877,9.540853022298927e-5,0.001062754982466438,0.0010631181260071774,-0.00012955310406114037,0.0016663397234434937,-0.0005449367722952802,0.00029980678389773504,-0.00010655465824383782,0.0001181956778014358,0.001989620615512992,0.003755776953932502,0.0015782334809773617,0.0065964910524281255,7.336993381619537e-5,-0.001262017675748349,-0.0004041585586900006,0.0006940679937883427,-0.0017699120244874993,-0.00023705197789804916,0.0006694270670025849,0.0005317406592705027,0.0007060304849079125,0.0006873793371672311,-0.0015639336472597447,-0.00010813368442905591,-0.0017836699165616563,0.0013529371288248612,0.000279085540631361,-0.0004056060149944825,-0.0008612516556992511,0.002419242050716083,0.0005611095926308022,7.336993381619537e-5,0.0017601031430901747,-0.00023728157634367357,0.00014195953495597471,1.2176523655738915e-5,0.00044627598836966486,0.00011213989153313351,0.0004850487050885201,0.00024139489054704748,1.2160670053389556e-5,0.0002422946390407008,0.00014383603577002686,0.0008470211972166882,-0.00032768828435252484,0.0009462634830701801,6.982104107047584e-5,-0.0001729162809213515,6.567651104008358e-5,0.00011746320287642751,-0.0006099569320434039,-0.001262017675748349,-0.00023728157634367357,0.004190385062835824,0.000149433921913352,-0.00018168970844851073,0.00024185252681232432,0.00042752146034197357,0.00015324860244516508,0.0008513776344389746,-7.643678676842624e-5,0.0002035697829902709,4.840997732493953e-5,-0.0008450969316142643,0.00037673021875948777,-0.00013313820566663708,0.0004605725133684771,-0.00023831951114774579,-0.0006057929660807557,-0.0003656482909708187,-8.674277273599304e-5,-0.0004041585586900006,0.00014195953495597471,0.000149433921913352,0.0022697425300646835,6.802459931756657e-5,-0.00033274566228492424,0.00017774196341795113,0.0004826866088921807,0.0006005016260836403,0.0003268682955461199,0.00028575433206426816,0.0001244127792317688,0.000109523626603668,0.0005627203994719317,0.0016380655878602875,0.00018791939192594215,0.00012068121626879506,0.000660765373857816,0.0006603488298454573,-0.00034694684277187984,0.0006940679937883427,1.2176523655738915e-5,-0.00018168970844851073,6.802459931756657e-5,0.0021259695199288887,-0.0003626086920105386,-0.0001924057071939812,-2.035412420217837e-5,-0.0003089887945335667,0.000471659517690898,0.00026288399578014605,0.00025013430876439296,-0.0002604278275599709,-0.00015231081045275578,-0.00031773368067138867,9.304759141009502e-5,-0.00033759188847149683,-0.0005576554130170572,-0.000393246169505096,0.0019574717611506726,-0.0017699120244874993,0.00044627598836966486,0.00024185252681232432,-0.00033274566228492424,-0.0003626086920105386,0.02416058203780623,-0.0009499533400610476,0.003741115607473975,0.0025116468911033987,-0.0026468514267254995,0.0005697143674144103,8.34651243291209e-5,0.0034825875976751304,-0.0005315272701797807,0.0068054307083998,-0.0010869563194367113,-0.0002958160169571355,0.0034175338952357596,0.005090690827139829,0.00042519187758021976,-0.00023705197789804916,0.00011213989153313351,0.00042752146034197357,0.00017774196341795113,-0.0001924057071939812,-0.0009499533400610476,0.0024750917584653075,0.0008059344826520334,-3.851340538916565e-6,0.00029721667195267785,0.0003297377675432308,0.0004392277787160353,-4.386293048767962e-5,0.0003556589783303444,0.000388590756700333,0.00046147718115022293,-0.0001597446931315305,7.02567180568932e-5,0.0016904946153964992,0.000519095462051877,0.0006694270670025849,0.0004850487050885201,0.00015324860244516508,0.0004826866088921807,-2.035412420217837e-5,0.003741115607473975,0.0008059344826520334,0.0068214466628501915,0.00032305635096872864,-0.00036159047871035083,0.00102837875017763,0.001814196520507768,0.0023556408504572662,0.001421882360152964,0.0016627117934729088,0.0008555144400802612,-0.0005291719468057897,0.002347284639015306,-0.0007479034451154446,9.540853022298927e-5,0.0005317406592705027,0.00024139489054704748,0.0008513776344389746,0.0006005016260836403,-0.0003089887945335667,0.0025116468911033987,-3.851340538916565e-6,0.00032305635096872864,0.004751354926573416,0.0007534545845450697,-7.716694939728614e-5,0.00044133632396746816,-0.0014130746274693185,0.0002829275092737912,0.0009731373199034095,0.00022106955440872223,9.581356339482129e-5,0.00016082333254424977,-0.0004142462207914465,0.001062754982466438,0.0007060304849079125,1.2160670053389556e-5,-7.643678676842624e-5,0.0003268682955461199,0.000471659517690898,-0.0026468514267254995,0.00029721667195267785,-0.00036159047871035083,0.0007534545845450697,0.013174964849875858,0.00012644507918115977,0.0007636618207468751,0.000727494581742582,-0.00026915117518067706,0.0003228742666269191,-6.48960563111099e-5,-4.055943360733114e-5,0.00099464985424242,0.002702758760083174,0.0010631181260071774,0.0006873793371672311,0.0002422946390407008,0.0002035697829902709,0.00028575433206426816,0.00026288399578014605,0.0005697143674144103,0.0003297377675432308,0.00102837875017763,-7.716694939728614e-5,0.00012644507918115977,0.005814814356812363,0.00028438532159098015,0.0010393979370349822,0.00036050521903794344,0.000560354722002177,0.0006472680016915105,-0.00044146954383252925,-0.0008357647795176622,-0.0002503190442691475,-0.00012955310406114037,-0.0015639336472597447,0.00014383603577002686,4.840997732493953e-5,0.0001244127792317688,0.00025013430876439296,8.34651243291209e-5,0.0004392277787160353,0.001814196520507768,0.00044133632396746816,0.0007636618207468751,0.00028438532159098015,0.007500912706894545,0.0003170584463471828,0.00014462714604435893,0.001544476072666413,-0.0002731388619330348,-0.0008572093385259664,-0.0008508533428432164,-0.0006369104749917933,0.0016663397234434937,-0.00010813368442905591,0.0008470211972166882,-0.0008450969316142643,0.000109523626603668,-0.0002604278275599709,0.0034825875976751304,-4.386293048767962e-5,0.0023556408504572662,-0.0014130746274693185,0.000727494581742582,0.0010393979370349822,0.0003170584463471828,0.006374944227608056,-0.001126042732472673,-0.0010116207829589656,0.0011091167695330656,0.000472010109153731,-0.00020470765046049974,-0.0014947240329766904,-0.0005449367722952802,-0.0017836699165616563,-0.00032768828435252484,0.00037673021875948777,0.0005627203994719317,-0.00015231081045275578,-0.0005315272701797807,0.0003556589783303444,0.001421882360152964,0.0002829275092737912,-0.00026915117518067706,0.00036050521903794344,0.00014462714604435893,-0.001126042732472673,0.0048557641366083395,4.44759916769357e-5,0.0009890369171707213,-0.0003969709474290084,-0.0011902715356852148,-0.0009852415564546861,0.00029980678389773504,0.0013529371288248612,0.0009462634830701801,-0.00013313820566663708,0.0016380655878602875,-0.00031773368067138867,0.0068054307083998,0.000388590756700333,0.0016627117934729088,0.0009731373199034095,0.0003228742666269191,0.000560354722002177,0.001544476072666413,-0.0010116207829589656,4.44759916769357e-5,0.012071733043021681,-0.0004221514796608237,-3.8073171154693404e-6,0.0015890035567103816,0.0011858972513928653,-0.00010655465824383782,0.000279085540631361,6.982104107047584e-5,0.0004605725133684771,0.00018791939192594215,9.304759141009502e-5,-0.0010869563194367113,0.00046147718115022293,0.0008555144400802612,0.00022106955440872223,-6.48960563111099e-5,0.0006472680016915105,-0.0002731388619330348,0.0011091167695330656,0.0009890369171707213,-0.0004221514796608237,0.005653590401722694,0.00044426401454782663,0.0008583700770349852,0.0016230114369559113,0.0001181956778014358,-0.0004056060149944825,-0.0001729162809213515,-0.00023831951114774579,0.00012068121626879506,-0.00033759188847149683,-0.0002958160169571355,-0.0001597446931315305,-0.0005291719468057897,9.581356339482129e-5,-4.055943360733114e-5,-0.00044146954383252925,-0.0008572093385259664,0.000472010109153731,-0.0003969709474290084,-3.8073171154693404e-6,0.00044426401454782663,0.004231775811144931,-0.0007499941881989023,0.000943976193565788,0.001989620615512992,-0.0008612516556992511,6.567651104008358e-5,-0.0006057929660807557,0.000660765373857816,-0.0005576554130170572,0.0034175338952357596,7.02567180568932e-5,0.002347284639015306,0.00016082333254424977,0.00099464985424242,-0.0008357647795176622,-0.0008508533428432164,-0.00020470765046049974,-0.0011902715356852148,0.0015890035567103816,0.0008583700770349852,-0.0007499941881989023,0.007951330294002502,0.002226755072055475,0.003755776953932502,0.002419242050716083,0.00011746320287642751,-0.0003656482909708187,0.0006603488298454573,-0.000393246169505096,0.005090690827139829,0.0016904946153964992,-0.0007479034451154446,-0.0004142462207914465,0.002702758760083174,-0.0002503190442691475,-0.0006369104749917933,-0.0014947240329766904,-0.0009852415564546861,0.0011858972513928653,0.0016230114369559113,0.000943976193565788,0.002226755072055475,0.02723382453289975
0.007783990769950517,0.0022343852796598463,0.0002043909812625887,0.0013091762178078909,0.0012982836059148397,-0.0007645309766911967,-0.0026249188956462507,0.0003632951691886375,0.0006525411285430714,0.0016871777581891887,-0.0016105069503933517,0.00020010938285296783,7.689626594278046e-5,0.0027158493521902308,0.0008165429320378917,0.00162713294820619,-0.0002794019006436549,0.0001914970006549237,-0.00015514988985267097,0.0017634776452361504,0.0022343852796598463,0.008898939813048179,-0.001506674014368546,-1.2529580415237738e-5,0.00021433859464385174,-3.7974463573189844e-5,-0.0006012065754608007,-0.0006491901248876814,0.000373079175186166,0.0028695123514617424,0.0033350128958672615,-0.0015667074979441866,0.0011741731507197502,0.000717997302113753,-0.0017527927315067874,-0.0018012980892438192,-0.0006148851224273077,0.00010613325082902555,-0.005509071140438721,0.000274197249245608,0.0002043909812625887,-0.001506674014368546,0.0021117215146787332,0.0001991270750212298,-5.006571693242898e-5,0.00040519371074967947,-0.002333412896586535,0.0003452366940704294,2.4255899281584465e-5,-0.00010184656873631483,0.0008192428797932877,0.0005032253521655109,0.0010109115100701493,-4.939259241629793e-5,0.0012422236694873846,0.0016783427229235988,3.0256222879308152e-5,-0.000826954961639866,0.0017527757721810958,0.00045607249798500194,0.0013091762178078909,-1.2529580415237738e-5,0.0001991270750212298,0.004620800259037043,-0.0003976290567221831,-0.00036258961567550566,-0.001662772745542088,-0.000333829450585015,0.002071393866919007,0.000411122674821548,-0.0009566734274454837,-0.000617668250650716,0.0013787038037878698,-0.0013767916496604212,-0.00038834097945345024,0.00190078266894055,0.0016250808079885163,0.0021389390128449294,-9.81056778215101e-6,0.0006485712829970474,0.0012982836059148397,0.00021433859464385174,-5.006571693242898e-5,-0.0003976290567221831,0.0017630094178970246,0.0006937851922628805,0.0021113458243036884,6.267177069942532e-5,0.00011994733599725977,0.0007275590330078572,-2.1997199974848746e-5,-0.0003370895621872112,3.223983274886203e-5,0.000603355609323436,0.00031980609740313217,0.0004921685447297259,-0.0007023533327215929,3.8161480151834216e-5,0.001320852536076598,0.0008565580359685364,-0.0007645309766911967,-3.7974463573189844e-5,0.00040519371074967947,-0.00036258961567550566,0.0006937851922628805,0.002169633984696628,-0.0007355299704237171,0.000266314057441937,-2.7534839528788892e-5,1.6667660579568308e-5,0.00048064624473864124,0.0002458028409571313,-0.00026889250803124984,-0.0001997747028148086,0.0008504659041372397,0.0013679465577772758,7.015863515793107e-5,6.241643786067855e-6,0.0002823574806762585,0.0007475070087960201,-0.0026249188956462507,-0.0006012065754608007,-0.002333412896586535,-0.001662772745542088,0.0021113458243036884,-0.0007355299704237171,0.01734175240768805,-0.00206940102416346,0.001315333781140948,0.0023022610088539383,0.0005766711026838563,-0.002361410050143432,-0.00281517618155988,0.002859355715757783,-0.0017282863025427783,-0.001288733983445387,-0.0017211106978080482,-0.0004924199920480042,0.0035988429086579107,0.00010767236269050847,0.0003632951691886375,-0.0006491901248876814,0.0003452366940704294,-0.000333829450585015,6.267177069942532e-5,0.000266314057441937,-0.00206940102416346,0.0025623845069142797,0.0013848306080623532,0.0004003013362348884,0.0007343442831323153,-0.0002850454248584799,0.00010911066332261178,-0.0004890639893116654,0.00019897048862947846,0.0014282717373932442,0.00023619668387749973,2.4019392161005304e-5,0.0001480982419896662,0.0009501938372332168,0.0006525411285430714,0.000373079175186166,2.4255899281584465e-5,0.002071393866919007,0.00011994733599725977,-2.7534839528788892e-5,0.001315333781140948,0.0013848306080623532,0.005655784866512234,0.0002560129213140899,1.898042968659098e-5,-0.00011620739094057777,-0.0008477871182164903,-0.00013752465946279777,-0.0021253169206278204,0.0006952766747368491,0.0003101770180741558,5.791460683515312e-5,-0.0008582559553806516,0.003620993807064268,0.0016871777581891887,0.0028695123514617424,-0.00010184656873631483,0.000411122674821548,0.0007275590330078572,1.6667660579568308e-5,0.0023022610088539383,0.0004003013362348884,0.0002560129213140899,0.005886015348973275,0.0013947903504698562,6.96001759843837e-5,-0.0007010589921283573,0.00025226008468445387,0.0005475006306093206,0.0013615816836419206,0.00043712967362242105,-0.00014859436342021037,0.0027636506315322114,-0.0015384586450472532,-0.0016105069503933517,0.0033350128958672615,0.0008192428797932877,-0.0009566734274454837,-2.1997199974848746e-5,0.00048064624473864124,0.0005766711026838563,0.0007343442831323153,1.898042968659098e-5,0.0013947903504698562,0.007556726533028987,-0.0025069510973428693,0.0018373191364680094,-0.0007974269658368883,0.00208466773851619,0.0013825207758127011,-0.0012700953004012526,-0.001336607339864142,-0.002027537082807452,0.0011168263239761107,0.00020010938285296783,-0.0015667074979441866,0.0005032253521655109,-0.000617668250650716,-0.0003370895621872112,0.0002458028409571313,-0.002361410050143432,-0.0002850454248584799,-0.00011620739094057777,6.96001759843837e-5,-0.0025069510973428693,0.005281973446957832,-0.002438098518074783,-0.0017106696272167908,-0.0004669323152763476,-0.0027334048885008866,-0.0003285326794958269,-0.0016986422746726156,0.00168640014050911,-0.0012632465578704716,7.689626594278046e-5,0.0011741731507197502,0.0010109115100701493,0.0013787038037878698,3.223983274886203e-5,-0.00026889250803124984,-0.00281517618155988,0.00010911066332261178,-0.0008477871182164903,-0.0007010589921283573,0.0018373191364680094,-0.002438098518074783,0.006596334638593028,-0.0019570799625730274,-0.001331251217603452,0.00041366892627919984,0.0010647900142318504,0.0006196069699004247,-0.0007739347483136114,-0.0008848903542974117,0.0027158493521902308,0.000717997302113753,-4.939259241629793e-5,-0.0013767916496604212,0.000603355609323436,-0.0001997747028148086,0.002859355715757783,-0.0004890639893116654,-0.00013752465946279777,0.00025226008468445387,-0.0007974269658368883,-0.0017106696272167908,-0.0019570799625730274,0.007935144051296953,-0.0006000767815955007,0.003460856997220987,-0.0013129026112041647,0.0003517766295601408,-0.00010859591603128122,0.0006700415881637533,0.0008165429320378917,-0.0017527927315067874,0.0012422236694873846,-0.00038834097945345024,0.00031980609740313217,0.0008504659041372397,-0.0017282863025427783,0.00019897048862947846,-0.0021253169206278204,0.0005475006306093206,0.00208466773851619,-0.0004669323152763476,-0.001331251217603452,-0.0006000767815955007,0.006403144015104528,0.0028529112484588144,-0.00040226804010404444,-0.0003116007890780588,0.001807723706293291,0.0012472157233948638,0.00162713294820619,-0.0018012980892438192,0.0016783427229235988,0.00190078266894055,0.0004921685447297259,0.0013679465577772758,-0.001288733983445387,0.0014282717373932442,0.0006952766747368491,0.0013615816836419206,0.0013825207758127011,-0.0027334048885008866,0.00041366892627919984,0.003460856997220987,0.0028529112484588144,0.008291209064405305,0.0013294219249125616,0.0013033597966963086,0.002486650150593116,0.0013731543927925738,-0.0002794019006436549,-0.0006148851224273077,3.0256222879308152e-5,0.0016250808079885163,-0.0007023533327215929,7.015863515793107e-5,-0.0017211106978080482,0.00023619668387749973,0.0003101770180741558,0.00043712967362242105,-0.0012700953004012526,-0.0003285326794958269,0.0010647900142318504,-0.0013129026112041647,-0.00040226804010404444,0.0013294219249125616,0.004712444654487312,-0.0010236902130753552,3.367374428980046e-5,-0.0006614534130202793,0.0001914970006549237,0.00010613325082902555,-0.000826954961639866,0.0021389390128449294,3.8161480151834216e-5,6.241643786067855e-6,-0.0004924199920480042,2.4019392161005304e-5,5.791460683515312e-5,-0.00014859436342021037,-0.001336607339864142,-0.0016986422746726156,0.0006196069699004247,0.0003517766295601408,-0.0003116007890780588,0.0013033597966963086,-0.0010236902130753552,0.004472297090039885,-0.00023151615342865682,-0.0003905573148426227,-0.00015514988985267097,-0.005509071140438721,0.0017527757721810958,-9.81056778215101e-6,0.001320852536076598,0.0002823574806762585,0.0035988429086579107,0.0001480982419896662,-0.0008582559553806516,0.0027636506315322114,-0.002027537082807452,0.00168640014050911,-0.0007739347483136114,-0.00010859591603128122,0.001807723706293291,0.002486650150593116,3.367374428980046e-5,-0.00023151615342865682,0.009103947576515966,-0.002195473818209729,0.0017634776452361504,0.000274197249245608,0.00045607249798500194,0.0006485712829970474,0.0008565580359685364,0.0007475070087960201,0.00010767236269050847,0.0009501938372332168,0.003620993807064268,-0.0015384586450472532,0.0011168263239761107,-0.0012632465578704716,-0.0008848903542974117,0.0006700415881637533,0.0012472157233948638,0.0013731543927925738,-0.0006614534130202793,-0.0003905573148426227,-0.002195473818209729,0.005973920843131477
