0.006326237945555903,0.0004530219180664016,0.0003314182898043635,-0.0017913121553139342,0.00012233052908225596,0.0003208934602765942,0.003121809723117492,0.00048306430262775115,-3.492153729954909e-5,7.078701616865786e-5,0.00012201604773288768,-0.0008062326977168769,0.003839870970116708,0.0012225778566504805,-0.00014421017913403468,-0.0004802530033701238,7.102141131919279e-5,0.0015072285215855337,0.002103538270270723,0.00019684732994358192,0.0004530219180664016,0.005562556993723795,-0.001306981781894265,-0.004927853673539434,-0.001224038873737239,0.0008436442368553286,0.0012757414425199156,0.0007327939269740367,-0.0002900102978788332,0.0004955760656644096,0.0004360875684314643,0.0010387405406991936,-0.0007826239350664623,7.788997956936873e-5,-2.861989440497109e-5,-0.00012242525531769332,-0.0001273793424022487,0.0025326330755464027,0.000763957272198754,0.00028909973899566546,0.0003314182898043635,-0.001306981781894265,0.025810674521840812,0.004171667492834092,0.0035310651845176207,0.00022715417634965417,-0.0029131125131181016,0.0014718139105401777,0.00014347470682440395,-0.003090191079307481,-0.0010586468509504164,-0.002689242460032164,0.001766466414083484,0.0026792688111259484,0.00019798361997874075,0.0012161398610138893,0.000533876706305261,-0.001219569129684929,0.005709960427532591,-0.0006411559252191168,-0.0017913121553139342,-0.004927853673539434,0.004171667492834092,0.0392560952167486,0.005213694870204337,-0.0030100418715210955,-0.004583488515143041,-0.002886004073527644,0.003757937242372317,0.00037320277229416156,-0.0012723557661715912,0.0006234404190537657,-0.006347390690675086,0.0011623629943566661,0.003931065742069594,0.0015074276619022455,0.0006768383234337825,-0.007589493645878525,-0.0020709963582990504,-9.895567161398988e-5,0.00012233052908225596,-0.001224038873737239,0.0035310651845176207,0.005213694870204337,0.022498463372286344,0.0006567596504676407,-0.0023369919681656337,0.0005380520302039891,0.003011300307702503,0.0006216868187151754,0.001611657716754199,-0.0018882777261092368,0.000889128087430693,0.0009136281529182725,0.0023364372727315216,0.00032802393593583197,0.0011332581109199536,-0.000968902407058516,0.0010340945192248564,0.0012008447391579648,0.0003208934602765942,0.0008436442368553286,0.00022715417634965417,-0.0030100418715210955,0.0006567596504676407,0.0034425227020807524,0.0007567790322086943,0.0010231885277356798,-0.0003969079584090076,-2.2278594552606498e-5,0.00095843168276037,0.00015576717574967402,-0.00023071015887830013,0.0012807838731642555,-0.00011392245696013973,0.00010338797972387466,0.00037493298416711,0.0017915315371527217,0.00172896954906958,0.0003342330374263135,0.003121809723117492,0.0012757414425199156,-0.0029131125131181016,-0.004583488515143041,-0.0023369919681656337,0.0007567790322086943,0.020244265403343644,0.00023319356070806963,0.002607889255536302,-0.0006731490666125779,0.00020028280856289665,0.00010402982584194575,0.008447799771152958,0.004272805677858371,-0.0002218697102500601,-0.0008485721163031417,2.7483394084089052e-5,0.0027854689428677337,-0.0026864054904110297,-0.0012074082906273816,0.00048306430262775115,0.0007327939269740367,0.0014718139105401777,-0.002886004073527644,0.0005380520302039891,0.0010231885277356798,0.00023319356070806963,0.0025529735851714135,-0.001176362861893333,-0.0005387409671842936,-2.638447054644111e-5,3.253701452225796e-5,0.0010414412635241037,0.0014454318460964623,-0.001365209628417068,0.00023018469096628883,-5.7605544665235556e-5,0.0015396150695998014,0.0016226477418234632,-0.00015327656490155906,-3.492153729954909e-5,-0.0002900102978788332,0.00014347470682440395,0.003757937242372317,0.003011300307702503,-0.0003969079584090076,0.002607889255536302,-0.001176362861893333,0.018968196915823552,0.0016654191691066605,0.0005261408861715446,0.0011138459036664171,0.002532130775358455,0.0015963820159887133,0.003551974137041871,0.00027685606052628935,0.0010150355645927374,-0.0027025663461422433,-0.0009547300164625933,-0.00014402428886619954,7.078701616865786e-5,0.0004955760656644096,-0.003090191079307481,0.00037320277229416156,0.0006216868187151754,-2.2278594552606498e-5,-0.0006731490666125779,-0.0005387409671842936,0.0016654191691066605,0.0032821541075367354,0.0011799691815699573,0.0007253033979417027,-0.002001712590658963,-0.0006034801963739014,0.0009144769383713693,0.00022270396160572827,0.000725416613080859,-0.0005331070331066429,-0.0001964040463996575,0.0007993181611104822,0.00012201604773288768,0.0004360875684314643,-0.0010586468509504164,-0.0012723557661715912,0.001611657716754199,0.00095843168276037,0.00020028280856289665,-2.638447054644111e-5,0.0005261408861715446,0.0011799691815699573,0.0038644469458123925,0.00013780004950142167,-0.0020276447110288013,-0.0005215641249554388,0.0007608602862779368,3.6715847008175325e-5,0.000240464625738101,0.00020709134183548902,0.0009092266764003194,0.0004251751098142049,-0.0008062326977168769,0.0010387405406991936,-0.002689242460032164,0.0006234404190537657,-0.0018882777261092368,0.00015576717574967402,0.00010402982584194575,3.253701452225796e-5,0.0011138459036664171,0.0007253033979417027,0.00013780004950142167,0.007310816461885656,-0.0012009340413295095,-6.018525883601784e-5,0.0004371404883987532,0.0002227800361948356,-2.2099118192799677e-5,0.0007865688660817411,0.00034254945008518434,-0.00036505105528294947,0.003839870970116708,-0.0007826239350664623,0.001766466414083484,-0.006347390690675086,0.000889128087430693,-0.00023071015887830013,0.008447799771152958,0.0010414412635241037,0.002532130775358455,-0.002001712590658963,-0.0020276447110288013,-0.0012009340413295095,0.03297842340471862,0.0020311817404056118,-0.0005938470814128953,-0.0012855802868831704,-7.340766865966198e-5,0.0013153315071911466,0.0015505772574337666,-0.0005230008507761032,0.0012225778566504805,7.788997956936873e-5,0.0026792688111259484,0.0011623629943566661,0.0009136281529182725,0.0012807838731642555,0.004272805677858371,0.0014454318460964623,0.0015963820159887133,-0.0006034801963739014,-0.0005215641249554388,-6.018525883601784e-5,0.0020311817404056118,0.011754357827279991,-0.0002879906499171829,0.0006088282491659332,-1.509213930691442e-5,5.2829531506997016e-5,0.0005737922633445572,0.0001369161315610325,-0.00014421017913403468,-2.861989440497109e-5,0.00019798361997874075,0.003931065742069594,0.0023364372727315216,-0.00011392245696013973,-0.0002218697102500601,-0.001365209628417068,0.003551974137041871,0.0009144769383713693,0.0007608602862779368,0.0004371404883987532,-0.0005938470814128953,-0.0002879906499171829,0.005631746865036269,-0.0001730340403500284,0.0005825636831502852,-0.0017167845261320878,-0.0006583663101761765,0.00020036545323939823,-0.0004802530033701238,-0.00012242525531769332,0.0012161398610138893,0.0015074276619022455,0.00032802393593583197,0.00010338797972387466,-0.0008485721163031417,0.00023018469096628883,0.00027685606052628935,0.00022270396160572827,3.6715847008175325e-5,0.0002227800361948356,-0.0012855802868831704,0.0006088282491659332,-0.0001730340403500284,0.0016636381010080691,0.00021073613199289144,0.00028611913310139795,0.0009266808003156382,0.00014985848228968513,7.102141131919279e-5,-0.0001273793424022487,0.000533876706305261,0.0006768383234337825,0.0011332581109199536,0.00037493298416711,2.7483394084089052e-5,-5.7605544665235556e-5,0.0010150355645927374,0.000725416613080859,0.000240464625738101,-2.2099118192799677e-5,-7.340766865966198e-5,-1.509213930691442e-5,0.0005825636831502852,0.00021073613199289144,0.0015408701160257833,-8.599290228750164e-5,0.000578255774844653,0.0004028494579225043,0.0015072285215855337,0.0025326330755464027,-0.001219569129684929,-0.007589493645878525,-0.000968902407058516,0.0017915315371527217,0.0027854689428677337,0.0015396150695998014,-0.0027025663461422433,-0.0005331070331066429,0.00020709134183548902,0.0007865688660817411,0.0013153315071911466,5.2829531506997016e-5,-0.0017167845261320878,0.00028611913310139795,-8.599290228750164e-5,0.008263186335182016,0.002978288178250913,-0.0003724966425344521,0.002103538270270723,0.000763957272198754,0.005709960427532591,-0.0020709963582990504,0.0010340945192248564,0.00172896954906958,-0.0026864054904110297,0.0016226477418234632,-0.0009547300164625933,-0.0001964040463996575,0.0009092266764003194,0.00034254945008518434,0.0015505772574337666,0.0005737922633445572,-0.0006583663101761765,0.0009266808003156382,0.000578255774844653,0.002978288178250913,0.016357481053006172,0.001520001757687832,0.00019684732994358192,0.00028909973899566546,-0.0006411559252191168,-9.895567161398988e-5,0.0012008447391579648,0.0003342330374263135,-0.0012074082906273816,-0.00015327656490155906,-0.00014402428886619954,0.0007993181611104822,0.0004251751098142049,-0.00036505105528294947,-0.0005230008507761032,0.0001369161315610325,0.00020036545323939823,0.00014985848228968513,0.0004028494579225043,-0.0003724966425344521,0.001520001757687832,0.0030925631940537596
0.0051869721364448,0.0002816431466475905,0.00021349429742790354,0.0007753444846392189,0.0010019622778084602,0.0005911779686110082,-0.0019009508854718996,0.0004646396552292553,0.0013196500818998032,5.625389747795299e-5,0.0010175572715306292,0.0008220684845740066,0.00018818776936536106,0.002912902899997155,-0.00017927724978929795,9.075328181140676e-5,0.0006201843628197443,0.00112578454286357,-0.0022582607645940302,0.00039702396868645997,0.0002816431466475905,0.006157199650256133,0.001396178143728735,0.0023098666381388697,0.0018269321634381362,0.0002863276870047601,0.0006299765744338403,0.0005233371593790419,0.001602937693279937,-0.0001418261313441612,0.000494101303343118,0.0005531798540290039,0.003253528541991807,0.00011651298444580483,0.0007839463601862822,-0.0001664814822312569,0.0004976729230933264,-7.813092655373054e-5,0.000666919045448083,0.0004163319179293442,0.00021349429742790354,0.001396178143728735,0.032630848363156745,0.0016903108974901848,0.0018521284740494874,0.0037726290230091592,0.007008621620901783,0.0018973385010987154,0.006451010006528483,0.004210892084779644,0.0007563313451666375,0.004781016098306713,0.006105728084913064,-0.0012822098990481717,0.0015745010427458163,-0.0003403279329573548,0.0006411312873521656,0.0034777702278197377,0.001914219785993211,0.002490030093697231,0.0007753444846392189,0.0023098666381388697,0.0016903108974901848,0.03281227438505574,0.0004873311706331666,0.0008326058799377652,0.004177452012284446,0.0021039282674962054,0.004066488526099142,0.00042350488073945327,0.0005588663188931798,0.00400334962783463,0.007426610728180316,0.0016974082852693631,0.002442251647448328,3.681089688561613e-5,0.0011021776219405114,0.0006245362892500288,0.00356126777460515,-0.0006108160016474568,0.0010019622778084602,0.0018269321634381362,0.0018521284740494874,0.0004873311706331666,0.026005738874660855,0.0020510704999398507,0.007066964573626226,-4.5304601453682254e-5,0.0034207573074811143,0.0006645808665315112,0.00076454844495244,0.0029350871236185263,-0.00020141280739299989,0.0032282035654242645,0.001272249045993217,0.0004429140146883999,0.0008136339336678043,0.0006653106269711056,-0.0019089657361998666,0.0006585672482843008,0.0005911779686110082,0.0002863276870047601,0.0037726290230091592,0.0008326058799377652,0.0020510704999398507,0.002823419852282331,0.0019092954550789143,0.00045523506555008263,0.002316504898106856,0.000998616591835305,0.0003995208552082575,0.0011623043554267868,0.002402452590139021,-1.3918466336627325e-5,0.0007488716919219962,0.000293450928692939,0.00014633740974210653,0.0009169302333780318,0.000491210895079579,0.0008068719817603742,-0.0019009508854718996,0.0006299765744338403,0.007008621620901783,0.004177452012284446,0.007066964573626226,0.0019092954550789143,0.024169727532221543,0.0009214815685647398,0.0010861493101750118,0.0016370105022668678,0.0003375928417627364,0.004198378510774304,-0.0004386758381811455,-0.0031717521336914033,0.003630054105274278,0.0002345337746974297,2.5009901847117314e-5,-0.0001493240716285337,0.004644433414039681,0.0002355119826026099,0.0004646396552292553,0.0005233371593790419,0.0018973385010987154,0.0021039282674962054,-4.5304601453682254e-5,0.00045523506555008263,0.0009214815685647398,0.002295858180705897,0.0020997970464921266,0.00023922217826486872,0.0005259198271288575,0.0010576848339187875,3.205133194942159e-5,-0.0008498858745375208,0.0011295007690007128,-1.696698692585574e-5,0.00040756860595039205,-0.0005176344081026204,-0.00013251350555877655,0.0006348793999571111,0.0013196500818998032,0.001602937693279937,0.006451010006528483,0.004066488526099142,0.0034207573074811143,0.002316504898106856,0.0010861493101750118,0.0020997970464921266,0.022606661433022486,-0.00018582076206337947,0.0009158533685910348,0.003759311949414509,-0.0004146523019486612,0.001493892740782781,0.0003912986200146772,0.0003784939031475184,0.0012606951228232668,0.0017694600389548945,-0.0017943376597115257,0.0022140240649618256,5.625389747795299e-5,-0.0001418261313441612,0.004210892084779644,0.00042350488073945327,0.0006645808665315112,0.000998616591835305,0.0016370105022668678,0.00023922217826486872,-0.00018582076206337947,0.0025091144877160076,3.5159509331226348e-6,0.0013852045242290657,0.0023600028904681236,0.00030110055599931137,0.00014336636231615426,0.00031480511807410554,-0.00012417693525129474,0.0006434371518237783,0.001660507365443232,1.760155240239883e-5,0.0010175572715306292,0.000494101303343118,0.0007563313451666375,0.0005588663188931798,0.00076454844495244,0.0003995208552082575,0.0003375928417627364,0.0005259198271288575,0.0009158533685910348,3.5159509331226348e-6,0.0027911367467082305,-8.832403715404695e-5,0.0017321839371338987,0.0010578654904779762,0.0002635435028836503,0.00015194059263818938,0.00033837945890787885,0.00012467483360017702,-0.001154028256201544,0.0008820460114900511,0.0008220684845740066,0.0005531798540290039,0.004781016098306713,0.00400334962783463,0.0029350871236185263,0.0011623043554267868,0.004198378510774304,0.0010576848339187875,0.003759311949414509,0.0013852045242290657,-8.832403715404695e-5,0.00891459104804022,0.003516482970031212,0.0006662278071299326,0.0016524786551569983,0.00015206395199097569,0.0007572979491215364,0.0011764817067596081,0.0013199554989495783,0.0004853120007826485,0.00018818776936536106,0.003253528541991807,0.006105728084913064,0.007426610728180316,-0.00020141280739299989,0.002402452590139021,-0.0004386758381811455,3.205133194942159e-5,-0.0004146523019486612,0.0023600028904681236,0.0017321839371338987,0.003516482970031212,0.03594627331029302,0.0024554911479222476,0.0015278881670230397,0.0017607527714607642,-0.0006766537903582271,0.0020531686024752747,0.005446939222329603,0.0004920105554430007,0.002912902899997155,0.00011651298444580483,-0.0012822098990481717,0.0016974082852693631,0.0032282035654242645,-1.3918466336627325e-5,-0.0031717521336914033,-0.0008498858745375208,0.001493892740782781,0.00030110055599931137,0.0010578654904779762,0.0006662278071299326,0.0024554911479222476,0.013141441142705802,-0.0011389627794793071,0.00039148363009867927,0.00020543951194238271,0.002484550944133289,-0.0008454847619238383,0.00032537076484161816,-0.00017927724978929795,0.0007839463601862822,0.0015745010427458163,0.002442251647448328,0.001272249045993217,0.0007488716919219962,0.003630054105274278,0.0011295007690007128,0.0003912986200146772,0.00014336636231615426,0.0002635435028836503,0.0016524786551569983,0.0015278881670230397,-0.0011389627794793071,0.006075399370230772,9.358866879378756e-5,0.0002735352844101353,-0.00016666379691825513,0.0017193390843811274,0.0006639500105160263,9.075328181140676e-5,-0.0001664814822312569,-0.0003403279329573548,3.681089688561613e-5,0.0004429140146883999,0.000293450928692939,0.0002345337746974297,-1.696698692585574e-5,0.0003784939031475184,0.00031480511807410554,0.00015194059263818938,0.00015206395199097569,0.0017607527714607642,0.00039148363009867927,9.358866879378756e-5,0.0014282523654946483,-4.404644131039452e-5,7.235038852939894e-5,0.00025604559232257894,0.0001434839431798742,0.0006201843628197443,0.0004976729230933264,0.0006411312873521656,0.0011021776219405114,0.0008136339336678043,0.00014633740974210653,2.5009901847117314e-5,0.00040756860595039205,0.0012606951228232668,-0.00012417693525129474,0.00033837945890787885,0.0007572979491215364,-0.0006766537903582271,0.00020543951194238271,0.0002735352844101353,-4.404644131039452e-5,0.0015354333633413543,5.2114098504800816e-5,-0.0008000612654161274,0.00034713363162438085,0.00112578454286357,-7.813092655373054e-5,0.0034777702278197377,0.0006245362892500288,0.0006653106269711056,0.0009169302333780318,-0.0001493240716285337,-0.0005176344081026204,0.0017694600389548945,0.0006434371518237783,0.00012467483360017702,0.0011764817067596081,0.0020531686024752747,0.002484550944133289,-0.00016666379691825513,7.235038852939894e-5,5.2114098504800816e-5,0.006111829433210358,-0.0011321332245557494,0.0011098188645531964,-0.0022582607645940302,0.000666919045448083,0.001914219785993211,0.00356126777460515,-0.0019089657361998666,0.000491210895079579,0.004644433414039681,-0.00013251350555877655,-0.0017943376597115257,0.001660507365443232,-0.001154028256201544,0.0013199554989495783,0.005446939222329603,-0.0008454847619238383,0.0017193390843811274,0.00025604559232257894,-0.0008000612654161274,-0.0011321332245557494,0.01462595011313158,-0.0010571803034503777,0.00039702396868645997,0.0004163319179293442,0.002490030093697231,-0.0006108160016474568,0.0006585672482843008,0.0008068719817603742,0.0002355119826026099,0.0006348793999571111,0.0022140240649618256,1.760155240239883e-5,0.0008820460114900511,0.0004853120007826485,0.0004920105554430007,0.00032537076484161816,0.0006639500105160263,0.0001434839431798742,0.00034713363162438085,0.0011098188645531964,-0.0010571803034503777,0.003464402155391024
