0.01529679435972659,0.002325867633133169,0.00043850638730906245,0.0029438688657166608,0.0017987004104355392,0.00021785161730865994,0.0012839899912820039,0.00015640515278134804,0.002466468388274082,-0.00021766311397512805,0.001282052619112252,0.0004145268281288011,0.0014258437469965462,-4.7085222077704995e-5,0.0009091794946392205,0.0015287362424543267,0.0010825046743571315,0.0010020574480326479,0.0030244570076638964,0.0005322377620316065,0.002325867633133169,0.011412743454909299,0.00032678477477511054,0.0008842522008172596,0.0009349796391076086,0.0007691989753193029,0.0001756059167628804,0.00015966968841520454,0.002020824656052635,0.0024383176131333294,8.679552782846027e-5,0.00032392266921087794,0.0005549129740463676,0.001903680043479811,0.000525288916032514,0.0017478028538921166,0.0011148953259633124,-0.0005468205131727538,0.0007479200733237077,-0.0004179837254797992,0.00043850638730906245,0.00032678477477511054,0.0017496922706994014,0.0011400939539106337,-0.00032074384026253947,0.0002076866931785155,9.901531766789573e-5,0.00013560652941975768,0.000495993901511394,0.0008966669222070615,0.0003366176543002821,0.000151028183586375,4.3566642135763666e-5,0.00042855256355207167,0.00015029431701010993,9.296506122021133e-5,0.00016785695621180556,0.00024374812692264558,-2.6970078786182e-5,5.633777014166291e-5,0.0029438688657166608,0.0008842522008172596,0.0011400939539106337,0.016072076563493982,0.003277231044911194,0.001254014856329715,0.0007285515508701969,0.0011992915179216074,0.003980337083012649,0.002038656247363454,0.0005471237186891037,0.0003064504205233439,0.0006194508291289184,0.0019673578228790707,6.1818199516649555e-6,0.0005774574259707693,0.000490256840821847,-0.0005167799465411795,0.0026941852671792535,0.0010859467048583708,0.0017987004104355392,0.0009349796391076086,-0.00032074384026253947,0.003277231044911194,0.0203927517491909,0.001791613053752747,0.0004257309181766218,0.0012871497780456169,0.0030889881624895196,0.0031369027922510673,0.00024586066492549876,0.0005998474797984325,0.0008429626129068486,0.000979334293224722,0.00034437813206964054,0.0003222845172420109,-4.238534957375984e-5,-0.0001834172084354889,0.0037457270755367543,0.0020407819804240104,0.00021785161730865994,0.0007691989753193029,0.0002076866931785155,0.001254014856329715,0.001791613053752747,0.003851947681325313,-9.553233281223112e-5,0.0005060986481282075,0.0016606373778934019,0.0009018150061930715,5.046450719128982e-5,0.00017338775072101899,0.0007103622223932968,0.001180820243311571,0.0004904357889673402,6.671819022884648e-5,0.0004682520587330246,-6.83252154138033e-5,0.0005236086501391069,0.00014193033681064778,0.0012839899912820039,0.0001756059167628804,9.901531766789573e-5,0.0007285515508701969,0.0004257309181766218,-9.553233281223112e-5,0.0063123246563696715,-0.000143809476067916,0.0008327488173311229,0.0013652242501945968,0.0005809052752836583,0.0005620504014029542,6.546173763540052e-5,0.00034579315937548736,0.001042271153320946,0.0008699091584720771,0.0006712385641432167,0.0011585219021241428,0.0015258856502166603,0.0007104517757232521,0.00015640515278134804,0.00015966968841520454,0.00013560652941975768,0.0011992915179216074,0.0012871497780456169,0.0005060986481282075,-0.000143809476067916,0.0027296589606068686,0.0017756228698410166,0.0005102412901350972,-0.0003302530852373406,4.657923399791045e-5,0.0006471392417000228,0.00044112952338342456,2.6083143889122216e-5,4.3129371604244365e-5,0.0003282478286209437,0.00043112553157116456,0.001037197138237795,0.00017524638489916196,0.002466468388274082,0.002020824656052635,0.000495993901511394,0.003980337083012649,0.0030889881624895196,0.0016606373778934019,0.0008327488173311229,0.0017756228698410166,0.031162557819655497,0.0013141147773337554,0.00036698253361477267,0.0004888427477218106,0.0008122602506218046,0.0011242298504282927,0.00014253573431096013,-0.00045477902616934625,0.0020049876588466675,0.0015570974711761228,0.004602944379491325,-0.0009277102320369697,-0.00021766311397512805,0.0024383176131333294,0.0008966669222070615,0.002038656247363454,0.0031369027922510673,0.0009018150061930715,0.0013652242501945968,0.0005102412901350972,0.0013141147773337554,0.016550687807445244,0.0013302958732919936,0.00033288832459062824,0.0004138229541484199,0.0016993045402137832,0.001099858591765067,0.001141123008866444,0.0006706405941015244,0.0006916049150177761,0.0008418895524629496,0.0010966313855375618,0.001282052619112252,8.679552782846027e-5,0.0003366176543002821,0.0005471237186891037,0.00024586066492549876,5.046450719128982e-5,0.0005809052752836583,-0.0003302530852373406,0.00036698253361477267,0.0013302958732919936,0.007584444894605439,1.869930861368887e-6,0.0008547052861622457,0.0009399084841127357,0.00041992644545307703,0.00018464229212088884,2.059317919947424e-5,0.0006372488058185156,0.0025122351398289096,1.1454031186878952e-5,0.0004145268281288011,0.00032392266921087794,0.000151028183586375,0.0003064504205233439,0.0005998474797984325,0.00017338775072101899,0.0005620504014029542,4.657923399791045e-5,0.0004888427477218106,0.00033288832459062824,1.869930861368887e-6,0.003180524940189834,0.00045312055684039443,0.0010628256859425357,0.0002145689070196332,0.0008914473341525592,0.0002945787826566205,-8.189656008480466e-5,0.0010634085814229506,-6.476962378422833e-5,0.0014258437469965462,0.0005549129740463676,4.3566642135763666e-5,0.0006194508291289184,0.0008429626129068486,0.0007103622223932968,6.546173763540052e-5,0.0006471392417000228,0.0008122602506218046,0.0004138229541484199,0.0008547052861622457,0.00045312055684039443,0.009306657841507806,0.0006175147970746165,0.0001257691526994294,0.0012898623910203438,0.0006025906438180967,0.00019908403563974978,0.002167203941447134,0.0007113582429496531,-4.7085222077704995e-5,0.001903680043479811,0.00042855256355207167,0.0019673578228790707,0.000979334293224722,0.001180820243311571,0.00034579315937548736,0.00044112952338342456,0.0011242298504282927,0.0016993045402137832,0.0009399084841127357,0.0010628256859425357,0.0006175147970746165,0.015660609875539664,-0.0010359699879856489,-0.0001493455748771176,0.0005663517067672965,7.131827800086664e-5,0.0012849737125432256,-0.0006871126300413129,0.0009091794946392205,0.000525288916032514,0.00015029431701010993,6.1818199516649555e-6,0.00034437813206964054,0.0004904357889673402,0.001042271153320946,2.6083143889122216e-5,0.00014253573431096013,0.001099858591765067,0.00041992644545307703,0.0002145689070196332,0.0001257691526994294,-0.0010359699879856489,0.0032878101929787965,0.00015856574544421774,0.0002790560331362197,0.0004575860474253237,0.0011509535746215944,0.00018149743665825613,0.0015287362424543267,0.0017478028538921166,9.296506122021133e-5,0.0005774574259707693,0.0003222845172420109,6.671819022884648e-5,0.0008699091584720771,4.3129371604244365e-5,-0.00045477902616934625,0.001141123008866444,0.00018464229212088884,0.0008914473341525592,0.0012898623910203438,-0.0001493455748771176,0.00015856574544421774,0.013498228240305898,0.0010779247527671369,4.003262692630895e-6,-0.00021718160960480936,0.0005510739568213643,0.0010825046743571315,0.0011148953259633124,0.00016785695621180556,0.000490256840821847,-4.238534957375984e-5,0.0004682520587330246,0.0006712385641432167,0.0003282478286209437,0.0020049876588466675,0.0006706405941015244,2.059317919947424e-5,0.0002945787826566205,0.0006025906438180967,0.0005663517067672965,0.0002790560331362197,0.0010779247527671369,0.003775272271488364,-7.325904811318955e-5,0.001641403649941686,1.393507448907323e-5,0.0010020574480326479,-0.0005468205131727538,0.00024374812692264558,-0.0005167799465411795,-0.0001834172084354889,-6.83252154138033e-5,0.0011585219021241428,0.00043112553157116456,0.0015570974711761228,0.0006916049150177761,0.0006372488058185156,-8.189656008480466e-5,0.00019908403563974978,7.131827800086664e-5,0.0004575860474253237,4.003262692630895e-6,-7.325904811318955e-5,0.009013188727912584,0.00012095288233646527,0.0004208362605465938,0.0030244570076638964,0.0007479200733237077,-2.6970078786182e-5,0.0026941852671792535,0.0037457270755367543,0.0005236086501391069,0.0015258856502166603,0.001037197138237795,0.004602944379491325,0.0008418895524629496,0.0025122351398289096,0.0010634085814229506,0.002167203941447134,0.0012849737125432256,0.0011509535746215944,-0.00021718160960480936,0.001641403649941686,0.00012095288233646527,0.027971335172709916,0.0004134365264192488,0.0005322377620316065,-0.0004179837254797992,5.633777014166291e-5,0.0010859467048583708,0.0020407819804240104,0.00014193033681064778,0.0007104517757232521,0.00017524638489916196,-0.0009277102320369697,0.0010966313855375618,1.1454031186878952e-5,-6.476962378422833e-5,0.0007113582429496531,-0.0006871126300413129,0.00018149743665825613,0.0005510739568213643,1.393507448907323e-5,0.0004208362605465938,0.0004134365264192488,0.00289532149966065
