0.009547815181053574,0.0018165858515875408,0.0005653799932197127,0.0007686534383819796,0.000148718672287313,0.0008553073680716361,0.0034864752219493974,0.00016855499892723462,0.0010519858524096245,0.000769070953769001,0.0012086229141710216,0.001276087339887431,0.0012754627712905965,0.003919755569946429,0.00032450597354134855,0.0009838457757326956,0.0005951585796382989,0.0005654086710846179,0.0012957213642711054,0.0020734422853603083,0.0018165858515875408,0.01082038935857456,0.00043713098728195615,0.00018428457014199487,0.0001800224547643909,0.0002931059943213697,0.0028047540874265122,0.0002709493465518543,-0.00022442606764874645,0.0008678962938670635,0.0013215310169954917,0.0006853513309155305,0.0003570517211548289,0.0008175574812611702,-0.0008675193729674755,-0.00034902356419322606,0.000315860443037709,0.00021379527361514326,0.0010073297311580258,0.0024126073888079158,0.0005653799932197127,0.00043713098728195615,0.0016974128848066565,0.0002676853271951209,0.00024374839051121767,0.00016018831569896254,0.0008818649542024629,0.0004316948393956172,-0.00013975918529263623,0.00012322050813226286,0.0005566702697333838,0.00035883295168386757,0.0007216380576871967,0.0009664393769097392,0.0001415967611577769,0.0006230466036194678,0.00053134363783816,0.00017879115601680153,0.000518271418253397,0.0007712625283625299,0.0007686534383819796,0.00018428457014199487,0.0002676853271951209,0.003990063664995069,0.00010976591762676884,0.00024221291797767023,0.0011771788105024946,0.0005687013089001169,0.00018651722033885047,-2.483769822891946e-5,0.0005071722349627999,-9.98071411733398e-5,0.0006492216270792262,0.0012275405799619305,-7.991868365890428e-5,0.00012808405734885796,0.0007751617507226029,6.350363828756144e-5,0.00025547709756176937,0.0002464163254953687,0.000148718672287313,0.0001800224547643909,0.00024374839051121767,0.00010976591762676884,0.0020015708193919764,-2.776252034367819e-5,0.0009329829719197933,0.0004041834025301864,0.00034558883055371594,0.0003404731279432418,0.00037276939998969903,0.0005551706906213344,0.00031941031715820964,0.0003477118699152398,0.000764296582414164,0.0005067205011020917,0.0003273902515574166,0.00013873260035798444,0.0006230225083191046,-0.0001719426751504631,0.0008553073680716361,0.0002931059943213697,0.00016018831569896254,0.00024221291797767023,-2.776252034367819e-5,0.0019038185446985764,0.00039779527853672265,-4.4667540976377055e-5,0.00013413345691955887,-7.844692337992305e-5,0.000668770214600535,-0.00012766775934835612,0.000187658270086216,0.0008298903033631367,0.0004153342962513484,0.00020916599618415387,0.00013619585371170079,9.4037357572518e-5,0.0001878689355348102,0.0007866749786779868,0.0034864752219493974,0.0028047540874265122,0.0008818649542024629,0.0011771788105024946,0.0009329829719197933,0.00039779527853672265,0.0306480901769624,-0.0006416841159050103,0.0021345530699184876,0.0007889197729384276,0.00021842909025819005,0.0008766308388496436,0.00019692203873102748,0.003103023568135249,-2.497498102733373e-5,0.0014183208712756365,0.002107450227267952,0.0006306385897511816,0.0017306941847933907,-0.00018809200050719628,0.00016855499892723462,0.0002709493465518543,0.0004316948393956172,0.0005687013089001169,0.0004041834025301864,-4.4667540976377055e-5,-0.0006416841159050103,0.002741549734509047,0.00048707918179556804,5.0707187412409716e-5,0.0013780657910669515,0.0002530614482314315,0.0007074899893816811,0.0011945410087878965,0.0006002431703162002,0.0009183287811357325,0.0008245250574030168,-2.8932495418531936e-5,0.0006170562247223167,0.0014246877182527411,0.0010519858524096245,-0.00022442606764874645,-0.00013975918529263623,0.00018651722033885047,0.00034558883055371594,0.00013413345691955887,0.0021345530699184876,0.00048707918179556804,0.006629882183430007,0.0003916725568170803,0.0002740639513734063,0.0008159248319083382,0.0005908072375339727,0.0012723498003610265,0.0007259730248445908,0.0016503206225094297,0.0011413086622455572,5.9154714947121765e-5,0.0003024097158690236,1.8584096915824307e-5,0.000769070953769001,0.0008678962938670635,0.00012322050813226286,-2.483769822891946e-5,0.0003404731279432418,-7.844692337992305e-5,0.0007889197729384276,5.0707187412409716e-5,0.0003916725568170803,0.004340692507170727,0.0003735190870915398,0.00041555449630281053,0.00038046571521998347,-0.00022027445266395874,0.0004660234452075855,0.000745272618294802,0.0002065605745877063,9.418556654936471e-5,0.0005757242802975587,-0.0003105773147058284,0.0012086229141710216,0.0013215310169954917,0.0005566702697333838,0.0005071722349627999,0.00037276939998969903,0.000668770214600535,0.00021842909025819005,0.0013780657910669515,0.0002740639513734063,0.0003735190870915398,0.015323388018229038,0.0013836537162880522,0.0009827304172837306,0.0013199074647231145,0.0009595611287283178,0.000583252718939083,0.0015483998927219667,-0.0001541307905131392,0.0010984365604836397,0.0011809734406908873,0.001276087339887431,0.0006853513309155305,0.00035883295168386757,-9.98071411733398e-5,0.0005551706906213344,-0.00012766775934835612,0.0008766308388496436,0.0002530614482314315,0.0008159248319083382,0.00041555449630281053,0.0013836537162880522,0.006393049279758299,0.0005753571079521179,0.0008196447519387034,0.00045605413433374563,-0.00014359793770002264,0.0010063047494199028,0.00030003262918715007,0.0005400857371838555,0.00019157242785348847,0.0012754627712905965,0.0003570517211548289,0.0007216380576871967,0.0006492216270792262,0.00031941031715820964,0.000187658270086216,0.00019692203873102748,0.0007074899893816811,0.0005908072375339727,0.00038046571521998347,0.0009827304172837306,0.0005753571079521179,0.0072075472448953565,0.001559060496394448,0.0011485158363770645,0.0013471875412493096,0.0010821570256426215,0.00033982028359243253,0.0010049531715340325,0.0009398000117309621,0.003919755569946429,0.0008175574812611702,0.0009664393769097392,0.0012275405799619305,0.0003477118699152398,0.0008298903033631367,0.003103023568135249,0.0011945410087878965,0.0012723498003610265,-0.00022027445266395874,0.0013199074647231145,0.0008196447519387034,0.001559060496394448,0.01127995356165934,0.0008021862939926855,0.001549729591674071,0.0010436121627988384,0.0002975020563329563,0.001706744019241147,0.0017144812661116027,0.00032450597354134855,-0.0008675193729674755,0.0001415967611577769,-7.991868365890428e-5,0.000764296582414164,0.0004153342962513484,-2.497498102733373e-5,0.0006002431703162002,0.0007259730248445908,0.0004660234452075855,0.0009595611287283178,0.00045605413433374563,0.0011485158363770645,0.0008021862939926855,0.005920438579074938,0.0011103646471406288,0.0005117592165693725,1.3008814072016159e-5,0.0008004080018007692,0.0005862585127000652,0.0009838457757326956,-0.00034902356419322606,0.0006230466036194678,0.00012808405734885796,0.0005067205011020917,0.00020916599618415387,0.0014183208712756365,0.0009183287811357325,0.0016503206225094297,0.000745272618294802,0.000583252718939083,-0.00014359793770002264,0.0013471875412493096,0.001549729591674071,0.0011103646471406288,0.012045339995050558,7.129248239341662e-5,0.00017447255769186817,-0.00041416994782798356,0.002171699059569583,0.0005951585796382989,0.000315860443037709,0.00053134363783816,0.0007751617507226029,0.0003273902515574166,0.00013619585371170079,0.002107450227267952,0.0008245250574030168,0.0011413086622455572,0.0002065605745877063,0.0015483998927219667,0.0010063047494199028,0.0010821570256426215,0.0010436121627988384,0.0005117592165693725,7.129248239341662e-5,0.005399245527271328,0.0003014230678733841,0.0005155209900414887,0.001962683651818052,0.0005654086710846179,0.00021379527361514326,0.00017879115601680153,6.350363828756144e-5,0.00013873260035798444,9.4037357572518e-5,0.0006306385897511816,-2.8932495418531936e-5,5.9154714947121765e-5,9.418556654936471e-5,-0.0001541307905131392,0.00030003262918715007,0.00033982028359243253,0.0002975020563329563,1.3008814072016159e-5,0.00017447255769186817,0.0003014230678733841,0.0012548904569942162,0.00038048044638386774,0.0008702296497813755,0.0012957213642711054,0.0010073297311580258,0.000518271418253397,0.00025547709756176937,0.0006230225083191046,0.0001878689355348102,0.0017306941847933907,0.0006170562247223167,0.0003024097158690236,0.0005757242802975587,0.0010984365604836397,0.0005400857371838555,0.0010049531715340325,0.001706744019241147,0.0008004080018007692,-0.00041416994782798356,0.0005155209900414887,0.00038048044638386774,0.010309280357066582,0.0034008588755265502,0.0020734422853603083,0.0024126073888079158,0.0007712625283625299,0.0002464163254953687,-0.0001719426751504631,0.0007866749786779868,-0.00018809200050719628,0.0014246877182527411,1.8584096915824307e-5,-0.0003105773147058284,0.0011809734406908873,0.00019157242785348847,0.0009398000117309621,0.0017144812661116027,0.0005862585127000652,0.002171699059569583,0.001962683651818052,0.0008702296497813755,0.0034008588755265502,0.02595447859905607
