0.005007416466489369,0.0003198017994690003,0.000443504408038243,-0.0007906740622418209,-5.053756474308368e-5,0.00046302865954208456,-0.0005239705609181833,-0.00018540398694515142,0.001445962113335731,-0.00028316076533242067,-0.00041041649458756517,-0.0014346514217066495,-0.0009057070123821814,0.0011590752361690425,0.0001069961444326131,-0.000667556345258731,-0.0002920205841066525,0.0005531626731816742,-0.0012488981804581862,-0.0002336743486006925,0.0003198017994690003,0.006047476267452071,0.0013276093710482102,-0.0022757231575969675,0.0022012071433416313,4.866007862242268e-5,-0.00032030228553857646,-0.0005395460919069846,0.002183497821970087,0.0004710024963930987,-0.000295830561592168,0.00014024951823048067,0.002321392614285921,0.0003469816371574966,0.0003589578374372279,0.00036107755805482545,-0.0007440942700569495,0.0004293717687283914,-0.0005599378082782222,4.052554441179402e-5,0.000443504408038243,0.0013276093710482102,0.025718957692795277,-0.002238948854332107,0.004608011575355125,0.0007113520102762423,0.0025729991655633316,0.001535982905852987,0.0021980476078752712,-0.00010876065864624012,0.0010060305782077798,0.000649834754287651,0.007059911197480037,-0.0001010831240498374,0.0017675965373638287,-7.172080855559239e-5,0.00213937324724024,0.0018381327304124863,0.006936784551494293,0.00029300168873405555,-0.0007906740622418209,-0.0022757231575969675,-0.002238948854332107,0.027066257967790074,-0.003045528289128594,0.00038285416809025007,0.0020436747555949335,-0.00016580700875459586,-0.0009075618903212545,0.0006414034422740154,0.0013995040897781333,0.001194286518952575,-0.004770275695800263,0.002129024739867684,0.0021482990052372184,-0.00020055569956401448,-0.00029624357952100764,-0.0005745117747384494,0.0007135712008317704,0.0007451997528290851,-5.053756474308368e-5,0.0022012071433416313,0.004608011575355125,-0.003045528289128594,0.027475091238316228,0.0008708213757132166,0.0014765193410792236,0.00025797996618829536,0.004201416426726591,0.0013680593928679357,0.0009136989270183608,0.0008779904139708172,0.00834062293186021,0.0016382348567930485,-0.0004726909263510251,0.0011397126439219732,0.00039944331557223217,-0.001024601354612522,0.003315727419901863,0.00019195674360003036,0.00046302865954208456,4.866007862242268e-5,0.0007113520102762423,0.00038285416809025007,0.0008708213757132166,0.002124955510375438,0.00019090320745933137,0.00020765414415769312,0.0003917524792187471,0.00014710064097735295,-7.152261740356157e-5,0.00045380237819098396,0.0004173662732652821,0.0004952312992265955,0.00022612377103218987,5.468124734553722e-5,0.00024972186814232854,0.0003484078986211309,0.00023415806668191494,0.0002397646518087451,-0.0005239705609181833,-0.00032030228553857646,0.0025729991655633316,0.0020436747555949335,0.0014765193410792236,0.00019090320745933137,0.0171371771955647,-0.00025161790619051026,0.0011416043145386443,-0.0005224639619287475,0.0007876259892918023,-0.001573558662115419,0.002770728443125983,-0.0008708685337945469,0.0006728029562894579,-0.000697436898034995,0.0011017990793546234,0.0014640383593362836,0.0010312438876340876,0.00032834187441288423,-0.00018540398694515142,-0.0005395460919069846,0.001535982905852987,-0.00016580700875459586,0.00025797996618829536,0.00020765414415769312,-0.00025161790619051026,0.0021781049277717237,-0.00024012533601166917,4.7618504540112343e-5,0.0001020060588929308,0.0004621919312134585,-0.0009703624601972926,-0.00024300011653717542,-0.0004010244714988059,-5.7771983431971125e-5,0.0005896001737306293,-4.139710676787709e-5,0.0008876899918205465,0.00045263951734117057,0.001445962113335731,0.002183497821970087,0.0021980476078752712,-0.0009075618903212545,0.004201416426726591,0.0003917524792187471,0.0011416043145386443,-0.00024012533601166917,0.01744322005655041,0.0006500341788276544,0.0005669936040843763,-0.0005849596506004019,0.0021700811534315608,0.0008243722581324992,0.0009541364747253598,0.0003942431342272678,3.9725196847018086e-5,0.00026953934526995386,-0.0009644291083791038,2.6746436200945052e-5,-0.00028316076533242067,0.0004710024963930987,-0.00010876065864624012,0.0006414034422740154,0.0013680593928679357,0.00014710064097735295,-0.0005224639619287475,4.7618504540112343e-5,0.0006500341788276544,0.0021689245799095067,0.00038667236862199134,0.0007866768464122426,-0.0013302347044990594,0.00019042203827692296,-4.901030794025486e-5,0.0006354774981055181,8.557403996584264e-5,-0.0008721043982700921,-0.0005088562885067423,0.00036691892803221925,-0.00041041649458756517,-0.000295830561592168,0.0010060305782077798,0.0013995040897781333,0.0009136989270183608,-7.152261740356157e-5,0.0007876259892918023,0.0001020060588929308,0.0005669936040843763,0.00038667236862199134,0.002404739744425085,-7.709032736032776e-5,0.00021163517994404784,-6.380217401461118e-5,0.0004445369656550952,0.0002383797320838821,0.00018971545117224157,2.9750758542443716e-5,0.0006786247429474364,0.0001225028557647598,-0.0014346514217066495,0.00014024951823048067,0.000649834754287651,0.001194286518952575,0.0008779904139708172,0.00045380237819098396,-0.001573558662115419,0.0004621919312134585,-0.0005849596506004019,0.0007866768464122426,-7.709032736032776e-5,0.00810782413844027,0.0007435246724013,-0.0002841673555105766,0.00047526749281316324,0.0006575336341879197,0.0010724393104606944,0.00013599117960948762,0.003116831918581033,0.00025059017648118814,-0.0009057070123821814,0.002321392614285921,0.007059911197480037,-0.004770275695800263,0.00834062293186021,0.0004173662732652821,0.002770728443125983,-0.0009703624601972926,0.0021700811534315608,-0.0013302347044990594,0.00021163517994404784,0.0007435246724013,0.03301286374196596,-0.00070396072991215,-0.0011182781895403466,-0.00011014843179273364,0.0009731369875218866,0.0003883856018877008,0.007479025463474517,-0.001301823272658769,0.0011590752361690425,0.0003469816371574966,-0.0001010831240498374,0.002129024739867684,0.0016382348567930485,0.0004952312992265955,-0.0008708685337945469,-0.00024300011653717542,0.0008243722581324992,0.00019042203827692296,-6.380217401461118e-5,-0.0002841673555105766,-0.00070396072991215,0.010748622248801585,-0.0009126714359322098,0.00047733494501303684,-0.0011373868773017952,-0.0007645635451434759,0.0005912493024692878,0.0003450062645323485,0.0001069961444326131,0.0003589578374372279,0.0017675965373638287,0.0021482990052372184,-0.0004726909263510251,0.00022612377103218987,0.0006728029562894579,-0.0004010244714988059,0.0009541364747253598,-4.901030794025486e-5,0.0004445369656550952,0.00047526749281316324,-0.0011182781895403466,-0.0009126714359322098,0.0053003054675447425,-0.00026972702619365455,0.00045209281986427713,0.0013548107368150175,0.0002895080017340582,-0.000551515932238338,-0.000667556345258731,0.00036107755805482545,-7.172080855559239e-5,-0.00020055569956401448,0.0011397126439219732,5.468124734553722e-5,-0.000697436898034995,-5.7771983431971125e-5,0.0003942431342272678,0.0006354774981055181,0.0002383797320838821,0.0006575336341879197,-0.00011014843179273364,0.00047733494501303684,-0.00026972702619365455,0.0015892378321052546,-7.156189358085229e-5,-0.00038946937047117634,0.00037629331861355555,8.025421776083284e-5,-0.0002920205841066525,-0.0007440942700569495,0.00213937324724024,-0.00029624357952100764,0.00039944331557223217,0.00024972186814232854,0.0011017990793546234,0.0005896001737306293,3.9725196847018086e-5,8.557403996584264e-5,0.00018971545117224157,0.0010724393104606944,0.0009731369875218866,-0.0011373868773017952,0.00045209281986427713,-7.156189358085229e-5,0.0019289829757517792,0.0006382765864880991,0.0015536083587167357,-5.631047894940809e-6,0.0005531626731816742,0.0004293717687283914,0.0018381327304124863,-0.0005745117747384494,-0.001024601354612522,0.0003484078986211309,0.0014640383593362836,-4.139710676787709e-5,0.00026953934526995386,-0.0008721043982700921,2.9750758542443716e-5,0.00013599117960948762,0.0003883856018877008,-0.0007645635451434759,0.0013548107368150175,-0.00038946937047117634,0.0006382765864880991,0.004996165087071071,0.00041828853608170285,-0.0006727299065700227,-0.0012488981804581862,-0.0005599378082782222,0.006936784551494293,0.0007135712008317704,0.003315727419901863,0.00023415806668191494,0.0010312438876340876,0.0008876899918205465,-0.0009644291083791038,-0.0005088562885067423,0.0006786247429474364,0.003116831918581033,0.007479025463474517,0.0005912493024692878,0.0002895080017340582,0.00037629331861355555,0.0015536083587167357,0.00041828853608170285,0.01655395932605853,4.154103336991981e-5,-0.0002336743486006925,4.052554441179402e-5,0.00029300168873405555,0.0007451997528290851,0.00019195674360003036,0.0002397646518087451,0.00032834187441288423,0.00045263951734117057,2.6746436200945052e-5,0.00036691892803221925,0.0001225028557647598,0.00025059017648118814,-0.001301823272658769,0.0003450062645323485,-0.000551515932238338,8.025421776083284e-5,-5.631047894940809e-6,-0.0006727299065700227,4.154103336991981e-5,0.002849871792185188
0.006487784301560121,8.210902762139651e-5,-0.0016747197284698572,-0.001727480782115927,0.0007209904486714737,0.000673790677939003,0.0006554850644936547,0.000533444236307995,-0.0005768991315506485,0.00037573303726663043,0.001774691601741514,0.0009872579756994445,0.0033296836772786047,0.002207955437708009,0.0016118179725465196,0.0008088384656170945,0.00014049928798146743,0.00043896248248912525,0.0030889339330744782,0.0011146731994929582,8.210902762139651e-5,0.0053779499184434905,-0.0008312084950409958,0.00020492893170401347,0.0003655368425918229,-0.00011932157457659127,0.0019462642109926533,0.0011928288504678966,0.002120795057474743,-0.0001283770087930816,0.00020636415507658168,0.00048312095106125717,-0.0006510828150687396,0.0013352566154620888,0.0011907134086718194,-0.0002088173723519774,0.0005431230694614787,0.0003055391577937026,0.0003016006097382706,-0.0006464639730268933,-0.0016747197284698572,-0.0008312084950409958,0.029661728790840503,0.005220578679825793,-0.00476557994928517,-0.0007443476053120278,-0.0011528077982143983,-0.00124555018342409,0.007131583543496352,0.0010004876856194427,-0.0017320339590651825,-0.000597101538838862,0.0004885917100244055,0.003625827413581999,-0.004417110375675775,0.0009822885399770648,0.0005549034944102461,0.0030387599416481547,-0.004083217968664888,9.726108641315524e-5,-0.001727480782115927,0.00020492893170401347,0.005220578679825793,0.0407560238310646,0.0053642444744898396,0.0006817113591426874,-0.0031765197254424245,0.0002658630099772459,0.006976529371823064,0.0005698852022880797,-0.004802866664864961,0.0005159357730838666,0.004482824665832585,0.0010038775295569979,-0.0006601139858154929,0.0028780307039591455,0.002111286711173104,0.0014707154341932747,-0.0010287447343129892,-0.0022457264117923155,0.0007209904486714737,0.0003655368425918229,-0.00476557994928517,0.0053642444744898396,0.022243293168588286,0.0017194352893097268,0.002273928411822103,0.0013386795761840347,0.0003734257887243171,0.0005432925375103903,0.000496175807012927,0.0021928987181544144,0.0010148554518718334,0.0007996180725512979,0.003303051432991328,-0.0003583463506361967,0.00026558473530451565,0.0007613235355590023,0.001538073357854978,0.0015286702635128077,0.000673790677939003,-0.00011932157457659127,-0.0007443476053120278,0.0006817113591426874,0.0017194352893097268,0.0032342793959241824,0.0002878756715111846,0.0003910146252714083,4.310191836891824e-5,0.0005808615399622479,0.0009591748225733336,-0.00023780258941261866,0.001047753475219428,-0.0008709604143833087,0.0010531083097280445,9.520083234445498e-5,-0.00010916003071418024,-8.172509516729976e-5,0.002037579609099229,0.0008231280538188244,0.0006554850644936547,0.0019462642109926533,-0.0011528077982143983,-0.0031765197254424245,0.002273928411822103,0.0002878756715111846,0.015442449745369322,0.0010394554362635575,0.0008333055403617892,0.0005726000979479956,0.0015823340801403218,0.0021650224574360317,-0.0018286564262308342,0.004373140947742755,0.0019136605885312808,-0.00018934992414981094,-8.190318323190651e-5,0.0011402738653106851,0.0026591032687494943,-0.0003918562661437766,0.000533444236307995,0.0011928288504678966,-0.00124555018342409,0.0002658630099772459,0.0013386795761840347,0.0003910146252714083,0.0010394554362635575,0.0020923333236291287,0.001559492427015189,0.0004782264449056458,0.00039162502201181933,0.0009025014982588725,0.001055421678466196,0.0011031271724547488,0.0015141756314160056,-0.0001599642823951993,0.0003093262128939843,-6.867285694961905e-5,0.0014011607797190639,-2.7480235996688803e-5,-0.0005768991315506485,0.002120795057474743,0.007131583543496352,0.006976529371823064,0.0003734257887243171,4.310191836891824e-5,0.0008333055403617892,0.001559492427015189,0.02128711646768302,-0.0001519857866160597,-0.0016074287818530254,0.00234917061083409,-0.0005933578258312748,0.005533682956611509,-4.686943809122068e-5,0.00029186678714971965,0.0015645806688801794,-0.0005139654879716118,-0.0005897154581022437,-0.0008473529757591708,0.00037573303726663043,-0.0001283770087930816,0.0010004876856194427,0.0005698852022880797,0.0005432925375103903,0.0005808615399622479,0.0005726000979479956,0.0004782264449056458,-0.0001519857866160597,0.002697799354591776,0.0007166645865561549,0.0014068280433199474,0.0029784823756049566,0.0014059523021092873,0.0005920076114889699,-0.00021762193667923882,2.0410792411303064e-5,0.0018476882602208157,0.002376027629665236,0.0006817648136447983,0.001774691601741514,0.00020636415507658168,-0.0017320339590651825,-0.004802866664864961,0.000496175807012927,0.0009591748225733336,0.0015823340801403218,0.00039162502201181933,-0.0016074287818530254,0.0007166645865561549,0.0039180012850950074,-0.00034951343363628327,0.001076555286269661,0.0008760554764861115,0.0018104965396411278,-0.00033397806657676295,-0.00020485977331364982,-8.085818716148038e-5,0.003205773189341108,0.0015013457630870329,0.0009872579756994445,0.00048312095106125717,-0.000597101538838862,0.0005159357730838666,0.0021928987181544144,-0.00023780258941261866,0.0021650224574360317,0.0009025014982588725,0.00234917061083409,0.0014068280433199474,-0.00034951343363628327,0.010149850039858053,0.006617291367928027,0.003127156367470912,0.0021403593143028005,0.0001423425349478487,-5.644980715779034e-5,0.0029189965528434803,0.0019356263432249176,0.0008096542363446369,0.0033296836772786047,-0.0006510828150687396,0.0004885917100244055,0.004482824665832585,0.0010148554518718334,0.001047753475219428,-0.0018286564262308342,0.001055421678466196,-0.0005933578258312748,0.0029784823756049566,0.001076555286269661,0.006617291367928027,0.0387007982479744,0.0020720795420227983,0.0035093882229276976,0.0026365973217492558,-0.0003866804625027658,0.005889353577184495,0.006774404158225203,0.004420822868367143,0.002207955437708009,0.0013352566154620888,0.003625827413581999,0.0010038775295569979,0.0007996180725512979,-0.0008709604143833087,0.004373140947742755,0.0011031271724547488,0.005533682956611509,0.0014059523021092873,0.0008760554764861115,0.003127156367470912,0.0020720795420227983,0.013390293618593839,0.0017749626145047198,0.00031565812791318603,0.0009651557712522232,0.0025501618028504515,0.0028755242300967042,0.000735825477832572,0.0016118179725465196,0.0011907134086718194,-0.004417110375675775,-0.0006601139858154929,0.003303051432991328,0.0010531083097280445,0.0019136605885312808,0.0015141756314160056,-4.686943809122068e-5,0.0005920076114889699,0.0018104965396411278,0.0021403593143028005,0.0035093882229276976,0.0017749626145047198,0.007207390761929283,0.00019530176697455558,0.0003552155138322829,-0.0007881499393446254,0.00377392224655588,0.001319479957531872,0.0008088384656170945,-0.0002088173723519774,0.0009822885399770648,0.0028780307039591455,-0.0003583463506361967,9.520083234445498e-5,-0.00018934992414981094,-0.0001599642823951993,0.00029186678714971965,-0.00021762193667923882,-0.00033397806657676295,0.0001423425349478487,0.0026365973217492558,0.00031565812791318603,0.00019530176697455558,0.0019039717980132386,6.369553546718487e-5,0.0004983524493817431,0.00016617408317304581,0.00038869670100541025,0.00014049928798146743,0.0005431230694614787,0.0005549034944102461,0.002111286711173104,0.00026558473530451565,-0.00010916003071418024,-8.190318323190651e-5,0.0003093262128939843,0.0015645806688801794,2.0410792411303064e-5,-0.00020485977331364982,-5.644980715779034e-5,-0.0003866804625027658,0.0009651557712522232,0.0003552155138322829,6.369553546718487e-5,0.0013315044041359515,-0.0004887499197085412,-0.00011692925476632196,-0.0004697542380652209,0.00043896248248912525,0.0003055391577937026,0.0030387599416481547,0.0014707154341932747,0.0007613235355590023,-8.172509516729976e-5,0.0011402738653106851,-6.867285694961905e-5,-0.0005139654879716118,0.0018476882602208157,-8.085818716148038e-5,0.0029189965528434803,0.005889353577184495,0.0025501618028504515,-0.0007881499393446254,0.0004983524493817431,-0.0004887499197085412,0.007305778822823663,0.000858309793284116,0.0013897527080042275,0.0030889339330744782,0.0003016006097382706,-0.004083217968664888,-0.0010287447343129892,0.001538073357854978,0.002037579609099229,0.0026591032687494943,0.0014011607797190639,-0.0005897154581022437,0.002376027629665236,0.003205773189341108,0.0019356263432249176,0.006774404158225203,0.0028755242300967042,0.00377392224655588,0.00016617408317304581,-0.00011692925476632196,0.000858309793284116,0.015036473797052292,0.0026761697188418115,0.0011146731994929582,-0.0006464639730268933,9.726108641315524e-5,-0.0022457264117923155,0.0015286702635128077,0.0008231280538188244,-0.0003918562661437766,-2.7480235996688803e-5,-0.0008473529757591708,0.0006817648136447983,0.0015013457630870329,0.0008096542363446369,0.004420822868367143,0.000735825477832572,0.001319479957531872,0.00038869670100541025,-0.0004697542380652209,0.0013897527080042275,0.0026761697188418115,0.0041271755764856295
