0.004447366736238269,0.00019206795040362172,0.00203962395231278,0.0002758615263299524,0.0003029099510685808,0.001539565619374916,0.00035196227430701394,0.0002030737652227401,-0.00015549558160627393,0.0002859064888880688,0.0005680913796293559,0.0005948856161311191,0.0004547981710651131,0.00075426301200457,0.0006284749739042559,0.0004995367988579714,-0.00033159752096713807,0.0002130823221595223,0.00011710559020035475,0.00034179904183557894,0.00019206795040362172,0.0034211755245643315,0.0003231160411210854,-4.7285221378840436e-5,0.0006929080128044051,0.0008623837818537731,0.00023682465924479066,8.928734917873809e-5,0.0004332794640345241,0.0009332651000282673,0.001026541944605427,0.0005266624302897275,0.0004530914032884175,-5.078720865117356e-5,0.000497176990429299,0.0003553365378658589,-0.00024120267545741354,0.0008698961634907324,4.756037898819136e-5,0.0002531248216714325,0.00203962395231278,0.0003231160411210854,0.020858261888429604,0.0003469077113988175,0.00023838381070390955,0.0026495820894396217,0.00025914514342945637,-0.00032061652388469606,-8.747708829466713e-5,0.002134794119696682,-0.0004695661450959249,0.0002365675429565181,0.00015878911617045992,0.00019081489366220097,0.0013855859206589737,0.0008621422886179869,-0.0007888668652128382,0.0033541647484559498,0.00011698595906405227,0.0005182813368303258,0.0002758615263299524,-4.7285221378840436e-5,0.0003469077113988175,0.0017208643943425683,-7.33427176453196e-5,0.00033359413994639165,0.0001782170025050275,-2.2506622029507852e-5,-0.00039655200753198696,0.000509910932265168,-9.42905484187339e-5,-7.399636034262835e-5,-0.0002330525787725211,0.00025932573131218163,-9.274553349157184e-5,-0.00019021856211681056,0.00010883966852519902,0.00029321457146856634,0.0003636782549631386,-6.978718632515809e-5,0.0003029099510685808,0.0006929080128044051,0.00023838381070390955,-7.33427176453196e-5,0.002824402250336696,0.0001264482153819062,0.0002637931420559929,3.182496221423586e-5,0.0001220614028931134,-0.00016240152800214115,0.0007985622388475358,-8.60603331630994e-5,0.0005072136838589589,0.00040059233931308047,0.0006614218371784851,0.000397469797471065,2.1608255867931145e-5,0.0014282314609037458,0.0008934413861535497,0.00027148155991983517,0.001539565619374916,0.0008623837818537731,0.0026495820894396217,0.00033359413994639165,0.0001264482153819062,0.012167628353830406,0.0005996069752419637,-0.00010484864236445169,0.0004005735824848548,0.0034260551999369215,0.002260297829911854,8.439207051936712e-5,-0.000292767571096782,0.0013373971937294526,0.0012843269409238862,0.0008788659433597565,-0.0002596669083504426,0.0007191691580205969,-0.0006750867012029437,0.0003240600415420291,0.00035196227430701394,0.00023682465924479066,0.00025914514342945637,0.0001782170025050275,0.0002637931420559929,0.0005996069752419637,0.0024856078101321492,-1.9512979911893105e-6,0.0006514545563757683,0.00032450532440874607,0.0014785436765785212,-3.0376985273517025e-5,0.0003611973775604838,-2.8661601800071045e-5,0.00013740187598877001,0.0007994511903122721,-0.00013614516550079572,0.0003555876715626927,0.0004326772584480015,-3.251892422811757e-5,0.0002030737652227401,8.928734917873809e-5,-0.00032061652388469606,-2.2506622029507852e-5,3.182496221423586e-5,-0.00010484864236445169,-1.9512979911893105e-6,0.0014587475933085165,0.0001566094134152898,5.5549534305456046e-5,-5.7205510029270545e-6,0.0001993480249882363,-5.055197117103715e-7,0.00040647801826957275,-1.819592291639373e-5,5.736582995149315e-5,-2.308482233561362e-5,0.00015540582861898157,-2.5520232497042306e-5,-2.5163214176968074e-5,-0.00015549558160627393,0.0004332794640345241,-8.747708829466713e-5,-0.00039655200753198696,0.0001220614028931134,0.0004005735824848548,0.0006514545563757683,0.0001566094134152898,0.008509507969587307,0.00012225256864944036,0.0014348983228440332,0.0005004858077650657,0.0006214201090798035,0.00025486672152237654,9.778679103085292e-5,0.0001891361591992755,0.0001966004643405214,0.000845237180203135,7.981384513272956e-5,0.0004271474326034719,0.0002859064888880688,0.0009332651000282673,0.002134794119696682,0.000509910932265168,-0.00016240152800214115,0.0034260551999369215,0.00032450532440874607,5.5549534305456046e-5,0.00012225256864944036,0.0124745880879413,0.000788163181074722,-0.0003921462019723337,0.00022650464474875302,-0.0002571227999058816,0.00032598893088145865,0.0006644957872025282,-0.00013398337645844803,-3.2887364527900594e-5,-0.000854103534717561,0.00024744676964117264,0.0005680913796293559,0.001026541944605427,-0.0004695661450959249,-9.42905484187339e-5,0.0007985622388475358,0.002260297829911854,0.0014785436765785212,-5.7205510029270545e-6,0.0014348983228440332,0.000788163181074722,0.022697659355326836,0.0018845635333691038,0.0016278489720391819,0.001496436426127145,0.0015331601196718655,0.00011431715975053502,-0.0007483156597188992,0.001707770033139296,0.0005820581442785055,0.00017890796375511137,0.0005948856161311191,0.0005266624302897275,0.0002365675429565181,-7.399636034262835e-5,-8.60603331630994e-5,8.439207051936712e-5,-3.0376985273517025e-5,0.0001993480249882363,0.0005004858077650657,-0.0003921462019723337,0.0018845635333691038,0.008511282257298964,0.00011183214646445002,0.0013729930235171983,0.000609017769063131,-0.0006276882803554166,0.0002140565878926341,0.0001583505214110951,-0.00010778336765295378,0.0007952753303643013,0.0004547981710651131,0.0004530914032884175,0.00015878911617045992,-0.0002330525787725211,0.0005072136838589589,-0.000292767571096782,0.0003611973775604838,-5.055197117103715e-7,0.0006214201090798035,0.00022650464474875302,0.0016278489720391819,0.00011183214646445002,0.0030632076232096276,0.0004203246425134482,0.0005659378593285244,0.00039442456918888666,0.00020127669330888279,0.0007156246369908101,-1.0730428047471851e-6,-0.00013159824585154615,0.00075426301200457,-5.078720865117356e-5,0.00019081489366220097,0.00025932573131218163,0.00040059233931308047,0.0013373971937294526,-2.8661601800071045e-5,0.00040647801826957275,0.00025486672152237654,-0.0002571227999058816,0.001496436426127145,0.0013729930235171983,0.0004203246425134482,0.009631723262489903,0.00029208767767230993,-0.0002566596440873611,0.0010840413008559148,0.0009264446590425742,7.679589942223894e-5,0.0002463096261732786,0.0006284749739042559,0.000497176990429299,0.0013855859206589737,-9.274553349157184e-5,0.0006614218371784851,0.0012843269409238862,0.00013740187598877001,-1.819592291639373e-5,9.778679103085292e-5,0.00032598893088145865,0.0015331601196718655,0.000609017769063131,0.0005659378593285244,0.00029208767767230993,0.002777083402727192,0.0005634777279526516,-5.2367284699845664e-5,0.0005333284229784343,0.00035068262647837325,0.00016354942527592806,0.0004995367988579714,0.0003553365378658589,0.0008621422886179869,-0.00019021856211681056,0.000397469797471065,0.0008788659433597565,0.0007994511903122721,5.736582995149315e-5,0.0001891361591992755,0.0006644957872025282,0.00011431715975053502,-0.0006276882803554166,0.00039442456918888666,-0.0002566596440873611,0.0005634777279526516,0.007051890730362631,0.00022858361763909122,0.0005211572708807005,0.0005339764289614024,0.00013655771077524063,-0.00033159752096713807,-0.00024120267545741354,-0.0007888668652128382,0.00010883966852519902,2.1608255867931145e-5,-0.0002596669083504426,-0.00013614516550079572,-2.308482233561362e-5,0.0001966004643405214,-0.00013398337645844803,-0.0007483156597188992,0.0002140565878926341,0.00020127669330888279,0.0010840413008559148,-5.2367284699845664e-5,0.00022858361763909122,0.0028649824544836216,0.00011768817522546064,0.00020198724873286996,-4.3773686861873946e-5,0.0002130823221595223,0.0008698961634907324,0.0033541647484559498,0.00029321457146856634,0.0014282314609037458,0.0007191691580205969,0.0003555876715626927,0.00015540582861898157,0.000845237180203135,-3.2887364527900594e-5,0.001707770033139296,0.0001583505214110951,0.0007156246369908101,0.0009264446590425742,0.0005333284229784343,0.0005211572708807005,0.00011768817522546064,0.011859884233919224,0.00026762926347827557,0.00014837784282463587,0.00011710559020035475,4.756037898819136e-5,0.00011698595906405227,0.0003636782549631386,0.0008934413861535497,-0.0006750867012029437,0.0004326772584480015,-2.5520232497042306e-5,7.981384513272956e-5,-0.000854103534717561,0.0005820581442785055,-0.00010778336765295378,-1.0730428047471851e-6,7.679589942223894e-5,0.00035068262647837325,0.0005339764289614024,0.00020198724873286996,0.00026762926347827557,0.005799514765952319,0.0005033239789548026,0.00034179904183557894,0.0002531248216714325,0.0005182813368303258,-6.978718632515809e-5,0.00027148155991983517,0.0003240600415420291,-3.251892422811757e-5,-2.5163214176968074e-5,0.0004271474326034719,0.00024744676964117264,0.00017890796375511137,0.0007952753303643013,-0.00013159824585154615,0.0002463096261732786,0.00016354942527592806,0.00013655771077524063,-4.3773686861873946e-5,0.00014837784282463587,0.0005033239789548026,0.00386351481612878
