0.014667901333169305,-0.0006367037949829471,-0.002967234073204316,-0.0022270873169629966,-0.005157788271696884,-0.002710323036089267,0.004722547360929891,-0.0006245710409480827,-0.002133074603947009,-0.0017860614102671586,0.0020592449550111028,-0.00037581198081483905,-0.0014986890534062973,-0.005380287846077664,0.0006094768394906145,0.002572868387025303,-0.000313346723835648,-0.0017116608466306489,0.0017092126004014125,0.0027013145634922084,-0.0006367037949829471,0.01828263670581229,-0.004633344122386929,-0.0011401445601988418,0.003387524493893005,0.0035999883132335013,0.005581193869117856,-0.0002025180349054827,-0.0012633470508736436,0.005911256358529305,-0.0037249175701718,0.0019044614644428996,-0.001796376285652069,0.0022107686195536685,-0.0001186338698202987,0.007645336366009094,-0.0031479572314588797,-0.0008069118388687801,-0.0017042194470576854,-0.0011814286143144617,-0.002967234073204316,-0.004633344122386929,0.007387449228109384,0.0034726768612914722,0.002179218210928568,0.00036435876980206656,-0.006120534127317784,0.001673480243503361,0.00211183102012182,-0.003052885509538154,0.004158888148078633,-0.0003109241125360668,0.0024928399556517766,0.0030532279237460184,0.002362984724702526,-0.002169482536109723,0.002582217944150182,0.0022790902983192297,0.00010568275026815553,-0.0015470843141386953,-0.0022270873169629966,-0.0011401445601988418,0.0034726768612914722,0.01117627860026628,0.0034058084701922026,0.0023572512716299944,-0.0051232499348954205,0.004570123529169717,0.004188673993581029,-0.0052430319511924325,0.006549962308784743,0.00391978165112222,-0.0017104601430125367,0.0030965265844127557,0.0030407640103977318,-0.006082318986707465,0.0052997420654818505,0.0022130302632938975,-0.00022279915927268752,-0.004204818817339718,-0.005157788271696884,0.003387524493893005,0.002179218210928568,0.0034058084701922026,0.012289661672073586,0.001662828183287194,-0.002178119163029896,0.0006639393702121308,0.002652655196314727,0.0008329152923179534,0.000529877168339895,-0.0002964166082261044,0.0009253736712876329,0.007030938996964,-0.0001125362041135448,0.0010229863339921898,0.0014643339089851302,0.001216518112336315,-0.0007253985426027094,-0.0010964786058062985,-0.002710323036089267,0.0035999883132335013,0.00036435876980206656,0.0023572512716299944,0.001662828183287194,0.006117197844199175,-0.001815498186904315,0.002920998839126495,0.0011929424825705564,-0.0010621524711454497,-0.0013791864608580671,0.0033213440681282526,-0.0010454130679648768,0.001186679573685947,0.0014627407738739277,0.0005347435332064206,-2.0672257819415724e-5,0.0033112446051023524,-0.0009937849279623287,-0.0033025909323635837,0.004722547360929891,0.005581193869117856,-0.006120534127317784,-0.0051232499348954205,-0.002178119163029896,-0.001815498186904315,0.018397259446663674,-0.004749695411269113,-0.004612198213222083,0.00975563102789992,-0.0059060253305933536,-0.0004631760431438245,-0.001839842017947442,-0.002875006930925809,-0.001772813201047478,0.00364732619821642,-0.003215423211119282,-0.007157261313185108,-0.0006256741741149929,0.00677381309775687,-0.0006245710409480827,-0.0002025180349054827,0.001673480243503361,0.004570123529169717,0.0006639393702121308,0.002920998839126495,-0.004749695411269113,0.006535515673513393,0.002935074953603966,-0.0048221190900177464,0.003373878082876307,0.003990412621583131,-0.0023470233129112114,0.0006219506212405902,0.0032572814010932124,-0.0020739194909454267,0.0027691863548733103,0.003664391071527714,0.00010822599600935636,-0.0048575201934594105,-0.002133074603947009,-0.0012633470508736436,0.00211183102012182,0.004188673993581029,0.002652655196314727,0.0011929424825705564,-0.004612198213222083,0.002935074953603966,0.0055042485486270784,-0.004743027117264346,0.004385890553289551,0.0018136785961907422,-0.0007158817603966449,0.003306453827015962,0.0014281696290922147,-0.003945379971521253,0.0027150909990089405,0.0024385402227420122,-1.1167997647837678e-5,-0.003374231771707397,-0.0017860614102671586,0.005911256358529305,-0.003052885509538154,-0.0052430319511924325,0.0008329152923179534,-0.0010621524711454497,0.00975563102789992,-0.0048221190900177464,-0.004743027117264346,0.017770459790060842,-0.007899144115029911,-0.002207353618163976,0.0013298439780910524,-0.0009830643102562999,-0.0044208021655398454,0.0064498295594768084,-0.004180474619018803,-0.005692767318860472,-0.0006716226464035524,0.006247391340010821,0.0020592449550111028,-0.0037249175701718,0.004158888148078633,0.006549962308784743,0.000529877168339895,-0.0013791864608580671,-0.0059060253305933536,0.003373878082876307,0.004385890553289551,-0.007899144115029911,0.02126336665408926,-0.00028424049069011804,-0.00022132877672857975,0.0027424605430863918,0.004483639437139369,-0.007247136575529419,0.004816255795321249,0.002415584045516092,0.0009480725424617104,-0.0033230990805830068,-0.00037581198081483905,0.0019044614644428996,-0.0003109241125360668,0.00391978165112222,-0.0002964166082261044,0.0033213440681282526,-0.0004631760431438245,0.003990412621583131,0.0018136785961907422,-0.002207353618163976,-0.00028424049069011804,0.007666949983784082,-0.0025906564238721962,-2.9704640132820007e-5,0.0025493090504955214,-0.0018043253043170636,0.0016589517911213508,0.0017748365038861755,-0.0008116476111914385,-0.003911832866811985,-0.0014986890534062973,-0.001796376285652069,0.0024928399556517766,-0.0017104601430125367,0.0009253736712876329,-0.0010454130679648768,-0.001839842017947442,-0.0023470233129112114,-0.0007158817603966449,0.0013298439780910524,-0.00022132877672857975,-0.0025906564238721962,0.006286694223923231,0.0017569608802935873,-0.0003445811106998965,0.0008366847698221107,-0.00029449045037238013,-0.00011474186341917884,0.00021804735290764527,0.004082808065561789,-0.005380287846077664,0.0022107686195536685,0.0030532279237460184,0.0030965265844127557,0.007030938996964,0.001186679573685947,-0.002875006930925809,0.0006219506212405902,0.003306453827015962,-0.0009830643102562999,0.0027424605430863918,-2.9704640132820007e-5,0.0017569608802935873,0.013565721098499581,0.0011464203962035433,-0.0010922830872072318,0.0020906120400714344,0.0006334319961757917,-0.0010089629375009293,-0.000609718447833685,0.0006094768394906145,-0.0001186338698202987,0.002362984724702526,0.0030407640103977318,-0.0001125362041135448,0.0014627407738739277,-0.001772813201047478,0.0032572814010932124,0.0014281696290922147,-0.0044208021655398454,0.004483639437139369,0.0025493090504955214,-0.0003445811106998965,0.0011464203962035433,0.014746068987351705,-0.001256343792573378,0.0009766871109507975,0.0023101732757911907,0.00019371327805751956,-0.002254559391804578,0.002572868387025303,0.007645336366009094,-0.002169482536109723,-0.006082318986707465,0.0010229863339921898,0.0005347435332064206,0.00364732619821642,-0.0020739194909454267,-0.003945379971521253,0.0064498295594768084,-0.007247136575529419,-0.0018043253043170636,0.0008366847698221107,-0.0010922830872072318,-0.001256343792573378,0.02194581257981942,-0.00306012933732355,0.0004224856401097801,0.00015571740441930185,0.00015058228744834997,-0.000313346723835648,-0.0031479572314588797,0.002582217944150182,0.0052997420654818505,0.0014643339089851302,-2.0672257819415724e-5,-0.003215423211119282,0.0027691863548733103,0.0027150909990089405,-0.004180474619018803,0.004816255795321249,0.0016589517911213508,-0.00029449045037238013,0.0020906120400714344,0.0009766871109507975,-0.00306012933732355,0.01063289445182535,-4.4153943106546074e-5,0.0005662357654389635,-0.003414809482140727,-0.0017116608466306489,-0.0008069118388687801,0.0022790902983192297,0.0022130302632938975,0.001216518112336315,0.0033112446051023524,-0.007157261313185108,0.003664391071527714,0.0024385402227420122,-0.005692767318860472,0.002415584045516092,0.0017748365038861755,-0.00011474186341917884,0.0006334319961757917,0.0023101732757911907,0.0004224856401097801,-4.4153943106546074e-5,0.012948141612303407,-0.0004083648204250385,-0.004427983929472161,0.0017092126004014125,-0.0017042194470576854,0.00010568275026815553,-0.00022279915927268752,-0.0007253985426027094,-0.0009937849279623287,-0.0006256741741149929,0.00010822599600935636,-1.1167997647837678e-5,-0.0006716226464035524,0.0009480725424617104,-0.0008116476111914385,0.00021804735290764527,-0.0010089629375009293,0.00019371327805751956,0.00015571740441930185,0.0005662357654389635,-0.0004083648204250385,0.002008291718998752,0.0006244560418413884,0.0027013145634922084,-0.0011814286143144617,-0.0015470843141386953,-0.004204818817339718,-0.0010964786058062985,-0.0033025909323635837,0.00677381309775687,-0.0048575201934594105,-0.003374231771707397,0.006247391340010821,-0.0033230990805830068,-0.003911832866811985,0.004082808065561789,-0.000609718447833685,-0.002254559391804578,0.00015058228744834997,-0.003414809482140727,-0.004427983929472161,0.0006244560418413884,0.019080461071879263
0.011113658963034807,0.0036677498599633806,0.0022812192638782965,0.0018452709177561402,0.0031862319960669523,0.0011798814266908014,0.0005291841639939649,0.0009771534528247834,0.0010817863673917474,0.004301168011767949,0.00292793875107176,0.0013612329929629263,0.0013233119505292332,0.001658358110737809,0.004421925413257502,0.0045541220893339715,0.001916003473173276,0.0020870371125821527,0.0011650144492447512,0.0017778270290005052,0.0036677498599633806,0.009173668859314135,0.0015639267074574496,0.003177769294351704,0.0012716642340055572,0.0009316997785602017,0.0025090206391980194,0.0007581880734314282,0.0016272084773846982,0.0014715003156332725,0.0013559885308215723,9.002980006918954e-5,0.0006716278174431911,0.002182148609263106,0.0020617121984865,0.002649984984954133,0.0015876269224927837,0.002320074687414472,0.0014035483001270113,0.001688091396336747,0.0022812192638782965,0.0015639267074574496,0.005093977327408383,0.0006674290492448436,0.0018869003448531824,0.0004212084422495462,0.00012577660538011458,0.0006831202969722974,0.0006144593046118595,0.0021827295614797113,0.002312781291141569,0.0004886437110771743,0.0009547220737212852,0.001072676998648533,0.003014671824544136,0.002015829919344114,-0.0001691204560319129,0.000594724489422539,0.0009932839995741634,0.00043272861061367123,0.0018452709177561402,0.003177769294351704,0.0006674290492448436,0.006564340227104387,0.0009620323205937684,0.0010091638414611833,0.0023485531643310624,0.0006068578671752202,0.00046899659670538666,0.0009019221016027513,0.002044992327278352,0.0002129635824672347,0.0009579036352091485,0.0019155353235959449,0.0002201879639059706,0.00399912483942867,0.001529684100904366,0.002247577764892867,0.0012003006740907338,0.0031634192350169467,0.0031862319960669523,0.0012716642340055572,0.0018869003448531824,0.0009620323205937684,0.00995416698929857,0.00036090831246010896,0.001363755159991915,0.0017558959526810703,0.0008787013987395893,0.003001184921491938,0.0037281283579221293,0.0008454166261435977,0.0015601021755633064,0.00039704842400410017,0.002807536017039095,0.002999261029241054,0.00021702091208423375,0.0013901294372662579,0.0015102233942363838,0.001247008519754251,0.0011798814266908014,0.0009316997785602017,0.0004212084422495462,0.0010091638414611833,0.00036090831246010896,0.004181939851078957,0.0007251887899394744,0.00038389038469338436,0.000537326201610445,0.0008863315029365585,0.0014026050239814025,0.000258324088495536,0.0004770447618395458,0.0006641088259972409,0.00047292844831858653,0.0016031482475097744,0.0021736691915894115,0.0014360292690728067,0.0006670598584183507,0.0018740827096549119,0.0005291841639939649,0.0025090206391980194,0.00012577660538011458,0.0023485531643310624,0.001363755159991915,0.0007251887899394744,0.007011519147279601,0.0007714445998414086,0.0008943523599507211,0.0006187898814380379,0.0007318384618247768,-0.0004945456500433339,0.0008636683048075255,0.0009190467338979104,-0.0005012234432345252,0.0013148598121568056,0.0017104851636377467,0.0021600337904754477,0.000871978503774861,0.0019579921950857336,0.0009771534528247834,0.0007581880734314282,0.0006831202969722974,0.0006068578671752202,0.0017558959526810703,0.00038389038469338436,0.0007714445998414086,0.003035008173542743,0.00035924735981653435,0.0006934169565118998,0.0009620327982283175,7.226046890472065e-5,0.0009221145302045972,0.0004955639313101255,0.001529863557974629,0.00026409768139973576,0.0002895128414673781,0.0009191207672088127,0.00046337923975879754,0.0016631932005224462,0.0010817863673917474,0.0016272084773846982,0.0006144593046118595,0.00046899659670538666,0.0008787013987395893,0.000537326201610445,0.0008943523599507211,0.00035924735981653435,0.0031189482797630945,6.605652037084213e-5,0.000713912659451532,-0.00019137618952119067,0.0006199040224310511,0.0006672821820141322,0.00019648535856123465,0.000513030742964883,0.0008894206133963293,0.0002238712767324732,0.0008848020008576057,0.0003744798167690035,0.004301168011767949,0.0014715003156332725,0.0021827295614797113,0.0009019221016027513,0.003001184921491938,0.0008863315029365585,0.0006187898814380379,0.0006934169565118998,6.605652037084213e-5,0.01545599795179808,0.005213703666816097,0.0009585224046958017,0.0006357729802977507,5.170688323453193e-5,0.003725015569375471,0.0035468938590284657,0.0028843992850354676,0.003477144268009934,0.00046966348245717316,0.0021639379942136163,0.00292793875107176,0.0013559885308215723,0.002312781291141569,0.002044992327278352,0.0037281283579221293,0.0014026050239814025,0.0007318384618247768,0.0009620327982283175,0.000713912659451532,0.005213703666816097,0.015988046650843826,0.0008435448396151755,0.0019506478947547306,-0.00011513464339006067,0.003604635739539498,0.004797745804601277,0.0019884920220972534,0.0018386385027644087,0.0017070409452155815,0.0028360148621983717,0.0013612329929629263,9.002980006918954e-5,0.0004886437110771743,0.0002129635824672347,0.0008454166261435977,0.000258324088495536,-0.0004945456500433339,7.226046890472065e-5,-0.00019137618952119067,0.0009585224046958017,0.0008435448396151755,0.0048502112072098995,0.0004043606668510814,0.0012599750971128377,0.0005705143939809481,0.003386091394223186,0.0004999008718053102,0.0005762680351964707,7.42013075732498e-5,-0.00018009110715424355,0.0013233119505292332,0.0006716278174431911,0.0009547220737212852,0.0009579036352091485,0.0015601021755633064,0.0004770447618395458,0.0008636683048075255,0.0009221145302045972,0.0006199040224310511,0.0006357729802977507,0.0019506478947547306,0.0004043606668510814,0.0035672918260330395,0.0004353180984254441,0.0010069308200398343,0.0018892114475057816,0.0006656301705118413,0.0006332939149421391,0.0009523132680370327,0.0013992650486802766,0.001658358110737809,0.002182148609263106,0.001072676998648533,0.0019155353235959449,0.00039704842400410017,0.0006641088259972409,0.0009190467338979104,0.0004955639313101255,0.0006672821820141322,5.170688323453193e-5,-0.00011513464339006067,0.0012599750971128377,0.0004353180984254441,0.00886968985850422,0.0012323530235300146,0.0024364884532754546,0.0014626018253852343,0.00131198571972101,0.0015430635080012248,0.0001501806961143076,0.004421925413257502,0.0020617121984865,0.003014671824544136,0.0002201879639059706,0.002807536017039095,0.00047292844831858653,-0.0005012234432345252,0.001529863557974629,0.00019648535856123465,0.003725015569375471,0.003604635739539498,0.0005705143939809481,0.0010069308200398343,0.0012323530235300146,0.015722814728740837,0.001565647510095606,-3.1425867189964357e-6,0.0014192729781448857,0.0011743468549543397,0.0011750367885398538,0.0045541220893339715,0.002649984984954133,0.002015829919344114,0.00399912483942867,0.002999261029241054,0.0016031482475097744,0.0013148598121568056,0.00026409768139973576,0.000513030742964883,0.0035468938590284657,0.004797745804601277,0.003386091394223186,0.0018892114475057816,0.0024364884532754546,0.001565647510095606,0.020156718334122487,0.0047720876640164975,0.002427669282849503,0.0013135857822632745,0.002355370148630691,0.001916003473173276,0.0015876269224927837,-0.0001691204560319129,0.001529684100904366,0.00021702091208423375,0.0021736691915894115,0.0017104851636377467,0.0002895128414673781,0.0008894206133963293,0.0028843992850354676,0.0019884920220972534,0.0004999008718053102,0.0006656301705118413,0.0014626018253852343,-3.1425867189964357e-6,0.0047720876640164975,0.01019382136758901,0.003143191012501113,0.0011122494788598741,0.0020276814247326014,0.0020870371125821527,0.002320074687414472,0.000594724489422539,0.002247577764892867,0.0013901294372662579,0.0014360292690728067,0.0021600337904754477,0.0009191207672088127,0.0002238712767324732,0.003477144268009934,0.0018386385027644087,0.0005762680351964707,0.0006332939149421391,0.00131198571972101,0.0014192729781448857,0.002427669282849503,0.003143191012501113,0.010626818437548476,0.0013042093165079728,0.0025705658625624754,0.0011650144492447512,0.0014035483001270113,0.0009932839995741634,0.0012003006740907338,0.0015102233942363838,0.0006670598584183507,0.000871978503774861,0.00046337923975879754,0.0008848020008576057,0.00046966348245717316,0.0017070409452155815,7.42013075732498e-5,0.0009523132680370327,0.0015430635080012248,0.0011743468549543397,0.0013135857822632745,0.0011122494788598741,0.0013042093165079728,0.0025533940075064534,0.0012490471263842673,0.0017778270290005052,0.001688091396336747,0.00043272861061367123,0.0031634192350169467,0.001247008519754251,0.0018740827096549119,0.0019579921950857336,0.0016631932005224462,0.0003744798167690035,0.0021639379942136163,0.0028360148621983717,-0.00018009110715424355,0.0013992650486802766,0.0001501806961143076,0.0011750367885398538,0.002355370148630691,0.0020276814247326014,0.0025705658625624754,0.0012490471263842673,0.012567444494979698
