0.05134793612784354,-0.00408134160159338,-0.008281787577705852,-0.0031634890422193333,0.0020810887988625135,-0.015123685095137809,-0.010929733962103734,-0.025023864265580054,-0.015460831001031863,-0.012767711598674226,0.003612668077647368,0.015430412912477192,-0.0011729103093162953,-0.006137113145873629,0.008315602301290971,0.007455368748487473,-0.0026252960791469625,0.011146056520050962,-0.01829156146265337,-0.0037127643391301115,-0.00408134160159338,0.01820885171586443,0.0003570411347036223,-0.0007644462073832073,-0.0018418629761286335,0.0008670687791691367,0.0019053376960181676,0.0006865784471699098,0.01732519256530296,0.0117148331037177,0.0020725687401621064,-0.00011407627702167492,0.005697704480260991,-0.009574264715808772,0.008512713424323526,0.0033600912996837712,-0.006710648449663133,0.0004640296135147011,0.0014626242880002229,0.000371487009039023,-0.008281787577705852,0.0003570411347036223,0.007522247623525609,0.0032200253696099998,-5.748301418655787e-5,0.005737430551159209,0.0018957182420818548,0.005986375727834637,0.005460605947551441,0.01321177977053891,-0.001491658982629397,-0.0003441654652899266,0.00041294519485461786,0.001282674241592939,0.0011055284860108153,0.0016885150653977625,-0.0019342258587253052,-0.0008380897134250795,0.0008064360684925567,0.0009520830759486674,-0.0031634890422193333,-0.0007644462073832073,0.0032200253696099998,0.009726421633486096,-0.0002771531081016662,0.002155372035324055,-0.0006551870419521782,0.0001581126208407568,5.186493269336936e-5,0.006855082083308128,-0.0012756590705742307,0.003529906047338102,-0.0014079282209866096,-0.0016563272000729322,0.0007951803349866445,0.0019148578232921487,-0.00241705042340399,-0.0016483212714886945,-0.0009663589248547686,-0.00031896945335863866,0.0020810887988625135,-0.0018418629761286335,-5.748301418655787e-5,-0.0002771531081016662,0.00568931668651057,-0.002052508538063781,-0.00036516728652455865,0.0018198280210450612,-0.0016216373807886719,-0.0016778682499632496,0.0006354073353922059,7.081876340070025e-5,-0.00043475834718016156,0.00169414277521721,-0.00018305103935616117,0.0008092122159308654,0.0006723072418896728,0.000676020387624807,-0.00014327657335459708,-0.00024189270986647396,-0.015123685095137809,0.0008670687791691367,0.005737430551159209,0.002155372035324055,-0.002052508538063781,0.018846334603623675,0.011737373711230948,0.014299014104307974,0.01331052668050784,0.008768212444387496,-0.0025763123010564496,-0.008056936294813502,0.001561191917732514,0.008049502237681439,-0.005405708323911313,-0.004288714434717207,0.0016347979179825553,-0.0026075822530633027,0.004950311979063356,0.003542630280974085,-0.010929733962103734,0.0019053376960181676,0.0018957182420818548,-0.0006551870419521782,-0.00036516728652455865,0.011737373711230948,0.021908671718865395,0.009243295567934282,0.014993465114801749,0.0075857734293623,-0.0022016349797174305,-0.005650717803582016,0.0032377073076959306,0.004197542440736949,-0.004830680190851994,-0.0029786077023349067,0.003636376842148618,0.0005865518734499396,0.0028834337591145875,0.003056561895135296,-0.025023864265580054,0.0006865784471699098,0.005986375727834637,0.0001581126208407568,0.0018198280210450612,0.014299014104307974,0.009243295567934282,0.04871676280968397,0.009938484931358963,-0.005189747498291517,-0.00222618288275762,-0.00941839708827823,-0.0024675573539255746,0.016595353116877102,-0.009837177754748589,-0.00998421361693639,0.007623926805950359,-0.006371071638039218,0.019824708120697296,0.0032224453348858127,-0.015460831001031863,0.01732519256530296,0.005460605947551441,5.186493269336936e-5,-0.0016216373807886719,0.01331052668050784,0.014993465114801749,0.009938484931358963,0.05199253568169342,0.027951548882541605,0.0003620713194030052,-0.0035288516902099755,0.00831910282851132,-0.007067841348359621,0.006772384112892581,0.001749838586942137,-0.01026032357444931,-0.0013899943411689593,0.003261719837371354,0.003292860885565032,-0.012767711598674226,0.0117148331037177,0.01321177977053891,0.006855082083308128,-0.0016778682499632496,0.008768212444387496,0.0075857734293623,-0.005189747498291517,0.027951548882541605,0.07665943673506294,-0.00295027430863563,0.0008093694016761383,0.011353042210400208,-0.01523681315302907,0.01867486172220031,0.017194563852775437,-0.011119266001437433,0.002697095546275276,-0.015395431772122103,0.0021424675516626317,0.003612668077647368,0.0020725687401621064,-0.001491658982629397,-0.0012756590705742307,0.0006354073353922059,-0.0025763123010564496,-0.0022016349797174305,-0.00222618288275762,0.0003620713194030052,-0.00295027430863563,0.0027879574969972526,0.00019032137457584083,0.0009611344733194043,-0.0007283068183879676,0.0025085531733574197,0.0005021872451468803,-0.0014431687633888585,0.0008477669274441733,0.0005969785260084899,-7.794084557729852e-5,0.015430412912477192,-0.00011407627702167492,-0.0003441654652899266,0.003529906047338102,7.081876340070025e-5,-0.008056936294813502,-0.005650717803582016,-0.00941839708827823,-0.0035288516902099755,0.0008093694016761383,0.00019032137457584083,0.022728247645317248,-0.0038196511702694906,-0.007864320217853452,0.005689765429805881,0.004716750164009931,-0.008059700195850037,0.001823751294226666,-0.01086110648199495,-0.0043284291537618366,-0.0011729103093162953,0.005697704480260991,0.00041294519485461786,-0.0014079282209866096,-0.00043475834718016156,0.001561191917732514,0.0032377073076959306,-0.0024675573539255746,0.00831910282851132,0.011353042210400208,0.0009611344733194043,-0.0038196511702694906,0.00812381295967916,-0.004294979360271515,0.006023860437085214,0.0037511296076400804,-0.001784037945395441,0.002406496859755268,-0.0019678644199957376,0.0009146790906499553,-0.006137113145873629,-0.009574264715808772,0.001282674241592939,-0.0016563272000729322,0.00169414277521721,0.008049502237681439,0.004197542440736949,0.016595353116877102,-0.007067841348359621,-0.01523681315302907,-0.0007283068183879676,-0.007864320217853452,-0.004294979360271515,0.024426875463274943,-0.01018406882252145,-0.0090354517546919,0.006583624020866892,-0.001767015542772529,0.008357021697714505,0.0016555871609959328,0.008315602301290971,0.008512713424323526,0.0011055284860108153,0.0007951803349866445,-0.00018305103935616117,-0.005405708323911313,-0.004830680190851994,-0.009837177754748589,0.006772384112892581,0.01867486172220031,0.0025085531733574197,0.005689765429805881,0.006023860437085214,-0.01018406882252145,0.018066128521487645,0.008838267479995943,-0.009322812259971554,0.0036613468400138755,-0.007029819544533661,-0.0013357177459307023,0.007455368748487473,0.0033600912996837712,0.0016885150653977625,0.0019148578232921487,0.0008092122159308654,-0.004288714434717207,-0.0029786077023349067,-0.00998421361693639,0.001749838586942137,0.017194563852775437,0.0005021872451468803,0.004716750164009931,0.0037511296076400804,-0.0090354517546919,0.008838267479995943,0.010919715378693209,-0.0045492476385123985,0.002664450979672729,-0.009597224235072872,-0.0007185745876615886,-0.0026252960791469625,-0.006710648449663133,-0.0019342258587253052,-0.00241705042340399,0.0006723072418896728,0.0016347979179825553,0.003636376842148618,0.007623926805950359,-0.01026032357444931,-0.011119266001437433,-0.0014431687633888585,-0.008059700195850037,-0.001784037945395441,0.006583624020866892,-0.009322812259971554,-0.0045492476385123985,0.022063457166519793,7.531361172630733e-5,0.006466939453019219,0.0016643564218114647,0.011146056520050962,0.0004640296135147011,-0.0008380897134250795,-0.0016483212714886945,0.000676020387624807,-0.0026075822530633027,0.0005865518734499396,-0.006371071638039218,-0.0013899943411689593,0.002697095546275276,0.0008477669274441733,0.001823751294226666,0.002406496859755268,-0.001767015542772529,0.0036613468400138755,0.002664450979672729,7.531361172630733e-5,0.01079015631138759,-0.0059030986185592245,-0.000711293075846764,-0.01829156146265337,0.0014626242880002229,0.0008064360684925567,-0.0009663589248547686,-0.00014327657335459708,0.004950311979063356,0.0028834337591145875,0.019824708120697296,0.003261719837371354,-0.015395431772122103,0.0005969785260084899,-0.01086110648199495,-0.0019678644199957376,0.008357021697714505,-0.007029819544533661,-0.009597224235072872,0.006466939453019219,-0.0059030986185592245,0.02495090336151344,0.002492415228977233,-0.0037127643391301115,0.000371487009039023,0.0009520830759486674,-0.00031896945335863866,-0.00024189270986647396,0.003542630280974085,0.003056561895135296,0.0032224453348858127,0.003292860885565032,0.0021424675516626317,-7.794084557729852e-5,-0.0043284291537618366,0.0009146790906499553,0.0016555871609959328,-0.0013357177459307023,-0.0007185745876615886,0.0016643564218114647,-0.000711293075846764,0.002492415228977233,0.0028744395177526198
0.040227726821037695,0.0031838579518062857,0.010250292862474817,0.006177345643863058,0.003328652036052609,-0.00024793520163237173,0.013569565750943528,0.012772201499537056,-0.01887949738931604,-0.010080245694174992,0.004949160830515496,0.008206688308391722,-0.0008685566616248854,-0.0030520935969425237,-0.004123824787237294,-0.0006689545093528144,-0.003130761427496856,0.001313481997488953,0.0026685114737874374,0.0003746844045335259,0.0031838579518062857,0.01893992854017793,-0.00031992495595482243,0.0016748814859912963,0.004578181865254809,0.0039690868183637935,0.0033828405377968386,0.00893284312158232,0.007137154677669498,0.0003302325232454388,-0.001244680490004514,-0.005120123923936402,-0.004138801622247843,-0.006411049867019982,-0.002465732234569876,0.0008894165090137221,0.0022921313401299266,0.00453716833492015,0.009827872200899715,-0.0002950236947668715,0.010250292862474817,-0.00031992495595482243,0.008787087072505285,0.006887087509553988,0.0013830551022332976,0.00016095214519953302,0.007619678123930814,0.008304963043327774,-0.0021855553707078694,-0.0024158225368490277,0.0025319893375118484,0.004705015635684229,0.0014460035043518445,-0.003518137888700864,7.8873229368252e-5,0.0002824799015061884,0.0007718568273251886,0.0020110046540434603,0.0012859230874716437,-0.0010055831246078037,0.006177345643863058,0.0016748814859912963,0.006887087509553988,0.021750775784230535,0.0019563420980287633,0.0009128526589656169,0.011834132975677175,0.010832350335095352,0.0075034805007850765,0.010244002436778213,0.0031655055362320604,0.004259603571650814,0.002101168186138251,-0.005658464755006342,0.003462344345184796,0.0009250537797044317,-0.0019298872003283489,0.007435374904605529,0.0010556943908287286,-0.0009545972538771731,0.003328652036052609,0.004578181865254809,0.0013830551022332976,0.0019563420980287633,0.008566762406721416,0.0010855586014530223,0.002936916995915713,0.00613904808237515,0.002029742413873704,0.0030310635724598665,0.0012204894398255748,0.0014509297470971872,-0.001649273601497653,-0.004484761761696578,-0.0009292548665465806,-0.0015777845440660613,-0.0008849724526938064,0.002705896874443128,0.002754556568470095,-0.0007707319765435306,-0.00024793520163237173,0.0039690868183637935,0.00016095214519953302,0.0009128526589656169,0.0010855586014530223,0.008085510950364201,-0.0007956599188649021,0.0006506198808334702,0.008584734222076259,0.0061683142947058876,-0.0008827911577011292,0.0008733299403670134,0.0009163833473485221,0.0019841371978448086,0.0024610862637631592,0.00274741023346832,0.003071962661589802,0.0008520897041336011,0.002695799881628,9.281131758061436e-5,0.013569565750943528,0.0033828405377968386,0.007619678123930814,0.011834132975677175,0.002936916995915713,-0.0007956599188649021,0.022136137166060058,0.011475624227760712,-0.004588357939755441,0.000505645186586464,0.004133728427769878,0.003725597763773794,0.00012273590706076006,-0.005928044213011333,-0.0018200050916112077,0.0009953321776688573,-0.002065406922148353,0.00567838699798753,0.003894832836151692,2.2566542281029665e-7,0.012772201499537056,0.00893284312158232,0.008304963043327774,0.010832350335095352,0.00613904808237515,0.0006506198808334702,0.011475624227760712,0.03473691028775565,-0.0006281073141815611,0.005427430383279641,0.0038797242750246933,-0.0003444392064498149,-0.0010763785589073518,-0.0109694441727659,-0.00014802553088048322,-0.004463175716200151,0.003539525390938088,0.0059852729548075185,0.005315584558241825,-0.0028949521829658873,-0.01887949738931604,0.007137154677669498,-0.0021855553707078694,0.0075034805007850765,0.002029742413873704,0.008584734222076259,-0.004588357939755441,-0.0006281073141815611,0.059059262819409826,0.01651126953066482,-0.0033014892562194397,0.001097102875488976,0.0019103038510431426,0.0064273592262794645,0.009575442080241189,0.006429182600231816,0.009573715230760461,0.001715261602728365,0.007418969561002276,-0.0006815835939303042,-0.010080245694174992,0.0003302325232454388,-0.0024158225368490277,0.010244002436778213,0.0030310635724598665,0.0061683142947058876,0.000505645186586464,0.005427430383279641,0.01651126953066482,0.04869733278517387,-0.0010953277528690545,-0.0003726011650960399,0.007989829123026298,0.005406182627722777,0.00818775303129278,0.0007082911369782494,0.0035435964117227618,0.006679193251684761,-0.0014967074929279607,-0.0010642532135969767,0.004949160830515496,-0.001244680490004514,0.0025319893375118484,0.0031655055362320604,0.0012204894398255748,-0.0008827911577011292,0.004133728427769878,0.0038797242750246933,-0.0033014892562194397,-0.0010953277528690545,0.0032012555565080116,0.00324220285653062,0.00016018143289532843,-0.0014616193730154726,2.889637951745635e-6,-0.000829536853216413,-0.0014041838898483931,0.0015049377962026646,-0.0004933641591492105,-0.00045093015607523585,0.008206688308391722,-0.005120123923936402,0.004705015635684229,0.004259603571650814,0.0014509297470971872,0.0008733299403670134,0.003725597763773794,-0.0003444392064498149,0.001097102875488976,-0.0003726011650960399,0.00324220285653062,0.02147774866040916,0.0037505935500044083,0.005574397981521768,0.0019523008387897793,0.0024339026436877376,0.0017036591010744044,0.0002139502659324593,-0.0026304106557008093,2.462919517779142e-5,-0.0008685566616248854,-0.004138801622247843,0.0014460035043518445,0.002101168186138251,-0.001649273601497653,0.0009163833473485221,0.00012273590706076006,-0.0010763785589073518,0.0019103038510431426,0.007989829123026298,0.00016018143289532843,0.0037505935500044083,0.0075713835779990845,0.005430653629008503,0.0032669863907930797,0.001931812640883821,0.004366465204834971,-0.0005409346510610955,-0.004256547405240443,-1.9101794812124908e-5,-0.0030520935969425237,-0.006411049867019982,-0.003518137888700864,-0.005658464755006342,-0.004484761761696578,0.0019841371978448086,-0.005928044213011333,-0.0109694441727659,0.0064273592262794645,0.005406182627722777,-0.0014616193730154726,0.005574397981521768,0.005430653629008503,0.01807896332779668,0.004111690743558712,0.003440557787675872,0.004171700194324276,-0.005753898741395589,-0.005438910030526238,0.0013497061386477107,-0.004123824787237294,-0.002465732234569876,7.8873229368252e-5,0.003462344345184796,-0.0009292548665465806,0.0024610862637631592,-0.0018200050916112077,-0.00014802553088048322,0.009575442080241189,0.00818775303129278,2.889637951745635e-6,0.0019523008387897793,0.0032669863907930797,0.004111690743558712,0.007493223551501166,0.00172128207314122,0.0015495623552502775,-9.288675752907867e-5,-0.0030835640612477747,-0.0004286370366831455,-0.0006689545093528144,0.0008894165090137221,0.0002824799015061884,0.0009250537797044317,-0.0015777845440660613,0.00274741023346832,0.0009953321776688573,-0.004463175716200151,0.006429182600231816,0.0007082911369782494,-0.000829536853216413,0.0024339026436877376,0.001931812640883821,0.003440557787675872,0.00172128207314122,0.006930741091032328,0.002515973408047678,-0.0006418393233989779,0.0001438576436837665,0.0008248716543675029,-0.003130761427496856,0.0022921313401299266,0.0007718568273251886,-0.0019298872003283489,-0.0008849724526938064,0.003071962661589802,-0.002065406922148353,0.003539525390938088,0.009573715230760461,0.0035435964117227618,-0.0014041838898483931,0.0017036591010744044,0.004366465204834971,0.004171700194324276,0.0015495623552502775,0.002515973408047678,0.01937735084938487,-0.0023472521097098764,0.0013137140688295062,0.00034463290859983273,0.001313481997488953,0.00453716833492015,0.0020110046540434603,0.007435374904605529,0.002705896874443128,0.0008520897041336011,0.00567838699798753,0.0059852729548075185,0.001715261602728365,0.006679193251684761,0.0015049377962026646,0.0002139502659324593,-0.0005409346510610955,-0.005753898741395589,-9.288675752907867e-5,-0.0006418393233989779,-0.0023472521097098764,0.011699374157073377,0.0033791940919682822,-0.00036320275438900084,0.0026685114737874374,0.009827872200899715,0.0012859230874716437,0.0010556943908287286,0.002754556568470095,0.002695799881628,0.003894832836151692,0.005315584558241825,0.007418969561002276,-0.0014967074929279607,-0.0004933641591492105,-0.0026304106557008093,-0.004256547405240443,-0.005438910030526238,-0.0030835640612477747,0.0001438576436837665,0.0013137140688295062,0.0033791940919682822,0.015923796981111002,0.00038993294349185887,0.0003746844045335259,-0.0002950236947668715,-0.0010055831246078037,-0.0009545972538771731,-0.0007707319765435306,9.281131758061436e-5,2.2566542281029665e-7,-0.0028949521829658873,-0.0006815835939303042,-0.0010642532135969767,-0.00045093015607523585,2.462919517779142e-5,-1.9101794812124908e-5,0.0013497061386477107,-0.0004286370366831455,0.0008248716543675029,0.00034463290859983273,-0.00036320275438900084,0.00038993294349185887,0.0026483773712629565
0.06209501607098948,0.028326406074733645,0.006254245374901565,0.008808143784588338,-0.0066130958289314585,0.005162953321155727,0.0038502431144949983,0.049378268576301544,0.016154776154435883,-0.0009555130911714739,0.003540136270087192,0.02417239828760697,0.019017891157704848,0.007143607128643971,0.0006738006338631578,0.021951384305141177,0.005439978907063268,0.004284603583545902,-0.0107576889428263,0.008701650857735624,0.028326406074733645,0.035242588253091046,0.006164935114804869,0.0025070549751719873,-0.0024074254481173535,0.0019092546677597086,0.0025317089256744205,0.04333370813343177,0.011697650732861265,0.012214361700396546,0.0037292261324065783,0.03263674611526863,0.01590811082977122,0.006166524273251674,-0.0041656653703693,0.019062130189161385,0.004397906474462676,0.0012861796662491918,-0.004501518142428001,0.01171160667036299,0.006254245374901565,0.006164935114804869,0.006176261956160894,0.0027239743233314854,0.002205949792600947,0.002843277314784693,0.0005154395222203411,0.013308654634470316,0.0042496337829330995,0.006753701541969479,0.00022083007532791175,0.007528167685795336,0.0016755609647894193,0.004130519580435614,-0.0006327086481496624,0.0033373424480474395,0.00020501957549799648,0.0005960569196794862,0.002905196037660756,0.003210053196747129,0.008808143784588338,0.0025070549751719873,0.0027239743233314854,0.015881127689465174,0.005986907554637356,-0.00014284901944157683,0.005381735908906759,0.001960665532883942,0.008118855378028693,-0.007300310849485726,0.0009302574931170968,-0.0010901868717890129,0.00297874709655723,0.0018503046257579826,0.001971635259026188,0.004325927103788664,0.0037900422769914874,0.003996675339866354,0.003968273293027938,-0.0025931972399875517,-0.0066130958289314585,-0.0024074254481173535,0.002205949792600947,0.005986907554637356,0.021152217356137707,-0.0018365632458788098,0.009024619338875604,-0.005464753560002294,0.0015212070449988307,-0.006889283275866943,0.0028161220676005106,-0.005422973741476494,0.0004161649709159257,-0.002178487273638542,0.008704397326940928,0.006968933964818043,0.005962219545293543,0.0003236422963604847,0.015250703181669597,-0.0007491745085661587,0.005162953321155727,0.0019092546677597086,0.002843277314784693,-0.00014284901944157683,-0.0018365632458788098,0.008340497441979974,-0.00034826822100028545,0.005289936154603343,0.0033661374529450248,0.000328226224765325,-0.0005209904394943205,0.0008950067716299578,0.0005680317802447389,0.0024272428897625362,-7.913639664786041e-5,-0.002002755904286376,-0.004023552686732651,0.000716032042170887,-0.002738357466074839,0.0009782584739292791,0.0038502431144949983,0.0025317089256744205,0.0005154395222203411,0.005381735908906759,0.009024619338875604,-0.00034826822100028545,0.019073166699488463,-0.0019456361600754327,0.004567355404313838,-0.009138435810214701,0.0030651811795005804,-0.002923237909182954,0.006077334192620134,-0.0034673484357242265,0.007971605354263105,0.009035318664509302,0.00559195653127626,0.004100172196688011,0.001232537864204828,-0.0015669462854233582,0.049378268576301544,0.04333370813343177,0.013308654634470316,0.001960665532883942,-0.005464753560002294,0.005289936154603343,-0.0019456361600754327,0.09286171695048046,0.02036235877899628,0.025845806462790333,0.005053924134246747,0.050134770994059864,0.020472961739806027,0.01410146593607566,-0.010686399149560492,0.029246951088398865,0.004460912287736466,0.0024413139780640764,-0.004558345135400114,0.02092214902540217,0.016154776154435883,0.011697650732861265,0.0042496337829330995,0.008118855378028693,0.0015212070449988307,0.0033661374529450248,0.004567355404313838,0.02036235877899628,0.026720336588988813,0.0008936571634490962,0.0023154910799937987,0.012356049146372665,0.008916095909081483,0.0030987246686317617,-0.000876634536003248,0.009797975379024538,0.0028981478314789935,0.004215090366986271,-0.0008905291972889755,0.002557882782334029,-0.0009555130911714739,0.012214361700396546,0.006753701541969479,-0.007300310849485726,-0.006889283275866943,0.000328226224765325,-0.009138435810214701,0.025845806462790333,0.0008936571634490962,0.06968435578161718,-0.0025289228011579025,0.03250614223601811,-0.009242530417149642,0.016549659866533555,-0.0061826638538642655,-0.0071133147939866385,-0.0012404972052504565,-0.002878471238686698,0.012651065717219283,0.011881597874714909,0.003540136270087192,0.0037292261324065783,0.00022083007532791175,0.0009302574931170968,0.0028161220676005106,-0.0005209904394943205,0.0030651811795005804,0.005053924134246747,0.0023154910799937987,-0.0025289228011579025,0.0028917408135130185,0.0023311197463245195,0.003508733818392344,-0.0007620664099642174,0.0007468083716576324,0.005705961486951641,0.0027697981340277225,0.0007551756238749812,0.00019975102236040302,0.0009075332148677083,0.02417239828760697,0.03263674611526863,0.007528167685795336,-0.0010901868717890129,-0.005422973741476494,0.0008950067716299578,-0.002923237909182954,0.050134770994059864,0.012356049146372665,0.03250614223601811,0.0023311197463245195,0.05048247773170917,0.013038724439605007,0.01072294568829116,-0.0071795827810307985,0.01572002513615376,0.0030516112393344673,0.0006690743025654124,0.0018242470756637934,0.015707596827273414,0.019017891157704848,0.01590811082977122,0.0016755609647894193,0.00297874709655723,0.0004161649709159257,0.0005680317802447389,0.006077334192620134,0.020472961739806027,0.008916095909081483,-0.009242530417149642,0.003508733818392344,0.013038724439605007,0.017011698896558673,-0.001209431206339247,0.0008047867908744248,0.015448497260470578,0.0014941885483241327,0.0018890550355550215,-0.006271896379666244,0.0045328717111939604,0.007143607128643971,0.006166524273251674,0.004130519580435614,0.0018503046257579826,-0.002178487273638542,0.0024272428897625362,-0.0034673484357242265,0.01410146593607566,0.0030987246686317617,0.016549659866533555,-0.0007620664099642174,0.01072294568829116,-0.001209431206339247,0.013078256134511558,-0.0013065917334885904,-0.0008261111647733512,-0.0011973290025117163,-0.0004040308788282196,0.0026440670860325586,0.003986633834579442,0.0006738006338631578,-0.0041656653703693,-0.0006327086481496624,0.001971635259026188,0.008704397326940928,-7.913639664786041e-5,0.007971605354263105,-0.010686399149560492,-0.000876634536003248,-0.0061826638538642655,0.0007468083716576324,-0.0071795827810307985,0.0008047867908744248,-0.0013065917334885904,0.013747438870409865,0.002625311459594168,0.0026276314149444044,0.0006394209135659574,0.0051947125284268515,-0.002228007543809581,0.021951384305141177,0.019062130189161385,0.0033373424480474395,0.004325927103788664,0.006968933964818043,-0.002002755904286376,0.009035318664509302,0.029246951088398865,0.009797975379024538,-0.0071133147939866385,0.005705961486951641,0.01572002513615376,0.015448497260470578,-0.0008261111647733512,0.002625311459594168,0.025443679135267176,0.008290843380013159,0.002391035150735508,4.915902085146054e-5,0.005849383227233919,0.005439978907063268,0.004397906474462676,0.00020501957549799648,0.0037900422769914874,0.005962219545293543,-0.004023552686732651,0.00559195653127626,0.004460912287736466,0.0028981478314789935,-0.0012404972052504565,0.0027697981340277225,0.0030516112393344673,0.0014941885483241327,-0.0011973290025117163,0.0026276314149444044,0.008290843380013159,0.021550873455861937,0.0016271520223200809,0.004101447993287859,0.00035105282948212407,0.004284603583545902,0.0012861796662491918,0.0005960569196794862,0.003996675339866354,0.0003236422963604847,0.000716032042170887,0.004100172196688011,0.0024413139780640764,0.004215090366986271,-0.002878471238686698,0.0007551756238749812,0.0006690743025654124,0.0018890550355550215,-0.0004040308788282196,0.0006394209135659574,0.002391035150735508,0.0016271520223200809,0.007686076561427986,-0.0010152835328224891,-0.001219489297862736,-0.0107576889428263,-0.004501518142428001,0.002905196037660756,0.003968273293027938,0.015250703181669597,-0.002738357466074839,0.001232537864204828,-0.004558345135400114,-0.0008905291972889755,0.012651065717219283,0.00019975102236040302,0.0018242470756637934,-0.006271896379666244,0.0026440670860325586,0.0051947125284268515,4.915902085146054e-5,0.004101447993287859,-0.0010152835328224891,0.02592511061802719,0.0018999481084379915,0.008701650857735624,0.01171160667036299,0.003210053196747129,-0.0025931972399875517,-0.0007491745085661587,0.0009782584739292791,-0.0015669462854233582,0.02092214902540217,0.002557882782334029,0.011881597874714909,0.0009075332148677083,0.015707596827273414,0.0045328717111939604,0.003986633834579442,-0.002228007543809581,0.005849383227233919,0.00035105282948212407,-0.001219489297862736,0.0018999481084379915,0.008594389932684264
