0.033089871232245015,0.0009049665844977927,0.002034242780135056,0.003571052056954024,0.00045861378842130705,0.0021784900391811374,0.0008939036350848646,0.0009617717194418632,0.0025127319858608997,0.00030861955985753966,0.0043323532435470945,-0.0005696427282255885,0.0029280562582055577,0.0037530280644925413,0.0010022706228578592,0.000396920967223889,0.0018576163021739342,0.0027701541677012083,0.0022536067412985746,0.0021445619423988817,0.0009049665844977927,0.0010930455479609394,-8.773471285891961e-5,2.46348449889544e-5,0.00046041751088124526,0.0004445848242624223,0.00036440840452099313,6.040121677638216e-6,0.000369527368512918,7.280797502194611e-5,0.0008581785616860738,0.00023699095456067597,0.0003271260078716642,0.0002917495474825623,0.0005280696143028798,0.000182706158380608,0.0003503896139405,0.0005573689020241317,0.00040076630575249585,0.0004933422744516521,0.002034242780135056,-8.773471285891961e-5,0.016126697975630957,0.00023652798159262488,0.0009282183245397735,0.001077499999900602,0.00018167331039661716,0.0007553068294450004,0.00365162844514588,0.00040575866180106034,0.006337308068276721,-0.0013221445347455984,-8.280003346349999e-5,0.002573916521772656,-0.0006823596955665126,-0.000514860713197827,-0.0001117554761221048,0.0012139293379941456,0.0009773517069702063,0.001271630236141112,0.003571052056954024,2.46348449889544e-5,0.00023652798159262488,0.006559931951764932,0.0009576520366741822,0.0007262941304761388,0.0005575533488384713,-2.7676859526753737e-5,0.0016806822012060021,-0.0001249738853249685,0.00042786418485360304,0.0006148035630677703,0.0010061217476633674,0.0004145623772799595,0.0025108784435775144,0.00024038398854645085,0.0010188482092504574,0.001501864357801314,0.0003715170503673706,0.000441619561809206,0.00045861378842130705,0.00046041751088124526,0.0009282183245397735,0.0009576520366741822,0.0236728410535553,0.0035973983746093964,0.0009385174429417068,-0.00010678509568952998,0.0026433544371004605,0.0018694826440022792,0.0034336266755468046,0.002393050102989306,0.00023073947151632386,0.0032012314821794887,0.0030454631282782743,0.00033306504720722897,0.0041176914592949525,0.0012736356964162792,0.0013196159748010672,0.0031010782594361463,0.0021784900391811374,0.0004445848242624223,0.001077499999900602,0.0007262941304761388,0.0035973983746093964,0.018960626190390614,0.0021726451408678096,0.0003242567228648988,0.001801878809087215,0.0007421621704384925,0.0016122102998399352,0.0017341077964828935,0.0011000779947654778,0.0011205960407332733,0.0013548067730287552,0.0003846219117983695,0.0024883119656679996,0.0024461210681233567,0.0005446692582343647,0.005835702221435561,0.0008939036350848646,0.00036440840452099313,0.00018167331039661716,0.0005575533488384713,0.0009385174429417068,0.0021726451408678096,0.0029297383258423764,0.0001331368747265457,0.0007627035675526674,0.0002702343688281341,0.00089888199633508,0.0013861114377930032,0.00034036725638305124,0.0007940835288785244,0.0008820173623734879,0.000514979751178274,0.0008219127671273505,0.0008416413119584832,0.0005749847657644109,0.002039642524805778,0.0009617717194418632,6.040121677638216e-6,0.0007553068294450004,-2.7676859526753737e-5,-0.00010678509568952998,0.0003242567228648988,0.0001331368747265457,0.001077282543765625,0.00013959895618234595,8.606253972614726e-5,0.000677640152547297,0.00020243692226860633,0.00030732074493965714,0.00020204971543474944,-0.00018397160997748186,4.222305368711887e-5,0.00025816522586368017,0.0004568538450073651,0.00011244321558585343,0.0008423356347699706,0.0025127319858608997,0.000369527368512918,0.00365162844514588,0.0016806822012060021,0.0026433544371004605,0.001801878809087215,0.0007627035675526674,0.00013959895618234595,0.015845720068841967,0.0007450974435390652,0.0038583579988827636,0.0005645501041103323,0.0007121317355028897,0.0006675399600316518,-2.2488984188097317e-5,-2.971968787537807e-5,0.0012785193305481749,0.0026953733115289646,0.000955950097570876,0.001988948928402827,0.00030861955985753966,7.280797502194611e-5,0.00040575866180106034,-0.0001249738853249685,0.0018694826440022792,0.0007421621704384925,0.0002702343688281341,8.606253972614726e-5,0.0007450974435390652,0.0029809264388882665,0.0010125031707955458,0.0007247707815375194,7.274818032211296e-5,0.0010561648493450124,-0.0006531920965451956,0.00018963080936712506,0.0011690314254092422,0.00022128880498430414,0.0003508897973421278,0.00043711992369349824,0.0043323532435470945,0.0008581785616860738,0.006337308068276721,0.00042786418485360304,0.0034336266755468046,0.0016122102998399352,0.00089888199633508,0.000677640152547297,0.0038583579988827636,0.0010125031707955458,0.02795219948166066,0.002599675773352074,0.0012735092732583855,0.0022761283799170814,0.00039991633756712307,0.0006267278751882441,0.0007540242837350527,0.003422128265943682,0.0004239171519781137,0.0030792050420040793,-0.0005696427282255885,0.00023699095456067597,-0.0013221445347455984,0.0006148035630677703,0.002393050102989306,0.0017341077964828935,0.0013861114377930032,0.00020243692226860633,0.0005645501041103323,0.0007247707815375194,0.002599675773352074,0.010611588492441046,0.0012999189422077105,-0.0002641881842675572,0.0017772868893589657,0.0006437341881386986,0.000404980555162094,0.0014605565869408076,-0.0007572052590981593,0.0028395079880516594,0.0029280562582055577,0.0003271260078716642,-8.280003346349999e-5,0.0010061217476633674,0.00023073947151632386,0.0011000779947654778,0.00034036725638305124,0.00030732074493965714,0.0007121317355028897,7.274818032211296e-5,0.0012735092732583855,0.0012999189422077105,0.00309664416863358,0.0002647434020019401,0.0012781337633574511,0.0001991111319156094,0.0006569557265247872,0.0010302048818370433,-7.027671291632748e-5,0.00044057118731010157,0.0037530280644925413,0.0002917495474825623,0.002573916521772656,0.0004145623772799595,0.0032012314821794887,0.0011205960407332733,0.0007940835288785244,0.00020204971543474944,0.0006675399600316518,0.0010561648493450124,0.0022761283799170814,-0.0002641881842675572,0.0002647434020019401,0.02078331331112484,0.0015423396220556594,0.0002130061726486474,-0.0001003096431031027,-0.00069920133653918,0.0011640345555377894,0.0021626585269885834,0.0010022706228578592,0.0005280696143028798,-0.0006823596955665126,0.0025108784435775144,0.0030454631282782743,0.0013548067730287552,0.0008820173623734879,-0.00018397160997748186,-2.2488984188097317e-5,-0.0006531920965451956,0.00039991633756712307,0.0017772868893589657,0.0012781337633574511,0.0015423396220556594,0.014835515801410716,0.0006714010917415289,0.002314914280294225,0.0017234125535989407,-1.0363041075382728e-5,0.0031823952220576177,0.000396920967223889,0.000182706158380608,-0.000514860713197827,0.00024038398854645085,0.00033306504720722897,0.0003846219117983695,0.000514979751178274,4.222305368711887e-5,-2.971968787537807e-5,0.00018963080936712506,0.0006267278751882441,0.0006437341881386986,0.0001991111319156094,0.0002130061726486474,0.0006714010917415289,0.0013601508720041196,0.0006078161900104136,0.00016890136027449194,0.00026432761160014837,0.0006552920855587513,0.0018576163021739342,0.0003503896139405,-0.0001117554761221048,0.0010188482092504574,0.0041176914592949525,0.0024883119656679996,0.0008219127671273505,0.00025816522586368017,0.0012785193305481749,0.0011690314254092422,0.0007540242837350527,0.000404980555162094,0.0006569557265247872,-0.0001003096431031027,0.002314914280294225,0.0006078161900104136,0.012931298833911246,0.002692684708304198,0.0007334981142630189,0.0032050666056633263,0.0027701541677012083,0.0005573689020241317,0.0012139293379941456,0.001501864357801314,0.0012736356964162792,0.0024461210681233567,0.0008416413119584832,0.0004568538450073651,0.0026953733115289646,0.00022128880498430414,0.003422128265943682,0.0014605565869408076,0.0010302048818370433,-0.00069920133653918,0.0017234125535989407,0.00016890136027449194,0.002692684708304198,0.014386216019140207,0.0004012532843549524,0.001397926852869618,0.0022536067412985746,0.00040076630575249585,0.0009773517069702063,0.0003715170503673706,0.0013196159748010672,0.0005446692582343647,0.0005749847657644109,0.00011244321558585343,0.000955950097570876,0.0003508897973421278,0.0004239171519781137,-0.0007572052590981593,-7.027671291632748e-5,0.0011640345555377894,-1.0363041075382728e-5,0.00026432761160014837,0.0007334981142630189,0.0004012532843549524,0.005071610477863194,0.0012445314474870605,0.0021445619423988817,0.0004933422744516521,0.001271630236141112,0.000441619561809206,0.0031010782594361463,0.005835702221435561,0.002039642524805778,0.0008423356347699706,0.001988948928402827,0.00043711992369349824,0.0030792050420040793,0.0028395079880516594,0.00044057118731010157,0.0021626585269885834,0.0031823952220576177,0.0006552920855587513,0.0032050666056633263,0.001397926852869618,0.0012445314474870605,0.028421881042608496
