0.005918671869936195,0.0017592647634277992,0.0012185197319887267,0.0013815798708015287,0.0026902722358478188,0.002249482619334258,-0.00206568660481222,0.0007449583149913323,0.00046678850309317746,-0.000317741523661472,0.0011624530618213396,-0.0003972634661509344,0.0006326458974839765,0.0032390105522600026,-0.00040558904920182456,0.0001154434412706382,0.0010055000995591822,0.0009220493012308882,-0.0003776320721457191,0.0007363859839451996,0.0017592647634277992,0.004933402125181413,0.0033706214958064227,0.0017894209465202301,0.006846884058676991,0.0006330043869629786,-0.0015666323324035178,-0.00022762616947920729,0.002765973247179134,0.00034292117670497427,0.0009770300108893262,-0.0003202185684406095,0.00031564453674273773,0.003970462822311191,0.00030498631202287036,-0.000296101943587139,-0.00012633815054307582,0.0009562514039691462,-0.0007558601697989558,-0.00023589691433272702,0.0012185197319887267,0.0033706214958064227,0.004556640204994143,0.0005172179401316172,0.005504900573327667,0.00021595174150163806,-0.0010245713722866379,0.0004387373085569788,0.0019782395191743165,0.00019166518779785766,0.0009308529124850673,0.0008786377240537284,-0.000552843612935642,0.0018426213991596845,-0.000712681575973982,-0.001120227557257098,-0.0007191764040433491,2.4883386762010018e-5,-0.0013150056912879845,0.0017986846817169499,0.0013815798708015287,0.0017894209465202301,0.0005172179401316172,0.003646796512941629,0.003118698188573145,0.0014963845763974598,-0.0022737250032813724,0.0003451419099661709,0.00021180524816528056,-0.0005738302844740332,-0.000888519764194851,0.0010793835079366443,-0.0004981260392938405,0.002978882205766654,0.001496761011378567,-0.0002242173091437249,0.00033216246124267193,0.0002865196402530843,0.0028721001893733306,-0.0007887027248629395,0.0026902722358478188,0.006846884058676991,0.005504900573327667,0.003118698188573145,0.017819025665331428,0.001376680772880734,0.0015533862569392497,0.0008600024973056926,0.009767714849397754,-0.002051636150001482,0.00026253685211456647,-0.0012643523648203942,0.0007829930031793469,0.0029171233761025664,0.0015736297189608412,-0.0011975530386573764,-0.0007618154588117411,0.001794527914788726,-0.0017327168981169146,0.0005088044837100166,0.002249482619334258,0.0006330043869629786,0.00021595174150163806,0.0014963845763974598,0.001376680772880734,0.0023309419210514187,-0.0005575048947516973,0.0005651766110596741,0.0013962047079378525,9.43483807243913e-5,-1.2824755851646644e-5,0.0005946378499292036,-0.0005029749138500074,0.0005326857002398684,0.00033980404912171193,0.00031280609935474784,0.0004310883774794194,0.00041867069873901885,0.0006449624227792563,-0.00022547717168995871,-0.00206568660481222,-0.0015666323324035178,-0.0010245713722866379,-0.0022737250032813724,0.0015533862569392497,-0.0005575048947516973,0.006189437490239938,4.518881935644274e-5,0.005389528077303659,-0.00043429509475773385,0.0002461159088930812,-0.0005862398395292502,-0.0009525015105138663,-0.006471949826289031,0.0001296797209998546,0.0006241602960978115,-0.000149463022593993,-0.00037318685572173107,-0.0018329986373458872,0.00024926815634560614,0.0007449583149913323,-0.00022762616947920729,0.0004387373085569788,0.0003451419099661709,0.0008600024973056926,0.0005651766110596741,4.518881935644274e-5,0.0011891375156892097,4.518982490088442e-5,-0.0011488305302609202,0.0002013651692538868,0.00037174902126562863,-0.0006645148208251234,-9.901817364675827e-5,0.00015251085793193943,-0.0001387621946369795,-0.00015117986903524623,-0.0006103824129186552,0.0006107017801376154,0.0005203570084931611,0.00046678850309317746,0.002765973247179134,0.0019782395191743165,0.00021180524816528056,0.009767714849397754,0.0013962047079378525,0.005389528077303659,4.518982490088442e-5,0.011100701330064725,8.163480520498724e-5,0.00018424890542516768,5.8701988496183e-5,-0.001333188966493187,-0.0042067222020330764,0.0008569071585552547,0.00028045613810262797,-0.0001735860544895278,0.000967354490897517,-0.0023415889439435227,7.994583370663603e-5,-0.000317741523661472,0.00034292117670497427,0.00019166518779785766,-0.0005738302844740332,-0.002051636150001482,9.43483807243913e-5,-0.00043429509475773385,-0.0011488305302609202,8.163480520498724e-5,0.002789039067158311,0.00042125800249049564,0.0005338920239496038,-0.000715690921983343,-0.00035716328684040003,-0.0003864453182271634,0.00023315048228651016,-0.0003297917718296495,0.0005184681605426319,-0.0009597170342770551,-3.7949466471377515e-5,0.0011624530618213396,0.0009770300108893262,0.0009308529124850673,-0.000888519764194851,0.00026253685211456647,-1.2824755851646644e-5,0.0002461159088930812,0.0002013651692538868,0.00018424890542516768,0.00042125800249049564,0.0024304842781196208,-9.819418680109777e-5,-0.0010380639339094937,0.00046095713979278435,-0.0003712385685523601,0.0005991860304508957,-0.0005897292515936621,-0.0002546883947013163,-0.0009049977303741664,0.000312072137235939,-0.0003972634661509344,-0.0003202185684406095,0.0008786377240537284,0.0010793835079366443,-0.0012643523648203942,0.0005946378499292036,-0.0005862398395292502,0.00037174902126562863,5.8701988496183e-5,0.0005338920239496038,-9.819418680109777e-5,0.004089562824350862,-0.0033554192617627435,-0.0015592690227980576,0.00019711438445540002,-0.0001246967986792846,-0.0003412143251329845,-0.0013747099514614465,0.0025617530051278304,0.0008880621821852415,0.0006326458974839765,0.00031564453674273773,-0.000552843612935642,-0.0004981260392938405,0.0007829930031793469,-0.0005029749138500074,-0.0009525015105138663,-0.0006645148208251234,-0.001333188966493187,-0.000715690921983343,-0.0010380639339094937,-0.0033554192617627435,0.0044975361499160794,0.0025849671642997223,-0.000832432718604003,-0.0004763326343433106,0.0008954555031684872,0.0016420021549444245,-0.002296568872039481,-0.0005685865518314306,0.0032390105522600026,0.003970462822311191,0.0018426213991596845,0.002978882205766654,0.0029171233761025664,0.0005326857002398684,-0.006471949826289031,-9.901817364675827e-5,-0.0042067222020330764,-0.00035716328684040003,0.00046095713979278435,-0.0015592690227980576,0.0025849671642997223,0.009798698831017904,0.00035151383161887833,-0.0004784992205099423,9.120775336699792e-5,0.0014277879478020246,0.0008726588034304129,-0.0013403744261820498,-0.00040558904920182456,0.00030498631202287036,-0.000712681575973982,0.001496761011378567,0.0015736297189608412,0.00033980404912171193,0.0001296797209998546,0.00015251085793193943,0.0008569071585552547,-0.0003864453182271634,-0.0003712385685523601,0.00019711438445540002,-0.000832432718604003,0.00035151383161887833,0.0016865208877549927,0.00028619902934963156,-0.0001787798470487594,-3.403904250610197e-5,0.0019221302843998073,-0.001017954300493357,0.0001154434412706382,-0.000296101943587139,-0.001120227557257098,-0.0002242173091437249,-0.0011975530386573764,0.00031280609935474784,0.0006241602960978115,-0.0001387621946369795,0.00028045613810262797,0.00023315048228651016,0.0005991860304508957,-0.0001246967986792846,-0.0004763326343433106,-0.0004784992205099423,0.00028619902934963156,0.0010243090175434913,0.0001635782231088767,-8.540499421739234e-5,0.00034906799807840974,-0.0009076807405047788,0.0010055000995591822,-0.00012633815054307582,-0.0007191764040433491,0.00033216246124267193,-0.0007618154588117411,0.0004310883774794194,-0.000149463022593993,-0.00015117986903524623,-0.0001735860544895278,-0.0003297917718296495,-0.0005897292515936621,-0.0003412143251329845,0.0008954555031684872,9.120775336699792e-5,-0.0001787798470487594,0.0001635782231088767,0.0015011101066162956,0.0002081624682955554,0.0003186003462753641,-0.00024535061892351745,0.0009220493012308882,0.0009562514039691462,2.4883386762010018e-5,0.0002865196402530843,0.001794527914788726,0.00041867069873901885,-0.00037318685572173107,-0.0006103824129186552,0.000967354490897517,0.0005184681605426319,-0.0002546883947013163,-0.0013747099514614465,0.0016420021549444245,0.0014277879478020246,-3.403904250610197e-5,-8.540499421739234e-5,0.0002081624682955554,0.0014891401866527025,-0.0013250652253966116,-0.0005794154038101887,-0.0003776320721457191,-0.0007558601697989558,-0.0013150056912879845,0.0028721001893733306,-0.0017327168981169146,0.0006449624227792563,-0.0018329986373458872,0.0006107017801376154,-0.0023415889439435227,-0.0009597170342770551,-0.0009049977303741664,0.0025617530051278304,-0.002296568872039481,0.0008726588034304129,0.0019221302843998073,0.00034906799807840974,0.0003186003462753641,-0.0013250652253966116,0.0053243146239954145,-0.0009679950059261267,0.0007363859839451996,-0.00023589691433272702,0.0017986846817169499,-0.0007887027248629395,0.0005088044837100166,-0.00022547717168995871,0.00024926815634560614,0.0005203570084931611,7.994583370663603e-5,-3.7949466471377515e-5,0.000312072137235939,0.0008880621821852415,-0.0005685865518314306,-0.0013403744261820498,-0.001017954300493357,-0.0009076807405047788,-0.00024535061892351745,-0.0005794154038101887,-0.0009679950059261267,0.002440797631154241
0.004062661875426645,0.0012726026346687911,-0.00025805667348070187,0.0003369245008946203,0.0015266057041586141,0.0006363407984040506,0.002671693571074808,0.00014945658399776135,-0.0007200927462195063,0.000728518523025757,-0.001096829656477356,0.0013189616500022972,0.0003051387350980197,0.0006917303991549886,0.0014236458082941316,6.559279837592752e-5,0.0008042389100305002,0.0012169377697063533,-0.001256190668995971,-9.654280985420246e-5,0.0012726026346687911,0.0035977261659631567,-0.001964448719789884,0.0011878191621319967,-0.001110322994281922,-0.00015536782816987144,0.00199519682539474,0.00038261632400395025,0.001323618998917227,-0.0004649085447489574,0.0007082577698243654,0.0024044374306601973,-0.001251140701698075,-0.0005885886078245716,0.0017621889121305276,-0.0003610936362135975,0.0007777974912299456,0.00019958535169919587,-0.0021544708676880537,0.0008923978052598319,-0.00025805667348070187,-0.001964448719789884,0.0035006706803905685,-0.0016044418403107195,-0.00035526029159015397,0.0004883830493802681,-0.00038524972439783663,0.00019776766269467326,-0.001039367236041467,-0.00045124355097504054,-9.29055751089536e-5,-0.0019224223713232363,0.0015533629767874968,0.0009508174661685218,-0.00048403095463347886,-3.0189244121433536e-5,-0.0014626908889082597,0.0002696374430924422,0.0020860783624658636,-0.0010567803762642656,0.0003369245008946203,0.0011878191621319967,-0.0016044418403107195,0.003612193244729115,0.0010338460395160189,-0.0019847218385702927,0.00020338356571371704,0.00028161671814434146,0.00106959494759485,0.0008361947797806183,-0.0004782113123561637,0.0009643525387711375,0.00036893417092582256,0.0003206121871253459,0.0012046881236959456,-0.0005991019854896181,0.001018994498875712,-0.0008144797719536396,-0.001302220257105868,0.00020071339993272695,0.0015266057041586141,-0.001110322994281922,-0.00035526029159015397,0.0010338460395160189,0.005370106874220852,-0.001014518570085408,0.0026016414052444483,-0.0011755752397627694,-0.003676409514109071,0.0008945265293006495,-0.002593781008709958,-0.00105649067557415,0.00026457863248100844,0.0003475375674660675,-0.0017368161510005146,-0.0001485855874480042,0.0007944966299955176,0.00018103554242245056,0.00040124219989918125,-0.00012388454856760914,0.0006363407984040506,-0.00015536782816987144,0.0004883830493802681,-0.0019847218385702927,-0.001014518570085408,0.003215839097959169,0.0006058730941251634,0.0004216321826684279,0.00029317138325177434,-0.0001600982112952603,0.0004517162325537536,0.00033376876108287616,-0.0008808277162154297,3.057689434679306e-5,9.418548341899638e-5,-0.0002364569626608464,0.00024336733071176454,0.00027814921791481314,-0.00012623061986052084,0.00035580616865090635,0.002671693571074808,0.00199519682539474,-0.00038524972439783663,0.00020338356571371704,0.0026016414052444483,0.0006058730941251634,0.005923348415377823,-0.0006075834242417307,-0.0030672436762385824,-0.0007400837418840264,-0.001145606554903466,0.001016629161598176,-9.343940043173683e-5,0.001165025962590311,0.0002669450537275664,-0.0010928801124643903,0.0007272487323312977,0.0002830689370528736,-0.0006987652698672278,-0.00043274114688348893,0.00014945658399776135,0.00038261632400395025,0.00019776766269467326,0.00028161671814434146,-0.0011755752397627694,0.0004216321826684279,-0.0006075834242417307,0.0020857927877699998,0.0013289908046635913,0.0004666413045177673,8.540513600989203e-5,0.0009644462127059698,-0.0009195549656446926,-0.00021067510324664714,-0.00019401781531658616,-0.00011278443123105227,0.00045632259609965206,0.0003538724904764566,-0.0010298072151470764,-2.3772941749240442e-5,-0.0007200927462195063,0.001323618998917227,-0.001039367236041467,0.00106959494759485,-0.003676409514109071,0.00029317138325177434,-0.0030672436762385824,0.0013289908046635913,0.00651531909025227,0.0004828713781179101,0.0013694841011702155,0.0010778365688299321,-0.001673146184139197,-0.0022906546896813793,0.002365512785873503,-0.0005391210862549301,3.688960205867556e-5,-0.0017211047987973436,-0.0015177855686167182,0.00082359322315318,0.000728518523025757,-0.0004649085447489574,-0.00045124355097504054,0.0008361947797806183,0.0008945265293006495,-0.0001600982112952603,-0.0007400837418840264,0.0004666413045177673,0.0004828713781179101,0.001667939843011816,-0.0008288426907562432,0.0003542879953115515,-0.0003644227873554444,-0.0005615431108729531,-0.00031749858009053094,0.0003904541496673919,0.0004550668749254106,-0.0005452666709770515,-0.0006149426589053557,-0.00020314319062908934,-0.001096829656477356,0.0007082577698243654,-9.29055751089536e-5,-0.0004782113123561637,-0.002593781008709958,0.0004517162325537536,-0.001145606554903466,8.540513600989203e-5,0.0013694841011702155,-0.0008288426907562432,0.0024558857928154653,0.0003825129730581357,0.0004659566015843878,0.000329270684861588,0.0010265546934146044,-9.989119520379269e-5,0.00024513655969259947,0.000508138883075725,0.00014601708845213352,0.0006904795098617328,0.0013189616500022972,0.0024044374306601973,-0.0019224223713232363,0.0009643525387711375,-0.00105649067557415,0.00033376876108287616,0.001016629161598176,0.0009644462127059698,0.0010778365688299321,0.0003542879953115515,0.0003825129730581357,0.0031445633409464303,-0.0008941127328087272,5.6683883110251456e-5,0.0009612480895194006,0.0001870831033213994,0.001155820493902564,-6.302070633843956e-7,-0.0023247822424944525,-5.741559744703277e-5,0.0003051387350980197,-0.001251140701698075,0.0015533629767874968,0.00036893417092582256,0.00026457863248100844,-0.0008808277162154297,-9.343940043173683e-5,-0.0009195549656446926,-0.001673146184139197,-0.0003644227873554444,0.0004659566015843878,-0.0008941127328087272,0.0038381402240589392,0.003115669441587339,0.0013283847765447913,-1.9788830319626525e-5,-0.00039801767233543447,0.0005335576486737428,0.0015051041979030448,-0.0014226896041092383,0.0006917303991549886,-0.0005885886078245716,0.0009508174661685218,0.0003206121871253459,0.0003475375674660675,3.057689434679306e-5,0.001165025962590311,-0.00021067510324664714,-0.0022906546896813793,-0.0005615431108729531,0.000329270684861588,5.6683883110251456e-5,0.003115669441587339,0.003952526163077477,0.0011026013580912944,-0.0002976745555424776,0.00027103009557901043,0.0009856298361101876,0.0006643125180730225,-0.0013358277196771403,0.0014236458082941316,0.0017621889121305276,-0.00048403095463347886,0.0012046881236959456,-0.0017368161510005146,9.418548341899638e-5,0.0002669450537275664,-0.00019401781531658616,0.002365512785873503,-0.00031749858009053094,0.0010265546934146044,0.0009612480895194006,0.0013283847765447913,0.0011026013580912944,0.004059314107217479,-0.0005818541308148729,0.00017948000059574777,0.0001448644840838033,-0.0009118174997311513,0.00015045479770240108,6.559279837592752e-5,-0.0003610936362135975,-3.0189244121433536e-5,-0.0005991019854896181,-0.0001485855874480042,-0.0002364569626608464,-0.0010928801124643903,-0.00011278443123105227,-0.0005391210862549301,0.0003904541496673919,-9.989119520379269e-5,0.0001870831033213994,-1.9788830319626525e-5,-0.0002976745555424776,-0.0005818541308148729,0.001242837129817528,-0.00029547131539994634,0.0006391054943924519,2.3425262184499358e-5,-4.7400290895974626e-5,0.0008042389100305002,0.0007777974912299456,-0.0014626908889082597,0.001018994498875712,0.0007944966299955176,0.00024336733071176454,0.0007272487323312977,0.00045632259609965206,3.688960205867556e-5,0.0004550668749254106,0.00024513655969259947,0.001155820493902564,-0.00039801767233543447,0.00027103009557901043,0.00017948000059574777,-0.00029547131539994634,0.0019215630680792263,0.0008981222505325662,-0.0011257060928338107,0.0008910161156617451,0.0012169377697063533,0.00019958535169919587,0.0002696374430924422,-0.0008144797719536396,0.00018103554242245056,0.00027814921791481314,0.0002830689370528736,0.0003538724904764566,-0.0017211047987973436,-0.0005452666709770515,0.000508138883075725,-6.302070633843956e-7,0.0005335576486737428,0.0009856298361101876,0.0001448644840838033,0.0006391054943924519,0.0008981222505325662,0.0038171404505442184,-3.802038117679558e-5,0.0013393567024531671,-0.001256190668995971,-0.0021544708676880537,0.0020860783624658636,-0.001302220257105868,0.00040124219989918125,-0.00012623061986052084,-0.0006987652698672278,-0.0010298072151470764,-0.0015177855686167182,-0.0006149426589053557,0.00014601708845213352,-0.0023247822424944525,0.0015051041979030448,0.0006643125180730225,-0.0009118174997311513,2.3425262184499358e-5,-0.0011257060928338107,-3.802038117679558e-5,0.0024822954043904385,-0.0005707129504231564,-9.654280985420246e-5,0.0008923978052598319,-0.0010567803762642656,0.00020071339993272695,-0.00012388454856760914,0.00035580616865090635,-0.00043274114688348893,-2.3772941749240442e-5,0.00082359322315318,-0.00020314319062908934,0.0006904795098617328,-5.741559744703277e-5,-0.0014226896041092383,-0.0013358277196771403,0.00015045479770240108,-4.7400290895974626e-5,0.0008910161156617451,0.0013393567024531671,-0.0005707129504231564,0.002548881747439108
