0.017253667478296354,0.005750288347942554,0.002579280021624682,0.006687171338710619,0.006823228357550683,0.004822345476815073,0.004283120116657493,0.0004895136305870218,0.0007370161411576056,0.013451921075637953,0.011305568043677317,0.0038076398590349515,0.0028042519524512826,-0.0003661320777935987,0.006683488815967092,0.0032065782799678435,-0.00032514585507621165,0.0020469601605951964,0.0041383661641390184,0.009358482738285979,0.005750288347942554,0.017493382421163016,0.0006703771413902446,0.008265351547467766,0.007205342511963758,0.005412172072095202,0.008334428959628661,0.00121245069930641,0.001443899541465695,0.016166397921438754,0.008699361100211231,0.005865420279476284,0.00026783163509108574,-0.0010371673539975683,0.01047054584842967,0.003284770628248824,0.0071872074414083345,-0.0020321559566155683,0.0028253111481660745,0.006914303773086786,0.002579280021624682,0.0006703771413902446,0.007383398848480984,0.0010579740288501336,0.002719106648415603,0.0003561230804855046,0.0010455435179467542,0.0020227807479403447,0.0029613618180709456,-0.0010782997965930372,-0.0005058371076753659,0.0006505763550171869,0.00244898847144431,0.0045148319804205195,0.0025479651925449562,0.006415459322544569,0.00382677162369583,0.003719537533965124,0.0018654646851045615,0.0017010763026933425,0.006687171338710619,0.008265351547467766,0.0010579740288501336,0.012899634238662253,0.0045697787877578035,0.00593825469011179,0.00545785415913896,0.0016397234909426776,0.0001508598748592182,0.01577530908824608,0.011752672291911681,0.004426479882948687,-0.0005183903949829019,-0.0004932343947933604,0.007971616251006466,0.0020364173003300816,0.00066686938976187,0.0034896471220578883,0.0031047209230499013,0.009523524994733558,0.006823228357550683,0.007205342511963758,0.002719106648415603,0.0045697787877578035,0.01882830323318986,0.00512145103784438,0.008393574555750034,0.002167609303969824,0.00415525130368714,0.010950317161232941,0.0024457414245535477,0.00023728930584234425,0.004184419092827046,0.007876338999299768,0.009042001037925435,0.007060672466094891,0.00909604324414599,-0.0012557237623181557,0.0020657828014103894,0.007252424322918541,0.004822345476815073,0.005412172072095202,0.0003561230804855046,0.00593825469011179,0.00512145103784438,0.01081228909426674,0.0066377818578614856,0.001656131659018701,0.0013650341287655085,0.010108610011075884,0.00985532839563582,0.007480010849284065,0.000254524088406101,-0.0013477962103981562,0.011797001631193155,0.0010774152110217781,0.0028953450623779406,0.0009176456694497013,0.004083100391635147,0.0038434915562175318,0.004283120116657493,0.008334428959628661,0.0010455435179467542,0.00545785415913896,0.008393574555750034,0.0066377818578614856,0.015098105414085574,0.0015349177958091436,0.004900023620392411,0.01320575295754261,0.005320492296209369,0.0034096657750737544,0.0006764924871803563,0.004369113493669228,0.011452664374455678,0.009101139054274406,0.007760187323738855,0.001022134050911259,0.004365507101157131,0.005173855110985456,0.0004895136305870218,0.00121245069930641,0.0020227807479403447,0.0016397234909426776,0.002167609303969824,0.001656131659018701,0.0015349177958091436,0.004453868509651782,0.002436515229946188,-0.0008689914711922813,-0.0013826222007911398,0.0017804287156252163,-0.0002607710792376065,0.0009684896630061033,0.005206545259075783,0.0030351394006689165,0.003971112285996774,0.002264229429469345,0.0009590063995593185,0.0024918477420171475,0.0007370161411576056,0.001443899541465695,0.0029613618180709456,0.0001508598748592182,0.00415525130368714,0.0013650341287655085,0.004900023620392411,0.002436515229946188,0.007126788760694964,-0.0010082882133008778,-0.0010546294722822286,0.0007376270651060206,0.00043738555601170807,0.004690542598933771,0.005785189568719694,0.008085402705298042,0.005733967385898768,0.0021855875028041916,0.0028282868105852297,0.0006748852966804249,0.013451921075637953,0.016166397921438754,-0.0010782997965930372,0.01577530908824608,0.010950317161232941,0.010108610011075884,0.01320575295754261,-0.0008689914711922813,-0.0010082882133008778,0.04164035665678097,0.02040913534339772,0.007205838242469251,0.0014323914691969598,-0.0029795442218480154,0.011914473792715322,0.0012769717707724602,-0.0001000433610121791,0.0007251719060581476,0.005092278835632088,0.015495176131760142,0.011305568043677317,0.008699361100211231,-0.0005058371076753659,0.011752672291911681,0.0024457414245535477,0.00985532839563582,0.005320492296209369,-0.0013826222007911398,-0.0010546294722822286,0.02040913534339772,0.0364142880977475,0.008309020058264463,-0.0014083184920845838,-0.005438698363612668,0.010967576639245028,0.0013886971803019049,-0.0041252419765122365,0.003311749261607893,0.007026440907734152,0.007174592788065302,0.0038076398590349515,0.005865420279476284,0.0006505763550171869,0.004426479882948687,0.00023728930584234425,0.007480010849284065,0.0034096657750737544,0.0017804287156252163,0.0007376270651060206,0.007205838242469251,0.008309020058264463,0.011966422552666181,-0.0012792385255388052,-0.005018257018284263,0.010735627157445218,-0.0006443041996179988,0.002743793652754065,-4.647215270470119e-5,0.003662954527425222,0.0015795784969962839,0.0028042519524512826,0.00026783163509108574,0.00244898847144431,-0.0005183903949829019,0.004184419092827046,0.000254524088406101,0.0006764924871803563,-0.0002607710792376065,0.00043738555601170807,0.0014323914691969598,-0.0014083184920845838,-0.0012792385255388052,0.006009202253370586,0.002464711013406183,-0.0017638989373840617,0.00016722123755921173,0.0014237971612837898,-0.0007643991895365438,0.00011055150389163151,0.0029077092191661952,-0.0003661320777935987,-0.0010371673539975683,0.0045148319804205195,-0.0004932343947933604,0.007876338999299768,-0.0013477962103981562,0.004369113493669228,0.0009684896630061033,0.004690542598933771,-0.0029795442218480154,-0.005438698363612668,-0.005018257018284263,0.002464711013406183,0.019738623681444335,0.0011097552221438919,0.010970099146130636,0.007347153894401817,0.00196090462547557,0.001029359881792026,0.0013827864070106236,0.006683488815967092,0.01047054584842967,0.0025479651925449562,0.007971616251006466,0.009042001037925435,0.011797001631193155,0.011452664374455678,0.005206545259075783,0.005785189568719694,0.011914473792715322,0.010967576639245028,0.010735627157445218,-0.0017638989373840617,0.0011097552221438919,0.03291214893032296,0.013540479641364494,0.01057120347744871,0.0027093982591999766,0.007803514472673582,0.003599739100617012,0.0032065782799678435,0.003284770628248824,0.006415459322544569,0.0020364173003300816,0.007060672466094891,0.0010774152110217781,0.009101139054274406,0.0030351394006689165,0.008085402705298042,0.0012769717707724602,0.0013886971803019049,-0.0006443041996179988,0.00016722123755921173,0.010970099146130636,0.013540479641364494,0.032403151320046314,0.010164185073883072,0.009070682826076964,0.0051014988909033184,-0.0015611758368423386,-0.00032514585507621165,0.0071872074414083345,0.00382677162369583,0.00066686938976187,0.00909604324414599,0.0028953450623779406,0.007760187323738855,0.003971112285996774,0.005733967385898768,-0.0001000433610121791,-0.0041252419765122365,0.002743793652754065,0.0014237971612837898,0.007347153894401817,0.01057120347744871,0.010164185073883072,0.02004521731715344,-0.0017478876717873777,0.001461118014909215,-0.0005330871946275652,0.0020469601605951964,-0.0020321559566155683,0.003719537533965124,0.0034896471220578883,-0.0012557237623181557,0.0009176456694497013,0.001022134050911259,0.002264229429469345,0.0021855875028041916,0.0007251719060581476,0.003311749261607893,-4.647215270470119e-5,-0.0007643991895365438,0.00196090462547557,0.0027093982591999766,0.009070682826076964,-0.0017478876717873777,0.016073920925280254,0.002318788230321671,0.0025886341700903743,0.0041383661641390184,0.0028253111481660745,0.0018654646851045615,0.0031047209230499013,0.0020657828014103894,0.004083100391635147,0.004365507101157131,0.0009590063995593185,0.0028282868105852297,0.005092278835632088,0.007026440907734152,0.003662954527425222,0.00011055150389163151,0.001029359881792026,0.007803514472673582,0.0051014988909033184,0.001461118014909215,0.002318788230321671,0.005309887150305013,0.0018812937970517684,0.009358482738285979,0.006914303773086786,0.0017010763026933425,0.009523524994733558,0.007252424322918541,0.0038434915562175318,0.005173855110985456,0.0024918477420171475,0.0006748852966804249,0.015495176131760142,0.007174592788065302,0.0015795784969962839,0.0029077092191661952,0.0013827864070106236,0.003599739100617012,-0.0015611758368423386,-0.0005330871946275652,0.0025886341700903743,0.0018812937970517684,0.021842291618079615
0.021900925267830416,-0.0003969497702575393,0.005089896329607536,0.0036717858728735914,0.007666875852160048,0.0030218510789388605,-0.0045053574523010185,-0.00024428813258190016,0.0026751343947514885,0.011835883610250869,-0.003144219023131091,0.003857378916379147,0.002579588354168432,-0.0018646030256799018,0.010355812391910281,0.007923039066002887,0.006456952099368441,-0.0015958061901103365,0.004642372375033439,0.003930111383554186,-0.0003969497702575393,0.015443692561946241,-9.173473574496964e-5,0.002808586130610558,-0.004231156281658046,-0.0014384348090156797,0.0005494498429507466,0.0027672162814953044,0.001810839141809406,-0.004686623858999719,0.0005204010924229352,-0.0026597494890888817,-0.00013663626297128332,0.009265153759179277,-0.00012407361366784626,-0.006743452585396608,-0.008467323219255665,0.0017803005138305706,-0.0011922594007634313,-0.001472915623486496,0.005089896329607536,-9.173473574496964e-5,0.00645771750911396,0.00103980666147778,0.0026934560364634988,0.002372203793335355,-0.0016227347474162559,1.8054420519769384e-5,0.0005719321894771827,0.0039343360084939,0.0002867841858254157,0.0005116268617318049,-0.0003505183962282895,-0.001143678695914006,0.002819684956809712,0.003642479323596119,0.0017768528038189474,-0.0018229420151863601,0.0017823845835982718,0.0026751710242180786,0.0036717858728735914,0.002808586130610558,0.00103980666147778,0.009201120930962198,0.00046606997159817664,0.0017842504317833253,0.001661691393516585,0.002107394546722638,0.0003375990444101938,-0.001519099137593718,0.001809519947772472,-0.002246286950738745,-5.939362511342644e-5,0.0016394426643464122,0.00041670666673031807,0.002047188175201508,0.0004539994649297585,-0.0006880338037027428,0.0008859173176423733,0.0062656684508674496,0.007666875852160048,-0.004231156281658046,0.0026934560364634988,0.00046606997159817664,0.01416994310778184,0.00043064566795592485,-0.00203226079142191,9.9962501195908e-6,0.001192157715530294,0.01059596035721966,0.00278525289508374,0.00391498232010554,0.0039279590452129635,-0.0016864379604691945,0.008016619015537477,0.00509385734248962,0.0062356383422831506,0.00030123485471638826,0.002649785178559862,0.001587960819312958,0.0030218510789388605,-0.0014384348090156797,0.002372203793335355,0.0017842504317833253,0.00043064566795592485,0.007977356095631822,-0.001312684139771506,-0.0013881584968333536,0.0020401238253297204,0.00032373964758710533,0.0008814276709581514,-0.001026133107539073,-0.003116147828875343,-0.0031961482161869358,-0.00552586850138582,0.004044798910333323,0.0031778222802447977,-0.00014720939763508608,0.0007785380711826948,0.0037112189269082113,-0.0045053574523010185,0.0005494498429507466,-0.0016227347474162559,0.001661691393516585,-0.00203226079142191,-0.001312684139771506,0.010024960575509051,0.0034461869809584694,-0.0029996288141131713,-0.0033458893484627703,0.0031162973099543544,-0.0016992597918768057,0.0008532060733433581,0.0019300444511415875,0.0013093124806310167,0.0017089895085379732,0.00018856516978210149,0.0033087208766446894,-0.00040069029357246564,0.0024586899557261076,-0.00024428813258190016,0.0027672162814953044,1.8054420519769384e-5,0.002107394546722638,9.9962501195908e-6,-0.0013881584968333536,0.0034461869809584694,0.006420609397552504,-0.0017713054312696553,-0.0017946621582517709,0.0035207152530896462,-0.00043341732142981534,0.0020751999197986953,0.0037703514799680778,0.0042825550874502575,2.5263806597092806e-5,-0.003030653128213594,0.0004749696043733016,0.0007517224088762183,0.003557037176716912,0.0026751343947514885,0.001810839141809406,0.0005719321894771827,0.0003375990444101938,0.001192157715530294,0.0020401238253297204,-0.0029996288141131713,-0.0017713054312696553,0.005041499925167958,0.0015032970272734504,-0.0004206831256493835,-0.00025995675815661777,-0.00048401232873857616,-0.00013016244722993697,-0.0028761366984510744,-0.0032612965554586868,-0.0005193127871300663,0.00016205530387946107,0.00011399807667812159,-0.0026512422202760746,0.011835883610250869,-0.004686623858999719,0.0039343360084939,-0.001519099137593718,0.01059596035721966,0.00032373964758710533,-0.0033458893484627703,-0.0017946621582517709,0.0015032970272734504,0.027859598007049676,0.0011002229030423975,0.005975825733569501,0.003933851995493487,-0.0061821223268101605,0.011884839320191019,0.003988851890982066,0.011901521779293732,0.0024144914221156458,0.002284422237223714,0.0008648076542865524,-0.003144219023131091,0.0005204010924229352,0.0002867841858254157,0.001809519947772472,0.00278525289508374,0.0008814276709581514,0.0031162973099543544,0.0035207152530896462,-0.0004206831256493835,0.0011002229030423975,0.01848043801034686,-0.001641511201478266,0.0010053482205471173,-3.6026987976436756e-5,-0.002208042153057573,0.0003397426379022888,-0.0012398099671107432,0.003609312331984835,-0.0009096641743247692,0.0022245650930723016,0.003857378916379147,-0.0026597494890888817,0.0005116268617318049,-0.002246286950738745,0.00391498232010554,-0.001026133107539073,-0.0016992597918768057,-0.00043341732142981534,-0.00025995675815661777,0.005975825733569501,-0.001641511201478266,0.007505967002075148,0.003360608068444669,-0.0011897833801461626,0.0062765416441686005,0.0019716042678853676,0.002765728727889882,0.0001414494497937149,0.0014545591500253149,-0.002076337997989071,0.002579588354168432,-0.00013663626297128332,-0.0003505183962282895,-5.939362511342644e-5,0.0039279590452129635,-0.003116147828875343,0.0008532060733433581,0.0020751999197986953,-0.00048401232873857616,0.003933851995493487,0.0010053482205471173,0.003360608068444669,0.007507357180407665,0.001070692743209999,0.010664712530235501,0.0012970850751846986,0.0007909828993254277,-0.0004349814452292146,0.0019713221796013123,-0.0015089927302418989,-0.0018646030256799018,0.009265153759179277,-0.001143678695914006,0.0016394426643464122,-0.0016864379604691945,-0.0031961482161869358,0.0019300444511415875,0.0037703514799680778,-0.00013016244722993697,-0.0061821223268101605,-3.6026987976436756e-5,-0.0011897833801461626,0.001070692743209999,0.01471727416151928,0.00014099963962285582,-0.004733033311417009,-0.007303870537132785,0.0004699648855599458,-0.0009545957442523985,-0.0009892516262254164,0.010355812391910281,-0.00012407361366784626,0.002819684956809712,0.00041670666673031807,0.008016619015537477,-0.00552586850138582,0.0013093124806310167,0.0042825550874502575,-0.0028761366984510744,0.011884839320191019,-0.002208042153057573,0.0062765416441686005,0.010664712530235501,0.00014099963962285582,0.03782220135326794,0.006700440113481557,0.004142938368962628,-0.0022742407445501276,0.005880486788525806,0.0032715517868846843,0.007923039066002887,-0.006743452585396608,0.003642479323596119,0.002047188175201508,0.00509385734248962,0.004044798910333323,0.0017089895085379732,2.5263806597092806e-5,-0.0032612965554586868,0.003988851890982066,0.0003397426379022888,0.0019716042678853676,0.0012970850751846986,-0.004733033311417009,0.006700440113481557,0.025428677204421733,0.0112161642948314,-0.0014647303549114442,0.0034255518145627165,0.007820400980493364,0.006456952099368441,-0.008467323219255665,0.0017768528038189474,0.0004539994649297585,0.0062356383422831506,0.0031778222802447977,0.00018856516978210149,-0.003030653128213594,-0.0005193127871300663,0.011901521779293732,-0.0012398099671107432,0.002765728727889882,0.0007909828993254277,-0.007303870537132785,0.004142938368962628,0.0112161642948314,0.019244949168247878,0.001649015366629791,0.0022277131704571363,0.0041859699088295935,-0.0015958061901103365,0.0017803005138305706,-0.0018229420151863601,-0.0006880338037027428,0.00030123485471638826,-0.00014720939763508608,0.0033087208766446894,0.0004749696043733016,0.00016205530387946107,0.0024144914221156458,0.003609312331984835,0.0001414494497937149,-0.0004349814452292146,0.0004699648855599458,-0.0022742407445501276,-0.0014647303549114442,0.001649015366629791,0.012409664269975593,-0.0012286017651464663,-0.0010415554553513551,0.004642372375033439,-0.0011922594007634313,0.0017823845835982718,0.0008859173176423733,0.002649785178559862,0.0007785380711826948,-0.00040069029357246564,0.0007517224088762183,0.00011399807667812159,0.002284422237223714,-0.0009096641743247692,0.0014545591500253149,0.0019713221796013123,-0.0009545957442523985,0.005880486788525806,0.0034255518145627165,0.0022277131704571363,-0.0012286017651464663,0.004093998952361665,0.0023487024984563186,0.003930111383554186,-0.001472915623486496,0.0026751710242180786,0.0062656684508674496,0.001587960819312958,0.0037112189269082113,0.0024586899557261076,0.003557037176716912,-0.0026512422202760746,0.0008648076542865524,0.0022245650930723016,-0.002076337997989071,-0.0015089927302418989,-0.0009892516262254164,0.0032715517868846843,0.007820400980493364,0.0041859699088295935,-0.0010415554553513551,0.0023487024984563186,0.02277386372814605
0.01348095838223172,0.0023649138111480205,-0.0009689716725543627,-0.0012585710021481619,-0.0013811378266650385,0.0006472463795606276,0.002001871937498412,0.0010830992752871253,0.00045768460229322536,-0.002136548588355068,0.0024157557515054853,-2.404085134633622e-6,-5.233857485607794e-5,0.0017371587541034018,0.0019111888737834972,0.0013310137992758948,0.0028323930954827336,-0.0015659212405317946,-0.0005943250828409856,0.0012395887995445187,0.0023649138111480205,0.012849802971491572,-0.001441955145372416,-0.00032795976087691644,0.003805992190175944,0.0016597086671837637,-5.4450024448475574e-5,0.00210794809204826,0.0008008521020281541,-0.0009688865448194434,0.0012082311853092297,0.0021103190692789075,-0.0005699868497871421,-0.003035232226279058,-0.006402306732096895,0.007568476200820911,-0.0013429393391636113,-0.0004831372503829595,-0.0020185790609047053,0.004686695446450482,-0.0009689716725543627,-0.001441955145372416,0.0072259062829647894,-0.00037226108214114044,0.0024538395419316027,0.00011643544790090654,-0.0014695198377984238,-0.00023366388965805572,-0.0005308857800531557,0.002036456159959059,0.0014976342251731578,-0.000988362089137499,0.00015802328361279116,0.00042473639981770487,0.005700659275325048,-0.0024694039376460903,-0.00013585304228428611,0.0005199471004720804,0.000884538865523293,-2.334886677407139e-5,-0.0012585710021481619,-0.00032795976087691644,-0.00037226108214114044,0.006633747555082492,0.0006528191537102284,-0.00037828732429687185,0.0013261516789867115,-0.0002976516360127091,0.0012723368217463493,-0.0008608994171379536,0.002772772201647607,0.000615283031791294,0.0007727369255177452,0.003371979852552191,1.0620696808694326e-5,0.0007772156728521572,0.001199057174933578,0.00048390375314567554,0.0014164519875151712,-0.0011410377760226087,-0.0013811378266650385,0.003805992190175944,0.0024538395419316027,0.0006528191537102284,0.018376079338721638,-0.0005945336680146024,-0.002831473750606264,0.0020352548993069477,-0.003080133109610925,0.003872332657996162,0.003147378231853996,-0.0004987327324745523,-0.002040586025158464,-0.002150465161186638,0.005000820877108181,0.006003910260720776,-0.0008640857630656878,0.002892693683333226,0.0014325693724049852,0.007489993677365886,0.0006472463795606276,0.0016597086671837637,0.00011643544790090654,-0.00037828732429687185,-0.0005945336680146024,0.004471542381369056,-0.0008234817891665481,0.001207615325754021,-0.0003849277783476083,0.00030145093677951635,-0.00038462209548502293,0.00037990053785287413,-0.00010714519906908419,0.0007159746692517786,-0.0008085610692685228,0.0005446109636821422,-0.00045667578165774106,0.0022281610613007143,0.00011245968582089633,-0.0005403630224686499,0.002001871937498412,-5.4450024448475574e-5,-0.0014695198377984238,0.0013261516789867115,-0.002831473750606264,-0.0008234817891665481,0.016825973240582905,-0.003525295845569161,-0.0007708612564033384,-0.004043957570671694,0.0012568627237280537,-0.0016083953101958565,0.0005658149995855187,0.005235138713058857,-0.007487161077322226,-0.012340530207836414,-0.00437251750313484,-0.002294286570945719,-0.0008672757073314432,0.003072192086863533,0.0010830992752871253,0.00210794809204826,-0.00023366388965805572,-0.0002976516360127091,0.0020352548993069477,0.001207615325754021,-0.003525295845569161,0.006080702055320712,0.0009982720008579772,0.002331839440781275,-0.0007455980326151169,0.0008071233845425526,-0.0015788335092502934,0.0014853873860522465,0.003231587175852449,0.008472438464264298,0.0024763078216908296,0.0032553184182906154,0.0006024529718150481,0.001484745783822075,0.00045768460229322536,0.0008008521020281541,-0.0005308857800531557,0.0012723368217463493,-0.003080133109610925,-0.0003849277783476083,-0.0007708612564033384,0.0009982720008579772,0.007008179564808605,0.0006320742136493968,-0.00019981670856831487,0.0023381876454674952,0.0017454087509493012,0.00041642408344317244,-0.0013867490788671243,0.0033385010033981817,0.003149064180910038,-0.0015978475862971455,-0.0004423401467268641,-0.0023883088534094083,-0.002136548588355068,-0.0009688865448194434,0.002036456159959059,-0.0008608994171379536,0.003872332657996162,0.00030145093677951635,-0.004043957570671694,0.002331839440781275,0.0006320742136493968,0.01512127239149529,-0.002200347553759545,0.0015965224220936417,-0.00048226287755723436,-0.0005013334623558369,0.008527455074497066,0.008932246048425765,0.0020085162893289056,0.003232983570805063,0.0008086670053801785,-0.000515931613195251,0.0024157557515054853,0.0012082311853092297,0.0014976342251731578,0.002772772201647607,0.003147378231853996,-0.00038462209548502293,0.0012568627237280537,-0.0007455980326151169,-0.00019981670856831487,-0.002200347553759545,0.017934104884204327,-0.001430198459761747,0.000715786088385494,0.003208686042278728,0.004713603811586864,-0.004485604795735143,0.0014051567373275446,-0.0011856886271312444,0.001713916904842,0.0008016904649504062,-2.404085134633622e-6,0.0021103190692789075,-0.000988362089137499,0.000615283031791294,-0.0004987327324745523,0.00037990053785287413,-0.0016083953101958565,0.0008071233845425526,0.0023381876454674952,0.0015965224220936417,-0.001430198459761747,0.006808536855394185,0.00045690604141962866,-0.00027251642274160224,-0.00048018965924000504,0.007428616242291001,-0.00010464637610827372,-0.00022615461259477927,-0.0013897131658132593,-0.0017966552245025661,-5.233857485607794e-5,-0.0005699868497871421,0.00015802328361279116,0.0007727369255177452,-0.002040586025158464,-0.00010714519906908419,0.0005658149995855187,-0.0015788335092502934,0.0017454087509493012,-0.00048226287755723436,0.000715786088385494,0.00045690604141962866,0.004190895596642436,-0.0005332382654221572,-0.0008220013785113806,-0.0009789186361564286,0.000521339340834308,-0.000687601948848104,-1.5422215860408828e-5,-0.001252243900294417,0.0017371587541034018,-0.003035232226279058,0.00042473639981770487,0.003371979852552191,-0.002150465161186638,0.0007159746692517786,0.005235138713058857,0.0014853873860522465,0.00041642408344317244,-0.0005013334623558369,0.003208686042278728,-0.00027251642274160224,-0.0005332382654221572,0.01656360114059377,0.006585538783429359,-0.00442520879466461,0.0019494920419233905,0.005057787420137413,0.0033794582489007083,-0.0029419856421241163,0.0019111888737834972,-0.006402306732096895,0.005700659275325048,1.0620696808694326e-5,0.005000820877108181,-0.0008085610692685228,-0.007487161077322226,0.003231587175852449,-0.0013867490788671243,0.008527455074497066,0.004713603811586864,-0.00048018965924000504,-0.0008220013785113806,0.006585538783429359,0.030285905876368653,0.004997883680810151,0.005171253610839294,0.007234722619219213,0.004051121428874888,-0.004927333660153785,0.0013310137992758948,0.007568476200820911,-0.0024694039376460903,0.0007772156728521572,0.006003910260720776,0.0005446109636821422,-0.012340530207836414,0.008472438464264298,0.0033385010033981817,0.008932246048425765,-0.004485604795735143,0.007428616242291001,-0.0009789186361564286,-0.00442520879466461,0.004997883680810151,0.04483144368185805,0.003354908753093175,0.0023928758570279933,-0.0018627168260393948,0.0038948359388326984,0.0028323930954827336,-0.0013429393391636113,-0.00013585304228428611,0.001199057174933578,-0.0008640857630656878,-0.00045667578165774106,-0.00437251750313484,0.0024763078216908296,0.003149064180910038,0.0020085162893289056,0.0014051567373275446,-0.00010464637610827372,0.000521339340834308,0.0019494920419233905,0.005171253610839294,0.003354908753093175,0.01184887793475506,0.000908773914281722,0.0014577913756031705,-0.0032244204248068125,-0.0015659212405317946,-0.0004831372503829595,0.0005199471004720804,0.00048390375314567554,0.002892693683333226,0.0022281610613007143,-0.002294286570945719,0.0032553184182906154,-0.0015978475862971455,0.003232983570805063,-0.0011856886271312444,-0.00022615461259477927,-0.000687601948848104,0.005057787420137413,0.007234722619219213,0.0023928758570279933,0.000908773914281722,0.01537438028924466,0.002726348245887668,-0.0012791175626767062,-0.0005943250828409856,-0.0020185790609047053,0.000884538865523293,0.0014164519875151712,0.0014325693724049852,0.00011245968582089633,-0.0008672757073314432,0.0006024529718150481,-0.0004423401467268641,0.0008086670053801785,0.001713916904842,-0.0013897131658132593,-1.5422215860408828e-5,0.0033794582489007083,0.004051121428874888,-0.0018627168260393948,0.0014577913756031705,0.002726348245887668,0.0031910077826010188,-0.0011763158091335011,0.0012395887995445187,0.004686695446450482,-2.334886677407139e-5,-0.0011410377760226087,0.007489993677365886,-0.0005403630224686499,0.003072192086863533,0.001484745783822075,-0.0023883088534094083,-0.000515931613195251,0.0008016904649504062,-0.0017966552245025661,-0.001252243900294417,-0.0029419856421241163,-0.004927333660153785,0.0038948359388326984,-0.0032244204248068125,-0.0012791175626767062,-0.0011763158091335011,0.018581118428171107
