0.021161556921432817,0.005158091790214512,-0.0009849417658422412,0.004834755584963079,0.0035632216778651265,0.00023553281906780001,0.008129783498892547,0.0009508820861547857,0.001860924083237053,0.004131402622833841,0.0050177685676907535,0.004187004431610774,0.002711342841316832,0.0018934036194690777,0.005203785301832875,-0.002037930394621971,0.002512143999173177,0.001166473679410277,0.0016163587943276271,0.009332770422710013,0.005158091790214512,0.02006047224530178,-0.0007008752337590233,0.0006235014170696477,0.0033663249236024796,-0.00013119627562479695,-0.019936849394519836,0.0020813289549082696,0.0026448994127714317,-0.004088067638392299,0.006743253061707024,0.0020085446966911663,-0.003048724081571093,-0.0001598652073668736,0.003936499350632144,-0.0027889772517356044,0.0010681690714971566,0.0026800472139877794,0.002214207044401424,0.014356906037534476,-0.0009849417658422412,-0.0007008752337590233,0.0036635577775894347,-0.00042950271804633534,-0.00039932276417349957,0.000107747050427783,0.0045176949547916425,0.0010707493041696298,-0.001930289700268626,4.339894728973874e-5,0.0013842295169797002,2.0945617123138043e-5,0.0027708825746118855,-0.0014362991901304245,-0.0011269347958937866,-0.0003834572747897798,-0.00133925267920308,-0.0008604651420183662,0.0008372004171877234,0.002037048245454731,0.004834755584963079,0.0006235014170696477,-0.00042950271804633534,0.00913329182676689,0.0029659989589137957,0.0028823235070625187,0.00238849740714034,0.00193488741738005,0.00400927049557178,0.000698961230563349,0.002569420047103656,0.0024254305801308545,1.9890351794005657e-5,0.0029719586695746304,0.0029132456777337277,0.0005703113421060952,0.0030743419586248986,0.0013493582457068222,0.00739961437428273,0.008285651211506234,0.0035632216778651265,0.0033663249236024796,-0.00039932276417349957,0.0029659989589137957,0.006842392838500739,-0.00033773292416612653,-0.0056228705185032484,3.0505597972842256e-5,0.004937385710990351,-0.0024930805481213573,0.0030772444710253444,0.0009683441312791294,0.0002665760524623443,-0.0013472872678697658,0.005123819224853398,0.0017336115600188704,0.0011243555205846638,0.0019499484751523983,0.00458212828140131,0.009792419973052448,0.00023553281906780001,-0.00013119627562479695,0.000107747050427783,0.0028823235070625187,-0.00033773292416612653,0.00424609264591631,0.00442791650620759,0.001342127144565072,0.001954745172165304,0.001904618872152524,0.0029502895651761876,0.0010837353820962107,0.00020263104753167564,0.0024187635357517476,-0.00036852630845288334,-0.0006685410920637238,0.0009654950925975941,9.519306115205383e-5,0.003410704385347206,0.0028036916155541247,0.008129783498892547,-0.019936849394519836,0.0045176949547916425,0.00238849740714034,-0.0056228705185032484,0.00442791650620759,0.10429294358029981,-0.0009401552222917018,-0.00852838489284339,0.01909697995768879,-0.008963829184605573,0.007898088388518531,0.01631390582698479,-0.0024790181924254848,-0.0042831644723683344,-0.002382596295070854,-0.003162775813608283,-0.0062743778514239385,-0.008869605543112214,-0.016730424346510772,0.0009508820861547857,0.0020813289549082696,0.0010707493041696298,0.00193488741738005,3.0505597972842256e-5,0.001342127144565072,-0.0009401552222917018,0.004970243954413678,0.0011237751423033649,0.00033949323614077047,0.004276092651217757,0.0023720149777543328,-0.0011878359931308236,0.0020671782428816916,0.0017242228618470196,-0.0017272235276217915,0.0005860344201939947,0.0006431239475025528,0.004815275256870111,0.0077626423486591815,0.001860924083237053,0.0026448994127714317,-0.001930289700268626,0.00400927049557178,0.004937385710990351,0.001954745172165304,-0.00852838489284339,0.0011237751423033649,0.012915868550295105,-0.0026065731079285845,0.005408140088893562,0.0011096739813549882,-0.0027768377365785715,0.001537273821625863,0.003849571061082584,0.0012929844436563353,0.0018830188762285838,0.0031034606271130587,0.007232332323345664,0.00949452277154547,0.004131402622833841,-0.004088067638392299,4.339894728973874e-5,0.000698961230563349,-0.0024930805481213573,0.001904618872152524,0.01909697995768879,0.00033949323614077047,-0.0026065731079285845,0.013177860314655954,0.0003416540640785499,0.00108250795287552,0.0021806463028632246,0.00014233430287025192,-0.0011405009150161646,0.00043233590344238953,0.00046796633805941,-0.002902202860279909,-0.00254137430975215,-0.006002504606744655,0.0050177685676907535,0.006743253061707024,0.0013842295169797002,0.002569420047103656,0.0030772444710253444,0.0029502895651761876,-0.008963829184605573,0.004276092651217757,0.005408140088893562,0.0003416540640785499,0.031773878142585726,0.006836638309599054,-0.0012901488654264962,0.010653002573657854,0.007758258415605861,-0.0028990041321219078,0.00353964775200514,0.0022692985638343515,0.007087460568390882,0.014734239738906007,0.004187004431610774,0.0020085446966911663,2.0945617123138043e-5,0.0024254305801308545,0.0009683441312791294,0.0010837353820962107,0.007898088388518531,0.0023720149777543328,0.0011096739813549882,0.00108250795287552,0.006836638309599054,0.01307201755091145,0.0011652118183293246,0.002232179009144105,0.005050543852542263,-0.0017219040614082789,0.001756836210001687,0.0011254982120667415,0.002147078616121248,0.007405063258170199,0.002711342841316832,-0.003048724081571093,0.0027708825746118855,1.9890351794005657e-5,0.0002665760524623443,0.00020263104753167564,0.01631390582698479,-0.0011878359931308236,-0.0027768377365785715,0.0021806463028632246,-0.0012901488654264962,0.0011652118183293246,0.018119700198290012,-0.005680414126798442,0.0005688332269456184,0.004600809863823182,-0.0012441159793430078,-0.0017423308156836125,-0.0012598058203471965,-0.0018020619536468206,0.0018934036194690777,-0.0001598652073668736,-0.0014362991901304245,0.0029719586695746304,-0.0013472872678697658,0.0024187635357517476,-0.0024790181924254848,0.0020671782428816916,0.001537273821625863,0.00014233430287025192,0.010653002573657854,0.002232179009144105,-0.005680414126798442,0.022555186854233463,0.003499131250500658,-0.0011648810920791368,0.004120819835203279,0.00224430424892925,0.006364736322191878,-0.001345565500692216,0.005203785301832875,0.003936499350632144,-0.0011269347958937866,0.0029132456777337277,0.005123819224853398,-0.00036852630845288334,-0.0042831644723683344,0.0017242228618470196,0.003849571061082584,-0.0011405009150161646,0.007758258415605861,0.005050543852542263,0.0005688332269456184,0.003499131250500658,0.012052340413115281,0.0008772314411689621,0.0022651590285103756,0.0024998120380584437,0.00506538210185588,0.01139812648598687,-0.002037930394621971,-0.0027889772517356044,-0.0003834572747897798,0.0005703113421060952,0.0017336115600188704,-0.0006685410920637238,-0.002382596295070854,-0.0017272235276217915,0.0012929844436563353,0.00043233590344238953,-0.0028990041321219078,-0.0017219040614082789,0.004600809863823182,-0.0011648810920791368,0.0008772314411689621,0.019187599697129562,0.0002540159518176212,0.00040440764144156546,0.0015548948443839996,-0.004699754486652857,0.002512143999173177,0.0010681690714971566,-0.00133925267920308,0.0030743419586248986,0.0011243555205846638,0.0009654950925975941,-0.003162775813608283,0.0005860344201939947,0.0018830188762285838,0.00046796633805941,0.00353964775200514,0.001756836210001687,-0.0012441159793430078,0.004120819835203279,0.0022651590285103756,0.0002540159518176212,0.0072350701133795095,0.001289428835517387,0.0023403884127021824,0.002110337510545206,0.001166473679410277,0.0026800472139877794,-0.0008604651420183662,0.0013493582457068222,0.0019499484751523983,9.519306115205383e-5,-0.0062743778514239385,0.0006431239475025528,0.0031034606271130587,-0.002902202860279909,0.0022692985638343515,0.0011254982120667415,-0.0017423308156836125,0.00224430424892925,0.0024998120380584437,0.00040440764144156546,0.001289428835517387,0.0031357226394803065,0.0030913233933012392,0.004651237742285465,0.0016163587943276271,0.002214207044401424,0.0008372004171877234,0.00739961437428273,0.00458212828140131,0.003410704385347206,-0.008869605543112214,0.004815275256870111,0.007232332323345664,-0.00254137430975215,0.007087460568390882,0.002147078616121248,-0.0012598058203471965,0.006364736322191878,0.00506538210185588,0.0015548948443839996,0.0023403884127021824,0.0030913233933012392,0.024861795515044235,0.014598707034538003,0.009332770422710013,0.014356906037534476,0.002037048245454731,0.008285651211506234,0.009792419973052448,0.0028036916155541247,-0.016730424346510772,0.0077626423486591815,0.00949452277154547,-0.006002504606744655,0.014734239738906007,0.007405063258170199,-0.0018020619536468206,-0.001345565500692216,0.01139812648598687,-0.004699754486652857,0.002110337510545206,0.004651237742285465,0.014598707034538003,0.05674911280239328
0.021552087409383885,0.016603047504918686,0.004105838425255323,-0.003161387121890637,0.0008063455707187888,0.005161444782571405,0.002109746215148101,-0.003978681904873164,0.004917482847171625,-0.0036138090152906545,-0.0016368215410863442,0.00840994678824077,-0.00569926711927666,0.015904945132152726,0.00728458753378881,0.007748148358388143,-0.0007944603948171331,0.004294840835631076,0.0038965992670793956,0.0025166465700759222,0.016603047504918686,0.04305531268937676,0.005403364158910295,-0.003027635348905391,0.001976028442595661,0.005051535586274988,-0.0008070179901928827,-0.0049416632562588715,0.007103131565496806,-0.00829529327411085,0.00012151298792689789,0.010275169453638877,-0.010761211516280875,0.023334308278017156,0.008698534789056165,0.009337722820279878,-0.0028307047116027375,0.0032137855495234136,-0.0006460723909905545,-0.004116926115733068,0.004105838425255323,0.005403364158910295,0.004458292741989105,-0.0012016681851109347,0.0018794179944183395,0.0011426966409223195,0.001665763074310351,0.00018807700333497174,0.0018599768950961046,0.0019233287181959248,0.0010512991640313353,0.0017328054177204837,-0.0006697373200693773,0.0066835163006872325,0.0010282976061997177,0.001399534888933505,-0.0007834008114122604,0.001971590284261863,-0.0011745532703536328,0.005924594154612938,-0.003161387121890637,-0.003027635348905391,-0.0012016681851109347,0.005911973620857586,-0.001083471864248058,-0.0022790266203282132,0.004004232390083948,0.0020475572953393356,0.000611756543069475,1.330509500486083e-5,0.0005314592589780522,-0.003885793355188894,0.0024516458372635273,-0.00200502522642328,0.00030944920857852706,-0.00038765400509017326,0.004090265662303288,-0.0017663302809335295,-0.0024582631607346266,-0.002309743991763198,0.0008063455707187888,0.001976028442595661,0.0018794179944183395,-0.001083471864248058,0.0039793476314883905,0.00012928050004467587,0.002871576934064944,0.0013837971659878643,0.001649092604885943,0.0017794250780797292,0.0021146263909252597,0.0005774577916865073,0.0013123329592812957,0.004332043566671321,0.000790114868707385,8.850855636191577e-5,-0.0012994546088290581,0.0015110441439310056,-0.0010232109132016685,0.005562577774611235,0.005161444782571405,0.005051535586274988,0.0011426966409223195,-0.0022790266203282132,0.00012928050004467587,0.006138434969819564,-0.0029992994750705254,-0.003441863203183817,-0.001400382535242183,-0.002772367425604959,-0.0028493606599194602,0.006042582573152859,-0.0045807786544112775,2.426084175227803e-6,0.0022349142349514083,0.0007242512974421202,-0.00407192356349651,0.0019906911921792857,0.0007334102959835175,-0.0029042438192226697,0.002109746215148101,-0.0008070179901928827,0.001665763074310351,0.004004232390083948,0.002871576934064944,-0.0029992994750705254,0.058756290843922,0.0019874285194393638,0.008629783865103834,0.002691142962120899,0.006470926879553782,-0.012567617013095504,0.008587635735695171,0.0038110008484866344,0.004337235211323152,-0.004102024651388072,0.012794095885437715,-0.002307078385489149,-0.0012581698963742083,0.0015391613807848935,-0.003978681904873164,-0.0049416632562588715,0.00018807700333497174,0.0020475572953393356,0.0013837971659878643,-0.003441863203183817,0.0019874285194393638,0.007448186675322612,0.00023577405314285775,0.004006850043264157,0.0021662117259763705,-0.005347428218199319,0.005775707941188498,-0.0005944942355192101,-0.0020926755970909904,-0.0006580375601480517,0.0024649523047787195,-0.0011337669378255401,-0.005128676327681762,0.003257081383373016,0.004917482847171625,0.007103131565496806,0.0018599768950961046,0.000611756543069475,0.001649092604885943,-0.001400382535242183,0.008629783865103834,0.00023577405314285775,0.01392672637616671,0.0005894944081774178,0.0022102102969930345,0.0005026519831879004,0.0026421656917954284,0.009701604717556305,0.004231191338187949,0.006536906270564798,0.0016694900180059548,0.0007364003032686225,-0.002356624977206953,0.004057564050483962,-0.0036138090152906545,-0.00829529327411085,0.0019233287181959248,1.330509500486083e-5,0.0017794250780797292,-0.002772367425604959,0.002691142962120899,0.004006850043264157,0.0005894944081774178,0.011823073516610865,0.0035334176834838148,-0.004894554735517057,0.006422950302596981,0.0020055155459356485,-0.0034690618761967686,-0.0011878102258931413,0.0011782359001408867,0.0003111093135736463,-0.002070649870312722,0.008382030588648892,-0.0016368215410863442,0.00012151298792689789,0.0010512991640313353,0.0005314592589780522,0.0021146263909252597,-0.0028493606599194602,0.006470926879553782,0.0021662117259763705,0.0022102102969930345,0.0035334176834838148,0.02087201707092461,-0.0036104975427421688,0.0026058880940491207,0.0028483439348748374,0.0008204780606482982,0.00016874243903434048,-0.0015423643078913613,0.0005142336563126013,0.0006388099081505607,0.006543469387636374,0.00840994678824077,0.010275169453638877,0.0017328054177204837,-0.003885793355188894,0.0005774577916865073,0.006042582573152859,-0.012567617013095504,-0.005347428218199319,0.0005026519831879004,-0.004894554735517057,-0.0036104975427421688,0.018264934142978813,-0.005799242036400087,0.0029808440267231574,0.003036809085325655,0.007032693360114372,-0.006836861024976025,0.003817475723828659,0.0014080014724580899,0.0012347452860802643,-0.00569926711927666,-0.010761211516280875,-0.0006697373200693773,0.0024516458372635273,0.0013123329592812957,-0.0045807786544112775,0.008587635735695171,0.005775707941188498,0.0026421656917954284,0.006422950302596981,0.0026058880940491207,-0.005799242036400087,0.017938071392784107,-0.0027798110143564467,-0.002483545443058139,0.0014965124011998006,0.0015667541593811227,-0.00044819064664282674,-0.004690824151067619,0.005791854607339496,0.015904945132152726,0.023334308278017156,0.0066835163006872325,-0.00200502522642328,0.004332043566671321,2.426084175227803e-6,0.0038110008484866344,-0.0005944942355192101,0.009701604717556305,0.0020055155459356485,0.0028483439348748374,0.0029808440267231574,-0.0027798110143564467,0.040339479196076736,0.00404706993937721,0.009465592349776897,0.005644532600933857,0.004198415591245976,0.0037963337164313264,0.01400808600041472,0.00728458753378881,0.008698534789056165,0.0010282976061997177,0.00030944920857852706,0.000790114868707385,0.0022349142349514083,0.004337235211323152,-0.0020926755970909904,0.004231191338187949,-0.0034690618761967686,0.0008204780606482982,0.003036809085325655,-0.002483545443058139,0.00404706993937721,0.013502988693889158,0.0038637450676931332,0.00015705197945367491,0.0013673186484667028,0.001976693492421792,-0.0032128358105211353,0.007748148358388143,0.009337722820279878,0.001399534888933505,-0.00038765400509017326,8.850855636191577e-5,0.0007242512974421202,-0.004102024651388072,-0.0006580375601480517,0.006536906270564798,-0.0011878102258931413,0.00016874243903434048,0.007032693360114372,0.0014965124011998006,0.009465592349776897,0.0038637450676931332,0.025317435402392625,-0.0032355565714843743,0.001366450128889164,-0.003058282094908712,0.00739006672207157,-0.0007944603948171331,-0.0028307047116027375,-0.0007834008114122604,0.004090265662303288,-0.0012994546088290581,-0.00407192356349651,0.012794095885437715,0.0024649523047787195,0.0016694900180059548,0.0011782359001408867,-0.0015423643078913613,-0.006836861024976025,0.0015667541593811227,0.005644532600933857,0.00015705197945367491,-0.0032355565714843743,0.019746352448465967,-0.003969150634856359,0.0023607347601679865,-0.0005779802405416774,0.004294840835631076,0.0032137855495234136,0.001971590284261863,-0.0017663302809335295,0.0015110441439310056,0.0019906911921792857,-0.002307078385489149,-0.0011337669378255401,0.0007364003032686225,0.0003111093135736463,0.0005142336563126013,0.003817475723828659,-0.00044819064664282674,0.004198415591245976,0.0013673186484667028,0.001366450128889164,-0.003969150634856359,0.003718630054301238,0.0010042396916605592,0.003572331934541711,0.0038965992670793956,-0.0006460723909905545,-0.0011745532703536328,-0.0024582631607346266,-0.0010232109132016685,0.0007334102959835175,-0.0012581698963742083,-0.005128676327681762,-0.002356624977206953,-0.002070649870312722,0.0006388099081505607,0.0014080014724580899,-0.004690824151067619,0.0037963337164313264,0.001976693492421792,-0.003058282094908712,0.0023607347601679865,0.0010042396916605592,0.022906825824783084,0.0047225228925829275,0.0025166465700759222,-0.004116926115733068,0.005924594154612938,-0.002309743991763198,0.005562577774611235,-0.0029042438192226697,0.0015391613807848935,0.003257081383373016,0.004057564050483962,0.008382030588648892,0.006543469387636374,0.0012347452860802643,0.005791854607339496,0.01400808600041472,-0.0032128358105211353,0.00739006672207157,-0.0005779802405416774,0.003572331934541711,0.0047225228925829275,0.04653643275928204
0.019027326453586,0.0055042223307399055,0.0009950571677792921,-0.008000024264724334,-0.0003367504104413701,0.002039340844361361,0.012438455584763617,-0.00021369965444342093,-0.0011389465533075903,-0.003751367250541626,-0.008837580049253906,-0.001471743865830536,-0.0004476439035002999,-0.0018644329436337307,-0.007316223895648344,0.00449825851796918,0.004501517296507319,0.0007044500296319538,-0.003082419848604243,0.008042409144136956,0.0055042223307399055,0.02386008527544741,0.00022246315678258475,0.0018659284730333384,0.0013338247288523274,0.0022015913143140936,0.018507316996400992,-0.0014877052400995708,0.0035670657335807937,0.004679539612989961,0.011715542928521252,0.0008667057347042204,0.007400573442770956,-0.0016308258296731859,0.0011308872652868308,0.012218246773902007,0.0054780015375295145,0.0021459062884199172,0.005410557520967244,0.010443365653376478,0.0009950571677792921,0.00022246315678258475,0.002588227660905747,-0.0008795794401694425,0.0008881948561350224,0.0006360552843975454,0.004072138349057775,0.00013800288648490493,7.070408533949469e-5,0.0008406612721932867,0.0021789995827941936,0.0018125334554688001,0.0018274223067875008,0.0019781687756089145,0.0014823902045441018,0.003760799135175812,0.0010321472553199498,0.0014267814502974098,0.005080079422814779,0.001650147511063883,-0.008000024264724334,0.0018659284730333384,-0.0008795794401694425,0.018669657103450737,0.00119267737905281,0.0009338382283920546,-0.010314654958257197,0.002801353436828633,0.006613509103390727,0.012550495380165191,0.01347369298499711,0.005096103907341932,0.001105298638196881,0.0021160563787003084,0.009884698093986507,-0.00510885788231624,-0.001787257320197018,-0.0009238787184249423,0.005116902690481686,-0.00310270471018815,-0.0003367504104413701,0.0013338247288523274,0.0008881948561350224,0.00119267737905281,0.00605910822722548,0.0014513368325912036,0.0028512051712686255,0.002287163652776459,-0.0007471697140501515,0.004818798962840036,0.009199347933893378,0.006150167326902035,0.005314092562580559,0.00466395501434859,0.004112528592744097,0.006230805884689909,0.0001323405078411725,0.0010448658500685302,0.009651977599817,0.0005060234217112286,0.002039340844361361,0.0022015913143140936,0.0006360552843975454,0.0009338382283920546,0.0014513368325912036,0.0049060486025549535,0.0011523028334337994,0.0005413694805948457,0.00302417072476805,0.004104918177362317,0.004093439507775257,0.0014253393708523812,0.0029596793421981064,-0.002450540803316655,-0.00030949931768349255,0.0032410213086420205,0.001884658370377666,0.0015035371064855189,0.005016272180159632,0.005550168465040514,0.012438455584763617,0.018507316996400992,0.004072138349057775,-0.010314654958257197,0.0028512051712686255,0.0011523028334337994,0.06378619698173157,-0.0013350843774642953,-0.0007504316668294053,-0.0040943003878991,0.008165840061269209,0.004234817451630501,0.013156857882520311,0.010557982600817063,0.001099087161300043,0.023944211608575294,0.010737160684885953,0.00574124743022106,0.014192230122507681,0.01518992736421877,-0.00021369965444342093,-0.0014877052400995708,0.00013800288648490493,0.002801353436828633,0.002287163652776459,0.0005413694805948457,-0.0013350843774642953,0.0054823409023362114,0.0016745936318038595,0.0027879981124776247,0.005411141391880178,0.005466726455385586,0.0042502958981046,0.00789359953484427,0.006052328062261608,0.0008464432281219774,-0.0016074241229105518,-0.00042965657746510063,0.004371554208764508,-0.002503690589244939,-0.0011389465533075903,0.0035670657335807937,7.070408533949469e-5,0.006613509103390727,-0.0007471697140501515,0.00302417072476805,-0.0007504316668294053,0.0016745936318038595,0.01556150070123229,0.008808627408749638,0.005097289462208526,0.00214336080082518,0.005229302086527124,-0.00188720977852468,0.004215212808482837,0.0026218069107245808,0.0027339369133846723,0.0024583583043965756,0.002645312344555495,0.005167810916223668,-0.003751367250541626,0.004679539612989961,0.0008406612721932867,0.012550495380165191,0.004818798962840036,0.004104918177362317,-0.0040943003878991,0.0027879981124776247,0.008808627408749638,0.02229749000237738,0.017653319409185995,0.011037780804737569,0.011677749996100318,0.00394052595449836,0.011514143275924597,0.006342136681259982,-0.0011176134138764912,0.00302407154020365,0.016162647683722345,0.008333891908047654,-0.008837580049253906,0.011715542928521252,0.0021789995827941936,0.01347369298499711,0.009199347933893378,0.004093439507775257,0.008165840061269209,0.005411141391880178,0.005097289462208526,0.017653319409185995,0.06491939155075696,0.012224704455879355,0.02412774889259392,0.01537480767712628,0.022313127886215693,0.021263915702367776,-0.0004604406377184284,0.003716329525841163,0.03651694234266065,0.0010884656288729705,-0.001471743865830536,0.0008667057347042204,0.0018125334554688001,0.005096103907341932,0.006150167326902035,0.0014253393708523812,0.004234817451630501,0.005466726455385586,0.00214336080082518,0.011037780804737569,0.012224704455879355,0.02120678179486532,0.01251747468430313,0.017005671757219173,0.014659727973756647,0.008074310489345883,-0.002426768024874209,0.0014903337542339027,0.016476634264943845,0.002146359789259246,-0.0004476439035002999,0.007400573442770956,0.0018274223067875008,0.001105298638196881,0.005314092562580559,0.0029596793421981064,0.013156857882520311,0.0042502958981046,0.005229302086527124,0.011677749996100318,0.02412774889259392,0.01251747468430313,0.029383036339419417,0.01730126362415685,0.01293317590146742,0.021050812568827543,-3.618185058206153e-5,0.004798672662750622,0.017184639768797756,0.010310774769964295,-0.0018644329436337307,-0.0016308258296731859,0.0019781687756089145,0.0021160563787003084,0.00466395501434859,-0.002450540803316655,0.010557982600817063,0.00789359953484427,-0.00188720977852468,0.00394052595449836,0.01537480767712628,0.017005671757219173,0.01730126362415685,0.0379172898249473,0.020771581458333643,0.014218772293603646,-0.006878566523582774,0.0006612790813835972,0.016023524421451905,-0.00530907074961881,-0.007316223895648344,0.0011308872652868308,0.0014823902045441018,0.009884698093986507,0.004112528592744097,-0.00030949931768349255,0.001099087161300043,0.006052328062261608,0.004215212808482837,0.011514143275924597,0.022313127886215693,0.014659727973756647,0.01293317590146742,0.020771581458333643,0.0261221192260392,0.009421656095047075,-0.004479789296034121,0.0013145898631680597,0.01825527936884938,-0.004411672956936102,0.00449825851796918,0.012218246773902007,0.003760799135175812,-0.00510885788231624,0.006230805884689909,0.0032410213086420205,0.023944211608575294,0.0008464432281219774,0.0026218069107245808,0.006342136681259982,0.021263915702367776,0.008074310489345883,0.021050812568827543,0.014218772293603646,0.009421656095047075,0.04103381825403112,0.0048630720210596345,0.007883948684515037,0.018867532981613408,0.01581535996902105,0.004501517296507319,0.0054780015375295145,0.0010321472553199498,-0.001787257320197018,0.0001323405078411725,0.001884658370377666,0.010737160684885953,-0.0016074241229105518,0.0027339369133846723,-0.0011176134138764912,-0.0004604406377184284,-0.002426768024874209,-3.618185058206153e-5,-0.006878566523582774,-0.004479789296034121,0.0048630720210596345,0.011019598713166096,0.002597658971146738,0.0006343641319428892,0.008540233397510817,0.0007044500296319538,0.0021459062884199172,0.0014267814502974098,-0.0009238787184249423,0.0010448658500685302,0.0015035371064855189,0.00574124743022106,-0.00042965657746510063,0.0024583583043965756,0.00302407154020365,0.003716329525841163,0.0014903337542339027,0.004798672662750622,0.0006612790813835972,0.0013145898631680597,0.007883948684515037,0.002597658971146738,0.003853546567685143,0.006250600360098198,0.006891511686486764,-0.003082419848604243,0.005410557520967244,0.005080079422814779,0.005116902690481686,0.009651977599817,0.005016272180159632,0.014192230122507681,0.004371554208764508,0.002645312344555495,0.016162647683722345,0.03651694234266065,0.016476634264943845,0.017184639768797756,0.016023524421451905,0.01825527936884938,0.018867532981613408,0.0006343641319428892,0.006250600360098198,0.04773267303543918,0.0069855716707286734,0.008042409144136956,0.010443365653376478,0.001650147511063883,-0.00310270471018815,0.0005060234217112286,0.005550168465040514,0.01518992736421877,-0.002503690589244939,0.005167810916223668,0.008333891908047654,0.0010884656288729705,0.002146359789259246,0.010310774769964295,-0.00530907074961881,-0.004411672956936102,0.01581535996902105,0.008540233397510817,0.006891511686486764,0.0069855716707286734,0.04415968427904182
