0.010577673315098315,-9.950350623950553e-5,0.013289206833364726,0.005648268878457495,-0.0014777435558753884,-0.006221316276213277,0.0008907356381681691,-0.0014466186168502998,0.0032982629862994637,0.0013690866370761655,-0.0015603058266171889,-0.0018565145181679552,0.0005240406861293679,0.0019606940007306905,-0.0015328337460828903,0.002520287241071579,-0.004219387514696112,0.004037129380863421,0.0053892755059476855,-0.006161644342282594,-9.950350623950553e-5,0.0017875422232483612,0.002113075017712301,1.3573295013748253e-5,-0.00017645727667825136,-0.0007698203574517573,5.817876859399247e-5,2.603551218217004e-5,0.001989609485787033,0.00027291249067476156,0.0004845883440386924,-7.791577754017397e-5,0.0005306972425412663,5.949353062172471e-5,-0.0003998810022204366,0.0006612678958168845,-0.0014253426705124993,-0.000998871817734468,0.001114374473125181,0.0016030341367643253,0.013289206833364726,0.002113075017712301,0.02851388387742564,0.004906200720807309,0.002193719746894856,-0.013350145032556493,0.0029637615915349014,-0.0002870710402719341,0.008550433858284981,0.0020214758778076434,0.0007559858712833068,-0.0009681130516798887,0.003063806607585695,0.010831805498829764,-0.007751052794449091,0.0059117347295249215,-0.013769373271689537,0.0034932241654987563,0.011331293114590735,-0.0006396654532990222,0.005648268878457495,1.3573295013748253e-5,0.004906200720807309,0.00861948187044454,0.0008470598979280694,-0.0023123746453482586,-4.79809043695714e-5,-0.0008931672183316564,0.0023243480984914537,0.0025309195015772033,0.00150623927780898,-0.004435127188828639,0.0008092843854492393,0.0007360504588505127,0.0018161530302229787,0.0022543148092065857,0.0004476620188190026,0.004480899949972234,0.0029003259131936635,-0.004801290083294576,-0.0014777435558753884,-0.00017645727667825136,0.002193719746894856,0.0008470598979280694,0.03359400612796827,-0.000859079741522599,0.007522364066601336,0.002153366760347832,0.013467138863557607,0.0037069886413238673,0.00933442255628459,0.01260320689563663,0.004148479658139853,0.01579401057843223,-0.002977113987769349,-0.0018520743983870837,-0.0076141840234633315,0.0007064381258710924,0.0014914287505825787,0.014493269327370061,-0.006221316276213277,-0.0007698203574517573,-0.013350145032556493,-0.0023123746453482586,-0.000859079741522599,0.012593116757707686,4.159956984467429e-5,0.0009663217100753817,-0.0018506071286167405,-0.0005441637930648131,-0.00853829351819822,-0.0018627527868326028,-0.0029056268853033555,-0.006538005757626026,0.002246660512068248,-0.002246120734398251,0.0009633588178890858,-0.002304859174429837,-0.004948179078265868,0.0009541843231354423,0.0008907356381681691,5.817876859399247e-5,0.0029637615915349014,-4.79809043695714e-5,0.007522364066601336,4.159956984467429e-5,0.004584455387602314,0.0005845248622711435,0.003352824848863656,0.0009191431608101641,0.0014659746450783875,0.003551066497545552,0.0014748818284033276,0.0035260439726127264,-0.0012919109017706495,-0.00028203589218296925,-0.0015553969075876328,0.0014642597995151996,0.0013678961361188024,0.003339110780813289,-0.0014466186168502998,2.603551218217004e-5,-0.0002870710402719341,-0.0008931672183316564,0.002153366760347832,0.0009663217100753817,0.0005845248622711435,0.0016714407831925006,0.000994431768142004,0.0005975332570021905,0.00016975471575509618,0.0011405534687003267,-0.00030332473977468487,0.0005217366672396229,2.341770632738609e-6,0.00019207576564829077,-0.0008589358336125008,0.00043755380127767364,0.0006610180572879981,0.0021894781921058077,0.0032982629862994637,0.001989609485787033,0.008550433858284981,0.0023243480984914537,0.013467138863557607,-0.0018506071286167405,0.003352824848863656,0.000994431768142004,0.016525968899916216,0.0019889433397605365,0.00449494620287727,0.005466583174504407,0.002860763654255096,0.0033677419645528547,-0.005279716969301896,0.0023023811888782837,-0.007186526811654921,-0.0004158659803082409,0.005579361550647253,0.008748100535541375,0.0013690866370761655,0.00027291249067476156,0.0020214758778076434,0.0025309195015772033,0.0037069886413238673,-0.0005441637930648131,0.0009191431608101641,0.0005975332570021905,0.0019889433397605365,0.004390246493867928,0.00039729317126435497,-1.0069569234029407e-6,3.086450416745707e-5,0.0013050441428068727,-0.001127853833611119,0.0005760262032583837,-0.0020712798230216006,0.0005781448656415444,0.0003292246771185617,0.0007916225038690804,-0.0015603058266171889,0.0004845883440386924,0.0007559858712833068,0.00150623927780898,0.00933442255628459,-0.00853829351819822,0.0014659746450783875,0.00016975471575509618,0.00449494620287727,0.00039729317126435497,0.02313369843049607,0.0043710197619649584,0.0053349560756089385,0.0033843823859236706,-0.0031119350934804895,-0.0006104637967646541,0.011342489395404932,0.0013111917636553809,0.004007384057533092,0.010658886792242313,-0.0018565145181679552,-7.791577754017397e-5,-0.0009681130516798887,-0.004435127188828639,0.01260320689563663,-0.0018627527868326028,0.003551066497545552,0.0011405534687003267,0.005466583174504407,-1.0069569234029407e-6,0.0043710197619649584,0.012671966553496528,0.0008734068374280216,0.003700350636399451,0.0019617611977745765,-0.0021585864770705347,-0.0009115031676466526,-0.0005740159756671447,-0.0012085722552996532,0.005235297311199194,0.0005240406861293679,0.0005306972425412663,0.003063806607585695,0.0008092843854492393,0.004148479658139853,-0.0029056268853033555,0.0014748818284033276,-0.00030332473977468487,0.002860763654255096,3.086450416745707e-5,0.0053349560756089385,0.0008734068374280216,0.00399968461367686,0.004259464075551285,-0.003853617478894078,0.0002840706987923306,0.00011031248923059131,0.0017668501557581398,0.000419502067677191,0.0012392729525047945,0.0019606940007306905,5.949353062172471e-5,0.010831805498829764,0.0007360504588505127,0.01579401057843223,-0.006538005757626026,0.0035260439726127264,0.0005217366672396229,0.0033677419645528547,0.0013050441428068727,0.0033843823859236706,0.003700350636399451,0.004259464075551285,0.017813614665155287,-0.0054975632992736905,0.0009476639531738084,-0.010847162322124598,0.00233305127469582,0.0012739609172468039,0.003534063375084606,-0.0015328337460828903,-0.0003998810022204366,-0.007751052794449091,0.0018161530302229787,-0.002977113987769349,0.002246660512068248,-0.0012919109017706495,2.341770632738609e-6,-0.005279716969301896,-0.001127853833611119,-0.0031119350934804895,0.0019617611977745765,-0.003853617478894078,-0.0054975632992736905,0.014925986320958502,-0.0009405701126310255,0.006535602703183631,0.001883986136288011,-0.002281929437819406,-0.00651951732060007,0.002520287241071579,0.0006612678958168845,0.0059117347295249215,0.0022543148092065857,-0.0018520743983870837,-0.002246120734398251,-0.00028203589218296925,0.00019207576564829077,0.0023023811888782837,0.0005760262032583837,-0.0006104637967646541,-0.0021585864770705347,0.0002840706987923306,0.0009476639531738084,-0.0009405701126310255,0.0030049427711133247,-0.003000353824589001,0.001191796166153012,0.002694859093214874,-0.0004449073156456236,-0.004219387514696112,-0.0014253426705124993,-0.013769373271689537,0.0004476620188190026,-0.0076141840234633315,0.0009633588178890858,-0.0015553969075876328,-0.0008589358336125008,-0.007186526811654921,-0.0020712798230216006,0.011342489395404932,-0.0009115031676466526,0.00011031248923059131,-0.010847162322124598,0.006535602703183631,-0.003000353824589001,0.021041705536362205,0.0019286761277144792,-0.002056981080650811,-0.00110138216430852,0.004037129380863421,-0.000998871817734468,0.0034932241654987563,0.004480899949972234,0.0007064381258710924,-0.002304859174429837,0.0014642597995151996,0.00043755380127767364,-0.0004158659803082409,0.0005781448656415444,0.0013111917636553809,-0.0005740159756671447,0.0017668501557581398,0.00233305127469582,0.001883986136288011,0.001191796166153012,0.0019286761277144792,0.008330037457990753,0.0008105115520138444,-0.007184477882986702,0.0053892755059476855,0.001114374473125181,0.011331293114590735,0.0029003259131936635,0.0014914287505825787,-0.004948179078265868,0.0013678961361188024,0.0006610180572879981,0.005579361550647253,0.0003292246771185617,0.004007384057533092,-0.0012085722552996532,0.000419502067677191,0.0012739609172468039,-0.002281929437819406,0.002694859093214874,-0.002056981080650811,0.0008105115520138444,0.00935116853019483,0.004992923913526565,-0.006161644342282594,0.0016030341367643253,-0.0006396654532990222,-0.004801290083294576,0.014493269327370061,0.0009541843231354423,0.003339110780813289,0.0021894781921058077,0.008748100535541375,0.0007916225038690804,0.010658886792242313,0.005235297311199194,0.0012392729525047945,0.003534063375084606,-0.00651951732060007,-0.0004449073156456236,-0.00110138216430852,-0.007184477882986702,0.004992923913526565,0.022643484729252327
0.6906885154036424,0.3548341457973373,0.1725137461323607,0.31484327326697437,-0.5929055627516647,-0.8419725761398991,-0.09403726637843768,-0.10855183457976866,-0.416432131545295,0.0872056525305149,1.0785235208868067,-0.517895549179824,0.24451243045922033,-0.703460273052084,0.26346940219144327,0.2917245674886789,0.0021200009146711656,0.020025381689483236,0.3023313579121568,0.20323541820378033,0.3548341457973373,0.28072625825715075,0.07244030352223563,0.17998449309636938,-0.3689786326558372,-0.5441225664409755,-0.05639945752937864,-0.08751990328160864,-0.26980926896500546,0.08637935800410898,0.682017716775859,-0.3779630968679809,0.1717619026229184,-0.3794421552023219,0.08991160229974574,0.20048785868816146,-0.024775688374557795,-0.008006599652061372,0.2017431646733916,0.15305829626296685,0.1725137461323607,0.07244030352223563,0.06116934153643733,0.07506121737116983,-0.1333959465434599,-0.2012123684073631,-0.041999718465794866,-0.016469470874566513,-0.10331351119972128,0.0032295563706465774,0.26434814898557457,-0.12486759517250431,0.05853296883076449,-0.14614719026186576,0.08228609283711724,0.07458144870283223,0.024964823579544205,0.014580288983617615,0.06456945861041331,0.06923183221372411,0.31484327326697437,0.17998449309636938,0.07506121737116983,0.1683429008055706,-0.33073081742830945,-0.4452037102675883,-0.0630426057827892,-0.05629858207143079,-0.23286973071447808,0.038867786488395555,0.5914691653560308,-0.2795325530636213,0.12908842923137365,-0.3274653165350466,0.14112744882017075,0.1458517944279336,0.03171277858820022,0.0054015035223733835,0.15009445667678575,0.11535983547591017,-0.5929055627516647,-0.3689786326558372,-0.1333959465434599,-0.33073081742830945,0.6835873660950548,0.9157659902213479,0.14005333051919733,0.11781580029883353,0.47820009870721303,-0.0782667111550899,-1.2329042032442965,0.5884857713891976,-0.2685470155161925,0.6342518558134314,-0.2646351092580166,-0.2997874108174573,-0.06899909626434483,0.0011081179368423715,-0.2934417103122322,-0.2418909502710637,-0.8419725761398991,-0.5441225664409755,-0.2012123684073631,-0.4452037102675883,0.9157659902213479,1.2849994219478118,0.19952432300762923,0.16647393602918062,0.6569333511687971,-0.11950122162910452,-1.706828048462532,0.8521533229794299,-0.3840174604477274,0.8761884908448525,-0.33054040580009936,-0.44321110422674276,-0.06563453938140323,0.0032282242373528943,-0.4184330389369836,-0.3630120047411686,-0.09403726637843768,-0.05639945752937864,-0.041999718465794866,-0.0630426057827892,0.14005333051919733,0.19952432300762923,0.08701974079956595,0.010207149596271694,0.12525358979083018,0.016273340345900982,-0.3044835855719269,0.15139347694358174,-0.068702227225535,0.04746111540997206,-0.07426936294464792,-0.07080950882332304,-0.08556448131222494,0.0006028026491943488,-0.034187568274211884,-0.11120903455405728,-0.10855183457976866,-0.08751990328160864,-0.016469470874566513,-0.05629858207143079,0.11781580029883353,0.16647393602918062,0.010207149596271694,0.030791684189070034,0.08154842605711213,-0.03136970836117757,-0.2078418235545741,0.11117569683389901,-0.0522698917532555,0.12708019053280825,-0.02560335004223449,-0.05778384817366977,0.013930202150026456,0.004159592013344787,-0.0632618491154596,-0.03821315760127057,-0.416432131545295,-0.26980926896500546,-0.10331351119972128,-0.23286973071447808,0.47820009870721303,0.6569333511687971,0.12525358979083018,0.08154842605711213,0.36117364732575885,-0.0507370623505141,-0.8875316965231463,0.44424278622515345,-0.20743777081729847,0.40159034229377427,-0.19271661678239943,-0.22444584841012577,-0.08268683642343194,0.002008988264543971,-0.20650045289836647,-0.2187738668545978,0.0872056525305149,0.08637935800410898,0.0032295563706465774,0.038867786488395555,-0.0782667111550899,-0.11950122162910452,0.016273340345900982,-0.03136970836117757,-0.0507370623505141,0.04524982545371514,0.125951484381227,-0.08243547923039238,0.038929311402342376,-0.11721410909110479,-0.005503492848537097,0.04532309378930863,-0.04643981230283474,-0.007301253277070274,0.061426229625683074,0.013528538727012016,1.0785235208868067,0.682017716775859,0.26434814898557457,0.5914691653560308,-1.2329042032442965,-1.706828048462532,-0.3044835855719269,-0.2078418235545741,-0.8875316965231463,0.125951484381227,2.318054602311898,-1.1349212950822878,0.5078493663761,-1.1130510591880083,0.4638971251769749,0.5771504216879729,0.14906029955886102,-0.009145476044715387,0.5251208859631592,0.49991383447474835,-0.517895549179824,-0.3779630968679809,-0.12486759517250431,-0.2795325530636213,0.5884857713891976,0.8521533229794299,0.15139347694358174,0.11117569683389901,0.44424278622515345,-0.08243547923039238,-1.1349212950822878,0.6063363062404291,-0.27015349887749085,0.5151358489254554,-0.18647261967662543,-0.30721362328073865,-0.05433887202868093,0.01656515149149676,-0.2781051781588242,-0.2810246733690464,0.24451243045922033,0.1717619026229184,0.05853296883076449,0.12908842923137365,-0.2685470155161925,-0.3840174604477274,-0.068702227225535,-0.0522698917532555,-0.20743777081729847,0.038929311402342376,0.5078493663761,-0.27015349887749085,0.12774281885091177,-0.23282120312458782,0.09558887399749211,0.13782763564920908,0.03272260542380043,-0.00502953851281375,0.1267289838820414,0.1339897011382541,-0.703460273052084,-0.3794421552023219,-0.14614719026186576,-0.3274653165350466,0.6342518558134314,0.8761884908448525,0.04746111540997206,0.12708019053280825,0.40159034229377427,-0.11721410909110479,-1.1130510591880083,0.5151358489254554,-0.23282120312458782,0.8105808992584898,-0.23373417456442402,-0.28914456082186735,0.07123654100923486,-0.010700519051031254,-0.3242823275006085,-0.13261986362600506,0.26346940219144327,0.08991160229974574,0.08228609283711724,0.14112744882017075,-0.2646351092580166,-0.33054040580009936,-0.07426936294464792,-0.02560335004223449,-0.19271661678239943,-0.005503492848537097,0.4638971251769749,-0.18647261967662543,0.09558887399749211,-0.23373417456442402,0.18045272186255343,0.09934010380546841,0.08846182380283577,0.021274524609106695,0.09719950152968364,0.10372541356325146,0.2917245674886789,0.20048785868816146,0.07458144870283223,0.1458517944279336,-0.2997874108174573,-0.44321110422674276,-0.07080950882332304,-0.05778384817366977,-0.22444584841012577,0.04532309378930863,0.5771504216879729,-0.30721362328073865,0.13782763564920908,-0.28914456082186735,0.09934010380546841,0.1641013738072428,0.01351397601393122,-0.0013916411484685733,0.1483759792907537,0.1395565649611995,0.0021200009146711656,-0.024775688374557795,0.024964823579544205,0.03171277858820022,-0.06899909626434483,-0.06563453938140323,-0.08556448131222494,0.013930202150026456,-0.08268683642343194,-0.04643981230283474,0.14906029955886102,-0.05433887202868093,0.03272260542380043,0.07123654100923486,0.08846182380283577,0.01351397601393122,0.13790415374976872,0.005875111937623446,-0.017971713401542473,0.09130860003286506,0.020025381689483236,-0.008006599652061372,0.014580288983617615,0.0054015035223733835,0.0011081179368423715,0.0032282242373528943,0.0006028026491943488,0.004159592013344787,0.002008988264543971,-0.007301253277070274,-0.009145476044715387,0.01656515149149676,-0.00502953851281375,-0.010700519051031254,0.021274524609106695,-0.0013916411484685733,0.005875111937623446,0.013104728109021522,-0.0013986180839025437,-0.0029572466308925016,0.3023313579121568,0.2017431646733916,0.06456945861041331,0.15009445667678575,-0.2934417103122322,-0.4184330389369836,-0.034187568274211884,-0.0632618491154596,-0.20650045289836647,0.061426229625683074,0.5251208859631592,-0.2781051781588242,0.1267289838820414,-0.3242823275006085,0.09719950152968364,0.1483759792907537,-0.017971713401542473,-0.0013986180839025437,0.1657109538955743,0.10290620997535563,0.20323541820378033,0.15305829626296685,0.06923183221372411,0.11535983547591017,-0.2418909502710637,-0.3630120047411686,-0.11120903455405728,-0.03821315760127057,-0.2187738668545978,0.013528538727012016,0.49991383447474835,-0.2810246733690464,0.1339897011382541,-0.13261986362600506,0.10372541356325146,0.1395565649611995,0.09130860003286506,-0.0029572466308925016,0.10290620997535563,0.18787983591610505
0.00621853993439802,-0.00015234269095072724,-0.00032521293639369475,0.0008525853688831286,0.002783519210364225,-0.002641366125507305,-8.584108129651301e-5,0.00027362931213595115,-0.0022110994583578562,-2.1320418201464804e-5,-0.0022833208659426775,0.0003921000297435214,-0.0011257320743146468,0.0001863119731646529,0.0014134154555930792,-0.00014397385899769238,-0.003987517663190236,0.0006783687904309362,-0.0021485388896707695,0.002980735083151894,-0.00015234269095072724,0.0013811154418984038,-0.00017676095473524928,0.00038881795764876656,0.0005269744315330452,-0.00012582364638742563,0.0002922471671710819,-2.630050878768897e-6,-0.00033437923423890826,-0.00020331558948436554,0.0009233029891485831,6.254847555819041e-5,0.00038238983537145014,-0.0002453028908402737,0.00034557262677246676,-2.899002777982749e-5,1.7085978035743542e-5,0.0004704670432488524,0.0001045712217250997,-6.374746549219303e-5,-0.00032521293639369475,-0.00017676095473524928,0.011471701533389205,-0.0013550974733801601,0.000914586781784615,0.0006495263182626696,-0.0008946396638557268,-0.00030484758101311334,0.004952717638621758,0.0004943190642542063,-0.0002941154132879648,-2.871508159170747e-5,-0.0008342720774911403,0.005232371590390446,-0.0001390500994672692,-0.00030046193033163673,-0.001475948919102822,-0.000748315203838479,0.0010216801616702957,-0.0003710882240845629,0.0008525853688831286,0.00038881795764876656,-0.0013550974733801601,0.004754704690882281,0.0019033152066876586,0.0017917346681211397,-0.00045108381659408306,-0.00011660840273130927,-0.00036926273355290806,0.0005680238115614162,-5.710679866498627e-5,0.00018022571836740658,0.0005976587993315396,-0.00022028364056645984,0.001506677463649867,6.876476900345252e-5,-0.0014890067393368881,0.0006863967493408269,0.0003476070509790738,-0.0004982149774318788,0.002783519210364225,0.0005269744315330452,0.000914586781784615,0.0019033152066876586,0.008809728255431392,0.00017732985496787942,-0.0005063023667332811,-0.0007116966197841519,0.002202241191711171,-0.0008911549296452017,0.0026514611671501903,-0.004033386089754953,-0.0006054695205732901,5.210859964497163e-5,0.0005350588861305302,-0.00036458299656973723,-0.003024999761007281,0.0005179710271301587,0.0007122601836985804,0.0009035046693143097,-0.002641366125507305,-0.00012582364638742563,0.0006495263182626696,0.0017917346681211397,0.00017732985496787942,0.010187282943021361,0.0011216469607262392,1.0770366383864444e-5,-0.0007849800186263166,-0.0008926594804541485,0.005341090308311808,0.0016831093680078543,8.724115224466767e-5,0.0013345726370229435,-0.0016816698282881679,0.000290632662135112,-0.00045633203008817234,0.0009894658417609488,0.0012053711695831004,-0.0010655507286309552,-8.584108129651301e-5,0.0002922471671710819,-0.0008946396638557268,-0.00045108381659408306,-0.0005063023667332811,0.0011216469607262392,0.002381625998091925,0.0002668570132980054,0.0004771974818752119,0.0002085160588698185,0.0009041066012840238,0.0004319062030293828,-6.891975891056508e-5,-0.0005271977720652152,-9.39215622499719e-5,0.0002441980913866967,-0.0007955804744919539,0.0013202878302427373,0.00013113738608706946,-6.239753603581623e-6,0.00027362931213595115,-2.630050878768897e-6,-0.00030484758101311334,-0.00011660840273130927,-0.0007116966197841519,1.0770366383864444e-5,0.0002668570132980054,0.000980231624775113,0.00012660294025879196,-0.00010008566895516055,9.9492643500172e-6,0.0002405853482823154,2.7586285679769164e-5,0.0006739454555594519,0.0002411111117003818,-0.0001286519841384974,-0.00040327166037148554,0.00024379380392285376,5.631679650441438e-5,-0.00014127161093601345,-0.0022110994583578562,-0.00033437923423890826,0.004952717638621758,-0.00036926273355290806,0.002202241191711171,-0.0007849800186263166,0.0004771974818752119,0.00012660294025879196,0.00957848159456127,-0.0009111420582712385,-0.001528284541688294,-0.0028310128851639603,0.00014121897049536024,-0.0012844104211663047,0.001751254061616601,3.807581907882808e-5,-0.00014785405446374308,-8.087091691362356e-5,0.001988090647200227,-0.0015128404508664346,-2.1320418201464804e-5,-0.00020331558948436554,0.0004943190642542063,0.0005680238115614162,-0.0008911549296452017,-0.0008926594804541485,0.0002085160588698185,-0.00010008566895516055,-0.0009111420582712385,0.0023256470926704496,0.0005803396983712779,0.00023802733975513383,3.711702901053421e-5,0.0011455947690633358,-0.0008606069602294145,2.6595841363726436e-6,-0.0004128238019467156,-0.001009751459809951,0.000436832299036582,0.00025224730681729427,-0.0022833208659426775,0.0009233029891485831,-0.0002941154132879648,-5.710679866498627e-5,0.0026514611671501903,0.005341090308311808,0.0009041066012840238,9.9492643500172e-6,-0.001528284541688294,0.0005803396983712779,0.021632622487549845,-9.172214606794841e-5,0.0010079361601167517,-0.0006915410798608206,0.005932026642381466,0.0008319087671755748,-0.001792456102050128,0.001448021274690476,0.0003411751123426495,0.00018398690275645875,0.0003921000297435214,6.254847555819041e-5,-2.871508159170747e-5,0.00018022571836740658,-0.004033386089754953,0.0016831093680078543,0.0004319062030293828,0.0002405853482823154,-0.0028310128851639603,0.00023802733975513383,-9.172214606794841e-5,0.005202928925486471,0.0007075781875708249,-0.0020626476045846396,0.0012902807209075964,-0.00013344965481964518,-0.0016637124902150356,4.1425103360047e-5,-0.0006875346987454383,0.0026163554238250127,-0.0011257320743146468,0.00038238983537145014,-0.0008342720774911403,0.0005976587993315396,-0.0006054695205732901,8.724115224466767e-5,-6.891975891056508e-5,2.7586285679769164e-5,0.00014121897049536024,3.711702901053421e-5,0.0010079361601167517,0.0007075781875708249,0.0034127268702181866,0.0004378425823661214,0.0005178101270106591,5.909294046766713e-6,-5.276335182280575e-5,0.00041348023853499734,-0.0002002601492883557,0.0004093465054237982,0.0001863119731646529,-0.0002453028908402737,0.005232371590390446,-0.00022028364056645984,5.210859964497163e-5,0.0013345726370229435,-0.0005271977720652152,0.0006739454555594519,-0.0012844104211663047,0.0011455947690633358,-0.0006915410798608206,-0.0020626476045846396,0.0004378425823661214,0.015273658944086995,-0.003637238113278839,-4.0029112893714145e-5,0.00031833892201907197,0.0035933472667464676,0.0015145316095027492,-0.003913781912314882,0.0014134154555930792,0.00034557262677246676,-0.0001390500994672692,0.001506677463649867,0.0005350588861305302,-0.0016816698282881679,-9.39215622499719e-5,0.0002411111117003818,0.001751254061616601,-0.0008606069602294145,0.005932026642381466,0.0012902807209075964,0.0005178101270106591,-0.003637238113278839,0.010341152174316234,0.0006964101750943621,-0.002312288271370782,0.004465254320906057,-0.0013037744321628413,0.0004924382898738437,-0.00014397385899769238,-2.899002777982749e-5,-0.00030046193033163673,6.876476900345252e-5,-0.00036458299656973723,0.000290632662135112,0.0002441980913866967,-0.0001286519841384974,3.807581907882808e-5,2.6595841363726436e-6,0.0008319087671755748,-0.00013344965481964518,5.909294046766713e-6,-4.0029112893714145e-5,0.0006964101750943621,0.001259777374682232,0.0003558040476121533,0.0001702928085747022,-5.426308723453972e-5,0.0010304077220601642,-0.003987517663190236,1.7085978035743542e-5,-0.001475948919102822,-0.0014890067393368881,-0.003024999761007281,-0.00045633203008817234,-0.0007955804744919539,-0.00040327166037148554,-0.00014785405446374308,-0.0004128238019467156,-0.001792456102050128,-0.0016637124902150356,-5.276335182280575e-5,0.00031833892201907197,-0.002312288271370782,0.0003558040476121533,0.00662127951876821,-0.0012998198312145818,-0.0010635313394163149,-0.004893732832612746,0.0006783687904309362,0.0004704670432488524,-0.000748315203838479,0.0006863967493408269,0.0005179710271301587,0.0009894658417609488,0.0013202878302427373,0.00024379380392285376,-8.087091691362356e-5,-0.001009751459809951,0.001448021274690476,4.1425103360047e-5,0.00041348023853499734,0.0035933472667464676,0.004465254320906057,0.0001702928085747022,-0.0012998198312145818,0.008360662800616665,0.000813628631421429,-0.002083623235525663,-0.0021485388896707695,0.0001045712217250997,0.0010216801616702957,0.0003476070509790738,0.0007122601836985804,0.0012053711695831004,0.00013113738608706946,5.631679650441438e-5,0.001988090647200227,0.000436832299036582,0.0003411751123426495,-0.0006875346987454383,-0.0002002601492883557,0.0015145316095027492,-0.0013037744321628413,-5.426308723453972e-5,-0.0010635313394163149,0.000813628631421429,0.005053369060465057,0.0016163350143516718,0.002980735083151894,-6.374746549219303e-5,-0.0003710882240845629,-0.0004982149774318788,0.0009035046693143097,-0.0010655507286309552,-6.239753603581623e-6,-0.00014127161093601345,-0.0015128404508664346,0.00025224730681729427,0.00018398690275645875,0.0026163554238250127,0.0004093465054237982,-0.003913781912314882,0.0004924382898738437,0.0010304077220601642,-0.004893732832612746,-0.002083623235525663,0.0016163350143516718,0.01069501711117006
