0.003941512650632848,0.00037409745593559906,5.1926377608477104e-5,5.145202798480082e-5,6.59061898349516e-5,0.0016735947542305784,0.0009691203313604999,0.000490202287791944,0.0006604414092072053,0.0004938131909508483,0.00017783615698718018,-1.860250669319754e-5,0.00042601518000162756,0.00035974903123166973,0.0004853125858153048,2.982103964141458e-5,0.00030805610194048017,0.0006057443886038926,0.00010161548645613985,0.0008515319266238347,0.00037409745593559906,0.0034459782662640045,0.000490070740789418,0.00036215225568825147,0.00023235576264703345,-0.0012003248283901104,0.0006077131102177547,-0.0006636631634013983,0.0008823597999051099,0.0004061946096814164,0.0007497799729207677,-5.682234348409592e-5,0.00013105254013987428,0.0005389868390329919,0.0009500363654909914,-0.00012313651520556797,0.00028890065694618986,-7.700378258188509e-6,-0.00011535450833594266,0.000241787086601002,5.1926377608477104e-5,0.000490070740789418,0.002392943754778837,0.00016982311904935912,0.00032401846997009493,-5.832744670851589e-5,0.0005316802285773917,-4.62540308310917e-5,0.0007065421935200859,0.00023985924252954146,0.00017677998894693903,0.0008748416291719443,-5.686456770082846e-5,0.0002328807458462312,-0.00010321117784293662,0.00038238706644757247,6.14206911412654e-5,-6.075071337293707e-5,4.8036366725622145e-5,7.063708384095751e-5,5.145202798480082e-5,0.00036215225568825147,0.00016982311904935912,0.00188415585900212,0.0002432979618760538,0.00020731070941002822,-0.0005769453732713961,0.0006476270795573514,0.0008462107814218827,0.00030963328921859734,0.00021234606966152956,0.0007471439773066753,-0.000130052507153063,0.0003447941409526335,0.0002884262001307058,0.00013505364614192859,0.0002030929628078727,0.00022965089628852688,0.0005166373390321617,0.001494029144774703,6.59061898349516e-5,0.00023235576264703345,0.00032401846997009493,0.0002432979618760538,0.004296756056453627,-0.0006568673735031312,0.00022586464848768943,-0.00024812455659178564,0.0011677979691475677,0.000623015288968179,-5.68548864041943e-5,-0.0003271625005311729,0.00011580038680198204,-0.0006598509523323335,0.0014816118858876999,0.0003745924543746938,0.00015908092786868626,-1.3715049414702622e-5,0.00046059636980071004,-0.0006816938714393125,0.0016735947542305784,-0.0012003248283901104,-5.832744670851589e-5,0.00020731070941002822,-0.0006568673735031312,0.016581603683535936,0.0006315223460707422,0.0005054612160091561,-0.0004030725691150294,-1.6285043277029906e-5,-0.0005047715061311142,0.0008615755247741684,-0.0003136577980883651,0.0004330934545691335,0.00016296758948948845,0.0017360485004741417,0.00041035356514271606,0.000521593667083252,-0.00039600570170202336,0.0003300996909604266,0.0009691203313604999,0.0006077131102177547,0.0005316802285773917,-0.0005769453732713961,0.00022586464848768943,0.0006315223460707422,0.022560219857755952,0.0017348684803479447,9.039983235166731e-5,0.0017574656377362466,0.00017262533027250824,0.0028261209992470043,0.0005088979609285657,0.0002632412070180313,0.0013974841500288145,0.00029616760371821557,0.0006663959885743836,0.00016190054140153063,0.0002530070563443207,0.001062438724714053,0.000490202287791944,-0.0006636631634013983,-4.62540308310917e-5,0.0006476270795573514,-0.00024812455659178564,0.0005054612160091561,0.0017348684803479447,0.018846272558072186,-0.0010695761528635302,0.000916513899911852,0.00046343834488788273,0.002043856364025754,-0.00010244561412278896,0.0004980830542265717,-0.001004466504172196,-0.00040156719890698867,-7.120971843677256e-5,0.00043656570173245554,-0.00010719737879887468,-0.0007239820421656756,0.0006604414092072053,0.0008823597999051099,0.0007065421935200859,0.0008462107814218827,0.0011677979691475677,-0.0004030725691150294,9.039983235166731e-5,-0.0010695761528635302,0.011707298738784466,0.001316020181587624,0.0006119504371636143,0.0020367151261393617,0.0005139799331609698,0.0006455231300574767,0.004629209819244671,0.000692298429855958,0.0005388282244960015,0.0004906547132856182,0.0006045127729700586,0.002383811855836845,0.0004938131909508483,0.0004061946096814164,0.00023985924252954146,0.00030963328921859734,0.000623015288968179,-1.6285043277029906e-5,0.0017574656377362466,0.000916513899911852,0.001316020181587624,0.00310089772266128,0.0005063561587841176,0.00016227820028742973,0.000810654787761329,0.00034140574591957706,0.002891841031925645,-0.00010919962632094518,0.0004574044900885606,0.00018817359660263484,0.00034617142716137576,0.0012056505167204138,0.00017783615698718018,0.0007497799729207677,0.00017677998894693903,0.00021234606966152956,-5.68548864041943e-5,-0.0005047715061311142,0.00017262533027250824,0.00046343834488788273,0.0006119504371636143,0.0005063561587841176,0.004061082388641547,0.000447584240482524,0.0010627424747717096,0.0005400882468121287,0.0018172832583327621,-0.0002036407210596027,0.00017560925638816321,3.709557222944571e-5,-1.6281763980264212e-5,0.0013540149644852915,-1.860250669319754e-5,-5.682234348409592e-5,0.0008748416291719443,0.0007471439773066753,-0.0003271625005311729,0.0008615755247741684,0.0028261209992470043,0.002043856364025754,0.0020367151261393617,0.00016227820028742973,0.000447584240482524,0.01437121459551484,-4.031583219143899e-5,-9.332537989542228e-5,9.536206897419039e-5,0.0007238349238954632,2.581006591359915e-5,0.000167152851555805,0.0006209418410974715,0.0013159764395394452,0.00042601518000162756,0.00013105254013987428,-5.686456770082846e-5,-0.000130052507153063,0.00011580038680198204,-0.0003136577980883651,0.0005088979609285657,-0.00010244561412278896,0.0005139799331609698,0.000810654787761329,0.0010627424747717096,-4.031583219143899e-5,0.0070978955509333865,0.0009595202995135525,0.0029352604390187704,-9.270865432941264e-5,0.00041673191523450807,-0.00010882147954175743,-0.000521519057636274,0.002286087664329896,0.00035974903123166973,0.0005389868390329919,0.0002328807458462312,0.0003447941409526335,-0.0006598509523323335,0.0004330934545691335,0.0002632412070180313,0.0004980830542265717,0.0006455231300574767,0.00034140574591957706,0.0005400882468121287,-9.332537989542228e-5,0.0009595202995135525,0.003055695066998027,-0.0004013569733640642,0.00013310821454685668,0.0002820027932227461,0.0001201286079330791,4.0468672667860316e-5,0.002344948646261005,0.0004853125858153048,0.0009500363654909914,-0.00010321117784293662,0.0002884262001307058,0.0014816118858876999,0.00016296758948948845,0.0013974841500288145,-0.001004466504172196,0.004629209819244671,0.002891841031925645,0.0018172832583327621,9.536206897419039e-5,0.0029352604390187704,-0.0004013569733640642,0.032050256266737444,0.0014667512036543487,0.001339560193791315,0.0010265003178156506,-0.0009349311349970784,0.0013176342693219142,2.982103964141458e-5,-0.00012313651520556797,0.00038238706644757247,0.00013505364614192859,0.0003745924543746938,0.0017360485004741417,0.00029616760371821557,-0.00040156719890698867,0.000692298429855958,-0.00010919962632094518,-0.0002036407210596027,0.0007238349238954632,-9.270865432941264e-5,0.00013310821454685668,0.0014667512036543487,0.00443825946845531,7.068731076820836e-5,0.0004527628684576357,0.00019094190449576835,-0.0002375734915449801,0.00030805610194048017,0.00028890065694618986,6.14206911412654e-5,0.0002030929628078727,0.00015908092786868626,0.00041035356514271606,0.0006663959885743836,-7.120971843677256e-5,0.0005388282244960015,0.0004574044900885606,0.00017560925638816321,2.581006591359915e-5,0.00041673191523450807,0.0002820027932227461,0.001339560193791315,7.068731076820836e-5,0.0013319896351120916,0.00035752615573925146,-0.00010380162643261836,0.0007013961917692811,0.0006057443886038926,-7.700378258188509e-6,-6.075071337293707e-5,0.00022965089628852688,-1.3715049414702622e-5,0.000521593667083252,0.00016190054140153063,0.00043656570173245554,0.0004906547132856182,0.00018817359660263484,3.709557222944571e-5,0.000167152851555805,-0.00010882147954175743,0.0001201286079330791,0.0010265003178156506,0.0004527628684576357,0.00035752615573925146,0.0023043604096004266,4.5119600814387804e-5,0.0012310608243064974,0.00010161548645613985,-0.00011535450833594266,4.8036366725622145e-5,0.0005166373390321617,0.00046059636980071004,-0.00039600570170202336,0.0002530070563443207,-0.00010719737879887468,0.0006045127729700586,0.00034617142716137576,-1.6281763980264212e-5,0.0006209418410974715,-0.000521519057636274,4.0468672667860316e-5,-0.0009349311349970784,0.00019094190449576835,-0.00010380162643261836,4.5119600814387804e-5,0.0033965396936891236,0.001413180067031772,0.0008515319266238347,0.000241787086601002,7.063708384095751e-5,0.001494029144774703,-0.0006816938714393125,0.0003300996909604266,0.001062438724714053,-0.0007239820421656756,0.002383811855836845,0.0012056505167204138,0.0013540149644852915,0.0013159764395394452,0.002286087664329896,0.002344948646261005,0.0013176342693219142,-0.0002375734915449801,0.0007013961917692811,0.0012310608243064974,0.001413180067031772,0.029451967153468667
