0.02100674329737173,-0.0003701393985031492,-0.005122169030331152,-0.004630540430917729,-0.004384232491959315,-0.0034647676254780527,-0.0002262719504275848,0.00011013044660206398,-0.003863079117049257,0.001248364341795007,-0.003642011087567501,-0.010700393866988862,-0.0025676079885776997,-0.00514986754931477,0.005161485954225616,-0.000600183723619536,-0.0004288146547384631,0.0023308595759124902,-0.004049796812402893,-0.00785658473651717,-0.0003701393985031492,0.007322979807355201,-0.0023948250190087665,0.001566381039429872,0.0011467413098662056,0.0015222546834579862,-0.0015259402668800013,0.0020875013833198024,0.0014020895787983515,0.0005355265901043521,0.0004039429233166739,0.0005081326268695147,0.0001760214475205407,0.0022825825960221795,-0.0007581831983166285,0.0004724185225089579,0.0007379227563752511,0.0010827739749038048,-0.0015107964107133668,0.0007623507142070305,-0.005122169030331152,-0.0023948250190087665,0.01786972722918446,0.0013673446121132385,0.0030672210179700245,0.0037396412703858115,0.0025092784724521848,-0.001157871730836024,0.00025247405194331346,-0.0008504876823885797,0.0013301670950015797,0.0013642815456645892,0.0013312915165654793,0.00027842352202365496,-0.0024372240802469445,0.00045234083708833774,0.0005373357479483133,9.044557817086114e-5,0.007234719559326959,0.0015237256678205602,-0.004630540430917729,0.001566381039429872,0.0013673446121132385,0.006935833678778161,0.0017981007482221112,0.0016074569567396222,0.001455853494973497,0.0007012180997488206,0.0010165270520122412,0.001810741414951069,0.0021605281895183343,0.0024239872303845854,0.001271550748952376,0.0017517628171719573,-0.0017914652059020223,0.0007804479728649917,0.0002956378659485475,0.0005092663039773981,0.0031204243378246304,0.0028247734027195158,-0.004384232491959315,0.0011467413098662056,0.0030672210179700245,0.0017981007482221112,0.011656002217146312,0.00565058925658095,-0.0007798311563339958,0.0007556355064160347,0.0024542295567409164,0.002909522316656284,0.0009432947481270049,0.004317739166569195,0.0018540326064983542,0.006887141884911728,-0.0018983585556870423,0.0003237496235498614,-7.010110743753184e-5,-0.0010381132862457465,0.0040459421831096475,0.006095806239024769,-0.0034647676254780527,0.0015222546834579862,0.0037396412703858115,0.0016074569567396222,0.00565058925658095,0.04198478520735737,0.0011964361797977335,0.0009897733397253587,0.007225249058281211,0.0039060034439782274,0.0022967135148242086,0.011442053741171429,0.00041129231598667693,0.0102680047542173,-0.004004575533376159,0.0006377160575430531,-0.0050151262722437084,0.0008239382598154041,0.005765408029587511,0.004760635711961173,-0.0002262719504275848,-0.0015259402668800013,0.0025092784724521848,0.001455853494973497,-0.0007798311563339958,0.0011964361797977335,0.007456327499465675,-0.0011879014346118145,-0.0012387169656684412,0.003090021659679391,0.001258326921256488,-0.00013026598804850327,0.0005656593657147114,-0.00021427755551781986,-0.0010200566847864893,-0.0005032211523486958,0.0016650655804396493,0.0008536053457848533,0.001428216677183115,-0.002535558953970109,0.00011013044660206398,0.0020875013833198024,-0.001157871730836024,0.0007012180997488206,0.0007556355064160347,0.0009897733397253587,-0.0011879014346118145,0.0042179830356016855,0.0015748579113808567,-0.0021333589678762784,0.0007549226218726512,-0.00024204996261826755,-0.00036439666027123673,0.0016559633021902332,0.00023276798023851415,0.00021981702304526085,-0.00035407962456619345,0.0014055024311541771,-7.033177592036813e-5,0.0006683344856105958,-0.003863079117049257,0.0014020895787983515,0.00025247405194331346,0.0010165270520122412,0.0024542295567409164,0.007225249058281211,-0.0012387169656684412,0.0015748579113808567,0.010826489784545961,-0.0007809336387489278,0.002079503805213735,0.007533079891345541,9.000797690284949e-5,0.0068902325199864355,-0.002715186586037074,-0.0002567526332399781,-0.0014911619065111912,-0.0006085196466380294,0.0011402666438483683,0.006116819324736954,0.001248364341795007,0.0005355265901043521,-0.0008504876823885797,0.001810741414951069,0.002909522316656284,0.0039060034439782274,0.003090021659679391,-0.0021333589678762784,-0.0007809336387489278,0.021999433627224653,-0.0003593175388641639,0.0036011410112414266,0.001532894865945687,0.001803336638239486,-0.0015726978374450416,-0.00045576516830565,-0.0008809246297881257,0.0002761516086397947,0.005935916738083679,-0.0028579600232204352,-0.003642011087567501,0.0004039429233166739,0.0013301670950015797,0.0021605281895183343,0.0009432947481270049,0.0022967135148242086,0.001258326921256488,0.0007549226218726512,0.002079503805213735,-0.0003593175388641639,0.004793613580711403,0.0035163558664559327,0.00041304454178308194,0.004293378861820646,-0.0020878679534836212,-6.150748666330132e-5,-0.0006884717974016163,0.0003846420961521863,0.0013494017596263163,0.0026568270415131224,-0.010700393866988862,0.0005081326268695147,0.0013642815456645892,0.0024239872303845854,0.004317739166569195,0.011442053741171429,-0.00013026598804850327,-0.00024204996261826755,0.007533079891345541,0.0036011410112414266,0.0035163558664559327,0.024870001131229436,0.0018164739239525732,0.01349076349824015,-0.004825115144598184,0.00011737029322783293,-0.003273539631776615,-0.0011828845231100673,0.004632290582098636,0.011088229887829367,-0.0025676079885776997,0.0001760214475205407,0.0013312915165654793,0.001271550748952376,0.0018540326064983542,0.00041129231598667693,0.0005656593657147114,-0.00036439666027123673,9.000797690284949e-5,0.001532894865945687,0.00041304454178308194,0.0018164739239525732,0.0020476420054079507,0.0023725327454974365,-0.0010237439061057622,0.00016585237108812244,0.0014573769765095993,-0.00016901213158529514,0.0005170224145076804,0.001186203753430861,-0.00514986754931477,0.0022825825960221795,0.00027842352202365496,0.0017517628171719573,0.006887141884911728,0.0102680047542173,-0.00021427755551781986,0.0016559633021902332,0.0068902325199864355,0.001803336638239486,0.004293378861820646,0.01349076349824015,0.0023725327454974365,0.03421671029210997,-0.003145632599987068,-0.0005228490715008033,-0.0044392593866969254,0.0016074816864593698,-0.0032095492714176973,0.010347982468583705,0.005161485954225616,-0.0007581831983166285,-0.0024372240802469445,-0.0017914652059020223,-0.0018983585556870423,-0.004004575533376159,-0.0010200566847864893,0.00023276798023851415,-0.002715186586037074,-0.0015726978374450416,-0.0020878679534836212,-0.004825115144598184,-0.0010237439061057622,-0.003145632599987068,0.005071687302006453,6.528325449092515e-5,-0.00029421392407876634,0.0012060689466310086,-0.002689665014074619,-0.003320478991865429,-0.000600183723619536,0.0004724185225089579,0.00045234083708833774,0.0007804479728649917,0.0003237496235498614,0.0006377160575430531,-0.0005032211523486958,0.00021981702304526085,-0.0002567526332399781,-0.00045576516830565,-6.150748666330132e-5,0.00011737029322783293,0.00016585237108812244,-0.0005228490715008033,6.528325449092515e-5,0.0014472297426661109,-8.597183393985078e-5,0.0002501648639743005,-0.00014220456627551392,0.0003219750987152529,-0.0004288146547384631,0.0007379227563752511,0.0005373357479483133,0.0002956378659485475,-7.010110743753184e-5,-0.0050151262722437084,0.0016650655804396493,-0.00035407962456619345,-0.0014911619065111912,-0.0008809246297881257,-0.0006884717974016163,-0.003273539631776615,0.0014573769765095993,-0.0044392593866969254,-0.00029421392407876634,-8.597183393985078e-5,0.013918994155356145,-6.678628184393729e-5,-0.0031246222030383696,0.000374051648564988,0.0023308595759124902,0.0010827739749038048,9.044557817086114e-5,0.0005092663039773981,-0.0010381132862457465,0.0008239382598154041,0.0008536053457848533,0.0014055024311541771,-0.0006085196466380294,0.0002761516086397947,0.0003846420961521863,-0.0011828845231100673,-0.00016901213158529514,0.0016074816864593698,0.0012060689466310086,0.0002501648639743005,-6.678628184393729e-5,0.006869111797227174,-0.0025783939335620783,0.0008432456945147973,-0.004049796812402893,-0.0015107964107133668,0.007234719559326959,0.0031204243378246304,0.0040459421831096475,0.005765408029587511,0.001428216677183115,-7.033177592036813e-5,0.0011402666438483683,0.005935916738083679,0.0013494017596263163,0.004632290582098636,0.0005170224145076804,-0.0032095492714176973,-0.002689665014074619,-0.00014220456627551392,-0.0031246222030383696,-0.0025783939335620783,0.035333667278167405,-0.00027761658505665563,-0.00785658473651717,0.0007623507142070305,0.0015237256678205602,0.0028247734027195158,0.006095806239024769,0.004760635711961173,-0.002535558953970109,0.0006683344856105958,0.006116819324736954,-0.0028579600232204352,0.0026568270415131224,0.011088229887829367,0.001186203753430861,0.010347982468583705,-0.003320478991865429,0.0003219750987152529,0.000374051648564988,0.0008432456945147973,-0.00027761658505665563,0.03172046428412442
0.017960090862075104,-0.0015353556812981912,-0.00187988254079473,0.0010278898164537763,0.00178763052355818,0.006468635534548444,0.0034004323302917003,0.0014703293983902518,0.0031650783625517733,0.0013365400102954231,-0.0004660899476071961,0.0029198423648108887,0.0017324016544411182,-0.003040793621997624,0.0018823721438717515,0.0005831174672226579,0.0028739322028731007,0.0028555636247544814,0.011752413301915428,0.006340941955887225,-0.0015353556812981912,0.007684815252422418,0.0017954841292772542,0.0002573223233349793,0.002068082668255036,0.0002078165341332204,0.00031687585146092823,0.0009661126329172006,0.0010863260823991043,6.87741128642716e-5,0.001388585214623989,0.0016459868445487997,0.00035955810805204745,0.00014711232277648037,0.0005047771843981499,0.00028870123584767905,-0.0008558049577056221,0.0014846932434294316,0.0028193122544219397,0.000579928596770645,-0.00187988254079473,0.0017954841292772542,0.018249015963707562,0.0012231967740476738,0.004231850041620799,-0.0007786456802909345,0.0005553947429120531,0.0018066434492943007,0.001337442409346366,-0.001841716900912926,0.0013579740838206133,0.003585599505178197,0.0012138192698094323,0.0020887531465250435,0.0006251962433857759,0.0014712169309177856,0.0016253243244893638,2.7980694711078343e-5,-0.0021917363929254557,0.0014524198495968466,0.0010278898164537763,0.0002573223233349793,0.0012231967740476738,0.004940855907176401,0.0012726168765355387,0.00405765686874981,0.0012195005066425262,0.0011475760670615967,0.0007157028645587789,-0.0003843654427194592,6.0841850698442336e-5,0.0009728059416437081,0.0008116459939147504,0.0009453236124318685,0.0005137761517084729,0.0005158408209335282,0.001637271335062152,0.0004053112420339995,0.0020382953763189065,0.002122049372257043,0.00178763052355818,0.002068082668255036,0.004231850041620799,0.0012726168765355387,0.009354079511640216,0.004145473382198702,0.001432749704105079,0.0018944636068623463,0.001871608873689891,-0.0003245912437952447,0.0019084148716436958,0.004109061164243892,0.0010911487823742926,0.0017332305906194356,0.001191759570490389,0.0015343520589034079,0.002955107173375055,0.001338277675809304,0.0014105532264483294,0.004059831248810595,0.006468635534548444,0.0002078165341332204,-0.0007786456802909345,0.00405765686874981,0.004145473382198702,0.048458427579196765,0.008650568490073878,0.0022374146059283527,0.009052684936458492,-0.00013215842063086798,2.0803253191051753e-5,-0.0007701591473932513,0.0024589638376369075,0.0035005328204267046,0.002117586046738073,0.000936178848836474,0.00325014514085567,0.002840232653310317,0.007089389405891468,-0.0018215953237409924,0.0034004323302917003,0.00031687585146092823,0.0005553947429120531,0.0012195005066425262,0.001432749704105079,0.008650568490073878,0.007219389885741643,0.0003901037430279567,0.002777712330293056,-5.7344894449325775e-5,-1.8770838347735984e-5,0.0014249322230077885,0.0008300816248785106,0.002546891421081786,0.00028412606842608944,0.0005236699694382177,0.0025087613319921113,0.002197962373522133,0.002717101153262589,0.0025812401112114787,0.0014703293983902518,0.0009661126329172006,0.0018066434492943007,0.0011475760670615967,0.0018944636068623463,0.0022374146059283527,0.0003901037430279567,0.004033877085605774,0.0017960565060873876,-0.000986300034304697,0.00043506791819576245,0.001990858651842917,0.0005345467680351441,-0.0015327352481460089,0.00018410959501950937,0.0006385626804579497,0.0006289964137968025,-0.00026299926397905593,0.00061378372270372,0.003609012897445291,0.0031650783625517733,0.0010863260823991043,0.001337442409346366,0.0007157028645587789,0.001871608873689891,0.009052684936458492,0.002777712330293056,0.0017960565060873876,0.01018821632473899,0.0014703943754963852,0.0012119428261891762,0.0016923029874383315,0.0009163422571042122,0.001339797052140646,0.0004741142674325325,0.00042509341774949014,0.001515824395151978,0.0010952216949927875,0.005239418352956382,0.0034214337301354896,0.0013365400102954231,6.87741128642716e-5,-0.001841716900912926,-0.0003843654427194592,-0.0003245912437952447,-0.00013215842063086798,-5.7344894449325775e-5,-0.000986300034304697,0.0014703943754963852,0.017562996829880516,0.0006287236471700617,0.0007267348563265672,0.00023164824390643527,0.0029427478578633688,0.000888974053147211,-0.0002960761262377694,-0.0012535457867482076,0.0010781743709609706,1.9950129104822018e-5,0.0034230716753845033,-0.0004660899476071961,0.001388585214623989,0.0013579740838206133,6.0841850698442336e-5,0.0019084148716436958,2.0803253191051753e-5,-1.8770838347735984e-5,0.00043506791819576245,0.0012119428261891762,0.0006287236471700617,0.0026079258289081284,0.0018159312336100421,0.00021678406230044912,0.0014525381123438185,6.31357180919133e-5,0.0003010094743108152,-0.0002799691743174356,0.0006215188692698492,0.0005561762766482675,0.0014107627417576836,0.0029198423648108887,0.0016459868445487997,0.003585599505178197,0.0009728059416437081,0.004109061164243892,-0.0007701591473932513,0.0014249322230077885,0.001990858651842917,0.0016923029874383315,0.0007267348563265672,0.0018159312336100421,0.016983829663999354,0.0006243195064054288,-9.662754930254516e-5,0.0006545879494498723,0.0009339153613224982,0.0031782171140229015,0.0018046032895164192,0.0013598142484374466,0.008031374754506625,0.0017324016544411182,0.00035955810805204745,0.0012138192698094323,0.0008116459939147504,0.0010911487823742926,0.0024589638376369075,0.0008300816248785106,0.0005345467680351441,0.0009163422571042122,0.00023164824390643527,0.00021678406230044912,0.0006243195064054288,0.0015297589687967743,-0.0005827987083552274,0.00044472576273428186,0.00029827421298817317,0.00010352221011503213,0.00042605289517884826,0.0012620603999835122,0.0015620157075553905,-0.003040793621997624,0.00014711232277648037,0.0020887531465250435,0.0009453236124318685,0.0017332305906194356,0.0035005328204267046,0.002546891421081786,-0.0015327352481460089,0.001339797052140646,0.0029427478578633688,0.0014525381123438185,-9.662754930254516e-5,-0.0005827987083552274,0.025252288508706047,5.2063697099579524e-5,0.0005132571270876628,0.003123428034754046,0.0017583109621803865,-0.0003969965620681399,0.0006583413856645399,0.0018823721438717515,0.0005047771843981499,0.0006251962433857759,0.0005137761517084729,0.001191759570490389,0.002117586046738073,0.00028412606842608944,0.00018410959501950937,0.0004741142674325325,0.000888974053147211,6.31357180919133e-5,0.0006545879494498723,0.00044472576273428186,5.2063697099579524e-5,0.0036488777953410725,0.0003533021596441015,9.813355744300802e-5,0.0009341079621636075,0.003501363783317047,0.0006918013259178161,0.0005831174672226579,0.00028870123584767905,0.0014712169309177856,0.0005158408209335282,0.0015343520589034079,0.000936178848836474,0.0005236699694382177,0.0006385626804579497,0.00042509341774949014,-0.0002960761262377694,0.0003010094743108152,0.0009339153613224982,0.00029827421298817317,0.0005132571270876628,0.0003533021596441015,0.0018159638682520376,0.0012572404007421124,0.0006097365458856246,0.0007628892799061604,0.00046969635479090827,0.0028739322028731007,-0.0008558049577056221,0.0016253243244893638,0.001637271335062152,0.002955107173375055,0.00325014514085567,0.0025087613319921113,0.0006289964137968025,0.001515824395151978,-0.0012535457867482076,-0.0002799691743174356,0.0031782171140229015,0.00010352221011503213,0.003123428034754046,9.813355744300802e-5,0.0012572404007421124,0.01359846388176972,0.002315755350640539,0.001415748309776593,0.003732053496052251,0.0028555636247544814,0.0014846932434294316,2.7980694711078343e-5,0.0004053112420339995,0.001338277675809304,0.002840232653310317,0.002197962373522133,-0.00026299926397905593,0.0010952216949927875,0.0010781743709609706,0.0006215188692698492,0.0018046032895164192,0.00042605289517884826,0.0017583109621803865,0.0009341079621636075,0.0006097365458856246,0.002315755350640539,0.007329736328615809,0.004418874868465515,0.0020857774636485675,0.011752413301915428,0.0028193122544219397,-0.0021917363929254557,0.0020382953763189065,0.0014105532264483294,0.007089389405891468,0.002717101153262589,0.00061378372270372,0.005239418352956382,1.9950129104822018e-5,0.0005561762766482675,0.0013598142484374466,0.0012620603999835122,-0.0003969965620681399,0.003501363783317047,0.0007628892799061604,0.001415748309776593,0.004418874868465515,0.047506661465533805,0.0038532251667085403,0.006340941955887225,0.000579928596770645,0.0014524198495968466,0.002122049372257043,0.004059831248810595,-0.0018215953237409924,0.0025812401112114787,0.003609012897445291,0.0034214337301354896,0.0034230716753845033,0.0014107627417576836,0.008031374754506625,0.0015620157075553905,0.0006583413856645399,0.0006918013259178161,0.00046969635479090827,0.003732053496052251,0.0020857774636485675,0.0038532251667085403,0.027613855010707764
0.026254275750175072,0.00682580597035538,0.0025396148978417115,0.005966932050961946,0.0027734308479613157,0.012119502518584003,0.007704558653704827,0.0022002588275183838,0.003137009810644638,0.013328963869863167,0.006549193925006349,0.011376371301720756,0.003565625534244315,0.014260269196303759,0.0038755795685886194,0.002502678953214832,0.004137369739066812,-0.001919167350129671,0.006095227157538256,0.010429157484546226,0.00682580597035538,0.010274513497518274,0.0012895601507412649,0.002062569612862839,2.4634314424389866e-6,-0.000714763662145925,0.0031234070504206277,0.0003189236513112128,0.0018015531445940399,0.004339760279604263,0.0023696804392991824,0.0023368433010780842,0.0015329555651891914,0.003979413310556559,0.002366126999382438,0.001086725503347377,0.0027431310785873604,-0.001976174255641926,0.0036718028450658056,0.0052777152643796385,0.0025396148978417115,0.0012895601507412649,0.017052509738373255,0.0009857309958412747,-0.0005060693789401122,0.003498811732344006,0.0024581093432730523,0.0026898044751867403,0.00015767380741849653,0.007625950146845965,0.000151410452011776,0.0014015491378510593,0.0006455714141900274,0.0028994751877963205,0.0018369408928313922,0.0017436701265893069,0.00327545820689031,0.002308575150155907,0.0037652721988358662,0.007494956541080508,0.005966932050961946,0.002062569612862839,0.0009857309958412747,0.008425191088896715,0.0031749924200133598,0.0012588515727508624,0.0020808838657211844,8.849734341454725e-5,0.001982365421543521,0.004157232887920051,0.0021548876950692407,0.00046199620693630154,0.0007104733157810369,0.0043152219214665135,-0.0001513401443131198,-0.0006782114865233613,0.005611638402762504,-0.0027930130315645943,0.004597335858812862,0.001003182015133891,0.0027734308479613157,2.4634314424389866e-6,-0.0005060693789401122,0.0031749924200133598,0.008709076809103267,-0.003554938986685243,0.002164686381031909,-5.4751790190732933e-5,0.0025797785912950954,0.0019175380372815473,-0.00047032529015977995,-0.001990455836562804,-0.00027552619228410455,-0.0009391489568864868,-0.0006064999129750633,-0.000588431802877599,0.0020160118436225822,-0.0028691076570885065,0.004220089473445276,-0.0027731722450646474,0.012119502518584003,-0.000714763662145925,0.003498811732344006,0.0012588515727508624,-0.003554938986685243,0.05260916675906244,0.0037045765658621373,0.004257093133284744,-0.0015870572936190661,0.007913281871880291,0.006905824066624761,0.015653998497689774,0.004097703277975304,0.017590926837184523,0.004331461117622067,0.004418992651887183,-0.001351361720231071,0.006619293019820407,0.0007538169785503701,0.016385099359175648,0.007704558653704827,0.0031234070504206277,0.0024581093432730523,0.0020808838657211844,0.002164686381031909,0.0037045765658621373,0.011312488803535735,0.0033510700398130836,0.0031255539236729685,0.008037646038721664,0.0034774518988208974,0.00652602529478823,0.002151193428867343,0.010473318267532613,0.003278484064973856,0.0025100750522408415,0.004229272253765667,-0.00035170869794900605,0.0032565733745904156,0.009419454050676148,0.0022002588275183838,0.0003189236513112128,0.0026898044751867403,8.849734341454725e-5,-5.4751790190732933e-5,0.004257093133284744,0.0033510700398130836,0.004788031153207349,-3.487176044184878e-5,0.004161802646015402,0.0010268069157170698,0.002246767397459583,0.0010157182605825686,0.00678193754747447,0.0012298147962203887,0.001722575991275798,0.001192792376466085,0.002289108106396068,0.0008551401158113724,0.004646279522161594,0.003137009810644638,0.0018015531445940399,0.00015767380741849653,0.001982365421543521,0.0025797785912950954,-0.0015870572936190661,0.0031255539236729685,-3.487176044184878e-5,0.00937325318222078,0.0059866623162471485,0.0014501077073258337,0.0010801172997771673,0.0009788065781271248,0.0006011311339770373,0.0019960830245505127,0.0012135529864790349,0.0049598394943147495,-0.0011457224458309868,0.0015347120899282859,0.0011025750143071529,0.013328963869863167,0.004339760279604263,0.007625950146845965,0.004157232887920051,0.0019175380372815473,0.007913281871880291,0.008037646038721664,0.004161802646015402,0.0059866623162471485,0.03260435551339958,0.005433825219538642,0.007897352212786046,0.004460671245835644,0.010079052602228258,0.004187099548741848,0.003428552670440602,0.010189699626706777,0.0006726491144510644,0.009212876572208664,0.013522036906095368,0.006549193925006349,0.0023696804392991824,0.000151410452011776,0.0021548876950692407,-0.00047032529015977995,0.006905824066624761,0.0034774518988208974,0.0010268069157170698,0.0014501077073258337,0.005433825219538642,0.005142775520049027,0.006117168795324938,0.0019515079634199028,0.006665468129207654,0.0024948948892668,0.0008634605756900557,0.002648092264111241,-0.0008416389871124825,0.0002842235644741239,0.005468151846835197,0.011376371301720756,0.0023368433010780842,0.0014015491378510593,0.00046199620693630154,-0.001990455836562804,0.015653998497689774,0.00652602529478823,0.002246767397459583,0.0010801172997771673,0.007897352212786046,0.006117168795324938,0.024336347627973008,0.003394422360518919,0.013863315915270815,0.006326066549388995,0.002858028394769276,0.0030608429846408665,0.004049887947975462,0.0027645959576623807,0.010224680940969198,0.003565625534244315,0.0015329555651891914,0.0006455714141900274,0.0007104733157810369,-0.00027552619228410455,0.004097703277975304,0.002151193428867343,0.0010157182605825686,0.0009788065781271248,0.004460671245835644,0.0019515079634199028,0.003394422360518919,0.0024668843589455585,0.0037876502693191282,0.0015651831669672516,0.0008878370910000317,0.0022661408219242845,0.0012591562471852735,0.002512022761266904,0.003800235894624611,0.014260269196303759,0.003979413310556559,0.0028994751877963205,0.0043152219214665135,-0.0009391489568864868,0.017590926837184523,0.010473318267532613,0.00678193754747447,0.0006011311339770373,0.010079052602228258,0.006665468129207654,0.013863315915270815,0.0037876502693191282,0.036501919005852666,0.003956834974660164,0.0032942645225877156,0.006658226746645433,0.0029002387581512495,0.0038426592419189805,0.015067147223290046,0.0038755795685886194,0.002366126999382438,0.0018369408928313922,-0.0001513401443131198,-0.0006064999129750633,0.004331461117622067,0.003278484064973856,0.0012298147962203887,0.0019960830245505127,0.004187099548741848,0.0024948948892668,0.006326066549388995,0.0015651831669672516,0.003956834974660164,0.0053492427101842835,0.0017671533398737607,0.0016729801298194815,0.0018978439937979864,-0.0006999110513073884,0.0054428436234239905,0.002502678953214832,0.001086725503347377,0.0017436701265893069,-0.0006782114865233613,-0.000588431802877599,0.004418992651887183,0.0025100750522408415,0.001722575991275798,0.0012135529864790349,0.003428552670440602,0.0008634605756900557,0.002858028394769276,0.0008878370910000317,0.0032942645225877156,0.0017671533398737607,0.0026624577781087008,-0.00025407463852159304,0.0017773341694000493,0.00024647878018020186,0.004718871603078899,0.004137369739066812,0.0027431310785873604,0.00327545820689031,0.005611638402762504,0.0020160118436225822,-0.001351361720231071,0.004229272253765667,0.001192792376466085,0.0049598394943147495,0.010189699626706777,0.002648092264111241,0.0030608429846408665,0.0022661408219242845,0.006658226746645433,0.0016729801298194815,-0.00025407463852159304,0.01874435002593821,-0.0008125930483579085,0.0072863135290855835,0.0021323489002733073,-0.001919167350129671,-0.001976174255641926,0.002308575150155907,-0.0027930130315645943,-0.0028691076570885065,0.006619293019820407,-0.00035170869794900605,0.002289108106396068,-0.0011457224458309868,0.0006726491144510644,-0.0008416389871124825,0.004049887947975462,0.0012591562471852735,0.0029002387581512495,0.0018978439937979864,0.0017773341694000493,-0.0008125930483579085,0.011708916385857568,-0.00015761958783720947,0.0019246616641917828,0.006095227157538256,0.0036718028450658056,0.0037652721988358662,0.004597335858812862,0.004220089473445276,0.0007538169785503701,0.0032565733745904156,0.0008551401158113724,0.0015347120899282859,0.009212876572208664,0.0002842235644741239,0.0027645959576623807,0.002512022761266904,0.0038426592419189805,-0.0006999110513073884,0.00024647878018020186,0.0072863135290855835,-0.00015761958783720947,0.035519229464453336,-0.0018816016940481498,0.010429157484546226,0.0052777152643796385,0.007494956541080508,0.001003182015133891,-0.0027731722450646474,0.016385099359175648,0.009419454050676148,0.004646279522161594,0.0011025750143071529,0.013522036906095368,0.005468151846835197,0.010224680940969198,0.003800235894624611,0.015067147223290046,0.0054428436234239905,0.004718871603078899,0.0021323489002733073,0.0019246616641917828,-0.0018816016940481498,0.03373733470537601
