0.04114611941972405,0.00022218102039107425,0.00690927082396251,0.0016883047547487273,0.004672082746338565,0.004962479266027758,0.0023966256622825976,0.0012558821927709115,0.005721420721395651,0.0017896503691993554,0.013744832322013102,-0.0026286963577613317,0.0012003224499381052,-9.210105501382751e-5,0.0005220973504878213,0.001693070024439244,-0.0005863525019027867,0.0009628634799059102,0.002266490456276289,-0.0013464401089141019,0.00022218102039107425,0.0012107771764874073,-0.00019046551024197472,0.0001996722930198947,-0.00027182979444492956,0.0005721035079613626,0.0003963914507408147,-1.5387472717085505e-7,0.00040021196132378623,-2.2034040468332508e-5,0.0010512737469462233,0.0002933204730715007,0.0002042423565128798,0.0001085599903750848,0.000670586620120981,0.00016742352426380407,0.0005596141607809643,0.0002904848057712602,0.00028849439491395975,0.0005052365732354154,0.00690927082396251,-0.00019046551024197472,0.0174971552625445,0.0002594105490022333,0.00368751374096665,0.0010307447190949569,0.0021389349512235542,0.0010817583166121646,0.005973455703961388,0.0004244019471904363,0.007297087092575514,-0.0015949277786118485,9.353985405379585e-5,0.003185313005313397,-0.0013659113235933897,-7.0486744368172165e-6,-0.001195442294916659,0.0005075826561893168,0.0026099525854503007,0.0008559907968637196,0.0016883047547487273,0.0001996722930198947,0.0002594105490022333,0.006126152390409728,0.000945249995292611,0.0006206063734113163,-0.000272335429746398,-0.0002928335539125952,0.0009708621489262026,0.0002374837323530532,0.0015829927844398014,-0.0004760619122652052,0.00031387525074474303,-0.00018731055421782416,0.0020191162543053464,0.00010585400181939169,0.0005050613960890492,0.0008121414036699295,4.372909140513666e-5,-0.0012156756028709275,0.004672082746338565,-0.00027182979444492956,0.00368751374096665,0.000945249995292611,0.02740419239068741,0.002208082739411978,0.001715727600233603,4.766943954578377e-5,0.004771062670412416,0.001378281130488377,0.003138937888065202,0.003044385683145806,0.0013439942237880023,0.0032762649048543573,-0.0006220515493347727,0.00010112442797140377,0.0017508908503291209,0.002830883403884695,0.0023203861166862533,0.006142594495826961,0.004962479266027758,0.0005721035079613626,0.0010307447190949569,0.0006206063734113163,0.002208082739411978,0.022529383843027863,0.002372951169735008,0.0007428039821422773,0.005873963060665741,0.0012672002958493479,0.006070409709290334,0.002566852867673168,0.001072647622184706,0.0019124904955790337,0.0009668250029364537,0.000920214692832708,0.0040952740098712795,0.0034368777991849652,0.0009772567798779956,0.0012510717639042448,0.0023966256622825976,0.0003963914507408147,0.0021389349512235542,-0.000272335429746398,0.001715727600233603,0.002372951169735008,0.004083283282323285,0.0004225144985610092,0.0028741216037549092,0.00030628415492554053,0.002317199658178872,0.000476172580558374,0.00037788398562706784,0.001100233885567758,0.0002409379750363149,0.0005248992524317152,0.0015488766869404063,0.0013347283989354507,0.0016708019169354611,0.0015609005596436557,0.0012558821927709115,-1.5387472717085505e-7,0.0010817583166121646,-0.0002928335539125952,4.766943954578377e-5,0.0007428039821422773,0.0004225144985610092,0.001210268410444728,0.0013335192909664751,7.445931134399124e-5,0.001264844768844405,0.00029606440853016024,0.00018335062653397166,0.0004414483950524444,-0.0006673712406738777,0.00010706717320708759,-0.00017103366133553585,0.0002946698517888529,0.00013683591970369967,0.0009968983071400436,0.005721420721395651,0.00040021196132378623,0.005973455703961388,0.0009708621489262026,0.004771062670412416,0.005873963060665741,0.0028741216037549092,0.0013335192909664751,0.022834544970293233,0.0007540038028479845,0.005161960209268884,0.0011343390368747355,6.0874616567005066e-5,0.003536347514202891,-0.002162887341289529,8.384188686147225e-6,0.0015547642346789713,0.002418530079418218,0.0031610900451604917,0.0010356520081213423,0.0017896503691993554,-2.2034040468332508e-5,0.0004244019471904363,0.0002374837323530532,0.001378281130488377,0.0012672002958493479,0.00030628415492554053,7.445931134399124e-5,0.0007540038028479845,0.0031547080840372663,0.0026708537394771596,0.0003577776717044544,0.00021937206645344581,8.089355816912926e-5,-0.00012681140695942756,0.00040976509097341313,0.0013408325574839474,0.000994529852847664,0.00014398400626729294,-0.000879198519837706,0.013744832322013102,0.0010512737469462233,0.007297087092575514,0.0015829927844398014,0.003138937888065202,0.006070409709290334,0.002317199658178872,0.001264844768844405,0.005161960209268884,0.0026708537394771596,0.03491559879045601,0.0008013022270971733,0.0011341041594985584,0.0006370540528977033,0.0016227780212702987,0.0017087582691513912,-0.0002856562618459104,0.0005328581339422342,0.0012811207213929347,0.0006565254431936591,-0.0026286963577613317,0.0002933204730715007,-0.0015949277786118485,-0.0004760619122652052,0.003044385683145806,0.002566852867673168,0.000476172580558374,0.00029606440853016024,0.0011343390368747355,0.0003577776717044544,0.0008013022270971733,0.010779185278546868,0.0006192750600184156,0.0018691011310488735,0.0016826592563668275,0.0005040386864785891,0.0023729332875605065,0.0025500343496080535,-0.001217827098094189,0.0023557682107004244,0.0012003224499381052,0.0002042423565128798,9.353985405379585e-5,0.00031387525074474303,0.0013439942237880023,0.001072647622184706,0.00037788398562706784,0.00018335062653397166,6.0874616567005066e-5,0.00021937206645344581,0.0011341041594985584,0.0006192750600184156,0.002903516520807532,-0.0006230348138625424,0.0009650967573039152,0.00021732388998544792,0.0007394459889150577,0.0009972089195616279,0.0006012699894309078,0.0005504195163498116,-9.210105501382751e-5,0.0001085599903750848,0.003185313005313397,-0.00018731055421782416,0.0032762649048543573,0.0019124904955790337,0.001100233885567758,0.0004414483950524444,0.003536347514202891,8.089355816912926e-5,0.0006370540528977033,0.0018691011310488735,-0.0006230348138625424,0.021731829870381088,-0.0002834600950677161,-0.0001270477859782336,-0.00016541529271697157,-0.0002698535500744745,0.0011101475325471142,0.003288410390824,0.0005220973504878213,0.000670586620120981,-0.0013659113235933897,0.0020191162543053464,-0.0006220515493347727,0.0009668250029364537,0.0002409379750363149,-0.0006673712406738777,-0.002162887341289529,-0.00012681140695942756,0.0016227780212702987,0.0016826592563668275,0.0009650967573039152,-0.0002834600950677161,0.015973492910115485,0.0010843697304293294,0.003037695548422834,0.0028988275877448073,-0.0005817982053546316,-0.00029679873751917873,0.001693070024439244,0.00016742352426380407,-7.0486744368172165e-6,0.00010585400181939169,0.00010112442797140377,0.000920214692832708,0.0005248992524317152,0.00010706717320708759,8.384188686147225e-6,0.00040976509097341313,0.0017087582691513912,0.0005040386864785891,0.00021732388998544792,-0.0001270477859782336,0.0010843697304293294,0.0014864112854497981,0.0013675936492200617,0.0007606812855016291,0.0002318511828645739,-0.00012118470892023191,-0.0005863525019027867,0.0005596141607809643,-0.001195442294916659,0.0005050613960890492,0.0017508908503291209,0.0040952740098712795,0.0015488766869404063,-0.00017103366133553585,0.0015547642346789713,0.0013408325574839474,-0.0002856562618459104,0.0023729332875605065,0.0007394459889150577,-0.00016541529271697157,0.003037695548422834,0.0013675936492200617,0.01508378966799035,0.0042927077909249,4.205770673391035e-5,0.0004883874161971126,0.0009628634799059102,0.0002904848057712602,0.0005075826561893168,0.0008121414036699295,0.002830883403884695,0.0034368777991849652,0.0013347283989354507,0.0002946698517888529,0.002418530079418218,0.000994529852847664,0.0005328581339422342,0.0025500343496080535,0.0009972089195616279,-0.0002698535500744745,0.0028988275877448073,0.0007606812855016291,0.0042927077909249,0.017638483254350214,0.000527808275028026,-0.0002366019147411252,0.002266490456276289,0.00028849439491395975,0.0026099525854503007,4.372909140513666e-5,0.0023203861166862533,0.0009772567798779956,0.0016708019169354611,0.00013683591970369967,0.0031610900451604917,0.00014398400626729294,0.0012811207213929347,-0.001217827098094189,0.0006012699894309078,0.0011101475325471142,-0.0005817982053546316,0.0002318511828645739,4.205770673391035e-5,0.000527808275028026,0.0059304178959914185,0.0010427661254091176,-0.0013464401089141019,0.0005052365732354154,0.0008559907968637196,-0.0012156756028709275,0.006142594495826961,0.0012510717639042448,0.0015609005596436557,0.0009968983071400436,0.0010356520081213423,-0.000879198519837706,0.0006565254431936591,0.0023557682107004244,0.0005504195163498116,0.003288410390824,-0.00029679873751917873,-0.00012118470892023191,0.0004883874161971126,-0.0002366019147411252,0.0010427661254091176,0.026960110590870008
