0.008126885823226935,-0.00021583877812108275,-0.0018724398958462015,-8.760495463719657e-5,-0.0006199963325639609,0.0030187037472730865,0.002748028230775972,-0.001072397270325357,-0.0005901083610861289,0.0012987371029589208,0.0018209515758135586,0.001101737330999279,0.0032088492971671006,0.0025506103664894022,-0.004693081681808627,0.0003394588467553623,-0.00039896359185367215,-0.0015044517661252522,0.0011490890330793182,0.00035302867204883197,-0.00021583877812108275,0.003633662425406095,-0.0005660882156971238,9.598901159658555e-5,0.00015454169992862093,5.59129200066937e-5,-0.0007075303848645742,-0.000890998844015696,0.0004617811075167756,0.00036487394646512366,-0.00409704100916475,0.0012153218712342645,0.0016757768505779372,0.001089003187314049,0.0012909273922534572,0.00020565460794403788,0.0015028104869582051,0.0013296364768326267,-0.0001508008647896767,0.000499277207565946,-0.0018724398958462015,-0.0005660882156971238,0.0024079366560499043,-0.00034462963843312846,-0.00043830995222198074,-0.0007190646124597805,5.930616664117851e-5,0.00019861608313079482,-0.00041258209499243567,-0.00023120614284109038,0.001209708326137632,-0.00023400564173772548,-0.00013109550287773584,-0.00017193618218769367,-0.0004380304081873209,0.0007221346113165648,0.0001242220324113238,-0.0001580887358160971,5.152899546408659e-5,-0.00035252673675599,-8.760495463719657e-5,9.598901159658555e-5,-0.00034462963843312846,0.00249478959590025,0.0004863518305225845,0.0009309637030924212,-0.0010272870965604176,-0.0011507098153993524,0.00011369713129390925,0.00040164428784236105,-0.0024030362023305676,-0.0011786604334997142,-4.5925236023528404e-5,-0.00011780324299695582,0.0018564417813557658,-0.0005725235237445182,-0.0004543103040632145,0.00141509574685367,0.000493409952278269,3.849242156332396e-5,-0.0006199963325639609,0.00015454169992862093,-0.00043830995222198074,0.0004863518305225845,0.0009731316817210699,3.138581259801805e-5,-0.0003856667751930779,-0.00011771264223657519,0.00020084308420955,0.00025068814914161545,-0.0010289825746860085,-0.000688699349485236,-0.001035864277934364,-0.0003504946015858441,0.0012678208846447618,-0.00015688320321624783,0.00022502453111675717,0.0004374900052600039,-0.00039291625426828974,8.647216098512701e-5,0.0030187037472730865,5.59129200066937e-5,-0.0007190646124597805,0.0009309637030924212,3.138581259801805e-5,0.0040669513839647654,0.0007320998263066012,-0.0007395111803683897,0.00042833508506470513,0.0016729681069681305,-4.856574524543189e-5,0.00014492921848479866,0.0018457034302920136,0.0013896200542266748,-0.0010722625101391749,-0.0003888421303052049,0.001507743276360296,-8.678743356605828e-5,0.0008314244652586533,-1.3216864540952639e-5,0.002748028230775972,-0.0007075303848645742,5.930616664117851e-5,-0.0010272870965604176,-0.0003856667751930779,0.0007320998263066012,0.004613445473685687,0.00040727158828522897,-0.00032616403129541124,-0.0019285139658081097,0.0033918199306898936,0.0009392965828170034,0.0018795913064779404,0.0014531433296656193,-0.00038937717037311573,0.0011414294376578527,0.0015599970108384385,-0.0013307265670074722,-0.0008192486925307576,-0.0008423446733371665,-0.001072397270325357,-0.000890998844015696,0.00019861608313079482,-0.0011507098153993524,-0.00011771264223657519,-0.0007395111803683897,0.00040727158828522897,0.0017597570867021132,7.189364599491727e-5,-0.0003878526983954225,0.0020731322787032576,-0.0002848810830574811,-0.0011839882163971857,-0.0007416639475341222,-5.664132076919859e-5,-0.0005939356238651735,0.00036268707459402106,-0.0009743686870828719,-0.0003393645436176036,-0.0004278506831798363,-0.0005901083610861289,0.0004617811075167756,-0.00041258209499243567,0.00011369713129390925,0.00020084308420955,0.00042833508506470513,-0.00032616403129541124,7.189364599491727e-5,0.00078397258419458,0.00015441071671545799,-0.0006996777762799582,0.0002030469321892756,6.0418800408345e-6,0.00014175550007610425,0.0008161188938196429,-0.00031910385971876503,0.0006648887542919518,0.0004216978228439828,-0.0002370924596508914,-0.0001606124868259226,0.0012987371029589208,0.00036487394646512366,-0.00023120614284109038,0.00040164428784236105,0.00025068814914161545,0.0016729681069681305,-0.0019285139658081097,-0.0003878526983954225,0.00015441071671545799,0.003901116462820596,-0.001367725984138238,-0.0006020972064427444,-0.0004611939787725179,0.0014371739111378404,-0.001528398899926147,-0.00042912201690476534,-0.00025748782296715957,-0.0003418949085922459,0.00045998211181459204,0.001338699568005165,0.0018209515758135586,-0.00409704100916475,0.001209708326137632,-0.0024030362023305676,-0.0010289825746860085,-4.856574524543189e-5,0.0033918199306898936,0.0020731322787032576,-0.0006996777762799582,-0.001367725984138238,0.008180486003173832,0.00017144750948705023,-0.000624464763894813,-0.0006822080890753821,-0.0040423301787306815,0.0008660972286166846,-0.0004920169397187178,-0.0027070195864844606,-0.0003611738958520618,-0.0016260180800903505,0.001101737330999279,0.0012153218712342645,-0.00023400564173772548,-0.0011786604334997142,-0.000688699349485236,0.00014492921848479866,0.0009392965828170034,-0.0002848810830574811,0.0002030469321892756,-0.0006020972064427444,0.00017144750948705023,0.0021405026928032374,0.0020832023693088232,0.0009906341829114247,-0.001227735711054584,0.0006971210198282907,0.0007317676815304613,-0.00022226932213494536,2.4360725642772833e-5,5.032515020261603e-5,0.0032088492971671006,0.0016757768505779372,-0.00013109550287773584,-4.5925236023528404e-5,-0.001035864277934364,0.0018457034302920136,0.0018795913064779404,-0.0011839882163971857,6.0418800408345e-6,-0.0004611939787725179,-0.000624464763894813,0.0020832023693088232,0.005696137586828489,0.0010618696347516163,-0.0013371116006426734,0.0010197922586735356,0.0015448689736681888,-0.0007817650147966585,0.0016115605879074716,0.0012555869741188363,0.0025506103664894022,0.001089003187314049,-0.00017193618218769367,-0.00011780324299695582,-0.0003504946015858441,0.0013896200542266748,0.0014531433296656193,-0.0007416639475341222,0.00014175550007610425,0.0014371739111378404,-0.0006822080890753821,0.0009906341829114247,0.0010618696347516163,0.004680941529874626,5.144775267378031e-5,-0.00033292308071734486,0.0011240638336571722,-0.0004146297424418014,-0.0005913714176074432,0.00029139296424882376,-0.004693081681808627,0.0012909273922534572,-0.0004380304081873209,0.0018564417813557658,0.0012678208846447618,-0.0010722625101391749,-0.00038937717037311573,-5.664132076919859e-5,0.0008161188938196429,-0.001528398899926147,-0.0040423301787306815,-0.001227735711054584,-0.0013371116006426734,5.144775267378031e-5,0.00868098037197785,-0.0010156439334408698,0.0018412178085068505,0.0016018206209056692,-0.001617294324457719,0.0005351334420196158,0.0003394588467553623,0.00020565460794403788,0.0007221346113165648,-0.0005725235237445182,-0.00015688320321624783,-0.0003888421303052049,0.0011414294376578527,-0.0005939356238651735,-0.00031910385971876503,-0.00042912201690476534,0.0008660972286166846,0.0006971210198282907,0.0010197922586735356,-0.00033292308071734486,-0.0010156439334408698,0.0033163183296207365,5.711938594230402e-5,0.00027686134362305123,-0.001403487953202713,-0.0001247662836747871,-0.00039896359185367215,0.0015028104869582051,0.0001242220324113238,-0.0004543103040632145,0.00022502453111675717,0.001507743276360296,0.0015599970108384385,0.00036268707459402106,0.0006648887542919518,-0.00025748782296715957,-0.0004920169397187178,0.0007317676815304613,0.0015448689736681888,0.0011240638336571722,0.0018412178085068505,5.711938594230402e-5,0.003412288995485728,-5.787470021334776e-5,-0.0003916691605375999,-0.00022001167445819908,-0.0015044517661252522,0.0013296364768326267,-0.0001580887358160971,0.00141509574685367,0.0004374900052600039,-8.678743356605828e-5,-0.0013307265670074722,-0.0009743686870828719,0.0004216978228439828,-0.0003418949085922459,-0.0027070195864844606,-0.00022226932213494536,-0.0007817650147966585,-0.0004146297424418014,0.0016018206209056692,0.00027686134362305123,-5.787470021334776e-5,0.002614899904712576,-0.0006617446372083301,-0.001115047291026322,0.0011490890330793182,-0.0001508008647896767,5.152899546408659e-5,0.000493409952278269,-0.00039291625426828974,0.0008314244652586533,-0.0008192486925307576,-0.0003393645436176036,-0.0002370924596508914,0.00045998211181459204,-0.0003611738958520618,2.4360725642772833e-5,0.0016115605879074716,-0.0005913714176074432,-0.001617294324457719,-0.001403487953202713,-0.0003916691605375999,-0.0006617446372083301,0.002609501832601579,0.0008461654705372462,0.00035302867204883197,0.000499277207565946,-0.00035252673675599,3.849242156332396e-5,8.647216098512701e-5,-1.3216864540952639e-5,-0.0008423446733371665,-0.0004278506831798363,-0.0001606124868259226,0.001338699568005165,-0.0016260180800903505,5.032515020261603e-5,0.0012555869741188363,0.00029139296424882376,0.0005351334420196158,-0.0001247662836747871,-0.00022001167445819908,-0.001115047291026322,0.0008461654705372462,0.0027217083496249685
0.0051667976852899575,0.000564723838593963,-1.4613206433083752e-5,0.0007043916054214925,-0.0004538857632748847,-0.0006579795295365455,-6.592340963941317e-5,0.00012414105174580507,-0.0001076525267708333,-0.00042224743165812423,0.0016569098065408903,-0.0004311732243495924,0.0029828455687352616,0.0006537680884692316,-0.0034094788550035034,0.002880294248626899,-0.0015162362921869552,0.0009121543448908305,-0.0013753513654568088,-0.0007291895385204356,0.000564723838593963,0.004045651380612175,7.44288383327193e-5,-0.000665607651741337,0.0014023438224879002,0.0003213040027825214,-0.0018298739998484446,-0.00012296012402180192,-0.0001072681110673156,0.00038539320165625196,-0.0019583501545686597,0.000917002249273766,0.0009635564646749059,0.0002729463004326827,-0.004569124014921896,0.0012723279526409648,0.0006008172384293337,-4.9007100192102445e-5,0.001892387657790302,-2.0731835878320351e-7,-1.4613206433083752e-5,7.44288383327193e-5,0.002483373356830202,-0.0005806036224626677,4.376769260342058e-5,-0.0001793388774113741,0.0009483299767172135,0.000990784397339122,0.0010101549632642046,-0.0018547630128283102,-5.2771741048182196e-6,0.0016925367486296363,0.00016933126371063712,0.000246600318551828,0.0007317615195326318,-0.00045563176634685665,-0.0005328825334204824,0.00017037709971341248,-0.0007820002549298415,-0.00020389681980431,0.0007043916054214925,-0.000665607651741337,-0.0005806036224626677,0.002413332873773818,-0.0005853823898155992,0.0014162451765413748,-0.0010726820211833317,0.000379684447797654,0.0003369846183962214,0.0010577252280408694,-0.0013446154507703537,0.00042473552646387144,-5.159715693237485e-5,-0.0007177351442001338,-0.0016773216468410604,-8.272667071811639e-5,0.0005655626519388185,-0.002168624110355437,-0.0014903277565209859,-6.019728585302916e-5,-0.0004538857632748847,0.0014023438224879002,4.376769260342058e-5,-0.0005853823898155992,0.0017901350776499403,0.0005985658582569735,-0.0007011031196918645,0.00014923350306446793,0.000143658954996729,1.0631349434547033e-5,-0.0014164931930417428,-0.00014398232359798442,0.000704201931952269,1.430411371095645e-5,-0.0008520475975968153,0.0009011996853779884,0.0011255426043628076,-0.0012665962096078775,0.0004306862342530728,-0.00017677886907803737,-0.0006579795295365455,0.0003213040027825214,-0.0001793388774113741,0.0014162451765413748,0.0005985658582569735,0.0035420491923888833,-0.0009399295799564192,0.002315961247036983,0.00016389668621311345,0.0005997173736234441,-0.0027134257671221676,0.00011882649560591173,-0.0016776951460191194,-0.00039965747503283017,-0.0010892679567977392,0.0004253817670327442,0.0005857339105361051,-0.0031781826675681005,-0.0012901629606656034,-0.000704562717747903,-6.592340963941317e-5,-0.0018298739998484446,0.0009483299767172135,-0.0010726820211833317,-0.0007011031196918645,-0.0009399295799564192,0.002750311640274129,0.0011029367184454868,-8.139528204128754e-5,-0.0021287617748133973,0.00233424331765865,-0.00022583669153828203,-0.0011295963682585474,0.0006846706010684017,0.003132694073288471,-0.0008094124924467024,-0.001883210276683819,0.0020109080265167056,-0.0007355906691561933,-9.28308196816073e-5,0.00012414105174580507,-0.00012296012402180192,0.000990784397339122,0.000379684447797654,0.00014923350306446793,0.002315961247036983,0.0011029367184454868,0.00395466193341957,-1.6606936734823844e-5,-0.0018830334200434203,-0.0010589812617398265,0.0010650205378849266,-0.002323186116877323,6.394065758872475e-7,3.5764330016073636e-6,7.97339414711427e-5,-0.0018753537234846105,-0.0011257223755189128,-0.0013369036427171859,-0.0006689569233374831,-0.0001076525267708333,-0.0001072681110673156,0.0010101549632642046,0.0003369846183962214,0.000143658954996729,0.00016389668621311345,-8.139528204128754e-5,-1.6606936734823844e-5,0.001452262922715135,-0.0005863938756424446,-0.0010185103283980581,0.0008157338548746873,0.000648905111036298,0.00028739780263952657,-0.00030353057480601354,-0.0003452476966660296,0.0009983310902894763,-0.0008120645218304124,-0.0005045117486551486,-8.162526753226313e-5,-0.00042224743165812423,0.00038539320165625196,-0.0018547630128283102,0.0010577252280408694,1.0631349434547033e-5,0.0005997173736234441,-0.0021287617748133973,-0.0018830334200434203,-0.0005863938756424446,0.003411215204449405,-0.0008227948608071638,-0.001741850908543674,0.0005943647343053108,-0.0012449824774635916,-0.0004887150496254607,0.0007937024706175134,0.0017598387198031838,-0.001472409878769951,0.000779652156305146,-7.720730306892107e-5,0.0016569098065408903,-0.0019583501545686597,-5.2771741048182196e-6,-0.0013446154507703537,-0.0014164931930417428,-0.0027134257671221676,0.00233424331765865,-0.0010589812617398265,-0.0010185103283980581,-0.0008227948608071638,0.005426202893641893,-0.0017037885541754442,-3.4808508264855004e-5,0.0019416043563410448,0.0021271450208109662,0.00012835594604837855,-0.0025809789917526174,0.005480790969174491,-0.0001603807571076086,0.00034489240105224953,-0.0004311732243495924,0.000917002249273766,0.0016925367486296363,0.00042473552646387144,-0.00014398232359798442,0.00011882649560591173,-0.00022583669153828203,0.0010650205378849266,0.0008157338548746873,-0.001741850908543674,-0.0017037885541754442,0.004203030883217591,-0.00018142700415660844,-0.00035846931713876646,-0.001848913901823632,-0.0016598597014397002,-0.00078148028966794,-0.00045477220315952104,-5.750203282246201e-5,0.0004015709733475208,0.0029828455687352616,0.0009635564646749059,0.00016933126371063712,-5.159715693237485e-5,0.000704201931952269,-0.0016776951460191194,-0.0011295963682585474,-0.002323186116877323,0.000648905111036298,0.0005943647343053108,-3.4808508264855004e-5,-0.00018142700415660844,0.005574446487124732,-0.001228965071621437,-0.0013486485281890412,0.0024209993476667566,0.0014739612061401433,-0.0018656304284636362,-0.00045231205488794745,-0.0007274245129329808,0.0006537680884692316,0.0002729463004326827,0.000246600318551828,-0.0007177351442001338,1.430411371095645e-5,-0.00039965747503283017,0.0006846706010684017,6.394065758872475e-7,0.00028739780263952657,-0.0012449824774635916,0.0019416043563410448,-0.00035846931713876646,-0.001228965071621437,0.004739808666167338,-0.003183579233635727,-0.00011320755357519744,-0.0004996596805340278,0.004679988745351372,-7.47191456555611e-5,0.0010721061031565224,-0.0034094788550035034,-0.004569124014921896,0.0007317615195326318,-0.0016773216468410604,-0.0008520475975968153,-0.0010892679567977392,0.003132694073288471,3.5764330016073636e-6,-0.00030353057480601354,-0.0004887150496254607,0.0021271450208109662,-0.001848913901823632,-0.0013486485281890412,-0.003183579233635727,0.011952215321794699,-0.001780114110255453,-0.0007171111921925393,-0.0009759896175597824,-7.292208021776226e-5,-0.0010096134217331514,0.002880294248626899,0.0012723279526409648,-0.00045563176634685665,-8.272667071811639e-5,0.0009011996853779884,0.0004253817670327442,-0.0008094124924467024,7.97339414711427e-5,-0.0003452476966660296,0.0007937024706175134,0.00012835594604837855,-0.0016598597014397002,0.0024209993476667566,-0.00011320755357519744,-0.001780114110255453,0.0034842787322156296,-4.731292716609448e-5,-0.0006950807835831385,-0.000186188753232716,-0.0010635550389743653,-0.0015162362921869552,0.0006008172384293337,-0.0005328825334204824,0.0005655626519388185,0.0011255426043628076,0.0005857339105361051,-0.001883210276683819,-0.0018753537234846105,0.0009983310902894763,0.0017598387198031838,-0.0025809789917526174,-0.00078148028966794,0.0014739612061401433,-0.0004996596805340278,-0.0007171111921925393,-4.731292716609448e-5,0.0040873740150413,-0.0035031915569315505,-0.00016869064530291244,0.000277420692321986,0.0009121543448908305,-4.9007100192102445e-5,0.00017037709971341248,-0.002168624110355437,-0.0012665962096078775,-0.0031781826675681005,0.0020109080265167056,-0.0011257223755189128,-0.0008120645218304124,-0.001472409878769951,0.005480790969174491,-0.00045477220315952104,-0.0018656304284636362,0.004679988745351372,-0.0009759896175597824,-0.0006950807835831385,-0.0035031915569315505,0.010268657342301226,0.0026660895794931748,0.0014074171862222687,-0.0013753513654568088,0.001892387657790302,-0.0007820002549298415,-0.0014903277565209859,0.0004306862342530728,-0.0012901629606656034,-0.0007355906691561933,-0.0013369036427171859,-0.0005045117486551486,0.000779652156305146,-0.0001603807571076086,-5.750203282246201e-5,-0.00045231205488794745,-7.47191456555611e-5,-7.292208021776226e-5,-0.000186188753232716,-0.00016869064530291244,0.0026660895794931748,0.004169397993550973,0.0003968584943568953,-0.0007291895385204356,-2.0731835878320351e-7,-0.00020389681980431,-6.019728585302916e-5,-0.00017677886907803737,-0.000704562717747903,-9.28308196816073e-5,-0.0006689569233374831,-8.162526753226313e-5,-7.720730306892107e-5,0.00034489240105224953,0.0004015709733475208,-0.0007274245129329808,0.0010721061031565224,-0.0010096134217331514,-0.0010635550389743653,0.000277420692321986,0.0014074171862222687,0.0003968584943568953,0.0011292430631855079
