0.009021812086565589,0.0008455336795233311,0.0003084363823498607,-0.0005493859093701845,0.0009067904413941897,0.0004072778291655978,0.0005460024597020924,0.00014159105902235297,0.0001768123735489299,0.0008114150947425671,0.00014448240759724613,0.0014358771261351532,0.00032869462570659215,0.0008297817595164982,0.0015008015627463573,0.003168842682099952,0.001829695466580507,0.00040455160181916184,0.0003002778746182081,-0.0006799769753184856,0.0008455336795233311,0.0071644987150004955,7.460991685308551e-5,0.0002365170063810386,0.0010122472606781839,0.00013941788085943598,-0.00011849516011035131,-0.00027902357542877997,0.0011701739926238113,0.0006667108857556309,0.0004221410453408501,0.0012038318538087353,-0.00014763731698986946,0.0012279248302074228,0.0013953017614785081,0.0004114510432168711,3.9172242168315515e-5,0.0011754873541290596,0.00036382155769568896,-4.3385138373112995e-5,0.0003084363823498607,7.460991685308551e-5,0.004439307467509367,-0.00039851573063874287,0.0010696748008394358,-1.7678625209478213e-5,-0.0007923176469216965,0.00010103929645087784,-6.282229172511537e-5,0.0014194349899726217,0.001128199228342225,0.0004861302205234348,0.0003176236389279942,0.00030504132622792844,0.002117778118906469,0.0017759076275790822,-0.0003090892182132154,-5.858928724686601e-5,0.0004458560592255681,0.00010042251562962145,-0.0005493859093701845,0.0002365170063810386,-0.00039851573063874287,0.004569644452858755,0.0007919495447772415,0.0003457061880165316,0.0005288057643581567,0.00023075868885176146,0.00044033323799156363,0.00042688549507960893,0.0011705403216923252,-0.00011527098392373762,5.880715064865332e-5,0.0004397904837277163,-0.0004220025308483181,0.0007691665117228741,0.0013321248921242292,0.00018509141256152224,0.0002421477016922485,0.0013005444264336478,0.0009067904413941897,0.0010122472606781839,0.0010696748008394358,0.0007919495447772415,0.010088359699821286,1.7724987522845254e-5,0.0006173169276502033,0.001076400356757152,0.0018039670212717164,0.0003817250811513224,0.0038888672452881074,-0.00027046892814044596,0.0010592780406198038,0.0013679850364141284,0.002387576170551656,0.0018259216751671484,0.0016286344803896308,0.0011460732349605957,0.0011217351326748212,0.00041308529904405644,0.0004072778291655978,0.00013941788085943598,-1.7678625209478213e-5,0.0003457061880165316,1.7724987522845254e-5,0.003547223428256259,-0.0004079874929959133,0.0008524599927870957,-8.217987058624441e-5,0.00024273633094534666,-8.003393875931049e-5,0.00015532262990287,0.0002834445780505318,0.0002570508680484684,0.0005788266108202496,0.0012228687046132666,0.0005231816106214416,0.0013892305039534683,0.0004720913728092788,0.0009549606718753143,0.0005460024597020924,-0.00011849516011035131,-0.0007923176469216965,0.0005288057643581567,0.0006173169276502033,-0.0004079874929959133,0.006635321890289121,-1.0779225687121104e-5,0.0003921126602577891,0.0010444998711544816,-0.0009835052164763071,-0.00019640575471882392,0.0008063970656688698,0.0004617760472743059,-0.0007223024472200423,-0.00033474307859385514,0.00047629809224608447,0.00021641131651289945,-0.0006042029785510338,0.0003580524257725378,0.00014159105902235297,-0.00027902357542877997,0.00010103929645087784,0.00023075868885176146,0.001076400356757152,0.0008524599927870957,-1.0779225687121104e-5,0.0031579405338569484,0.0001505890284255698,-0.00026929406501387026,-3.890436160480094e-7,-2.2785507680879093e-5,9.610009883052404e-5,1.3847872606580402e-5,0.0008509523127166163,0.0014140268559405882,0.0009056071590668598,0.0006135039190070883,0.00038791307770597125,0.0005938646851558827,0.0001768123735489299,0.0011701739926238113,-6.282229172511537e-5,0.00044033323799156363,0.0018039670212717164,-8.217987058624441e-5,0.0003921126602577891,0.0001505890284255698,0.0031843028567752163,-0.00011839815247933485,0.0017513921215485638,0.00013164776240835713,0.0010280325799735437,0.0005898601369967423,-0.0005495739640042233,6.0894471999546466e-5,0.0004423627800284492,0.0008130641096483511,2.7549078468260335e-5,-0.00022064670414624382,0.0008114150947425671,0.0006667108857556309,0.0014194349899726217,0.00042688549507960893,0.0003817250811513224,0.00024273633094534666,0.0010444998711544816,-0.00026929406501387026,-0.00011839815247933485,0.010584569512608296,0.0008119866053210607,0.0004183963445834419,0.0011977516887112453,-5.029979496098514e-5,0.0020910015485162904,0.003312335140863096,0.0018427028997954522,0.0010543461087594702,7.322730662772303e-5,0.0012941399496107682,0.00014448240759724613,0.0004221410453408501,0.001128199228342225,0.0011705403216923252,0.0038888672452881074,-8.003393875931049e-5,-0.0009835052164763071,-3.890436160480094e-7,0.0017513921215485638,0.0008119866053210607,0.01560894525349556,-0.0006745022797287706,0.0010451691496557302,-0.00027330179108286696,0.001882621236303771,0.0008767492579852277,0.0018794293606028975,0.00019063474080848413,0.0014074652879842043,0.0014112247720859524,0.0014358771261351532,0.0012038318538087353,0.0004861302205234348,-0.00011527098392373762,-0.00027046892814044596,0.00015532262990287,-0.00019640575471882392,-2.2785507680879093e-5,0.00013164776240835713,0.0004183963445834419,-0.0006745022797287706,0.0049175156764030455,0.00023399539176209507,0.0008464049666835631,0.0009036675741749,0.0017276858156384176,-0.0002946500010878641,0.0013880789979635786,-0.0003305838985830621,-0.0012132606442553187,0.00032869462570659215,-0.00014763731698986946,0.0003176236389279942,5.880715064865332e-5,0.0010592780406198038,0.0002834445780505318,0.0008063970656688698,9.610009883052404e-5,0.0010280325799735437,0.0011977516887112453,0.0010451691496557302,0.00023399539176209507,0.00368789304730603,-0.00015859914564056126,0.0005327756899985847,0.0006361593672691868,0.0002718331513729977,0.001597387704747851,0.00010115252940510281,0.0002866490617103949,0.0008297817595164982,0.0012279248302074228,0.00030504132622792844,0.0004397904837277163,0.0013679850364141284,0.0002570508680484684,0.0004617760472743059,1.3847872606580402e-5,0.0005898601369967423,-5.029979496098514e-5,-0.00027330179108286696,0.0008464049666835631,-0.00015859914564056126,0.00755952506910018,0.0006152339533307744,3.5954824002059e-5,0.0010936627876045194,0.0005202243575405678,0.0006924210524114261,0.0002843342472369515,0.0015008015627463573,0.0013953017614785081,0.002117778118906469,-0.0004220025308483181,0.002387576170551656,0.0005788266108202496,-0.0007223024472200423,0.0008509523127166163,-0.0005495739640042233,0.0020910015485162904,0.001882621236303771,0.0009036675741749,0.0005327756899985847,0.0006152339533307744,0.014254512226811584,0.0020121370042694726,0.000577903335342162,0.0015940194545965149,0.0009317445901050446,-1.4314759210347515e-5,0.003168842682099952,0.0004114510432168711,0.0017759076275790822,0.0007691665117228741,0.0018259216751671484,0.0012228687046132666,-0.00033474307859385514,0.0014140268559405882,6.0894471999546466e-5,0.003312335140863096,0.0008767492579852277,0.0017276858156384176,0.0006361593672691868,3.5954824002059e-5,0.0020121370042694726,0.01685865476433644,0.00365525633981238,0.0020739612538347276,0.0008275504389618057,0.0013938412385861598,0.001829695466580507,3.9172242168315515e-5,-0.0003090892182132154,0.0013321248921242292,0.0016286344803896308,0.0005231816106214416,0.00047629809224608447,0.0009056071590668598,0.0004423627800284492,0.0018427028997954522,0.0018794293606028975,-0.0002946500010878641,0.0002718331513729977,0.0010936627876045194,0.000577903335342162,0.00365525633981238,0.008866566053342411,0.00019336649000455656,0.0008833555034488893,0.0013554454233013563,0.00040455160181916184,0.0011754873541290596,-5.858928724686601e-5,0.00018509141256152224,0.0011460732349605957,0.0013892305039534683,0.00021641131651289945,0.0006135039190070883,0.0008130641096483511,0.0010543461087594702,0.00019063474080848413,0.0013880789979635786,0.001597387704747851,0.0005202243575405678,0.0015940194545965149,0.0020739612538347276,0.00019336649000455656,0.010492724517096921,-5.078909961337195e-5,-0.0008150297605729399,0.0003002778746182081,0.00036382155769568896,0.0004458560592255681,0.0002421477016922485,0.0011217351326748212,0.0004720913728092788,-0.0006042029785510338,0.00038791307770597125,2.7549078468260335e-5,7.322730662772303e-5,0.0014074652879842043,-0.0003305838985830621,0.00010115252940510281,0.0006924210524114261,0.0009317445901050446,0.0008275504389618057,0.0008833555034488893,-5.078909961337195e-5,0.002160324359351079,0.00040430540096630734,-0.0006799769753184856,-4.3385138373112995e-5,0.00010042251562962145,0.0013005444264336478,0.00041308529904405644,0.0009549606718753143,0.0003580524257725378,0.0005938646851558827,-0.00022064670414624382,0.0012941399496107682,0.0014112247720859524,-0.0012132606442553187,0.0002866490617103949,0.0002843342472369515,-1.4314759210347515e-5,0.0013938412385861598,0.0013554454233013563,-0.0008150297605729399,0.00040430540096630734,0.013462157863309121
0.021034765856274805,0.008144884594243652,0.003371590145532061,0.008019706392390075,0.01340741352451326,0.006081416575423302,0.006138183722036904,0.002937220758059918,0.0034566278311846926,0.009378310624788357,0.0056173939498281485,0.0017719439696302535,0.007892246926536298,0.004296958869584604,0.01365773006493563,0.003074778048308168,0.0014291541838199165,-0.0023382463040400744,0.005019970581884695,0.011404643831129432,0.008144884594243652,0.014026440913334763,0.0019405884858852654,0.006819723982120896,0.007953150295331043,0.00364005959138449,0.005217512337494774,0.0024617811052691134,-0.0008530507843557426,0.01218489471750802,0.010103221245704052,-0.00023380287285148087,0.003993899276545512,0.0038789318486338216,0.007266942647937356,0.005830270073581252,0.0017301544592864318,0.0008881771262093566,0.0023782180858570377,0.0058241774240248715,0.003371590145532061,0.0019405884858852654,0.006430250759013343,0.0020906825524554607,0.0042780687924441375,0.0025943468896202845,0.002960695778444888,0.0014923819525407525,0.002798337078940891,0.0006462562414979796,0.0007107011056820818,0.0010220982373680024,0.002874570913976313,0.0037587161790009344,0.004383458269109334,0.0027379008670905445,0.0034726520130721568,0.0015034917569175332,0.0020699095613764848,0.002279736112217541,0.008019706392390075,0.006819723982120896,0.0020906825524554607,0.011632623360555152,0.007093139301836327,0.0026167544864763885,0.004227887751137397,0.001890950629841702,0.0003448583450659532,0.010870526980079395,0.01129977074576018,-0.000633720631020254,0.0031440333530563897,0.0032106821326260983,0.007086134596125721,0.0070654705816993665,5.616908406178653e-5,0.0018029205549902317,0.0038940971228397523,0.004549487587537094,0.01340741352451326,0.007953150295331043,0.0042780687924441375,0.007093139301836327,0.018886592504682918,0.0059756343615039,0.006739726708699052,0.003387336483401211,0.003120105609142285,0.010596544403315165,0.003932046047783233,0.001018030333562528,0.007334124371222126,0.0049523625933219325,0.011426900022757145,0.0024684623060687453,0.001802826417762234,0.0004213457247697576,0.004753971555098123,0.010239490180157598,0.006081416575423302,0.00364005959138449,0.0025943468896202845,0.0026167544864763885,0.0059756343615039,0.006984767901099025,0.0037275485849491245,0.0010785499796853485,0.001953910582307631,0.0033355250885350905,0.001906871082923766,0.001702165298497493,0.003164720762295138,0.003386932179797682,0.005369343121518872,-0.0004577592187867977,0.0020519700818399426,-0.001312123625131964,0.0008553063515718744,0.0059117708718684405,0.006138183722036904,0.005217512337494774,0.002960695778444888,0.004227887751137397,0.006739726708699052,0.0037275485849491245,0.009263208648908946,0.0013711399757722364,0.0024851677695364423,0.007486140901742473,0.00559198879777163,0.0001571084629804537,0.003255920496274961,0.002930165928832419,0.0057606293570068605,0.003459571152521005,0.0024832831219275394,0.0029102845260614947,0.002966999084759339,0.004152964875159858,0.002937220758059918,0.0024617811052691134,0.0014923819525407525,0.001890950629841702,0.003387336483401211,0.0010785499796853485,0.0013711399757722364,0.003686266874204039,0.0017539715337160265,2.957537753184729e-5,0.0003563843679267292,0.00039055450562043635,0.0015956294304543765,0.0014376290962445925,0.004295330221918189,0.00033836932274541496,0.0013037709900948194,0.00020790069069511404,0.0015848546384956237,0.003188441136796432,0.0034566278311846926,-0.0008530507843557426,0.002798337078940891,0.0003448583450659532,0.003120105609142285,0.001953910582307631,0.0024851677695364423,0.0017539715337160265,0.007035338470664506,-0.0025756691806295457,-0.0035081340521960105,0.0014599254762784502,0.0012889143050959918,0.0022144369263978336,0.004702960719147291,-0.0009567357435079187,0.002650113451809642,0.0017026255286342379,0.0034724506073612466,0.0037026753602955173,0.009378310624788357,0.01218489471750802,0.0006462562414979796,0.010870526980079395,0.010596544403315165,0.0033355250885350905,0.007486140901742473,2.957537753184729e-5,-0.0025756691806295457,0.029237435968002698,0.018951341479751915,-0.0010392923800764005,0.004032430116239211,0.004419381047035517,0.006412958757739685,0.009760634805409098,-0.0016812913690430727,0.0025094889717131126,0.0035085648179752635,0.004292886549349985,0.0056173939498281485,0.010103221245704052,0.0007107011056820818,0.01129977074576018,0.003932046047783233,0.001906871082923766,0.00559198879777163,0.0003563843679267292,-0.0035081340521960105,0.018951341479751915,0.029265347620051924,-0.0018625668019923935,0.0026260172135154644,0.004166992212951536,0.004007586193647218,0.013335183574704363,-0.0009097307663042573,0.004835287292957748,0.0026004221455412473,0.001037337675259078,0.0017719439696302535,-0.00023380287285148087,0.0010220982373680024,-0.000633720631020254,0.001018030333562528,0.001702165298497493,0.0001571084629804537,0.00039055450562043635,0.0014599254762784502,-0.0010392923800764005,-0.0018625668019923935,0.0052891285891750964,0.0007540472728996974,0.0018485938733386453,0.001987540637048918,-0.0013265186063851453,0.0011468708380420604,-3.1921795985172525e-5,4.341215147143073e-5,0.003960318517855391,0.007892246926536298,0.003993899276545512,0.002874570913976313,0.0031440333530563897,0.007334124371222126,0.003164720762295138,0.003255920496274961,0.0015956294304543765,0.0012889143050959918,0.004032430116239211,0.0026260172135154644,0.0007540472728996974,0.006855397746745267,0.002537518559553545,0.007033463258921299,0.0021420960217637193,0.002100970972575651,-0.0008425327945854186,0.0025250591857208416,0.0049483347540330135,0.004296958869584604,0.0038789318486338216,0.0037587161790009344,0.0032106821326260983,0.0049523625933219325,0.003386932179797682,0.002930165928832419,0.0014376290962445925,0.0022144369263978336,0.004419381047035517,0.004166992212951536,0.0018485938733386453,0.002537518559553545,0.011018753652733599,0.0067465302536913845,0.006280794582232684,0.0019258045024080528,0.00280435952707897,0.0029356023941591513,0.004176808843292813,0.01365773006493563,0.007266942647937356,0.004383458269109334,0.007086134596125721,0.011426900022757145,0.005369343121518872,0.0057606293570068605,0.004295330221918189,0.004702960719147291,0.006412958757739685,0.004007586193647218,0.001987540637048918,0.007033463258921299,0.0067465302536913845,0.023902947625325657,0.00471989132088165,0.0030369933885821326,-0.0002686427238553462,0.006154225646271378,0.01050908580620233,0.003074778048308168,0.005830270073581252,0.0027379008670905445,0.0070654705816993665,0.0024684623060687453,-0.0004577592187867977,0.003459571152521005,0.00033836932274541496,-0.0009567357435079187,0.009760634805409098,0.013335183574704363,-0.0013265186063851453,0.0021420960217637193,0.006280794582232684,0.00471989132088165,0.02309904290301559,0.001225052404755958,0.0054672349111904075,0.0044195349780710436,-0.002040058908702068,0.0014291541838199165,0.0017301544592864318,0.0034726520130721568,5.616908406178653e-5,0.001802826417762234,0.0020519700818399426,0.0024832831219275394,0.0013037709900948194,0.002650113451809642,-0.0016812913690430727,-0.0009097307663042573,0.0011468708380420604,0.002100970972575651,0.0019258045024080528,0.0030369933885821326,0.001225052404755958,0.00922822452177115,0.0012975572012603124,0.0009992690982820742,0.0021184573843424,-0.0023382463040400744,0.0008881771262093566,0.0015034917569175332,0.0018029205549902317,0.0004213457247697576,-0.001312123625131964,0.0029102845260614947,0.00020790069069511404,0.0017026255286342379,0.0025094889717131126,0.004835287292957748,-3.1921795985172525e-5,-0.0008425327945854186,0.00280435952707897,-0.0002686427238553462,0.0054672349111904075,0.0012975572012603124,0.01169548519704155,0.0023400642412255276,-0.00037206630529384104,0.005019970581884695,0.0023782180858570377,0.0020699095613764848,0.0038940971228397523,0.004753971555098123,0.0008553063515718744,0.002966999084759339,0.0015848546384956237,0.0034724506073612466,0.0035085648179752635,0.0026004221455412473,4.341215147143073e-5,0.0025250591857208416,0.0029356023941591513,0.006154225646271378,0.0044195349780710436,0.0009992690982820742,0.0023400642412255276,0.005466974539635241,0.0026284452475932875,0.011404643831129432,0.0058241774240248715,0.002279736112217541,0.004549487587537094,0.010239490180157598,0.0059117708718684405,0.004152964875159858,0.003188441136796432,0.0037026753602955173,0.004292886549349985,0.001037337675259078,0.003960318517855391,0.0049483347540330135,0.004176808843292813,0.01050908580620233,-0.002040058908702068,0.0021184573843424,-0.00037206630529384104,0.0026284452475932875,0.019386887309042613
