0.005882116820802356,-0.0003285359554114322,-0.00044427226597138164,-0.00029562860405661976,-9.047878755198105e-5,-0.00044632237621854745,-0.0013764304613686738,-0.0007847300797479721,0.0040992048981533784,0.0015402183516817765,0.0008276620593915501,-0.0005720731236092008,0.0018566903285435802,0.0006333776917078209,0.0003059577366607818,-0.0006756834082399352,-0.0002090330526592536,0.0007222831931188872,0.0005525469423770503,0.004796096434457114,-0.0003285359554114322,0.004740168525733946,0.0003053230890682434,0.0009813765228874633,7.884796820761467e-5,0.0007948958658906017,0.0019553044237927294,0.0011548742256005358,-0.00103261649458814,-0.0004902828308013023,0.0008715322859007771,0.0012401281511694143,-0.00040379032610886225,0.0003446655253479559,-0.001083945260114676,-0.0004129307531059441,0.00027212550809090346,0.0007677620842797606,-0.0006362931738102858,-0.003930599604250654,-0.00044427226597138164,0.0003053230890682434,0.002852612711617607,0.000522570072986829,0.0006003709128918547,-0.0011387996494420082,-0.0013230028185663217,0.0017366982118520128,0.0002712860559028104,0.0005303151597197683,-0.0004170630200451496,-0.0011420837295455437,-0.0010667770895407005,-0.0006300115941188129,-0.00017179264039843403,9.174198250852797e-5,0.0006148346942804271,-0.00015325665777360172,0.000947880926773992,0.002513945426379887,-0.00029562860405661976,0.0009813765228874633,0.000522570072986829,0.0029379707268181064,0.0020013091369663148,-0.0010907548416075941,0.001836093578633762,0.002190569798218915,0.001685071367336777,0.0017126917408969667,0.0003301511195845238,0.0019071604630095506,0.0019873243978943576,2.3103281460432176e-5,0.0014490860191850813,0.001023249731343331,0.0008278698351563915,0.0003864175081699676,0.0010358767301331753,0.0018302298200066505,-9.047878755198105e-5,7.884796820761467e-5,0.0006003709128918547,0.0020013091369663148,0.007836507811509597,0.0008015123663972043,-0.0005397653230393583,-0.00033999253745667065,0.0024327824734842515,0.0015074015377770965,2.9849581191793888e-5,0.002136351637520506,0.0016973610388235994,0.001797375208037452,0.0036893159548730603,0.0006401123093802257,0.0011537606441638744,0.0014428520200477106,0.0008347312649603142,0.0013500337041078667,-0.00044632237621854745,0.0007948958658906017,-0.0011387996494420082,-0.0010907548416075941,0.0008015123663972043,0.024541770672877907,-0.0016767078669389344,-0.005860826225820081,-0.007122118448849269,-0.004454563971756785,0.0005322482710332637,0.0013772086543988767,0.0018978951958591658,0.002009668670525195,0.0024971358000062498,0.0017010991938497385,0.0003987569192291658,0.0028846491795146935,-0.001802206529287034,-0.015916711196799715,-0.0013764304613686738,0.0019553044237927294,-0.0013230028185663217,0.001836093578633762,-0.0005397653230393583,-0.0016767078669389344,0.03909376912529126,0.00539311810581442,0.004417507354332448,0.0050303692643162345,0.004098533039254929,0.013359269694769742,0.007102524026667963,-0.001306388925565725,0.005408393212110784,0.005497644830225533,0.0016485756098369617,-0.0007849331622538775,0.0010950526403822791,0.0005648310201641377,-0.0007847300797479721,0.0011548742256005358,0.0017366982118520128,0.002190569798218915,-0.00033999253745667065,-0.005860826225820081,0.00539311810581442,0.03063957301807697,0.0012655608464846061,0.00519002091628674,0.0036469256337151273,0.002291548539959324,0.0022610445730442477,0.0003656406471918704,-0.001255020377009246,0.0022267648742200453,0.0020945285922100744,-0.0007463239596962756,0.0004710596997229851,0.006543268386749709,0.0040992048981533784,-0.00103261649458814,0.0002712860559028104,0.001685071367336777,0.0024327824734842515,-0.007122118448849269,0.004417507354332448,0.0012655608464846061,0.020044841685679344,0.004579197504460059,0.0008427083754305872,0.0022915832874442397,0.0011114563855502903,6.678896497905643e-5,0.0024726067549505114,0.0008168407999448099,0.000916047957851827,0.0006062836388737627,0.0017399706459377611,0.01378917634068533,0.0015402183516817765,-0.0004902828308013023,0.0005303151597197683,0.0017126917408969667,0.0015074015377770965,-0.004454563971756785,0.0050303692643162345,0.00519002091628674,0.004579197504460059,0.006952384324257878,0.0013529237736354376,0.00140595074478352,0.004589174164142708,-6.52609314666172e-5,0.004202344006601881,0.0011023125791229226,0.0014207351786408983,-0.0004949557852417611,0.0024976517766642932,0.007533147050619831,0.0008276620593915501,0.0008715322859007771,-0.0004170630200451496,0.0003301511195845238,2.9849581191793888e-5,0.0005322482710332637,0.004098533039254929,0.0036469256337151273,0.0008427083754305872,0.0013529237736354376,0.006899059648686913,0.0026965157552856383,0.004275067095864297,0.0015630432030144437,0.0016084149692853606,-0.00045017312244100254,0.0009501177510788474,0.0007890197257980185,4.470790036471015e-5,-0.00035941709638671513,-0.0005720731236092008,0.0012401281511694143,-0.0011420837295455437,0.0019071604630095506,0.002136351637520506,0.0013772086543988767,0.013359269694769742,0.002291548539959324,0.0022915832874442397,0.00140595074478352,0.0026965157552856383,0.022852496557203297,0.006447203840575492,0.0003962555038297666,0.0060225490197396755,0.003987382156098579,0.0011053972553079312,0.0014608976781604372,-0.0006421914307842807,-0.008125921295131414,0.0018566903285435802,-0.00040379032610886225,-0.0010667770895407005,0.0019873243978943576,0.0016973610388235994,0.0018978951958591658,0.007102524026667963,0.0022610445730442477,0.0011114563855502903,0.004589174164142708,0.004275067095864297,0.006447203840575492,0.014159293478489095,0.0011485520136805297,0.0057796015219458395,0.0017573024522927853,0.0012748549232713046,0.0012449577957992478,0.0007723543159485313,-0.0016370533304418252,0.0006333776917078209,0.0003446655253479559,-0.0006300115941188129,2.3103281460432176e-5,0.001797375208037452,0.002009668670525195,-0.001306388925565725,0.0003656406471918704,6.678896497905643e-5,-6.52609314666172e-5,0.0015630432030144437,0.0003962555038297666,0.0011485520136805297,0.003963973474982818,0.0012220416086244509,-0.0001869206365262233,0.0004966957869830895,0.001373879307879584,-0.0009640929220601866,-0.0014929036826284423,0.0003059577366607818,-0.001083945260114676,-0.00017179264039843403,0.0014490860191850813,0.0036893159548730603,0.0024971358000062498,0.005408393212110784,-0.001255020377009246,0.0024726067549505114,0.004202344006601881,0.0016084149692853606,0.0060225490197396755,0.0057796015219458395,0.0012220416086244509,0.035802213128242014,0.003523807633608384,0.002568742012839669,-0.0005554708179651096,0.0007559982349715437,0.0031148492500693327,-0.0006756834082399352,-0.0004129307531059441,9.174198250852797e-5,0.001023249731343331,0.0006401123093802257,0.0017010991938497385,0.005497644830225533,0.0022267648742200453,0.0008168407999448099,0.0011023125791229226,-0.00045017312244100254,0.003987382156098579,0.0017573024522927853,-0.0001869206365262233,0.003523807633608384,0.005751144588236998,0.0008577943790337805,0.00012806906166020228,0.00014063750049553124,-0.0007953565231279996,-0.0002090330526592536,0.00027212550809090346,0.0006148346942804271,0.0008278698351563915,0.0011537606441638744,0.0003987569192291658,0.0016485756098369617,0.0020945285922100744,0.000916047957851827,0.0014207351786408983,0.0009501177510788474,0.0011053972553079312,0.0012748549232713046,0.0004966957869830895,0.002568742012839669,0.0008577943790337805,0.0019292586529185097,0.0005995974009890296,0.0002593757349786495,0.0005996924795850583,0.0007222831931188872,0.0007677620842797606,-0.00015325665777360172,0.0003864175081699676,0.0014428520200477106,0.0028846491795146935,-0.0007849331622538775,-0.0007463239596962756,0.0006062836388737627,-0.0004949557852417611,0.0007890197257980185,0.0014608976781604372,0.0012449577957992478,0.001373879307879584,-0.0005554708179651096,0.00012806906166020228,0.0005995974009890296,0.003500651207741012,-0.000763722964478747,-0.0037865287291150287,0.0005525469423770503,-0.0006362931738102858,0.000947880926773992,0.0010358767301331753,0.0008347312649603142,-0.001802206529287034,0.0010950526403822791,0.0004710596997229851,0.0017399706459377611,0.0024976517766642932,4.470790036471015e-5,-0.0006421914307842807,0.0007723543159485313,-0.0009640929220601866,0.0007559982349715437,0.00014063750049553124,0.0002593757349786495,-0.000763722964478747,0.005116887286840366,0.007155104685518729,0.004796096434457114,-0.003930599604250654,0.002513945426379887,0.0018302298200066505,0.0013500337041078667,-0.015916711196799715,0.0005648310201641377,0.006543268386749709,0.01378917634068533,0.007533147050619831,-0.00035941709638671513,-0.008125921295131414,-0.0016370533304418252,-0.0014929036826284423,0.0031148492500693327,-0.0007953565231279996,0.0005996924795850583,-0.0037865287291150287,0.007155104685518729,0.053330813431496746
0.004447988322941891,5.847116076352084e-5,0.00027591464985099315,0.000575370303232612,-0.0004891673031145051,0.0013856279938254381,0.0016378817251728758,0.0006098055210870879,-0.0007895602287803872,0.0007865109751180931,0.00045768481275424843,0.0010734670761345382,-0.001249929009576106,0.00046491078930355613,-0.0004165065765103323,0.00020595312598831745,-7.430726423733082e-5,0.0006599478654748206,0.0001094556396583474,0.0006823870719041055,5.847116076352084e-5,0.004817614991561615,0.00043817414388293155,-0.00019168118027723685,0.001186049812411034,-0.0015942597817353433,0.0008836571364900402,0.0009227338527444056,0.0012478972434673476,-0.0001429396046033002,-0.00030709419149138313,4.216330624521908e-5,0.0009306098867725989,0.00039368762718102677,0.0004936398813302377,0.00047044482211189384,0.00048816380243344186,-2.0023056080912203e-5,0.0015041843389746075,0.0013381596818199093,0.00027591464985099315,0.00043817414388293155,0.0038807536742671476,0.00042624703243825216,-0.00018570574037643124,-0.00037984916280486364,0.005544831751989497,-3.932984460599772e-5,0.001656690990780914,0.0011115907439071884,0.0009373641896921721,0.0017216679823072953,-0.0001257797862058226,0.0013577945753715666,0.003262033927729414,0.0005778484149248043,0.0004488311712297835,-0.00038544370136051276,0.0006791855347198249,0.0017049324397969104,0.000575370303232612,-0.00019168118027723685,0.00042624703243825216,0.0020101023322161666,-0.0006919161008820525,0.0002591099435264592,3.052083968497419e-5,0.0010979456168498784,0.00041099499092747904,0.0007176209864775034,0.0005890840934703328,0.0008007089728645147,-0.0009726756862303819,0.0004932003359923083,0.0015286659540511565,3.593639280078558e-6,7.127667080093548e-5,-3.3685223935400144e-5,0.0004572839795854274,-0.00048422231215618607,-0.0004891673031145051,0.001186049812411034,-0.00018570574037643124,-0.0006919161008820525,0.005396319463399843,-0.0010607652455646203,-0.0006700353830531573,0.0002088633563255584,0.0020658639925595873,0.0001568190266518573,0.0001774093418866287,-0.0005686986599142594,0.0009281934119905469,-7.713787061065279e-5,0.0018856248894697759,0.0009593614898711445,-0.00037160226795630435,-5.605676104537403e-5,0.0004200680059100889,-0.0008519479586492466,0.0013856279938254381,-0.0015942597817353433,-0.00037984916280486364,0.0002591099435264592,-0.0010607652455646203,0.026110072304328453,0.0014539002859890655,-0.0009446899836650445,-0.00036933467362829857,0.002074446154414244,0.002048477419528669,-0.0011885227416978217,-5.375462177569727e-5,-0.0017090564767780166,-0.0037049980160488365,0.00018918162724941004,0.0010997182072987302,0.0005341090228732571,-0.0028543815622984825,0.008472010094407775,0.0016378817251728758,0.0008836571364900402,0.005544831751989497,3.052083968497419e-5,-0.0006700353830531573,0.0014539002859890655,0.03849796740503943,0.0004730077214030106,0.0003193374351163154,0.0014693679286889253,-0.00035541085504782173,0.001899394608843946,-0.0021867322793496266,0.0020782459935138166,0.009801792723792523,0.0008503636417657027,0.0028915717601758414,0.0004595193836461236,0.0005800042054915659,0.010843245861519652,0.0006098055210870879,0.0009227338527444056,-3.932984460599772e-5,0.0010979456168498784,0.0002088633563255584,-0.0009446899836650445,0.0004730077214030106,0.024336437711768653,0.001990745567080333,0.001386119413407453,-0.0002858648288985305,0.003460967865850328,-0.0011562798711538809,0.0020875592293713,0.0026106075604470074,0.0005155341741615165,-0.0006663364581970524,-0.00023227657542164041,0.0033715144010980596,0.0008108097751742573,-0.0007895602287803872,0.0012478972434673476,0.001656690990780914,0.00041099499092747904,0.0020658639925595873,-0.00036933467362829857,0.0003193374351163154,0.001990745567080333,0.016281055583129644,-0.00012705469830575223,0.0010990138807344739,0.004848257833064378,0.0020698131629076333,0.0020908521088824957,0.006946953997096652,0.0013596960149592817,0.0005090326782203588,-0.0013781159901554941,0.0011135143954486525,-0.0026023744913063547,0.0007865109751180931,-0.0001429396046033002,0.0011115907439071884,0.0007176209864775034,0.0001568190266518573,0.002074446154414244,0.0014693679286889253,0.001386119413407453,-0.00012705469830575223,0.004195337021626084,0.0014171754756144809,0.0001308103517321698,-0.0012942782754198964,0.0005646812226263184,0.0036765800971831695,0.0005076554854362726,-0.0002565935923200053,0.0004276139275485445,0.00014320940194689438,0.0008117127076813649,0.00045768481275424843,-0.00030709419149138313,0.0009373641896921721,0.0005890840934703328,0.0001774093418866287,0.002048477419528669,-0.00035541085504782173,-0.0002858648288985305,0.0010990138807344739,0.0014171754756144809,0.005717667814098603,0.001093301910465281,-0.0008858280466262165,3.162249722063237e-5,0.0024466594700464517,0.0006041881946807566,-0.00010165597469255657,-4.936961098569354e-5,-5.8556492203642833e-5,0.002958787445025237,0.0010734670761345382,4.216330624521908e-5,0.0017216679823072953,0.0008007089728645147,-0.0005686986599142594,-0.0011885227416978217,0.001899394608843946,0.003460967865850328,0.004848257833064378,0.0001308103517321698,0.001093301910465281,0.016693030339186232,-0.0010561317047771083,0.0012503578732176424,0.0012601052295633662,-0.0003786841139201347,2.3751057901429253e-5,-0.0009236076142364374,0.001313091807993268,-0.001721137095995015,-0.001249929009576106,0.0009306098867725989,-0.0001257797862058226,-0.0009726756862303819,0.0009281934119905469,-5.375462177569727e-5,-0.0021867322793496266,-0.0011562798711538809,0.0020698131629076333,-0.0012942782754198964,-0.0008858280466262165,-0.0010561317047771083,0.008961845779914532,0.0004654190671589261,0.0008456145975591304,3.386927239951642e-5,0.00035381654860284063,0.00010846082408645511,-0.00023137548757320796,0.0028330621680035728,0.00046491078930355613,0.00039368762718102677,0.0013577945753715666,0.0004932003359923083,-7.713787061065279e-5,-0.0017090564767780166,0.0020782459935138166,0.0020875592293713,0.0020908521088824957,0.0005646812226263184,3.162249722063237e-5,0.0012503578732176424,0.0004654190671589261,0.003718753565039065,0.0018124142553749578,0.0006931944578843621,-8.626787594202476e-5,-0.00038497834920567426,0.001058947042983277,-0.00045646935547715047,-0.0004165065765103323,0.0004936398813302377,0.003262033927729414,0.0015286659540511565,0.0018856248894697759,-0.0037049980160488365,0.009801792723792523,0.0026106075604470074,0.006946953997096652,0.0036765800971831695,0.0024466594700464517,0.0012601052295633662,0.0008456145975591304,0.0018124142553749578,0.0380499199758783,0.003274152690090649,0.0002665456183606248,4.898976330544451e-5,0.0009233868902690254,0.0029494320524057864,0.00020595312598831745,0.00047044482211189384,0.0005778484149248043,3.593639280078558e-6,0.0009593614898711445,0.00018918162724941004,0.0008503636417657027,0.0005155341741615165,0.0013596960149592817,0.0005076554854362726,0.0006041881946807566,-0.0003786841139201347,3.386927239951642e-5,0.0006931944578843621,0.003274152690090649,0.004973783595060633,-0.0002742784191801968,0.00040740329682444694,0.0004795562367343125,-0.0005566022956702268,-7.430726423733082e-5,0.00048816380243344186,0.0004488311712297835,7.127667080093548e-5,-0.00037160226795630435,0.0010997182072987302,0.0028915717601758414,-0.0006663364581970524,0.0005090326782203588,-0.0002565935923200053,-0.00010165597469255657,2.3751057901429253e-5,0.00035381654860284063,-8.626787594202476e-5,0.0002665456183606248,-0.0002742784191801968,0.0017988672993793171,1.2457445849938172e-5,-6.154197300381492e-5,0.0024480562802780305,0.0006599478654748206,-2.0023056080912203e-5,-0.00038544370136051276,-3.3685223935400144e-5,-5.605676104537403e-5,0.0005341090228732571,0.0004595193836461236,-0.00023227657542164041,-0.0013781159901554941,0.0004276139275485445,-4.936961098569354e-5,-0.0009236076142364374,0.00010846082408645511,-0.00038497834920567426,4.898976330544451e-5,0.00040740329682444694,1.2457445849938172e-5,0.002374358860686127,-1.847216910366481e-5,0.002003158341709807,0.0001094556396583474,0.0015041843389746075,0.0006791855347198249,0.0004572839795854274,0.0004200680059100889,-0.0028543815622984825,0.0005800042054915659,0.0033715144010980596,0.0011135143954486525,0.00014320940194689438,-5.8556492203642833e-5,0.001313091807993268,-0.00023137548757320796,0.001058947042983277,0.0009233868902690254,0.0004795562367343125,-6.154197300381492e-5,-1.847216910366481e-5,0.004481548674255003,0.0005122747333655802,0.0006823870719041055,0.0013381596818199093,0.0017049324397969104,-0.00048422231215618607,-0.0008519479586492466,0.008472010094407775,0.010843245861519652,0.0008108097751742573,-0.0026023744913063547,0.0008117127076813649,0.002958787445025237,-0.001721137095995015,0.0028330621680035728,-0.00045646935547715047,0.0029494320524057864,-0.0005566022956702268,0.0024480562802780305,0.002003158341709807,0.0005122747333655802,0.037580593494748044
