0.02132581324079074,-0.0025717567733111023,0.002483882796186241,0.0003643225221988776,-7.116346168604874e-5,0.003605357441873719,-0.00012913190557018584,0.001416148722556177,6.611070084092918e-5,0.0009988324089336234,0.007363826348892492,0.0011401239979834136,0.00339620390107414,0.0029187168726849417,0.000286406082301628,0.001550120407110784,0.002361685425377064,0.015301344287650825,0.00019552864110693145,-0.0009364908911496059,-0.0025717567733111023,0.027870499088165676,0.0005555474700571102,0.0024899739600599026,-0.0018016583403451406,0.0019957408775038705,0.003108169955166085,0.0005686109383740033,0.001367282554307606,-0.0030351129914877196,0.0013870408036067755,0.0010026629512794136,0.007435200598277129,-0.0017035681206506931,0.005603451908620395,-0.0019105009370525643,-0.0028282253609501528,0.0018370972543907624,0.001319294361037746,0.001298586635687964,0.002483882796186241,0.0005555474700571102,0.0033944414167258186,0.0013190059318023755,-0.00018348663945482938,0.002987394129322733,0.0007560071231510502,0.0004866529068774235,-0.00023555246477209777,0.0002620480234163565,0.004682243666873236,-0.00026096852774071136,-0.0003248031611572847,0.002168269942230454,0.0002831561139914279,-0.0005570841876910758,-0.000282170665205713,0.004258853376482782,-0.0007127230998949098,0.0002206842993242361,0.0003643225221988776,0.0024899739600599026,0.0013190059318023755,0.005613579486195403,-0.00027882360260179267,0.0028135285583733927,0.0024238170950675155,0.00042257892664844375,0.001178990693537637,0.0004286152460536846,-0.0001891193753892884,-0.00024504127967462627,0.0026059450529823123,0.0009984385647843496,0.0028246715135240978,-0.00030332523010251735,-7.910499103155503e-5,0.0024899861762314934,0.0018484677613589179,6.354444695494854e-5,-7.116346168604874e-5,-0.0018016583403451406,-0.00018348663945482938,-0.00027882360260179267,0.0019571497496178405,-0.00037582867430499507,-0.0006126217017750006,-0.000507258415785909,7.165069625008736e-5,0.0005453180129911172,-0.0005521935074919406,0.00027884684845691835,-0.0007337065612383002,-0.0003706857833713648,0.0004513254077585184,0.0005346741765810724,0.00020541923607842412,-9.914443156137714e-5,-0.0013589470966220004,-4.398370634117328e-5,0.003605357441873719,0.0019957408775038705,0.002987394129322733,0.0028135285583733927,-0.00037582867430499507,0.010858284157841869,0.0012428373073118336,0.001084198107650338,0.0001235204084364272,-0.002670227563418807,0.006173189110272753,0.0005190050550484646,0.0018657725147632265,0.0019698467103534227,0.0019408447519746852,-0.0028116292011168328,-0.0007566344085979457,0.009171304618600551,0.00035903682037263324,-0.0008283186474327989,-0.00012913190557018584,0.003108169955166085,0.0007560071231510502,0.0024238170950675155,-0.0006126217017750006,0.0012428373073118336,0.007307560908460286,0.001000184554474494,0.0004780114968947867,0.001477279774291948,-0.00032527050178633656,0.00013047925787740045,0.0016736584570974907,-0.00040278465783791066,-0.0004739967028172904,-0.0007294683375437723,0.00047847151792990383,0.0022633969206912853,0.0011618951694671552,-0.001016982515130752,0.001416148722556177,0.0005686109383740033,0.0004866529068774235,0.00042257892664844375,-0.000507258415785909,0.001084198107650338,0.001000184554474494,0.003399595452356007,-0.00021078895687341964,0.0009108640847800623,0.0016585914892702416,0.0004966947382154621,-0.0014834684770176432,0.0005017652925446554,-0.00046690767588225193,-0.000359102095092872,0.0003289477747935376,0.0025042291111594707,0.00022755463469100953,-0.00048525224344271204,6.611070084092918e-5,0.001367282554307606,-0.00023555246477209777,0.001178990693537637,7.165069625008736e-5,0.0001235204084364272,0.0004780114968947867,-0.00021078895687341964,0.001929085690400451,-0.0004956454452212642,-0.002053297847999078,0.00012412503181176735,0.0029010512806262956,-0.001094404667603376,0.0019999684799817596,0.00011595948548527807,-5.2607846915216633e-5,0.00022617930812079138,0.0013340222761250094,-0.00010036452966256311,0.0009988324089336234,-0.0030351129914877196,0.0002620480234163565,0.0004286152460536846,0.0005453180129911172,-0.002670227563418807,0.001477279774291948,0.0009108640847800623,-0.0004956454452212642,0.009785603382456145,0.00021455103677893425,-0.0010021096294294744,-0.0037632202193448355,0.0014118464470997084,-0.004149456631658145,0.001063405057532281,0.0015964309331370826,0.0013171558123971792,-0.00047291348085170973,0.0005323421399862349,0.007363826348892492,0.0013870408036067755,0.004682243666873236,-0.0001891193753892884,-0.0005521935074919406,0.006173189110272753,-0.00032527050178633656,0.0016585914892702416,-0.002053297847999078,0.00021455103677893425,0.027076311458655217,-0.000770148869935416,-0.0024135128482549472,0.0049841303758662425,0.00025153251141579833,-0.0008285255111991605,0.00025523310282885535,0.012695649384915485,-0.0035124740097980814,0.0003688181980513443,0.0011401239979834136,0.0010026629512794136,-0.00026096852774071136,-0.00024504127967462627,0.00027884684845691835,0.0005190050550484646,0.00013047925787740045,0.0004966947382154621,0.00012412503181176735,-0.0010021096294294744,-0.000770148869935416,0.004399101718085519,0.0002617998488504674,-0.0002896296338411838,-0.00046141064748156694,-4.038228592772487e-6,-0.0003561596616431453,0.0016620405159951464,-0.00048526534573392513,-0.0001320787387836486,0.00339620390107414,0.007435200598277129,-0.0003248031611572847,0.0026059450529823123,-0.0007337065612383002,0.0018657725147632265,0.0016736584570974907,-0.0014834684770176432,0.0029010512806262956,-0.0037632202193448355,-0.0024135128482549472,0.0002617998488504674,0.02513775387334089,-0.0018043059104564643,0.0043235220301582,0.000798758240030942,-0.0017299580278650126,0.003934836658306323,0.00414811008212794,-0.00012819064276580784,0.0029187168726849417,-0.0017035681206506931,0.002168269942230454,0.0009984385647843496,-0.0003706857833713648,0.0019698467103534227,-0.00040278465783791066,0.0005017652925446554,-0.001094404667603376,0.0014118464470997084,0.0049841303758662425,-0.0002896296338411838,-0.0018043059104564643,0.006384245054389551,-0.0011330952917053116,0.00011260795888735961,0.00025261760825264444,0.0038545233796658945,-0.00025040625534480693,0.0009088386336408435,0.000286406082301628,0.005603451908620395,0.0002831561139914279,0.0028246715135240978,0.0004513254077585184,0.0019408447519746852,-0.0004739967028172904,-0.00046690767588225193,0.0019999684799817596,-0.004149456631658145,0.00025153251141579833,-0.00046141064748156694,0.0043235220301582,-0.0011330952917053116,0.01940886848391533,0.00042034482429601443,-0.0014489609458628832,0.00039274590892149895,0.0019984875556687412,0.0007834191228103197,0.001550120407110784,-0.0019105009370525643,-0.0005570841876910758,-0.00030332523010251735,0.0005346741765810724,-0.0028116292011168328,-0.0007294683375437723,-0.000359102095092872,0.00011595948548527807,0.001063405057532281,-0.0008285255111991605,-4.038228592772487e-6,0.000798758240030942,0.00011260795888735961,0.00042034482429601443,0.004727095491915531,0.0012993017859695448,-0.00011691951866629441,0.000419039365075516,0.0009463117106611725,0.002361685425377064,-0.0028282253609501528,-0.000282170665205713,-7.910499103155503e-5,0.00020541923607842412,-0.0007566344085979457,0.00047847151792990383,0.0003289477747935376,-5.2607846915216633e-5,0.0015964309331370826,0.00025523310282885535,-0.0003561596616431453,-0.0017299580278650126,0.00025261760825264444,-0.0014489609458628832,0.0012993017859695448,0.005854413625838489,0.002339468777824671,0.0002486115009885315,-0.0006661136495326402,0.015301344287650825,0.0018370972543907624,0.004258853376482782,0.0024899861762314934,-9.914443156137714e-5,0.009171304618600551,0.0022633969206912853,0.0025042291111594707,0.00022617930812079138,0.0013171558123971792,0.012695649384915485,0.0016620405159951464,0.003934836658306323,0.0038545233796658945,0.00039274590892149895,-0.00011691951866629441,0.002339468777824671,0.04163551917358395,0.0014264670565886143,-0.0022613902925326277,0.00019552864110693145,0.001319294361037746,-0.0007127230998949098,0.0018484677613589179,-0.0013589470966220004,0.00035903682037263324,0.0011618951694671552,0.00022755463469100953,0.0013340222761250094,-0.00047291348085170973,-0.0035124740097980814,-0.00048526534573392513,0.00414811008212794,-0.00025040625534480693,0.0019984875556687412,0.000419039365075516,0.0002486115009885315,0.0014264670565886143,0.006850418330070131,-0.00027901641110121285,-0.0009364908911496059,0.001298586635687964,0.0002206842993242361,6.354444695494854e-5,-4.398370634117328e-5,-0.0008283186474327989,-0.001016982515130752,-0.00048525224344271204,-0.00010036452966256311,0.0005323421399862349,0.0003688181980513443,-0.0001320787387836486,-0.00012819064276580784,0.0009088386336408435,0.0007834191228103197,0.0009463117106611725,-0.0006661136495326402,-0.0022613902925326277,-0.00027901641110121285,0.002851635639479035
0.019790355217563723,0.00295111964389394,0.0005426531427568234,0.00014115892141907145,0.0003893428331875646,0.0015698039202423188,0.0009017239329243644,0.0013895517181576724,-0.00013232607924326933,0.0007453238761464824,-0.003312211723249128,0.0019148479037381112,-0.0046517862355936815,0.0015764818242487047,0.001096808679965531,0.0014886602037499333,0.0007435273206333237,0.0006845460310283891,0.0006552835471067954,0.0016681764718724595,0.00295111964389394,0.020230289634305544,0.0010444285328386387,0.0011476229663789422,0.0017788244304438544,0.0023058253382856183,0.0011834892902330462,0.0006800820783421297,0.0008958603816320609,9.26917388851686e-5,0.0019197663062064997,0.000708951626851351,0.0029043923224481875,0.0016480827916582057,-0.0010885145917845795,0.0015483039661591817,0.0020774238985829005,0.005141605700127257,0.0010132201184248914,0.000739046055555415,0.0005426531427568234,0.0010444285328386387,0.0025233703675677896,-4.784758970585595e-7,0.00012494642643557638,0.00044045596081802407,-0.00011857638481463644,0.0007360392045533703,-0.00016396870985092583,0.0005152461257450808,0.0006602914679846853,0.0014772861263190355,0.0013322032948028654,0.0003205623242935997,0.00020867252235221644,0.0007286139804558163,-0.0005804706272391205,0.0005599715728649103,0.0011064126113427175,0.0002532127548203969,0.00014115892141907145,0.0011476229663789422,-4.784758970585595e-7,0.004199643675923673,0.0007629007256435038,0.0016616342926601057,7.458641137856903e-5,0.0011091198220733712,0.0001236484962503097,-1.5126602292120265e-5,0.003146761359204259,0.0005963125182829104,0.0024518793203637326,0.0007713412327722787,-0.00011906775643713601,0.0004978917224072684,0.0012734778421483969,0.0012415200425741541,0.000657994381885596,0.001046600039564635,0.0003893428331875646,0.0017788244304438544,0.00012494642643557638,0.0007629007256435038,0.0019103201728218036,0.0006615180925998649,0.0007040235152541371,0.00041546784677085166,0.0003295348011009897,-0.00038225173491295613,0.0017523222483081613,0.00042422257669434216,0.0012532709546846416,0.000480346072225218,0.00051365438723176,0.0003220511561494332,0.0007544131014157678,0.0009410490538577344,0.0011532893251129648,0.00044857254594115703,0.0015698039202423188,0.0023058253382856183,0.00044045596081802407,0.0016616342926601057,0.0006615180925998649,0.007766598428443357,0.002131612529423785,0.0008588827736171125,0.0006147858636976371,0.0006219660516913124,0.004643506773853006,0.001331030818571719,0.0020659160578672345,0.002407178555274992,0.00025116915031796004,0.0014027951344066179,0.0024530516053898914,0.0023684659536202706,0.0008618949869118718,0.0013225314709897152,0.0009017239329243644,0.0011834892902330462,-0.00011857638481463644,7.458641137856903e-5,0.0007040235152541371,0.002131612529423785,0.008452330342091354,0.0010441239477520519,0.0009983938857312,-0.0007258744851243834,0.006952651359404673,0.0015684645737420993,0.002020855434120397,0.0010495233964466252,0.001286325895687927,0.0007398594945523483,0.0009850545480000424,0.0015578178714049334,0.001981587002464289,0.001024202622105406,0.0013895517181576724,0.0006800820783421297,0.0007360392045533703,0.0011091198220733712,0.00041546784677085166,0.0008588827736171125,0.0010441239477520519,0.0039789801942826586,0.0001853181704895228,-0.0007712276815754187,0.0023144195355719885,0.0013308488556978745,0.0013948064829991886,0.000624797572539101,0.0002065353017061724,0.0005599080946583068,0.0004378074839137353,0.0029231584977421907,0.0006589539661803147,0.0011136550026002567,-0.00013232607924326933,0.0008958603816320609,-0.00016396870985092583,0.0001236484962503097,0.0003295348011009897,0.0006147858636976371,0.0009983938857312,0.0001853181704895228,0.0018341540664737921,-0.0004536483467927001,0.002033056277318402,0.00011979252256112829,0.0004212104575088989,0.0006103960697195453,0.0013898948071165618,-8.316778164766834e-5,0.0005793968262948635,0.0013536417751959517,-0.0003120622890160104,0.00025022603102981087,0.0007453238761464824,9.26917388851686e-5,0.0005152461257450808,-1.5126602292120265e-5,-0.00038225173491295613,0.0006219660516913124,-0.0007258744851243834,-0.0007712276815754187,-0.0004536483467927001,0.008232024571772764,-0.0027966981298855323,0.0008485692187714066,0.001862444847392102,-0.0003761289725494563,0.001445252043375612,0.00019128038255680546,-0.0004738324167787662,0.0005958604703822179,0.0008238553376282579,-0.0004413532301718228,-0.003312211723249128,0.0019197663062064997,0.0006602914679846853,0.003146761359204259,0.0017523222483081613,0.004643506773853006,0.006952651359404673,0.0023144195355719885,0.002033056277318402,-0.0027966981298855323,0.030178115059801582,0.0030967479796431235,0.011762955997858355,0.00320665062053748,0.0037179788791343316,0.0006456810007036825,0.002243195245458913,0.0037842047404853,0.00445012548992102,0.002404910163384276,0.0019148479037381112,0.000708951626851351,0.0014772861263190355,0.0005963125182829104,0.00042422257669434216,0.001331030818571719,0.0015684645737420993,0.0013308488556978745,0.00011979252256112829,0.0008485692187714066,0.0030967479796431235,0.005425542533823987,0.0015721733469327922,0.0010667636624864373,0.0008638836417737006,0.0007317056443986922,0.0008310038883741868,0.002663114619395112,0.0018736059609617945,0.001019362143765775,-0.0046517862355936815,0.0029043923224481875,0.0013322032948028654,0.0024518793203637326,0.0012532709546846416,0.0020659160578672345,0.002020855434120397,0.0013948064829991886,0.0004212104575088989,0.001862444847392102,0.011762955997858355,0.0015721733469327922,0.027332898446446183,0.0003280468815586742,0.0002216268662038491,0.0005023978135071407,0.0012113522305475424,0.0012154291029466018,0.0027366539715545264,0.0003473884575132258,0.0015764818242487047,0.0016480827916582057,0.0003205623242935997,0.0007713412327722787,0.000480346072225218,0.002407178555274992,0.0010495233964466252,0.000624797572539101,0.0006103960697195453,-0.0003761289725494563,0.00320665062053748,0.0010667636624864373,0.0003280468815586742,0.0048334430263843545,0.000671921791502894,0.0008384417641994965,0.0016941357933287966,0.0019182335032736607,0.0003631522414134612,0.0005666789845547492,0.001096808679965531,-0.0010885145917845795,0.00020867252235221644,-0.00011906775643713601,0.00051365438723176,0.00025116915031796004,0.001286325895687927,0.0002065353017061724,0.0013898948071165618,0.001445252043375612,0.0037179788791343316,0.0008638836417737006,0.0002216268662038491,0.000671921791502894,0.013943329814851853,-0.0002701857054571683,-0.0007509658887959659,0.001906906866093888,0.001254948600367057,0.0005428518649314709,0.0014886602037499333,0.0015483039661591817,0.0007286139804558163,0.0004978917224072684,0.0003220511561494332,0.0014027951344066179,0.0007398594945523483,0.0005599080946583068,-8.316778164766834e-5,0.00019128038255680546,0.0006456810007036825,0.0007317056443986922,0.0005023978135071407,0.0008384417641994965,-0.0002701857054571683,0.0025410229824159537,0.00046396138123291463,0.0008301789731057734,0.0007746320586497859,0.0006265181633831286,0.0007435273206333237,0.0020774238985829005,-0.0005804706272391205,0.0012734778421483969,0.0007544131014157678,0.0024530516053898914,0.0009850545480000424,0.0004378074839137353,0.0005793968262948635,-0.0004738324167787662,0.002243195245458913,0.0008310038883741868,0.0012113522305475424,0.0016941357933287966,-0.0007509658887959659,0.00046396138123291463,0.00598110050614414,0.0025364531614847433,-6.51218326228459e-5,0.0009881085385976284,0.0006845460310283891,0.005141605700127257,0.0005599715728649103,0.0012415200425741541,0.0009410490538577344,0.0023684659536202706,0.0015578178714049334,0.0029231584977421907,0.0013536417751959517,0.0005958604703822179,0.0037842047404853,0.002663114619395112,0.0012154291029466018,0.0019182335032736607,0.001906906866093888,0.0008301789731057734,0.0025364531614847433,0.03211087589391178,0.0024434684116429748,0.0015535301914393505,0.0006552835471067954,0.0010132201184248914,0.0011064126113427175,0.000657994381885596,0.0011532893251129648,0.0008618949869118718,0.001981587002464289,0.0006589539661803147,-0.0003120622890160104,0.0008238553376282579,0.00445012548992102,0.0018736059609617945,0.0027366539715545264,0.0003631522414134612,0.001254948600367057,0.0007746320586497859,-6.51218326228459e-5,0.0024434684116429748,0.0066001849295210845,0.0008577877147537985,0.0016681764718724595,0.000739046055555415,0.0002532127548203969,0.001046600039564635,0.00044857254594115703,0.0013225314709897152,0.001024202622105406,0.0011136550026002567,0.00025022603102981087,-0.0004413532301718228,0.002404910163384276,0.001019362143765775,0.0003473884575132258,0.0005666789845547492,0.0005428518649314709,0.0006265181633831286,0.0009881085385976284,0.0015535301914393505,0.0008577877147537985,0.002359949781512403
