0.002537406745513902,0.00016403451045913858,-0.0004337286491842428,0.0003618291731419712,-5.010088773236483e-5,0.0011667375253348517,0.0008353012359833436,-0.00017786153550051673,0.0007613414287602501,-0.0005365841712803779,0.001462508475459528,-0.0012795194759765284,0.0011040198477636587,-0.0024015868069271985,-0.00017194241786997478,0.0003324348723690747,-0.0007698260562282952,0.0001000789371355715,-0.0005197080979724169,0.00026222281985635826,0.00016403451045913858,0.002079036745764603,0.0006170167712828032,0.00019226097275256576,-5.3082767377396305e-5,0.00034750203642494376,-0.0004325874999835484,0.0006077740638038555,0.0007591549441196368,-0.0010096911059166926,0.001862194239631017,-0.0003354393211664123,0.0002633308748887152,-0.00042004112104121493,-0.0002686829136556491,0.001013305842665694,0.000417298005086035,-0.0007904249638783372,0.0007964383719272036,0.00022899147025631845,-0.0004337286491842428,0.0006170167712828032,0.007133578919582485,-0.0002219872939539908,-0.00021141630256026625,-0.00220491076750705,0.0004185415155155585,0.0008804575921568325,-0.0009145773753426239,-0.004750158089070961,0.0012329338665530943,0.0009238795895317344,8.07922674756588e-5,-0.0007436941193277827,-0.0020232846452493767,0.0013523297624738354,-2.4453442938449554e-5,-0.005742886478830423,-0.0016639647788184201,-0.0011807851541438606,0.0003618291731419712,0.00019226097275256576,-0.0002219872939539908,0.0021106763131318123,0.00011503457746845088,0.0005064140144905053,4.1278803615142265e-5,0.00011815407280773074,0.001239848547178424,-0.00042350985455615894,0.0005455982949272493,-0.000567375786895337,0.0005621026742106348,0.0008192904522207286,0.00018462807446884127,8.411185905925881e-5,1.8360472413193153e-5,0.0012454280424522143,9.158025072596881e-5,-0.0007170276731835605,-5.010088773236483e-5,-5.3082767377396305e-5,-0.00021141630256026625,0.00011503457746845088,0.0017885809072597492,0.0006165585175154506,-3.4280584491550744e-5,-0.0003176459618365201,-0.0009229741119473726,-0.00014065260788550263,-0.0009776203122356993,0.00020786663731831598,0.0003703867548641156,0.0016812324277318698,-3.366884033688328e-5,0.0006749030174820172,-0.0002151321099776435,-0.0013063075280412319,0.00010488974996951975,0.0006347276284229602,0.0011667375253348517,0.00034750203642494376,-0.00220491076750705,0.0005064140144905053,0.0006165585175154506,0.004061291512207014,-5.8071776079798306e-5,-0.00020267764235171003,2.1570267663522746e-5,0.0009689241535390282,0.001149943961554864,-0.00154943514651638,0.001202408282341847,0.0018005002930527596,0.0004345362893974214,-0.0010568847304940079,0.0008754618429555007,0.00048278747208949953,0.0007752432715043493,0.0025978969343026983,0.0008353012359833436,-0.0004325874999835484,0.0004185415155155585,4.1278803615142265e-5,-3.4280584491550744e-5,-5.8071776079798306e-5,0.001134276396204019,-1.0047496331257514e-5,-0.00020519253607547054,-0.00027709378761970444,4.480528876626608e-5,-0.00032633943362828316,0.0002711919596268096,-0.0005906146541009098,-0.0003524120584085494,-0.000532995997749442,-0.00018362356305059142,-0.00033837273781708947,-0.0006051353965778719,0.00015128968464540236,-0.00017786153550051673,0.0006077740638038555,0.0008804575921568325,0.00011815407280773074,-0.0003176459618365201,-0.00020267764235171003,-1.0047496331257514e-5,0.0013220618803885433,6.930800703279074e-6,0.00017082435873137436,0.0015202740943866238,-0.0005551804167866145,0.0001668232688511544,-5.755888071979915e-6,0.0004931784772363452,-0.0004041005318622603,-0.00035313917628578977,-0.0006804035605540957,0.00020998733280103626,0.00011306905912285558,0.0007613414287602501,0.0007591549441196368,-0.0009145773753426239,0.001239848547178424,-0.0009229741119473726,2.1570267663522746e-5,-0.00020519253607547054,6.930800703279074e-6,0.003967116790796563,-0.001347562003263282,0.0021457939911847263,-0.0008143552339736765,-0.00040718861857697876,-0.002445137800609035,0.0007496475749326743,0.0009100323467767839,0.0006725492054850867,0.0017114323532100518,-0.0008109084992625978,-0.0005343225513848485,-0.0005365841712803779,-0.0010096911059166926,-0.004750158089070961,-0.00042350985455615894,-0.00014065260788550263,0.0009689241535390282,-0.00027709378761970444,0.00017082435873137436,-0.001347562003263282,0.005637641237707333,-0.001572792290136162,-0.00033144421153519287,-0.0003688083454856715,0.0017402829873271984,0.0018061561173209353,-0.002154266789392059,-0.0010357121382474931,0.003886276950660366,0.001815059277536645,0.0009579431267866492,0.001462508475459528,0.001862194239631017,0.0012329338665530943,0.0005455982949272493,-0.0009776203122356993,0.001149943961554864,4.480528876626608e-5,0.0015202740943866238,0.0021457939911847263,-0.001572792290136162,0.0050225224884304235,-0.002011352981399727,0.0010868977068371607,-0.002195504494773796,0.0006280068468240826,-4.770273803846571e-5,0.00036632717394535585,-0.0009210217793986836,6.916898446270996e-5,0.0007312648014131441,-0.0012795194759765284,-0.0003354393211664123,0.0009238795895317344,-0.000567375786895337,0.00020786663731831598,-0.00154943514651638,-0.00032633943362828316,-0.0005551804167866145,-0.0008143552339736765,-0.00033144421153519287,-0.002011352981399727,0.002094619674056132,-0.0012508216310718042,0.0003431735857285252,-0.0006705705289447824,0.0013254354036870857,-0.0002649447469255849,-0.001018865304489861,-0.0003463250985332267,-0.00032904334122201695,0.0011040198477636587,0.0002633308748887152,8.07922674756588e-5,0.0005621026742106348,0.0003703867548641156,0.001202408282341847,0.0002711919596268096,0.0001668232688511544,-0.00040718861857697876,-0.0003688083454856715,0.0010868977068371607,-0.0012508216310718042,0.002355331733544791,0.00020543595938894683,5.1504247018344486e-5,-0.0008587191636903301,-7.740737748529142e-5,0.0007915765228367931,0.0008382554761334773,-0.0004376659319677884,-0.0024015868069271985,-0.00042004112104121493,-0.0007436941193277827,0.0008192904522207286,0.0016812324277318698,0.0018005002930527596,-0.0005906146541009098,-5.755888071979915e-6,-0.002445137800609035,0.0017402829873271984,-0.002195504494773796,0.0003431735857285252,0.00020543595938894683,0.007435061954231702,0.00010126994087495279,-0.0020907828233880333,0.0017528034973856629,-9.32230134695578e-5,0.0018350529481501086,0.0014438272270441788,-0.00017194241786997478,-0.0002686829136556491,-0.0020232846452493767,0.00018462807446884127,-3.366884033688328e-5,0.0004345362893974214,-0.0003524120584085494,0.0004931784772363452,0.0007496475749326743,0.0018061561173209353,0.0006280068468240826,-0.0006705705289447824,5.1504247018344486e-5,0.00010126994087495279,0.0018166035913558796,-0.0006542016294153099,-0.0004979360952764291,0.0016966695812825918,0.0003250049861195191,0.00033164506891577965,0.0003324348723690747,0.001013305842665694,0.0013523297624738354,8.411185905925881e-5,0.0006749030174820172,-0.0010568847304940079,-0.000532995997749442,-0.0004041005318622603,0.0009100323467767839,-0.002154266789392059,-4.770273803846571e-5,0.0013254354036870857,-0.0008587191636903301,-0.0020907828233880333,-0.0006542016294153099,0.0037868685545338625,-0.001030954531235733,-0.002284585993310987,-0.0010202171970846684,-0.00046967258774209916,-0.0007698260562282952,0.000417298005086035,-2.4453442938449554e-5,1.8360472413193153e-5,-0.0002151321099776435,0.0008754618429555007,-0.00018362356305059142,-0.00035313917628578977,0.0006725492054850867,-0.0010357121382474931,0.00036632717394535585,-0.0002649447469255849,-7.740737748529142e-5,0.0017528034973856629,-0.0004979360952764291,-0.001030954531235733,0.0027239277310352507,0.0002584811547394493,0.0005492007326773703,0.0007024573184475573,0.0001000789371355715,-0.0007904249638783372,-0.005742886478830423,0.0012454280424522143,-0.0013063075280412319,0.00048278747208949953,-0.00033837273781708947,-0.0006804035605540957,0.0017114323532100518,0.003886276950660366,-0.0009210217793986836,-0.001018865304489861,0.0007915765228367931,-9.32230134695578e-5,0.0016966695812825918,-0.002284585993310987,0.0002584811547394493,0.008642810117741245,0.001983056945440251,-0.0018096781457966997,-0.0005197080979724169,0.0007964383719272036,-0.0016639647788184201,9.158025072596881e-5,0.00010488974996951975,0.0007752432715043493,-0.0006051353965778719,0.00020998733280103626,-0.0008109084992625978,0.001815059277536645,6.916898446270996e-5,-0.0003463250985332267,0.0008382554761334773,0.0018350529481501086,0.0003250049861195191,-0.0010202171970846684,0.0005492007326773703,0.001983056945440251,0.002621311555997416,-7.605939585878538e-5,0.00026222281985635826,0.00022899147025631845,-0.0011807851541438606,-0.0007170276731835605,0.0006347276284229602,0.0025978969343026983,0.00015128968464540236,0.00011306905912285558,-0.0005343225513848485,0.0009579431267866492,0.0007312648014131441,-0.00032904334122201695,-0.0004376659319677884,0.0014438272270441788,0.00033164506891577965,-0.00046967258774209916,0.0007024573184475573,-0.0018096781457966997,-7.605939585878538e-5,0.0037044703147369675
0.0018331607314694166,-0.00010738231048194294,0.0007871159763565955,0.000395027353995323,0.00048596558576827827,-2.587984001018752e-5,0.0010873583073200857,-0.00044973523047921686,0.00015449118954342944,-0.000501524053318213,0.0006874071244760763,0.0010335938911146237,0.0008598590039693103,0.0007902131969863875,-0.0005647735897266698,-0.0003981700134557309,0.000758239307895989,0.0011185149334106644,-0.00048307516265396014,0.00048649060051655327,-0.00010738231048194294,0.0026914118171073222,-0.001025271351467797,-0.00048360092926684397,-0.0011569822017065655,0.001146249543320401,4.622709785433536e-5,0.0008477180233744668,-0.00018752501575264045,-0.001221869357249838,-0.0014153601135006165,-0.0007343110473846002,0.0004961584828239306,0.0007576917626886833,-0.0002943588539035859,-0.0007094022570624339,0.00044965961938047913,0.00021897344154847223,0.00017722836551893297,-0.0011199654547324835,0.0007871159763565955,-0.001025271351467797,0.007933151403605482,-0.0005112355043392126,0.002169753938279515,0.002175225787180439,-0.001500926003275227,0.0012845052171926237,0.00234390217108902,0.002587015444669226,0.003157449840159761,0.001239954906168734,0.002419635425955631,0.0017086152297115507,0.00022678152960639575,0.0005854750479730956,0.0020235537127008237,0.004575895976595817,-0.0006630058221205786,-0.0011703634354010555,0.000395027353995323,-0.00048360092926684397,-0.0005112355043392126,0.0018382856219921711,0.0005762257587616823,-0.00018129234245014585,-0.0008045466780583408,-0.0006331875987573316,0.0003657031062934068,-0.002493584015852682,-0.00017034570280944418,0.00033615647962186826,0.0006855933025670326,-0.0006772839198291559,0.0003143820547698968,-0.0002693480319167327,0.0005813899914338993,0.00040566956899259403,0.00046517844929105294,0.0010280808812017984,0.00048596558576827827,-0.0011569822017065655,0.002169753938279515,0.0005762257587616823,0.0024347782635699916,0.0008743236112556047,-0.00034214586527915917,0.00039967168635994467,0.0011181358857757333,0.00025496488896316707,0.00043888287772780784,-0.0006810495480121573,0.0006370732175018518,0.000223693547764946,-0.0002460701993117823,5.164200698300954e-5,0.0004127638740778454,0.0016223698630984849,0.0009217017241887956,7.193103644813188e-6,-2.587984001018752e-5,0.001146249543320401,0.002175225787180439,-0.00018129234245014585,0.0008743236112556047,0.0032785759004038207,-0.0012095291524134694,0.0004261209302889044,-0.00021330682368500445,-0.0002385689410326575,-0.0006677704083473495,-0.001059037345296279,0.0011433122501814063,0.0009334926688612297,-0.0003172095911385682,-0.0007287276702678735,0.0010584701176272826,0.0017561300371507793,0.00200879274539528,-0.0016645382439488803,0.0010873583073200857,4.622709785433536e-5,-0.001500926003275227,-0.0008045466780583408,-0.00034214586527915917,-0.0012095291524134694,0.0035968388737081377,-0.00023693198854234944,-0.0012414792479754839,0.0021207506554507174,0.0005877522878293508,6.58709893066405e-5,-1.7996628086729282e-5,0.0005612996264305334,-0.000509312043413744,0.0003515033281007169,-0.0007126833788612097,-0.0008855089481708872,-0.00038176245377583153,-0.0003169598569680701,-0.00044973523047921686,0.0008477180233744668,0.0012845052171926237,-0.0006331875987573316,0.00039967168635994467,0.0004261209302889044,-0.00023693198854234944,0.002148049070440488,0.0015620213438311045,0.0006898479302560253,7.351325695173635e-6,-0.0006953006518892781,5.047767281891679e-5,0.0007935266201853321,-0.0002897869110135548,0.0002218128724252457,4.524056595397194e-5,0.0012617924754484877,-0.0009395022444807469,-0.0005084469420447229,0.00015449118954342944,-0.00018752501575264045,0.00234390217108902,0.0003657031062934068,0.0011181358857757333,-0.00021330682368500445,-0.0012414792479754839,0.0015620213438311045,0.005822541421331544,-0.0011299236507831241,-0.0008257212920544926,-0.0009877155724696653,-0.00034572506702898193,0.0011409178251155084,0.00046197152410196683,0.00018205820095988916,0.0016098201179767144,0.0023636006809937314,-0.00327503089916269,-0.000669556413691176,-0.000501524053318213,-0.001221869357249838,0.002587015444669226,-0.002493584015852682,0.00025496488896316707,-0.0002385689410326575,0.0021207506554507174,0.0006898479302560253,-0.0011299236507831241,0.006817109196936131,0.0020669338222121508,-0.00032810294984711625,-0.00016862950181414406,0.0013140438656529516,0.00032190456144030606,0.0005430109069451169,-0.0006665426080184728,7.684003914046854e-5,-0.00010683183724727389,-0.0011426508272039584,0.0006874071244760763,-0.0014153601135006165,0.003157449840159761,-0.00017034570280944418,0.00043888287772780784,-0.0006677704083473495,0.0005877522878293508,7.351325695173635e-6,-0.0008257212920544926,0.0020669338222121508,0.0047355134896467565,0.003014972448991784,0.0014214112680419036,-0.0008474092728116754,-0.0003665386870508609,0.0027261238755762456,-0.00062627211815993,0.001018821852234027,-0.0009746726198582593,3.479979202845431e-5,0.0010335938911146237,-0.0007343110473846002,0.001239954906168734,0.00033615647962186826,-0.0006810495480121573,-0.001059037345296279,6.58709893066405e-5,-0.0006953006518892781,-0.0009877155724696653,-0.00032810294984711625,0.003014972448991784,0.0038575195705606376,0.0005751050951978193,-0.0005494944645499916,-0.0006102240491270178,0.0008826532646938448,-0.0003827667997116157,0.00016799701614604687,-0.0014326862450716642,0.0013510587106998514,0.0008598590039693103,0.0004961584828239306,0.002419635425955631,0.0006855933025670326,0.0006370732175018518,0.0011433122501814063,-1.7996628086729282e-5,5.047767281891679e-5,-0.00034572506702898193,-0.00016862950181414406,0.0014214112680419036,0.0005751050951978193,0.003311270337220053,0.0005467187678231544,0.00036284574116938236,-0.00020278306685696988,0.0018402089047775945,0.002345113334094676,0.0007975875282731559,-0.0004438203343489676,0.0007902131969863875,0.0007576917626886833,0.0017086152297115507,-0.0006772839198291559,0.000223693547764946,0.0009334926688612297,0.0005612996264305334,0.0007935266201853321,0.0011409178251155084,0.0013140438656529516,-0.0008474092728116754,-0.0005494944645499916,0.0005467187678231544,0.002775579297606145,-0.00011623896006720551,-0.002193805814495826,0.0017306847788784204,0.0018628859326626974,-0.0007597550823830244,-0.00016324700092496664,-0.0005647735897266698,-0.0002943588539035859,0.00022678152960639575,0.0003143820547698968,-0.0002460701993117823,-0.0003172095911385682,-0.000509312043413744,-0.0002897869110135548,0.00046197152410196683,0.00032190456144030606,-0.0003665386870508609,-0.0006102240491270178,0.00036284574116938236,-0.00011623896006720551,0.0015956217656644973,-0.00014974647713538638,0.0005090187463017215,6.541680127819513e-5,0.0003606825046709218,-0.00027361041929449136,-0.0003981700134557309,-0.0007094022570624339,0.0005854750479730956,-0.0002693480319167327,5.164200698300954e-5,-0.0007287276702678735,0.0003515033281007169,0.0002218128724252457,0.00018205820095988916,0.0005430109069451169,0.0027261238755762456,0.0008826532646938448,-0.00020278306685696988,-0.002193805814495826,-0.00014974647713538638,0.004718360366118063,-0.00218416722277796,-0.0007184732011821444,-0.0004300056957969397,-0.0016110666506526674,0.000758239307895989,0.00044965961938047913,0.0020235537127008237,0.0005813899914338993,0.0004127638740778454,0.0010584701176272826,-0.0007126833788612097,4.524056595397194e-5,0.0016098201179767144,-0.0006665426080184728,-0.00062627211815993,-0.0003827667997116157,0.0018402089047775945,0.0017306847788784204,0.0005090187463017215,-0.00218416722277796,0.003135888809471134,0.002505279412571262,-0.0008094781105215604,0.00014502658927754427,0.0011185149334106644,0.00021897344154847223,0.004575895976595817,0.00040566956899259403,0.0016223698630984849,0.0017561300371507793,-0.0008855089481708872,0.0012617924754484877,0.0023636006809937314,7.684003914046854e-5,0.001018821852234027,0.00016799701614604687,0.002345113334094676,0.0018628859326626974,6.541680127819513e-5,-0.0007184732011821444,0.002505279412571262,0.00418163836648054,-0.0007236660172245328,-0.00040946905414819513,-0.00048307516265396014,0.00017722836551893297,-0.0006630058221205786,0.00046517844929105294,0.0009217017241887956,0.00200879274539528,-0.00038176245377583153,-0.0009395022444807469,-0.00327503089916269,-0.00010683183724727389,-0.0009746726198582593,-0.0014326862450716642,0.0007975875282731559,-0.0007597550823830244,0.0003606825046709218,-0.0004300056957969397,-0.0008094781105215604,-0.0007236660172245328,0.005217782604764057,-0.0006739516661147709,0.00048649060051655327,-0.0011199654547324835,-0.0011703634354010555,0.0010280808812017984,7.193103644813188e-6,-0.0016645382439488803,-0.0003169598569680701,-0.0005084469420447229,-0.000669556413691176,-0.0011426508272039584,3.479979202845431e-5,0.0013510587106998514,-0.0004438203343489676,-0.00016324700092496664,-0.00027361041929449136,-0.0016110666506526674,0.00014502658927754427,-0.00040946905414819513,-0.0006739516661147709,0.003393990411524699
