0.005337990752639098,0.0018788362441734376,0.0006626904332301142,0.0004588645700009128,-0.00024771394825823354,-0.0007942830462629039,-0.001445150069099864,0.0004812172529261486,0.0025618256154478747,-0.0007387211204487846,0.0008887379361730981,0.0008395042555107883,-0.0014103170547625353,0.0006835141320871711,0.002548119471209815,0.00030834030886592984,0.0007119574053745164,-0.0005999409465916993,3.888641255966013e-5,-0.001373334579169425,0.0018788362441734376,0.004645220563693427,0.0015072470718032875,0.000456744036400918,8.343893104908928e-5,0.0006594349596687479,-0.0002778396807345593,-7.071759722060373e-5,0.0025613745267377523,0.0003322267390755476,0.0010914804896833058,0.0009534065826113248,0.0013851089136543183,0.0011225439442068166,0.004281860571819383,0.0001316891226955498,0.0008468325453183613,0.00019046816184257548,0.000140607456128936,0.0008408548722767209,0.0006626904332301142,0.0015072470718032875,0.004624351861582078,-0.00016597668380029503,0.0008885390273402449,0.0018556664570546747,0.002646962297732843,-0.003112537456168088,0.0037386320394294115,-0.00036052248169540194,0.0016418745246012854,-0.0033920072446643,0.0012612554751260897,0.0003820840148614971,-0.0010278457484423041,0.0010343790357493197,0.0011944502523426152,-0.0006774737460814358,-0.0017217076428458918,0.0024102155942563445,0.0004588645700009128,0.000456744036400918,-0.00016597668380029503,0.0022411870735665807,0.00029955438993324525,0.00026428624271730976,-0.002184953842243379,0.001988664567254811,-0.00021918955713256776,6.911423175689252e-5,-0.00027797172303135594,-0.001852036169014601,-0.0004253909263738985,1.5981736764987132e-5,-0.0006565876679721422,0.0015569828566566518,0.00038996575281482544,-0.00011031766989172973,0.0003466151618020592,0.0014747927768025359,-0.00024771394825823354,8.343893104908928e-5,0.0008885390273402449,0.00029955438993324525,0.005790205669548995,0.00021937107089196867,-0.0010401110100461005,-0.000885314631885008,0.0003919452836516475,0.0014863218761992426,0.0009524398734528555,-1.9881175737775462e-5,0.00039566951651436396,0.001434022678145397,-0.0018575703715915347,0.001524872119622444,0.0004110605034329757,0.00047923880715370465,0.0003219516517085836,-0.0007787120969859752,-0.0007942830462629039,0.0006594349596687479,0.0018556664570546747,0.00026428624271730976,0.00021937107089196867,0.03169945069593976,0.0016424675705328958,0.004823111413433338,0.0002226385373289134,0.003072237055636754,-0.003132012903091499,-0.02037384994799281,0.0023589327331323337,-0.0012283086406736708,-0.0010986977949613592,0.005247913152863217,0.002349842414865678,0.0007505781193464487,-0.0034701179303045946,0.01617379107607211,-0.001445150069099864,-0.0002778396807345593,0.002646962297732843,-0.002184953842243379,-0.0010401110100461005,0.0016424675705328958,0.02980621115182947,-0.0028183097404046635,0.0034134749268756436,-0.00032073399918104706,0.0018404211427270878,0.002844211610512291,0.0030796765673582775,-0.0017836201508308206,0.009683075019704645,-0.003770747293124669,0.0015868519169382044,-0.0011658138002626178,-0.002524688410633814,0.0005146567824681253,0.0004812172529261486,-7.071759722060373e-5,-0.003112537456168088,0.001988664567254811,-0.000885314631885008,0.004823111413433338,-0.0028183097404046635,0.03208190097618389,0.0024801038593559497,0.0035181016239049815,-0.004157180736565241,2.8761608671429886e-5,0.0012487477928307946,0.0005286557548927003,0.003601760939989913,-0.001355204369403899,0.0007851657225537514,0.0022269204794642845,0.0024577137504737116,0.006654469066338243,0.0025618256154478747,0.0025613745267377523,0.0037386320394294115,-0.00021918955713256776,0.0003919452836516475,0.0002226385373289134,0.0034134749268756436,0.0024801038593559497,0.016698793487677516,0.0002657459134990289,0.0028331782689270495,0.001640329281185276,0.003961902408999631,0.002186147949959345,0.009440230090714728,0.00031009986772184076,0.0018520062615459414,9.571921762657693e-5,-0.00021611713655168976,0.004259292068111747,-0.0007387211204487846,0.0003322267390755476,-0.00036052248169540194,6.911423175689252e-5,0.0014863218761992426,0.003072237055636754,-0.00032073399918104706,0.0035181016239049815,0.0002657459134990289,0.0045072178122171225,-0.0005031638142365175,-0.0005069842043930498,0.0010373354390892451,0.001432462041646026,0.0024872633039132877,0.001901196551739781,0.00014193071661780418,0.0012306530878257655,0.0005255978735549254,0.0012973679994463258,0.0008887379361730981,0.0010914804896833058,0.0016418745246012854,-0.00027797172303135594,0.0009524398734528555,-0.003132012903091499,0.0018404211427270878,-0.004157180736565241,0.0028331782689270495,-0.0005031638142365175,0.0070275000060670235,0.005311234562834687,0.0013741609200917692,0.0009995787321106235,0.006512998741879886,0.0011796440273824807,-0.0002595991002766946,0.00032157497432193935,0.0002889288185710663,-0.001632210299923428,0.0008395042555107883,0.0009534065826113248,-0.0033920072446643,-0.001852036169014601,-1.9881175737775462e-5,-0.02037384994799281,0.002844211610512291,2.8761608671429886e-5,0.001640329281185276,-0.0005069842043930498,0.005311234562834687,0.04300742773935596,0.003566988664170428,0.0040210882438180716,0.013346614970979368,-0.007140833863670661,-0.003613332900166071,0.0008194703795049419,0.0069205529832124585,-0.019682451606747475,-0.0014103170547625353,0.0013851089136543183,0.0012612554751260897,-0.0004253909263738985,0.00039566951651436396,0.0023589327331323337,0.0030796765673582775,0.0012487477928307946,0.003961902408999631,0.0010373354390892451,0.0013741609200917692,0.003566988664170428,0.010682562839633881,0.0012973968038880446,0.009507373077359878,-0.0008744072944712174,0.00029471662211821186,-0.0002175426618040157,-1.2600507553194482e-5,0.004288214104664746,0.0006835141320871711,0.0011225439442068166,0.0003820840148614971,1.5981736764987132e-5,0.001434022678145397,-0.0012283086406736708,-0.0017836201508308206,0.0005286557548927003,0.002186147949959345,0.001432462041646026,0.0009995787321106235,0.0040210882438180716,0.0012973968038880446,0.004029998824409737,0.002261223300094707,0.0017289180237365395,-0.0002984978767076959,0.0010353248343142538,0.0014636956191358351,-0.0019865630561269765,0.002548119471209815,0.004281860571819383,-0.0010278457484423041,-0.0006565876679721422,-0.0018575703715915347,-0.0010986977949613592,0.009683075019704645,0.003601760939989913,0.009440230090714728,0.0024872633039132877,0.006512998741879886,0.013346614970979368,0.009507373077359878,0.002261223300094707,0.05113504851326159,-0.0012151417485140293,0.0009717270529841376,0.0009090323073619141,0.003323725536958452,0.00272854040317309,0.00030834030886592984,0.0001316891226955498,0.0010343790357493197,0.0015569828566566518,0.001524872119622444,0.005247913152863217,-0.003770747293124669,-0.001355204369403899,0.00031009986772184076,0.001901196551739781,0.0011796440273824807,-0.007140833863670661,-0.0008744072944712174,0.0017289180237365395,-0.0012151417485140293,0.009021635481837776,0.00015633686789757014,0.00104061401153098,-2.454868786025399e-5,0.004634290234608256,0.0007119574053745164,0.0008468325453183613,0.0011944502523426152,0.00038996575281482544,0.0004110605034329757,0.002349842414865678,0.0015868519169382044,0.0007851657225537514,0.0018520062615459414,0.00014193071661780418,-0.0002595991002766946,-0.003613332900166071,0.00029471662211821186,-0.0002984978767076959,0.0009717270529841376,0.00015633686789757014,0.001953422181815538,-0.0004542881638877073,-0.001028289314653754,0.002965278342022871,-0.0005999409465916993,0.00019046816184257548,-0.0006774737460814358,-0.00011031766989172973,0.00047923880715370465,0.0007505781193464487,-0.0011658138002626178,0.0022269204794642845,9.571921762657693e-5,0.0012306530878257655,0.00032157497432193935,0.0008194703795049419,-0.0002175426618040157,0.0010353248343142538,0.0009090323073619141,0.00104061401153098,-0.0004542881638877073,0.0025504469316868714,0.0011690933964029946,0.00044571493902012966,3.888641255966013e-5,0.000140607456128936,-0.0017217076428458918,0.0003466151618020592,0.0003219516517085836,-0.0034701179303045946,-0.002524688410633814,0.0024577137504737116,-0.00021611713655168976,0.0005255978735549254,0.0002889288185710663,0.0069205529832124585,-1.2600507553194482e-5,0.0014636956191358351,0.003323725536958452,-2.454868786025399e-5,-0.001028289314653754,0.0011690933964029946,0.004662235999844344,-0.0037587973634496874,-0.001373334579169425,0.0008408548722767209,0.0024102155942563445,0.0014747927768025359,-0.0007787120969859752,0.01617379107607211,0.0005146567824681253,0.006654469066338243,0.004259292068111747,0.0012973679994463258,-0.001632210299923428,-0.019682451606747475,0.004288214104664746,-0.0019865630561269765,0.00272854040317309,0.004634290234608256,0.002965278342022871,0.00044571493902012966,-0.0037587973634496874,0.03581804986385965
0.0036808884625480717,0.00013529438168659877,-0.0002929814101024167,-0.00038120489704116336,-0.00018356038781926405,0.0005557404321446256,0.001183431809159154,0.0003985117549676016,-0.00012515828185122866,0.0005317364280540433,0.0005864391024084392,-0.00011226898022741615,0.00068031336925592,-9.92890260562528e-5,0.0004893545782810504,-9.102176180167026e-5,-0.00025507074812276484,-0.00013967826766754472,-2.8555109336626206e-5,-0.00011968322849319284,0.00013529438168659877,0.003022616909025089,-0.00021484944658101547,4.7913617320611716e-5,-0.0007436934934357412,-5.0351106210821414e-5,0.0004956062310581061,0.001056862932639375,-0.0006115039273476212,-0.0002429083947716538,0.0002057735259346838,0.0009751441157762604,-0.00016383533189520054,-0.00015689838665172782,-0.0008050826295467088,0.0007045710712681691,-0.00036151648435996824,-0.00010776204414405158,-0.00018175573720162925,-0.0005469328975697568,-0.0002929814101024167,-0.00021484944658101547,0.002958972024654644,0.00015968297032130092,0.0005410998521938023,-0.0009128228856166913,0.0018859167841847923,-4.69642650581407e-5,0.001978381298821129,0.001245214442003089,5.239074749194344e-5,-1.2204693589725174e-5,-0.00016867396476841012,-0.00013625439069709755,0.0025897190813141254,-0.00047852013440153533,0.0005316499319691643,-5.683026113826964e-5,7.483789673715856e-5,-0.00021348447385598023,-0.00038120489704116336,4.7913617320611716e-5,0.00015968297032130092,0.0023471098112354425,-0.000622376932874131,0.0025676005508621113,-0.0006757714076302821,-0.0012534549469279514,0.0007880493947048756,0.0005233327095009791,0.00023482259384256755,0.0003112929133983373,-0.001013647768989968,0.0005309282157719185,0.0009804295339787723,-0.0004690634709284948,0.000664443810109529,0.000680783361854643,0.00014655748464507002,0.0019162687032616011,-0.00018356038781926405,-0.0007436934934357412,0.0005410998521938023,-0.000622376932874131,0.006361644395669766,-0.0004353657996642211,0.0013576490023253572,-0.0012324194956693441,0.0036469945512113402,5.490184046593107e-5,8.20523703903634e-5,-0.0009632863323914873,0.0020048815873483896,-0.00030175443022424604,0.0030103761750524807,0.0012055005089904322,0.0011782744260085097,4.873440569384927e-7,0.0006238379821651269,0.0007667877627703782,0.0005557404321446256,-5.0351106210821414e-5,-0.0009128228856166913,0.0025676005508621113,-0.0004353657996642211,0.01777528254518808,-0.000613736064355783,-0.004285698798536823,0.0012508179606020662,0.0006587309532034907,-0.0001608238526857143,-0.0012251290336619137,0.0008280290388344635,0.0022027987188916647,0.002127328189823332,0.0006028428217106723,0.001349358727168099,0.000681690073578191,0.0004935224471317385,0.002549746754607593,0.001183431809159154,0.0004956062310581061,0.0018859167841847923,-0.0006757714076302821,0.0013576490023253572,-0.000613736064355783,0.026229553274184095,0.0007494006024570119,0.004553370449511519,0.0017357786694380524,-0.0012835589005316813,0.0021279540326814817,0.0016127702809393127,-0.0008701948068830874,0.003087646217310922,0.001913373595829975,0.001156605087907206,-0.0010208112749844958,-0.0017553885026851033,-4.4213215188691835e-5,0.0003985117549676016,0.001056862932639375,-4.69642650581407e-5,-0.0012534549469279514,-0.0012324194956693441,-0.004285698798536823,0.0007494006024570119,0.020933024853723916,-0.005840909037788346,-0.0015319684110318421,-0.0005638380703116888,0.002449439213296146,0.0011852288079114376,-0.00035505599256711645,-0.004576579424117722,0.0011559234566335362,-0.001850412010721704,-0.0014384617579846998,-0.0012770431535194036,0.0006816833743711067,-0.00012515828185122866,-0.0006115039273476212,0.001978381298821129,0.0007880493947048756,0.0036469945512113402,0.0012508179606020662,0.004553370449511519,-0.005840909037788346,0.016184202826556214,0.0026800000049025372,0.00018773625048891832,0.0012002459783687098,0.00016168731253014202,-0.0008248723688471455,0.0072367980436380715,0.00010795971558935589,0.0025679653037688653,0.0013494970633682085,0.00025873972597048665,0.003277457089180533,0.0005317364280540433,-0.0002429083947716538,0.001245214442003089,0.0005233327095009791,5.490184046593107e-5,0.0006587309532034907,0.0017357786694380524,-0.0015319684110318421,0.0026800000049025372,0.0035854521983407278,0.000513960525243149,-0.00033565658134179235,-0.0006851618562665632,-0.0006822521933035282,0.004313997706014538,-0.0011763677163899194,0.0009161727352607355,0.0005813850998774698,0.00023315045952467352,0.0018351076741069615,0.0005864391024084392,0.0002057735259346838,5.239074749194344e-5,0.00023482259384256755,8.20523703903634e-5,-0.0001608238526857143,-0.0012835589005316813,-0.0005638380703116888,0.00018773625048891832,0.000513960525243149,0.004483997041899234,-0.0012250640723934494,1.788756188976144e-5,0.0006018950965209805,0.0008173798335971634,-0.0004917568675379488,0.00013614634664847454,0.0001598012621261598,0.0007690208931283881,0.0006410462002648485,-0.00011226898022741615,0.0009751441157762604,-1.2204693589725174e-5,0.0003112929133983373,-0.0009632863323914873,-0.0012251290336619137,0.0021279540326814817,0.002449439213296146,0.0012002459783687098,-0.00033565658134179235,-0.0012250640723934494,0.015682753372462204,-0.0016211401491104966,-0.000730695320643463,-0.0018649967132605325,0.0015285727721727463,-0.0005497132100406158,-0.00022834985618476851,0.00029465947078128447,0.0004628641608230805,0.00068031336925592,-0.00016383533189520054,-0.00016867396476841012,-0.001013647768989968,0.0020048815873483896,0.0008280290388344635,0.0016127702809393127,0.0011852288079114376,0.00016168731253014202,-0.0006851618562665632,1.788756188976144e-5,-0.0016211401491104966,0.008329735400227375,-3.012046360874779e-5,0.0022640509320535655,0.0015843952943529215,0.0004159285893838133,-0.0010955853352294233,0.00023651785125650116,-0.0015837124190729408,-9.92890260562528e-5,-0.00015689838665172782,-0.00013625439069709755,0.0005309282157719185,-0.00030175443022424604,0.0022027987188916647,-0.0008701948068830874,-0.00035505599256711645,-0.0008248723688471455,-0.0006822521933035282,0.0006018950965209805,-0.000730695320643463,-3.012046360874779e-5,0.003614314825005784,-0.00031685672166613225,0.0002675286648103819,0.00044783102180447705,-3.7162773279856754e-5,4.81059700456644e-7,0.000912658807083255,0.0004893545782810504,-0.0008050826295467088,0.0025897190813141254,0.0009804295339787723,0.0030103761750524807,0.002127328189823332,0.003087646217310922,-0.004576579424117722,0.0072367980436380715,0.004313997706014538,0.0008173798335971634,-0.0018649967132605325,0.0022640509320535655,-0.00031685672166613225,0.038210634349516576,0.0011600897798991487,0.0030037410232220717,0.0013079807424304344,-0.0004865902906338121,0.00025024900706947025,-9.102176180167026e-5,0.0007045710712681691,-0.00047852013440153533,-0.0004690634709284948,0.0012055005089904322,0.0006028428217106723,0.001913373595829975,0.0011559234566335362,0.00010795971558935589,-0.0011763677163899194,-0.0004917568675379488,0.0015285727721727463,0.0015843952943529215,0.0002675286648103819,0.0011600897798991487,0.0056547879922750335,0.0006673936091113752,0.00017599702357797543,-0.0007757475642414535,-0.001025483784346724,-0.00025507074812276484,-0.00036151648435996824,0.0005316499319691643,0.000664443810109529,0.0011782744260085097,0.001349358727168099,0.001156605087907206,-0.001850412010721704,0.0025679653037688653,0.0009161727352607355,0.00013614634664847454,-0.0005497132100406158,0.0004159285893838133,0.00044783102180447705,0.0030037410232220717,0.0006673936091113752,0.0023692289720140453,0.0006901813518934855,-0.00021949787101383726,0.0008509621164779035,-0.00013967826766754472,-0.00010776204414405158,-5.683026113826964e-5,0.000680783361854643,4.873440569384927e-7,0.000681690073578191,-0.0010208112749844958,-0.0014384617579846998,0.0013494970633682085,0.0005813850998774698,0.0001598012621261598,-0.00022834985618476851,-0.0010955853352294233,-3.7162773279856754e-5,0.0013079807424304344,0.00017599702357797543,0.0006901813518934855,0.0025003099265998047,-0.00022685550035137937,0.0014986574183056065,-2.8555109336626206e-5,-0.00018175573720162925,7.483789673715856e-5,0.00014655748464507002,0.0006238379821651269,0.0004935224471317385,-0.0017553885026851033,-0.0012770431535194036,0.00025873972597048665,0.00023315045952467352,0.0007690208931283881,0.00029465947078128447,0.00023651785125650116,4.81059700456644e-7,-0.0004865902906338121,-0.0007757475642414535,-0.00021949787101383726,-0.00022685550035137937,0.0036954479965022775,0.000638497931510829,-0.00011968322849319284,-0.0005469328975697568,-0.00021348447385598023,0.0019162687032616011,0.0007667877627703782,0.002549746754607593,-4.4213215188691835e-5,0.0006816833743711067,0.003277457089180533,0.0018351076741069615,0.0006410462002648485,0.0004628641608230805,-0.0015837124190729408,0.000912658807083255,0.00025024900706947025,-0.001025483784346724,0.0008509621164779035,0.0014986574183056065,0.000638497931510829,0.03137051582328247
0.0047491274371225375,-0.0005244495178406741,0.0007224556740101145,0.00026185267617631115,0.0006031044038963568,0.00427934440488064,0.002479205635855097,0.002931091540011391,0.0019678781987020532,0.0006962173052285525,0.0008588174562735476,0.0013616079419173188,0.0007282751073048172,0.0008005854681162679,-0.00028001981460500623,0.0014557563233998268,0.0005421504745697493,0.0013259598764100663,0.0020870996130828265,0.0042023936427056765,-0.0005244495178406741,0.005249848266559309,0.0006526880415104791,0.0007967601968073056,0.001033146541334106,-0.0011493859165857571,0.002065543792574504,0.0001935436584263676,0.0004677523897536601,0.0015468051428841265,-0.0005293204579137872,0.0030465538590356495,0.0006609981629727021,0.000842909741169128,0.0027444556436692974,0.0005083599863477937,0.0015184571994776182,0.0009372632630014364,-0.0003794642756339637,-0.0007003967350601048,0.0007224556740101145,0.0006526880415104791,0.0033201746683764305,0.00031242566205149454,0.0010814515052835387,0.0034603316209486637,0.0022423724894686525,0.003725262524790574,-0.0008576964773843272,0.0012168808688893071,0.0006515374637792258,0.003058160327845366,0.001516616038924062,0.0008490799587607832,0.0016188162177819057,0.0019695826383950266,0.0011202650953656837,0.000834808671408271,0.0013019718468906907,0.002783130258932928,0.00026185267617631115,0.0007967601968073056,0.00031242566205149454,0.0019290681766565723,0.000479558599892629,-0.0006909748114836806,0.00030840358383021313,0.001510158881706132,0.000123235445202983,0.000615467084505623,0.00030571048721149494,0.0013554131235962142,0.001121912896295423,0.00039085502051570893,0.0005440070797068106,-5.894952913569275e-5,0.0005151805849774515,0.0007752287514378917,-0.00045607237862807564,-0.00012989427476197335,0.0006031044038963568,0.001033146541334106,0.0010814515052835387,0.000479558599892629,0.004774593956852332,0.0020759273748809284,0.004514380357152292,0.005081523211878336,-0.00012056192174231625,0.001802132263183346,0.0007936243848488678,0.0034905372908395705,0.0019596435859932974,0.0007104037571207314,0.004201542776032622,0.00127639334405042,0.0008876792570675403,0.00017228010752972674,0.00025807075241789947,0.0005805406057177502,0.00427934440488064,-0.0011493859165857571,0.0034603316209486637,-0.0006909748114836806,0.0020759273748809284,0.03158211613007035,0.017683105434837504,0.019048167903190787,0.005156581927911399,0.002982924703231368,0.0060321117472594745,0.009852343728328345,0.003532738413999351,0.001993059603907027,0.003471454448334739,0.0061630584029509616,0.0038444934311007107,0.0004667034812527405,0.006235692433018644,0.004758254428477753,0.002479205635855097,0.002065543792574504,0.0022423724894686525,0.00030840358383021313,0.004514380357152292,0.017683105434837504,0.04041096265242084,0.02669605104179018,0.00507799827565415,0.005394174521256782,0.007368760141446242,0.011026972596346486,0.006781330057424236,0.004676323399402717,0.008731143823608598,0.005951463369284407,0.0047153450545838315,0.0029685418741630964,0.0047103822923751735,0.005225017426490906,0.002931091540011391,0.0001935436584263676,0.003725262524790574,0.001510158881706132,0.005081523211878336,0.019048167903190787,0.02669605104179018,0.05176643251678909,0.0024876339361998043,0.007119453522304475,0.011253773351513,0.01583549695333872,0.009113754493446091,0.005399694204456723,0.010441767243897471,0.005621145308765389,0.005280033192255064,0.002637253237492005,0.0034201089169109775,0.002051331254142103,0.0019678781987020532,0.0004677523897536601,-0.0008576964773843272,0.000123235445202983,-0.00012056192174231625,0.005156581927911399,0.00507799827565415,0.0024876339361998043,0.016453059628934594,0.0003807808101103979,0.0013593289010379874,0.0009358947655661564,-0.0012918268458807485,0.0008557350116305919,-0.0009923149078897666,0.0022176422679263848,0.0005483193967254619,0.00025649122251677066,0.0015878701468320577,0.00027151642076632117,0.0006962173052285525,0.0015468051428841265,0.0012168808688893071,0.000615467084505623,0.001802132263183346,0.002982924703231368,0.005394174521256782,0.007119453522304475,0.0003807808101103979,0.004203899257719841,0.0014106287572431154,0.0037540831926202393,0.002101459477477159,0.0014509359867847875,0.0022893735049861856,0.0020580124749948877,0.0012359494889264161,0.00079081738276437,0.0018249343174645324,0.0012406440320625598,0.0008588174562735476,-0.0005293204579137872,0.0006515374637792258,0.00030571048721149494,0.0007936243848488678,0.0060321117472594745,0.007368760141446242,0.011253773351513,0.0013593289010379874,0.0014106287572431154,0.0069016420000229265,0.002824716178818834,0.003928187795667539,0.0011595082086865967,0.0005312122922052464,0.001106292322205457,0.0014195627711305445,0.000995764373018004,0.0010704006801107958,0.0012300349828862746,0.0013616079419173188,0.0030465538590356495,0.003058160327845366,0.0013554131235962142,0.0034905372908395705,0.009852343728328345,0.011026972596346486,0.01583549695333872,0.0009358947655661564,0.0037540831926202393,0.002824716178818834,0.020878422534718406,0.00612125919081152,0.003853957386338812,0.006016872309118366,0.003870429908776891,0.003592734511115462,0.0015466257402965175,0.000561038075686575,0.002528426340033219,0.0007282751073048172,0.0006609981629727021,0.001516616038924062,0.001121912896295423,0.0019596435859932974,0.003532738413999351,0.006781330057424236,0.009113754493446091,-0.0012918268458807485,0.002101459477477159,0.003928187795667539,0.00612125919081152,0.011197193700324508,0.0022662190676476703,0.0021204576760860986,0.00038507542810334837,0.0016821768448562293,0.0019658390689208786,-0.0001173760612615162,0.004632277773529798,0.0008005854681162679,0.000842909741169128,0.0008490799587607832,0.00039085502051570893,0.0007104037571207314,0.001993059603907027,0.004676323399402717,0.005399694204456723,0.0008557350116305919,0.0014509359867847875,0.0011595082086865967,0.003853957386338812,0.0022662190676476703,0.0034196597650449773,0.0019876672858155716,0.0008548205346847304,0.0010131565554298535,0.0008996977178255914,0.00047701517535600284,0.001956433257679093,-0.00028001981460500623,0.0027444556436692974,0.0016188162177819057,0.0005440070797068106,0.004201542776032622,0.003471454448334739,0.008731143823608598,0.010441767243897471,-0.0009923149078897666,0.0022893735049861856,0.0005312122922052464,0.006016872309118366,0.0021204576760860986,0.0019876672858155716,0.027531548335669842,0.002524793732428746,0.0028058203711468863,0.0006293038440561627,0.00040105519922205675,-0.00042295069252678403,0.0014557563233998268,0.0005083599863477937,0.0019695826383950266,-5.894952913569275e-5,0.00127639334405042,0.0061630584029509616,0.005951463369284407,0.005621145308765389,0.0022176422679263848,0.0020580124749948877,0.001106292322205457,0.003870429908776891,0.00038507542810334837,0.0008548205346847304,0.002524793732428746,0.007048361803140257,0.0014835156585618593,0.0005108935041271941,0.0029005175888859756,0.003445174208214983,0.0005421504745697493,0.0015184571994776182,0.0011202650953656837,0.0005151805849774515,0.0008876792570675403,0.0038444934311007107,0.0047153450545838315,0.005280033192255064,0.0005483193967254619,0.0012359494889264161,0.0014195627711305445,0.003592734511115462,0.0016821768448562293,0.0010131565554298535,0.0028058203711468863,0.0014835156585618593,0.0027410277821133997,0.001342080524685514,0.0006238387833071847,0.0005838965526104019,0.0013259598764100663,0.0009372632630014364,0.000834808671408271,0.0007752287514378917,0.00017228010752972674,0.0004667034812527405,0.0029685418741630964,0.002637253237492005,0.00025649122251677066,0.00079081738276437,0.000995764373018004,0.0015466257402965175,0.0019658390689208786,0.0008996977178255914,0.0006293038440561627,0.0005108935041271941,0.001342080524685514,0.0036974280485829823,0.000602601125013923,0.0021649269018468886,0.0020870996130828265,-0.0003794642756339637,0.0013019718468906907,-0.00045607237862807564,0.00025807075241789947,0.006235692433018644,0.0047103822923751735,0.0034201089169109775,0.0015878701468320577,0.0018249343174645324,0.0010704006801107958,0.000561038075686575,-0.0001173760612615162,0.00047701517535600284,0.00040105519922205675,0.0029005175888859756,0.0006238387833071847,0.000602601125013923,0.005765275565021361,0.0048235428590750005,0.0042023936427056765,-0.0007003967350601048,0.002783130258932928,-0.00012989427476197335,0.0005805406057177502,0.004758254428477753,0.005225017426490906,0.002051331254142103,0.00027151642076632117,0.0012406440320625598,0.0012300349828862746,0.002528426340033219,0.004632277773529798,0.001956433257679093,-0.00042295069252678403,0.003445174208214983,0.0005838965526104019,0.0021649269018468886,0.0048235428590750005,0.029445007127755062
