0.004139244501174754,8.863547268003221e-5,0.00031749841413874005,0.00015098759149927545,-0.00014356084752652684,0.0020884100894830396,0.001658508289275356,0.001999085751439646,0.00040678663593983396,0.00021299639193547026,0.00037909487061197483,0.0004424665235932418,0.0007526574844761522,0.0006768593096990513,-0.00026896573496903997,0.00018384256502711037,0.000360104094560165,0.0003747224563228075,0.0004829439578719767,0.0017368404689969332,8.863547268003221e-5,0.004143188628418339,0.00026874222898041436,0.0004679685006779542,0.00019614584869243436,-0.0015248277836899314,4.4736869349264804e-5,-0.000945349158198854,0.000530412233505166,0.00010617548484288862,0.0005601740178745567,-0.0009095732532511845,-0.00044460514395751327,-7.473881286813703e-5,0.0008020933169332158,0.00022424695217407585,0.00032630795304356927,-0.00026464719780948094,0.0007801772966069312,0.0004521044432813195,0.00031749841413874005,0.00026874222898041436,0.002525664489967497,0.00010193033003555566,4.617974626847401e-5,-0.0002958908714312578,0.0011057590441708076,0.000747035053223016,3.522854048014752e-5,8.371370311282518e-5,0.00025682509743914976,0.0006897335176383671,-0.00010634693950680487,0.00043958877778903444,0.0005148400554565759,0.00012058778306019281,0.0002308261884542752,2.5551439841249522e-5,0.0006385843059459634,-0.00028649435543539974,0.00015098759149927545,0.0004679685006779542,0.00010193033003555566,0.001877745810660088,0.0001381873746092693,0.00028252227624549534,-0.000336065892176247,0.0008329395641300358,0.0004803323938063236,0.00013831384075703077,1.6081254423061487e-6,0.0009275146811832408,-0.0001051703905580221,0.0006778891978506356,0.0008014438831243202,0.00018944931782096953,0.00011070809017103841,8.155860881693723e-5,0.0005315441023341512,0.0016925044089746025,-0.00014356084752652684,0.00019614584869243436,4.617974626847401e-5,0.0001381873746092693,0.0049412345269519275,-0.0020138338128600558,0.0014435573182817387,0.0005045996792863603,0.0018849926221377591,0.0007280328429842429,0.0002000964521207729,0.0007186728499407972,0.0004100827505994855,0.00023147774761480305,0.004058453571803943,0.0008201028754932025,0.0002567276030067517,5.895396597413974e-5,0.0002549391038448877,0.001132261234637522,0.0020884100894830396,-0.0015248277836899314,-0.0002958908714312578,0.00028252227624549534,-0.0020138338128600558,0.02101598874697725,0.0002217017295783176,0.0021106237121370454,-0.00021696716497832244,0.00021307946633585917,-0.000688373643307648,0.0002647593524870148,0.0003866615089629416,-0.00042527736530911786,-0.004931835411932859,0.0009379313963852093,0.00046387051651104543,0.0003709621015655697,-0.00013173421769320683,0.002807406149334816,0.001658508289275356,4.4736869349264804e-5,0.0011057590441708076,-0.000336065892176247,0.0014435573182817387,0.0002217017295783176,0.02368903931311689,0.0027222541396627266,0.003038581690711195,0.0013944335976610591,-0.00014954599030257638,0.002366139531262955,0.0003099317432897769,0.0013733873915773714,0.00415975033569245,0.0008017122988756262,0.0011469209549706434,0.0013467166706943204,0.0008732437321970756,0.0039238632985360376,0.001999085751439646,-0.000945349158198854,0.000747035053223016,0.0008329395641300358,0.0005045996792863603,0.0021106237121370454,0.0027222541396627266,0.02387111389297076,-0.001978107160623143,0.0006921212112815214,0.001221676474291017,0.0026691828845922887,0.0013807655821061215,0.002028235458640541,0.0009402397708104972,0.0003334237121515991,0.0007140125169727311,0.0015372803158726482,0.00030435420456611406,0.001562190213065757,0.00040678663593983396,0.000530412233505166,3.522854048014752e-5,0.0004803323938063236,0.0018849926221377591,-0.00021696716497832244,0.003038581690711195,-0.001978107160623143,0.013576342184159573,0.0010013962677916744,0.00024543146748467765,0.0028261414950186076,0.0007704310555931592,0.0010992607621110196,0.004500515623692737,0.000771823163153127,0.0008957620807716564,-0.0005612594084729285,0.00013972349347795828,0.003764494098567453,0.00021299639193547026,0.00010617548484288862,8.371370311282518e-5,0.00013831384075703077,0.0007280328429842429,0.00021307946633585917,0.0013944335976610591,0.0006921212112815214,0.0010013962677916744,0.002855630203000427,0.0001389701838044658,-0.0001035637227265541,0.001204407141238159,-9.877963504897978e-6,0.002618090151662468,0.0005112746647278524,0.0003290376745363413,0.00024225341893571896,-0.000254261761876807,0.0014512006598360401,0.00037909487061197483,0.0005601740178745567,0.00025682509743914976,1.6081254423061487e-6,0.0002000964521207729,-0.000688373643307648,-0.00014954599030257638,0.001221676474291017,0.00024543146748467765,0.0001389701838044658,0.004943128078007462,-0.00016865503585271238,0.0005521822601394503,0.00045617903288988973,0.0019210596694595769,0.000174577405371066,0.0002163556944527357,-0.0002810796739855118,0.0008878245875846194,0.0013684258879681326,0.0004424665235932418,-0.0009095732532511845,0.0006897335176383671,0.0009275146811832408,0.0007186728499407972,0.0002647593524870148,0.002366139531262955,0.0026691828845922887,0.0028261414950186076,-0.0001035637227265541,-0.00016865503585271238,0.015481583462948891,0.0005161415854320775,0.0007923498287108192,0.001372570848161139,0.00032582000764999435,0.0002713533929331088,0.00017418261562615104,0.000214085979091262,0.0009740602799019964,0.0007526574844761522,-0.00044460514395751327,-0.00010634693950680487,-0.0001051703905580221,0.0004100827505994855,0.0003866615089629416,0.0003099317432897769,0.0013807655821061215,0.0007704310555931592,0.001204407141238159,0.0005521822601394503,0.0005161415854320775,0.007692161205949393,0.0007306512924094435,0.0024587977416549727,0.0007946345713291123,0.0004104346841377188,0.00030814233125156623,-0.001061142559068448,0.0024806096412394335,0.0006768593096990513,-7.473881286813703e-5,0.00043958877778903444,0.0006778891978506356,0.00023147774761480305,-0.00042527736530911786,0.0013733873915773714,0.002028235458640541,0.0010992607621110196,-9.877963504897978e-6,0.00045617903288988973,0.0007923498287108192,0.0007306512924094435,0.003984503742101195,0.0014560845037360375,-0.0003447494426085888,0.00037706326284415103,0.00014722186673311915,0.00019761176990890745,0.001784055536506354,-0.00026896573496903997,0.0008020933169332158,0.0005148400554565759,0.0008014438831243202,0.004058453571803943,-0.004931835411932859,0.00415975033569245,0.0009402397708104972,0.004500515623692737,0.002618090151662468,0.0019210596694595769,0.001372570848161139,0.0024587977416549727,0.0014560845037360375,0.0344228224012102,0.00306276275992732,0.0012508480850322327,0.00016428591336125573,-6.538958300924093e-5,0.00443813379227492,0.00018384256502711037,0.00022424695217407585,0.00012058778306019281,0.00018944931782096953,0.0008201028754932025,0.0009379313963852093,0.0008017122988756262,0.0003334237121515991,0.000771823163153127,0.0005112746647278524,0.000174577405371066,0.00032582000764999435,0.0007946345713291123,-0.0003447494426085888,0.00306276275992732,0.0051261984114883835,0.0002626105472620287,0.000679786818865325,1.0595073591219018e-5,0.0013278939045089334,0.000360104094560165,0.00032630795304356927,0.0002308261884542752,0.00011070809017103841,0.0002567276030067517,0.00046387051651104543,0.0011469209549706434,0.0007140125169727311,0.0008957620807716564,0.0003290376745363413,0.0002163556944527357,0.0002713533929331088,0.0004104346841377188,0.00037706326284415103,0.0012508480850322327,0.0002626105472620287,0.0013104405968406138,0.0002830267385117842,9.841943553134198e-5,0.000477222281872801,0.0003747224563228075,-0.00026464719780948094,2.5551439841249522e-5,8.155860881693723e-5,5.895396597413974e-5,0.0003709621015655697,0.0013467166706943204,0.0015372803158726482,-0.0005612594084729285,0.00024225341893571896,-0.0002810796739855118,0.00017418261562615104,0.00030814233125156623,0.00014722186673311915,0.00016428591336125573,0.000679786818865325,0.0002830267385117842,0.002418333327986973,-4.827993782487365e-5,0.0001802035662631402,0.0004829439578719767,0.0007801772966069312,0.0006385843059459634,0.0005315441023341512,0.0002549391038448877,-0.00013173421769320683,0.0008732437321970756,0.00030435420456611406,0.00013972349347795828,-0.000254261761876807,0.0008878245875846194,0.000214085979091262,-0.001061142559068448,0.00019761176990890745,-6.538958300924093e-5,1.0595073591219018e-5,9.841943553134198e-5,-4.827993782487365e-5,0.004200194418468087,0.0024142265522201145,0.0017368404689969332,0.0004521044432813195,-0.00028649435543539974,0.0016925044089746025,0.001132261234637522,0.002807406149334816,0.0039238632985360376,0.001562190213065757,0.003764494098567453,0.0014512006598360401,0.0013684258879681326,0.0009740602799019964,0.0024806096412394335,0.001784055536506354,0.00443813379227492,0.0013278939045089334,0.000477222281872801,0.0001802035662631402,0.0024142265522201145,0.032968604958525174
