0.02444945024853375,0.0005662950471154872,0.0015710839165778714,0.001785188719517817,-0.0003636856455750925,0.000841175439789837,0.0001779497537008487,0.00047084759522212705,0.0009611325559261772,0.0009120132623645714,0.001197893422862915,-0.00042489663545834184,0.0004471640255264422,-0.00010010585422771323,0.002278415619970089,0.001066904659014459,-0.00025101306271268424,0.0035144696920704245,0.0007864507531495808,0.0029708730763441495,0.0005662950471154872,0.0011100279671246553,-0.00041135091500812704,0.0004225457309944313,0.000773573387436069,0.00027321691040298066,8.021006643396081e-5,-0.0001487495903483789,0.0005346403365304759,1.069149847080681e-5,-0.00010309386751749833,0.0002098471203987588,0.0004280299024347016,0.0003771417317988739,0.0005172544276446128,2.917955950999522e-5,5.181490721478709e-5,-0.00011394888816986322,0.00021177811115479024,0.0002917237336202492,0.0015710839165778714,-0.00041135091500812704,0.01311635222074696,0.0011134240620546444,0.0009598619241173644,0.00030630407818529664,-0.00010239561839048698,0.00035883606795401,-0.0006483054884914399,0.00048602138033384493,0.001140162512988754,-0.0006663651506900548,-0.00018194120934634313,0.0020390713159891454,0.0010453063852149409,0.000665026822586645,0.00034718421048308566,0.0017854235199936356,0.0011202096614515529,0.0016234630036274307,0.001785188719517817,0.0004225457309944313,0.0011134240620546444,0.005389658444306759,-0.0002672067852735533,0.0011391275261823843,0.000480472372319491,1.3901741490228282e-5,0.001445850165211197,0.000385045469602268,0.0008791729029897012,-0.00028684822358265204,0.00011091383078829706,0.0012267054073214379,0.0005577181874042462,0.0003549233851660103,0.00023564491250295533,0.0014533182669484342,0.0007182735629591431,0.0003073160990547105,-0.0003636856455750925,0.000773573387436069,0.0009598619241173644,-0.0002672067852735533,0.01763772152541223,0.0013447862983039112,0.00020497464513049863,-8.213210766865198e-5,0.0007584286632328042,0.0010180744832138681,0.0005107073272701485,0.0013506095252435312,0.001109952635090544,0.0020551422593919795,0.0009508454690089411,0.0004584794381096981,0.0021528742277591587,0.0025543652071455493,-0.0005379119550613146,0.0017447595360605816,0.000841175439789837,0.00027321691040298066,0.00030630407818529664,0.0011391275261823843,0.0013447862983039112,0.014901978545878965,0.00108502742374217,0.0007091838207955877,0.001665242582475585,0.000508572324506273,0.0015853040476286574,0.001150187817394302,0.0006829030666330348,0.002858075773097719,0.0014066310152740622,0.0003022596861132197,0.0020322139680604354,0.0025069531993337285,0.001401938901414421,0.004367769947583151,0.0001779497537008487,8.021006643396081e-5,-0.00010239561839048698,0.000480472372319491,0.00020497464513049863,0.00108502742374217,0.0020804032842390847,0.00014390368746075718,0.000550588478519491,0.00017764879168382717,0.00022005206042567346,0.000524103497164965,6.764186347137625e-6,0.0001824020195742278,0.00033339773424741865,0.0001175855334758505,0.00023448517038712063,0.0006332147058024195,0.00039172629225100254,0.000490201067746721,0.00047084759522212705,-0.0001487495903483789,0.00035883606795401,1.3901741490228282e-5,-8.213210766865198e-5,0.0007091838207955877,0.00014390368746075718,0.0008317745512665768,-3.887798307776222e-5,5.987942400068646e-5,0.0004404173196291537,0.00012981037191928482,6.935364474022141e-5,0.0003610020221225296,0.0004836103438679559,0.00015235202718241622,-3.0151209975085174e-5,0.0006862071191542818,0.00038956428626289556,0.000853355962654983,0.0009611325559261772,0.0005346403365304759,-0.0006483054884914399,0.001445850165211197,0.0007584286632328042,0.001665242582475585,0.000550588478519491,-3.887798307776222e-5,0.015023072142366966,0.000413313066634742,0.0015587839614920075,0.00032589449780133777,0.0005740426833611134,0.002181592281340812,0.0004888431476854748,0.000972736042884571,-0.00020255567713582044,0.0017479563431342634,0.0004953884583644744,0.0021900031187045465,0.0009120132623645714,1.069149847080681e-5,0.00048602138033384493,0.000385045469602268,0.0010180744832138681,0.000508572324506273,0.00017764879168382717,5.987942400068646e-5,0.000413313066634742,0.002450157947340408,3.293103017798839e-5,6.542569128070285e-5,0.00022050912456780635,0.0008547687368008582,0.0004072280734871696,8.767758580091057e-5,0.00036634138008986405,0.0013015904656255007,0.00038294453550621985,0.0007138613795772288,0.001197893422862915,-0.00010309386751749833,0.001140162512988754,0.0008791729029897012,0.0005107073272701485,0.0015853040476286574,0.00022005206042567346,0.0004404173196291537,0.0015587839614920075,3.293103017798839e-5,0.022892316331659116,-0.0009412137540175767,0.00029175321167551594,0.0009645844222678293,0.0010299333554565928,0.0007026911965450585,0.0009837138875106557,0.0029162572917903916,-3.926766075755532e-5,0.0006385370928567741,-0.00042489663545834184,0.0002098471203987588,-0.0006663651506900548,-0.00028684822358265204,0.0013506095252435312,0.001150187817394302,0.000524103497164965,0.00012981037191928482,0.00032589449780133777,6.542569128070285e-5,-0.0009412137540175767,0.007259617123327174,0.0008083084315092864,-0.0003667137615621253,0.0016170965237541132,7.988560734393765e-5,-0.0008985195865324037,0.00041674422611595954,-0.00046492732129423266,0.0020252795651643134,0.0004471640255264422,0.0004280299024347016,-0.00018194120934634313,0.00011091383078829706,0.001109952635090544,0.0006829030666330348,6.764186347137625e-6,6.935364474022141e-5,0.0005740426833611134,0.00022050912456780635,0.00029175321167551594,0.0008083084315092864,0.002936852503003935,0.0011368064216221452,0.001076923775873932,0.00037424192483284625,0.0007056434923164712,0.0007025741319694027,0.0005055237449474385,0.001413107380503643,-0.00010010585422771323,0.0003771417317988739,0.0020390713159891454,0.0012267054073214379,0.0020551422593919795,0.002858075773097719,0.0001824020195742278,0.0003610020221225296,0.002181592281340812,0.0008547687368008582,0.0009645844222678293,-0.0003667137615621253,0.0011368064216221452,0.01884120346631547,0.0009084693346737459,0.0006809863045500589,0.0011024421867356082,0.0032674934610940932,0.0012772485013783233,0.0007155672532687032,0.002278415619970089,0.0005172544276446128,0.0010453063852149409,0.0005577181874042462,0.0009508454690089411,0.0014066310152740622,0.00033339773424741865,0.0004836103438679559,0.0004888431476854748,0.0004072280734871696,0.0010299333554565928,0.0016170965237541132,0.001076923775873932,0.0009084693346737459,0.013908639087103807,0.0007061352917683805,0.0008512370523690169,0.0017032842133420964,0.0007762258286178193,0.0019559700581329937,0.001066904659014459,2.917955950999522e-5,0.000665026822586645,0.0003549233851660103,0.0004584794381096981,0.0003022596861132197,0.0001175855334758505,0.00015235202718241622,0.000972736042884571,8.767758580091057e-5,0.0007026911965450585,7.988560734393765e-5,0.00037424192483284625,0.0006809863045500589,0.0007061352917683805,0.0011185961640401882,0.00041728751220073605,0.0006863724552282544,0.0003756334998198953,0.0006562424233479815,-0.00025101306271268424,5.181490721478709e-5,0.00034718421048308566,0.00023564491250295533,0.0021528742277591587,0.0020322139680604354,0.00023448517038712063,-3.0151209975085174e-5,-0.00020255567713582044,0.00036634138008986405,0.0009837138875106557,-0.0008985195865324037,0.0007056434923164712,0.0011024421867356082,0.0008512370523690169,0.00041728751220073605,0.00997836617877499,0.00042772134071504943,-4.382827857770951e-5,0.001958164639137127,0.0035144696920704245,-0.00011394888816986322,0.0017854235199936356,0.0014533182669484342,0.0025543652071455493,0.0025069531993337285,0.0006332147058024195,0.0006862071191542818,0.0017479563431342634,0.0013015904656255007,0.0029162572917903916,0.00041674422611595954,0.0007025741319694027,0.0032674934610940932,0.0017032842133420964,0.0006863724552282544,0.00042772134071504943,0.0137264582954601,0.0007572525146672162,0.0017278911456195143,0.0007864507531495808,0.00021177811115479024,0.0011202096614515529,0.0007182735629591431,-0.0005379119550613146,0.001401938901414421,0.00039172629225100254,0.00038956428626289556,0.0004953884583644744,0.00038294453550621985,-3.926766075755532e-5,-0.00046492732129423266,0.0005055237449474385,0.0012772485013783233,0.0007762258286178193,0.0003756334998198953,-4.382827857770951e-5,0.0007572525146672162,0.004549333875861459,0.0010448711095875085,0.0029708730763441495,0.0002917237336202492,0.0016234630036274307,0.0003073160990547105,0.0017447595360605816,0.004367769947583151,0.000490201067746721,0.000853355962654983,0.0021900031187045465,0.0007138613795772288,0.0006385370928567741,0.0020252795651643134,0.001413107380503643,0.0007155672532687032,0.0019559700581329937,0.0006562424233479815,0.001958164639137127,0.0017278911456195143,0.0010448711095875085,0.023454307224000763
0.0026857302982629624,0.0020945496350967844,0.008169778902045347,0.0003951378264378916,0.011361042313749927,0.0026728920212319056,-0.006082268657297385,0.0050659423899304425,0.007716461026995516,-0.0008267567790341676,-0.001441870897244269,-0.004713638991652443,-0.004499120838337702,0.005307967316856666,-0.004480092075308128,-0.005486886330170213,-0.011600989664989982,-0.003409713747369302,0.014943816869195863,0.00899166773735288,0.0020945496350967844,0.0030024662709885862,0.0077334805686947485,0.00038666713813711605,0.011036627441328804,0.0023508218415670477,-0.006076697943242405,0.004851258313289919,0.0072350404772872825,-9.26816592162451e-5,-0.0011373714209658697,-0.005204839806439198,-0.003952926182945071,0.005827186140726023,-0.0047408202402610886,-0.005322850135549961,-0.011109071516392368,-0.0034179028239229086,0.014806187877205071,0.009258041690293435,0.008169778902045347,0.0077334805686947485,0.027383275330045132,0.0013807896209036205,0.03898368925785947,0.008825527930983061,-0.021325662057864063,0.017490418022460423,0.025835619900786456,-0.0016799574581967693,-0.004065205425297298,-0.01721928250645973,-0.014865776617340242,0.0189362379799414,-0.016276885781200033,-0.018993100557594143,-0.03949656889048894,-0.012578439804097527,0.051584629130607434,0.031683866752212034,0.0003951378264378916,0.00038666713813711605,0.0013807896209036205,0.00048795544422006507,0.0027130684547465086,0.0004462441865024156,-0.0016418052249980563,0.0012722484045351865,0.001303170727174797,0.0004627719259882033,0.00012238387443719794,-0.001609420960025631,-0.001025062423456321,0.0011798202667226733,-0.0015317982105658998,-0.0014726604757644233,-0.0025159071568058734,-0.0014666701755418595,0.0035120921881640933,0.0023143388110590185,0.011361042313749927,0.011036627441328804,0.03898368925785947,0.0027130684547465086,0.06751361677162827,0.01644551432335855,-0.04005358157676732,0.031248620200245644,0.039323472652513625,0.003992749918235738,-0.0017577597438135143,-0.035296275219738014,-0.024161768851110807,0.03276903930629853,-0.03634148954423546,-0.03538949728504956,-0.06598570907032555,-0.03222829497977528,0.0877062154623592,0.05647738845805271,0.0026728920212319056,0.0023508218415670477,0.008825527930983061,0.0004462441865024156,0.01644551432335855,0.004927749920846845,-0.009819268191204659,0.007780411709602192,0.009777929183980308,0.0010330858117412732,-0.000623792485995658,-0.008700807425403502,-0.005845263230804771,0.007831580535389291,-0.00950477860917797,-0.009000021826359093,-0.01611640527966666,-0.008532658549648216,0.021225535667077078,0.013229096866309561,-0.006082268657297385,-0.006076697943242405,-0.021325662057864063,-0.0016418052249980563,-0.04005358157676732,-0.009819268191204659,0.024928391653985697,-0.01890132023757611,-0.02198523819406852,-0.004134976619416703,-0.0003930906624476485,0.02234390664532318,0.01404202614739275,-0.019624148604720976,0.023456362497822496,0.021668666734079637,0.03876071343727606,0.02177841338826154,-0.05197327334550027,-0.034235640495809135,0.0050659423899304425,0.004851258313289919,0.017490418022460423,0.0012722484045351865,0.031248620200245644,0.007780411709602192,-0.01890132023757611,0.014861550057666522,0.01788884345088709,0.0024426476334899645,-0.0004966595633481921,-0.016742991210277045,-0.011269597054203176,0.015114189794291667,-0.017487269063335174,-0.016720819537332246,-0.030582667814844852,-0.015820789471244476,0.04075485629520087,0.026248928969732285,0.007716461026995516,0.0072350404772872825,0.025835619900786456,0.001303170727174797,0.039323472652513625,0.009777929183980308,-0.02198523819406852,0.01788884345088709,0.025760732253506904,-0.0008723466964639741,-0.0035832358834315776,-0.018263039294821003,-0.014648368042895682,0.018935727395723696,-0.01794390579119368,-0.019798843731040204,-0.039445686752534743,-0.014605788876793886,0.05161517967405688,0.03149681786143203,-0.0008267567790341676,-9.26816592162451e-5,-0.0016799574581967693,0.0004627719259882033,0.003992749918235738,0.0010330858117412732,-0.004134976619416703,0.0024426476334899645,-0.0008723466964639741,0.004683178326814123,0.0028378005575970507,-0.005089728391380765,-0.0007036598187993071,0.0021580627504864435,-0.006439284501028956,-0.0034260451555293264,-0.002810154371859941,-0.007286856460476682,0.004792582832971962,0.004801592007922155,-0.001441870897244269,-0.0011373714209658697,-0.004065205425297298,0.00012238387443719794,-0.0017577597438135143,-0.000623792485995658,-0.0003930906624476485,-0.0004966595633481921,-0.0035832358834315776,0.0028378005575970507,0.002788847160385283,-0.0013436662174764343,0.0012814256192806282,-0.0007290010484846635,-0.002145061758810348,2.5451207906432255e-5,0.002732031452179656,-0.003325924143095636,-0.002780810359277531,-0.0001688950074343488,-0.004713638991652443,-0.005204839806439198,-0.01721928250645973,-0.001609420960025631,-0.035296275219738014,-0.008700807425403502,0.02234390664532318,-0.016742991210277045,-0.018263039294821003,-0.005089728391380765,-0.0013436662174764343,0.020984456741722588,0.011902575767783623,-0.017414295147754284,0.0222777730327959,0.0193957453035897,0.033551883816124936,0.02097171674941332,-0.04546248956406228,-0.03060128192683332,-0.004499120838337702,-0.003952926182945071,-0.014865776617340242,-0.001025062423456321,-0.024161768851110807,-0.005845263230804771,0.01404202614739275,-0.011269597054203176,-0.014648368042895682,-0.0007036598187993071,0.0012814256192806282,0.011902575767783623,0.009237088518013968,-0.011500715633702425,0.012129473743201346,0.012573395272481783,0.0240427519878758,0.010563197323642446,-0.031725708565256874,-0.019901312396423638,0.005307967316856666,0.005827186140726023,0.0189362379799414,0.0011798202667226733,0.03276903930629853,0.007831580535389291,-0.019624148604720976,0.015114189794291667,0.018935727395723696,0.0021580627504864435,-0.0007290010484846635,-0.017414295147754284,-0.011500715633702425,0.01650904307662944,-0.01769525896811732,-0.017033203376787067,-0.0319833680610584,-0.01565816640615672,0.042754574579545665,0.02780719391006306,-0.004480092075308128,-0.0047408202402610886,-0.016276885781200033,-0.0015317982105658998,-0.03634148954423546,-0.00950477860917797,0.023456362497822496,-0.017487269063335174,-0.01794390579119368,-0.006439284501028956,-0.002145061758810348,0.0222777730327959,0.012129473743201346,-0.01769525896811732,0.024798803640894,0.020663384902455513,0.0344405523760444,0.023662296219774975,-0.04657997514991004,-0.0317100547990606,-0.005486886330170213,-0.005322850135549961,-0.018993100557594143,-0.0014726604757644233,-0.03538949728504956,-0.009000021826359093,0.021668666734079637,-0.016720819537332246,-0.019798843731040204,-0.0034260451555293264,2.5451207906432255e-5,0.0193957453035897,0.012573395272481783,-0.017033203376787067,0.020663384902455513,0.019389910988556226,0.034405211710163766,0.018946570748489308,-0.04595708017900951,-0.029792911907301642,-0.011600989664989982,-0.011109071516392368,-0.03949656889048894,-0.0025159071568058734,-0.06598570907032555,-0.01611640527966666,0.03876071343727606,-0.030582667814844852,-0.039445686752534743,-0.002810154371859941,0.002732031452179656,0.033551883816124936,0.0240427519878758,-0.0319833680610584,0.0344405523760444,0.034405211710163766,0.06537022225521956,0.030060135176547525,-0.08629465869381689,-0.054999327839902135,-0.003409713747369302,-0.0034179028239229086,-0.012578439804097527,-0.0014666701755418595,-0.03222829497977528,-0.008532658549648216,0.02177841338826154,-0.015820789471244476,-0.014605788876793886,-0.007286856460476682,-0.003325924143095636,0.02097171674941332,0.010563197323642446,-0.01565816640615672,0.023662296219774975,0.018946570748489308,0.030060135176547525,0.02370902897518842,-0.041073722784754935,-0.028599666843364922,0.014943816869195863,0.014806187877205071,0.051584629130607434,0.0035120921881640933,0.0877062154623592,0.021225535667077078,-0.05197327334550027,0.04075485629520087,0.05161517967405688,0.004792582832971962,-0.002780810359277531,-0.04546248956406228,-0.031725708565256874,0.042754574579545665,-0.04657997514991004,-0.04595708017900951,-0.08629465869381689,-0.041073722784754935,0.11479201811690681,0.07352579890397992,0.00899166773735288,0.009258041690293435,0.031683866752212034,0.0023143388110590185,0.05647738845805271,0.013229096866309561,-0.034235640495809135,0.026248928969732285,0.03149681786143203,0.004801592007922155,-0.0001688950074343488,-0.03060128192683332,-0.019901312396423638,0.02780719391006306,-0.0317100547990606,-0.029792911907301642,-0.054999327839902135,-0.028599666843364922,0.07352579890397992,0.04870282556205096
