0.006737608258782766,0.00011611997527128087,-0.0006818274206428284,-0.0005890705311897163,0.00025059226801607396,0.0027574658704973896,0.0007715859163071751,0.0011784093996820755,0.0018944739973302334,0.0011781932167343426,-0.0029007969898988918,-0.0003230419067546092,0.0013813760225191677,0.002313796079268857,0.0011018265517528875,0.0002010460936473471,-0.001218797102909367,-0.0010549689478560414,-0.00162046461210359,0.001174301854722325,0.00011611997527128087,0.011687198051516806,0.0002165452975187894,-0.004350939304214546,0.0036062686391564896,0.003149422297921715,-0.002190410348124271,0.001410754091697578,0.002128180616756408,-0.0004257552002869527,0.010923855727762246,0.0036484204907288424,-0.0006304103060304508,-0.0016914196765710782,0.002248716849997029,0.0004274236352571685,0.0013111053073710183,0.012443891499309514,-0.006269516201398333,0.00347268565954719,-0.0006818274206428284,0.0002165452975187894,0.044251381302062374,0.0027929555703287592,0.001974268449978896,-0.00474159899970669,-0.0017355030360891996,0.00288131550777669,0.005393269328684757,0.009747623297873797,-0.0023414568027961364,0.003201392773361739,6.086617314055758e-6,0.0063193489302708055,0.0006305801806194464,-0.008166137886421617,-0.0031146719529478355,0.00782989099252728,0.006207100571935391,0.0036961996250331527,-0.0005890705311897163,-0.004350939304214546,0.0027929555703287592,0.00425807240988644,-0.0013329068062964832,-0.0035650951735314283,0.0017317122292245196,-0.0002923277671675211,-0.0013469122121764474,0.0014374543868660367,-0.005402516404595914,-0.0006725162731872607,0.0005946716068559105,0.0012027787375327456,-0.0009082610231888271,-0.0007569194667877907,-0.0011163384839133214,-0.005454964739745807,0.0036074190528377226,-0.0011613747678584372,0.00025059226801607396,0.0036062686391564896,0.001974268449978896,-0.0013329068062964832,0.005956258021555,0.0003312649136461036,-0.0010213685029903767,0.0014829365099998503,0.005980754239747235,0.0016712805390517527,0.005688998546136507,0.0021198474543379833,0.0018565450236022593,0.003679515664528201,0.002255585817038531,0.0006618423379984719,-8.643351257992155e-5,0.006777264456698009,-0.003270530934685996,0.001472403198546037,0.0027574658704973896,0.003149422297921715,-0.00474159899970669,-0.0035650951735314283,0.0003312649136461036,0.021064873805122755,-0.001416818438485627,-0.0009707843167752418,0.0002047001746437972,0.008615412242400495,0.0057342795938148125,-0.0010787270614835268,-0.0011649427191729456,-0.0005581988483825831,0.0018218373411152092,-0.000270225051799016,0.0025075976455183335,0.000805409703588691,0.0001618187636452873,0.001563635470359754,0.0007715859163071751,-0.002190410348124271,-0.0017355030360891996,0.0017317122292245196,-0.0010213685029903767,-0.001416818438485627,0.004058224166112459,0.0003530765945916646,-0.00014041833071448852,0.0003370340910470508,-0.0041110965707615976,-0.0004273213804940264,0.001116806438927229,7.506367570610153e-5,-0.0005963421702776064,0.0012560012478963784,-0.0014813283344494166,-0.00413163771662458,0.00013151454301960167,-0.0008606923691718764,0.0011784093996820755,0.001410754091697578,0.00288131550777669,-0.0002923277671675211,0.0014829365099998503,-0.0009707843167752418,0.0003530765945916646,0.0042667642345857945,0.005488088964002382,0.0012306842916920899,-0.002266401134403924,-0.0001460378171371379,0.0015684252491590623,0.0015790236261021252,0.0017061891673390854,-0.0012172609154917115,-0.0011095843667633634,0.0018088547461874238,-0.0035152572052700786,0.0023989225914873,0.0018944739973302334,0.002128180616756408,0.005393269328684757,-0.0013469122121764474,0.005980754239747235,0.0002047001746437972,-0.00014041833071448852,0.005488088964002382,0.026087934531900482,0.007590105269140142,0.0027291677869616384,0.000875580961875032,0.004932280652147729,0.00929958892646536,0.004713551349519697,-0.004493140782932449,-0.0017122176254672117,0.006969268221142143,-0.007087837204896156,0.004179111982864038,0.0011781932167343426,-0.0004257552002869527,0.009747623297873797,0.0014374543868660367,0.0016712805390517527,0.008615412242400495,0.0003370340910470508,0.0012306842916920899,0.007590105269140142,0.030383947645566838,0.00021785936751971859,0.0009067704377633886,0.00027855023385374303,0.007698717936351044,0.004143375093400041,-0.005197411385120997,-0.0011338888035251813,-0.0019607799105618223,0.003408601395895459,0.004873404670072417,-0.0029007969898988918,0.010923855727762246,-0.0023414568027961364,-0.005402516404595914,0.005688998546136507,0.0057342795938148125,-0.0041110965707615976,-0.002266401134403924,0.0027291677869616384,0.00021785936751971859,0.043502047647974794,0.003901638063844258,-0.002708251631260544,0.0006463370425508303,0.0029086859329117594,0.002590832098191333,0.0017418254609407476,0.01810874709916525,-0.0020421087462463667,0.004177935373094639,-0.0003230419067546092,0.0036484204907288424,0.003201392773361739,-0.0006725162731872607,0.0021198474543379833,-0.0010787270614835268,-0.0004273213804940264,-0.0001460378171371379,0.000875580961875032,0.0009067704377633886,0.003901638063844258,0.012223850680344348,-0.00011776013459413842,0.0016551604501190995,0.0005865364113296585,0.00019153760255125307,-0.00042855988936270275,0.004088775038671463,-0.0023683412158474063,0.0014627501511585337,0.0013813760225191677,-0.0006304103060304508,6.086617314055758e-6,0.0005946716068559105,0.0018565450236022593,-0.0011649427191729456,0.001116806438927229,0.0015684252491590623,0.004932280652147729,0.00027855023385374303,-0.002708251631260544,-0.00011776013459413842,0.005474983128424125,0.0021991134365022956,0.0010996832119322937,0.0013001827494430022,-2.0147539605824496e-5,-0.0004974472140966772,-0.0027730957807297757,-0.00027631728842249004,0.002313796079268857,-0.0016914196765710782,0.0063193489302708055,0.0012027787375327456,0.003679515664528201,-0.0005581988483825831,7.506367570610153e-5,0.0015790236261021252,0.00929958892646536,0.007698717936351044,0.0006463370425508303,0.0016551604501190995,0.0021991134365022956,0.017743699585346856,0.002641246489785967,-0.0019536652098472145,-0.0008853404703097955,-0.0009170942444993338,0.0005633093338957251,0.0012749008023055586,0.0011018265517528875,0.002248716849997029,0.0006305801806194464,-0.0009082610231888271,0.002255585817038531,0.0018218373411152092,-0.0005963421702776064,0.0017061891673390854,0.004713551349519697,0.004143375093400041,0.0029086859329117594,0.0005865364113296585,0.0010996832119322937,0.002641246489785967,0.004383535284956533,-0.0015411387026835889,-2.2865364109549327e-5,0.0024897268948004337,-0.0016218717059047626,0.0025479160108699828,0.0002010460936473471,0.0004274236352571685,-0.008166137886421617,-0.0007569194667877907,0.0006618423379984719,-0.000270225051799016,0.0012560012478963784,-0.0012172609154917115,-0.004493140782932449,-0.005197411385120997,0.002590832098191333,0.00019153760255125307,0.0013001827494430022,-0.0019536652098472145,-0.0015411387026835889,0.012408182132096822,-0.00020715032068773894,-0.0004386548151256261,-0.0013536110638986533,-0.0010629779842042594,-0.001218797102909367,0.0013111053073710183,-0.0031146719529478355,-0.0011163384839133214,-8.643351257992155e-5,0.0025075976455183335,-0.0014813283344494166,-0.0011095843667633634,-0.0017122176254672117,-0.0011338888035251813,0.0017418254609407476,-0.00042855988936270275,-2.0147539605824496e-5,-0.0008853404703097955,-2.2865364109549327e-5,-0.00020715032068773894,0.004683984494215511,0.000910957714034509,-0.00028802975113488376,-0.0004859454230233824,-0.0010549689478560414,0.012443891499309514,0.00782989099252728,-0.005454964739745807,0.006777264456698009,0.000805409703588691,-0.00413163771662458,0.0018088547461874238,0.006969268221142143,-0.0019607799105618223,0.01810874709916525,0.004088775038671463,-0.0004974472140966772,-0.0009170942444993338,0.0024897268948004337,-0.0004386548151256261,0.000910957714034509,0.028336242161375407,-0.007014862749256804,0.005190618164158596,-0.00162046461210359,-0.006269516201398333,0.006207100571935391,0.0036074190528377226,-0.003270530934685996,0.0001618187636452873,0.00013151454301960167,-0.0035152572052700786,-0.007087837204896156,0.003408601395895459,-0.0020421087462463667,-0.0023683412158474063,-0.0027730957807297757,0.0005633093338957251,-0.0016218717059047626,-0.0013536110638986533,-0.00028802975113488376,-0.007014862749256804,0.01549639226668502,-0.002027660239076381,0.001174301854722325,0.00347268565954719,0.0036961996250331527,-0.0011613747678584372,0.001472403198546037,0.001563635470359754,-0.0008606923691718764,0.0023989225914873,0.004179111982864038,0.004873404670072417,0.004177935373094639,0.0014627501511585337,-0.00027631728842249004,0.0012749008023055586,0.0025479160108699828,-0.0010629779842042594,-0.0004859454230233824,0.005190618164158596,-0.002027660239076381,0.007191650997278103
0.007109442970698583,0.0020916745410148245,0.0003814174321459026,0.0014370375725194283,0.0002990718661612724,0.0025782406562854,-0.0005530803758867977,0.0010194709084877505,-0.001163795562815182,0.0011113271864154888,0.0031783924411981543,0.000255632902326436,3.0035759564222154e-5,-0.0004870700810459469,0.0025669095633050294,0.004496936133953156,0.0006724180573723538,-0.0019463935413250133,-0.0007039595369699977,-0.00020945251267198435,0.0020916745410148245,0.007015023726086565,-0.001343595796736906,0.0012588373012209996,-0.0003789038459341309,-0.0011626884562678512,-0.0005864278241499165,0.00046273892086577976,0.0037539944214222635,0.0015896404364681102,-0.0033023447682297784,-0.001276368999653679,-0.0024428135140786467,-0.002313316799436152,0.002029567262645045,0.0077327828225304054,0.002021861876215361,-0.00236791207618861,0.0002695810336554411,0.0022824783188076904,0.0003814174321459026,-0.001343595796736906,0.03771825087064612,0.0007371094190346729,-0.003063806937688383,0.0013296825692934037,0.006088073874311026,0.0011904443911822868,-0.0022422797735464142,0.0009314217958397673,0.002606224592958088,0.004406133863296151,0.0047482499834816585,0.008283619988497769,-0.0026307375244828007,0.0008541068513459244,0.001955773732593001,0.008029905477862895,-6.706581553392512e-7,-0.003312935965546371,0.0014370375725194283,0.0012588373012209996,0.0007371094190346729,0.004184810826064734,0.0003274537854172023,0.003038050083481917,-9.742642754836944e-5,0.0010989040654156904,-0.002304021508691646,0.0023909061949325752,0.0008741021680105186,0.001689544333492182,-0.00024367960273421997,0.001633364132702696,0.0005758544462359207,0.0033636025435321744,0.0011291937040522424,-0.0034403074360401043,0.0004585247909672473,0.0008238599796270234,0.0002990718661612724,-0.0003789038459341309,-0.003063806937688383,0.0003274537854172023,0.0070257284486490565,0.0014221159376102072,-0.0017117755895365045,0.0012450662933302787,0.00040607177664829546,0.0007497839650450243,-0.005114969240057525,0.00323979251366495,-0.0036904887339136534,-0.00483423450343436,-0.0015765037284141024,0.002264965717314709,0.0008255761346047418,-0.003970293318570042,0.003653604792464935,0.0026412226798939956,0.0025782406562854,-0.0011626884562678512,0.0013296825692934037,0.003038050083481917,0.0014221159376102072,0.023125134865344708,0.001001561468679107,0.0029858464857151316,-0.007945590277777692,-0.0031002955975666766,0.010343690796888677,0.012127708162640402,0.0038722153118117284,0.009974992711601518,-0.000956059115921361,0.0011412480712219733,0.001400564919097587,0.0002118447572929988,-0.004743476071838809,-0.0012206316816526582,-0.0005530803758867977,-0.0005864278241499165,0.006088073874311026,-9.742642754836944e-5,-0.0017117755895365045,0.001001561468679107,0.004249487661295254,0.00023361736586424372,0.00017852078644829168,-0.0011869613388694605,0.0024700332248499997,0.00211707247853895,0.0015948017182286207,0.0038586637286239615,-0.000451881616917602,0.0001936960521305973,0.0003959379108722006,0.002902801129516648,-0.0013945824418131964,-0.0010579003006185158,0.0010194709084877505,0.00046273892086577976,0.0011904443911822868,0.0010989040654156904,0.0012450662933302787,0.0029858464857151316,0.00023361736586424372,0.0027864432310332403,-0.002253074607143738,0.0005066657852498194,0.002044470825027422,0.003793026383385803,0.0010799195748432608,0.002250434667544228,-6.244230019423542e-5,0.0017588208269257,0.0005545377180347617,-0.0002300708940553491,0.0003364009292827723,-5.345744500467578e-5,-0.001163795562815182,0.0037539944214222635,-0.0022422797735464142,-0.002304021508691646,0.00040607177664829546,-0.007945590277777692,0.00017852078644829168,-0.002253074607143738,0.0198865993072751,0.0014154202759371465,-0.007710569537510577,-0.0058937263653469785,-0.007574132866801418,-0.009698545400441468,0.002822768713255596,0.006307988849708362,-0.00030148556190710834,0.00216909960730702,0.0018746991454927464,0.005167351087744422,0.0011113271864154888,0.0015896404364681102,0.0009314217958397673,0.0023909061949325752,0.0007497839650450243,-0.0031002955975666766,-0.0011869613388694605,0.0005066657852498194,0.0014154202759371465,0.01691052076870592,0.005160179018096774,-0.0027401591519536734,0.003431808204715035,5.512561005976534e-6,0.002912540474427847,0.0015877858718901685,0.00029474677627088473,-0.002217803094317329,0.003010555850998943,0.00021604615645131134,0.0031783924411981543,-0.0033023447682297784,0.002606224592958088,0.0008741021680105186,-0.005114969240057525,0.010343690796888677,0.0024700332248499997,0.002044470825027422,-0.007710569537510577,0.005160179018096774,0.048344318929493695,0.0041651642848422816,0.01641524936112501,0.016858311203536078,0.0066219950385066235,-0.004983309263153227,-0.002274394335383874,0.009606166257321,-0.0043833132312559725,-0.007477050887476277,0.000255632902326436,-0.001276368999653679,0.004406133863296151,0.001689544333492182,0.00323979251366495,0.012127708162640402,0.00211707247853895,0.003793026383385803,-0.0058937263653469785,-0.0027401591519536734,0.0041651642848422816,0.02085331525776011,0.003724214853993552,0.008731424427256398,-0.0033706360099604762,0.0021079213192937603,0.001970681003391982,0.0017093551456074958,0.00035258822451897864,0.0007533091034414385,3.0035759564222154e-5,-0.0024428135140786467,0.0047482499834816585,-0.00024367960273421997,-0.0036904887339136534,0.0038722153118117284,0.0015948017182286207,0.0010799195748432608,-0.007574132866801418,0.003431808204715035,0.01641524936112501,0.003724214853993552,0.016244586058582172,0.01429271547921979,0.0005956094089864853,-0.008279022757052702,-0.00016809516695721717,0.008050450187077712,-0.0027636572358396656,-0.005436352739814132,-0.0004870700810459469,-0.002313316799436152,0.008283619988497769,0.001633364132702696,-0.00483423450343436,0.009974992711601518,0.0038586637286239615,0.002250434667544228,-0.009698545400441468,5.512561005976534e-6,0.016858311203536078,0.008731424427256398,0.01429271547921979,0.029465055863137204,0.0005325460408636369,-0.006999147487340261,0.000679862342283549,0.010300345791625039,-0.0032955079248119567,-0.004732680769169134,0.0025669095633050294,0.002029567262645045,-0.0026307375244828007,0.0005758544462359207,-0.0015765037284141024,-0.000956059115921361,-0.000451881616917602,-6.244230019423542e-5,0.002822768713255596,0.002912540474427847,0.0066219950385066235,-0.0033706360099604762,0.0005956094089864853,0.0005325460408636369,0.006104831481308838,0.0025151872121415763,-0.0004856616874084924,0.0009751665423971347,-5.7057069394116395e-6,-0.0003189890442501166,0.004496936133953156,0.0077327828225304054,0.0008541068513459244,0.0033636025435321744,0.002264965717314709,0.0011412480712219733,0.0001936960521305973,0.0017588208269257,0.006307988849708362,0.0015877858718901685,-0.004983309263153227,0.0021079213192937603,-0.008279022757052702,-0.006999147487340261,0.0025151872121415763,0.02283413370328321,0.0038179530183389517,-0.005484309304130509,0.002148167403936604,0.005419877467906795,0.0006724180573723538,0.002021861876215361,0.001955773732593001,0.0011291937040522424,0.0008255761346047418,0.001400564919097587,0.0003959379108722006,0.0005545377180347617,-0.00030148556190710834,0.00029474677627088473,-0.002274394335383874,0.001970681003391982,-0.00016809516695721717,0.000679862342283549,-0.0004856616874084924,0.0038179530183389517,0.004763640470638891,-0.0014185852032563859,-0.000829435548458191,0.0006945002648864751,-0.0019463935413250133,-0.00236791207618861,0.008029905477862895,-0.0034403074360401043,-0.003970293318570042,0.0002118447572929988,0.002902801129516648,-0.0002300708940553491,0.00216909960730702,-0.002217803094317329,0.009606166257321,0.0017093551456074958,0.008050450187077712,0.010300345791625039,0.0009751665423971347,-0.005484309304130509,-0.0014185852032563859,0.021316023218019637,-0.0024580019430742476,-0.0028957802668408902,-0.0007039595369699977,0.0002695810336554411,-6.706581553392512e-7,0.0004585247909672473,0.003653604792464935,-0.004743476071838809,-0.0013945824418131964,0.0003364009292827723,0.0018746991454927464,0.003010555850998943,-0.0043833132312559725,0.00035258822451897864,-0.0027636572358396656,-0.0032955079248119567,-5.7057069394116395e-6,0.002148167403936604,-0.000829435548458191,-0.0024580019430742476,0.01089133285680136,0.0033627806301604127,-0.00020945251267198435,0.0022824783188076904,-0.003312935965546371,0.0008238599796270234,0.0026412226798939956,-0.0012206316816526582,-0.0010579003006185158,-5.345744500467578e-5,0.005167351087744422,0.00021604615645131134,-0.007477050887476277,0.0007533091034414385,-0.005436352739814132,-0.004732680769169134,-0.0003189890442501166,0.005419877467906795,0.0006945002648864751,-0.0028957802668408902,0.0033627806301604127,0.0074063167020955185
0.011097009892545456,0.002755291371109348,0.01003914894737479,0.003160600536225403,-0.00026656125147757933,0.007789727874125357,0.0011444861317593306,0.0013344232045546113,0.00535052622480338,0.0025231150351454935,0.00948469449706995,0.004109091399272303,-0.002200650052189612,0.0025511581172797393,0.0031463764341162484,0.002579904757280831,0.004346713128391187,0.006270401472942153,0.001187880307933154,0.0010840666232554482,0.002755291371109348,0.00509384619573499,0.005364125063658973,0.0015870647019446936,0.0018304971159097023,0.002476300857887622,0.0020108125896712327,0.0007349244869176831,0.0015634550451865356,0.0024099142580504508,0.003962401741356165,0.003928370177331376,0.001701953870840341,0.0037420785136606655,0.0020648725863101043,0.002388708462853676,0.0015501343641192247,0.002173132907256503,0.0037657147872821213,0.0009941375798167558,0.01003914894737479,0.005364125063658973,0.04319671054907996,0.003504301114990532,0.00011569292413110836,0.011616738948496118,0.0007697874346894351,-0.0009475611604352569,0.00529407889563255,0.004492393059831981,0.0021206840543924687,0.006758405250466189,-0.0006531659059151148,0.011534601537777987,0.0075343505870398226,0.011056524753703004,0.0057969040776646285,0.010913191351695009,0.0027938854453341024,0.00018340646873883995,0.003160600536225403,0.0015870647019446936,0.003504301114990532,0.004116155630556681,0.0008721088586953323,0.003937680745218739,0.0012363136798233018,0.0005664583986501243,0.0031005014779128858,0.002152138241590056,0.006323978035759178,0.0039884719970531436,0.0005002875365788909,0.0035970738968331044,0.0020767405687968712,0.0010442620498269431,0.0027127003620196306,0.004915675953186581,0.0025710388906168115,0.0009146359063626362,-0.00026656125147757933,0.0018304971159097023,0.00011569292413110836,0.0008721088586953323,0.006546714578058254,-0.0005053646251128501,0.003178508748989061,0.00044675502666598286,-0.002357548184291537,0.0010775750812705308,0.004206803824562698,0.0012030391564238235,0.0038616012650500068,6.581714466641619e-5,0.0012930438649240961,0.0009349282019784011,0.0013280502527567382,-0.0003030440446843371,0.005647755143457258,0.003044801194834053,0.007789727874125357,0.002476300857887622,0.011616738948496118,0.003937680745218739,-0.0005053646251128501,0.02422244459414879,0.0018285250111159078,0.0012120007799802247,0.006543020146678635,0.010671748827558107,0.010204228254434665,0.0011365854814679634,-0.0002430929370499759,0.006690966579625276,0.0033777468960137394,0.005535677690940068,0.004682583303598384,0.00878736888848921,0.0037956938431296526,0.0026382105758126963,0.0011444861317593306,0.0020108125896712327,0.0007697874346894351,0.0012363136798233018,0.003178508748989061,0.0018285250111159078,0.004858571126483987,0.0006706410891818451,0.0008178853952744301,0.001451999000352745,0.00442926283326277,0.0023721493930290855,0.0033423888409237364,0.0013385399057816235,0.0007678761515000443,0.0006866692636344305,0.0016268359833283258,0.0025523563331224207,0.004865293064612957,0.002343761939970587,0.0013344232045546113,0.0007349244869176831,-0.0009475611604352569,0.0005664583986501243,0.00044675502666598286,0.0012120007799802247,0.0006706410891818451,0.002292208875034352,0.0015112745134239554,0.0014233362952846365,0.00482036497857272,0.0015587869588590535,4.566620975919339e-5,-0.000636594161640506,0.00042873112441854373,0.0005753723198407241,0.0009466041401823631,0.00039317512071058405,0.0014203537215684706,0.0005396558733159625,0.00535052622480338,0.0015634550451865356,0.00529407889563255,0.0031005014779128858,-0.002357548184291537,0.006543020146678635,0.0008178853952744301,0.0015112745134239554,0.014475375397068228,0.00250865261117417,0.006682068040559144,0.006550100845268563,-0.0022530927802336086,0.005191175170461382,0.00030423348559195955,0.003603804719026369,0.003000768476477853,0.005941307122256007,0.0024949047832521255,-0.0002376730363018042,0.0025231150351454935,0.0024099142580504508,0.004492393059831981,0.002152138241590056,0.0010775750812705308,0.010671748827558107,0.001451999000352745,0.0014233362952846365,0.00250865261117417,0.021093705804162144,0.006155265914312784,-0.002672825890272501,0.0006834460732226736,-0.0004749165791476616,-0.0003288763143396054,0.005815407884975966,0.0004975399058121256,0.0012721606977992238,0.003319493485477194,0.0024722394652326686,0.00948469449706995,0.003962401741356165,0.0021206840543924687,0.006323978035759178,0.004206803824562698,0.010204228254434665,0.00442926283326277,0.00482036497857272,0.006682068040559144,0.006155265914312784,0.04159940900534713,0.009491095145505186,0.0007596010229812885,0.0021303788380630452,0.00480223147974056,0.0007294505663330781,0.007392493028973886,0.008914927662543471,0.0074188369223340545,0.003625755027660071,0.004109091399272303,0.003928370177331376,0.006758405250466189,0.0039884719970531436,0.0012030391564238235,0.0011365854814679634,0.0023721493930290855,0.0015587869588590535,0.006550100845268563,-0.002672825890272501,0.009491095145505186,0.02237151850269649,0.00258259752881074,0.00830991562376818,0.006228939702911707,0.0024954473589574124,0.0036738645927802843,0.004881011814528302,0.005279790962742588,0.00035591656636525196,-0.002200650052189612,0.001701953870840341,-0.0006531659059151148,0.0005002875365788909,0.0038616012650500068,-0.0002430929370499759,0.0033423888409237364,4.566620975919339e-5,-0.0022530927802336086,0.0006834460732226736,0.0007596010229812885,0.00258259752881074,0.007950377021394573,0.004039417583981261,0.0008534274572284991,0.0003918870670153148,-0.0005610624985690807,-0.00012253009450622048,0.005451264810048373,0.0029126056589223086,0.0025511581172797393,0.0037420785136606655,0.011534601537777987,0.0035970738968331044,6.581714466641619e-5,0.006690966579625276,0.0013385399057816235,-0.000636594161640506,0.005191175170461382,-0.0004749165791476616,0.0021303788380630452,0.00830991562376818,0.004039417583981261,0.024521383635623294,0.004196011144726561,0.0067045436917580956,0.0017666220619000567,0.009069691013242207,0.005562543164607695,0.00031916778264816544,0.0031463764341162484,0.0020648725863101043,0.0075343505870398226,0.0020767405687968712,0.0012930438649240961,0.0033777468960137394,0.0007678761515000443,0.00042873112441854373,0.00030423348559195955,-0.0003288763143396054,0.00480223147974056,0.006228939702911707,0.0008534274572284991,0.004196011144726561,0.006392198703046845,0.0023261974815024585,0.0030005356264114907,0.002581135361729935,0.002844947584086878,-0.00012859416361261054,0.002579904757280831,0.002388708462853676,0.011056524753703004,0.0010442620498269431,0.0009349282019784011,0.005535677690940068,0.0006866692636344305,0.0005753723198407241,0.003603804719026369,0.005815407884975966,0.0007294505663330781,0.0024954473589574124,0.0003918870670153148,0.0067045436917580956,0.0023261974815024585,0.014213881116251239,0.001154539176496847,0.001219478094291516,0.004000120150864645,0.0005805334782195321,0.004346713128391187,0.0015501343641192247,0.0057969040776646285,0.0027127003620196306,0.0013280502527567382,0.004682583303598384,0.0016268359833283258,0.0009466041401823631,0.003000768476477853,0.0004975399058121256,0.007392493028973886,0.0036738645927802843,-0.0005610624985690807,0.0017666220619000567,0.0030005356264114907,0.001154539176496847,0.008439224008935164,0.005670370809118791,0.0042057741957611285,-0.00013834937378435792,0.006270401472942153,0.002173132907256503,0.010913191351695009,0.004915675953186581,-0.0003030440446843371,0.00878736888848921,0.0025523563331224207,0.00039317512071058405,0.005941307122256007,0.0012721606977992238,0.008914927662543471,0.004881011814528302,-0.00012253009450622048,0.009069691013242207,0.002581135361729935,0.001219478094291516,0.005670370809118791,0.022834548950159073,0.0012713769902171173,0.00022965965917897974,0.001187880307933154,0.0037657147872821213,0.0027938854453341024,0.0025710388906168115,0.005647755143457258,0.0037956938431296526,0.004865293064612957,0.0014203537215684706,0.0024949047832521255,0.003319493485477194,0.0074188369223340545,0.005279790962742588,0.005451264810048373,0.005562543164607695,0.002844947584086878,0.004000120150864645,0.0042057741957611285,0.0012713769902171173,0.016402171350509843,0.002799654655290952,0.0010840666232554482,0.0009941375798167558,0.00018340646873883995,0.0009146359063626362,0.003044801194834053,0.0026382105758126963,0.002343761939970587,0.0005396558733159625,-0.0002376730363018042,0.0024722394652326686,0.003625755027660071,0.00035591656636525196,0.0029126056589223086,0.00031916778264816544,-0.00012859416361261054,0.0005805334782195321,-0.00013834937378435792,0.00022965965917897974,0.002799654655290952,0.006401029417503415
