0.03326345620312022,0.006629050830935963,0.004102220191504732,0.0020017496879099752,0.005262446588482935,0.0032304924946539304,-0.0008667084735962957,-0.0018518839517752857,0.0005459885702985164,0.009313824302769958,0.0016407644299944073,-0.0012653640987513727,0.004385713496418142,0.008095293419500497,-0.010019521661124952,0.0015998067119618856,-0.0012588390829308081,0.017843163012114527,0.005607870346329276,0.0027431791327102144,0.006629050830935963,0.027616068924365654,0.0014077235880649284,0.0031755571367196814,0.003976612559840944,0.004970938777731866,0.003161058356268225,0.003567187975547927,0.0010797126859784186,0.008158252798917128,0.004494395845668563,0.0016879534612932417,0.0025591069628577313,0.0016381316524121342,0.007217032745897361,0.0023665557048217095,0.0007693285393233344,0.01368081491122092,0.004576105328999627,-0.0003582770413636979,0.004102220191504732,0.0014077235880649284,0.0028452234176246202,0.00022329049513607094,0.0009789456816676947,0.0006024114421298383,-0.0002763539259456057,-0.0005703157111647619,-6.030584906201766e-5,0.002137957507570799,-0.00036522373402349273,9.161475249308581e-5,0.0024599846652660195,0.001796682480197864,-0.0011272153320624418,0.0006500478213415921,1.5424146604718267e-5,0.0036921119285385634,0.00028808032211403653,0.00023475497949594968,0.0020017496879099752,0.0031755571367196814,0.00022329049513607094,0.00929784600644261,0.0008269407805223817,0.0012851562309108572,0.0014101847429249933,0.004082035493551132,0.0009666590886099904,-0.0015034377098256477,0.008608435253732661,0.0034411834066715237,0.0037915187342980393,-0.001650939493711407,0.006070042167156783,0.0018748483941672617,0.004808314412487986,0.0002475290002045418,0.003168186147377048,0.0025974390912375904,0.005262446588482935,0.003976612559840944,0.0009789456816676947,0.0008269407805223817,0.0031582009622998547,0.001434564813242936,0.0005761974984657322,-0.00023860320019770538,0.0004108729543285686,0.004433445444003542,0.001422570987129208,0.0006183448641629232,0.0019277681374711656,0.0017571832573182494,-0.0010911145725739702,0.00043461072339484515,-0.0005316531986574025,0.008126051777800705,0.002029782088971117,0.0005071010875214415,0.0032304924946539304,0.004970938777731866,0.0006024114421298383,0.0012851562309108572,0.001434564813242936,0.006156154474892855,0.0009074606176265901,0.0011247407287744476,0.00033930415960417093,0.0030042517983761502,0.002193303635150884,0.0004885673338600491,0.0026348427865268602,0.0016218179013260088,0.0028654134710492636,0.0006645848613194669,-0.0001377952275971633,0.005445596804269224,0.0007452471283767388,0.0007309611531378417,-0.0008667084735962957,0.003161058356268225,-0.0002763539259456057,0.0014101847429249933,0.0005761974984657322,0.0009074606176265901,0.007320410593480571,0.0013855247910903438,0.00031110537690055265,-0.0004949862972238124,0.0004748095577782014,0.0021027312121696257,0.0020280760025344928,-4.240109438561202e-5,0.002148196322703127,0.0017314443599084437,0.0019420184315257372,0.0018398731124687718,0.0007185940950434614,-0.00010748576924956822,-0.0018518839517752857,0.003567187975547927,-0.0005703157111647619,0.004082035493551132,-0.00023860320019770538,0.0011247407287744476,0.0013855247910903438,0.0064705870865392635,0.0004758340056005393,-0.004065532275373194,0.006788313498615879,0.0020492609178412906,-0.000154123547763785,-0.001806349616671389,0.0071654178063576485,0.0015729950191839047,0.0029478002186377125,5.476043303068391e-5,0.0013860446878003225,0.0015184418721959718,0.0005459885702985164,0.0010797126859784186,-6.030584906201766e-5,0.0009666590886099904,0.0004108729543285686,0.00033930415960417093,0.00031110537690055265,0.0004758340056005393,0.0017337463919869772,0.0005995715612493893,0.0016907277705748046,0.0004801896730666347,0.001457561079277123,0.00041558684119808326,0.0010343456557010714,-0.00039172873786760663,0.000458756330737982,0.00046515430280009697,0.00014531738684208935,0.00043448990129562107,0.009313824302769958,0.008158252798917128,0.002137957507570799,-0.0015034377098256477,0.004433445444003542,0.0030042517983761502,-0.0004949862972238124,-0.004065532275373194,0.0005995715612493893,0.02039229182694449,-0.003625699372764807,-0.0023124306604545486,0.002560714652727245,0.004575750655836475,-0.005630323546700936,-0.00034535606936222436,-0.0030070253253944557,0.016057659738454758,0.003053341179437119,-0.001943205849499397,0.0016407644299944073,0.004494395845668563,-0.00036522373402349273,0.008608435253732661,0.001422570987129208,0.002193303635150884,0.0004748095577782014,0.006788313498615879,0.0016907277705748046,-0.003625699372764807,0.029637461920610005,0.0044714382422480665,0.003739390294976588,-0.0022739476180300127,0.01200593461608156,0.00023645448023934773,0.003112559933119778,0.00330843101297591,0.005335030354570131,0.0033807451992004115,-0.0012653640987513727,0.0016879534612932417,9.161475249308581e-5,0.0034411834066715237,0.0006183448641629232,0.0004885673338600491,0.0021027312121696257,0.0020492609178412906,0.0004801896730666347,-0.0023124306604545486,0.0044714382422480665,0.005669905659866814,0.0029235478742908444,-0.0008582808123223328,0.003519585612601314,0.001125125371803315,0.0023381605297448102,-0.0011874469740211487,0.0004299182249978014,0.0011494431032456232,0.004385713496418142,0.0025591069628577313,0.0024599846652660195,0.0037915187342980393,0.0019277681374711656,0.0026348427865268602,0.0020280760025344928,-0.000154123547763785,0.001457561079277123,0.002560714652727245,0.003739390294976588,0.0029235478742908444,0.021122592910269376,0.003096062902174448,0.0008700843882858942,0.0006568435072741006,0.0032935110492604896,0.0037303549055652816,0.00022533215994742105,0.0023351354202271433,0.008095293419500497,0.0016381316524121342,0.001796682480197864,-0.001650939493711407,0.0017571832573182494,0.0016218179013260088,-4.240109438561202e-5,-0.001806349616671389,0.00041558684119808326,0.004575750655836475,-0.0022739476180300127,-0.0008582808123223328,0.003096062902174448,0.007938018950339108,-0.0033550596029274246,-0.0005087370398384922,-0.001421878673506408,0.0067395909805124075,-0.0001442208454602279,7.940322844663931e-6,-0.010019521661124952,0.007217032745897361,-0.0011272153320624418,0.006070042167156783,-0.0010911145725739702,0.0028654134710492636,0.002148196322703127,0.0071654178063576485,0.0010343456557010714,-0.005630323546700936,0.01200593461608156,0.003519585612601314,0.0008700843882858942,-0.0033550596029274246,0.025886099850425295,0.0007450952008567508,0.003923924889589127,-0.0012385067555321866,0.003823199761996532,0.0014499783876077128,0.0015998067119618856,0.0023665557048217095,0.0006500478213415921,0.0018748483941672617,0.00043461072339484515,0.0006645848613194669,0.0017314443599084437,0.0015729950191839047,-0.00039172873786760663,-0.00034535606936222436,0.00023645448023934773,0.001125125371803315,0.0006568435072741006,-0.0005087370398384922,0.0007450952008567508,0.0031635141808978146,0.001632803141836509,0.0007641083890651955,0.0008948289553917829,0.0005340542066532742,-0.0012588390829308081,0.0007693285393233344,1.5424146604718267e-5,0.004808314412487986,-0.0005316531986574025,-0.0001377952275971633,0.0019420184315257372,0.0029478002186377125,0.000458756330737982,-0.0030070253253944557,0.003112559933119778,0.0023381605297448102,0.0032935110492604896,-0.001421878673506408,0.003923924889589127,0.001632803141836509,0.006929365885600952,-0.00238943134138873,0.000639712231206423,0.001541713015493891,0.017843163012114527,0.01368081491122092,0.0036921119285385634,0.0002475290002045418,0.008126051777800705,0.005445596804269224,0.0018398731124687718,5.476043303068391e-5,0.00046515430280009697,0.016057659738454758,0.00330843101297591,-0.0011874469740211487,0.0037303549055652816,0.0067395909805124075,-0.0012385067555321866,0.0007641083890651955,-0.00238943134138873,0.050724366422853676,0.009739019235835733,0.0007624196590211867,0.005607870346329276,0.004576105328999627,0.00028808032211403653,0.003168186147377048,0.002029782088971117,0.0007452471283767388,0.0007185940950434614,0.0013860446878003225,0.00014531738684208935,0.003053341179437119,0.005335030354570131,0.0004299182249978014,0.00022533215994742105,-0.0001442208454602279,0.003823199761996532,0.0008948289553917829,0.000639712231206423,0.009739019235835733,0.008040798037488977,0.0011907340158672044,0.0027431791327102144,-0.0003582770413636979,0.00023475497949594968,0.0025974390912375904,0.0005071010875214415,0.0007309611531378417,-0.00010748576924956822,0.0015184418721959718,0.00043448990129562107,-0.001943205849499397,0.0033807451992004115,0.0011494431032456232,0.0023351354202271433,7.940322844663931e-6,0.0014499783876077128,0.0005340542066532742,0.001541713015493891,0.0007624196590211867,0.0011907340158672044,0.0030982258817750445
0.016194997863511425,-0.00035255431845610956,0.0001510935709051882,-0.00024330032794781214,-7.55899789104661e-5,0.00039931126481409227,0.0007225762619118883,0.000502603876638935,-4.0145277635277625e-5,0.0002426676860517098,0.0005139601262515645,0.0005422702575990561,0.0036860842685521736,0.0004977437284238294,0.0035650575897423807,0.0011632045294670194,0.0014105943802587384,0.0016229468900628482,0.0002870761188322735,0.00030195796425581717,-0.00035255431845610956,0.021218514695991036,5.826733125915176e-5,0.0005397269512635282,0.0004477101502366096,-5.8031165143859336e-5,0.0012035257306569208,-0.000832554616689723,0.0006312167130842381,0.0005189354991363556,0.0017749361470330888,-0.00034469540664299635,0.00021310955395729357,0.00044834965362764107,-7.365060035549042e-5,-0.00022577762559016694,0.0015558734382408218,0.0026267071999672227,-0.0005800729313675756,0.0007942802918742393,0.0001510935709051882,5.826733125915176e-5,0.0018169005733732746,-5.176683197667186e-5,4.4849905514336575e-6,0.00019703072604851423,7.138531926196868e-5,0.00030914410158050396,2.9433650294305872e-5,-0.0002744065741979485,0.0008619995497237845,0.0005224223985967934,0.0006178999787070246,0.0003241226552678497,0.0006173328153830022,0.00032341644983081575,-0.0003841653045395329,0.00047026212554780495,0.0003026055003048178,0.0002252617512981251,-0.00024330032794781214,0.0005397269512635282,-5.176683197667186e-5,0.00358463971504236,0.00019020748971874685,0.0006075025853189042,0.000416144742882975,-4.831518611188237e-5,0.00026869170666477915,0.00048125810928196724,0.0009306460821745513,-0.0005986189423045072,0.0009871258741272885,0.000329536929747904,0.0010447321229879046,0.00048430910110405844,0.0004458741175858462,0.0006677495984149003,7.587124122770763e-5,0.0003400318232922291,-7.55899789104661e-5,0.0004477101502366096,4.4849905514336575e-6,0.00019020748971874685,0.0016050911150832547,0.00042259324645162427,0.0002853813018878072,-8.008799925408511e-5,0.00028846523539249907,0.00027540355827876633,4.508822554940073e-5,-0.0002839423773542591,-1.581623641208588e-5,4.067188834153056e-5,0.0012561285344892615,1.7050832859843538e-5,0.0004857216668212479,5.4977428579360287e-5,-0.0003045623645724652,-6.368866023460378e-5,0.00039931126481409227,-5.8031165143859336e-5,0.00019703072604851423,0.0006075025853189042,0.00042259324645162427,0.005426940674799577,0.0007617489876007417,-1.687532214961582e-5,0.0002383624977812531,-0.0005142093151387507,0.0014061250788326661,0.0003168506530983681,0.0004910085391619556,0.00039860059354146943,-8.100642541397235e-5,-0.0001801054645076911,0.0010187835365125465,0.000875870002300553,0.0006128491309259449,2.1570616330817442e-5,0.0007225762619118883,0.0012035257306569208,7.138531926196868e-5,0.000416144742882975,0.0002853813018878072,0.0007617489876007417,0.005335657647132213,0.0006356640368374421,0.00020562100000706603,0.0007298013321889027,0.0012617668927203253,-1.8949269131071915e-5,0.0007860980099952521,0.00012381436987454338,0.001057748672379278,9.589089473109154e-5,0.000503654703134863,0.00027528224546353205,0.00039105121956518315,-7.048426151084363e-6,0.000502603876638935,-0.000832554616689723,0.00030914410158050396,-4.831518611188237e-5,-8.008799925408511e-5,-1.687532214961582e-5,0.0006356640368374421,0.003136829599605296,-0.00010106573831100029,0.0006009462371899939,0.0002562778784218884,0.0005671289862595544,0.000441031572766058,-3.938195824261476e-5,0.00036970349542312785,-2.135266392529657e-5,-7.863463367432183e-5,-9.244521293856697e-5,0.0004193705567016343,0.00042764259676288466,-4.0145277635277625e-5,0.0006312167130842381,2.9433650294305872e-5,0.00026869170666477915,0.00028846523539249907,0.0002383624977812531,0.00020562100000706603,-0.00010106573831100029,0.0015893237199061468,-0.00021953320565826266,0.00015558301450573927,0.00012188904011829028,0.0004515789022137725,0.00012211139533108,0.0008994936172874602,4.225096948853867e-5,0.0003243171329295947,0.0009696760613509558,0.00012334020242766447,-0.00010237624195496089,0.0002426676860517098,0.0005189354991363556,-0.0002744065741979485,0.00048125810928196724,0.00027540355827876633,-0.0005142093151387507,0.0007298013321889027,0.0006009462371899939,-0.00021953320565826266,0.006198170473236344,-0.0005289066918508054,-8.361973272580366e-5,-0.00011916610631495405,3.8581990041489724e-5,0.0011936111274143183,0.0003364060573261531,-0.000259006592173787,0.0007985665306819293,8.89197125268227e-5,0.00043628464309307077,0.0005139601262515645,0.0017749361470330888,0.0008619995497237845,0.0009306460821745513,4.508822554940073e-5,0.0014061250788326661,0.0012617668927203253,0.0002562778784218884,0.00015558301450573927,-0.0005289066918508054,0.017202705167928573,0.00020942315894907157,0.0012816160486441531,0.0015089175199765915,0.002541853465033224,0.0013868451012025067,0.0004679864624164529,0.0018635217470767016,-0.00028958432363285317,0.0010269338080422636,0.0005422702575990561,-0.00034469540664299635,0.0005224223985967934,-0.0005986189423045072,-0.0002839423773542591,0.0003168506530983681,-1.8949269131071915e-5,0.0005671289862595544,0.00012188904011829028,-8.361973272580366e-5,0.00020942315894907157,0.004156725711299721,-0.0001974670731990706,0.0007275607405984846,-0.0006558151820305041,0.0003678184613169201,-8.69332888077319e-5,0.0019430148107675038,0.00020234637023302572,0.00019425919446424788,0.0036860842685521736,0.00021310955395729357,0.0006178999787070246,0.0009871258741272885,-1.581623641208588e-5,0.0004910085391619556,0.0007860980099952521,0.000441031572766058,0.0004515789022137725,-0.00011916610631495405,0.0012816160486441531,-0.0001974670731990706,0.02034353812826367,-0.0001515844775178009,0.0007809882594930239,0.0012067010861104002,-0.00010743602747361898,-0.0002137638083910458,0.0019074210899435785,5.835904018210442e-5,0.0004977437284238294,0.00044834965362764107,0.0003241226552678497,0.000329536929747904,4.067188834153056e-5,0.00039860059354146943,0.00012381436987454338,-3.938195824261476e-5,0.00012211139533108,3.8581990041489724e-5,0.0015089175199765915,0.0007275607405984846,-0.0001515844775178009,0.0043067664928545125,0.0007185881882079665,0.00038080413389449846,0.0002149662931485043,0.0021744280521810416,2.1785900505800152e-5,0.0005977537140840036,0.0035650575897423807,-7.365060035549042e-5,0.0006173328153830022,0.0010447321229879046,0.0012561285344892615,-8.100642541397235e-5,0.001057748672379278,0.00036970349542312785,0.0008994936172874602,0.0011936111274143183,0.002541853465033224,-0.0006558151820305041,0.0007809882594930239,0.0007185881882079665,0.015474671469189462,0.0008778241962013144,0.00033552812257481724,0.0010961139793528602,-0.0008151525485136099,0.0006509440693341177,0.0011632045294670194,-0.00022577762559016694,0.00032341644983081575,0.00048430910110405844,1.7050832859843538e-5,-0.0001801054645076911,9.589089473109154e-5,-2.135266392529657e-5,4.225096948853867e-5,0.0003364060573261531,0.0013868451012025067,0.0003678184613169201,0.0012067010861104002,0.00038080413389449846,0.0008778241962013144,0.0028349978196422526,2.6944349681192493e-6,0.0020633248898894114,0.00014159899334737703,0.0003152900135849693,0.0014105943802587384,0.0015558734382408218,-0.0003841653045395329,0.0004458741175858462,0.0004857216668212479,0.0010187835365125465,0.000503654703134863,-7.863463367432183e-5,0.0003243171329295947,-0.000259006592173787,0.0004679864624164529,-8.69332888077319e-5,-0.00010743602747361898,0.0002149662931485043,0.00033552812257481724,2.6944349681192493e-6,0.005219777924688542,-0.00014306814964035826,0.0005109829608269442,0.0004056116527111826,0.0016229468900628482,0.0026267071999672227,0.00047026212554780495,0.0006677495984149003,5.4977428579360287e-5,0.000875870002300553,0.00027528224546353205,-9.244521293856697e-5,0.0009696760613509558,0.0007985665306819293,0.0018635217470767016,0.0019430148107675038,-0.0002137638083910458,0.0021744280521810416,0.0010961139793528602,0.0020633248898894114,-0.00014306814964035826,0.027989316683685598,4.925792822236722e-5,-0.0006693319475150857,0.0002870761188322735,-0.0005800729313675756,0.0003026055003048178,7.587124122770763e-5,-0.0003045623645724652,0.0006128491309259449,0.00039105121956518315,0.0004193705567016343,0.00012334020242766447,8.89197125268227e-5,-0.00028958432363285317,0.00020234637023302572,0.0019074210899435785,2.1785900505800152e-5,-0.0008151525485136099,0.00014159899334737703,0.0005109829608269442,4.925792822236722e-5,0.0048409999841330376,0.0002845041177398252,0.00030195796425581717,0.0007942802918742393,0.0002252617512981251,0.0003400318232922291,-6.368866023460378e-5,2.1570616330817442e-5,-7.048426151084363e-6,0.00042764259676288466,-0.00010237624195496089,0.00043628464309307077,0.0010269338080422636,0.00019425919446424788,5.835904018210442e-5,0.0005977537140840036,0.0006509440693341177,0.0003152900135849693,0.0004056116527111826,-0.0006693319475150857,0.0002845041177398252,0.0020314123632086947
