0.001044828422545867,-0.00010675533177353259,0.00015125049953025046,0.0002193440337361574,0.00036939022501262375,6.421680373634522e-6,-0.0004893617283342852,0.00010235117694394749,-8.123869839777006e-5,-0.0002917371859977857,-0.0002674101117575163,-6.825359206052216e-5,0.00029718920346276986,0.0002661739302556277,0.0003494851097464631,0.0005635581697249274,0.0007177684335970321,-0.00020300425080296754,-4.1937504992164894e-6,0.00040130703283760617,-0.00010675533177353259,0.0008041521013046106,-0.0001606296629528607,-0.00020601164145316912,-0.0001024029990180767,3.172658289303428e-5,3.696268118815176e-5,-0.00014348993837000698,-3.0476497819214736e-5,6.443747975267282e-5,2.3327241261911642e-5,-1.3376597943696227e-5,-5.807319910152476e-5,0.000223715660244827,-0.0002092367832819047,-0.0003200191074666202,-0.0003361632584155207,0.00020357784783281028,-0.0006672116853298441,0.00041876096892596584,0.00015125049953025046,-0.0001606296629528607,0.00045682314113182836,0.00018621335738226865,0.00020983209944637073,4.056341150136679e-5,-0.00042946428840127536,-5.891648437755488e-5,0.00018790248722535613,-8.475385476618157e-7,-0.00022702802032802867,9.268866986921764e-5,4.3806622986035975e-5,-5.773040414378607e-5,-3.372026024029674e-5,0.00011355030873720827,0.0001829408390930537,-0.00017548867865041436,0.00039616084861416966,0.00015644978917282167,0.0002193440337361574,-0.00020601164145316912,0.00018621335738226865,0.0004795862591188665,0.00012010948933821651,-1.4318262337520912e-5,-0.0003441384702519368,4.1272736127361264e-5,6.36018703816143e-5,-0.00017814380933500512,-3.3300336695004705e-5,9.212611192531842e-5,0.0001439354228748489,-3.749963047298888e-5,0.00014875282459933493,0.0003018038969139155,0.00026216442786713273,6.4597408673616884e-6,6.354047840270404e-5,8.507475502987881e-5,0.00036939022501262375,-0.0001024029990180767,0.00020983209944637073,0.00012010948933821651,0.00045843427268946624,0.00014668354932177572,-0.00039480455921744574,7.952943275741785e-5,4.2197286222213996e-5,-0.0001474507991810042,-0.00018083884362227399,8.207049799376963e-5,1.4221735656784267e-5,8.97570466076336e-5,0.0002412572779975534,0.0002939125812028634,0.00031132361404704364,-0.0001465047244523192,0.00023345777607498602,0.0003145433762810901,6.421680373634522e-6,3.172658289303428e-5,4.056341150136679e-5,-1.4318262337520912e-5,0.00014668354932177572,0.0003857641659752607,-0.00022759767374690143,5.059603573761232e-5,-4.2150054487113126e-5,-0.00013826020361694017,-4.462220341568752e-5,3.748947286233473e-5,-7.467652085997066e-5,-1.0175133459205818e-5,0.00010761949183564368,0.00016707537435879893,6.156916385750781e-5,-1.28153986280209e-5,-2.8373874055526904e-5,0.00012929051763632405,-0.0004893617283342852,3.696268118815176e-5,-0.00042946428840127536,-0.0003441384702519368,-0.00039480455921744574,-0.00022759767374690143,0.001134224792829167,-4.538743539856383e-5,-0.0001190923961808808,0.0002615530694349947,0.000271126442509715,-0.00016385238154738687,-1.7297088177188845e-5,-6.670368221912706e-5,-0.00021293285062508094,-0.0005258141903103789,-0.0005173557700527893,0.00014125639027816062,-8.004638742535505e-5,-0.0005013038918047739,0.00010235117694394749,-0.00014348993837000698,-5.891648437755488e-5,4.1272736127361264e-5,7.952943275741785e-5,5.059603573761232e-5,-4.538743539856383e-5,0.00031666494605146924,-1.6486566961389564e-5,-6.78864076007014e-5,0.0001515196043178813,6.0222649094763216e-5,-4.478790201754039e-5,-5.160295315940854e-5,0.0001724537602293229,0.00021062656676438147,3.97575995281849e-5,1.6021133574867694e-5,1.980940704231555e-5,-1.562594454861833e-5,-8.123869839777006e-5,-3.0476497819214736e-5,0.00018790248722535613,6.36018703816143e-5,4.2197286222213996e-5,-4.2150054487113126e-5,-0.0001190923961808808,-1.6486566961389564e-5,0.00040127088460975124,7.64025172611446e-5,-0.00011437323201540661,5.1960560900510795e-5,1.823732466959823e-5,-9.696437061853765e-5,-0.00013716576967978163,-9.361773967476699e-5,-0.00010564477205520027,-3.0698817635737065e-6,0.0002692727639917057,0.00016772146300424303,-0.0002917371859977857,6.443747975267282e-5,-8.475385476618157e-7,-0.00017814380933500512,-0.0001474507991810042,-0.00013826020361694017,0.0002615530694349947,-6.78864076007014e-5,7.64025172611446e-5,0.00039116109721161994,2.484598255983598e-5,5.9947597502837816e-5,-0.0002012767967767304,-0.00011078664693088456,-0.0002286115170819339,-0.0003516449816116443,-0.0002770720882991895,1.4878591513434725e-5,0.00011504599293644214,-0.00018152412020903085,-0.0002674101117575163,2.3327241261911642e-5,-0.00022702802032802867,-3.3300336695004705e-5,-0.00018083884362227399,-4.462220341568752e-5,0.000271126442509715,0.0001515196043178813,-0.00011437323201540661,2.484598255983598e-5,0.0006129404297600167,0.00011028659739854918,-0.00011773048038861235,-7.963076707541032e-5,0.00012108974853016242,9.972748556652048e-5,-0.0002640236551100775,0.00010326457135974491,-0.00016939306704689006,-0.0002609717135445314,-6.825359206052216e-5,-1.3376597943696227e-5,9.268866986921764e-5,9.212611192531842e-5,8.207049799376963e-5,3.748947286233473e-5,-0.00016385238154738687,6.0222649094763216e-5,5.1960560900510795e-5,5.9947597502837816e-5,0.00011028659739854918,0.0003966176970101877,-0.00019925718524631204,-6.960642389253443e-5,3.75498799337522e-5,2.819077406593208e-5,-0.00011044604066431536,-2.6417540408772532e-5,9.192150384561293e-5,3.840731390542112e-5,0.00029718920346276986,-5.807319910152476e-5,4.3806622986035975e-5,0.0001439354228748489,1.4221735656784267e-5,-7.467652085997066e-5,-1.7297088177188845e-5,-4.478790201754039e-5,1.823732466959823e-5,-0.0002012767967767304,-0.00011773048038861235,-0.00019925718524631204,0.0005682915296009406,0.0001436852443918138,-9.923711874882437e-5,0.00012155038674048329,0.00022928573361240577,-9.565850868239701e-5,-3.929172253554493e-6,0.0001279043260638507,0.0002661739302556277,0.000223715660244827,-5.773040414378607e-5,-3.749963047298888e-5,8.97570466076336e-5,-1.0175133459205818e-5,-6.670368221912706e-5,-5.160295315940854e-5,-9.696437061853765e-5,-0.00011078664693088456,-7.963076707541032e-5,-6.960642389253443e-5,0.0001436852443918138,0.0003479368688991863,1.3654141820854724e-5,5.0260462981399946e-5,0.00015094784472326542,2.201250354150617e-5,-0.0002459741210597699,0.00024358783587831483,0.0003494851097464631,-0.0002092367832819047,-3.372026024029674e-5,0.00014875282459933493,0.0002412572779975534,0.00010761949183564368,-0.00021293285062508094,0.0001724537602293229,-0.00013716576967978163,-0.0002286115170819339,0.00012108974853016242,3.75498799337522e-5,-9.923711874882437e-5,1.3654141820854724e-5,0.0006363513626685074,0.0004957355523708582,0.00034533601696772455,-2.011142715690336e-5,-1.3884875797785887e-7,2.6120133884222062e-5,0.0005635581697249274,-0.0003200191074666202,0.00011355030873720827,0.0003018038969139155,0.0002939125812028634,0.00016707537435879893,-0.0005258141903103789,0.00021062656676438147,-9.361773967476699e-5,-0.0003516449816116443,9.972748556652048e-5,2.819077406593208e-5,0.00012155038674048329,5.0260462981399946e-5,0.0004957355523708582,0.0008470774314772172,0.000545911436346397,-0.00018332775681309033,0.00013546801038311667,8.645811378568484e-5,0.0007177684335970321,-0.0003361632584155207,0.0001829408390930537,0.00026216442786713273,0.00031132361404704364,6.156916385750781e-5,-0.0005173557700527893,3.97575995281849e-5,-0.00010564477205520027,-0.0002770720882991895,-0.0002640236551100775,-0.00011044604066431536,0.00022928573361240577,0.00015094784472326542,0.00034533601696772455,0.000545911436346397,0.0008998342990213393,-0.0002537606017589824,0.0001718713864705962,9.940888024777482e-5,-0.00020300425080296754,0.00020357784783281028,-0.00017548867865041436,6.4597408673616884e-6,-0.0001465047244523192,-1.28153986280209e-5,0.00014125639027816062,1.6021133574867694e-5,-3.0698817635737065e-6,1.4878591513434725e-5,0.00010326457135974491,-2.6417540408772532e-5,-9.565850868239701e-5,2.201250354150617e-5,-2.011142715690336e-5,-0.00018332775681309033,-0.0002537606017589824,0.0003946958451015769,-0.00036517222259092164,7.530459394131786e-5,-4.1937504992164894e-6,-0.0006672116853298441,0.00039616084861416966,6.354047840270404e-5,0.00023345777607498602,-2.8373874055526904e-5,-8.004638742535505e-5,1.980940704231555e-5,0.0002692727639917057,0.00011504599293644214,-0.00016939306704689006,9.192150384561293e-5,-3.929172253554493e-6,-0.0002459741210597699,-1.3884875797785887e-7,0.00013546801038311667,0.0001718713864705962,-0.00036517222259092164,0.0011075643970418834,-0.0002460543256744583,0.00040130703283760617,0.00041876096892596584,0.00015644978917282167,8.507475502987881e-5,0.0003145433762810901,0.00012929051763632405,-0.0005013038918047739,-1.562594454861833e-5,0.00016772146300424303,-0.00018152412020903085,-0.0002609717135445314,3.840731390542112e-5,0.0001279043260638507,0.00024358783587831483,2.6120133884222062e-5,8.645811378568484e-5,9.940888024777482e-5,7.530459394131786e-5,-0.0002460543256744583,0.0008932530326409663
