0.004684182962363945,0.0004072213169795695,0.00013488371487545533,0.000355646020269079,-2.531494735187835e-6,0.0022762383418464165,-0.00014630010174143974,0.0004008972950468108,-0.000947838217125024,0.0006979755016550862,0.00041739269857389436,0.0012305773999377757,0.0006316100950420669,0.00021922079015230728,0.0005862887454208985,0.0011017318762697138,-0.000857310242586704,7.682523772930771e-5,3.3660263845958184e-7,0.0009888632727561729,0.0004072213169795695,0.004357981038272449,-0.0016058635049522583,0.0002690119719575255,0.0008067918480823115,0.0009276344009974664,-0.001100342087471846,0.0009702569823643325,-0.0009365393590531551,0.003028606059447725,0.0020885436202972268,0.002382788082722528,0.0012100260561704202,0.001338097808971052,0.0006184287318461926,0.0009122782930403727,4.562547583789201e-5,0.0010657844367293712,0.00027893656822340727,0.0006752291222158953,0.00013488371487545533,-0.0016058635049522583,0.024579592323287432,-0.00055299876249855,-0.0011454198623026496,-0.0010376245016201805,0.0015384553464405015,-0.0015529684077801,0.0014334646520855641,0.0017166528904431011,-0.004304084229082185,-0.0018772006355431258,-0.002827672821665137,0.0019410386324279483,-8.410084289808373e-5,-0.0013396811703319763,0.00017504652175270822,0.0033915952245438166,0.0028369459246891326,5.4075075118506115e-5,0.000355646020269079,0.0002690119719575255,-0.00055299876249855,0.0019152301611307676,0.00030730928228916646,0.000801222987072286,-0.00019539086873752515,0.000537105935082934,9.643471039687124e-5,0.001524645054091128,0.0001113264341931878,-0.00021303036049304753,0.00028002413938391384,0.0014106101004704198,0.0003914992363975565,0.000167586795460254,0.00020205224005872527,-0.00020308577476646521,0.0006376269620948667,0.00020934474893690135,-2.531494735187835e-6,0.0008067918480823115,-0.0011454198623026496,0.00030730928228916646,0.00381330039445949,0.0011412196584713761,-0.00026432922778675555,0.0010584151415150898,0.0011262306471027557,0.0027043066881883206,0.002411375570686753,0.0004372085387350671,0.0007836400057440775,0.0009077850801795886,0.0008177646470282022,0.0017086612306018915,0.0001564412287196893,0.0019248121963980696,0.0008590318695390301,0.0002522865618892164,0.0022762383418464165,0.0009276344009974664,-0.0010376245016201805,0.000801222987072286,0.0011412196584713761,0.013639551562463203,0.0007648705070407762,0.0003517988021355167,0.0023152853360806054,0.004341810088178863,0.004354821669985966,-9.427754013476822e-5,0.0007638938464846188,-4.899846136314162e-5,0.0017263724209581714,0.003812945261060074,-0.00012487058069109857,0.002746164949502606,-0.0005519018721536295,0.0008304547352038403,-0.00014630010174143974,-0.001100342087471846,0.0015384553464405015,-0.00019539086873752515,-0.00026432922778675555,0.0007648705070407762,0.0030534745195818316,-0.0008310194403833227,0.0018157880212225277,-0.0011778992136809107,5.848379270033824e-5,-0.0012393719399123597,-0.0005457601999037043,-0.0004069731109245923,-0.00032573544435723326,0.00010068026183082069,0.00022669281679284418,0.000728410740340707,-0.00045575482378792064,-0.0007230280459040058,0.0004008972950468108,0.0009702569823643325,-0.0015529684077801,0.000537105935082934,0.0010584151415150898,0.0003517988021355167,-0.0008310194403833227,0.0026660587418362363,-1.2580521628611741e-5,0.002390414607974187,0.0011260827560495468,0.0018793692303522079,0.0009949032228065704,0.0016675923183646685,0.0008868795526982946,0.0006233269308863308,-0.0003893803936170135,-0.00020328440503373905,-0.00012833377834389298,0.000666216287508356,-0.000947838217125024,-0.0009365393590531551,0.0014334646520855641,9.643471039687124e-5,0.0011262306471027557,0.0023152853360806054,0.0018157880212225277,-1.2580521628611741e-5,0.009949978901439399,0.0035512679970407966,0.0037340139641321244,-0.0006656036877243122,-0.0007262331883282735,-3.9875755191297796e-5,0.0005014263872457191,0.000138598090339106,0.00044871696222903196,0.0013632653830146992,-0.000728584121230942,-0.0005060427115443167,0.0006979755016550862,0.003028606059447725,0.0017166528904431011,0.001524645054091128,0.0027043066881883206,0.004341810088178863,-0.0011778992136809107,0.002390414607974187,0.0035512679970407966,0.023815532869139698,0.00538362109094564,0.0017918361811955809,-0.0002916297700905852,0.003443322578682838,0.002933659050441118,-0.0011421733167830705,0.0007860133469317378,0.0023484398128041763,0.0005461508900326291,0.0019768498131948497,0.00041739269857389436,0.0020885436202972268,-0.004304084229082185,0.0001113264341931878,0.002411375570686753,0.004354821669985966,5.848379270033824e-5,0.0011260827560495468,0.0037340139641321244,0.00538362109094564,0.025119953718014443,0.0019947413546111048,0.00032254539638658744,-0.0019942259543056294,0.0015428351674406566,0.002398087845605247,-0.0013476060783045268,0.004346723909017037,0.00034133980049400113,-0.0007989929584356749,0.0012305773999377757,0.002382788082722528,-0.0018772006355431258,-0.00021303036049304753,0.0004372085387350671,-9.427754013476822e-5,-0.0012393719399123597,0.0018793692303522079,-0.0006656036877243122,0.0017918361811955809,0.0019947413546111048,0.011723614341713776,0.0009917891143804416,0.00024926213085626857,0.000953423604574281,0.0002276729187069098,-0.0005705800667408765,-6.989576793987852e-5,-0.0018748365854308288,0.0025454840404194956,0.0006316100950420669,0.0012100260561704202,-0.002827672821665137,0.00028002413938391384,0.0007836400057440775,0.0007638938464846188,-0.0005457601999037043,0.0009949032228065704,-0.0007262331883282735,-0.0002916297700905852,0.00032254539638658744,0.0009917891143804416,0.004618441833089768,0.0014025744416668556,-8.767409448879991e-5,0.0012545819438943434,0.0003827955602698929,0.00043146827837556995,-0.0010589817147893111,0.0008159091319387043,0.00021922079015230728,0.001338097808971052,0.0019410386324279483,0.0014106101004704198,0.0009077850801795886,-4.899846136314162e-5,-0.0004069731109245923,0.0016675923183646685,-3.9875755191297796e-5,0.003443322578682838,-0.0019942259543056294,0.00024926213085626857,0.0014025744416668556,0.014294884601723408,-0.0004175304193038387,-0.0017871135608402166,2.5882795408263493e-5,0.002002852587611014,0.00043309919209103724,0.0012917538432931207,0.0005862887454208985,0.0006184287318461926,-8.410084289808373e-5,0.0003914992363975565,0.0008177646470282022,0.0017263724209581714,-0.00032573544435723326,0.0008868795526982946,0.0005014263872457191,0.002933659050441118,0.0015428351674406566,0.000953423604574281,-8.767409448879991e-5,-0.0004175304193038387,0.0030745359368275662,0.0010718406619577604,3.283037128324599e-5,-0.00039725576671548207,0.0007931087832371748,0.0006475386977328695,0.0011017318762697138,0.0009122782930403727,-0.0013396811703319763,0.000167586795460254,0.0017086612306018915,0.003812945261060074,0.00010068026183082069,0.0006233269308863308,0.000138598090339106,-0.0011421733167830705,0.002398087845605247,0.0002276729187069098,0.0012545819438943434,-0.0017871135608402166,0.0010718406619577604,0.010429202616954375,0.0008489569233322595,0.0011437625285949907,0.0004667875513869802,-0.00046114061985534085,-0.000857310242586704,4.562547583789201e-5,0.00017504652175270822,0.00020205224005872527,0.0001564412287196893,-0.00012487058069109857,0.00022669281679284418,-0.0003893803936170135,0.00044871696222903196,0.0007860133469317378,-0.0013476060783045268,-0.0005705800667408765,0.0003827955602698929,2.5882795408263493e-5,3.283037128324599e-5,0.0008489569233322595,0.003400524602384984,9.531011198232395e-5,-7.207910101269467e-5,0.000443064730877619,7.682523772930771e-5,0.0010657844367293712,0.0033915952245438166,-0.00020308577476646521,0.0019248121963980696,0.002746164949502606,0.000728410740340707,-0.00020328440503373905,0.0013632653830146992,0.0023484398128041763,0.004346723909017037,-6.989576793987852e-5,0.00043146827837556995,0.002002852587611014,-0.00039725576671548207,0.0011437625285949907,9.531011198232395e-5,0.012464106605023752,0.0008546510770651278,-0.00011816768531886207,3.3660263845958184e-7,0.00027893656822340727,0.0028369459246891326,0.0006376269620948667,0.0008590318695390301,-0.0005519018721536295,-0.00045575482378792064,-0.00012833377834389298,-0.000728584121230942,0.0005461508900326291,0.00034133980049400113,-0.0018748365854308288,-0.0010589817147893111,0.00043309919209103724,0.0007931087832371748,0.0004667875513869802,-7.207910101269467e-5,0.0008546510770651278,0.00742354818834981,-7.373823710348663e-5,0.0009888632727561729,0.0006752291222158953,5.4075075118506115e-5,0.00020934474893690135,0.0002522865618892164,0.0008304547352038403,-0.0007230280459040058,0.000666216287508356,-0.0005060427115443167,0.0019768498131948497,-0.0007989929584356749,0.0025454840404194956,0.0008159091319387043,0.0012917538432931207,0.0006475386977328695,-0.00046114061985534085,0.000443064730877619,-0.00011816768531886207,-7.373823710348663e-5,0.004877496447543007
0.0061912452628974995,0.0012984670612693201,0.003321796171772196,-3.7253602888417014e-8,0.000195181776876885,0.0027113418493388704,0.0008272778823223863,-1.2810307655786527e-5,0.0027699437637343843,-0.0010753938742441701,0.00451185822516675,0.0015912269023342675,0.0010364968853973345,0.003447781546225628,0.0015709135872499845,0.0005890519865502907,0.0005692772313840101,0.00042256613900571523,0.0019014715264086628,0.0010575906507703876,0.0012984670612693201,0.003663477608465471,0.00139023111038663,-0.00014673289813599283,-5.6772615826459385e-5,0.0014934672072879928,0.0008725886804976668,0.0001788666245571278,0.0015882187352487813,0.0012603440979748362,3.037894512660387e-5,-0.0005189662136020439,0.00032735383700583477,0.000566674587319906,6.800265649907803e-5,0.00018053903351808361,0.00011908883993770042,-0.001259398293428806,0.00044225878416934904,0.0011086929134152437,0.003321796171772196,0.00139023111038663,0.026437283135503486,-0.0009143390162862986,-0.00010642973682656353,0.0035961268684981023,-0.00019134148450602984,-7.616694325848449e-5,0.002295409725827629,0.001386839945998637,0.004945116410713098,-5.5514959533343756e-5,0.0006112398400465325,-0.00015742186014520358,0.0003549728396864476,0.0012775693404865176,-0.0005529086903294239,0.0018263597868942187,-0.002810374182518909,0.0011849180978025504,-3.7253602888417014e-8,-0.00014673289813599283,-0.0009143390162862986,0.0018707921388775135,0.00024653901174820944,-0.0006556512397400071,0.00029209583040178404,-0.00017786025619012294,8.717580149581493e-5,-0.0006053621431520234,0.00044819617515130176,0.0003539953993728655,0.0002144587173364014,-0.0002954325501320815,0.000306845374937187,-0.0006074676799283371,0.00012317056920466477,0.0015720179058351749,0.0004400153238625055,-6.059371061764599e-5,0.000195181776876885,-5.6772615826459385e-5,-0.00010642973682656353,0.00024653901174820944,0.002778676796122132,-7.323747872529747e-5,0.0005470179481504814,-5.6354129320104724e-5,-0.00030829734899401096,-6.123729782166935e-6,0.00027643973459433833,0.00037048633649353394,-7.342494347919006e-5,-0.0003017677332217522,8.310082747328857e-5,-0.00020212031772947594,0.0005198348102644502,0.0004223610887088248,0.0010072217868364072,0.0009143748575335012,0.0027113418493388704,0.0014934672072879928,0.0035961268684981023,-0.0006556512397400071,-7.323747872529747e-5,0.0119176963422017,0.0010876640279781635,0.00017455687684973014,0.0008942689592407777,0.0022436530247286627,0.0030038031825030662,0.002306822895432174,0.00044814349241701214,0.003308771475898567,0.0009775411539275517,0.0003639294983827069,0.0006799305938198041,-0.0025978402728963194,0.0018585648854135804,0.0009892154748137672,0.0008272778823223863,0.0008725886804976668,-0.00019134148450602984,0.00029209583040178404,0.0005470179481504814,0.0010876640279781635,0.00363434803639595,0.0004052705605516541,0.0009670047882508229,0.0023611883656549457,0.003537829331539815,0.0002686637025968465,0.0013928258230612597,0.0006785442481301175,-0.0002713306627107826,0.0014316700911798214,0.0005749185784428095,-0.0015742276378803077,0.0019713568785431363,0.0016618164335604532,-1.2810307655786527e-5,0.0001788666245571278,-7.616694325848449e-5,-0.00017786025619012294,-5.6354129320104724e-5,0.00017455687684973014,0.0004052705605516541,0.0016049854789728399,0.0004227004129995389,2.0675859441474386e-5,0.0014835483880324902,-0.0006788660517056569,0.000466793387316613,-0.00014529418061717722,-2.7760602832702927e-5,-0.0006123319503713915,0.00029973012286401443,0.0007479474568610647,5.249775545151201e-5,0.0003573952726464465,0.0027699437637343843,0.0015882187352487813,0.002295409725827629,8.717580149581493e-5,-0.00030829734899401096,0.0008942689592407777,0.0009670047882508229,0.0004227004129995389,0.01076345326442093,-0.0014157211057569436,0.0052529617427550315,0.0007213819728377729,0.001356981639485032,0.0014625499772555328,0.0007057067906478911,0.00016737934342885084,0.0002591621403955036,0.0009210289631580593,0.002179960985801051,0.0012236239636917966,-0.0010753938742441701,0.0012603440979748362,0.001386839945998637,-0.0006053621431520234,-6.123729782166935e-6,0.0022436530247286627,0.0023611883656549457,2.0675859441474386e-5,-0.0014157211057569436,0.01759754769010069,-0.003314211081502354,-0.0003769571058431775,0.0013386658986990147,0.0017244148865750756,-0.002743910796502338,0.006861777731322991,8.340232203067198e-5,-0.007314059793476912,0.0010745200372240028,0.002923720653850742,0.00451185822516675,3.037894512660387e-5,0.004945116410713098,0.00044819617515130176,0.00027643973459433833,0.0030038031825030662,0.003537829331539815,0.0014835483880324902,0.0052529617427550315,-0.003314211081502354,0.03512736560088801,0.0006231634785813999,0.005979941322296945,0.0037318633996295874,0.0034316977580304262,-0.004581251976110686,0.001761898694949735,0.009034708658619973,0.004322801251437931,0.0017768685414540266,0.0015912269023342675,-0.0005189662136020439,-5.5514959533343756e-5,0.0003539953993728655,0.00037048633649353394,0.002306822895432174,0.0002686637025968465,-0.0006788660517056569,0.0007213819728377729,-0.0003769571058431775,0.0006231634785813999,0.010031244582745753,-0.0011458832108047672,0.0020142641721665505,0.00035674094861991084,0.002392899124808747,0.0012015010434612574,-0.00048100729053020545,0.002287315155155638,0.00020440423019026918,0.0010364968853973345,0.00032735383700583477,0.0006112398400465325,0.0002144587173364014,-7.342494347919006e-5,0.00044814349241701214,0.0013928258230612597,0.000466793387316613,0.001356981639485032,0.0013386658986990147,0.005979941322296945,-0.0011458832108047672,0.005230791751554422,0.0011854839758881656,0.0015078404341195414,-0.0014316659178955026,0.00038421099018929027,0.002135154930255478,0.0015088089412520075,-0.00012036697680110813,0.003447781546225628,0.000566674587319906,-0.00015742186014520358,-0.0002954325501320815,-0.0003017677332217522,0.003308771475898567,0.0006785442481301175,-0.00014529418061717722,0.0014625499772555328,0.0017244148865750756,0.0037318633996295874,0.0020142641721665505,0.0011854839758881656,0.01344411190002049,0.0019118529371240601,0.0026645046297251473,0.0011854825918017613,-0.0010465978742965941,0.004187174204233526,0.0018579164534891798,0.0015709135872499845,6.800265649907803e-5,0.0003549728396864476,0.000306845374937187,8.310082747328857e-5,0.0009775411539275517,-0.0002713306627107826,-2.7760602832702927e-5,0.0007057067906478911,-0.002743910796502338,0.0034316977580304262,0.00035674094861991084,0.0015078404341195414,0.0019118529371240601,0.00463882455387233,-0.0027871871618308664,0.000292895391606299,0.0033894900060286444,0.0014115238462093342,-0.001285457820518911,0.0005890519865502907,0.00018053903351808361,0.0012775693404865176,-0.0006074676799283371,-0.00020212031772947594,0.0003639294983827069,0.0014316700911798214,-0.0006123319503713915,0.00016737934342885084,0.006861777731322991,-0.004581251976110686,0.002392899124808747,-0.0014316659178955026,0.0026645046297251473,-0.0027871871618308664,0.01281024470542912,0.0004926460776827407,-0.006630071752884711,0.0008039114988419761,0.0031893365839125794,0.0005692772313840101,0.00011908883993770042,-0.0005529086903294239,0.00012317056920466477,0.0005198348102644502,0.0006799305938198041,0.0005749185784428095,0.00029973012286401443,0.0002591621403955036,8.340232203067198e-5,0.001761898694949735,0.0012015010434612574,0.00038421099018929027,0.0011854825918017613,0.000292895391606299,0.0004926460776827407,0.0033069398808748384,0.0006465676251429901,0.0020967702446262693,0.0008753910626721821,0.00042256613900571523,-0.001259398293428806,0.0018263597868942187,0.0015720179058351749,0.0004223610887088248,-0.0025978402728963194,-0.0015742276378803077,0.0007479474568610647,0.0009210289631580593,-0.007314059793476912,0.009034708658619973,-0.00048100729053020545,0.002135154930255478,-0.0010465978742965941,0.0033894900060286444,-0.006630071752884711,0.0006465676251429901,0.02082505501636524,-0.0013698565083999459,-0.0012554715664120366,0.0019014715264086628,0.00044225878416934904,-0.002810374182518909,0.0004400153238625055,0.0010072217868364072,0.0018585648854135804,0.0019713568785431363,5.249775545151201e-5,0.002179960985801051,0.0010745200372240028,0.004322801251437931,0.002287315155155638,0.0015088089412520075,0.004187174204233526,0.0014115238462093342,0.0008039114988419761,0.0020967702446262693,-0.0013698565083999459,0.010076794920043099,0.0016468281150936867,0.0010575906507703876,0.0011086929134152437,0.0011849180978025504,-6.059371061764599e-5,0.0009143748575335012,0.0009892154748137672,0.0016618164335604532,0.0003573952726464465,0.0012236239636917966,0.002923720653850742,0.0017768685414540266,0.00020440423019026918,-0.00012036697680110813,0.0018579164534891798,-0.001285457820518911,0.0031893365839125794,0.0008753910626721821,-0.0012554715664120366,0.0016468281150936867,0.005918548431295471
