0.004128630078342173,0.0005019957053999879,0.0006784306580477652,0.0002170701478139538,-0.00021514671306113633,0.0007444299830413311,-0.0007948951027746359,0.0012849626084045808,0.0011650100234281919,0.0007272567358677497,0.0007893488550553446,-0.0006533237922538829,0.000835734317131534,0.0004850116517436631,0.0023527338393820266,0.0007968184480106619,0.0003859204333585929,6.462237687412356e-5,6.422355526484718e-5,-0.0006896574023739352,0.0005019957053999879,0.003102161850934505,0.0005775702259460502,0.00041985508774585595,5.6742094109656164e-5,0.0005027126883357468,0.00037989546998784985,-0.0012730591315303166,0.0005293518203798533,0.0004332348351584941,4.451647608124761e-5,0.0005443772207366867,0.00031513546990800717,0.0003066642808208426,0.00032330294115146896,0.00023437411302387363,0.0004195524401656634,9.8535422998356e-5,-0.00022759423467394867,-0.0001680749488120071,0.0006784306580477652,0.0005775702259460502,0.0024612535568252778,0.00018036269627491705,0.00026628569131987884,-0.0005708788412560886,0.00042488950020018554,0.0007208283717170601,0.0008368585260422044,0.00031284839536077093,0.00016230197533324326,0.0001816235825383534,0.0001750270737875134,0.00031418535962755205,4.398322648147962e-5,0.00014463129510488193,0.000507536450748353,-0.0001909828188584967,-0.00038253509581319536,-0.0007718445234631852,0.0002170701478139538,0.00041985508774585595,0.00018036269627491705,0.0015737182543859936,-8.568738851969178e-5,-0.00012301681121040583,-0.0006484002624632131,0.0004438250716322586,0.00021424786731130783,-5.2111396950204304e-5,-1.7083476077190465e-6,0.00035980688104373206,-5.2473025541503615e-5,3.709435013228602e-5,4.455326511553501e-7,-2.81648434196498e-5,0.0002554436820739682,4.9870612036925916e-5,-0.00016053806441217815,-4.5534808829527546e-5,-0.00021514671306113633,5.6742094109656164e-5,0.00026628569131987884,-8.568738851969178e-5,0.00396532004662911,0.0007145009971053182,0.0006928922698836704,0.0006171363850760849,0.001003184024816642,-2.868876161448975e-5,8.295991917100541e-5,0.0007026414376580848,0.0002739184315267266,-0.0003772509418838204,-0.0011560029593059098,0.00039014619868749795,-7.887383794279108e-5,0.00037847638191817643,-0.00019067361272027752,0.002049413386864136,0.0007444299830413311,0.0005027126883357468,-0.0005708788412560886,-0.00012301681121040583,0.0007145009971053182,0.016317804778863524,0.0008095396630209085,0.00010485065279699517,-0.0003972570930776505,0.0006778882722400388,0.00045684523698215265,-0.00047113713125983183,0.0008458929826179305,-0.00031535846974416816,0.0017943035447735276,0.002107790822516215,0.0003856105569709493,0.0013285641743649155,0.0009446928693244606,-0.0005545703891254128,-0.0007948951027746359,0.00037989546998784985,0.00042488950020018554,-0.0006484002624632131,0.0006928922698836704,0.0008095396630209085,0.02326099221706401,0.0007347677687988722,0.0012961052233607414,0.000963103698025188,-0.00048747745489910937,0.0031536763104437412,0.000942580497935425,-0.00012908118795670296,0.0036728980822556137,0.0016041266578097012,0.0006170255253278047,-0.000610583163082588,-0.000627975927309111,-0.0008890591086536358,0.0012849626084045808,-0.0012730591315303166,0.0007208283717170601,0.0004438250716322586,0.0006171363850760849,0.00010485065279699517,0.0007347677687988722,0.019852849361912304,0.001382969356000394,0.0012452897442732274,0.0016297923015355337,0.0012869002758022913,0.0006812833900081325,-0.0001362259048556017,0.0013966535074860982,0.00021191242429871403,0.0005225476092343295,0.0004965807521775786,-0.001129492143004421,0.0007278662949655424,0.0011650100234281919,0.0005293518203798533,0.0008368585260422044,0.00021424786731130783,0.001003184024816642,-0.0003972570930776505,0.0012961052233607414,0.001382969356000394,0.011748246931425371,0.00031696715128010035,0.0008172065621888791,0.0017034313956925998,0.00040737438094366404,0.0007107515593241067,0.0010667360607853628,0.0012654039024325614,0.0007257178991369772,0.0004610547137014324,-0.00011931250096038248,0.003091928637072898,0.0007272567358677497,0.0004332348351584941,0.00031284839536077093,-5.2111396950204304e-5,-2.868876161448975e-5,0.0006778882722400388,0.000963103698025188,0.0012452897442732274,0.00031696715128010035,0.0026584493796756076,0.0005327924591810118,0.00035704137206251654,0.0005635596856099234,0.00024572776261775134,0.003601152620807817,0.0004390516575601778,0.0003879176095620165,0.00013235589962776466,0.00025687675372431317,0.00034468349455053836,0.0007893488550553446,4.451647608124761e-5,0.00016230197533324326,-1.7083476077190465e-6,8.295991917100541e-5,0.00045684523698215265,-0.00048747745489910937,0.0016297923015355337,0.0008172065621888791,0.0005327924591810118,0.004494881714447069,-0.0005719722696354002,0.0005636657957736412,0.00038804630664399017,0.002476410330954944,0.00026020492552440835,9.035269772078474e-5,0.00011145763385828818,0.0005733304489796416,0.0011253464732738274,-0.0006533237922538829,0.0005443772207366867,0.0001816235825383534,0.00035980688104373206,0.0007026414376580848,-0.00047113713125983183,0.0031536763104437412,0.0012869002758022913,0.0017034313956925998,0.00035704137206251654,-0.0005719722696354002,0.013485466079040418,0.0004201922688007705,6.990197866452024e-5,0.0005708360453724648,0.0005922435716166458,6.90265107133893e-5,0.00016540737224925498,0.00020536913635388788,0.0009312171024096124,0.000835734317131534,0.00031513546990800717,0.0001750270737875134,-5.2473025541503615e-5,0.0002739184315267266,0.0008458929826179305,0.000942580497935425,0.0006812833900081325,0.00040737438094366404,0.0005635596856099234,0.0005636657957736412,0.0004201922688007705,0.006463743965554244,0.0005268559177304423,0.004059253966628738,0.0001779978351124321,-8.237337531618923e-5,-0.00026906145099437815,0.00032646109729236113,0.00020709120356594363,0.0004850116517436631,0.0003066642808208426,0.00031418535962755205,3.709435013228602e-5,-0.0003772509418838204,-0.00031535846974416816,-0.00012908118795670296,-0.0001362259048556017,0.0007107515593241067,0.00024572776261775134,0.00038804630664399017,6.990197866452024e-5,0.0005268559177304423,0.002428665217349563,-3.220252690487163e-5,0.00017136211069550793,4.61767723279601e-5,-0.00011410239092714284,0.00036544421304703903,-0.0004257788434632888,0.0023527338393820266,0.00032330294115146896,4.398322648147962e-5,4.455326511553501e-7,-0.0011560029593059098,0.0017943035447735276,0.0036728980822556137,0.0013966535074860982,0.0010667360607853628,0.003601152620807817,0.002476410330954944,0.0005708360453724648,0.004059253966628738,-3.220252690487163e-5,0.03372084438729273,0.001113731693707005,0.001141629245996617,0.00029053095651928945,0.0008640988362093279,0.000970927461075602,0.0007968184480106619,0.00023437411302387363,0.00014463129510488193,-2.81648434196498e-5,0.00039014619868749795,0.002107790822516215,0.0016041266578097012,0.00021191242429871403,0.0012654039024325614,0.0004390516575601778,0.00026020492552440835,0.0005922435716166458,0.0001779978351124321,0.00017136211069550793,0.001113731693707005,0.004489814833973933,6.218698324063194e-5,0.0007709280028688776,-3.9006522463051445e-5,0.000864716337730165,0.0003859204333585929,0.0004195524401656634,0.000507536450748353,0.0002554436820739682,-7.887383794279108e-5,0.0003856105569709493,0.0006170255253278047,0.0005225476092343295,0.0007257178991369772,0.0003879176095620165,9.035269772078474e-5,6.90265107133893e-5,-8.237337531618923e-5,4.61767723279601e-5,0.001141629245996617,6.218698324063194e-5,0.0012947585613332716,8.616820856740599e-5,-0.00022138136386580846,0.00010170292243214497,6.462237687412356e-5,9.8535422998356e-5,-0.0001909828188584967,4.9870612036925916e-5,0.00037847638191817643,0.0013285641743649155,-0.000610583163082588,0.0004965807521775786,0.0004610547137014324,0.00013235589962776466,0.00011145763385828818,0.00016540737224925498,-0.00026906145099437815,-0.00011410239092714284,0.00029053095651928945,0.0007709280028688776,8.616820856740599e-5,0.0019692575772154684,0.00016109096777420205,0.0004379737558904307,6.422355526484718e-5,-0.00022759423467394867,-0.00038253509581319536,-0.00016053806441217815,-0.00019067361272027752,0.0009446928693244606,-0.000627975927309111,-0.001129492143004421,-0.00011931250096038248,0.00025687675372431317,0.0005733304489796416,0.00020536913635388788,0.00032646109729236113,0.00036544421304703903,0.0008640988362093279,-3.9006522463051445e-5,-0.00022138136386580846,0.00016109096777420205,0.0033948793147170263,0.0006520471799407806,-0.0006896574023739352,-0.0001680749488120071,-0.0007718445234631852,-4.5534808829527546e-5,0.002049413386864136,-0.0005545703891254128,-0.0008890591086536358,0.0007278662949655424,0.003091928637072898,0.00034468349455053836,0.0011253464732738274,0.0009312171024096124,0.00020709120356594363,-0.0004257788434632888,0.000970927461075602,0.000864716337730165,0.00010170292243214497,0.0004379737558904307,0.0006520471799407806,0.024497964125946358
0.004342592521961489,-0.0005130032563605905,0.0001425344360007102,8.470188820165826e-5,0.0010213698851484665,0.002902041668130755,0.00040726201414027156,0.001351020686317569,6.163410061799066e-5,0.0001141026425420869,-0.0002229467420436819,0.00161376316253438,0.00017714008985426176,0.0004209792552272904,0.0007717600349117977,-0.00034222430534661184,-0.0002464057017191508,0.00022588203442876507,0.0014148867756005865,0.003270286611230004,-0.0005130032563605905,0.005080637215624808,0.0007912879063095896,-0.00012781918804258825,-0.0007013713579764429,-0.0008664624385755087,0.003877037435245324,0.0055639783015148875,0.0017721795675932077,0.0008013035559061542,-0.00011966126840982673,0.0024481756299514455,0.0004066381166611705,0.0013922852223897456,0.002861262928652483,0.0018493453244140872,0.0008163580417988242,0.001257602711055806,0.0006150601321018721,0.0016760231535549496,0.0001425344360007102,0.0007912879063095896,0.00431181899085806,-0.000279054251821146,-0.0004425921679787607,0.004668741869116012,0.0036263940377756253,0.0040485100715295964,0.002557477122848371,0.0012522980393258906,-2.7068113765841222e-6,0.003574883147847083,0.0016621472485594006,0.0014170412049835904,-0.0018337381995420514,0.0022753432185139235,-0.000864855756802491,0.0007541970980464319,0.001772193167454378,0.005668244895403883,8.470188820165826e-5,-0.00012781918804258825,-0.000279054251821146,0.0016150693022491589,0.00018282353482374593,0.00015025867244091226,-0.0006608994158320192,-0.00048568445870755556,0.0005263533892031063,0.00020653208516624498,0.00028039520347872,-0.0008078284968238757,-0.0002514992728159137,-0.00015577254520414288,0.0005693821849906785,-0.0004610262740589334,0.0005940971331338475,0.00046805664239574446,0.00013362331542671283,-0.00038935343876700943,0.0010213698851484665,-0.0007013713579764429,-0.0004425921679787607,0.00018282353482374593,0.007553463255044404,-0.004158192230018919,-4.8348347821372e-5,-0.0022468452988539597,-0.0012528870206378355,0.0009385817891233157,-0.0005455427397625508,-0.004840619867226948,-0.0008649735059244646,0.000567651482081998,0.011307378057168326,-0.0008030744465623434,0.001708663769012238,0.000868328408652122,0.0012445960661725322,-0.0004545894522894369,0.002902041668130755,-0.0008664624385755087,0.004668741869116012,0.00015025867244091226,-0.004158192230018919,0.029246937501860273,0.00465732433633749,0.003714947559868862,0.010508813021179259,0.0008729199632143528,0.0006145543376810084,0.011021085812004464,0.0026766629706498415,0.0015053293778898441,-0.008701798644951849,0.003091841739974616,-0.0029228371688650202,-0.0016171989229943023,0.003128295219398727,0.007814081264886284,0.00040726201414027156,0.003877037435245324,0.0036263940377756253,-0.0006608994158320192,-4.8348347821372e-5,0.00465732433633749,0.028017218073561015,0.011649037900579121,0.004580186029759691,0.002759862353553527,0.00013275300269854342,0.003077060527046176,0.002489607739230865,0.004142445575673857,0.0023993734133911726,0.0041404700072620055,0.0006079138840496658,0.0017932235025602357,0.0017406830250268385,0.010096877584271812,0.001351020686317569,0.0055639783015148875,0.0040485100715295964,-0.00048568445870755556,-0.0022468452988539597,0.003714947559868862,0.011649037900579121,0.02959012716436087,0.004250524454067713,0.0023623584323155416,-0.001178264970082385,0.010161973935118893,0.001480962374743022,0.0039020564013154584,0.0014922748435827362,0.005629910796406035,-0.0012460032520966373,0.001263052326273609,0.0033531260563222833,0.010328914848476037,6.163410061799066e-5,0.0017721795675932077,0.002557477122848371,0.0005263533892031063,-0.0012528870206378355,0.010508813021179259,0.004580186029759691,0.004250524454067713,0.018430900439187388,0.0019319139571679716,0.001339009760095079,0.00582028616853844,0.000557294258215463,0.0007572648668051215,0.002043438384235722,0.002043033654120817,-0.0007163476733998819,0.00024664918411812856,0.002417546914907621,-0.0003413441526958841,0.0001141026425420869,0.0008013035559061542,0.0012522980393258906,0.00020653208516624498,0.0009385817891233157,0.0008729199632143528,0.002759862353553527,0.0023623584323155416,0.0019319139571679716,0.0026749482684583995,0.00012521513273451606,0.0008394549153467185,0.0003983071939660793,0.0005149863413068135,0.001854064617141862,0.001091497861899402,0.0002526054992719849,0.0005232660471792374,0.001528020176371493,0.0019297996993342002,-0.0002229467420436819,-0.00011966126840982673,-2.7068113765841222e-6,0.00028039520347872,-0.0005455427397625508,0.0006145543376810084,0.00013275300269854342,-0.001178264970082385,0.001339009760095079,0.00012521513273451606,0.0036883298508569528,0.0007480782258121632,0.0010335641392265108,-0.00019117167787534442,-0.0019494380822184924,0.0004201551666974146,0.00013751432974672833,0.00034443085513593587,-0.0004162957236721347,-0.001062925906698941,0.00161376316253438,0.0024481756299514455,0.003574883147847083,-0.0008078284968238757,-0.004840619867226948,0.011021085812004464,0.003077060527046176,0.010161973935118893,0.00582028616853844,0.0008394549153467185,0.0007480782258121632,0.023378549618446882,0.0034614852274493717,0.001437490806898326,-0.00854745426480996,0.003785611969900752,-0.0033561840070311304,-0.0006416214033901832,0.001386389308968148,0.005108101507342928,0.00017714008985426176,0.0004066381166611705,0.0016621472485594006,-0.0002514992728159137,-0.0008649735059244646,0.0026766629706498415,0.002489607739230865,0.001480962374743022,0.000557294258215463,0.0003983071939660793,0.0010335641392265108,0.0034614852274493717,0.007374362213703692,0.0006644438501875142,-0.0026784936270948484,0.0010303553130659071,7.03331009975966e-5,0.0008575041945424328,0.0003952834174881733,0.00470972294977638,0.0004209792552272904,0.0013922852223897456,0.0014170412049835904,-0.00015577254520414288,0.000567651482081998,0.0015053293778898441,0.004142445575673857,0.0039020564013154584,0.0007572648668051215,0.0005149863413068135,-0.00019117167787534442,0.001437490806898326,0.0006644438501875142,0.0039162239227673425,0.0039100654130719776,0.0019902679586460033,0.0007812694841227619,0.0013566379777913656,0.0009084141780230824,0.004923263142629888,0.0007717600349117977,0.002861262928652483,-0.0018337381995420514,0.0005693821849906785,0.011307378057168326,-0.008701798644951849,0.0023993734133911726,0.0014922748435827362,0.002043438384235722,0.001854064617141862,-0.0019494380822184924,-0.00854745426480996,-0.0026784936270948484,0.0039100654130719776,0.04871630185617494,0.0002471818344959494,0.005096805465824445,0.003778174598453151,0.0030429595661185453,0.00014849808006383593,-0.00034222430534661184,0.0018493453244140872,0.0022753432185139235,-0.0004610262740589334,-0.0008030744465623434,0.003091841739974616,0.0041404700072620055,0.005629910796406035,0.002043033654120817,0.001091497861899402,0.0004201551666974146,0.003785611969900752,0.0010303553130659071,0.0019902679586460033,0.0002471818344959494,0.006004566293076767,-0.00010533396741695473,0.00026255350376785773,0.0013473505246756738,0.004258943262675227,-0.0002464057017191508,0.0008163580417988242,-0.000864855756802491,0.0005940971331338475,0.001708663769012238,-0.0029228371688650202,0.0006079138840496658,-0.0012460032520966373,-0.0007163476733998819,0.0002526054992719849,0.00013751432974672833,-0.0033561840070311304,7.03331009975966e-5,0.0007812694841227619,0.005096805465824445,-0.00010533396741695473,0.002866934474997767,0.001413349216952337,-0.0001504677942179613,-0.000491164342834289,0.00022588203442876507,0.001257602711055806,0.0007541970980464319,0.00046805664239574446,0.000868328408652122,-0.0016171989229943023,0.0017932235025602357,0.001263052326273609,0.00024664918411812856,0.0005232660471792374,0.00034443085513593587,-0.0006416214033901832,0.0008575041945424328,0.0013566379777913656,0.003778174598453151,0.00026255350376785773,0.001413349216952337,0.0030894438797706703,0.0007555673401481225,0.0034328829773710738,0.0014148867756005865,0.0006150601321018721,0.001772193167454378,0.00013362331542671283,0.0012445960661725322,0.003128295219398727,0.0017406830250268385,0.0033531260563222833,0.002417546914907621,0.001528020176371493,-0.0004162957236721347,0.001386389308968148,0.0003952834174881733,0.0009084141780230824,0.0030429595661185453,0.0013473505246756738,-0.0001504677942179613,0.0007555673401481225,0.004626149945110464,0.003855213226970317,0.003270286611230004,0.0016760231535549496,0.005668244895403883,-0.00038935343876700943,-0.0004545894522894369,0.007814081264886284,0.010096877584271812,0.010328914848476037,-0.0003413441526958841,0.0019297996993342002,-0.001062925906698941,0.005108101507342928,0.00470972294977638,0.004923263142629888,0.00014849808006383593,0.004258943262675227,-0.000491164342834289,0.0034328829773710738,0.003855213226970317,0.033718918116004706
