0.01174553233753284,0.001559385885640095,0.0012868668897060651,0.0005339656177449209,0.0022766670406102387,-0.0006088071558843524,0.00027907502051382083,-0.0007670544197241891,0.0008841015742660034,0.00043856715959226004,0.005922799943480021,0.0011440113180817616,0.002623499465373177,0.0008549607020326346,0.003324591959303196,0.0018004731876768978,0.0002110433629515673,0.0006389700199340433,0.000923888767226821,0.00046263555150767517,0.001559385885640095,0.008956799780094329,0.003252684737421547,0.0018778262650027396,0.0008308450939356197,0.0017272774549648294,0.0019104812904306022,0.0002699183597014794,0.0007102224647562728,0.00226407453898464,0.0019994076058520694,0.001458180166728865,0.0006718222868254411,0.0014824753710092498,0.004665471248349055,0.0038503698070514623,0.0026903174171728416,0.0007415360018001847,0.0024347697514339956,0.0015076584812187392,0.0012868668897060651,0.003252684737421547,0.005047269461587911,0.0015290125835686532,0.0014026611287430504,0.0006468773435111489,0.0007667243351898095,5.085492858399229e-5,0.0007396601766092948,0.001915644034019131,0.001661295172511356,0.001134037716946213,0.0011155138665476902,0.0007652871627428984,0.002596853390575187,0.0037107018541084943,0.0024479677308972487,0.00022258734759328995,0.0014569458950105247,0.0005450293371907251,0.0005339656177449209,0.0018778262650027396,0.0015290125835686532,0.005902751585403307,0.0004284037310637666,0.0014899460352345204,0.0017464489612029391,1.1793798975875332e-5,-3.792088298579836e-5,0.001799000488284806,0.0005703221372971801,0.0007101838352944937,0.0003917360214008256,0.0018114229268463783,0.0009542461742299145,7.920344992224159e-5,0.002000005982417617,0.0014264626605255924,0.001180518765633245,0.0005334161673421949,0.0022766670406102387,0.0008308450939356197,0.0014026611287430504,0.0004284037310637666,0.0077158820425128295,0.00020571901593229058,-4.1537166415390344e-5,0.0006713031475149194,0.0011943085966899646,0.0015087769402106336,0.0022110227067417805,-0.00011288499168231832,-0.00033238492799854186,0.0008362768530901204,-2.1896120861859697e-5,0.0014081674053465693,-0.00040335251928779305,0.00044449264876297325,0.001129327473768222,0.0009230062741329979,-0.0006088071558843524,0.0017272774549648294,0.0006468773435111489,0.0014899460352345204,0.00020571901593229058,0.003495010010474216,0.0006412300009782622,0.00010189896859450604,-0.00010655438545436753,-0.00040047304577473663,-0.000906174795217232,0.0006344913589723516,-0.00021270338310042675,0.0007272217054977435,0.0017964379625716874,-0.0007690026085316195,0.001186972644985809,-0.00022880696890272944,0.0008146381580341592,0.0005591707263734663,0.00027907502051382083,0.0019104812904306022,0.0007667243351898095,0.0017464489612029391,-4.1537166415390344e-5,0.0006412300009782622,0.006723693450251183,0.0011772325897629447,0.0016894183829697289,0.0025691745376286057,0.0002147672152623541,0.00019778577273170937,0.0007389052058835604,0.0020570040555701564,0.0007703076942136783,0.00016436405017333986,0.0025213373244070397,0.002201015472635683,0.001153305499733717,0.00282272371179899,-0.0007670544197241891,0.0002699183597014794,5.085492858399229e-5,1.1793798975875332e-5,0.0006713031475149194,0.00010189896859450604,0.0011772325897629447,0.0036037694014864007,0.0007878354888247536,0.0008030961977444625,0.00011959793994799779,-0.0004984286009323412,0.0005055697019570962,0.0011910358264298673,-0.0006472750287154745,0.0004290545341532039,0.0012192661198804455,0.0009324383266101736,2.6882392035781145e-5,0.0019181859050921065,0.0008841015742660034,0.0007102224647562728,0.0007396601766092948,-3.792088298579836e-5,0.0011943085966899646,-0.00010655438545436753,0.0016894183829697289,0.0007878354888247536,0.003567487832214105,0.0008187234308341551,0.0009837147326224875,8.237899130319263e-6,0.0005463069046548941,0.001836477669902658,4.3361511189606074e-5,0.0007313360187120521,0.0010638015014588177,0.002040635499506595,0.0006321569553366191,0.00272845721186444,0.00043856715959226004,0.00226407453898464,0.001915644034019131,0.001799000488284806,0.0015087769402106336,-0.00040047304577473663,0.0025691745376286057,0.0008030961977444625,0.0008187234308341551,0.012736225692037053,0.002743712642928752,0.0011395146560554876,0.0016295933504474598,0.0013031441686098906,0.003078490069012331,0.0026266922657843714,0.002277919006141122,0.002445499572663639,0.0016452607509278533,0.0004119809198742825,0.005922799943480021,0.0019994076058520694,0.001661295172511356,0.0005703221372971801,0.0022110227067417805,-0.000906174795217232,0.0002147672152623541,0.00011959793994799779,0.0009837147326224875,0.002743712642928752,0.015104336143631032,0.0008542706623229025,0.0023311666083262296,0.00036638111011440586,0.0017082824721320789,0.0017434124678952717,0.0006609060997427995,0.001782707095984411,0.00046887090115422896,0.0017567218060760895,0.0011440113180817616,0.001458180166728865,0.001134037716946213,0.0007101838352944937,-0.00011288499168231832,0.0006344913589723516,0.00019778577273170937,-0.0004984286009323412,8.237899130319263e-6,0.0011395146560554876,0.0008542706623229025,0.005594341409522887,0.0006200230303810323,0.0012062258945520713,0.0038822619866611136,0.0027696747702351428,0.0013798009669007964,0.000676335191657226,0.0012769565246884965,-0.0008611228490934448,0.002623499465373177,0.0006718222868254411,0.0011155138665476902,0.0003917360214008256,-0.00033238492799854186,-0.00021270338310042675,0.0007389052058835604,0.0005055697019570962,0.0005463069046548941,0.0016295933504474598,0.0023311666083262296,0.0006200230303810323,0.004852475117996649,8.69739293968218e-5,0.0018383339882433436,0.0008980109090982217,0.002495936877169231,0.00010278999456514142,0.0002944538184726329,0.0001384082697536158,0.0008549607020326346,0.0014824753710092498,0.0007652871627428984,0.0018114229268463783,0.0008362768530901204,0.0007272217054977435,0.0020570040555701564,0.0011910358264298673,0.001836477669902658,0.0013031441686098906,0.00036638111011440586,0.0012062258945520713,8.69739293968218e-5,0.008618928004516838,0.0009078460693102519,0.0018884421100672213,6.714988402794762e-5,0.004215603286735366,0.0013191710265802415,0.0036294440772980116,0.003324591959303196,0.004665471248349055,0.002596853390575187,0.0009542461742299145,-2.1896120861859697e-5,0.0017964379625716874,0.0007703076942136783,-0.0006472750287154745,4.3361511189606074e-5,0.003078490069012331,0.0017082824721320789,0.0038822619866611136,0.0018383339882433436,0.0009078460693102519,0.01611202718379576,0.003942849893329445,0.002420786032490497,-0.0002576534620867375,0.0027223349062259934,-0.0020654449772387665,0.0018004731876768978,0.0038503698070514623,0.0037107018541084943,7.920344992224159e-5,0.0014081674053465693,-0.0007690026085316195,0.00016436405017333986,0.0004290545341532039,0.0007313360187120521,0.0026266922657843714,0.0017434124678952717,0.0027696747702351428,0.0008980109090982217,0.0018884421100672213,0.003942849893329445,0.016188267291318583,0.0018823390968740394,0.0020888407137979437,0.0017627949607039563,0.0015714955554621006,0.0002110433629515673,0.0026903174171728416,0.0024479677308972487,0.002000005982417617,-0.00040335251928779305,0.001186972644985809,0.0025213373244070397,0.0012192661198804455,0.0010638015014588177,0.002277919006141122,0.0006609060997427995,0.0013798009669007964,0.002495936877169231,6.714988402794762e-5,0.002420786032490497,0.0018823390968740394,0.009459024901191276,0.00017229117384995029,0.0010261762218904396,-0.00010889118873183415,0.0006389700199340433,0.0007415360018001847,0.00022258734759328995,0.0014264626605255924,0.00044449264876297325,-0.00022880696890272944,0.002201015472635683,0.0009324383266101736,0.002040635499506595,0.002445499572663639,0.001782707095984411,0.000676335191657226,0.00010278999456514142,0.004215603286735366,-0.0002576534620867375,0.0020888407137979437,0.00017229117384995029,0.01100524442352747,0.0005085745841148798,0.00512888364841944,0.000923888767226821,0.0024347697514339956,0.0014569458950105247,0.001180518765633245,0.001129327473768222,0.0008146381580341592,0.001153305499733717,2.6882392035781145e-5,0.0006321569553366191,0.0016452607509278533,0.00046887090115422896,0.0012769565246884965,0.0002944538184726329,0.0013191710265802415,0.0027223349062259934,0.0017627949607039563,0.0010261762218904396,0.0005085745841148798,0.00257127550359952,0.0010057125630902417,0.00046263555150767517,0.0015076584812187392,0.0005450293371907251,0.0005334161673421949,0.0009230062741329979,0.0005591707263734663,0.00282272371179899,0.0019181859050921065,0.00272845721186444,0.0004119809198742825,0.0017567218060760895,-0.0008611228490934448,0.0001384082697536158,0.0036294440772980116,-0.0020654449772387665,0.0015714955554621006,-0.00010889118873183415,0.00512888364841944,0.0010057125630902417,0.013125336019180311
0.007637533155364463,-0.00022480799416244688,0.00045921459764152784,0.00017387624668053358,-0.0007731362990781465,0.0005055307738476757,-2.2235655275683683e-5,0.000722610924720176,0.00039684374327664295,-0.0005388927938547102,-0.00183973082853065,0.001206838522904236,-0.0002465159222885451,0.0012253297506149992,0.0011632783381123378,0.0011143409651952984,0.0011058550659202215,-0.0004831634468862702,0.0008176414214422593,0.0007372003132883962,-0.00022480799416244688,0.007461138256024325,-0.0015115772247610109,1.8930404006013726e-5,0.0009402136818821054,-0.00010645890664186239,0.000720492397357841,0.00040701827767094335,0.00044308066569011284,0.001033323000728998,0.0008264837061795298,0.0006353495259018793,-0.0005155079079113921,0.001029619475794098,0.0006290523912598797,-0.0006804258642315756,-0.000544515375881424,0.000909213487081083,-0.0003760784167018078,5.536257886081062e-6,0.00045921459764152784,-0.0015115772247610109,0.004151849831904713,0.0006806046817238845,0.0002686996646247184,0.0004485399249530986,-2.365676265583573e-5,0.0004344071780314387,4.1102359219096255e-5,8.044768986755255e-5,6.406151745375859e-5,0.00016708938298873937,0.0006808645795490257,0.00045022832824895834,0.0012987318092182727,0.00019131631528132928,0.0001875989509321544,-0.0002668875935411662,0.0007212927432427622,0.0006054434010360416,0.00017387624668053358,1.8930404006013726e-5,0.0006806046817238845,0.004465774259525421,0.0012332592996077323,9.319073774623546e-5,0.00013135581015158296,0.00026490910929163284,0.0002727643696043645,0.00019266981507470578,0.0012658971476925867,0.0003329966009723854,-0.00024237775106254807,-0.00010018927201551673,0.001456078477075069,2.043189226780664e-5,-0.00047449023441924426,-3.9654295325559983e-5,2.9207744598315988e-5,0.0008838946630052286,-0.0007731362990781465,0.0009402136818821054,0.0002686996646247184,0.0012332592996077323,0.00976078434390562,0.0005283539980966442,0.001693140657120457,0.0001664802207525285,0.0004570671734242314,0.00033253658096395324,0.0003666178527281964,-0.0009410088630816651,0.0010005171838024928,0.0014346423759551618,0.0012353985839351268,0.0007670406785224033,0.0007307895548341714,0.0017272971775405795,0.0003072529812881883,0.0013168480290756373,0.0005055307738476757,-0.00010645890664186239,0.0004485399249530986,9.319073774623546e-5,0.0005283539980966442,0.002944205194850886,0.0004200365028320873,0.0005198941385347442,0.0004844890129173141,0.0002765099926197446,0.0007136852695573348,-0.0002869428040695041,0.00018851723375094636,0.0009078802220508345,0.000514378429019698,0.0014341250397034645,0.0004899789050376763,0.000863273440936712,0.00041785582311477997,0.0004022617440178752,-2.2235655275683683e-5,0.000720492397357841,-2.365676265583573e-5,0.00013135581015158296,0.001693140657120457,0.0004200365028320873,0.006138837570216715,-0.0007990616050086059,-0.00013186288292380775,0.0022354947126141875,0.0010939390289234213,-0.0003600232993579837,7.526890595692078e-5,-0.00024737553335101264,-0.000651321275937895,0.0008494352154933037,0.00023806949460918227,0.002346340537639672,-6.708480003617476e-5,-0.0004575671113872063,0.000722610924720176,0.00040701827767094335,0.0004344071780314387,0.00026490910929163284,0.0001664802207525285,0.0005198941385347442,-0.0007990616050086059,0.002206225223921731,0.0003231697920908788,-0.0009382262507447682,-0.0002160787979319999,0.0005814520585626254,1.3350837621571276e-5,0.0007434555446369888,0.0014074651788084803,0.0006886469008949791,0.00030471892408222875,-0.0005050464116580159,0.0001556145041747989,0.00011649610054095656,0.00039684374327664295,0.00044308066569011284,4.1102359219096255e-5,0.0002727643696043645,0.0004570671734242314,0.0004844890129173141,-0.00013186288292380775,0.0003231697920908788,0.002702798014008425,-0.0007947514989182125,0.00042341411423403304,1.3770145080243613e-6,9.083565073949137e-5,0.0006754796893671417,0.0009227923117190917,0.0002995616744269873,6.145125433997003e-5,-0.00019432662158528152,0.0006883201002144399,-0.00020871724981354233,-0.0005388927938547102,0.001033323000728998,8.044768986755255e-5,0.00019266981507470578,0.00033253658096395324,0.0002765099926197446,0.0022354947126141875,-0.0009382262507447682,-0.0007947514989182125,0.01255433106316493,0.0005780989904209046,0.0001385673881803812,-0.0001237063481332681,-0.0009583925362574508,-0.0010698029373040477,-0.0003746187498993519,-0.00011650141744665166,8.632851585831284e-5,-0.0009995767854199095,0.002450921365541297,-0.00183973082853065,0.0008264837061795298,6.406151745375859e-5,0.0012658971476925867,0.0003666178527281964,0.0007136852695573348,0.0010939390289234213,-0.0002160787979319999,0.00042341411423403304,0.0005780989904209046,0.012733567069102452,-0.0001635387116751688,-0.0004353373675564286,0.000496322975759986,0.0005447738579217361,-0.0002409589717286303,0.0006578508003075242,0.0011483761004224512,1.1320532259088582e-5,-0.0004445143851185006,0.001206838522904236,0.0006353495259018793,0.00016708938298873937,0.0003329966009723854,-0.0009410088630816651,-0.0002869428040695041,-0.0003600232993579837,0.0005814520585626254,1.3770145080243613e-6,0.0001385673881803812,-0.0001635387116751688,0.00463498135605928,0.0002138981575372583,0.00114730185939444,-0.00031622168925067703,0.0002294358000092409,0.00013180969588276416,0.0002975502304701468,-9.637097017944492e-5,0.0007712182627615296,-0.0002465159222885451,-0.0005155079079113921,0.0006808645795490257,-0.00024237775106254807,0.0010005171838024928,0.00018851723375094636,7.526890595692078e-5,1.3350837621571276e-5,9.083565073949137e-5,-0.0001237063481332681,-0.0004353373675564286,0.0002138981575372583,0.0029141385208847352,0.0005208296938963561,0.0006629301920932497,0.0003844447289749444,0.00023230412527533345,0.0002983760764595747,0.0006771135283942516,0.0006615842040656771,0.0012253297506149992,0.001029619475794098,0.00045022832824895834,-0.00010018927201551673,0.0014346423759551618,0.0009078802220508345,-0.00024737553335101264,0.0007434555446369888,0.0006754796893671417,-0.0009583925362574508,0.000496322975759986,0.00114730185939444,0.0005208296938963561,0.008484511993771905,0.0018728402327955794,0.0006610091833363043,0.0010557174043498547,-0.00039552059962376666,0.0007558540529067647,0.0004822983879601779,0.0011632783381123378,0.0006290523912598797,0.0012987318092182727,0.001456078477075069,0.0012353985839351268,0.000514378429019698,-0.000651321275937895,0.0014074651788084803,0.0009227923117190917,-0.0010698029373040477,0.0005447738579217361,-0.00031622168925067703,0.0006629301920932497,0.0018728402327955794,0.013247277942337887,0.0012764132980854074,0.00013362685435045342,-0.0008994446564802763,0.0007021543019216963,0.002631213450220461,0.0011143409651952984,-0.0006804258642315756,0.00019131631528132928,2.043189226780664e-5,0.0007670406785224033,0.0014341250397034645,0.0008494352154933037,0.0006886469008949791,0.0002995616744269873,-0.0003746187498993519,-0.0002409589717286303,0.0002294358000092409,0.0003844447289749444,0.0006610091833363043,0.0012764132980854074,0.014976440575423224,0.002354074371760122,0.0022031780541459153,0.0012276642595213712,-0.0013395475399911642,0.0011058550659202215,-0.000544515375881424,0.0001875989509321544,-0.00047449023441924426,0.0007307895548341714,0.0004899789050376763,0.00023806949460918227,0.00030471892408222875,6.145125433997003e-5,-0.00011650141744665166,0.0006578508003075242,0.00013180969588276416,0.00023230412527533345,0.0010557174043498547,0.00013362685435045342,0.002354074371760122,0.007410973012145648,0.0005048340594693054,0.00034585689261825,0.000486086805771742,-0.0004831634468862702,0.000909213487081083,-0.0002668875935411662,-3.9654295325559983e-5,0.0017272971775405795,0.000863273440936712,0.002346340537639672,-0.0005050464116580159,-0.00019432662158528152,8.632851585831284e-5,0.0011483761004224512,0.0002975502304701468,0.0002983760764595747,-0.00039552059962376666,-0.0008994446564802763,0.0022031780541459153,0.0005048340594693054,0.01032832036113773,0.00035444398207479277,-0.0022349183562025863,0.0008176414214422593,-0.0003760784167018078,0.0007212927432427622,2.9207744598315988e-5,0.0003072529812881883,0.00041785582311477997,-6.708480003617476e-5,0.0001556145041747989,0.0006883201002144399,-0.0009995767854199095,1.1320532259088582e-5,-9.637097017944492e-5,0.0006771135283942516,0.0007558540529067647,0.0007021543019216963,0.0012276642595213712,0.00034585689261825,0.00035444398207479277,0.002204144037882298,-0.0001396803400240359,0.0007372003132883962,5.536257886081062e-6,0.0006054434010360416,0.0008838946630052286,0.0013168480290756373,0.0004022617440178752,-0.0004575671113872063,0.00011649610054095656,-0.00020871724981354233,0.002450921365541297,-0.0004445143851185006,0.0007712182627615296,0.0006615842040656771,0.0004822983879601779,0.002631213450220461,-0.0013395475399911642,0.000486086805771742,-0.0022349183562025863,-0.0001396803400240359,0.010560414135518328
