1575.8420212052843,89.25918200864989,-301.4751359398598,-428.53568593039233,-126.6418385582853,-80.2875144224644,378.53692795775606,38.2613940891268,-14.247733708194609,-406.53558696848995,-316.13698125401294,172.82053175413427,-290.54680605386847,204.50255637659578,-260.2106809338407,319.56923521807926,342.87381434383605,-247.2375339935175,51.96613342432062,-96.88711886118429,89.25918200864989,1305.9678987888285,-220.26949343243803,-273.9898495682352,1.7716275043855345,381.0897206370663,-522.9035229021878,-104.64448229450097,-363.3770690933402,399.31328465358274,62.02398580752514,25.097962483321904,-605.6109338963952,-472.2935285643844,-190.29117101704384,142.55283530835598,-17.020055891457755,11.171818420341207,-138.05958616661323,-118.43213751127061,-301.4751359398598,-220.26949343243803,1316.9966005140855,79.40841132013104,-391.85669880323405,373.85034401063416,-127.82864594855386,215.27691191884745,-153.74862777172106,-59.270051863976036,-239.83530158371738,87.43383920786059,170.13344860268882,50.83885177433039,227.56410886017392,207.22781651293462,-273.96218063397885,-865.0749362750418,90.57702545755326,-264.6067042016015,-428.53568593039233,-273.9898495682352,79.40841132013104,999.0471920964038,648.9850778646679,185.2949414522779,220.7779044940173,-110.14168243906086,117.27243648050704,-353.6982043810352,169.2884598733254,-436.969787667909,-66.85239202648218,-54.27321835922912,-309.88496158998856,79.00811181932114,-20.229999352890097,-251.50779555059194,-602.9068360427448,-88.1184866680918,-126.6418385582853,1.7716275043855345,-391.85669880323405,648.9850778646679,719.7069657489753,30.51994109624039,-10.31546013296955,80.68403956498696,-182.82452859875082,-340.0325320830232,342.45767731960217,-440.6360347754482,-64.6132802285491,26.182047483317938,-576.4271745969938,96.28266004908652,99.67121513655889,50.844791557574204,-203.8547593441335,172.7556552828502,-80.2875144224644,381.0897206370663,373.85034401063416,185.2949414522779,30.51994109624039,1044.6658160282107,-198.13637594632266,-463.00825843799447,-349.2191345998129,-49.52020173485729,-381.85623841051057,-522.5448708360527,-27.54129668242249,190.12967606936465,-48.32657884764158,-236.6870165458712,422.9380658923649,-103.8667533354465,67.48612121942563,-675.1525730297408,378.53692795775606,-522.9035229021878,-127.82864594855386,220.7779044940173,-10.31546013296955,-198.13637594632266,1443.0441968126875,-864.5602739750755,-110.29903910974394,278.38560380950446,-211.91528525506888,217.18107194044748,3.651652892037767,20.46173097437874,-96.75865872179645,-362.24885757277656,-254.7202025865779,-366.40824760695057,-363.8166918686264,213.2794566761149,38.2613940891268,-104.64448229450097,215.27691191884745,-110.14168243906086,80.68403956498696,-463.00825843799447,-864.5602739750755,1930.8724603110288,24.325363345191207,-84.62358963533296,193.81792073695763,97.12606729166959,-244.0157890611838,607.7361380640381,-152.56504517860876,-76.66089813257129,202.3558860664926,-276.51188250340374,-214.0225366966614,456.96967471936114,-14.247733708194609,-363.3770690933402,-153.74862777172106,117.27243648050704,-182.82452859875082,-349.2191345998129,-110.29903910974394,24.325363345191207,1384.5835436663185,-305.06506383804776,-177.6228716814234,231.397878353422,-152.78357019894534,-297.9921731519273,787.630166772077,279.1112482747321,103.11917508924053,401.0858080688432,-693.2367793528305,-469.61692194468526,-406.53558696848995,399.31328465358274,-59.270051863976036,-353.6982043810352,-340.0325320830232,-49.52020173485729,278.38560380950446,-84.62358963533296,-305.06506383804776,1068.089791080138,-119.66443187792801,347.0747717013452,-276.8050178151349,-2.8129217701705067,219.26525194870044,-787.0910757275077,-212.92961704059456,-10.373864788237547,-284.0017689014244,285.24137669729373,-316.13698125401294,62.02398580752514,-239.83530158371738,169.2884598733254,342.45767731960217,-381.85623841051057,-211.91528525506888,193.81792073695763,-177.6228716814234,-119.66443187792801,525.5792478722593,-14.669870956655084,101.45629875874936,-268.9245206024232,-342.9544399721914,343.34860444205697,-315.6791149532231,98.39511881899662,200.38183218749504,453.75505381543445,172.82053175413427,25.097962483321904,87.43383920786059,-436.969787667909,-440.6360347754482,-522.5448708360527,217.18107194044748,97.12606729166959,231.397878353422,347.0747717013452,-14.669870956655084,610.9466282429958,-146.31242962734257,-278.67360224102197,313.3188077838267,120.6916603061349,-394.61581203299426,-171.2710156284149,-118.89278267054776,252.39238686357592,-290.54680605386847,-605.6109338963952,170.13344860268882,-66.85239202648218,-64.6132802285491,-27.54129668242249,3.651652892037767,-244.0157890611838,-152.78357019894534,-276.8050178151349,101.45629875874936,-146.31242962734257,715.0239245865331,172.0656915750487,42.84991846276877,58.64783977148257,-52.03553341123142,244.05376866611408,806.7180336785597,56.62160174605141,204.50255637659578,-472.2935285643844,50.83885177433039,-54.27321835922912,26.182047483317938,190.12967606936465,20.46173097437874,607.7361380640381,-297.9921731519273,-2.8129217701705067,-268.9245206024232,-278.67360224102197,172.0656915750487,943.8918814457725,-127.80797077167682,-704.4923402134015,553.1090639346645,-4.066762953245841,140.52042312314276,44.36667262407236,-260.2106809338407,-190.29117101704384,227.56410886017392,-309.88496158998856,-576.4271745969938,-48.32657884764158,-96.75865872179645,-152.56504517860876,787.630166772077,219.26525194870044,-342.9544399721914,313.3188077838267,42.84991846276877,-127.80797077167682,874.4587849387524,-139.4751134350511,13.11291833170365,285.85496479634173,-207.2598470661541,-418.8379021044296,319.56923521807926,142.55283530835598,207.22781651293462,79.00811181932114,96.28266004908652,-236.6870165458712,-362.24885757277656,-76.66089813257129,279.1112482747321,-787.0910757275077,343.34860444205697,120.6916603061349,58.64783977148257,-704.4923402134015,-139.4751134350511,1290.7289942640455,-382.8510292377574,-221.63041922344755,286.1073613733104,-83.67617346326149,342.87381434383605,-17.020055891457755,-273.96218063397885,-20.229999352890097,99.67121513655889,422.9380658923649,-254.7202025865779,202.3558860664926,103.11917508924053,-212.92961704059456,-315.6791149532231,-394.61581203299426,-52.03553341123142,553.1090639346645,13.11291833170365,-382.8510292377574,725.8076825628923,351.24995361272363,-36.249650208432485,-396.85218875269425,-247.2375339935175,11.171818420341207,-865.0749362750418,-251.50779555059194,50.844791557574204,-103.8667533354465,-366.40824760695057,-276.51188250340374,401.0858080688432,-10.373864788237547,98.39511881899662,-171.2710156284149,244.05376866611408,-4.066762953245841,285.85496479634173,-221.63041922344755,351.24995361272363,1144.8257990443983,328.31306306588937,-120.0124127548639,51.96613342432062,-138.05958616661323,90.57702545755326,-602.9068360427448,-203.8547593441335,67.48612121942563,-363.8166918686264,-214.0225366966614,-693.2367793528305,-284.0017689014244,200.38183218749504,-118.89278267054776,806.7180336785597,140.52042312314276,-207.2598470661541,286.1073613733104,-36.249650208432485,328.31306306588937,1534.0278670637442,174.6836088017656,-96.88711886118429,-118.43213751127061,-264.6067042016015,-88.1184866680918,172.7556552828502,-675.1525730297408,213.2794566761149,456.96967471936114,-469.61692194468526,285.24137669729373,453.75505381543445,252.39238686357592,56.62160174605141,44.36667262407236,-418.8379021044296,-83.67617346326149,-396.85218875269425,-120.0124127548639,174.6836088017656,864.0708355149771
0.003501007004759651,-0.00012440300730457246,0.00022705688525469366,0.00020248963864602553,0.0004702599743565974,0.00023979033949192148,7.352307426988116e-5,6.589838084262221e-5,-0.00017079899461797533,-0.00021259596722471286,0.0012577058468669557,0.0003686496730083762,0.00035366229342553867,5.363974577417312e-6,2.191966392458319e-5,0.0001480682027244618,-4.107724634268292e-5,-0.0002222660958757183,-4.097859501151537e-5,-0.00019386106159174565,-0.00012440300730457246,0.0028437459226174355,0.0012785110045316996,0.0001325469258238142,0.0003526744553712315,-7.833255646049354e-5,3.1950107708167706e-5,0.0001802797064730102,-8.526013610247497e-8,5.441700213621803e-6,0.00047939178507273807,0.0005397100055404612,-8.731636404180998e-5,0.0005035731035912187,-4.661704023444497e-5,-3.784622874348771e-5,0.00034442850462144666,0.0004695516666889646,0.0003866779981842587,0.00025899270289991014,0.00022705688525469366,0.0012785110045316996,0.010826505315533967,0.0005097866031662185,0.0007793232777236383,0.00035837708311254766,0.00018992091556300572,-0.0003191960078696115,0.0031035038033338977,0.003296524670142951,0.005013341596034601,0.0008735101253995506,0.0011308091878882128,0.00045755493081112337,4.966476068618032e-8,-0.00010771196656367797,0.0006713935918062392,0.0013871549281207274,0.0017495517806408508,0.00035216372482692424,0.00020248963864602553,0.0001325469258238142,0.0005097866031662185,0.0016736212531398365,0.0002298367039484833,0.0004090802941938263,3.077294682768244e-5,-6.404336777658537e-5,0.00041808595601393285,0.0007259051109083903,0.0004857587216726652,0.00046650298368956414,0.00045172448167455243,0.0004700840895108173,0.000201866545343272,0.0002518802760599994,0.00038738141092608646,0.0004340815494422054,0.0004836014196668512,0.00033392153285303393,0.0004702599743565974,0.0003526744553712315,0.0007793232777236383,0.0002298367039484833,0.0027191314092425943,0.00041372793239697356,-3.488470552837804e-5,0.00017944474701704752,0.00019819150172677944,0.0005471606995591258,4.1920551433472864e-5,0.00028035249789486286,0.000128953461857366,0.0006742850674749392,-6.353013693747244e-5,0.0001747724242358613,0.0003110832604528644,0.0010857669022985763,0.00040219813958372055,0.000525423598447363,0.00023979033949192148,-7.833255646049354e-5,0.00035837708311254766,0.0004090802941938263,0.00041372793239697356,0.007543386801069214,0.0006670310261297856,-0.00012544316679415123,-0.0003901641508913265,0.0009798355813463626,0.0035546171845358457,-0.0001801865633638593,0.0009727836986898075,0.001854717376417802,-0.0005604759912446748,-0.0010194280525230885,8.82257097042996e-5,-0.0006467926932641401,-0.000205679841360207,5.329541555131886e-5,7.352307426988116e-5,3.1950107708167706e-5,0.00018992091556300572,3.077294682768244e-5,-3.488470552837804e-5,0.0006670310261297856,0.0027262010044055377,3.0164460112835274e-5,0.00010488654665345395,0.0004126678990121753,0.0013050146237075704,0.00040289652744492397,0.00043398589114128263,0.0005778881763871802,3.473138366930957e-5,0.00037007154509294997,0.00020923583822994026,-2.2623547074922463e-6,0.00015547319212548554,-8.662425429402387e-5,6.589838084262221e-5,0.0001802797064730102,-0.0003191960078696115,-6.404336777658537e-5,0.00017944474701704752,-0.00012544316679415123,3.0164460112835274e-5,0.001327691902340118,0.00031045697594037406,0.0002023557034034014,0.00017898164376251412,0.0002899373150615506,0.00010490321911738055,-6.0497724633995075e-5,8.112554503231313e-5,0.00025906710561266833,0.00016559081689428878,-0.00011810798818125465,0.00011577730301761638,-5.198685277073966e-5,-0.00017079899461797533,-8.526013610247497e-8,0.0031035038033338977,0.00041808595601393285,0.00019819150172677944,-0.0003901641508913265,0.00010488654665345395,0.00031045697594037406,0.005371559285728907,-0.0012947575844791718,-0.0004995700293710924,0.0005615594669147498,0.0001445802046361573,0.0005575512497673214,0.0005597512647738009,0.0003603185747657939,-8.787435017442545e-5,-0.0006424647181200172,-0.0004049043497516043,-0.00042251171867199256,-0.00021259596722471286,5.441700213621803e-6,0.003296524670142951,0.0007259051109083903,0.0005471606995591258,0.0009798355813463626,0.0004126678990121753,0.0002023557034034014,-0.0012947575844791718,0.0074989333891661274,-0.0006900271723362145,-0.0004107406849337544,0.0005450448664409435,0.0007250671765206971,0.0006118393595787343,0.0005071866365878933,0.0007738209849799352,0.000639454952757211,0.0008761696511272634,0.0004953491346058036,0.0012577058468669557,0.00047939178507273807,0.005013341596034601,0.0004857587216726652,4.1920551433472864e-5,0.0035546171845358457,0.0013050146237075704,0.00017898164376251412,-0.0004995700293710924,-0.0006900271723362145,0.017239759314627373,-0.0008249297541965757,0.0006959588095625471,0.0028285454372516494,0.0011263312807346156,0.0007309902821182727,0.0005309259135831007,0.0019223806091881682,0.002312335524762184,-0.00013087103914350304,0.0003686496730083762,0.0005397100055404612,0.0008735101253995506,0.00046650298368956414,0.00028035249789486286,-0.0001801865633638593,0.00040289652744492397,0.0002899373150615506,0.0005615594669147498,-0.0004107406849337544,-0.0008249297541965757,0.006503463160028471,0.0002505399864844767,0.0003881324029360689,0.00029778700529805647,7.036551993483886e-5,-0.00048063819058659265,0.0001637105076989389,2.843003979853526e-5,0.00019347558263833902,0.00035366229342553867,-8.731636404180998e-5,0.0011308091878882128,0.00045172448167455243,0.000128953461857366,0.0009727836986898075,0.00043398589114128263,0.00010490321911738055,0.0001445802046361573,0.0005450448664409435,0.0006959588095625471,0.0002505399864844767,0.0025484240899454873,0.000986736581940805,0.000303684452627634,0.0002655021561405322,0.00040328440568177334,0.0008442620651334433,0.0003526672019343066,0.00016495560065584233,5.363974577417312e-6,0.0005035731035912187,0.00045755493081112337,0.0004700840895108173,0.0006742850674749392,0.001854717376417802,0.0005778881763871802,-6.0497724633995075e-5,0.0005575512497673214,0.0007250671765206971,0.0028285454372516494,0.0003881324029360689,0.000986736581940805,0.009170676489155188,0.0003658557952769608,0.0011175631896475709,0.0006284295968435826,0.002248131658019243,0.0020215678864695386,0.000791171285948385,2.191966392458319e-5,-4.661704023444497e-5,4.966476068618032e-8,0.000201866545343272,-6.353013693747244e-5,-0.0005604759912446748,3.473138366930957e-5,8.112554503231313e-5,0.0005597512647738009,0.0006118393595787343,0.0011263312807346156,0.00029778700529805647,0.000303684452627634,0.0003658557952769608,0.0022985036224014315,4.456375821163664e-5,-1.9270593785386295e-5,-1.9728688062569592e-5,0.00017863272373206315,-5.3598635568940776e-5,0.0001480682027244618,-3.784622874348771e-5,-0.00010771196656367797,0.0002518802760599994,0.0001747724242358613,-0.0010194280525230885,0.00037007154509294997,0.00025906710561266833,0.0003603185747657939,0.0005071866365878933,0.0007309902821182727,7.036551993483886e-5,0.0002655021561405322,0.0011175631896475709,4.456375821163664e-5,0.0066677869405374745,0.00035332923720885585,-0.0009644654825545333,-0.0002324473892059359,-4.088406198577213e-5,-4.107724634268292e-5,0.00034442850462144666,0.0006713935918062392,0.00038738141092608646,0.0003110832604528644,8.82257097042996e-5,0.00020923583822994026,0.00016559081689428878,-8.787435017442545e-5,0.0007738209849799352,0.0005309259135831007,-0.00048063819058659265,0.00040328440568177334,0.0006284295968435826,-1.9270593785386295e-5,0.00035332923720885585,0.0027545576829922647,0.0002756999836680112,0.0003378820665589977,0.0002318487475989195,-0.0002222660958757183,0.0004695516666889646,0.0013871549281207274,0.0004340815494422054,0.0010857669022985763,-0.0006467926932641401,-2.2623547074922463e-6,-0.00011810798818125465,-0.0006424647181200172,0.000639454952757211,0.0019223806091881682,0.0001637105076989389,0.0008442620651334433,0.002248131658019243,-1.9728688062569592e-5,-0.0009644654825545333,0.0002756999836680112,0.005080004416274766,-0.00029016183605406364,-0.0005060939854825009,-4.097859501151537e-5,0.0003866779981842587,0.0017495517806408508,0.0004836014196668512,0.00040219813958372055,-0.000205679841360207,0.00015547319212548554,0.00011577730301761638,-0.0004049043497516043,0.0008761696511272634,0.002312335524762184,2.843003979853526e-5,0.0003526672019343066,0.0020215678864695386,0.00017863272373206315,-0.0002324473892059359,0.0003378820665589977,-0.00029016183605406364,0.00430084445717438,-0.00022625640387670604,-0.00019386106159174565,0.00025899270289991014,0.00035216372482692424,0.00033392153285303393,0.000525423598447363,5.329541555131886e-5,-8.662425429402387e-5,-5.198685277073966e-5,-0.00042251171867199256,0.0004953491346058036,-0.00013087103914350304,0.00019347558263833902,0.00016495560065584233,0.000791171285948385,-5.3598635568940776e-5,-4.088406198577213e-5,0.0002318487475989195,-0.0005060939854825009,-0.00022625640387670604,0.002947651895943696
1496.7479258015499,-463.7132985762759,-343.87632724237795,44.02096784531049,373.5376944521426,165.1352197120159,104.51032073672121,-372.04846682068154,112.06379356737044,453.69395223751695,-26.99338690949216,-599.2657562759948,80.60618081239461,-422.75851061387436,-590.5450653065434,54.488346280911806,7.567624456555585,572.8353684545646,-18.132888931450687,-599.748236498406,-463.7132985762759,1594.9242327787028,188.57238513163992,-378.5593296789509,-695.9789122238684,232.6332896874687,298.66464292597317,346.24573323474186,-126.45722741957417,-189.06805789751786,100.88752299897702,-215.4086446816696,398.94181966805644,-934.5920263360414,-79.362839750807,-143.94436473403383,230.85180865478685,76.5010793066928,224.52830619188825,261.0130970221288,-343.87632724237795,188.57238513163992,1585.055363803878,38.7356926280477,-123.84523056087518,-180.31381914981006,291.80289298396036,-216.20480262608004,177.53238813057587,154.71447290830818,-134.70415898282056,901.7618899583141,-446.3070747482647,-279.56647378616384,-529.2729219497007,-5.67128624164314,-565.0733113901634,-77.32542729793913,549.6350781896674,-227.50017856326946,44.02096784531049,-378.5593296789509,38.7356926280477,1592.8903458808193,28.861839717677878,-148.124319810766,-255.92745361123391,199.59921649059476,428.1586046438323,-148.7589197204953,-866.6806856130593,361.50359049272026,94.64698936551055,-396.59241788915534,664.7058897133135,-141.35881019847557,291.35016926690133,25.776257271706807,-17.05613469216996,-617.2418308572661,373.5376944521426,-695.9789122238684,-123.84523056087518,28.861839717677878,938.4708306994395,-427.99818437111395,312.4860640782713,-686.9391889888468,66.14767305432673,-149.6018194796822,80.52835663731044,-179.43613268010373,504.16510685538185,312.77898721494313,97.80284712580549,-453.32672511871453,-291.60181213153055,-360.2137003181855,390.9892208209993,-48.75493483154494,165.1352197120159,232.6332896874687,-180.31381914981006,-148.124319810766,-427.99818437111395,1444.6596995805266,-1013.3679144178882,-496.26025779717406,-281.5314596036221,379.6539866287134,-258.00538580125925,226.57720784750515,1.833281220455477,-60.36704597161775,-339.89040888421295,269.47149433671603,744.139964535845,137.48298378843762,337.9759778727038,278.4201527091444,104.51032073672121,298.66464292597317,291.80289298396036,-255.92745361123391,312.4860640782713,-1013.3679144178882,1818.7282673308498,187.6500969871165,26.405757001131263,-388.6177737169289,-416.3206150721241,-360.8731717033784,-85.33061778722048,71.68802246629447,-598.9775667218584,-883.0223377977084,119.28831416836552,152.96623925054502,-184.96841974328348,101.60487147263866,-372.04846682068154,346.24573323474186,-216.20480262608004,199.59921649059476,-686.9391889888468,-496.26025779717406,187.6500969871165,1715.1328578154867,-767.8651147320533,470.3543311411636,-254.36922301736405,-152.83053706431204,-243.38586064372134,98.11515775514286,416.80521455886105,164.5927826292226,-354.84252866973713,426.31938627290344,-634.8384769640642,-388.8961245700359,112.06379356737044,-126.45722741957417,177.53238813057587,428.1586046438323,66.14767305432673,-281.5314596036221,26.405757001131263,-767.8651147320533,2033.9701311688623,-301.8324020885081,594.0720630996732,-129.46474963737057,-890.5937469242787,-832.2035674982295,322.17739188946825,-29.144409732129404,335.38617228448675,-231.91931742579402,-418.4036904079764,350.9825965568232,453.69395223751695,-189.06805789751786,154.71447290830818,-148.7589197204953,-149.6018194796822,379.6539866287134,-388.6177737169289,470.3543311411636,-301.8324020885081,2610.0709805836154,-23.148729926150068,-331.0087567961079,-863.6834677734071,-194.46441437604147,449.19617579615374,-865.6307554873641,-422.6165352514518,2.742253211695152,440.06937136149287,209.73138802705836,-26.99338690949216,100.88752299897702,-134.70415898282056,-866.6806856130593,80.52835663731044,-258.00538580125925,-416.3206150721241,-254.36922301736405,594.0720630996732,-23.148729926150068,1555.1414791216046,-421.31070951838217,-61.442874180700365,-325.5357133171474,288.5918331277525,607.8016332247033,-818.1194095744902,-272.2924774550771,-147.60622516280046,233.32405755688927,-599.2657562759948,-215.4086446816696,901.7618899583141,361.50359049272026,-179.43613268010373,226.57720784750515,-360.8731717033784,-152.83053706431204,-129.46474963737057,-331.0087567961079,-421.31070951838217,1078.3620498233317,-216.8712988677013,354.16386792477766,-233.69725355017175,378.8185562143044,-80.45243503058578,-120.95022456374483,262.3723729644534,-167.61318657704183,80.60618081239461,398.94181966805644,-446.3070747482647,94.64698936551055,504.16510685538185,1.833281220455477,-85.33061778722048,-243.38586064372134,-890.5937469242787,-863.6834677734071,-61.442874180700365,-216.8712988677013,1914.148793459666,-220.38292775191113,227.28134595198281,7.579620948229104,-278.2701258698914,-215.35914407179177,764.3395906403686,-465.8963754463506,-422.75851061387436,-934.5920263360414,-279.56647378616384,-396.59241788915534,312.77898721494313,-60.36704597161775,71.68802246629447,98.11515775514286,-832.2035674982295,-194.46441437604147,-325.5357133171474,354.16386792477766,-220.38292775191113,1684.9049181192208,-216.41132077736586,21.15100260613295,105.20561890546058,-155.7833828449646,-282.40662465029584,352.73440747460666,-590.5450653065434,-79.362839750807,-529.2729219497007,664.7058897133135,97.80284712580549,-339.89040888421295,-598.9775667218584,416.80521455886105,322.17739188946825,449.19617579615374,288.5918331277525,-233.69725355017175,227.28134595198281,-216.41132077736586,1618.2051824765854,-392.5983742606145,-287.66432597574516,-627.2931971918815,66.8066293733678,201.91780435340024,54.488346280911806,-143.94436473403383,-5.67128624164314,-141.35881019847557,-453.32672511871453,269.47149433671603,-883.0223377977084,164.5927826292226,-29.144409732129404,-865.6307554873641,607.8016332247033,378.8185562143044,7.579620948229104,21.15100260613295,-392.5983742606145,1675.738890003083,-367.925507599777,436.1615719372054,-552.8573189944335,-621.047923188658,7.567624456555585,230.85180865478685,-565.0733113901634,291.35016926690133,-291.60181213153055,744.139964535845,119.28831416836552,-354.84252866973713,335.38617228448675,-422.6165352514518,-818.1194095744902,-80.45243503058578,-278.2701258698914,105.20561890546058,-287.66432597574516,-367.925507599777,1576.677791577214,167.08852121320854,-337.8023328575682,593.3107948470991,572.8353684545646,76.5010793066928,-77.32542729793913,25.776257271706807,-360.2137003181855,137.48298378843762,152.96623925054502,426.31938627290344,-231.91931742579402,2.742253211695152,-272.2924774550771,-120.95022456374483,-215.35914407179177,-155.7833828449646,-627.2931971918815,436.1615719372054,167.08852121320854,694.2813852540783,-431.3607830881624,-487.64017332202513,-18.132888931450687,224.52830619188825,549.6350781896674,-17.05613469216996,390.9892208209993,337.9759778727038,-184.96841974328348,-634.8384769640642,-418.4036904079764,440.06937136149287,-147.60622516280046,262.3723729644534,764.3395906403686,-282.40662465029584,66.8066293733678,-552.8573189944335,-337.8023328575682,-431.3607830881624,1199.9502856702504,-8.319644490096502,-599.748236498406,261.0130970221288,-227.50017856326946,-617.2418308572661,-48.75493483154494,278.4201527091444,101.60487147263866,-388.8961245700359,350.9825965568232,209.73138802705836,233.32405755688927,-167.61318657704183,-465.8963754463506,352.73440747460666,201.91780435340024,-621.047923188658,593.3107948470991,-487.64017332202513,-8.319644490096502,1175.4550043891456
