0.003841575926828465,0.0006437499917988213,0.0002369434836456432,0.00019119649330063055,8.42573780240865e-6,0.0007307900534795262,0.000648509435685376,-5.657765582759758e-6,0.0015512449959181605,0.0006755176822565386,0.00036577280814755484,0.00037761856778427893,0.00019739094712620334,0.0003375905493851173,0.0014102428393317173,-2.6017011961000297e-5,0.0003843056100744256,0.00020231125007274354,8.058580960095244e-5,-2.5135191813237147e-5,0.0006437499917988213,0.0033435097301632473,0.0004361189664594837,0.0005119975652654154,0.000409684046685701,-0.000475527637169286,0.0005302549303153965,3.651385994273831e-5,0.0009334714606798926,0.0005793505198716997,0.0004910824470562269,-0.00022498120580432374,0.0003535210784757725,0.0003231974633829777,0.0010546556386473174,0.00012746597907824635,0.0004914503148315892,0.00012006825431862083,0.00017142284758305508,0.0013814938799906196,0.0002369434836456432,0.0004361189664594837,0.00239574235390894,0.00018183331089203258,0.00029590353404624687,-3.950450110992955e-5,5.876505152687017e-5,0.00095708164678165,0.00047320344368526773,0.0005899236274661346,0.0003356462340219409,0.0007505023008695505,0.0003682372105830218,0.00012785199861885534,0.00028006401123221146,0.0002758657873080842,0.00017932248736863556,8.602552174458925e-5,0.00017127783063000527,0.0005017888709251463,0.00019119649330063055,0.0005119975652654154,0.00018183331089203258,0.0015605698446107897,0.00019249846026117676,6.30459869127688e-5,-0.000745307445593755,0.000591545534296485,0.0007035911454615182,0.00020489507313392694,0.00018243031122353335,0.0001795679857738689,0.0003427087808919449,0.00022890247912649262,0.0004395950781778597,0.0001946096327924719,0.0002313231971847421,0.00017737950644274361,0.00021606616808682327,0.0005121931207666061,8.42573780240865e-6,0.000409684046685701,0.00029590353404624687,0.00019249846026117676,0.003755044058317182,-0.00010484595441610081,0.0009279750043369546,0.0004511586346010777,0.0007336107485854462,0.0002682328370715251,0.0004378705757342156,0.000272723275903864,0.0007750220828849677,-4.527813933785225e-6,0.0009364555505449949,0.0003149028156597313,9.257169267154017e-5,0.00030874873687540604,0.00020818228973761992,0.0014249497817611003,0.0007307900534795262,-0.000475527637169286,-3.950450110992955e-5,6.30459869127688e-5,-0.00010484595441610081,0.017986229034907424,0.0019317851579495325,-6.045994614069109e-5,0.001107673003693137,0.000734354692942083,-0.000838644871972867,-0.0020492551419885813,0.0008181933245029396,2.0879946661175435e-5,0.0013832658872812015,0.001913331820615681,0.000639038613514041,0.00046310195231330216,-0.00023279975483596473,-0.0028514592445041125,0.000648509435685376,0.0005302549303153965,5.876505152687017e-5,-0.000745307445593755,0.0009279750043369546,0.0019317851579495325,0.02039246150584818,1.7935996655930884e-5,0.0013416622573866018,0.001511180751373679,0.000666554137300324,0.0008317581872253276,0.0006223404135893185,-0.00038923012224177515,0.003638684711209048,0.0011591320332227468,0.0004992075224185047,-0.0002078807649774875,-9.524033359099726e-5,0.0006177702771170662,-5.657765582759758e-6,3.651385994273831e-5,0.00095708164678165,0.000591545534296485,0.0004511586346010777,-6.045994614069109e-5,1.7935996655930884e-5,0.018977348896504917,0.0006224321543560332,0.0013272432749129722,0.0012701097911908615,0.0014758356281106813,0.0002960245843370748,-0.00012665340942367954,0.002383595911646167,0.0004073784142239478,0.00021793905990962056,0.00047980810824151197,4.134401488620402e-5,0.0007350063488262602,0.0015512449959181605,0.0009334714606798926,0.00047320344368526773,0.0007035911454615182,0.0007336107485854462,0.001107673003693137,0.0013416622573866018,0.0006224321543560332,0.010645018381937535,0.0005901497279858915,0.0007652115186983501,0.0013682240576052321,0.00040939936292747883,0.001134371443059871,0.001418970536068992,0.0007302885781011276,0.00032943950684787216,0.0008031971237694432,0.0005881049486128006,0.0020297299208851313,0.0006755176822565386,0.0005793505198716997,0.0005899236274661346,0.00020489507313392694,0.0002682328370715251,0.000734354692942083,0.001511180751373679,0.0013272432749129722,0.0005901497279858915,0.002609813699941712,0.0005293233504718212,-3.979883723943939e-6,0.00031601085826128575,6.881359696733617e-5,0.002675783476855458,0.0003797345917443838,0.0004215611596135593,0.0001454364511966918,0.00023819251839040547,0.0005962073767745966,0.00036577280814755484,0.0004910824470562269,0.0003356462340219409,0.00018243031122353335,0.0004378705757342156,-0.000838644871972867,0.000666554137300324,0.0012701097911908615,0.0007652115186983501,0.0005293233504718212,0.0037941610278115034,0.0004604212878419608,0.00029241478338202327,9.911219812149185e-5,0.0020492767537628126,0.00019328173056029922,0.00017141137576024681,0.00018517897103335088,0.00033038191566325115,0.0017577211039325935,0.00037761856778427893,-0.00022498120580432374,0.0007505023008695505,0.0001795679857738689,0.000272723275903864,-0.0020492551419885813,0.0008317581872253276,0.0014758356281106813,0.0013682240576052321,-3.979883723943939e-6,0.0004604212878419608,0.014516588002350641,0.00037848618537108863,-0.00024097873496150331,-0.0005761647479391751,0.00026968122132960224,-0.00015543536652045165,0.00028131084250037817,0.0003184536920090644,0.0006870890830892553,0.00019739094712620334,0.0003535210784757725,0.0003682372105830218,0.0003427087808919449,0.0007750220828849677,0.0008181933245029396,0.0006223404135893185,0.0002960245843370748,0.00040939936292747883,0.00031601085826128575,0.00029241478338202327,0.00037848618537108863,0.00570129075097045,0.0005701184955775541,0.0018225117297921071,0.0004312571400122456,-7.933994646166243e-5,-0.00010463781440774047,-0.00012925963626128387,0.0008543295789000595,0.0003375905493851173,0.0003231974633829777,0.00012785199861885534,0.00022890247912649262,-4.527813933785225e-6,2.0879946661175435e-5,-0.00038923012224177515,-0.00012665340942367954,0.001134371443059871,6.881359696733617e-5,9.911219812149185e-5,-0.00024097873496150331,0.0005701184955775541,0.0024477716928717544,-0.00026548173555607566,0.00019716381663118535,-5.728662934910028e-5,0.00010115751272378946,0.0002964329966898115,0.00023744515520533353,0.0014102428393317173,0.0010546556386473174,0.00028006401123221146,0.0004395950781778597,0.0009364555505449949,0.0013832658872812015,0.003638684711209048,0.002383595911646167,0.001418970536068992,0.002675783476855458,0.0020492767537628126,-0.0005761647479391751,0.0018225117297921071,-0.00026548173555607566,0.030337328198471063,0.0013431301113991114,0.0012197891952311155,0.0010428713389616239,0.0006054949065987341,0.0013732307848486496,-2.6017011961000297e-5,0.00012746597907824635,0.0002758657873080842,0.0001946096327924719,0.0003149028156597313,0.001913331820615681,0.0011591320332227468,0.0004073784142239478,0.0007302885781011276,0.0003797345917443838,0.00019328173056029922,0.00026968122132960224,0.0004312571400122456,0.00019716381663118535,0.0013431301113991114,0.004482731778335402,-0.00010432554943148002,0.0007202122453614499,-6.167713226063101e-5,0.0004886004914581105,0.0003843056100744256,0.0004914503148315892,0.00017932248736863556,0.0002313231971847421,9.257169267154017e-5,0.000639038613514041,0.0004992075224185047,0.00021793905990962056,0.00032943950684787216,0.0004215611596135593,0.00017141137576024681,-0.00015543536652045165,-7.933994646166243e-5,-5.728662934910028e-5,0.0012197891952311155,-0.00010432554943148002,0.0013568376776893316,0.0002249342177343186,7.607935152539973e-5,0.00017260149403430932,0.00020231125007274354,0.00012006825431862083,8.602552174458925e-5,0.00017737950644274361,0.00030874873687540604,0.00046310195231330216,-0.0002078807649774875,0.00047980810824151197,0.0008031971237694432,0.0001454364511966918,0.00018517897103335088,0.00028131084250037817,-0.00010463781440774047,0.00010115751272378946,0.0010428713389616239,0.0007202122453614499,0.0002249342177343186,0.0020931214505967204,-5.400767031299191e-5,-5.402627938427738e-5,8.058580960095244e-5,0.00017142284758305508,0.00017127783063000527,0.00021606616808682327,0.00020818228973761992,-0.00023279975483596473,-9.524033359099726e-5,4.134401488620402e-5,0.0005881049486128006,0.00023819251839040547,0.00033038191566325115,0.0003184536920090644,-0.00012925963626128387,0.0002964329966898115,0.0006054949065987341,-6.167713226063101e-5,7.607935152539973e-5,-5.400767031299191e-5,0.0032507018312006447,0.002305591636838201,-2.5135191813237147e-5,0.0013814938799906196,0.0005017888709251463,0.0005121931207666061,0.0014249497817611003,-0.0028514592445041125,0.0006177702771170662,0.0007350063488262602,0.0020297299208851313,0.0005962073767745966,0.0017577211039325935,0.0006870890830892553,0.0008543295789000595,0.00023744515520533353,0.0013732307848486496,0.0004886004914581105,0.00017260149403430932,-5.402627938427738e-5,0.002305591636838201,0.022765405796266125
