0.008995462440864167,-0.0018052451080163945,-0.0010676054933352348,0.0006605441106041778,0.002400136655171696,-0.0010299691621434843,0.001109873958599775,0.0003049401830072246,0.00011491183368966926,0.0018233267507897102,0.00112389556965697,0.0017212262686708772,0.001789996067647859,-0.0018664675609000464,-0.0005751435532727746,-0.0022016930012797517,0.0011397461019535264,0.0006778599815125423,0.0009051140364415376,-0.00158939010558893,-0.0018052451080163945,0.005645872662389388,0.0002536343951301933,-0.0013735556823459647,0.0012635694785897921,0.0003502137138757476,0.0011399376606063827,0.0008862154062761276,-0.00016350314406099638,-0.0018264069007775546,0.0031271190501606667,0.0005541815825336892,0.00014456568269361384,0.0025841332909182493,0.0010907038802946657,0.0010978412465813005,0.00039526879181183013,-0.0014801172681920614,0.00048465471090905054,0.0029225326973052633,-0.0010676054933352348,0.0002536343951301933,0.001720717711139844,-0.0004226699910066013,0.0010894706231580644,0.00036134461246871603,-0.0010994639086957395,0.0005655648903942362,-0.00029098741134674685,0.0010385752049399109,-0.00028071347172947404,-0.000459474393474439,-0.0002457357131842163,0.0009709762767063286,-0.0015885799981805262,0.00012328436316250087,-0.000302876583498906,-0.00037976792193199574,0.000626564211526171,-0.00018415135488753924,0.0006605441106041778,-0.0013735556823459647,-0.0004226699910066013,0.00329348809250952,0.0008923186487018348,0.00022745659136736676,-0.0016740555250584642,-0.00014877443468245662,0.001040887766714011,0.000674601962515302,0.00011425827777377957,0.002067832523687957,0.0004390746747993153,0.0008647075230553908,0.0008924280654707036,0.0018103292990291559,0.0006381064215504978,0.004280850003873047,-7.317015882503128e-5,0.00015071136188697182,0.002400136655171696,0.0012635694785897921,0.0010894706231580644,0.0008923186487018348,0.005941776162627716,0.0009418453604806927,-0.0015485645863576578,0.0009806619700686368,0.000944939948461003,0.0032699075438475927,0.0016712136048333077,0.00201027719297168,0.0005075308748669458,0.002592999234373687,-0.0014630761751073377,0.0032892874308741394,0.0013579671880305207,0.001791715524574312,0.000692352611954458,-0.00018194476721536412,-0.0010299691621434843,0.0003502137138757476,0.00036134461246871603,0.00022745659136736676,0.0009418453604806927,0.002906789590695928,0.0003446990633605486,0.0011008605858919146,0.001024254775846146,-0.0007327220863564462,0.0002485383932569359,-0.00039926316863176444,-0.00032758214725602387,0.0006945425073117941,-0.002140708247109456,0.0007781518979521076,-0.00015823586383423605,0.0008489562772561123,-0.00015518402506738542,0.002163985871491898,0.001109873958599775,0.0011399376606063827,-0.0010994639086957395,-0.0016740555250584642,-0.0015485645863576578,0.0003446990633605486,0.004243379828411796,-0.0009276652337380197,0.000906494573309271,-0.002021213208844983,0.00013670858270807874,-0.0001361005431363073,0.0007037861282034206,-0.0011016179735847203,0.0006589336594376247,-0.0010717824538232432,-0.0008088969482649965,-0.001713165845361896,1.4881604148863251e-5,0.00046849650511596153,0.0003049401830072246,0.0008862154062761276,0.0005655648903942362,-0.00014877443468245662,0.0009806619700686368,0.0011008605858919146,-0.0009276652337380197,0.002249947165782661,0.00010074105686567125,-0.00045418512967257494,0.0013747798411993888,-0.0011505108414002505,0.0004893899807984635,0.0007428139258132647,-0.0013202950973735972,-0.0004908745772991766,-0.00029375602967399465,-0.00042390040363731954,0.0005219658798628788,0.0026389548217305046,0.00011491183368966926,-0.00016350314406099638,-0.00029098741134674685,0.001040887766714011,0.000944939948461003,0.001024254775846146,0.000906494573309271,0.00010074105686567125,0.003084786950564516,0.0002244034253690027,-0.00014779801738284992,0.0003352849750323777,0.0020542299205950796,0.00138531946150344,0.001005426165681581,0.002699404004437935,-0.001585036947741887,0.0017899163333838604,0.000421674772163328,0.0013788048643941122,0.0018233267507897102,-0.0018264069007775546,0.0010385752049399109,0.000674601962515302,0.0032699075438475927,-0.0007327220863564462,-0.002021213208844983,-0.00045418512967257494,0.0002244034253690027,0.004584437641348488,-0.0012449690531009172,0.0013330597076693985,0.0002569135170502665,0.000805265807628776,-0.0008845973310663916,0.0021073447131444503,0.00029813489017836486,0.0006764188187039413,0.00026950897747951336,-0.003400817048780381,0.00112389556965697,0.0031271190501606667,-0.00028071347172947404,0.00011425827777377957,0.0016712136048333077,0.0002485383932569359,0.00013670858270807874,0.0013747798411993888,-0.00014779801738284992,-0.0012449690531009172,0.0035178350538096837,0.0006624886408179159,0.0003639583617787137,0.001086143746598647,0.0005201910984575901,0.0005809639696253896,0.0012719352379897664,0.00025006475563708885,4.7927642341386316e-5,0.002898076272470072,0.0017212262686708772,0.0005541815825336892,-0.000459474393474439,0.002067832523687957,0.00201027719297168,-0.00039926316863176444,-0.0001361005431363073,-0.0011505108414002505,0.0003352849750323777,0.0013330597076693985,0.0006624886408179159,0.004154299087497607,-0.000223183299020641,0.0013773564086673243,0.0010351107379965034,0.0017722687203405698,0.0017064019834479621,0.003617695236640758,0.00030448193433444976,-0.0016821269036665564,0.001789996067647859,0.00014456568269361384,-0.0002457357131842163,0.0004390746747993153,0.0005075308748669458,-0.00032758214725602387,0.0007037861282034206,0.0004893899807984635,0.0020542299205950796,0.0002569135170502665,0.0003639583617787137,-0.000223183299020641,0.0033364928754422377,0.0008036483373147119,0.0019266970607435916,0.0013531630973083325,-0.0022502719556068878,5.328083897949173e-5,0.0009847309875986943,0.0010729896517765972,-0.0018664675609000464,0.0025841332909182493,0.0009709762767063286,0.0008647075230553908,0.002592999234373687,0.0006945425073117941,-0.0011016179735847203,0.0007428139258132647,0.00138531946150344,0.000805265807628776,0.001086143746598647,0.0013773564086673243,0.0008036483373147119,0.003783586459774375,0.0006559171676162501,0.0031407297681034746,-0.0003941172902838847,0.0016947599009530436,0.0010463989955778181,0.0015546942165335204,-0.0005751435532727746,0.0010907038802946657,-0.0015885799981805262,0.0008924280654707036,-0.0014630761751073377,-0.002140708247109456,0.0006589336594376247,-0.0013202950973735972,0.001005426165681581,-0.0008845973310663916,0.0005201910984575901,0.0010351107379965034,0.0019266970607435916,0.0006559171676162501,0.005196973548863355,0.002069913133869239,-0.0010588464134463035,0.0005703630621502619,-0.00011540483090054088,0.00010753976656246029,-0.0022016930012797517,0.0010978412465813005,0.00012328436316250087,0.0018103292990291559,0.0032892874308741394,0.0007781518979521076,-0.0010717824538232432,-0.0004908745772991766,0.002699404004437935,0.0021073447131444503,0.0005809639696253896,0.0017722687203405698,0.0013531630973083325,0.0031407297681034746,0.002069913133869239,0.007465232387333425,-0.00041760098013016866,0.0022586163902206836,-0.0010617153308426243,0.0005075794695514051,0.0011397461019535264,0.00039526879181183013,-0.000302876583498906,0.0006381064215504978,0.0013579671880305207,-0.00015823586383423605,-0.0008088969482649965,-0.00029375602967399465,-0.001585036947741887,0.00029813489017836486,0.0012719352379897664,0.0017064019834479621,-0.0022502719556068878,-0.0003941172902838847,-0.0010588464134463035,-0.00041760098013016866,0.003400715723565613,0.0014840682455521074,-0.0008698511963522806,-0.0007667506669127096,0.0006778599815125423,-0.0014801172681920614,-0.00037976792193199574,0.004280850003873047,0.001791715524574312,0.0008489562772561123,-0.001713165845361896,-0.00042390040363731954,0.0017899163333838604,0.0006764188187039413,0.00025006475563708885,0.003617695236640758,5.328083897949173e-5,0.0016947599009530436,0.0005703630621502619,0.0022586163902206836,0.0014840682455521074,0.00794094831196984,0.0008699273652173507,-0.00010293032440977909,0.0009051140364415376,0.00048465471090905054,0.000626564211526171,-7.317015882503128e-5,0.000692352611954458,-0.00015518402506738542,1.4881604148863251e-5,0.0005219658798628788,0.000421674772163328,0.00026950897747951336,4.7927642341386316e-5,0.00030448193433444976,0.0009847309875986943,0.0010463989955778181,-0.00011540483090054088,-0.0010617153308426243,-0.0008698511963522806,0.0008699273652173507,0.0021710045634027956,8.792060589486808e-5,-0.00158939010558893,0.0029225326973052633,-0.00018415135488753924,0.00015071136188697182,-0.00018194476721536412,0.002163985871491898,0.00046849650511596153,0.0026389548217305046,0.0013788048643941122,-0.003400817048780381,0.002898076272470072,-0.0016821269036665564,0.0010729896517765972,0.0015546942165335204,0.00010753976656246029,0.0005075794695514051,-0.0007667506669127096,-0.00010293032440977909,8.792060589486808e-5,0.006525739497500532
0.003000353006104328,0.0012051947189110146,0.0006124334413353386,0.0011610119459007258,-0.001088044986736756,-0.0018297387593382171,3.459784896017184e-5,9.567114469945682e-5,-0.0005888006271739302,0.0006003342088155615,-0.0020369151042244913,0.0006268727278654813,0.00027289664834921905,0.0007350201553328284,-0.0005995640427043254,0.0018766284814716605,0.000914063725236375,-0.00013068320828058222,-2.1218163940357043e-5,0.0011126567218214109,0.0012051947189110146,0.0022770619664704782,8.593952885624847e-5,0.0003342385462050642,0.0019150697142235472,-0.0006470096815429941,0.0007093383842966085,-0.0011364192653934603,-0.0005998359192317268,0.00029488415217701115,-0.0005527383131047086,-0.0008556053004489158,1.670720144635939e-5,0.0009093285684564211,-0.0014633600630454481,7.75278943037281e-5,-4.2907278260539327e-5,0.0009382685117420846,-0.0005683854422731127,0.0013220346352611945,0.0006124334413353386,8.593952885624847e-5,0.0027919203732613275,-0.0003566024740300133,-0.0018032088744005896,-1.9060870764869766e-5,-0.0012111524670999955,-0.0010735725058196813,0.000111196916452536,-0.000804735875301563,-0.00196626507235731,0.0009604033507612266,0.0011908678794700558,0.0005162403992455257,0.001849031945152057,-1.6374153891267692e-5,0.0005751775673273698,-0.0011280115391739246,0.000667743131877598,0.0020315542576318886,0.0011610119459007258,0.0003342385462050642,-0.0003566024740300133,0.0029521092001997176,0.00019138980454183596,-0.0011394143249294963,0.0020048876059328502,0.0007561102557251235,0.00045891139021761305,0.0011505561920338973,0.0010449859702882707,-0.00028816612348532013,0.0005361209973330324,0.00042142611887909485,-0.0005928215072112532,-0.00134348649150427,0.0013292992111414341,0.0003312636585594138,0.0004009420464602668,0.0027041508604200206,-0.001088044986736756,0.0019150697142235472,-0.0018032088744005896,0.00019138980454183596,0.007032742544008404,0.0013298959551161535,0.0040695059035996736,-0.0002766286665203039,-0.0011590317878520484,0.0008271873191681111,0.0017165289604160643,-0.0025666971566220085,-0.0004081034576484346,0.0007495361342418575,-0.0019894738904426695,0.00021463183630642148,-0.0016184992283949158,0.003481772896462663,-0.0003569397803289232,0.0008844055274313809,-0.0018297387593382171,-0.0006470096815429941,-1.9060870764869766e-5,-0.0011394143249294963,0.0013298959551161535,0.002772932120983831,0.0002321541820341441,2.2680882506210978e-5,-0.0012098285851882336,0.0009533154667511987,0.000767124677251601,-0.000723659493016077,0.00010869123773646455,-3.2584296007847626e-5,0.00043497524163195353,0.0005100665362895905,-0.0005934020596680559,0.0013426755914679712,0.0005793518387738265,0.0010450398888878012,3.459784896017184e-5,0.0007093383842966085,-0.0012111524670999955,0.0020048876059328502,0.0040695059035996736,0.0002321541820341441,0.0070591990738779805,0.0014023985214898875,-0.0004657574590058017,0.0022458066921635976,0.0005775809328338263,-0.0004065365673169659,0.00046176432875995245,-0.00037540777997958235,0.0009102866243791597,0.0026595709170183857,-0.0008919994366218108,0.0016863679399501071,0.00038201530975850176,0.003697997334576198,9.567114469945682e-5,-0.0011364192653934603,-0.0010735725058196813,0.0007561102557251235,-0.0002766286665203039,2.2680882506210978e-5,0.0014023985214898875,0.002324185119977679,-4.424700762602424e-5,0.0011011398022128778,0.00046660793580165986,0.0003473220628144986,-0.0011918544705203107,-0.0003348857329126335,0.00056486932932349,0.002348179467636084,-0.0006542489573948513,0.0008050628983772176,0.0007088769732363995,-0.0006880248274410141,-0.0005888006271739302,-0.0005998359192317268,0.000111196916452536,0.00045891139021761305,-0.0011590317878520484,-0.0012098285851882336,-0.0004657574590058017,-4.424700762602424e-5,0.0037370857884663562,-0.0032851033014287424,0.0009484885450252514,0.0005248293166712145,-0.0005868268748836248,-0.0002678119540356264,0.00038799367031784815,-0.0033774785452084814,0.00038817866804339413,-0.001301981093572629,0.00038292056222446254,-0.0006204017539034916,0.0006003342088155615,0.00029488415217701115,-0.000804735875301563,0.0011505561920338973,0.0008271873191681111,0.0009533154667511987,0.0022458066921635976,0.0011011398022128778,-0.0032851033014287424,0.007643885662670276,0.0029899954998615762,0.0001451812675443915,-0.0003841332469373601,0.0003315313985719307,-0.0010869533263250985,0.0010174396899870974,-0.0014175501087056923,0.0005479686957139117,-0.0010797203872099856,0.005044119337628634,-0.0020369151042244913,-0.0005527383131047086,-0.00196626507235731,0.0010449859702882707,0.0017165289604160643,0.000767124677251601,0.0005775809328338263,0.00046660793580165986,0.0009484885450252514,0.0029899954998615762,0.006759746896326335,-0.001060314790914665,-0.0012975200893260241,0.00015729952745363677,-0.002556048279746534,-0.006322573998439638,-0.0010704447331502812,0.00022321121527197295,-0.0011316536130754197,0.0024729078254134293,0.0006268727278654813,-0.0008556053004489158,0.0009604033507612266,-0.00028816612348532013,-0.0025666971566220085,-0.000723659493016077,-0.0004065365673169659,0.0003473220628144986,0.0005248293166712145,0.0001451812675443915,-0.001060314790914665,0.002163116703464501,0.00024269832638204,-0.000678108642300646,0.0016239650702456992,0.0009419976197385768,-0.00020907713192140867,-0.002070244425992241,8.41830869874432e-5,0.00018283387712158362,0.00027289664834921905,1.670720144635939e-5,0.0011908678794700558,0.0005361209973330324,-0.0004081034576484346,0.00010869123773646455,0.00046176432875995245,-0.0011918544705203107,-0.0005868268748836248,-0.0003841332469373601,-0.0012975200893260241,0.00024269832638204,0.00336173203641721,-0.0004947096054433356,0.0010533588809322433,-0.0011328638237019261,0.0023055259922186507,-0.0013071243673312147,2.7182133535487408e-5,0.0019066109909267298,0.0007350201553328284,0.0009093285684564211,0.0005162403992455257,0.00042142611887909485,0.0007495361342418575,-3.2584296007847626e-5,-0.00037540777997958235,-0.0003348857329126335,-0.0002678119540356264,0.0003315313985719307,0.00015729952745363677,-0.000678108642300646,-0.0004947096054433356,0.0014077893688636618,-0.0010871576126590555,-0.000538304214428409,-9.522919869054858e-5,0.0011090109882147705,0.00019077404413501118,0.001477672948191375,-0.0005995640427043254,-0.0014633600630454481,0.001849031945152057,-0.0005928215072112532,-0.0019894738904426695,0.00043497524163195353,0.0009102866243791597,0.00056486932932349,0.00038799367031784815,-0.0010869533263250985,-0.002556048279746534,0.0016239650702456992,0.0010533588809322433,-0.0010871576126590555,0.004318718391526129,0.0029957509566125888,-7.254905719359053e-5,-0.0012504135667022955,0.001203871701732519,-4.61102076446424e-5,0.0018766284814716605,7.75278943037281e-5,-1.6374153891267692e-5,-0.00134348649150427,0.00021463183630642148,0.0005100665362895905,0.0026595709170183857,0.002348179467636084,-0.0033774785452084814,0.0010174396899870974,-0.006322573998439638,0.0009419976197385768,-0.0011328638237019261,-0.000538304214428409,0.0029957509566125888,0.013069095782296695,-0.0017618862969679412,0.002425167837451977,0.0011978278299005132,-0.003050914783987807,0.000914063725236375,-4.2907278260539327e-5,0.0005751775673273698,0.0013292992111414341,-0.0016184992283949158,-0.0005934020596680559,-0.0008919994366218108,-0.0006542489573948513,0.00038817866804339413,-0.0014175501087056923,-0.0010704447331502812,-0.00020907713192140867,0.0023055259922186507,-9.522919869054858e-5,-7.254905719359053e-5,-0.0017618862969679412,0.003374490644654068,-0.0007276696183219139,0.0004327037159816446,0.0010469499181595026,-0.00013068320828058222,0.0009382685117420846,-0.0011280115391739246,0.0003312636585594138,0.003481772896462663,0.0013426755914679712,0.0016863679399501071,0.0008050628983772176,-0.001301981093572629,0.0005479686957139117,0.00022321121527197295,-0.002070244425992241,-0.0013071243673312147,0.0011090109882147705,-0.0012504135667022955,0.002425167837451977,-0.0007276696183219139,0.003992424176651209,0.0008025155092946111,8.07059030201711e-5,-2.1218163940357043e-5,-0.0005683854422731127,0.000667743131877598,0.0004009420464602668,-0.0003569397803289232,0.0005793518387738265,0.00038201530975850176,0.0007088769732363995,0.00038292056222446254,-0.0010797203872099856,-0.0011316536130754197,8.41830869874432e-5,2.7182133535487408e-5,0.00019077404413501118,0.001203871701732519,0.0011978278299005132,0.0004327037159816446,0.0008025155092946111,0.0016855357730143656,0.0005224468243700555,0.0011126567218214109,0.0013220346352611945,0.0020315542576318886,0.0027041508604200206,0.0008844055274313809,0.0010450398888878012,0.003697997334576198,-0.0006880248274410141,-0.0006204017539034916,0.005044119337628634,0.0024729078254134293,0.00018283387712158362,0.0019066109909267298,0.001477672948191375,-4.61102076446424e-5,-0.003050914783987807,0.0010469499181595026,8.07059030201711e-5,0.0005224468243700555,0.012548526864484372
