0.01348487896455868,4.920648612719274e-5,0.0005045994268837533,0.0009059661913145033,0.0012891447063599227,0.0063254304492774025,0.0032436901872752383,0.0005480087171712796,2.936402641329222e-5,0.0017198184154756991,0.0002720930603954672,0.0010859319509560635,0.0005826800927464727,-0.0006208375106214947,0.0011613377507304627,0.0006849977647001013,0.0011868137868581916,0.0015412923672868091,0.0014495634171390061,0.002040947026139696,4.920648612719274e-5,0.0069684083471185,0.00012843423860883638,-8.19626599360266e-6,0.0007794689201177455,-0.00023927559320740068,-9.293322273213857e-5,7.967460429591616e-5,2.2704600817950748e-5,-0.0006377428248278479,0.00045881972974450073,-0.0005124053098763824,0.00038170288416570217,0.001843032933359539,0.0013640462975877889,0.0004993334398730065,0.00026257902373802444,0.00017090776735902434,0.0010384201099526255,-0.00015194021258513855,0.0005045994268837533,0.00012843423860883638,0.014207642498120676,0.0014267575383734494,0.0013307235864307417,0.0008292363940119694,0.0013216810438414369,0.000710839465513,0.0020220255805567314,0.0004743805565047324,0.00047722473243656756,0.0011787528652283364,0.00013233805474768582,0.00045860743342915534,-0.00024151632566769116,0.0005700711362298562,0.00020456293268203836,0.001186029827511854,0.0031034114064438494,0.005356644222138883,0.0009059661913145033,-8.19626599360266e-6,0.0014267575383734494,0.005222040850570051,0.00044998536322950796,0.000933719836735168,0.0015445062351267897,0.00019194349889980705,0.00048589575696626015,0.002449784752538966,0.00024043527754375854,0.0005633284429132362,0.0004985191624834533,0.0007741244835015824,-0.0001921640017304592,0.0004398590157597029,0.001181488638958875,0.0006137116253947612,0.0012809009024757493,0.0010178246016259156,0.0012891447063599227,0.0007794689201177455,0.0013307235864307417,0.00044998536322950796,0.007237188881673421,0.003919890914224363,0.000813668250069118,3.580604832911672e-5,0.0006337163795856539,0.0001019771464574892,3.2417077999173084e-5,0.0006009347144615279,0.0004479541904955651,0.00041631272950566926,0.0010423463561642311,0.00047998010346955646,0.0019136597794595228,0.0010083341090086238,0.0024462369296085248,0.0024154572698375657,0.0063254304492774025,-0.00023927559320740068,0.0008292363940119694,0.000933719836735168,0.003919890914224363,0.03697922957004808,0.004012774316851526,0.00031989579317364314,0.0009739896984223696,-0.00021195099028381418,0.0002092566814461919,0.002082573343575157,0.0006989401989108193,0.0024004750026570057,0.001746408565735724,0.0009011582798280188,0.0025579980682144884,0.0031854406276702846,0.0034922450081774446,0.0022147856590802703,0.0032436901872752383,-9.293322273213857e-5,0.0013216810438414369,0.0015445062351267897,0.000813668250069118,0.004012774316851526,0.00860702906164154,0.0005005946625821651,0.0014326137353307844,0.0025573853203259287,0.0006193196875961991,0.0028502476903223143,0.0008357324604621548,0.0010650468838661277,0.0006142262279469274,0.0005992599209652318,0.0022393095007349857,0.0016368014378817445,0.004250853343892276,0.002051062782359259,0.0005480087171712796,7.967460429591616e-5,0.000710839465513,0.00019194349889980705,3.580604832911672e-5,0.00031989579317364314,0.0005005946625821651,0.003293958432622863,0.0008055590447662931,-7.476727773469944e-5,0.00045113051082142216,0.0007285581809441167,-3.6912784726594227e-5,0.00107562340076283,-3.679940905965614e-5,0.0005305959790129033,0.0014439588991280844,0.00014376353780069654,-0.0010366278356790215,0.001957052455687255,2.936402641329222e-5,2.2704600817950748e-5,0.0020220255805567314,0.00048589575696626015,0.0006337163795856539,0.0009739896984223696,0.0014326137353307844,0.0008055590447662931,0.007554834758540542,0.0007055092350917256,0.0005094544891999407,-0.00034667309164109535,4.022195677860877e-5,-0.0006892060769723125,-0.00035411172368950676,9.934783502476939e-5,0.001853039920135686,-0.00014671064754913214,0.001779856603646771,0.0026622595331350103,0.0017198184154756991,-0.0006377428248278479,0.0004743805565047324,0.002449784752538966,0.0001019771464574892,-0.00021195099028381418,0.0025573853203259287,-7.476727773469944e-5,0.0007055092350917256,0.01845684527309908,0.00028285208446384867,0.001974870407152775,0.000871320396777197,0.0008489000647976494,0.0003890997017379415,0.00019818140379774667,0.0011776673895602364,0.0011055317450057354,0.0023269068493983573,0.0017442251267751451,0.0002720930603954672,0.00045881972974450073,0.00047722473243656756,0.00024043527754375854,3.2417077999173084e-5,0.0002092566814461919,0.0006193196875961991,0.00045113051082142216,0.0005094544891999407,0.00028285208446384867,0.0014409653657411717,0.0008560620713178877,0.00015987099015289717,0.0008518338659072575,0.0003441737295955758,0.00013474688102073145,0.00022491377811950343,-0.00035657927766824776,0.00023484270859925246,0.0005943421203281787,0.0010859319509560635,-0.0005124053098763824,0.0011787528652283364,0.0005633284429132362,0.0006009347144615279,0.002082573343575157,0.0028502476903223143,0.0007285581809441167,-0.00034667309164109535,0.001974870407152775,0.0008560620713178877,0.014028988387057347,0.0004798596699923886,0.0022481650539008255,6.47712071918374e-5,0.00016631343623265418,0.0011552457906967312,0.0008350293426839918,0.003962663678221157,0.002664697622493269,0.0005826800927464727,0.00038170288416570217,0.00013233805474768582,0.0004985191624834533,0.0004479541904955651,0.0006989401989108193,0.0008357324604621548,-3.6912784726594227e-5,4.022195677860877e-5,0.000871320396777197,0.00015987099015289717,0.0004798596699923886,0.0012795477552797027,0.00032149477172416154,0.00019915726338145309,0.00014686153547772778,0.0005617592988899167,0.0003145543540750083,0.0010552199724438082,0.00079383354411182,-0.0006208375106214947,0.001843032933359539,0.00045860743342915534,0.0007741244835015824,0.00041631272950566926,0.0024004750026570057,0.0010650468838661277,0.00107562340076283,-0.0006892060769723125,0.0008489000647976494,0.0008518338659072575,0.0022481650539008255,0.00032149477172416154,0.02133074853668968,0.001677372344629281,0.0007255337943106406,0.0025713771783833343,0.0029362111617630537,0.00010919335662960589,0.0006596122138024436,0.0011613377507304627,0.0013640462975877889,-0.00024151632566769116,-0.0001921640017304592,0.0010423463561642311,0.001746408565735724,0.0006142262279469274,-3.679940905965614e-5,-0.00035411172368950676,0.0003890997017379415,0.0003441737295955758,6.47712071918374e-5,0.00019915726338145309,0.001677372344629281,0.0040383935852775854,0.00020112760237571263,0.00048296922474717045,0.0010895328628599396,0.00011329570929362038,-0.001142478912832267,0.0006849977647001013,0.0004993334398730065,0.0005700711362298562,0.0004398590157597029,0.00047998010346955646,0.0009011582798280188,0.0005992599209652318,0.0005305959790129033,9.934783502476939e-5,0.00019818140379774667,0.00013474688102073145,0.00016631343623265418,0.00014686153547772778,0.0007255337943106406,0.00020112760237571263,0.001556135932453225,0.0003503129021702224,0.0004377854813346864,-0.00019306333494697873,0.0013384187141700986,0.0011868137868581916,0.00026257902373802444,0.00020456293268203836,0.001181488638958875,0.0019136597794595228,0.0025579980682144884,0.0022393095007349857,0.0014439588991280844,0.001853039920135686,0.0011776673895602364,0.00022491377811950343,0.0011552457906967312,0.0005617592988899167,0.0025713771783833343,0.00048296922474717045,0.0003503129021702224,0.013637681119281465,0.001105680577739828,0.0018645452794170752,0.0033110862443290756,0.0015412923672868091,0.00017090776735902434,0.001186029827511854,0.0006137116253947612,0.0010083341090086238,0.0031854406276702846,0.0016368014378817445,0.00014376353780069654,-0.00014671064754913214,0.0011055317450057354,-0.00035657927766824776,0.0008350293426839918,0.0003145543540750083,0.0029362111617630537,0.0010895328628599396,0.0004377854813346864,0.001105680577739828,0.007176681275154769,0.0020542294860402045,0.0003181851291117837,0.0014495634171390061,0.0010384201099526255,0.0031034114064438494,0.0012809009024757493,0.0024462369296085248,0.0034922450081774446,0.004250853343892276,-0.0010366278356790215,0.001779856603646771,0.0023269068493983573,0.00023484270859925246,0.003962663678221157,0.0010552199724438082,0.00010919335662960589,0.00011329570929362038,-0.00019306333494697873,0.0018645452794170752,0.0020542294860402045,0.03182821268486734,-0.0019251538332421855,0.002040947026139696,-0.00015194021258513855,0.005356644222138883,0.0010178246016259156,0.0024154572698375657,0.0022147856590802703,0.002051062782359259,0.001957052455687255,0.0026622595331350103,0.0017442251267751451,0.0005943421203281787,0.002664697622493269,0.00079383354411182,0.0006596122138024436,-0.001142478912832267,0.0013384187141700986,0.0033110862443290756,0.0003181851291117837,-0.0019251538332421855,0.02528567150356147
