0.005029237891698057,0.00040850059784793593,-6.257167545135783e-5,-0.0014258385983715361,-0.0003637322553683883,0.0007982508264556441,0.00076625807452649,0.000589241839375266,0.0015520005969491212,0.0004077520191849409,0.00026545565952318644,0.0003803072568134212,0.001134310123440096,0.0012037739150230233,-0.00020134800561428577,-0.0001780716070302482,0.00016609493331219054,0.000991407064170633,3.910431250613944e-5,0.00033717331064361366,0.00040850059784793593,0.005182871731265134,0.001840363910245214,0.0002895162551863021,0.001130993089683364,-0.00011857984431700327,0.000989493990721816,0.0003110997654773652,0.0009851940665135195,0.0004607067111758776,0.00029332582110335565,0.0009187857185209275,0.002416520283557043,0.00010102086728138772,0.00020710728265211986,-0.00019963281992815,9.342535729754922e-5,0.0006882205854929562,0.0004103470891871932,-0.00010568300190213223,-6.257167545135783e-5,0.001840363910245214,0.023520897676437086,0.004004294431271583,0.002954719616462418,0.0013831715798689062,0.000661941015037008,1.1217693770489345e-5,0.004705047869050148,0.0010718614683293314,0.0011111718284765987,-0.0001949523695402977,0.0035644449807909905,0.0018454625793803995,0.001400014242402321,0.0006991610945739535,0.0011642159028939134,0.0011099637266879965,0.0017273633875232257,0.001968411067458583,-0.0014258385983715361,0.0002895162551863021,0.004004294431271583,0.028947755388698367,0.005524458576072399,0.00028389130537718397,0.0001660491595804342,-0.0005260948115054757,0.0005964511615429132,0.0006550283995017047,0.0006095694888276081,0.001422652932928595,0.001434165989725272,0.0031911850744725887,0.0014881393798385238,0.0008999123326419898,0.0006628909527536121,-0.0008362026716430078,0.002264304175617714,0.00015827282629322296,-0.0003637322553683883,0.001130993089683364,0.002954719616462418,0.005524458576072399,0.023056001826838493,0.0017283748387435342,0.003809404484698172,-0.0003481215016549901,0.0029778994405428977,0.0007782186173773888,0.001517237366944725,0.000495176486664179,0.0014130127631656402,0.0016405957702482219,0.0011218145077604626,0.0005291011576845261,0.0010835369092304867,-0.0004940137608094781,0.0006939062310671605,0.0007378571085504695,0.0007982508264556441,-0.00011857984431700327,0.0013831715798689062,0.00028389130537718397,0.0017283748387435342,0.0027941169529590902,0.0005622714070701712,8.039456922632767e-5,0.0009866948531538633,0.00035122395793282514,0.0005464934211262326,0.0002941657884524708,5.0162456930406894e-5,0.0005017623470846748,0.00041425221516795007,0.0001039869759819319,0.00038107986069218884,0.00037200944408837693,0.00018220985033172709,0.0006147426405666971,0.00076625807452649,0.000989493990721816,0.000661941015037008,0.0001660491595804342,0.003809404484698172,0.0005622714070701712,0.017683555711089365,0.0006445017363505724,0.0025562604592537586,-1.9104713149114888e-5,-0.00014654124655544477,0.002809927940019682,0.003911903406797606,0.0005645195401635928,0.0002753876655178098,-0.000769735481688938,0.0004367231292083065,0.0017813849641987222,-0.0001413336867489916,-0.00029835528161503846,0.000589241839375266,0.0003110997654773652,1.1217693770489345e-5,-0.0005260948115054757,-0.0003481215016549901,8.039456922632767e-5,0.0006445017363505724,0.0018570755690731462,0.0006039121813218519,0.00027420489835467624,-2.012729445803702e-5,0.0007036948740621865,0.0006348599337027345,6.558999763549013e-5,-8.895380484153585e-5,-0.00026732448942158745,0.00017917688869362153,0.0003780157522469386,0.000547770245923489,0.000254101047455844,0.0015520005969491212,0.0009851940665135195,0.004705047869050148,0.0005964511615429132,0.0029778994405428977,0.0009866948531538633,0.0025562604592537586,0.0006039121813218519,0.018997459661188144,0.0011032588603855174,0.0004843079538673365,0.0011070708546971183,0.003240083798225501,0.001830601664477948,0.0007495576222706728,0.0002689910343332356,0.0007482870916065532,0.0010959085922812462,-0.0008301271757496331,0.0006570950535901722,0.0004077520191849409,0.0004607067111758776,0.0010718614683293314,0.0006550283995017047,0.0007782186173773888,0.00035122395793282514,-1.9104713149114888e-5,0.00027420489835467624,0.0011032588603855174,0.0020862399234999776,0.00030681073662082095,0.00043444297155965396,0.0007739645545680769,0.001105112617852449,0.00012693337254355473,0.00021342203488513222,0.00035842111563770415,0.0001755832660568592,0.0006330853064070074,0.0001568303885645409,0.00026545565952318644,0.00029332582110335565,0.0011111718284765987,0.0006095694888276081,0.001517237366944725,0.0005464934211262326,-0.00014654124655544477,-2.012729445803702e-5,0.0004843079538673365,0.00030681073662082095,0.0025612223893130347,-0.00039847667285793987,0.0008056302490166377,0.0003753419612124277,0.0004021056008987545,0.0003294429161921974,0.000139465999845607,-0.000585056273773159,0.0003389637607782048,0.00048756417700140963,0.0003803072568134212,0.0009187857185209275,-0.0001949523695402977,0.001422652932928595,0.000495176486664179,0.0002941657884524708,0.002809927940019682,0.0007036948740621865,0.0011070708546971183,0.00043444297155965396,-0.00039847667285793987,0.008240542282415577,0.002623281501085038,0.0008132379676795932,0.0005193181540569115,-0.00010988682083223423,0.0005541169901995607,0.0012930209699487725,0.0007066704064151814,-0.0001642820958694248,0.001134310123440096,0.002416520283557043,0.0035644449807909905,0.001434165989725272,0.0014130127631656402,5.0162456930406894e-5,0.003911903406797606,0.0006348599337027345,0.003240083798225501,0.0007739645545680769,0.0008056302490166377,0.002623281501085038,0.031172148741854245,0.0008150714622723748,0.0007888948061858253,0.0010703388415644304,0.0005464336888691044,0.0024009602065090205,0.0021905974989845684,0.0005282704398084268,0.0012037739150230233,0.00010102086728138772,0.0018454625793803995,0.0031911850744725887,0.0016405957702482219,0.0005017623470846748,0.0005645195401635928,6.558999763549013e-5,0.001830601664477948,0.001105112617852449,0.0003753419612124277,0.0008132379676795932,0.0008150714622723748,0.011010967618642706,0.0002930278964624817,0.000954836820127823,7.576063915332328e-5,1.2984308623931163e-5,0.002399296951163426,0.0007766027096283714,-0.00020134800561428577,0.00020710728265211986,0.001400014242402321,0.0014881393798385238,0.0011218145077604626,0.00041425221516795007,0.0002753876655178098,-8.895380484153585e-5,0.0007495576222706728,0.00012693337254355473,0.0004021056008987545,0.0005193181540569115,0.0007888948061858253,0.0002930278964624817,0.00493249198482952,0.0002892761349282465,0.00037996604824730754,0.0002759972819064866,0.00026869103422108787,0.00048316455968680554,-0.0001780716070302482,-0.00019963281992815,0.0006991610945739535,0.0008999123326419898,0.0005291011576845261,0.0001039869759819319,-0.000769735481688938,-0.00026732448942158745,0.0002689910343332356,0.00021342203488513222,0.0003294429161921974,-0.00010988682083223423,0.0010703388415644304,0.000954836820127823,0.0002892761349282465,0.0015576516267009131,0.00012830677082118806,-0.00035382846075621816,0.000294395162370383,0.00037483613535086975,0.00016609493331219054,9.342535729754922e-5,0.0011642159028939134,0.0006628909527536121,0.0010835369092304867,0.00038107986069218884,0.0004367231292083065,0.00017917688869362153,0.0007482870916065532,0.00035842111563770415,0.000139465999845607,0.0005541169901995607,0.0005464336888691044,7.576063915332328e-5,0.00037996604824730754,0.00012830677082118806,0.0013788416880731182,0.00012977980811744455,0.0006545215065767076,0.0002204426279290809,0.000991407064170633,0.0006882205854929562,0.0011099637266879965,-0.0008362026716430078,-0.0004940137608094781,0.00037200944408837693,0.0017813849641987222,0.0003780157522469386,0.0010959085922812462,0.0001755832660568592,-0.000585056273773159,0.0012930209699487725,0.0024009602065090205,1.2984308623931163e-5,0.0002759972819064866,-0.00035382846075621816,0.00012977980811744455,0.005494110806375511,0.0005169193664008014,-2.23400024690219e-5,3.910431250613944e-5,0.0004103470891871932,0.0017273633875232257,0.002264304175617714,0.0006939062310671605,0.00018220985033172709,-0.0001413336867489916,0.000547770245923489,-0.0008301271757496331,0.0006330853064070074,0.0003389637607782048,0.0007066704064151814,0.0021905974989845684,0.002399296951163426,0.00026869103422108787,0.000294395162370383,0.0006545215065767076,0.0005169193664008014,0.012808200080558958,0.0008903115808686888,0.00033717331064361366,-0.00010568300190213223,0.001968411067458583,0.00015827282629322296,0.0007378571085504695,0.0006147426405666971,-0.00029835528161503846,0.000254101047455844,0.0006570950535901722,0.0001568303885645409,0.00048756417700140963,-0.0001642820958694248,0.0005282704398084268,0.0007766027096283714,0.00048316455968680554,0.00037483613535086975,0.0002204426279290809,-2.23400024690219e-5,0.0008903115808686888,0.003025308815665543
