0.022375951757433076,0.004344226709111707,0.0015300298284339018,0.0002909696742501585,0.0017298267639365645,0.0015614898738681039,0.002063724577644292,0.002053340648982294,0.0002673207185698743,0.0017323190347523923,-0.00032396401289643185,-0.0006762527088073157,-0.0001943311759339592,-0.0013551484937659962,0.003464106711606754,-0.00045788033093005184,-0.003148492822874483,-0.0013355946693809108,-0.002892472188878749,-0.0004260179173238485,0.004344226709111707,0.02798453712872428,0.0018789321906293132,0.0011339809814930346,-0.00032890589661604036,-0.0012851136917619004,0.0020923515174683907,-0.0005365007721393638,-0.0005809494983019124,-0.0013432007221564823,-0.005124392329001014,0.0007169880420313829,-0.0009162447419941147,0.0013160503574369852,0.0030412449190105736,0.0025302865767502392,0.0032997423206340445,-1.636526500458727e-5,0.0013917662404214787,-0.0012889191118887306,0.0015300298284339018,0.0018789321906293132,0.0032262011733230063,-0.00013258221038536084,-0.0002500174515839129,0.0002538137587800225,0.0014406215231653045,0.00012128027137844022,0.0001390961885452138,0.0008580479678386972,-0.0007977308585372369,0.0010784254656688915,0.0017447845129879075,0.0007281674176282658,-0.0022230080782641823,0.0006908347283013888,-0.0002180644550794428,0.0016791516229249836,-0.0002660730000239848,-0.0003546217138853694,0.0002909696742501585,0.0011339809814930346,-0.00013258221038536084,0.00358465388433515,-0.00018406955989581355,0.000660153942887766,0.0006714029843481468,0.0007089657821028389,0.0005542315429404303,0.0006952949613368814,0.0008252975191267141,0.0001475725342817479,-0.0005215681562381715,0.00039290601641095733,-7.224171521183704e-5,0.000161749446737086,0.00042688764509351174,0.00011108468500273973,4.105273850232589e-5,0.0003557034650070454,0.0017298267639365645,-0.00032890589661604036,-0.0002500174515839129,-0.00018406955989581355,0.0018734346209831397,0.00018976687348595464,-8.852633030667613e-5,-0.0002566562120161072,-8.527688152526537e-5,0.0008694449748153782,0.00043789232893265407,-0.00023566869634503022,-0.0010369640657961077,0.00015784828532973828,0.0015046515724217286,0.0001001489652797948,0.0005066556530572183,0.0006227706821721136,-0.0004383112611674084,9.394496578219176e-5,0.0015614898738681039,-0.0012851136917619004,0.0002538137587800225,0.000660153942887766,0.00018976687348595464,0.008027158874732435,0.0005449844552759208,-0.00011291310236477582,-0.0002498242246646912,0.0016718598451516808,0.001563190951236076,5.228699206059799e-5,0.0006005800227860908,0.0012299638915560756,-0.0003842654319719078,0.0005422041054869051,0.0023664255207655324,0.0018612026517893674,-0.00042861090239256275,0.00040194123233546923,0.002063724577644292,0.0020923515174683907,0.0014406215231653045,0.0006714029843481468,-8.852633030667613e-5,0.0005449844552759208,0.007723757512401288,0.0008158833240274375,0.00033373328251465957,0.0017080324279601159,0.0010060085077713428,0.0011118966423138907,0.0019281482563688116,0.0011412336416641963,-0.0028427055537058763,0.0007682334122591731,3.5136864416744226e-6,-5.567625391748323e-5,0.0005742040364875548,-0.0010344536592021341,0.002053340648982294,-0.0005365007721393638,0.00012128027137844022,0.0007089657821028389,-0.0002566562120161072,-0.00011291310236477582,0.0008158833240274375,0.004250124961118083,0.000907135480494933,-0.0009135969294436942,0.003539733875886613,-0.0006749750401081112,0.002504378283476962,-0.001914498642136002,0.0008813998151835904,-0.0010034812190922084,-0.0015987204972790921,-0.0022561937049396146,-0.0012961762094271807,0.00043390803763355273,0.0002673207185698743,-0.0005809494983019124,0.0001390961885452138,0.0005542315429404303,-8.527688152526537e-5,-0.0002498242246646912,0.00033373328251465957,0.000907135480494933,0.0016509350454082816,0.00022775950453888144,0.0012811676501985239,0.00024349684984015577,0.000645325733797305,-0.0003594722256138593,0.0005259605239772973,-0.0006654449998596281,-0.001150528441135197,-4.228530646762335e-5,-0.0007225530585872086,3.4006927895822663e-5,0.0017323190347523923,-0.0013432007221564823,0.0008580479678386972,0.0006952949613368814,0.0008694449748153782,0.0016718598451516808,0.0017080324279601159,-0.0009135969294436942,0.00022775950453888144,0.009182885622095096,-0.0010419918445405837,0.0004452315117402136,-0.00034238107898633456,0.0014893053823199507,-0.0020825731262469295,0.00040165028734839907,-0.0007142481102215222,0.0037121249578912063,-0.0003365430841733949,-0.00036403460374687834,-0.00032396401289643185,-0.005124392329001014,-0.0007977308585372369,0.0008252975191267141,0.00043789232893265407,0.001563190951236076,0.0010060085077713428,0.003539733875886613,0.0012811676501985239,-0.0010419918445405837,0.02635738761600515,-0.0018157619160273331,0.005206705101141166,-0.0017333703807700198,-0.000755138514367518,-0.0032153562685064453,-0.001198943015352982,-0.0009623298617499244,0.0012733411428628707,0.0015844643871149994,-0.0006762527088073157,0.0007169880420313829,0.0010784254656688915,0.0001475725342817479,-0.00023566869634503022,5.228699206059799e-5,0.0011118966423138907,-0.0006749750401081112,0.00024349684984015577,0.0004452315117402136,-0.0018157619160273331,0.005808968271805439,0.0010206548883849793,0.001566088009319921,-0.003731459932814202,0.00020615170300868627,0.00028876126577260565,0.005138142236805228,-0.0008069877629085414,0.00039848889286690493,-0.0001943311759339592,-0.0009162447419941147,0.0017447845129879075,-0.0005215681562381715,-0.0010369640657961077,0.0006005800227860908,0.0019281482563688116,0.002504378283476962,0.000645325733797305,-0.00034238107898633456,0.005206705101141166,0.0010206548883849793,0.028751006918412595,-0.0047185343573846105,-0.0038000088483309885,-0.0014768270375736501,-0.0004190607311749838,0.001458167145977809,0.0004604066249720022,0.0016560261717007856,-0.0013551484937659962,0.0013160503574369852,0.0007281674176282658,0.00039290601641095733,0.00015784828532973828,0.0012299638915560756,0.0011412336416641963,-0.001914498642136002,-0.0003594722256138593,0.0014893053823199507,-0.0017333703807700198,0.001566088009319921,-0.0047185343573846105,0.006510937974818912,-0.0014850765167575154,0.0019691559077745996,0.002386718503618474,0.004195197324507877,0.0010992326402157891,-0.0004231079540499821,0.003464106711606754,0.0030412449190105736,-0.0022230080782641823,-7.224171521183704e-5,0.0015046515724217286,-0.0003842654319719078,-0.0028427055537058763,0.0008813998151835904,0.0005259605239772973,-0.0020825731262469295,-0.000755138514367518,-0.003731459932814202,-0.0038000088483309885,-0.0014850765167575154,0.020730047401056103,-0.0010988576377954607,-0.0010220860886957957,-0.003924738724906758,0.0011347538271635972,0.0006016100650511266,-0.00045788033093005184,0.0025302865767502392,0.0006908347283013888,0.000161749446737086,0.0001001489652797948,0.0005422041054869051,0.0007682334122591731,-0.0010034812190922084,-0.0006654449998596281,0.00040165028734839907,-0.0032153562685064453,0.00020615170300868627,-0.0014768270375736501,0.0019691559077745996,-0.0010988576377954607,0.004070928535033575,0.002551237096713941,0.00021804311089801236,0.001704278075527277,-0.000957600471136928,-0.003148492822874483,0.0032997423206340445,-0.0002180644550794428,0.00042688764509351174,0.0005066556530572183,0.0023664255207655324,3.5136864416744226e-6,-0.0015987204972790921,-0.001150528441135197,-0.0007142481102215222,-0.001198943015352982,0.00028876126577260565,-0.0004190607311749838,0.002386718503618474,-0.0010220860886957957,0.002551237096713941,0.009088604494480108,0.0032892811877180844,0.002011576932244401,0.0001950504530438378,-0.0013355946693809108,-1.636526500458727e-5,0.0016791516229249836,0.00011108468500273973,0.0006227706821721136,0.0018612026517893674,-5.567625391748323e-5,-0.0022561937049396146,-4.228530646762335e-5,0.0037121249578912063,-0.0009623298617499244,0.005138142236805228,0.001458167145977809,0.004195197324507877,-0.003924738724906758,0.00021804311089801236,0.0032892811877180844,0.03649478818301878,0.00032358998517248384,0.0015758568161093355,-0.002892472188878749,0.0013917662404214787,-0.0002660730000239848,4.105273850232589e-5,-0.0004383112611674084,-0.00042861090239256275,0.0005742040364875548,-0.0012961762094271807,-0.0007225530585872086,-0.0003365430841733949,0.0012733411428628707,-0.0008069877629085414,0.0004604066249720022,0.0010992326402157891,0.0011347538271635972,0.001704278075527277,0.002011576932244401,0.00032358998517248384,0.007969353333073846,0.00015927213854010394,-0.0004260179173238485,-0.0012889191118887306,-0.0003546217138853694,0.0003557034650070454,9.394496578219176e-5,0.00040194123233546923,-0.0010344536592021341,0.00043390803763355273,3.4006927895822663e-5,-0.00036403460374687834,0.0015844643871149994,0.00039848889286690493,0.0016560261717007856,-0.0004231079540499821,0.0006016100650511266,-0.000957600471136928,0.0001950504530438378,0.0015758568161093355,0.00015927213854010394,0.0024471902287863294
0.0324035632501182,0.023371818150153413,0.0026644877096441717,0.0023909692008666677,0.0024377288689822517,0.0074676821300360624,0.006667202225709774,0.003581313938815736,0.0028419718817492366,0.005801631161105847,0.00954329602984218,0.002289861614097037,0.0162355948544452,0.007726454832307926,0.012200062584451991,0.003583605482629034,0.009248811766125273,0.017472091175951006,0.008284892771788236,0.005040535788033278,0.023371818150153413,0.06596915450699349,0.007865016395725967,0.008382611896290687,0.009133743484039208,0.021237380061994764,0.010369463011542058,0.007194042963151711,0.007531960405828637,0.0051607739635805665,0.0049737278933872225,0.0023334332009525473,0.02443478551871677,0.013015948353096411,0.03218551896888819,0.001386430235620509,0.006165918628154712,0.030939560744417102,0.01591858774514715,0.009361350670327166,0.0026644877096441717,0.007865016395725967,0.00466021198370373,0.002739707904363648,0.001539397877935728,0.0036877641223207053,0.0014429490022937008,0.0014995989641740175,0.0018385778663804985,0.00010585519857714379,0.008190177205843238,0.0032839852515341855,0.0077582551403091865,0.0032923994019667243,0.007246227743244526,0.0012661584022204348,0.000807476172561939,0.004663962265061751,0.0038348046061723916,0.0020151367663016,0.0023909692008666677,0.008382611896290687,0.002739707904363648,0.006638206003309167,0.0020680899170538863,0.0055698794651488,0.001994476261800487,0.0013078308785990352,0.0016923912757665694,-0.00033927416180984556,0.004523350715918573,0.002917535049813917,0.005659345220179383,0.004045922368450859,0.005963774870184048,0.00010949584707145197,-0.0006343317387811451,0.006408859533955036,0.0024605684007809143,0.0014050516673663937,0.0024377288689822517,0.009133743484039208,0.001539397877935728,0.0020680899170538863,0.0028727467809768386,0.003367350746133921,0.001354371256046694,0.001316377245364076,0.0017716363659551937,-2.8260281327301296e-5,-0.00048644903757493493,0.0009034870035715194,0.0028620067800290546,0.0013232568985533702,0.004961386788514876,0.00027401589064656763,0.00030438658623680614,0.004785077716677858,0.0017852337902925178,0.001387471528277689,0.0074676821300360624,0.021237380061994764,0.0036877641223207053,0.0055698794651488,0.003367350746133921,0.01626536176260701,0.003332624811083912,0.004110653944505116,0.0026509493764077727,0.002121510995251965,0.0026087830178617368,0.002388437473688332,0.010678871155737185,0.006930812994672823,0.015231780016180821,-0.00013271700057502456,0.00036443996162828843,0.018461923444760164,0.007030103911961915,0.0038008211404835343,0.006667202225709774,0.010369463011542058,0.0014429490022937008,0.001994476261800487,0.001354371256046694,0.003332624811083912,0.008759706504660552,0.001310910611037205,0.0024771686873021935,0.002730276029419983,0.004619563103039535,0.0020690382884856924,0.004801121232133262,0.0036247525111481483,0.00771535915832456,0.0009811129790976382,0.0016870009433848769,0.005411630943521246,0.0029239521035984845,0.002499868554648504,0.003581313938815736,0.007194042963151711,0.0014995989641740175,0.0013078308785990352,0.001316377245364076,0.004110653944505116,0.001310910611037205,0.004479095316415321,0.0011625663636337872,0.00167861781781381,0.0013470540280605384,0.001772899420690973,0.00411095749436681,0.0022323107730744442,0.003930651612493547,0.0004071225333880705,0.001227563550615747,0.006290093634738035,0.0027682533871889845,0.0017510801261563136,0.0028419718817492366,0.007531960405828637,0.0018385778663804985,0.0016923912757665694,0.0017716363659551937,0.0026509493764077727,0.0024771686873021935,0.0011625663636337872,0.003327316205491863,0.0013532022578378094,0.0024628394682180976,0.0008597834447211217,0.0040157617944989715,0.0016620420180567062,0.005656308669921789,0.0007556884723815541,0.00023284160575879985,0.004392784743780406,0.002262210497594132,0.0014437949279962285,0.005801631161105847,0.0051607739635805665,0.00010585519857714379,-0.00033927416180984556,-2.8260281327301296e-5,0.002121510995251965,0.002730276029419983,0.00167861781781381,0.0013532022578378094,0.011957248640361177,0.0044057397634229365,0.000609840722149109,0.002335113257074946,0.0014239376030396314,0.0030097805802398033,0.002390439691041281,0.004523195822544956,0.009470532060459738,0.0030797950880354264,0.0021271613053640863,0.00954329602984218,0.0049737278933872225,0.008190177205843238,0.004523350715918573,-0.00048644903757493493,0.0026087830178617368,0.004619563103039535,0.0013470540280605384,0.0024628394682180976,0.0044057397634229365,0.0513310287072607,0.015604966357280077,0.01933903902072995,0.010069921608955718,0.008749327773408254,0.005488053942926891,0.004682142729450174,0.010430470091608843,0.009609961997964616,0.003200421251098203,0.002289861614097037,0.0023334332009525473,0.0032839852515341855,0.002917535049813917,0.0009034870035715194,0.002388437473688332,0.0020690382884856924,0.001772899420690973,0.0008597834447211217,0.000609840722149109,0.015604966357280077,0.010888465995042805,0.0047409107821461075,0.00335478288016457,0.00034116889180031695,0.0016235135380549685,0.0019481657076894773,0.003682152931619267,0.0021260174614588625,0.0021903127576776687,0.0162355948544452,0.02443478551871677,0.0077582551403091865,0.005659345220179383,0.0028620067800290546,0.010678871155737185,0.004801121232133262,0.00411095749436681,0.0040157617944989715,0.002335113257074946,0.01933903902072995,0.0047409107821461075,0.042812241915577705,0.010649993106700159,0.02073841344554599,0.0024892717923635163,0.006824558841436743,0.019651344102735738,0.014364802401238348,0.00456940216099481,0.007726454832307926,0.013015948353096411,0.0032923994019667243,0.004045922368450859,0.0013232568985533702,0.006930812994672823,0.0036247525111481483,0.0022323107730744442,0.0016620420180567062,0.0014239376030396314,0.010069921608955718,0.00335478288016457,0.010649993106700159,0.009577796985044854,0.01128876486342107,0.0002822370051898939,0.001730318916032783,0.009189815674810444,0.005485801946859789,0.0031004197478775013,0.012200062584451991,0.03218551896888819,0.007246227743244526,0.005963774870184048,0.004961386788514876,0.015231780016180821,0.00771535915832456,0.003930651612493547,0.005656308669921789,0.0030097805802398033,0.008749327773408254,0.00034116889180031695,0.02073841344554599,0.01128876486342107,0.040279725342103695,0.0005569392201251377,0.0008699172066368088,0.023210936932382187,0.012195929740979957,0.00579348991742009,0.003583605482629034,0.001386430235620509,0.0012661584022204348,0.00010949584707145197,0.00027401589064656763,-0.00013271700057502456,0.0009811129790976382,0.0004071225333880705,0.0007556884723815541,0.002390439691041281,0.005488053942926891,0.0016235135380549685,0.0024892717923635163,0.0002822370051898939,0.0005569392201251377,0.004138294010879448,0.00223960221482621,0.004591220068077401,0.0016949131221655402,0.0008305871974268256,0.009248811766125273,0.006165918628154712,0.000807476172561939,-0.0006343317387811451,0.00030438658623680614,0.00036443996162828843,0.0016870009433848769,0.001227563550615747,0.00023284160575879985,0.004523195822544956,0.004682142729450174,0.0019481657076894773,0.006824558841436743,0.001730318916032783,0.0008699172066368088,0.00223960221482621,0.008885745326327705,0.006061663161935972,0.0034712867634048407,0.0021380269124454693,0.017472091175951006,0.030939560744417102,0.004663962265061751,0.006408859533955036,0.004785077716677858,0.018461923444760164,0.005411630943521246,0.006290093634738035,0.004392784743780406,0.009470532060459738,0.010430470091608843,0.003682152931619267,0.019651344102735738,0.009189815674810444,0.023210936932382187,0.004591220068077401,0.006061663161935972,0.05412764352801372,0.014155692379331668,0.0046142472879337525,0.008284892771788236,0.01591858774514715,0.0038348046061723916,0.0024605684007809143,0.0017852337902925178,0.007030103911961915,0.0029239521035984845,0.0027682533871889845,0.002262210497594132,0.0030797950880354264,0.009609961997964616,0.0021260174614588625,0.014364802401238348,0.005485801946859789,0.012195929740979957,0.0016949131221655402,0.0034712867634048407,0.014155692379331668,0.01210550732473205,0.002516460600558697,0.005040535788033278,0.009361350670327166,0.0020151367663016,0.0014050516673663937,0.001387471528277689,0.0038008211404835343,0.002499868554648504,0.0017510801261563136,0.0014437949279962285,0.0021271613053640863,0.003200421251098203,0.0021903127576776687,0.00456940216099481,0.0031004197478775013,0.00579348991742009,0.0008305871974268256,0.0021380269124454693,0.0046142472879337525,0.002516460600558697,0.004056526895481883
0.01906360168399318,-0.008829925999171144,-0.0011134797124724557,-0.0014560008517224025,-0.001136767236459236,-0.0006523365936196507,-0.004200790562926706,-0.0004337038976425795,-0.0013761216307578163,0.0005887908789256595,-0.0010792365603464159,0.0002708351527056751,0.0008126328313175916,0.002569587022408358,-0.0030300959785516464,-0.003465405114198746,0.0019339265545598766,0.00041778424731164364,-0.00015515842350221525,-0.001493756179403271,-0.008829925999171144,0.03869211782746518,0.0015625460134969836,0.005548814480525627,0.0013888695523193739,0.004327328432967948,0.009260416876641085,0.0036560975253846573,0.004670659324011023,0.0003756142156355471,0.013766990443718414,0.001323936157160149,0.00031434344841066084,-0.0033255448478154656,0.003299254102838629,0.005177371770199373,-0.0031016829341840493,0.010810256139118641,0.004808394397290626,0.004806244584239935,-0.0011134797124724557,0.0015625460134969836,0.00520229573224991,0.000629833807964546,0.00037615415150943896,-0.00013229977400225327,0.000635135195732859,0.0008830445021013439,-0.0008526090822067222,0.0018987596916438109,-0.0003770181549696307,0.0014878763317697483,0.002992992376781671,0.001142588554260048,0.0017253779447153868,0.0020506017997562785,-0.0035198763377963776,0.002324970798601342,0.0007799386280399438,0.0009041569828242765,-0.0014560008517224025,0.005548814480525627,0.000629833807964546,0.00584343045078773,0.0006847621901039682,0.0009247140293197545,0.0015067024506386687,0.0008954823725932798,0.0008980030872497895,0.0014786030200681093,0.0037989293015028183,-0.0001487847678748859,0.0017833889569702313,-0.00035652934895896943,0.0028226624131281507,0.0022606630031901448,-0.0006775230534298094,0.0014482203195963473,0.0009737487508969687,0.00199505540462842,-0.001136767236459236,0.0013888695523193739,0.00037615415150943896,0.0006847621901039682,0.0028837614198722644,0.0008345508894445598,0.0011615768565191426,0.0011965832728497486,0.0012435055412295054,0.0013799728651880526,-0.001060508578569758,0.00028589672282421715,0.0009264139427797903,0.0013273020869880737,0.0018355424017729408,0.0011296100228922155,0.0008059810577779204,0.0027213219819352576,0.0001601756721871835,0.0004813670285001674,-0.0006523365936196507,0.004327328432967948,-0.00013229977400225327,0.0009247140293197545,0.0008345508894445598,0.008442094154446297,0.0022297423308131397,0.0014429949959007835,0.0005869175879604854,-0.001716850164993667,0.007743031536768238,-0.00016744770850520149,0.0020518266223614303,0.0006406459135419466,-0.0015554475199607667,-7.20910932828877e-5,0.0019443960825284308,-0.0015441098928151132,0.0007687501419420148,0.0013764475163634804,-0.004200790562926706,0.009260416876641085,0.000635135195732859,0.0015067024506386687,0.0011615768565191426,0.0022297423308131397,0.009892606058588469,0.002016639348571404,0.001967529430997428,0.00028317296316105465,0.005566488507212886,0.0011625533885201754,1.0100129394072956e-5,-0.0009804873791776831,0.003267275049720491,0.003291826636563141,0.00021006641462420998,0.0046732208388785895,0.00151454013971605,0.0021852238583529617,-0.0004337038976425795,0.0036560975253846573,0.0008830445021013439,0.0008954823725932798,0.0011965832728497486,0.0014429949959007835,0.002016639348571404,0.0046485023764010844,0.0005723803004792506,-0.0002328628934941256,0.0018282138564229334,0.001336881030880989,0.0006366750493916843,0.00031039972187758846,0.0002369376950489534,0.0009203681751089925,0.00026983434716546493,0.0015659019746188914,0.0006143204765679845,0.0013300899893734335,-0.0013761216307578163,0.004670659324011023,-0.0008526090822067222,0.0008980030872497895,0.0012435055412295054,0.0005869175879604854,0.001967529430997428,0.0005723803004792506,0.003073181798335063,0.000726994576780736,-2.433887672090573e-5,0.00041571669453281895,-0.0009555887265239049,0.00011262906235634659,0.0024394898590416954,0.0010154569919377744,0.0011673531838966348,0.003089268113610953,0.0006363077718304515,0.0009676833156898811,0.0005887908789256595,0.0003756142156355471,0.0018987596916438109,0.0014786030200681093,0.0013799728651880526,-0.001716850164993667,0.00028317296316105465,-0.0002328628934941256,0.000726994576780736,0.012141775440399771,-0.006530477167213422,0.002521397926719955,0.002434103216881916,0.0013570670365248532,0.0030229544126974713,0.001868777875293514,-0.000633710543665891,0.001888679965394564,0.0003487846365185582,0.0007421835542638914,-0.0010792365603464159,0.013766990443718414,-0.0003770181549696307,0.0037989293015028183,-0.001060508578569758,0.007743031536768238,0.005566488507212886,0.0018282138564229334,-2.433887672090573e-5,-0.006530477167213422,0.03432382355247334,-0.0022404761930638834,0.0031832862103365906,-0.00026004755241355637,0.0027593528389894487,0.0020520324671663747,0.0001630576718993829,-6.781979516755801e-5,0.0016367055543205964,0.0032409035395188903,0.0002708351527056751,0.001323936157160149,0.0014878763317697483,-0.0001487847678748859,0.00028589672282421715,-0.00016744770850520149,0.0011625533885201754,0.001336881030880989,0.00041571669453281895,0.002521397926719955,-0.0022404761930638834,0.0052817513645083665,-0.00028271878644299227,-0.0005008884115407051,0.0020229962561942997,0.0012309106911476157,-0.00039032227903469554,0.001760148092183222,0.0010961001197148336,0.0009402882567093021,0.0008126328313175916,0.00031434344841066084,0.002992992376781671,0.0017833889569702313,0.0009264139427797903,0.0020518266223614303,1.0100129394072956e-5,0.0006366750493916843,-0.0009555887265239049,0.002434103216881916,0.0031832862103365906,-0.00028271878644299227,0.019336430544454733,0.004316726331811493,0.0009434237748896286,0.0019377233516632642,-0.0014776504658580735,0.0005265366438660418,-0.0003927613532012519,0.0006130391098175048,0.002569587022408358,-0.0033255448478154656,0.001142588554260048,-0.00035652934895896943,0.0013273020869880737,0.0006406459135419466,-0.0009804873791776831,0.00031039972187758846,0.00011262906235634659,0.0013570670365248532,-0.00026004755241355637,-0.0005008884115407051,0.004316726331811493,0.006881385125065488,-0.0003521491543463296,0.00013676252741829785,0.0009329942169273762,0.001126387900346641,-0.0012208315253679023,-0.00015558034619962542,-0.0030300959785516464,0.003299254102838629,0.0017253779447153868,0.0028226624131281507,0.0018355424017729408,-0.0015554475199607667,0.003267275049720491,0.0002369376950489534,0.0024394898590416954,0.0030229544126974713,0.0027593528389894487,0.0020229962561942997,0.0009434237748896286,-0.0003521491543463296,0.02200574195513028,0.0050727179559797355,-0.0004186894001443403,0.005924418388807652,-0.0006970660879130258,0.0014436424974228208,-0.003465405114198746,0.005177371770199373,0.0020506017997562785,0.0022606630031901448,0.0011296100228922155,-7.20910932828877e-5,0.003291826636563141,0.0009203681751089925,0.0010154569919377744,0.001868777875293514,0.0020520324671663747,0.0012309106911476157,0.0019377233516632642,0.00013676252741829785,0.0050727179559797355,0.0055193587810435304,-0.0017479759870571653,0.00433603649810019,0.0004355653836703227,0.002089905029590662,0.0019339265545598766,-0.0031016829341840493,-0.0035198763377963776,-0.0006775230534298094,0.0008059810577779204,0.0019443960825284308,0.00021006641462420998,0.00026983434716546493,0.0011673531838966348,-0.000633710543665891,0.0001630576718993829,-0.00039032227903469554,-0.0014776504658580735,0.0009329942169273762,-0.0004186894001443403,-0.0017479759870571653,0.007969485767028026,-0.0017531238503204357,-0.001308546941071954,-0.0008859962669219626,0.00041778424731164364,0.010810256139118641,0.002324970798601342,0.0014482203195963473,0.0027213219819352576,-0.0015441098928151132,0.0046732208388785895,0.0015659019746188914,0.003089268113610953,0.001888679965394564,-6.781979516755801e-5,0.001760148092183222,0.0005265366438660418,0.001126387900346641,0.005924418388807652,0.00433603649810019,-0.0017531238503204357,0.03551625168082496,0.003695004492232697,0.0014979791652031164,-0.00015515842350221525,0.004808394397290626,0.0007799386280399438,0.0009737487508969687,0.0001601756721871835,0.0007687501419420148,0.00151454013971605,0.0006143204765679845,0.0006363077718304515,0.0003487846365185582,0.0016367055543205964,0.0010961001197148336,-0.0003927613532012519,-0.0012208315253679023,-0.0006970660879130258,0.0004355653836703227,-0.001308546941071954,0.003695004492232697,0.005477288783878548,0.001328969929891619,-0.001493756179403271,0.004806244584239935,0.0009041569828242765,0.00199505540462842,0.0004813670285001674,0.0013764475163634804,0.0021852238583529617,0.0013300899893734335,0.0009676833156898811,0.0007421835542638914,0.0032409035395188903,0.0009402882567093021,0.0006130391098175048,-0.00015558034619962542,0.0014436424974228208,0.002089905029590662,-0.0008859962669219626,0.0014979791652031164,0.001328969929891619,0.0030622479099722435
