0.017952593525732054,0.0022295073486516956,-0.00044711414526822765,0.005019747797688594,3.176615705791836e-5,0.0007361790089275568,-0.0011915169195496752,-0.00019498358263071803,-0.011094044799107729,-0.006765619418582513,-0.0009886574648298083,-0.00016198809704637604,0.002223120952326402,-0.0016416809939309913,0.0006195183919188822,0.003463688773845166,-0.0020048452534404083,-0.0003392328852448622,-0.0004420023897058903,0.0020559644100222947,0.0022295073486516956,0.01516085198725795,0.0008383188637345282,-0.00498396895974791,0.0027482681033274507,0.0007125278215666298,-0.001421666940173347,0.0008260174601599449,-0.005469370316314311,-0.0035232608105357143,-0.002379868747120823,0.001248230840412761,-0.000686024929441306,-0.006633664236936405,0.003403155021127406,0.004063441049480623,-0.0010545441210210284,0.004596082298362411,-0.0030776454505385335,0.0017116890422133333,-0.00044711414526822765,0.0008383188637345282,0.002007082704695802,0.00023471298805807894,0.0016540755194212101,-0.00025592925794744976,0.0001976896225928805,0.00028921860571788595,-0.0008679019479448637,0.0024311038356239273,0.0011736232011822897,0.00037014112893952653,0.0006075367349317434,-0.0008770077475123685,0.0010119689457809954,-0.0007695738030940565,-2.4519099012927963e-5,0.000341639988684482,0.0003058492166966722,-0.00018574130941155005,0.005019747797688594,-0.00498396895974791,0.00023471298805807894,0.03853788048815286,0.004759129020006916,0.009640361270404907,0.00457567129792592,-0.0012792823294544545,-0.023087434163554243,-0.006779359683177704,0.014196816968050297,0.0018517584426465438,0.01226221381876005,0.004199300420846153,-0.0008788927197327617,0.0028179431168066284,0.0008354925395736297,-0.006659044271663644,-0.012234358087637915,0.007033409403030198,3.176615705791836e-5,0.0027482681033274507,0.0016540755194212101,0.004759129020006916,0.025311793111171647,0.004753069702652205,-0.0019073583888351425,-0.0004720828293955,-0.011738556777371737,0.0036710349296466523,0.00601555691176974,0.004273869063375357,0.0013411225662903381,0.0031507129264007755,0.00035793925521545634,0.0006800293917864558,-0.002151750781582543,0.001131196721912983,0.0008039209355813236,0.0033292893641652024,0.0007361790089275568,0.0007125278215666298,-0.00025592925794744976,0.009640361270404907,0.004753069702652205,0.00788911943242492,0.0013325516596431823,-0.0009882797277789995,-0.014105205610007023,-0.005306729229939928,0.005231610025078202,0.0019224584372634751,0.004561788028945258,0.000339085908229683,0.0008371098992923749,0.002119975998614609,-0.0006084546433117149,-0.0005708041840744821,-0.009784542418864551,0.004091872599304825,-0.0011915169195496752,-0.001421666940173347,0.0001976896225928805,0.00457567129792592,-0.0019073583888351425,0.0013325516596431823,0.008376413778943173,-0.0005316688619973591,0.0017635137717533248,0.005148717114355545,0.003269274669364748,0.0006366293874186895,0.00157066052846856,0.0052898248069655615,0.0015218356096469098,0.0006921219120452349,0.0015778754776188749,0.0007197039504980368,-0.007757586183444961,0.000435463275567523,-0.00019498358263071803,0.0008260174601599449,0.00028921860571788595,-0.0012792823294544545,-0.0004720828293955,-0.0009882797277789995,-0.0005316688619973591,0.003252182079235886,0.0033708976029271686,-0.0016706175483076147,-0.0021644679737936956,-0.0008275221254548337,0.001960580161701161,-0.0019175609928324662,-0.00019497244288097394,0.0014676073913081778,0.0004418794419472808,-0.0008551145763677235,0.003797709780925149,0.0001287822294414519,-0.011094044799107729,-0.005469370316314311,-0.0008679019479448637,-0.023087434163554243,-0.011738556777371737,-0.014105205610007023,0.0017635137717533248,0.0033708976029271686,0.08479903925619198,0.03164657812927768,-0.010976685598539992,-0.008494059379640394,-0.020490106352100024,0.009896972306575203,-0.004196176263039969,-0.012384418329998892,0.0037631814430781224,0.0008857556389964068,0.024271712544674348,-0.014125712516078574,-0.006765619418582513,-0.0035232608105357143,0.0024311038356239273,-0.006779359683177704,0.0036710349296466523,-0.005306729229939928,0.005148717114355545,-0.0016706175483076147,0.03164657812927768,0.04880943854556975,0.005992895063632775,-0.00042031650912716236,-0.016262011528729935,0.012140365283929457,0.0005662394532468002,-0.01182328041789164,0.00011383365822161466,0.0003440307767162834,0.009413268817792135,-0.009132182310045124,-0.0009886574648298083,-0.002379868747120823,0.0011736232011822897,0.014196816968050297,0.00601555691176974,0.005231610025078202,0.003269274669364748,-0.0021644679737936956,-0.010976685598539992,0.005992895063632775,0.01619902190883943,0.0018288058854254146,0.0034558693307709725,0.004477149756354002,0.0011037293603838848,-0.0012109517508102237,2.5074660659676804e-5,-0.0033187774148290524,-0.007555009224025787,0.0018786510067058367,-0.00016198809704637604,0.001248230840412761,0.00037014112893952653,0.0018517584426465438,0.004273869063375357,0.0019224584372634751,0.0006366293874186895,-0.0008275221254548337,-0.008494059379640394,-0.00042031650912716236,0.0018288058854254146,0.004567675486306609,0.0011637889645846212,0.0011387762654086917,0.001276953421981004,0.0025652139233766766,-0.0008141122273761338,0.0012340162136739393,-0.0034329162534503556,0.001792178429233727,0.002223120952326402,-0.000686024929441306,0.0006075367349317434,0.01226221381876005,0.0013411225662903381,0.004561788028945258,0.00157066052846856,0.001960580161701161,-0.020490106352100024,-0.016262011528729935,0.0034558693307709725,0.0011637889645846212,0.021789811404009887,-0.0023114422338850692,0.0015434238387037483,0.00599913991413646,0.0020870678468242346,-0.0026094547483639916,-0.010093509822035066,0.008067038777490028,-0.0016416809939309913,-0.006633664236936405,-0.0008770077475123685,0.004199300420846153,0.0031507129264007755,0.000339085908229683,0.0052898248069655615,-0.0019175609928324662,0.009896972306575203,0.012140365283929457,0.004477149756354002,0.0011387762654086917,-0.0023114422338850692,0.022142071798108925,-0.0024855646217728563,-0.0046055648054536555,0.001080626493277499,-0.00014095165569373406,-0.0026133511254320236,-0.001335290250042052,0.0006195183919188822,0.003403155021127406,0.0010119689457809954,-0.0008788927197327617,0.00035793925521545634,0.0008371098992923749,0.0015218356096469098,-0.00019497244288097394,-0.004196176263039969,0.0005662394532468002,0.0011037293603838848,0.001276953421981004,0.0015434238387037483,-0.0024855646217728563,0.005479788732658142,0.0006579186561708256,4.6014246644595464e-5,0.002927443662374698,-0.00461233633286764,0.0011450578656670238,0.003463688773845166,0.004063441049480623,-0.0007695738030940565,0.0028179431168066284,0.0006800293917864558,0.002119975998614609,0.0006921219120452349,0.0014676073913081778,-0.012384418329998892,-0.01182328041789164,-0.0012109517508102237,0.0025652139233766766,0.00599913991413646,-0.0046055648054536555,0.0006579186561708256,0.01922571120909954,0.0005539933076940746,0.0008637534772210132,-0.0015842132159622094,0.004360850866367724,-0.0020048452534404083,-0.0010545441210210284,-2.4519099012927963e-5,0.0008354925395736297,-0.002151750781582543,-0.0006084546433117149,0.0015778754776188749,0.0004418794419472808,0.0037631814430781224,0.00011383365822161466,2.5074660659676804e-5,-0.0008141122273761338,0.0020870678468242346,0.001080626493277499,4.6014246644595464e-5,0.0005539933076940746,0.004023914125575406,-0.0004866543569163813,-0.000585999772710382,0.0006088611377144314,-0.0003392328852448622,0.004596082298362411,0.000341639988684482,-0.006659044271663644,0.001131196721912983,-0.0005708041840744821,0.0007197039504980368,-0.0008551145763677235,0.0008857556389964068,0.0003440307767162834,-0.0033187774148290524,0.0012340162136739393,-0.0026094547483639916,-0.00014095165569373406,0.002927443662374698,0.0008637534772210132,-0.0004866543569163813,0.012901372374158726,-0.0024700983011634696,-0.0004019528858446227,-0.0004420023897058903,-0.0030776454505385335,0.0003058492166966722,-0.012234358087637915,0.0008039209355813236,-0.009784542418864551,-0.007757586183444961,0.003797709780925149,0.024271712544674348,0.009413268817792135,-0.007555009224025787,-0.0034329162534503556,-0.010093509822035066,-0.0026133511254320236,-0.00461233633286764,-0.0015842132159622094,-0.000585999772710382,-0.0024700983011634696,0.05050507763907502,-0.007848290771710658,0.0020559644100222947,0.0017116890422133333,-0.00018574130941155005,0.007033409403030198,0.0033292893641652024,0.004091872599304825,0.000435463275567523,0.0001287822294414519,-0.014125712516078574,-0.009132182310045124,0.0018786510067058367,0.001792178429233727,0.008067038777490028,-0.001335290250042052,0.0011450578656670238,0.004360850866367724,0.0006088611377144314,-0.0004019528858446227,-0.007848290771710658,0.007210770051018786
0.01801011189497951,0.0023894209566136596,0.0008130651435573574,0.0008417006714544057,-0.0010376932891013988,0.0002017765582427841,0.001044398641716151,0.00033617775785145396,0.00615346817551609,0.0006735534511584597,0.0016347613966093627,0.0005530357298019608,0.0007627425075120628,-3.807981073911422e-5,0.0009990943193705633,0.0008762337259194011,0.001446490018203838,0.0011613804167335262,0.0020093141194264864,0.0005406109707319109,0.0023894209566136596,0.013043695511531192,0.0005276420051933905,0.0022335304826727577,0.0030767093859379374,0.0009440504714459706,0.0007578466284546568,0.0005200320863789495,0.002603526852828314,0.00254070942371929,4.2557257861410345e-5,0.0007099248772277833,0.0015792810350858846,0.0012135366237852473,-0.00011680414706757901,0.0006096399253791452,0.001268340338695155,-0.00022444536704794392,0.0029927804488403182,-0.00021637487794315066,0.0008130651435573574,0.0005276420051933905,0.0021228355573241495,0.0012604381476303836,2.752311672638941e-5,0.0005418896177744418,0.00035103644676015555,0.0002631415246396124,0.0012304789013714247,0.0010304595637104209,0.0002462378925397928,-0.00017247784740113161,0.00015721000666988724,0.00156555827591512,-4.5744841893028003e-5,0.0010370898815616567,0.0005838692522703965,0.0004387320017233781,0.0009367028448974319,0.000527134462192203,0.0008417006714544057,0.0022335304826727577,0.0012604381476303836,0.014914118548378954,0.0011218312819019605,0.0009917373205386092,-0.0005037500870556336,0.0006282126591625316,0.003113302176656582,0.002892725461562426,-0.0005581291899250193,0.0006142222191342824,0.001069404485927471,0.003320596343931788,-0.00044071168908719376,0.0020488153534304063,0.001685408801409145,-1.396418603717756e-6,0.0028321759147192324,0.0007169975881656644,-0.0010376932891013988,0.0030767093859379374,2.752311672638941e-5,0.0011218312819019605,0.0207042152802722,0.0023375188647741475,0.0008915222386239913,0.001248335884519816,0.007419260766616561,0.002435720749239443,0.00014266251470203378,0.0006629898579274466,0.003326331976820384,0.0015095406844399537,-9.292885409839502e-5,0.001348121961855598,0.0010703601451153475,0.0010258004199134056,0.004276181600642227,0.0014108328719516195,0.0002017765582427841,0.0009440504714459706,0.0005418896177744418,0.0009917373205386092,0.0023375188647741475,0.0039969335621985735,3.356776027431814e-5,0.0005962019249061417,0.003910902216892656,0.0016173386641055835,0.0007902387493524685,-0.00011364243475930002,0.002210127743123116,0.0016254471542321422,-0.00016380924226396242,0.0009458753161487451,0.00041601507844643196,0.00044805475451130503,0.002071406247650886,0.0003307426934213264,0.001044398641716151,0.0007578466284546568,0.00035103644676015555,-0.0005037500870556336,0.0008915222386239913,3.356776027431814e-5,0.00597340201008866,-7.318798034993562e-5,0.001680236332241398,3.913290859524659e-5,0.0009525691687200923,-3.538766706485493e-5,0.00034387540086279716,-0.0006201775617015401,0.0008146923511150488,-0.0006806684478418896,0.0005889458558537986,0.00047274849481333185,0.0032118981406873827,0.0007029858749751604,0.00033617775785145396,0.0005200320863789495,0.0002631415246396124,0.0006282126591625316,0.001248335884519816,0.0005962019249061417,-7.318798034993562e-5,0.002577770988936477,0.0017252912992082041,0.000650349298705678,-1.6948717209026192e-5,0.00040549638702261543,0.0009272631002984232,0.0004760520393989338,-0.00012346669133899942,3.019946021228204e-5,0.00019610084734779775,0.0014024508752077053,0.00022846372620244777,2.502570989936493e-5,0.00615346817551609,0.002603526852828314,0.0012304789013714247,0.003113302176656582,0.007419260766616561,0.003910902216892656,0.001680236332241398,0.0017252912992082041,0.035853296565738026,0.0017663167522553565,0.001854959336749673,0.0007194857758206336,0.005849606931657751,0.0005723435139488231,-0.0004011099680146702,0.003355994883898535,0.0024525384011413872,0.004023995692139924,0.008921332046360222,0.0009307107244320778,0.0006735534511584597,0.00254070942371929,0.0010304595637104209,0.002892725461562426,0.002435720749239443,0.0016173386641055835,3.913290859524659e-5,0.000650349298705678,0.0017663167522553565,0.018281511448181686,-0.0005779352073438727,-2.3496669196525474e-5,0.0022036355229749964,0.00277254698593575,0.0005269796960672194,0.002572729555965891,0.0016251445949377389,0.00021109996047111976,0.0027308460088744254,0.001550305333273954,0.0016347613966093627,4.2557257861410345e-5,0.0002462378925397928,-0.0005581291899250193,0.00014266251470203378,0.0007902387493524685,0.0009525691687200923,-1.6948717209026192e-5,0.001854959336749673,-0.0005779352073438727,0.0062196915354462015,2.8191255532313528e-5,0.0007994503914734755,0.0004444454076419885,0.0004805118436487729,0.0001238694699023028,-0.0003190980763263347,0.00011419755975647239,0.0009082268799657241,0.00021451066912836974,0.0005530357298019608,0.0007099248772277833,-0.00017247784740113161,0.0006142222191342824,0.0006629898579274466,-0.00011364243475930002,-3.538766706485493e-5,0.00040549638702261543,0.0007194857758206336,-2.3496669196525474e-5,2.8191255532313528e-5,0.0034116534080838993,0.0003502540958543951,0.0007104527004114345,0.0002222439063134634,-0.0008956746659430078,0.00021731747591444465,-0.0005049257385626208,0.0008061501274312167,-0.00043569041680065836,0.0007627425075120628,0.0015792810350858846,0.00015721000666988724,0.001069404485927471,0.003326331976820384,0.002210127743123116,0.00034387540086279716,0.0009272631002984232,0.005849606931657751,0.0022036355229749964,0.0007994503914734755,0.0003502540958543951,0.01034937434589051,0.001320447325827638,0.00044570418001281954,0.0015560933393717344,0.0007366564393353919,0.0008101371015229659,0.0053708575916824874,0.0005210800847726808,-3.807981073911422e-5,0.0012135366237852473,0.00156555827591512,0.003320596343931788,0.0015095406844399537,0.0016254471542321422,-0.0006201775617015401,0.0004760520393989338,0.0005723435139488231,0.00277254698593575,0.0004444454076419885,0.0007104527004114345,0.001320447325827638,0.015186441049421762,0.00016147220760767082,0.0010222332932653924,0.0006107501036332879,-0.0006652516418381277,0.002494025004507827,0.0005930711764688317,0.0009990943193705633,-0.00011680414706757901,-4.5744841893028003e-5,-0.00044071168908719376,-9.292885409839502e-5,-0.00016380924226396242,0.0008146923511150488,-0.00012346669133899942,-0.0004011099680146702,0.0005269796960672194,0.0004805118436487729,0.0002222439063134634,0.00044570418001281954,0.00016147220760767082,0.0036047812319649443,0.00030926130124334344,0.000432027458643698,0.00030122749305852017,0.0014300918477490488,0.00041037771418781866,0.0008762337259194011,0.0006096399253791452,0.0010370898815616567,0.0020488153534304063,0.001348121961855598,0.0009458753161487451,-0.0006806684478418896,3.019946021228204e-5,0.003355994883898535,0.002572729555965891,0.0001238694699023028,-0.0008956746659430078,0.0015560933393717344,0.0010222332932653924,0.00030926130124334344,0.012970051237096958,0.0014994467562029678,3.5406678984080866e-5,-0.0015613423943105574,0.0003641017465433559,0.001446490018203838,0.001268340338695155,0.0005838692522703965,0.001685408801409145,0.0010703601451153475,0.00041601507844643196,0.0005889458558537986,0.00019610084734779775,0.0024525384011413872,0.0016251445949377389,-0.0003190980763263347,0.00021731747591444465,0.0007366564393353919,0.0006107501036332879,0.000432027458643698,0.0014994467562029678,0.004804974278257028,0.00011580620884081572,0.0023790257402812706,0.0002561152313648911,0.0011613804167335262,-0.00022444536704794392,0.0004387320017233781,-1.396418603717756e-6,0.0010258004199134056,0.00044805475451130503,0.00047274849481333185,0.0014024508752077053,0.004023995692139924,0.00021109996047111976,0.00011419755975647239,-0.0005049257385626208,0.0008101371015229659,-0.0006652516418381277,0.00030122749305852017,3.5406678984080866e-5,0.00011580620884081572,0.00935056720174278,0.0024465641343751512,0.00028365875691600324,0.0020093141194264864,0.0029927804488403182,0.0009367028448974319,0.0028321759147192324,0.004276181600642227,0.002071406247650886,0.0032118981406873827,0.00022846372620244777,0.008921332046360222,0.0027308460088744254,0.0009082268799657241,0.0008061501274312167,0.0053708575916824874,0.002494025004507827,0.0014300918477490488,-0.0015613423943105574,0.0023790257402812706,0.0024465641343751512,0.033191057684507946,0.0017058132426623083,0.0005406109707319109,-0.00021637487794315066,0.000527134462192203,0.0007169975881656644,0.0014108328719516195,0.0003307426934213264,0.0007029858749751604,2.502570989936493e-5,0.0009307107244320778,0.001550305333273954,0.00021451066912836974,-0.00043569041680065836,0.0005210800847726808,0.0005930711764688317,0.00041037771418781866,0.0003641017465433559,0.0002561152313648911,0.00028365875691600324,0.0017058132426623083,0.002977897887499542
