0.0509096471582371,0.002442046231227562,0.005331352788559308,0.0016932585922892229,0.0038648336066561713,-0.003635598502560178,0.004916026750171347,0.0009796769615889878,0.007928347350546818,0.0027286985837115226,0.016648419885980356,0.0043636572396823035,0.001061432549432008,0.006231374735819738,0.005490542049002933,0.002748227677088359,0.0020014570519140146,-0.0005353861714623214,0.00679469211193318,0.001220672975025424,0.002442046231227562,0.0017979907039799262,-0.0007603201978213808,-0.00019340625152206828,0.0010015318190417341,0.0009895959171881666,0.0005818759317846949,0.0001752584714910105,0.0007888989788047994,-0.00023436364917551854,0.000321031984400718,0.0017462908748776783,0.0005084722116133408,0.0011022407414434533,0.000817177180464532,0.00037014247004294284,0.0017395738596127626,-8.690069704083033e-5,0.0006881011292880337,0.0001773904526568047,0.005331352788559308,-0.0007603201978213808,0.022781115841729892,0.0032619499436223926,0.0019266103489629309,0.004615691068388524,0.0017311838827239116,0.0019790582487490107,0.010021071938806761,0.0015350607472731056,0.012348340821006026,-0.0022438384046801394,0.0009006285798916811,0.005510981527692197,0.0027856295469267326,-1.087428639922586e-5,0.002571885294843172,0.008448385464837716,0.001957503537145698,0.003139535053365475,0.0016932585922892229,-0.00019340625152206828,0.0032619499436223926,0.008509184606726526,0.0044717762316615825,0.003024705935900431,7.300889987579893e-5,0.0002016950754471675,9.125449576454967e-5,0.0003380435495378692,0.006623756124002731,-0.0003621575997199238,0.000982232194755869,0.0009193225820804053,0.005330206092309667,0.0010511808802826346,-0.0010648771903739808,0.005785962791233702,0.0015492509192006213,-0.0018948465674784695,0.0038648336066561713,0.0010015318190417341,0.0019266103489629309,0.0044717762316615825,0.030040105238035648,0.0014473891058991713,0.00030194308051988594,-0.0013236456125317539,-0.0028588170459730453,0.002058254940393252,0.009444176349492961,0.005652806977233981,0.0018770955404018184,0.004201878280167707,0.0077227677164849445,0.00199671861917226,0.00581135659270633,0.007709215136206047,0.0037251207887571505,-0.0025292351287700223,-0.003635598502560178,0.0009895959171881666,0.004615691068388524,0.003024705935900431,0.0014473891058991713,0.02957857010673792,0.00235672105062818,0.002773894180654942,0.010007743350861272,-0.0022218652440785984,0.0010294251461782046,-0.0015554788845636815,0.001236715260441327,-0.0001913919896812024,0.004592343944074862,0.0014838289049931255,0.002170617452367641,0.011427549523533243,0.0003416989734633595,0.006624378398904019,0.004916026750171347,0.0005818759317846949,0.0017311838827239116,7.300889987579893e-5,0.00030194308051988594,0.00235672105062818,0.004401416603782405,0.0011070039680278233,0.006500823397820708,0.000656828105530507,0.003432632171782955,0.0005063544078337426,0.00035841837551760746,0.0016006409096627758,0.0002195571232738939,0.0008692918251367256,0.0020402183924157955,0.0023229294677032525,0.001219047462362676,0.003512328645555959,0.0009796769615889878,0.0001752584714910105,0.0019790582487490107,0.0002016950754471675,-0.0013236456125317539,0.002773894180654942,0.0011070039680278233,0.001809019876540762,0.004126716694748449,-0.0004335030144710008,0.0008453947677346306,-0.0006686732641494016,0.00033670266777421047,0.0005072633690438777,-0.0005368954196759255,0.00025067924373397974,0.00023602720202918747,0.0012256040821444743,-0.0001078744059228894,0.0024421928810733273,0.007928347350546818,0.0007888989788047994,0.010021071938806761,9.125449576454967e-5,-0.0028588170459730453,0.010007743350861272,0.006500823397820708,0.004126716694748449,0.03653731504102346,-0.00036952228188203665,0.00445636288085947,-0.0005940901807846776,0.0009367775124971857,0.0017413704590052105,0.0012103928689240228,0.001675371266344334,0.00480575296348594,0.011910919358037841,-0.0008014013546309016,0.011269630965817413,0.0027286985837115226,-0.00023436364917551854,0.0015350607472731056,0.0003380435495378692,0.002058254940393252,-0.0022218652440785984,0.000656828105530507,-0.0004335030144710008,-0.00036952228188203665,0.004283235886053993,0.00478720270203575,0.001406625040937809,0.0008746023223442656,0.002119286125102767,0.0012368004315002927,0.00023494121753208218,0.0023650808703708703,0.0010305298281735945,0.00103546980716793,0.0009225779333664934,0.016648419885980356,0.000321031984400718,0.012348340821006026,0.006623756124002731,0.009444176349492961,0.0010294251461782046,0.003432632171782955,0.0008453947677346306,0.00445636288085947,0.00478720270203575,0.041472075030968156,0.002527177712364197,0.0014762481120999208,0.01067467084031679,0.010197247948525893,0.0025409430387173804,0.002686288978838925,0.009494058484622333,0.005404663769335438,0.0015435463820202854,0.0043636572396823035,0.0017462908748776783,-0.0022438384046801394,-0.0003621575997199238,0.005652806977233981,-0.0015554788845636815,0.0005063544078337426,-0.0006686732641494016,-0.0005940901807846776,0.001406625040937809,0.002527177712364197,0.01429297659541393,0.002062634758905826,0.004685686207370257,0.006757881508062523,0.0010474014400784412,0.006578241895113122,0.0038470325875333126,-0.0005991420246905558,-0.0010864022101894487,0.001061432549432008,0.0005084722116133408,0.0009006285798916811,0.000982232194755869,0.0018770955404018184,0.001236715260441327,0.00035841837551760746,0.00033670266777421047,0.0009367775124971857,0.0008746023223442656,0.0014762481120999208,0.002062634758905826,0.003958150599387795,0.0005111773165997983,0.0027003487663588783,0.00022508109042835775,0.002473000940534313,0.0037782815697387333,0.0006477916495323861,0.0014878712728515105,0.006231374735819738,0.0011022407414434533,0.005510981527692197,0.0009193225820804053,0.004201878280167707,-0.0001913919896812024,0.0016006409096627758,0.0005072633690438777,0.0017413704590052105,0.002119286125102767,0.01067467084031679,0.004685686207370257,0.0005111773165997983,0.027930474798218984,0.0066073813672819105,0.0014850708238425003,0.005305799198524311,0.0033657253915386266,0.0016038322776429383,0.0023845114921023413,0.005490542049002933,0.000817177180464532,0.0027856295469267326,0.005330206092309667,0.0077227677164849445,0.004592343944074862,0.0002195571232738939,-0.0005368954196759255,0.0012103928689240228,0.0012368004315002927,0.010197247948525893,0.006757881508062523,0.0027003487663588783,0.0066073813672819105,0.023418944809684962,0.0021009814489165403,0.004060189597352052,0.011909460856347382,0.0012040060230258357,-0.001539621466973229,0.002748227677088359,0.00037014247004294284,-1.087428639922586e-5,0.0010511808802826346,0.00199671861917226,0.0014838289049931255,0.0008692918251367256,0.00025067924373397974,0.001675371266344334,0.00023494121753208218,0.0025409430387173804,0.0010474014400784412,0.00022508109042835775,0.0014850708238425003,0.0021009814489165403,0.001830692243524484,0.0010584491248988546,0.003048702060808562,0.0002577144956320027,0.0006561289686534896,0.0020014570519140146,0.0017395738596127626,0.002571885294843172,-0.0010648771903739808,0.00581135659270633,0.002170617452367641,0.0020402183924157955,0.00023602720202918747,0.00480575296348594,0.0023650808703708703,0.002686288978838925,0.006578241895113122,0.002473000940534313,0.005305799198524311,0.004060189597352052,0.0010584491248988546,0.01841070253033409,0.010087045940531046,-0.0003793806234895396,0.003958665408017004,-0.0005353861714623214,-8.690069704083033e-5,0.008448385464837716,0.005785962791233702,0.007709215136206047,0.011427549523533243,0.0023229294677032525,0.0012256040821444743,0.011910919358037841,0.0010305298281735945,0.009494058484622333,0.0038470325875333126,0.0037782815697387333,0.0033657253915386266,0.011909460856347382,0.003048702060808562,0.010087045940531046,0.037656632409870334,-0.001903137877808256,0.006897407651952601,0.00679469211193318,0.0006881011292880337,0.001957503537145698,0.0015492509192006213,0.0037251207887571505,0.0003416989734633595,0.001219047462362676,-0.0001078744059228894,-0.0008014013546309016,0.00103546980716793,0.005404663769335438,-0.0005991420246905558,0.0006477916495323861,0.0016038322776429383,0.0012040060230258357,0.0002577144956320027,-0.0003793806234895396,-0.001903137877808256,0.007580112558276727,0.0004979672280307517,0.001220672975025424,0.0001773904526568047,0.003139535053365475,-0.0018948465674784695,-0.0025292351287700223,0.006624378398904019,0.003512328645555959,0.0024421928810733273,0.011269630965817413,0.0009225779333664934,0.0015435463820202854,-0.0010864022101894487,0.0014878712728515105,0.0023845114921023413,-0.001539621466973229,0.0006561289686534896,0.003958665408017004,0.006897407651952601,0.0004979672280307517,0.031634556572727256
0.04675127489424488,0.0007570821076331379,0.009941238411150377,0.0016691468276347874,0.014762318372764083,0.013564835217872918,0.003066290030716136,-0.001420743906310513,-0.0010143378217293657,0.0008812776144436092,0.016189891699045056,0.00021673869650894444,0.0018004287608382123,-0.003349621156377273,-5.364481188004848e-5,0.0012564704255842846,0.006841271412847157,0.0018119612534872613,-0.0007957074245585744,0.0010092586367148014,0.0007570821076331379,0.0014022678225905805,0.0007121843966856434,0.00013218510487145193,0.0001748507172153037,0.0007701169460123923,0.0006188338474512956,6.972927335341806e-5,0.0009228987346177637,-0.00011628916689469142,0.0012335425687829663,0.0005028313714582494,-0.00015110631920461535,0.0007058488326399588,-0.000872736433305092,-6.340281150489971e-5,-8.161630324366745e-5,-0.00043433868747095786,0.0010914795069574797,0.002050127905527655,0.009941238411150377,0.0007121843966856434,0.018041682222658104,-0.001129569715937322,0.005468826189733815,0.005485557537532515,0.001570121798273886,-0.0005053178153601532,-0.0014080400955153289,-0.0006728788560267155,0.007932755659491711,0.000578335183488505,-0.0004085462515837087,0.001717925454567102,-0.0014604070134373744,0.0004894249622162,0.00023696890694751584,7.959514119419231e-5,0.001375968576358447,0.005013269821194146,0.0016691468276347874,0.00013218510487145193,-0.001129569715937322,0.008663314415814806,-0.0004148928268428676,-0.0006309606685126492,0.00010256454796339599,-0.00013900783144474735,0.002676015761603147,-0.0008782497746590584,-0.003388615537048738,-0.002089489789516523,0.0005606689541025857,5.433733504330758e-5,0.0027988427430929103,-0.0007083295489174663,0.0022553215126545167,-0.0006892450803397086,-2.8735482872371186e-5,0.0018180517448884402,0.014762318372764083,0.0001748507172153037,0.005468826189733815,-0.0004148928268428676,0.03937982118755792,0.006806516361787989,0.0011605174287833517,-0.001709665956639136,0.0029974999027804596,0.0002945309029722134,0.014418969111035894,0.003169947571643888,0.0022706456427045146,-0.003501583019649872,0.004993770225443872,0.0003764040793569893,0.00361274665227352,-0.0010537802073588352,-0.0035573967890991567,0.010132419524251358,0.013564835217872918,0.0007701169460123923,0.005485557537532515,-0.0006309606685126492,0.006806516361787989,0.026985423249521023,0.0037768170233032157,-0.001174606290976403,0.004348184015963404,0.0010746358456578072,0.009516419152198186,0.0030867962345207853,0.0030388915223537125,0.004217899551721723,0.0019104730862122632,0.0011097852467675385,0.006040204659975687,0.00043236506582164705,-0.0007996832469615271,-0.0027597428132698156,0.003066290030716136,0.0006188338474512956,0.001570121798273886,0.00010256454796339599,0.0011605174287833517,0.0037768170233032157,0.004526392171605912,0.00011989139018265234,-0.0009587285810237899,9.119796288093785e-5,0.0024175433654700347,0.0018049164850281003,0.0010874234146391014,-0.00042434807296744866,0.0007523339064800395,0.000488592608767689,0.0002718684444659849,0.002477766736341453,0.0012201029393429804,0.003031361534379427,-0.001420743906310513,6.972927335341806e-5,-0.0005053178153601532,-0.00013900783144474735,-0.001709665956639136,-0.001174606290976403,0.00011989139018265234,0.0028392678679565967,-0.0021583435106987034,-0.00012388055731187562,-0.0007056154542335411,0.0012040001060561834,-0.0005881117425215547,0.0018568943376624804,-6.473889199222648e-5,-0.000369835169853386,-0.00141618785351532,0.00028900830938528946,0.0001218659466408108,0.0022800350978203366,-0.0010143378217293657,0.0009228987346177637,-0.0014080400955153289,0.002676015761603147,0.0029974999027804596,0.004348184015963404,-0.0009587285810237899,-0.0021583435106987034,0.024670988105602327,0.00038594866589739647,0.0009537329979807481,0.0007020395250375452,0.0013334562159260047,0.002013902217108873,-0.0029209449685261633,-0.0013742558505976396,0.002240461970406511,-0.0001254132969121348,0.00202722625494498,-0.003452079122978352,0.0008812776144436092,-0.00011628916689469142,-0.0006728788560267155,-0.0008782497746590584,0.0002945309029722134,0.0010746358456578072,9.119796288093785e-5,-0.00012388055731187562,0.00038594866589739647,0.003166689867562901,0.00015803276042497755,-0.0001671135935684792,3.611421236520397e-5,-0.0002489219654747576,7.096001827648396e-5,0.0006354148525027641,0.0012763564655158296,0.0013325704198765562,7.0621188623599e-5,-0.002266956529416669,0.016189891699045056,0.0012335425687829663,0.007932755659491711,-0.003388615537048738,0.014418969111035894,0.009516419152198186,0.0024175433654700347,-0.0007056154542335411,0.0009537329979807481,0.00015803276042497755,0.05128401463414689,0.008124907028483199,0.002674927037163887,-0.006176476202282842,-0.0004559802917990909,0.0041638757583797965,0.00022974405196001186,-0.007928094661098176,0.0018512749355526427,0.001976420295135271,0.00021673869650894444,0.0005028313714582494,0.000578335183488505,-0.002089489789516523,0.003169947571643888,0.0030867962345207853,0.0018049164850281003,0.0012040001060561834,0.0007020395250375452,-0.0001671135935684792,0.008124907028483199,0.012651802968885604,0.0016978317121317784,0.0010449479728156343,-0.0016579683924054659,0.0005222220263816969,-0.002361776989780316,2.2597386609590696e-5,0.0005374233015047973,0.0042320639507434105,0.0018004287608382123,-0.00015110631920461535,-0.0004085462515837087,0.0005606689541025857,0.0022706456427045146,0.0030388915223537125,0.0010874234146391014,-0.0005881117425215547,0.0013334562159260047,3.611421236520397e-5,0.002674927037163887,0.0016978317121317784,0.0035469921905677947,-0.0005176758940792607,0.0019781004618194555,0.0004460500654245359,0.00042202544413520623,0.0007760954650424166,9.793785160446554e-5,0.00044264458605626245,-0.003349621156377273,0.0007058488326399588,0.001717925454567102,5.433733504330758e-5,-0.003501583019649872,0.004217899551721723,-0.00042434807296744866,0.0018568943376624804,0.002013902217108873,-0.0002489219654747576,-0.006176476202282842,0.0010449479728156343,-0.0005176758940792607,0.028186389420830783,-0.003969693533266388,-0.00034445568845271283,-0.000380736920174785,-0.004838155953420693,0.0026428028515581353,0.0037460404144610128,-5.364481188004848e-5,-0.000872736433305092,-0.0014604070134373744,0.0027988427430929103,0.004993770225443872,0.0019104730862122632,0.0007523339064800395,-6.473889199222648e-5,-0.0029209449685261633,7.096001827648396e-5,-0.0004559802917990909,-0.0016579683924054659,0.0019781004618194555,-0.003969693533266388,0.018375899699085842,0.00016216787946607436,0.004378615865032036,0.0014502752381534193,-0.004417220542742486,0.0035639719577784455,0.0012564704255842846,-6.340281150489971e-5,0.0004894249622162,-0.0007083295489174663,0.0003764040793569893,0.0011097852467675385,0.000488592608767689,-0.000369835169853386,-0.0013742558505976396,0.0006354148525027641,0.0041638757583797965,0.0005222220263816969,0.0004460500654245359,-0.00034445568845271283,0.00016216787946607436,0.002124281805335061,0.0010639168750829595,-0.0015837399998519944,0.000733656895038796,-0.001626471905873721,0.006841271412847157,-8.161630324366745e-5,0.00023696890694751584,0.0022553215126545167,0.00361274665227352,0.006040204659975687,0.0002718684444659849,-0.00141618785351532,0.002240461970406511,0.0012763564655158296,0.00022974405196001186,-0.002361776989780316,0.00042202544413520623,-0.000380736920174785,0.004378615865032036,0.0010639168750829595,0.017240404358980034,0.00042208720533396877,-0.0010407619347914368,-0.002169181283587826,0.0018119612534872613,-0.00043433868747095786,7.959514119419231e-5,-0.0006892450803397086,-0.0010537802073588352,0.00043236506582164705,0.002477766736341453,0.00028900830938528946,-0.0001254132969121348,0.0013325704198765562,-0.007928094661098176,2.2597386609590696e-5,0.0007760954650424166,-0.004838155953420693,0.0014502752381534193,-0.0015837399998519944,0.00042208720533396877,0.02348041159579836,-0.00026112315415101513,0.0026665987950793557,-0.0007957074245585744,0.0010914795069574797,0.001375968576358447,-2.8735482872371186e-5,-0.0035573967890991567,-0.0007996832469615271,0.0012201029393429804,0.0001218659466408108,0.00202722625494498,7.0621188623599e-5,0.0018512749355526427,0.0005374233015047973,9.793785160446554e-5,0.0026428028515581353,-0.004417220542742486,0.000733656895038796,-0.0010407619347914368,-0.00026112315415101513,0.008157087569915188,0.0005068300620062801,0.0010092586367148014,0.002050127905527655,0.005013269821194146,0.0018180517448884402,0.010132419524251358,-0.0027597428132698156,0.003031361534379427,0.0022800350978203366,-0.003452079122978352,-0.002266956529416669,0.001976420295135271,0.0042320639507434105,0.00044264458605626245,0.0037460404144610128,0.0035639719577784455,-0.001626471905873721,-0.002169181283587826,0.0026665987950793557,0.0005068300620062801,0.03892450470050993
