0.020443811831579388,-0.0005344850440541652,-0.003609293729662521,0.0015190484809433462,0.001891008039337847,0.00950958809698967,0.001715564506105808,-0.0019387100148187217,0.0013062662489405994,0.00630774925751907,0.0043897122528485585,0.0051660033858015614,0.0018376681573288051,0.004942435806363505,0.0017597983035803912,-0.002140477079763322,0.0010337948694342967,-0.004724669305886103,0.012360702619454763,-0.0030846784508009313,-0.0005344850440541652,0.01413748103665881,0.006623703107660337,0.0024420494873189577,-0.0016090720784908443,0.005773642004320152,0.0010984144690640487,0.003747604774435514,0.001457550246449711,-0.007398207413135205,-3.207275003137811e-5,-0.0030577724394518966,-0.00017862034405887698,0.006061167922114887,0.0025620266148369954,-0.000520727298806159,0.0066029218133861235,0.0023806388165869114,-0.004761560397041035,-0.00511391258235957,-0.003609293729662521,0.006623703107660337,0.02224061154734504,0.003495039154836034,0.0016947203591899133,0.0020825573510569973,0.0009693893549610646,0.003343837606313701,0.0003844769354763674,-0.006421048336386065,-0.002087641046650559,-0.004795476155835723,-0.001845692777540734,0.003865420321078169,0.0010146781052456874,0.0007711192366033686,0.005026756714879932,0.005632640805836225,-0.007568753282722106,0.00579417497182057,0.0015190484809433462,0.0024420494873189577,0.003495039154836034,0.008042939794135225,-0.0017743614178186186,0.001783296657352957,0.0020734020711157064,0.0033950066504760765,0.0029369650034336827,3.2953532601351756e-6,0.0003281341219882607,0.00276986389842525,-0.000230654203565577,0.004210740402318088,0.0014004300686500171,-0.00031835413191932965,0.006103886995531354,-0.00014135826648375364,0.002664116556205517,0.003519305810392669,0.001891008039337847,-0.0016090720784908443,0.0016947203591899133,-0.0017743614178186186,0.009302777954194102,0.0036219591117038264,0.001530660066754479,-0.0024257007737544956,-0.0006013965047764924,0.0006764819514468983,-0.0002649780955040598,-0.0009041231955681452,0.0006492753332107272,-0.0004611159161338914,-0.00017093500191606934,0.0018508233006755792,-0.0012062717100897557,0.003393924731855242,0.002560494431080685,0.003971067162213849,0.00950958809698967,0.005773642004320152,0.0020825573510569973,0.001783296657352957,0.0036219591117038264,0.06813047915079318,0.010167267170939704,0.004408769337223346,0.009191111716548052,0.005043820389129338,0.00369558814778657,-0.00011206770458601148,0.0036814790420314483,0.017344608095276062,0.004337528804937819,-0.0019303777582522518,0.004169843388813676,-2.8871077982571547e-5,-0.0002987070622973171,-0.008989923689390576,0.001715564506105808,0.0010984144690640487,0.0009693893549610646,0.0020734020711157064,0.001530660066754479,0.010167267170939704,0.014763918553163268,0.0024475871409632578,0.007668718584799127,-0.002711888129319891,-0.0013713045488865112,0.0024904882046133253,0.000767081824664552,-0.0018518486171764754,-0.0001294373273772445,0.0020196836321368997,0.003592275614508963,0.00694716910135711,0.009563181138423563,0.004502105161556859,-0.0019387100148187217,0.003747604774435514,0.003343837606313701,0.0033950066504760765,-0.0024257007737544956,0.004408769337223346,0.0024475871409632578,0.006745869972264462,0.00260132406088838,-0.0029506939270144785,-0.0005992377761537381,-3.586421008855553e-5,-0.0012425379633453624,0.0027063711674463883,0.0014027648139839075,-0.00020901072462635025,0.0037793687811454803,0.0024599276034610014,-0.0015650157559471164,0.0007123710776147828,0.0013062662489405994,0.001457550246449711,0.0003844769354763674,0.0029369650034336827,-0.0006013965047764924,0.009191111716548052,0.007668718584799127,0.00260132406088838,0.013692010075297807,0.0023304189338763277,-0.00045373389165731005,0.0011362989904475764,0.0009908983206708272,-0.002638702049913154,0.0011952956813204502,-0.00048186217087852975,0.0032793898511373244,0.0020780889243952466,0.012469144925121155,0.0053019957229674276,0.00630774925751907,-0.007398207413135205,-0.006421048336386065,3.2953532601351756e-6,0.0006764819514468983,0.005043820389129338,-0.002711888129319891,-0.0029506939270144785,0.0023304189338763277,0.0321573619020543,0.0040011955405825405,0.00361205597021414,0.0026794279618498175,0.006843750162647166,0.0001479854456822788,-0.0038973205151775726,-0.006347715869879636,-0.008414958392064796,0.009701900579306038,-0.002453414650826242,0.0043897122528485585,-3.207275003137811e-5,-0.002087641046650559,0.0003281341219882607,-0.0002649780955040598,0.00369558814778657,-0.0013713045488865112,-0.0005992377761537381,-0.00045373389165731005,0.0040011955405825405,0.004141240386459834,0.003427000440691891,0.001104232153939066,0.0038351506509099434,0.000639018336123807,-0.0016064409862523636,-0.0003630330297683131,-0.00488999340435687,0.0033742531458215742,-0.004834032161466632,0.0051660033858015614,-0.0030577724394518966,-0.004795476155835723,0.00276986389842525,-0.0009041231955681452,-0.00011206770458601148,0.0024904882046133253,-3.586421008855553e-5,0.0011362989904475764,0.00361205597021414,0.003427000440691891,0.017363303379054597,0.0018962191836287554,0.003478952326181227,0.0006549015466717047,0.00021359800853095238,0.00378301415121217,-0.0023392332161390125,0.015131295727403989,0.002745291160426076,0.0018376681573288051,-0.00017862034405887698,-0.001845692777540734,-0.000230654203565577,0.0006492753332107272,0.0036814790420314483,0.000767081824664552,-0.0012425379633453624,0.0009908983206708272,0.0026794279618498175,0.001104232153939066,0.0018962191836287554,0.0022887459208308578,0.00179349162084729,0.0005868389729180169,-0.00014417924279565893,0.000494718697655926,-0.0009113249668463942,0.0036246111009453266,0.0002757673874616638,0.004942435806363505,0.006061167922114887,0.003865420321078169,0.004210740402318088,-0.0004611159161338914,0.017344608095276062,-0.0018518486171764754,0.0027063711674463883,-0.002638702049913154,0.006843750162647166,0.0038351506509099434,0.003478952326181227,0.00179349162084729,0.043302071024224426,0.005275754899142222,0.0005777906588312306,0.009020622549237984,0.0019426973059697775,-0.01135968503292411,-0.004879179649668823,0.0017597983035803912,0.0025620266148369954,0.0010146781052456874,0.0014004300686500171,-0.00017093500191606934,0.004337528804937819,-0.0001294373273772445,0.0014027648139839075,0.0011952956813204502,0.0001479854456822788,0.000639018336123807,0.0006549015466717047,0.0005868389729180169,0.005275754899142222,0.005401427870039395,4.38358400805666e-5,0.0033408628475168813,0.0015830985100126027,0.002525920855669798,0.0034708319643274015,-0.002140477079763322,-0.000520727298806159,0.0007711192366033686,-0.00031835413191932965,0.0018508233006755792,-0.0019303777582522518,0.0020196836321368997,-0.00020901072462635025,-0.00048186217087852975,-0.0038973205151775726,-0.0016064409862523636,0.00021359800853095238,-0.00014417924279565893,0.0005777906588312306,4.38358400805666e-5,0.003947662125844891,0.0024299627774163708,0.0059176520733060815,-0.0007250457561923492,0.006153489314262219,0.0010337948694342967,0.0066029218133861235,0.005026756714879932,0.006103886995531354,-0.0012062717100897557,0.004169843388813676,0.003592275614508963,0.0037793687811454803,0.0032793898511373244,-0.006347715869879636,-0.0003630330297683131,0.00378301415121217,0.000494718697655926,0.009020622549237984,0.0033408628475168813,0.0024299627774163708,0.023296154202870296,0.005821210173021216,0.003327759415270984,0.010200277616971,-0.004724669305886103,0.0023806388165869114,0.005632640805836225,-0.00014135826648375364,0.003393924731855242,-2.8871077982571547e-5,0.00694716910135711,0.0024599276034610014,0.0020780889243952466,-0.008414958392064796,-0.00488999340435687,-0.0023392332161390125,-0.0009113249668463942,0.0019426973059697775,0.0015830985100126027,0.0059176520733060815,0.005821210173021216,0.018932422892276247,-0.0011428768836803222,0.012603392485642255,0.012360702619454763,-0.004761560397041035,-0.007568753282722106,0.002664116556205517,0.002560494431080685,-0.0002987070622973171,0.009563181138423563,-0.0015650157559471164,0.012469144925121155,0.009701900579306038,0.0033742531458215742,0.015131295727403989,0.0036246111009453266,-0.01135968503292411,0.002525920855669798,-0.0007250457561923492,0.003327759415270984,-0.0011428768836803222,0.0759468152467263,0.014383971360756344,-0.0030846784508009313,-0.00511391258235957,0.00579417497182057,0.003519305810392669,0.003971067162213849,-0.008989923689390576,0.004502105161556859,0.0007123710776147828,0.0053019957229674276,-0.002453414650826242,-0.004834032161466632,0.002745291160426076,0.0002757673874616638,-0.004879179649668823,0.0034708319643274015,0.006153489314262219,0.010200277616971,0.012603392485642255,0.014383971360756344,0.04498186573126879
0.027849166460343806,-0.009087015641016832,0.004609310633392663,-0.008025022128876319,0.002071491803618563,0.017434908304638307,-0.008289283155344279,-0.003588435286348923,0.009927247738416349,0.020360976309356505,0.000753598490886019,0.003971906966690647,0.00035490992189123375,0.026545019173883428,0.003585481850173284,0.0036694964365382417,0.008347211852099148,-0.012753304925118683,0.015508856039913293,-0.012396161868470895,-0.009087015641016832,0.013898474075489654,-0.0008890568737112068,0.00727331232229325,0.0020112442003184464,-0.00907006915086093,0.005783238288102748,0.0019968680411959665,-0.005039716352794748,-0.008859891914000575,0.00031586365239963794,0.0004731881317873131,-0.0012648911170396685,-0.01773025433733715,0.002484970608749531,-0.0009114762533377521,-0.007233773739197677,0.009570873962911763,-0.013298777239359945,0.013928151060144476,0.004609310633392663,-0.0008890568737112068,0.029290360856202898,-9.29971607975639e-5,0.0028065748258315907,0.01487363036716128,-0.0013312761789361512,-0.002132701648581436,0.005677615837589797,0.011884550226780699,0.0024473133802773196,0.014156133187201832,0.0008964018485972697,-0.00032176873248075145,-0.0004057336366483483,0.0048167714905496765,0.008717585001598565,-0.009156008503743313,0.0007867704727999637,0.009937805698369672,-0.008025022128876319,0.00727331232229325,-9.29971607975639e-5,0.015446264625537866,0.005301384699509144,-0.004709574093498531,0.00753254704643078,0.005818118660364713,-0.007060782662198837,-0.020354846298851335,0.001522431983455256,0.007096111277748259,-0.0008547013535041457,-0.02154610560108804,0.003156822524719954,-0.0009427481985004675,-0.011735683436325889,0.015051373056485223,-0.012782830447708005,0.021852161691698062,0.002071491803618563,0.0020112442003184464,0.0028065748258315907,0.005301384699509144,0.013888777809145719,0.008426222945768606,-0.0015980076923712365,0.0029089854538702584,0.0007524477446342833,-0.0054245884708317895,0.0014251448396344403,0.010636321247052804,-0.0004819382937672233,-0.00566283060665238,0.0036799304660651393,0.0022862696186422117,-0.0033615829411079066,0.002553340738529286,0.0007015790809118412,0.010798682288955072,0.017434908304638307,-0.00907006915086093,0.01487363036716128,-0.004709574093498531,0.008426222945768606,0.0755489753531702,-0.00793315912649791,-0.004247865077187803,0.015676921967982812,0.021299088673750532,0.0006314577715749753,0.030568660714452175,-0.00108465432877703,0.009302552247779601,0.0009914888081636512,0.009724853985013736,0.01601601973598895,-0.014943268553227196,0.01126635878408611,-0.0036677440865449384,-0.008289283155344279,0.005783238288102748,-0.0013312761789361512,0.00753254704643078,-0.0015980076923712365,-0.00793315912649791,0.016709366646875157,0.004440068592620907,-0.009175185064634855,-0.015692743822590907,0.0004988872889652845,0.003119319709859975,7.069386816407016e-5,-0.012777188090280249,-0.0008598229175581337,-0.0036971301480101188,-0.00560496123842961,0.01154807733060477,-0.016451731225514715,0.012920742073438178,-0.003588435286348923,0.0019968680411959665,-0.002132701648581436,0.005818118660364713,0.0029089854538702584,-0.004247865077187803,0.004440068592620907,0.00811477140344342,-0.003410650176039544,-0.016032229706490354,0.0011861053376535197,0.0038397085822479047,-0.00025079273027127293,-0.007852545788498404,0.0027763789944845255,-0.0021614790482815333,-0.010107651738250288,0.00855966295645761,-0.005489093202542662,0.013787114406095369,0.009927247738416349,-0.005039716352794748,0.005677615837589797,-0.007060782662198837,0.0007524477446342833,0.015676921967982812,-0.009175185064634855,-0.003410650176039544,0.014238203326217514,0.013164563119447314,0.00018340949901069143,0.003498123364184374,-0.00015802031300122664,0.013598114542016856,0.0006525280107805116,0.0036264714332757977,0.007958875522056933,-0.011305386370085952,0.011430209455455195,-0.00804488572954408,0.020360976309356505,-0.008859891914000575,0.011884550226780699,-0.020354846298851335,-0.0054245884708317895,0.021299088673750532,-0.015692743822590907,-0.016032229706490354,0.013164563119447314,0.073151875809716,-0.004520052519222842,-0.009918220896403238,0.0035274279760269985,0.0409854303439559,-0.005915939978606906,0.0065292182038032415,0.035007110336735314,-0.03561011841155126,0.03052649863231035,-0.04092827461903273,0.000753598490886019,0.00031586365239963794,0.0024473133802773196,0.001522431983455256,0.0014251448396344403,0.0006314577715749753,0.0004988872889652845,0.0011861053376535197,0.00018340949901069143,-0.004520052519222842,0.002451327842653157,0.0032520580858263087,-0.0008824626359885514,-0.0025822219129929625,0.00035615311108281076,0.0007138659453559573,-0.0021672304168061413,0.0017000217229707962,-0.0016661336891514206,0.004580487698767595,0.003971906966690647,0.0004731881317873131,0.014156133187201832,0.007096111277748259,0.010636321247052804,0.030568660714452175,0.003119319709859975,0.0038397085822479047,0.003498123364184374,-0.009918220896403238,0.0032520580858263087,0.041142519819958735,-0.002135026788140415,-0.01758320056248791,0.0050273855418597165,0.0052220459598933885,-0.0028572477559446045,0.0021286350945673065,-0.01621878981962033,0.021797864657847135,0.00035490992189123375,-0.0012648911170396685,0.0008964018485972697,-0.0008547013535041457,-0.0004819382937672233,-0.00108465432877703,7.069386816407016e-5,-0.00025079273027127293,-0.00015802031300122664,0.0035274279760269985,-0.0008824626359885514,-0.002135026788140415,0.0023919130853133157,0.004060467435834145,-0.0011729531451874114,-0.0006187934573227416,0.0038154930991167162,-0.0023084958905457385,0.001810706179625705,-0.003520261651765272,0.026545019173883428,-0.01773025433733715,-0.00032176873248075145,-0.02154610560108804,-0.00566283060665238,0.009302552247779601,-0.012777188090280249,-0.007852545788498404,0.013598114542016856,0.0409854303439559,-0.0025822219129929625,-0.01758320056248791,0.004060467435834145,0.07943772537828009,-0.0056032762181550365,0.00032892920030240237,0.026921490114787214,-0.02964450245488151,0.04153428582008205,-0.04322066160287349,0.003585481850173284,0.002484970608749531,-0.0004057336366483483,0.003156822524719954,0.0036799304660651393,0.0009914888081636512,-0.0008598229175581337,0.0027763789944845255,0.0006525280107805116,-0.005915939978606906,0.00035615311108281076,0.0050273855418597165,-0.0011729531451874114,-0.0056032762181550365,0.010399147214754042,0.0003850031477613059,-0.010054342889507396,0.004010432512671112,-0.004710029442624067,0.010762340258858819,0.0036694964365382417,-0.0009114762533377521,0.0048167714905496765,-0.0009427481985004675,0.0022862696186422117,0.009724853985013736,-0.0036971301480101188,-0.0021614790482815333,0.0036264714332757977,0.0065292182038032415,0.0007138659453559573,0.0052220459598933885,-0.0006187934573227416,0.00032892920030240237,0.0003850031477613059,0.003952678844993948,0.003993990016840058,-0.004028320948259565,0.002045533039894474,-0.0010588277076353063,0.008347211852099148,-0.007233773739197677,0.008717585001598565,-0.011735683436325889,-0.0033615829411079066,0.01601601973598895,-0.00560496123842961,-0.010107651738250288,0.007958875522056933,0.035007110336735314,-0.0021672304168061413,-0.0028572477559446045,0.0038154930991167162,0.026921490114787214,-0.010054342889507396,0.003993990016840058,0.038462887336238094,-0.02265285641782737,0.013838128644355688,-0.030477756177881375,-0.012753304925118683,0.009570873962911763,-0.009156008503743313,0.015051373056485223,0.002553340738529286,-0.014943268553227196,0.01154807733060477,0.00855966295645761,-0.011305386370085952,-0.03561011841155126,0.0017000217229707962,0.0021286350945673065,-0.0023084958905457385,-0.02964450245488151,0.004010432512671112,-0.004028320948259565,-0.02265285641782737,0.029484714663582122,-0.02121949730913123,0.027307579330274237,0.015508856039913293,-0.013298777239359945,0.0007867704727999637,-0.012782830447708005,0.0007015790809118412,0.01126635878408611,-0.016451731225514715,-0.005489093202542662,0.011430209455455195,0.03052649863231035,-0.0016661336891514206,-0.01621878981962033,0.001810706179625705,0.04153428582008205,-0.004710029442624067,0.002045533039894474,0.013838128644355688,-0.02121949730913123,0.0632230525837803,-0.028361691992664785,-0.012396161868470895,0.013928151060144476,0.009937805698369672,0.021852161691698062,0.010798682288955072,-0.0036677440865449384,0.012920742073438178,0.013787114406095369,-0.00804488572954408,-0.04092827461903273,0.004580487698767595,0.021797864657847135,-0.003520261651765272,-0.04322066160287349,0.010762340258858819,-0.0010588277076353063,-0.030477756177881375,0.027307579330274237,-0.028361691992664785,0.06939829909883946
0.027563923258762352,0.0018233741359188773,0.0034040819795076714,-0.002706902347464674,0.0026658153897101138,-0.012792612194002618,-0.0005166622744304158,0.005043952987997466,-0.0006988943622912391,0.00244908889594328,-0.003476252869060372,-0.0024727516086167256,0.0021350151529396207,-0.009799324685893757,-0.003043205554283286,0.0034983679111150047,0.0035545390500504375,-0.0001466137645858948,0.00817486983410488,0.008908765274240643,0.0018233741359188773,0.011419671041890123,-0.004331198829507085,-0.0020309836539023187,0.0034681661326632363,0.0012300818491904906,-0.00034703050654227516,0.0053744365494952035,0.001374538797384243,-0.0008019256967234529,-1.6657367284141712e-5,-0.0009015531796900186,0.0005991835283319414,0.0015131247074037808,-0.0022589720379755807,0.002020285807788927,-0.0014515802979422122,-0.0006926118028190448,-0.004383677817424122,0.009534367569535738,0.0034040819795076714,-0.004331198829507085,0.030611158050164535,0.005356978490323864,0.0037636680090456136,-0.0038457512682881475,0.004746111485171248,0.002689457172171644,-0.0014705482957414729,0.015308245564136232,0.001385552031606245,-0.0003993622617287169,-4.5430824490750145e-5,-0.0021478566169620726,0.00031494992003451463,0.004928505138559899,0.00022550535119698662,-0.0015540263345079244,0.014348788116798843,0.0005906778744230335,-0.002706902347464674,-0.0020309836539023187,0.005356978490323864,0.009076791714856746,-0.0021885815169564345,0.008113163113298554,0.0011892609466695747,-0.0008508397861250519,-0.0003667729502864371,0.003920417973077357,0.0012810980710319742,-0.0022478365990540195,-0.00010724336798770333,0.003205491575464238,-0.00047257563058811084,0.001956026043771023,-0.005437182320242364,-0.0008881738958225057,0.001526477193445936,0.0005373101261058209,0.0026658153897101138,0.0034681661326632363,0.0037636680090456136,-0.0021885815169564345,0.013619403168936216,-0.0003071550793053441,0.005262588422804267,0.0038544176900199125,0.0010688389241426462,0.00355027377333998,0.0005806957341919164,0.0007798129622039282,0.0006456516739533438,0.0004099448144964183,0.0024088832195544698,0.0017290149444827633,0.008893429895458962,0.00017750393508417434,0.004455128787687572,0.00014859276511423224,-0.012792612194002618,0.0012300818491904906,-0.0038457512682881475,0.008113163113298554,-0.0003071550793053441,0.09466712409602843,0.001491706557898537,-0.007500679053538246,-0.0023173792966443355,-0.013041522471598063,0.0072272053830896524,0.0016613583801079223,-0.0017801700509514596,-0.0017569715309854906,0.006618072020215266,-0.004623819386274675,-0.0047154619757420356,0.013758607923936489,-0.01760450409464632,-0.013651946766243261,-0.0005166622744304158,-0.00034703050654227516,0.004746111485171248,0.0011892609466695747,0.005262588422804267,0.001491706557898537,0.009484571046153543,0.0005242254091450396,0.0004067160447530513,0.006207589390124162,0.0012011778491367218,0.002776870991990347,0.0007055310353977701,0.004162976924178421,0.002791409225666494,0.0014291300986985162,0.0045968738203241676,-0.0005087562622170974,0.00506906368029004,-0.0021804068302452234,0.005043952987997466,0.0053744365494952035,0.002689457172171644,-0.0008508397861250519,0.0038544176900199125,-0.007500679053538246,0.0005242254091450396,0.00947017682437584,0.0024218006984054984,0.004399774701296619,-0.000699488764758153,-0.0015517659314944214,0.0011295794611407232,0.0023151240841218653,-0.0032813705447793514,0.004671813957726851,-0.0001415120750560219,-0.003315938318558897,-0.000948342115496101,0.014150792101777644,-0.0006988943622912391,0.001374538797384243,-0.0014705482957414729,-0.0003667729502864371,0.0010688389241426462,-0.0023173792966443355,0.0004067160447530513,0.0024218006984054984,0.011027578700260708,0.0012658216864404822,0.0009628675242555697,0.001435244908527651,0.0002058535281310814,0.007320807728849467,0.0020054678357135495,0.0016111425825486832,0.0020210153767472178,0.0005930749400819339,-0.002883799068262901,-0.0016201198150182028,0.00244908889594328,-0.0008019256967234529,0.015308245564136232,0.003920417973077357,0.00355027377333998,-0.013041522471598063,0.006207589390124162,0.004399774701296619,0.0012658216864404822,0.03510307384690224,0.0016874261094309774,0.000306418724721768,0.0019599025748556,0.004285558745309091,0.0012424288629967158,0.006649928012476518,-0.00017196483509118472,-0.0037053245759531995,0.012868833448374507,0.006594281600525829,-0.003476252869060372,-1.6657367284141712e-5,0.001385552031606245,0.0012810980710319742,0.0005806957341919164,0.0072272053830896524,0.0012011778491367218,-0.000699488764758153,0.0009628675242555697,0.0016874261094309774,0.0023310622317399697,0.0011639664154259894,-9.494459922544752e-5,0.0018413929065552621,0.0021289356326907477,-0.0001450929632817952,0.0007658915799898885,0.0015019643378533104,-0.00016541337197157897,-0.0033605058380320814,-0.0024727516086167256,-0.0009015531796900186,-0.0003993622617287169,-0.0022478365990540195,0.0007798129622039282,0.0016613583801079223,0.002776870991990347,-0.0015517659314944214,0.001435244908527651,0.000306418724721768,0.0011639664154259894,0.01870915354123342,-0.00035434414868637623,0.0029616720586156347,0.004414075592999733,-0.001636742317348579,0.0023541125401344573,0.002270828158119894,0.005401535525719004,-0.003677135535311512,0.0021350151529396207,0.0005991835283319414,-4.5430824490750145e-5,-0.00010724336798770333,0.0006456516739533438,-0.0017801700509514596,0.0007055310353977701,0.0011295794611407232,0.0002058535281310814,0.0019599025748556,-9.494459922544752e-5,-0.00035434414868637623,0.0016719956465672987,0.0007446525773478757,-0.000547098620201768,0.0010171243890703622,-5.253335377317672e-5,-0.0002495067374800566,0.00012130307433366318,0.003724155008773841,-0.009799324685893757,0.0015131247074037808,-0.0021478566169620726,0.003205491575464238,0.0004099448144964183,-0.0017569715309854906,0.004162976924178421,0.0023151240841218653,0.007320807728849467,0.004285558745309091,0.0018413929065552621,0.0029616720586156347,0.0007446525773478757,0.03814862049775888,0.00445277361340661,0.002827957417804172,-0.0054893952190186975,-0.0016433182295965542,-0.0032344535140002694,0.003255658632738815,-0.003043205554283286,-0.0022589720379755807,0.00031494992003451463,-0.00047257563058811084,0.0024088832195544698,0.006618072020215266,0.002791409225666494,-0.0032813705447793514,0.0020054678357135495,0.0012424288629967158,0.0021289356326907477,0.004414075592999733,-0.000547098620201768,0.00445277361340661,0.009448332990580247,-0.0016413657612561875,0.0049438484530365725,0.004621373220438997,0.004365763421995818,-0.01607146830419451,0.0034983679111150047,0.002020285807788927,0.004928505138559899,0.001956026043771023,0.0017290149444827633,-0.004623819386274675,0.0014291300986985162,0.004671813957726851,0.0016111425825486832,0.006649928012476518,-0.0001450929632817952,-0.001636742317348579,0.0010171243890703622,0.002827957417804172,-0.0016413657612561875,0.005254792493495634,-0.0026963544039714533,-0.0026552389640503707,0.0019106145892186922,0.00736810869162987,0.0035545390500504375,-0.0014515802979422122,0.00022550535119698662,-0.005437182320242364,0.008893429895458962,-0.0047154619757420356,0.0045968738203241676,-0.0001415120750560219,0.0020210153767472178,-0.00017196483509118472,0.0007658915799898885,0.0023541125401344573,-5.253335377317672e-5,-0.0054893952190186975,0.0049438484530365725,-0.0026963544039714533,0.025858514984133177,0.0048221420413588345,0.005009920855151858,-0.007779252141300978,-0.0001466137645858948,-0.0006926118028190448,-0.0015540263345079244,-0.0008881738958225057,0.00017750393508417434,0.013758607923936489,-0.0005087562622170974,-0.003315938318558897,0.0005930749400819339,-0.0037053245759531995,0.0015019643378533104,0.002270828158119894,-0.0002495067374800566,-0.0016433182295965542,0.004621373220438997,-0.0026552389640503707,0.0048221420413588345,0.010564229272142466,-0.0007210419623620266,-0.009842085551076983,0.00817486983410488,-0.004383677817424122,0.014348788116798843,0.001526477193445936,0.004455128787687572,-0.01760450409464632,0.00506906368029004,-0.000948342115496101,-0.002883799068262901,0.012868833448374507,-0.00016541337197157897,0.005401535525719004,0.00012130307433366318,-0.0032344535140002694,0.004365763421995818,0.0019106145892186922,0.005009920855151858,-0.0007210419623620266,0.04509303772460193,-0.007999595278489723,0.008908765274240643,0.009534367569535738,0.0005906778744230335,0.0005373101261058209,0.00014859276511423224,-0.013651946766243261,-0.0021804068302452234,0.014150792101777644,-0.0016201198150182028,0.006594281600525829,-0.0033605058380320814,-0.003677135535311512,0.003724155008773841,0.003255658632738815,-0.01607146830419451,0.00736810869162987,-0.007779252141300978,-0.009842085551076983,-0.007999595278489723,0.0688389348666095
