0.017008707250364432,0.0016266211614913654,0.0016942275231070416,0.0029972504161939334,0.003405745849480682,0.008043109213791911,0.0053108451882270605,0.0007845256023699656,0.0038754935490717566,0.00536145372796239,0.0013085207550173508,0.006121958350376374,0.0013650329745124507,0.00425017478082188,0.001802312759043319,0.0013178482185456897,0.005521489857882917,0.00351979824555404,0.008520483942472568,0.005542233768443336,0.0016266211614913654,0.008012526931224388,0.0024233497102024697,0.0017097467427585416,0.002946415889992164,0.007649439221637961,0.0023923270295731686,0.001336650674381201,0.001807280271573405,0.0027589482702149197,0.0015024250507827887,0.0021732814043979643,0.001194220514811334,0.000977661896323256,0.0008498065483426984,0.0017290590263586542,0.0035779888531135566,0.0018757195030716153,0.0031785337837819615,0.0030430363761421927,0.0016942275231070416,0.0024233497102024697,0.01436024326859549,0.0032844525480073957,0.0022705228152330825,0.003937927835870425,0.0034703050167964175,0.0015524759210883152,0.001774520032061514,0.0018683587196618146,0.0012044141214308595,0.00430086140859175,0.0005581036045546763,0.003940384221930351,0.0006448119697094832,0.0006180389253421269,0.004166064047218119,0.0024250913445238572,0.003742735985570735,0.0019656205226754537,0.0029972504161939334,0.0017097467427585416,0.0032844525480073957,0.0069647359048101804,0.0014108521772639817,0.008054271355472443,0.0033741622143653952,0.0016853846145563765,0.0013683131906185395,0.0020566876736678903,0.001507672473176663,0.0042697601559586,0.0005284754021556534,0.004593318868528222,0.001063450514664675,0.0011747546171154816,0.004253751460656024,0.002001245907585951,0.002410857609822585,0.004698059393514924,0.003405745849480682,0.002946415889992164,0.0022705228152330825,0.0014108521772639817,0.009271514125650795,0.008317472453893434,0.003616001699382816,0.0007315531929253602,0.002839882931036327,0.0036474704438231188,0.0011995465462596097,0.0041053567407105685,0.0012147702895680091,0.0027121723621170877,0.001721517386401836,0.002052322358166759,0.005074135578039639,0.0015529895272457512,0.006256706462732586,0.005461439767526879,0.008043109213791911,0.007649439221637961,0.003937927835870425,0.008054271355472443,0.008317472453893434,0.06178859048312348,0.011019090937388802,0.004741233630878541,0.008472771908863697,0.0067145948305335715,0.004934332190487557,0.011857919145987581,0.003085925872018477,0.007160498567678801,0.003912197991540717,0.0047045625303954244,0.011923478827214042,0.0030161804327794185,0.007293865245478124,0.013500808799168143,0.0053108451882270605,0.0023923270295731686,0.0034703050167964175,0.0033741622143653952,0.003616001699382816,0.011019090937388802,0.008777347013118305,0.002153737562019317,0.0035365083690679974,0.0036647610507912504,0.0015188222433242095,0.005776512490955058,0.0010264371553986103,0.005059730212687927,0.0017618489173190914,0.0014732464215256708,0.005037133939409468,0.0022197709832395725,0.003747335824318106,0.0061987063941578106,0.0007845256023699656,0.001336650674381201,0.0015524759210883152,0.0016853846145563765,0.0007315531929253602,0.004741233630878541,0.002153737562019317,0.0035614143047288734,0.001172683970364186,0.0017637410412069334,0.0009741227014843135,0.001343505327992572,0.00015050339830449615,0.003067685592688372,0.0005599884731423066,0.0004923564259215771,0.0015375726002270266,0.000936881485603407,-0.002246857026583989,0.0011326611858434076,0.0038754935490717566,0.001807280271573405,0.001774520032061514,0.0013683131906185395,0.002839882931036327,0.008472771908863697,0.0035365083690679974,0.001172683970364186,0.008311300419276206,0.0023423366012088618,0.0012741265423716706,0.002681022963569081,0.0009861275481304614,0.0015129344361944565,0.00094155172917328,0.000728299210731521,0.004335247525480734,0.0018426191434777368,0.004211058137219937,0.0030608253510955074,0.00536145372796239,0.0027589482702149197,0.0018683587196618146,0.0020566876736678903,0.0036474704438231188,0.0067145948305335715,0.0036647610507912504,0.0017637410412069334,0.0023423366012088618,0.016375134194738943,0.0009315641388121524,0.003995405744652838,0.001466004846373577,0.0042341876548208,0.0010005465747292288,0.0008596758176715972,0.0038212810183775063,0.0015346264810247026,0.0025571596348192976,0.0020537239281918245,0.0013085207550173508,0.0015024250507827887,0.0012044141214308595,0.001507672473176663,0.0011995465462596097,0.004934332190487557,0.0015188222433242095,0.0009741227014843135,0.0012741265423716706,0.0009315641388121524,0.001971795596153111,0.001556033238655918,0.00031703251786163397,0.002091084913882702,0.0007413256868193064,0.0006053279081948606,0.0013489992102692328,0.00074709797403389,0.0009578919692762968,0.0021038514085780415,0.006121958350376374,0.0021732814043979643,0.00430086140859175,0.0042697601559586,0.0041053567407105685,0.011857919145987581,0.005776512490955058,0.001343505327992572,0.002681022963569081,0.003995405744652838,0.001556033238655918,0.018536392269108533,0.0010728260167818852,0.0068012642777842535,0.00225711344955757,0.0022086415353511535,0.006679212519343269,0.0031095664626382474,0.009914780154954126,0.008760655991265954,0.0013650329745124507,0.001194220514811334,0.0005581036045546763,0.0005284754021556534,0.0012147702895680091,0.003085925872018477,0.0010264371553986103,0.00015050339830449615,0.0009861275481304614,0.001466004846373577,0.00031703251786163397,0.0010728260167818852,0.0015581805094544744,0.0006693528645512327,0.0005185256830535715,0.0005927568173278994,0.0017521952204772994,0.0008905317802297409,0.002971891793754211,0.002050722091781383,0.00425017478082188,0.000977661896323256,0.003940384221930351,0.004593318868528222,0.0027121723621170877,0.007160498567678801,0.005059730212687927,0.003067685592688372,0.0015129344361944565,0.0042341876548208,0.002091084913882702,0.0068012642777842535,0.0006693528645512327,0.025971414003516838,0.0032670411410982876,0.0017554112403227657,0.005308600793155628,0.003092126380609666,0.003913221177096102,0.0072636203128754045,0.001802312759043319,0.0008498065483426984,0.0006448119697094832,0.001063450514664675,0.001721517386401836,0.003912197991540717,0.0017618489173190914,0.0005599884731423066,0.00094155172917328,0.0010005465747292288,0.0007413256868193064,0.00225711344955757,0.0005185256830535715,0.0032670411410982876,0.0034358447528354515,0.0008994004195694099,0.002397970519192867,0.0014116609226849427,0.0022710899748266174,0.0035044965927405036,0.0013178482185456897,0.0017290590263586542,0.0006180389253421269,0.0011747546171154816,0.002052322358166759,0.0047045625303954244,0.0014732464215256708,0.0004923564259215771,0.000728299210731521,0.0008596758176715972,0.0006053279081948606,0.0022086415353511535,0.0005927568173278994,0.0017554112403227657,0.0008994004195694099,0.002176442334908079,0.0022954065051754543,0.0011448325732017507,0.002757189477472637,0.002940113113386669,0.005521489857882917,0.0035779888531135566,0.004166064047218119,0.004253751460656024,0.005074135578039639,0.011923478827214042,0.005037133939409468,0.0015375726002270266,0.004335247525480734,0.0038212810183775063,0.0013489992102692328,0.006679212519343269,0.0017521952204772994,0.005308600793155628,0.002397970519192867,0.0022954065051754543,0.016458043046860375,0.0036910546389559117,0.009345240613423492,0.005008010712714835,0.00351979824555404,0.0018757195030716153,0.0024250913445238572,0.002001245907585951,0.0015529895272457512,0.0030161804327794185,0.0022197709832395725,0.000936881485603407,0.0018426191434777368,0.0015346264810247026,0.00074709797403389,0.0031095664626382474,0.0008905317802297409,0.003092126380609666,0.0014116609226849427,0.0011448325732017507,0.0036910546389559117,0.007507909441688573,0.003199618931835853,0.0036705428779470126,0.008520483942472568,0.0031785337837819615,0.003742735985570735,0.002410857609822585,0.006256706462732586,0.007293865245478124,0.003747335824318106,-0.002246857026583989,0.004211058137219937,0.0025571596348192976,0.0009578919692762968,0.009914780154954126,0.002971891793754211,0.003913221177096102,0.0022710899748266174,0.002757189477472637,0.009345240613423492,0.003199618931835853,0.04482918344946205,0.007596825505305738,0.005542233768443336,0.0030430363761421927,0.0019656205226754537,0.004698059393514924,0.005461439767526879,0.013500808799168143,0.0061987063941578106,0.0011326611858434076,0.0030608253510955074,0.0020537239281918245,0.0021038514085780415,0.008760655991265954,0.002050722091781383,0.0072636203128754045,0.0035044965927405036,0.002940113113386669,0.005008010712714835,0.0036705428779470126,0.007596825505305738,0.030523760454885793
0.010392477155591905,0.0002770720317609842,0.0010738615180964774,-7.022368800940746e-5,0.0006230421310198309,0.0018447942795381997,-0.001285422878475035,-0.00012007451613328828,-0.0002185836772080459,0.002938681261163912,0.000507171789263852,-0.0004103516172759669,-0.00026579382669100955,-0.0006407486901418887,0.0003643822406816129,0.0005629393607337737,0.00010417063782898342,0.000216006224771439,0.00016695899274369528,-0.0008796801124084002,0.0002770720317609842,0.0061499722376759285,-0.0024509716628150257,0.00029984919374945553,-0.0002653126434503177,-0.004418867092533406,-0.0008550309784119089,0.0012294577578323793,0.0002339355965254292,-0.0023635457392477,-0.00045214349063370186,-0.0009394072038285034,-0.00043820210390478,0.0013211415537616724,0.00019429862198967995,0.00012575757621942287,-7.134452616734689e-5,-9.960696290229633e-5,-0.0008594287610941574,0.00045836422477759417,0.0010738615180964774,-0.0024509716628150257,0.020324180855229378,0.0010610612895822864,0.0008737941270766374,0.0074285214466623326,0.0030433589451355787,-0.00019871561091369715,0.0017882015269513932,0.006185486357307303,0.0013273051406599463,0.0024417117255686955,0.0017421058491418817,0.001011773094772243,3.07361550599294e-5,9.216176447839895e-5,0.001459301577760096,0.0009004677399043651,0.007099663893373611,0.0052573270212780965,-7.022368800940746e-5,0.00029984919374945553,0.0010610612895822864,0.005619523684505159,0.0008735973172533499,0.002667832545242553,0.0018758702200745454,0.0008631840743047472,0.0017146257581426932,0.001971474100871857,-1.134599166225179e-5,0.0004431660890151141,0.001144805610168941,-0.00046559257305142437,-8.210523807027319e-5,-0.0001413641310933055,0.0016552331306205355,0.0012678661870206302,0.005240457997291776,0.0006040976012330196,0.0006230421310198309,-0.0002653126434503177,0.0008737941270766374,0.0008735973172533499,0.0072669425406367266,0.002163150222359399,0.0016122735405188406,0.0006270649160310687,-0.0002658916023019465,-0.0003373741487460929,0.00024366483810693177,0.0011967495957532995,0.0006038150294399366,0.0009563117381163916,0.000983314660772653,-0.0008067333552359143,0.0008766731695666657,0.0008062066325336243,0.0014708594388143847,-0.000979608170032533,0.0018447942795381997,-0.004418867092533406,0.0074285214466623326,0.002667832545242553,0.002163150222359399,0.04300176887765833,0.005570742203686561,-0.00151184319679313,0.0007922486929231698,0.00992336957222063,0.0002120308634397676,0.004454050166389957,0.0024200870914811326,0.005928146596333419,-0.0002265306484353108,0.0001340696307975391,-0.0005193978052146385,0.005275739935924792,0.010609253045686266,0.001086730709641256,-0.001285422878475035,-0.0008550309784119089,0.0030433589451355787,0.0018758702200745454,0.0016122735405188406,0.005570742203686561,0.008968785433068416,-0.0018907964434620487,-0.000517828547891335,0.004400460240401485,1.2988336666301132e-5,0.0009206516102132965,0.0012781566890657542,0.003349240928243881,-0.0012557222920232406,-0.0007170617397183437,0.0031712154953066995,0.002890036654050691,0.0018513732542556997,0.002423494540881122,-0.00012007451613328828,0.0012294577578323793,-0.00019871561091369715,0.0008631840743047472,0.0006270649160310687,-0.00151184319679313,-0.0018907964434620487,0.00448633153197856,0.0012984922632176955,-0.004231094665915905,-0.0002411858137480018,0.00043747926670576777,0.00015958763363171913,-0.001391625408128371,0.0006527791505910106,0.0004672018472003802,0.00041807201442904435,-0.00020069005832378938,0.0013177422758617946,0.0006705322409952819,-0.0002185836772080459,0.0002339355965254292,0.0017882015269513932,0.0017146257581426932,-0.0002658916023019465,0.0007922486929231698,-0.000517828547891335,0.0012984922632176955,0.009192806828759423,0.002220689091308444,-5.394346647032506e-5,0.0017132160544200245,-0.0003503439641021713,-0.002285548669722975,-0.00012862536987848157,0.00025794170875048227,0.001742504646155215,-0.001169727261240008,0.003446178019214626,-0.0005794150486115262,0.002938681261163912,-0.0023635457392477,0.006185486357307303,0.001971474100871857,-0.0003373741487460929,0.00992336957222063,0.004400460240401485,-0.004231094665915905,0.002220689091308444,0.029580401482779944,0.0008331402747254004,0.004148848829723278,0.0007359923993589128,0.00038228898641690643,-0.000742533785758742,-0.0007219989014405902,-0.00012298412605577696,0.0023924455822069987,0.009595982328504423,0.0020196554926844865,0.000507171789263852,-0.00045214349063370186,0.0013273051406599463,-1.134599166225179e-5,0.00024366483810693177,0.0002120308634397676,1.2988336666301132e-5,-0.0002411858137480018,-5.394346647032506e-5,0.0008331402747254004,0.0013770573409249258,0.0003297347596347923,0.0001475308268833596,0.0004651260915579045,7.468205791064846e-5,-4.514150231420281e-5,-0.0004276138723665714,-0.00022269741555098094,0.0011241524693803094,-7.849877082725609e-5,-0.0004103516172759669,-0.0009394072038285034,0.0024417117255686955,0.0004431660890151141,0.0011967495957532995,0.004454050166389957,0.0009206516102132965,0.00043747926670576777,0.0017132160544200245,0.004148848829723278,0.0003297347596347923,0.01573083385263454,0.0014809962844766684,0.0024546957896317153,0.00035904364830975535,-0.0009239580973228407,0.0005915707994183983,0.0021103998982344267,0.005076340670539192,0.002417828018528555,-0.00026579382669100955,-0.00043820210390478,0.0017421058491418817,0.001144805610168941,0.0006038150294399366,0.0024200870914811326,0.0012781566890657542,0.00015958763363171913,-0.0003503439641021713,0.0007359923993589128,0.0001475308268833596,0.0014809962844766684,0.0017775127999386429,0.0012257544374258335,-0.0001118937236323451,-0.00018486282417193469,0.0009077043737166868,0.0012176115456060562,0.0014103591005225988,0.0009481818196215993,-0.0006407486901418887,0.0013211415537616724,0.001011773094772243,-0.00046559257305142437,0.0009563117381163916,0.005928146596333419,0.003349240928243881,-0.001391625408128371,-0.002285548669722975,0.00038228898641690643,0.0004651260915579045,0.0024546957896317153,0.0012257544374258335,0.022550097781334186,-0.0003374313551050814,-0.0003397717549780655,0.0018469674551224449,0.0032323135414630937,-0.002348814767290648,0.00502335796795492,0.0003643822406816129,0.00019429862198967995,3.07361550599294e-5,-8.210523807027319e-5,0.000983314660772653,-0.0002265306484353108,-0.0012557222920232406,0.0006527791505910106,-0.00012862536987848157,-0.000742533785758742,7.468205791064846e-5,0.00035904364830975535,-0.0001118937236323451,-0.0003374313551050814,0.0031222339924528463,6.257905994584867e-5,-0.0003735741507971865,-0.00019099769119510377,0.000308046339208479,-0.0011561064414111401,0.0005629393607337737,0.00012575757621942287,9.216176447839895e-5,-0.0001413641310933055,-0.0008067333552359143,0.0001340696307975391,-0.0007170617397183437,0.0004672018472003802,0.00025794170875048227,-0.0007219989014405902,-4.514150231420281e-5,-0.0009239580973228407,-0.00018486282417193469,-0.0003397717549780655,6.257905994584867e-5,0.0016255003522415276,-0.0007649870963501801,-0.00046887250068444665,-0.0017590685544933574,0.00022673321887893598,0.00010417063782898342,-7.134452616734689e-5,0.001459301577760096,0.0016552331306205355,0.0008766731695666657,-0.0005193978052146385,0.0031712154953066995,0.00041807201442904435,0.001742504646155215,-0.00012298412605577696,-0.0004276138723665714,0.0005915707994183983,0.0009077043737166868,0.0018469674551224449,-0.0003735741507971865,-0.0007649870963501801,0.013183160230772942,0.0012920229786962459,-0.0017866615580364367,0.0034737663331808597,0.000216006224771439,-9.960696290229633e-5,0.0009004677399043651,0.0012678661870206302,0.0008062066325336243,0.005275739935924792,0.002890036654050691,-0.00020069005832378938,-0.001169727261240008,0.0023924455822069987,-0.00022269741555098094,0.0021103998982344267,0.0012176115456060562,0.0032323135414630937,-0.00019099769119510377,-0.00046887250068444665,0.0012920229786962459,0.0068917988442458115,0.0014703381991005235,0.0027831487198787227,0.00016695899274369528,-0.0008594287610941574,0.007099663893373611,0.005240457997291776,0.0014708594388143847,0.010609253045686266,0.0018513732542556997,0.0013177422758617946,0.003446178019214626,0.009595982328504423,0.0011241524693803094,0.005076340670539192,0.0014103591005225988,-0.002348814767290648,0.000308046339208479,-0.0017590685544933574,-0.0017866615580364367,0.0014703381991005235,0.03691106253952865,-0.0009426257492830118,-0.0008796801124084002,0.00045836422477759417,0.0052573270212780965,0.0006040976012330196,-0.000979608170032533,0.001086730709641256,0.002423494540881122,0.0006705322409952819,-0.0005794150486115262,0.0020196554926844865,-7.849877082725609e-5,0.002417828018528555,0.0009481818196215993,0.00502335796795492,-0.0011561064414111401,0.00022673321887893598,0.0034737663331808597,0.0027831487198787227,-0.0009426257492830118,0.02133866598260065
