0.00508973628681306,0.0008743984695870164,0.00029327659372859876,1.4456068283123173e-5,0.0020388646282504634,0.000690768568101138,0.0010621660844153946,0.0003743639195992949,0.001610527924113298,0.00041655721822330213,0.0005782220619741135,0.0007880811212330785,0.000799326054671032,0.001716801237784013,-0.0003352503518223132,0.00011511521294973347,0.00034649215098996896,0.000405144492791148,0.000565391461349232,-7.447526419352558e-5,0.0008743984695870164,0.005382229471130196,0.0017484949179829138,-0.0005695790395139673,0.00187401305476191,0.00039036658232081484,0.000799389275353912,0.00011756449317568071,0.0012980377858523673,0.00035118747285749744,0.00018718228855791328,0.0009215608571709886,0.0012057328400792756,0.0005365114848570116,4.445049313326955e-5,-0.0001507073064349073,0.00014408873470280826,0.0007811327199778724,0.0003669750352975957,-6.233718108044443e-5,0.00029327659372859876,0.0017484949179829138,0.023375231481361794,0.0026334236678986897,0.0005827556123569771,0.001305557770219938,0.0004003421356624533,0.0005713739083905531,0.0045221525848596344,0.001238292083199091,0.0007491555173483706,-0.00046076734993700337,0.0024254012682922437,0.0013638052994780396,0.0005281271594478377,0.00045213805632069354,0.00092123278206573,0.002374066794483298,0.0023876090646970773,0.001537246439781666,1.4456068283123173e-5,-0.0005695790395139673,0.0026334236678986897,0.02516717552094786,0.002243030435197988,0.0008100234690138097,-0.00044674014412523014,0.00012932237211123177,0.001055231362691636,0.0010518375733786982,6.874109597888157e-5,0.0006591916331576484,-0.0010996645040284346,0.0024593032268484683,0.000955459011081843,0.0003128569558022134,0.0010100343267485361,0.0006771681366293997,0.001892575495921176,0.0009067595471715828,0.0020388646282504634,0.00187401305476191,0.0005827556123569771,0.002243030435197988,0.02331853037687432,0.001801727482299467,0.0016352583588202215,0.0001358902637760744,0.0015595241029457646,0.0008743644074917574,0.0009198694563180616,0.0001805816814529007,0.0029722307015201707,0.0029256808286663325,-6.473880037650233e-6,0.0004867845903144124,0.0005034826442065143,4.8671168249473404e-5,-0.0003544957259545257,0.0002337172973428798,0.000690768568101138,0.00039036658232081484,0.001305557770219938,0.0008100234690138097,0.001801727482299467,0.002607335730650577,6.885832500567325e-5,0.00021553221319114648,0.0005985776121014652,0.0004766334501106236,0.0006586178503568737,0.0003113959825152187,0.0006739482637437863,0.00087615325187757,0.00036351382095802,0.00021991909322153496,0.00042426633535143463,-1.0750136772362225e-6,0.000585888216867849,0.0007136684523583036,0.0010621660844153946,0.000799389275353912,0.0004003421356624533,-0.00044674014412523014,0.0016352583588202215,6.885832500567325e-5,0.017787846445514763,0.0006730686378579823,0.0018119223470077815,-2.7832369177197995e-5,0.00039126894489664526,0.0025660821541179293,0.002704883079496725,0.0019287648734247391,0.0006420480102580063,-0.0005964770398819943,0.000315877620378887,0.0018349965825786062,0.0003407408442114098,-0.00043956801389428713,0.0003743639195992949,0.00011756449317568071,0.0005713739083905531,0.00012932237211123177,0.0001358902637760744,0.00021553221319114648,0.0006730686378579823,0.0017097885400810264,0.0006025731745715186,0.00013630632091713623,0.00017463854339778962,0.0008335630033144985,0.00042673480467458316,0.00022016861295703558,-1.4925402454888517e-5,-0.00016731445085180213,0.0003120136242913699,0.00012440269775363142,0.0005302807733999694,0.0004353734436598709,0.001610527924113298,0.0012980377858523673,0.0045221525848596344,0.001055231362691636,0.0015595241029457646,0.0005985776121014652,0.0018119223470077815,0.0006025731745715186,0.016862757991666984,0.0006087268213344748,0.0007535061808549683,0.0022928685272466196,0.0041251746998831424,0.0028737795521681124,0.00017435197016374965,0.0002631551519397916,0.0009390125715588217,0.001508603882024112,5.398051259732241e-5,0.0006230862751935033,0.00041655721822330213,0.00035118747285749744,0.001238292083199091,0.0010518375733786982,0.0008743644074917574,0.0004766334501106236,-2.7832369177197995e-5,0.00013630632091713623,0.0006087268213344748,0.001986815479523885,0.0003186069355418541,0.0007903061587931501,0.0004578142615248092,0.0013626820045040044,9.308356337092184e-6,0.00026912928731914027,0.00033319602827301003,-0.00020256328252228877,0.0005196993699247544,5.0099430198000686e-5,0.0005782220619741135,0.00018718228855791328,0.0007491555173483706,6.874109597888157e-5,0.0009198694563180616,0.0006586178503568737,0.00039126894489664526,0.00017463854339778962,0.0007535061808549683,0.0003186069355418541,0.002656342996960697,-0.00011751362667632602,0.0006210097404378846,0.0004874931755432649,0.00037566232284224477,0.00018155832188832905,8.640518080646687e-5,-6.022756555006066e-5,0.0005118809369075912,0.0004018451351069348,0.0007880811212330785,0.0009215608571709886,-0.00046076734993700337,0.0006591916331576484,0.0001805816814529007,0.0003113959825152187,0.0025660821541179293,0.0008335630033144985,0.0022928685272466196,0.0007903061587931501,-0.00011751362667632602,0.008383237563369894,0.001858736219040927,0.0007403963524286858,0.0006236177845081569,-0.00023510385412130451,0.0006634908569386341,0.0012309390558922482,1.9076554405189866e-5,0.0001445964231582321,0.000799326054671032,0.0012057328400792756,0.0024254012682922437,-0.0010996645040284346,0.0029722307015201707,0.0006739482637437863,0.002704883079496725,0.00042673480467458316,0.0041251746998831424,0.0004578142615248092,0.0006210097404378846,0.001858736219040927,0.025120677229653977,0.0013521255945260512,-0.00012247106858403502,0.0004121441858168166,-6.787366661043344e-5,0.0019417061598080774,0.0021754151739936172,-0.000291511065061327,0.001716801237784013,0.0005365114848570116,0.0013638052994780396,0.0024593032268484683,0.0029256808286663325,0.00087615325187757,0.0019287648734247391,0.00022016861295703558,0.0028737795521681124,0.0013626820045040044,0.0004874931755432649,0.0007403963524286858,0.0013521255945260512,0.011324235959927896,-0.0002454527934268207,0.0007341003919035308,0.000350462070368614,0.0006290538319052392,0.0012042241328959525,0.0009370911095283233,-0.0003352503518223132,4.445049313326955e-5,0.0005281271594478377,0.000955459011081843,-6.473880037650233e-6,0.00036351382095802,0.0006420480102580063,-1.4925402454888517e-5,0.00017435197016374965,9.308356337092184e-6,0.00037566232284224477,0.0006236177845081569,-0.00012247106858403502,-0.0002454527934268207,0.004766709481610834,-4.2340007848539016e-5,0.00038561031796518217,0.0005124691394727542,0.000585768560485371,1.980599718565884e-5,0.00011511521294973347,-0.0001507073064349073,0.00045213805632069354,0.0003128569558022134,0.0004867845903144124,0.00021991909322153496,-0.0005964770398819943,-0.00016731445085180213,0.0002631551519397916,0.00026912928731914027,0.00018155832188832905,-0.00023510385412130451,0.0004121441858168166,0.0007341003919035308,-4.2340007848539016e-5,0.0014503832905129498,-2.7664089633066646e-5,-0.0001589925801183288,-8.696434986490142e-6,8.73297671126597e-5,0.00034649215098996896,0.00014408873470280826,0.00092123278206573,0.0010100343267485361,0.0005034826442065143,0.00042426633535143463,0.000315877620378887,0.0003120136242913699,0.0009390125715588217,0.00033319602827301003,8.640518080646687e-5,0.0006634908569386341,-6.787366661043344e-5,0.000350462070368614,0.00038561031796518217,-2.7664089633066646e-5,0.0013497556723514519,0.00029681572808077674,0.0005748636799487266,0.0003465546586608265,0.000405144492791148,0.0007811327199778724,0.002374066794483298,0.0006771681366293997,4.8671168249473404e-5,-1.0750136772362225e-6,0.0018349965825786062,0.00012440269775363142,0.001508603882024112,-0.00020256328252228877,-6.022756555006066e-5,0.0012309390558922482,0.0019417061598080774,0.0006290538319052392,0.0005124691394727542,-0.0001589925801183288,0.00029681572808077674,0.005405732677453899,0.0008298680662500573,0.0001712163629496151,0.000565391461349232,0.0003669750352975957,0.0023876090646970773,0.001892575495921176,-0.0003544957259545257,0.000585888216867849,0.0003407408442114098,0.0005302807733999694,5.398051259732241e-5,0.0005196993699247544,0.0005118809369075912,1.9076554405189866e-5,0.0021754151739936172,0.0012042241328959525,0.000585768560485371,-8.696434986490142e-6,0.0005748636799487266,0.0008298680662500573,0.013120115989698995,0.001148237847000143,-7.447526419352558e-5,-6.233718108044443e-5,0.001537246439781666,0.0009067595471715828,0.0002337172973428798,0.0007136684523583036,-0.00043956801389428713,0.0004353734436598709,0.0006230862751935033,5.0099430198000686e-5,0.0004018451351069348,0.0001445964231582321,-0.000291511065061327,0.0009370911095283233,1.980599718565884e-5,8.73297671126597e-5,0.0003465546586608265,0.0001712163629496151,0.001148237847000143,0.002980408859735725
