0.018052577868275403,0.0015608575407596815,0.0011825998266090864,0.0013003321424005325,0.0006041908448470306,0.0018071431423096911,0.0002360698958973886,0.004498399557017113,0.0033639670219748636,-0.00014120447298225126,8.556552772572375e-5,0.0019311512777242111,0.0009209230899447994,0.0008096327145122201,0.0012473080744892005,0.0017048496009761,0.0011764213377690757,0.00040108028181204587,-0.0026398782608786503,0.0007315545505719506,0.0015608575407596815,0.008797531794432708,0.00033069449723323926,0.0008814715897795378,0.0011255901253726373,0.0006906331683608165,0.0017032036052654447,0.0024344775733337984,0.003037512439321648,0.0020735645561958042,0.0003678104436640887,0.001039605129324403,0.0010607007610516238,-0.0008256436499797329,0.0007225138350520825,0.0005831094774677407,0.00029137782770271583,0.0008609533974866153,4.265015290631351e-6,0.0003184790057824253,0.0011825998266090864,0.00033069449723323926,0.0027280602111176113,0.0010608621624174463,0.0002564871520199111,0.0008199991286981668,0.0001274144770539467,0.0009198188221359061,0.0009093225674611494,0.0006176525077215588,-0.00012641030180368594,0.00047982432685726305,0.0008161834034143612,-0.00010612529347077835,0.0002392275977008975,0.0007411602507639801,-1.1934410237357009e-5,0.0002019254911401473,0.00027179338439985753,0.00015482020309205135,0.0013003321424005325,0.0008814715897795378,0.0010608621624174463,0.0068448357799498726,0.0004054987920729323,0.0004882970245522623,0.0013504977587409693,0.00013358210904296838,0.002155475571857643,0.0005114270466639475,-9.130069544498094e-5,0.0009300441442399208,0.0003941870267479501,-0.0005482061604925508,0.0004335692297730628,0.00015755679454461155,-0.00043932362746221373,-0.00024104655764705632,0.0005739272841669556,0.0003146875218096557,0.0006041908448470306,0.0011255901253726373,0.0002564871520199111,0.0004054987920729323,0.004075814783707018,-0.00012079403211295888,0.00101688016440312,0.00136119044887971,0.0010650391470696276,0.0001326480204456882,0.0003102410344426296,0.0007490085385810375,0.00031107790041094295,-7.6995723847696e-5,0.00037481476607642116,8.653710053640841e-5,0.0004230949578761428,0.0005380054538156869,0.00039837753517536545,0.00033695718787910467,0.0018071431423096911,0.0006906331683608165,0.0008199991286981668,0.0004882970245522623,-0.00012079403211295888,0.004445039644136154,0.00028570438306232645,0.0006214389998678723,0.002296515387981216,0.0005338113307325015,0.00014880335196923122,0.0002019083260104601,0.0004597427555349465,4.011175883454695e-5,1.1643209223069083e-6,0.0005524624731218124,4.5271271599139494e-5,-8.764734821324328e-5,-0.00032215263468013443,0.00018397415302567684,0.0002360698958973886,0.0017032036052654447,0.0001274144770539467,0.0013504977587409693,0.00101688016440312,0.00028570438306232645,0.00914133667653719,0.0011146619748343177,0.0018499313825368737,0.0015679024583764758,0.00030574287300145304,0.001597604889844091,0.00014613951443267408,0.0002878371860686699,0.0007911134294564112,0.0005147146451181334,2.0658646044519643e-5,0.0006438955689531242,0.0008729584292635748,0.0006992642041305408,0.004498399557017113,0.0024344775733337984,0.0009198188221359061,0.00013358210904296838,0.00136119044887971,0.0006214389998678723,0.0011146619748343177,0.01693512932863205,0.0026717674020245268,0.0011374126697800437,8.594338798079633e-5,0.0018464520675581999,0.000843524843367943,-0.0007308947827560511,0.0012211744279811256,0.0011378436529948747,0.002073581120449319,0.0005014236011575323,3.757042014939716e-5,0.0007445481879883399,0.0033639670219748636,0.003037512439321648,0.0009093225674611494,0.002155475571857643,0.0010650391470696276,0.002296515387981216,0.0018499313825368737,0.0026717674020245268,0.02397712591177735,0.0035501588846984624,5.066866823259488e-5,0.00014893948728682835,0.0005904154735838249,3.330464710646927e-6,0.0009729433271571614,0.001212544481114001,-0.00138372876031088,0.0005229088915933,0.0018012660545887386,0.0012274585402194376,-0.00014120447298225126,0.0020735645561958042,0.0006176525077215588,0.0005114270466639475,0.0001326480204456882,0.0005338113307325015,0.0015679024583764758,0.0011374126697800437,0.0035501588846984624,0.017017282036731605,0.0004157798930226565,-0.0003561245585308186,0.0014950087609022613,-5.3322649922373476e-5,0.0022366032493086846,0.0016610857743993756,-0.0011611380489311006,0.0016079935633536986,0.000302564877151786,0.00044770273711728915,8.556552772572375e-5,0.0003678104436640887,-0.00012641030180368594,-9.130069544498094e-5,0.0003102410344426296,0.00014880335196923122,0.00030574287300145304,8.594338798079633e-5,5.066866823259488e-5,0.0004157798930226565,0.0013809233096506149,0.0005563266850373687,0.00010570670389395124,0.00012066693972496631,0.0004123352514421222,0.0002383616976234832,-3.365332987333989e-5,0.0005080922379356882,0.0003145389505424662,-4.3695934273334336e-5,0.0019311512777242111,0.001039605129324403,0.00047982432685726305,0.0009300441442399208,0.0007490085385810375,0.0002019083260104601,0.001597604889844091,0.0018464520675581999,0.00014893948728682835,-0.0003561245585308186,0.0005563266850373687,0.009580141973002824,0.0007782616880571195,0.0005142907858477121,0.001231593444415786,0.000519396213570123,0.0018146336598422286,0.0007274026554962633,0.0011339815396539665,-0.00017890170738931935,0.0009209230899447994,0.0010607007610516238,0.0008161834034143612,0.0003941870267479501,0.00031107790041094295,0.0004597427555349465,0.00014613951443267408,0.000843524843367943,0.0005904154735838249,0.0014950087609022613,0.00010570670389395124,0.0007782616880571195,0.003642078751425191,-9.053129444398847e-5,0.0009459085313955645,0.0008415373972784905,0.0005809221326740961,0.0008204384202085179,-0.00035836940955259023,-1.960609602629622e-5,0.0008096327145122201,-0.0008256436499797329,-0.00010612529347077835,-0.0005482061604925508,-7.6995723847696e-5,4.011175883454695e-5,0.0002878371860686699,-0.0007308947827560511,3.330464710646927e-6,-5.3322649922373476e-5,0.00012066693972496631,0.0005142907858477121,-9.053129444398847e-5,0.006614370458953686,0.0008381206220765047,-0.0002344218107999882,-0.0007570591377091861,0.0006216424292045805,0.0008872078928732579,-4.281449423427277e-5,0.0012473080744892005,0.0007225138350520825,0.0002392275977008975,0.0004335692297730628,0.00037481476607642116,1.1643209223069083e-6,0.0007911134294564112,0.0012211744279811256,0.0009729433271571614,0.0022366032493086846,0.0004123352514421222,0.001231593444415786,0.0009459085313955645,0.0008381206220765047,0.004947330419485559,0.0007112621864081905,-0.0005673428950003212,0.0011345578491511387,2.2734837343993598e-5,6.650991419666783e-5,0.0017048496009761,0.0005831094774677407,0.0007411602507639801,0.00015755679454461155,8.653710053640841e-5,0.0005524624731218124,0.0005147146451181334,0.0011378436529948747,0.001212544481114001,0.0016610857743993756,0.0002383616976234832,0.000519396213570123,0.0008415373972784905,-0.0002344218107999882,0.0007112621864081905,0.003554248064637487,2.1156350469127554e-5,0.00016847829884427884,-0.0005131878554115342,5.587779933858533e-5,0.0011764213377690757,0.00029137782770271583,-1.1934410237357009e-5,-0.00043932362746221373,0.0004230949578761428,4.5271271599139494e-5,2.0658646044519643e-5,0.002073581120449319,-0.00138372876031088,-0.0011611380489311006,-3.365332987333989e-5,0.0018146336598422286,0.0005809221326740961,-0.0007570591377091861,-0.0005673428950003212,2.1156350469127554e-5,0.013703748098016534,-0.0004912476777641959,0.0008622296897407247,0.0003773969412607849,0.00040108028181204587,0.0008609533974866153,0.0002019254911401473,-0.00024104655764705632,0.0005380054538156869,-8.764734821324328e-5,0.0006438955689531242,0.0005014236011575323,0.0005229088915933,0.0016079935633536986,0.0005080922379356882,0.0007274026554962633,0.0008204384202085179,0.0006216424292045805,0.0011345578491511387,0.00016847829884427884,-0.0004912476777641959,0.0050090092156387786,0.0007440075257153419,0.00010180949937360123,-0.0026398782608786503,4.265015290631351e-6,0.00027179338439985753,0.0005739272841669556,0.00039837753517536545,-0.00032215263468013443,0.0008729584292635748,3.757042014939716e-5,0.0018012660545887386,0.000302564877151786,0.0003145389505424662,0.0011339815396539665,-0.00035836940955259023,0.0008872078928732579,2.2734837343993598e-5,-0.0005131878554115342,0.0008622296897407247,0.0007440075257153419,0.008482580180332478,0.00039771251585207025,0.0007315545505719506,0.0003184790057824253,0.00015482020309205135,0.0003146875218096557,0.00033695718787910467,0.00018397415302567684,0.0006992642041305408,0.0007445481879883399,0.0012274585402194376,0.00044770273711728915,-4.3695934273334336e-5,-0.00017890170738931935,-1.960609602629622e-5,-4.281449423427277e-5,6.650991419666783e-5,5.587779933858533e-5,0.0003773969412607849,0.00010180949937360123,0.00039771251585207025,0.0018678612977543504
