0.005554668465569654,0.001187105851277927,-0.000117156259956703,0.0008276004787694904,-0.0010478456323602357,0.0027612465651226555,-0.0023503660181711508,0.00041998442345739934,0.0025963462977507527,0.0008362894669771924,-0.00012574757684120295,0.0013416049995539376,0.0021809605952885806,-0.0009208999558714855,0.0014825720479285302,-0.0005299834216572353,0.00040608615250748657,0.00018080849143506841,0.00031787941768186053,1.2746608639911477e-5,0.001187105851277927,0.005153136283244614,0.0012327041580049236,0.0009622865083340211,0.00021794857133985952,-0.0023155728700509598,-0.002227539445858778,-0.0012284710864350738,-0.00020337863487248416,0.0002615784534606206,-0.0007845070431873574,0.0017339089646827952,0.0005139117365938434,-8.837771701009713e-5,-0.0038012425114664515,-0.0006256714807969606,0.001104914488679644,0.0009446772316573844,0.0013447256872873012,-0.0003598083501209525,-0.000117156259956703,0.0012327041580049236,0.0028295876337991344,0.000802788668891588,5.159905663687992e-5,-0.00013283333255713196,0.0005158974585941584,-0.00011554140719238174,0.00012948123307155064,0.00042802037701716964,0.0005278877551083002,-6.211832404743033e-5,-0.0003899125451015215,0.0002996697396073961,-0.0027450194035414485,0.0006869039839019487,0.0009157463675149697,0.0003619826911058169,0.0008731925780312586,0.0004626486380537295,0.0008276004787694904,0.0009622865083340211,0.000802788668891588,0.0039053874328582026,-0.00023891518051505513,-0.0019155839844079122,-0.0003731401937578254,-0.003165111877613495,0.0036954678148293264,-0.0002302145755508532,-0.0005819062648439114,0.0007059794534479129,4.626990688922218e-5,0.0006704543828686129,-0.003636910130677664,0.000984499858411012,0.001816054735529558,0.0005259669316304515,0.0007389584467678737,0.004060996398452777,-0.0010478456323602357,0.00021794857133985952,5.159905663687992e-5,-0.00023891518051505513,0.007350232240563608,-0.003921983469200039,0.004749404171405386,-0.001062441494904284,-0.0010754641028072236,-0.0002561302564886408,-0.0012397665045815486,-0.0002657856940212144,-0.0044761689278712035,0.0013864816787448457,0.0034576728387696216,0.0003668625166262326,-0.0009263774796557828,0.00023588117389296563,-3.3822853944508587e-5,0.002241054123998292,0.0027612465651226555,-0.0023155728700509598,-0.00013283333255713196,-0.0019155839844079122,-0.003921983469200039,0.02711085772682733,-0.002721612361738095,-0.001313613141162732,0.0024345331847710466,0.0005846656800900093,0.0018571366324845397,-0.007801857653934551,0.002050219867293356,-0.0035408254578695774,0.0038876406742801937,0.0008190964677437914,-0.0014808625575618165,-0.0003118687283152929,-0.0012382769445063516,-0.006190301520452768,-0.0023503660181711508,-0.002227539445858778,0.0005158974585941584,-0.0003731401937578254,0.004749404171405386,-0.002721612361738095,0.03445781070808501,-0.0013342792932936548,0.0018970107309529724,0.0009207628051288671,-0.0010922808381291782,-0.01183050780382288,-0.0028390165825203173,0.0013275318601836646,0.014641659347103441,0.003905631068994685,-0.00045610062418132,0.0001504272414862981,7.26837057797103e-5,0.018762456347638384,0.00041998442345739934,-0.0012284710864350738,-0.00011554140719238174,-0.003165111877613495,-0.001062441494904284,-0.001313613141162732,-0.0013342792932936548,0.03261317114867357,-0.00743625226425755,0.0027521162598804286,0.004590179126888302,0.006500222216144137,0.003984906242699511,7.575219984750655e-5,0.009050884884842179,0.0006545394762513476,-0.001996811324719508,-0.00111328916591177,-0.0019968523776162967,-0.00333478286066584,0.0025963462977507527,-0.00020337863487248416,0.00012948123307155064,0.0036954678148293264,-0.0010754641028072236,0.0024345331847710466,0.0018970107309529724,-0.00743625226425755,0.017843898300755646,0.0017116116321370584,-0.00027649845498220666,-0.00027529491676565746,0.0013566742036109272,-0.0007949950027081659,-0.0038168184583164183,-0.0004954554865224932,0.002093554045896954,0.0008174272514028644,0.0025282025451702885,0.006618749415489143,0.0008362894669771924,0.0002615784534606206,0.00042802037701716964,-0.0002302145755508532,-0.0002561302564886408,0.0005846656800900093,0.0009207628051288671,0.0027521162598804286,0.0017116116321370584,0.004257297658776549,0.002080327822666268,0.0015379457308437668,0.002111673872937028,-0.0008723211982054651,0.0017435061875996926,-0.0010410979265850755,0.0004584551700202559,0.00033588201959247095,0.0015200886149860145,-9.854415070191351e-5,-0.00012574757684120295,-0.0007845070431873574,0.0005278877551083002,-0.0005819062648439114,-0.0012397665045815486,0.0018571366324845397,-0.0010922808381291782,0.004590179126888302,-0.00027649845498220666,0.002080327822666268,0.006336179989894696,0.0016754479727953085,0.0033474300375135792,3.7702595522456685e-5,0.002415084747136685,-4.881250426669174e-5,0.0007138317199633231,0.00027639395931824826,0.00029936455557674,0.0005764085388668505,0.0013416049995539376,0.0017339089646827952,-6.211832404743033e-5,0.0007059794534479129,-0.0002657856940212144,-0.007801857653934551,-0.01183050780382288,0.006500222216144137,-0.00027529491676565746,0.0015379457308437668,0.0016754479727953085,0.03064651518200492,0.0027604908219404077,0.0011041255953176572,-0.01784486805323736,-0.004219403801545674,0.0006942826195119941,-0.0006154525963045538,0.002140762113163051,-0.014757392386688243,0.0021809605952885806,0.0005139117365938434,-0.0003899125451015215,4.626990688922218e-5,-0.0044761689278712035,0.002050219867293356,-0.0028390165825203173,0.003984906242699511,0.0013566742036109272,0.002111673872937028,0.0033474300375135792,0.0027604908219404077,0.01255205092266603,-0.0006313650846467282,0.0030397558939501386,0.0007200594546555252,0.0014383427213980034,-0.00011783716528510665,-0.0005065385847228619,0.0021732153017986564,-0.0009208999558714855,-8.837771701009713e-5,0.0002996697396073961,0.0006704543828686129,0.0013864816787448457,-0.0035408254578695774,0.0013275318601836646,7.575219984750655e-5,-0.0007949950027081659,-0.0008723211982054651,3.7702595522456685e-5,0.0011041255953176572,-0.0006313650846467282,0.004867999446108375,-0.0006991520506774839,0.0015286415707654426,0.0006269847008354766,0.000268430987556011,-0.00016628959956900698,0.0026186211096180948,0.0014825720479285302,-0.0038012425114664515,-0.0027450194035414485,-0.003636910130677664,0.0034576728387696216,0.0038876406742801937,0.014641659347103441,0.009050884884842179,-0.0038168184583164183,0.0017435061875996926,0.002415084747136685,-0.01784486805323736,0.0030397558939501386,-0.0006991520506774839,0.07370996226260695,0.009047661448663057,-0.0024740882850799906,-0.0015606324348523691,-0.008824514124032491,0.019160964601432184,-0.0005299834216572353,-0.0006256714807969606,0.0006869039839019487,0.000984499858411012,0.0003668625166262326,0.0008190964677437914,0.003905631068994685,0.0006545394762513476,-0.0004954554865224932,-0.0010410979265850755,-4.881250426669174e-5,-0.004219403801545674,0.0007200594546555252,0.0015286415707654426,0.009047661448663057,0.00755253470893429,0.00043079914257865325,0.00014596995423805335,-0.001285079427303062,0.005261253655901041,0.00040608615250748657,0.001104914488679644,0.0009157463675149697,0.001816054735529558,-0.0009263774796557828,-0.0014808625575618165,-0.00045610062418132,-0.001996811324719508,0.002093554045896954,0.0004584551700202559,0.0007138317199633231,0.0006942826195119941,0.0014383427213980034,0.0006269847008354766,-0.0024740882850799906,0.00043079914257865325,0.0029945992430682623,0.0012678422149557714,0.001003366867485484,0.003057203183548977,0.00018080849143506841,0.0009446772316573844,0.0003619826911058169,0.0005259669316304515,0.00023588117389296563,-0.0003118687283152929,0.0001504272414862981,-0.00111328916591177,0.0008174272514028644,0.00033588201959247095,0.00027639395931824826,-0.0006154525963045538,-0.00011783716528510665,0.000268430987556011,-0.0015606324348523691,0.00014596995423805335,0.0012678422149557714,0.002992878578539125,0.000823679151437845,0.0019485196254560655,0.00031787941768186053,0.0013447256872873012,0.0008731925780312586,0.0007389584467678737,-3.3822853944508587e-5,-0.0012382769445063516,7.26837057797103e-5,-0.0019968523776162967,0.0025282025451702885,0.0015200886149860145,0.00029936455557674,0.002140762113163051,-0.0005065385847228619,-0.00016628959956900698,-0.008824514124032491,-0.001285079427303062,0.001003366867485484,0.000823679151437845,0.005396411855893427,-0.0012169008744905244,1.2746608639911477e-5,-0.0003598083501209525,0.0004626486380537295,0.004060996398452777,0.002241054123998292,-0.006190301520452768,0.018762456347638384,-0.00333478286066584,0.006618749415489143,-9.854415070191351e-5,0.0005764085388668505,-0.014757392386688243,0.0021732153017986564,0.0026186211096180948,0.019160964601432184,0.005261253655901041,0.003057203183548977,0.0019485196254560655,-0.0012169008744905244,0.0501782459560005
0.005530844454292757,8.597516403088584e-7,0.0017730043742900403,0.0005059483123226953,-0.0006329269435809853,0.0037359148365474675,0.002459267643471748,0.0017170537025844109,0.002559951342774691,0.0006033456340007462,0.0005819694526516214,0.000770376146962046,0.0010786178762515737,0.0015930953880223568,-0.0012532891579982326,0.0001557314959326472,0.001137349258482568,0.00028449729104724385,0.0014629802157465892,0.004644581972038623,8.597516403088584e-7,0.004633306577657561,0.000158337690643567,0.0008810981485564528,-0.0003469792363490569,-0.0003168793217168287,0.002553875867724797,0.0009076790604716178,0.0018879686951842724,0.0006508018045856634,0.0010792507661623496,0.0004993206309582408,-0.0004929032099828092,0.0003105434121745261,0.0005232803603785097,5.4711095357371235e-5,-0.000264000575835696,-0.0004896869939794702,0.0008982004111615009,0.000775338629587531,0.0017730043742900403,0.000158337690643567,0.006572681328484441,0.00043253658497749935,0.00016548913793835713,0.003385928595966055,0.002308193696334621,0.0028006472605207776,0.00455415924007705,0.00044383515309656815,-0.0016434956693372543,0.004318222170021589,0.0035670025951549723,0.0033272145103576227,0.0009729908696010799,-0.0009552848845207045,0.001144609454826745,0.0002395028556917637,0.0022321886685884892,0.005932321366173932,0.0005059483123226953,0.0008810981485564528,0.00043253658497749935,0.002551597837718052,-0.0008458317423413794,0.0009928865398123785,0.0005952734028083666,0.0007448861365189771,0.001027500496485723,0.0001842467270628586,-4.681562052265533e-5,0.0009128208818815543,0.0009506728477049328,0.0006606345471020505,-0.0008697596174632834,-0.0006274655430915581,0.0001408143616386084,0.0004975930849954063,0.0011812819198859436,0.0015778131622318319,-0.0006329269435809853,-0.0003469792363490569,0.00016548913793835713,-0.0008458317423413794,0.0062655754761476576,-0.0020911502379843162,-0.0002674053006777613,0.0009114212579108471,0.0013361633558580032,0.0007527723139675831,0.0003158125108157668,-0.0010325134480853194,0.0015635193822004236,0.00034846662731252833,0.0037052764600194812,0.002373146583789265,0.00016133991210064104,-7.143295958620136e-5,-0.000228074178021011,-0.0023109042437625283,0.0037359148365474675,-0.0003168793217168287,0.003385928595966055,0.0009928865398123785,-0.0020911502379843162,0.025400456553617785,0.0005356468483909858,0.0033331917862501914,0.0028584825603068364,0.0022108338417147965,-0.002159562231572298,0.0046166163370717555,0.004063015335373988,0.0025458871468297334,-0.005328605785452557,2.1998647297941445e-5,0.0025699145792728974,-3.088590906632452e-5,0.0015575125999017579,0.006573304985918048,0.002459267643471748,0.002553875867724797,0.002308193696334621,0.0005952734028083666,-0.0002674053006777613,0.0005356468483909858,0.03365242170109364,0.005019363377435042,0.004475939205565039,-0.00019609919561827877,-0.0016668597204546553,0.006046530995934975,-0.001078864208814644,0.0025458444621566474,0.0038551528760615247,-0.00013106085205334803,0.0007025895950389844,0.000314465709283862,0.002155722324690505,0.007825335327780396,0.0017170537025844109,0.0009076790604716178,0.0028006472605207776,0.0007448861365189771,0.0009114212579108471,0.0033331917862501914,0.005019363377435042,0.025575151675266736,0.0005526247331044238,0.00018610331121996502,-0.000613267646720854,0.0047909820997901024,0.0007348138333042697,0.0031435758748687283,0.001846408140813701,0.0007174382078533013,0.0003794920620570911,0.001605571026886851,0.0025734108934434355,0.0031839356571217855,0.002559951342774691,0.0018879686951842724,0.00455415924007705,0.001027500496485723,0.0013361633558580032,0.0028584825603068364,0.004475939205565039,0.0005526247331044238,0.019990857213734198,0.0016878375148110351,-0.0001283079515117363,0.004535549749816001,0.0026029085306513997,0.00248765276915928,0.0010765668178164753,0.00017461710521711026,0.001877381315169981,-0.00024025879855224468,0.001554021724830686,0.0052200267239555405,0.0006033456340007462,0.0006508018045856634,0.00044383515309656815,0.0001842467270628586,0.0007527723139675831,0.0022108338417147965,-0.00019609919561827877,0.00018610331121996502,0.0016878375148110351,0.003655532024588486,0.00016975900395099482,0.0007705203855212819,0.0017035518631106654,0.00035652981355356074,0.0016240463392877744,0.001215287218426401,0.0007996725764327679,0.00017494058830381284,-6.286849617787661e-5,0.0013069972000654985,0.0005819694526516214,0.0010792507661623496,-0.0016434956693372543,-4.681562052265533e-5,0.0003158125108157668,-0.002159562231572298,-0.0016668597204546553,-0.000613267646720854,-0.0001283079515117363,0.00016975900395099482,0.006307997245895098,-0.0030090314880789086,-0.0016038275518584616,-0.0010827723635508679,0.0011031382544817612,0.0014876639162929636,-0.00048227155412385796,-0.0007798107831195264,0.0005562064203351192,-0.0009946874642014587,0.000770376146962046,0.0004993206309582408,0.004318222170021589,0.0009128208818815543,-0.0010325134480853194,0.0046166163370717555,0.006046530995934975,0.0047909820997901024,0.004535549749816001,0.0007705203855212819,-0.0030090314880789086,0.018781113837665415,0.0008417427994191775,0.0015301488659844827,0.0025930165661375397,7.349208861890917e-7,0.001502024564738027,0.0015380727756869742,0.0010184598626181362,0.006806830641678292,0.0010786178762515737,-0.0004929032099828092,0.0035670025951549723,0.0009506728477049328,0.0015635193822004236,0.004063015335373988,-0.001078864208814644,0.0007348138333042697,0.0026029085306513997,0.0017035518631106654,-0.0016038275518584616,0.0008417427994191775,0.01238159557481563,0.0036103933399989855,0.0009716734584805464,-9.296664558977456e-5,0.0003958515098619173,0.0008940833079562329,0.0008436410584308743,0.0019106295547192897,0.0015930953880223568,0.0003105434121745261,0.0033272145103576227,0.0006606345471020505,0.00034846662731252833,0.0025458871468297334,0.0025458444621566474,0.0031435758748687283,0.00248765276915928,0.00035652981355356074,-0.0010827723635508679,0.0015301488659844827,0.0036103933399989855,0.0052309116877533035,0.0016732328474593113,-0.00017927073539303286,0.00043942859743777683,0.00041123185542750744,0.0018090418858329755,0.0033701139215715345,-0.0012532891579982326,0.0005232803603785097,0.0009729908696010799,-0.0008697596174632834,0.0037052764600194812,-0.005328605785452557,0.0038551528760615247,0.001846408140813701,0.0010765668178164753,0.0016240463392877744,0.0011031382544817612,0.0025930165661375397,0.0009716734584805464,0.0016732328474593113,0.03202055207926783,0.0038182337737342788,0.0004953354881988392,0.0012733580823492668,0.00017623047731372423,-0.000977737785733869,0.0001557314959326472,5.4711095357371235e-5,-0.0009552848845207045,-0.0006274655430915581,0.002373146583789265,2.1998647297941445e-5,-0.00013106085205334803,0.0007174382078533013,0.00017461710521711026,0.001215287218426401,0.0014876639162929636,7.349208861890917e-7,-9.296664558977456e-5,-0.00017927073539303286,0.0038182337737342788,0.0067215400177949094,0.00024488567701732325,0.00022716561287777195,9.508374862341026e-5,-0.0012427264607956985,0.001137349258482568,-0.000264000575835696,0.001144609454826745,0.0001408143616386084,0.00016133991210064104,0.0025699145792728974,0.0007025895950389844,0.0003794920620570911,0.001877381315169981,0.0007996725764327679,-0.00048227155412385796,0.001502024564738027,0.0003958515098619173,0.00043942859743777683,0.0004953354881988392,0.00024488567701732325,0.0021533460889446997,0.00023946452653183392,-6.028957285311495e-5,0.001962296538290744,0.00028449729104724385,-0.0004896869939794702,0.0002395028556917637,0.0004975930849954063,-7.143295958620136e-5,-3.088590906632452e-5,0.000314465709283862,0.001605571026886851,-0.00024025879855224468,0.00017494058830381284,-0.0007798107831195264,0.0015380727756869742,0.0008940833079562329,0.00041123185542750744,0.0012733580823492668,0.00022716561287777195,0.00023946452653183392,0.002809588490230847,-0.0002143726844554034,0.0002917275620822208,0.0014629802157465892,0.0008982004111615009,0.0022321886685884892,0.0011812819198859436,-0.000228074178021011,0.0015575125999017579,0.002155722324690505,0.0025734108934434355,0.001554021724830686,-6.286849617787661e-5,0.0005562064203351192,0.0010184598626181362,0.0008436410584308743,0.0018090418858329755,0.00017623047731372423,9.508374862341026e-5,-6.028957285311495e-5,-0.0002143726844554034,0.005301943579263454,0.004789918572338766,0.004644581972038623,0.000775338629587531,0.005932321366173932,0.0015778131622318319,-0.0023109042437625283,0.006573304985918048,0.007825335327780396,0.0031839356571217855,0.0052200267239555405,0.0013069972000654985,-0.0009946874642014587,0.006806830641678292,0.0019106295547192897,0.0033701139215715345,-0.000977737785733869,-0.0012427264607956985,0.001962296538290744,0.0002917275620822208,0.004789918572338766,0.036797371200844066
