0.02571929508368136,-0.0009076738345007429,0.002315494232723446,-0.00042041057942709286,-0.0017460105902770817,0.0036382669764462834,0.0002878835333380327,0.0016553238222544388,-0.0023423119799053605,0.0018464115067253254,0.006914485015359137,0.002594464576363853,0.004422040067626305,0.004295846926407244,-0.004312842339287342,-0.00010692126570350567,-0.00054905195033993,0.011195873604961323,0.0021790547199998004,-0.0004999582255650918,-0.0009076738345007429,0.02608947013326352,0.004138045710165367,0.002539538221748298,-0.0006806872406097638,0.004768264037121752,0.001665569395657093,0.003206388470272696,0.001846981097540311,-0.0020007883137638394,0.005348211090191605,0.0015346619594130092,0.008617197775000402,0.0002442080902376538,-0.0003667631490893536,0.0022206089479569146,-0.001185426849922555,0.0010655787331062304,-0.0013218048692776162,0.0014643561064092044,0.002315494232723446,0.004138045710165367,0.005283468270158442,0.0014844464898948312,-0.0005344412040938853,0.004154781344438024,0.00011422753206102404,0.0004899910928274967,0.0004034304101949187,-0.0008133988002484707,0.007843970772903646,-0.0006913569468320663,0.004203049715669092,0.0015246165815286316,-0.0015022409802610001,0.0012621528871699702,-0.0014615285833508747,0.0013616067229828064,-0.0014877136539489944,0.001130946262082815,-0.00042041057942709286,0.002539538221748298,0.0014844464898948312,0.004715273546666481,-1.725863131040426e-5,0.0013873993372069435,0.0006746423531839556,0.0005031837026204099,0.0010557361305724407,0.0012738312096501518,0.003935340392173555,-0.00042541867704900865,0.0007937854492971176,-7.033595215443468e-5,0.0020166366296887296,0.0005285748646707059,0.0003955650537407234,0.0008954925133208861,0.0003354846652028958,0.0011756497939642216,-0.0017460105902770817,-0.0006806872406097638,-0.0005344412040938853,-1.725863131040426e-5,0.0027375090367418673,0.0004510475293737226,0.0005720301592314991,-0.00048327894193096743,0.0006629890221333038,0.0018736031640968491,-0.0020553501932737486,0.00034060234441372146,0.0006780516072606344,0.0017458438054538845,0.0023772615345420225,0.0008871557731791867,0.0006415703314901092,0.0016442077949741984,-0.0011578518415395116,7.24284828716715e-5,0.0036382669764462834,0.004768264037121752,0.004154781344438024,0.0013873993372069435,0.0004510475293737226,0.011620959567439613,-0.00027954737304316103,0.0009258571365084881,0.0008475914199440402,8.690925140235772e-5,0.01117665445494648,0.0001285956769149723,0.008123589093758588,0.0030179658348485246,-0.00279775505519292,0.0013755066000822314,-5.589299696389645e-5,0.002162321378679849,-0.0019784786857246477,0.00100573157150591,0.0002878835333380327,0.001665569395657093,0.00011422753206102404,0.0006746423531839556,0.0005720301592314991,-0.00027954737304316103,0.006630431008422838,0.0008142861072199204,0.00046985440806651506,-4.733292355600449e-5,-0.003731625403580994,0.0008372627773144168,-7.343798457497481e-5,0.0006906174587219524,-0.0005566394486730197,0.001707416174434667,0.001470727124686413,-1.0074312363572316e-6,0.0017595095859732543,0.00039545821826281766,0.0016553238222544388,0.003206388470272696,0.0004899910928274967,0.0005031837026204099,-0.00048327894193096743,0.0009258571365084881,0.0008142861072199204,0.003859437354680569,-0.00014298213313421204,-0.0009106007571192346,0.0023471277935209417,0.0006600330853305164,0.0022360788842003074,-7.240850064522249e-5,0.00010310476028743588,0.00038953304259632573,0.0006737506210973271,0.00020351733059712672,0.0010253372597948183,7.333934169781744e-5,-0.0023423119799053605,0.001846981097540311,0.0004034304101949187,0.0010557361305724407,0.0006629890221333038,0.0008475914199440402,0.00046985440806651506,-0.00014298213313421204,0.003329780600013761,0.0015292796650042597,-0.0013522310897006301,-0.0001237249606943501,0.0017603605809338747,-0.00014525645702755644,0.0006359653429308904,0.0008914508822785126,0.0006410599037469551,-0.0013703982416098258,-0.001507201387537409,5.714639066063869e-5,0.0018464115067253254,-0.0020007883137638394,-0.0008133988002484707,0.0012738312096501518,0.0018736031640968491,8.690925140235772e-5,-4.733292355600449e-5,-0.0009106007571192346,0.0015292796650042597,0.011288665107760252,-0.004946367522186596,0.0008060372499193889,0.0011684763168507732,0.0037816451708470927,0.00021615767503002512,0.0012004008325218643,-0.00046240532173205234,0.0006010621199034962,-0.0009967688923915924,0.0013758256527097229,0.006914485015359137,0.005348211090191605,0.007843970772903646,0.003935340392173555,-0.0020553501932737486,0.01117665445494648,-0.003731625403580994,0.0023471277935209417,-0.0013522310897006301,-0.004946367522186596,0.03970188871514974,-0.0016231454518993054,0.008699152729158803,0.002731337647089928,0.0006893310531649922,-0.00016890192195887226,-0.0005713116600777886,0.007881550938929702,-0.003014407874747181,0.0008014684780637488,0.002594464576363853,0.0015346619594130092,-0.0006913569468320663,-0.00042541867704900865,0.00034060234441372146,0.0001285956769149723,0.0008372627773144168,0.0006600330853305164,-0.0001237249606943501,0.0008060372499193889,-0.0016231454518993054,0.004803246200003572,0.001257320730028756,0.0006724317392670662,7.015714941684615e-5,-0.000332413324585748,6.207830693719877e-5,0.003023291196743291,0.0010063340458425856,0.00022148135615193047,0.004422040067626305,0.008617197775000402,0.004203049715669092,0.0007937854492971176,0.0006780516072606344,0.008123589093758588,-7.343798457497481e-5,0.0022360788842003074,0.0017603605809338747,0.0011684763168507732,0.008699152729158803,0.001257320730028756,0.02475563084798728,0.002717732039698579,-0.0054002616467580785,0.0032072420102644086,-9.40706278659173e-5,-0.0017594599758416632,-0.002954273723881376,0.0009260949398786144,0.004295846926407244,0.0002442080902376538,0.0015246165815286316,-7.033595215443468e-5,0.0017458438054538845,0.0030179658348485246,0.0006906174587219524,-7.240850064522249e-5,-0.00014525645702755644,0.0037816451708470927,0.002731337647089928,0.0006724317392670662,0.002717732039698579,0.008206362439190292,0.00024352106528216226,0.0017228310926149983,-0.0006452714303891759,0.005715572757854536,-0.0017381082381384204,0.001034370821993418,-0.004312842339287342,-0.0003667631490893536,-0.0015022409802610001,0.0020166366296887296,0.0023772615345420225,-0.00279775505519292,-0.0005566394486730197,0.00010310476028743588,0.0006359653429308904,0.00021615767503002512,0.0006893310531649922,7.015714941684615e-5,-0.0054002616467580785,0.00024352106528216226,0.018520189815707303,0.00043195293250650717,0.0008573654041202516,0.004943396863914909,-0.0014053213627487444,-1.4422952305743423e-5,-0.00010692126570350567,0.0022206089479569146,0.0012621528871699702,0.0005285748646707059,0.0008871557731791867,0.0013755066000822314,0.001707416174434667,0.00038953304259632573,0.0008914508822785126,0.0012004008325218643,-0.00016890192195887226,-0.000332413324585748,0.0032072420102644086,0.0017228310926149983,0.00043195293250650717,0.004622878841894142,0.00011611646903720785,-0.001736578404193912,-0.001689303086939012,0.0007019857199927872,-0.00054905195033993,-0.001185426849922555,-0.0014615285833508747,0.0003955650537407234,0.0006415703314901092,-5.589299696389645e-5,0.001470727124686413,0.0006737506210973271,0.0006410599037469551,-0.00046240532173205234,-0.0005713116600777886,6.207830693719877e-5,-9.40706278659173e-5,-0.0006452714303891759,0.0008573654041202516,0.00011611646903720785,0.005185395617236267,0.00015279599216155656,0.0009673069404392099,-0.0006887166298072535,0.011195873604961323,0.0010655787331062304,0.0013616067229828064,0.0008954925133208861,0.0016442077949741984,0.002162321378679849,-1.0074312363572316e-6,0.00020351733059712672,-0.0013703982416098258,0.0006010621199034962,0.007881550938929702,0.003023291196743291,-0.0017594599758416632,0.005715572757854536,0.004943396863914909,-0.001736578404193912,0.00015279599216155656,0.04052130484185968,0.0018373741458482865,-0.0020036651443268586,0.0021790547199998004,-0.0013218048692776162,-0.0014877136539489944,0.0003354846652028958,-0.0011578518415395116,-0.0019784786857246477,0.0017595095859732543,0.0010253372597948183,-0.001507201387537409,-0.0009967688923915924,-0.003014407874747181,0.0010063340458425856,-0.002954273723881376,-0.0017381082381384204,-0.0014053213627487444,-0.001689303086939012,0.0009673069404392099,0.0018373741458482865,0.00744139422419343,-0.00018470212792607996,-0.0004999582255650918,0.0014643561064092044,0.001130946262082815,0.0011756497939642216,7.24284828716715e-5,0.00100573157150591,0.00039545821826281766,7.333934169781744e-5,5.714639066063869e-5,0.0013758256527097229,0.0008014684780637488,0.00022148135615193047,0.0009260949398786144,0.001034370821993418,-1.4422952305743423e-5,0.0007019857199927872,-0.0006887166298072535,-0.0020036651443268586,-0.00018470212792607996,0.0028055876064429683
0.018384701653725456,0.0022100823139689337,0.0005774673062629602,0.0008256373312709754,0.0016661457413148814,-0.0002343854748562214,0.0016637165906930535,0.0036446985031801165,0.0008757297901258586,-0.0006041108413926907,0.0013640197061894062,-0.0009401036850740273,0.0021167165572821304,-0.0007602370678862901,0.0009636405328669246,5.849916346425615e-5,-0.0009664207294758694,-4.9217632317965186e-5,-0.00218880144853828,-0.0005018754971353351,0.0022100823139689337,0.025015838198828206,-0.0004533909300554799,0.0005345676156534045,0.0006294794876608612,-6.087905358887353e-5,0.0024962042539475116,0.0014504362190353249,0.0011623092241720596,0.0022564267240239543,0.0018501323292668338,0.0006564953947104464,0.0011402151947215125,-0.0007576269660083664,0.0038348402254289437,-0.0005926959570061503,8.121296909792597e-5,0.0055988504016312324,-0.0014786819718985373,-2.8784180782853708e-5,0.0005774673062629602,-0.0004533909300554799,0.002230308055405711,0.00029754941284093226,-0.0004446107454328413,0.0004751002977226701,0.00027785771406254093,0.0004875238175624987,-0.0002087703330164329,0.0008239843148547519,0.00020707484039526403,0.0007501289291109896,-0.0006586360446784536,0.0007115907583219565,-0.0005555296408851149,-0.00016522793361273958,0.00026736000345149296,0.0001692586585762786,-0.0005647229768831127,0.00025442999970209565,0.0008256373312709754,0.0005345676156534045,0.00029754941284093226,0.004047792305967399,5.16596215927027e-5,0.00038616776313892323,0.00045336062379556857,0.0005297277193204006,0.0003061407838881081,0.00012132724019102298,-7.402306524585713e-5,-0.00031529904188288535,0.0006829938859354958,0.00045666215174576736,-0.0008520007627105619,-9.604973969676149e-5,-0.00016256753594853397,-0.0005475204886243404,-0.00031866466784691674,0.00030322074261921914,0.0016661457413148814,0.0006294794876608612,-0.0004446107454328413,5.16596215927027e-5,0.0020920122030068477,0.00047437156257337625,7.609592708169454e-5,0.0004620694944251887,0.0001508408222619221,-0.0002901879750931612,0.0011147292125742176,-0.0010106382424218095,-0.0002601751649469195,-0.0002571192825782747,0.0009413263875726122,0.00030580503197134336,0.0006861393173783816,-0.00030084648185173366,-0.00026586122866287633,-0.00044032550789008457,-0.0002343854748562214,-6.087905358887353e-5,0.0004751002977226701,0.00038616776313892323,0.00047437156257337625,0.008263563256324855,0.0012423769691727276,-3.1674043021257335e-5,0.000984226923207124,-0.0008130541279737091,0.0034986684260003282,-0.00037303178837647447,0.0011465860354435775,0.0021194584219509658,0.0007151117805957758,0.001961895137098834,0.0020020025938200497,0.0017004518329380724,0.000617491138879991,-0.00020767223410204054,0.0016637165906930535,0.0024962042539475116,0.00027785771406254093,0.00045336062379556857,7.609592708169454e-5,0.0012423769691727276,0.00956764752177049,0.0017662929251033882,0.0012713732890417186,0.001015620161443004,0.008337416333332563,0.0005949669608426675,0.0029143594011704975,-0.0011889318821255077,0.0002531244852835786,0.0003558510825359603,-0.0014282003043157789,-0.0009423451832066667,-0.0005534976966066475,2.9303018480902815e-6,0.0036446985031801165,0.0014504362190353249,0.0004875238175624987,0.0005297277193204006,0.0004620694944251887,-3.1674043021257335e-5,0.0017662929251033882,0.004708508666427702,0.0005179969299739723,0.0002774023322947557,0.0017693519711084868,0.00026574399119655477,0.0001954219531516608,-0.0009340183008789224,0.0005071460886818995,0.00013528804386811808,-0.0018592709216625014,-0.0005010423946628854,-0.00193048383542301,4.200344304463528e-5,0.0008757297901258586,0.0011623092241720596,-0.0002087703330164329,0.0003061407838881081,0.0001508408222619221,0.000984226923207124,0.0012713732890417186,0.0005179969299739723,0.0021513934673202282,-0.000685078757677032,0.001318100852354221,-3.958077278136284e-5,0.00238556804152774,0.00011680717260046224,0.0009674870028433961,0.00044519398965935184,-0.0005093619205065569,0.00011425572453865857,0.00039496663858061277,-0.00032960603784222976,-0.0006041108413926907,0.0022564267240239543,0.0008239843148547519,0.00012132724019102298,-0.0002901879750931612,-0.0008130541279737091,0.001015620161443004,0.0002774023322947557,-0.000685078757677032,0.007234439162454356,0.0003354472857864903,0.0005702368321222432,-0.00217285518833037,-0.00025091996561634096,0.0009090015926058498,-0.0005799171733063362,0.00017129150300760823,0.001763207716277151,-8.371723186968185e-5,0.0007497634024015631,0.0013640197061894062,0.0018501323292668338,0.00020707484039526403,-7.402306524585713e-5,0.0011147292125742176,0.0034986684260003282,0.008337416333332563,0.0017693519711084868,0.001318100852354221,0.0003354472857864903,0.028260354638144542,-0.0013825925084753016,0.0029295619603661198,-0.0004114119915084012,0.002326183558338174,0.0009854411485606864,-0.0010753853489230132,-0.004128472251424015,0.0013923667897203639,0.0008516422138901507,-0.0009401036850740273,0.0006564953947104464,0.0007501289291109896,-0.00031529904188288535,-0.0010106382424218095,-0.00037303178837647447,0.0005949669608426675,0.00026574399119655477,-3.958077278136284e-5,0.0005702368321222432,-0.0013825925084753016,0.005164995595923402,-0.0012546741223033212,0.0004258103051157793,-0.0010668386100623475,0.00016677005273132392,-0.0006101461774634353,0.00202040396914602,-0.0006660783839756417,0.0002569914053472246,0.0021167165572821304,0.0011402151947215125,-0.0006586360446784536,0.0006829938859354958,-0.0002601751649469195,0.0011465860354435775,0.0029143594011704975,0.0001954219531516608,0.00238556804152774,-0.00217285518833037,0.0029295619603661198,-0.0012546741223033212,0.024444498816872037,-0.0010858949136831556,-0.0038760354849274674,0.001641894356487593,-0.0008855688412012797,0.0004347902572714047,0.002262821465692746,-0.0005710925093036913,-0.0007602370678862901,-0.0007576269660083664,0.0007115907583219565,0.00045666215174576736,-0.0002571192825782747,0.0021194584219509658,-0.0011889318821255077,-0.0009340183008789224,0.00011680717260046224,-0.00025091996561634096,-0.0004114119915084012,0.0004258103051157793,-0.0010858949136831556,0.004898579732727844,-0.00050310500591971,0.0006532017852703925,0.001780933774565151,0.0023484222091486725,0.00046457543936682407,0.00041493858857451324,0.0009636405328669246,0.0038348402254289437,-0.0005555296408851149,-0.0008520007627105619,0.0009413263875726122,0.0007151117805957758,0.0002531244852835786,0.0005071460886818995,0.0009674870028433961,0.0009090015926058498,0.002326183558338174,-0.0010668386100623475,-0.0038760354849274674,-0.00050310500591971,0.017864633112953287,-0.00011347201489723858,-0.000840205926492078,0.00015415239665019696,0.0019243948334433801,0.0001252959926179737,5.849916346425615e-5,-0.0005926959570061503,-0.00016522793361273958,-9.604973969676149e-5,0.00030580503197134336,0.001961895137098834,0.0003558510825359603,0.00013528804386811808,0.00044519398965935184,-0.0005799171733063362,0.0009854411485606864,0.00016677005273132392,0.001641894356487593,0.0006532017852703925,-0.00011347201489723858,0.0029417671621049025,0.0006893448639622342,0.0006662789231190004,0.0006090248945932238,-0.00011315645985067474,-0.0009664207294758694,8.121296909792597e-5,0.00026736000345149296,-0.00016256753594853397,0.0006861393173783816,0.0020020025938200497,-0.0014282003043157789,-0.0018592709216625014,-0.0005093619205065569,0.00017129150300760823,-0.0010753853489230132,-0.0006101461774634353,-0.0008855688412012797,0.001780933774565151,-0.000840205926492078,0.0006893448639622342,0.006676138348936406,0.0031428740540489658,0.0002396332880832265,0.0006297646657348166,-4.9217632317965186e-5,0.0055988504016312324,0.0001692586585762786,-0.0005475204886243404,-0.00030084648185173366,0.0017004518329380724,-0.0009423451832066667,-0.0005010423946628854,0.00011425572453865857,0.001763207716277151,-0.004128472251424015,0.00202040396914602,0.0004347902572714047,0.0023484222091486725,0.00015415239665019696,0.0006662789231190004,0.0031428740540489658,0.031236952901763197,0.0010826994888609289,0.0014727953938399267,-0.00218880144853828,-0.0014786819718985373,-0.0005647229768831127,-0.00031866466784691674,-0.00026586122866287633,0.000617491138879991,-0.0005534976966066475,-0.00193048383542301,0.00039496663858061277,-8.371723186968185e-5,0.0013923667897203639,-0.0006660783839756417,0.002262821465692746,0.00046457543936682407,0.0019243948334433801,0.0006090248945932238,0.0002396332880832265,0.0010826994888609289,0.0063678376888641145,0.00024874106198187116,-0.0005018754971353351,-2.8784180782853708e-5,0.00025442999970209565,0.00030322074261921914,-0.00044032550789008457,-0.00020767223410204054,2.9303018480902815e-6,4.200344304463528e-5,-0.00032960603784222976,0.0007497634024015631,0.0008516422138901507,0.0002569914053472246,-0.0005710925093036913,0.00041493858857451324,0.0001252959926179737,-0.00011315645985067474,0.0006297646657348166,0.0014727953938399267,0.00024874106198187116,0.0021749990855067136
0.04021005528205141,0.030858184254101983,0.002130761975005226,0.0034546241536987303,0.007176103219094137,0.012320520695212087,0.01228031814182488,-0.0005484027671412129,0.006019519622768221,0.013199696901701082,0.012852366706117255,0.005937269402034224,0.010546904834828098,0.004557572223197897,0.01556854400167769,0.006407351929393313,0.006364760561068231,0.016752740960351675,0.01216424489414602,0.006890438507716838,0.030858184254101983,0.05407505940944284,0.0031548811864078588,0.0029238919318516953,0.008397809028180816,0.014538091298772468,0.016612227333483685,0.0007350516940609966,0.008245719178257959,0.016470955195683687,0.0035463523645813478,0.001556824522258083,0.01013609711111611,0.0035148428198585515,0.016279347082304097,0.006834123230332379,0.007420396911849015,0.021574803047884145,0.011203750016321859,0.0065078415900553565,0.002130761975005226,0.0031548811864078588,0.0036194957155174577,0.001487044021796311,0.0014673222924527541,0.0015201312835026637,0.0014372227214269097,0.0021706821399418924,0.0013056931547497474,0.0006652213512257938,0.00459908145347275,0.003342772157168911,0.005040790450280733,0.0017124863311638939,0.0041581629559930364,0.0014383401373139456,0.0020034304414868745,0.0035813565163223876,0.002437274070974625,0.001543193873061216,0.0034546241536987303,0.0029238919318516953,0.001487044021796311,0.0056399871038439004,0.0018587997162169546,0.002857114332462976,0.0021127939011333216,0.0021817352104422896,0.0015694172326782396,0.0020520639822737717,0.008708459229599673,0.003800762077325238,0.005373597574248563,0.002222821439196713,0.005366905670802875,0.0019454773042481166,0.003238018363682012,0.006048977354860053,0.0027570572618344728,0.001973019167205922,0.007176103219094137,0.008397809028180816,0.0014673222924527541,0.0018587997162169546,0.0038573610687667754,0.0037034241664401137,0.003175419075932838,0.000983495428204643,0.0025055895151085625,0.0026929917890557995,0.003960278862955783,0.002928903087714179,0.002330883964689982,0.000694755233029358,0.004895215431562345,0.0019843782216179577,0.0021139963417919332,0.006139039365279195,0.003469591261270428,0.0028391715951510002,0.012320520695212087,0.014538091298772468,0.0015201312835026637,0.002857114332462976,0.0037034241664401137,0.011473323981847078,0.007355007075951159,0.0013169136039064954,0.0035934704851721586,0.005508206103084755,0.00440306530227972,0.0029661472652835834,0.0031867876352546284,0.0017852794706392401,0.008643949923624702,0.003158505526912218,0.0031639874695832603,0.008770528066680088,0.004565346249846121,0.00415588775664151,0.01228031814182488,0.016612227333483685,0.0014372227214269097,0.0021127939011333216,0.003175419075932838,0.007355007075951159,0.013009121191416548,0.002065278113225402,0.0033401983095457887,0.006140946956278554,0.004444156660792479,0.0022336665892049162,0.007271195066872344,0.0025630528508387516,0.009335696052137906,0.002784469447842681,0.003701511614248946,0.011141390257403334,0.004854797990658256,0.003283286856116332,-0.0005484027671412129,0.0007350516940609966,0.0021706821399418924,0.0021817352104422896,0.000983495428204643,0.0013169136039064954,0.002065278113225402,0.005905279522115811,0.0013364517040303768,-0.0016639587542658836,0.005422975806929138,0.0035623987612656994,0.0032214091752920523,0.0017120809026116525,0.0013131877188540795,0.0014193809770986334,0.003715151190793837,0.004801527905082465,0.0012310996628166425,0.0021121290005198575,0.006019519622768221,0.008245719178257959,0.0013056931547497474,0.0015694172326782396,0.0025055895151085625,0.0035934704851721586,0.0033401983095457887,0.0013364517040303768,0.0035063668935008466,0.0024062685273724274,0.0037649816565236928,0.0020427759466537087,0.001512370914599298,0.0011400788503023323,0.004136560152154591,0.0019576852213540785,0.0022135665648162356,0.007542266481753865,0.002716123266107609,0.0022037213891930975,0.013199696901701082,0.016470955195683687,0.0006652213512257938,0.0020520639822737717,0.0026929917890557995,0.005508206103084755,0.006140946956278554,-0.0016639587542658836,0.0024062685273724274,0.01781420574764225,0.00712422275325943,0.0002445353009928902,0.011840607609191521,0.0025449889554278946,0.01265178236217425,0.001953904051777137,0.0022091935349349014,0.01032277013863319,0.006882599972253233,0.0012418010758718833,0.012852366706117255,0.0035463523645813478,0.00459908145347275,0.008708459229599673,0.003960278862955783,0.00440306530227972,0.004444156660792479,0.005422975806929138,0.0037649816565236928,0.00712422275325943,0.04278863388049701,0.012454037031719035,0.02121738640253932,0.008315050736900718,0.02099611129635575,0.003845563480929322,0.007662251376786644,0.01972484258158915,0.010984533238029583,0.0049533873091174505,0.005937269402034224,0.001556824522258083,0.003342772157168911,0.003800762077325238,0.002928903087714179,0.0029661472652835834,0.0022336665892049162,0.0035623987612656994,0.0020427759466537087,0.0002445353009928902,0.012454037031719035,0.011162576490938596,0.006709170215619116,0.0029865976766079005,0.0054688493799371855,0.0020589943355637953,0.005557018532298591,0.007228140615028387,0.004992432085398124,0.0036443411893212724,0.010546904834828098,0.01013609711111611,0.005040790450280733,0.005373597574248563,0.002330883964689982,0.0031867876352546284,0.007271195066872344,0.0032214091752920523,0.001512370914599298,0.011840607609191521,0.02121738640253932,0.006709170215619116,0.039033488645163664,0.007073149051419238,0.021909658061015393,0.0018240514746343276,0.005515994261693816,0.010711669358385852,0.009324259068777471,0.0033404003350688714,0.004557572223197897,0.0035148428198585515,0.0017124863311638939,0.002222821439196713,0.000694755233029358,0.0017852794706392401,0.0025630528508387516,0.0017120809026116525,0.0011400788503023323,0.0025449889554278946,0.008315050736900718,0.0029865976766079005,0.007073149051419238,0.00601244789993338,0.006352053243049329,0.0008880828370214906,0.00320085752402772,0.0061037438491164595,0.0027044268731704537,0.0011444583688043262,0.01556854400167769,0.016279347082304097,0.0041581629559930364,0.005366905670802875,0.004895215431562345,0.008643949923624702,0.009335696052137906,0.0013131877188540795,0.004136560152154591,0.01265178236217425,0.02099611129635575,0.0054688493799371855,0.021909658061015393,0.006352053243049329,0.03359652626397551,0.003082786607951229,0.002975885117489997,0.018557844741357823,0.01199435166536525,0.004073406255068001,0.006407351929393313,0.006834123230332379,0.0014383401373139456,0.0019454773042481166,0.0019843782216179577,0.003158505526912218,0.002784469447842681,0.0014193809770986334,0.0019576852213540785,0.001953904051777137,0.003845563480929322,0.0020589943355637953,0.0018240514746343276,0.0008880828370214906,0.003082786607951229,0.004275136943472,0.002774062945243569,0.005403292751787705,0.0022529520277063137,0.002232583224752816,0.006364760561068231,0.007420396911849015,0.0020034304414868745,0.003238018363682012,0.0021139963417919332,0.0031639874695832603,0.003701511614248946,0.003715151190793837,0.0022135665648162356,0.0022091935349349014,0.007662251376786644,0.005557018532298591,0.005515994261693816,0.00320085752402772,0.002975885117489997,0.002774062945243569,0.00940515217590182,0.009071328635006879,0.0033057403520819276,0.0029776772596235997,0.016752740960351675,0.021574803047884145,0.0035813565163223876,0.006048977354860053,0.006139039365279195,0.008770528066680088,0.011141390257403334,0.004801527905082465,0.007542266481753865,0.01032277013863319,0.01972484258158915,0.007228140615028387,0.010711669358385852,0.0061037438491164595,0.018557844741357823,0.005403292751787705,0.009071328635006879,0.04870449610923189,0.010598981841705775,0.005039008646248814,0.01216424489414602,0.011203750016321859,0.002437274070974625,0.0027570572618344728,0.003469591261270428,0.004565346249846121,0.004854797990658256,0.0012310996628166425,0.002716123266107609,0.006882599972253233,0.010984533238029583,0.004992432085398124,0.009324259068777471,0.0027044268731704537,0.01199435166536525,0.0022529520277063137,0.0033057403520819276,0.010598981841705775,0.010431286398777512,0.0032506873176877337,0.006890438507716838,0.0065078415900553565,0.001543193873061216,0.001973019167205922,0.0028391715951510002,0.00415588775664151,0.003283286856116332,0.0021121290005198575,0.0022037213891930975,0.0012418010758718833,0.0049533873091174505,0.0036443411893212724,0.0033404003350688714,0.0011444583688043262,0.004073406255068001,0.002232583224752816,0.0029776772596235997,0.005039008646248814,0.0032506873176877337,0.0044632742928049545
