128.89943658483443,14.55367968523527,-290.8732480637719,-62.82048034410765,71.70609822455222,168.06498687552335,-67.38179532477756,-167.49315310118206,-37.50150629678972,88.11796382827055,-112.50097014633934,100.33863781996571,104.07711733961612,-145.7621118105181,-56.43091868304751,147.96837288006168,-46.67014391450392,-31.853453702063124,243.37008033705297,-41.090513941891594,14.55367968523527,538.2767196180897,-159.3771295676868,166.96227011518988,254.95968190996948,-264.0564022643456,342.8465277463857,39.6882856131791,84.90225282752439,-391.9265347747962,-126.5638102143773,-32.556195330861364,169.4533222777944,-338.39034727603297,-147.6324689813188,133.18155199481117,-405.10227946510065,106.97147996599782,-105.39325910165255,313.0498428656878,-290.8732480637719,-159.3771295676868,1201.4961439773658,259.33930561465934,-260.6220965109024,-493.6218028776332,-101.70953017801799,-11.95207526957553,206.48562350467236,209.92795998182547,-66.95632651440859,-39.248432498320895,226.0032976848728,225.1179424807589,218.13349011062496,-679.5422114189561,0.3468941034990336,44.032025315910964,-494.07745602870233,-8.516609316730879,-62.82048034410765,166.96227011518988,259.33930561465934,287.0986911918983,272.2020371066637,-391.2274791947084,70.57478525074137,75.17104768880809,-222.73532760137454,17.33180451344215,-175.91378557651709,65.8241070740445,160.95748013329242,-51.60517261872919,-245.62680752744848,-198.99732987393423,50.55047181111561,-108.49924126610019,-134.19560119707702,183.2292359766984,71.70609822455222,254.95968190996948,-260.6220965109024,272.2020371066637,536.3862126628605,-278.8312548574253,100.38940617594658,106.64498930115482,-488.6467659736782,-11.714648370412633,-225.0620412424216,139.78746541205055,102.52913168319246,-156.14805042505344,-489.23764693488874,55.27547009847217,152.6859846127342,-219.27132543194315,104.36264502529637,233.53701317904157,168.06498687552335,-264.0564022643456,-493.6218028776332,-391.2274791947084,-278.8312548574253,605.208363240678,-187.70418821464665,-213.85203277201342,189.8196017069732,115.9842164128822,128.37320510414966,12.107705441117945,-130.13769268454212,3.1391591419400435,242.92872240126002,314.70362137720645,-14.171911255587238,71.29542498146088,357.47825704010216,-284.9336321134934,-67.38179532477756,342.8465277463857,-101.70953017801799,70.57478525074137,100.38940617594658,-187.70418821464665,324.5535298306622,236.93736746450307,78.62356310143299,-427.2975113708322,113.31638891285232,-151.336519224038,-118.0095419789507,-80.01098207696346,-44.17916278443425,114.64911785148523,-204.15647394941865,113.95466678487313,-225.04500944790607,227.2203579691998,-167.49315310118206,39.6882856131791,-11.95207526957553,75.17104768880809,106.64498930115482,-213.85203277201342,236.93736746450307,552.7892052780638,-233.49642932952796,-331.5445402639044,335.7868956634142,-219.78901632000319,-477.46188498237495,307.7680068710438,-130.5314997827514,12.86707154640279,293.3476801143938,-40.486574875842415,-336.1509305332489,148.12147521232816,-37.50150629678972,84.90225282752439,206.48562350467236,-222.73532760137454,-488.6467659736782,189.8196017069732,78.62356310143299,-233.49642932952796,717.2637882588817,-200.39214477579725,97.55873264382048,-142.17625563542285,119.18392703254474,-138.05382211082332,517.711459593821,26.560041094305706,-562.6160738647371,358.05725455730067,-128.16709249326752,-84.3064677599987,88.11796382827055,-391.9265347747962,209.92795998182547,17.33180451344215,-11.714648370412633,115.9842164128822,-427.2975113708322,-331.5445402639044,-200.39214477579725,611.0056183284966,-257.49564482578523,255.57283261640487,261.1118024891641,54.93510202031509,-50.01465985008538,-221.4335485522216,282.0608876864565,-204.69284217467046,292.96732452235415,-239.65134429130032,-112.50097014633934,-126.5638102143773,-66.95632651440859,-175.91378557651709,-225.0620412424216,128.37320510414966,113.31638891285232,335.7868956634142,97.55873264382048,-257.49564482578523,406.81628377414705,-240.38837736934363,-464.5810575612216,295.55474325926656,181.05063092756117,99.11724653702181,134.4636883005929,96.99534676597565,-211.90379517807605,-52.93804100882384,100.33863781996571,-32.556195330861364,-39.248432498320895,65.8241070740445,139.78746541205055,12.107705441117945,-151.336519224038,-219.78901632000319,-142.17625563542285,255.57283261640487,-240.38837736934363,179.15192043815773,242.63701577524526,-130.5551560701515,-133.41303896999,-36.41828408644902,35.83233943497267,-112.99607046564017,218.4652171839267,-33.37497745284762,104.07711733961612,169.4533222777944,226.0032976848728,160.95748013329242,102.52913168319246,-130.13769268454212,-118.0095419789507,-477.46188498237495,119.18392703254474,261.1118024891641,-464.5810575612216,242.63701577524526,612.3128014582281,-384.38773331361256,-43.101116404333844,-157.03258314935368,-337.5130308233173,-2.4871293298868133,181.4888007614467,37.95711802909551,-145.7621118105181,-338.39034727603297,225.1179424807589,-51.60517261872919,-156.14805042505344,3.1391591419400435,-80.01098207696346,307.7680068710438,-138.05382211082332,54.93510202031509,295.55474325926656,-130.5551560701515,-384.38773331361256,429.8791294347115,68.2958896109185,-142.5698064661522,415.9911048631693,-68.84647049923866,-198.89528434766717,-118.17050937720103,-56.43091868304751,-147.6324689813188,218.13349011062496,-245.62680752744848,-489.23764693488874,242.92872240126002,-44.17916278443425,-130.5314997827514,517.711459593821,-50.01465985008538,181.05063092756117,-133.41303896999,-43.101116404333844,68.2958896109185,465.440724119088,-22.848403517760726,-251.29735380117728,242.9218444193581,-101.61230680126258,-179.2002458124016,147.96837288006168,133.18155199481117,-679.5422114189561,-198.99732987393423,55.27547009847217,314.70362137720645,114.64911785148523,12.86707154640279,26.560041094305706,-221.4335485522216,99.11724653702181,-36.41828408644902,-157.03258314935368,-142.5698064661522,-22.848403517760726,421.07255609060707,-113.84695964829643,58.82152958154962,226.93597233937797,7.918459048510283,-46.67014391450392,-405.10227946510065,0.3468941034990336,50.55047181111561,152.6859846127342,-14.171911255587238,-204.15647394941865,293.3476801143938,-562.6160738647371,282.0608876864565,134.4636883005929,35.83233943497267,-337.5130308233173,415.9911048631693,-251.29735380117728,-113.84695964829643,708.8009200618577,-300.8763977423714,30.850666594845,-112.83279652458211,-31.853453702063124,106.97147996599782,44.032025315910964,-108.49924126610019,-219.27132543194315,71.29542498146088,113.95466678487313,-40.486574875842415,358.05725455730067,-204.69284217467046,96.99534676597565,-112.99607046564017,-2.4871293298868133,-68.84647049923866,242.9218444193581,58.82152958154962,-300.8763977423714,198.64093810090827,-108.8751185915544,3.764351279925807,243.37008033705297,-105.39325910165255,-494.07745602870233,-134.19560119707702,104.36264502529637,357.47825704010216,-225.04500944790607,-336.1509305332489,-128.16709249326752,292.96732452235415,-211.90379517807605,218.4652171839267,181.4888007614467,-198.89528434766717,-101.61230680126258,226.93597233937797,30.850666594845,-108.8751185915544,496.24952370421244,-148.36572357496001,-41.090513941891594,313.0498428656878,-8.516609316730879,183.2292359766984,233.53701317904157,-284.9336321134934,227.2203579691998,148.12147521232816,-84.3064677599987,-239.65134429130032,-52.93804100882384,-33.37497745284762,37.95711802909551,-118.17050937720103,-179.2002458124016,7.918459048510283,-112.83279652458211,3.764351279925807,-148.36572357496001,233.3616543395789
0.013183673242258671,-4.442947414752023e-5,-0.0001813440319446266,0.002251580945992479,-0.00048355653916242077,0.00014978614151961835,0.0004133694395741823,0.0002696136377222781,0.0003689562145617483,0.00012979802748474395,0.0004140962701675488,-9.55884153852376e-5,0.001193922367652801,0.0016133286854334776,0.0011310063715040887,0.00044897600131333,0.00045833886006517454,0.0010664692058470976,0.0011366036425113002,0.00038741019890693046,-4.442947414752023e-5,0.00985127771677567,0.00037883456309835753,0.0009844930095867037,0.0013949453113256886,0.0006729189631295619,0.0009496936829991682,0.0006374297917473221,-0.00021030629260105488,0.0014386181959879104,0.0009666482590018365,0.0005349668512247142,-0.00022376445065211675,0.00018118361624804827,0.0002770425632084011,0.001085011882241704,0.0002530457387054441,-0.0002829556590576627,-0.0006302329945412979,3.7279552740331174e-5,-0.0001813440319446266,0.00037883456309835753,0.0014273235235233762,0.0004367382324454895,0.0009649718435666609,0.00014964187225107188,8.953369733051374e-6,0.0003522585963333728,0.0003096048891751039,0.0007927855679113561,-3.234648222786356e-5,0.00010286952364341627,0.0002898676422066937,0.0004751178826512834,4.282259217324046e-5,0.00023119041606032038,0.00038000066670258395,7.037513054767392e-5,0.0008951516186879462,0.00020408775776706295,0.002251580945992479,0.0009844930095867037,0.0004367382324454895,0.013123337475305353,0.000829331675089028,0.0007641881757806618,0.0004738358407615287,0.0003507545710936436,0.0011851905201134979,0.0012363433994940554,8.163288598412113e-5,8.701038942072919e-5,0.00039216940361368516,0.0015262402084548852,-0.00017587606732661097,0.0010661401600490943,0.0008569825045647076,0.0007827907119904264,0.0023624842028975605,0.0007645140981768922,-0.00048355653916242077,0.0013949453113256886,0.0009649718435666609,0.000829331675089028,0.017823277274849194,0.0009686095125592035,0.0012934097551989168,0.000895257235678281,0.00443533742182807,0.0040253829326929065,0.0008523826523288238,0.0011176308279748524,0.000619082706179335,0.0029552536409198234,-0.00010548916788456352,0.0005760036919033725,0.0009271616035609834,0.00013862236953261688,0.0026750194816874883,0.0009880339079692446,0.00014978614151961835,0.0006729189631295619,0.00014964187225107188,0.0007641881757806618,0.0009686095125592035,0.003184529986952371,0.0005662721022414209,0.0001824869236943508,0.00017556322894942344,0.0008312122280016961,0.0008006372913014198,4.621189498865064e-6,0.0005737568276504088,0.0011039929859585225,0.00011826819802680219,-0.00020976290138833122,-0.00017855215463893654,-0.00010121703855110474,-0.00026020380485687817,0.0003751262831342478,0.0004133694395741823,0.0009496936829991682,8.953369733051374e-6,0.0004738358407615287,0.0012934097551989168,0.0005662721022414209,0.0050059057467640306,0.0002302847037362436,0.0006361231394986873,0.0009772556931947744,0.0001903924269210646,0.0002543804300749713,0.000399606706432798,0.0016834506333620897,0.0007271623190108606,-0.0001390364695694888,0.0001471604201534144,0.00024408966458755433,-0.00036231077344117424,0.000618646758006823,0.0002696136377222781,0.0006374297917473221,0.0003522585963333728,0.0003507545710936436,0.000895257235678281,0.0001824869236943508,0.0002302847037362436,0.002037738604859294,0.0007610973824062233,0.0010388951951221536,-0.00010033957311607508,0.0002291786223263503,0.0008240293090243669,0.000170095034714808,0.0004814916683682376,7.69300477123846e-5,0.0002575181087301504,0.0004344020602273904,0.0004754457175134841,3.952887680950551e-5,0.0003689562145617483,-0.00021030629260105488,0.0003096048891751039,0.0011851905201134979,0.00443533742182807,0.00017556322894942344,0.0006361231394986873,0.0007610973824062233,0.027167035563196544,0.0018358752228120508,-0.0012218290918428795,-0.00019083887966504537,0.0010871759440615005,-0.0007651785581350135,8.378756701660738e-5,0.0018298528952860283,0.0011443494102046747,0.0021459919827665416,0.0033195194291819937,1.278908672764506e-5,0.00012979802748474395,0.0014386181959879104,0.0007927855679113561,0.0012363433994940554,0.0040253829326929065,0.0008312122280016961,0.0009772556931947744,0.0010388951951221536,0.0018358752228120508,0.016882384458569287,0.0010175989859068646,0.00029188092219056616,0.0018899614114839412,0.0024403613417589443,-4.391462659662277e-5,0.00022439135155394752,-0.0001867440953102557,-0.0011439368535234883,-0.00037871632767071334,0.0009587930623539624,0.0004140962701675488,0.0009666482590018365,-3.234648222786356e-5,8.163288598412113e-5,0.0008523826523288238,0.0008006372913014198,0.0001903924269210646,-0.00010033957311607508,-0.0012218290918428795,0.0010175989859068646,0.005743347756956111,-4.138495081039919e-6,0.00017898144153449648,0.001280925895984912,0.0005799479014401575,0.0008484155110224815,-6.285114298278308e-5,-0.0006127484006738188,-8.45980718374589e-6,0.0001551878490531411,-9.55884153852376e-5,0.0005349668512247142,0.00010286952364341627,8.701038942072919e-5,0.0011176308279748524,4.621189498865064e-6,0.0002543804300749713,0.0002291786223263503,-0.00019083887966504537,0.00029188092219056616,-4.138495081039919e-6,0.002633699354779922,0.0006172231683092908,0.0012628396977518446,0.0002251634883416716,-0.0001543130803931985,-7.26297330056603e-5,-0.0003399822946490918,-0.0007385247650081247,0.0002822703258430052,0.001193922367652801,-0.00022376445065211675,0.0002898676422066937,0.00039216940361368516,0.000619082706179335,0.0005737568276504088,0.000399606706432798,0.0008240293090243669,0.0010871759440615005,0.0018899614114839412,0.00017898144153449648,0.0006172231683092908,0.008426079804151644,0.0011905731569817112,0.0006183235469314999,0.0011307696870179365,0.00017300009604968172,-0.00022316953312587597,0.0004568406780447499,0.0006926494588299929,0.0016133286854334776,0.00018118361624804827,0.0004751178826512834,0.0015262402084548852,0.0029552536409198234,0.0011039929859585225,0.0016834506333620897,0.000170095034714808,-0.0007651785581350135,0.0024403613417589443,0.001280925895984912,0.0012628396977518446,0.0011905731569817112,0.013067956145977534,7.32962885592771e-6,-0.0013058269643430025,0.00045258583298064207,-0.0005700631107536776,0.0005170261181583256,0.0005737767432018447,0.0011310063715040887,0.0002770425632084011,4.282259217324046e-5,-0.00017587606732661097,-0.00010548916788456352,0.00011826819802680219,0.0007271623190108606,0.0004814916683682376,8.378756701660738e-5,-4.391462659662277e-5,0.0005799479014401575,0.0002251634883416716,0.0006183235469314999,7.32962885592771e-6,0.0032610379157866163,0.0008450564827856824,0.00021781091855477215,0.0005339916623285372,-0.00020132593136165162,0.000175377293112888,0.00044897600131333,0.001085011882241704,0.00023119041606032038,0.0010661401600490943,0.0005760036919033725,-0.00020976290138833122,-0.0001390364695694888,7.69300477123846e-5,0.0018298528952860283,0.00022439135155394752,0.0008484155110224815,-0.0001543130803931985,0.0011307696870179365,-0.0013058269643430025,0.0008450564827856824,0.010669038472127154,0.0006972336849913761,0.0005468152936898565,0.0012162235651352398,0.00010978806450969136,0.00045833886006517454,0.0002530457387054441,0.00038000066670258395,0.0008569825045647076,0.0009271616035609834,-0.00017855215463893654,0.0001471604201534144,0.0002575181087301504,0.0011443494102046747,-0.0001867440953102557,-6.285114298278308e-5,-7.26297330056603e-5,0.00017300009604968172,0.00045258583298064207,0.00021781091855477215,0.0006972336849913761,0.0033728505651255927,0.0003942958855135477,0.0003738485063889388,0.00034956557811753326,0.0010664692058470976,-0.0002829556590576627,7.037513054767392e-5,0.0007827907119904264,0.00013862236953261688,-0.00010121703855110474,0.00024408966458755433,0.0004344020602273904,0.0021459919827665416,-0.0011439368535234883,-0.0006127484006738188,-0.0003399822946490918,-0.00022316953312587597,-0.0005700631107536776,0.0005339916623285372,0.0005468152936898565,0.0003942958855135477,0.007950040278243822,0.0005866525648614448,-0.00024803935067923806,0.0011366036425113002,-0.0006302329945412979,0.0008951516186879462,0.0023624842028975605,0.0026750194816874883,-0.00026020380485687817,-0.00036231077344117424,0.0004754457175134841,0.0033195194291819937,-0.00037871632767071334,-8.45980718374589e-6,-0.0007385247650081247,0.0004568406780447499,0.0005170261181583256,-0.00020132593136165162,0.0012162235651352398,0.0003738485063889388,0.0005866525648614448,0.02669135802889179,0.0009655441653880536,0.00038741019890693046,3.7279552740331174e-5,0.00020408775776706295,0.0007645140981768922,0.0009880339079692446,0.0003751262831342478,0.000618646758006823,3.952887680950551e-5,1.278908672764506e-5,0.0009587930623539624,0.0001551878490531411,0.0002822703258430052,0.0006926494588299929,0.0005737767432018447,0.000175377293112888,0.00010978806450969136,0.00034956557811753326,-0.00024803935067923806,0.0009655441653880536,0.0023571496626392805
1067.056051873189,-127.60545844146982,-104.10846588604282,-166.66363063504338,97.7588311280347,240.19886477725038,-462.0424831014065,-169.11406033674962,-127.07017968560436,97.02641168287036,407.8671098014449,-181.74281817203192,-76.77614068366165,-404.6966222024288,-168.94408316020264,93.55866022549529,227.79074158143715,-76.30214630554589,-271.81584244559326,68.40411831536751,-127.60545844146982,889.4611986709947,-502.87893801277494,81.77650827582954,46.89786000684562,-110.89538897873955,80.55044219165391,-35.232471465705856,-140.3093207691142,211.35904995541668,-477.08828148068795,151.27367583167222,-102.44717674361988,-51.7926636173826,-314.85721529017997,-108.89878888390943,169.95538877713105,64.98677668326322,-236.16075333202497,417.08971975224205,-104.10846588604282,-502.87893801277494,1211.8613844904678,-162.89907749534478,-20.863273746418606,55.63185288667343,384.18008569111885,159.6271649246969,19.34299909021616,-289.1815819490242,59.817130169861606,-379.94999647530415,-203.6573205962723,5.357022333332813,14.447838912701044,-338.55486426350404,63.70273754161184,33.64091646359167,-293.5296881725483,93.52694829929587,-166.66363063504338,81.77650827582954,-162.89907749534478,1227.555707622873,-78.51583505510929,187.54650883783205,-128.09241124860324,49.39720333150117,64.88185530670596,-26.234740891676857,-244.1199798361736,-502.009025458907,440.13776682757606,-255.93678719242448,81.0114676277023,-259.2659676368509,-43.05427770152991,-133.17971092667224,168.44910765068147,-53.442049954171466,97.7588311280347,46.89786000684562,-20.863273746418606,-78.51583505510929,782.0699432125973,-218.0766584092895,-275.7980656069909,-229.81794523785302,-156.60698652805607,-238.5857323991674,-167.14304044979065,111.44679039940394,274.9630005301149,56.72124523774585,273.6700449121709,-144.11353675239073,-285.03881948416415,157.4176913798301,-629.0304336919754,-136.3212484455887,240.19886477725038,-110.89538897873955,55.63185288667343,187.54650883783205,-218.0766584092895,1184.963364351145,-11.887957815512697,-82.29241595241486,-483.6621785636292,-230.25243084271574,-77.22022857338638,31.676594352703873,-11.739623057500296,108.0235720672867,-395.79191555019656,-74.28150662458154,162.21031891820078,370.4589181927863,236.09056777908916,-291.4641658789281,-462.0424831014065,80.55044219165391,384.18008569111885,-128.09241124860324,-275.7980656069909,-11.887957815512697,1311.6953030634543,-226.70574869848113,-227.35888118774417,166.45782321514682,-75.59577964993336,118.9088655952278,185.7646112120652,-377.4040582501121,-188.09460247168678,223.32165401223094,73.48503781065352,-153.5551693023005,-91.0603106171721,-115.75936018174787,-169.11406033674962,-35.232471465705856,159.6271649246969,49.39720333150117,-229.81794523785302,-82.29241595241486,-226.70574869848113,970.2361608184093,-245.9622416552856,276.2223426682724,212.72835738123476,-108.00917765144669,-243.12838663465854,29.120833643619253,-114.45655462690516,-259.89267969295173,-633.8389477809972,91.66245228190793,222.9131935617277,369.94470138253985,-127.07017968560436,-140.3093207691142,19.34299909021616,64.88185530670596,-156.60698652805607,-483.6621785636292,-227.35888118774417,-245.9622416552856,1579.793973311828,-161.8163684193441,18.214775205780967,-40.84023774393522,-80.71525511728483,-39.98443683008881,-427.89992782649387,-79.5975487001035,117.29039132681355,70.95624283868037,96.16746245268588,-219.02970499308722,97.02641168287036,211.35904995541668,-289.1815819490242,-26.234740891676857,-238.5857323991674,-230.25243084271574,166.45782321514682,276.2223426682724,-161.8163684193441,1372.8547564525825,69.49946268954012,-251.29280513141867,-366.9609654019516,-93.97451373244957,18.323958255344298,-77.11014025121399,-33.413333755947534,-93.7549159783082,-131.10930229890502,-505.7625413071808,407.8671098014449,-477.08828148068795,59.817130169861606,-244.1199798361736,-167.14304044979065,-77.22022857338638,-75.59577964993336,212.72835738123476,18.214775205780967,69.49946268954012,671.5224693304797,164.59319101106092,39.67786278817074,-419.67538747413647,77.854242818091,92.87619431776328,-223.3096672156391,-174.93543225143353,259.7413328568397,-26.496589737242072,-181.74281817203192,151.27367583167222,-379.94999647530415,-502.009025458907,111.44679039940394,31.676594352703873,118.9088655952278,-108.00917765144669,-40.84023774393522,-251.29280513141867,164.59319101106092,1312.9018443012726,42.48773048300531,-326.4566690504335,118.80291567313773,-519.964206972471,-35.26559802123504,191.05064331829828,329.0223685938123,-118.01938669902381,-76.77614068366165,-102.44717674361988,-203.6573205962723,440.13776682757606,274.9630005301149,-11.739623057500296,185.7646112120652,-243.12838663465854,-80.71525511728483,-366.9609654019516,39.67786278817074,42.48773048300531,715.0512796991004,-328.92785480447634,81.58720187230828,289.08439426976855,-392.6554461591205,-91.67896093706634,-53.36626604395046,-121.60702157806146,-404.6966222024288,-51.7926636173826,5.357022333332813,-255.93678719242448,56.72124523774585,108.0235720672867,-377.4040582501121,29.120833643619253,-39.98443683008881,-93.97451373244957,-419.67538747413647,-326.4566690504335,-328.92785480447634,1210.5211931830784,173.62382574385632,437.8001162735374,52.401024492794775,228.8652974938151,92.26329454146378,-125.73617835058029,-168.94408316020264,-314.85721529017997,14.447838912701044,81.0114676277023,273.6700449121709,-395.79191555019656,-188.09460247168678,-114.45655462690516,-427.89992782649387,18.323958255344298,77.854242818091,118.80291567313773,81.58720187230828,173.62382574385632,1262.1033573603897,-259.7084975611341,282.43588473951223,-413.3706028397424,196.86117511146074,-137.58686716814813,93.55866022549529,-108.89878888390943,-338.55486426350404,-259.2659676368509,-144.11353675239073,-74.28150662458154,223.32165401223094,-259.89267969295173,-79.5975487001035,-77.11014025121399,92.87619431776328,-519.964206972471,289.08439426976855,437.8001162735374,-259.7084975611341,1576.0143998250246,-220.09983154083005,-212.78002201956207,42.72216607143775,100.99167931185048,227.79074158143715,169.95538877713105,63.70273754161184,-43.05427770152991,-285.03881948416415,162.21031891820078,73.48503781065352,-633.8389477809972,117.29039132681355,-33.413333755947534,-223.3096672156391,-35.26559802123504,-392.6554461591205,52.401024492794775,282.43588473951223,-220.09983154083005,1297.5050083152607,-285.2419743319347,150.15910270296115,102.6170819934281,-76.30214630554589,64.98677668326322,33.64091646359167,-133.17971092667224,157.4176913798301,370.4589181927863,-153.5551693023005,91.66245228190793,70.95624283868037,-93.7549159783082,-174.93543225143353,191.05064331829828,-91.67896093706634,228.8652974938151,-413.3706028397424,-212.78002201956207,-285.2419743319347,491.70689530170733,-155.46406823497162,-257.4687754612216,-271.81584244559326,-236.16075333202497,-293.5296881725483,168.44910765068147,-629.0304336919754,236.09056777908916,-91.0603106171721,222.9131935617277,96.16746245268588,-131.10930229890502,259.7413328568397,329.0223685938123,-53.36626604395046,92.26329454146378,196.86117511146074,42.72216607143775,150.15910270296115,-155.46406823497162,1048.1144394074088,33.53891318646566,68.40411831536751,417.08971975224205,93.52694829929587,-53.442049954171466,-136.3212484455887,-291.4641658789281,-115.75936018174787,369.94470138253985,-219.02970499308722,-505.7625413071808,-26.496589737242072,-118.01938669902381,-121.60702157806146,-125.73617835058029,-137.58686716814813,100.99167931185048,102.6170819934281,-257.4687754612216,33.53891318646566,1320.2666556317083
