0.023539793571268834,0.0042087859071031596,-0.0017407169353109032,-0.0006170578881318236,-0.00165985225442651,0.0008580516357352575,-0.00010202807629014733,-0.001961654309842898,0.0006596488246365323,-0.003845669183524151,0.0011427415810518475,0.0010569130794330465,0.003094036031663607,-0.0010138623062501365,0.004761859352989626,0.002676319001758726,-0.003958953302956661,0.000509522954943376,-1.0039209299656318e-5,-0.0017659328758328771,0.0042087859071031596,0.023792701407504377,-0.002590145429650235,-0.0048938894319347365,-0.0038094282139637323,-0.0038267617928284415,0.006001470302794,-0.008739474366372737,-0.0006435292837251793,0.007522532984661915,0.002666461798284411,0.009790578031346583,0.003023037595107819,-0.007294965814447883,0.007208711497051345,0.0010810422498733646,1.6688856870852254e-5,0.006056143790325647,0.0014911403786616179,-0.0016607821538571713,-0.0017407169353109032,-0.002590145429650235,0.004455324955450661,0.002651252943998485,0.0014219967108319762,0.0008019586160954995,-0.0009948722198284726,0.0028161377811413723,0.0007247208956412957,0.0033034681199265786,-0.0015058340205035845,0.0008465769476090229,-0.00017982576971588342,0.0005452629658604788,0.0001687993888414975,0.0013882850104106133,-0.0003866449441863438,-0.0021916737802771214,-8.784132549591568e-6,0.0004432829110627914,-0.0006170578881318236,-0.0048938894319347365,0.002651252943998485,0.013542760389674795,0.0008035343400344995,0.0013603469779149594,-0.0005237026491946831,-0.00029005942637714817,0.001910872668293348,0.007038567895341251,-0.0022970407942920264,0.0008327743559479002,-0.0008288992920487654,-0.002174978820677055,0.0005866072192145646,0.0038686168080432947,-0.0014360642330442307,-0.00417520918262896,-0.0034959348447119428,0.0011692536028699418,-0.00165985225442651,-0.0038094282139637323,0.0014219967108319762,0.0008035343400344995,0.0057406967744029905,0.00027775483972981857,-0.0002938940201671215,0.005719450848213898,-0.002632738588352359,-0.003003789082555603,-0.0007529728520984775,-0.002547433918604759,0.0003742650446145676,0.0015662919047295062,-0.000758050871346736,0.0006457166703421707,0.00042529796364445616,-0.00019172980128059235,0.002638985396008217,0.0013662961511118653,0.0008580516357352575,-0.0038267617928284415,0.0008019586160954995,0.0013603469779149594,0.00027775483972981857,0.005404931449632993,-0.0007935407579846593,0.0028731057735169926,0.0006540447297905726,0.00036250817826528545,-0.0006078205194172233,-0.002340203946532886,9.464729531912045e-5,0.0012771310937076687,-0.0012016697903779294,0.00017592157684359703,-0.00022313700350850142,-0.0018890812966511135,-0.0007209755907772362,0.0003934212142355037,-0.00010202807629014733,0.006001470302794,-0.0009948722198284726,-0.0005237026491946831,-0.0002938940201671215,-0.0007935407579846593,0.012726715553539271,-0.004023446222105435,0.0012662753440061346,-0.0006227744705654815,0.0018593105899072817,0.002619148477533669,0.0013032036574288765,-0.0006216401039744253,0.002254369735403406,-0.0008482838261737722,0.002289867977236363,0.0017798983985845077,0.0026754215429905482,0.0011199229098036063,-0.001961654309842898,-0.008739474366372737,0.0028161377811413723,-0.00029005942637714817,0.005719450848213898,0.0028731057735169926,-0.004023446222105435,0.0316207778055254,-0.0015191249285987293,-0.005619300577784803,-0.0020997678005594475,-0.009830488870691555,0.0017955760869723413,0.004300163508485074,0.00027960557435207625,0.002066240247309859,0.002079837908526925,0.000965265169520424,0.003565174914422139,0.002565796105723375,0.0006596488246365323,-0.0006435292837251793,0.0007247208956412957,0.001910872668293348,-0.002632738588352359,0.0006540447297905726,0.0012662753440061346,-0.0015191249285987293,0.025560318999584254,0.001500123151800631,0.0005501223531647439,-0.0005436947906222796,0.0015957918743231625,0.0006210653589676109,-0.001247209074839739,-0.003340248819093804,0.004828351567402319,-0.0018033386001231775,-0.001861892998001261,-0.0007291758157979236,-0.003845669183524151,0.007522532984661915,0.0033034681199265786,0.007038567895341251,-0.003003789082555603,0.00036250817826528545,-0.0006227744705654815,-0.005619300577784803,0.001500123151800631,0.03664007040335572,-0.0016579187678115513,0.011271269845108858,-0.0015916957830896705,-0.008431208328774538,0.005531454200700404,0.004324783062170233,-0.0020674338311889168,-0.0003178423768745046,-0.00963065932188454,-0.0009219744656131291,0.0011427415810518475,0.002666461798284411,-0.0015058340205035845,-0.0022970407942920264,-0.0007529728520984775,-0.0006078205194172233,0.0018593105899072817,-0.0020997678005594475,0.0005501223531647439,-0.0016579187678115513,0.0023886043938619013,0.0012570539667796808,0.0009992350130454246,0.000553893711376115,9.163659063223361e-5,-0.0017847465191162494,0.0002995530034187627,0.0014705309077251555,0.0004303565884009986,-0.00048184719757799106,0.0010569130794330465,0.009790578031346583,0.0008465769476090229,0.0008327743559479002,-0.002547433918604759,-0.002340203946532886,0.002619148477533669,-0.009830488870691555,-0.0005436947906222796,0.011271269845108858,0.0012570539667796808,0.016221252064712907,-7.908345397047596e-5,-0.0022828100404670543,0.003409802793369856,0.001060618417716847,-0.0022033171012498325,0.001422775791153155,-0.0011867109692139332,-0.00117919811194841,0.003094036031663607,0.003023037595107819,-0.00017982576971588342,-0.0008288992920487654,0.0003742650446145676,9.464729531912045e-5,0.0013032036574288765,0.0017955760869723413,0.0015957918743231625,-0.0015916957830896705,0.0009992350130454246,-7.908345397047596e-5,0.004540428050966594,-0.0001530927416104349,0.0013619893898978302,-4.99397447759371e-5,0.00019512976287812037,0.0015322994940709096,0.0009432281538446674,-0.00022106064191121995,-0.0010138623062501365,-0.007294965814447883,0.0005452629658604788,-0.002174978820677055,0.0015662919047295062,0.0012771310937076687,-0.0006216401039744253,0.004300163508485074,0.0006210653589676109,-0.008431208328774538,0.000553893711376115,-0.0022828100404670543,-0.0001530927416104349,0.01324368306127836,-0.004802670555883876,-0.003776455139692093,-0.0011457504150348616,-0.001525194749905637,0.0042983614275133464,0.0008811420622120601,0.004761859352989626,0.007208711497051345,0.0001687993888414975,0.0005866072192145646,-0.000758050871346736,-0.0012016697903779294,0.002254369735403406,0.00027960557435207625,-0.001247209074839739,0.005531454200700404,9.163659063223361e-5,0.003409802793369856,0.0013619893898978302,-0.004802670555883876,0.009734410285689934,0.003262648949730853,-0.002680994029426067,0.0022030240417527753,-0.0012901939713921115,-0.0011098901580048307,0.002676319001758726,0.0010810422498733646,0.0013882850104106133,0.0038686168080432947,0.0006457166703421707,0.00017592157684359703,-0.0008482838261737722,0.002066240247309859,-0.003340248819093804,0.004324783062170233,-0.0017847465191162494,0.001060618417716847,-4.99397447759371e-5,-0.003776455139692093,0.003262648949730853,0.007687235068673077,-0.0013993865183572246,-0.00029649397638585644,-0.0010353469936426143,0.00015129838912850526,-0.003958953302956661,1.6688856870852254e-5,-0.0003866449441863438,-0.0014360642330442307,0.00042529796364445616,-0.00022313700350850142,0.002289867977236363,0.002079837908526925,0.004828351567402319,-0.0020674338311889168,0.0002995530034187627,-0.0022033171012498325,0.00019512976287812037,-0.0011457504150348616,-0.002680994029426067,-0.0013993865183572246,0.017157470714549098,-0.0005617911762655869,0.0010012730173687744,0.0010996366795756934,0.000509522954943376,0.006056143790325647,-0.0021916737802771214,-0.00417520918262896,-0.00019172980128059235,-0.0018890812966511135,0.0017798983985845077,0.000965265169520424,-0.0018033386001231775,-0.0003178423768745046,0.0014705309077251555,0.001422775791153155,0.0015322994940709096,-0.001525194749905637,0.0022030240417527753,-0.00029649397638585644,-0.0005617911762655869,0.00925695329102638,0.0015518560164062948,-0.0006434166035386142,-1.0039209299656318e-5,0.0014911403786616179,-8.784132549591568e-6,-0.0034959348447119428,0.002638985396008217,-0.0007209755907772362,0.0026754215429905482,0.003565174914422139,-0.001861892998001261,-0.00963065932188454,0.0004303565884009986,-0.0011867109692139332,0.0009432281538446674,0.0042983614275133464,-0.0012901939713921115,-0.0010353469936426143,0.0010012730173687744,0.0015518560164062948,0.013113551112749169,0.0011994266473414515,-0.0017659328758328771,-0.0016607821538571713,0.0004432829110627914,0.0011692536028699418,0.0013662961511118653,0.0003934212142355037,0.0011199229098036063,0.002565796105723375,-0.0007291758157979236,-0.0009219744656131291,-0.00048184719757799106,-0.00117919811194841,-0.00022106064191121995,0.0008811420622120601,-0.0011098901580048307,0.00015129838912850526,0.0010996366795756934,-0.0006434166035386142,0.0011994266473414515,0.002250060015807828
0.03991549401290163,-0.002186571663366024,0.002633890945636203,0.0019459470497320054,-0.0016239087972801142,0.0029334833000725386,-0.00290132148158931,0.01720334245664197,-0.010192759879592048,-0.0011098006907067593,0.000928001687012117,0.0070510853133181955,0.0003641439308116007,0.007870068870755802,0.003037824431517078,0.0032224012714841535,0.01118149636870477,0.0038997169493891507,-0.0028249275654124214,0.003621967084426154,-0.002186571663366024,0.012029119486123407,0.0007660986198662506,0.006079190028804077,0.003421889095402173,0.0023980523078268308,0.0033938723170407383,-0.0001316408162829507,0.006074931277662034,-0.0010238858509356375,0.0003319148650925762,0.0015335274804412014,0.0005782456598978832,-0.0019187835372086342,-0.0001809882793764789,-0.0005338576607494755,0.0008534405095944385,0.0006589140787939333,0.001732726334546323,-0.0008742553300071236,0.002633890945636203,0.0007660986198662506,0.0033361800388720074,0.001661037798438576,-0.00015766136347347958,0.0012871475228877823,0.0011219503464377602,0.0026944633002905644,-0.0004526908497920726,0.001158090021376261,2.17856946707693e-5,0.0008443627284730296,2.1438237994932146e-5,0.00014281022113031458,8.08767466039679e-5,0.0005631726419653212,0.0012990868120895836,0.0012018192863341008,0.0005768245478520936,0.0002573557373682817,0.0019459470497320054,0.006079190028804077,0.001661037798438576,0.015570118802566275,0.0023806763210920704,0.001594090216780262,0.006269353889650145,-0.0015202652138098234,0.005997245310801212,-0.00394247629146925,0.0014110795482829338,0.002330288327527864,0.00032880558453328565,0.0016430279956084607,0.0011130467812630095,0.0017801298527477583,0.007995046111370929,0.0012957458959323236,0.004718383871625897,0.000531227262904748,-0.0016239087972801142,0.003421889095402173,-0.00015766136347347958,0.0023806763210920704,0.00524956252815664,0.0011212927360561525,0.0027713357123964836,-0.0005009855619629911,0.0035047696418033123,-0.0004446145095296236,-7.929238985146955e-5,0.0008120960407190041,0.0005474795823735818,-0.0015899775199597291,4.986164758603148e-5,-0.0004973330252194084,-0.0004942685650236379,0.000615902605717613,0.00027746331902723327,-0.0002590301811539334,0.0029334833000725386,0.0023980523078268308,0.0012871475228877823,0.001594090216780262,0.0011212927360561525,0.00662533527403965,0.0013696635600939895,0.0019735404486244585,0.004506077261743614,0.001615014653621935,0.0003259080756094205,0.0018552193979531333,0.0011348940693581642,0.0010613726587908904,0.0007749630859765991,-0.0007317736408689949,0.0009580002738787114,0.00031353510972241853,-0.0006406242969968809,0.00038683355603928043,-0.00290132148158931,0.0033938723170407383,0.0011219503464377602,0.006269353889650145,0.0027713357123964836,0.0013696635600939895,0.013310288043878984,-0.002976324323021728,0.009402864426586326,-0.000707742507814026,-7.446549600575208e-5,0.003442549024095491,0.0007868091454849296,-0.0014910634069595038,-0.0013077376736234767,0.00048099577015977527,0.0006934082120373209,0.002403200514596411,0.0014776873744204591,-0.00014856289094494513,0.01720334245664197,-0.0001316408162829507,0.0026944633002905644,-0.0015202652138098234,-0.0005009855619629911,0.0019735404486244585,-0.002976324323021728,0.03255449748486584,-0.008255973637404105,0.005445753240628216,5.364268992607543e-5,-0.0004901934119828031,-0.002923308766817369,0.002171151030225884,0.00022684203478416014,0.0010438174810342093,0.008343183675318801,-0.00040470031613992557,-0.0010734405086127087,0.0023597816962876153,-0.010192759879592048,0.006074931277662034,-0.0004526908497920726,0.005997245310801212,0.0035047696418033123,0.004506077261743614,0.009402864426586326,-0.008255973637404105,0.031536800755599476,-0.001983524214150832,0.0007184810500396694,0.0017199550881017963,-0.00029214310188143815,-0.003380831042381162,-0.0015308071318373552,0.0002591969169301459,-0.0010777173661251386,5.583439694166546e-5,0.002053115992952324,2.2548966841703542e-5,-0.0011098006907067593,-0.0010238858509356375,0.001158090021376261,-0.00394247629146925,-0.0004446145095296236,0.001615014653621935,-0.000707742507814026,0.005445753240628216,-0.001983524214150832,0.02155105365632037,0.000878288222393367,-0.001976227529914441,0.0014522662913785734,0.0021315065020380518,0.0017960298419664959,-0.0011747053387042876,-0.001837861691930329,-0.0014498613378707743,-0.0008410413484133677,-0.0007954741270195554,0.000928001687012117,0.0003319148650925762,2.17856946707693e-5,0.0014110795482829338,-7.929238985146955e-5,0.0003259080756094205,-7.446549600575208e-5,5.364268992607543e-5,0.0007184810500396694,0.000878288222393367,0.0024631314187348115,-0.00011156325862695789,-0.00047455137613771107,0.0013589291062048132,0.0011070112342201402,0.0012515979983588987,0.001554746240401119,-0.0003406946333030066,0.000835530066094209,0.0003570144078936276,0.0070510853133181955,0.0015335274804412014,0.0008443627284730296,0.002330288327527864,0.0008120960407190041,0.0018552193979531333,0.003442549024095491,-0.0004901934119828031,0.0017199550881017963,-0.001976227529914441,-0.00011156325862695789,0.011832465015317727,0.0026342750276928187,-0.0001571990967953738,0.00033600714132255607,-0.0002092005300471749,0.001900874076323493,0.003543857756700257,-0.0013340572141017247,0.00026313145890718883,0.0003641439308116007,0.0005782456598978832,2.1438237994932146e-5,0.00032880558453328565,0.0005474795823735818,0.0011348940693581642,0.0007868091454849296,-0.002923308766817369,-0.00029214310188143815,0.0014522662913785734,-0.00047455137613771107,0.0026342750276928187,0.004529021022252428,0.0013071432435626533,0.0010630312480646399,-0.0012412438229773655,0.00024689776480335177,0.0011507334337753558,-0.00031823583398807537,-0.00046572365496340835,0.007870068870755802,-0.0019187835372086342,0.00014281022113031458,0.0016430279956084607,-0.0015899775199597291,0.0010613726587908904,-0.0014910634069595038,0.002171151030225884,-0.003380831042381162,0.0021315065020380518,0.0013589291062048132,-0.0001571990967953738,0.0013071432435626533,0.011200324489832318,0.004401758962632944,0.0006567288873598918,0.0053326455823126985,-0.0005367675948026919,0.0021665214819075454,0.0013271145403417753,0.003037824431517078,-0.0001809882793764789,8.08767466039679e-5,0.0011130467812630095,4.986164758603148e-5,0.0007749630859765991,-0.0013077376736234767,0.00022684203478416014,-0.0015308071318373552,0.0017960298419664959,0.0011070112342201402,0.00033600714132255607,0.0010630312480646399,0.004401758962632944,0.006346315475907343,0.00017963775073802214,0.0029042194536789056,0.0004777284767098522,0.0009618575937388333,0.00029133904362749197,0.0032224012714841535,-0.0005338576607494755,0.0005631726419653212,0.0017801298527477583,-0.0004973330252194084,-0.0007317736408689949,0.00048099577015977527,0.0010438174810342093,0.0002591969169301459,-0.0011747053387042876,0.0012515979983588987,-0.0002092005300471749,-0.0012412438229773655,0.0006567288873598918,0.00017963775073802214,0.005031782286537998,0.0027946740243792187,-0.000615656699567329,-0.0003901304505675142,0.0007237811382783414,0.01118149636870477,0.0008534405095944385,0.0012990868120895836,0.007995046111370929,-0.0004942685650236379,0.0009580002738787114,0.0006934082120373209,0.008343183675318801,-0.0010777173661251386,-0.001837861691930329,0.001554746240401119,0.001900874076323493,0.00024689776480335177,0.0053326455823126985,0.0029042194536789056,0.0027946740243792187,0.02522020886367474,-0.00021892448518958128,0.004505518614387258,0.0032036938812942334,0.0038997169493891507,0.0006589140787939333,0.0012018192863341008,0.0012957458959323236,0.000615902605717613,0.00031353510972241853,0.002403200514596411,-0.00040470031613992557,5.583439694166546e-5,-0.0014498613378707743,-0.0003406946333030066,0.003543857756700257,0.0011507334337753558,-0.0005367675948026919,0.0004777284767098522,-0.000615656699567329,-0.00021892448518958128,0.007378464910832442,0.00017029980164331497,-0.00015775998851151555,-0.0028249275654124214,0.001732726334546323,0.0005768245478520936,0.004718383871625897,0.00027746331902723327,-0.0006406242969968809,0.0014776873744204591,-0.0010734405086127087,0.002053115992952324,-0.0008410413484133677,0.000835530066094209,-0.0013340572141017247,-0.00031823583398807537,0.0021665214819075454,0.0009618575937388333,-0.0003901304505675142,0.004505518614387258,0.00017029980164331497,0.01043124438405466,0.000542364370015438,0.003621967084426154,-0.0008742553300071236,0.0002573557373682817,0.000531227262904748,-0.0002590301811539334,0.00038683355603928043,-0.00014856289094494513,0.0023597816962876153,2.2548966841703542e-5,-0.0007954741270195554,0.0003570144078936276,0.00026313145890718883,-0.00046572365496340835,0.0013271145403417753,0.00029133904362749197,0.0007237811382783414,0.0032036938812942334,-0.00015775998851151555,0.000542364370015438,0.002590465123758592
0.02531011317777811,0.005105579529578362,0.0026627724274034892,0.004853730751840051,-0.00022634111354110915,-0.00044876251728830205,0.0007332132051233952,0.005170390539316406,0.011561850078504046,0.00718177279475282,-0.00079406852035283,-0.0029370682803186044,0.0029995280434927424,0.0026166180515149635,0.0021812732769465083,0.00163043295605004,-0.0009047425473436518,6.984111297720803e-5,-5.3018048901541114e-5,0.0002950279260312557,0.005105579529578362,0.012646136930159828,0.00067374749754924,0.0021456925065391087,-4.2484190736260406e-5,0.0007005287091565783,0.0012522092953380789,0.004542634340380351,0.003559568568954072,0.005644599062930344,-0.00028083379098165824,-0.0024519367025542258,0.0017665565241933054,0.003111579899605162,-0.0002670109585224624,0.0012994449956686381,-0.0024886155834652982,-0.0010442856943339127,-0.0001370822172507543,0.0005671212919566984,0.0026627724274034892,0.00067374749754924,0.00433622769024039,0.001596297216194816,-0.0004518475043255826,8.066626567777422e-5,-0.0008072826859877656,0.0042842219355079805,0.0017673696828240234,-0.0023015702665586174,0.0007306527110850065,-0.002837786272489945,0.0012995017814829098,-0.0009223219104579916,-0.00041233096356920634,0.0007955463602718713,-0.0027639047100473163,-0.000633979412198423,-0.000871865615668358,0.0005020130949833039,0.004853730751840051,0.0021456925065391087,0.001596297216194816,0.009559861280181584,1.878655058057864e-5,-0.0006286792727553564,-0.0015514028935534083,0.004333847212585335,0.005761529313386075,0.003870519874108137,0.0005535753728478192,-0.0016054468423137781,0.0003887759338111661,0.0007877130997793519,0.0011196574530635802,-0.0012832861918904974,-0.005342146211323789,-0.0005963809920570897,0.0014342087101199968,-0.0002020757012863409,-0.00022634111354110915,-4.2484190736260406e-5,-0.0004518475043255826,1.878655058057864e-5,0.006121736864989972,-0.0013374030551836116,0.00070919770251409,-0.0018723518598203473,0.0005067384634253805,-0.000549759071839477,0.0006523103640062031,0.00012146717430843029,-0.0012894081074192084,0.0006890962780990346,-0.0007454818005699805,-0.0013040026014013158,0.003259957630447189,0.0023891753377482654,-0.001691374989142362,-0.0001245452010392258,-0.00044876251728830205,0.0007005287091565783,8.066626567777422e-5,-0.0006286792727553564,-0.0013374030551836116,0.005019414622250023,0.0001642664221344553,0.0023454300345489587,-4.553275172109157e-5,0.00014720573096035846,0.00038596184044725995,0.0019130343894508918,0.00039634004672869146,0.001095777669265031,0.0011249683476561685,0.0015675008292663122,-6.736952731816975e-5,-0.0001432928626680345,0.0011270917583041478,0.0006397916913398324,0.0007332132051233952,0.0012522092953380789,-0.0008072826859877656,-0.0015514028935534083,0.00070919770251409,0.0001642664221344553,0.013223886297348575,0.0007127617107728918,-0.00051443998113706,0.004950403580463161,-1.0330337551483412e-5,0.0018846791927354808,0.0020570687255047244,0.0006261579065288828,0.0008345866858538827,0.0027658707768462984,0.002597399066955192,0.0018306253530818144,-0.0015679153481982515,0.00038501570577453,0.005170390539316406,0.004542634340380351,0.0042842219355079805,0.004333847212585335,-0.0018723518598203473,0.0023454300345489587,0.0007127617107728918,0.025592433829681634,0.007234629502757935,0.001114624307988265,0.001520371129232119,0.0007024510550727361,0.00418000056452145,-0.00030635325951741503,0.0012804114505742827,0.003670284197105237,-0.0011146209436293203,-0.001818730008205305,0.0037253416537887754,0.001274049551986925,0.011561850078504046,0.003559568568954072,0.0017673696828240234,0.005761529313386075,0.0005067384634253805,-4.553275172109157e-5,-0.00051443998113706,0.007234629502757935,0.03437963647915346,0.014310840825900053,-0.00013178960567621306,0.002426850733850885,0.0018778481691512534,0.0015883031233920562,0.0022931037320739465,0.003173443222320536,0.001078048012142345,0.003847367572907796,0.006470768845876272,0.0006766931276284184,0.00718177279475282,0.005644599062930344,-0.0023015702665586174,0.003870519874108137,-0.000549759071839477,0.00014720573096035846,0.004950403580463161,0.001114624307988265,0.014310840825900053,0.027798748237985654,-0.0012549174077980557,0.0025742742736832693,0.0020036323945718196,0.004467116605750641,0.004410668924709973,0.0031946944089552556,0.0015208117869365515,0.002033653905594144,0.004032288119927814,-5.1514835785040794e-5,-0.00079406852035283,-0.00028083379098165824,0.0007306527110850065,0.0005535753728478192,0.0006523103640062031,0.00038596184044725995,-1.0330337551483412e-5,0.001520371129232119,-0.00013178960567621306,-0.0012549174077980557,0.0016716541487139466,-0.00016682098281708773,-0.0004627698369965666,-0.0003370441733457086,0.0004143197147529528,0.0002551156773717701,-5.3375684280253327e-5,0.00024241820892151328,-0.00015832755590536882,0.00013077787487958262,-0.0029370682803186044,-0.0024519367025542258,-0.002837786272489945,-0.0016054468423137781,0.00012146717430843029,0.0019130343894508918,0.0018846791927354808,0.0007024510550727361,0.002426850733850885,0.0025742742736832693,-0.00016682098281708773,0.01828369958415652,0.0015867657203306558,0.001536187253887393,0.0023505752268173684,0.0021421244545303123,0.005468468978544673,0.0015370870848887138,0.007194083991486876,0.0012704010833009803,0.0029995280434927424,0.0017665565241933054,0.0012995017814829098,0.0003887759338111661,-0.0012894081074192084,0.00039634004672869146,0.0020570687255047244,0.00418000056452145,0.0018778481691512534,0.0020036323945718196,-0.0004627698369965666,0.0015867657203306558,0.006676546731626714,0.00046634090051560944,-0.000171536541806916,0.0032187104634051646,-0.0005889233471975247,0.0012329592780672733,-0.0006478525254993017,0.0006767066102354865,0.0026166180515149635,0.003111579899605162,-0.0009223219104579916,0.0007877130997793519,0.0006890962780990346,0.001095777669265031,0.0006261579065288828,-0.00030635325951741503,0.0015883031233920562,0.004467116605750641,-0.0003370441733457086,0.001536187253887393,0.00046634090051560944,0.007808660055311485,0.0016583294452495547,0.0010490249564729806,-2.4135357020678417e-5,7.725090708983358e-5,-0.00015331205043435454,0.00013380460645147357,0.0021812732769465083,-0.0002670109585224624,-0.00041233096356920634,0.0011196574530635802,-0.0007454818005699805,0.0011249683476561685,0.0008345866858538827,0.0012804114505742827,0.0022931037320739465,0.004410668924709973,0.0004143197147529528,0.0023505752268173684,-0.000171536541806916,0.0016583294452495547,0.006230553553082092,0.0013162430745618278,0.00046303683415151186,-0.0004342718438239935,0.0012833304862686717,-0.000277654376367568,0.00163043295605004,0.0012994449956686381,0.0007955463602718713,-0.0012832861918904974,-0.0013040026014013158,0.0015675008292663122,0.0027658707768462984,0.003670284197105237,0.003173443222320536,0.0031946944089552556,0.0002551156773717701,0.0021421244545303123,0.0032187104634051646,0.0010490249564729806,0.0013162430745618278,0.006361412351111726,0.001574793252345583,0.0011881510800032845,-4.7712946167176556e-5,0.0009221245409029698,-0.0009047425473436518,-0.0024886155834652982,-0.0027639047100473163,-0.005342146211323789,0.003259957630447189,-6.736952731816975e-5,0.002597399066955192,-0.0011146209436293203,0.001078048012142345,0.0015208117869365515,-5.3375684280253327e-5,0.005468468978544673,-0.0005889233471975247,-2.4135357020678417e-5,0.00046303683415151186,0.001574793252345583,0.01984575025757622,0.003647601813635133,0.0017154225407512405,6.618704496878496e-5,6.984111297720803e-5,-0.0010442856943339127,-0.000633979412198423,-0.0005963809920570897,0.0023891753377482654,-0.0001432928626680345,0.0018306253530818144,-0.001818730008205305,0.003847367572907796,0.002033653905594144,0.00024241820892151328,0.0015370870848887138,0.0012329592780672733,7.725090708983358e-5,-0.0004342718438239935,0.0011881510800032845,0.003647601813635133,0.007990414247609007,-0.0009907388517884014,0.00014761738457388547,-5.3018048901541114e-5,-0.0001370822172507543,-0.000871865615668358,0.0014342087101199968,-0.001691374989142362,0.0011270917583041478,-0.0015679153481982515,0.0037253416537887754,0.006470768845876272,0.004032288119927814,-0.00015832755590536882,0.007194083991486876,-0.0006478525254993017,-0.00015331205043435454,0.0012833304862686717,-4.7712946167176556e-5,0.0017154225407512405,-0.0009907388517884014,0.013883406341663788,0.0013806878126659417,0.0002950279260312557,0.0005671212919566984,0.0005020130949833039,-0.0002020757012863409,-0.0001245452010392258,0.0006397916913398324,0.00038501570577453,0.001274049551986925,0.0006766931276284184,-5.1514835785040794e-5,0.00013077787487958262,0.0012704010833009803,0.0006767066102354865,0.00013380460645147357,-0.000277654376367568,0.0009221245409029698,6.618704496878496e-5,0.00014761738457388547,0.0013806878126659417,0.0022813621311804995
