0.010894421679300718,0.001984807107841502,0.002042853122724709,0.0011164967289605233,0.0029247665491265555,0.00021705897617117564,0.0006874481797645877,0.00039071226374059434,0.0010027386389587867,0.0016090846376087976,0.0027975499783683515,0.0005338803067505142,0.0013305856438754961,0.002016852458253452,0.004087944959855444,0.0026502262539171537,0.0015166367161920367,0.0010038911352996938,0.0013400026665443222,0.0022473433357198622,0.001984807107841502,0.00846655735735786,0.0015928069759498144,0.001589209895824997,0.0013034363759349783,0.0008404674581985372,0.000971746764904927,0.0006830436998659115,0.0010230653685305245,0.0017437228430775445,0.0021748854079837203,0.0008195804811066494,0.00026582000588593177,0.0012690826178760142,0.002128575660750971,0.0023597261632434183,0.000986942150436236,0.0016518612859989378,0.000891350577089368,0.0026432870869465075,0.002042853122724709,0.0015928069759498144,0.004995521627447357,0.0008307243841898481,0.0014672222358522629,0.00021679210403657126,-0.00045597112059694525,0.0006033338375076483,0.0007293718916318245,0.001771396050436887,0.0020487621572280344,0.0005774433750338392,0.0005371317932817228,0.001148407205994658,0.00259631582903949,0.0028792138318723733,0.0007323201203355929,0.0002741179065390315,0.0008700884530727143,0.0010677606649853511,0.0011164967289605233,0.001589209895824997,0.0008307243841898481,0.005535884194242691,0.0011728981831570827,0.0008691515274780852,0.0009464873952504853,0.0006921510631551428,0.00034364244273754347,0.000993308126475488,0.0016870725304320403,-0.0005365037298502452,0.00015467451692916158,0.0016319042266037796,0.00047709683894656737,0.0018131188968305047,0.0012652406878164825,0.0015490737607470047,0.000828873485015227,0.0021505909228031624,0.0029247665491265555,0.0013034363759349783,0.0014672222358522629,0.0011728981831570827,0.008991956025287282,0.0005840385233148453,0.0011468329122992012,0.0014166597565041191,0.001112676897092084,0.002795898378258419,0.0032373921574620178,0.00026877301036556554,0.001423341030444452,0.002089400708769866,0.002481817745622815,0.001351964483572429,0.001344420065597981,0.002276078107101869,0.0012529128678416793,0.0010702553038787158,0.00021705897617117564,0.0008404674581985372,0.00021679210403657126,0.0008691515274780852,0.0005840385233148453,0.003509372374136142,0.000512883144469579,0.000405804688618603,0.00045407544575997523,-3.8887463388977196e-5,0.0007944281842748218,0.0005257080400437838,0.0005597694797470174,0.0009962811700657184,0.0002084279420434573,-0.00022064233281602746,0.00040988527012687554,0.0008138760002637717,0.00047430203814303356,0.0005940146924158036,0.0006874481797645877,0.000971746764904927,-0.00045597112059694525,0.0009464873952504853,0.0011468329122992012,0.000512883144469579,0.006512110441145469,0.00036243750864638615,0.0003305279939523533,0.0019747334870028796,7.850434053227454e-5,-8.587649939491328e-5,0.000841346445223688,0.0006742402147249013,0.0001011297338147423,0.0003536419955194773,0.0010130865226518277,0.0008417288044358406,0.0003328492254168176,0.0016142181082372887,0.00039071226374059434,0.0006830436998659115,0.0006033338375076483,0.0006921510631551428,0.0014166597565041191,0.000405804688618603,0.00036243750864638615,0.0028566951055193296,0.0006817827030368123,0.00023287079741328345,0.0003313139066603349,0.00018540560715230378,0.00029570046941637093,0.0005155037757129359,0.00045102082931700526,0.0004790636634230759,0.0007309691521952255,0.00031527743470447314,0.00029084109646422443,0.00115376472504216,0.0010027386389587867,0.0010230653685305245,0.0007293718916318245,0.00034364244273754347,0.001112676897092084,0.00045407544575997523,0.0003305279939523533,0.0006817827030368123,0.002873773028804212,0.00016549759367927622,0.001545515219918774,0.00037356315499270453,0.0007391456897639186,0.0008398720551306836,0.0006443209767057139,0.0004156995448658257,0.0006029975023006027,0.0005498837536325984,0.000665359272502556,0.0003378922309450141,0.0016090846376087976,0.0017437228430775445,0.001771396050436887,0.000993308126475488,0.002795898378258419,-3.8887463388977196e-5,0.0019747334870028796,0.00023287079741328345,0.00016549759367927622,0.011538973859353433,0.0027129177210305482,0.0005762588448199765,0.0004114047738505057,0.001267329428635926,0.002023877223439513,0.00349140700269998,0.0024455953757943835,0.0009630691269368752,0.00048806253261955256,0.0004367359025701704,0.0027975499783683515,0.0021748854079837203,0.0020487621572280344,0.0016870725304320403,0.0032373921574620178,0.0007944281842748218,7.850434053227454e-5,0.0003313139066603349,0.001545515219918774,0.0027129177210305482,0.01444298834946478,0.00030098065762094507,0.0014970532133692675,0.0016336492444497205,0.002740051859918966,0.0016736343746060543,0.0011431619074383612,0.0022251607187744275,0.0014298349627184961,-0.00016451109959785535,0.0005338803067505142,0.0008195804811066494,0.0005774433750338392,-0.0005365037298502452,0.00026877301036556554,0.0005257080400437838,-8.587649939491328e-5,0.00018540560715230378,0.00037356315499270453,0.0005762588448199765,0.00030098065762094507,0.004352520835415853,0.00010754185869220985,0.00014456868487636566,0.00029993023696484966,0.0013132316444542545,-7.001078908510869e-5,0.00024985037603410075,-0.00019870385406490685,-0.0003508456521492746,0.0013305856438754961,0.00026582000588593177,0.0005371317932817228,0.00015467451692916158,0.001423341030444452,0.0005597694797470174,0.000841346445223688,0.00029570046941637093,0.0007391456897639186,0.0004114047738505057,0.0014970532133692675,0.00010754185869220985,0.003623306416330745,0.00021941590569530352,0.0011663609536040288,4.5142710900119556e-5,0.000584129891631319,0.0008879789772297873,0.0006874035174375405,0.00035701261225329003,0.002016852458253452,0.0012690826178760142,0.001148407205994658,0.0016319042266037796,0.002089400708769866,0.0009962811700657184,0.0006742402147249013,0.0005155037757129359,0.0008398720551306836,0.001267329428635926,0.0016336492444497205,0.00014456868487636566,0.00021941590569530352,0.008211535540179872,0.0016280111710372217,0.0012702280393018877,0.0014693997005818657,0.0013325250730303042,0.0011212366039170993,0.0014788858037400286,0.004087944959855444,0.002128575660750971,0.00259631582903949,0.00047709683894656737,0.002481817745622815,0.0002084279420434573,0.0001011297338147423,0.00045102082931700526,0.0006443209767057139,0.002023877223439513,0.002740051859918966,0.00029993023696484966,0.0011663609536040288,0.0016280111710372217,0.0151487688837782,0.0019090004176427872,0.000594253516440207,0.001489239547037688,0.0016983047082973284,0.0012826639432426084,0.0026502262539171537,0.0023597261632434183,0.0028792138318723733,0.0018131188968305047,0.001351964483572429,-0.00022064233281602746,0.0003536419955194773,0.0004790636634230759,0.0004156995448658257,0.00349140700269998,0.0016736343746060543,0.0013132316444542545,4.5142710900119556e-5,0.0012702280393018877,0.0019090004176427872,0.015022980318262703,0.0026506588059539704,0.0004503176188411024,0.0005842816139919669,0.00039964397850741115,0.0015166367161920367,0.000986942150436236,0.0007323201203355929,0.0012652406878164825,0.001344420065597981,0.00040988527012687554,0.0010130865226518277,0.0007309691521952255,0.0006029975023006027,0.0024455953757943835,0.0011431619074383612,-7.001078908510869e-5,0.000584129891631319,0.0014693997005818657,0.000594253516440207,0.0026506588059539704,0.008071671101312497,0.0012825321046505437,0.0006605154283095034,0.0010793724483984548,0.0010038911352996938,0.0016518612859989378,0.0002741179065390315,0.0015490737607470047,0.002276078107101869,0.0008138760002637717,0.0008417288044358406,0.00031527743470447314,0.0005498837536325984,0.0009630691269368752,0.0022251607187744275,0.00024985037603410075,0.0008879789772297873,0.0013325250730303042,0.001489239547037688,0.0004503176188411024,0.0012825321046505437,0.010289823941102335,0.0009284327603892109,0.0003610454611701695,0.0013400026665443222,0.000891350577089368,0.0008700884530727143,0.000828873485015227,0.0012529128678416793,0.00047430203814303356,0.0003328492254168176,0.00029084109646422443,0.000665359272502556,0.00048806253261955256,0.0014298349627184961,-0.00019870385406490685,0.0006874035174375405,0.0011212366039170993,0.0016983047082973284,0.0005842816139919669,0.0006605154283095034,0.0009284327603892109,0.002197546091658909,0.0006960837955752562,0.0022473433357198622,0.0026432870869465075,0.0010677606649853511,0.0021505909228031624,0.0010702553038787158,0.0005940146924158036,0.0016142181082372887,0.00115376472504216,0.0003378922309450141,0.0004367359025701704,-0.00016451109959785535,-0.0003508456521492746,0.00035701261225329003,0.0014788858037400286,0.0012826639432426084,0.00039964397850741115,0.0010793724483984548,0.0003610454611701695,0.0006960837955752562,0.013229849701884393
