0.01279544925238962,0.0002250287188227877,0.0035441100274452566,0.00034852780646332283,0.003344243241874237,0.007315690454030372,0.001605127226214421,0.0010872990132125577,-0.00026227440093263757,-0.0003884203753884059,-0.0003084230006350219,-0.002366922388633921,0.00022716782446694032,-0.001962621375496714,8.815176399294453e-5,0.0006960227022304092,0.0005381933129375248,0.0006567775976555137,-0.0019437967274314684,0.0003955809651301691,0.0002250287188227877,0.008431432585362431,0.0020918355082849846,0.00019916196925871593,0.0013678661396379947,-0.0019294186060084748,-0.0009495854751915274,0.0009575454052723664,0.000783264717022119,-0.00048655137552807337,0.0008176895250839079,-0.0015558908720517011,-6.831420715143307e-7,0.0027031632588540733,0.0016091979234824061,0.0009362388280755624,-0.0009250148657824631,0.0010700716490354262,0.0012454050512109192,0.00016965548207900774,0.0035441100274452566,0.0020918355082849846,0.018466156206471608,0.0009247243657838275,0.0037348961610500033,0.0012390584346553043,0.002173261978033165,0.0011740636669244715,0.00122536901731902,-0.0011596251888467716,0.000884704425438901,-0.0009310508133162907,0.00029266044840099454,0.0028182213717961565,0.000337099745451903,0.0009137997045865198,-0.00029596013088790073,0.0005397096282356858,0.004312115042373248,0.0028283160040889384,0.00034852780646332283,0.00019916196925871593,0.0009247243657838275,0.0057754308790536465,-0.00031728232569420284,-0.0009196756937621154,0.0016768855420265924,-0.00023449051045145152,-0.00043765093596479106,0.002059235290646579,-0.00020417442182816018,0.0016175366479530273,0.0005515539586469768,0.0030274943737395874,-0.0003895017486435095,0.0013851330122731332,-0.0011888548873964003,0.0011253359066509174,0.002640663536254389,0.0032607441617047593,0.003344243241874237,0.0013678661396379947,0.0037348961610500033,-0.00031728232569420284,0.009447498649258552,0.005069743555198254,0.002882018507493238,0.0005051882100685326,0.001348515035460861,-0.0013293602002822564,0.0005151066160085848,-0.0018476983129884742,0.0005062368498278494,0.0005977165653779782,0.0012612478935431681,0.0004088361563986194,0.001133294136612149,0.0008312391165170905,0.0028412868663957244,-0.00034639937879146104,0.007315690454030372,-0.0019294186060084748,0.0012390584346553043,-0.0009196756937621154,0.005069743555198254,0.04208859859265441,0.002963605077240838,0.0014656589907275147,0.0030272646199496203,-0.00026973079041491167,-0.0001363870663071589,0.002919219635188282,0.0005373177173254545,-0.001593638878426523,0.0001650792705090249,0.0009177952583120659,0.0007384944893618333,0.003064966431668618,-0.0016795416560534066,-0.002719734645794425,0.001605127226214421,-0.0009495854751915274,0.002173261978033165,0.0016768855420265924,0.002882018507493238,0.002963605077240838,0.007617971016543787,-0.0005756831832368863,0.001633858096730181,0.0012886001999225542,-0.0002971378384295111,0.00041032298104413023,0.0006880568249644646,0.00128913744596546,5.3451217384638414e-5,0.0009250127387910996,0.0012198465825294506,0.0012112380466334928,0.004047326896821624,-1.406484965235065e-5,0.0010872990132125577,0.0009575454052723664,0.0011740636669244715,-0.00023449051045145152,0.0005051882100685326,0.0014656589907275147,-0.0005756831832368863,0.003090108061152479,0.0007542275061368452,-0.0011613493977864525,-0.00021233486002505137,-0.0004638714799804251,-0.0002916296605728889,0.0010939253966433505,-0.00022589794340866415,0.00038199866569170015,0.000847047257396089,-5.1401336305198335e-5,-0.0007663929157348511,0.000497807301927302,-0.00026227440093263757,0.000783264717022119,0.00122536901731902,-0.00043765093596479106,0.001348515035460861,0.0030272646199496203,0.001633858096730181,0.0007542275061368452,0.00798313291262723,3.6421906789551375e-5,0.0003756873624011528,0.00013507125758981705,-0.00013020324720931822,-0.00034425253332736184,0.0004678834856422393,0.00023100891854022684,0.0028503507926251853,0.000655216997625723,0.001503556509469079,-0.0027904030532214423,-0.0003884203753884059,-0.00048655137552807337,-0.0011596251888467716,0.002059235290646579,-0.0013293602002822564,-0.00026973079041491167,0.0012886001999225542,-0.0011613493977864525,3.6421906789551375e-5,0.018728363891170753,0.00020715058209493873,0.0029601629758142026,0.0008427639094341353,0.0010437153146217791,0.0008086554150351611,-1.4425426856917602e-5,-0.0009422144623273649,0.0013730929426682744,0.0030555555524143935,6.023258202352951e-5,-0.0003084230006350219,0.0008176895250839079,0.000884704425438901,-0.00020417442182816018,0.0005151066160085848,-0.0001363870663071589,-0.0002971378384295111,-0.00021233486002505137,0.0003756873624011528,0.00020715058209493873,0.0015649093388201498,0.00020191326229490722,0.00010851858229428879,0.00017788251197175907,0.0009140272931038886,-4.596401229353378e-5,-0.0001898556693160663,0.00010680301195383212,0.0009171888298817579,-0.00038424881395821464,-0.002366922388633921,-0.0015558908720517011,-0.0009310508133162907,0.0016175366479530273,-0.0018476983129884742,0.002919219635188282,0.00041032298104413023,-0.0004638714799804251,0.00013507125758981705,0.0029601629758142026,0.00020191326229490722,0.015134500548562869,-7.69907383589849e-6,0.003826305446379882,6.151514238927615e-5,0.0005066764561627464,0.0012282399884229332,0.0018757963227563168,0.002293397557635867,0.004709027355843699,0.00022716782446694032,-6.831420715143307e-7,0.00029266044840099454,0.0005515539586469768,0.0005062368498278494,0.0005373177173254545,0.0006880568249644646,-0.0002916296605728889,-0.00013020324720931822,0.0008427639094341353,0.00010851858229428879,-7.69907383589849e-6,0.0013105059458620764,0.0005903967398887908,0.0001476110266777258,6.116891793633647e-6,-0.0001301970125007108,0.00034183912999861347,0.001150592563946291,-0.0002165313537133749,-0.001962621375496714,0.0027031632588540733,0.0028182213717961565,0.0030274943737395874,0.0005977165653779782,-0.001593638878426523,0.00128913744596546,0.0010939253966433505,-0.00034425253332736184,0.0010437153146217791,0.00017788251197175907,0.003826305446379882,0.0005903967398887908,0.02434586521744035,0.0011389389261837238,0.0017460309162838606,-0.001887432611023253,0.002118028058072179,0.0033090081079922085,0.005842705076074378,8.815176399294453e-5,0.0016091979234824061,0.000337099745451903,-0.0003895017486435095,0.0012612478935431681,0.0001650792705090249,5.3451217384638414e-5,-0.00022589794340866415,0.0004678834856422393,0.0008086554150351611,0.0009140272931038886,6.151514238927615e-5,0.0001476110266777258,0.0011389389261837238,0.004332953678539762,5.288175572694943e-5,0.00024180916293713492,0.0011453574941177888,0.001044413667173907,-0.0015163961417718561,0.0006960227022304092,0.0009362388280755624,0.0009137997045865198,0.0013851330122731332,0.0004088361563986194,0.0009177952583120659,0.0009250127387910996,0.00038199866569170015,0.00023100891854022684,-1.4425426856917602e-5,-4.596401229353378e-5,0.0005066764561627464,6.116891793633647e-6,0.0017460309162838606,5.288175572694943e-5,0.002238210665947824,-0.0004415535249240044,0.0008834893210500841,7.375672207472562e-5,0.0022930087225835477,0.0005381933129375248,-0.0009250148657824631,-0.00029596013088790073,-0.0011888548873964003,0.001133294136612149,0.0007384944893618333,0.0012198465825294506,0.000847047257396089,0.0028503507926251853,-0.0009422144623273649,-0.0001898556693160663,0.0012282399884229332,-0.0001301970125007108,-0.001887432611023253,0.00024180916293713492,-0.0004415535249240044,0.013458935057609712,0.0004985243062875056,-0.0016319879887422653,-0.001070396963566663,0.0006567775976555137,0.0010700716490354262,0.0005397096282356858,0.0011253359066509174,0.0008312391165170905,0.003064966431668618,0.0012112380466334928,-5.1401336305198335e-5,0.000655216997625723,0.0013730929426682744,0.00010680301195383212,0.0018757963227563168,0.00034183912999861347,0.002118028058072179,0.0011453574941177888,0.0008834893210500841,0.0004985243062875056,0.006742575447301368,0.000675798195438794,-0.0008180940123651375,-0.0019437967274314684,0.0012454050512109192,0.004312115042373248,0.002640663536254389,0.0028412868663957244,-0.0016795416560534066,0.004047326896821624,-0.0007663929157348511,0.001503556509469079,0.0030555555524143935,0.0009171888298817579,0.002293397557635867,0.001150592563946291,0.0033090081079922085,0.001044413667173907,7.375672207472562e-5,-0.0016319879887422653,0.000675798195438794,0.031675105768780513,0.0021012509975285804,0.0003955809651301691,0.00016965548207900774,0.0028283160040889384,0.0032607441617047593,-0.00034639937879146104,-0.002719734645794425,-1.406484965235065e-5,0.000497807301927302,-0.0027904030532214423,6.023258202352951e-5,-0.00038424881395821464,0.004709027355843699,-0.0002165313537133749,0.005842705076074378,-0.0015163961417718561,0.0022930087225835477,-0.001070396963566663,-0.0008180940123651375,0.0021012509975285804,0.02510979623229927
0.02696370695934089,0.001026558670723327,0.0030337536227062496,-4.912271462894701e-5,-0.005184612247966701,-0.0021637876912982074,0.002537031602686891,6.104185613721024e-5,0.006638185650912291,0.007585485326751077,-0.00047729691279674205,0.007162453181177458,0.002647750874934509,0.006417480144322436,0.0037079337942764936,-0.001542417954456665,-0.004048774531009848,0.001336412597621503,0.0054996935433049045,0.01159084865510836,0.001026558670723327,0.009214385736950381,0.0017897170504300587,0.002858055029341891,0.0006378347164211671,0.004584374217717898,0.0016312605173729195,0.00057674519294769,-0.00026623418153342134,-0.0010474178673426202,0.0005244334026034032,0.003985124875373032,0.0005796519014371003,-0.0033707124813050528,0.0023166340648054953,0.00032955004358611216,0.0028827298658509943,-0.0017792244298723897,-0.0005923793079957976,0.005670179511955759,0.0030337536227062496,0.0017897170504300587,0.017040495083081746,-0.00213427853786946,-0.008564670396046473,-0.010320590284409735,0.001376176335877033,-0.002088014939926672,0.0025535243982760733,0.0077296986182992435,-0.000606114703807102,0.0034387353411488336,0.00031066651482119964,0.0036272989106793246,-0.001335158710395165,-0.000845642259479967,0.002536741002675349,0.0012480373056785112,0.0007407722262177902,-0.0008703960994914939,-4.912271462894701e-5,0.002858055029341891,-0.00213427853786946,0.011644840530568872,0.008009214721934634,0.018531778351037677,0.001733056097703833,0.0031335100789847237,0.0004972265513917526,-0.0050421853020274285,0.0018305922647558687,-0.0007461162399563775,0.0020387649566977898,-0.0024500468020792806,0.0034041188130432476,0.00010347170047643464,0.006182365213951262,0.0022085851627910644,0.0003563088133390357,0.006484397419196507,-0.005184612247966701,0.0006378347164211671,-0.008564670396046473,0.008009214721934634,0.020470907288277006,0.0233518159227685,-0.0016498632152026124,0.005316518441493232,-0.00272523380719756,-0.011729566467732946,0.002379841965544212,0.0026856469613072693,0.00106150094664181,-0.0054853565537612585,0.005239416690881999,0.0019974372116104326,0.0006813988546966498,-0.0004903693149215055,-0.0005851116628504358,0.004185330998564912,-0.0021637876912982074,0.004584374217717898,-0.010320590284409735,0.018531778351037677,0.0233518159227685,0.08542177144043356,0.00877303704526322,0.006839651482185164,0.0017678444258376995,-0.02342657375280817,0.006399186963217738,0.002696636582992299,0.004575668541232482,0.00551588913836756,0.010915649992674534,0.0018297077082964925,0.007006345473479405,-0.0029994038697986987,-0.004304134382218212,0.021253861759303785,0.002537031602686891,0.0016312605173729195,0.001376176335877033,0.001733056097703833,-0.0016498632152026124,0.00877303704526322,0.009997613034461577,0.0005980325397759744,0.0016390046690532615,-0.0017553050855708473,0.0008315538553101359,0.0016074454361184895,0.0007812181526561902,0.007530487328299964,0.0010719436338877584,-0.0008923366610124971,0.0021045233406831593,0.0006541977833289597,-0.004154451421573122,0.009781128694515303,6.104185613721024e-5,0.00057674519294769,-0.002088014939926672,0.0031335100789847237,0.005316518441493232,0.006839651482185164,0.0005980325397759744,0.004806947376563864,-0.0005422250968743199,-0.0026829556495132183,0.0004931496051740682,0.0016315356037134442,0.0006839986433135604,-0.002539043927417972,0.002294615694242024,0.0004015816191273657,-0.0005125025044566607,0.0010649666672674606,0.0010815333127183742,0.0032512009550957734,0.006638185650912291,-0.00026623418153342134,0.0025535243982760733,0.0004972265513917526,-0.00272523380719756,0.0017678444258376995,0.0016390046690532615,-0.0005422250968743199,0.009148531026824364,0.0027124107879769577,0.00010177957223972075,0.000470145197805997,0.001167545772836923,0.005312033159402298,0.0006675462079340869,-0.0008241973504183803,0.0020845096497617973,0.0010017144384959244,0.0027504424162522723,0.004370977264530392,0.007585485326751077,-0.0010474178673426202,0.0077296986182992435,-0.0050421853020274285,-0.011729566467732946,-0.02342657375280817,-0.0017553050855708473,-0.0026829556495132183,0.0027124107879769577,0.027780206539457414,-0.0025962554371035903,-0.0008576303494951846,-1.2666850396023926e-5,0.0016850413829910512,-0.004546338389826671,-0.0003738109221963369,0.0016335917843116488,0.003376733987724331,0.009791485051361896,-0.005736919954183042,-0.00047729691279674205,0.0005244334026034032,-0.000606114703807102,0.0018305922647558687,0.002379841965544212,0.006399186963217738,0.0008315538553101359,0.0004931496051740682,0.00010177957223972075,-0.0025962554371035903,0.0021129727705030063,0.00013177793628135206,0.0002393543478969866,0.0009525722413419692,0.0001738421020401777,0.0004792084950416069,0.0007231458542990466,-0.0003043039857535413,-0.0008016578180454024,0.001207637979573638,0.007162453181177458,0.003985124875373032,0.0034387353411488336,-0.0007461162399563775,0.0026856469613072693,0.002696636582992299,0.0016074454361184895,0.0016315356037134442,0.000470145197805997,-0.0008576303494951846,0.00013177793628135206,0.021374618917795792,0.0007014650692931851,0.0009412659248048684,0.004299750599652454,0.00027053155491419675,-0.004562123922648381,-0.0034188773303480075,-0.002165842076461751,0.004892823414330319,0.002647750874934509,0.0005796519014371003,0.00031066651482119964,0.0020387649566977898,0.00106150094664181,0.004575668541232482,0.0007812181526561902,0.0006839986433135604,0.001167545772836923,-1.2666850396023926e-5,0.0002393543478969866,0.0007014650692931851,0.0018999271491656803,0.0010706956608866813,0.001659164101022536,-0.0002083092926241675,0.0016770277658826797,0.0005986338318026611,0.0013953127499293158,0.0034304637698356244,0.006417480144322436,-0.0033707124813050528,0.0036272989106793246,-0.0024500468020792806,-0.0054853565537612585,0.00551588913836756,0.007530487328299964,-0.002539043927417972,0.005312033159402298,0.0016850413829910512,0.0009525722413419692,0.0009412659248048684,0.0010706956608866813,0.03004891952331362,-0.0016514824825262725,-0.0015311299396707848,0.00324516856189394,0.0017119319832462445,-0.006534705405207516,0.0037018277631097225,0.0037079337942764936,0.0023166340648054953,-0.001335158710395165,0.0034041188130432476,0.005239416690881999,0.010915649992674534,0.0010719436338877584,0.002294615694242024,0.0006675462079340869,-0.004546338389826671,0.0001738421020401777,0.004299750599652454,0.001659164101022536,-0.0016514824825262725,0.007192722027557257,-7.290910143600206e-5,-0.00048080685746377134,-0.0010981279170932802,-0.0003690031196726247,0.0082735029724622,-0.001542417954456665,0.00032955004358611216,-0.000845642259479967,0.00010347170047643464,0.0019974372116104326,0.0018297077082964925,-0.0008923366610124971,0.0004015816191273657,-0.0008241973504183803,-0.0003738109221963369,0.0004792084950416069,0.00027053155491419675,-0.0002083092926241675,-0.0015311299396707848,-7.290910143600206e-5,0.0016371200625708052,-0.00047192771398163014,-0.00011826903471449501,0.0008545232720502514,-0.0006547264595960016,-0.004048774531009848,0.0028827298658509943,0.002536741002675349,0.006182365213951262,0.0006813988546966498,0.007006345473479405,0.0021045233406831593,-0.0005125025044566607,0.0020845096497617973,0.0016335917843116488,0.0007231458542990466,-0.004562123922648381,0.0016770277658826797,0.00324516856189394,-0.00048080685746377134,-0.00047192771398163014,0.019168101362117013,0.003137137601820165,5.54793544090878e-5,0.0013909305612200122,0.001336412597621503,-0.0017792244298723897,0.0012480373056785112,0.0022085851627910644,-0.0004903693149215055,-0.0029994038697986987,0.0006541977833289597,0.0010649666672674606,0.0010017144384959244,0.003376733987724331,-0.0003043039857535413,-0.0034188773303480075,0.0005986338318026611,0.0017119319832462445,-0.0010981279170932802,-0.00011826903471449501,0.003137137601820165,0.008284048003663384,0.004201021645151149,0.0006889342674457912,0.0054996935433049045,-0.0005923793079957976,0.0007407722262177902,0.0003563088133390357,-0.0005851116628504358,-0.004304134382218212,-0.004154451421573122,0.0010815333127183742,0.0027504424162522723,0.009791485051361896,-0.0008016578180454024,-0.002165842076461751,0.0013953127499293158,-0.006534705405207516,-0.0003690031196726247,0.0008545232720502514,5.54793544090878e-5,0.004201021645151149,0.04035476488270653,-0.0022765222861297306,0.01159084865510836,0.005670179511955759,-0.0008703960994914939,0.006484397419196507,0.004185330998564912,0.021253861759303785,0.009781128694515303,0.0032512009550957734,0.004370977264530392,-0.005736919954183042,0.001207637979573638,0.004892823414330319,0.0034304637698356244,0.0037018277631097225,0.0082735029724622,-0.0006547264595960016,0.0013909305612200122,0.0006889342674457912,-0.0022765222861297306,0.037284616271224216
