0.01663567994923419,-0.002355521713637267,-0.0011035133526939487,-0.003871211524719283,-0.0029578556970615653,-0.0021938817667258156,0.004374297169933856,-6.851823949364236e-5,-0.001690590894103333,0.002337458911643768,0.00605340852347009,0.002630295522747711,0.004762521319367474,-0.002686051413019878,-0.0007747707183486845,-0.005719794276029473,-0.0018301112879179542,-0.0015524144105699953,-0.0004283226219132689,-0.0027792143795299148,-0.002355521713637267,0.017900178163791677,0.001113919587152374,0.002175238033745425,0.003992669490193015,0.0013578621109115352,-0.006385495959806899,0.004156233002926982,0.002851845701667431,-0.0020255995715036616,0.011759024047579485,-0.002569696322604056,0.0007853198335178652,0.005325144902976767,0.005795557397522815,0.005249307734587306,0.0007622611216565281,7.899220199936608e-5,-0.0006539891428840362,0.004972150966827642,-0.0011035133526939487,0.001113919587152374,0.005335811461883061,0.002729740684334025,0.0024354796969584588,0.0003078836094088196,-0.002477125197389834,0.0008652168988185448,0.0004258576617251058,0.00011910307658292765,-0.0013962961019130323,6.875236776637323e-5,-0.0004029945901173182,0.0011403161418401583,0.0006570711946804599,0.003537893490260049,0.0014759551848471195,0.0005576253182460689,0.00013487246898300498,0.0012746311496163035,-0.003871211524719283,0.002175238033745425,0.002729740684334025,0.01176296858281383,0.004479544767222499,0.0023734580785447724,-0.0034303709403121266,0.0011258372558191026,0.0022293871612966516,-0.002561529690073317,-0.006794374372607554,-0.0025268228263574328,-0.003498249617430579,0.005081280817692701,0.0014545066100515834,0.006763101045871359,0.004953575765938435,0.0018890368830913977,0.0002471555080849809,0.000989559137985493,-0.0029578556970615653,0.003992669490193015,0.0024354796969584588,0.004479544767222499,0.01264956604487051,0.001626925510060827,-0.003340596410979006,0.0027468340501041614,0.003871121163329506,-0.003935518789979167,0.0020303692219455407,-0.0028800184724641817,-0.002947958138404883,0.005250727449477786,0.0012869521436815034,0.003621955605388712,0.0029654633313825275,0.00019789280437707154,0.0012411338274610855,0.0020879597196673903,-0.0021938817667258156,0.0013578621109115352,0.0003078836094088196,0.0023734580785447724,0.001626925510060827,0.004957677326131516,-0.0036048925874724914,0.0008369198671930088,0.0010376414888278469,-0.0031200426194003946,-0.003894510979413097,-9.942643532031858e-5,-0.002826077169967275,0.0029479471857662455,0.0031280521972941976,0.0036795879393211155,0.0008519259138078584,0.0008944694821743196,0.0010572052273136357,-0.002031576500875902,0.004374297169933856,-0.006385495959806899,-0.002477125197389834,-0.0034303709403121266,-0.003340596410979006,-0.0036048925874724914,0.013985413848505804,-0.0027633476254653186,-0.0010933481560921805,0.008233789450321806,0.0010832944055853722,0.0013729268132953406,0.003325256319466329,-0.0030559666181514218,-0.005799936969469174,-0.006238247062083067,-0.0016349412309026288,-0.0008876110366247169,-0.0005402651574546694,-0.0002722540128402524,-6.851823949364236e-5,0.004156233002926982,0.0008652168988185448,0.0011258372558191026,0.0027468340501041614,0.0008369198671930088,-0.0027633476254653186,0.004558077072897108,0.0021762019147443887,-0.001228826494836876,0.004522506746593808,0.00012956873516553342,0.0008177171840520784,0.002639829116543588,0.0003406356304129341,0.0014556674783128467,0.001488726844908905,0.0021647305983342065,-0.00026305913466887263,0.00014718101962188257,-0.001690590894103333,0.002851845701667431,0.0004258576617251058,0.0022293871612966516,0.003871121163329506,0.0010376414888278469,-0.0010933481560921805,0.0021762019147443887,0.006657814694570662,-0.002133929854867626,0.0037173331880510567,-0.0009326043934509221,-0.0003277864997816149,0.004105784279588912,0.00012453150694029014,-0.0006336532237900071,0.001644519312541237,0.0005744193845319897,-0.0004059629180971928,-0.000995849496520808,0.002337458911643768,-0.0020255995715036616,0.00011910307658292765,-0.002561529690073317,-0.003935518789979167,-0.0031200426194003946,0.008233789450321806,-0.001228826494836876,-0.002133929854867626,0.021115844799813814,0.002123826771666882,0.0020238224952319342,0.0065278175253351495,-0.0002408531678001279,-0.005806367559710177,-0.0014829413668742287,-0.0012201167392198826,-0.0010446546334067805,-0.0017048736975631882,0.0005531948437223005,0.00605340852347009,0.011759024047579485,-0.0013962961019130323,-0.006794374372607554,0.0020303692219455407,-0.003894510979413097,0.0010832944055853722,0.004522506746593808,0.0037173331880510567,0.002123826771666882,0.03816640989069018,-0.0001886220468788897,0.010046532660036354,0.0010548637173953494,-0.00035524873901271697,-0.01028889630154025,-0.0032017147641914055,-0.002278549738492447,-0.002712829364664088,0.005588076486034885,0.002630295522747711,-0.002569696322604056,6.875236776637323e-5,-0.0025268228263574328,-0.0028800184724641817,-9.942643532031858e-5,0.0013729268132953406,0.00012956873516553342,-0.0009326043934509221,0.0020238224952319342,-0.0001886220468788897,0.007131941923812262,0.0012737209076821407,-0.0012861771657818061,-0.0010974822488754221,0.0008218578113944762,-0.0005230478373263073,0.0036229214745784133,-0.0007744837503767801,-0.003972362038318142,0.004762521319367474,0.0007853198335178652,-0.0004029945901173182,-0.003498249617430579,-0.002947958138404883,-0.002826077169967275,0.003325256319466329,0.0008177171840520784,-0.0003277864997816149,0.0065278175253351495,0.010046532660036354,0.0012737209076821407,0.009269577358434174,-0.0009552093437674317,-0.002428677170541919,-0.005529512630575319,-0.0017646915918912158,-0.00016956881592905272,-0.002128893353031067,0.002399188183612243,-0.002686051413019878,0.005325144902976767,0.0011403161418401583,0.005081280817692701,0.005250727449477786,0.0029479471857662455,-0.0030559666181514218,0.002639829116543588,0.004105784279588912,-0.0002408531678001279,0.0010548637173953494,-0.0012861771657818061,-0.0009552093437674317,0.01251537571072086,0.0010396569283198601,0.004441123563136046,0.0032130607354697504,0.0011177717858820923,0.00040911343846952936,-0.0012145770863858567,-0.0007747707183486845,0.005795557397522815,0.0006570711946804599,0.0014545066100515834,0.0012869521436815034,0.0031280521972941976,-0.005799936969469174,0.0003406356304129341,0.00012453150694029014,-0.005806367559710177,-0.00035524873901271697,-0.0010974822488754221,-0.002428677170541919,0.0010396569283198601,0.01757354586136494,0.00566174832804735,0.0004387640200200698,-0.00012190933194332131,0.0006500816880483054,0.0014471089424692286,-0.005719794276029473,0.005249307734587306,0.003537893490260049,0.006763101045871359,0.003621955605388712,0.0036795879393211155,-0.006238247062083067,0.0014556674783128467,-0.0006336532237900071,-0.0014829413668742287,-0.01028889630154025,0.0008218578113944762,-0.005529512630575319,0.004441123563136046,0.00566174832804735,0.02457792840877504,0.0042593193153605165,0.0037235775374459216,0.0018037397844101236,-0.0009749657684948196,-0.0018301112879179542,0.0007622611216565281,0.0014759551848471195,0.004953575765938435,0.0029654633313825275,0.0008519259138078584,-0.0016349412309026288,0.001488726844908905,0.001644519312541237,-0.0012201167392198826,-0.0032017147641914055,-0.0005230478373263073,-0.0017646915918912158,0.0032130607354697504,0.0004387640200200698,0.0042593193153605165,0.00929600926712481,0.00207562361572612,0.000676005576831915,-0.0018447341001777192,-0.0015524144105699953,7.899220199936608e-5,0.0005576253182460689,0.0018890368830913977,0.00019789280437707154,0.0008944694821743196,-0.0008876110366247169,0.0021647305983342065,0.0005744193845319897,-0.0010446546334067805,-0.002278549738492447,0.0036229214745784133,-0.00016956881592905272,0.0011177717858820923,-0.00012190933194332131,0.0037235775374459216,0.00207562361572612,0.014165464209449795,-0.0006221958383647275,-0.003420340846163371,-0.0004283226219132689,-0.0006539891428840362,0.00013487246898300498,0.0002471555080849809,0.0012411338274610855,0.0010572052273136357,-0.0005402651574546694,-0.00026305913466887263,-0.0004059629180971928,-0.0017048736975631882,-0.002712829364664088,-0.0007744837503767801,-0.002128893353031067,0.00040911343846952936,0.0006500816880483054,0.0018037397844101236,0.000676005576831915,-0.0006221958383647275,0.002465967479533373,0.0002389721066360369,-0.0027792143795299148,0.004972150966827642,0.0012746311496163035,0.000989559137985493,0.0020879597196673903,-0.002031576500875902,-0.0002722540128402524,0.00014718101962188257,-0.000995849496520808,0.0005531948437223005,0.005588076486034885,-0.003972362038318142,0.002399188183612243,-0.0012145770863858567,0.0014471089424692286,-0.0009749657684948196,-0.0018447341001777192,-0.003420340846163371,0.0002389721066360369,0.0175376052097737
0.013840799420259408,0.0043315986216082986,0.0005731111464921376,0.0032640291634875944,0.0037644064727914476,0.0037425804543742783,0.0028720569256338972,-0.0003926088949763002,-8.687995481269513e-5,0.0060898070806030494,0.005621939640238618,-0.0009876372499824306,0.0024289902663826787,0.002489637115635418,-0.003444846882006281,0.0056019122938299835,0.000753446394237206,0.0005554223694008848,0.0016318396494764366,0.008359015590214056,0.0043315986216082986,0.013429417660013255,0.0005435408821782036,0.005957023708743606,0.004885499311460808,0.004467460358772216,0.0045883345110360844,0.0007166218576636341,-0.002041014140916156,0.01500562293639309,0.010918380341862976,-0.0004194818115309561,0.0009501661255478502,0.0030120031003569555,-0.0021426257063264093,0.002995483757970523,0.0027060994744475078,0.0008152033666273633,0.0025391796009940583,0.00954798285595652,0.0005731111464921376,0.0005435408821782036,0.005718893042456838,-0.0006864136791404935,0.0020831325646211286,0.0013222657099754543,0.0006226711253715429,0.0010643853524160965,0.0006771127824422864,-0.0007479440953092044,-0.0009256943548660739,6.0690475411344694e-5,0.0022625788917151565,0.0017508316450751834,0.0011003940630400378,0.004529495980515576,0.001825155740840193,0.0016029264023830275,-0.0006067047915700604,0.000510716141410661,0.0032640291634875944,0.005957023708743606,-0.0006864136791404935,0.01869820144707823,-0.0006287248630805953,0.002439400886508781,0.0017756530792011735,0.003635515450177047,-0.00189366693692952,0.019453202703302135,0.020025434210607027,0.0010493242839761147,-0.00294235323718256,0.002147987883375461,0.006822400551981488,0.005470225010000487,-0.0010557400916818655,0.007490198091276273,0.007045803979168149,0.006484032128013805,0.0037644064727914476,0.004885499311460808,0.0020831325646211286,-0.0006287248630805953,0.012715190894402421,0.002944755167760704,0.004381989923464244,-0.0017826142069856154,-0.001044990836156094,0.005491436385457122,0.0021187576739814242,-0.0021668126955721083,0.0036023683283145785,0.004519866641841545,-0.0012778704066011472,0.0032978885013830554,0.0011450824958559101,0.0009217059934547593,0.00017368914845382365,0.005423525447102801,0.0037425804543742783,0.004467460358772216,0.0013222657099754543,0.002439400886508781,0.002944755167760704,0.008561682554542966,0.004829538113755635,0.0004372904800996481,-0.0003146553463798255,0.008262371130064724,0.003117046971334536,0.0010697359832851495,0.002292894204857218,-0.0005092698966080339,-0.0037292876750266266,0.003982294557369136,0.00458169354048546,0.001076886377535679,-0.0006768301154406142,0.011349132245029092,0.0028720569256338972,0.0045883345110360844,0.0006226711253715429,0.0017756530792011735,0.004381989923464244,0.004829538113755635,0.00907605393084453,-0.0006791550808773962,1.3241823710586043e-5,0.008505988101472774,0.003917252406360509,-0.0002567985630738765,0.0020436915403540265,0.0010625733826225624,-0.001956297063508551,0.0032396714001946643,0.0037281142060539146,0.0018551507949071194,6.815102494056046e-5,0.008621272147287048,-0.0003926088949763002,0.0007166218576636341,0.0010643853524160965,0.003635515450177047,-0.0017826142069856154,0.0004372904800996481,-0.0006791550808773962,0.004804297641935831,0.0010454009160761825,0.0002855626305305872,0.002256553420586896,0.0017371720313706703,-0.0009315814875097163,0.0010767539943057902,0.004246371651177061,0.0009807720392426122,0.001174366386845943,0.0019395441706334697,0.0020749839168899714,0.001245546123793546,-8.687995481269513e-5,-0.002041014140916156,0.0006771127824422864,-0.00189366693692952,-0.001044990836156094,-0.0003146553463798255,1.3241823710586043e-5,0.0010454009160761825,0.005379489793026769,-0.005302151872781472,-0.0040185489491127106,-0.000343639071729463,0.001818640844070404,-0.0010172313958504778,0.002331627603751178,0.0004315111665030983,0.0024898059128491776,0.0007103382118297636,0.0008638424676080063,0.00044222073548451086,0.0060898070806030494,0.01500562293639309,-0.0007479440953092044,0.019453202703302135,0.005491436385457122,0.008262371130064724,0.008505988101472774,0.0002855626305305872,-0.005302151872781472,0.04471637184788303,0.030672623960755662,0.0006844343786148752,-0.0021269898239748546,0.002327776587755492,0.00078512460187083,0.00852345108369702,0.0010598832758878835,0.006394791478140403,0.005558883792037054,0.01939042999949429,0.005621939640238618,0.010918380341862976,-0.0009256943548660739,0.020025434210607027,0.0021187576739814242,0.003117046971334536,0.003917252406360509,0.002256553420586896,-0.0040185489491127106,0.030672623960755662,0.04085550986758814,-0.000560826478075372,-0.0037910888415996742,0.004893863916972274,0.007660023731296079,0.007421166826282294,-0.0016227049694813572,0.008123011404259646,0.008314342961206853,0.008648711640616535,-0.0009876372499824306,-0.0004194818115309561,6.0690475411344694e-5,0.0010493242839761147,-0.0021668126955721083,0.0010697359832851495,-0.0002567985630738765,0.0017371720313706703,-0.000343639071729463,0.0006844343786148752,-0.000560826478075372,0.005609047139086675,-0.0008314150169877552,0.0009043645852473321,0.0023576958579317507,-0.0015746957633818101,0.0003774142813833206,-0.00033872903289809653,7.981483877702938e-6,0.00033248457442165756,0.0024289902663826787,0.0009501661255478502,0.0022625788917151565,-0.00294235323718256,0.0036023683283145785,0.002292894204857218,0.0020436915403540265,-0.0009315814875097163,0.001818640844070404,-0.0021269898239748546,-0.0037910888415996742,-0.0008314150169877552,0.006060318421510956,0.0005747997305934314,-0.0011616208845653421,0.0025837067624494073,0.0031278757521791293,-0.001052396951525905,-0.0008664110942644613,0.0028031200373162786,0.002489637115635418,0.0030120031003569555,0.0017508316450751834,0.002147987883375461,0.004519866641841545,-0.0005092698966080339,0.0010625733826225624,0.0010767539943057902,-0.0010172313958504778,0.002327776587755492,0.004893863916972274,0.0009043645852473321,0.0005747997305934314,0.012430442805684016,0.005391854153412182,0.0019978945605911495,-0.0015322613156685382,0.0005362463423407811,0.0029427262271848782,-0.00037900734082693297,-0.003444846882006281,-0.0021426257063264093,0.0011003940630400378,0.006822400551981488,-0.0012778704066011472,-0.0037292876750266266,-0.001956297063508551,0.004246371651177061,0.002331627603751178,0.00078512460187083,0.007660023731296079,0.0023576958579317507,-0.0011616208845653421,0.005391854153412182,0.02583358244560086,0.0003524008305503326,-0.0026595812547078033,0.005045377717931618,0.006403149925085571,-0.006080217908096118,0.0056019122938299835,0.002995483757970523,0.004529495980515576,0.005470225010000487,0.0032978885013830554,0.003982294557369136,0.0032396714001946643,0.0009807720392426122,0.0004315111665030983,0.00852345108369702,0.007421166826282294,-0.0015746957633818101,0.0025837067624494073,0.0019978945605911495,0.0003524008305503326,0.02149907838854984,0.0020998591612896773,0.0058888011043669655,0.0010612979145034442,0.004496689301755324,0.000753446394237206,0.0027060994744475078,0.001825155740840193,-0.0010557400916818655,0.0011450824958559101,0.00458169354048546,0.0037281142060539146,0.001174366386845943,0.0024898059128491776,0.0010598832758878835,-0.0016227049694813572,0.0003774142813833206,0.0031278757521791293,-0.0015322613156685382,-0.0026595812547078033,0.0020998591612896773,0.013564459366907464,-0.0021503017917878595,-0.0004929774215494101,0.008766440996376154,0.0005554223694008848,0.0008152033666273633,0.0016029264023830275,0.007490198091276273,0.0009217059934547593,0.001076886377535679,0.0018551507949071194,0.0019395441706334697,0.0007103382118297636,0.006394791478140403,0.008123011404259646,-0.00033872903289809653,-0.001052396951525905,0.0005362463423407811,0.005045377717931618,0.0058888011043669655,-0.0021503017917878595,0.013975114909928804,0.0033838423952261294,0.0025297392317227907,0.0016318396494764366,0.0025391796009940583,-0.0006067047915700604,0.007045803979168149,0.00017368914845382365,-0.0006768301154406142,6.815102494056046e-5,0.0020749839168899714,0.0008638424676080063,0.005558883792037054,0.008314342961206853,7.981483877702938e-6,-0.0008664110942644613,0.0029427262271848782,0.006403149925085571,0.0010612979145034442,-0.0004929774215494101,0.0033838423952261294,0.006277593431245436,0.0018156339804096164,0.008359015590214056,0.00954798285595652,0.000510716141410661,0.006484032128013805,0.005423525447102801,0.011349132245029092,0.008621272147287048,0.001245546123793546,0.00044222073548451086,0.01939042999949429,0.008648711640616535,0.00033248457442165756,0.0028031200373162786,-0.00037900734082693297,-0.006080217908096118,0.004496689301755324,0.008766440996376154,0.0025297392317227907,0.0018156339804096164,0.031894809024776906
0.015403877022162601,0.0034616774822368375,0.0038751400962014695,0.0005396046053687301,0.0047165818233438775,0.001215938006263584,-0.0010934595685774128,0.0010773423235273408,0.0012017424926087077,0.008546937842619163,0.0026397531609122817,0.0013657783594418623,6.270588638283583e-5,0.00016710484475819236,0.007629201265959461,0.006682285370645262,0.004527971781149392,0.000786985149219625,0.0009882198772028627,0.003760874915617663,0.0034616774822368375,0.013102265057069087,0.002750273592184227,0.0038227818896674915,-0.0003228678529449525,0.0016143445592116288,0.0017599056205533582,-0.0012180046510581089,0.004259967947058296,-0.0007795517851087076,-0.0007750124596294047,0.0008255467007402751,-0.00012653923691502037,0.0020352183228289017,-0.002499695052053199,-0.004803578552376046,-0.0003962296816501338,0.0026475699918251665,8.244965748138057e-5,-0.0005185509891829055,0.0038751400962014695,0.002750273592184227,0.007434111689182874,0.0004883736456179541,0.002389055309410566,0.0003632405134175755,0.0008339039338565756,9.128796776854528e-6,0.0009788180003675337,0.004374354188834654,0.0021314568801010323,0.0008465588289989107,0.0006792958582921574,-7.633141682391009e-5,0.0045387973538576105,0.0015989738343672227,0.0013497625818005557,-0.0006844976079505377,0.000914904405548703,0.0007708525973190172,0.0005396046053687301,0.0038227818896674915,0.0004883736456179541,0.008891025092594962,0.0003262887285463864,0.0014252009757618408,0.001555910564604051,-0.0006459773226437726,0.0019021813023608644,-0.0030152140843057017,0.004662247091596904,-0.0006257822940210723,-0.0008363480025409195,0.0014798703813520254,-0.004700109483289212,-0.0002912539058249204,2.0811332055433617e-5,0.00040058981778729954,0.0005968081849475823,0.004857331776716445,0.0047165818233438775,-0.0003228678529449525,0.002389055309410566,0.0003262887285463864,0.01008051677758143,0.0006765081169766635,9.209824031406304e-5,0.0017817893435288878,0.0013005478348423784,0.004996994166948359,0.003164728032013937,0.0006433703977346261,0.00036635354146602234,0.00014250242475055897,0.004561882687741275,0.004065540351864603,0.0018062643399905732,-4.1414923318117526e-5,0.0006478066622722728,0.0020029788851125135,0.001215938006263584,0.0016143445592116288,0.0003632405134175755,0.0014252009757618408,0.0006765081169766635,0.004684091033214338,-0.00031972402759721614,-1.1411355370777823e-5,0.0013704137312700996,-0.00036524499632867324,0.0013937125299101295,0.0007017647592420119,-0.00027255786013141877,5.892986568631403e-5,-0.0017482813336458193,-0.002319791267646327,0.00026027620133039163,0.0012000466123904307,0.0001981546845518567,0.0006223171127133883,-0.0010934595685774128,0.0017599056205533582,0.0008339039338565756,0.001555910564604051,9.209824031406304e-5,-0.00031972402759721614,0.007802283344112721,0.0014957006953885336,4.5324321811566234e-5,-0.0015060654504620477,-0.000799322303971714,-0.0019700186288128863,0.00035656748298621246,0.0022424708484825055,0.0004963635882400856,-0.0015158801742907574,-0.00010747474782835302,0.0007471614268204118,-7.464835084462097e-5,0.0015864496051843473,0.0010773423235273408,-0.0012180046510581089,9.128796776854528e-6,-0.0006459773226437726,0.0017817893435288878,-1.1411355370777823e-5,0.0014957006953885336,0.004079488765042269,-0.0009736786017039936,0.0010403617669800889,6.31489345532691e-5,-0.0011676544875394588,0.000507854911493905,0.001031035304290283,0.0035763064894365395,0.001683249126548694,0.0005932510798060309,0.00027100598843429584,9.70354584509843e-5,0.0019330624859328668,0.0012017424926087077,0.004259967947058296,0.0009788180003675337,0.0019021813023608644,0.0013005478348423784,0.0013704137312700996,4.5324321811566234e-5,-0.0009736786017039936,0.004994546653883024,-0.0006154221295734635,0.0006182415828668555,0.0006222787706344907,-0.00027892144621636264,0.0008693096624158348,-0.004117498341651171,-0.003989582750742158,-0.0006129676143280472,0.0013709303687035588,8.28501660442889e-5,-0.0009592800162694715,0.008546937842619163,-0.0007795517851087076,0.004374354188834654,-0.0030152140843057017,0.004996994166948359,-0.00036524499632867324,-0.0015060654504620477,0.0010403617669800889,-0.0006154221295734635,0.019171963971417443,0.0014084071694909323,0.0011565147845581881,0.000119163234415487,-0.0005210686009175804,0.010123376155313751,0.006260953352993129,0.004979999735174351,0.0017134919072748817,0.0005557791604726512,0.00034105301064299177,0.0026397531609122817,-0.0007750124596294047,0.0021314568801010323,0.004662247091596904,0.003164728032013937,0.0013937125299101295,-0.000799322303971714,6.31489345532691e-5,0.0006182415828668555,0.0014084071694909323,0.018318332220454925,-0.0005091043916745025,-0.0002626346472430227,-0.002126311366932426,0.0013802644231408552,0.00517047011705859,0.0010233658263419498,-0.0007791259747697195,0.0010260054489169019,0.005143198723480258,0.0013657783594418623,0.0008255467007402751,0.0008465588289989107,-0.0006257822940210723,0.0006433703977346261,0.0007017647592420119,-0.0019700186288128863,-0.0011676544875394588,0.0006222787706344907,0.0011565147845581881,-0.0005091043916745025,0.0067864077577979975,0.0006248335366543397,-0.00035204418088176,0.0009120293024561478,0.002002265738654015,-0.0004372073468670212,-0.00023559150277060537,0.00029429122202080866,-0.0018789077976839772,6.270588638283583e-5,-0.00012653923691502037,0.0006792958582921574,-0.0008363480025409195,0.00036635354146602234,-0.00027255786013141877,0.00035656748298621246,0.000507854911493905,-0.00027892144621636264,0.000119163234415487,-0.0002626346472430227,0.0006248335366543397,0.0034570771256319404,-0.00011499370123853195,0.002486571804291458,0.0009170188951251352,0.00010828486442488418,0.0004048444525563681,0.0008458683584783633,-0.0010273325864746346,0.00016710484475819236,0.0020352183228289017,-7.633141682391009e-5,0.0014798703813520254,0.00014250242475055897,5.892986568631403e-5,0.0022424708484825055,0.001031035304290283,0.0008693096624158348,-0.0005210686009175804,-0.002126311366932426,-0.00035204418088176,-0.00011499370123853195,0.009875638008657123,0.0004164013013402527,-0.0007153702307904958,-0.0001124931152625385,0.0018679896249801718,0.00038223564955351875,0.001147531464855168,0.007629201265959461,-0.002499695052053199,0.0045387973538576105,-0.004700109483289212,0.004561882687741275,-0.0017482813336458193,0.0004963635882400856,0.0035763064894365395,-0.004117498341651171,0.010123376155313751,0.0013802644231408552,0.0009120293024561478,0.002486571804291458,0.0004164013013402527,0.02763319059065245,0.010015628016481568,0.0033682194656646947,-4.443955853728809e-5,0.0017975690821221018,0.0031665991993300793,0.006682285370645262,-0.004803578552376046,0.0015989738343672227,-0.0002912539058249204,0.004065540351864603,-0.002319791267646327,-0.0015158801742907574,0.001683249126548694,-0.003989582750742158,0.006260953352993129,0.00517047011705859,0.002002265738654015,0.0009170188951251352,-0.0007153702307904958,0.010015628016481568,0.028177056894026036,0.00725397550693921,-0.0022062970024090355,0.0014911846450662725,0.006379044853495063,0.004527971781149392,-0.0003962296816501338,0.0013497625818005557,2.0811332055433617e-5,0.0018062643399905732,0.00026027620133039163,-0.00010747474782835302,0.0005932510798060309,-0.0006129676143280472,0.004979999735174351,0.0010233658263419498,-0.0004372073468670212,0.00010828486442488418,-0.0001124931152625385,0.0033682194656646947,0.00725397550693921,0.010485142018556269,-0.0004403268188321579,0.0005686745389696043,0.0023979554469564426,0.000786985149219625,0.0026475699918251665,-0.0006844976079505377,0.00040058981778729954,-4.1414923318117526e-5,0.0012000466123904307,0.0007471614268204118,0.00027100598843429584,0.0013709303687035588,0.0017134919072748817,-0.0007791259747697195,-0.00023559150277060537,0.0004048444525563681,0.0018679896249801718,-4.443955853728809e-5,-0.0022062970024090355,-0.0004403268188321579,0.010639442834297033,0.0002992713606907682,-0.0007522630248822445,0.0009882198772028627,8.244965748138057e-5,0.000914904405548703,0.0005968081849475823,0.0006478066622722728,0.0001981546845518567,-7.464835084462097e-5,9.70354584509843e-5,8.28501660442889e-5,0.0005557791604726512,0.0010260054489169019,0.00029429122202080866,0.0008458683584783633,0.00038223564955351875,0.0017975690821221018,0.0014911846450662725,0.0005686745389696043,0.0002992713606907682,0.0020236334116592947,0.0007178520477408856,0.003760874915617663,-0.0005185509891829055,0.0007708525973190172,0.004857331776716445,0.0020029788851125135,0.0006223171127133883,0.0015864496051843473,0.0019330624859328668,-0.0009592800162694715,0.00034105301064299177,0.005143198723480258,-0.0018789077976839772,-0.0010273325864746346,0.001147531464855168,0.0031665991993300793,0.006379044853495063,0.0023979554469564426,-0.0007522630248822445,0.0007178520477408856,0.017231835069364546
