0.004841575409346226,0.0005835592984921255,0.0009037158273029035,-6.266739807285222e-5,0.0014966612734028358,0.0004422619703293015,2.8339512723939895e-6,0.0002155429065594797,0.0013178273798820654,0.00026025194456690264,0.000534866445854652,1.1871664805713255e-5,-7.67143895346735e-5,0.00157991579443216,4.4121938190092814e-5,1.981435137538553e-5,0.0003547202882715495,0.0004087190764155477,0.0006587356492230897,0.00017049771556947328,0.0005835592984921255,0.0057398717479376915,0.0019594005162016682,-0.00022950140893422823,0.0015207722556802097,0.00014096017430895516,0.00019674219050538785,0.00036496871864670976,0.0018160587511105403,0.0004641125260754956,0.0002753335493332411,0.0006929470854778095,0.0016123649784281144,3.0429732050988807e-5,4.316095215741044e-5,-8.60557362312705e-5,-4.378846091028358e-5,0.0009466549640926834,-0.00037421105966208197,-4.446767568222979e-5,0.0009037158273029035,0.0019594005162016682,0.023682978030947183,0.0019479087647061321,0.0018010981702267716,0.0013578065608380197,-0.001129059009172257,0.000475636436165591,0.004819624765468393,0.0012212324233449572,0.0012288288789960638,-0.000875621442194234,0.0038624660743948,0.002888184824670425,0.000667602657188279,0.0008648570581493782,0.0006855708288138496,0.0019501028459563484,0.002163630479747411,0.0015244553615550301,-6.266739807285222e-5,-0.00022950140893422823,0.0019479087647061321,0.02493382682547842,0.0022898540850657054,0.0010306171307511412,5.11878716283081e-5,4.508292137461312e-5,-2.6925590762266475e-5,0.0008225396243440278,-0.00021076463375059132,0.0003795141400862981,-4.22560102096477e-5,0.0027460429733113588,0.0012461671950083045,0.0003605855903482269,0.0005633272223192379,-0.0009594552842262371,0.0010365295888795593,-8.849737994290121e-5,0.0014966612734028358,0.0015207722556802097,0.0018010981702267716,0.0022898540850657054,0.023003559243260058,0.0018647223813874699,0.004357465696204004,0.00046595014956523067,0.0025300736768213983,0.0006159138131938986,0.001130440280174166,0.00034544202424691047,0.0026008698119737218,0.002198407697737868,0.0008969322927418965,-0.00043904042577403313,0.0009868780737209435,0.0011691404903818859,-3.641739844465158e-5,0.0006811354361789029,0.0004422619703293015,0.00014096017430895516,0.0013578065608380197,0.0010306171307511412,0.0018647223813874699,0.0023617752499415744,-0.00013552441031926805,-2.065096146720718e-5,0.0007529622269415921,0.00042005110337776886,0.0005393430389591875,-0.00012891905140306542,0.0004761059260339872,0.0008632357208233439,0.00046286709218636916,0.00016629470514534884,0.00037225933880067415,0.0004134203814190261,0.0006579700175967441,0.0006585949395040722,2.8339512723939895e-6,0.00019674219050538785,-0.001129059009172257,5.11878716283081e-5,0.004357465696204004,-0.00013552441031926805,0.016934397584695463,0.00013246123604970512,0.0003824057416694119,-3.4934410221071225e-5,0.00015077224893081614,0.0006352336374239953,0.00016606046474339193,0.0014823606951668861,0.0006737076747903046,-0.0004627032780449267,4.758853851802062e-5,0.001358632009255506,-0.00037643378583788957,-0.0008249101845006834,0.0002155429065594797,0.00036496871864670976,0.000475636436165591,4.508292137461312e-5,0.00046595014956523067,-2.065096146720718e-5,0.00013246123604970512,0.0016293067758786652,0.0005851971016921805,0.00036644733079343436,0.00019317258800022102,0.0004051221413651974,-0.0002513608028917848,-9.890960982442835e-5,8.851165959339343e-5,-9.260643210806178e-5,0.00034404364492288483,4.7037699164625166e-5,0.0004937489723710019,7.411261709627444e-5,0.0013178273798820654,0.0018160587511105403,0.004819624765468393,-2.6925590762266475e-5,0.0025300736768213983,0.0007529622269415921,0.0003824057416694119,0.0005851971016921805,0.017469510411211517,0.0005499222891415014,0.0008908047183422622,0.0005122567670339875,0.00397776227988926,0.0017168800520556617,-0.00022332158010603505,0.0006446327081252338,0.0008922115569926599,0.0004687930580833228,5.127064152518111e-6,0.0005307344541108543,0.00026025194456690264,0.0004641125260754956,0.0012212324233449572,0.0008225396243440278,0.0006159138131938986,0.00042005110337776886,-3.4934410221071225e-5,0.00036644733079343436,0.0005499222891415014,0.0023157108838588896,0.0006280672961523712,0.0006007912679571666,0.0005701358989510006,0.001083147265228785,0.00011049261812270763,0.0003218814664839556,0.00047536108225062346,-0.00027748485858278466,0.0007574782469147862,8.06327556725312e-6,0.000534866445854652,0.0002753335493332411,0.0012288288789960638,-0.00021076463375059132,0.001130440280174166,0.0005393430389591875,0.00015077224893081614,0.00019317258800022102,0.0008908047183422622,0.0006280672961523712,0.002411921307307351,-0.00023631892667612484,-5.2497792517893456e-5,0.00047781043948739543,0.00028451201124089125,7.25767648399515e-5,0.00028657308463161176,-8.42329308410523e-5,0.0004086840908847949,0.00048468806329231105,1.1871664805713255e-5,0.0006929470854778095,-0.000875621442194234,0.0003795141400862981,0.00034544202424691047,-0.00012891905140306542,0.0006352336374239953,0.0004051221413651974,0.0005122567670339875,0.0006007912679571666,-0.00023631892667612484,0.006986592474784821,0.0011423817031299614,0.0008155614802352823,0.0005757459727222401,5.287758628148936e-6,0.00045205560918990873,0.0010050822291926018,-5.583488684100396e-5,-0.000353024573712124,-7.67143895346735e-5,0.0016123649784281144,0.0038624660743948,-4.22560102096477e-5,0.0026008698119737218,0.0004761059260339872,0.00016606046474339193,-0.0002513608028917848,0.00397776227988926,0.0005701358989510006,-5.2497792517893456e-5,0.0011423817031299614,0.025634491934772095,0.0014976614674773884,-0.00013370106988391255,0.00031763296432364056,0.00016284653107506456,0.0024242915919141447,0.00224553347197659,-0.0005342267266941192,0.00157991579443216,3.0429732050988807e-5,0.002888184824670425,0.0027460429733113588,0.002198407697737868,0.0008632357208233439,0.0014823606951668861,-9.890960982442835e-5,0.0017168800520556617,0.001083147265228785,0.00047781043948739543,0.0008155614802352823,0.0014976614674773884,0.010686727808724239,0.0007746409142349929,0.0005686196321206371,7.593577247186494e-5,0.0007141439516995026,0.0015321341993015636,0.0009447173016243068,4.4121938190092814e-5,4.316095215741044e-5,0.000667602657188279,0.0012461671950083045,0.0008969322927418965,0.00046286709218636916,0.0006737076747903046,8.851165959339343e-5,-0.00022332158010603505,0.00011049261812270763,0.00028451201124089125,0.0005757459727222401,-0.00013370106988391255,0.0007746409142349929,0.00435708439622902,4.668426493977292e-5,0.000471206124719164,0.000569408414855557,0.0008089232159058553,0.0003068835687649056,1.981435137538553e-5,-8.60557362312705e-5,0.0008648570581493782,0.0003605855903482269,-0.00043904042577403313,0.00016629470514534884,-0.0004627032780449267,-9.260643210806178e-5,0.0006446327081252338,0.0003218814664839556,7.25767648399515e-5,5.287758628148936e-6,0.00031763296432364056,0.0005686196321206371,4.668426493977292e-5,0.0013890192956121968,0.0001252201498605272,0.00010825880838592986,0.00041121231409787075,0.00033763640592611606,0.0003547202882715495,-4.378846091028358e-5,0.0006855708288138496,0.0005633272223192379,0.0009868780737209435,0.00037225933880067415,4.758853851802062e-5,0.00034404364492288483,0.0008922115569926599,0.00047536108225062346,0.00028657308463161176,0.00045205560918990873,0.00016284653107506456,7.593577247186494e-5,0.000471206124719164,0.0001252201498605272,0.0012421948557307424,0.00019481919272111293,0.00032332255769833957,0.00014420675127175723,0.0004087190764155477,0.0009466549640926834,0.0019501028459563484,-0.0009594552842262371,0.0011691404903818859,0.0004134203814190261,0.001358632009255506,4.7037699164625166e-5,0.0004687930580833228,-0.00027748485858278466,-8.42329308410523e-5,0.0010050822291926018,0.0024242915919141447,0.0007141439516995026,0.000569408414855557,0.00010825880838592986,0.00019481919272111293,0.00537852469266891,0.0009210789158201131,9.146440814111627e-5,0.0006587356492230897,-0.00037421105966208197,0.002163630479747411,0.0010365295888795593,-3.641739844465158e-5,0.0006579700175967441,-0.00037643378583788957,0.0004937489723710019,5.127064152518111e-6,0.0007574782469147862,0.0004086840908847949,-5.583488684100396e-5,0.00224553347197659,0.0015321341993015636,0.0008089232159058553,0.00041121231409787075,0.00032332255769833957,0.0009210789158201131,0.012203075201568636,0.0012288816962582661,0.00017049771556947328,-4.446767568222979e-5,0.0015244553615550301,-8.849737994290121e-5,0.0006811354361789029,0.0006585949395040722,-0.0008249101845006834,7.411261709627444e-5,0.0005307344541108543,8.06327556725312e-6,0.00048468806329231105,-0.000353024573712124,-0.0005342267266941192,0.0009447173016243068,0.0003068835687649056,0.00033763640592611606,0.00014420675127175723,9.146440814111627e-5,0.0012288816962582661,0.0028758948925556903
