0.019734720403432358,0.004650240265589794,-0.0002388956378310818,0.000577987272478532,-0.003542191777225318,-0.0009282140668623311,0.001599004281799338,-3.332004231758482e-5,0.005878041961773262,-6.8321058961525e-5,0.002319550499305459,0.0003398661335094876,0.0021422559288763335,0.0018570856759497914,0.0031286216117539876,0.0006664732436741426,0.0017570936659011415,0.002191719457886625,0.006226738134462768,-0.0007132512465316338,0.004650240265589794,0.01479839081656511,-0.00039690960875349355,0.0010752214325615243,-0.000282753992986251,-0.001555968124404544,-0.000885631681234377,-0.0005218901944957167,0.003688216631387,0.003098069721031222,0.0009849683187426067,6.423330173810742e-6,-0.00011308276522497337,0.0019748751138954175,0.0010592916618643,0.0006369584018612263,0.0018902759914084931,-0.0001407686376209202,0.0038172733148077263,-0.0012041926460955843,-0.0002388956378310818,-0.00039690960875349355,0.0019719916627828236,0.0008489274093789177,-0.0002627596616352129,0.0002374296781584267,0.0005844395477009474,0.0003926898563083626,0.0006537356898775385,0.0014882467575252872,0.0004669119191145803,7.217766712367001e-5,0.0003083817264735785,0.000310938970262378,-0.0001703969090231665,-0.0005721367500790013,4.986175434545627e-5,-0.00029330433059231625,0.00039394719344592997,0.00030355714564192726,0.000577987272478532,0.0010752214325615243,0.0008489274093789177,0.016220156509718794,0.004018411682478085,-4.762168920184382e-5,-0.0016211572637746716,-0.0005969991680662537,0.002024808339602994,8.662697822345782e-5,0.0009841613913045494,0.0008905962395765205,-0.0006189036001810284,0.0007256208435423477,-0.0010840088361771714,0.003106199724304576,0.0011583077529135023,0.0008560368873365763,0.0018632161357044082,0.00016850524253832414,-0.003542191777225318,-0.000282753992986251,-0.0002627596616352129,0.004018411682478085,0.020708182042813477,0.0014773302684427374,-0.0018022745416095777,-0.0003210715052393126,0.0013011967564811881,0.0020179759286949334,-0.000661688178377839,-0.00012707997827882112,0.0017198644917979745,-0.0007947746141700062,-0.0007846608137682304,0.0035147531440072968,0.0011258770552053203,-0.001982350500353944,0.0021745146702128143,0.0003359520555326242,-0.0009282140668623311,-0.001555968124404544,0.0002374296781584267,-4.762168920184382e-5,0.0014773302684427374,0.004692467420151929,0.0006846128562282801,0.001129078840620292,0.0029368438999561007,-8.178899505299121e-5,-0.00023185457762287334,0.00028948234722667155,0.0010389452839511734,-0.00032130321749698683,-0.0006336851333883357,0.0004297600762365437,0.00013140955423831716,0.0009175140731344837,-0.00123539275110312,0.00043218428273733144,0.001599004281799338,-0.000885631681234377,0.0005844395477009474,-0.0016211572637746716,-0.0018022745416095777,0.0006846128562282801,0.007803485830162923,0.0010647809100001698,0.0019544204527373213,0.001734867004058789,0.00014562341662409438,-0.00019158465013481124,0.0024520462163185406,0.00174674306499485,0.001590623429697418,-0.0015542042367978491,0.0015880087775469855,-5.6314826341196705e-5,0.0016068448229268582,0.0007984984346567825,-3.332004231758482e-5,-0.0005218901944957167,0.0003926898563083626,-0.0005969991680662537,-0.0003210715052393126,0.001129078840620292,0.0010647809100001698,0.0036113042512916,0.0012028050980675887,0.0005586498905016526,-3.0129398928262385e-5,0.0005715332810524843,0.0011737561516343984,0.0009608220465942414,-0.0001915084343941462,-5.9338894675724686e-5,9.202200514471027e-5,0.0013010586780708429,0.0014670326731973083,0.0008681169186373082,0.005878041961773262,0.003688216631387,0.0006537356898775385,0.002024808339602994,0.0013011967564811881,0.0029368438999561007,0.0019544204527373213,0.0012028050980675887,0.03576655657189531,0.000622443155096575,0.00022390291803050507,0.0004300388320582776,0.0023539266595305865,-0.0009610699249945552,2.923344799282115e-5,0.000610632778208381,0.0040744935824245715,0.0025871286386445185,0.003594282958645334,-0.002574809680131463,-6.8321058961525e-5,0.003098069721031222,0.0014882467575252872,8.662697822345782e-5,0.0020179759286949334,-8.178899505299121e-5,0.001734867004058789,0.0005586498905016526,0.000622443155096575,0.020743663428061058,0.001652854962041268,-0.001153253786630986,0.0014321164059100991,0.0027355354258667844,0.0013130831242652908,-0.0019845846839038677,0.0006341758597734436,-0.00042054776633283666,0.0038738927882830195,0.0017388634447694066,0.002319550499305459,0.0009849683187426067,0.0004669119191145803,0.0009841613913045494,-0.000661688178377839,-0.00023185457762287334,0.00014562341662409438,-3.0129398928262385e-5,0.00022390291803050507,0.001652854962041268,0.008226101587676745,-0.0004999281581853018,0.00072021821170449,0.0029647123276441653,0.0010837612167869416,9.717663499139724e-5,0.00029894120632663335,-0.00040562526612060516,0.0041750942036638886,0.0004320590480876571,0.0003398661335094876,6.423330173810742e-6,7.217766712367001e-5,0.0008905962395765205,-0.00012707997827882112,0.00028948234722667155,-0.00019158465013481124,0.0005715332810524843,0.0004300388320582776,-0.001153253786630986,-0.0004999281581853018,0.003434351549033049,-0.0005533725308848204,0.0012537465059092945,-0.0003417202356450051,0.0004619044716309927,-8.548007125060634e-5,0.0006214695010729631,0.0010820616547811321,-0.00016691469852092247,0.0021422559288763335,-0.00011308276522497337,0.0003083817264735785,-0.0006189036001810284,0.0017198644917979745,0.0010389452839511734,0.0024520462163185406,0.0011737561516343984,0.0023539266595305865,0.0014321164059100991,0.00072021821170449,-0.0005533725308848204,0.011022984612746391,0.0016030825320047218,0.0014366514080079327,-8.321732906658054e-5,0.002056982761910045,-0.0004984726814789757,0.004054932095615617,0.0007702035484511839,0.0018570856759497914,0.0019748751138954175,0.000310938970262378,0.0007256208435423477,-0.0007947746141700062,-0.00032130321749698683,0.00174674306499485,0.0009608220465942414,-0.0009610699249945552,0.0027355354258667844,0.0029647123276441653,0.0012537465059092945,0.0016030825320047218,0.017726401885129,0.0005934632470227137,-0.0005868457629395866,-0.00021591626117263836,-0.00024758298598095036,0.004911003055870437,0.0006879580721792051,0.0031286216117539876,0.0010592916618643,-0.0001703969090231665,-0.0010840088361771714,-0.0007846608137682304,-0.0006336851333883357,0.001590623429697418,-0.0001915084343941462,2.923344799282115e-5,0.0013130831242652908,0.0010837612167869416,-0.0003417202356450051,0.0014366514080079327,0.0005934632470227137,0.004121087324363586,-0.0005268866464630459,0.0008590140562058616,0.000678649332669975,0.0028503126220190246,0.00017416332359051432,0.0006664732436741426,0.0006369584018612263,-0.0005721367500790013,0.003106199724304576,0.0035147531440072968,0.0004297600762365437,-0.0015542042367978491,-5.9338894675724686e-5,0.000610632778208381,-0.0019845846839038677,9.717663499139724e-5,0.0004619044716309927,-8.321732906658054e-5,-0.0005868457629395866,-0.0005268866464630459,0.012690173606236768,0.0002580747228346918,0.0006966649149509787,0.00014364398551778304,4.893196246006153e-5,0.0017570936659011415,0.0018902759914084931,4.986175434545627e-5,0.0011583077529135023,0.0011258770552053203,0.00013140955423831716,0.0015880087775469855,9.202200514471027e-5,0.0040744935824245715,0.0006341758597734436,0.00029894120632663335,-8.548007125060634e-5,0.002056982761910045,-0.00021591626117263836,0.0008590140562058616,0.0002580747228346918,0.0047701721313261995,-0.0001673018851809926,0.0030600010712358164,-0.00030968771804972103,0.002191719457886625,-0.0001407686376209202,-0.00029330433059231625,0.0008560368873365763,-0.001982350500353944,0.0009175140731344837,-5.6314826341196705e-5,0.0013010586780708429,0.0025871286386445185,-0.00042054776633283666,-0.00040562526612060516,0.0006214695010729631,-0.0004984726814789757,-0.00024758298598095036,0.000678649332669975,0.0006966649149509787,-0.0001673018851809926,0.010143817673122045,-0.00024844415018084943,0.00027133086567425664,0.006226738134462768,0.0038172733148077263,0.00039394719344592997,0.0018632161357044082,0.0021745146702128143,-0.00123539275110312,0.0016068448229268582,0.0014670326731973083,0.003594282958645334,0.0038738927882830195,0.0041750942036638886,0.0010820616547811321,0.004054932095615617,0.004911003055870437,0.0028503126220190246,0.00014364398551778304,0.0030600010712358164,-0.00024844415018084943,0.03265508168675102,0.0008237146985651264,-0.0007132512465316338,-0.0012041926460955843,0.00030355714564192726,0.00016850524253832414,0.0003359520555326242,0.00043218428273733144,0.0007984984346567825,0.0008681169186373082,-0.002574809680131463,0.0017388634447694066,0.0004320590480876571,-0.00016691469852092247,0.0007702035484511839,0.0006879580721792051,0.00017416332359051432,4.893196246006153e-5,-0.00030968771804972103,0.00027133086567425664,0.0008237146985651264,0.0032583649615399385
0.015450583171937603,0.0012917814958296778,-0.0002862124390851692,0.0039071438101153716,0.00249474966420033,0.0005005886039214178,-0.00019743373989803502,0.001817115176825083,0.000957835377327469,-0.003686071469397068,0.0007331347565325185,0.0006686903050202937,0.0005548822348041588,-0.0008071240696587035,0.0006126264593043231,0.00015911643794891368,0.0003062407221012531,-0.0036171656220316097,0.0027569060739198454,0.00017547388129735014,0.0012917814958296778,0.013239664618095873,0.0015586649476974786,0.0022170122445300785,0.006964354325522634,0.003334537041019385,0.001551439094572214,-1.8661963009703315e-5,0.005113556869432501,0.005989217254890409,0.001708150066443199,0.002036890780477009,0.0030245896376192303,0.0016933482668125455,0.0018231939525598453,0.004131705255738442,0.0018957113705266799,-0.00034895527594332957,0.0037874487752059902,0.0002633497248253075,-0.0002862124390851692,0.0015586649476974786,0.002803067659910418,0.0003110994854088083,0.003823742012717074,0.0009704865624754705,0.000602202277110683,0.00024925735274575726,0.0032922390935281433,0.002764622909014851,0.0003228280070312242,0.0002511916327739318,0.00040091955321287174,0.0019338651920039066,0.0012261124978744735,0.0010439442991054802,0.0011515042943813529,0.0019843093780627084,0.0005680045730218662,0.0007563737823440231,0.0039071438101153716,0.0022170122445300785,0.0003110994854088083,0.019431011003298575,0.0019155309123021229,0.00209012092703912,-0.0002763251769496575,0.0031286047060902528,-0.00020128520348830785,-0.0021554586071029307,-0.0016497087775412564,-0.0014322558502729982,0.00032853776208285684,-0.0007091815177437736,0.00043698484444850896,-0.0033613808774508253,-0.0004437734193056183,-0.0032352015539630673,0.0056045752749383365,0.00016603966830842638,0.00249474966420033,0.006964354325522634,0.003823742012717074,0.0019155309123021229,0.03714473641120435,0.00018572781030638943,0.005210820003496416,0.002760398059895969,0.016599220707565553,0.008940326958994306,0.003406742417837059,0.0034640694052896557,-0.001910322331119414,0.007567349487036362,0.0031721575924166176,-0.003775882248594281,0.0013742161112998911,0.004862579971115048,0.0033560268872158384,0.0038330541140193745,0.0005005886039214178,0.003334537041019385,0.0009704865624754705,0.00209012092703912,0.00018572781030638943,0.008268421382657867,9.624756062592985e-5,0.0004291431406048653,0.005941659929565761,0.004077855154895425,-0.0011773456120496837,0.0007297692724227373,0.002245883424497946,0.004826323590731589,0.000914363921175264,0.002793892508333685,0.00374535952696494,-0.0005738380889348633,0.00750323209679644,-0.0006155302101077477,-0.00019743373989803502,0.001551439094572214,0.000602202277110683,-0.0002763251769496575,0.005210820003496416,9.624756062592985e-5,0.0065728625187193935,0.0002137209855189242,0.005851129120315225,0.004764572499646971,0.0014153382640542317,0.001369661160152324,-0.00036210616942990924,-0.0002617144108577789,0.0013214827331801018,0.0023002609228018715,0.0011725040280205837,0.0024802256547712597,0.002233502864720288,0.0019981813483319535,0.001817115176825083,-1.8661963009703315e-5,0.00024925735274575726,0.0031286047060902528,0.002760398059895969,0.0004291431406048653,0.0002137209855189242,0.003351999259809965,0.0005031471557300268,-0.0020046509098643533,-0.0006782918535428787,-8.0770205079656e-5,-0.0009450201944337474,0.0006104751765253476,0.000600486213684307,-0.0015190382082268354,-0.00013844911432093191,-0.0007971706313535581,0.0017226641669654355,-0.00017089938989112114,0.000957835377327469,0.005113556869432501,0.0032922390935281433,-0.00020128520348830785,0.016599220707565553,0.005941659929565761,0.005851129120315225,0.0005031471557300268,0.0494032721805379,0.012860526760385507,-4.38057720060868e-5,0.005528583029360624,0.0031814316477903753,0.01125384233066016,0.0033995257379648694,0.0031518237225613343,0.007266867601023963,0.0058939190287835,0.00977111983950464,0.002969965771732798,-0.003686071469397068,0.005989217254890409,0.002764622909014851,-0.0021554586071029307,0.008940326958994306,0.004077855154895425,0.004764572499646971,-0.0020046509098643533,0.012860526760385507,0.03026355079610733,0.003709360764860806,0.003283371098926432,0.003908637228806166,0.003336053805510589,0.0014381323492614303,0.010648892836364943,0.0051835681013508595,0.005999741833385764,0.000530128292357789,0.002964698322620333,0.0007331347565325185,0.001708150066443199,0.0003228280070312242,-0.0016497087775412564,0.003406742417837059,-0.0011773456120496837,0.0014153382640542317,-0.0006782918535428787,-4.38057720060868e-5,0.003709360764860806,0.009407882626622217,0.0003318259069160978,0.0014146519721783472,-0.0020394282525385676,0.001030815284188006,0.0031562545206596723,-0.0011061782591336258,0.0013303004103795988,-0.004090921143431394,-0.0001806488074609033,0.0006686903050202937,0.002036890780477009,0.0002511916327739318,-0.0014322558502729982,0.0034640694052896557,0.0007297692724227373,0.001369661160152324,-8.0770205079656e-5,0.005528583029360624,0.003283371098926432,0.0003318259069160978,0.00460810912284641,0.0022912440924366534,0.0011973585238534297,0.00078354173889041,0.0015634255681377107,0.0010667326361680487,-3.262390994715744e-5,0.0014509345221208332,0.001155456662850107,0.0005548822348041588,0.0030245896376192303,0.00040091955321287174,0.00032853776208285684,-0.001910322331119414,0.002245883424497946,-0.00036210616942990924,-0.0009450201944337474,0.0031814316477903753,0.003908637228806166,0.0014146519721783472,0.0022912440924366534,0.012668845876866388,-0.0009185843527099543,-0.0004058664342050273,0.0054680735519586025,0.0015617611449683572,-0.001159920479329884,0.0024899298549187713,0.00036492200531965666,-0.0008071240696587035,0.0016933482668125455,0.0019338651920039066,-0.0007091815177437736,0.007567349487036362,0.004826323590731589,-0.0002617144108577789,0.0006104751765253476,0.01125384233066016,0.003336053805510589,-0.0020394282525385676,0.0011973585238534297,-0.0009185843527099543,0.022205526110536906,0.0004775115118132746,-0.0019685318660704306,0.004269228650656581,0.002338677464141685,0.005768314978776537,-0.0006806971397325606,0.0006126264593043231,0.0018231939525598453,0.0012261124978744735,0.00043698484444850896,0.0031721575924166176,0.000914363921175264,0.0013214827331801018,0.000600486213684307,0.0033995257379648694,0.0014381323492614303,0.001030815284188006,0.00078354173889041,-0.0004058664342050273,0.0004775115118132746,0.004357709279644255,0.0008899658478415578,0.0010422637524506585,0.001920397522436707,0.0007128932189932787,0.0003690362199584967,0.00015911643794891368,0.004131705255738442,0.0010439442991054802,-0.0033613808774508253,-0.003775882248594281,0.002793892508333685,0.0023002609228018715,-0.0015190382082268354,0.0031518237225613343,0.010648892836364943,0.0031562545206596723,0.0015634255681377107,0.0054680735519586025,-0.0019685318660704306,0.0008899658478415578,0.02218731618640147,0.004655387219206418,0.001211206667224178,-0.0024581566450880147,-0.0008140406694251102,0.0003062407221012531,0.0018957113705266799,0.0011515042943813529,-0.0004437734193056183,0.0013742161112998911,0.00374535952696494,0.0011725040280205837,-0.00013844911432093191,0.007266867601023963,0.0051835681013508595,-0.0011061782591336258,0.0010667326361680487,0.0015617611449683572,0.004269228650656581,0.0010422637524506585,0.004655387219206418,0.006517703456319567,0.0019848870303065796,0.004071061038056899,0.0006482910020687216,-0.0036171656220316097,-0.00034895527594332957,0.0019843093780627084,-0.0032352015539630673,0.004862579971115048,-0.0005738380889348633,0.0024802256547712597,-0.0007971706313535581,0.0058939190287835,0.005999741833385764,0.0013303004103795988,-3.262390994715744e-5,-0.001159920479329884,0.002338677464141685,0.001920397522436707,0.001211206667224178,0.0019848870303065796,0.012625366504836037,-0.002245324065885699,0.0010807363854313588,0.0027569060739198454,0.0037874487752059902,0.0005680045730218662,0.0056045752749383365,0.0033560268872158384,0.00750323209679644,0.002233502864720288,0.0017226641669654355,0.00977111983950464,0.000530128292357789,-0.004090921143431394,0.0014509345221208332,0.0024899298549187713,0.005768314978776537,0.0007128932189932787,-0.0024581566450880147,0.004071061038056899,-0.002245324065885699,0.038277856883504324,0.0016723210282480355,0.00017547388129735014,0.0002633497248253075,0.0007563737823440231,0.00016603966830842638,0.0038330541140193745,-0.0006155302101077477,0.0019981813483319535,-0.00017089938989112114,0.002969965771732798,0.002964698322620333,-0.0001806488074609033,0.001155456662850107,0.00036492200531965666,-0.0006806971397325606,0.0003690362199584967,-0.0008140406694251102,0.0006482910020687216,0.0010807363854313588,0.0016723210282480355,0.0042908140832451465
