0.018274102338255223,0.002642289212989459,0.0008808249046454178,0.00013833443157146416,0.0009574697759656902,0.0014453336895885543,0.0011260438947832217,0.0009427052101928464,-0.0002704624702025364,0.002266196171296027,-0.0006607497671384283,0.0011218873249779588,-0.0007589711823609588,0.0016768399544802948,0.0005220193715423749,0.0012912807591467924,0.0007359016600979783,0.006868454876269636,-0.00018709600270277576,8.743977920350855e-5,0.002642289212989459,0.02142420305287535,0.0005554825782283025,-9.363787551296804e-5,0.0008138033749176047,0.0007696426895389319,0.0022729485176845466,0.0007437906792929599,0.0005377128555192495,0.000987564864774385,6.309276378861726e-5,-0.0006216828682851488,0.0012498632770358052,0.0009548945977338712,-0.0010853032336034002,-0.00024835246159595105,-4.496275077083711e-5,0.0012504918320189859,-0.0006696145703936056,0.00011162811574805882,0.0008808249046454178,0.0005554825782283025,0.002653702115547357,0.00021736999670214147,0.0002546935154992424,0.00020216523792419613,0.0009700895588147362,0.0008984454827384855,5.9773812488780125e-5,0.0014234777400553523,0.0013005834337405798,0.0007424308667972472,0.0019446830755111154,0.0010417633299842687,0.0001439425872869291,0.00028520088516925126,-0.0005165136088737564,0.0012758382692125664,-0.00028981535622281564,0.00015877209270277496,0.00013833443157146416,-9.363787551296804e-5,0.00021736999670214147,0.0041625281056660085,0.00013934977806388403,0.001090524724397765,0.00015018888360946716,0.0006753798603259386,0.00031480937018875843,4.798172987428552e-5,0.0022502867354996046,0.0007840507784475552,0.0010499696339025238,0.00048683983630220813,0.0004577209562988337,0.000404116908387994,0.0006893034829013436,0.0016798993153965768,0.0007940001257309393,0.0010877866957698062,0.0009574697759656902,0.0008138033749176047,0.0002546935154992424,0.00013934977806388403,0.0019157434340167047,0.00040287946343261794,0.00024247611880345794,0.0003858129869183615,4.929736904379397e-5,0.000390202905932485,-0.0005736212093130758,-0.0001800229208098814,-0.0004029997648998505,0.0008786813883392137,0.00045828148554654275,8.429407390302864e-5,0.0005405725457300521,0.0008335940268470045,-0.0003800518456843719,9.546890748432093e-6,0.0014453336895885543,0.0007696426895389319,0.00020216523792419613,0.001090524724397765,0.00040287946343261794,0.006923702451445184,0.0004940295769987978,0.0004059749722432832,-6.072184114368207e-5,-0.000710876621395713,0.002635615095656267,-4.09562286558869e-6,0.0010041987494636647,0.0014353072862401612,-0.00023281841321547402,0.0006095495502814423,0.0016769057562320902,0.0013632588992414617,0.0007198747500957106,9.658033207192402e-5,0.0011260438947832217,0.0022729485176845466,0.0009700895588147362,0.00015018888360946716,0.00024247611880345794,0.0004940295769987978,0.007589449896715135,0.0016465010504885524,0.0002513283224168494,0.0013914462465585442,0.0039464751915710035,0.0007434508020489878,0.0018718924343235268,0.000346010963578225,0.00015727510068864862,-1.4534380595112873e-5,-0.000397456202746658,0.0007104552177212484,5.4008030091944373e-5,0.0010693582372327938,0.0009427052101928464,0.0007437906792929599,0.0008984454827384855,0.0006753798603259386,0.0003858129869183615,0.0004059749722432832,0.0016465010504885524,0.004033978863041088,0.00011648111406778908,7.590356836003747e-5,0.002500629441807064,0.0005740612726888533,0.000726783325580282,0.00047573160368167037,-0.0002234143989021862,-0.0001582618146531452,-0.00023742940361709327,0.0018479622177023465,-0.00019538014629678002,0.0009038817547263713,-0.0002704624702025364,0.0005377128555192495,5.9773812488780125e-5,0.00031480937018875843,4.929736904379397e-5,-6.072184114368207e-5,0.0002513283224168494,0.00011648111406778908,0.0015556837038465325,-4.2680605573632816e-5,0.0005038832826396171,3.649070991117502e-5,0.0008959179683661881,-0.0003343091623326369,0.000562400066097329,-3.605185486820515e-5,-5.0485002829336255e-5,0.000666744690669108,0.00018725735307726548,0.00012019001269896428,0.002266196171296027,0.000987564864774385,0.0014234777400553523,4.798172987428552e-5,0.000390202905932485,-0.000710876621395713,0.0013914462465585442,7.590356836003747e-5,-4.2680605573632816e-5,0.009101047382426444,-0.00047847628799968576,0.000563144286898611,0.0007051338436694905,0.0005583376600306325,0.001107819742657988,0.0003175655992883863,-0.001062842597093292,0.0031738384620162473,-0.0004938343214059059,0.0002960863402813013,-0.0006607497671384283,6.309276378861726e-5,0.0013005834337405798,0.0022502867354996046,-0.0005736212093130758,0.002635615095656267,0.0039464751915710035,0.002500629441807064,0.0005038832826396171,-0.00047847628799968576,0.023082458581726327,0.0008178489182577666,0.006579743608776115,0.0016848734855457069,0.002145125112748885,0.000370586843381674,5.832626955374156e-5,0.002221202525905135,0.0015338296009652556,0.002372141532749277,0.0011218873249779588,-0.0006216828682851488,0.0007424308667972472,0.0007840507784475552,-0.0001800229208098814,-4.09562286558869e-6,0.0007434508020489878,0.0005740612726888533,3.649070991117502e-5,0.000563144286898611,0.0008178489182577666,0.004662728489462309,0.0011875299383335381,0.0005093372468805836,-0.0005708448744736647,0.00044867139945277033,3.006526040914646e-5,0.00389546328830981,0.0007790063361328272,0.0006800847369456872,-0.0007589711823609588,0.0012498632770358052,0.0019446830755111154,0.0010499696339025238,-0.0004029997648998505,0.0010041987494636647,0.0018718924343235268,0.000726783325580282,0.0008959179683661881,0.0007051338436694905,0.006579743608776115,0.0011875299383335381,0.02161703753882856,0.0008805204464593124,-0.0013457022265671156,0.001142939740494586,0.0004546751039238002,0.0017019193422011358,0.001215900125705245,0.0005280389423807591,0.0016768399544802948,0.0009548945977338712,0.0010417633299842687,0.00048683983630220813,0.0008786813883392137,0.0014353072862401612,0.000346010963578225,0.00047573160368167037,-0.0003343091623326369,0.0005583376600306325,0.0016848734855457069,0.0005093372468805836,0.0008805204464593124,0.004934696606948451,-0.00036908306348062205,0.0001929404127019061,0.0008390374533526934,0.0016393527591726292,7.093813138199279e-5,-0.00010208439833843196,0.0005220193715423749,-0.0010853032336034002,0.0001439425872869291,0.0004577209562988337,0.00045828148554654275,-0.00023281841321547402,0.00015727510068864862,-0.0002234143989021862,0.000562400066097329,0.001107819742657988,0.002145125112748885,-0.0005708448744736647,-0.0013457022265671156,-0.00036908306348062205,0.014998181231108736,0.000276002060890027,-0.000559472876715351,0.002352846077399065,0.0009503956646831746,0.0014817199036794655,0.0012912807591467924,-0.00024835246159595105,0.00028520088516925126,0.000404116908387994,8.429407390302864e-5,0.0006095495502814423,-1.4534380595112873e-5,-0.0001582618146531452,-3.605185486820515e-5,0.0003175655992883863,0.000370586843381674,0.00044867139945277033,0.001142939740494586,0.0001929404127019061,0.000276002060890027,0.0024274209451394793,0.0005910299404222783,0.0016015454416850646,0.0003851734157358072,0.0001745978399110426,0.0007359016600979783,-4.496275077083711e-5,-0.0005165136088737564,0.0006893034829013436,0.0005405725457300521,0.0016769057562320902,-0.000397456202746658,-0.00023742940361709327,-5.0485002829336255e-5,-0.001062842597093292,5.832626955374156e-5,3.006526040914646e-5,0.0004546751039238002,0.0008390374533526934,-0.000559472876715351,0.0005910299404222783,0.005602186595197537,0.0007016148684953036,0.0006506632725132254,0.00019714627593779696,0.006868454876269636,0.0012504918320189859,0.0012758382692125664,0.0016798993153965768,0.0008335940268470045,0.0013632588992414617,0.0007104552177212484,0.0018479622177023465,0.000666744690669108,0.0031738384620162473,0.002221202525905135,0.00389546328830981,0.0017019193422011358,0.0016393527591726292,0.002352846077399065,0.0016015454416850646,0.0007016148684953036,0.03583958206228537,0.004612245588111159,0.0014333960700529964,-0.00018709600270277576,-0.0006696145703936056,-0.00028981535622281564,0.0007940001257309393,-0.0003800518456843719,0.0007198747500957106,5.4008030091944373e-5,-0.00019538014629678002,0.00018725735307726548,-0.0004938343214059059,0.0015338296009652556,0.0007790063361328272,0.001215900125705245,7.093813138199279e-5,0.0009503956646831746,0.0003851734157358072,0.0006506632725132254,0.004612245588111159,0.006431425749832504,0.0009436059320250248,8.743977920350855e-5,0.00011162811574805882,0.00015877209270277496,0.0010877866957698062,9.546890748432093e-6,9.658033207192402e-5,0.0010693582372327938,0.0009038817547263713,0.00012019001269896428,0.0002960863402813013,0.002372141532749277,0.0006800847369456872,0.0005280389423807591,-0.00010208439833843196,0.0014817199036794655,0.0001745978399110426,0.00019714627593779696,0.0014333960700529964,0.0009436059320250248,0.002714877656467436
