0.005078176350971108,8.274684449009954e-5,0.002166567548357469,6.724653300303728e-5,-5.7663375317219184e-5,-8.804788264176386e-5,-0.00043825497821159187,-0.00043236839425184176,0.0012805857110026828,0.0004972311959150213,-0.0009475359232018251,0.0022533956953019376,0.0004416505299524266,0.0011808130185297038,0.0002341748158734696,0.0019514611660385102,-0.0008133194251541708,-0.0022865257393522324,0.00024520622808621515,0.0004843692214791327,8.274684449009954e-5,0.003170846089376538,0.00042217441895826347,-7.548254128614951e-5,0.0002705645796625409,0.0005129057352420616,0.00024050384673261497,0.0003470354317642928,0.00020470190981711493,-0.00020745740154556102,0.00024073543690935852,0.0003458696930336662,-0.00014912910726892471,-0.00015543242186750157,-6.416891732077751e-5,-0.00026174552379825994,0.0003425294185951986,0.0005703659430170082,0.00046227824308378394,0.0005179850616917,0.002166567548357469,0.00042217441895826347,0.025152161531969718,-0.0006600792201211815,0.0006045225582479673,0.00285136461285947,-0.0008680239364337035,-0.0009842557933199072,-0.0005282746764460559,0.002573736210283814,-0.006500401693806516,0.0013309593393124532,-0.00025230511290480517,-0.002338828424314707,0.0002951997740127919,0.003153195878181493,0.0007808743990998599,0.0008095981618229146,-0.0028505394450402603,-6.668749371760564e-5,6.724653300303728e-5,-7.548254128614951e-5,-0.0006600792201211815,0.002300177851904037,-5.5881766731873646e-5,0.0008452990187897049,0.0008472713546631731,0.00022714937808065018,-3.756923627236638e-5,-0.0008905142145137477,0.0014234681993740054,-0.0002846473605465739,-0.00031125776773875024,0.00021951791310945986,8.705815998175764e-5,-0.0015735681569940864,0.00047055584001593474,0.0021301357565890115,0.0013865395614572952,0.00041804153150178146,-5.7663375317219184e-5,0.0002705645796625409,0.0006045225582479673,-5.5881766731873646e-5,0.0030979799931034955,-0.00021814073779915193,0.00023083757152278544,-0.00011731973362828343,0.000323569177700815,0.0005373885230379201,-0.0005202552479833394,0.00036643553186893087,0.0006172671506141682,-0.0006467038221715654,8.338742338089957e-5,5.8639091599951906e-5,0.0008562560213574542,9.984806603751007e-5,0.0008607065230957739,0.0007667179523204088,-8.804788264176386e-5,0.0005129057352420616,0.00285136461285947,0.0008452990187897049,-0.00021814073779915193,0.013827052586259525,0.0029037699388525604,0.0015810500707461857,-0.000939731918722682,0.002796316252470948,0.0011102447055842898,0.0006507502048340437,-0.0008504348356246495,-0.0005574348244612096,0.0004343944183452698,-3.098945669777496e-5,0.0012353283809335923,0.003848941784322245,-1.9995399446247683e-5,0.00035275270506080733,-0.00043825497821159187,0.00024050384673261497,-0.0008680239364337035,0.0008472713546631731,0.00023083757152278544,0.0029037699388525604,0.0035558555441733354,0.0007115513551320195,-0.0009253932415008567,-0.00013917687302620298,0.0021221317349278223,-0.0005217364780279582,0.00014970997339947592,-0.0007969575540926876,9.681702780628495e-5,-0.0014464379060857078,0.0005724289655147929,0.0014867312046934916,0.0007744701946618593,0.0005396879543076005,-0.00043236839425184176,0.0003470354317642928,-0.0009842557933199072,0.00022714937808065018,-0.00011731973362828343,0.0015810500707461857,0.0007115513551320195,0.0020412996197769428,-0.00126990050627239,3.567422082630782e-5,0.0007087054513534462,-0.0006917800224567688,-0.0006904388800805415,-9.277442043784566e-5,-0.00040670367582940515,-0.0013743236351508362,0.000504803926717038,0.0013518787340121318,0.00047374943065043207,-0.0001327008120619721,0.0012805857110026828,0.00020470190981711493,-0.0005282746764460559,-3.756923627236638e-5,0.000323569177700815,-0.000939731918722682,-0.0009253932415008567,-0.00126990050627239,0.01016736051580098,0.00028331818866716854,0.0020236349224082946,0.004177348709372539,0.0002313642830832517,0.0015961085636337596,0.0008429650838792776,0.0037981560590701884,5.894281334466041e-5,-0.0036638337157037975,0.001187045425488573,0.001107064086274253,0.0004972311959150213,-0.00020745740154556102,0.002573736210283814,-0.0008905142145137477,0.0005373885230379201,0.002796316252470948,-0.00013917687302620298,3.567422082630782e-5,0.00028331818866716854,0.011976909350412105,-0.0019197045306852433,0.0016364730338403084,0.0011727339551684509,-0.0005719674769367339,-0.00040639917451734084,0.0023924647827073984,-0.0006058653210481687,-0.001876385198418184,-0.0013880994934699306,4.028149452289116e-5,-0.0009475359232018251,0.00024073543690935852,-0.006500401693806516,0.0014234681993740054,-0.0005202552479833394,0.0011102447055842898,0.0021221317349278223,0.0007087054513534462,0.0020236349224082946,-0.0019197045306852433,0.026431805771656044,0.00010976066341047448,0.0009133310111051893,0.002754232435759045,0.0016970961486343428,-0.00026869833998478213,-0.000378302023315549,0.0042753484220491265,0.0014160459196461582,0.00039150766971434586,0.0022533956953019376,0.0003458696930336662,0.0013309593393124532,-0.0002846473605465739,0.00036643553186893087,0.0006507502048340437,-0.0005217364780279582,-0.0006917800224567688,0.004177348709372539,0.0016364730338403084,0.00010976066341047448,0.0104934026634703,1.209582886669161e-5,9.931286941027629e-5,8.643035096729589e-5,0.00453484645102013,-7.825073884587559e-5,-0.004118222478490421,-0.00015700406645892086,0.0010573853776642296,0.0004416505299524266,-0.00014912910726892471,-0.00025230511290480517,-0.00031125776773875024,0.0006172671506141682,-0.0008504348356246495,0.00014970997339947592,-0.0006904388800805415,0.0002313642830832517,0.0011727339551684509,0.0009133310111051893,1.209582886669161e-5,0.003528805994724227,-0.00035221205248219645,0.0010579889936757213,0.0006372727721618197,-0.0007395253967682964,-0.0004939003639355198,-5.848940595596489e-5,-0.0002434410586505165,0.0011808130185297038,-0.00015543242186750157,-0.002338828424314707,0.00021951791310945986,-0.0006467038221715654,-0.0005574348244612096,-0.0007969575540926876,-9.277442043784566e-5,0.0015961085636337596,-0.0005719674769367339,0.002754232435759045,9.931286941027629e-5,-0.00035221205248219645,0.01008517340638128,0.00040506185039749273,0.001718561778170985,0.00020182030836847275,-0.0011642292652851252,0.0008066608706903582,0.0006784652735754348,0.0002341748158734696,-6.416891732077751e-5,0.0002951997740127919,8.705815998175764e-5,8.338742338089957e-5,0.0004343944183452698,9.681702780628495e-5,-0.00040670367582940515,0.0008429650838792776,-0.00040639917451734084,0.0016970961486343428,8.643035096729589e-5,0.0010579889936757213,0.00040506185039749273,0.003407970312212586,0.0005653014000813813,-0.00026907897788319983,0.0005345798270729017,-2.4048846333334295e-6,-3.126199841504135e-5,0.0019514611660385102,-0.00026174552379825994,0.003153195878181493,-0.0015735681569940864,5.8639091599951906e-5,-3.098945669777496e-5,-0.0014464379060857078,-0.0013743236351508362,0.0037981560590701884,0.0023924647827073984,-0.00026869833998478213,0.00453484645102013,0.0006372727721618197,0.001718561778170985,0.0005653014000813813,0.01171095768524491,-0.00018943965396624957,-0.005454690007562749,-0.0012935410599272579,0.0007191055578143487,-0.0008133194251541708,0.0003425294185951986,0.0007808743990998599,0.00047055584001593474,0.0008562560213574542,0.0012353283809335923,0.0005724289655147929,0.000504803926717038,5.894281334466041e-5,-0.0006058653210481687,-0.000378302023315549,-7.825073884587559e-5,-0.0007395253967682964,0.00020182030836847275,-0.00026907897788319983,-0.00018943965396624957,0.004280421173408683,0.00240146401737124,0.0010554969089068978,0.001162841233191205,-0.0022865257393522324,0.0005703659430170082,0.0008095981618229146,0.0021301357565890115,9.984806603751007e-5,0.003848941784322245,0.0014867312046934916,0.0013518787340121318,-0.0036638337157037975,-0.001876385198418184,0.0042753484220491265,-0.004118222478490421,-0.0004939003639355198,-0.0011642292652851252,0.0005345798270729017,-0.005454690007562749,0.00240146401737124,0.019277154200543642,0.001141582319601884,0.00035061378336362586,0.00024520622808621515,0.00046227824308378394,-0.0028505394450402603,0.0013865395614572952,0.0008607065230957739,-1.9995399446247683e-5,0.0007744701946618593,0.00047374943065043207,0.001187045425488573,-0.0013880994934699306,0.0014160459196461582,-0.00015700406645892086,-5.848940595596489e-5,0.0008066608706903582,-2.4048846333334295e-6,-0.0012935410599272579,0.0010554969089068978,0.001141582319601884,0.0073467529791539305,0.0010317841332679076,0.0004843692214791327,0.0005179850616917,-6.668749371760564e-5,0.00041804153150178146,0.0007667179523204088,0.00035275270506080733,0.0005396879543076005,-0.0001327008120619721,0.001107064086274253,4.028149452289116e-5,0.00039150766971434586,0.0010573853776642296,-0.0002434410586505165,0.0006784652735754348,-3.126199841504135e-5,0.0007191055578143487,0.001162841233191205,0.00035061378336362586,0.0010317841332679076,0.0040123428200739
0.005252380549939617,0.00019803523898441808,0.0008772872858839452,8.294570471477488e-5,-7.69461270869238e-5,0.00051884288868745,0.0008954788614160055,0.0006415599592423731,0.001073557523359412,-0.0004896448436237667,-0.0006943465869649606,-0.00047127660228269146,-4.1385360135838805e-5,0.0010947698581988204,0.0007349977074573532,0.00014238656383353118,7.31964430560948e-5,0.00037081295365287784,-0.0002747878623053019,0.00033852745718554206,0.00019803523898441808,0.004075722634764586,-0.00034108632396777507,0.0007534379458568355,-8.363874740296675e-5,0.0016181047799725158,0.00018618925305524935,-1.287910744105326e-5,3.867278243436217e-5,0.0015395577392747297,0.0010266535662827399,0.0009695662932397763,0.0008110035472994607,0.00036853155020398585,0.0005234129930806392,0.00016965634673013784,0.0008466503187129083,3.366243427634629e-5,0.00037773298059843154,0.00016957102422834373,0.0008772872858839452,-0.00034108632396777507,0.02455861733671268,8.545883577510611e-5,-0.00027722239388918075,0.0019244768474638713,-0.00032504398042848895,-4.9716779728656814e-5,0.0010029759174460342,0.005639875611004733,0.006843504433927029,0.004195790194654497,0.0004515362447507003,0.003601074122054214,0.0015268213839209114,-0.0021706545698330013,-0.0007454495417039985,0.0034092846078433714,0.004981544583879555,0.0007109817245254167,8.294570471477488e-5,0.0007534379458568355,8.545883577510611e-5,0.0023798739035279844,0.00025754347845034927,0.0010042399930298282,-0.0004244121455953619,0.00020699025311521132,-0.000729159733264517,0.0032340183008520013,0.00032848980029248696,0.0001791279420901504,0.00022908745111774082,0.0008869120392751412,3.181937221714063e-5,8.630797635249024e-5,0.0008459973746683596,-0.0008152685091669334,3.783626674018977e-5,-1.1445111863245178e-5,-7.69461270869238e-5,-8.363874740296675e-5,-0.00027722239388918075,0.00025754347845034927,0.0030375981444582443,0.0003911649251233453,0.000598808080903453,-0.00010535658034612242,0.0006159985290673164,0.00018016792953526366,0.001511464352716735,-9.904648903481155e-5,6.374862655431838e-5,0.0010079011200627482,-5.379764522549116e-5,0.0005337378042502478,8.241507973651216e-5,0.0014341021828522158,0.0005580321676873754,-0.00013592588448317971,0.00051884288868745,0.0016181047799725158,0.0019244768474638713,0.0010042399930298282,0.0003911649251233453,0.011261408714540679,-0.000761132751250981,-0.00046224067199228684,0.0012168300379933822,0.005940961740357548,0.004743279343115114,-0.00016513235737456003,0.0007791578829976917,0.0026480947098135366,0.0001096748928638289,-0.000862230425780676,0.00015537470101264887,-0.0002632821563326182,-0.0001650085690433726,0.00014459801228862215,0.0008954788614160055,0.00018618925305524935,-0.00032504398042848895,-0.0004244121455953619,0.000598808080903453,-0.000761132751250981,0.0031001277751568556,-4.149673516728413e-5,0.001676699247001346,-0.0018838751104704042,0.0001415988876060091,-8.038437006928305e-5,0.00041957032863924903,0.00024154290763638348,0.00031301103224693654,0.001408317270981807,8.443604544170043e-5,0.001131590467154527,0.00022336966707182715,-0.0003871947603297623,0.0006415599592423731,-1.287910744105326e-5,-4.9716779728656814e-5,0.00020699025311521132,-0.00010535658034612242,-0.00046224067199228684,-4.149673516728413e-5,0.0018233059097038358,0.00029907292570072446,0.00016414533847285836,-0.000437673236053212,0.000503940491810954,-9.887070502081127e-5,0.00043916457365195664,0.00025792899657241415,0.0004725759338139525,0.00016756558758327858,-6.040581235814224e-5,-0.0005086606582322829,0.0005697962584639669,0.001073557523359412,3.867278243436217e-5,0.0010029759174460342,-0.000729159733264517,0.0006159985290673164,0.0012168300379933822,0.001676699247001346,0.00029907292570072446,0.010304767734055214,-0.0009610858977448565,0.0019871780066736235,-0.00024348991911622437,0.0013147222493220285,5.2950612558569704e-5,0.00017546129035039365,-0.00019267623890769405,-0.0007490505843940746,0.0028325675886231552,0.0002346244777750246,0.0009897826272989186,-0.0004896448436237667,0.0015395577392747297,0.005639875611004733,0.0032340183008520013,0.00018016792953526366,0.005940961740357548,-0.0018838751104704042,0.00016414533847285836,-0.0009610858977448565,0.02476519861676014,0.006407333355083106,0.0004076192079607956,-0.0016339518965721878,0.0026150414922768775,-0.0005174562303438176,-0.003456058138163091,0.0008361015396737748,-0.0019401648099453494,0.0015045142884362963,0.001041507817813164,-0.0006943465869649606,0.0010266535662827399,0.006843504433927029,0.00032848980029248696,0.001511464352716735,0.004743279343115114,0.0001415988876060091,-0.000437673236053212,0.0019871780066736235,0.006407333355083106,0.02695748865188645,0.0027787258323820584,0.002209580445738507,0.0009707489668978818,0.001003849117584207,-0.001245146094892018,0.0009713429255673497,0.003372263659800174,0.0050028591217261215,-0.0005395126999950609,-0.00047127660228269146,0.0009695662932397763,0.004195790194654497,0.0001791279420901504,-9.904648903481155e-5,-0.00016513235737456003,-8.038437006928305e-5,0.000503940491810954,-0.00024348991911622437,0.0004076192079607956,0.0027787258323820584,0.009738560890764657,0.00047619029766254726,0.0024150570072146178,0.0005990324214751832,-0.000837328831315256,0.0006554688771864055,0.0028359879405168327,0.00193122823296244,0.0007603504892058481,-4.1385360135838805e-5,0.0008110035472994607,0.0004515362447507003,0.00022908745111774082,6.374862655431838e-5,0.0007791578829976917,0.00041957032863924903,-9.887070502081127e-5,0.0013147222493220285,-0.0016339518965721878,0.002209580445738507,0.00047619029766254726,0.004280706715711371,0.0010071877532060818,0.00028015054340403255,0.0007622513976698264,0.0011230454874271772,0.0008980202342180395,3.29465520125917e-5,-0.00032177513235485435,0.0010947698581988204,0.00036853155020398585,0.003601074122054214,0.0008869120392751412,0.0010079011200627482,0.0026480947098135366,0.00024154290763638348,0.00043916457365195664,5.2950612558569704e-5,0.0026150414922768775,0.0009707489668978818,0.0024150570072146178,0.0010071877532060818,0.012448922343426008,5.920484149845257e-5,0.00015909308922223693,0.0013746991292833235,0.0019823304704907306,0.0012657448654424255,-3.3991860398195595e-5,0.0007349977074573532,0.0005234129930806392,0.0015268213839209114,3.181937221714063e-5,-5.379764522549116e-5,0.0001096748928638289,0.00031301103224693654,0.00025792899657241415,0.00017546129035039365,-0.0005174562303438176,0.001003849117584207,0.0005990324214751832,0.00028015054340403255,5.920484149845257e-5,0.0023253074750091106,0.00011879512078864855,0.0002883015201445029,0.0004976555755906121,0.000478252854607286,-3.204805682207363e-5,0.00014238656383353118,0.00016965634673013784,-0.0021706545698330013,8.630797635249024e-5,0.0005337378042502478,-0.000862230425780676,0.001408317270981807,0.0004725759338139525,-0.00019267623890769405,-0.003456058138163091,-0.001245146094892018,-0.000837328831315256,0.0007622513976698264,0.00015909308922223693,0.00011879512078864855,0.008420475020793768,0.0005527169834717672,0.0016681842381891156,-0.0005556433757459398,-4.591146951632858e-5,7.31964430560948e-5,0.0008466503187129083,-0.0007454495417039985,0.0008459973746683596,8.241507973651216e-5,0.00015537470101264887,8.443604544170043e-5,0.00016756558758327858,-0.0007490505843940746,0.0008361015396737748,0.0009713429255673497,0.0006554688771864055,0.0011230454874271772,0.0013746991292833235,0.0002883015201445029,0.0005527169834717672,0.00340906375831951,-0.0003184579936702979,-7.132317893858855e-5,-0.00025618168258704273,0.00037081295365287784,3.366243427634629e-5,0.0034092846078433714,-0.0008152685091669334,0.0014341021828522158,-0.0002632821563326182,0.001131590467154527,-6.040581235814224e-5,0.0028325675886231552,-0.0019401648099453494,0.003372263659800174,0.0028359879405168327,0.0008980202342180395,0.0019823304704907306,0.0004976555755906121,0.0016681842381891156,-0.0003184579936702979,0.012361152664947049,0.001569881254163646,0.0003427792666263949,-0.0002747878623053019,0.00037773298059843154,0.004981544583879555,3.783626674018977e-5,0.0005580321676873754,-0.0001650085690433726,0.00022336966707182715,-0.0005086606582322829,0.0002346244777750246,0.0015045142884362963,0.0050028591217261215,0.00193122823296244,3.29465520125917e-5,0.0012657448654424255,0.000478252854607286,-0.0005556433757459398,-7.132317893858855e-5,0.001569881254163646,0.007356692375428763,0.0006953512843412774,0.00033852745718554206,0.00016957102422834373,0.0007109817245254167,-1.1445111863245178e-5,-0.00013592588448317971,0.00014459801228862215,-0.0003871947603297623,0.0005697962584639669,0.0009897826272989186,0.001041507817813164,-0.0005395126999950609,0.0007603504892058481,-0.00032177513235485435,-3.3991860398195595e-5,-3.204805682207363e-5,-4.591146951632858e-5,-0.00025618168258704273,0.0003427792666263949,0.0006953512843412774,0.0042782860471231665
