0.021034279434227376,0.0006888709940326429,0.000905337432526125,0.001630271964782392,0.00038235213589352584,0.0006592812667834846,0.00041771862157438135,0.0005460940088268958,2.1651297258605317e-5,0.0016705946808061893,-0.0005734322011323933,0.0016506915935952146,-0.0013960571587621476,-0.00020070376239919683,-9.11426269828636e-5,0.0016306624869069331,-0.0008321581321756454,0.004459814910255297,-0.0002675132256291179,-0.00035034560914333425,0.0006888709940326429,0.0249094147864992,0.0007095387374410582,0.001370570116993692,0.000300661137084836,0.0025821375462476964,0.0024659978411649365,0.0005394272810768146,-0.0010712700977848501,-0.00010731297168444279,0.005549185795751421,0.000783139933257938,-6.39486989225343e-5,0.0008496221609583553,-0.00010507621009062454,-0.00021634439171071534,0.0007163638910552266,0.0007730751986969814,-0.002352606919346769,0.0002669806535732329,0.000905337432526125,0.0007095387374410582,0.002390487480616573,8.772586654523694e-5,-0.0003941619229688507,0.00034011317720405987,0.001053403423902549,0.0006268066423292798,-0.00021074065030271161,0.001348009201775285,0.0011645823732936967,0.0006713779236081961,0.0005951890910564064,0.00039187817225088225,-0.00032781953065845395,-8.608170687108118e-5,-0.001023673019476965,0.0013205228195683825,-8.430930776043439e-5,0.0001226858856275602,0.001630271964782392,0.001370570116993692,8.772586654523694e-5,0.0044299385952655665,0.00018033910472866816,0.0009298403367543411,0.00021836608876904713,0.0008542207601174714,0.00023057878031772916,0.0004494130641139097,0.001196446071018726,0.00041829079642508374,0.0008175244091965631,0.0004733246454907593,-0.00018882398290504465,0.00044045101965751077,-6.075475460140672e-5,0.0005111423281720974,0.00025082805732934963,0.00042776686952001263,0.00038235213589352584,0.000300661137084836,-0.0003941619229688507,0.00018033910472866816,0.002158258430600032,0.0007900964570075485,-0.0002071419158688093,0.00017932018450639233,0.00030282894037477295,-0.0006182863605820295,6.916490761503763e-5,-0.0004473285100057671,0.0009447094934722727,0.0009932752296660217,0.0007142964649407555,0.00042555680998732635,0.001039167707565626,-0.0006799723680489475,-0.0001630063275744239,-0.00033562920332602176,0.0006592812667834846,0.0025821375462476964,0.00034011317720405987,0.0009298403367543411,0.0007900964570075485,0.008541681064170432,0.0007463312894238946,-0.0004688111356776045,-0.0007931083290081382,-0.0012010329946964353,0.00495913527623621,0.0009177162472805262,0.0021088774573715563,0.0018169198889378916,-0.0013388983570465543,0.0002367524858145715,0.002671526913889155,0.001599812505218501,-0.0007250340484544514,-0.0009638548505357347,0.00041771862157438135,0.0024659978411649365,0.001053403423902549,0.00021836608876904713,-0.0002071419158688093,0.0007463312894238946,0.007321643611795636,0.0012797758303673805,0.00013991081553644863,0.002169212424398376,0.003116779722920286,0.0009790922701524442,0.00028364523674603674,0.0008169100745071443,-0.001049511249581072,-0.0010645626006447993,-0.000550200800203862,-0.0010003133955083792,-0.0004362135400988596,0.00038005152157262934,0.0005460940088268958,0.0005394272810768146,0.0006268066423292798,0.0008542207601174714,0.00017932018450639233,-0.0004688111356776045,0.0012797758303673805,0.004304429949036571,0.0006359214145140639,0.0011710042296432868,0.0014779403341794264,3.378640190247433e-5,0.0017799040692050485,0.0001428956333765538,-0.0004327892426821034,-0.0007486097350123708,-0.0002472161322989098,-0.0015309401506468762,-0.00041262260034095584,0.0006196672608696055,2.1651297258605317e-5,-0.0010712700977848501,-0.00021074065030271161,0.00023057878031772916,0.00030282894037477295,-0.0007931083290081382,0.00013991081553644863,0.0006359214145140639,0.0024210040830650367,-0.00022852780555719621,7.702150348187198e-5,-0.0009151186252638001,0.0006676144903492324,0.00021572695571709744,0.0003131176776065305,2.1587013646481126e-5,-0.00026175164354499654,-0.0006457080952578972,0.0009335567063859316,0.00018314282055307987,0.0016705946808061893,-0.00010731297168444279,0.001348009201775285,0.0004494130641139097,-0.0006182863605820295,-0.0012010329946964353,0.002169212424398376,0.0011710042296432868,-0.00022852780555719621,0.008480956902970427,-0.0008683696964229363,0.0006810375663435537,0.00012914809995763087,-0.00031808933103960634,0.0002625871672235575,-0.0007878470686567495,-0.0014018900642359926,0.0032916844223671365,4.641934937842725e-5,0.0007044179207097777,-0.0005734322011323933,0.005549185795751421,0.0011645823732936967,0.001196446071018726,6.916490761503763e-5,0.00495913527623621,0.003116779722920286,0.0014779403341794264,7.702150348187198e-5,-0.0008683696964229363,0.025253959528385897,-0.00037643656152226213,0.007303916349787895,0.0026464564001025597,0.00019655613277016516,-0.0011207285589974,-9.635045651242274e-5,-0.002295345603130746,-0.00047751626702891297,-0.0002843311323810358,0.0016506915935952146,0.000783139933257938,0.0006713779236081961,0.00041829079642508374,-0.0004473285100057671,0.0009177162472805262,0.0009790922701524442,3.378640190247433e-5,-0.0009151186252638001,0.0006810375663435537,-0.00037643656152226213,0.005511076116604269,0.0008774721813017106,5.1319973954257983e-5,-0.0011397619387344849,0.00020976757832542019,1.1721059115250474e-5,0.00500842886276417,0.00038869435757976585,7.663773830069135e-5,-0.0013960571587621476,-6.39486989225343e-5,0.0005951890910564064,0.0008175244091965631,0.0009447094934722727,0.0021088774573715563,0.00028364523674603674,0.0017799040692050485,0.0006676144903492324,0.00012914809995763087,0.007303916349787895,0.0008774721813017106,0.023060710651174272,0.00034639707323790936,-0.0024762194240187845,-9.206305624244023e-5,-6.44158294202899e-5,-0.00021787520826597128,0.0017014308389680967,7.398946394156756e-5,-0.00020070376239919683,0.0008496221609583553,0.00039187817225088225,0.0004733246454907593,0.0009932752296660217,0.0018169198889378916,0.0008169100745071443,0.0001428956333765538,0.00021572695571709744,-0.00031808933103960634,0.0026464564001025597,5.1319973954257983e-5,0.00034639707323790936,0.005362642970974469,8.40425892095892e-5,0.0004428190507910421,0.001378857303611269,0.0020647958568206838,0.0005760701476367119,-5.163213059081676e-5,-9.11426269828636e-5,-0.00010507621009062454,-0.00032781953065845395,-0.00018882398290504465,0.0007142964649407555,-0.0013388983570465543,-0.001049511249581072,-0.0004327892426821034,0.0003131176776065305,0.0002625871672235575,0.00019655613277016516,-0.0011397619387344849,-0.0024762194240187845,8.40425892095892e-5,0.015655142679747592,0.000962797005367873,-0.0004907239250552428,0.004662630442373765,0.0005109109865559904,0.0006476837472718612,0.0016306624869069331,-0.00021634439171071534,-8.608170687108118e-5,0.00044045101965751077,0.00042555680998732635,0.0002367524858145715,-0.0010645626006447993,-0.0007486097350123708,2.1587013646481126e-5,-0.0007878470686567495,-0.0011207285589974,0.00020976757832542019,-9.206305624244023e-5,0.0004428190507910421,0.000962797005367873,0.003351952367710037,0.0004671628442756944,0.0010366403944518906,0.00040820593549290187,-0.0001263750622869432,-0.0008321581321756454,0.0007163638910552266,-0.001023673019476965,-6.075475460140672e-5,0.001039167707565626,0.002671526913889155,-0.000550200800203862,-0.0002472161322989098,-0.00026175164354499654,-0.0014018900642359926,-9.635045651242274e-5,1.1721059115250474e-5,-6.44158294202899e-5,0.001378857303611269,-0.0004907239250552428,0.0004671628442756944,0.0063766146965962426,0.0003708364206265803,-0.000371819253634095,-0.0001250178888901545,0.004459814910255297,0.0007730751986969814,0.0013205228195683825,0.0005111423281720974,-0.0006799723680489475,0.001599812505218501,-0.0010003133955083792,-0.0015309401506468762,-0.0006457080952578972,0.0032916844223671365,-0.002295345603130746,0.00500842886276417,-0.00021787520826597128,0.0020647958568206838,0.004662630442373765,0.0010366403944518906,0.0003708364206265803,0.039907608770130436,0.003262381069355353,0.000539452530982228,-0.0002675132256291179,-0.002352606919346769,-8.430930776043439e-5,0.00025082805732934963,-0.0001630063275744239,-0.0007250340484544514,-0.0004362135400988596,-0.00041262260034095584,0.0009335567063859316,4.641934937842725e-5,-0.00047751626702891297,0.00038869435757976585,0.0017014308389680967,0.0005760701476367119,0.0005109109865559904,0.00040820593549290187,-0.000371819253634095,0.003262381069355353,0.00685476400792664,0.0006796855075910553,-0.00035034560914333425,0.0002669806535732329,0.0001226858856275602,0.00042776686952001263,-0.00033562920332602176,-0.0009638548505357347,0.00038005152157262934,0.0006196672608696055,0.00018314282055307987,0.0007044179207097777,-0.0002843311323810358,7.663773830069135e-5,7.398946394156756e-5,-5.163213059081676e-5,0.0006476837472718612,-0.0001263750622869432,-0.0001250178888901545,0.000539452530982228,0.0006796855075910553,0.0021353198062571905
0.02715333193165998,0.01236674961970061,0.0012446853620910153,0.0008518044553155815,0.0021962823554407276,0.0071578534024820985,0.004127708058132057,0.0015314021946395678,0.002594053519860669,0.007064983065627124,0.00952742491461111,0.004773340856059096,0.006942894595996481,0.004435569723954004,0.006383614263521948,0.00401934789847163,0.0046699181021352815,0.006547787694197223,0.007313849620575463,0.004566775414181672,0.01236674961970061,0.03347979191065731,0.002428881376000039,0.0022222916543566864,0.004375451181605005,0.007197630681704827,0.009371474093164864,0.003824284339858322,0.004363817811542296,0.011121367370568782,0.006530492399566842,0.005002451424391419,0.007353206602304376,0.003916375936109065,0.001844712203217972,0.004702437699744625,0.004662257208068124,0.014048880916107547,0.009885819896031376,0.005780764186409699,0.0012446853620910153,0.002428881376000039,0.003593416716956452,0.0009239406132972717,0.0002830699451842582,0.0025012722830621715,0.00022991931796449336,0.0016054170725683407,0.00116405873239676,0.0012504209751244928,0.00335350278307712,0.003309493778481387,0.0039130242373995785,0.0012533821338772005,0.001085265637351917,0.0015206453550874733,0.001477934515518235,0.0016895446515107935,0.0011247061149533982,0.0006675458597730526,0.0008518044553155815,0.0022222916543566864,0.0009239406132972717,0.0066315845257628875,0.0019500676989954637,0.0038253800664354814,0.0009078664564758918,0.0016979022095575751,0.0015611512196643316,0.0016270547037273262,0.0023489980687157945,0.0034189960021249457,-0.0010303142608732688,0.0034528596396307047,-0.0002643995203998262,0.00015801581590761855,0.0018922215389999748,-0.0015385445019611825,6.151423924797552e-5,0.0022061730105166436,0.0021962823554407276,0.004375451181605005,0.0002830699451842582,0.0019500676989954637,0.0033227579915319494,0.0020363304795511356,0.001703733411810464,0.0018209503324081594,0.0012074977403955687,0.0020394506076905797,0.001941876470256806,0.0018142907195160562,-0.003420035924384961,0.0013087942853246804,0.001131379962753036,0.0008397192558502753,0.001013080435953106,0.0035712157893479355,0.0018982551492425282,0.002401880215057531,0.0071578534024820985,0.007197630681704827,0.0025012722830621715,0.0038253800664354814,0.0020363304795511356,0.014094087649452617,0.0026974726082458593,0.004599157105687819,0.0020862525954977833,0.005881719153380384,0.008633983491577176,0.007235130351947665,0.0002084105918427428,0.003532402638713109,0.003354441836504487,0.0036036629116540943,0.0027496170177597657,0.00163269108195175,0.002698884349392335,0.004922889773923073,0.004127708058132057,0.009371474093164864,0.00022991931796449336,0.0009078664564758918,0.001703733411810464,0.0026974726082458593,0.011792260273391557,0.0025866624164784255,0.001857798104409817,0.0028470042401471285,0.001830687578967853,0.0011871572869921994,0.004713299456976438,0.0010474707849301825,0.0038130729630157815,0.002784006641147998,0.0028925763550015702,0.009066511065162507,0.005447355424165934,0.0028364969211864956,0.0015314021946395678,0.003824284339858322,0.0016054170725683407,0.0016979022095575751,0.0018209503324081594,0.004599157105687819,0.0025866624164784255,0.007322529987489137,0.0005088521206350613,0.0024098123944263136,0.005503631890094467,0.003863717379363156,-0.00023059974467600137,0.002052518400022752,0.001273599263083422,0.0026282548317212873,0.0016936313790749079,0.00607914997087506,0.0018090589886708254,0.0031889667523314876,0.002594053519860669,0.004363817811542296,0.00116405873239676,0.0015611512196643316,0.0012074977403955687,0.0020862525954977833,0.001857798104409817,0.0005088521206350613,0.003073455757119716,0.001598472977078839,0.0028067216429685606,0.002701122827803012,0.0019750179191283185,0.0009905147312703527,0.0021302663541857593,0.0007800562821442659,0.0018910880645751998,0.002724435236955038,0.0013738970650986333,0.0014068385028702586,0.007064983065627124,0.011121367370568782,0.0012504209751244928,0.0016270547037273262,0.0020394506076905797,0.005881719153380384,0.0028470042401471285,0.0024098123944263136,0.001598472977078839,0.016663812678709245,0.008791113057500896,0.003980755357491081,0.0033219597625271957,0.003672719938893564,0.0009450369873614576,0.003841752905007893,0.0026175098873259224,0.008783890017829657,0.004472936628681026,0.0030400726792322043,0.00952742491461111,0.006530492399566842,0.00335350278307712,0.0023489980687157945,0.001941876470256806,0.008633983491577176,0.001830687578967853,0.005503631890094467,0.0028067216429685606,0.008791113057500896,0.02830906935692406,0.008671640523495217,0.0023958646567104657,0.004819910449772264,0.006643613350853497,0.0048866143820407715,0.0027511019702914407,0.008190193178439718,0.003645085235923549,0.004200830331576519,0.004773340856059096,0.005002451424391419,0.003309493778481387,0.0034189960021249457,0.0018142907195160562,0.007235130351947665,0.0011871572869921994,0.003863717379363156,0.002701122827803012,0.003980755357491081,0.008671640523495217,0.010454030752186112,5.257352360244481e-5,0.0037820052855511667,0.0013865760191198058,0.002952722280849698,0.003112797070054548,0.0011327998990377371,0.0008685860420930343,0.003637415410016261,0.006942894595996481,0.007353206602304376,0.0039130242373995785,-0.0010303142608732688,-0.003420035924384961,0.0002084105918427428,0.004713299456976438,-0.00023059974467600137,0.0019750179191283185,0.0033219597625271957,0.0023958646567104657,5.257352360244481e-5,0.0364886827005524,0.0008312967890096307,0.003543214085663538,0.002918038899869196,0.005496443867135046,0.007126883183902966,0.004571175977596841,-0.0009110581826647357,0.004435569723954004,0.003916375936109065,0.0012533821338772005,0.0034528596396307047,0.0013087942853246804,0.003532402638713109,0.0010474707849301825,0.002052518400022752,0.0009905147312703527,0.003672719938893564,0.004819910449772264,0.0037820052855511667,0.0008312967890096307,0.00791532629353319,-0.0008067057197812552,0.001027725438437816,0.0024113660797892046,0.0003819306706569315,0.0014230323216880545,0.002234616752069041,0.006383614263521948,0.001844712203217972,0.001085265637351917,-0.0002643995203998262,0.001131379962753036,0.003354441836504487,0.0038130729630157815,0.001273599263083422,0.0021302663541857593,0.0009450369873614576,0.006643613350853497,0.0013865760191198058,0.003543214085663538,-0.0008067057197812552,0.019836160333709083,0.0007620241373516567,0.0008001427788504922,0.004465888245750104,0.004102131866479579,0.001591867671345218,0.00401934789847163,0.004702437699744625,0.0015206453550874733,0.00015801581590761855,0.0008397192558502753,0.0036036629116540943,0.002784006641147998,0.0026282548317212873,0.0007800562821442659,0.003841752905007893,0.0048866143820407715,0.002952722280849698,0.002918038899869196,0.001027725438437816,0.0007620241373516567,0.004614461143078418,0.0018839988184905089,0.00531797489231141,0.0026114036929051976,0.002062145537897104,0.0046699181021352815,0.004662257208068124,0.001477934515518235,0.0018922215389999748,0.001013080435953106,0.0027496170177597657,0.0028925763550015702,0.0016936313790749079,0.0018910880645751998,0.0026175098873259224,0.0027511019702914407,0.003112797070054548,0.005496443867135046,0.0024113660797892046,0.0008001427788504922,0.0018839988184905089,0.007335893479042877,0.004070562556246385,0.002387595687473005,0.002301182653140399,0.006547787694197223,0.014048880916107547,0.0016895446515107935,-0.0015385445019611825,0.0035712157893479355,0.00163269108195175,0.009066511065162507,0.00607914997087506,0.002724435236955038,0.008783890017829657,0.008190193178439718,0.0011327998990377371,0.007126883183902966,0.0003819306706569315,0.004465888245750104,0.00531797489231141,0.004070562556246385,0.04454010931819459,0.00931185113121372,0.00282053997925594,0.007313849620575463,0.009885819896031376,0.0011247061149533982,6.151423924797552e-5,0.0018982551492425282,0.002698884349392335,0.005447355424165934,0.0018090589886708254,0.0013738970650986333,0.004472936628681026,0.003645085235923549,0.0008685860420930343,0.004571175977596841,0.0014230323216880545,0.004102131866479579,0.0026114036929051976,0.002387595687473005,0.00931185113121372,0.00986909459048075,0.0029731664296933982,0.004566775414181672,0.005780764186409699,0.0006675458597730526,0.0022061730105166436,0.002401880215057531,0.004922889773923073,0.0028364969211864956,0.0031889667523314876,0.0014068385028702586,0.0030400726792322043,0.004200830331576519,0.003637415410016261,-0.0009110581826647357,0.002234616752069041,0.001591867671345218,0.002062145537897104,0.002301182653140399,0.00282053997925594,0.0029731664296933982,0.004832503858083508
