0.009327978744065634,-0.000555612038868471,0.0013435715601318055,-7.908779010258436e-5,0.0010753367471626695,0.000629517526087211,0.001735138003279252,9.11476074321286e-5,-0.00018946926255429303,0.0010621135612799114,-0.002058881805751904,0.0011100254482241212,0.0003478797610745679,6.023774231622854e-5,0.000949753796257778,0.0012049598366830855,0.0002470339708111719,-0.0011822512398653952,0.00018296948533461942,0.00017825510354880917,-0.000555612038868471,0.009002510564376983,0.0001679910610758685,0.0018992784288569715,0.0017818058141476816,-0.0009004617981241451,-0.0010906613368460833,-0.000546739781241871,0.0009578482312692353,0.0007683140650674309,0.001881006802287998,0.0011453327281255405,-9.171165300744584e-5,0.0017633197560975292,0.0015300935991268106,0.001452967766293263,-8.92836608655495e-6,0.001965185869020466,0.0001703415499659928,-0.0008996351944181051,0.0013435715601318055,0.0001679910610758685,0.005432866919600608,0.0004361182057309568,0.00016407185813335486,-0.0005436464026433768,-0.0009463130954286379,0.0005518828704935976,1.716372339213926e-5,0.0019705269801443027,0.00036642665367443895,-0.00017861488754787282,0.0004168047073610048,-0.00036308142946116874,0.0014666251649867298,0.003428592533508464,0.001192052959061833,0.00015552013824435783,-0.0006134881565600309,0.0006527656611811418,-7.908779010258436e-5,0.0018992784288569715,0.0004361182057309568,0.0062178392945675875,0.0021876672097993575,-0.00017316835557789614,-0.00035510904581880577,-0.0014429132721919032,-0.00017976895064080462,-2.822791351405107e-5,-0.0004950812751947467,0.0009429638218666639,-0.0001366171984493203,0.002127951937658981,-0.00046122482163621516,-0.00011358838547250131,0.00089795375652345,0.0013095003226775061,-9.625928413336374e-5,0.000423741993126093,0.0010753367471626695,0.0017818058141476816,0.00016407185813335486,0.0021876672097993575,0.009200226598259292,0.0006308243209093736,1.553680068749195e-5,0.0008447165443343754,0.0010892490610291711,-0.0014208176291102216,-0.0003461608712771227,-0.00023035238313850515,4.736313991677359e-7,0.0007854265018142823,0.0019236967922936768,-0.0013428921018996472,0.0008184535973202462,0.0019047034764152334,0.00037014585338132746,0.0003480648551294451,0.000629517526087211,-0.0009004617981241451,-0.0005436464026433768,-0.00017316835557789614,0.0006308243209093736,0.0034679113153635176,0.00047120523104653524,0.0008614719436649253,0.00023952937868754458,-0.0017071952243016284,-0.0008342388706041623,-0.00016924440702307034,-0.00020116025124298538,0.0008987522432199545,-2.4903314496137407e-5,-0.0020276662855915574,0.00010354555418424449,0.0008107875713806845,0.0002493482439192829,0.0007136727858505619,0.001735138003279252,-0.0010906613368460833,-0.0009463130954286379,-0.00035510904581880577,1.553680068749195e-5,0.00047120523104653524,0.006554344176784514,-3.859344773482403e-5,-4.031172774748496e-5,0.0011403151174460187,-0.0025410109462284066,-7.247524471679955e-5,-0.0002179235091169698,-0.00021356013898628305,-0.0008447377546907445,-0.001874452878839797,-0.0006361834323559332,-0.001144723626989452,-0.00030904714348959055,0.0020523387157880164,9.11476074321286e-5,-0.000546739781241871,0.0005518828704935976,-0.0014429132721919032,0.0008447165443343754,0.0008614719436649253,-3.859344773482403e-5,0.003851700404692839,0.0005905620736614545,-0.0009831520839705039,0.0004125000385002396,-0.0008504784936443582,0.00023452895888006578,-0.0006220271972560422,0.0012543385092844803,0.0007767079244809405,0.0010219916299270598,-1.1595355757584727e-5,-0.00016460129548632847,5.792886367428118e-5,-0.00018946926255429303,0.0009578482312692353,1.716372339213926e-5,-0.00017976895064080462,0.0010892490610291711,0.00023952937868754458,-4.031172774748496e-5,0.0005905620736614545,0.003286445931149345,-0.00029512214590601387,0.0010425295978974446,-0.00014651807773289696,0.000435184788792345,0.00034995513167973503,-0.0004878829183567779,-0.0009661712110005643,0.0005547647985625193,-7.560571439236416e-5,-2.215819045540388e-6,0.0014577285746739093,0.0010621135612799114,0.0007683140650674309,0.0019705269801443027,-2.822791351405107e-5,-0.0014208176291102216,-0.0017071952243016284,0.0011403151174460187,-0.0009831520839705039,-0.00029512214590601387,0.01306547934766596,-0.00029718685736573023,-0.00038688834313173104,0.0005036815582246813,-0.0013691875442247495,-0.00048487482933104334,0.0016177944490784082,4.4104467931542686e-5,-0.00113346087191966,-0.0005192620525059833,0.0013810181688539164,-0.002058881805751904,0.001881006802287998,0.00036642665367443895,-0.0004950812751947467,-0.0003461608712771227,-0.0008342388706041623,-0.0025410109462284066,0.0004125000385002396,0.0010425295978974446,-0.00029718685736573023,0.01522796012589437,0.0008296971756240434,-0.00018658882099631665,-0.0023392147085490424,0.00248743179636167,0.0026865170333385344,0.00011078401844676579,0.0007184511943030285,0.0008467809023309597,-0.0018623375484165092,0.0011100254482241212,0.0011453327281255405,-0.00017861488754787282,0.0009429638218666639,-0.00023035238313850515,-0.00016924440702307034,-7.247524471679955e-5,-0.0008504784936443582,-0.00014651807773289696,-0.00038688834313173104,0.0008296971756240434,0.004612837698717734,-0.00017640598247743218,0.0009090113786746445,0.0008915651228755639,0.0022434922385764266,-0.00013940740598450017,0.0017131625116807523,4.37042889293079e-5,-0.0004725364216617023,0.0003478797610745679,-9.171165300744584e-5,0.0004168047073610048,-0.0001366171984493203,4.736313991677359e-7,-0.00020116025124298538,-0.0002179235091169698,0.00023452895888006578,0.000435184788792345,0.0005036815582246813,-0.00018658882099631665,-0.00017640598247743218,0.0031035142020178854,0.00036652759421390286,-6.193555281287837e-5,0.00040059045392216335,0.0006082233111123585,0.0009269365768254706,0.00022041208039965066,0.0005821097672253741,6.023774231622854e-5,0.0017633197560975292,-0.00036308142946116874,0.002127951937658981,0.0007854265018142823,0.0008987522432199545,-0.00021356013898628305,-0.0006220271972560422,0.00034995513167973503,-0.0013691875442247495,-0.0023392147085490424,0.0009090113786746445,0.00036652759421390286,0.008638207009781516,-0.00037431842473504564,-0.001403048225418316,0.000919177182801407,0.002748792532938159,0.0002427009988066771,-0.00014167979574538443,0.000949753796257778,0.0015300935991268106,0.0014666251649867298,-0.00046122482163621516,0.0019236967922936768,-2.4903314496137407e-5,-0.0008447377546907445,0.0012543385092844803,-0.0004878829183567779,-0.00048487482933104334,0.00248743179636167,0.0008915651228755639,-6.193555281287837e-5,-0.00037431842473504564,0.014663515607776447,0.0021186996983485426,0.0012347276347073103,0.00255250698111739,0.0010655753791523784,-0.001879416852825378,0.0012049598366830855,0.001452967766293263,0.003428592533508464,-0.00011358838547250131,-0.0013428921018996472,-0.0020276662855915574,-0.001874452878839797,0.0007767079244809405,-0.0009661712110005643,0.0016177944490784082,0.0026865170333385344,0.0022434922385764266,0.00040059045392216335,-0.001403048225418316,0.0021186996983485426,0.0178036671410431,0.00040792904853442633,0.0012070974883554477,-8.162547193369237e-5,-0.0015787336636614087,0.0002470339708111719,-8.92836608655495e-6,0.001192052959061833,0.00089795375652345,0.0008184535973202462,0.00010354555418424449,-0.0006361834323559332,0.0010219916299270598,0.0005547647985625193,4.4104467931542686e-5,0.00011078401844676579,-0.00013940740598450017,0.0006082233111123585,0.000919177182801407,0.0012347276347073103,0.00040792904853442633,0.006830996011293736,0.0012660318553940025,-0.00040677663762081246,0.00031929459394579844,-0.0011822512398653952,0.001965185869020466,0.00015552013824435783,0.0013095003226775061,0.0019047034764152334,0.0008107875713806845,-0.001144723626989452,-1.1595355757584727e-5,-7.560571439236416e-5,-0.00113346087191966,0.0007184511943030285,0.0017131625116807523,0.0009269365768254706,0.002748792532938159,0.00255250698111739,0.0012070974883554477,0.0012660318553940025,0.011348840902922932,7.945500203142064e-5,-0.0005723583111378916,0.00018296948533461942,0.0001703415499659928,-0.0006134881565600309,-9.625928413336374e-5,0.00037014585338132746,0.0002493482439192829,-0.00030904714348959055,-0.00016460129548632847,-2.215819045540388e-6,-0.0005192620525059833,0.0008467809023309597,4.37042889293079e-5,0.00022041208039965066,0.0002427009988066771,0.0010655753791523784,-8.162547193369237e-5,-0.00040677663762081246,7.945500203142064e-5,0.002159016528898231,-0.000573064843675946,0.00017825510354880917,-0.0008996351944181051,0.0006527656611811418,0.000423741993126093,0.0003480648551294451,0.0007136727858505619,0.0020523387157880164,5.792886367428118e-5,0.0014577285746739093,0.0013810181688539164,-0.0018623375484165092,-0.0004725364216617023,0.0005821097672253741,-0.00014167979574538443,-0.001879416852825378,-0.0015787336636614087,0.00031929459394579844,-0.0005723583111378916,-0.000573064843675946,0.011021633234369497
0.00994515091846707,0.003449012472768775,0.001516117729834784,0.002605489363707242,0.0015818059039036496,0.00037471945423900234,0.0013837504460216831,0.0009471673995135832,0.0021289519266899475,-0.0002538572068934887,0.0032942875171396847,-0.0013231811044224853,0.0018474095803000154,0.000734756107688373,0.0016220123155569078,0.0028923674757219977,0.0018070597097656178,0.0015566023808998963,0.0010467139348732065,0.00209844297610562,0.003449012472768775,0.009032553844150134,0.0016134290774143358,0.0029361616785869584,0.0016984222671240679,0.0015225630925477123,0.0028849227635976424,0.001507944330587643,0.0018682400572767092,0.0012507273049077506,0.0033059947210194573,-0.0013586283476827836,0.0009541289788297823,0.0007901924136772991,0.0018829826786668654,0.0016448822352230765,0.002305350105693191,0.003718850894340043,0.000840217719931512,0.0034810036589092656,0.001516117729834784,0.0016134290774143358,0.0049843409950043795,0.0016132236324435942,0.0013724832890777809,0.0005109421102243881,0.0012685740869133766,0.0008005876419488116,0.00107585191477674,0.001573111898756856,0.0026767926758100398,0.0007602972669027812,0.001490546495234148,0.0019493562224580396,0.001367361459670654,0.0028985912409607477,0.0012818805524644648,0.00048954731870252,0.001509902389901735,9.157945781948958e-5,0.002605489363707242,0.0029361616785869584,0.0016132236324435942,0.007168955705637592,0.0013633970418890032,0.00185627528566035,0.0019298148468917366,0.0015269423266960854,0.001304578603053017,0.00197936472335169,0.0047584014229658,-0.0006010033650461161,0.0006123216754440762,0.0011100491709154317,0.0025350732734076313,0.001930302107719792,0.001653214470675578,0.0023896162966285713,0.0010538736747957309,0.0028130163495926914,0.0015818059039036496,0.0016984222671240679,0.0013724832890777809,0.0013633970418890032,0.008323143972892664,0.0008857919481285121,0.0016898237721437188,0.001018266854188028,0.0008362389852261587,0.0024929434118748845,0.0028745905504993802,-0.0004902498851229846,0.0010270765678041423,0.0024576830532896813,0.0002668831042486096,0.0021895234150686406,0.0013915248572362537,0.0015181991271323993,0.0008596007953747564,0.0019189021323616359,0.00037471945423900234,0.0015225630925477123,0.0005109421102243881,0.00185627528566035,0.0008857919481285121,0.003925944518528217,0.0007542441935603909,0.0005434511290756911,-0.00010184617987911467,0.0010788170723308233,0.0018329302596785347,9.298406898812651e-5,0.0004810521030701413,0.001635183191392689,0.0006549936146767479,0.0012880309081176955,0.001170127879771585,0.00043513318020414065,0.00033700323404369447,0.00245864044218759,0.0013837504460216831,0.0028849227635976424,0.0012685740869133766,0.0019298148468917366,0.0016898237721437188,0.0007542441935603909,0.007390949333533371,0.00029665336737405687,0.001324531809882283,0.002088666863953743,0.002227649834199665,-0.0006129717668216778,0.00048680978140840363,0.0013023763641034731,0.00023819938782182535,0.0024219089966300055,0.0034199472292313514,0.004226586335650287,0.0007250313092375941,0.0003706396310066082,0.0009471673995135832,0.001507944330587643,0.0008005876419488116,0.0015269423266960854,0.001018266854188028,0.0005434511290756911,0.00029665336737405687,0.0028183453859317686,0.0006770351418048707,0.00048397443258873694,0.001055661594755336,0.0008402375415718572,0.00023962346787485136,0.0013223539158411313,0.0019242755076210299,0.00011879757059031997,0.0004308755475258571,0.00022049967686088394,0.0007391515566806419,0.0017606036682798268,0.0021289519266899475,0.0018682400572767092,0.00107585191477674,0.001304578603053017,0.0008362389852261587,-0.00010184617987911467,0.001324531809882283,0.0006770351418048707,0.003763964437258247,0.0003151483542873496,0.0010873929018113716,-0.0010667734636229794,0.0008034830256534505,-0.00021652959158491308,0.0006629523944866329,0.0010016607669826273,0.0011713286519408257,0.002384346016533973,0.0008204467225815112,-8.733468260927618e-5,-0.0002538572068934887,0.0012507273049077506,0.001573111898756856,0.00197936472335169,0.0024929434118748845,0.0010788170723308233,0.002088666863953743,0.00048397443258873694,0.0003151483542873496,0.011894780767491144,0.0038442640657966876,0.0006280328775723812,0.0005043396059307072,0.0022506290086645904,0.0007900144749965455,0.0031482524351383826,0.0022948920053522137,0.0005168699070469503,0.0005436998231670414,9.26669705691349e-5,0.0032942875171396847,0.0033059947210194573,0.0026767926758100398,0.0047584014229658,0.0028745905504993802,0.0018329302596785347,0.002227649834199665,0.001055661594755336,0.0010873929018113716,0.0038442640657966876,0.015396837696042446,-0.0012070593343029977,0.0009090129375256628,0.0014954466081303838,0.001247816150686175,0.0017988741575897774,0.002378420810528154,0.0012718505431365541,0.0005500733457705958,0.003005749491858185,-0.0013231811044224853,-0.0013586283476827836,0.0007602972669027812,-0.0006010033650461161,-0.0004902498851229846,9.298406898812651e-5,-0.0006129717668216778,0.0008402375415718572,-0.0010667734636229794,0.0006280328775723812,-0.0012070593343029977,0.005713063201817468,0.0002704564248358761,0.001498210828771274,0.0005995134716781955,0.0005505253359646644,-7.586232690605743e-5,-0.001687325456769062,0.000389789378811551,-0.0008677384245963158,0.0018474095803000154,0.0009541289788297823,0.001490546495234148,0.0006123216754440762,0.0010270765678041423,0.0004810521030701413,0.00048680978140840363,0.00023962346787485136,0.0008034830256534505,0.0005043396059307072,0.0009090129375256628,0.0002704564248358761,0.00377706639351678,0.0005010107253447479,0.0008804758896565717,0.0022651396440148686,0.0008704605534365728,0.00024694140619656063,0.001070280494223628,0.0003905346034368224,0.000734756107688373,0.0007901924136772991,0.0019493562224580396,0.0011100491709154317,0.0024576830532896813,0.001635183191392689,0.0013023763641034731,0.0013223539158411313,-0.00021652959158491308,0.0022506290086645904,0.0014954466081303838,0.001498210828771274,0.0005010107253447479,0.009569928525042038,0.002732022194494181,0.004224812596770756,0.0003965213682727375,-0.000259588702924783,0.001513589723702696,0.0009083125286033909,0.0016220123155569078,0.0018829826786668654,0.001367361459670654,0.0025350732734076313,0.0002668831042486096,0.0006549936146767479,0.00023819938782182535,0.0019242755076210299,0.0006629523944866329,0.0007900144749965455,0.001247816150686175,0.0005995134716781955,0.0008804758896565717,0.002732022194494181,0.01320262276094836,0.002500317690152378,0.0004919361863879939,-0.001442970611434832,0.0010302764284588688,0.0020143474638337888,0.0028923674757219977,0.0016448822352230765,0.0028985912409607477,0.001930302107719792,0.0021895234150686406,0.0012880309081176955,0.0024219089966300055,0.00011879757059031997,0.0010016607669826273,0.0031482524351383826,0.0017988741575897774,0.0005505253359646644,0.0022651396440148686,0.004224812596770756,0.002500317690152378,0.018436601917095622,0.0036778387258197412,0.0018819330160540072,0.002209904887191687,-0.0019891670748110528,0.0018070597097656178,0.002305350105693191,0.0012818805524644648,0.001653214470675578,0.0013915248572362537,0.001170127879771585,0.0034199472292313514,0.0004308755475258571,0.0011713286519408257,0.0022948920053522137,0.002378420810528154,-7.586232690605743e-5,0.0008704605534365728,0.0003965213682727375,0.0004919361863879939,0.0036778387258197412,0.008876954338992108,0.002337601452712003,0.000862203950291508,0.0007627242604177876,0.0015566023808998963,0.003718850894340043,0.00048954731870252,0.0023896162966285713,0.0015181991271323993,0.00043513318020414065,0.004226586335650287,0.00022049967686088394,0.002384346016533973,0.0005168699070469503,0.0012718505431365541,-0.001687325456769062,0.00024694140619656063,-0.000259588702924783,-0.001442970611434832,0.0018819330160540072,0.002337601452712003,0.012589842164039005,0.0003341321202850003,0.0009152485291368302,0.0010467139348732065,0.000840217719931512,0.001509902389901735,0.0010538736747957309,0.0008596007953747564,0.00033700323404369447,0.0007250313092375941,0.0007391515566806419,0.0008204467225815112,0.0005436998231670414,0.0005500733457705958,0.000389789378811551,0.001070280494223628,0.001513589723702696,0.0010302764284588688,0.002209904887191687,0.000862203950291508,0.0003341321202850003,0.0027278956016986,0.00046560576634524704,0.00209844297610562,0.0034810036589092656,9.157945781948958e-5,0.0028130163495926914,0.0019189021323616359,0.00245864044218759,0.0003706396310066082,0.0017606036682798268,-8.733468260927618e-5,9.26669705691349e-5,0.003005749491858185,-0.0008677384245963158,0.0003905346034368224,0.0009083125286033909,0.0020143474638337888,-0.0019891670748110528,0.0007627242604177876,0.0009152485291368302,0.00046560576634524704,0.013123117938035164
