0.008713585419436563,0.0016427563521685899,0.0005450602561501365,0.00047264339011895875,0.002538343779618719,0.0002778956005755016,0.0004411149338917293,0.0002052941330447555,0.0008341518399467755,0.0012689656206635873,0.0020324880908180573,0.0010252680300936118,0.0013587485494691931,0.0016454869905639857,0.0025309969277759344,0.0023006078363022584,0.001343947458317047,0.0005645023424584728,0.0008675277174068211,0.0011968395637694028,0.0016427563521685899,0.008136862961860997,0.0011785023114755434,0.0016160605929451764,0.00042601889900468115,0.0008352475598527688,0.001675844538737524,0.0008229583554014431,0.0007954483255377066,0.0004744426144052686,0.0006435341505399965,7.388788625063621e-5,0.00010714653665614375,0.0014391255734156083,0.0019932214466464437,0.0015692185152557721,0.0007215253609940105,0.0022978569967744863,0.0007974592189716879,0.0017669177897056735,0.0005450602561501365,0.0011785023114755434,0.004691781682442444,0.00032615041332008024,0.001413894841619048,0.00038910708167422926,0.00022829727188815053,0.00045945869497438646,0.0003200198690340502,0.0011771620445781249,0.0019350638009884558,-0.00010830504389853303,0.0005740242185377701,0.0008916807133855795,0.002394101898287818,0.0013653228462392857,0.00025773323788632425,0.0013019803888582504,0.0006065624517396665,0.0005527824284658229,0.00047264339011895875,0.0016160605929451764,0.00032615041332008024,0.005774649192696945,0.001062139939073286,0.00042707597089696895,0.0011056232813725993,0.0006186258896996024,0.0003091130725459949,-2.152100782563135e-5,0.0017636461791354226,8.706731420971009e-5,0.00036130372237794624,0.002275375648045628,-1.9767425500512607e-5,0.0011870261380906707,0.001357217991382728,0.00033463956218148297,0.000522092273218626,0.002067972023611108,0.002538343779618719,0.00042601889900468115,0.001413894841619048,0.001062139939073286,0.010544654078117364,-0.0002787650472767975,-0.0006343821040204429,0.0011048874612230196,0.0008845617026783817,0.0015677587034488034,0.004165714842308592,0.0010708401401045406,0.0015711435962176869,0.0015749777061764528,0.003822405411601876,0.0034822556592082046,0.0007839305961757606,0.0011579637407816822,0.0009351787594186343,0.002224848137417446,0.0002778956005755016,0.0008352475598527688,0.00038910708167422926,0.00042707597089696895,-0.0002787650472767975,0.0040702542035706436,0.0005315938856449902,0.0006448180961392447,0.0004961039703074953,0.0002518386632245756,0.0005038798389302898,0.0005518783860457385,7.646379314433054e-5,0.001076617375442675,-0.00014468786491259272,0.0002569565177412039,5.2770995314757504e-5,0.001776580366211167,0.000533395035104645,0.0003890758581361075,0.0004411149338917293,0.001675844538737524,0.00022829727188815053,0.0011056232813725993,-0.0006343821040204429,0.0005315938856449902,0.007221961449629376,0.0004606080760285852,0.0006691176357336462,0.0012396987068628627,-0.001101137987433134,-0.0007094590655103627,0.00015900957987101513,0.0007411903457854544,-0.0009503753587113614,-0.000666100484242492,0.0005758909907138603,0.0011213143076176206,-5.923380782856696e-5,0.0008591371888806732,0.0002052941330447555,0.0008229583554014431,0.00045945869497438646,0.0006186258896996024,0.0011048874612230196,0.0006448180961392447,0.0004606080760285852,0.0031540599119888853,0.0005426591993558409,0.00044066206788878696,0.0003178147392371611,0.00022347229625841223,0.0002858546982929713,0.0009112811415022417,0.0015112043732171112,0.0010331020703742023,0.0004392573292619969,0.0014306419696070135,0.0002069052452509925,0.0006257282330141482,0.0008341518399467755,0.0007954483255377066,0.0003200198690340502,0.0003091130725459949,0.0008845617026783817,0.0004961039703074953,0.0006691176357336462,0.0005426591993558409,0.0029605590815743937,0.0001599030889363094,0.0007374902324585438,0.00016546283889241355,0.0007107981988828849,0.0011341768591305451,0.00014256470564054645,0.0002435524870783344,0.0009690360504694968,0.0007455446864100563,0.0005708365263362883,-0.0002678075799299339,0.0012689656206635873,0.0004744426144052686,0.0011771620445781249,-2.152100782563135e-5,0.0015677587034488034,0.0002518386632245756,0.0012396987068628627,0.00044066206788878696,0.0001599030889363094,0.012782453567654707,0.0010145319928590176,0.0016209214532837569,0.0008430151519014731,-4.707201969184928e-5,0.0032843323586971077,0.001603892635955288,0.001286565060734551,0.0018073391544154854,0.00030219800383394347,0.0011191049266096888,0.0020324880908180573,0.0006435341505399965,0.0019350638009884558,0.0017636461791354226,0.004165714842308592,0.0005038798389302898,-0.001101137987433134,0.0003178147392371611,0.0007374902324585438,0.0010145319928590176,0.015240856182268885,0.0009989429002393788,0.0011578578092193957,0.0008105325594658858,0.002638890206139772,0.002091961153079263,0.0006658550801514704,0.001064725628974294,0.0010866263480992437,0.0014965263669787453,0.0010252680300936118,7.388788625063621e-5,-0.00010830504389853303,8.706731420971009e-5,0.0010708401401045406,0.0005518783860457385,-0.0007094590655103627,0.00022347229625841223,0.00016546283889241355,0.0016209214532837569,0.0009989429002393788,0.005361330422366316,0.0007455911681653703,0.0006928439596904967,0.0018746250443152331,0.0029998606717194128,4.167237010060411e-6,0.00040002527885301845,0.00025724881132136427,-0.00031734827209362645,0.0013587485494691931,0.00010714653665614375,0.0005740242185377701,0.00036130372237794624,0.0015711435962176869,7.646379314433054e-5,0.00015900957987101513,0.0002858546982929713,0.0007107981988828849,0.0008430151519014731,0.0011578578092193957,0.0007455911681653703,0.003725082098531128,0.0002419111737632148,0.001905363336293523,0.0013618768575372046,0.000984426377846421,7.147064208473762e-5,0.0008890064004578684,0.0005928532378271846,0.0016454869905639857,0.0014391255734156083,0.0008916807133855795,0.002275375648045628,0.0015749777061764528,0.001076617375442675,0.0007411903457854544,0.0009112811415022417,0.0011341768591305451,-4.707201969184928e-5,0.0008105325594658858,0.0006928439596904967,0.0002419111737632148,0.009248232368800693,0.0009073269783035941,0.0018542706633694276,0.001780231347800402,0.0009137503762872743,0.0009317168186511744,0.0015327663032059366,0.0025309969277759344,0.0019932214466464437,0.002394101898287818,-1.9767425500512607e-5,0.003822405411601876,-0.00014468786491259272,-0.0009503753587113614,0.0015112043732171112,0.00014256470564054645,0.0032843323586971077,0.002638890206139772,0.0018746250443152331,0.001905363336293523,0.0009073269783035941,0.016496036177508968,0.004074607282849741,0.0004773307087411503,0.0025218376964989504,0.0013322898372548062,0.0018459404066952876,0.0023006078363022584,0.0015692185152557721,0.0013653228462392857,0.0011870261380906707,0.0034822556592082046,0.0002569565177412039,-0.000666100484242492,0.0010331020703742023,0.0002435524870783344,0.001603892635955288,0.002091961153079263,0.0029998606717194128,0.0013618768575372046,0.0018542706633694276,0.004074607282849741,0.016662830335170485,0.002416204724659636,0.002242239113086905,0.0011495401922609117,0.0004614262810796819,0.001343947458317047,0.0007215253609940105,0.00025773323788632425,0.001357217991382728,0.0007839305961757606,5.2770995314757504e-5,0.0005758909907138603,0.0004392573292619969,0.0009690360504694968,0.001286565060734551,0.0006658550801514704,4.167237010060411e-6,0.000984426377846421,0.001780231347800402,0.0004773307087411503,0.002416204724659636,0.00789030221872607,0.0005417692499641373,0.0005726437239861521,0.0009178322403423926,0.0005645023424584728,0.0022978569967744863,0.0013019803888582504,0.00033463956218148297,0.0011579637407816822,0.001776580366211167,0.0011213143076176206,0.0014306419696070135,0.0007455446864100563,0.0018073391544154854,0.001064725628974294,0.00040002527885301845,7.147064208473762e-5,0.0009137503762872743,0.0025218376964989504,0.002242239113086905,0.0005417692499641373,0.013660517934282905,0.0008142091386693233,-4.4211399063294726e-5,0.0008675277174068211,0.0007974592189716879,0.0006065624517396665,0.000522092273218626,0.0009351787594186343,0.000533395035104645,-5.923380782856696e-5,0.0002069052452509925,0.0005708365263362883,0.00030219800383394347,0.0010866263480992437,0.00025724881132136427,0.0008890064004578684,0.0009317168186511744,0.0013322898372548062,0.0011495401922609117,0.0005726437239861521,0.0008142091386693233,0.0020147560163687552,0.0007734370949732572,0.0011968395637694028,0.0017669177897056735,0.0005527824284658229,0.002067972023611108,0.002224848137417446,0.0003890758581361075,0.0008591371888806732,0.0006257282330141482,-0.0002678075799299339,0.0011191049266096888,0.0014965263669787453,-0.00031734827209362645,0.0005928532378271846,0.0015327663032059366,0.0018459404066952876,0.0004614262810796819,0.0009178322403423926,-4.4211399063294726e-5,0.0007734370949732572,0.012377467868007018
