0.00730713706830859,0.0007382281053503192,9.233164964267236e-5,0.0005942621944232853,0.0006377977003295089,8.841966922312606e-5,0.0003030107100398092,-1.805344790414949e-5,0.0004220196546582618,6.4822390624470996e-6,-0.0002833587952510415,0.0011017529799451616,0.0002183437737693963,5.887972363964926e-5,0.0013372311434386866,0.000570640708994011,0.00043279434528951423,0.0006807849633523102,0.00042530657998937366,0.00025576683950485684,0.0007382281053503192,0.0053820272224677345,-0.00013629218360963703,0.0004369974040517579,-0.0002731165623724478,2.610029681024714e-5,0.00038134567521604063,0.00045004571203629407,0.00043268272816556505,0.0003383677158955773,-0.000262800500468445,0.00016731451240387742,0.00023979950524280572,0.0005776136263644133,0.0013709720897153548,0.0005990911810938825,8.283178428998753e-5,0.0010982301721342309,0.00042719119794384865,0.00034549693807971486,9.233164964267236e-5,-0.00013629218360963703,0.0035104981119437485,0.00040301013263877776,0.00046194607244625936,9.382696481368646e-5,-0.00031395903075200705,8.554857899327787e-5,0.00016966381183620519,0.0007581690910350839,0.0007827931668844303,0.0002922181073389286,0.0007364060708572569,0.0002608617376770524,0.0006335879236369937,0.0014700436902826545,0.0002791930596086537,-0.0005057961598488561,0.00029561899091747567,0.0001384124372549288,0.0005942621944232853,0.0004369974040517579,0.00040301013263877776,0.004779986490917413,0.0006696963317621751,0.0003610786630318414,0.0003683708320067657,-8.783800589955624e-7,-0.00041257966669678144,0.0008550118430504759,0.0011227739986749818,0.00029155675861423144,9.673262049464816e-5,0.00020995922251201395,9.332189248203476e-6,0.0008114124725557866,9.296352736097119e-5,0.0005161193697058106,0.00045099340011978334,0.0005675743534242009,0.0006377977003295089,-0.0002731165623724478,0.00046194607244625936,0.0006696963317621751,0.007767150466519827,0.0006081872213916212,0.0004095935964075274,0.0005824986085682003,0.0004320111196439941,0.0004520382272995261,0.00020452334152349223,-0.0006084521416197216,0.0005609905104986129,0.0007161960405023616,-0.00031774092948014016,2.2155334028877617e-5,0.00017294281710864947,0.0002981480223730595,0.0006734130048312722,0.0012493764569122994,8.841966922312606e-5,2.610029681024714e-5,9.382696481368646e-5,0.0003610786630318414,0.0006081872213916212,0.0027038441509905477,0.00021130526191836754,0.000482086702108144,0.00015947074130893556,-0.00026982389209069156,7.421074261521456e-5,0.00017182219576268668,0.00012807715090875634,0.00039430171306013845,0.0008713886320284596,-0.0007093947392013065,-0.00012673695328455304,0.00046902349314158285,0.0001306775001567691,0.0012227475197236397,0.0003030107100398092,0.00038134567521604063,-0.00031395903075200705,0.0003683708320067657,0.0004095935964075274,0.00021130526191836754,0.0051293382830167635,0.00011522306474678822,0.0002910825074639346,0.001824738997386662,0.00019134119493322541,4.0402589219078704e-5,-7.867795865740947e-5,0.0005065360660361994,-0.00019670221359804075,-0.0003073105003435128,0.0009212658992012071,0.0008443166972776374,0.0002684569286097736,0.0009434542770144266,-1.805344790414949e-5,0.00045004571203629407,8.554857899327787e-5,-8.783800589955624e-7,0.0005824986085682003,0.000482086702108144,0.00011522306474678822,0.0025230344271577336,0.00041731086979678706,-0.0009756931454981303,-0.0004349774924008129,0.0002907851796334303,8.470978201050933e-5,0.0003644924660260834,0.0008044395129463902,3.0262915017959893e-5,0.0005670827680275791,1.1426235787447606e-5,0.00011858902482805362,0.0006016985534778912,0.0004220196546582618,0.00043268272816556505,0.00016966381183620519,-0.00041257966669678144,0.0004320111196439941,0.00015947074130893556,0.0002910825074639346,0.00041731086979678706,0.002420747735866377,6.856881471397854e-5,-8.859884041699691e-5,0.00010888413322410003,0.00038895788044563816,0.00029587023610625266,0.00017277603214836185,-0.000175766740031175,0.00028320895373900917,0.0003468897214880562,0.0002797860731699875,0.000553705080009152,6.4822390624470996e-6,0.0003383677158955773,0.0007581690910350839,0.0008550118430504759,0.0004520382272995261,-0.00026982389209069156,0.001824738997386662,-0.0009756931454981303,6.856881471397854e-5,0.010119648422907832,0.0018572362829376468,0.0003093717446530071,0.0003417505331869609,0.00018696519392459124,-0.0008788069839767716,0.0014196798045307325,0.00032127662985208266,-0.0003356614311918394,0.00018162808676294695,-0.00030038355624083853,-0.0002833587952510415,-0.000262800500468445,0.0007827931668844303,0.0011227739986749818,0.00020452334152349223,7.421074261521456e-5,0.00019134119493322541,-0.0004349774924008129,-8.859884041699691e-5,0.0018572362829376468,0.01122081241935065,-0.00019619140566437575,0.00011841859201178396,0.00032070438407661144,1.4789159446518041e-5,1.723302372112421e-6,0.0004780999724234645,1.5448148261347296e-5,0.00034496639510186614,1.456620516539698e-5,0.0011017529799451616,0.00016731451240387742,0.0002922181073389286,0.00029155675861423144,-0.0006084521416197216,0.00017182219576268668,4.0402589219078704e-5,0.0002907851796334303,0.00010888413322410003,0.0003093717446530071,-0.00019619140566437575,0.004203392535961901,0.00027489968897535366,0.0007971626847586375,0.0007925092274942297,0.0009023758678058034,0.00011932068936067265,0.0006677216171049609,4.653359755044552e-5,0.00023183452507681814,0.0002183437737693963,0.00023979950524280572,0.0007364060708572569,9.673262049464816e-5,0.0005609905104986129,0.00012807715090875634,-7.867795865740947e-5,8.470978201050933e-5,0.00038895788044563816,0.0003417505331869609,0.00011841859201178396,0.00027489968897535366,0.003177786052558931,0.0004630112843999813,0.0005226574593495717,0.0005215574072693358,0.00018547254219485572,0.00012592477536939163,0.0005416232725214004,0.000748321137770999,5.887972363964926e-5,0.0005776136263644133,0.0002608617376770524,0.00020995922251201395,0.0007161960405023616,0.00039430171306013845,0.0005065360660361994,0.0003644924660260834,0.00029587023610625266,0.00018696519392459124,0.00032070438407661144,0.0007971626847586375,0.0004630112843999813,0.006818388930613646,0.0010406944167878152,0.001032203148459414,0.00043969737291687226,0.0004840546556365192,0.0007847392480960539,0.0003646762442396699,0.0013372311434386866,0.0013709720897153548,0.0006335879236369937,9.332189248203476e-6,-0.00031774092948014016,0.0008713886320284596,-0.00019670221359804075,0.0008044395129463902,0.00017277603214836185,-0.0008788069839767716,1.4789159446518041e-5,0.0007925092274942297,0.0005226574593495717,0.0010406944167878152,0.012133091298458286,0.00024504840717304456,-0.0007359372339426159,3.1115226051950185e-5,0.0005629234176068739,0.0008851733201806239,0.000570640708994011,0.0005990911810938825,0.0014700436902826545,0.0008114124725557866,2.2155334028877617e-5,-0.0007093947392013065,-0.0003073105003435128,3.0262915017959893e-5,-0.000175766740031175,0.0014196798045307325,1.723302372112421e-6,0.0009023758678058034,0.0005215574072693358,0.001032203148459414,0.00024504840717304456,0.013586032156427596,0.0015407746033238058,0.0010076215514331272,0.0004700159619707331,-0.0011979401403828097,0.00043279434528951423,8.283178428998753e-5,0.0002791930596086537,9.296352736097119e-5,0.00017294281710864947,-0.00012673695328455304,0.0009212658992012071,0.0005670827680275791,0.00028320895373900917,0.00032127662985208266,0.0004780999724234645,0.00011932068936067265,0.00018547254219485572,0.00043969737291687226,-0.0007359372339426159,0.0015407746033238058,0.006469600361222286,0.0002638497987186555,0.00013527794380398513,-6.696883433220447e-6,0.0006807849633523102,0.0010982301721342309,-0.0005057961598488561,0.0005161193697058106,0.0002981480223730595,0.00046902349314158285,0.0008443166972776374,1.1426235787447606e-5,0.0003468897214880562,-0.0003356614311918394,1.5448148261347296e-5,0.0006677216171049609,0.00012592477536939163,0.0004840546556365192,3.1115226051950185e-5,0.0010076215514331272,0.0002638497987186555,0.008120613742061144,0.00033158601369028147,0.0005348443423571678,0.00042530657998937366,0.00042719119794384865,0.00029561899091747567,0.00045099340011978334,0.0006734130048312722,0.0001306775001567691,0.0002684569286097736,0.00011858902482805362,0.0002797860731699875,0.00018162808676294695,0.00034496639510186614,4.653359755044552e-5,0.0005416232725214004,0.0007847392480960539,0.0005629234176068739,0.0004700159619707331,0.00013527794380398513,0.00033158601369028147,0.001752172140769459,0.0006826686225711168,0.00025576683950485684,0.00034549693807971486,0.0001384124372549288,0.0005675743534242009,0.0012493764569122994,0.0012227475197236397,0.0009434542770144266,0.0006016985534778912,0.000553705080009152,-0.00030038355624083853,1.456620516539698e-5,0.00023183452507681814,0.000748321137770999,0.0003646762442396699,0.0008851733201806239,-0.0011979401403828097,-6.696883433220447e-6,0.0005348443423571678,0.0006826686225711168,0.009224961378352898
