0.07758070875542603,-0.001958031953706695,0.004535246190760781,0.0051571741236827945,0.018751162346847542,0.019756505291214983,0.006721653303748826,0.0014176403374597545,0.023665879037580786,-4.767379630947981e-5,0.012327079227574964,-0.005314639361170352,0.004722115781902635,0.01633758660769921,0.010190211588983027,0.004492950236939984,0.01268186344725665,0.012404461756753766,0.0029673376349567643,0.006114115399577602,-0.001958031953706695,0.001543231086472997,0.0003354870652956248,0.0003928483242171348,-0.0009725912615515576,-0.0007866335175848358,0.00034455869221466776,-8.95991164141983e-5,-0.0015112216305187773,0.00036294688508186083,-0.00048617430121238926,0.0008882265398569376,-0.0003907111971210146,-0.002530444397687277,-0.00021462791201329426,0.0001777335889821301,-0.00034503364323577054,-0.0003679459310193963,-0.00021856656059472516,-0.0007622448503444743,0.004535246190760781,0.0003354870652956248,0.0208072183633701,0.001051872005053025,0.0018198181309536194,0.006960269179031595,0.001203653228826855,0.0022186165906736633,0.00298259551503507,0.001157229938536224,0.007466128752816966,0.0006230540280824366,2.440445980271676e-5,0.00623093681463717,0.006190893157130965,0.0004042264253367791,0.0029053421170372306,0.0027934586682370286,-0.00020600601552113652,0.0036681634541472327,0.0051571741236827945,0.0003928483242171348,0.001051872005053025,0.008515192521607364,0.0035676668243675835,0.0010367152972438768,3.651699794679469e-5,-0.00029864329811636484,-0.00021153561682311494,-0.00019817492375489285,-0.0014379995166529094,-0.0020673850272121294,-0.00013386531605501437,-0.004075195531874571,0.0031950876620921104,-0.0003150638691368798,0.0011103056595974086,0.00015841713272593213,0.0006132346843553882,-0.0021075481650391324,0.018751162346847542,-0.0009725912615515576,0.0018198181309536194,0.0035676668243675835,0.02990555505018501,0.009148652930815484,0.0024460522417505135,-0.0005017218563932639,0.011586021627493306,0.0013559110353429356,0.006803702249135608,0.0006569758888711938,0.0007323961687159746,0.003146853416096233,0.009202166047491016,0.0023622609688877584,0.004482138639087461,0.0021767116314188387,0.002306748448773826,0.0021169908518423233,0.019756505291214983,-0.0007866335175848358,0.006960269179031595,0.0010367152972438768,0.009148652930815484,0.02871781212231047,0.0015407433576285203,0.0008843081306469192,0.010469819600426698,0.0021191487019482785,0.006303527118782152,-0.00010039576229240883,0.0004748734148330352,0.004610790601684463,0.011099157474616744,0.001046544167477048,0.009210611318833745,0.007032798887672866,-0.0011611712880232393,0.0024255244335198278,0.006721653303748826,0.00034455869221466776,0.001203653228826855,3.651699794679469e-5,0.0024460522417505135,0.0015407433576285203,0.004907845542247973,0.0007322959707431341,0.005125355643625139,-9.978329322427878e-5,0.0034073035216579707,0.002463074346123098,0.00027033038907170275,0.00428683405808932,-0.0017883875025283347,0.0017497970420026977,0.0042562113115069584,0.004505381778921899,0.0012362813363265201,0.002038870390832629,0.0014176403374597545,-8.95991164141983e-5,0.0022186165906736633,-0.00029864329811636484,-0.0005017218563932639,0.0008843081306469192,0.0007322959707431341,0.001945333809714706,0.001830537210491279,0.00034582197492885266,0.0020520926148909773,0.0023719613179413925,0.0008563620880295809,0.00674769568123552,0.0008329127448212442,0.0004602175595569268,0.000959117736616574,0.0026068280930026753,0.0005438255084711594,0.0029949278206813667,0.023665879037580786,-0.0015112216305187773,0.00298259551503507,-0.00021153561682311494,0.011586021627493306,0.010469819600426698,0.005125355643625139,0.001830537210491279,0.03033658105483865,0.0007542303280331719,0.00940915361114869,0.004081835643593315,0.0015311665783069683,0.015374499290366786,0.006004755035908794,0.003780526084156444,0.00778294168725799,0.011906184799302336,0.00323356057446741,0.010563372681640515,-4.767379630947981e-5,0.00036294688508186083,0.001157229938536224,-0.00019817492375489285,0.0013559110353429356,0.0021191487019482785,-9.978329322427878e-5,0.00034582197492885266,0.0007542303280331719,0.0033724283258643874,0.00028801980772721566,0.0021741870793046065,0.0005503819022337462,0.0025114524787672506,0.002478007731015707,0.0002523731146009022,0.0012510892573135786,0.0007821219938022078,0.0008027712641118382,-0.00037950373351169594,0.012327079227574964,-0.00048617430121238926,0.007466128752816966,-0.0014379995166529094,0.006803702249135608,0.006303527118782152,0.0034073035216579707,0.0020520926148909773,0.00940915361114869,0.00028801980772721566,0.03706348157952792,-3.0579950095104045e-5,0.0031969120198149688,0.010243954951883686,0.01071053231526228,0.00228619114564741,0.004489887511341521,0.00818943554536436,0.0016224820695245183,0.016213874754788096,-0.005314639361170352,0.0008882265398569376,0.0006230540280824366,-0.0020673850272121294,0.0006569758888711938,-0.00010039576229240883,0.002463074346123098,0.0023719613179413925,0.004081835643593315,0.0021741870793046065,-3.0579950095104045e-5,0.016910965590182944,0.000847237356368437,0.010584081303476845,-0.0025805282427530923,0.0023992387332228944,0.005667656045616204,0.005160590537844484,0.001015574803672935,0.0005717734626301641,0.004722115781902635,-0.0003907111971210146,2.440445980271676e-5,-0.00013386531605501437,0.0007323961687159746,0.0004748734148330352,0.00027033038907170275,0.0008563620880295809,0.0015311665783069683,0.0005503819022337462,0.0031969120198149688,0.000847237356368437,0.0051785730262483036,0.00848157832294765,0.0031842888684931554,-2.263382207318457e-5,0.002670570042722933,0.003189930472506274,0.0019089404822149037,0.0071618954550884874,0.01633758660769921,-0.002530444397687277,0.00623093681463717,-0.004075195531874571,0.003146853416096233,0.004610790601684463,0.00428683405808932,0.00674769568123552,0.015374499290366786,0.0025114524787672506,0.010243954951883686,0.010584081303476845,0.00848157832294765,0.05749361228873352,0.006616685765914381,0.0022259258175374498,0.0058790667312967676,0.015239423620996864,0.006626619216084007,0.021747818371917582,0.010190211588983027,-0.00021462791201329426,0.006190893157130965,0.0031950876620921104,0.009202166047491016,0.011099157474616744,-0.0017883875025283347,0.0008329127448212442,0.006004755035908794,0.002478007731015707,0.01071053231526228,-0.0025805282427530923,0.0031842888684931554,0.006616685765914381,0.029752258373642457,0.00017645212451417082,0.0009081460004538701,0.005452010031183281,0.001082727589483968,0.013517795008335092,0.004492950236939984,0.0001777335889821301,0.0004042264253367791,-0.0003150638691368798,0.0023622609688877584,0.001046544167477048,0.0017497970420026977,0.0004602175595569268,0.003780526084156444,0.0002523731146009022,0.00228619114564741,0.0023992387332228944,-2.263382207318457e-5,0.0022259258175374498,0.00017645212451417082,0.002330114786229629,0.0026040587986491484,0.002319664129236298,0.00079554571876148,-0.00048576746162825007,0.01268186344725665,-0.00034503364323577054,0.0029053421170372306,0.0011103056595974086,0.004482138639087461,0.009210611318833745,0.0042562113115069584,0.000959117736616574,0.00778294168725799,0.0012510892573135786,0.004489887511341521,0.005667656045616204,0.002670570042722933,0.0058790667312967676,0.0009081460004538701,0.0026040587986491484,0.021712615676798216,0.007622127176462327,0.0008514783953066105,0.004618841626280665,0.012404461756753766,-0.0003679459310193963,0.0027934586682370286,0.00015841713272593213,0.0021767116314188387,0.007032798887672866,0.004505381778921899,0.0026068280930026753,0.011906184799302336,0.0007821219938022078,0.00818943554536436,0.005160590537844484,0.003189930472506274,0.015239423620996864,0.005452010031183281,0.002319664129236298,0.007622127176462327,0.023449066383126927,0.0026178800097275854,0.011723354975008695,0.0029673376349567643,-0.00021856656059472516,-0.00020600601552113652,0.0006132346843553882,0.002306748448773826,-0.0011611712880232393,0.0012362813363265201,0.0005438255084711594,0.00323356057446741,0.0008027712641118382,0.0016224820695245183,0.001015574803672935,0.0019089404822149037,0.006626619216084007,0.001082727589483968,0.00079554571876148,0.0008514783953066105,0.0026178800097275854,0.007041957810885287,0.003936377760015108,0.006114115399577602,-0.0007622448503444743,0.0036681634541472327,-0.0021075481650391324,0.0021169908518423233,0.0024255244335198278,0.002038870390832629,0.0029949278206813667,0.010563372681640515,-0.00037950373351169594,0.016213874754788096,0.0005717734626301641,0.0071618954550884874,0.021747818371917582,0.013517795008335092,-0.00048576746162825007,0.004618841626280665,0.011723354975008695,0.003936377760015108,0.050002853880234246
0.13792737839450092,0.010591587892769268,0.03268386245463099,0.01235338877984632,-0.0076733271020852185,0.04564076797474367,0.013299745895708657,0.0102173752519376,0.04404459044042383,0.01984882513797681,0.07526437735126837,0.016911737549156418,0.01939783050528871,0.032097073824959854,0.04393137051253082,0.00757819302401997,0.029572729950925556,0.05157396468697045,0.03162524035206231,0.04474424460507731,0.010591587892769268,0.00397826435912556,0.001063357471197179,0.003045652449697578,0.004633210718686344,0.005634094927838349,0.0019683877154502167,0.0008677717919064157,0.007554933025731856,0.003707512684689684,0.009704064782981577,0.0027934785514861175,0.003613564110574265,0.005172355750594822,0.008064133086587481,0.0016779879973064132,0.006904506440510376,0.007165510001991333,0.0037075620876749925,0.0052951611246132325,0.03268386245463099,0.001063357471197179,0.037341824435924334,0.006721636637932462,0.00988608252495643,0.019645346193332167,0.001106632040091646,0.0040142317906221876,0.011799262238474939,0.00544603455505367,0.021787668182130016,0.0029757194611387703,0.00644399424265145,0.010861108318657492,0.013167323207817598,0.0005388050545283815,0.008927083074227543,0.012722515946468178,0.013299917620995694,0.007796809735386839,0.01235338877984632,0.003045652449697578,0.006721636637932462,0.00966046192890823,0.003753339252749403,0.009034454136878095,0.0015240450274423773,0.0014693141754386066,0.0059223936340333395,0.004546394490100964,0.011926644775490504,0.0013630978225632488,0.003915624429244334,0.007803894870581838,0.006688729858199254,0.0031087168425354937,0.007332374206583819,0.008667979624944758,0.005926014348931119,0.006538364300310226,-0.0076733271020852185,0.004633210718686344,0.00988608252495643,0.003753339252749403,0.04692741400172477,0.004648914047710497,0.0009857034254498113,0.0008251472895579863,0.008594335649493063,0.0037769632365919547,0.011970606279029782,0.008268514461532206,0.008097860426193353,0.0004148390372558233,0.00965020251549295,-0.001502975348988812,0.007373805410137225,0.006524031912164405,0.004866625940272812,-0.00034368650901710896,0.04564076797474367,0.005634094927838349,0.019645346193332167,0.009034454136878095,0.004648914047710497,0.046578164250139276,0.006159748622209015,0.004720850400585085,0.019473415327172564,0.010248580992072386,0.03600110938713036,0.006386750411991144,0.011036400731932135,0.021846734012103027,0.01867708094615255,0.005133316917765607,0.015902268528228694,0.01772694704380559,0.015202012963539265,0.02419130639358045,0.013299745895708657,0.0019683877154502167,0.001106632040091646,0.0015240450274423773,0.0009857034254498113,0.006159748622209015,0.006023750215887239,0.001517468764810501,0.005648210811603367,0.0029603333976103803,0.011709594337842227,0.0050443599957318164,0.0020609387038270596,0.004161878004834177,0.007335799942524859,0.0013157915396695813,0.0032668892868047425,0.005380954995277989,0.0027613325466129537,0.008146725276834896,0.0102173752519376,0.0008677717919064157,0.0040142317906221876,0.0014693141754386066,0.0008251472895579863,0.004720850400585085,0.001517468764810501,0.002230066018078701,0.004094466397848772,0.002010820951452979,0.007362957009447927,0.0014579367424191764,0.0015660393948168298,0.0011552032465313854,0.003895716128541864,0.0005200582481281939,0.00316435039662227,0.006275912578604946,0.002749532452180111,0.0047174168586364895,0.04404459044042383,0.007554933025731856,0.011799262238474939,0.0059223936340333395,0.008594335649493063,0.019473415327172564,0.005648210811603367,0.004094466397848772,0.04011871399787112,0.008396003011190398,0.032470413352078314,0.009422158260026015,0.010547967652288118,0.01603661236991582,0.025341903400953044,0.00226603132504892,0.014998906612608403,0.018909089599547457,0.01319513082246989,0.011078779267180226,0.01984882513797681,0.003707512684689684,0.00544603455505367,0.004546394490100964,0.0037769632365919547,0.010248580992072386,0.0029603333976103803,0.002010820951452979,0.008396003011190398,0.008057401728420642,0.015539888893299016,0.0035798111160609773,0.0043727011163793034,0.0063007920497112875,0.010419307978855841,0.002676711239940565,0.010343411662117968,0.012166258799976924,0.006331542058972536,0.010703980161939974,0.07526437735126837,0.009704064782981577,0.021787668182130016,0.011926644775490504,0.011970606279029782,0.03600110938713036,0.011709594337842227,0.007362957009447927,0.032470413352078314,0.015539888893299016,0.07710591603990277,0.016264233762304382,0.015334397992596633,0.023171934310740362,0.03278207168868169,0.005040507585731543,0.021297758732690138,0.035870644399703513,0.022649681112355245,0.030911825804765584,0.016911737549156418,0.0027934785514861175,0.0029757194611387703,0.0013630978225632488,0.008268514461532206,0.006386750411991144,0.0050443599957318164,0.0014579367424191764,0.009422158260026015,0.0035798111160609773,0.016264233762304382,0.015712316106815158,0.005187340181876874,0.002641045640499975,0.011763181433080904,-0.0003176985064171755,0.004903215928694489,0.009865973246979777,0.004141917451760747,0.006227244068390094,0.01939783050528871,0.003613564110574265,0.00644399424265145,0.003915624429244334,0.008097860426193353,0.011036400731932135,0.0020609387038270596,0.0015660393948168298,0.010547967652288118,0.0043727011163793034,0.015334397992596633,0.005187340181876874,0.008182084290293455,0.007296912901222764,0.010881008350230117,0.0013989189936265485,0.006929420840481539,0.009746122645708882,0.006482987989427211,0.005876925061278735,0.032097073824959854,0.005172355750594822,0.010861108318657492,0.007803894870581838,0.0004148390372558233,0.021846734012103027,0.004161878004834177,0.0011552032465313854,0.01603661236991582,0.0063007920497112875,0.023171934310740362,0.002641045640499975,0.007296912901222764,0.03708868480303493,0.015023596263308209,0.005284254893135787,0.011370308201693826,0.00686532773821689,0.01098106927012919,0.009458234906436675,0.04393137051253082,0.008064133086587481,0.013167323207817598,0.006688729858199254,0.00965020251549295,0.01867708094615255,0.007335799942524859,0.003895716128541864,0.025341903400953044,0.010419307978855841,0.03278207168868169,0.011763181433080904,0.010881008350230117,0.015023596263308209,0.038521118722290894,0.002550431350849775,0.018832369910451074,0.023087162180561775,0.014926996206001075,0.012322465210015704,0.00757819302401997,0.0016779879973064132,0.0005388050545283815,0.0031087168425354937,-0.001502975348988812,0.005133316917765607,0.0013157915396695813,0.0005200582481281939,0.00226603132504892,0.002676711239940565,0.005040507585731543,-0.0003176985064171755,0.0013989189936265485,0.005284254893135787,0.002550431350849775,0.0032345074427221504,0.0036119290061265826,0.0029468462831340244,0.00159891788921102,0.004969775507902309,0.029572729950925556,0.006904506440510376,0.008927083074227543,0.007332374206583819,0.007373805410137225,0.015902268528228694,0.0032668892868047425,0.00316435039662227,0.014998906612608403,0.010343411662117968,0.021297758732690138,0.004903215928694489,0.006929420840481539,0.011370308201693826,0.018832369910451074,0.0036119290061265826,0.030804832173524626,0.024060447949972454,0.011770599935390183,0.015142753981166693,0.05157396468697045,0.007165510001991333,0.012722515946468178,0.008667979624944758,0.006524031912164405,0.01772694704380559,0.005380954995277989,0.006275912578604946,0.018909089599547457,0.012166258799976924,0.035870644399703513,0.009865973246979777,0.009746122645708882,0.00686532773821689,0.023087162180561775,0.0029468462831340244,0.024060447949972454,0.04618342196369893,0.016138252876398612,0.02065248729709699,0.03162524035206231,0.0037075620876749925,0.013299917620995694,0.005926014348931119,0.004866625940272812,0.015202012963539265,0.0027613325466129537,0.002749532452180111,0.01319513082246989,0.006331542058972536,0.022649681112355245,0.004141917451760747,0.006482987989427211,0.01098106927012919,0.014926996206001075,0.00159891788921102,0.011770599935390183,0.016138252876398612,0.014698844545614596,0.010458968965521726,0.04474424460507731,0.0052951611246132325,0.007796809735386839,0.006538364300310226,-0.00034368650901710896,0.02419130639358045,0.008146725276834896,0.0047174168586364895,0.011078779267180226,0.010703980161939974,0.030911825804765584,0.006227244068390094,0.005876925061278735,0.009458234906436675,0.012322465210015704,0.004969775507902309,0.015142753981166693,0.02065248729709699,0.010458968965521726,0.0513827662779963
0.042201690905051055,0.0037118236168889353,0.0020545940607215,0.006218494351465105,0.004833027060634697,0.002075488651092026,0.0006916052884564259,0.0005774824271100541,0.0048312706068918045,-0.00015458768924400668,0.012882630824506388,0.000795693008010107,-0.002009335320044621,0.009464603139739722,0.0002876722169413089,-0.002034858759748592,0.0058386083189110385,0.0032721050616887097,0.0031740525298824237,-0.007404045855798489,0.0037118236168889353,0.00252856749585985,0.0006727866961806158,0.0003127657220703665,0.002659727430923672,0.0010773956535093854,0.00030503831200822903,-0.0004509191309449232,0.0026048259849712043,-0.0005869106751633904,0.0016698354977190632,-0.0004592920119207049,-0.0004445615778701919,0.0032930195561067677,-0.00018037237245515451,-0.0009628559868615071,0.0023999947767375483,0.0008818415185693238,0.00040219486722530316,-0.0022237251539855268,0.0020545940607215,0.0006727866961806158,0.018389200021629304,0.002747258086188929,0.0033188205195758226,-0.0005417935341112784,0.001387981742064928,-0.0014193131585686833,0.008208212974463086,0.0009166786656014391,0.008359821197888175,-0.00020639388116262415,0.0008929868672603429,0.003544849323722717,-0.005348705489448801,-0.0005409839238337357,0.000888309397094196,0.005308491766571475,-0.0002105377935292889,0.003005959895638082,0.006218494351465105,0.0003127657220703665,0.002747258086188929,0.008711645174917735,0.0006643491883535349,0.002266057493764038,0.001100885426558592,-0.0007028264353612784,0.004575619398987367,-0.0006790481592566561,0.0033907116456599667,0.0017558032378907375,0.0006354275303982364,0.0010445181045175367,4.743719768915645e-5,0.00043791652954767475,0.0003763472783152649,0.001513401435298419,0.0009431503563772358,0.0007429373838156496,0.004833027060634697,0.002659727430923672,0.0033188205195758226,0.0006643491883535349,0.03186425284564683,0.0018613431257641635,-0.000516440930819649,-0.001296336124430548,0.005684250134967964,-0.001503933869775776,0.007707345459929583,0.0039583209219387515,-0.0013703089720825973,0.009050473417977281,0.006089479137354864,-0.0011288907094868653,0.004850518926511359,0.0025059481853009994,-0.0017094425512003695,0.004930444275684837,0.002075488651092026,0.0010773956535093854,-0.0005417935341112784,0.002266057493764038,0.0018613431257641635,0.028597990247441585,0.004792525653660722,-0.0002645109950595044,0.003421207494194469,0.0007475926821645722,0.002842632624727999,-0.00017104240480030628,0.0012297594662000863,0.004246057860294446,-0.0025279742561016127,0.0027862984157265578,-0.0024399528167810725,-0.002386464607842735,0.005083974392735046,0.005315114204948014,0.0006916052884564259,0.00030503831200822903,0.001387981742064928,0.001100885426558592,-0.000516440930819649,0.004792525653660722,0.004167497822275484,-8.42830876746956e-5,0.0017241706505232515,0.000883311777737302,0.0004186392448757789,-0.0010269743745036249,0.0006650587353248469,0.0015590855707131078,-0.0007619561878212018,0.0008698408208096371,0.00014289885519451858,0.0009737322203302911,0.001791083884672335,0.00034946343994053024,0.0005774824271100541,-0.0004509191309449232,-0.0014193131585686833,-0.0007028264353612784,-0.001296336124430548,-0.0002645109950595044,-8.42830876746956e-5,0.0014213480137245669,-0.0018517006188484694,0.0002521015153451818,-0.0006081116045379923,0.00015115401449436735,5.062178128758898e-5,-0.0006592512037923593,-4.573946582448507e-5,0.0003710059677996116,-3.87950684417673e-5,-0.0006932698380945954,0.0008429308285187199,0.0006263790339545504,0.0048312706068918045,0.0026048259849712043,0.008208212974463086,0.004575619398987367,0.005684250134967964,0.003421207494194469,0.0017241706505232515,-0.0018517006188484694,0.026141416572499247,-0.0001038526242291647,0.008813053704528298,0.0004003010396490381,0.0009727974348724578,0.0061463988463197295,-0.005825432811935769,-0.0021244983187514136,0.004334707905487709,0.004864441651236848,0.000613299122111628,-0.0013133090385958556,-0.00015458768924400668,-0.0005869106751633904,0.0009166786656014391,-0.0006790481592566561,-0.001503933869775776,0.0007475926821645722,0.000883311777737302,0.0002521015153451818,-0.0001038526242291647,0.0041737498750498425,0.002475259455266786,-0.0013518976711993824,0.0003650292939115286,0.0009810663233844076,-0.002542640789364498,0.00039779072364200165,0.0002548501922889641,0.0006915898090128619,3.558087478542652e-5,-4.985849400756678e-5,0.012882630824506388,0.0016698354977190632,0.008359821197888175,0.0033907116456599667,0.007707345459929583,0.002842632624727999,0.0004186392448757789,-0.0006081116045379923,0.008813053704528298,0.002475259455266786,0.040492148731778255,0.0051511532427370044,0.00022298198338349852,0.005493822413717278,-0.0038889182290771083,-0.00020357377586797097,0.003827066151177141,0.00539658935227309,-0.0016912508631109244,0.0030518206154713343,0.000795693008010107,-0.0004592920119207049,-0.00020639388116262415,0.0017558032378907375,0.0039583209219387515,-0.00017104240480030628,-0.0010269743745036249,0.00015115401449436735,0.0004003010396490381,-0.0013518976711993824,0.0051511532427370044,0.015015213098180585,0.002070203024691378,-0.0035101870632388834,0.004475612972477295,0.0006432461785325688,-0.0015617159812724316,0.0003552414041781398,-0.0032402144349606356,0.00765556968946466,-0.002009335320044621,-0.0004445615778701919,0.0008929868672603429,0.0006354275303982364,-0.0013703089720825973,0.0012297594662000863,0.0006650587353248469,5.062178128758898e-5,0.0009727974348724578,0.0003650292939115286,0.00022298198338349852,0.002070203024691378,0.003619583637989638,-0.0020258263597854255,-0.00022791410432816843,0.0009886447114909411,-0.0008522332355070136,0.0004619930710200292,-0.00017718211926893925,0.0015833827015414525,0.009464603139739722,0.0032930195561067677,0.003544849323722717,0.0010445181045175367,0.009050473417977281,0.004246057860294446,0.0015590855707131078,-0.0006592512037923593,0.0061463988463197295,0.0009810663233844076,0.005493822413717278,-0.0035101870632388834,-0.0020258263597854255,0.03051614049295517,0.000754140746895232,-0.0014299338835182152,0.008309338450039616,0.002538413938802838,0.000999427290709788,-0.007299544097548752,0.0002876722169413089,-0.00018037237245515451,-0.005348705489448801,4.743719768915645e-5,0.006089479137354864,-0.0025279742561016127,-0.0007619561878212018,-4.573946582448507e-5,-0.005825432811935769,-0.002542640789364498,-0.0038889182290771083,0.004475612972477295,-0.00022791410432816843,0.000754140746895232,0.019925071532198954,0.0005861570563158423,0.003543925293753431,0.0014961229463279035,-0.0030440547620330305,0.0026810734050017257,-0.002034858759748592,-0.0009628559868615071,-0.0005409839238337357,0.00043791652954767475,-0.0011288907094868653,0.0027862984157265578,0.0008698408208096371,0.0003710059677996116,-0.0021244983187514136,0.00039779072364200165,-0.00020357377586797097,0.0006432461785325688,0.0009886447114909411,-0.0014299338835182152,0.0005861570563158423,0.0029038948658505754,-0.001969120394267972,-0.0013655436518014844,0.0013328221035918083,0.00414983960795532,0.0058386083189110385,0.0023999947767375483,0.000888309397094196,0.0003763472783152649,0.004850518926511359,-0.0024399528167810725,0.00014289885519451858,-3.87950684417673e-5,0.004334707905487709,0.0002548501922889641,0.003827066151177141,-0.0015617159812724316,-0.0008522332355070136,0.008309338450039616,0.003543925293753431,-0.001969120394267972,0.019684553788935466,0.008440405919067204,-0.0022451558490724994,-0.005119554587652179,0.0032721050616887097,0.0008818415185693238,0.005308491766571475,0.001513401435298419,0.0025059481853009994,-0.002386464607842735,0.0009737322203302911,-0.0006932698380945954,0.004864441651236848,0.0006915898090128619,0.00539658935227309,0.0003552414041781398,0.0004619930710200292,0.002538413938802838,0.0014961229463279035,-0.0013655436518014844,0.008440405919067204,0.022760491997936665,-0.0034929050614192145,-0.003868145501398387,0.0031740525298824237,0.00040219486722530316,-0.0002105377935292889,0.0009431503563772358,-0.0017094425512003695,0.005083974392735046,0.001791083884672335,0.0008429308285187199,0.000613299122111628,3.558087478542652e-5,-0.0016912508631109244,-0.0032402144349606356,-0.00017718211926893925,0.000999427290709788,-0.0030440547620330305,0.0013328221035918083,-0.0022451558490724994,-0.0034929050614192145,0.007787156643588341,-0.00043001120037917126,-0.007404045855798489,-0.0022237251539855268,0.003005959895638082,0.0007429373838156496,0.004930444275684837,0.005315114204948014,0.00034946343994053024,0.0006263790339545504,-0.0013133090385958556,-4.985849400756678e-5,0.0030518206154713343,0.00765556968946466,0.0015833827015414525,-0.007299544097548752,0.0026810734050017257,0.00414983960795532,-0.005119554587652179,-0.003868145501398387,-0.00043001120037917126,0.037325222392296804
