0.09294728375278449,0.0012850561402940276,0.014048314307483434,-0.006878738792488206,0.0007636234316698992,0.005426907596017581,0.013620803034324874,0.009770121078510647,0.044734361558854456,0.0011276975004419828,0.025949999971900194,0.006635611637367953,0.00656551626597551,-0.013179587188369106,0.004366220100966454,-0.0007095812931653825,-0.008082835916270856,0.024121182332715933,0.011444279382400366,0.019140438596476163,0.0012850561402940276,0.00339978409342793,-0.002105026973593932,-0.0009341738541364766,-0.004201399729872456,0.003387398918186715,-2.0753813310538623e-5,-0.0011200247396292338,-0.0023357268584143975,-0.0019952585878739524,-0.00166553843220014,-0.0011243840147779334,0.0008306272264004366,0.0010468671292253042,-0.0005197688899204558,0.00023628826558407093,0.004090777408955363,-0.0010482556903120244,-0.0006967070381590993,-0.0007441783200900359,0.014048314307483434,-0.002105026973593932,0.027999448827577933,0.005110316159058556,0.0012987873661666918,0.003910975159861631,0.0025439525730851435,0.005057895674425678,0.017281072709467986,0.006709621466839824,0.009628346331691108,0.00275841604491563,0.002823013569771794,0.011861477542662164,0.008542109727678835,0.000279063239326315,0.004098231449707421,0.00840524081451101,0.00553515946743454,0.015659826606249167,-0.006878738792488206,-0.0009341738541364766,0.005110316159058556,0.01216172848428104,0.00943143485951129,0.0009093486780209876,-0.001331285764148152,0.0006162179823528406,-0.005302176598985225,0.00398900292567827,0.008638901398428548,0.004406965936804672,-0.0008626426291402393,0.011547885075063375,0.005960512151877231,-0.00013784202834195882,0.0007630738003625338,-0.0036659499770431707,0.0048429281773576215,-0.0013585226726123617,0.0007636234316698992,-0.004201399729872456,0.0012987873661666918,0.00943143485951129,0.05835918102670528,0.0006549313395797039,0.004260876580303852,0.0020767768970433595,0.0009173633940530897,0.002542458210668854,0.036124985370959595,0.012913429996444658,-0.002895000191659413,-0.0005983000786079083,0.005737881970240242,-0.00023988387520430105,-0.01655588052906721,-0.007564194292945307,0.012070305601101547,-0.0080366415801696,0.005426907596017581,0.003387398918186715,0.003910975159861631,0.0009093486780209876,0.0006549313395797039,0.024201673665220788,0.0020914385572581295,0.001601237157200142,0.0035042804437558483,-0.0005486578308250726,0.0014341467912351025,0.0013981867257626761,0.0026169352101059447,0.0025439318335283936,0.0005989285649747656,0.0003583604486671224,0.005823043916810558,0.002718533121451373,0.002564935565005572,0.004106510430588293,0.013620803034324874,-2.0753813310538623e-5,0.0025439525730851435,-0.001331285764148152,0.004260876580303852,0.0020914385572581295,0.005822755594696817,0.002729904712737317,0.010200317478140715,0.00042132272654692886,0.0059034700881126605,0.002343264845043957,0.001411042641267441,-0.0031341461423776322,-0.0007395372929744556,0.0004793548750617934,-0.0015822831898465255,0.004626179677171358,0.0016232197564716774,0.004869753000469655,0.009770121078510647,-0.0011200247396292338,0.005057895674425678,0.0006162179823528406,0.0020767768970433595,0.001601237157200142,0.002729904712737317,0.0038594071155029185,0.01028724109330021,0.0018072019225851492,0.0034451843763598014,0.0017631861377535205,0.0018720429841625446,-0.000429420082875728,0.0008912040678289088,0.00011628904509887125,-0.001793849718626578,0.00506919271682075,0.0021653895066591653,0.006326919979265488,0.044734361558854456,-0.0023357268584143975,0.017281072709467986,-0.005302176598985225,0.0009173633940530897,0.0035042804437558483,0.010200317478140715,0.01028724109330021,0.05789183019600842,0.002963991694843697,0.01527854257675309,0.00382110332190997,0.008057905344328334,-0.007215334940020686,0.003813021834264631,0.0006188323905413433,-0.004377460348277693,0.024137441083570153,0.005849157310523532,0.026620554342914424,0.0011276975004419828,-0.0019952585878739524,0.006709621466839824,0.00398900292567827,0.002542458210668854,-0.0005486578308250726,0.00042132272654692886,0.0018072019225851492,0.002963991694843697,0.008065590324880773,-0.000348053709212571,0.003512773701854327,0.0015295953970257555,0.008543276052990725,0.006642646042886873,0.0010373301046790293,0.005449019286119859,0.0050765751587286585,0.002776392611076338,0.005275991871817022,0.025949999971900194,-0.00166553843220014,0.009628346331691108,0.008638901398428548,0.036124985370959595,0.0014341467912351025,0.0059034700881126605,0.0034451843763598014,0.01527854257675309,-0.000348053709212571,0.06903034685505063,0.01085178424603813,-0.0015493686413415053,0.003482579622477574,0.006961864151134847,-0.0008417605115045058,-0.018202759357778493,-0.0038024050746869355,0.013362532996890442,0.006321521742798674,0.006635611637367953,-0.0011243840147779334,0.00275841604491563,0.004406965936804672,0.012913429996444658,0.0013981867257626761,0.002343264845043957,0.0017631861377535205,0.00382110332190997,0.003512773701854327,0.01085178424603813,0.01708368988700629,0.001412639851671511,0.004956953358301,0.011678888706090969,0.00017731660040209703,0.00039783802550951705,0.004543968597512386,0.0045707764205388975,0.0015438950481576749,0.00656551626597551,0.0008306272264004366,0.002823013569771794,-0.0008626426291402393,-0.002895000191659413,0.0026169352101059447,0.001411042641267441,0.0018720429841625446,0.008057905344328334,0.0015295953970257555,-0.0015493686413415053,0.001412639851671511,0.005747767291022384,0.0010407052265598601,0.004224865604688061,0.0006231170643242938,0.0033562824776492304,0.006998934829625551,0.0004124068718620202,0.006970390257149161,-0.013179587188369106,0.0010468671292253042,0.011861477542662164,0.011547885075063375,-0.0005983000786079083,0.0025439318335283936,-0.0031341461423776322,-0.000429420082875728,-0.007215334940020686,0.008543276052990725,0.003482579622477574,0.004956953358301,0.0010407052265598601,0.042963033470056616,0.016722528282718217,0.0017291981001574925,0.014525434303888677,0.0015502449387231909,0.0036926148173800633,0.006722853386147302,0.004366220100966454,-0.0005197688899204558,0.008542109727678835,0.005960512151877231,0.005737881970240242,0.0005989285649747656,-0.0007395372929744556,0.0008912040678289088,0.003813021834264631,0.006642646042886873,0.006961864151134847,0.011678888706090969,0.004224865604688061,0.016722528282718217,0.032776304740556955,0.0011799737913646899,0.004071698628380158,0.011366378447809626,0.005409605004705484,0.003633495934024407,-0.0007095812931653825,0.00023628826558407093,0.000279063239326315,-0.00013784202834195882,-0.00023988387520430105,0.0003583604486671224,0.0004793548750617934,0.00011628904509887125,0.0006188323905413433,0.0010373301046790293,-0.0008417605115045058,0.00017731660040209703,0.0006231170643242938,0.0017291981001574925,0.0011799737913646899,0.0019328272510937476,0.003075112742145619,0.0025732324113181514,-0.0011009939681015778,0.002539072293977686,-0.008082835916270856,0.004090777408955363,0.004098231449707421,0.0007630738003625338,-0.01655588052906721,0.005823043916810558,-0.0015822831898465255,-0.001793849718626578,-0.004377460348277693,0.005449019286119859,-0.018202759357778493,0.00039783802550951705,0.0033562824776492304,0.014525434303888677,0.004071698628380158,0.003075112742145619,0.029892670628731608,0.006976746909233242,-0.0031786193337835405,0.00751106434149655,0.024121182332715933,-0.0010482556903120244,0.00840524081451101,-0.0036659499770431707,-0.007564194292945307,0.002718533121451373,0.004626179677171358,0.00506919271682075,0.024137441083570153,0.0050765751587286585,-0.0038024050746869355,0.004543968597512386,0.006998934829625551,0.0015502449387231909,0.011366378447809626,0.0025732324113181514,0.006976746909233242,0.03946243444813999,-0.0012291506279398438,0.014726829116463776,0.011444279382400366,-0.0006967070381590993,0.00553515946743454,0.0048429281773576215,0.012070305601101547,0.002564935565005572,0.0016232197564716774,0.0021653895066591653,0.005849157310523532,0.002776392611076338,0.013362532996890442,0.0045707764205388975,0.0004124068718620202,0.0036926148173800633,0.005409605004705484,-0.0011009939681015778,-0.0031786193337835405,-0.0012291506279398438,0.010952449046656182,0.001452180153249571,0.019140438596476163,-0.0007441783200900359,0.015659826606249167,-0.0013585226726123617,-0.0080366415801696,0.004106510430588293,0.004869753000469655,0.006326919979265488,0.026620554342914424,0.005275991871817022,0.006321521742798674,0.0015438950481576749,0.006970390257149161,0.006722853386147302,0.003633495934024407,0.002539072293977686,0.00751106434149655,0.014726829116463776,0.001452180153249571,0.04693372225910654
0.06686871081661268,7.191968008335892e-5,0.005527806658963047,0.00829066893084843,0.0214730712715709,0.015484227769760864,0.009336386570305652,-0.0032815756362387736,0.0290816237501225,0.0072402253546240206,0.010221198868814448,0.0018350151973411354,0.014474311170973775,0.017357262451888195,-0.0195279034764686,0.0022957723245641253,-0.010922699070156945,0.017727939784510836,0.01567745044379173,-0.026715605730313233,7.191968008335892e-5,0.0023254131286685456,-0.0023395936753167336,0.0002596764004268024,-0.0010904852671021325,0.0012079760024023133,0.0009402634688832042,-0.0008483691299368651,0.0011049173178204108,0.002246529601263902,-0.0005485128645565069,0.0009840312035502567,0.0013123798423489374,9.805767645024388e-5,-0.0016737101723268313,0.0008391789232158144,-0.002509512352257917,0.0028606753511187443,0.0016350438103877173,0.00161553250658425,0.005527806658963047,-0.0023395936753167336,0.0388313754160792,0.005614260306518402,0.0057623545119321875,0.0037978294323841484,0.004359061168645196,0.002345057003407124,0.015764117599332966,-0.005908814173929572,0.015565736642814323,-0.003036128579336651,0.0004948398773612823,0.014320781308028406,-0.008404364959323963,-0.0017949715168926053,-0.0038612648263629517,0.001333591774426369,0.004308916469066367,-0.02597464335308122,0.00829066893084843,0.0002596764004268024,0.005614260306518402,0.011332183207548854,0.005285589152358225,0.0034782479044423967,0.00471868189316793,-0.00227757387200693,0.010162158897747287,0.0019505242942303774,-0.001710797073533954,0.0020015511136543987,0.006908152098614708,0.0044548755750762,-0.006074784726753123,0.00140113723550822,-0.00684993436213957,0.009227228815111363,0.005867449297114225,-0.011900449835564226,0.0214730712715709,-0.0010904852671021325,0.0057623545119321875,0.005285589152358225,0.05076427472205783,0.014524226913649876,0.005301316538610832,-0.0011428964865961716,0.02988282650294806,0.0008385714366776335,-0.005344821931255241,0.011808394956067109,0.007020192492395267,0.016447412118572098,-0.006716466379322642,-0.0004168091407247784,0.006502100296520926,0.009809401660602561,0.0069099458247639835,-0.012383243757959014,0.015484227769760864,0.0012079760024023133,0.0037978294323841484,0.0034782479044423967,0.014524226913649876,0.028544861885180822,0.0036796235789677044,-0.0010217290409371515,0.014283766635729046,0.0002969909879451736,0.006668294094532238,0.009059672755844798,0.004568966387098547,0.007170609546505741,-0.0005994914772567868,0.0021996417002923957,-0.0012337224213497366,0.0078221242058161,0.0025077111448641334,-0.0038342606374123013,0.009336386570305652,0.0009402634688832042,0.004359061168645196,0.00471868189316793,0.005301316538610832,0.0036796235789677044,0.008916044707875432,-0.00269096631377884,0.015251582691788224,0.0032944570082262103,-2.785923635547662e-5,0.001956126293480712,0.007896031317617092,0.0068938392746472725,-0.011278089835110788,0.0011856344511398768,-0.007171498482932601,0.012136585156188918,0.007731626326972909,-0.009981221385499525,-0.0032815756362387736,-0.0008483691299368651,0.002345057003407124,-0.00227757387200693,-0.0011428964865961716,-0.0010217290409371515,-0.00269096631377884,0.0028103139978027784,-0.004822295182789787,-0.0028034353653970875,0.003471566085507551,-0.0008528411091302969,-0.004218485187197554,-0.0006028794275131424,0.005411235458518056,-0.0007446771154477279,0.003958425316426891,-0.006550207158569648,-0.003001909305813507,0.004345587123738445,0.0290816237501225,0.0011049173178204108,0.015764117599332966,0.010162158897747287,0.02988282650294806,0.014283766635729046,0.015251582691788224,-0.004822295182789787,0.05984952403975434,0.0049585714166859515,-0.0029454803410910975,0.007643868857603353,0.017344083360747824,0.023439695413174415,-0.031377705135727255,-0.00027190087809236135,-0.009450805160596732,0.02713447839025687,0.016518712846701318,-0.0318088233592523,0.0072402253546240206,0.002246529601263902,-0.005908814173929572,0.0019505242942303774,0.0008385714366776335,0.0002969909879451736,0.0032944570082262103,-0.0028034353653970875,0.0049585714166859515,0.00932480749881017,-0.004062501389746521,-0.0007434382307777436,0.004859645581744506,0.001391730848916731,-0.008699934823312154,0.0012787636784826048,-0.006214173962533898,0.007856956582394947,0.004781684412395334,-0.0033999231063353407,0.010221198868814448,-0.0005485128645565069,0.015565736642814323,-0.001710797073533954,-0.005344821931255241,0.006668294094532238,-2.785923635547662e-5,0.003471566085507551,-0.0029454803410910975,-0.004062501389746521,0.04475382966131418,-0.002569423380643503,-0.004690781329820199,0.0026143414277030952,0.006053070877753958,-0.00016229021676078163,-0.0002166853934851029,-0.007298915770377886,-0.002546327885166035,0.001975342626344856,0.0018350151973411354,0.0009840312035502567,-0.003036128579336651,0.0020015511136543987,0.011808394956067109,0.009059672755844798,0.001956126293480712,-0.0008528411091302969,0.007643868857603353,-0.0007434382307777436,-0.002569423380643503,0.016468716930087408,0.00288419200449454,0.0007781500091092654,0.0036064560158796054,0.001487326571631043,0.003632114277417404,0.005652696053004112,0.00012187676510315112,0.005553124470316773,0.014474311170973775,0.0013123798423489374,0.0004948398773612823,0.006908152098614708,0.007020192492395267,0.004568966387098547,0.007896031317617092,-0.004218485187197554,0.017344083360747824,0.004859645581744506,-0.004690781329820199,0.00288419200449454,0.014020192742684678,0.007404652858389413,-0.01597835077163713,0.0012380379080847868,-0.01060094506514436,0.017996901477428266,0.01005636340722723,-0.0162572181067694,0.017357262451888195,9.805767645024388e-5,0.014320781308028406,0.0044548755750762,0.016447412118572098,0.007170609546505741,0.0068938392746472725,-0.0006028794275131424,0.023439695413174415,0.001391730848916731,0.0026143414277030952,0.0007781500091092654,0.007404652858389413,0.03741093795732882,-0.013254757176756067,-0.0006486142866210764,-0.006110913381506966,0.007738413206678049,0.010133771062233881,-0.02020103275062244,-0.0195279034764686,-0.0016737101723268313,-0.008404364959323963,-0.006074784726753123,-0.006716466379322642,-0.0005994914772567868,-0.011278089835110788,0.005411235458518056,-0.031377705135727255,-0.008699934823312154,0.006053070877753958,0.0036064560158796054,-0.01597835077163713,-0.013254757176756067,0.04450187186383664,5.3590037356008756e-5,0.01895721595606705,-0.0208047921816317,-0.0155808708134559,0.037480527532475744,0.0022957723245641253,0.0008391789232158144,-0.0017949715168926053,0.00140113723550822,-0.0004168091407247784,0.0021996417002923957,0.0011856344511398768,-0.0007446771154477279,-0.00027190087809236135,0.0012787636784826048,-0.00016229021676078163,0.001487326571631043,0.0012380379080847868,-0.0006486142866210764,5.3590037356008756e-5,0.0024252877940872998,-0.0015027242753832565,0.002186593315787971,0.0013288684561261646,0.0008824641549560204,-0.010922699070156945,-0.002509512352257917,-0.0038612648263629517,-0.00684993436213957,0.006502100296520926,-0.0012337224213497366,-0.007171498482932601,0.003958425316426891,-0.009450805160596732,-0.006214173962533898,-0.0002166853934851029,0.003632114277417404,-0.01060094506514436,-0.006110913381506966,0.01895721595606705,-0.0015027242753832565,0.02724882062974541,-0.014214632193394163,-0.010393368705890006,0.01863807582694977,0.017727939784510836,0.0028606753511187443,0.001333591774426369,0.009227228815111363,0.009809401660602561,0.0078221242058161,0.012136585156188918,-0.006550207158569648,0.02713447839025687,0.007856956582394947,-0.007298915770377886,0.005652696053004112,0.017996901477428266,0.007738413206678049,-0.0208047921816317,0.002186593315787971,-0.014214632193394163,0.040646060478321214,0.014172071154239685,-0.017743907418963523,0.01567745044379173,0.0016350438103877173,0.004308916469066367,0.005867449297114225,0.0069099458247639835,0.0025077111448641334,0.007731626326972909,-0.003001909305813507,0.016518712846701318,0.004781684412395334,-0.002546327885166035,0.00012187676510315112,0.01005636340722723,0.010133771062233881,-0.0155808708134559,0.0013288684561261646,-0.010393368705890006,0.014172071154239685,0.014770133211229428,-0.01430917058936122,-0.026715605730313233,0.00161553250658425,-0.02597464335308122,-0.011900449835564226,-0.012383243757959014,-0.0038342606374123013,-0.009981221385499525,0.004345587123738445,-0.0318088233592523,-0.0033999231063353407,0.001975342626344856,0.005553124470316773,-0.0162572181067694,-0.02020103275062244,0.037480527532475744,0.0008824641549560204,0.01863807582694977,-0.017743907418963523,-0.01430917058936122,0.07736161511600927
0.05353741122821361,0.001865613976019739,0.01621551716490185,0.0060494712573363,-0.0018934873330902816,0.00931869392380462,-0.002262496646158584,0.003187313383777938,0.002384388046895971,0.003983830925282258,-0.0009633586283270545,-0.0011296860398273922,0.0021717287173037524,0.009861166997351727,-0.015802857514949867,0.004065844386743479,0.013330482440510643,0.002303784859743748,0.0014406770417207493,0.010540918704944151,0.001865613976019739,0.0014981482314264751,-0.0013032830964056492,0.00034461108915500183,6.322974972954433e-6,-0.0004429887631247375,-0.00014250729262254381,0.00044024624014460585,0.0016418656140099396,0.0006017687781281113,-0.0016350428430055206,0.001429020061654105,0.0003670906774612361,0.00017657763715831122,0.00046435338373512254,-0.0005922934695785061,-0.0011216162277248181,-6.207156493856507e-5,-0.0008143496275652973,0.0016621260798562743,0.01621551716490185,-0.0013032830964056492,0.03833812070807623,0.004246619970937808,0.002087181631804956,0.010459345612527845,0.0024325128419704564,-0.0018267971478888455,-0.015005336405125018,0.00026398129517246844,0.015669304696877825,-0.007983533991178288,-0.0020248490626907636,0.007934740888093561,-0.013991149993748047,0.00822479368929921,0.019232020229130377,0.006295377269029415,0.011570471326881611,0.01771756222583943,0.0060494712573363,0.00034461108915500183,0.004246619970937808,0.015048027496036006,-0.006677002597372181,-0.0010393899913194518,0.0005878003397432577,0.0043409654971517464,0.0022061118147674286,0.0006259828753970987,-0.0019765839814345565,-0.0010634948179464299,0.0009799471752901612,0.0008147208559634209,-0.007265801743774159,0.0011002851787126915,0.011473166661860535,0.009170320794113741,0.0034204882835882295,0.011653352484079282,-0.0018934873330902816,6.322974972954433e-6,0.002087181631804956,-0.006677002597372181,0.03626335782913916,0.0035090952191077175,0.0016547743955101987,0.0009089441012041876,0.000586106441674559,0.0008347940219014058,0.007568715945255519,-0.0050689199994850675,8.205988207847601e-5,0.006068660776323573,0.00685881977698969,0.0003591484129491936,0.0074294066464714315,0.00416034000990209,0.004317877604015907,-0.0023246164530953076,0.00931869392380462,-0.0004429887631247375,0.010459345612527845,-0.0010393899913194518,0.0035090952191077175,0.02776105778155772,0.0033689685740000133,0.0011675193261474755,-0.004967218027237436,0.002145359373044561,0.009320387786121404,-0.0020828389878739875,0.0020208167494083188,0.004443154094954926,-0.0028395893152881662,0.0027417190119293556,0.014685737325669175,0.0074823580719733385,0.0018950452021974534,0.0013321091893549355,-0.002262496646158584,-0.00014250729262254381,0.0024325128419704564,0.0005878003397432577,0.0016547743955101987,0.0033689685740000133,0.00462200691814911,-0.001004094200970597,-0.0028950878882009795,-1.708823345388365e-5,0.006073717165040037,-0.0014863128826030875,-0.00019912435808840006,0.0007409069762207571,0.003209904214803933,0.0012203412349364351,0.003991599380893449,0.004709319863109786,0.0017245344921407906,0.002413056707804141,0.003187313383777938,0.00044024624014460585,-0.0018267971478888455,0.0043409654971517464,0.0009089441012041876,0.0011675193261474755,-0.001004094200970597,0.011545759116515812,0.0027941322639301177,0.002308230637490826,-0.010028784311218484,0.0007194205669971412,0.0005592809506537698,0.002826883079423993,-0.0038787919367293242,-0.0035651026198855826,0.008136976086899488,0.009464891058042744,0.00042190212858598386,0.002303900848205087,0.002384388046895971,0.0016418656140099396,-0.015005336405125018,0.0022061118147674286,0.000586106441674559,-0.004967218027237436,-0.0028950878882009795,0.0027941322639301177,0.0312948190059056,0.002260234582265792,-0.007454064604730439,0.007561768945182969,0.0037275316185163446,-0.0025406480097702497,0.004068662272003764,-0.0037973364028840106,-0.010210913608548554,-0.006412087919169803,-0.005246218282719687,-0.007178079489102848,0.003983830925282258,0.0006017687781281113,0.00026398129517246844,0.0006259828753970987,0.0008347940219014058,0.002145359373044561,-1.708823345388365e-5,0.002308230637490826,0.002260234582265792,0.004498903341903187,9.282459910632144e-5,0.0005045497875264425,0.0006116507475140838,0.0022286467148501547,-0.0015760317715893708,0.0002750079332586102,0.0027315135588611037,0.0009533866574118799,0.000258534216073219,0.0014172910450661617,-0.0009633586283270545,-0.0016350428430055206,0.015669304696877825,-0.0019765839814345565,0.007568715945255519,0.009320387786121404,0.006073717165040037,-0.010028784311218484,-0.007454064604730439,9.282459910632144e-5,0.04993532706108308,-0.0021865628507959523,0.0008760629114155656,0.0043674113510028655,0.003527081313730287,0.010003527862532299,0.01063786981265962,-0.0008342411373034671,0.007562654227861726,0.0075733545453417275,-0.0011296860398273922,0.001429020061654105,-0.007983533991178288,-0.0010634948179464299,-0.0050689199994850675,-0.0020828389878739875,-0.0014863128826030875,0.0007194205669971412,0.007561768945182969,0.0005045497875264425,-0.0021865628507959523,0.013458037244055887,0.001956985182644445,-0.0017408288538970443,0.0011155463817755253,-0.0022788810510051354,-0.009900761768335887,-0.0057674631099161105,-0.006277872862401345,-0.0018702102473971023,0.0021717287173037524,0.0003670906774612361,-0.0020248490626907636,0.0009799471752901612,8.205988207847601e-5,0.0020208167494083188,-0.00019912435808840006,0.0005592809506537698,0.0037275316185163446,0.0006116507475140838,0.0008760629114155656,0.001956985182644445,0.004026386057143953,0.00046809713108340867,0.001966343871371464,-0.0001379033374310076,0.00037181457801120296,0.0003323382453732537,-0.0015027549607638986,0.0016141966995990914,0.009861166997351727,0.00017657763715831122,0.007934740888093561,0.0008147208559634209,0.006068660776323573,0.004443154094954926,0.0007409069762207571,0.002826883079423993,-0.0025406480097702497,0.0022286467148501547,0.0043674113510028655,-0.0017408288538970443,0.00046809713108340867,0.025339323775428198,-0.005453212075798346,0.002629753376652074,0.006765241226092308,0.000636261056666271,0.0039600940945829785,0.008438265151047265,-0.015802857514949867,0.00046435338373512254,-0.013991149993748047,-0.007265801743774159,0.00685881977698969,-0.0028395893152881662,0.003209904214803933,-0.0038787919367293242,0.004068662272003764,-0.0015760317715893708,0.003527081313730287,0.0011155463817755253,0.001966343871371464,-0.005453212075798346,0.03129620028751683,-0.0033252099827124054,-0.01091856909420666,-0.0034103105776806353,-0.006638979312520281,-0.007955394780214984,0.004065844386743479,-0.0005922934695785061,0.00822479368929921,0.0011002851787126915,0.0003591484129491936,0.0027417190119293556,0.0012203412349364351,-0.0035651026198855826,-0.0037973364028840106,0.0002750079332586102,0.010003527862532299,-0.0022788810510051354,-0.0001379033374310076,0.002629753376652074,-0.0033252099827124054,0.005298895184834918,0.005429542218334567,-0.0005668117136073021,0.0039307934235877605,0.0043469953191069,0.013330482440510643,-0.0011216162277248181,0.019232020229130377,0.011473166661860535,0.0074294066464714315,0.014685737325669175,0.003991599380893449,0.008136976086899488,-0.010210913608548554,0.0027315135588611037,0.01063786981265962,-0.009900761768335887,0.00037181457801120296,0.006765241226092308,-0.01091856909420666,0.005429542218334567,0.046161875909692535,0.025324523518462698,0.011440036465211733,0.01227208891744153,0.002303784859743748,-6.207156493856507e-5,0.006295377269029415,0.009170320794113741,0.00416034000990209,0.0074823580719733385,0.004709319863109786,0.009464891058042744,-0.006412087919169803,0.0009533866574118799,-0.0008342411373034671,-0.0057674631099161105,0.0003323382453732537,0.000636261056666271,-0.0034103105776806353,-0.0005668117136073021,0.025324523518462698,0.03480064855532199,0.0069070879617195305,0.010548677963197951,0.0014406770417207493,-0.0008143496275652973,0.011570471326881611,0.0034204882835882295,0.004317877604015907,0.0018950452021974534,0.0017245344921407906,0.00042190212858598386,-0.005246218282719687,0.000258534216073219,0.007562654227861726,-0.006277872862401345,-0.0015027549607638986,0.0039600940945829785,-0.006638979312520281,0.0039307934235877605,0.011440036465211733,0.0069070879617195305,0.01217115516050165,0.00645236768933863,0.010540918704944151,0.0016621260798562743,0.01771756222583943,0.011653352484079282,-0.0023246164530953076,0.0013321091893549355,0.002413056707804141,0.002303900848205087,-0.007178079489102848,0.0014172910450661617,0.0075733545453417275,-0.0018702102473971023,0.0016141966995990914,0.008438265151047265,-0.007955394780214984,0.0043469953191069,0.01227208891744153,0.010548677963197951,0.00645236768933863,0.04811494333140575
