0.021735758830614973,0.0022312111356850945,0.001955705746047745,0.0029250136141744975,0.0002884646269737211,0.004779150712108039,0.0015290493695161713,0.0037393659166453253,0.007598451408218847,0.0009472744447900816,0.0015615591192060987,0.004858266570687372,0.0009095105798868962,0.002879598402596784,0.0027330905627056647,0.001903070423963107,0.0008910684808084384,0.0030136312819175675,-0.0012921260319287927,0.0012604128990395883,0.0022312111356850945,0.011598356236684485,0.001312169524042305,0.0026056576675802653,0.0009159509216329312,0.0014503103861623224,6.253946302944795e-5,0.004116631551509704,0.00561536770778847,0.0017449474066419278,-3.9936238756554503e-5,0.0006658965418819706,0.0015869027119743053,2.739403879100087e-5,0.0006603864606857886,0.0012849733752759013,0.001915992051749665,0.0014209480844241506,0.0027240111358014843,-0.0010843190494349499,0.001955705746047745,0.001312169524042305,0.003636927311504595,0.0008870554677335765,0.0001457346215826507,0.0011973149789126988,0.0006330606957103647,0.0033381562796198144,0.0006570491185087315,0.00028370060426659435,0.00021539275682633103,0.0005680943588159881,0.00020498721395377165,5.98859802254716e-6,0.0005265309969767227,0.001523020792694093,0.0004429735595240711,0.0005584908960527446,0.0012107316197031005,-0.0002021321771119951,0.0029250136141744975,0.0026056576675802653,0.0008870554677335765,0.008002084496901892,0.0003468896496585436,0.0014928718934909822,0.0015471633855833444,0.001433950810143694,0.0035448650089610055,0.0015682846983770555,-0.0004200559830232529,0.0015146544490063935,0.0006142693488672072,1.6714169975061783e-5,-2.249054150098777e-5,0.000963095320638262,-0.0006011637329806939,0.0014378493863330148,0.0024315666689121358,-0.0006363882916953308,0.0002884646269737211,0.0009159509216329312,0.0001457346215826507,0.0003468896496585436,0.004943068754378106,0.0002969794035510671,0.0011204147795479476,0.0021354344899793725,0.000368164430559442,-0.0001962152184893984,0.0006768048120609691,0.0022534769118497267,-0.000337006289599194,-7.458865938775066e-5,0.0009815202365143878,0.00045622592854247836,-7.680143074544785e-5,0.0005776608719949789,0.00010415543006734348,0.00036173680524285886,0.004779150712108039,0.0014503103861623224,0.0011973149789126988,0.0014928718934909822,0.0002969794035510671,0.005852079393410151,0.0019720006140410812,0.0013095194040514521,0.003658064743637979,0.0010250533961953267,0.000526400536710863,0.0012613851256751052,8.02336704546496e-6,0.0009228170637493846,0.0011121789602759604,0.0006365488060045036,0.00015092412680788378,0.0007956238691731122,-0.0003695982573764361,-0.00011869508496889557,0.0015290493695161713,6.253946302944795e-5,0.0006330606957103647,0.0015471633855833444,0.0011204147795479476,0.0019720006140410812,0.010018636226493998,0.0002907598088297933,0.0023981616615539178,0.0014857957043930314,0.0007539068061578726,0.0021813660841862835,-0.00011324214037766693,0.000877453477472647,0.001156892179386402,0.0007321511665792674,-5.151794346638114e-5,0.0020149580605847107,1.963480125669207e-5,0.0005341415849147995,0.0037393659166453253,0.004116631551509704,0.0033381562796198144,0.001433950810143694,0.0021354344899793725,0.0013095194040514521,0.0002907598088297933,0.021441261435585935,0.004345305253837185,0.00030136301019569544,0.0011261941119008754,0.001916352101632995,0.0001768526035886161,0.0011794351722098357,0.0006266167572105028,0.0021884386031678564,0.00234850081615153,0.0012828850316868273,0.0021978216665000105,0.0006883705017021785,0.007598451408218847,0.00561536770778847,0.0006570491185087315,0.0035448650089610055,0.000368164430559442,0.003658064743637979,0.0023981616615539178,0.004345305253837185,0.023454492553764514,0.0021116978664780838,0.0010980773443734393,0.0012160367016136927,0.0006501359818998851,0.0009366998139973591,0.0009119036870354896,0.002288634770050503,0.000758440108451689,0.002244863265447765,0.0014700637363495317,0.0002561807441164812,0.0009472744447900816,0.0017449474066419278,0.00028370060426659435,0.0015682846983770555,-0.0001962152184893984,0.0010250533961953267,0.0014857957043930314,0.00030136301019569544,0.0021116978664780838,0.018060461122529556,-0.0004039377544884164,0.000430377199233087,0.0015741799796683675,0.001906825798166327,0.00212922844705733,0.0006551453372248205,-0.002785335459553148,0.0011283971369590775,0.000674837815010752,-0.00047807102364090575,0.0015615591192060987,-3.9936238756554503e-5,0.00021539275682633103,-0.0004200559830232529,0.0006768048120609691,0.000526400536710863,0.0007539068061578726,0.0011261941119008754,0.0010980773443734393,-0.0004039377544884164,0.0019047241426330328,0.0015629729756183003,-7.464022990995756e-5,0.0004544480993098238,0.0009447866206998032,0.0006557623278366266,0.0005085208292604104,0.0006286571581894846,-0.0005882553645708923,0.0004913799074576738,0.004858266570687372,0.0006658965418819706,0.0005680943588159881,0.0015146544490063935,0.0022534769118497267,0.0012613851256751052,0.0021813660841862835,0.001916352101632995,0.0012160367016136927,0.000430377199233087,0.0015629729756183003,0.010474285120591486,0.0008846029203987789,0.0008774801662498255,0.0013173587489560701,0.0009477816435036519,0.00017700614099087203,0.0015222755161765503,0.00019062377146474474,0.0008715751143316224,0.0009095105798868962,0.0015869027119743053,0.00020498721395377165,0.0006142693488672072,-0.000337006289599194,8.02336704546496e-6,-0.00011324214037766693,0.0001768526035886161,0.0006501359818998851,0.0015741799796683675,-7.464022990995756e-5,0.0008846029203987789,0.003400073228448387,0.000560121400659024,0.0004779187945953532,0.0004194629886709595,0.0005326170193650841,0.0007056282556188187,1.6012594797411684e-5,-0.0005045568328236416,0.002879598402596784,2.739403879100087e-5,5.98859802254716e-6,1.6714169975061783e-5,-7.458865938775066e-5,0.0009228170637493846,0.000877453477472647,0.0011794351722098357,0.0009366998139973591,0.001906825798166327,0.0004544480993098238,0.0008774801662498255,0.000560121400659024,0.006071559334901928,0.0013201086374955496,0.0004999354536808481,0.00014537487430174372,0.0010295405908563762,-0.0002998574823940194,0.000285175096937416,0.0027330905627056647,0.0006603864606857886,0.0005265309969767227,-2.249054150098777e-5,0.0009815202365143878,0.0011121789602759604,0.001156892179386402,0.0006266167572105028,0.0009119036870354896,0.00212922844705733,0.0009447866206998032,0.0013173587489560701,0.0004779187945953532,0.0013201086374955496,0.005807419911678843,0.0011650899729942032,4.552612081887177e-5,0.0011714273741397466,-0.00037375454802688707,-0.00017880248612864226,0.001903070423963107,0.0012849733752759013,0.001523020792694093,0.000963095320638262,0.00045622592854247836,0.0006365488060045036,0.0007321511665792674,0.0021884386031678564,0.002288634770050503,0.0006551453372248205,0.0006557623278366266,0.0009477816435036519,0.0004194629886709595,0.0004999354536808481,0.0011650899729942032,0.004110609235163712,0.00039079318190827985,0.0009161705836012366,0.0002378811971567209,0.00014753782058686343,0.0008910684808084384,0.001915992051749665,0.0004429735595240711,-0.0006011637329806939,-7.680143074544785e-5,0.00015092412680788378,-5.151794346638114e-5,0.00234850081615153,0.000758440108451689,-0.002785335459553148,0.0005085208292604104,0.00017700614099087203,0.0005326170193650841,0.00014537487430174372,4.552612081887177e-5,0.00039079318190827985,0.01355636156335739,0.00027015234694127124,0.0012958617760080472,0.00023289297957611386,0.0030136312819175675,0.0014209480844241506,0.0005584908960527446,0.0014378493863330148,0.0005776608719949789,0.0007956238691731122,0.0020149580605847107,0.0012828850316868273,0.002244863265447765,0.0011283971369590775,0.0006286571581894846,0.0015222755161765503,0.0007056282556188187,0.0010295405908563762,0.0011714273741397466,0.0009161705836012366,0.00027015234694127124,0.0057091242985203745,0.000903189543906378,0.00040183355937858597,-0.0012921260319287927,0.0027240111358014843,0.0012107316197031005,0.0024315666689121358,0.00010415543006734348,-0.0003695982573764361,1.963480125669207e-5,0.0021978216665000105,0.0014700637363495317,0.000674837815010752,-0.0005882553645708923,0.00019062377146474474,1.6012594797411684e-5,-0.0002998574823940194,-0.00037375454802688707,0.0002378811971567209,0.0012958617760080472,0.000903189543906378,0.009715551181609805,-0.0005882762132394079,0.0012604128990395883,-0.0010843190494349499,-0.0002021321771119951,-0.0006363882916953308,0.00036173680524285886,-0.00011869508496889557,0.0005341415849147995,0.0006883705017021785,0.0002561807441164812,-0.00047807102364090575,0.0004913799074576738,0.0008715751143316224,-0.0005045568328236416,0.000285175096937416,-0.00017880248612864226,0.00014753782058686343,0.00023289297957611386,0.00040183355937858597,-0.0005882762132394079,0.0024930620496312053
0.02332255300772523,0.0009484562431108629,-0.00098044738139393,-0.003282346325929876,0.0011185587580941805,-0.00021247502487562706,-0.0013118876740970523,0.0024251537843282675,-0.005249368045033528,-0.005643551323172154,5.768736369789337e-5,-0.004803292206652842,0.0026233631880798886,0.0016584394973527348,-0.0005379433874083955,0.003113899094548872,0.0011813678351606828,0.0013928892392976854,-0.001957225459998056,0.00017478174742081046,0.0009484562431108629,0.010325195354908032,-0.0010068775004504617,-0.00037469930929327343,-0.001184148077313121,0.00027154286489431475,0.0031131677833823937,0.0004671872517616837,-0.0022113119422523023,0.004367161373188681,-5.6529562917040225e-5,0.0010032835503801028,-2.0224178171346283e-5,-0.0019532889975723473,0.0006663799409593414,0.0017630755153155554,0.004115389369939086,0.0028498033350564623,-0.0018833029953067874,0.0007511975272901472,-0.00098044738139393,-0.0010068775004504617,0.0027408567710322873,0.0009066994116355718,0.00034769068388549847,-0.00014041764341127288,0.00041306279392194735,-0.0008955415077887031,0.002609828767768296,0.0003146421001355195,6.904809001123457e-5,0.0006845687344097429,0.00027854537365468916,0.00043250095812262025,-0.000735823286876531,-0.0005476668360809914,-0.0006698496303337294,-0.0007953720962993016,0.0008534685358514401,7.419337263794685e-5,-0.003282346325929876,-0.00037469930929327343,0.0009066994116355718,0.010502009504422533,0.000702191570388656,-0.0002988023839243226,0.001638076480723403,0.0007830945652964106,0.003770460095402245,0.0038764396635523014,0.001590456821136526,0.0035687204605947976,-0.0009782280809623846,3.4574274266401905e-5,0.0019948887865885406,-0.0011573175229664901,-0.0012352953382964165,-0.0028032073911133226,-0.00025388760198001966,-0.000271703844907044,0.0011185587580941805,-0.001184148077313121,0.00034769068388549847,0.000702191570388656,0.0036666450621746405,-0.0002311264710748694,0.0012971529413058768,1.4770316242614512e-5,0.0011263801034542642,-0.0009198961996283114,0.00045902844455849814,3.010140315483068e-5,-6.708970034193637e-5,0.001759164242065694,-0.00017717363925165566,-0.0006186963668133834,0.0005296478502648417,-0.0012705357955590767,0.0012297117017998581,6.711429709058277e-5,-0.00021247502487562706,0.00027154286489431475,-0.00014041764341127288,-0.0002988023839243226,-0.0002311264710748694,0.004549036223306118,-0.00031433373150185895,0.0023034780365970343,-0.0012478082751936235,-0.0015721680214123204,0.00014567559460064916,-0.0009424013516875535,0.0011334047087967305,0.00029198008354264443,-0.0001335873794424432,0.0006088542180595287,-0.0004857198637452214,0.0007233210066206763,9.06493827613434e-5,0.0002745328124946044,-0.0013118876740970523,0.0031131677833823937,0.00041306279392194735,0.001638076480723403,0.0012971529413058768,-0.00031433373150185895,0.013088089631858556,-0.0001438737282543635,0.002947538565172582,0.0038613327606720057,0.0006139433344749853,0.0013506075186668844,0.00046071146686872276,-0.0006916761306137547,0.0002912636757343952,0.0005112208671286215,0.0023461847602669183,0.001979845475737198,0.0032299235538364186,0.0015949514287433813,0.0024251537843282675,0.0004671872517616837,-0.0008955415077887031,0.0007830945652964106,1.4770316242614512e-5,0.0023034780365970343,-0.0001438737282543635,0.021005441579019624,0.000683329277809505,-0.002175714053350772,-4.985618584689342e-5,0.0012739627526536124,0.001610771813011528,-0.000602516237648723,0.0026919724658851004,0.0006993380962511533,0.0026530757965586185,0.004038581998917111,-6.22534057167348e-5,-0.00019333875243731185,-0.005249368045033528,-0.0022113119422523023,0.002609828767768296,0.003770460095402245,0.0011263801034542642,-0.0012478082751936235,0.002947538565172582,0.000683329277809505,0.028804032191761395,0.004209652852556307,-0.0006837766492168221,0.005627693375560239,-0.0024956018732602272,0.000968261402216839,0.0017480329417800776,-0.0019931960148110842,0.00036997584459935306,-0.0023232382528249377,0.005972967271334455,-0.00022977341506533655,-0.005643551323172154,0.004367161373188681,0.0003146421001355195,0.0038764396635523014,-0.0009198961996283114,-0.0015721680214123204,0.0038613327606720057,-0.002175714053350772,0.004209652852556307,0.02602073446707516,0.0010502029300668105,0.004577498784387031,-0.001585581166407383,-0.004894199916711549,0.0010971709055496116,0.002262266347879411,0.006564785444507183,0.0016078815205246254,-0.0042924423787911725,-0.0005146658434057778,5.768736369789337e-5,-5.6529562917040225e-5,6.904809001123457e-5,0.001590456821136526,0.00045902844455849814,0.00014567559460064916,0.0006139433344749853,-4.985618584689342e-5,-0.0006837766492168221,0.0010502029300668105,0.0017097228663705364,0.0006082488597614754,0.0002950554102136389,0.00023119326525941332,8.639513808570379e-5,-2.6503923185695004e-6,-0.00030006497611050656,-7.945049862151962e-5,0.00013150478433486844,-0.00023023295081784224,-0.004803292206652842,0.0010032835503801028,0.0006845687344097429,0.0035687204605947976,3.010140315483068e-5,-0.0009424013516875535,0.0013506075186668844,0.0012739627526536124,0.005627693375560239,0.004577498784387031,0.0006082488597614754,0.012507795295369087,-0.0015273915681782101,0.0018842996717871958,0.0023337008838298866,-0.00034586745396857603,0.0006940114913565325,-0.0014322710593015252,0.002074706414479356,-0.0010378434934833047,0.0026233631880798886,-2.0224178171346283e-5,0.00027854537365468916,-0.0009782280809623846,-6.708970034193637e-5,0.0011334047087967305,0.00046071146686872276,0.001610771813011528,-0.0024956018732602272,-0.001585581166407383,0.0002950554102136389,-0.0015273915681782101,0.00423907441940684,-0.00013451614445959218,-0.00045555052132137977,0.0014176292689177974,0.00031414754088671657,0.0021412850838720336,-0.0017050238159329449,-7.712356955585936e-5,0.0016584394973527348,-0.0019532889975723473,0.00043250095812262025,3.4574274266401905e-5,0.001759164242065694,0.00029198008354264443,-0.0006916761306137547,-0.000602516237648723,0.000968261402216839,-0.004894199916711549,0.00023119326525941332,0.0018842996717871958,-0.00013451614445959218,0.011542643810894131,0.0004992376335713957,-0.0008990532147656503,-0.0023185463356535296,-0.0027441404123202274,0.002949118717468675,-0.0011959170788540647,-0.0005379433874083955,0.0006663799409593414,-0.000735823286876531,0.0019948887865885406,-0.00017717363925165566,-0.0001335873794424432,0.0002912636757343952,0.0026919724658851004,0.0017480329417800776,0.0010971709055496116,8.639513808570379e-5,0.0023337008838298866,-0.00045555052132137977,0.0004992376335713957,0.004970768970122981,-0.0002041276901367576,-0.0005791018644327863,0.00043037179550341415,-0.0003807059261184699,-0.0007568003818972545,0.003113899094548872,0.0017630755153155554,-0.0005476668360809914,-0.0011573175229664901,-0.0006186963668133834,0.0006088542180595287,0.0005112208671286215,0.0006993380962511533,-0.0019931960148110842,0.002262266347879411,-2.6503923185695004e-6,-0.00034586745396857603,0.0014176292689177974,-0.0008990532147656503,-0.0002041276901367576,0.0047145433169674435,0.003239596673211026,0.0014823645980226252,-0.0021240558859516234,0.00014362546346575816,0.0011813678351606828,0.004115389369939086,-0.0006698496303337294,-0.0012352953382964165,0.0005296478502648417,-0.0004857198637452214,0.0023461847602669183,0.0026530757965586185,0.00036997584459935306,0.006564785444507183,-0.00030006497611050656,0.0006940114913565325,0.00031414754088671657,-0.0023185463356535296,-0.0005791018644327863,0.003239596673211026,0.017912942958516472,0.0027040040112707967,-0.002199646462473142,0.00038402783763231166,0.0013928892392976854,0.0028498033350564623,-0.0007953720962993016,-0.0028032073911133226,-0.0012705357955590767,0.0007233210066206763,0.001979845475737198,0.004038581998917111,-0.0023232382528249377,0.0016078815205246254,-7.945049862151962e-5,-0.0014322710593015252,0.0021412850838720336,-0.0027441404123202274,0.00043037179550341415,0.0014823645980226252,0.0027040040112707967,0.010224962707226684,-0.002096559283833257,-0.00028690345502759115,-0.001957225459998056,-0.0018833029953067874,0.0008534685358514401,-0.00025388760198001966,0.0012297117017998581,9.06493827613434e-5,0.0032299235538364186,-6.22534057167348e-5,0.005972967271334455,-0.0042924423787911725,0.00013150478433486844,0.002074706414479356,-0.0017050238159329449,0.002949118717468675,-0.0003807059261184699,-0.0021240558859516234,-0.002199646462473142,-0.002096559283833257,0.012537542240824475,0.001270369712715171,0.00017478174742081046,0.0007511975272901472,7.419337263794685e-5,-0.000271703844907044,6.711429709058277e-5,0.0002745328124946044,0.0015949514287433813,-0.00019333875243731185,-0.00022977341506533655,-0.0005146658434057778,-0.00023023295081784224,-0.0010378434934833047,-7.712356955585936e-5,-0.0011959170788540647,-0.0007568003818972545,0.00014362546346575816,0.00038402783763231166,-0.00028690345502759115,0.001270369712715171,0.0022077336128989364
