0.0044481897994274105,0.00023894925730300873,0.0007637387300330747,8.108050255115491e-5,0.00025265959905200995,0.000595364855507291,0.0001563268813672699,0.00032674241029721903,0.000501366663792248,-0.00019347456264010666,0.00022246122385140266,0.00040451189850044893,0.00039984709506599343,0.0004632648853677157,0.00014396310859534253,0.00017303433545180205,-0.00017965415567692012,0.00022590358627283544,-8.481295890047308e-5,0.00039618866749227067,0.00023894925730300873,0.003177344251370394,9.005284159372098e-5,0.00024483626754567963,-0.0001361587443066969,0.001253544243137534,0.00027256136178051895,0.00010167258292728584,0.0005966251645382071,0.0008265512128290225,0.0008098092632965292,0.0005762098542983323,-1.865752235425142e-5,0.0005830538869912893,5.5414133106491454e-5,5.371224872840669e-5,0.00020510561176086085,4.5451683194918115e-5,0.00015941557916247627,0.0006558908504206009,0.0007637387300330747,9.005284159372098e-5,0.018386582024697198,-0.00043487633889278623,-4.381042969299143e-5,0.0018136598258416854,0.0001883708254213437,-0.00026341324941692276,0.000495196131268108,0.003116946639725172,-0.0018268794405839031,0.00032065956065165964,0.0001493796268695536,0.0005441103028549016,0.00032723527062754863,0.001151368442568814,0.0005111964962008245,0.0009624311480600433,0.00024840971956854337,0.00042270917221336933,8.108050255115491e-5,0.00024483626754567963,-0.00043487633889278623,0.0017274703831041034,9.951190839413817e-5,0.00020574681958438113,0.00014883360210624433,4.246972244482227e-5,0.00023860127623339484,9.199808540535391e-5,0.00048557894132033946,0.00021115293236883713,0.0003758186971000667,0.0003121043019397941,0.00031547437688969805,0.00022239644377623617,0.0003018246816030571,0.0003603897446797901,0.0006308913330421436,6.004268959199716e-5,0.00025265959905200995,-0.0001361587443066969,-4.381042969299143e-5,9.951190839413817e-5,0.0023198937616313556,7.619313709383735e-5,0.00022002788808320818,0.00010671763549286795,0.0003666037274450237,2.8594470369907855e-6,0.00021375942226607285,0.00032211262544979997,0.00028718743697515495,0.00044704304298065186,1.791079485022654e-5,0.00012921303439336902,0.0003801908918298138,0.0003814052070014926,0.0006836533424528424,-2.5479551766328585e-5,0.000595364855507291,0.001253544243137534,0.0018136598258416854,0.00020574681958438113,7.619313709383735e-5,0.010071190267851422,0.0012730803339213025,0.00036064248172785487,0.001162080766378932,0.002400676462500492,0.0012926668076431954,0.00035805666148887457,-1.7352665742508795e-5,0.0017903788505442921,0.0006481927896398341,0.001098314007997889,0.0004171886878949929,0.0010175777395895539,-0.00039861721648839067,0.0011876189029542397,0.0001563268813672699,0.00027256136178051895,0.0001883708254213437,0.00014883360210624433,0.00022002788808320818,0.0012730803339213025,0.0024913991719091935,1.9614096560218824e-5,0.0004231173918102625,0.0003709906389952473,0.0013665440303081513,0.00033057146164297557,0.00034912553209349653,0.00033306265803632895,7.087892295446648e-5,0.0005597560384412719,0.00028539259144341164,-2.545256688169061e-5,0.00045812266351780736,0.00010038359425734153,0.00032674241029721903,0.00010167258292728584,-0.00026341324941692276,4.246972244482227e-5,0.00010671763549286795,0.00036064248172785487,1.9614096560218824e-5,0.0014292196918491112,0.0004228938429839188,0.00021506009050907538,0.0006252401809218704,0.0002727348114091306,-0.000176600097780402,-0.00014403614692758997,0.00010066965240324759,0.00028362773851336683,3.100289439462065e-5,4.974338774017103e-5,-0.00016261853430058555,6.458157740080699e-5,0.000501366663792248,0.0005966251645382071,0.000495196131268108,0.00023860127623339484,0.0003666037274450237,0.001162080766378932,0.0004231173918102625,0.0004228938429839188,0.0077144006118507035,0.0010399109053375372,0.0012764671133604416,0.0008022330441184425,0.0006424339769854587,0.00036439796449755753,-7.061357147834571e-5,9.760603266953852e-5,-0.00019523666607434883,0.0005006472845857369,-8.870652595058671e-5,0.0007851513734800075,-0.00019347456264010666,0.0008265512128290225,0.003116946639725172,9.199808540535391e-5,2.8594470369907855e-6,0.002400676462500492,0.0003709906389952473,0.00021506009050907538,0.0010399109053375372,0.011098578912207247,0.000909515892610282,0.0011095578748122913,0.00023126328748594306,0.0003930212082767316,5.074555098291286e-5,0.0005631291419204581,0.0004900168499812239,0.0007491290478085998,-1.8946664196983056e-5,0.0009905770835090012,0.00022246122385140266,0.0008098092632965292,-0.0018268794405839031,0.00048557894132033946,0.00021375942226607285,0.0012926668076431954,0.0013665440303081513,0.0006252401809218704,0.0012764671133604416,0.000909515892610282,0.019861455399561006,0.0007581873723941934,0.000911420669178988,0.000813062483795667,4.4258831169505044e-5,0.00047096418735244317,0.00015155333495187664,0.00173978428203255,0.0015978355192794406,-0.00016950379165297906,0.00040451189850044893,0.0005762098542983323,0.00032065956065165964,0.00021115293236883713,0.00032211262544979997,0.00035805666148887457,0.00033057146164297557,0.0002727348114091306,0.0008022330441184425,0.0011095578748122913,0.0007581873723941934,0.007965744213836124,-0.0005064676388006387,0.0007292263155808962,-0.00010565231907404458,0.0009133283732778996,0.000407544608446311,0.0006342307624123561,7.241280907923603e-5,0.0007635041849802452,0.00039984709506599343,-1.865752235425142e-5,0.0001493796268695536,0.0003758186971000667,0.00028718743697515495,-1.7352665742508795e-5,0.00034912553209349653,-0.000176600097780402,0.0006424339769854587,0.00023126328748594306,0.000911420669178988,-0.0005064676388006387,0.0028130696081878582,0.00032933663798330893,-1.075048227175692e-5,0.0001774746524870703,0.00031889081898575015,0.00017265574979196036,0.00059800398327704,-0.00020753603490494712,0.0004632648853677157,0.0005830538869912893,0.0005441103028549016,0.0003121043019397941,0.00044704304298065186,0.0017903788505442921,0.00033306265803632895,-0.00014403614692758997,0.00036439796449755753,0.0003930212082767316,0.000813062483795667,0.0007292263155808962,0.00032933663798330893,0.008866488062651008,0.0003996729136136921,0.0003966546045018757,0.0009053167726122969,0.0013394628244622461,0.00015663744382107033,0.0004409060648170762,0.00014396310859534253,5.5414133106491454e-5,0.00032723527062754863,0.00031547437688969805,1.791079485022654e-5,0.0006481927896398341,7.087892295446648e-5,0.00010066965240324759,-7.061357147834571e-5,5.074555098291286e-5,4.4258831169505044e-5,-0.00010565231907404458,-1.075048227175692e-5,0.0003996729136136921,0.002145855699057866,-0.00016520989889381988,0.00022576358546041374,0.00017641977312223136,0.0004009565019311305,7.417858445513538e-5,0.00017303433545180205,5.371224872840669e-5,0.001151368442568814,0.00022239644377623617,0.00012921303439336902,0.001098314007997889,0.0005597560384412719,0.00028362773851336683,9.760603266953852e-5,0.0005631291419204581,0.00047096418735244317,0.0009133283732778996,0.0001774746524870703,0.0003966546045018757,-0.00016520989889381988,0.0078080609132655885,0.0007027119061430464,-0.00031870114144960356,0.0007085280289851335,7.949825788708848e-5,-0.00017965415567692012,0.00020510561176086085,0.0005111964962008245,0.0003018246816030571,0.0003801908918298138,0.0004171886878949929,0.00028539259144341164,3.100289439462065e-5,-0.00019523666607434883,0.0004900168499812239,0.00015155333495187664,0.000407544608446311,0.00031889081898575015,0.0009053167726122969,0.00022576358546041374,0.0007027119061430464,0.003052122685546707,0.000383325206953785,0.0006394784234679523,4.215021365739109e-5,0.00022590358627283544,4.5451683194918115e-5,0.0009624311480600433,0.0003603897446797901,0.0003814052070014926,0.0010175777395895539,-2.545256688169061e-5,4.974338774017103e-5,0.0005006472845857369,0.0007491290478085998,0.00173978428203255,0.0006342307624123561,0.00017265574979196036,0.0013394628244622461,0.00017641977312223136,-0.00031870114144960356,0.000383325206953785,0.010405052832585672,0.00035689128510732904,0.0007105822049995669,-8.481295890047308e-5,0.00015941557916247627,0.00024840971956854337,0.0006308913330421436,0.0006836533424528424,-0.00039861721648839067,0.00045812266351780736,-0.00016261853430058555,-8.870652595058671e-5,-1.8946664196983056e-5,0.0015978355192794406,7.241280907923603e-5,0.00059800398327704,0.00015663744382107033,0.0004009565019311305,0.0007085280289851335,0.0006394784234679523,0.00035689128510732904,0.005503895378330716,-6.612911825699301e-5,0.00039618866749227067,0.0006558908504206009,0.00042270917221336933,6.004268959199716e-5,-2.5479551766328585e-5,0.0011876189029542397,0.00010038359425734153,6.458157740080699e-5,0.0007851513734800075,0.0009905770835090012,-0.00016950379165297906,0.0007635041849802452,-0.00020753603490494712,0.0004409060648170762,7.417858445513538e-5,7.949825788708848e-5,4.215021365739109e-5,0.0007105822049995669,-6.612911825699301e-5,0.00384951427583052
