0.023039595737715114,-0.0044041943804757865,0.001014635554037517,0.004901612119844248,0.0028299450166100843,0.001962746296949569,-0.0025130765988442168,0.0028286950253228723,-0.00108769705718073,-0.0006726825426215043,-0.00012891202185437737,-0.0026699400356523088,0.0003902443089640111,0.001229571734326434,-0.0006603511348906734,0.001687708249626012,-0.0032002459671559335,-0.005311716369913524,-0.0007531133204802404,0.002292697050123643,-0.0044041943804757865,0.014958620939507753,-0.0014864245856877273,-0.0037900840282189302,-0.0005204871407450396,-0.002138315896038357,0.0005477928589784168,0.0024665821679461407,0.005691175549463426,-0.0035409858769808065,-0.0007861785982220437,0.005162125476058758,-0.0005557931982034937,0.00024290058777118583,-0.0001059284738343438,-0.0011250083692505202,0.0019434209365231914,0.0028818899077200817,0.004409485706247496,0.000766182420879865,0.001014635554037517,-0.0014864245856877273,0.004059205397861427,0.0006989681571658511,-0.0007538117509310056,0.0029441975735009585,0.0012594279719500682,0.0016925287679895038,-0.002554512864134142,0.004713706713494551,-0.0003282377899015787,-0.0007522748008239743,0.0010462205375625653,-1.4559552707963589e-5,0.0007338644750891968,0.0003204026447071935,-0.0010054480441938616,0.00013529781164287155,-0.0012443962725820039,-0.0004687508071644031,0.004901612119844248,-0.0037900840282189302,0.0006989681571658511,0.011845580003409633,0.0030832911731555803,0.0008536505605187298,0.0005006589208057063,-0.0005711220745390278,0.004975605336545234,0.002839726359489758,0.0001146062647285289,-0.0024158466333873375,-0.0007537744067625226,-0.0007322367597565186,-0.0005039437466734208,0.0013379015183578608,-0.004889786423748534,-0.0030553846378785655,0.0003749001012545491,0.0010688513475414253,0.0028299450166100843,-0.0005204871407450396,-0.0007538117509310056,0.0030832911731555803,0.01100313511573102,0.000720050877918377,1.2522022158435392e-5,0.0018234899999231466,0.00495668944418783,-0.0022097769531539786,-0.0003883430374697523,-0.001852409070524661,-0.0010898201575714143,-0.0005684077843425978,-0.0013891852480586078,0.0005523958583510732,-0.002421745019457221,-0.0030479638822383257,0.002811518216544321,0.0011539261960741565,0.001962746296949569,-0.002138315896038357,0.0029441975735009585,0.0008536505605187298,0.000720050877918377,0.009188635973136827,0.0007844951289933796,0.00357544302908286,-0.00239311619007681,0.006628679862034426,-0.0010629783239592713,-0.0026804068928117726,-0.0006634961917502632,0.0005804982239501811,-0.00034649939000858544,0.0006367999554826418,-0.0042388582419898065,-0.0007607356308997869,-0.0027916975785138133,-0.00024104963114527034,-0.0025130765988442168,0.0005477928589784168,0.0012594279719500682,0.0005006589208057063,1.2522022158435392e-5,0.0007844951289933796,0.010008099248687334,0.00022075017237133953,0.001330728776628425,0.0017863152610254332,-0.0002669809463652069,0.0003530303357040549,0.00038791929623950485,0.00020807446959626884,-0.0003681335702908829,-0.00039383290280849365,-0.0007211049840364085,0.0004404947112846936,0.0003186289157686822,-0.0004979185867613812,0.0028286950253228723,0.0024665821679461407,0.0016925287679895038,-0.0005711220745390278,0.0018234899999231466,0.00357544302908286,0.00022075017237133953,0.02411218027930662,0.005624682712660482,-0.002887949950960549,-0.0010852385428558673,0.002490802100292943,0.0010561087074777516,-0.001824104517508921,-0.0006441268946480222,-0.0009876188905700042,0.006157715358304193,-0.00039993435928234195,-0.0034346708692456138,5.166691742045135e-5,-0.00108769705718073,0.005691175549463426,-0.002554512864134142,0.004975605336545234,0.00495668944418783,-0.00239311619007681,0.001330728776628425,0.005624682712660482,0.039458628689859096,-0.007109945863930503,-0.0014483444760794233,0.005621016073743022,-0.0015139333733685592,-0.0024454116223631894,-0.0023251782897865296,0.001368926190218482,-0.003195442358543109,0.0007491760957914967,0.005852379367502299,-0.0005622428617630001,-0.0006726825426215043,-0.0035409858769808065,0.004713706713494551,0.002839726359489758,-0.0022097769531539786,0.006628679862034426,0.0017863152610254332,-0.002887949950960549,-0.007109945863930503,0.027092162541887704,1.1574411473776867e-5,-0.0018930621651321471,0.0010749483600228566,0.000998342265904722,0.002340359457684512,0.00041232939479309423,-0.006239784653964235,0.0006595912211508879,-0.0014298951373788072,-0.0008402127197020906,-0.00012891202185437737,-0.0007861785982220437,-0.0003282377899015787,0.0001146062647285289,-0.0003883430374697523,-0.0010629783239592713,-0.0002669809463652069,-0.0010852385428558673,-0.0014483444760794233,1.1574411473776867e-5,0.0020687417899874156,0.0010047396088110096,0.0005730214048818413,-0.000499735698399678,3.115795102872902e-5,0.0007199814555804707,0.002097698002559065,0.0003761678905053439,0.0001958135389231674,5.6590309586621196e-5,-0.0026699400356523088,0.005162125476058758,-0.0007522748008239743,-0.0024158466333873375,-0.001852409070524661,-0.0026804068928117726,0.0003530303357040549,0.002490802100292943,0.005621016073743022,-0.0018930621651321471,0.0010047396088110096,0.013086913217820613,0.0012031600921194431,-0.0016700175110868096,0.0003113883297850249,0.001330371774000956,0.004528561057542487,0.0030416216908911256,0.000815470400370982,-0.00013434595634124753,0.0003902443089640111,-0.0005557931982034937,0.0010462205375625653,-0.0007537744067625226,-0.0010898201575714143,-0.0006634961917502632,0.00038791929623950485,0.0010561087074777516,-0.0015139333733685592,0.0010749483600228566,0.0005730214048818413,0.0012031600921194431,0.004602658769194177,-0.0006783856013182225,0.0008074600805483404,0.00018572668251574058,0.0024463643994242206,0.001363339107172079,-0.0014028814022239704,-0.0008669317613791862,0.001229571734326434,0.00024290058777118583,-1.4559552707963589e-5,-0.0007322367597565186,-0.0005684077843425978,0.0005804982239501811,0.00020807446959626884,-0.001824104517508921,-0.0024454116223631894,0.000998342265904722,-0.000499735698399678,-0.0016700175110868096,-0.0006783856013182225,0.007086625329139558,0.0013449914974879885,-0.0014023306163320434,-0.0030836017400005964,0.0001677423588452164,0.0010158630488742194,0.00038465244487224985,-0.0006603511348906734,-0.0001059284738343438,0.0007338644750891968,-0.0005039437466734208,-0.0013891852480586078,-0.00034649939000858544,-0.0003681335702908829,-0.0006441268946480222,-0.0023251782897865296,0.002340359457684512,3.115795102872902e-5,0.0003113883297850249,0.0008074600805483404,0.0013449914974879885,0.005446909684467954,-0.0005702306334952672,-0.0006414872197498844,0.0008858652500670631,-0.0004537897136194121,-0.000680015500627626,0.001687708249626012,-0.0011250083692505202,0.0003204026447071935,0.0013379015183578608,0.0005523958583510732,0.0006367999554826418,-0.00039383290280849365,-0.0009876188905700042,0.001368926190218482,0.00041232939479309423,0.0007199814555804707,0.001330371774000956,0.00018572668251574058,-0.0014023306163320434,-0.0005702306334952672,0.0051550002717087855,-0.0004230261638201778,-0.0004131617845343254,9.792954820560888e-6,0.0005796728354056572,-0.0032002459671559335,0.0019434209365231914,-0.0010054480441938616,-0.004889786423748534,-0.002421745019457221,-0.0042388582419898065,-0.0007211049840364085,0.006157715358304193,-0.003195442358543109,-0.006239784653964235,0.002097698002559065,0.004528561057542487,0.0024463643994242206,-0.0030836017400005964,-0.0006414872197498844,-0.0004230261638201778,0.021332736436799813,0.0013018236641562278,-0.0017941817138180279,0.00023615451762493177,-0.005311716369913524,0.0028818899077200817,0.00013529781164287155,-0.0030553846378785655,-0.0030479638822383257,-0.0007607356308997869,0.0004404947112846936,-0.00039993435928234195,0.0007491760957914967,0.0006595912211508879,0.0003761678905053439,0.0030416216908911256,0.001363339107172079,0.0001677423588452164,0.0008858652500670631,-0.0004131617845343254,0.0013018236641562278,0.008353182226969407,-0.0003369275361711502,-0.0015037578938090755,-0.0007531133204802404,0.004409485706247496,-0.0012443962725820039,0.0003749001012545491,0.002811518216544321,-0.0027916975785138133,0.0003186289157686822,-0.0034346708692456138,0.005852379367502299,-0.0014298951373788072,0.0001958135389231674,0.000815470400370982,-0.0014028814022239704,0.0010158630488742194,-0.0004537897136194121,9.792954820560888e-6,-0.0017941817138180279,-0.0003369275361711502,0.01255684731027104,0.0015140735885760927,0.002292697050123643,0.000766182420879865,-0.0004687508071644031,0.0010688513475414253,0.0011539261960741565,-0.00024104963114527034,-0.0004979185867613812,5.166691742045135e-5,-0.0005622428617630001,-0.0008402127197020906,5.6590309586621196e-5,-0.00013434595634124753,-0.0008669317613791862,0.00038465244487224985,-0.000680015500627626,0.0005796728354056572,0.00023615451762493177,-0.0015037578938090755,0.0015140735885760927,0.0025618376006694634
0.037251810393003966,0.013060853923152163,0.006094670062709579,0.012751389554714557,0.007900622173640487,0.008770078099984539,0.008691750698178562,0.019244771131561127,0.016509377570600697,0.011856123135129532,0.005953777218273035,0.004177774981834028,0.003684347378790467,0.007837690957995937,0.005722834680009234,0.009580995765949347,0.006414833921203594,0.0037983053987438228,0.0029353511961277548,0.0039974889014503575,0.013060853923152163,0.017414169216373045,0.004310038037113993,0.006130113866077669,0.005998439548529852,0.004708893649649491,0.003995007630136881,0.011778029456795843,0.011957454786354684,0.007282260504217037,0.00575972779286919,-0.0013266042596004625,0.002663011657885796,0.0012195878339023706,0.0005425995077707306,0.006959035856861657,0.0009392957528934963,-0.000518435664535544,-0.0007831588293864254,0.0028925465745379183,0.006094670062709579,0.004310038037113993,0.0049314148161561325,0.00265370508233917,0.0030096337472918927,0.0021613287166329298,0.001972931509140995,0.004983548438090601,0.007514056115886968,0.005714247612765521,0.0019590678148873114,-5.279590287302099e-5,0.001211625578845466,0.00043009378296608204,0.000784964937798345,0.003667798068066758,0.001516856931256417,0.0009781186766450087,0.0012476703910152484,0.001783160344997098,0.012751389554714557,0.006130113866077669,0.00265370508233917,0.015412476051417283,0.0052090991506866455,0.0044082385941471534,0.006110319460976866,0.008130147942062889,0.011632469788443782,0.006451149116449001,0.0031580420883896513,0.007467211017695846,0.002001861687626604,0.005392518661508234,0.005197765122290966,0.0040542507045874835,0.006646155423746655,0.001541947153335744,0.005269879615588885,0.00042129229532773544,0.007900622173640487,0.005998439548529852,0.0030096337472918927,0.0052090991506866455,0.010462523708279044,0.0011139997784689448,0.006129793664856617,0.011653665442229197,0.013072507055214361,0.009046837034517162,0.004271434172349391,0.0033976685334749053,0.0015119491714409464,0.004699258975708054,0.005302522381206204,0.004972281209375533,0.004050750783302979,0.0023461249915572345,0.0038066402353226876,0.0032014100591337535,0.008770078099984539,0.004708893649649491,0.0021613287166329298,0.0044082385941471534,0.0011139997784689448,0.008392673886340945,0.0017607695578266028,0.0027711451586034993,0.009385307950359838,0.0032968202317064316,0.0020905956540806423,0.0006494578861475268,0.0012524051551964681,0.0006210551930064315,0.0018015506850016035,0.002345970557510552,0.002966868858439103,0.0011571798401315203,0.0011605969537525278,0.0016594182578630933,0.008691750698178562,0.003995007630136881,0.001972931509140995,0.006110319460976866,0.006129793664856617,0.0017607695578266028,0.015253864920675464,0.009642802141176923,0.013712089306593792,0.011886991397906135,0.003014556337399791,0.0029155184927636656,0.002278892191604279,0.004067587365512515,0.004204940515811662,0.004590365488244243,0.003186300573079641,0.004856963144714717,0.0028065396108292854,0.00297132933414636,0.019244771131561127,0.011778029456795843,0.004983548438090601,0.008130147942062889,0.011653665442229197,0.0027711451586034993,0.009642802141176923,0.03369993640170406,0.014186974452242485,0.011033871066888754,0.005758837950559956,0.00650121058452876,0.0024393899611023073,0.007482077270530714,0.005488737319355289,0.0086584916509987,0.005282101081877312,0.004897407295197257,0.0046020179162367565,0.0036321222680161854,0.016509377570600697,0.011957454786354684,0.007514056115886968,0.011632469788443782,0.013072507055214361,0.009385307950359838,0.013712089306593792,0.014186974452242485,0.05388315347957376,0.024860990663300858,0.008477374505239482,0.0019268856054761485,0.002813420134510702,0.0027387085065108596,0.006969532471579902,0.010570506763894386,0.00844761708740057,0.006520679141241364,0.007682348087958972,0.00871692792262366,0.011856123135129532,0.007282260504217037,0.005714247612765521,0.006451149116449001,0.009046837034517162,0.0032968202317064316,0.011886991397906135,0.011033871066888754,0.024860990663300858,0.03835011614945953,0.00673541848634588,-0.006654098303761102,0.004641875724606949,0.002118632074767678,0.005957476469857637,0.011415121928003827,-0.001468424536671626,0.006314548710801467,-0.0015634287003338638,0.006203442385761537,0.005953777218273035,0.00575972779286919,0.0019590678148873114,0.0031580420883896513,0.004271434172349391,0.0020905956540806423,0.003014556337399791,0.005758837950559956,0.008477374505239482,0.00673541848634588,0.004824197926592816,-0.0016023002576207729,0.0009758347721616585,0.0015050538033033697,0.002225851840541093,0.003888527371101732,0.00017540186548285584,0.0005763946882660678,-6.961853557877708e-5,0.0023899867439934404,0.004177774981834028,-0.0013266042596004625,-5.279590287302099e-5,0.007467211017695846,0.0033976685334749053,0.0006494578861475268,0.0029155184927636656,0.00650121058452876,0.0019268856054761485,-0.006654098303761102,-0.0016023002576207729,0.020245425229089974,0.00010453159588289041,0.00741171814928455,0.004772818381339349,-0.0010578546889861379,0.011944861627136902,0.0017635891045142062,0.01118205394166039,-0.0021094652743723847,0.003684347378790467,0.002663011657885796,0.001211625578845466,0.002001861687626604,0.0015119491714409464,0.0012524051551964681,0.002278892191604279,0.0024393899611023073,0.002813420134510702,0.004641875724606949,0.0009758347721616585,0.00010453159588289041,0.00394256504971689,0.0017858759319781892,0.0013391360478691228,0.0023330749884448382,0.0004332146876069088,0.0007505505572710207,-0.0008196242366339923,0.0006169808662421536,0.007837690957995937,0.0012195878339023706,0.00043009378296608204,0.005392518661508234,0.004699258975708054,0.0006210551930064315,0.004067587365512515,0.007482077270530714,0.0027387085065108596,0.002118632074767678,0.0015050538033033697,0.00741171814928455,0.0017858759319781892,0.013130712954743376,0.005724063545724738,0.0021575554641698673,0.0055692243475470235,0.0015512564279569342,0.005032787681108429,-0.0002042649762534669,0.005722834680009234,0.0005425995077707306,0.000784964937798345,0.005197765122290966,0.005302522381206204,0.0018015506850016035,0.004204940515811662,0.005488737319355289,0.006969532471579902,0.005957476469857637,0.002225851840541093,0.004772818381339349,0.0013391360478691228,0.005724063545724738,0.009500421984606714,0.002217078176421309,0.004062194132107422,0.002982009728927112,0.004900396753236124,0.0014656542130226855,0.009580995765949347,0.006959035856861657,0.003667798068066758,0.0040542507045874835,0.004972281209375533,0.002345970557510552,0.004590365488244243,0.0086584916509987,0.010570506763894386,0.011415121928003827,0.003888527371101732,-0.0010578546889861379,0.0023330749884448382,0.0021575554641698673,0.002217078176421309,0.00863879040626952,0.00010489306923105112,0.0017827473864070087,-0.0005805051601055686,0.002582055437141345,0.006414833921203594,0.0009392957528934963,0.001516856931256417,0.006646155423746655,0.004050750783302979,0.002966868858439103,0.003186300573079641,0.005282101081877312,0.00844761708740057,-0.001468424536671626,0.00017540186548285584,0.011944861627136902,0.0004332146876069088,0.0055692243475470235,0.004062194132107422,0.00010489306923105112,0.022307953225085997,0.0015568458221199362,0.00884018158132267,0.00012925836686814693,0.0037983053987438228,-0.000518435664535544,0.0009781186766450087,0.001541947153335744,0.0023461249915572345,0.0011571798401315203,0.004856963144714717,0.004897407295197257,0.006520679141241364,0.006314548710801467,0.0005763946882660678,0.0017635891045142062,0.0007505505572710207,0.0015512564279569342,0.002982009728927112,0.0017827473864070087,0.0015568458221199362,0.007754291790700396,0.002043334702933448,0.0016197832435084296,0.0029353511961277548,-0.0007831588293864254,0.0012476703910152484,0.005269879615588885,0.0038066402353226876,0.0011605969537525278,0.0028065396108292854,0.0046020179162367565,0.007682348087958972,-0.0015634287003338638,-6.961853557877708e-5,0.01118205394166039,-0.0008196242366339923,0.005032787681108429,0.004900396753236124,-0.0005805051601055686,0.00884018158132267,0.002043334702933448,0.015838367063268764,-0.00021180956764376595,0.0039974889014503575,0.0028925465745379183,0.001783160344997098,0.00042129229532773544,0.0032014100591337535,0.0016594182578630933,0.00297132933414636,0.0036321222680161854,0.00871692792262366,0.006203442385761537,0.0023899867439934404,-0.0021094652743723847,0.0006169808662421536,-0.0002042649762534669,0.0014656542130226855,0.002582055437141345,0.00012925836686814693,0.0016197832435084296,-0.00021180956764376595,0.00436849369677147
0.05261748004629268,0.0022495480225159423,-0.0012789337943589932,-0.0028216662409233833,0.0008198168066517835,-0.0009477668748939063,0.01359538405706074,-0.0031669320727826847,0.0075394965954155915,0.010245905038179494,0.0073549434315545135,0.013697382743371497,0.004398550281010489,-0.0048719119735787285,0.014334943917361787,0.004295319814543508,0.011066332548891784,0.014691944032055787,-0.013380720920452787,0.0008239688732128534,0.0022495480225159423,0.014039090351044538,-0.0023247641750993235,-7.389242110553466e-5,0.00017137672933933463,-0.0015472857911156632,-0.0024240667920736305,-0.001568394887901033,0.0034609855926564306,0.005778112823292025,0.0009586357893119503,-0.0013866741246158654,0.0016690099549932199,-0.0013136608840501848,0.0035962002820052845,0.0022073911749071334,-0.0005341316049527142,0.0016457045969984283,-0.00041411813263285174,-0.0008952377409149176,-0.0012789337943589932,-0.0023247641750993235,0.004492178015418981,0.0010563252689821845,0.0007509836973956013,0.0014234994666361836,0.002236952769453778,0.0049585676584833925,0.0008386724813757749,-0.00040428993790681553,-3.584086988474733e-5,0.0002777341904394707,0.0001147404467473712,0.0010092612790076586,-4.128075782185876e-5,0.0010576780515368727,-0.0012187221611702358,-0.00020321648941214654,0.0009119024428835827,0.000838052416547886,-0.0028216662409233833,-7.389242110553466e-5,0.0010563252689821845,0.006886725780725204,0.0009329358797870297,0.0005071197576947522,0.0022804469765284564,0.0016313331966543638,-0.0004250394082987375,-0.0014918348234000333,0.0004514205010444962,0.0008653371702186047,0.0022888522746481108,-0.002184130393206591,-0.0010281009910653918,0.00033934144443456934,-0.0017491899034624847,0.0006321184971152744,0.0029554392154297606,0.0006333216268337887,0.0008198168066517835,0.00017137672933933463,0.0007509836973956013,0.0009329358797870297,0.004544624262287687,-0.0003200570447136125,-0.000375347098636311,0.002771701243755371,0.003940286513913719,0.001045930094907915,0.0007479673118127078,0.0007378522389687312,0.0005371149854824816,0.0011333436450165356,0.0012177338159128368,0.0014759814629165036,0.00042438009408567824,0.0005831886811238653,0.0011278021293380034,0.0004376690800962588,-0.0009477668748939063,-0.0015472857911156632,0.0014234994666361836,0.0005071197576947522,-0.0003200570447136125,0.008429052678101514,0.0067486752714678395,0.0008976567342503189,-0.0015264753481108145,-0.0013088584026193651,-0.0003901488759444884,0.004809886447828303,0.0014996450276110655,0.001977806503791795,-0.0014249702462712116,-0.00038099740008682055,0.0027309028403093598,-0.0003242207080641465,0.002571297732425938,0.0009492529448601942,0.01359538405706074,-0.0024240667920736305,0.002236952769453778,0.0022804469765284564,-0.000375347098636311,0.0067486752714678395,0.03137218093263848,-0.0006816180639983393,-0.004894156216286303,0.0018344689423871001,0.0018546447084270075,0.011067668776471471,0.005863876657761311,-0.006282277273058031,0.0032525315023744523,0.003348882504724639,0.007562287561853669,0.00921729321416946,0.0012966505791412212,0.0034731629710544943,-0.0031669320727826847,-0.001568394887901033,0.0049585676584833925,0.0016313331966543638,0.002771701243755371,0.0008976567342503189,-0.0006816180639983393,0.024829888724651524,0.005769363828420038,0.0016808564708541036,0.0014407577236030685,-0.000631204018378693,0.0004664948758651168,0.002688019651078079,0.0021973882830520495,0.00333980186854489,-0.005718087009220087,-0.0014415501023027056,0.004277653377653184,0.0025403426382659402,0.0075394965954155915,0.0034609855926564306,0.0008386724813757749,-0.0004250394082987375,0.003940286513913719,-0.0015264753481108145,-0.004894156216286303,0.005769363828420038,0.03352347002329532,0.003907138988675116,0.0015461990821942322,-0.006507969370839233,0.0006662826312170769,0.0019694681685097203,0.006209406208716109,0.006904371700566297,0.0030987149864743616,-0.0024290529538956223,0.0012265819386681875,0.001072204917188279,0.010245905038179494,0.005778112823292025,-0.00040428993790681553,-0.0014918348234000333,0.001045930094907915,-0.0013088584026193651,0.0018344689423871001,0.0016808564708541036,0.003907138988675116,0.022825939659957644,0.0013387976678176199,0.005416256530936943,-0.0009640914974562207,0.0028258664388083935,0.004889625762650564,-0.0002500867074707975,0.0027388370011860877,0.003098535281350516,-0.004923073040698264,0.0006141775647213102,0.0073549434315545135,0.0009586357893119503,-3.584086988474733e-5,0.0004514205010444962,0.0007479673118127078,-0.0003901488759444884,0.0018546447084270075,0.0014407577236030685,0.0015461990821942322,0.0013387976678176199,0.0028022947400454554,0.0027844796470576066,0.0016490307042431106,-0.0014081529649980088,0.0026530210628685795,0.0010857747711522044,-0.00037655258318791424,0.003182012878978971,-0.0016039748389295894,9.604448072701414e-5,0.013697382743371497,-0.0013866741246158654,0.0002777341904394707,0.0008653371702186047,0.0007378522389687312,0.004809886447828303,0.011067668776471471,-0.000631204018378693,-0.006507969370839233,0.005416256530936943,0.0027844796470576066,0.020797798255900054,0.003252004504122423,0.0013998280415365074,0.0019404076315726682,-0.00091560910009396,0.004998930110292229,0.007098755523351027,-0.002018790788963316,0.0012600350657062304,0.004398550281010489,0.0016690099549932199,0.0001147404467473712,0.0022888522746481108,0.0005371149854824816,0.0014996450276110655,0.005863876657761311,0.0004664948758651168,0.0006662826312170769,-0.0009640914974562207,0.0016490307042431106,0.003252004504122423,0.006360003032682362,-0.004161567187562033,0.00230405432999035,0.0022449339049561493,0.0005313260748952414,0.00366853015509696,0.0002789789918028379,0.0005753981185165567,-0.0048719119735787285,-0.0013136608840501848,0.0010092612790076586,-0.002184130393206591,0.0011333436450165356,0.001977806503791795,-0.006282277273058031,0.002688019651078079,0.0019694681685097203,0.0028258664388083935,-0.0014081529649980088,0.0013998280415365074,-0.004161567187562033,0.013126204219020407,-0.002098629305860424,-0.0019872744198753418,-2.21691220256266e-5,-0.00334798342780242,0.00014715828001900816,7.293936728263704e-5,0.014334943917361787,0.0035962002820052845,-4.128075782185876e-5,-0.0010281009910653918,0.0012177338159128368,-0.0014249702462712116,0.0032525315023744523,0.0021973882830520495,0.006209406208716109,0.004889625762650564,0.0026530210628685795,0.0019404076315726682,0.00230405432999035,-0.002098629305860424,0.010356929376949708,0.0040486414554855975,0.0010942446171412074,0.004297900440428872,-0.003741545757108693,0.0004172736568442574,0.004295319814543508,0.0022073911749071334,0.0010576780515368727,0.00033934144443456934,0.0014759814629165036,-0.00038099740008682055,0.003348882504724639,0.00333980186854489,0.006904371700566297,-0.0002500867074707975,0.0010857747711522044,-0.00091560910009396,0.0022449339049561493,-0.0019872744198753418,0.0040486414554855975,0.006966670111150774,0.0009950698407709844,0.001616323717008291,0.0013162096995441737,0.001020980290108658,0.011066332548891784,-0.0005341316049527142,-0.0012187221611702358,-0.0017491899034624847,0.00042438009408567824,0.0027309028403093598,0.007562287561853669,-0.005718087009220087,0.0030987149864743616,0.0027388370011860877,-0.00037655258318791424,0.004998930110292229,0.0005313260748952414,-2.21691220256266e-5,0.0010942446171412074,0.0009950698407709844,0.01971272372997488,0.0038969293392285757,-0.0013114525968787696,0.00031998697504342206,0.014691944032055787,0.0016457045969984283,-0.00020321648941214654,0.0006321184971152744,0.0005831886811238653,-0.0003242207080641465,0.00921729321416946,-0.0014415501023027056,-0.0024290529538956223,0.003098535281350516,0.003182012878978971,0.007098755523351027,0.00366853015509696,-0.00334798342780242,0.004297900440428872,0.001616323717008291,0.0038969293392285757,0.014728127277508378,-0.0037812538189553645,0.00022447358401767931,-0.013380720920452787,-0.00041411813263285174,0.0009119024428835827,0.0029554392154297606,0.0011278021293380034,0.002571297732425938,0.0012966505791412212,0.004277653377653184,0.0012265819386681875,-0.004923073040698264,-0.0016039748389295894,-0.002018790788963316,0.0002789789918028379,0.00014715828001900816,-0.003741545757108693,0.0013162096995441737,-0.0013114525968787696,-0.0037812538189553645,0.01340149203549849,0.0015492663064811127,0.0008239688732128534,-0.0008952377409149176,0.000838052416547886,0.0006333216268337887,0.0004376690800962588,0.0009492529448601942,0.0034731629710544943,0.0025403426382659402,0.001072204917188279,0.0006141775647213102,9.604448072701414e-5,0.0012600350657062304,0.0005753981185165567,7.293936728263704e-5,0.0004172736568442574,0.001020980290108658,0.00031998697504342206,0.00022447358401767931,0.0015492663064811127,0.0024111883597681904
