0.035408552137809496,0.007178278150622979,0.0034281417122812795,0.006848542466710515,-0.0125145338546082,0.0021066204003938253,0.0034869905302089246,0.0007884251563180544,-0.017882832421084766,0.0024005716069095597,0.006797787918979593,0.0017582098585647498,-0.0007755768464102786,-0.0025183648821561124,-0.00020190400662636437,-0.0048245228452311155,0.006175413031225065,-0.01001744246666637,0.014138903797275424,-0.0065948967179000435,0.007178278150622979,0.014570012938106787,0.0014233218644701796,-0.000853049402880193,-0.003177213839741744,0.001366014998869474,-0.0004860346937804735,0.0009349292454820253,-0.0036015221261059766,0.0006578027640722358,0.0020975185361852737,0.00015432459056832922,0.0018228914552533854,-0.001065270212052805,-0.0008438433475617657,-0.0023506064313054487,0.0018078548716860309,-0.001387941884699235,-0.0003938006747250358,-0.0014508180313822924,0.0034281417122812795,0.0014233218644701796,0.0034243479153204565,0.004004525775311197,-0.0022205666085389135,0.0009917174956930851,0.0010679379308151389,-6.425620855125061e-5,-0.007152647105143574,0.0007941143014380638,0.0018375740924312935,0.0017568993708371324,-0.0008659707720773374,0.0015588342004446425,-0.0004514833194289313,0.00045895914953228585,0.0005331983370954639,-0.0013850108849295384,0.0018234321343009565,-0.0012665338603484498,0.006848542466710515,-0.000853049402880193,0.004004525775311197,0.02898043258320349,0.0016014785237412116,0.003755526781917024,0.006684357490036648,-0.0005699181423897285,-0.010276159449917818,0.0007469461617543715,0.0064797577951067765,0.003654793093022128,-0.0012552510025418033,0.004651452998547001,-0.0027190037988407173,8.959310114376785e-5,0.002831156411342412,-0.0029176675111373222,0.005092129827885084,-0.001936422237136361,-0.0125145338546082,-0.003177213839741744,-0.0022205666085389135,0.0016014785237412116,0.032895403094915426,0.003271187478835709,-0.0029124954981380696,0.0019368929670654318,0.013251479856028984,-0.006896736444773615,-0.0039005828810017937,0.0011042463643994417,0.007787058816213021,0.002607914034127146,0.0005079544454237721,0.00017269233141247627,-0.0033205183859858827,0.01038989976075716,-0.0026959950217653583,0.007474657088836066,0.0021066204003938253,0.001366014998869474,0.0009917174956930851,0.003755526781917024,0.003271187478835709,0.00549011686938118,0.0008521051893937763,0.0006896344777298051,-0.0020521344745338395,-0.0030488529477140864,0.0022498038214186222,0.0014515820571393248,0.001418577715392474,0.0029165457547932127,-0.0007050604824276644,-0.0022618479193847922,0.0009720073996180565,-6.622266951964126e-5,-0.00031540871814789335,-0.00037690257619354473,0.0034869905302089246,-0.0004860346937804735,0.0010679379308151389,0.006684357490036648,-0.0029124954981380696,0.0008521051893937763,0.009875548654882877,-0.00047896351983068127,-0.0003729280783995098,0.005148686932066755,0.004081016232648178,0.0010344040234596327,-0.0003912598592213285,0.0007484790124900821,0.0008741034568331418,-0.0012628602990478093,0.002116701534826116,-0.00033756902088960127,0.003906570144569311,-0.0019438046332989004,0.0007884251563180544,0.0009349292454820253,-6.425620855125061e-5,-0.0005699181423897285,0.0019368929670654318,0.0006896344777298051,-0.00047896351983068127,0.004701816585655116,0.004908430644945564,0.0018022236473074205,-0.0016613685119294059,-0.001127266318055782,0.0011576771897032821,0.0011148622818805166,-0.00012137224608411979,-0.0008060490259241015,0.002405805456476409,1.1917473724151935e-5,0.003214726774853769,0.0020163718166955344,-0.017882832421084766,-0.0036015221261059766,-0.007152647105143574,-0.010276159449917818,0.013251479856028984,-0.0020521344745338395,-0.0003729280783995098,0.004908430644945564,0.07467479971839974,0.0059646136348856784,-0.00689503653960998,-0.009527743945035402,0.005168136044172358,-0.0017886725511422142,0.0065771811219202045,0.0041815308277664805,0.004292944433022703,0.01064103299798114,-0.008628045593882083,0.00594533068678942,0.0024005716069095597,0.0006578027640722358,0.0007941143014380638,0.0007469461617543715,-0.006896736444773615,-0.0030488529477140864,0.005148686932066755,0.0018022236473074205,0.0059646136348856784,0.02860708227971192,0.0036307874546546394,-0.0019923396604195403,-0.0027318686078521303,-5.9463064620806044e-5,0.0021371885191332164,0.0027370868200040314,0.0032153702964787495,-0.0034460760943942972,0.009270978602092174,-0.0008164559430536246,0.006797787918979593,0.0020975185361852737,0.0018375740924312935,0.0064797577951067765,-0.0039005828810017937,0.0022498038214186222,0.004081016232648178,-0.0016613685119294059,-0.00689503653960998,0.0036307874546546394,0.012072252225883612,0.000998904237804752,0.0006329120556466743,-0.0001593927560042084,-0.0005174230090224884,-0.00037546852860687377,0.0007706958279890706,-0.0036891410993897577,0.0036230095975351125,-0.0036574635381548017,0.0017582098585647498,0.00015432459056832922,0.0017568993708371324,0.003654793093022128,0.0011042463643994417,0.0014515820571393248,0.0010344040234596327,-0.001127266318055782,-0.009527743945035402,-0.0019923396604195403,0.000998904237804752,0.005893055990815716,-0.00046052670053096673,0.0023139151018937423,-0.0012279924206720955,0.00015989289292148937,-0.0015106721498853372,-0.00011982253663732901,0.0016531279411093843,-0.0014048322239887145,-0.0007755768464102786,0.0018228914552533854,-0.0008659707720773374,-0.0012552510025418033,0.007787058816213021,0.001418577715392474,-0.0003912598592213285,0.0011576771897032821,0.005168136044172358,-0.0027318686078521303,0.0006329120556466743,-0.00046052670053096673,0.013794447755818128,-0.0019652574911943367,0.0008689582180828931,-0.0010278008236239999,-0.000958882524346053,0.005846835533386214,-0.005051995224363132,0.0033265968298345854,-0.0025183648821561124,-0.001065270212052805,0.0015588342004446425,0.004651452998547001,0.002607914034127146,0.0029165457547932127,0.0007484790124900821,0.0011148622818805166,-0.0017886725511422142,-5.9463064620806044e-5,-0.0001593927560042084,0.0023139151018937423,-0.0019652574911943367,0.019773499619618235,-0.0005957516352156221,-0.002352064756898365,0.0018625568176305067,-0.0014634311952166968,-0.0025608477328507703,-0.00177702733197377,-0.00020190400662636437,-0.0008438433475617657,-0.0004514833194289313,-0.0027190037988407173,0.0005079544454237721,-0.0007050604824276644,0.0008741034568331418,-0.00012137224608411979,0.0065771811219202045,0.0021371885191332164,-0.0005174230090224884,-0.0012279924206720955,0.0008689582180828931,-0.0005957516352156221,0.004789133269904331,0.00035379754957022704,0.00033510606353940307,0.0013099681729811688,-0.002256880302104619,-8.907730234669522e-5,-0.0048245228452311155,-0.0023506064313054487,0.00045895914953228585,8.959310114376785e-5,0.00017269233141247627,-0.0022618479193847922,-0.0012628602990478093,-0.0008060490259241015,0.0041815308277664805,0.0027370868200040314,-0.00037546852860687377,0.00015989289292148937,-0.0010278008236239999,-0.002352064756898365,0.00035379754957022704,0.016724588720153925,-0.0019292762442174017,-0.0007235868948927167,-0.0014200043162617432,-0.0009581193314096959,0.006175413031225065,0.0018078548716860309,0.0005331983370954639,0.002831156411342412,-0.0033205183859858827,0.0009720073996180565,0.002116701534826116,0.002405805456476409,0.004292944433022703,0.0032153702964787495,0.0007706958279890706,-0.0015106721498853372,-0.000958882524346053,0.0018625568176305067,0.00033510606353940307,-0.0019292762442174017,0.006800803282162817,-0.002897248182036595,0.0028883509385370324,-0.0007670590167410978,-0.01001744246666637,-0.001387941884699235,-0.0013850108849295384,-0.0029176675111373222,0.01038989976075716,-6.622266951964126e-5,-0.00033756902088960127,1.1917473724151935e-5,0.01064103299798114,-0.0034460760943942972,-0.0036891410993897577,-0.00011982253663732901,0.005846835533386214,-0.0014634311952166968,0.0013099681729811688,-0.0007235868948927167,-0.002897248182036595,0.01676493097991394,-0.004794694344563252,0.006038681303073575,0.014138903797275424,-0.0003938006747250358,0.0018234321343009565,0.005092129827885084,-0.0026959950217653583,-0.00031540871814789335,0.003906570144569311,0.003214726774853769,-0.008628045593882083,0.009270978602092174,0.0036230095975351125,0.0016531279411093843,-0.005051995224363132,-0.0025608477328507703,-0.002256880302104619,-0.0014200043162617432,0.0028883509385370324,-0.004794694344563252,0.050661470800664694,0.0010685654304712156,-0.0065948967179000435,-0.0014508180313822924,-0.0012665338603484498,-0.001936422237136361,0.007474657088836066,-0.00037690257619354473,-0.0019438046332989004,0.0020163718166955344,0.00594533068678942,-0.0008164559430536246,-0.0036574635381548017,-0.0014048322239887145,0.0033265968298345854,-0.00177702733197377,-8.907730234669522e-5,-0.0009581193314096959,-0.0007670590167410978,0.006038681303073575,0.0010685654304712156,0.007694324698989502
0.020403313156645914,0.004310855055417801,-0.0001339472543298552,0.002100127679003489,0.005717746504130069,0.00041183009848889235,0.0013215315786739399,0.0008031034971676659,0.0034991020305630872,0.0039427826963324,0.0020387588773494512,0.0011806574530593647,-0.000899345108106082,-0.00014044172565418316,0.00040955146965451766,0.0027687297640727002,-0.00028927062965686213,0.0032045635484798684,-0.00022002797121565095,0.001990116344760476,0.004310855055417801,0.013518525217274101,-0.0004624921095203453,0.0014633563814158708,0.0024192024502803127,0.001400138384512976,0.0006613285766077909,-0.00011424236385281858,0.00177269821008076,0.0035724729870583688,0.0015855977185243756,0.0009899754992990948,0.001662873697190207,-0.0017277512729837567,-0.0002509213781569528,0.0021196744209925527,-0.0005039577861906487,0.0009915498844231996,-0.0029358734280294646,0.000160585441838822,-0.0001339472543298552,-0.0004624921095203453,0.002188388046533948,0.0005960488076695162,0.0007415506588556545,0.00036687872960588933,0.00048821903905287836,0.0004927131007908289,0.0023651742658667547,0.0011907988048606355,0.000287384021673793,-0.0007460497988757101,0.00017912487213118226,0.0009338921402503812,0.0005658731918987503,-0.00022828140709184926,1.4849931122593463e-5,0.00021133239909845725,-5.351001418575337e-6,0.0004999019344644191,0.002100127679003489,0.0014633563814158708,0.0005960488076695162,0.01927718768848116,-0.0011323434268956428,-0.00011418935286004609,-0.0011903468348385398,0.002418500351674704,0.004915624634776907,-0.0012282431091547041,-0.0005559588036015859,0.000288955602700803,-0.0003562774237794162,0.002249774778493918,0.002778032298568626,-0.002243622133903115,0.000626797198531648,-0.0025702411923552793,0.005217015407935323,0.000987084222820909,0.005717746504130069,0.0024192024502803127,0.0007415506588556545,-0.0011323434268956428,0.024403727301774456,0.0013900926100930502,0.0030348816908730685,0.0010675173128097439,0.006206960766661573,0.00617681458026662,0.00108901249968854,0.001225465102855654,0.001485939850560059,0.00039963733526459386,-0.0013164571478220582,0.00114173125315969,0.00018751403798389073,0.002533139218365234,0.001221261125116977,0.0020741162783879624,0.00041183009848889235,0.001400138384512976,0.00036687872960588933,-0.00011418935286004609,0.0013900926100930502,0.006155978414218095,0.0016776869385439243,0.0006798801585925318,0.003794149220198404,0.003835868066301866,0.00024163001119840164,0.000546938422157272,0.004078514727103698,0.0004440211296227964,4.9654740471975344e-5,0.0026442885176399212,0.0012538362237307626,0.0013464295670097062,0.00653296926983221,0.0009151954118846791,0.0013215315786739399,0.0006613285766077909,0.00048821903905287836,-0.0011903468348385398,0.0030348816908730685,0.0016776869385439243,0.006910797929749786,0.00045101902772666546,0.005344144368923857,0.0022661777828991603,0.0011539822388337779,0.0008301991128656107,0.0016975809097755415,0.00044424394920336086,0.0001729809885602553,0.0009357734591470447,0.0004721632512613246,0.0007215988872141437,0.0037438570985044778,0.0023409392926889098,0.0008031034971676659,-0.00011424236385281858,0.0004927131007908289,0.002418500351674704,0.0010675173128097439,0.0006798801585925318,0.00045101902772666546,0.0032280643412894794,0.002397534197005221,-0.0004037349745751721,0.0005085248062078135,0.00042731303068335757,0.0005969473409937262,0.0019724552368176876,0.001001473643429022,-0.00011940335943164435,0.00022715514542375267,0.0003665855712528549,0.0023734430436649044,0.0004433975613817919,0.0034991020305630872,0.00177269821008076,0.0023651742658667547,0.004915624634776907,0.006206960766661573,0.003794149220198404,0.005344144368923857,0.002397534197005221,0.04231661495356388,0.0041436305656590774,0.0007553700382175402,0.0020929043443128842,0.0036000618746693473,0.005098410521085845,-0.0012577779287108613,-0.0010075332956660092,0.0004404203065012664,0.004147812740194582,0.008110999292328131,0.002348691900116256,0.0039427826963324,0.0035724729870583688,0.0011907988048606355,-0.0012282431091547041,0.00617681458026662,0.003835868066301866,0.0022661777828991603,-0.0004037349745751721,0.0041436305656590774,0.02650176497125448,0.000918555192627867,0.0017138878728837432,0.005076743222626368,0.0027481310802378567,-0.00011376321538326994,0.005089354806925539,0.0017679635899701053,0.006500635726301943,0.003134551323096399,0.0026795221758513137,0.0020387588773494512,0.0015855977185243756,0.000287384021673793,-0.0005559588036015859,0.00108901249968854,0.00024163001119840164,0.0011539822388337779,0.0005085248062078135,0.0007553700382175402,0.000918555192627867,0.009647905999985208,0.0005281337246562115,0.0016837735144904255,0.004410002960933787,0.002149061727733815,0.0006402919637253043,0.0013110098667422367,0.0014014286036438176,0.003922683565304241,0.0017805700365986802,0.0011806574530593647,0.0009899754992990948,-0.0007460497988757101,0.000288955602700803,0.001225465102855654,0.000546938422157272,0.0008301991128656107,0.00042731303068335757,0.0020929043443128842,0.0017138878728837432,0.0005281337246562115,0.004259736483323875,0.0019384996261206284,0.0014240641340946643,-0.00020422444690922943,0.0017912451069549242,0.0012121822286453227,0.0007402938788975746,0.00245647983157388,0.0007732002172341787,-0.000899345108106082,0.001662873697190207,0.00017912487213118226,-0.0003562774237794162,0.001485939850560059,0.004078514727103698,0.0016975809097755415,0.0005969473409937262,0.0036000618746693473,0.005076743222626368,0.0016837735144904255,0.0019384996261206284,0.015529287555343125,0.0033441321887273377,0.0004204356437718455,0.0034313374871174315,0.0034748056990412447,-8.712610697003903e-5,0.011650973050316225,0.001731216818700212,-0.00014044172565418316,-0.0017277512729837567,0.0009338921402503812,0.002249774778493918,0.00039963733526459386,0.0004440211296227964,0.00044424394920336086,0.0019724552368176876,0.005098410521085845,0.0027481310802378567,0.004410002960933787,0.0014240641340946643,0.0033441321887273377,0.022674773935253897,0.001975609691823056,0.0014672987792829,0.001965021083545718,0.001572235457116074,0.009005161302361467,0.0010838468987914446,0.00040955146965451766,-0.0002509213781569528,0.0005658731918987503,0.002778032298568626,-0.0013164571478220582,4.9654740471975344e-5,0.0001729809885602553,0.001001473643429022,-0.0012577779287108613,-0.00011376321538326994,0.002149061727733815,-0.00020422444690922943,0.0004204356437718455,0.001975609691823056,0.005463338386443908,-0.0010221161814759237,0.0011832108447006533,-0.0015782075180695268,0.006489880353616848,0.0011413371485431971,0.0027687297640727002,0.0021196744209925527,-0.00022828140709184926,-0.002243622133903115,0.00114173125315969,0.0026442885176399212,0.0009357734591470447,-0.00011940335943164435,-0.0010075332956660092,0.005089354806925539,0.0006402919637253043,0.0017912451069549242,0.0034313374871174315,0.0014672987792829,-0.0010221161814759237,0.016504036989653817,0.003126040192260235,0.005095607167480942,0.0006110105663899687,0.0007259772139180565,-0.00028927062965686213,-0.0005039577861906487,1.4849931122593463e-5,0.000626797198531648,0.00018751403798389073,0.0012538362237307626,0.0004721632512613246,0.00022715514542375267,0.0004404203065012664,0.0017679635899701053,0.0013110098667422367,0.0012121822286453227,0.0034748056990412447,0.001965021083545718,0.0011832108447006533,0.003126040192260235,0.005783200905728716,0.0005300749508736824,0.006296471673453225,0.0005963019062519758,0.0032045635484798684,0.0009915498844231996,0.00021133239909845725,-0.0025702411923552793,0.002533139218365234,0.0013464295670097062,0.0007215988872141437,0.0003665855712528549,0.004147812740194582,0.006500635726301943,0.0014014286036438176,0.0007402938788975746,-8.712610697003903e-5,0.001572235457116074,-0.0015782075180695268,0.005095607167480942,0.0005300749508736824,0.014844598412737355,-0.0029967224178366115,-0.0007204918239636265,-0.00022002797121565095,-0.0029358734280294646,-5.351001418575337e-6,0.005217015407935323,0.001221261125116977,0.00653296926983221,0.0037438570985044778,0.0023734430436649044,0.008110999292328131,0.003134551323096399,0.003922683565304241,0.00245647983157388,0.011650973050316225,0.009005161302361467,0.006489880353616848,0.0006110105663899687,0.006296471673453225,-0.0029967224178366115,0.053293028844418444,0.004559511904040983,0.001990116344760476,0.000160585441838822,0.0004999019344644191,0.000987084222820909,0.0020741162783879624,0.0009151954118846791,0.0023409392926889098,0.0004433975613817919,0.002348691900116256,0.0026795221758513137,0.0017805700365986802,0.0007732002172341787,0.001731216818700212,0.0010838468987914446,0.0011413371485431971,0.0007259772139180565,0.0005963019062519758,-0.0007204918239636265,0.004559511904040983,0.004519718340459188
