0.01965259454848467,0.004940476628374691,0.0005451975006556399,0.0005916547481636504,-0.0009481916460287637,0.0019021892018591924,0.0031555007420323335,0.0042987298029078256,0.0064415781379762,0.0008815554884913821,0.0006464594194912909,0.004490648958789268,0.004031993615344791,0.006618710153865274,0.0012881831125826039,0.007189339667953279,0.0028829329491188854,0.002701472193104849,0.0071702273886396755,0.00826394560177862,0.004940476628374691,0.01730885167210372,0.00045453542211572307,0.0007949555659908813,0.0017958529650405743,8.014164587084437e-5,0.003556241432872108,0.004399177903324308,0.003531464096024592,0.0017848532453571503,0.006733441487754647,0.0006570452726724716,-0.0010576755375092599,0.002418861171888993,0.0006318962274528186,-0.0026869187329356097,0.0012203018649415264,0.0006904603639439105,0.001457001529642882,0.003254501146973935,0.0005451975006556399,0.00045453542211572307,0.002759239135302273,-0.0001658995380085025,0.0007134993727640384,0.0007841229875816243,0.0043736081856904484,0.0011059841197322393,0.0007543472555856253,0.00046869085858141437,0.0031257615412880885,0.0008978327427096119,0.00267258563487208,0.0013936854410622817,0.0008664085254118457,0.0005008320317031044,0.0010725275644518967,0.0006103175513823011,0.001265441748370084,0.004226495890164072,0.0005916547481636504,0.0007949555659908813,-0.0001658995380085025,0.008214376823045063,0.0014447488412403391,0.001357258785059344,-0.0025597148255136395,-4.21039833573176e-5,0.0008122813192153735,0.0025654548627844784,0.0008708928305489706,0.004464611826217938,0.0015256390242490859,0.0013246866473936715,0.004146451827393155,0.004541143240218489,0.002203541919181433,0.0010146207157351282,0.006493709931234812,-0.0003662327759856479,-0.0009481916460287637,0.0017958529650405743,0.0007134993727640384,0.0014447488412403391,0.004456627799015365,0.0004400419214185245,0.004899704804350718,0.0016702925758230397,0.001748299132745557,0.0011504116434102982,0.00581752541478372,0.000660494966596839,0.00130816679919636,0.0004537376346198396,0.0027148664390924783,-0.00204794210803968,0.0016999098668270128,0.0002913087493273971,0.0024850802283035807,0.001817490316393515,0.0019021892018591924,8.014164587084437e-5,0.0007841229875816243,0.001357258785059344,0.0004400419214185245,0.0038972168960100567,0.001485559772731462,0.0004092785162409852,0.002185162275678255,0.002355040098336352,0.0015497928534674709,0.0009666871988159422,0.003192991909021229,0.0020546720062900765,0.0004460317928740372,0.004271490978734376,0.0017485092359041776,0.000906641798264549,0.0055803412130584415,0.002951162945933886,0.0031555007420323335,0.003556241432872108,0.0043736081856904484,-0.0025597148255136395,0.004899704804350718,0.001485559772731462,0.058383861146790055,0.007669596450825824,0.0012287204518323415,-0.001578530274188332,0.0166052306178811,0.0033254519792691815,0.012056084240471377,0.000530076240689428,0.0018259379686820596,-0.012726705743958542,0.0033796160975925037,-3.43909347858437e-5,0.0013950888727327316,0.01452343306289956,0.0042987298029078256,0.004399177903324308,0.0011059841197322393,-4.21039833573176e-5,0.0016702925758230397,0.0004092785162409852,0.007669596450825824,0.006905332706050967,0.001929081051376956,-0.00015662080885035052,0.008620677831907689,0.0016584070125758952,0.00221081232362707,0.0024411380297706268,0.0024413607185382303,-0.0016821600600919013,0.002450050340449269,0.001020716282165177,0.00330772900156524,0.008519621997058947,0.0064415781379762,0.003531464096024592,0.0007543472555856253,0.0008122813192153735,0.001748299132745557,0.002185162275678255,0.0012287204518323415,0.001929081051376956,0.01232720081323188,0.002631513439506369,0.001535432095277817,0.0008528682629088855,0.003198222727119658,0.00445621435148767,-7.335453762477638e-5,0.008128537247923402,0.002658076911587412,0.0027745325895745672,0.007407336019615232,0.003911166908788242,0.0008815554884913821,0.0017848532453571503,0.00046869085858141437,0.0025654548627844784,0.0011504116434102982,0.002355040098336352,-0.001578530274188332,-0.00015662080885035052,0.002631513439506369,0.007559116211166486,0.00020112797759106165,-0.0001088967025410449,0.00205307402429453,0.0021059630261597642,0.0004541928314398164,0.0048827803978472506,0.002164669539048548,0.0007213758272420482,0.0066213889688062225,0.001603462035859665,0.0006464594194912909,0.006733441487754647,0.0031257615412880885,0.0008708928305489706,0.00581752541478372,0.0015497928534674709,0.0166052306178811,0.008620677831907689,0.001535432095277817,0.00020112797759106165,0.03618502994706407,0.0039000261417050375,0.005903043079033471,0.0005947365258283034,0.006180797446506997,-0.010811283219710234,0.002908873043255881,0.001069436220867974,0.006912051559897567,0.009027450392893693,0.004490648958789268,0.0006570452726724716,0.0008978327427096119,0.004464611826217938,0.000660494966596839,0.0009666871988159422,0.0033254519792691815,0.0016584070125758952,0.0008528682629088855,-0.0001088967025410449,0.0039000261417050375,0.01583230458061663,0.006750576906700279,-0.0011321097910513736,0.007506266935645367,0.0050826009209309015,0.0017507896695055471,0.0022402382414720952,0.0040521781498836455,0.009212141489239316,0.004031993615344791,-0.0010576755375092599,0.00267258563487208,0.0015256390242490859,0.00130816679919636,0.003192991909021229,0.012056084240471377,0.00221081232362707,0.003198222727119658,0.00205307402429453,0.005903043079033471,0.006750576906700279,0.017395439040624135,0.0003159525491413871,0.0036340463676055824,0.005504551452897168,0.0022260052233172662,0.001645281162908233,0.00619100313191853,0.009024871459501798,0.006618710153865274,0.002418861171888993,0.0013936854410622817,0.0013246866473936715,0.0004537376346198396,0.0020546720062900765,0.000530076240689428,0.0024411380297706268,0.00445621435148767,0.0021059630261597642,0.0005947365258283034,-0.0011321097910513736,0.0003159525491413871,0.01612051240380847,0.00018209537361853017,0.006130454178410976,0.005355685266591114,0.0021948474779034,0.008655734142155182,0.005285063411787299,0.0012881831125826039,0.0006318962274528186,0.0008664085254118457,0.004146451827393155,0.0027148664390924783,0.0004460317928740372,0.0018259379686820596,0.0024413607185382303,-7.335453762477638e-5,0.0004541928314398164,0.006180797446506997,0.007506266935645367,0.0036340463676055824,0.00018209537361853017,0.011446516500516023,0.0020167278671541283,0.0025390505296643785,0.0015875401332628447,0.005266851777068534,0.007796803261579049,0.007189339667953279,-0.0026869187329356097,0.0005008320317031044,0.004541143240218489,-0.00204794210803968,0.004271490978734376,-0.012726705743958542,-0.0016821600600919013,0.008128537247923402,0.0048827803978472506,-0.010811283219710234,0.0050826009209309015,0.005504551452897168,0.006130454178410976,0.0020167278671541283,0.03323722871925945,0.0035319347126401878,0.0041475806070437994,0.009348923212710017,0.004500107401335681,0.0028829329491188854,0.0012203018649415264,0.0010725275644518967,0.002203541919181433,0.0016999098668270128,0.0017485092359041776,0.0033796160975925037,0.002450050340449269,0.002658076911587412,0.002164669539048548,0.002908873043255881,0.0017507896695055471,0.0022260052233172662,0.005355685266591114,0.0025390505296643785,0.0035319347126401878,0.009353550556302919,0.0017012044631042789,0.006843159528488192,0.006946317401074207,0.002701472193104849,0.0006904603639439105,0.0006103175513823011,0.0010146207157351282,0.0002913087493273971,0.000906641798264549,-3.43909347858437e-5,0.001020716282165177,0.0027745325895745672,0.0007213758272420482,0.001069436220867974,0.0022402382414720952,0.001645281162908233,0.0021948474779034,0.0015875401332628447,0.0041475806070437994,0.0017012044631042789,0.002569136144961879,0.003986755517423528,0.003422944051807821,0.0071702273886396755,0.001457001529642882,0.001265441748370084,0.006493709931234812,0.0024850802283035807,0.0055803412130584415,0.0013950888727327316,0.00330772900156524,0.007407336019615232,0.0066213889688062225,0.006912051559897567,0.0040521781498836455,0.00619100313191853,0.008655734142155182,0.005266851777068534,0.009348923212710017,0.006843159528488192,0.003986755517423528,0.028580688646910275,0.008544655358597695,0.00826394560177862,0.003254501146973935,0.004226495890164072,-0.0003662327759856479,0.001817490316393515,0.002951162945933886,0.01452343306289956,0.008519621997058947,0.003911166908788242,0.001603462035859665,0.009027450392893693,0.009212141489239316,0.009024871459501798,0.005285063411787299,0.007796803261579049,0.004500107401335681,0.006946317401074207,0.003422944051807821,0.008544655358597695,0.044866354759547936
0.012257831779517593,0.005807361818755818,0.000572323884884409,0.001960487813343804,0.0004070887109321881,0.0013152572059944797,0.004964559400471987,0.0002580681978589523,-0.0007369512746783784,0.0011096913250718682,0.0014103359678225348,0.0005678498285761949,-0.0017622471866371079,-0.00042799777958572264,0.0019127186524668036,-0.0025238500042069605,0.002234287422458089,0.0008855769781145499,-0.0010903506139144565,-0.0012302474478348353,0.005807361818755818,0.030873129508757806,0.002173310124631492,0.001792639832250629,0.00027267986694263786,0.003007828590589492,0.005426319296692379,0.0011680304575193059,-0.008606439895350395,-0.0033097367658356525,0.0005136463103058569,-0.001304765036147108,-0.0035774950674190204,0.002701989299378999,-0.0007631236260790602,-0.004747269625380212,0.0028801198775479714,0.0003261667566710378,-0.00010034207734433375,-4.079340181417559e-5,0.000572323884884409,0.002173310124631492,0.0033152895241872456,-0.0006862190104747494,0.0004273746141979962,0.0010967490351280864,0.002521106410232972,-0.0004081378793818197,0.0020867727559394696,0.0015159786926089653,0.0033340264499675436,0.0012145372180660825,0.0015669932954990814,0.001847085252133872,0.0032872772023518435,0.00030356280676091865,-0.0010597786450334263,0.0012075299537262106,-0.00012966796686201363,-0.0014856950440532589,0.001960487813343804,0.001792639832250629,-0.0006862190104747494,0.008200777821996118,-0.0003727639666189835,-0.0001318553688039005,-0.005238897720597128,0.0020402268196096276,-0.003017114068478045,0.00025694955787784984,-0.003052391307581284,-0.0013500948772751699,-0.004909481159315856,-0.0006565513500744408,-0.0026500710376403734,-0.0027310735874172386,0.0024428245386400862,-0.001032620520389807,-0.001365056234532255,0.003679144948437141,0.0004070887109321881,0.00027267986694263786,0.0004273746141979962,-0.0003727639666189835,0.0030848670195305987,0.00016785244103099774,0.0005214278503676,6.650879013986788e-6,-0.000990667737946825,-0.00045803855138813407,0.0018842581089537243,0.0014927431566586517,-4.602496375369369e-5,0.0008549581299808977,0.0003182607357127234,0.0004494081996682245,-0.00012215361849616437,0.000641473145275649,0.0011015983003616935,0.002055006760503686,0.0013152572059944797,0.003007828590589492,0.0010967490351280864,-0.0001318553688039005,0.00016785244103099774,0.0037344498653378378,0.002484741199411073,6.51553746558941e-6,0.0006067119984691056,0.0017506231309205454,-0.00023400178410107114,6.906291561091689e-5,-0.00016126483517975168,-0.00036158983267368206,0.001472783096976781,-0.001647125865965232,-0.00015028794669908293,0.0009949068567862485,-0.0016254406166617546,-0.0019880917028202616,0.004964559400471987,0.005426319296692379,0.002521106410232972,-0.005238897720597128,0.0005214278503676,0.002484741199411073,0.061909888294886486,-0.00545230085516017,0.010413011791977182,0.005329114074250796,0.012475051919152165,0.0010031953765555512,0.012282713126759968,-0.003968889754295062,0.006374143967944324,0.0047307422202628535,-0.0021808549076707266,0.0018423881444658897,-0.0017799244714243427,0.004384495940074151,0.0002580681978589523,0.0011680304575193059,-0.0004081378793818197,0.0020402268196096276,6.650879013986788e-6,6.51553746558941e-6,-0.00545230085516017,0.004442866063683509,-0.00242788009639379,-0.0008576588317983525,-0.00417506455800014,-0.0011332287774869125,-0.0022278810272159293,-0.0003859820992486763,-0.0012204474513849782,-0.0015129316717082432,0.00211063924890128,-0.0010484278512745983,-0.0015071761636609926,-0.002502236131008355,-0.0007369512746783784,-0.008606439895350395,0.0020867727559394696,-0.003017114068478045,-0.000990667737946825,0.0006067119984691056,0.010413011791977182,-0.00242788009639379,0.017841789413820506,0.004335318479940754,0.004906231229192048,0.003579608106106294,0.008018457192803672,-0.0004357988025739973,0.008227146179434961,0.003863543671019495,-0.002857260452910985,0.0019820827903656614,-0.004469817907643057,-0.0019411870846943744,0.0011096913250718682,-0.0033097367658356525,0.0015159786926089653,0.00025694955787784984,-0.00045803855138813407,0.0017506231309205454,0.005329114074250796,-0.0008576588317983525,0.004335318479940754,0.010691932762203352,0.0008758160372259388,0.003008633646145187,0.0021518923155964594,-0.0016082595977722947,0.0026782074235071436,-0.00037681617416185646,-0.0020289189046702348,0.0010541071542456337,-0.003044356180081518,0.00028804933212189663,0.0014103359678225348,0.0005136463103058569,0.0033340264499675436,-0.003052391307581284,0.0018842581089537243,-0.00023400178410107114,0.012475051919152165,-0.00417506455800014,0.004906231229192048,0.0008758160372259388,0.029206076844757022,0.004919971798049514,0.005466341470268954,0.00722909622410235,0.008487727766595336,0.005156007049671649,-0.0029917313356126038,0.001252165646592482,0.0019381985786809234,0.004750003776469221,0.0005678498285761949,-0.001304765036147108,0.0012145372180660825,-0.0013500948772751699,0.0014927431566586517,6.906291561091689e-5,0.0010031953765555512,-0.0011332287774869125,0.003579608106106294,0.003008633646145187,0.004919971798049514,0.012498506680259272,0.0021262655285642323,0.002747339134597852,0.0038380819773346404,-8.581217515203708e-5,-0.001770607823008996,0.0005756556919173947,-0.0013667267034447664,0.0024718603295958387,-0.0017622471866371079,-0.0035774950674190204,0.0015669932954990814,-0.004909481159315856,-4.602496375369369e-5,-0.00016126483517975168,0.012282713126759968,-0.0022278810272159293,0.008018457192803672,0.0021518923155964594,0.005466341470268954,0.0021262655285642323,0.014389338588698623,0.0011087631707556232,0.005173682580688016,0.00396320925900846,-0.002895243626938291,0.0015441893539453358,-0.0024526701398736835,-0.0006711076048626543,-0.00042799777958572264,0.002701989299378999,0.001847085252133872,-0.0006565513500744408,0.0008549581299808977,-0.00036158983267368206,-0.003968889754295062,-0.0003859820992486763,-0.0004357988025739973,-0.0016082595977722947,0.00722909622410235,0.002747339134597852,0.0011087631707556232,0.016268300675581767,0.0030488899937881828,0.004570288251680529,-0.0015606964160204753,0.0009396493373258581,0.003143256737343428,-0.002255043878938729,0.0019127186524668036,-0.0007631236260790602,0.0032872772023518435,-0.0026500710376403734,0.0003182607357127234,0.001472783096976781,0.006374143967944324,-0.0012204474513849782,0.008227146179434961,0.0026782074235071436,0.008487727766595336,0.0038380819773346404,0.005173682580688016,0.0030488899937881828,0.013897069771593738,0.0028810664420492365,-0.002266585415312464,0.0018955696398068435,-0.0012110793332479521,-0.004717260672360161,-0.0025238500042069605,-0.004747269625380212,0.00030356280676091865,-0.0027310735874172386,0.0004494081996682245,-0.001647125865965232,0.0047307422202628535,-0.0015129316717082432,0.003863543671019495,-0.00037681617416185646,0.005156007049671649,-8.581217515203708e-5,0.00396320925900846,0.004570288251680529,0.0028810664420492365,0.01819882404428499,-0.0018748115077639892,0.00010095539944690742,0.0020008208410495273,0.0010682374831045031,0.002234287422458089,0.0028801198775479714,-0.0010597786450334263,0.0024428245386400862,-0.00012215361849616437,-0.00015028794669908293,-0.0021808549076707266,0.00211063924890128,-0.002857260452910985,-0.0020289189046702348,-0.0029917313356126038,-0.001770607823008996,-0.002895243626938291,-0.0015606964160204753,-0.002266585415312464,-0.0018748115077639892,0.007184848808208469,-0.0006721928362829115,-0.0008507573236411311,-0.0015575369075815806,0.0008855769781145499,0.0003261667566710378,0.0012075299537262106,-0.001032620520389807,0.000641473145275649,0.0009949068567862485,0.0018423881444658897,-0.0010484278512745983,0.0019820827903656614,0.0010541071542456337,0.001252165646592482,0.0005756556919173947,0.0015441893539453358,0.0009396493373258581,0.0018955696398068435,0.00010095539944690742,-0.0006721928362829115,0.0023010478800527976,0.00041347359802945466,-0.0005115901848549121,-0.0010903506139144565,-0.00010034207734433375,-0.00012966796686201363,-0.001365056234532255,0.0011015983003616935,-0.0016254406166617546,-0.0017799244714243427,-0.0015071761636609926,-0.004469817907643057,-0.003044356180081518,0.0019381985786809234,-0.0013667267034447664,-0.0024526701398736835,0.003143256737343428,-0.0012110793332479521,0.0020008208410495273,-0.0008507573236411311,0.00041347359802945466,0.01887941245971237,0.006133550539480949,-0.0012302474478348353,-4.079340181417559e-5,-0.0014856950440532589,0.003679144948437141,0.002055006760503686,-0.0019880917028202616,0.004384495940074151,-0.002502236131008355,-0.0019411870846943744,0.00028804933212189663,0.004750003776469221,0.0024718603295958387,-0.0006711076048626543,-0.002255043878938729,-0.004717260672360161,0.0010682374831045031,-0.0015575369075815806,-0.0005115901848549121,0.006133550539480949,0.03924018722964647
