0.010673707148915926,0.0005608851362737539,0.0017953901223334242,-0.0002008521700952707,-0.0014424908900993647,-0.00041145520830559475,-0.0011853517336920943,0.0017452721988908974,-8.469939853362454e-5,0.0006093377604331203,-0.0009486667292847994,0.001110595778818361,-0.0005217498934518466,-4.8596463281824626e-5,0.0014566065068571132,0.003818418476017257,0.0009275559767932353,0.00042931876759162377,0.0009787202209192874,0.001038932233497442,0.0005608851362737539,0.010466430932257064,0.0002742400646444349,-0.00022514546255009772,-0.0012126068376988796,-0.0011442671033148962,0.0010134825449257322,-0.0007461164235136877,0.00024432159397186955,0.0033296693521389876,-0.0013689859804789034,0.002549359594699408,-0.00013632264063075344,0.00013283375580776008,0.0004651489963125496,0.0030869146937962154,-0.0018816815971705583,0.0008667523536795261,-0.0009226438069287678,0.0035867891844109023,0.0017953901223334242,0.0002742400646444349,0.004340138260356873,-0.00013007673287690014,-0.0009356703510869579,-0.0003942069136267844,-0.0010270271864087632,0.0005045298498964286,-0.0006891729761298608,0.0009679575236755469,0.00026529360956610245,0.0006472134239074371,0.00014003264883254108,-0.00034398284905441716,0.0012510332382500327,-7.603883184141996e-5,-0.0011191668126836014,6.669659027607497e-5,0.00013175078365304657,0.0013888632702959292,-0.0002008521700952707,-0.00022514546255009772,-0.00013007673287690014,0.004344981527467346,0.0006463215657420266,-9.441267416609214e-5,0.00022950893881104254,0.00033041575811748646,0.0007212630197330577,0.00035630972937830327,0.0011298773365573597,0.0005548438439762133,-0.00012124823433771705,0.0007588810723615777,0.0013551518837863893,0.0004044950033340826,0.0006602558254401766,0.000307551941712319,-0.00016691813214862432,0.0006051101615816299,-0.0014424908900993647,-0.0012126068376988796,-0.0009356703510869579,0.0006463215657420266,0.010984519557897665,0.001666816221752275,-0.0005442438032159093,0.0009010331901370224,0.000796137012411399,-0.0021193055046301356,0.002350706078982135,-0.00232268417954352,0.0004821670253971935,0.00246385243361323,0.00047752570973040847,-0.00198374471174566,0.0027116645520287135,0.0016451341304251671,0.0003930573282536809,-0.0002857119900133814,-0.00041145520830559475,-0.0011442671033148962,-0.0003942069136267844,-9.441267416609214e-5,0.001666816221752275,0.003789871498832737,0.000274720345494909,0.0009503567908403579,0.00013561456711193943,-0.0010528644893915023,0.0012617301594174714,-0.0010096141239603006,0.00014851349077062815,0.0007050297453481222,0.0007814660161392188,0.001133157113928756,0.0012060382080807315,0.0015270836656361354,0.0005009666410932522,-0.0011985586167366211,-0.0011853517336920943,0.0010134825449257322,-0.0010270271864087632,0.00022950893881104254,-0.0005442438032159093,0.000274720345494909,0.008079585427886084,-0.0013198396501754896,0.00063969843686656,0.0032763094674007616,-0.0007917561291538272,-0.00044849919140771226,-9.214485167302752e-5,-0.00017750205993898532,-0.0003425051203728035,0.0013483566101771527,0.0005232543976640806,0.0012789071626259797,-4.802281344722176e-5,0.0008147543979814911,0.0017452721988908974,-0.0007461164235136877,0.0005045298498964286,0.00033041575811748646,0.0009010331901370224,0.0009503567908403579,-0.0013198396501754896,0.003303479956315462,-0.0004395436866385374,-0.0012130284210677437,0.001231825284545866,-0.00022149363006805726,-8.045633773300678e-5,0.0004082407201260338,0.0017752913612178553,0.0005117171493365705,0.0007250836814296533,-0.0004719653346846888,0.0009716000676282721,-0.00045177931381230115,-8.469939853362454e-5,0.00024432159397186955,-0.0006891729761298608,0.0007212630197330577,0.000796137012411399,0.00013561456711193943,0.00063969843686656,-0.0004395436866385374,0.003434720571783288,-0.0007318650873230055,4.630774130600263e-5,0.000254616572107752,-0.00038226240549241115,0.0008861225143076158,0.0005524070109416477,0.0007037183117081146,0.0015035713437901003,0.0007367633131311653,0.0006454789554335828,-0.000624440713685194,0.0006093377604331203,0.0033296693521389876,0.0009679575236755469,0.00035630972937830327,-0.0021193055046301356,-0.0010528644893915023,0.0032763094674007616,-0.0012130284210677437,-0.0007318650873230055,0.014541381131257957,-0.001640850379938516,0.001257234083957951,0.00013389270229345656,-0.00035043508557536446,0.0014513803902870812,0.00048257186028077674,-0.001526410036073978,-0.0027016062752379657,-0.0011812601343349242,0.006023058932891591,-0.0009486667292847994,-0.0013689859804789034,0.00026529360956610245,0.0011298773365573597,0.002350706078982135,0.0012617301594174714,-0.0007917561291538272,0.001231825284545866,4.630774130600263e-5,-0.001640850379938516,0.015076221591581963,-0.0027526902918664138,-0.0004915316521586293,0.0030174111114157545,-0.00176847522583717,0.0002984359907540909,0.0029135949532806756,0.001669205667314674,0.0014772476334032347,-0.0016592843007310343,0.001110595778818361,0.002549359594699408,0.0006472134239074371,0.0005548438439762133,-0.00232268417954352,-0.0010096141239603006,-0.00044849919140771226,-0.00022149363006805726,0.000254616572107752,0.001257234083957951,-0.0027526902918664138,0.005922351388773126,-5.526554695838548e-5,-0.0006723073402891354,0.0006975437783614555,0.0016652403338881894,-0.0013319254103334192,9.846273200184417e-5,-0.0009821196813426265,0.0022752459893708495,-0.0005217498934518466,-0.00013632264063075344,0.00014003264883254108,-0.00012124823433771705,0.0004821670253971935,0.00014851349077062815,-9.214485167302752e-5,-8.045633773300678e-5,-0.00038226240549241115,0.00013389270229345656,-0.0004915316521586293,-5.526554695838548e-5,0.002866054696753888,-1.870892689404261e-6,-0.0004961019470351002,6.707607304490866e-5,-0.0007766484164734922,-0.00033522079767724674,-4.662118699898314e-5,9.789572348602434e-5,-4.8596463281824626e-5,0.00013283375580776008,-0.00034398284905441716,0.0007588810723615777,0.00246385243361323,0.0007050297453481222,-0.00017750205993898532,0.0004082407201260338,0.0008861225143076158,-0.00035043508557536446,0.0030174111114157545,-0.0006723073402891354,-1.870892689404261e-6,0.008068398166152634,0.0003249940158828185,-0.0003659859866015702,0.0020915416769187937,-0.0003584127691124483,0.0006610793488871707,-0.0001820587062361443,0.0014566065068571132,0.0004651489963125496,0.0012510332382500327,0.0013551518837863893,0.00047752570973040847,0.0007814660161392188,-0.0003425051203728035,0.0017752913612178553,0.0005524070109416477,0.0014513803902870812,-0.00176847522583717,0.0006975437783614555,-0.0004961019470351002,0.0003249940158828185,0.015801965169488945,-0.0004841474248677544,-0.0009051559974353967,0.00030659455551071207,0.0006302156281414047,0.003235871770323905,0.003818418476017257,0.0030869146937962154,-7.603883184141996e-5,0.0004044950033340826,-0.00198374471174566,0.001133157113928756,0.0013483566101771527,0.0005117171493365705,0.0007037183117081146,0.00048257186028077674,0.0002984359907540909,0.0016652403338881894,6.707607304490866e-5,-0.0003659859866015702,-0.0004841474248677544,0.020286961920124056,0.0030782203659969667,0.004808874666910793,0.0012676031365151876,-0.0006950321303782058,0.0009275559767932353,-0.0018816815971705583,-0.0011191668126836014,0.0006602558254401766,0.0027116645520287135,0.0012060382080807315,0.0005232543976640806,0.0007250836814296533,0.0015035713437901003,-0.001526410036073978,0.0029135949532806756,-0.0013319254103334192,-0.0007766484164734922,0.0020915416769187937,-0.0009051559974353967,0.0030782203659969667,0.00944333812906774,0.0023084215866392673,0.0011590615980019642,-0.001303051387272586,0.00042931876759162377,0.0008667523536795261,6.669659027607497e-5,0.000307551941712319,0.0016451341304251671,0.0015270836656361354,0.0012789071626259797,-0.0004719653346846888,0.0007367633131311653,-0.0027016062752379657,0.001669205667314674,9.846273200184417e-5,-0.00033522079767724674,-0.0003584127691124483,0.00030659455551071207,0.004808874666910793,0.0023084215866392673,0.011921963409147994,0.0001917273702040111,-0.0020526191558932327,0.0009787202209192874,-0.0009226438069287678,0.00013175078365304657,-0.00016691813214862432,0.0003930573282536809,0.0005009666410932522,-4.802281344722176e-5,0.0009716000676282721,0.0006454789554335828,-0.0011812601343349242,0.0014772476334032347,-0.0009821196813426265,-4.662118699898314e-5,0.0006610793488871707,0.0006302156281414047,0.0012676031365151876,0.0011590615980019642,0.0001917273702040111,0.0025829021162484703,-0.0002997522691849042,0.001038932233497442,0.0035867891844109023,0.0013888632702959292,0.0006051101615816299,-0.0002857119900133814,-0.0011985586167366211,0.0008147543979814911,-0.00045177931381230115,-0.000624440713685194,0.006023058932891591,-0.0016592843007310343,0.0022752459893708495,9.789572348602434e-5,-0.0001820587062361443,0.003235871770323905,-0.0006950321303782058,-0.001303051387272586,-0.0020526191558932327,-0.0002997522691849042,0.014198999998246973
0.014898691497652706,0.001718996754563544,0.001740045275235522,0.001742182370199843,0.0012996767562129213,0.0023909777419473047,0.0024518725028162503,0.003404923298466311,0.0023077422858359467,-0.0014426265331639687,-0.0022137274183161456,0.005760696908120607,0.0052879886340183955,0.0011064619083997053,0.0068773942802334235,-0.001896110543425044,0.004271656102644714,0.0002817338550197108,0.002815454818188321,0.0033370877667130753,0.001718996754563544,0.006756806896892756,0.0010147466028881213,0.0012319314295603312,0.0001266242718961499,0.0017701275480346244,0.00032107196095838305,0.001070021126752828,0.001240467387109059,-0.0005163643548676379,0.0006041723247331878,0.0026700715315236814,0.0013086574525428855,0.0011694651706429004,0.0016383899070101548,-0.0024717718636487387,-0.0004553610584158165,0.0009671720636670011,0.0013598143889899292,0.0003985867448754143,0.001740045275235522,0.0010147466028881213,0.0066006978532996445,0.001130944914311399,0.003669263712087147,0.0005269286586741962,0.0015927856582500753,0.0005592654397150829,0.0010258878295209613,0.0016785682788029487,0.0003498169910760771,0.0009562370426861803,0.0030251435920495527,0.0028501590034031104,0.003680607391172765,0.002440028465600224,0.0018897235738426668,-0.000985813220776541,0.0010219945416953726,-0.0012895464073953272,0.001742182370199843,0.0012319314295603312,0.001130944914311399,0.007503253344196329,0.0012886940698597785,0.0021054878056306885,-0.0005715393485573336,-0.0004394950845825693,-0.0011422699857810486,-0.00012190359841933291,-0.0008181348470919685,0.001926000920130543,0.000393777224238824,0.0022845828716765923,-0.0010502158749370765,0.001377648606779989,-0.000672322770995682,0.0007771225946363862,0.0030132181568824144,0.0019187449641153028,0.0012996767562129213,0.0001266242718961499,0.003669263712087147,0.0012886940698597785,0.010290409060209112,0.0013333704413791923,0.0019429043472548055,3.5900646023102714e-5,0.0015224513948766565,0.004268894027925365,-0.0006061959298289299,-0.0012096532200176274,0.001943236704396326,0.0014869492029032038,0.0011866229461124297,0.0038386669487233613,-9.32962555288234e-5,0.0004380639641616178,0.0010164725338668462,-0.0014507178942122219,0.0023909777419473047,0.0017701275480346244,0.0005269286586741962,0.0021054878056306885,0.0013333704413791923,0.005150850073098261,0.0007078174786118444,0.0019863964396660064,0.0010305932067850322,0.00035906336643170016,0.0008420485751199423,0.002356871784840098,0.0016769434594993207,0.00044441248830585857,0.0017070692951161488,-0.0008823376783657659,0.0008258300461119346,0.0015696250183658458,0.0019732549053291717,0.0028611011669586327,0.0024518725028162503,0.00032107196095838305,0.0015927856582500753,-0.0005715393485573336,0.0019429043472548055,0.0007078174786118444,0.006919389038193647,0.0004777236336793849,0.002448510454617286,0.0018300655409518038,0.004588215088927197,0.00014200141852469298,0.002877473609048474,6.911472344568822e-5,0.005074880525892997,-0.0033427726733323213,0.00200116926447965,0.001362018724723309,-0.0003454347828393047,-0.001521598765597867,0.003404923298466311,0.001070021126752828,0.0005592654397150829,-0.0004394950845825693,3.5900646023102714e-5,0.0019863964396660064,0.0004777236336793849,0.005943806417594292,0.0002604149542890027,-0.0012969943711471058,-0.0019673417660261484,0.0034104137471899286,0.0013230474608159771,3.619067910606247e-5,0.002833129678111668,-0.000632114799550285,0.003687071654178506,-0.0014452527138889002,0.0009022967635731389,0.002657079500646933,0.0023077422858359467,0.001240467387109059,0.0010258878295209613,-0.0011422699857810486,0.0015224513948766565,0.0010305932067850322,0.002448510454617286,0.0002604149542890027,0.005208793589063175,-0.00032889142545708806,0.0031876858194870737,0.0010903686145335525,0.0035087028314514865,-0.0001895841718729547,0.002291419348758907,-0.0048720375113873345,-0.0008205729978348877,0.00318310107127444,-0.0002763505480683056,-0.0012126468439642522,-0.0014426265331639687,-0.0005163643548676379,0.0016785682788029487,-0.00012190359841933291,0.004268894027925365,0.00035906336643170016,0.0018300655409518038,-0.0012969943711471058,-0.00032889142545708806,0.012173213728807515,0.0036015519204417217,-0.0021049842421383184,0.0002917849639748265,-0.0007050496035499349,0.002466772503054452,0.002900792304529462,0.0013279260121968352,-0.00046324127165475157,-0.0005025192985567326,-0.0020702723417231833,-0.0022137274183161456,0.0006041723247331878,0.0003498169910760771,-0.0008181348470919685,-0.0006061959298289299,0.0008420485751199423,0.004588215088927197,-0.0019673417660261484,0.0031876858194870737,0.0036015519204417217,0.023495148325501865,-0.00030097277427314705,0.002690754464703048,-0.0017598632674887076,0.006560079156422338,-0.006052241614262952,0.0009577787940330692,0.0028722681279068386,-0.0023856930680218325,-0.0024688432943054837,0.005760696908120607,0.0026700715315236814,0.0009562370426861803,0.001926000920130543,-0.0012096532200176274,0.002356871784840098,0.00014200141852469298,0.0034104137471899286,0.0010903686145335525,-0.0021049842421383184,-0.00030097277427314705,0.009389687845002248,0.003586038152751125,0.0020138126394280555,0.003929851183679062,-0.00441620743253371,0.00233136851814,0.000981537305608839,0.0023011912033678054,0.00384141682964165,0.0052879886340183955,0.0013086574525428855,0.0030251435920495527,0.000393777224238824,0.001943236704396326,0.0016769434594993207,0.002877473609048474,0.0013230474608159771,0.0035087028314514865,0.0002917849639748265,0.002690754464703048,0.003586038152751125,0.007507941915006539,0.0011542981772763913,0.00579162928507823,-0.0036139650061270405,0.0018841424766401155,0.0026239442101465603,0.0012719224904538307,0.00025581395682450675,0.0011064619083997053,0.0011694651706429004,0.0028501590034031104,0.0022845828716765923,0.0014869492029032038,0.00044441248830585857,6.911472344568822e-5,3.619067910606247e-5,-0.0001895841718729547,-0.0007050496035499349,-0.0017598632674887076,0.0020138126394280555,0.0011542981772763913,0.009587278116293068,0.00401964086533799,0.002207121915525733,-0.0009087662164800438,-0.0012274007502842232,0.002267981997318974,0.0006996828724860705,0.0068773942802334235,0.0016383899070101548,0.003680607391172765,-0.0010502158749370765,0.0011866229461124297,0.0017070692951161488,0.005074880525892997,0.002833129678111668,0.002291419348758907,0.002466772503054452,0.006560079156422338,0.003929851183679062,0.00579162928507823,0.00401964086533799,0.020971304046526192,-0.0006488310228525859,0.005771538499655981,-0.0026447630662393205,0.0009363782543513857,3.0187407727869744e-5,-0.001896110543425044,-0.0024717718636487387,0.002440028465600224,0.001377648606779989,0.0038386669487233613,-0.0008823376783657659,-0.0033427726733323213,-0.000632114799550285,-0.0048720375113873345,0.002900792304529462,-0.006052241614262952,-0.00441620743253371,-0.0036139650061270405,0.002207121915525733,-0.0006488310228525859,0.026250138560583374,0.0032676202307035584,-0.005342344679872767,0.0014541473982893948,0.0008434429691747752,0.004271656102644714,-0.0004553610584158165,0.0018897235738426668,-0.000672322770995682,-9.32962555288234e-5,0.0008258300461119346,0.00200116926447965,0.003687071654178506,-0.0008205729978348877,0.0013279260121968352,0.0009577787940330692,0.00233136851814,0.0018841424766401155,-0.0009087662164800438,0.005771538499655981,0.0032676202307035584,0.012846957662300089,-0.004352713267399477,0.00038462385149984075,0.0016385485875149734,0.0002817338550197108,0.0009671720636670011,-0.000985813220776541,0.0007771225946363862,0.0004380639641616178,0.0015696250183658458,0.001362018724723309,-0.0014452527138889002,0.00318310107127444,-0.00046324127165475157,0.0028722681279068386,0.000981537305608839,0.0026239442101465603,-0.0012274007502842232,-0.0026447630662393205,-0.005342344679872767,-0.004352713267399477,0.012479363124432867,-0.00036695471632599045,-0.0004384625951262323,0.002815454818188321,0.0013598143889899292,0.0010219945416953726,0.0030132181568824144,0.0010164725338668462,0.0019732549053291717,-0.0003454347828393047,0.0009022967635731389,-0.0002763505480683056,-0.0005025192985567326,-0.0023856930680218325,0.0023011912033678054,0.0012719224904538307,0.002267981997318974,0.0009363782543513857,0.0014541473982893948,0.00038462385149984075,-0.00036695471632599045,0.003715654676306292,0.001978895790299282,0.0033370877667130753,0.0003985867448754143,-0.0012895464073953272,0.0019187449641153028,-0.0014507178942122219,0.0028611011669586327,-0.001521598765597867,0.002657079500646933,-0.0012126468439642522,-0.0020702723417231833,-0.0024688432943054837,0.00384141682964165,0.00025581395682450675,0.0006996828724860705,3.0187407727869744e-5,0.0008434429691747752,0.0016385485875149734,-0.0004384625951262323,0.001978895790299282,0.011738802437429153
0.011716966535641641,0.001757556393864383,-0.0002397097582642196,0.00029364778198488024,0.0023956952195039074,0.0012602644266353114,0.00011643843774871297,-0.0012894105937461264,0.0003286389893786311,-0.0008956607225672056,0.005398737958154456,0.000994103363888279,0.0008731312353758942,0.0025820847848219497,0.0027443960709421285,-0.00012644267394992185,-0.0011407531513109373,-0.0018833288456563775,0.0009461539727123349,0.0004469999854585042,0.001757556393864383,0.008820290551109918,0.00225237698056434,0.002540407275905247,0.00127199983074514,0.001302691065668804,0.002569202655527282,0.0015237010585641155,0.0007544933408267315,0.0025771068937811034,0.0015276084540133165,0.00016098476697879116,0.0017432909453153522,0.0034886492391418547,0.0057463720853654365,0.0018286452104148239,0.0034838118117896215,0.002711245752213815,0.0015981684415840736,0.0017819926415801328,-0.0002397097582642196,0.00225237698056434,0.006440919659776811,0.0020408730965479575,0.0008475243017613276,0.0009422620542934507,0.000645037923562152,-0.0005622568589842374,0.0007133334807964248,0.0027956798350077727,-0.001052842662971286,0.00222369783317958,-0.00031795179765232464,0.0003226502573686909,0.004541394601559788,0.0049454926305768235,0.003684545006758023,-0.00015358447010199467,0.0014183682079476258,-0.0014179388923462725,0.00029364778198488024,0.002540407275905247,0.0020408730965479575,0.007051794014762678,0.002783748103516645,8.425376301808846e-5,0.0014701101257287973,0.0016692879772355871,7.686442896249123e-5,0.002370365776727998,0.0005280364686547805,-0.000694933854749666,0.0005458115247063751,0.002012024266113957,0.0023568981675841484,0.0008308261983268738,0.00245631717928652,0.003119887468229432,0.0008260181809966053,0.0024638987517281523,0.0023956952195039074,0.00127199983074514,0.0008475243017613276,0.002783748103516645,0.009636174634125395,-0.0009626863022153508,0.0009582219807738222,0.0020789388548371427,0.0010503301705192046,0.0019826535704762656,0.0030754061468373957,-0.0005367058935803694,0.0008444471268796469,0.002196230971966683,0.0023459877410060667,0.0013740863964997903,-9.124417267999867e-5,0.004020072983937413,0.001700002654662994,0.003294403647736627,0.0012602644266353114,0.001302691065668804,0.0009422620542934507,8.425376301808846e-5,-0.0009626863022153508,0.0038165927126890646,0.00032826810715875913,-0.0008016520579893539,0.0006259678967978919,-0.0005079859763811401,4.4024503891991674e-5,0.0012111662540835945,0.00011164337037892897,0.0016934131609881355,3.213074443457734e-5,-0.00024179587706334252,0.0011893117761036754,-0.0010492473157765636,0.00047331998989077047,0.00020412934886875224,0.00011643843774871297,0.002569202655527282,0.000645037923562152,0.0014701101257287973,0.0009582219807738222,0.00032826810715875913,0.007719750358715356,0.0023960865538550312,0.0018073891048054017,0.004430913192225171,0.0004886415816748896,0.0007776197848690485,0.001646787776418733,0.0036250156334953123,0.0008674954181297971,0.0016248757613175208,0.0027538482678148594,0.004093252567272403,0.00115678690442623,0.002781698302439458,-0.0012894105937461264,0.0015237010585641155,-0.0005622568589842374,0.0016692879772355871,0.0020789388548371427,-0.0008016520579893539,0.0023960865538550312,0.005073047788014,0.0010998405394481955,0.001570635539993039,0.0007971333510881157,-0.0018244485609561142,0.002042913706621476,0.0030772485854942476,0.0003223240160347325,-0.00042881951019781075,0.0008898884401366764,0.004937441412273138,0.0007343073266338911,0.004381135773391234,0.0003286389893786311,0.0007544933408267315,0.0007133334807964248,7.686442896249123e-5,0.0010503301705192046,0.0006259678967978919,0.0018073891048054017,0.0010998405394481955,0.0036344263656743,0.0018579382835315086,0.000439391623431242,0.0009857142700323888,0.000519285106979094,0.0027134280514716693,-0.00017346613240637644,0.0016092566401670464,0.0014354715629954842,0.0015361344035735229,0.0010800159186290298,0.0015235338827866284,-0.0008956607225672056,0.0025771068937811034,0.0027956798350077727,0.002370365776727998,0.0019826535704762656,-0.0005079859763811401,0.004430913192225171,0.001570635539993039,0.0018579382835315086,0.017689000611177407,0.00035450195734792816,0.004302676344852278,0.0009608723447988973,0.003600392000719957,0.0023129710524938153,0.00758482998470462,0.004257408272651776,0.004790593976571543,0.0017243770554577716,-0.0015713845402054083,0.005398737958154456,0.0015276084540133165,-0.001052842662971286,0.0005280364686547805,0.0030754061468373957,4.4024503891991674e-5,0.0004886415816748896,0.0007971333510881157,0.000439391623431242,0.00035450195734792816,0.015908196848077236,-0.000868802869826625,0.0023893428788911535,0.0007734286834363826,0.00039318656359457635,-0.0022430322279161858,-0.002334918034790117,0.0007831317618483954,0.0014191006892348141,0.004064965959936424,0.000994103363888279,0.00016098476697879116,0.00222369783317958,-0.000694933854749666,-0.0005367058935803694,0.0012111662540835945,0.0007776197848690485,-0.0018244485609561142,0.0009857142700323888,0.004302676344852278,-0.000868802869826625,0.008483139625473625,-0.0008171171414822137,0.002448465695612971,0.0020328540324038276,0.007450867381267183,0.002534852323511711,-0.0006861038483800396,0.0007909375215231805,-0.00478238715269878,0.0008731312353758942,0.0017432909453153522,-0.00031795179765232464,0.0005458115247063751,0.0008444471268796469,0.00011164337037892897,0.001646787776418733,0.002042913706621476,0.000519285106979094,0.0009608723447988973,0.0023893428788911535,-0.0008171171414822137,0.0047214971917515424,0.001581270202854564,0.001749436374594171,-0.0005732196635519528,0.0013370969106504611,0.002328311819342477,0.0010568472038424833,0.0026993741865956903,0.0025820847848219497,0.0034886492391418547,0.0003226502573686909,0.002012024266113957,0.002196230971966683,0.0016934131609881355,0.0036250156334953123,0.0030772485854942476,0.0027134280514716693,0.003600392000719957,0.0007734286834363826,0.002448465695612971,0.001581270202854564,0.013213374590297254,0.0021160300255531417,0.0023829669734975927,0.002609805674445526,0.007045771387657265,0.002064970804447987,0.0024261853878809205,0.0027443960709421285,0.0057463720853654365,0.004541394601559788,0.0023568981675841484,0.0023459877410060667,3.213074443457734e-5,0.0008674954181297971,0.0003223240160347325,-0.00017346613240637644,0.0023129710524938153,0.00039318656359457635,0.0020328540324038276,0.001749436374594171,0.0021160300255531417,0.01784820253239786,0.005536704385780796,0.003870917039199147,0.0038069189321042907,0.002527435409065232,-0.00014839013903580764,-0.00012644267394992185,0.0018286452104148239,0.0049454926305768235,0.0008308261983268738,0.0013740863964997903,-0.00024179587706334252,0.0016248757613175208,-0.00042881951019781075,0.0016092566401670464,0.00758482998470462,-0.0022430322279161858,0.007450867381267183,-0.0005732196635519528,0.0023829669734975927,0.005536704385780796,0.019671127712295434,0.004780349338244274,0.000420420178838837,0.0013198652115507478,-0.005258911134648346,-0.0011407531513109373,0.0034838118117896215,0.003684545006758023,0.00245631717928652,-9.124417267999867e-5,0.0011893117761036754,0.0027538482678148594,0.0008898884401366764,0.0014354715629954842,0.004257408272651776,-0.002334918034790117,0.002534852323511711,0.0013370969106504611,0.002609805674445526,0.003870917039199147,0.004780349338244274,0.010488499612200875,0.002728175563643172,0.0010770190880133462,-0.0008719034876426273,-0.0018833288456563775,0.002711245752213815,-0.00015358447010199467,0.003119887468229432,0.004020072983937413,-0.0010492473157765636,0.004093252567272403,0.004937441412273138,0.0015361344035735229,0.004790593976571543,0.0007831317618483954,-0.0006861038483800396,0.002328311819342477,0.007045771387657265,0.0038069189321042907,0.000420420178838837,0.002728175563643172,0.018234773900146262,0.0025242553786640792,0.006062641601681469,0.0009461539727123349,0.0015981684415840736,0.0014183682079476258,0.0008260181809966053,0.001700002654662994,0.00047331998989077047,0.00115678690442623,0.0007343073266338911,0.0010800159186290298,0.0017243770554577716,0.0014191006892348141,0.0007909375215231805,0.0010568472038424833,0.002064970804447987,0.002527435409065232,0.0013198652115507478,0.0010770190880133462,0.0025242553786640792,0.002671913069814065,0.0010541100259370741,0.0004469999854585042,0.0017819926415801328,-0.0014179388923462725,0.0024638987517281523,0.003294403647736627,0.00020412934886875224,0.002781698302439458,0.004381135773391234,0.0015235338827866284,-0.0015713845402054083,0.004064965959936424,-0.00478238715269878,0.0026993741865956903,0.0024261853878809205,-0.00014839013903580764,-0.005258911134648346,-0.0008719034876426273,0.006062641601681469,0.0010541100259370741,0.016954081622320365
