0.016309241231168035,0.002317470832645457,0.00033564561542648655,0.0026321566267926834,0.0023168501122575406,0.00020210043922377864,0.0009157858986484483,0.0006370654647127424,0.0021484579005245207,-0.0012277216862103964,0.0012634792372264673,0.0006401396294772482,0.0015535173613015066,-0.00024338535441268663,0.0007472868650858651,0.0006491225737386696,0.00034001724691287846,0.0004458556230254169,0.002066799039673079,0.0003153531414424348,0.002317470832645457,0.011488137203033471,0.0003525386228592284,0.0007619577997494012,0.0014761399393894165,0.0009880408504391318,5.102235783484685e-5,7.801123896548285e-5,0.0018133000821016067,0.00191930642592137,0.00018082461374139706,0.0003541478922103062,0.00042119921804976545,0.001016825573559283,0.0004958277230532771,0.0009710645599627715,0.0008030646681490333,-0.00051822532489126,0.0014590190632838033,-0.0006447613563859242,0.00033564561542648655,0.0003525386228592284,0.001885849540952698,0.0013017327989999078,0.00022330153358385735,0.0004380339608906948,0.00038497616630550245,0.00019999508499559342,0.0007701397563320133,0.0006784371526010678,0.0005452471689530153,0.000140127159528437,0.00025552924865663337,0.0008921387450358353,0.00021275242923189658,0.00048757863847029347,0.00017211433905966827,0.000501943328511538,0.00014094540228583308,0.00011325783820234387,0.0026321566267926834,0.0007619577997494012,0.0013017327989999078,0.0165460273534592,0.0028630216842477785,0.000677072541456657,-7.321918011778014e-5,0.0009283195560022564,0.0018101601750928095,0.0015747666494525295,7.836966014698552e-5,-0.00010808550978995029,-0.0001618817721325825,0.0012751583771694471,0.0003473013155123809,0.00013636588042603476,0.0010273399056170902,-0.0010123593052691216,-0.00011488822513053818,0.0008524104597858371,0.0023168501122575406,0.0014761399393894165,0.00022330153358385735,0.0028630216842477785,0.01990117720346693,0.0020016248114793963,0.0004732918506273788,0.001130171824863459,0.0022539626740582424,0.000936274592012413,0.0007955955738517784,0.0001114243750473868,0.0025776745658321974,0.0004746492346390538,3.799578440951432e-5,0.0014542679976477222,0.00016016768426962394,0.0002829950169683473,0.004163675306034254,0.0018047446963155738,0.00020210043922377864,0.0009880408504391318,0.0004380339608906948,0.000677072541456657,0.0020016248114793963,0.003898054213662987,0.0006252411731685659,0.0005088054926337877,0.0022808604633523448,0.0009117288025183145,0.00016367420865875812,0.00012836469391977126,0.0011697236830592972,0.0017638099613627176,0.00035562548056691253,0.0005355253936949504,0.0003691643015821613,0.0005642935683840123,0.0016192015405645114,-1.7428389019793697e-5,0.0009157858986484483,5.102235783484685e-5,0.00038497616630550245,-7.321918011778014e-5,0.0004732918506273788,0.0006252411731685659,0.00608710824640761,-0.00018466615243509213,0.0024465307847285995,0.00042240850323935105,0.0009457009342500424,0.0003576152804740678,0.00040256200420101115,-0.0006111105894338885,0.0005710674552762635,0.0004981898696960788,0.0002616753270246773,0.0012043379282520453,0.0010373994917793248,0.0004071347517819044,0.0006370654647127424,7.801123896548285e-5,0.00019999508499559342,0.0009283195560022564,0.001130171824863459,0.0005088054926337877,-0.00018466615243509213,0.0026504776134419136,0.0015379443261331906,0.00010722518242904181,-0.0005313567291704686,0.00020720838125370128,0.0005781136971372749,0.0007276167031636252,0.00010158663916346816,-6.594290739667528e-5,0.00046465859933188394,0.0006442605894013797,0.0012693858999714043,8.605475051903024e-5,0.0021484579005245207,0.0018133000821016067,0.0007701397563320133,0.0018101601750928095,0.0022539626740582424,0.0022808604633523448,0.0024465307847285995,0.0015379443261331906,0.03305370429274686,0.0014722667877079382,0.0014622373065109105,0.00047923867677748783,0.0010378800787817326,0.002216373756118336,0.0001538831231980021,0.0006343056798324954,0.001960387676292815,0.003789590677342184,0.006730624480507468,-0.0009862585600566688,-0.0012277216862103964,0.00191930642592137,0.0006784371526010678,0.0015747666494525295,0.000936274592012413,0.0009117288025183145,0.00042240850323935105,0.00010722518242904181,0.0014722667877079382,0.017767742591333957,0.0011461132285777022,-0.0005842959477177759,-0.00022022199396419648,0.003384000840517368,0.0014288705322139,0.0012617809490542986,0.0006827722242419929,0.0008086837217647518,0.0028466315122745427,0.0009694943973351358,0.0012634792372264673,0.00018082461374139706,0.0005452471689530153,7.836966014698552e-5,0.0007955955738517784,0.00016367420865875812,0.0009457009342500424,-0.0005313567291704686,0.0014622373065109105,0.0011461132285777022,0.00798242315709264,-0.0004178758376233425,0.0012653614759000733,0.00045900098657222115,0.0006025997380136186,1.4069778814512247e-5,-0.0003528251844671131,0.0004562914761519484,0.0026392598895018556,0.0003174460015026122,0.0006401396294772482,0.0003541478922103062,0.000140127159528437,-0.00010808550978995029,0.0001114243750473868,0.00012836469391977126,0.0003576152804740678,0.00020720838125370128,0.00047923867677748783,-0.0005842959477177759,-0.0004178758376233425,0.0032378257967294725,0.00023015146260493217,0.0005643112026951539,9.023017554235116e-6,0.00016026390315513532,0.00011935960186679571,-0.00012808687609050772,0.0005612812703879386,-0.000308569091949159,0.0015535173613015066,0.00042119921804976545,0.00025552924865663337,-0.0001618817721325825,0.0025776745658321974,0.0011697236830592972,0.00040256200420101115,0.0005781136971372749,0.0010378800787817326,-0.00022022199396419648,0.0012653614759000733,0.00023015146260493217,0.010311718986345815,0.0005139996975154111,-0.0002753297297116255,0.00114686527568943,0.0003654508636361274,0.00043025331254348373,0.0033670272509781114,0.0006090042391135009,-0.00024338535441268663,0.001016825573559283,0.0008921387450358353,0.0012751583771694471,0.0004746492346390538,0.0017638099613627176,-0.0006111105894338885,0.0007276167031636252,0.002216373756118336,0.003384000840517368,0.00045900098657222115,0.0005643112026951539,0.0005139996975154111,0.016164349764356913,4.4837627781344586e-5,0.00022732583819312256,0.0005034581085122855,0.0009345093273610179,0.0032469139178866835,-0.0005516265890263194,0.0007472868650858651,0.0004958277230532771,0.00021275242923189658,0.0003473013155123809,3.799578440951432e-5,0.00035562548056691253,0.0005710674552762635,0.00010158663916346816,0.0001538831231980021,0.0014288705322139,0.0006025997380136186,9.023017554235116e-6,-0.0002753297297116255,4.4837627781344586e-5,0.003625859707354572,-1.1714453348142897e-5,0.00036838301199858573,0.0006481736301748693,0.0007928535315163757,0.00026285538203723864,0.0006491225737386696,0.0009710645599627715,0.00048757863847029347,0.00013636588042603476,0.0014542679976477222,0.0005355253936949504,0.0004981898696960788,-6.594290739667528e-5,0.0006343056798324954,0.0012617809490542986,1.4069778814512247e-5,0.00016026390315513532,0.00114686527568943,0.00022732583819312256,-1.1714453348142897e-5,0.013687893001782116,0.0013618687898486414,0.00044750903011629055,-0.00025494823388017744,0.00018501285740823563,0.00034001724691287846,0.0008030646681490333,0.00017211433905966827,0.0010273399056170902,0.00016016768426962394,0.0003691643015821613,0.0002616753270246773,0.00046465859933188394,0.001960387676292815,0.0006827722242419929,-0.0003528251844671131,0.00011935960186679571,0.0003654508636361274,0.0005034581085122855,0.00036838301199858573,0.0013618687898486414,0.003997349571368505,0.00022257766825956724,0.0013240917367914684,1.255971686316956e-5,0.0004458556230254169,-0.00051822532489126,0.000501943328511538,-0.0010123593052691216,0.0002829950169683473,0.0005642935683840123,0.0012043379282520453,0.0006442605894013797,0.003789590677342184,0.0008086837217647518,0.0004562914761519484,-0.00012808687609050772,0.00043025331254348373,0.0009345093273610179,0.0006481736301748693,0.00044750903011629055,0.00022257766825956724,0.009406793957249032,0.001716554190179726,-3.337457435655049e-5,0.002066799039673079,0.0014590190632838033,0.00014094540228583308,-0.00011488822513053818,0.004163675306034254,0.0016192015405645114,0.0010373994917793248,0.0012693858999714043,0.006730624480507468,0.0028466315122745427,0.0026392598895018556,0.0005612812703879386,0.0033670272509781114,0.0032469139178866835,0.0007928535315163757,-0.00025494823388017744,0.0013240917367914684,0.001716554190179726,0.030815846631243142,-3.0331122330137317e-5,0.0003153531414424348,-0.0006447613563859242,0.00011325783820234387,0.0008524104597858371,0.0018047446963155738,-1.7428389019793697e-5,0.0004071347517819044,8.605475051903024e-5,-0.0009862585600566688,0.0009694943973351358,0.0003174460015026122,-0.000308569091949159,0.0006090042391135009,-0.0005516265890263194,0.00026285538203723864,0.00018501285740823563,1.255971686316956e-5,-3.337457435655049e-5,-3.0331122330137317e-5,0.0029749953010513213
