0.03917012121511662,0.00025550272031926355,0.001340760257130846,0.0022967564928362996,0.006943287557353671,0.004515600836100335,0.0015796675853132496,0.0012757476679455186,0.005823177196261121,0.002777983764057989,0.01508303267420353,0.00413445256504774,0.0008725857684333365,0.0020900542255203117,-0.0003525760232528935,0.001141212488307995,0.0036426242519177606,0.002847210408121879,0.0025288433569762786,-0.0011565183018310914,0.00025550272031926355,0.0013840888895465379,-9.709673308497136e-5,-0.00036297557960096247,0.00017282271106830734,0.0011277674012323408,0.00022308566653305313,0.00014492376965531217,0.0014177113455710502,6.750959576409532e-5,6.188742647869432e-6,0.000663378310802457,0.00030063653674402115,0.001115218283044412,-0.000460076416199052,-0.0002092089796995473,0.0005398841063539673,-7.1861829637660626e-6,0.0005967422228647329,-0.0002887494295362576,0.001340760257130846,-9.709673308497136e-5,0.01426416961085336,0.00010289581037318838,-0.0007555605716975835,0.0021019489570913447,0.0005822531516379072,2.3720138656944857e-5,0.00093751143570567,0.00011929054128771162,0.0024904091663589542,-0.0031905296466020368,-0.00035660582414952084,0.002064989087354279,-0.0007549453598417529,0.00033659454513917014,-0.0014529327018061057,0.0013031143858671511,0.0012813905041149602,0.001613606857409681,0.0022967564928362996,-0.00036297557960096247,0.00010289581037318838,0.008539829060587577,-0.0005218023770456365,0.0015887964174606162,0.0007903960809220018,-0.0006743227620861936,0.003249878501022375,-0.00066067673273933,0.00037243988128841525,0.0004698912091282012,0.0012922720210802405,-0.001069347327743499,0.0017833905117184356,0.0004264146182837587,-0.00011435523765081644,-0.0003702776312997753,0.0004329772581135547,-0.0004748247981407216,0.006943287557353671,0.00017282271106830734,-0.0007555605716975835,-0.0005218023770456365,0.02836252886087761,0.0031463333796016065,0.0013435916002336877,0.0001763113843352731,0.0050100366606816975,0.0015547460290703328,0.008273115388887494,0.0045914907672898846,0.0009157300574859123,0.0020431098505723534,0.0014788322832729175,1.4333475907368106e-5,0.002399853181276658,0.0017917947777712196,-0.00021722951452856455,0.009376506829388623,0.004515600836100335,0.0011277674012323408,0.0021019489570913447,0.0015887964174606162,0.0031463333796016065,0.02678986983257904,0.003385366072032353,8.68941366383419e-5,0.003513721218984921,0.0004198955864727316,0.0037618385456828466,0.004290067115805672,0.0035541841049132857,0.0032632271302437056,0.0034347525073703715,0.0008677837872165031,-0.00021254080039337438,0.003233140516456611,0.00028337211694836966,0.0009214283599105614,0.0015796675853132496,0.00022308566653305313,0.0005822531516379072,0.0007903960809220018,0.0013435916002336877,0.003385366072032353,0.0035590821219283844,0.00012541168925089006,0.0013485369395552188,0.0007134274242153315,0.0021939606416304753,0.001725978621384417,0.0011698163098242543,-0.00010519629818293608,0.0015400359187330587,0.00046233950565332724,0.00020474339783095003,0.0018784873973307671,0.0008927195447445062,0.0022526913430920867,0.0012757476679455186,0.00014492376965531217,2.3720138656944857e-5,-0.0006743227620861936,0.0001763113843352731,8.68941366383419e-5,0.00012541168925089006,0.001716876644594223,-0.00031767544634372794,0.0006006047917140492,0.0010640147917387482,2.983774596111982e-5,-0.0008049307923100749,0.0010907733942804078,0.000796701593217974,2.849181481698819e-5,0.0005389716390647067,0.0005755122350228961,-7.474720453240636e-5,0.0002960214208145076,0.005823177196261121,0.0014177113455710502,0.00093751143570567,0.003249878501022375,0.0050100366606816975,0.003513721218984921,0.0013485369395552188,-0.00031767544634372794,0.023118506116694033,-0.0004946994321715671,0.0035702487046667102,0.0024711145670859008,0.001885160202791928,0.0024668597446195067,-0.002700950051575172,-0.0012629426708141082,-0.0015952773220884206,0.0012407342417962558,0.003003667161079912,0.002531107168630243,0.002777983764057989,6.750959576409532e-5,0.00011929054128771162,-0.00066067673273933,0.0015547460290703328,0.0004198955864727316,0.0007134274242153315,0.0006006047917140492,-0.0004946994321715671,0.003859646264268057,0.0025627631140264263,-0.00021016703539139265,-0.0005232555519478235,0.00012458315426617188,0.00020405389991126594,0.00041812975779044904,0.0017213565413164418,-0.000299388077105397,0.00019767269558701507,0.0011277537145555827,0.01508303267420353,6.188742647869432e-6,0.0024904091663589542,0.00037243988128841525,0.008273115388887494,0.0037618385456828466,0.0021939606416304753,0.0010640147917387482,0.0035702487046667102,0.0025627631140264263,0.03318855928855027,0.00451698918991174,0.00031811642773223376,-0.0004895472973435624,-0.00013693857960184592,0.001520351505831513,-0.001718406570140075,0.001529519989914265,0.0011493292163171124,0.0037537222685621076,0.00413445256504774,0.000663378310802457,-0.0031905296466020368,0.0004698912091282012,0.0045914907672898846,0.004290067115805672,0.001725978621384417,2.983774596111982e-5,0.0024711145670859008,-0.00021016703539139265,0.00451698918991174,0.01390660666763659,0.0024339979830570856,-0.0016075216704118896,0.0013842229051954438,0.0006639134668618607,0.0007043304050102126,0.0039882568324746594,-0.00018186370814551948,0.002902182260778899,0.0008725857684333365,0.00030063653674402115,-0.00035660582414952084,0.0012922720210802405,0.0009157300574859123,0.0035541841049132857,0.0011698163098242543,-0.0008049307923100749,0.001885160202791928,-0.0005232555519478235,0.00031811642773223376,0.0024339979830570856,0.004545229079461766,-0.0006944589169480575,0.0004430585530448087,0.0003956787772600505,0.00016814576573234588,0.0027406387817574445,0.0008345674328392977,0.0007046453623812398,0.0020900542255203117,0.001115218283044412,0.002064989087354279,-0.001069347327743499,0.0020431098505723534,0.0032632271302437056,-0.00010519629818293608,0.0010907733942804078,0.0024668597446195067,0.00012458315426617188,-0.0004895472973435624,-0.0016075216704118896,-0.0006944589169480575,0.021193102776030193,0.0005854002103499308,-2.5818282570036477e-5,0.0012331498299805257,-0.0017937501975664298,0.00077916921665821,0.002291913069496044,-0.0003525760232528935,-0.000460076416199052,-0.0007549453598417529,0.0017833905117184356,0.0014788322832729175,0.0034347525073703715,0.0015400359187330587,0.000796701593217974,-0.002700950051575172,0.00020405389991126594,-0.00013693857960184592,0.0013842229051954438,0.0004430585530448087,0.0005854002103499308,0.01814035466403986,0.0009714882965866297,0.004548706720677347,0.0032442551972494665,-0.0011540644180451118,0.0037109421582521094,0.001141212488307995,-0.0002092089796995473,0.00033659454513917014,0.0004264146182837587,1.4333475907368106e-5,0.0008677837872165031,0.00046233950565332724,2.849181481698819e-5,-0.0012629426708141082,0.00041812975779044904,0.001520351505831513,0.0006639134668618607,0.0003956787772600505,-2.5818282570036477e-5,0.0009714882965866297,0.00148685600853652,0.00027332359497736437,0.0006984243459378169,8.405061424428842e-5,0.0008426816231536737,0.0036426242519177606,0.0005398841063539673,-0.0014529327018061057,-0.00011435523765081644,0.002399853181276658,-0.00021254080039337438,0.00020474339783095003,0.0005389716390647067,-0.0015952773220884206,0.0017213565413164418,-0.001718406570140075,0.0007043304050102126,0.00016814576573234588,0.0012331498299805257,0.004548706720677347,0.00027332359497736437,0.016125462718608957,0.001864771829870006,-0.0011883981636886228,0.0009265379197553676,0.002847210408121879,-7.1861829637660626e-6,0.0013031143858671511,-0.0003702776312997753,0.0017917947777712196,0.003233140516456611,0.0018784873973307671,0.0005755122350228961,0.0012407342417962558,-0.000299388077105397,0.001529519989914265,0.0039882568324746594,0.0027406387817574445,-0.0017937501975664298,0.0032442551972494665,0.0006984243459378169,0.001864771829870006,0.019641999929753382,0.0008683953120600834,0.004774229263300926,0.0025288433569762786,0.0005967422228647329,0.0012813905041149602,0.0004329772581135547,-0.00021722951452856455,0.00028337211694836966,0.0008927195447445062,-7.474720453240636e-5,0.003003667161079912,0.00019767269558701507,0.0011493292163171124,-0.00018186370814551948,0.0008345674328392977,0.00077916921665821,-0.0011540644180451118,8.405061424428842e-5,-0.0011883981636886228,0.0008683953120600834,0.005670411741590502,0.000654798074889134,-0.0011565183018310914,-0.0002887494295362576,0.001613606857409681,-0.0004748247981407216,0.009376506829388623,0.0009214283599105614,0.0022526913430920867,0.0002960214208145076,0.002531107168630243,0.0011277537145555827,0.0037537222685621076,0.002902182260778899,0.0007046453623812398,0.002291913069496044,0.0037109421582521094,0.0008426816231536737,0.0009265379197553676,0.004774229263300926,0.000654798074889134,0.030024003986181456
0.07354247439048407,0.005015975037551947,0.022544714343622495,0.006366078844100042,0.011935916654926396,0.01239901754027787,-0.00010908879323459349,0.007336365623894673,0.008671557751547276,0.00429780394219237,0.0039366098179994,0.003969175638103249,0.0060460788297067025,-0.01240937248390894,0.017631365217393013,0.0021610126396620815,-0.006257696190004009,0.02151079438824497,0.011865137630197604,0.011988339567726356,0.005015975037551947,0.00224312328953081,-0.00033568666300639954,0.0017346112757249208,0.002367990632737242,0.00016967970873099127,0.00011215533234059267,-0.000712225371368398,-0.0013445420652189398,-0.0005554254057583948,0.0025939595544151005,-0.00027633093360310084,-0.0007356924934476465,-0.001200512058944189,0.0018820842523230717,0.0003031313952604307,-0.001502448546935271,0.0003477747540208788,0.0008838678903717895,0.0010204590301670304,0.022544714343622495,-0.00033568666300639954,0.03172159232873739,0.0032895622141801786,0.00922826008676501,0.013726364618338031,0.002042225974915017,0.00761960621158486,0.01773328083676638,0.007924527012148172,0.009586614352583692,0.0032568371892291825,0.009884922110774916,0.004236729593073642,0.007996752793673996,0.0013631292087945644,0.005875895176079689,0.00752269994621685,0.006342664620358325,0.015144608065821921,0.006366078844100042,0.0017346112757249208,0.0032895622141801786,0.008955421056447916,0.009594108275538242,-0.00017559657729173834,0.000990328244819304,0.00027685093244170114,0.0026103113022512463,0.0017650209817923887,0.011405320259990186,0.00010307984843160186,0.001581489206186067,0.0025632048497271926,0.006515810383249079,0.0014953765494822,-0.0021845860806337133,0.004669163535060153,0.003673680314769141,0.002697337812324469,0.011935916654926396,0.002367990632737242,0.00922826008676501,0.009594108275538242,0.04296628652523032,0.005327117974774254,0.0067297758339471365,0.003168608482268219,0.014027025549361895,0.0063810357730586485,0.02254472825214944,0.007957233910482735,0.0059901165875263515,0.00908378983896579,0.014359305759425962,0.0046985763157002865,0.003923279003532827,0.01496741499540518,0.007949841957526856,0.007510648995169657,0.01239901754027787,0.00016967970873099127,0.013726364618338031,-0.00017559657729173834,0.005327117974774254,0.03299522244522137,0.002826444070893872,0.006337469160605381,0.00803453152136107,0.0035942024372575274,-6.587689224823621e-5,0.004512924460879721,0.005369917044385735,0.006399646488636791,0.0015510615660114077,0.0009815355531390961,0.01170814221954797,0.009488374588434136,0.006366375024830281,0.012338179165987895,-0.00010908879323459349,0.00011215533234059267,0.002042225974915017,0.000990328244819304,0.0067297758339471365,0.002826444070893872,0.007473781709284396,0.002167927527006979,0.011672657312168312,0.0030550681788791482,0.010259071745822853,0.004675677573957449,0.002704686048620324,0.007969669682972105,0.0032255759834868163,0.0020029178668403078,0.006521326296265046,0.005382574921496238,0.000657671554935163,0.003678763365477788,0.007336365623894673,-0.000712225371368398,0.00761960621158486,0.00027685093244170114,0.003168608482268219,0.006337469160605381,0.002167927527006979,0.00469608983022293,0.00961202926524347,0.002906273658210991,0.00141355891918571,0.003429892870000385,0.005085339418301889,0.0019180693057924709,0.0037567847325640025,0.0005937938700729191,0.0033902529705494913,0.006264057993261553,0.0026699055667790844,0.006266974084668288,0.008671557751547276,-0.0013445420652189398,0.01773328083676638,0.0026103113022512463,0.014027025549361895,0.00803453152136107,0.011672657312168312,0.00961202926524347,0.053900777742111786,0.011653076191720076,0.021787643661335468,0.008264635431676898,0.014913847105612148,0.014064823603749856,0.012231857936467229,0.0034005361726616124,0.011366682435281227,0.010134491218348503,0.004174922460683317,0.020126057539922845,0.00429780394219237,-0.0005554254057583948,0.007924527012148172,0.0017650209817923887,0.0063810357730586485,0.0035942024372575274,0.0030550681788791482,0.002906273658210991,0.011653076191720076,0.0074011326456844325,0.010815174175124783,0.003076549489869385,0.005105797416731965,0.005837381279443856,0.0047180553153661105,0.001961510827738002,0.005242097725554496,0.0037921743366755127,0.0018835074106706498,0.006815500347831957,0.0039366098179994,0.0025939595544151005,0.009586614352583692,0.011405320259990186,0.02254472825214944,-6.587689224823621e-5,0.010259071745822853,0.00141355891918571,0.021787643661335468,0.010815174175124783,0.06361193972759467,0.0025911946768914654,0.0074619100733435695,0.019930458285606287,0.011351126087789043,0.006487769290092161,0.010172764688682855,0.004940484240274356,0.0027081048534379325,0.016091221565438622,0.003969175638103249,-0.00027633093360310084,0.0032568371892291825,0.00010307984843160186,0.007957233910482735,0.004512924460879721,0.004675677573957449,0.003429892870000385,0.008264635431676898,0.003076549489869385,0.0025911946768914654,0.012090317446159893,0.0035746355319615096,0.0054017508012267484,0.005494995875569074,0.0016688663089827749,0.005199185792383227,0.009376833275477678,0.0016794443742584203,0.0015043790923100432,0.0060460788297067025,-0.0007356924934476465,0.009884922110774916,0.001581489206186067,0.0059901165875263515,0.005369917044385735,0.002704686048620324,0.005085339418301889,0.014913847105612148,0.005105797416731965,0.0074619100733435695,0.0035746355319615096,0.009826260223409548,0.003963404201273236,0.006694968185750901,0.0010888346252484029,0.003700645099203453,0.005379546558808042,0.0032185877774789057,0.011438454074366448,-0.01240937248390894,-0.001200512058944189,0.004236729593073642,0.0025632048497271926,0.00908378983896579,0.006399646488636791,0.007969669682972105,0.0019180693057924709,0.014064823603749856,0.005837381279443856,0.019930458285606287,0.0054017508012267484,0.003963404201273236,0.03529203272548436,0.0021395751515237834,0.002722996363299046,0.012525348054492685,0.0031715111623861958,0.0016127244140180163,0.005136869945809022,0.017631365217393013,0.0018820842523230717,0.007996752793673996,0.006515810383249079,0.014359305759425962,0.0015510615660114077,0.0032255759834868163,0.0037567847325640025,0.012231857936467229,0.0047180553153661105,0.011351126087789043,0.005494995875569074,0.006694968185750901,0.0021395751515237834,0.025289939900198732,0.0028086394688892164,-0.0021933725121906053,0.014109388236433306,0.006852664547570884,0.006329449204187378,0.0021610126396620815,0.0003031313952604307,0.0013631292087945644,0.0014953765494822,0.0046985763157002865,0.0009815355531390961,0.0020029178668403078,0.0005937938700729191,0.0034005361726616124,0.001961510827738002,0.006487769290092161,0.0016688663089827749,0.0010888346252484029,0.002722996363299046,0.0028086394688892164,0.0020673456387524324,0.0024246171043709624,0.002474415563615295,0.0008889954773214533,0.0023336527443195377,-0.006257696190004009,-0.001502448546935271,0.005875895176079689,-0.0021845860806337133,0.003923279003532827,0.01170814221954797,0.006521326296265046,0.0033902529705494913,0.011366682435281227,0.005242097725554496,0.010172764688682855,0.005199185792383227,0.003700645099203453,0.012525348054492685,-0.0021933725121906053,0.0024246171043709624,0.024412735650606424,0.005602576961285519,-0.00020215835087161925,0.009466135314171393,0.02151079438824497,0.0003477747540208788,0.00752269994621685,0.004669163535060153,0.01496741499540518,0.009488374588434136,0.005382574921496238,0.006264057993261553,0.010134491218348503,0.0037921743366755127,0.004940484240274356,0.009376833275477678,0.005379546558808042,0.0031715111623861958,0.014109388236433306,0.002474415563615295,0.005602576961285519,0.031723236888215524,0.007825984088410492,0.0034338440018940697,0.011865137630197604,0.0008838678903717895,0.006342664620358325,0.003673680314769141,0.007949841957526856,0.006366375024830281,0.000657671554935163,0.0026699055667790844,0.004174922460683317,0.0018835074106706498,0.0027081048534379325,0.0016794443742584203,0.0032185877774789057,0.0016127244140180163,0.006852664547570884,0.0008889954773214533,-0.00020215835087161925,0.007825984088410492,0.008459063773991027,0.003570951826229054,0.011988339567726356,0.0010204590301670304,0.015144608065821921,0.002697337812324469,0.007510648995169657,0.012338179165987895,0.003678763365477788,0.006266974084668288,0.020126057539922845,0.006815500347831957,0.016091221565438622,0.0015043790923100432,0.011438454074366448,0.005136869945809022,0.006329449204187378,0.0023336527443195377,0.009466135314171393,0.0034338440018940697,0.003570951826229054,0.0435817607134465
0.055103908411107856,0.0017841077742729462,0.0032124187784042333,0.009689059470465134,0.001246433878998511,-0.0034507298328273874,0.0031769157713492724,0.001523751733112401,0.004643491414551792,0.0036703817384409684,-7.52329266698534e-5,0.003946594609490314,0.0062446729475929864,0.02040565743066937,0.01681870769782018,0.0015828531987134543,-0.002631732680930292,-0.0038932079845150312,0.004774858998741416,0.011643791822166585,0.0017841077742729462,0.003598068712166441,-0.00027518898740569236,0.0025010697540155053,0.0053800071675216745,5.294527635095579e-5,0.0013371223633228512,0.0012986402645986548,0.0010276313883325378,0.0019203722976351746,-0.0028809695823058443,1.6642520539463632e-5,0.0019889849791389826,0.0016175813616887266,0.004126517908687485,0.0010461349421593967,0.0027675262016795153,0.0074737268298161515,0.002514962406794617,0.005007417930692199,0.0032124187784042333,-0.00027518898740569236,0.030355292477327458,0.009739878807798849,0.010932608021455851,0.005137597210257111,0.0038437615244355412,0.0005100872594161926,-0.0011766127168936888,0.003174349117341632,0.009440497725143484,0.007033127320021249,-0.00047286079105704314,0.001003680297332189,0.013440181579112228,-0.002241553890444943,0.004537871023603903,0.011451441508290364,0.002350609174508315,0.010068552014815376,0.009689059470465134,0.0025010697540155053,0.009739878807798849,0.01395200593634208,0.00983960339497358,0.0027439685802664766,0.003479244584898568,0.001585315065234615,0.0018626613628377774,0.002826967283512542,0.001778741918552128,0.0025041555862758266,0.0019801866028470094,0.004477943549775489,0.011488903985346683,0.00019377617754525302,0.006074430453495721,0.012208853904471951,0.0034750849926699794,0.010820124777778727,0.001246433878998511,0.0053800071675216745,0.010932608021455851,0.00983960339497358,0.03893839002008528,0.0052981227693435565,0.004693723111161856,0.0017029702936427519,0.008688219813916683,0.004979662683945119,0.005595567263301625,0.0015911638908573341,0.0018794203707218557,-0.0009116531679221108,0.012342607215819985,0.0024587787446965007,0.010616284135644818,0.023531356754690442,0.004376867269456708,0.010154801910755303,-0.0034507298328273874,5.294527635095579e-5,0.005137597210257111,0.0027439685802664766,0.0052981227693435565,0.023213918023838345,0.005331141829972222,-0.0005691691626833788,-0.0014203761761108205,0.0019767037788879765,0.00377705858961568,-0.0007386829199342549,-0.0026739869667111718,-0.004868750982141668,0.0007123242675603316,-0.0011611514965563818,0.004891456820990013,0.007548442467140191,0.0033384538896911505,0.006959683622643422,0.0031769157713492724,0.0013371223633228512,0.0038437615244355412,0.003479244584898568,0.004693723111161856,0.005331141829972222,0.005450050491737921,0.0003183446397471545,-0.001884204318286231,0.0018443153130049423,-0.001541229372011614,0.00044497889699705157,-0.0007973390765684419,0.00040776107018758846,0.00445534687308121,8.952206784815873e-5,0.0020087651440845213,0.00580301143342808,0.0036026811899738075,0.0050286841782883965,0.001523751733112401,0.0012986402645986548,0.0005100872594161926,0.001585315065234615,0.0017029702936427519,-0.0005691691626833788,0.0003183446397471545,0.001764655920410691,0.0004661763886437794,0.0011156474101334402,-0.0008512467767397291,0.0010736926952268923,0.0010278696498918051,0.0017190572934959552,0.002106199121946868,0.0005265412546675038,0.0016613349228629722,0.0024578706751201976,0.001379360174983827,0.004761327091508161,0.004643491414551792,0.0010276313883325378,-0.0011766127168936888,0.0018626613628377774,0.008688219813916683,-0.0014203761761108205,-0.001884204318286231,0.0004661763886437794,0.033100957004150236,-0.0010946639793932675,0.013572943236450917,0.008017502843601192,0.0044434628851769045,0.002070347550009586,-0.0009783901314611688,0.00589356709563574,0.01020242516718667,0.003000305162939681,0.0006469234447734626,0.009114815875234987,0.0036703817384409684,0.0019203722976351746,0.003174349117341632,0.002826967283512542,0.004979662683945119,0.0019767037788879765,0.0018443153130049423,0.0011156474101334402,-0.0010946639793932675,0.004818240244847864,-0.0012321178694846208,0.0012710500897897036,0.0009656261415221351,0.004417528766380971,0.004894231576173991,-0.00022152333193450609,0.0013783838217600445,0.006031964624991327,0.0024459512238218578,0.002872456795415911,-7.52329266698534e-5,-0.0028809695823058443,0.009440497725143484,0.001778741918552128,0.005595567263301625,0.00377705858961568,-0.001541229372011614,-0.0008512467767397291,0.013572943236450917,-0.0012321178694846208,0.04184786648262731,0.006982569588320196,-0.0008963587102884664,-0.0004315937108146303,-0.0010402043894752327,0.002266853662827149,0.004353256367451356,0.0025619879997837948,-0.0015155906125907755,0.004415388725881483,0.003946594609490314,1.6642520539463632e-5,0.007033127320021249,0.0025041555862758266,0.0015911638908573341,-0.0007386829199342549,0.00044497889699705157,0.0010736926952268923,0.008017502843601192,0.0012710500897897036,0.006982569588320196,0.013727394621049098,0.0019029926136113903,0.004893206201990756,0.005880226730978655,0.0008559162982129278,0.0030421674145828647,-0.0006730365830275153,0.0007130628905900876,0.008244938702412932,0.0062446729475929864,0.0019889849791389826,-0.00047286079105704314,0.0019801866028470094,0.0018794203707218557,-0.0026739869667111718,-0.0007973390765684419,0.0010278696498918051,0.0044434628851769045,0.0009656261415221351,-0.0008963587102884664,0.0019029926136113903,0.005021811062735659,0.005379009610528703,0.0034213374116021187,0.0013436012299400948,0.0026791772082904184,0.0023606908071945164,0.0008021433592811131,0.0041576572954876495,0.02040565743066937,0.0016175813616887266,0.001003680297332189,0.004477943549775489,-0.0009116531679221108,-0.004868750982141668,0.00040776107018758846,0.0017190572934959552,0.002070347550009586,0.004417528766380971,-0.0004315937108146303,0.004893206201990756,0.005379009610528703,0.03559615256976173,0.011113378428896852,0.0008975864882880485,-0.004773076936516674,-0.003738094375907057,0.002926923701851954,0.0017489529253414495,0.01681870769782018,0.004126517908687485,0.013440181579112228,0.011488903985346683,0.012342607215819985,0.0007123242675603316,0.00445534687308121,0.002106199121946868,-0.0009783901314611688,0.004894231576173991,-0.0010402043894752327,0.005880226730978655,0.0034213374116021187,0.011113378428896852,0.031168024774495578,-0.0006380570705470198,0.004405308904989249,0.011266048521309246,0.004647733637566301,0.013995051378164824,0.0015828531987134543,0.0010461349421593967,-0.002241553890444943,0.00019377617754525302,0.0024587787446965007,-0.0011611514965563818,8.952206784815873e-5,0.0005265412546675038,0.00589356709563574,-0.00022152333193450609,0.002266853662827149,0.0008559162982129278,0.0013436012299400948,0.0008975864882880485,-0.0006380570705470198,0.003079880312225329,0.0025967247649691374,0.002121678830913707,0.0014652354825270386,0.001982823732509265,-0.002631732680930292,0.0027675262016795153,0.004537871023603903,0.006074430453495721,0.010616284135644818,0.004891456820990013,0.0020087651440845213,0.0016613349228629722,0.01020242516718667,0.0013783838217600445,0.004353256367451356,0.0030421674145828647,0.0026791772082904184,-0.004773076936516674,0.004405308904989249,0.0025967247649691374,0.019024494676218088,0.012187490209074694,0.002542118257470886,0.01339697036924996,-0.0038932079845150312,0.0074737268298161515,0.011451441508290364,0.012208853904471951,0.023531356754690442,0.007548442467140191,0.00580301143342808,0.0024578706751201976,0.003000305162939681,0.006031964624991327,0.0025619879997837948,-0.0006730365830275153,0.0023606908071945164,-0.003738094375907057,0.011266048521309246,0.002121678830913707,0.012187490209074694,0.04121343310628778,0.005218453020520284,0.012535481474361706,0.004774858998741416,0.002514962406794617,0.002350609174508315,0.0034750849926699794,0.004376867269456708,0.0033384538896911505,0.0036026811899738075,0.001379360174983827,0.0006469234447734626,0.0024459512238218578,-0.0015155906125907755,0.0007130628905900876,0.0008021433592811131,0.002926923701851954,0.004647733637566301,0.0014652354825270386,0.002542118257470886,0.005218453020520284,0.009073083823164834,0.005976023742243666,0.011643791822166585,0.005007417930692199,0.010068552014815376,0.010820124777778727,0.010154801910755303,0.006959683622643422,0.0050286841782883965,0.004761327091508161,0.009114815875234987,0.002872456795415911,0.004415388725881483,0.008244938702412932,0.0041576572954876495,0.0017489529253414495,0.013995051378164824,0.001982823732509265,0.01339697036924996,0.012535481474361706,0.005976023742243666,0.050379892116967945
