0.004665276410043639,0.00040580885804923433,0.002377108559872039,-0.00023895475082584967,0.00014327671293304093,0.0007866753889762237,2.9345355247299145e-5,0.00038105327198167564,0.0003160772180147038,2.7756799119572228e-5,0.0005157503193235816,0.0006195865351383638,0.0003243142736661103,0.0007592544564552482,0.0005471700475537303,-0.0003210783398270019,-8.908286336025046e-5,-0.0002816088790010703,-0.0002356761490778255,0.00044255289517184786,0.00040580885804923433,0.0032134756588972106,7.117513787427594e-6,2.8117283047336968e-5,0.00035699159556251697,0.0004907400974769471,0.0002650719430206793,0.0004621333070912307,0.0003905606863896367,0.000920951533541597,0.0007628857859505202,0.0008796144104304101,0.0004190896999701138,0.00026686446709007995,0.00042620579169049786,0.000338038373915644,0.00029522715165647466,0.0009521495901733863,0.00011036767964078332,2.2224315286051386e-5,0.002377108559872039,7.117513787427594e-6,0.02692802252886882,-0.0009234137920014361,-0.00044090517086196824,0.0032985776289908603,0.0005923536913776471,-0.00010840455553971533,0.0013122769262940565,0.0019065009405184296,-0.00025034126993207263,0.0012800849193230575,0.0004739938859687708,0.0024033857452131382,0.00020120027442797775,0.0003357171826462728,0.00014404706160575057,0.0042114426914273756,0.0009299885269410892,0.0001284712134835859,-0.00023895475082584967,2.8117283047336968e-5,-0.0009234137920014361,0.0019801097970322252,-0.0004697041275541344,0.0005638489367766882,0.00036800468607533327,-0.00025881310645526094,3.762116788238478e-5,0.0009097666889956639,0.0005032709485841816,0.00042476965965663365,7.490702585404106e-5,0.0003434488013542928,0.0002780313576301171,0.00011840562087050895,-2.185183328964401e-5,0.00018944200968366588,0.00041226759432832653,0.0003374417731813854,0.00014327671293304093,0.00035699159556251697,-0.00044090517086196824,-0.0004697041275541344,0.0035392533534508463,-0.0007971481682827728,-0.00012498401636998766,0.0007091334739973503,-9.556913118549144e-5,0.00016029687429787497,0.001110326617871952,4.48898729206405e-7,0.000466669232509689,-9.068543428901996e-5,0.0003813703854281949,0.0006528251101613368,0.00047589262207937846,0.0009649922669635218,0.0008198541118127386,0.00039307322022989906,0.0007866753889762237,0.0004907400974769471,0.0032985776289908603,0.0005638489367766882,-0.0007971481682827728,0.012299742936295136,0.0008921385543133899,-0.0002461504944910168,0.001700080489278712,0.003637042356506564,0.003659796872233987,0.0019322480592331337,0.0003165883120095155,0.0018449290089598694,0.0009380345762258274,0.0019537241562383656,-9.375644794708154e-5,0.0005700590697178806,-0.00029111249215710435,0.0003188014819721774,2.9345355247299145e-5,0.0002650719430206793,0.0005923536913776471,0.00036800468607533327,-0.00012498401636998766,0.0008921385543133899,0.0025300977360847225,-0.0001810088448185675,0.0007759530818745193,0.0013706170768504507,-7.640761196604299e-5,0.00026655681483264264,0.000511743758121352,0.0004606393878196417,7.310065853570314e-5,0.0002873123839235617,0.00017652465328589032,-1.3310101704438999e-5,0.00025983532629919977,5.2561970459470244e-5,0.00038105327198167564,0.0004621333070912307,-0.00010840455553971533,-0.00025881310645526094,0.0007091334739973503,-0.0002461504944910168,-0.0001810088448185675,0.0018891128883634718,0.00044249155867744707,0.00042285253730421017,0.0013622823675455377,8.101741278808442e-5,-5.585117073081601e-5,0.0005397231935331212,0.0003690233726406058,0.0006153994408951263,-6.710633946587527e-5,0.0005651324438865122,0.0003094474567310702,0.00012085310507990444,0.0003160772180147038,0.0003905606863896367,0.0013122769262940565,3.762116788238478e-5,-9.556913118549144e-5,0.001700080489278712,0.0007759530818745193,0.00044249155867744707,0.008061731944830055,0.0007139110451998539,0.00205208157966863,0.0005222641277845776,-0.00018413728593623304,0.0013951785118864208,0.00018437537686122034,0.0008101241471711402,-0.0004628932065415366,0.001311139992989989,0.0005749862599873901,6.162935247403298e-6,2.7756799119572228e-5,0.000920951533541597,0.0019065009405184296,0.0009097666889956639,0.00016029687429787497,0.003637042356506564,0.0013706170768504507,0.00042285253730421017,0.0007139110451998539,0.01353642161371216,0.001135336794797062,0.0008565797572792929,0.0005135200862604005,0.0006185352106010674,0.0009263049300595971,0.00040043434516151707,0.00019393365438470444,-0.0006226498935634608,0.0004784089865097201,0.0009223100247322003,0.0005157503193235816,0.0007628857859505202,-0.00025034126993207263,0.0005032709485841816,0.001110326617871952,0.003659796872233987,-7.640761196604299e-5,0.0013622823675455377,0.00205208157966863,0.001135336794797062,0.02236613106945828,0.0028625142268231757,0.0017749884134195476,0.002747316148334243,0.0011466109066833687,-0.0003544411596716038,-0.000566688660674096,0.00210775001618552,0.0014383700522800007,-0.00015553358591952906,0.0006195865351383638,0.0008796144104304101,0.0012800849193230575,0.00042476965965663365,4.48898729206405e-7,0.0019322480592331337,0.00026655681483264264,8.101741278808442e-5,0.0005222641277845776,0.0008565797572792929,0.0028625142268231757,0.009002163464808675,0.0009631531824458654,0.002361457511929442,0.0006075912954233672,0.0010620059874081262,0.0006689195736116429,0.000615174405057964,-5.6501754622947605e-5,0.0007121912120244403,0.0003243142736661103,0.0004190896999701138,0.0004739938859687708,7.490702585404106e-5,0.000466669232509689,0.0003165883120095155,0.000511743758121352,-5.585117073081601e-5,-0.00018413728593623304,0.0005135200862604005,0.0017749884134195476,0.0009631531824458654,0.0037568684655924552,0.0011277399039259215,0.0005608623282065009,-0.00031620363567026613,0.0008764825380493951,0.00043099375918892284,0.00034622489369688945,-5.516999433389406e-5,0.0007592544564552482,0.00026686446709007995,0.0024033857452131382,0.0003434488013542928,-9.068543428901996e-5,0.0018449290089598694,0.0004606393878196417,0.0005397231935331212,0.0013951785118864208,0.0006185352106010674,0.002747316148334243,0.002361457511929442,0.0011277399039259215,0.012470069139809255,0.001089023086862066,0.00020238899053245767,0.0014306310178518326,0.00028114748462259177,0.002202864570803109,0.0005971113871994819,0.0005471700475537303,0.00042620579169049786,0.00020120027442797775,0.0002780313576301171,0.0003813703854281949,0.0009380345762258274,7.310065853570314e-5,0.0003690233726406058,0.00018437537686122034,0.0009263049300595971,0.0011466109066833687,0.0006075912954233672,0.0005608623282065009,0.001089023086862066,0.0026036552455883178,0.0005217688746166965,0.00011375988843925064,0.000651789452557546,0.0005164744496135045,9.545850585853156e-5,-0.0003210783398270019,0.000338038373915644,0.0003357171826462728,0.00011840562087050895,0.0006528251101613368,0.0019537241562383656,0.0002873123839235617,0.0006153994408951263,0.0008101241471711402,0.00040043434516151707,-0.0003544411596716038,0.0010620059874081262,-0.00031620363567026613,0.00020238899053245767,0.0005217688746166965,0.008315302674252286,0.00042515979931191547,0.00028092074998218675,0.0006277086199829771,0.00018809483408839384,-8.908286336025046e-5,0.00029522715165647466,0.00014404706160575057,-2.185183328964401e-5,0.00047589262207937846,-9.375644794708154e-5,0.00017652465328589032,-6.710633946587527e-5,-0.0004628932065415366,0.00019393365438470444,-0.000566688660674096,0.0006689195736116429,0.0008764825380493951,0.0014306310178518326,0.00011375988843925064,0.00042515979931191547,0.003512737999867423,0.0002582475962698271,0.0003809747884378882,0.0004340098589774701,-0.0002816088790010703,0.0009521495901733863,0.0042114426914273756,0.00018944200968366588,0.0009649922669635218,0.0005700590697178806,-1.3310101704438999e-5,0.0005651324438865122,0.001311139992989989,-0.0006226498935634608,0.00210775001618552,0.000615174405057964,0.00043099375918892284,0.00028114748462259177,0.000651789452557546,0.00028092074998218675,0.0002582475962698271,0.01245295289094405,5.5139440887181745e-5,-0.0002798080682724484,-0.0002356761490778255,0.00011036767964078332,0.0009299885269410892,0.00041226759432832653,0.0008198541118127386,-0.00029111249215710435,0.00025983532629919977,0.0003094474567310702,0.0005749862599873901,0.0004784089865097201,0.0014383700522800007,-5.6501754622947605e-5,0.00034622489369688945,0.002202864570803109,0.0005164744496135045,0.0006277086199829771,0.0003809747884378882,5.5139440887181745e-5,0.006923649947093113,0.0008177917409537866,0.00044255289517184786,2.2224315286051386e-5,0.0001284712134835859,0.0003374417731813854,0.00039307322022989906,0.0003188014819721774,5.2561970459470244e-5,0.00012085310507990444,6.162935247403298e-6,0.0009223100247322003,-0.00015553358591952906,0.0007121912120244403,-5.516999433389406e-5,0.0005971113871994819,9.545850585853156e-5,0.00018809483408839384,0.0004340098589774701,-0.0002798080682724484,0.0008177917409537866,0.003731109390580671
