0.023767983363470486,0.005389361793676778,0.002398654874927993,0.001929338405100183,0.002181998735623878,0.005707296973649813,0.0012001769490279162,0.005020362930353897,0.009993251295258906,-0.000533449204719009,0.0008048150132484058,0.0009662814301580902,0.0005829844932779158,0.004370570956408031,0.004296587702835877,0.0015841077871907342,0.006810500516005173,0.0024773300147483903,0.003640022685688891,0.0009578069215997558,0.005389361793676778,0.012491398040347487,0.0007343357057615627,0.0025244625500930014,0.0005660254987723511,0.005944033536806954,0.001668984707721195,0.001982254512901338,0.00558431068739387,0.0009849469093999729,2.5762462126715636e-5,-7.916775373108064e-5,-0.00010191085365151309,0.0016148071257797861,0.0009985949411456915,0.0022808180601805797,0.007241277057973788,0.001534316179733336,0.003662553242734955,0.0013951973628552653,0.002398654874927993,0.0007343357057615627,0.0035476861731484973,0.0008720785789440905,-0.0008852776943667408,0.0022119430892928705,0.0009957611567493092,0.0010732667690707162,0.0028427418457093716,0.0009778295966649687,0.00015348372184366911,-0.0008444035273744937,2.967655172543634e-5,0.000318713843922757,-0.000842370489091359,0.0008226562583228891,0.0015178381642342062,-0.00022760505051624464,0.0007426849233514845,5.464799533566653e-5,0.001929338405100183,0.0025244625500930014,0.0008720785789440905,0.008197471792812515,0.0006804252872588603,0.0016557503874309039,0.0014888554493311026,0.0018210767110397662,0.007274519842455239,0.001213605172929752,0.0005013023115988053,0.0016673389192241195,0.00033642786545040246,0.0007080411777292889,0.0014694728258219866,1.1315047514902009e-5,0.004569716645742743,0.0007575891032474142,-0.00010784481654230687,0.00014900702564672096,0.002181998735623878,0.0005660254987723511,-0.0008852776943667408,0.0006804252872588603,0.004356569292704237,-0.0008644605129937965,-2.62363817816313e-6,0.0020927127922214838,0.0007009740610140508,0.0006166986143111324,0.0006772500536653243,0.003199207546458389,0.000840388514770805,0.0012900442713766535,0.0010868869772931845,-0.0006444291193899183,0.0009822290895569767,0.0008384398042449653,-0.00040949511952771364,-5.4531171159039826e-5,0.005707296973649813,0.005944033536806954,0.0022119430892928705,0.0016557503874309039,-0.0008644605129937965,0.010884445150348367,0.002691284985374935,0.002483096967308598,0.004939449091874049,0.0013497738092624477,0.0005276390524516891,-0.002283397180398523,-0.0007190318645520122,0.0016220045950133466,0.000812279697064414,0.002356222168098839,0.005818339966630819,0.00013030898507299945,0.0046976877884413815,0.001233136983901352,0.0012001769490279162,0.001668984707721195,0.0009957611567493092,0.0014888554493311026,-2.62363817816313e-6,0.002691284985374935,0.010619520748030487,-0.0009576672778163403,0.004211122448299746,0.0044758094337040075,0.00016910304978005024,0.000478853923442047,0.0007712894083059949,0.001395559221204571,0.0016244322412736593,0.0015721635831539363,0.002812971075244557,0.0017597373607541862,0.002928191975299539,0.0005300625503170304,0.005020362930353897,0.001982254512901338,0.0010732667690707162,0.0018210767110397662,0.0020927127922214838,0.002483096967308598,-0.0009576672778163403,0.018764618736394865,0.002984121821895645,-0.0013108697847098243,0.0012706710031195347,0.0012495453301221734,0.0006709445649375857,0.0009613332787330618,0.0010175831720029738,-0.00039532415200413455,0.00114063392615116,0.0014005921397615287,0.0007823889330404162,0.0014957586204050934,0.009993251295258906,0.00558431068739387,0.0028427418457093716,0.007274519842455239,0.0007009740610140508,0.004939449091874049,0.004211122448299746,0.002984121821895645,0.030527545099073343,0.004705989230686979,0.0007318668772588566,0.00029584837269245267,0.0006790823818123177,0.0016307165402719326,0.0031798416313232923,0.0029697269209631506,0.007694689895077424,0.0004489410521405992,0.0025960844206531584,0.0008624243217947847,-0.000533449204719009,0.0009849469093999729,0.0009778295966649687,0.001213605172929752,0.0006166986143111324,0.0013497738092624477,0.0044758094337040075,-0.0013108697847098243,0.004705989230686979,0.017771402025091337,0.0004664825134217307,0.002052659910444665,-0.00020541990034257055,0.0002960923694595053,4.524925700132136e-5,0.0020015674938983893,0.005073908498043751,0.0009420757029907324,0.0024089496178640365,0.00042451407897182915,0.0008048150132484058,2.5762462126715636e-5,0.00015348372184366911,0.0005013023115988053,0.0006772500536653243,0.0005276390524516891,0.00016910304978005024,0.0012706710031195347,0.0007318668772588566,0.0004664825134217307,0.001690250492638584,0.0009655079737575592,0.00037161256738365504,0.0006276952247930682,0.00016043080808073019,0.0004263753353502442,0.0004631159839359834,0.00018462096489097352,0.001054178655733191,7.491297503638199e-5,0.0009662814301580902,-7.916775373108064e-5,-0.0008444035273744937,0.0016673389192241195,0.003199207546458389,-0.002283397180398523,0.000478853923442047,0.0012495453301221734,0.00029584837269245267,0.002052659910444665,0.0009655079737575592,0.011472466407245165,0.0012754533679066268,0.002099584394647009,0.0016092951445719757,-0.00011881143315864762,0.0027366685413435596,0.0015220600806145129,0.0013319478520529252,-0.00021351511457854533,0.0005829844932779158,-0.00010191085365151309,2.967655172543634e-5,0.00033642786545040246,0.000840388514770805,-0.0007190318645520122,0.0007712894083059949,0.0006709445649375857,0.0006790823818123177,-0.00020541990034257055,0.00037161256738365504,0.0012754533679066268,0.0033236536217671115,0.0006958301508456672,-3.6587762838380795e-5,4.076225546072278e-5,0.0005308442578456239,0.0003634038061546798,-0.0008753137536865784,-0.00018321844510451118,0.004370570956408031,0.0016148071257797861,0.000318713843922757,0.0007080411777292889,0.0012900442713766535,0.0016220045950133466,0.001395559221204571,0.0009613332787330618,0.0016307165402719326,0.0002960923694595053,0.0006276952247930682,0.002099584394647009,0.0006958301508456672,0.007736930650384775,0.0021210833922873993,0.0008100532024188325,0.0017442637217505112,0.0007331533026479593,0.001973630653560389,-0.0004592980108495177,0.004296587702835877,0.0009985949411456915,-0.000842370489091359,0.0014694728258219866,0.0010868869772931845,0.000812279697064414,0.0016244322412736593,0.0010175831720029738,0.0031798416313232923,4.524925700132136e-5,0.00016043080808073019,0.0016092951445719757,-3.6587762838380795e-5,0.0021210833922873993,0.006125062920288698,0.00010022751560967774,0.0029893643940507694,0.002038639812364293,0.0009103372902516578,-1.504110652887753e-5,0.0015841077871907342,0.0022808180601805797,0.0008226562583228891,1.1315047514902009e-5,-0.0006444291193899183,0.002356222168098839,0.0015721635831539363,-0.00039532415200413455,0.0029697269209631506,0.0020015674938983893,0.0004263753353502442,-0.00011881143315864762,4.076225546072278e-5,0.0008100532024188325,0.00010022751560967774,0.004227095624806064,0.0026949490114800863,-0.00021767777904432205,0.003031556466192638,0.0006364713638788155,0.006810500516005173,0.007241277057973788,0.0015178381642342062,0.004569716645742743,0.0009822290895569767,0.005818339966630819,0.002812971075244557,0.00114063392615116,0.007694689895077424,0.005073908498043751,0.0004631159839359834,0.0027366685413435596,0.0005308442578456239,0.0017442637217505112,0.0029893643940507694,0.0026949490114800863,0.021121171317822207,0.002204646276222246,0.0025514979559836145,0.0015314615236307451,0.0024773300147483903,0.001534316179733336,-0.00022760505051624464,0.0007575891032474142,0.0008384398042449653,0.00013030898507299945,0.0017597373607541862,0.0014005921397615287,0.0004489410521405992,0.0009420757029907324,0.00018462096489097352,0.0015220600806145129,0.0003634038061546798,0.0007331533026479593,0.002038639812364293,-0.00021767777904432205,0.002204646276222246,0.005871821175497612,0.0006960144311809642,0.000142954792563984,0.003640022685688891,0.003662553242734955,0.0007426849233514845,-0.00010784481654230687,-0.00040949511952771364,0.0046976877884413815,0.002928191975299539,0.0007823889330404162,0.0025960844206531584,0.0024089496178640365,0.001054178655733191,0.0013319478520529252,-0.0008753137536865784,0.001973630653560389,0.0009103372902516578,0.003031556466192638,0.0025514979559836145,0.0006960144311809642,0.01096690723175882,0.0010409708343265714,0.0009578069215997558,0.0013951973628552653,5.464799533566653e-5,0.00014900702564672096,-5.4531171159039826e-5,0.001233136983901352,0.0005300625503170304,0.0014957586204050934,0.0008624243217947847,0.00042451407897182915,7.491297503638199e-5,-0.00021351511457854533,-0.00018321844510451118,-0.0004592980108495177,-1.504110652887753e-5,0.0006364713638788155,0.0015314615236307451,0.000142954792563984,0.0010409708343265714,0.0021125829032763517
0.019420470028564868,0.0004989410659871174,-0.00038650256065079445,0.0018466902439254296,-0.0013883740004066625,0.0009271888749921992,0.00034615026432131346,0.0035393802092201464,0.0009736027574716599,0.001971888441581894,0.00027987769768766913,0.0025190692273743516,0.0011275799831833556,0.0017666843598753911,0.000501510911573274,0.0015308179895919334,0.00033347027903018903,-0.00023391158574833187,-0.001896552568449816,0.0006374463582145805,0.0004989410659871174,0.009005942093159856,0.00018647997315263058,0.0005605494915905933,-0.00041028058207188294,0.0005291200575957557,0.0014489207715590118,0.0007847600656773714,-0.0002099604593891938,0.003072574548652257,0.0004433710454301033,0.0020173069447833817,0.001384382286857276,-0.0003050352437884942,0.0007892380772674824,-0.00030431229861066565,-0.00019045208307342734,0.0001233378462683482,-0.00046472908426136057,0.00024881329982034603,-0.00038650256065079445,0.00018647997315263058,0.0026205724977644168,0.0004407690128308941,0.0006430389217630015,0.0004897714653539,-0.0007208922407146497,0.001075830383499949,-2.5187815909573548e-5,0.0009507157330290684,-0.00022581076978438807,0.00010039190978855804,0.000718851956050809,-0.00041481156425811805,0.0011486005936965572,0.0007004780726854393,-0.0007906860536959814,0.00021674186931838887,0.0003516859816718123,3.374589891558828e-6,0.0018466902439254296,0.0005605494915905933,0.0004407690128308941,0.007809675242621375,0.0009100127341299746,0.00012454883766864854,0.0009818867116848096,-0.00014099185048844929,-0.00014851226834954994,0.0025127343957705842,0.0001669920878521536,-0.00029008072923472443,-3.515874667673675e-5,0.0006653161064890559,0.0007035175740446958,0.0009981761245604248,-0.0026639783356943625,0.000583818241498253,0.0013378832147305088,0.00037605499753327507,-0.0013883740004066625,-0.00041028058207188294,0.0006430389217630015,0.0009100127341299746,0.004311924139641436,-0.00011356730513765258,0.0006443195473315079,-0.0010389934648958596,-0.00022640824596516495,-0.0005681603044998085,-1.628064858797719e-5,-0.0010404225834909936,-0.0006532915981653556,7.032532951795837e-5,0.0007474350583400832,0.000282232963332887,-0.0004442744360592186,0.0011273521982753652,0.0005708561777463209,0.00011334628053804674,0.0009271888749921992,0.0005291200575957557,0.0004897714653539,0.00012454883766864854,-0.00011356730513765258,0.0043492932541609,-0.0002747958935549938,0.00027352253856703515,0.002169833264882814,0.000985156648056323,-9.530456028806567e-5,0.0012582893307341123,0.0007564208053892647,0.0004124381225252229,0.0004671864568789772,8.217797656629578e-5,-0.001252909864771057,0.00026229790293729827,-0.0011832821514034385,0.0002479920410156243,0.00034615026432131346,0.0014489207715590118,-0.0007208922407146497,0.0009818867116848096,0.0006443195473315079,-0.0002747958935549938,0.009388536303897984,0.0005082518128329521,-1.4801186724582771e-5,0.00020379980829554292,0.0007650350902718129,0.001149986708855679,0.00015919396164736714,-0.0004225502189039372,-0.00040496772472109466,0.00011267452307690132,0.001751245643402599,0.0006072270836026434,-0.0005272748253950439,0.0007937694860594887,0.0035393802092201464,0.0007847600656773714,0.001075830383499949,-0.00014099185048844929,-0.0010389934648958596,0.00027352253856703515,0.0005082518128329521,0.016477533388388286,0.0015793546053894515,0.0027704852600997833,1.385093220292437e-5,0.0017772701050472338,0.0008323270822538399,-0.0004570050669215431,0.001146727400626875,0.0012309802390861027,0.003660944323310606,-0.00048308070096103785,0.0012449429190552427,0.00017010068099368664,0.0009736027574716599,-0.0002099604593891938,-2.5187815909573548e-5,-0.00014851226834954994,-0.00022640824596516495,0.002169833264882814,-1.4801186724582771e-5,0.0015793546053894515,0.01767057835710399,0.0012815065271814846,-0.0008550820182335222,0.0007220631041019825,-0.0004176841176251788,-0.00010278707278877326,-0.0012722818157304115,0.00020782353368780005,-0.00019030695321166883,0.0014066857053153582,0.0008267986687778108,0.001146100656471232,0.001971888441581894,0.003072574548652257,0.0009507157330290684,0.0025127343957705842,-0.0005681603044998085,0.000985156648056323,0.00020379980829554292,0.0027704852600997833,0.0012815065271814846,0.018977750366388223,0.0001708958187353982,0.002303722860396557,0.002339685211162337,0.00194890503710325,0.0016859240416237245,-7.971894184448719e-5,-0.0005395649934622821,0.0009439740653250743,0.0008362022755855393,-0.00027240998284374827,0.00027987769768766913,0.0004433710454301033,-0.00022581076978438807,0.0001669920878521536,-1.628064858797719e-5,-9.530456028806567e-5,0.0007650350902718129,1.385093220292437e-5,-0.0008550820182335222,0.0001708958187353982,0.0014540815585357633,0.00017140184587281361,0.00020965462430297876,-1.1988641803329536e-5,0.0003645315390517939,3.107583348180079e-5,0.00016587342537770683,0.0004715078943889824,-0.0006151258619522749,-0.0003220008558289751,0.0025190692273743516,0.0020173069447833817,0.00010039190978855804,-0.00029008072923472443,-0.0010404225834909936,0.0012582893307341123,0.001149986708855679,0.0017772701050472338,0.0007220631041019825,0.002303722860396557,0.00017140184587281361,0.009215779126066706,0.0017732310892921391,-0.00037691386615729334,0.00015516178381626484,-6.079371455255956e-5,0.0006630094360183128,-0.0002667457065621592,-0.00060021426415308,0.0005304129892105132,0.0011275799831833556,0.001384382286857276,0.000718851956050809,-3.515874667673675e-5,-0.0006532915981653556,0.0007564208053892647,0.00015919396164736714,0.0008323270822538399,-0.0004176841176251788,0.002339685211162337,0.00020965462430297876,0.0017732310892921391,0.003594761588440124,0.0001842689874194715,0.0010542362809125832,0.0004503629399410753,0.00011753035594922205,0.00022818030873879077,-0.0010563261757530946,-7.242658808355668e-5,0.0017666843598753911,-0.0003050352437884942,-0.00041481156425811805,0.0006653161064890559,7.032532951795837e-5,0.0004124381225252229,-0.0004225502189039372,-0.0004570050669215431,-0.00010278707278877326,0.00194890503710325,-1.1988641803329536e-5,-0.00037691386615729334,0.0001842689874194715,0.00730987638070323,0.00032732803242642135,-0.00020033424627187142,0.00012540472062875564,0.00010966058909860383,0.0010013058668937444,0.00015749400069572404,0.000501510911573274,0.0007892380772674824,0.0011486005936965572,0.0007035175740446958,0.0007474350583400832,0.0004671864568789772,-0.00040496772472109466,0.001146727400626875,-0.0012722818157304115,0.0016859240416237245,0.0003645315390517939,0.00015516178381626484,0.0010542362809125832,0.00032732803242642135,0.005205810732914848,0.001466994061593402,-0.0005935986754751598,0.0006323750942293794,-0.0010336002575739552,-0.0003811760753051436,0.0015308179895919334,-0.00030431229861066565,0.0007004780726854393,0.0009981761245604248,0.000282232963332887,8.217797656629578e-5,0.00011267452307690132,0.0012309802390861027,0.00020782353368780005,-7.971894184448719e-5,3.107583348180079e-5,-6.079371455255956e-5,0.0004503629399410753,-0.00020033424627187142,0.001466994061593402,0.005131120301379092,0.00041914644226112455,0.0005757106108075639,-0.0020236880842750063,-9.625086451425368e-5,0.00033347027903018903,-0.00019045208307342734,-0.0007906860536959814,-0.0026639783356943625,-0.0004442744360592186,-0.001252909864771057,0.001751245643402599,0.003660944323310606,-0.00019030695321166883,-0.0005395649934622821,0.00016587342537770683,0.0006630094360183128,0.00011753035594922205,0.00012540472062875564,-0.0005935986754751598,0.00041914644226112455,0.015199240980706349,-0.0012495970291815542,0.001637794810105528,0.0001569922133846293,-0.00023391158574833187,0.0001233378462683482,0.00021674186931838887,0.000583818241498253,0.0011273521982753652,0.00026229790293729827,0.0006072270836026434,-0.00048308070096103785,0.0014066857053153582,0.0009439740653250743,0.0004715078943889824,-0.0002667457065621592,0.00022818030873879077,0.00010966058909860383,0.0006323750942293794,0.0005757106108075639,-0.0012495970291815542,0.005819975744118938,-0.0008015270820492323,3.1428992171496774e-5,-0.001896552568449816,-0.00046472908426136057,0.0003516859816718123,0.0013378832147305088,0.0005708561777463209,-0.0011832821514034385,-0.0005272748253950439,0.0012449429190552427,0.0008267986687778108,0.0008362022755855393,-0.0006151258619522749,-0.00060021426415308,-0.0010563261757530946,0.0010013058668937444,-0.0010336002575739552,-0.0020236880842750063,0.001637794810105528,-0.0008015270820492323,0.01137876562197618,0.0007758618688921599,0.0006374463582145805,0.00024881329982034603,3.374589891558828e-6,0.00037605499753327507,0.00011334628053804674,0.0002479920410156243,0.0007937694860594887,0.00017010068099368664,0.001146100656471232,-0.00027240998284374827,-0.0003220008558289751,0.0005304129892105132,-7.242658808355668e-5,0.00015749400069572404,-0.0003811760753051436,-9.625086451425368e-5,0.0001569922133846293,3.1428992171496774e-5,0.0007758618688921599,0.0019037542579812114
