0.008549091949955427,0.0009421940000122406,0.00046177470506340726,0.0008100327538203499,0.0007220498905210263,0.00015139523059594097,0.0009616516679171727,0.0002295658523090689,0.0005005329991309199,0.0003494043111779947,0.00014069302809792771,0.0013432440698008966,0.0009302214965921372,0.0006423984828921887,0.001763622989135983,0.002206719746105499,-0.00019151560624239102,0.00017870751009427762,0.0006272130239399435,-7.753491245195695e-5,0.0009421940000122406,0.005603127379039675,0.0002253353589746567,0.0006916275293488044,-3.0498007419411346e-5,0.00035155235647879547,0.0005042900974276503,0.000600579607464514,8.716879910412447e-5,0.0008613918503324134,0.000530989087804254,0.00027608548600324397,0.0003802033210460389,0.0007024206427135979,0.0011563933696038904,0.001417809174384417,0.00036123521939448945,0.0006700928432611568,0.00016526446551614276,0.0005005001794171572,0.00046177470506340726,0.0002253353589746567,0.003943587257355772,0.0007000181589767053,0.0009403311060711696,8.17069214960991e-6,-0.0001735629120775688,0.00024377638527876852,0.0005659552223942374,0.0008226215212751755,0.0012783142711580658,0.00021338574072350734,0.0010839788108695106,0.0007251066449082584,0.0014010094070404234,0.0017582682869922333,0.00033501788872782637,-5.697583424147586e-6,0.0005574215501988675,1.9549614768173284e-5,0.0008100327538203499,0.0006916275293488044,0.0007000181589767053,0.005149591998318538,0.0008302162587162973,0.0006485317283569574,4.7379970828044815e-5,0.00047950601929669736,-0.00015316921461482427,0.00045153159619516076,0.0021487386793120327,8.595857958566933e-5,0.0002722092082162276,0.0009473972142052309,0.00044622130594825524,0.0012388260076423834,0.00022420182084345895,0.00041492504969667886,0.0006091655236376624,0.0010794701160752778,0.0007220498905210263,-3.0498007419411346e-5,0.0009403311060711696,0.0008302162587162973,0.008142843628177972,0.00025387369459792264,0.0002390377219586181,0.000993131109472628,0.0005552425721557868,0.0011508566367810721,0.0012484856573671689,-0.0005766005780173831,0.0007942098556740051,0.0014838988513432559,0.0011172137714518448,0.00020802252030923692,0.0004348248617431154,0.0006543562674285521,0.0008151985192586005,0.001010157261921201,0.00015139523059594097,0.00035155235647879547,8.17069214960991e-6,0.0006485317283569574,0.00025387369459792264,0.002677958740710368,0.0003391721476851046,0.0005546657241502807,-1.695910005101792e-5,0.00011763222231991413,0.00021705343128988438,0.00035562304773392094,0.0001809214003627292,0.0008125524748096094,0.0007152318506689003,0.0002814804365785348,0.00019357541947626246,1.8738567686743936e-5,2.963801224775638e-6,0.0010140497354439227,0.0009616516679171727,0.0005042900974276503,-0.0001735629120775688,4.7379970828044815e-5,0.0002390377219586181,0.0003391721476851046,0.005366091882514945,0.00018086261178424233,-0.0001258841222050577,0.0015405613295864247,-0.0001386545528073602,0.00023524264855148236,0.0003112869179104369,0.0006253410295828783,-0.0002510420417673918,0.0012945181933609155,0.0007814137079022833,0.0010134877823002215,-0.00033277972069335824,0.0006066945266070571,0.0002295658523090689,0.000600579607464514,0.00024377638527876852,0.00047950601929669736,0.000993131109472628,0.0005546657241502807,0.00018086261178424233,0.0027361942205848555,0.0005212636789150499,-0.0005107787847618659,0.0005875281097760287,0.0003267532240034294,0.00015919431364133185,0.00047815763252211855,0.0011689797035864945,0.0003819620448386934,0.0004853935004174539,0.0002707209812634261,0.0003794347262280417,0.0009487408957615231,0.0005005329991309199,8.716879910412447e-5,0.0005659552223942374,-0.00015316921461482427,0.0005552425721557868,-1.695910005101792e-5,-0.0001258841222050577,0.0005212636789150499,0.0028071385535081684,0.00010918608913468064,0.0003123666148563035,9.993232822927458e-5,0.0005873750742455754,0.00041327360563199196,0.0007269208418372287,-0.0003878644189777414,0.0002963339483344,5.926612686711977e-5,0.0006260997489237461,0.00011080925610304284,0.0003494043111779947,0.0008613918503324134,0.0008226215212751755,0.00045153159619516076,0.0011508566367810721,0.00011763222231991413,0.0015405613295864247,-0.0005107787847618659,0.00010918608913468064,0.010131118202261346,0.001918761570416965,3.5660662424383786e-5,0.0008706352303102474,0.0007538618114625074,0.00019294096159503977,0.0017265340086729552,0.0004026587166672729,-0.0008328971849283816,3.425741695721961e-5,0.000585453735430266,0.00014069302809792771,0.000530989087804254,0.0012783142711580658,0.0021487386793120327,0.0012484856573671689,0.00021705343128988438,-0.0001386545528073602,0.0005875281097760287,0.0003123666148563035,0.001918761570416965,0.01235930870376145,-0.00040485105447206967,0.0006264094746502021,0.0011596174653664027,0.0017154175093127577,0.000944307191312315,0.00034906219646124877,0.0010233605467176066,0.0007170045687868823,0.0007529125587290591,0.0013432440698008966,0.00027608548600324397,0.00021338574072350734,8.595857958566933e-5,-0.0005766005780173831,0.00035562304773392094,0.00023524264855148236,0.0003267532240034294,9.993232822927458e-5,3.5660662424383786e-5,-0.00040485105447206967,0.004194707031644039,0.0003780949279193892,0.0006549800060456916,0.00035071155457064757,0.0014687059231705546,2.477332267666639e-5,0.0005533162855750675,-0.00019691704671389728,3.024436072230507e-5,0.0009302214965921372,0.0003802033210460389,0.0010839788108695106,0.0002722092082162276,0.0007942098556740051,0.0001809214003627292,0.0003112869179104369,0.00015919431364133185,0.0005873750742455754,0.0008706352303102474,0.0006264094746502021,0.0003780949279193892,0.0033480917243515003,0.0006222052198524882,0.001345475512275302,0.0013711873990526874,2.492770795053803e-5,0.0003121777070413792,0.0006942495815107973,0.0007112630704037867,0.0006423984828921887,0.0007024206427135979,0.0007251066449082584,0.0009473972142052309,0.0014838988513432559,0.0008125524748096094,0.0006253410295828783,0.00047815763252211855,0.00041327360563199196,0.0007538618114625074,0.0011596174653664027,0.0006549800060456916,0.0006222052198524882,0.007568095080813113,0.0012560880146029996,0.0014394341118336657,0.0006892028012273365,0.0010526881369471617,0.0007574122095965884,0.0004709362482414552,0.001763622989135983,0.0011563933696038904,0.0014010094070404234,0.00044622130594825524,0.0011172137714518448,0.0007152318506689003,-0.0002510420417673918,0.0011689797035864945,0.0007269208418372287,0.00019294096159503977,0.0017154175093127577,0.00035071155457064757,0.001345475512275302,0.0012560880146029996,0.012869282152393835,0.001532797107563317,-0.0008134851030343632,0.0002169728438890744,0.001128762800370233,0.0008398332957326171,0.002206719746105499,0.001417809174384417,0.0017582682869922333,0.0012388260076423834,0.00020802252030923692,0.0002814804365785348,0.0012945181933609155,0.0003819620448386934,-0.0003878644189777414,0.0017265340086729552,0.000944307191312315,0.0014687059231705546,0.0013711873990526874,0.0014394341118336657,0.001532797107563317,0.01494371722888105,0.0016985231410949649,0.0009966314097878501,0.00021516756843731845,-0.00036526318362074546,-0.00019151560624239102,0.00036123521939448945,0.00033501788872782637,0.00022420182084345895,0.0004348248617431154,0.00019357541947626246,0.0007814137079022833,0.0004853935004174539,0.0002963339483344,0.0004026587166672729,0.00034906219646124877,2.477332267666639e-5,2.492770795053803e-5,0.0006892028012273365,-0.0008134851030343632,0.0016985231410949649,0.006927402511281974,0.00025197507335976703,9.662638197493139e-5,0.0009724471502074771,0.00017870751009427762,0.0006700928432611568,-5.697583424147586e-6,0.00041492504969667886,0.0006543562674285521,1.8738567686743936e-5,0.0010134877823002215,0.0002707209812634261,5.926612686711977e-5,-0.0008328971849283816,0.0010233605467176066,0.0005533162855750675,0.0003121777070413792,0.0010526881369471617,0.0002169728438890744,0.0009966314097878501,0.00025197507335976703,0.008638416817866023,0.00014434578429350123,0.00024619515305254215,0.0006272130239399435,0.00016526446551614276,0.0005574215501988675,0.0006091655236376624,0.0008151985192586005,2.963801224775638e-6,-0.00033277972069335824,0.0003794347262280417,0.0006260997489237461,3.425741695721961e-5,0.0007170045687868823,-0.00019691704671389728,0.0006942495815107973,0.0007574122095965884,0.001128762800370233,0.00021516756843731845,9.662638197493139e-5,0.00014434578429350123,0.0019551532134661313,0.0003777427233227497,-7.753491245195695e-5,0.0005005001794171572,1.9549614768173284e-5,0.0010794701160752778,0.001010157261921201,0.0010140497354439227,0.0006066945266070571,0.0009487408957615231,0.00011080925610304284,0.000585453735430266,0.0007529125587290591,3.024436072230507e-5,0.0007112630704037867,0.0004709362482414552,0.0008398332957326171,-0.00036526318362074546,0.0009724471502074771,0.00024619515305254215,0.0003777427233227497,0.010196853204101207
