0.023914900670420167,-0.0014969108959767352,-0.003941076926481831,0.0053253757250467555,0.0021407634421103145,0.0013572309353824224,-0.0008421848231198968,0.0017581191816115295,-0.001232281548989516,-0.006192709210104881,-0.0020665681039011997,-0.001945142224395414,0.0012883784251577156,-0.013391806697933871,0.002965514813046204,0.0075210370575734,-0.0023058844836885673,-0.007559126117067774,0.0147708260608715,0.0010880291636099146,-0.0014969108959767352,0.019816864355583316,0.000952249890660648,0.00044183068772010595,0.007662908128272089,0.00451892028567631,0.00033042902844929124,0.004629079047831769,0.009266958805757288,0.007930342883383729,0.001448327109521797,0.003439063790903386,0.0011172511180709153,0.001444883950599628,0.001870021783150204,-0.005576182177185743,-7.352918426141347e-5,0.0017489138060360434,0.007311303848064747,0.0026025400174423344,-0.003941076926481831,0.000952249890660648,0.004094697151600832,0.0024123644362291454,-0.0015839388563639522,0.0001379285014177429,0.0027541541321585167,-0.0006892691229331976,0.0005891786879682983,0.0049470326559793425,0.0011446326368051295,0.001110393541440807,-0.0002753219505495799,0.004693334396858978,2.0022653354552608e-5,-0.00022282382280475912,0.0016922264008092259,0.0037815875330284,-0.004116465375506766,-0.0006635313967880484,0.0053253757250467555,0.00044183068772010595,0.0024123644362291454,0.028658516234086807,0.003482780614916369,0.003683101258391197,0.008842188942068549,-0.00046999590373380607,0.012860362083647828,0.011541583049425184,0.003222543054575264,0.0015802228064421245,-0.0019413168679361633,0.001398546047898271,0.001791905518727432,0.0056779777366306825,0.0015919382245718297,-0.0020649281983547594,0.00039555804836772796,-0.002181612261312812,0.0021407634421103145,0.007662908128272089,-0.0015839388563639522,0.003482780614916369,0.03817538286417259,0.003077107762243675,-0.0006078219847444122,0.006882359477482945,0.019767260457694696,0.005126759932047635,0.001813200617853348,0.0036194294786549156,0.008109016116789339,0.0025152036351271945,0.004317317100466263,-0.005693118208123099,-0.0022106094074193193,0.0017534739105518303,0.00554215217739958,0.005977427480896221,0.0013572309353824224,0.00451892028567631,0.0001379285014177429,0.003683101258391197,0.003077107762243675,0.006631072782493954,0.0012755234503095663,0.0014080342879772647,0.006495621214469661,0.0033043489788133237,5.757387623682328e-5,0.00036145902127951684,-0.0003579780407750525,-0.002882434919002955,0.0025262751897949264,-8.466929118125779e-5,-0.0003595635824725921,0.000295140353130164,0.006233839806610948,0.00017991288141151927,-0.0008421848231198968,0.00033042902844929124,0.0027541541321585167,0.008842188942068549,-0.0006078219847444122,0.0012755234503095663,0.012367347717998004,-0.001991028791459801,0.0065097039895889025,0.0103598663329071,0.0033037088140290462,0.0012068188278448917,-0.0006283860471301365,0.0034508736200899977,0.0015328354080194695,0.0026390142309476797,0.001476876950102481,0.002381231961972584,-0.003011579980766967,-0.0017415566428174345,0.0017581191816115295,0.004629079047831769,-0.0006892691229331976,-0.00046999590373380607,0.006882359477482945,0.0014080342879772647,-0.001991028791459801,0.00535972374470926,0.003502810463818216,-0.0003077724187145528,-0.0007763726117699177,0.0011926499514542705,0.002843628212604952,-0.0018733482919237108,0.0011138490368909186,-0.003212078983706945,-0.0015840470652099604,0.0005962005721683663,0.005549961691044966,0.0021709910917684723,-0.001232281548989516,0.009266958805757288,0.0005891786879682983,0.012860362083647828,0.019767260457694696,0.006495621214469661,0.0065097039895889025,0.003502810463818216,0.06015888465598769,0.01115050567051272,0.006330930201688582,0.0043090840967867855,0.004824789754855986,0.006448318727801293,0.0011823732259093555,-0.010724530494845518,0.002213576845031747,0.007943836741095294,0.006066780128161731,-7.5102020023391e-5,-0.006192709210104881,0.007930342883383729,0.0049470326559793425,0.011541583049425184,0.005126759932047635,0.0033043489788133237,0.0103598663329071,-0.0003077724187145528,0.01115050567051272,0.0298762954131338,0.00596921330896768,0.0037758939426026233,-0.0013324325773617345,0.007755488656656444,0.0026432533634219045,-0.0010451093910563074,0.002661726640283191,0.005586173947268582,-0.008780217978097164,8.260330324237034e-5,-0.0020665681039011997,0.001448327109521797,0.0011446326368051295,0.003222543054575264,0.001813200617853348,5.757387623682328e-5,0.0033037088140290462,-0.0007763726117699177,0.006330930201688582,0.00596921330896768,0.009130609282806155,0.0009572138117250667,0.0013247147442082283,0.00289030422547004,0.0013677021036650294,0.0002501317552558104,0.0020169216247036986,0.001696283944287797,-0.006848051874320519,-0.0009526331634665433,-0.001945142224395414,0.003439063790903386,0.001110393541440807,0.0015802228064421245,0.0036194294786549156,0.00036145902127951684,0.0012068188278448917,0.0011926499514542705,0.0043090840967867855,0.0037758939426026233,0.0009572138117250667,0.0043491932637586385,0.00047568716434430745,0.003746204732112867,0.0008918202752698607,-0.002745364846048265,-8.029348474497509e-5,0.001928838881375015,-0.0017294986954235398,0.0007359463676030293,0.0012883784251577156,0.0011172511180709153,-0.0002753219505495799,-0.0019413168679361633,0.008109016116789339,-0.0003579780407750525,-0.0006283860471301365,0.002843628212604952,0.004824789754855986,-0.0013324325773617345,0.0013247147442082283,0.00047568716434430745,0.012811941376620724,0.0003011816051085714,0.0006274510636649502,-0.002433830856955184,-0.0005966641271835319,0.002720683149192088,0.0027563864147210106,0.002514126848125506,-0.013391806697933871,0.001444883950599628,0.004693334396858978,0.001398546047898271,0.0025152036351271945,-0.002882434919002955,0.0034508736200899977,-0.0018733482919237108,0.006448318727801293,0.007755488656656444,0.00289030422547004,0.003746204732112867,0.0003011816051085714,0.02890356532716008,-0.0031112839014079204,-0.007398073509100357,0.0021541843404259903,0.006858629930064289,-0.015391554921084155,-0.0007194088197218239,0.002965514813046204,0.001870021783150204,2.0022653354552608e-5,0.001791905518727432,0.004317317100466263,0.0025262751897949264,0.0015328354080194695,0.0011138490368909186,0.0011823732259093555,0.0026432533634219045,0.0013677021036650294,0.0008918202752698607,0.0006274510636649502,-0.0031112839014079204,0.006424255296348928,0.002702037156891288,-0.0006673477743919759,0.0010463610684192592,0.0006691593738745328,3.190987693195904e-5,0.0075210370575734,-0.005576182177185743,-0.00022282382280475912,0.0056779777366306825,-0.005693118208123099,-8.466929118125779e-5,0.0026390142309476797,-0.003212078983706945,-0.010724530494845518,-0.0010451093910563074,0.0002501317552558104,-0.002745364846048265,-0.002433830856955184,-0.007398073509100357,0.002702037156891288,0.02230496880274115,0.0005098460055566636,-0.006258585901765101,-0.0006151303882085944,-0.0038236513185277658,-0.0023058844836885673,-7.352918426141347e-5,0.0016922264008092259,0.0015919382245718297,-0.0022106094074193193,-0.0003595635824725921,0.001476876950102481,-0.0015840470652099604,0.002213576845031747,0.002661726640283191,0.0020169216247036986,-8.029348474497509e-5,-0.0005966641271835319,0.0021541843404259903,-0.0006673477743919759,0.0005098460055566636,0.00526543489696447,0.0021903948248987374,-0.0033185108989697335,-0.0010151816139209596,-0.007559126117067774,0.0017489138060360434,0.0037815875330284,-0.0020649281983547594,0.0017534739105518303,0.000295140353130164,0.002381231961972584,0.0005962005721683663,0.007943836741095294,0.005586173947268582,0.001696283944287797,0.001928838881375015,0.002720683149192088,0.006858629930064289,0.0010463610684192592,-0.006258585901765101,0.0021903948248987374,0.016467514579812638,-0.005692446125280493,0.00044627041398297417,0.0147708260608715,0.007311303848064747,-0.004116465375506766,0.00039555804836772796,0.00554215217739958,0.006233839806610948,-0.003011579980766967,0.005549961691044966,0.006066780128161731,-0.008780217978097164,-0.006848051874320519,-0.0017294986954235398,0.0027563864147210106,-0.015391554921084155,0.0006691593738745328,-0.0006151303882085944,-0.0033185108989697335,-0.005692446125280493,0.05316396785447476,0.004348360783456552,0.0010880291636099146,0.0026025400174423344,-0.0006635313967880484,-0.002181612261312812,0.005977427480896221,0.00017991288141151927,-0.0017415566428174345,0.0021709910917684723,-7.5102020023391e-5,8.260330324237034e-5,-0.0009526331634665433,0.0007359463676030293,0.002514126848125506,-0.0007194088197218239,3.190987693195904e-5,-0.0038236513185277658,-0.0010151816139209596,0.00044627041398297417,0.004348360783456552,0.004873805155385292
0.023049483196818443,0.004702223829324256,0.0006824420746162758,0.0008936386341141945,0.0023123063634376863,0.0005505923068482451,0.003348064461655637,0.0017602024868533734,-0.004451728488155118,-0.00520597633447384,0.004234717187097798,0.0017281554732406855,0.0008972911739309214,0.004885113321398019,0.001491441483003936,-0.0010836833270670932,0.00172574807710516,0.0006605410514156642,0.004593163424039014,0.00039162849425445056,0.004702223829324256,0.013222461564796374,0.00012173552059508607,0.001969982042520867,0.0015108829255170617,0.000545080843359617,0.0016265993909633384,-0.00044137560991204777,0.000457247308004256,0.0031381917925268153,0.0008025525423458551,0.00015888032177157767,0.0016116086395201712,0.0006007667937652637,0.0008481014731930366,0.0008961653019614602,0.0017704057290146408,0.0008014453645387398,0.001406263034151378,-0.0002886730237369153,0.0006824420746162758,0.00012173552059508607,0.002135816035119232,0.0013668443855315315,0.00014243902506058152,0.0002955551559035827,9.141147229258374e-5,0.00044339734533681817,0.0011112530204638008,-0.00016378586980694522,0.000734231149313285,-0.0003305078867745588,-0.00029324156603339634,0.00045061941118640993,0.0005602742934859009,-8.665122353722436e-5,0.00020324598430806985,-0.000684037519265073,-0.00042506128574508006,0.0004891735659536503,0.0008936386341141945,0.001969982042520867,0.0013668443855315315,0.018477884796101948,-0.0013636659593203508,-6.379291611643148e-5,-0.0011434860317489693,0.00038790576880815003,0.00311509608974043,-0.000760457277184784,-0.000707404527236136,-0.0005785158252023716,0.0004460456010658585,0.0013359815834743652,0.0014869418095016702,0.0021703335634931363,0.0018426709923247944,-0.0006015730366567894,0.00023973577920675948,0.001434545738095717,0.0023123063634376863,0.0015108829255170617,0.00014243902506058152,-0.0013636659593203508,0.019863226718910484,0.0016890193038761412,0.0015312365078733537,0.0015038407146581328,-0.005145521626450905,0.00020093881674271643,-0.0003204120462033614,0.0005684819210433495,-0.00012471949316208942,-0.00016770865994081047,-0.0007525131376770198,-0.0005798892882945316,-0.0005828999933524106,7.294468987737032e-5,0.0002922066719671598,9.190684354494906e-6,0.0005505923068482451,0.000545080843359617,0.0002955551559035827,-6.379291611643148e-5,0.0016890193038761412,0.004132209056790453,0.0003810296724171541,0.0009089898884713838,0.0004941677732815372,0.0017950783039260075,0.0006518969409866147,0.0005586690976255925,0.001718270393270604,0.0014441398284453326,-0.0005306118181119081,-0.00010615929024871318,0.0004467985146201348,0.0011541058701784836,0.0014067583739236693,4.9415057223318986e-5,0.003348064461655637,0.0016265993909633384,9.141147229258374e-5,-0.0011434860317489693,0.0015312365078733537,0.0003810296724171541,0.00710236274704294,0.001279462664990647,0.00035530363195778966,-0.000218263408853576,0.0011095219363101894,0.001100115628166597,0.0005821409750487188,0.0014490499570647616,0.0005957783013307179,-0.0009893254857264325,0.0015820502986475824,0.0010673618127967925,0.0040511972502051425,0.0011375038743693983,0.0017602024868533734,-0.00044137560991204777,0.00044339734533681817,0.00038790576880815003,0.0015038407146581328,0.0009089898884713838,0.001279462664990647,0.0035052522223164902,-0.0005894412604307459,-0.001447580548141466,0.0010383335603204318,0.000728737533617717,0.00019373597090988727,0.0017067270069379683,-0.00015336907141322168,9.426856530316092e-5,0.0007110641265920985,0.0012594626330401748,0.0006832477229743253,0.0007717827988922084,-0.004451728488155118,0.000457247308004256,0.0011112530204638008,0.00311509608974043,-0.005145521626450905,0.0004941677732815372,0.00035530363195778966,-0.0005894412604307459,0.043535742509225206,0.00893539202573682,-0.001967867372397369,-0.0002139631933892147,0.005466861959544418,-0.0007923692812044883,0.0010961099182932648,0.001311066302919369,0.004538600748769812,0.0006132484071308068,0.002922679738381654,-0.0005590806263874833,-0.00520597633447384,0.0031381917925268153,-0.00016378586980694522,-0.000760457277184784,0.00020093881674271643,0.0017950783039260075,-0.000218263408853576,-0.001447580548141466,0.00893539202573682,0.025472071185210277,-0.00086084559234453,-0.0005570587279613987,0.004475905256314821,-0.00018135088917765538,4.6297932863685e-5,0.0016173064018129516,0.0009255483518898381,0.0018868023105435108,0.006857101991771825,-0.0007888978670550913,0.004234717187097798,0.0008025525423458551,0.000734231149313285,-0.000707404527236136,-0.0003204120462033614,0.0006518969409866147,0.0011095219363101894,0.0010383335603204318,-0.001967867372397369,-0.00086084559234453,0.009340702225334407,0.0008464160199410371,-0.00013967690100422428,0.0016952654450208648,0.0010423725112583015,0.001703498873771448,0.00025780475344611175,0.0017626259006798593,0.003402914381806844,0.0006521990293717479,0.0017281554732406855,0.00015888032177157767,-0.0003305078867745588,-0.0005785158252023716,0.0005684819210433495,0.0005586690976255925,0.001100115628166597,0.000728737533617717,-0.0002139631933892147,-0.0005570587279613987,0.0008464160199410371,0.003974690375492072,0.0004902600281921579,0.0018938475434004502,2.780973511492842e-5,-0.0002696922623035951,0.001142963742349843,0.0005943034614345759,0.003440638930044467,0.0002825817435812537,0.0008972911739309214,0.0016116086395201712,-0.00029324156603339634,0.0004460456010658585,-0.00012471949316208942,0.001718270393270604,0.0005821409750487188,0.00019373597090988727,0.005466861959544418,0.004475905256314821,-0.00013967690100422428,0.0004902600281921579,0.012318795455277302,0.00018678454160669196,-0.000930845389292701,0.000929186530800289,0.001520611766204312,-0.00014290494415969358,0.0020331924818260405,0.00016406990819947432,0.004885113321398019,0.0006007667937652637,0.00045061941118640993,0.0013359815834743652,-0.00016770865994081047,0.0014441398284453326,0.0014490499570647616,0.0017067270069379683,-0.0007923692812044883,-0.00018135088917765538,0.0016952654450208648,0.0018938475434004502,0.00018678454160669196,0.020494629878112566,0.00013364016027250466,0.0006740163682360286,0.0010487289088553019,0.0025301806048734403,0.0039649694659703565,0.00030399235443566463,0.001491441483003936,0.0008481014731930366,0.0005602742934859009,0.0014869418095016702,-0.0007525131376770198,-0.0005306118181119081,0.0005957783013307179,-0.00015336907141322168,0.0010961099182932648,4.6297932863685e-5,0.0010423725112583015,2.780973511492842e-5,-0.000930845389292701,0.00013364016027250466,0.004126563565829602,-0.00042365964934738744,0.0012095151515444003,-0.0006063345315265004,0.0031109589301834386,0.00036128272008650885,-0.0010836833270670932,0.0008961653019614602,-8.665122353722436e-5,0.0021703335634931363,-0.0005798892882945316,-0.00010615929024871318,-0.0009893254857264325,9.426856530316092e-5,0.001311066302919369,0.0016173064018129516,0.001703498873771448,-0.0002696922623035951,0.000929186530800289,0.0006740163682360286,-0.00042365964934738744,0.014833433523107464,-0.0003188341790312948,0.004440363714947113,-0.0015603439256868794,0.0008460467134188204,0.00172574807710516,0.0017704057290146408,0.00020324598430806985,0.0018426709923247944,-0.0005828999933524106,0.0004467985146201348,0.0015820502986475824,0.0007110641265920985,0.004538600748769812,0.0009255483518898381,0.00025780475344611175,0.001142963742349843,0.001520611766204312,0.0010487289088553019,0.0012095151515444003,-0.0003188341790312948,0.00535637777576462,-5.1622750277313775e-5,0.003130468791852889,0.0004994431989407445,0.0006605410514156642,0.0008014453645387398,-0.000684037519265073,-0.0006015730366567894,7.294468987737032e-5,0.0011541058701784836,0.0010673618127967925,0.0012594626330401748,0.0006132484071308068,0.0018868023105435108,0.0017626259006798593,0.0005943034614345759,-0.00014290494415969358,0.0025301806048734403,-0.0006063345315265004,0.004440363714947113,-5.1622750277313775e-5,0.012864891092470854,0.0027742419243478563,0.00016109946274940953,0.004593163424039014,0.001406263034151378,-0.00042506128574508006,0.00023973577920675948,0.0002922066719671598,0.0014067583739236693,0.0040511972502051425,0.0006832477229743253,0.002922679738381654,0.006857101991771825,0.003402914381806844,0.003440638930044467,0.0020331924818260405,0.0039649694659703565,0.0031109589301834386,-0.0015603439256868794,0.003130468791852889,0.0027742419243478563,0.038943942561829877,-0.0007659501188792755,0.00039162849425445056,-0.0002886730237369153,0.0004891735659536503,0.001434545738095717,9.190684354494906e-6,4.9415057223318986e-5,0.0011375038743693983,0.0007717827988922084,-0.0005590806263874833,-0.0007888978670550913,0.0006521990293717479,0.0002825817435812537,0.00016406990819947432,0.00030399235443566463,0.00036128272008650885,0.0008460467134188204,0.0004994431989407445,0.00016109946274940953,-0.0007659501188792755,0.003154593154612074
