0.052451536304741815,0.004455895453255717,0.013077089161603266,0.006682845313796596,0.012981834852791483,0.007543256699449533,0.0044227716568067885,0.002355383798579208,0.00526693235709844,0.00017449870833771694,0.026865107068020297,0.01066966775288256,0.006691542117554188,0.006751236852771102,0.024198690233469135,0.0015524865644114838,0.0063861204599830875,0.0026648344078263023,0.011851541653463925,-0.00591414089360703,0.004455895453255717,0.002325385242175385,0.000659570526043887,0.0003725188832325681,0.002197758382104827,0.002483995826693399,0.0007847642862647304,-4.034523066444619e-5,-0.00080394390758783,-0.0005645987312014939,0.0018131046265197912,0.0014506784019410108,0.000717005602615573,0.0013022754418620436,0.0034589688815745484,5.042107037998778e-5,0.0013709544767177163,7.944939620050515e-6,0.0015929127566949898,-0.0001313692825467032,0.013077089161603266,0.000659570526043887,0.01994120792367977,0.0006961286814358484,0.0037555652201166512,0.002677577435703054,0.001598402792927586,0.00039412108457398837,-0.0002988593393856568,0.0023246142472377203,0.008589129672590033,0.004079220460629626,0.0034878635046427277,0.007539406937952516,0.009457234807109841,0.0006097546100314508,0.0028887468602119193,0.0032966751572580943,0.007019228099492325,0.0014660403861821306,0.006682845313796596,0.0003725188832325681,0.0006961286814358484,0.00881150493957378,0.007212396418994975,0.0014891179756382474,0.0009065506020349402,0.0009266756913708205,0.006824046051918798,-0.0008058332032843676,0.009870537541083416,0.0013469115101767386,0.00018414563259605278,0.0027707018002539226,0.00024081878388808645,0.0005916775856051726,0.000531078276364666,0.0009288586671721143,0.0012695147114854368,-0.004484155867097881,0.012981834852791483,0.002197758382104827,0.0037555652201166512,0.007212396418994975,0.03797524701359894,0.004370610849233063,0.00557824017235438,0.000891308222338184,0.0156391809605277,-0.0001967044176338915,0.0252712110961923,0.005149259055017605,0.00456471492865268,0.011923020565203826,0.002548724581397225,-0.0005225165410063056,-0.0026925142608936496,0.0017259581659104864,0.007324232037691093,-0.00499537060936921,0.007543256699449533,0.002483995826693399,0.002677577435703054,0.0014891179756382474,0.004370610849233063,0.020837501868571078,0.0025832113266305956,0.000923597221217072,0.0007679118038291814,0.0013541638323122823,0.0075606464225613295,0.005464654481595095,0.0018857872478138286,0.006373378249407157,0.0062569452408101234,-0.0009356875956590511,0.006271532228797139,0.003093217451609541,0.005535723174849399,0.00036723064559741685,0.0044227716568067885,0.0007847642862647304,0.001598402792927586,0.0009065506020349402,0.00557824017235438,0.0025832113266305956,0.005042791656536624,0.0008509708664937698,0.0026215047342813677,0.0004851586082177464,0.008747198826957557,0.003222575600458747,0.0015313671941093688,0.0032802623289554258,0.002280839829217061,-0.0006266605420169701,0.002433236917382538,0.0003630202411843183,0.0036580343421949556,-0.0016926782241497174,0.002355383798579208,-4.034523066444619e-5,0.00039412108457398837,0.0009266756913708205,0.000891308222338184,0.000923597221217072,0.0008509708664937698,0.0014449902919748743,0.0022137358043883355,0.000250064202219007,0.002935074118126054,0.001813360720961337,0.0008209518794450186,-8.651326677811157e-5,0.0020452737336360445,0.0005132944829496517,0.002302217016225562,-4.76571533603221e-5,0.0009196614881913567,0.001357844013937573,0.00526693235709844,-0.00080394390758783,-0.0002988593393856568,0.006824046051918798,0.0156391809605277,0.0007679118038291814,0.0026215047342813677,0.0022137358043883355,0.03166599718114023,0.0020385096729578544,0.014046929285449396,0.00550334750160031,0.005644101340772122,0.007546747482281036,0.0014333221822355373,0.0013149690671222752,0.001540483359581295,0.005884072310252871,0.0004119983437839245,0.005374714293429709,0.00017449870833771694,-0.0005645987312014939,0.0023246142472377203,-0.0008058332032843676,-0.0001967044176338915,0.0013541638323122823,0.0004851586082177464,0.000250064202219007,0.0020385096729578544,0.004457938273411221,0.0015652444346041287,0.00048348676922821334,0.0010625117590672638,0.003178886234511105,0.000818113105822327,0.00015095180316656602,0.0007049439046556956,0.003264230248662463,0.0006366263400131152,0.003028050993572246,0.026865107068020297,0.0018131046265197912,0.008589129672590033,0.009870537541083416,0.0252712110961923,0.0075606464225613295,0.008747198826957557,0.002935074118126054,0.014046929285449396,0.0015652444346041287,0.05591924043263149,0.010461757220773377,0.00626962829915163,0.013483416795340613,0.00814287335234324,-0.0006809414004625626,0.005103950633891797,0.001622378781451684,0.011836321743406535,-0.008583483259013196,0.01066966775288256,0.0014506784019410108,0.004079220460629626,0.0013469115101767386,0.005149259055017605,0.005464654481595095,0.003222575600458747,0.001813360720961337,0.00550334750160031,0.00048348676922821334,0.010461757220773377,0.011761370804041183,0.003762141763965807,0.004458684345940276,0.008526858923372009,-0.00012739098551445196,0.0068996827344281215,0.0012774006795425884,0.005201262138121408,0.0005514488903647595,0.006691542117554188,0.000717005602615573,0.0034878635046427277,0.00018414563259605278,0.00456471492865268,0.0018857872478138286,0.0015313671941093688,0.0008209518794450186,0.005644101340772122,0.0010625117590672638,0.00626962829915163,0.003762141763965807,0.004902731679930396,0.0028432494265220295,0.005674401699849183,0.00022689284532211265,0.003045889135028292,0.0018601080988915255,0.002819658170674647,0.003004725396557047,0.006751236852771102,0.0013022754418620436,0.007539406937952516,0.0027707018002539226,0.011923020565203826,0.006373378249407157,0.0032802623289554258,-8.651326677811157e-5,0.007546747482281036,0.003178886234511105,0.013483416795340613,0.004458684345940276,0.0028432494265220295,0.02665604978751555,0.000923006781066412,-0.000473882725566611,0.00044863041084575693,0.007376721734939935,0.005143820513377761,-0.0004070355387969641,0.024198690233469135,0.0034589688815745484,0.009457234807109841,0.00024081878388808645,0.002548724581397225,0.0062569452408101234,0.002280839829217061,0.0020452737336360445,0.0014333221822355373,0.000818113105822327,0.00814287335234324,0.008526858923372009,0.005674401699849183,0.000923006781066412,0.03071742515902127,0.0016316670832486157,0.010164315292860953,0.005272739433024556,0.008625562721645944,0.00177368487338231,0.0015524865644114838,5.042107037998778e-5,0.0006097546100314508,0.0005916775856051726,-0.0005225165410063056,-0.0009356875956590511,-0.0006266605420169701,0.0005132944829496517,0.0013149690671222752,0.00015095180316656602,-0.0006809414004625626,-0.00012739098551445196,0.00022689284532211265,-0.000473882725566611,0.0016316670832486157,0.0018482869291542884,0.0007966314977964897,0.0003697523496109092,-0.0007241372720937812,0.003501339397993556,0.0063861204599830875,0.0013709544767177163,0.0028887468602119193,0.000531078276364666,-0.0026925142608936496,0.006271532228797139,0.002433236917382538,0.002302217016225562,0.001540483359581295,0.0007049439046556956,0.005103950633891797,0.0068996827344281215,0.003045889135028292,0.00044863041084575693,0.010164315292860953,0.0007966314977964897,0.019633087370716715,0.0007526136267566161,0.0033179540859663795,0.001470392322089768,0.0026648344078263023,7.944939620050515e-6,0.0032966751572580943,0.0009288586671721143,0.0017259581659104864,0.003093217451609541,0.0003630202411843183,-4.76571533603221e-5,0.005884072310252871,0.003264230248662463,0.001622378781451684,0.0012774006795425884,0.0018601080988915255,0.007376721734939935,0.005272739433024556,0.0003697523496109092,0.0007526136267566161,0.01911270399650618,0.00011732906094677833,0.0032448259413272547,0.011851541653463925,0.0015929127566949898,0.007019228099492325,0.0012695147114854368,0.007324232037691093,0.005535723174849399,0.0036580343421949556,0.0009196614881913567,0.0004119983437839245,0.0006366263400131152,0.011836321743406535,0.005201262138121408,0.002819658170674647,0.005143820513377761,0.008625562721645944,-0.0007241372720937812,0.0033179540859663795,0.00011732906094677833,0.010321594794510214,-0.00440667381928809,-0.00591414089360703,-0.0001313692825467032,0.0014660403861821306,-0.004484155867097881,-0.00499537060936921,0.00036723064559741685,-0.0016926782241497174,0.001357844013937573,0.005374714293429709,0.003028050993572246,-0.008583483259013196,0.0005514488903647595,0.003004725396557047,-0.0004070355387969641,0.00177368487338231,0.003501339397993556,0.001470392322089768,0.0032448259413272547,-0.00440667381928809,0.04415789357930829
0.03126537797709879,0.0006174446789711174,0.0015489073393639226,0.0017530386225282646,-0.0018962412937835642,0.0011766577364854345,0.0012679802066319105,0.001354168417079863,0.0035322148870220007,0.0005709930286982137,0.0008440449708726158,-0.0021896821178117826,0.0016326327164568133,0.001186591726480531,-0.0010915108677972268,0.00020978239773571862,0.0007304285088131259,0.0029356238171360073,0.0025326059090919764,0.0041012630587969464,0.0006174446789711174,0.0011096428014863672,-2.4214277343988442e-5,0.00045504905308641115,0.000515453321924237,0.00018984624965184656,0.0004110398427578532,1.341639996012488e-5,0.0009891483213655852,5.334786336733435e-5,0.0010942229696238415,0.0004041822872127639,0.0003070280909326386,-0.0003491452818507862,-7.185679464924743e-5,0.0001677498906240816,0.00011100741320659111,0.0003835421062263635,0.0006502423421879718,0.00060546779117691,0.0015489073393639226,-2.4214277343988442e-5,0.016551343289016675,0.0015664271963826187,0.0016350605302346837,0.0032855133357818428,0.0004201867008817231,0.0012306960097785433,0.0033113994429574186,-0.00030357387474139283,0.0033252103519094325,-0.0002940789758306412,-0.00011973739410264339,0.002975292090804298,-0.0004057264523664458,-0.0007029758001664361,0.0003597097701532164,0.0007066789692682405,-0.00022585412435912453,0.0033629356338821343,0.0017530386225282646,0.00045504905308641115,0.0015664271963826187,0.0069323719732512536,0.0009208965192653106,7.053938752256797e-5,0.0008446719678068346,0.00018577964540065464,0.0006011166506862053,-0.00026339140727389676,0.0007319816596177511,-0.00024449511432491765,0.0011450174036273593,-0.0009551604616523765,0.0025010651261693317,0.00030124053712315545,0.0008954243522730562,0.0018150101480966384,0.0007551751843019438,0.001610017332500253,-0.0018962412937835642,0.000515453321924237,0.0016350605302346837,0.0009208965192653106,0.023429196879342896,0.0020984034162346756,0.0003519780475973039,-7.771806286846245e-5,0.0020846339553162296,0.0021099242512805216,0.002993495435397654,0.0007593325480117647,0.000296705088500835,-0.0015907228952942217,0.0023848548771079037,0.0005151672076866419,0.005086750102377163,0.0021689084785835536,0.0004681518344308679,0.00428606522151876,0.0011766577364854345,0.00018984624965184656,0.0032855133357818428,7.053938752256797e-5,0.0020984034162346756,0.018489200462447574,0.002263908382047085,0.0005371643881271182,0.002334781433958826,0.0008457901417462972,0.0027651800949681227,0.0003059430120876455,0.001689385733643854,0.004364320135410811,-3.0527099517990434e-5,0.0009456513104436153,0.002038140769182545,0.0025081336836171664,0.001456479467922804,0.0023182567181118524,0.0012679802066319105,0.0004110398427578532,0.0004201867008817231,0.0008446719678068346,0.0003519780475973039,0.002263908382047085,0.003007121455060078,0.00026838689760070667,0.0011575747858929076,0.00018931985879206916,0.0009555141110013241,0.0009331444030359645,0.0005627052893732963,0.0012023350161794492,0.0005093021498995616,0.0007612139228074682,0.000839308944915756,0.0010545893576267451,0.0008440440185243712,0.001149637994756448,0.001354168417079863,1.341639996012488e-5,0.0012306960097785433,0.00018577964540065464,-7.771806286846245e-5,0.0005371643881271182,0.00026838689760070667,0.0011481379182814073,6.197248602598883e-5,-7.031498337515025e-5,0.0005585449843904856,0.00018592838445303974,0.00013186412699000422,0.0004954746636669238,-0.0003209508696938922,-0.0001055628199298766,0.00015193748647600937,0.0007283151534868886,-3.464098547553984e-5,0.0010162535678429792,0.0035322148870220007,0.0009891483213655852,0.0033113994429574186,0.0006011166506862053,0.0020846339553162296,0.002334781433958826,0.0011575747858929076,6.197248602598883e-5,0.01733727129870374,0.0004295437370078392,0.004575661784301444,0.0004699071310358641,0.0001150117477029043,0.001648121765969325,-0.0014902818305476515,0.0004721004270218425,0.0009818102243453856,9.607420465488774e-5,0.0021457643559217943,0.001683957448225882,0.0005709930286982137,5.334786336733435e-5,-0.00030357387474139283,-0.00026339140727389676,0.0021099242512805216,0.0008457901417462972,0.00018931985879206916,-7.031498337515025e-5,0.0004295437370078392,0.002911772841750889,-4.981834085255156e-5,0.00029023639179681627,-5.914419365397043e-5,0.0003924542641774496,-0.000995209958919821,0.0002256536378490709,0.0015656728916783828,-0.00010539719544459033,0.0004448003370970088,0.000407623924699942,0.0008440449708726158,0.0010942229696238415,0.0033252103519094325,0.0007319816596177511,0.002993495435397654,0.0027651800949681227,0.0009555141110013241,0.0005585449843904856,0.004575661784301444,-4.981834085255156e-5,0.026972760039776715,0.0009304619083449464,0.0006969532987713672,-0.0009832909407022441,0.0016939955697069693,0.0009348861649925057,0.0011789470132619047,0.00252538789131836,0.0002690541040195844,0.004607005083150755,-0.0021896821178117826,0.0004041822872127639,-0.0002940789758306412,-0.00024449511432491765,0.0007593325480117647,0.0003059430120876455,0.0009331444030359645,0.00018592838445303974,0.0004699071310358641,0.00029023639179681627,0.0009304619083449464,0.010532331569095998,0.0009492366967385097,-0.001146371388420748,0.0017650454198731296,0.0008238414603078168,-0.0005880324203058786,-0.0006497413959298554,-0.001061100116565919,0.001111932436852045,0.0016326327164568133,0.0003070280909326386,-0.00011973739410264339,0.0011450174036273593,0.000296705088500835,0.001689385733643854,0.0005627052893732963,0.00013186412699000422,0.0001150117477029043,-5.914419365397043e-5,0.0006969532987713672,0.0009492366967385097,0.003280613350502513,0.00019300981547295642,0.0012488086596244873,0.0005548014409628411,0.0006337101104661102,0.0007484678672442743,0.00029285465961921314,0.0002031457475280037,0.001186591726480531,-0.0003491452818507862,0.002975292090804298,-0.0009551604616523765,-0.0015907228952942217,0.004364320135410811,0.0012023350161794492,0.0004954746636669238,0.001648121765969325,0.0003924542641774496,-0.0009832909407022441,-0.001146371388420748,0.00019300981547295642,0.021232080534220054,2.2805309687885358e-5,0.00040347371237553075,-6.940527650561179e-5,-0.0010175124916621684,0.0008127788661566589,0.001285926822700929,-0.0010915108677972268,-7.185679464924743e-5,-0.0004057264523664458,0.0025010651261693317,0.0023848548771079037,-3.0527099517990434e-5,0.0005093021498995616,-0.0003209508696938922,-0.0014902818305476515,-0.000995209958919821,0.0016939955697069693,0.0017650454198731296,0.0012488086596244873,2.2805309687885358e-5,0.015110583195938427,0.0004114579390449769,0.00017945940444514738,0.0005432548159442507,-8.493109772322283e-5,0.002480988747825037,0.00020978239773571862,0.0001677498906240816,-0.0007029758001664361,0.00030124053712315545,0.0005151672076866419,0.0009456513104436153,0.0007612139228074682,-0.0001055628199298766,0.0004721004270218425,0.0002256536378490709,0.0009348861649925057,0.0008238414603078168,0.0005548014409628411,0.00040347371237553075,0.0004114579390449769,0.0015830218830634275,0.000988638247299712,0.00033788928136487917,0.0007405610351271298,-0.0003007903213474081,0.0007304285088131259,0.00011100741320659111,0.0003597097701532164,0.0008954243522730562,0.005086750102377163,0.002038140769182545,0.000839308944915756,0.00015193748647600937,0.0009818102243453856,0.0015656728916783828,0.0011789470132619047,-0.0005880324203058786,0.0006337101104661102,-6.940527650561179e-5,0.00017945940444514738,0.000988638247299712,0.012154281222102289,0.001819747770122109,0.0010531935819531788,0.003709135887001865,0.0029356238171360073,0.0003835421062263635,0.0007066789692682405,0.0018150101480966384,0.0021689084785835536,0.0025081336836171664,0.0010545893576267451,0.0007283151534868886,9.607420465488774e-5,-0.00010539719544459033,0.00252538789131836,-0.0006497413959298554,0.0007484678672442743,-0.0010175124916621684,0.0005432548159442507,0.00033788928136487917,0.001819747770122109,0.014762420698835446,0.0011845750628953827,0.0018940781350756356,0.0025326059090919764,0.0006502423421879718,-0.00022585412435912453,0.0007551751843019438,0.0004681518344308679,0.001456479467922804,0.0008440440185243712,-3.464098547553984e-5,0.0021457643559217943,0.0004448003370970088,0.0002690541040195844,-0.001061100116565919,0.00029285465961921314,0.0008127788661566589,-8.493109772322283e-5,0.0007405610351271298,0.0010531935819531788,0.0011845750628953827,0.005257597332589041,0.001142378768362512,0.0041012630587969464,0.00060546779117691,0.0033629356338821343,0.001610017332500253,0.00428606522151876,0.0023182567181118524,0.001149637994756448,0.0010162535678429792,0.001683957448225882,0.000407623924699942,0.004607005083150755,0.001111932436852045,0.0002031457475280037,0.001285926822700929,0.002480988747825037,-0.0003007903213474081,0.003709135887001865,0.0018940781350756356,0.001142378768362512,0.027580958723435932
