0.0004588897698692643,0.0001163207469699056,-0.00016243566319614573,-5.9362941828242835e-5,0.00010620179194982112,0.00010149611602065938,-6.215590676896724e-5,0.00013253138213837332,7.68840744896718e-5,-6.987043985420366e-5,0.0001245944686689402,9.59423098480621e-5,-9.503421194954349e-5,0.00016765641953495937,-0.00023223732946487408,9.615229089409333e-5,3.0177911366637206e-5,0.00017126496641650478,-0.0001320875385792467,-6.262161143906586e-5,0.0001163207469699056,0.0003970743631183253,5.6330435691168125e-5,-2.9007515973578325e-5,8.274419498700008e-5,-0.00021674018193057723,-7.184450487673525e-5,5.3120104790512215e-6,-7.990948148244128e-5,-9.062143132895371e-5,1.8004929062951398e-5,-0.00025723850023095585,4.147368617369489e-5,-3.7967308091991925e-5,-6.038047389889342e-5,1.4137771115580779e-5,2.4199504852382186e-5,0.00012193708733212467,-0.00016499084995751003,-9.345409065919001e-5,-0.00016243566319614573,5.6330435691168125e-5,0.00039327559954900973,0.0001338265206613531,-0.0001634312838836116,-0.0003423462014109734,1.551626323932507e-5,-0.00014090734896662053,-0.0001747578074970743,4.432111503360305e-5,-0.0001350050469198827,-0.00018352320602010484,0.00014947922535264312,-0.00012337136132473434,0.00018299951148869053,-6.617133818283685e-5,-5.50022753752499e-6,-0.00012596098397074103,-1.200850051221317e-5,-4.694150493539678e-5,-5.9362941828242835e-5,-2.9007515973578325e-5,0.0001338265206613531,0.0004304563542618861,-0.00025996678761824616,-0.00022451861454109617,-2.885440315317849e-5,4.608260525874463e-5,-0.00023910465268383349,0.0001360898298302947,-0.0002067797392652375,-9.830550607771493e-5,0.0003421145263786719,-0.00011313849749422046,5.01469374955378e-5,-0.00012295382534719876,0.00019599864170562268,-9.00747502556355e-5,-0.0002032249500201462,-2.290532481460329e-5,0.00010620179194982112,8.274419498700008e-5,-0.0001634312838836116,-0.00025996678761824616,0.0005979782804837958,0.00039872936589322106,0.00016133397202745315,-1.7982423520003564e-5,0.00023372663171754803,-0.00028108039355203944,0.00033446521890029724,4.8973240758772585e-5,-0.00039679079113428303,0.00026065916423417243,-9.191831244211363e-5,0.0001276006514516177,-0.00030594702552678424,0.0001901376060791368,7.01476817563255e-5,9.688452894623634e-5,0.00010149611602065938,-0.00021674018193057723,-0.0003423462014109734,-0.00022451861454109617,0.00039872936589322106,0.0014144673570636549,0.00014178846700900545,0.000220872130180498,0.0005407269567531504,-8.382860989321087e-5,0.0004517057163600687,0.0006559860661812808,-0.0007043002925424401,0.00031698524595726626,-1.0502620826214344e-5,0.0001199188650889257,-0.0003508142887185544,0.00024182166268226792,7.793092195370837e-5,0.00030969638815320243,-6.215590676896724e-5,-7.184450487673525e-5,1.551626323932507e-5,-2.885440315317849e-5,0.00016133397202745315,0.00014178846700900545,0.0002893400598683247,-4.136753016957485e-5,2.8856640778253706e-5,-7.202075727192588e-5,5.740148091761487e-5,1.035436939395255e-5,-5.561162462331388e-5,8.412161507431181e-5,7.517497212898824e-5,4.002141228953301e-5,-0.0001861797748306972,-0.0001067820146207254,6.736322506587915e-5,2.257821506165617e-5,0.00013253138213837332,5.3120104790512215e-6,-0.00014090734896662053,4.608260525874463e-5,-1.7982423520003564e-5,0.000220872130180498,-4.136753016957485e-5,0.0003864026875707182,-6.507421216895906e-5,8.806429479170286e-5,6.499471970879927e-5,0.00010435230306427952,7.69040467745192e-5,1.956696098826651e-5,-6.0033296610230666e-5,4.60896027527273e-5,0.00010750725428188106,1.963792236916997e-5,-0.00012297420190468506,-5.280206074063511e-6,7.68840744896718e-5,-7.990948148244128e-5,-0.0001747578074970743,-0.00023910465268383349,0.00023372663171754803,0.0005407269567531504,2.8856640778253706e-5,-6.507421216895906e-5,0.0005268684221909723,-0.00012927953101614533,0.00023545317288798718,0.0002995660165505208,-0.0004773888464942993,0.00022080528913136598,-2.8243515791304735e-5,1.8486252183987674e-5,-0.00019160305441974572,0.00028589357324967056,0.00013190865638031796,0.00018307016129450043,-6.987043985420366e-5,-9.062143132895371e-5,4.432111503360305e-5,0.0001360898298302947,-0.00028108039355203944,-8.382860989321087e-5,-7.202075727192588e-5,8.806429479170286e-5,-0.00012927953101614533,0.00045656191920640134,-0.00032890372606609024,7.028292947487943e-5,0.00028570745058626465,-0.0001032705420738046,5.6263598910998215e-5,-0.0001484985844096693,0.00024387679510102188,-0.0002274096600340802,-0.00017980240086031712,3.0925741360187574e-5,0.0001245944686689402,1.8004929062951398e-5,-0.0001350050469198827,-0.0002067797392652375,0.00033446521890029724,0.0004517057163600687,5.740148091761487e-5,6.499471970879927e-5,0.00023545317288798718,-0.00032890372606609024,0.0005319594322068136,0.00014954735371376323,-0.0004492041431453951,0.00016004625230468204,-6.19514816474197e-5,0.0001971466872090374,-0.0002722344429592319,0.00024909560069525,0.00022764964376974217,5.95968858632909e-5,9.59423098480621e-5,-0.00025723850023095585,-0.00018352320602010484,-9.830550607771493e-5,4.8973240758772585e-5,0.0006559860661812808,1.035436939395255e-5,0.00010435230306427952,0.0002995660165505208,7.028292947487943e-5,0.00014954735371376323,0.000683062240857514,-0.0002845229581508831,0.00012927119730214674,-5.085683783449918e-5,1.3584529935000942e-5,-9.077741885940192e-5,-3.569692592251419e-5,7.738700954057145e-5,0.00018169963904941054,-9.503421194954349e-5,4.147368617369489e-5,0.00014947922535264312,0.0003421145263786719,-0.00039679079113428303,-0.0007043002925424401,-5.561162462331388e-5,7.69040467745192e-5,-0.0004773888464942993,0.00028570745058626465,-0.0004492041431453951,-0.0002845229581508831,0.0008288826436947818,-0.00025244278241467934,-1.6521953277748568e-5,-0.00015352011352547237,0.00036565931564412494,-0.00038491745649646235,-0.000250240941423249,-0.0001716097950119163,0.00016765641953495937,-3.7967308091991925e-5,-0.00012337136132473434,-0.00011313849749422046,0.00026065916423417243,0.00031698524595726626,8.412161507431181e-5,1.956696098826651e-5,0.00022080528913136598,-0.0001032705420738046,0.00016004625230468204,0.00012927119730214674,-0.00025244278241467934,0.00033426143441282595,-6.546768313436845e-5,6.337954449578367e-5,-0.0001718351567603115,0.00016096323267039908,3.45520341441166e-5,6.493091283552516e-5,-0.00023223732946487408,-6.038047389889342e-5,0.00018299951148869053,5.01469374955378e-5,-9.191831244211363e-5,-1.0502620826214344e-5,7.517497212898824e-5,-6.0033296610230666e-5,-2.8243515791304735e-5,5.6263598910998215e-5,-6.19514816474197e-5,-5.085683783449918e-5,-1.6521953277748568e-5,-6.546768313436845e-5,0.00039296409800307125,-8.742687044589735e-5,-4.448009338700541e-5,-6.87687108318574e-5,4.170997321388194e-5,5.1466504177597144e-5,9.615229089409333e-5,1.4137771115580779e-5,-6.617133818283685e-5,-0.00012295382534719876,0.0001276006514516177,0.0001199188650889257,4.002141228953301e-5,4.60896027527273e-5,1.8486252183987674e-5,-0.0001484985844096693,0.0001971466872090374,1.3584529935000942e-5,-0.00015352011352547237,6.337954449578367e-5,-8.742687044589735e-5,0.00027940281273217067,-0.00011684967652866873,4.862188647439467e-5,0.0001280273068166666,-5.35417829203989e-5,3.0177911366637206e-5,2.4199504852382186e-5,-5.50022753752499e-6,0.00019599864170562268,-0.00030594702552678424,-0.0003508142887185544,-0.0001861797748306972,0.00010750725428188106,-0.00019160305441974572,0.00024387679510102188,-0.0002722344429592319,-9.077741885940192e-5,0.00036565931564412494,-0.0001718351567603115,-4.448009338700541e-5,-0.00011684967652866873,0.0004778131736317479,-6.271503690719636e-5,-0.00021984756491248296,-5.8704320477703585e-5,0.00017126496641650478,0.00012193708733212467,-0.00012596098397074103,-9.00747502556355e-5,0.0001901376060791368,0.00024182166268226792,-0.0001067820146207254,1.963792236916997e-5,0.00028589357324967056,-0.0002274096600340802,0.00024909560069525,-3.569692592251419e-5,-0.00038491745649646235,0.00016096323267039908,-6.87687108318574e-5,4.862188647439467e-5,-6.271503690719636e-5,0.0006453407369251891,5.0253689319156004e-5,5.699353053234221e-5,-0.0001320875385792467,-0.00016499084995751003,-1.200850051221317e-5,-0.0002032249500201462,7.01476817563255e-5,7.793092195370837e-5,6.736322506587915e-5,-0.00012297420190468506,0.00013190865638031796,-0.00017980240086031712,0.00022764964376974217,7.738700954057145e-5,-0.000250240941423249,3.45520341441166e-5,4.170997321388194e-5,0.0001280273068166666,-0.00021984756491248296,5.0253689319156004e-5,0.0005600842724477403,1.5581978496544816e-5,-6.262161143906586e-5,-9.345409065919001e-5,-4.694150493539678e-5,-2.290532481460329e-5,9.688452894623634e-5,0.00030969638815320243,2.257821506165617e-5,-5.280206074063511e-6,0.00018307016129450043,3.0925741360187574e-5,5.95968858632909e-5,0.00018169963904941054,-0.0001716097950119163,6.493091283552516e-5,5.1466504177597144e-5,-5.35417829203989e-5,-5.8704320477703585e-5,5.699353053234221e-5,1.5581978496544816e-5,0.00025747774521902233
