0.013219614335165058,0.009819986654707426,0.0031364103228684204,0.003236603332182904,0.01239139707227512,0.00437841009891983,0.003232654641417303,0.00329170997881901,0.007652300566159236,0.0036146431381399538,0.0020350831321649023,0.0026961834591119633,0.0009539349955935586,0.011639705345447688,0.0024127902567020335,0.0016062776636341664,0.002897899840787714,-0.00033365592274193796,0.010275747609344677,0.009413989080876537,0.009819986654707426,0.01870505227201544,0.004262698687348373,0.0004406219838412783,0.016423223661311923,0.0045945725466579965,0.0018151022533638144,0.0048714747073622736,0.006594361251712496,0.0028868407932771934,0.0036742539900893123,0.006295078583956464,0.004716817461509727,0.011805746705083862,0.006054081081143603,0.0026208477888494328,0.0036899821269022652,-0.003331467428560993,0.012666848581243012,0.013420525749645744,0.0031364103228684204,0.004262698687348373,0.07364762570360793,0.026828148814376847,0.045917880653190524,0.003700313688368901,-0.012113250704309603,0.0006909596677190579,0.021800791900219572,0.009241213500084215,0.000220817201963762,0.01829566412302666,0.014959473415114458,0.010153092654071612,-0.0072987163418925,0.0007694911807025801,0.0018098561839022692,0.0008641319311955602,0.006253852536325186,-0.0007545974871350743,0.003236603332182904,0.0004406219838412783,0.026828148814376847,0.04179994866494491,0.014230098030192685,0.0037351187726186045,-0.002970540523837465,0.00045219898394405157,0.010162769375358961,0.004202645974615683,-0.0024726594438134863,0.010921949815780261,0.0009430898807822744,0.006519957252523245,-0.002440932170689402,0.0010942753314782893,0.0007790430462574845,0.005070099729747602,0.00593695584727466,0.0004353360081294879,0.01239139707227512,0.016423223661311923,0.045917880653190524,0.014230098030192685,0.0980535497390739,0.010726066665667212,-0.004349383821373048,0.011515534784893405,0.03150626449181364,0.012776268935880509,0.01146808457831516,0.019115724072130323,0.017432178051476066,0.024860043125744732,0.01205183516219525,0.0042866639125051925,0.006277945864451491,-0.010283364044425187,0.007759182249203618,0.008564902769759953,0.00437841009891983,0.0045945725466579965,0.003700313688368901,0.0037351187726186045,0.010726066665667212,0.006735616629141048,0.005789387246098441,0.0036997968414655253,0.010462560712250418,0.0019080539877818503,0.003649299765518781,0.003957506455320271,0.003684696986025189,0.006153922630962365,0.004704376031434995,0.0010677224899118174,0.0015398559401084868,-0.0004422978078231573,0.004762688405541557,0.006556662585567536,0.003232654641417303,0.0018151022533638144,-0.012113250704309603,-0.002970540523837465,-0.004349383821373048,0.005789387246098441,0.036747254428828466,0.005027723720332847,0.015511892360515684,-0.001193807163703365,0.006029291026046428,-0.0018655763238367047,0.005335275936795404,-0.00012466838474260592,0.011339370095925769,0.0011165463265282345,0.0024573235337811503,0.0007842235660441555,-0.0010314039164229368,0.009312689781523859,0.00329170997881901,0.0048714747073622736,0.0006909596677190579,0.00045219898394405157,0.011515534784893405,0.0036997968414655253,0.005027723720332847,0.005449001031519053,0.006897464375696465,0.0012990724992750877,0.0037305738313192973,0.0039519851080480565,0.0018338528613145379,0.004596835041258104,0.005005568177872002,0.001293607504669314,0.0017046914150929291,-0.0020371456107230804,0.0040029127965911385,0.0058360186556100455,0.007652300566159236,0.006594361251712496,0.021800791900219572,0.010162769375358961,0.03150626449181364,0.010462560712250418,0.015511892360515684,0.006897464375696465,0.04781244484294949,0.0041785249539120755,0.005170140347582181,0.013019956487523927,0.022319940755525142,0.010391783091319353,0.009218436012786803,0.0032340814855023815,0.0018521686015025777,-0.0006900437193192254,0.007789973421630236,0.009603722588651725,0.0036146431381399538,0.0028868407932771934,0.009241213500084215,0.004202645974615683,0.012776268935880509,0.0019080539877818503,-0.001193807163703365,0.0012990724992750877,0.0041785249539120755,0.004775319411255958,0.0014401646261974314,0.0035994420318362285,-0.0017592516411047941,0.005784087640667588,-0.0013979055005688386,0.0007528522338762577,0.0011651290796787011,0.00038023816034262365,0.0016953958374657577,0.001962167538197399,0.0020350831321649023,0.0036742539900893123,0.000220817201963762,-0.0024726594438134863,0.01146808457831516,0.003649299765518781,0.006029291026046428,0.0037305738313192973,0.005170140347582181,0.0014401646261974314,0.0071576172812313045,0.001495766681935646,0.0019742393485876033,0.002240034415289246,0.005817575457854914,0.0010353392138177531,0.001574236394246536,-0.0023078334865878278,0.0007547873872350329,0.0052710609543082316,0.0026961834591119633,0.006295078583956464,0.01829566412302666,0.010921949815780261,0.019115724072130323,0.003957506455320271,-0.0018655763238367047,0.0039519851080480565,0.013019956487523927,0.0035994420318362285,0.001495766681935646,0.01778001526617924,0.006805445501849507,0.0067568808133900106,0.0014481246648091388,0.0023950860884951464,0.0018653109381606215,-6.342640258079284e-5,0.006804671859593373,0.0046697222916658575,0.0009539349955935586,0.004716817461509727,0.014959473415114458,0.0009430898807822744,0.017432178051476066,0.003684696986025189,0.005335275936795404,0.0018338528613145379,0.022319940755525142,-0.0017592516411047941,0.0019742393485876033,0.006805445501849507,0.05852303913210222,0.004093569939168967,0.012309034320670615,0.0018266901036304698,0.000321102827773903,-0.0016423040528979827,0.009283062078423616,0.004582630360015001,0.011639705345447688,0.011805746705083862,0.010153092654071612,0.006519957252523245,0.024860043125744732,0.006153922630962365,-0.00012466838474260592,0.004596835041258104,0.010391783091319353,0.005784087640667588,0.002240034415289246,0.0067568808133900106,0.004093569939168967,0.02484939460399482,0.0046352610697959085,0.001464620079507483,0.003595038431120757,-0.00015608767163404895,0.013564437441664277,0.009730939600873092,0.0024127902567020335,0.006054081081143603,-0.0072987163418925,-0.002440932170689402,0.01205183516219525,0.004704376031434995,0.011339370095925769,0.005005568177872002,0.009218436012786803,-0.0013979055005688386,0.005817575457854914,0.0014481246648091388,0.012309034320670615,0.0046352610697959085,0.018481000146647497,0.001154407346906174,0.0018548736434615518,-0.003187718040129471,0.003331249068719616,0.008225787851848607,0.0016062776636341664,0.0026208477888494328,0.0007694911807025801,0.0010942753314782893,0.0042866639125051925,0.0010677224899118174,0.0011165463265282345,0.001293607504669314,0.0032340814855023815,0.0007528522338762577,0.0010353392138177531,0.0023950860884951464,0.0018266901036304698,0.001464620079507483,0.001154407346906174,0.002034463027252304,0.0007656697029134289,-0.0012884509277784168,0.002574243924755176,0.002387173914939612,0.002897899840787714,0.0036899821269022652,0.0018098561839022692,0.0007790430462574845,0.006277945864451491,0.0015398559401084868,0.0024573235337811503,0.0017046914150929291,0.0018521686015025777,0.0011651290796787011,0.001574236394246536,0.0018653109381606215,0.000321102827773903,0.003595038431120757,0.0018548736434615518,0.0007656697029134289,0.0024569973409275733,-0.0009415890102395944,0.0026097901017921006,0.003340620154689729,-0.00033365592274193796,-0.003331467428560993,0.0008641319311955602,0.005070099729747602,-0.010283364044425187,-0.0004422978078231573,0.0007842235660441555,-0.0020371456107230804,-0.0006900437193192254,0.00038023816034262365,-0.0023078334865878278,-6.342640258079284e-5,-0.0016423040528979827,-0.00015608767163404895,-0.003187718040129471,-0.0012884509277784168,-0.0009415890102395944,0.009310281540633123,0.0010022387490930063,-0.0018092934894726473,0.010275747609344677,0.012666848581243012,0.006253852536325186,0.00593695584727466,0.007759182249203618,0.004762688405541557,-0.0010314039164229368,0.0040029127965911385,0.007789973421630236,0.0016953958374657577,0.0007547873872350329,0.006804671859593373,0.009283062078423616,0.013564437441664277,0.003331249068719616,0.002574243924755176,0.0026097901017921006,0.0010022387490930063,0.02990824938896383,0.012515576415560864,0.009413989080876537,0.013420525749645744,-0.0007545974871350743,0.0004353360081294879,0.008564902769759953,0.006556662585567536,0.009312689781523859,0.0058360186556100455,0.009603722588651725,0.001962167538197399,0.0052710609543082316,0.0046697222916658575,0.004582630360015001,0.009730939600873092,0.008225787851848607,0.002387173914939612,0.003340620154689729,-0.0018092934894726473,0.012515576415560864,0.017354797391964306
0.014747970211111744,0.0032370607462448597,-0.0069219166590068475,0.006005318663738674,-0.009509723057775539,-0.0006286224799764454,0.005014168431315462,0.000903820304750651,0.006621242073252785,-0.0012007382767369337,0.0014294364110626452,0.00533789062558599,0.01221511522659995,0.009550534105203977,0.0006860081814867853,-0.0007443668676124942,-0.00024665001249488106,0.0047883895018323765,-0.007470261762796983,-0.0006888458472560594,0.0032370607462448597,0.01611712407971304,-0.00034248541884,-0.0044999948237709995,-0.00476366290260565,-0.0007463967666134787,0.0030494261428385735,-5.421430323348798e-5,0.002730795400812811,-0.0009559123504557085,-0.00012977306801404304,-0.00023669491129974538,0.015491918673163707,0.008065372085250381,0.0013050028163221926,-0.0003034709001370865,0.0027389938906760636,0.0025957767190944933,-0.0027845445139513315,-0.002985073575089714,-0.0069219166590068475,-0.00034248541884,0.054596169916192434,0.007950600715663678,-0.00446957564503698,0.0030221359420247477,-0.01620472225381032,0.001647191251723339,0.018862919801887153,0.004856663947521165,-0.003494784989224517,-0.007528645877639063,0.008394652738368306,-0.010232290924324462,0.0002753802113768817,0.0047915534086817695,0.0045261803419441166,0.00018561018492325207,0.007301649361504848,0.0017138694715811303,0.006005318663738674,-0.0044999948237709995,0.007950600715663678,0.06231341952141029,-0.004044464913449118,-0.0030871865262602884,-0.008373161414431847,0.001542299418737051,0.01891128977053442,0.007065648721455646,-0.002164735306038992,0.009938873701561986,-0.011367731962736528,0.008044681052906951,0.00252898081446852,-0.001807223251055081,-0.0018894524120143565,-0.002870499032156616,-0.002833494393081411,-0.0030016662219299398,-0.009509723057775539,-0.00476366290260565,-0.00446957564503698,-0.004044464913449118,0.03776596605212009,-6.467024866273609e-5,0.001104732456031376,0.00019044167823120106,-0.010077179371485856,0.0003055574861812254,0.0014293783282910044,-0.0004979448588443023,-0.02328374904369797,-0.003082277078114929,-0.001104502862527187,-0.0014192864344221407,-0.0009840145436965013,-0.0029421944870428214,0.0009073289595533203,0.0027457332723140526,-0.0006286224799764454,-0.0007463967666134787,0.0030221359420247477,-0.0030871865262602884,-6.467024866273609e-5,0.006868360281053092,-0.0051906414385735344,-0.00033330878774561195,-0.0008829741257120556,-0.00029141485337347457,0.001215086663789115,-0.0023753897996071274,0.011278305127652941,-0.008717929739601893,0.0004527219744707404,0.0014991495457544186,0.0023197226895714093,0.002137115415057511,0.004363917059556393,0.0017590099969128099,0.005014168431315462,0.0030494261428385735,-0.01620472225381032,-0.008373161414431847,0.001104732456031376,-0.0051906414385735344,0.03806758589881921,0.0007529486120806373,-0.009145417625641968,-0.0003025479685712734,0.00044314184867096703,0.008138171970525732,-0.01175531410580441,0.012828363372600437,-0.0004743147971851534,-0.0018271775303482873,-0.004886864317320775,0.0018355906905843091,-0.004093841276306015,-0.004121829533604876,0.000903820304750651,-5.421430323348798e-5,0.001647191251723339,0.001542299418737051,0.00019044167823120106,-0.00033330878774561195,0.0007529486120806373,0.002348600595822688,0.0031765228729734086,0.0006638019633111892,0.00026918018507704705,0.0010890280351165843,-0.0007985832920226678,0.002066533347718911,-0.00046692807635374415,0.00010619658189411956,-0.00013144715755093858,-0.00031465059887756335,-0.001853428897367841,9.14915059686256e-5,0.006621242073252785,0.002730795400812811,0.018862919801887153,0.01891128977053442,-0.010077179371485856,-0.0008829741257120556,-0.009145417625641968,0.0031765228729734086,0.038246630847752684,0.004789345955410435,-0.0011446037549916032,0.0031263844146148193,0.011772931727692056,0.009131402956310201,0.0026567348614565606,0.0011612200392064624,0.0025209115730317738,-0.0013451654810081948,-0.007240816561897656,-0.0002865634858999413,-0.0012007382767369337,-0.0009559123504557085,0.004856663947521165,0.007065648721455646,0.0003055574861812254,-0.00029141485337347457,-0.0003025479685712734,0.0006638019633111892,0.004789345955410435,0.0052329122520141345,-2.3879437938244445e-5,0.0012904728397551209,-0.0025084555837263916,0.001769208756753246,0.002969248827573171,8.493202768837592e-5,-0.00013814366642319047,-0.003780856639194352,0.002048266329408053,-0.0005378817096132651,0.0014294364110626452,-0.00012977306801404304,-0.003494784989224517,-0.002164735306038992,0.0014293783282910044,0.001215086663789115,0.00044314184867096703,0.00026918018507704705,-0.0011446037549916032,-2.3879437938244445e-5,0.004803322853202939,0.0007519251549314944,0.005751189595078025,0.0006880916583195559,0.002545545330932396,-0.00013211372121388825,0.0002117974631110778,-0.0009196648235269788,0.0007434072788463422,0.0007606579989897964,0.00533789062558599,-0.00023669491129974538,-0.007528645877639063,0.009938873701561986,-0.0004979448588443023,-0.0023753897996071274,0.008138171970525732,0.0010890280351165843,0.0031263844146148193,0.0012904728397551209,0.0007519251549314944,0.01285293967958522,-0.003322314024813836,0.005438754354210874,0.0007814172734631282,-0.0024834982707774124,-0.0019339741006472837,0.0009223264595317497,-0.004323658364295078,-0.001409081792191372,0.01221511522659995,0.015491918673163707,0.008394652738368306,-0.011367731962736528,-0.02328374904369797,0.011278305127652941,-0.01175531410580441,-0.0007985832920226678,0.011772931727692056,-0.0025084555837263916,0.005751189595078025,-0.003322314024813836,0.09014129280109784,-0.004480119874728933,0.006587918635445992,0.0057848431271491675,0.008399303700484292,0.008940317734685422,0.0017034825768141898,0.0015308121463921123,0.009550534105203977,0.008065372085250381,-0.010232290924324462,0.008044681052906951,-0.003082277078114929,-0.008717929739601893,0.012828363372600437,0.002066533347718911,0.009131402956310201,0.001769208756753246,0.0006880916583195559,0.005438754354210874,-0.004480119874728933,0.03569174714685947,0.0024375327484601177,-0.00101978503704517,-0.002579737924519237,-0.0024072021218983428,-0.014276826655321057,-0.001581618001758508,0.0006860081814867853,0.0013050028163221926,0.0002753802113768817,0.00252898081446852,-0.001104502862527187,0.0004527219744707404,-0.0004743147971851534,-0.00046692807635374415,0.0026567348614565606,0.002969248827573171,0.002545545330932396,0.0007814172734631282,0.006587918635445992,0.0024375327484601177,0.009261612643515906,-0.00047598234576816975,0.0006521859073116313,-0.0034414591958804603,0.0037643268089097496,-0.000977547770274438,-0.0007443668676124942,-0.0003034709001370865,0.0047915534086817695,-0.001807223251055081,-0.0014192864344221407,0.0014991495457544186,-0.0018271775303482873,0.00010619658189411956,0.0011612200392064624,8.493202768837592e-5,-0.00013211372121388825,-0.0024834982707774124,0.0057848431271491675,-0.00101978503704517,-0.00047598234576816975,0.0028244436212359397,0.0007243203361855732,0.00047699558731471864,0.0009657977052018509,0.0009362010177437481,-0.00024665001249488106,0.0027389938906760636,0.0045261803419441166,-0.0018894524120143565,-0.0009840145436965013,0.0023197226895714093,-0.004886864317320775,-0.00013144715755093858,0.0025209115730317738,-0.00013814366642319047,0.0002117974631110778,-0.0019339741006472837,0.008399303700484292,-0.002579737924519237,0.0006521859073116313,0.0007243203361855732,0.003092819189078117,0.0009991566719326319,0.00159045954107894,0.0004874272859924705,0.0047883895018323765,0.0025957767190944933,0.00018561018492325207,-0.002870499032156616,-0.0029421944870428214,0.002137115415057511,0.0018355906905843091,-0.00031465059887756335,-0.0013451654810081948,-0.003780856639194352,-0.0009196648235269788,0.0009223264595317497,0.008940317734685422,-0.0024072021218983428,-0.0034414591958804603,0.00047699558731471864,0.0009991566719326319,0.01102748866449105,-0.0016537044187116775,0.0003336315134548155,-0.007470261762796983,-0.0027845445139513315,0.007301649361504848,-0.002833494393081411,0.0009073289595533203,0.004363917059556393,-0.004093841276306015,-0.001853428897367841,-0.007240816561897656,0.002048266329408053,0.0007434072788463422,-0.004323658364295078,0.0017034825768141898,-0.014276826655321057,0.0037643268089097496,0.0009657977052018509,0.00159045954107894,-0.0016537044187116775,0.020738875336607256,-0.0004217820124178891,-0.0006888458472560594,-0.002985073575089714,0.0017138694715811303,-0.0030016662219299398,0.0027457332723140526,0.0017590099969128099,-0.004121829533604876,9.14915059686256e-5,-0.0002865634858999413,-0.0005378817096132651,0.0007606579989897964,-0.001409081792191372,0.0015308121463921123,-0.001581618001758508,-0.000977547770274438,0.0009362010177437481,0.0004874272859924705,0.0003336315134548155,-0.0004217820124178891,0.004942943722114028
0.008553553935488258,-0.002392461067919554,0.004349456943423037,-0.004984553836779168,-0.0006853406831544392,0.0012874686004934873,0.006365137290906163,-0.00033624932091735925,0.00012575199826570836,0.0005295507197988018,-0.0015397201800374056,0.00229451864491614,0.007548590474839921,0.005172128785405618,0.0018426551570296075,-0.0005074825314499197,-3.473796239225967e-5,-0.00014737898000412417,0.0003908662130910262,-0.0015695548403221508,-0.002392461067919554,0.010062331650801584,0.0062283017359530115,0.007535926406595575,-0.002548867244580326,0.001748558718084798,-0.0011361437643006957,0.0026032297185012137,-0.0010904856388425054,-0.0016568372948077112,0.0020900446986136063,-0.0004712616186249822,0.0006741256443218055,-0.002054650695410172,-0.0011359697313066061,-2.276946781031399e-6,-0.0027893482080834442,0.0008506630428479251,-0.0017714318425300865,0.001995839074601602,0.004349456943423037,0.0062283017359530115,0.0641157593524072,0.02485029244927499,0.017013753397196685,0.007774571464873524,0.02454051868366176,0.010891494446489215,-0.01264290102268726,-0.013742738742282655,3.556097932227282e-5,0.0006950095723256535,0.03859251502676672,0.01302658701334058,0.0036093153577594654,0.004962460858644902,-0.011088678329409074,0.007395785637579777,-0.004749519883810379,-7.736269340577527e-5,-0.004984553836779168,0.007535926406595575,0.02485029244927499,0.0638905042927107,0.023904375255894506,0.002015736605664807,0.013233023674700613,0.004555969670062289,0.007006889587635096,-0.00912087537718349,0.00369124558265725,-0.004447352871689758,0.008482648866065964,0.0029752146465412328,-0.0020979543994623347,0.00047536670830322506,-0.005474093248487153,0.005316201980029944,0.0018038684446404834,0.0045019874791073075,-0.0006853406831544392,-0.002548867244580326,0.017013753397196685,0.023904375255894506,0.07259623292819034,0.00028199924725651497,0.018184104334020765,-0.0025974128582155007,0.009151985211679304,-0.008194209918174426,0.0022169820625137886,-0.00501435587408229,0.022943421420813202,0.015938599721906352,-0.004196268694157533,0.0059375511093463906,-0.0008065606527101457,0.009375346435769368,0.017750834210982322,-0.000502871557289474,0.0012874686004934873,0.001748558718084798,0.007774571464873524,0.002015736605664807,0.00028199924725651497,0.004294642961200019,0.005115256781629737,0.0018971187427188148,-0.0026227424107866256,-0.0024230116211042575,-0.00011021661364979746,0.00036656628785326946,0.004257210074225961,0.0034471942694142745,0.000568257158304447,0.00019354425131821909,-0.002198490053396394,0.0018714632647950276,-0.0029587466612628357,0.0010687704927496429,0.006365137290906163,-0.0011361437643006957,0.02454051868366176,0.013233023674700613,0.018184104334020765,0.005115256781629737,0.04489538186994708,0.0026425555918546915,0.0018472490540381414,-0.006564253186357534,-0.0041983316006108315,7.759639943739232e-5,0.02331349258646251,0.010061136410354197,0.0024843427826729157,-0.0009068526032704107,-0.003683500197138714,0.003875715366057111,0.0012663431543524614,0.0012264685808038168,-0.00033624932091735925,0.0026032297185012137,0.010891494446489215,0.004555969670062289,-0.0025974128582155007,0.0018971187427188148,0.0026425555918546915,0.005622941813079523,-0.006991056122520039,-0.004559161890623125,6.960527304421043e-5,0.00043297242896937445,0.009565368922632949,0.0012125199715475746,-0.0003165038572206132,0.0007511920592170316,-0.004056944218468904,0.0021413982151046243,-0.004978814171343408,-0.0003893702745533848,0.00012575199826570836,-0.0010904856388425054,-0.01264290102268726,0.007006889587635096,0.009151985211679304,-0.0026227424107866256,0.0018472490540381414,-0.006991056122520039,0.03293674057601783,0.00789330021134401,4.598586070046957e-6,0.001990350598530002,-0.018420595614425318,-0.0006446465655171067,0.0007116526595665947,-0.00302492152134777,0.008213068950130797,-0.0026328386434505396,0.014940948736156735,0.003163942071080718,0.0005295507197988018,-0.0016568372948077112,-0.013742738742282655,-0.00912087537718349,-0.008194209918174426,-0.0024230116211042575,-0.006564253186357534,-0.004559161890623125,0.00789330021134401,0.009376932244979874,-0.0004302204735530782,0.0021989188374257774,-0.013925275241215007,-0.005296027895281802,0.0018672739073927985,-0.0018438426126356035,0.006394042292016876,-0.004815075602623118,0.0058823015351219775,0.0005124156189888901,-0.0015397201800374056,0.0020900446986136063,3.556097932227282e-5,0.00369124558265725,0.0022169820625137886,-0.00011021661364979746,-0.0041983316006108315,6.960527304421043e-5,4.598586070046957e-6,-0.0004302204735530782,0.0041233518851879845,-0.0012656732713623067,-0.0003347684892738285,-9.898269509817845e-5,-0.0014037092889817955,0.00032044086329668735,-0.0003243363267754105,0.0008983874694331571,0.001520032799332764,0.0003598371644577831,0.00229451864491614,-0.0004712616186249822,0.0006950095723256535,-0.004447352871689758,-0.00501435587408229,0.00036656628785326946,7.759639943739232e-5,0.00043297242896937445,0.001990350598530002,0.0021989188374257774,-0.0012656732713623067,0.010757405945823213,0.002851234341026623,0.0019666275336384384,0.0009908138141539857,-0.0003508242198773992,0.0010610014167718883,-0.00035409403976717057,0.0025002191276235143,-0.002447602003372385,0.007548590474839921,0.0006741256443218055,0.03859251502676672,0.008482648866065964,0.022943421420813202,0.004257210074225961,0.02331349258646251,0.009565368922632949,-0.018420595614425318,-0.013925275241215007,-0.0003347684892738285,0.002851234341026623,0.07615059879502314,0.01567045415579307,-0.001076467433579708,0.004846870233489021,-0.012094930959308893,0.010667918913635393,-0.006230619868230722,-0.009040891023035723,0.005172128785405618,-0.002054650695410172,0.01302658701334058,0.0029752146465412328,0.015938599721906352,0.0034471942694142745,0.010061136410354197,0.0012125199715475746,-0.0006446465655171067,-0.005296027895281802,-9.898269509817845e-5,0.0019666275336384384,0.01567045415579307,0.027536741501756487,-0.004366280579278068,0.0017384953986501234,-0.0037525782053195412,0.004933644778630238,0.0023773023592208835,-0.0006541663582275412,0.0018426551570296075,-0.0011359697313066061,0.0036093153577594654,-0.0020979543994623347,-0.004196268694157533,0.000568257158304447,0.0024843427826729157,-0.0003165038572206132,0.0007116526595665947,0.0018672739073927985,-0.0014037092889817955,0.0009908138141539857,-0.001076467433579708,-0.004366280579278068,0.00885950994464722,0.0003591268214204332,0.0017995820773670022,-0.0014168640667051226,-0.0009402353227401974,0.00031351996451181477,-0.0005074825314499197,-2.276946781031399e-6,0.004962460858644902,0.00047536670830322506,0.0059375511093463906,0.00019354425131821909,-0.0009068526032704107,0.0007511920592170316,-0.00302492152134777,-0.0018438426126356035,0.00032044086329668735,-0.0003508242198773992,0.004846870233489021,0.0017384953986501234,0.0003591268214204332,0.00320924937310701,-0.001537468532812315,0.0018613302714417046,-0.0010076359487099923,-0.00043275394748986664,-3.473796239225967e-5,-0.0027893482080834442,-0.011088678329409074,-0.005474093248487153,-0.0008065606527101457,-0.002198490053396394,-0.003683500197138714,-0.004056944218468904,0.008213068950130797,0.006394042292016876,-0.0003243363267754105,0.0010610014167718883,-0.012094930959308893,-0.0037525782053195412,0.0017995820773670022,-0.001537468532812315,0.007019068840595635,-0.0028597627201123648,0.0070765485036590105,0.0004079956923818363,-0.00014737898000412417,0.0008506630428479251,0.007395785637579777,0.005316201980029944,0.009375346435769368,0.0018714632647950276,0.003875715366057111,0.0021413982151046243,-0.0026328386434505396,-0.004815075602623118,0.0008983874694331571,-0.00035409403976717057,0.010667918913635393,0.004933644778630238,-0.0014168640667051226,0.0018613302714417046,-0.0028597627201123648,0.008313443108369073,-0.0036484605284880854,-0.0007532862974688071,0.0003908662130910262,-0.0017714318425300865,-0.004749519883810379,0.0018038684446404834,0.017750834210982322,-0.0029587466612628357,0.0012663431543524614,-0.004978814171343408,0.014940948736156735,0.0058823015351219775,0.001520032799332764,0.0025002191276235143,-0.006230619868230722,0.0023773023592208835,-0.0009402353227401974,-0.0010076359487099923,0.0070765485036590105,-0.0036484605284880854,0.0329238293971585,0.001961190610931099,-0.0015695548403221508,0.001995839074601602,-7.736269340577527e-5,0.0045019874791073075,-0.000502871557289474,0.0010687704927496429,0.0012264685808038168,-0.0003893702745533848,0.003163942071080718,0.0005124156189888901,0.0003598371644577831,-0.002447602003372385,-0.009040891023035723,-0.0006541663582275412,0.00031351996451181477,-0.00043275394748986664,0.0004079956923818363,-0.0007532862974688071,0.001961190610931099,0.006261818183882664
