0.00846640382255816,0.0019582692600052555,0.0005139068182799711,3.3338853236930184e-5,0.0003511079656758566,-1.959239709782821e-5,0.002590545265378892,0.0004876454978530423,0.0006185906866729939,0.0006749376667033926,0.0010095619395470335,0.001176972873698963,0.0009708288646535777,0.0019321762350118516,0.00043871542046892856,0.0006116210231826324,0.0010696692032023235,0.00010418181856326473,0.0018278727812186507,0.0018588058877915866,0.0019582692600052555,0.010043271728935784,0.00014235563975961685,-0.0001741064958181081,0.0004510225185994012,0.00036171648858248956,0.002985971280596119,-5.18556095781855e-5,0.0003196417883057137,0.0007206918997068052,0.0015885246603118096,0.000847467887701624,0.00047908881797559613,0.000692032430372199,0.0005213938987115407,0.00021878422462737868,0.000531796718705708,0.0001655773577252983,0.001260585990126034,0.0010967587757092854,0.0005139068182799711,0.00014235563975961685,0.0014908345934765011,0.0001340655336412326,0.00016309850773632865,0.00010685042217263742,0.0006603639728290407,0.0001577711280324138,7.391112976535529e-5,0.00020155213904529565,0.00022687743570757988,0.00027409251388291997,0.0005458513158745771,0.0005897134841650797,0.00041395164383202157,0.0008676947831191998,0.00044996051043045605,8.657108579379818e-5,0.0004674547678514022,3.898563904034461e-7,3.3338853236930184e-5,-0.0001741064958181081,0.0001340655336412326,0.0035627238740833346,0.00014439861458806236,-5.686678356806165e-6,2.715889798983109e-5,0.0004208722637620893,0.00033865086236816496,0.0005299056855307162,-2.0206729484912414e-5,0.00019376319898243492,0.0007513350690721683,3.010191366061981e-5,-0.00014107071892727866,0.00018106391820967786,0.00048573137776628916,-4.366549794569764e-5,0.00039111995692127843,-0.0002301415489725437,0.0003511079656758566,0.0004510225185994012,0.00016309850773632865,0.00014439861458806236,0.0017840149744174348,9.242589920073398e-5,0.0010185072350830213,0.0001359655255987729,0.0003765728932412256,0.00035762820884953144,0.0005435307339848032,0.0006162353411450241,6.002625635812293e-5,0.0003076568551185827,0.0003527388392862453,0.000368637233795899,0.0002961497214029435,8.45594950341428e-5,0.00040775225081394475,-0.00016734819548262602,-1.959239709782821e-5,0.00036171648858248956,0.00010685042217263742,-5.686678356806165e-6,9.242589920073398e-5,0.0019365002620664665,0.0003279436450003844,6.674556780285237e-5,0.0002243167440412272,-1.9330184856634055e-5,0.0003443546494615701,-0.0002572384376122686,9.541480056781185e-5,-1.0345076967202922e-5,0.0001534032943998266,0.00029878689092935405,7.518773627866499e-5,0.00011404510528740856,9.544731505960649e-5,0.0003323366063209672,0.002590545265378892,0.002985971280596119,0.0006603639728290407,2.715889798983109e-5,0.0010185072350830213,0.0003279436450003844,0.032048698202342456,-0.0009955540272369523,0.0017921564740208517,0.0013502530041610361,0.0008714910711973493,0.0015044096426285705,0.00045382585899123647,0.001251420517185527,-7.279226174492369e-6,0.002020698777987081,0.001289402724236033,0.0010508028932528155,0.003927251092123258,0.000339647992144447,0.0004876454978530423,-5.18556095781855e-5,0.0001577711280324138,0.0004208722637620893,0.0001359655255987729,6.674556780285237e-5,-0.0009955540272369523,0.0021919230193464027,0.0005389234378662074,0.000124884737519459,0.00016691074820782988,0.00036807977591233134,0.0005147754518423546,0.0008473547659745258,0.0002653832699579641,0.0007049553367659918,0.0003874071990263018,-1.1194118280677231e-5,0.0006575869633276243,0.0017391048203019156,0.0006185906866729939,0.0003196417883057137,7.391112976535529e-5,0.00033865086236816496,0.0003765728932412256,0.0002243167440412272,0.0017921564740208517,0.0005389234378662074,0.006351257154553533,0.0001848090915156189,-0.00016607027878545388,0.0003535773558501879,0.0003346410658783806,0.0010559039353274864,5.7792943092917845e-5,0.0006295809922039772,0.00121871669737352,6.915053773084526e-5,0.001018863988452562,0.0007758029038098739,0.0006749376667033926,0.0007206918997068052,0.00020155213904529565,0.0005299056855307162,0.00035762820884953144,-1.9330184856634055e-5,0.0013502530041610361,0.000124884737519459,0.0001848090915156189,0.004883091847893391,0.0006292967883469986,0.0003962805374525386,0.0005368846016559776,-0.00015433668343853844,0.000433788661839991,0.0009757351146889845,0.0005741158992323025,7.018039324366599e-5,0.0007977947491373809,-0.000493916187148164,0.0010095619395470335,0.0015885246603118096,0.00022687743570757988,-2.0206729484912414e-5,0.0005435307339848032,0.0003443546494615701,0.0008714910711973493,0.00016691074820782988,-0.00016607027878545388,0.0006292967883469986,0.013083330876666141,0.0009780907346776115,0.0010804909387061962,0.00040407611338773704,0.00011066190041755138,0.0007826273121855698,0.000490981031195587,0.0001676340762498832,0.0012858082400089297,0.0016279346691084103,0.001176972873698963,0.000847467887701624,0.00027409251388291997,0.00019376319898243492,0.0006162353411450241,-0.0002572384376122686,0.0015044096426285705,0.00036807977591233134,0.0003535773558501879,0.0003962805374525386,0.0009780907346776115,0.005115162145300101,0.00039779168910537144,0.001075681790859359,0.000569738036817817,-0.00019813385128233599,0.0008634769475838423,0.00018189580816655967,0.0007887037092450575,0.0003620826664997484,0.0009708288646535777,0.00047908881797559613,0.0005458513158745771,0.0007513350690721683,6.002625635812293e-5,9.541480056781185e-5,0.00045382585899123647,0.0005147754518423546,0.0003346410658783806,0.0005368846016559776,0.0010804909387061962,0.00039779168910537144,0.007223373877135818,0.0015265591095224768,0.0011272505479492517,0.0011619052223870942,0.0005657695986012825,0.0003434803470158073,0.0005118806398424489,0.0008802125927163146,0.0019321762350118516,0.000692032430372199,0.0005897134841650797,3.010191366061981e-5,0.0003076568551185827,-1.0345076967202922e-5,0.001251420517185527,0.0008473547659745258,0.0010559039353274864,-0.00015433668343853844,0.00040407611338773704,0.001075681790859359,0.0015265591095224768,0.009323060610271827,0.0001460908617703612,0.0009713047557181008,0.0008852636626270564,0.00012429346427605855,0.0021867376872547356,0.0016642091330558856,0.00043871542046892856,0.0005213938987115407,0.00041395164383202157,-0.00014107071892727866,0.0003527388392862453,0.0001534032943998266,-7.279226174492369e-6,0.0002653832699579641,5.7792943092917845e-5,0.000433788661839991,0.00011066190041755138,0.000569738036817817,0.0011272505479492517,0.0001460908617703612,0.0046961324144395656,0.0006461446715164099,0.0005119488543977446,-6.567888702435462e-6,-0.00017216847058481417,0.0007107487325807324,0.0006116210231826324,0.00021878422462737868,0.0008676947831191998,0.00018106391820967786,0.000368637233795899,0.00029878689092935405,0.002020698777987081,0.0007049553367659918,0.0006295809922039772,0.0009757351146889845,0.0007826273121855698,-0.00019813385128233599,0.0011619052223870942,0.0009713047557181008,0.0006461446715164099,0.011720109890997433,-0.0005134003908887562,-1.1511574020490065e-5,0.0006779674049611406,0.0026988186544448607,0.0010696692032023235,0.000531796718705708,0.00044996051043045605,0.00048573137776628916,0.0002961497214029435,7.518773627866499e-5,0.001289402724236033,0.0003874071990263018,0.00121871669737352,0.0005741158992323025,0.000490981031195587,0.0008634769475838423,0.0005657695986012825,0.0008852636626270564,0.0005119488543977446,-0.0005134003908887562,0.005279377230240349,0.0002908300842576697,0.0008511997356764979,0.0018101653344243535,0.00010418181856326473,0.0001655773577252983,8.657108579379818e-5,-4.366549794569764e-5,8.45594950341428e-5,0.00011404510528740856,0.0010508028932528155,-1.1194118280677231e-5,6.915053773084526e-5,7.018039324366599e-5,0.0001676340762498832,0.00018189580816655967,0.0003434803470158073,0.00012429346427605855,-6.567888702435462e-6,-1.1511574020490065e-5,0.0002908300842576697,0.0011669352258356206,0.00034522711582309675,0.0006027662562312493,0.0018278727812186507,0.001260585990126034,0.0004674547678514022,0.00039111995692127843,0.00040775225081394475,9.544731505960649e-5,0.003927251092123258,0.0006575869633276243,0.001018863988452562,0.0007977947491373809,0.0012858082400089297,0.0007887037092450575,0.0005118806398424489,0.0021867376872547356,-0.00017216847058481417,0.0006779674049611406,0.0008511997356764979,0.00034522711582309675,0.009351328055351635,0.001290610894994832,0.0018588058877915866,0.0010967587757092854,3.898563904034461e-7,-0.0002301415489725437,-0.00016734819548262602,0.0003323366063209672,0.000339647992144447,0.0017391048203019156,0.0007758029038098739,-0.000493916187148164,0.0016279346691084103,0.0003620826664997484,0.0008802125927163146,0.0016642091330558856,0.0007107487325807324,0.0026988186544448607,0.0018101653344243535,0.0006027662562312493,0.001290610894994832,0.02541856522084829
