0.004327787990489525,0.0008834174770807873,4.455792843145883e-5,0.00011665523694729997,0.0002772191009020122,0.0005990463016439901,0.0008685085157621112,0.0009863674268656422,0.0004706088215130974,0.0006801890404675409,0.0003390146697986442,0.0009046186884208169,0.0005083735044267008,0.0006717314728005598,-2.216591938287494e-5,0.00019781697258787365,0.00022341914138316324,0.000768344598798442,0.0004002746774514927,0.0016095326264061788,0.0008834174770807873,0.003874512023231755,0.0004828377123193297,0.0003927281038385764,0.0005892240451221839,-0.0016051774139638274,0.0008294933940194415,0.0004192623278427709,0.001165108849439299,0.0008165570627714939,0.0006242785689827651,0.0005239138137295687,-3.8725710908041696e-5,0.0009102856683335765,0.001309064952246219,1.592851525982814e-5,0.0004575666718432469,0.00010179376580080789,0.0005997207651097928,0.0005381122668231613,4.455792843145883e-5,0.0004828377123193297,0.0022490811489783843,0.00015752559443134247,0.00048522483295385365,-0.0003244107727575081,0.0008343312201070385,0.000281897887988631,0.0003461756545556239,0.0004937913467456779,0.0003058025644213988,0.0003824935018735347,0.0002107390873640124,0.00018766905529758106,0.0007692154215152946,0.0002711514646119341,0.0003090847236241591,-0.00018834390938608675,0.000462567204104153,0.0006462153075028241,0.00011665523694729997,0.0003927281038385764,0.00015752559443134247,0.0016789174687877385,0.000278922986468968,0.0005720378337124572,-6.993831334308419e-5,0.0005896557789466001,0.0009542699370785046,0.0002141431595547755,0.0002253210391864153,0.00019081129590481114,-1.1435964884645528e-5,0.0002794073831407924,0.0004736862820500299,0.00027979455713413064,0.00018844948949599518,0.00010508010509009588,0.0004582541445749694,0.0012046190960059702,0.0002772191009020122,0.0005892240451221839,0.00048522483295385365,0.000278922986468968,0.004064317619159541,-0.00103443643599134,0.0011358844004699768,0.00020922293280714165,0.001102379701098327,0.0003343569868521119,0.00023241871593861354,-0.00030174327942758273,-0.0004420025448488373,-0.0002777752220885928,0.0023090807393940796,0.0003760035898110944,0.00013787901802336488,-4.556947152496698e-5,0.0006715185897025176,-0.0005782564823760334,0.0005990463016439901,-0.0016051774139638274,-0.0003244107727575081,0.0005720378337124572,-0.00103443643599134,0.017590855018524938,-0.0007991042686995645,8.04914994128529e-5,0.0009970149031471752,7.377789872801526e-5,-0.0002615137798199564,0.001373770745092747,0.0001618710969243966,-0.00031075971362182697,-0.0016556038594346925,0.0020843835384552097,0.000440696058148554,0.000516083861405967,-0.00038660115605703186,0.0014604122444206126,0.0008685085157621112,0.0008294933940194415,0.0008343312201070385,-6.993831334308419e-5,0.0011358844004699768,-0.0007991042686995645,0.024713116164318354,0.0033384695992928802,-0.00030346825358294,0.0017272371440645068,-0.000181840888151865,0.0003241975166927975,0.0003397456986849777,0.000665893872338414,0.005538068520172343,0.0009327745584665143,0.0007748393992562213,0.0006963916105788986,0.0008440086973413446,0.0034260556026720727,0.0009863674268656422,0.0004192623278427709,0.000281897887988631,0.0005896557789466001,0.00020922293280714165,8.04914994128529e-5,0.0033384695992928802,0.020441556004271746,-0.001570560569119902,0.0010897047778815516,0.0007502308930080752,0.0020915229368115183,6.30107951998804e-5,0.00036784876672413724,0.0013839769533831275,-6.448177460544532e-5,0.00042394414952849223,0.00028257142086520327,0.0007807829375177891,0.001047514292864721,0.0004706088215130974,0.001165108849439299,0.0003461756545556239,0.0009542699370785046,0.001102379701098327,0.0009970149031471752,-0.00030346825358294,-0.001570560569119902,0.012667630282546052,0.001324612172277456,0.001096316810023676,0.0013479901017855443,6.5881279102131e-6,0.0010590819278598102,0.003525860873833019,0.0006405866146000938,0.000506306685562392,-0.00017921951128010787,0.0005433952515032241,0.0009425839488915218,0.0006801890404675409,0.0008165570627714939,0.0004937913467456779,0.0002141431595547755,0.0003343569868521119,7.377789872801526e-5,0.0017272371440645068,0.0010897047778815516,0.001324612172277456,0.0031459007084948497,0.0007662587276239122,0.00028604630816111016,0.0006072641654471482,0.0005728990557467265,0.0032275809082177092,-0.00015979590482256665,0.0003456739536782731,9.218487931929951e-5,0.000422007180202931,0.0016270752931754448,0.0003390146697986442,0.0006242785689827651,0.0003058025644213988,0.0002253210391864153,0.00023241871593861354,-0.0002615137798199564,-0.000181840888151865,0.0007502308930080752,0.001096316810023676,0.0007662587276239122,0.00402475454228116,0.0003037532864305282,0.0010023828455171268,0.00035178345458022463,0.0024171429796859584,-1.9690201766031016e-5,0.0003660391787299346,4.999920832914996e-5,0.0004270981781798445,0.0012532525733757061,0.0009046186884208169,0.0005239138137295687,0.0003824935018735347,0.00019081129590481114,-0.00030174327942758273,0.001373770745092747,0.0003241975166927975,0.0020915229368115183,0.0013479901017855443,0.00028604630816111016,0.0003037532864305282,0.014434926993133625,-0.00045185687180522636,0.00042171365100543965,-0.0006645889524057504,0.0004154107142433368,-0.00018588990032300024,-0.0001631276715964127,0.0005053698125130442,0.001397791976371019,0.0005083735044267008,-3.8725710908041696e-5,0.0002107390873640124,-1.1435964884645528e-5,-0.0004420025448488373,0.0001618710969243966,0.0003397456986849777,6.30107951998804e-5,6.5881279102131e-6,0.0006072641654471482,0.0010023828455171268,-0.00045185687180522636,0.007916535223114524,0.000560206854687571,0.002594297385730952,-5.510451984878906e-5,0.00028417187773097053,3.6077415839617135e-6,-0.0007623794192246575,0.0024181712112261835,0.0006717314728005598,0.0009102856683335765,0.00018766905529758106,0.0002794073831407924,-0.0002777752220885928,-0.00031075971362182697,0.000665893872338414,0.00036784876672413724,0.0010590819278598102,0.0005728990557467265,0.00035178345458022463,0.00042171365100543965,0.000560206854687571,0.003159025647653424,0.0002958466355035727,-0.0001641267977692096,3.446374251197885e-5,3.534416262687179e-5,0.0002684768415048346,0.0020092353071950167,-2.216591938287494e-5,0.001309064952246219,0.0007692154215152946,0.0004736862820500299,0.0023090807393940796,-0.0016556038594346925,0.005538068520172343,0.0013839769533831275,0.003525860873833019,0.0032275809082177092,0.0024171429796859584,-0.0006645889524057504,0.002594297385730952,0.0002958466355035727,0.033108795865865376,0.0019093585697001784,0.001158415150677548,0.0003738488935536957,1.5060955622854403e-5,0.002301066889748493,0.00019781697258787365,1.592851525982814e-5,0.0002711514646119341,0.00027979455713413064,0.0003760035898110944,0.0020843835384552097,0.0009327745584665143,-6.448177460544532e-5,0.0006405866146000938,-0.00015979590482256665,-1.9690201766031016e-5,0.0004154107142433368,-5.510451984878906e-5,-0.0001641267977692096,0.0019093585697001784,0.004536883259342422,0.00031833971818017294,0.00028239871189198525,0.00020037441049543654,1.4565647384887797e-5,0.00022341914138316324,0.0004575666718432469,0.0003090847236241591,0.00018844948949599518,0.00013787901802336488,0.000440696058148554,0.0007748393992562213,0.00042394414952849223,0.000506306685562392,0.0003456739536782731,0.0003660391787299346,-0.00018588990032300024,0.00028417187773097053,3.446374251197885e-5,0.001158415150677548,0.00031833971818017294,0.0014486071611102532,0.0002558012889494176,0.0002552552789217079,0.0007428205281566367,0.000768344598798442,0.00010179376580080789,-0.00018834390938608675,0.00010508010509009588,-4.556947152496698e-5,0.000516083861405967,0.0006963916105788986,0.00028257142086520327,-0.00017921951128010787,9.218487931929951e-5,4.999920832914996e-5,-0.0001631276715964127,3.6077415839617135e-6,3.534416262687179e-5,0.0003738488935536957,0.00028239871189198525,0.0002558012889494176,0.0023692537882603433,0.0001237281412532877,0.001102394352019078,0.0004002746774514927,0.0005997207651097928,0.000462567204104153,0.0004582541445749694,0.0006715185897025176,-0.00038660115605703186,0.0008440086973413446,0.0007807829375177891,0.0005433952515032241,0.000422007180202931,0.0004270981781798445,0.0005053698125130442,-0.0007623794192246575,0.0002684768415048346,1.5060955622854403e-5,0.00020037441049543654,0.0002552552789217079,0.0001237281412532877,0.0038715587521939887,0.002911694731171592,0.0016095326264061788,0.0005381122668231613,0.0006462153075028241,0.0012046190960059702,-0.0005782564823760334,0.0014604122444206126,0.0034260556026720727,0.001047514292864721,0.0009425839488915218,0.0016270752931754448,0.0012532525733757061,0.001397791976371019,0.0024181712112261835,0.0020092353071950167,0.002301066889748493,1.4565647384887797e-5,0.0007428205281566367,0.001102394352019078,0.002911694731171592,0.02980127276450503
