0.03883067807720819,0.0007213828183694686,0.006023979779774447,0.0035660755411875615,0.003967641499116716,0.007902725088071253,0.0028558998845794924,0.0007788918576470253,0.004480729278738297,0.001135614043555212,0.010577032035534693,0.0007873836451169651,0.001920183851503179,0.004122200142937014,0.003756085671431455,0.0015860226151139388,0.0012697430604311506,0.0018756329586274256,0.0038681620328907527,0.004554219638049697,0.0007213828183694686,0.0010398551478356735,9.171830130075083e-5,-2.233268535462001e-5,0.00040474054232141564,0.00021238141418475608,0.00030161576849817046,3.720153744340757e-5,0.0007375593130779597,0.00018776948233970625,0.0009789455426814455,0.0002946001602848537,0.00014460426024721934,-2.3490761294364714e-5,0.0005131904847417827,0.00023068342410424898,0.00039969890075290193,0.00043267411674982267,0.00035642854601194735,0.0006033782712676005,0.006023979779774447,9.171830130075083e-5,0.015499362004954206,0.00010299218169549396,0.0012467158560814577,0.0027578500710442977,0.0010684188436207139,0.0008320698319696385,0.0022997346784664075,0.00021111461369806728,0.007076765652056529,-0.001403927305388551,-0.0004045134126187672,0.0020286875904337266,0.0014108707297077155,0.0001218982071495347,0.0006826990769621771,0.0003377087137565922,0.0013609439268291348,0.002333587850091944,0.0035660755411875615,-2.233268535462001e-5,0.00010299218169549396,0.006106702596539846,0.0004329322152286085,0.0018698125923896226,0.00037338069766752817,6.281141389582418e-6,0.001780120039467044,1.3900781489402934e-6,0.0011548928265594114,-0.00012573962952413902,0.0007806064265784719,-0.00035186922128912937,0.0019367409590122162,0.00036380675555808685,0.0008275387850325244,0.000694513146771724,0.0003752440705787843,0.0001605754204056152,0.003967641499116716,0.00040474054232141564,0.0012467158560814577,0.0004329322152286085,0.02491736358814418,0.0027496228527952595,0.0017907950393834548,0.0001923763994396536,0.0033397346130097003,0.0012659166743050662,0.00696094238755246,0.000924331604694666,0.0007265298875611329,0.0008528755141081728,-0.00020987623578625435,0.0004306186164020672,0.0025233311089968725,0.0023623751093707806,0.003112973737096209,0.007272082599988383,0.007902725088071253,0.00021238141418475608,0.0027578500710442977,0.0018698125923896226,0.0027496228527952595,0.021217365138950228,0.0023109140365999946,0.0009356109883007569,0.004405221398892765,0.0004803737787153617,0.004977212512377221,0.0024832715152561437,0.0013057668388950887,0.0018194295010525007,0.002087659880781504,0.00026510141365072555,0.002096012122644835,0.0030699981282164713,0.001181163867188709,0.004316057068743517,0.0028558998845794924,0.00030161576849817046,0.0010684188436207139,0.00037338069766752817,0.0017907950393834548,0.0023109140365999946,0.003310409960331954,0.0001608635822031825,0.0011796493078276718,0.00028904729451122906,0.0025559425415439437,0.001115342488991367,0.0004964497523101827,0.0007116200674886564,0.001280619402615552,0.0005322985637914285,0.0009609964671933085,0.001050792632046558,0.0009738014304323139,0.0022744605938360696,0.0007788918576470253,3.720153744340757e-5,0.0008320698319696385,6.281141389582418e-6,0.0001923763994396536,0.0009356109883007569,0.0001608635822031825,0.0011438556924924287,0.00027588578281642655,0.00018535950940114584,0.0009494322534002238,0.00010673235574925451,5.2935440863206815e-5,0.0007776931358162005,0.00018979786200297547,1.7999078559032877e-5,7.080975034518127e-5,0.0004959522093646368,2.120439915520342e-5,0.0010360185469905708,0.004480729278738297,0.0007375593130779597,0.0022997346784664075,0.001780120039467044,0.0033397346130097003,0.004405221398892765,0.0011796493078276718,0.00027588578281642655,0.01881134877641659,-8.709669937903715e-5,0.005391772523808559,0.001726111958347988,0.0010368109499465047,-2.902876764842785e-5,0.0011457437986547268,0.00013894753921729679,0.001020985981603168,0.0021000413405363764,0.0019164055850852256,0.0015640987120823068,0.001135614043555212,0.00018776948233970625,0.00021111461369806728,1.3900781489402934e-6,0.0012659166743050662,0.0004803737787153617,0.00028904729451122906,0.00018535950940114584,-8.709669937903715e-5,0.0032043949770327587,0.0007258468991734642,-0.0001240034625911433,-9.843508285449706e-5,0.0009387188542901541,-0.00036943185953433046,0.00020448070307113955,0.0015191222424694082,0.00045081264228807584,0.0002599918877282966,0.0001800888060757345,0.010577032035534693,0.0009789455426814455,0.007076765652056529,0.0011548928265594114,0.00696094238755246,0.004977212512377221,0.0025559425415439437,0.0009494322534002238,0.005391772523808559,0.0007258468991734642,0.033744599840343566,0.0027708395377181033,0.0006337417106684517,0.0003527459102574096,0.0022800550440026917,0.001388328988074747,0.0016465657356272592,0.002690929588627283,0.0022994672155034227,0.005059331362996987,0.0007873836451169651,0.0002946001602848537,-0.001403927305388551,-0.00012573962952413902,0.000924331604694666,0.0024832715152561437,0.001115342488991367,0.00010673235574925451,0.001726111958347988,-0.0001240034625911433,0.0027708395377181033,0.010890126827938107,0.002100245332796463,-0.0003264652737624598,0.0012590938711987214,0.0006808051174402177,0.0009815432135377186,0.0027911463650745487,-0.0008408478089586455,0.000992409661244171,0.001920183851503179,0.00014460426024721934,-0.0004045134126187672,0.0007806064265784719,0.0007265298875611329,0.0013057668388950887,0.0004964497523101827,5.2935440863206815e-5,0.0010368109499465047,-9.843508285449706e-5,0.0006337417106684517,0.002100245332796463,0.0033154844922901492,0.0006985952807751884,0.0011443366056004321,0.00020795992649989185,0.0006904244434913101,0.0009461253883696838,0.00013668265335657864,0.0012468827260892971,0.004122200142937014,-2.3490761294364714e-5,0.0020286875904337266,-0.00035186922128912937,0.0008528755141081728,0.0018194295010525007,0.0007116200674886564,0.0007776931358162005,-2.902876764842785e-5,0.0009387188542901541,0.0003527459102574096,-0.0003264652737624598,0.0006985952807751884,0.02095506732251823,0.0007751102612521981,7.549931487206663e-5,-0.0008217446551648267,-0.0006191550543927502,0.0010284152045373345,0.0034366255305502127,0.003756085671431455,0.0005131904847417827,0.0014108707297077155,0.0019367409590122162,-0.00020987623578625435,0.002087659880781504,0.001280619402615552,0.00018979786200297547,0.0011457437986547268,-0.00036943185953433046,0.0022800550440026917,0.0012590938711987214,0.0011443366056004321,0.0007751102612521981,0.014993158563942168,0.0005989790042613879,0.0022143618341325466,0.0016338808364706773,0.00024902333369028506,0.002037795900727361,0.0015860226151139388,0.00023068342410424898,0.0001218982071495347,0.00036380675555808685,0.0004306186164020672,0.00026510141365072555,0.0005322985637914285,1.7999078559032877e-5,0.00013894753921729679,0.00020448070307113955,0.001388328988074747,0.0006808051174402177,0.00020795992649989185,7.549931487206663e-5,0.0005989790042613879,0.001425374126375499,0.0011140197020327591,0.000749660151051096,0.0005082612686533172,0.0007294977527432723,0.0012697430604311506,0.00039969890075290193,0.0006826990769621771,0.0008275387850325244,0.0025233311089968725,0.002096012122644835,0.0009609964671933085,7.080975034518127e-5,0.001020985981603168,0.0015191222424694082,0.0016465657356272592,0.0009815432135377186,0.0006904244434913101,-0.0008217446551648267,0.0022143618341325466,0.0011140197020327591,0.012927903045732155,0.003993403449937946,0.00025549380169682484,0.0022625020179993178,0.0018756329586274256,0.00043267411674982267,0.0003377087137565922,0.000694513146771724,0.0023623751093707806,0.0030699981282164713,0.001050792632046558,0.0004959522093646368,0.0021000413405363764,0.00045081264228807584,0.002690929588627283,0.0027911463650745487,0.0009461253883696838,-0.0006191550543927502,0.0016338808364706773,0.000749660151051096,0.003993403449937946,0.014853192225048002,0.0002878886620361037,0.0003957739530045081,0.0038681620328907527,0.00035642854601194735,0.0013609439268291348,0.0003752440705787843,0.003112973737096209,0.001181163867188709,0.0009738014304323139,2.120439915520342e-5,0.0019164055850852256,0.0002599918877282966,0.0022994672155034227,-0.0008408478089586455,0.00013668265335657864,0.0010284152045373345,0.00024902333369028506,0.0005082612686533172,0.00025549380169682484,0.0002878886620361037,0.005607332350260533,0.0022978109287962673,0.004554219638049697,0.0006033782712676005,0.002333587850091944,0.0001605754204056152,0.007272082599988383,0.004316057068743517,0.0022744605938360696,0.0010360185469905708,0.0015640987120823068,0.0001800888060757345,0.005059331362996987,0.000992409661244171,0.0012468827260892971,0.0034366255305502127,0.002037795900727361,0.0007294977527432723,0.0022625020179993178,0.0003957739530045081,0.0022978109287962673,0.02644077042326589
