0.01635045087996286,-0.00024768404097707836,-4.04921322898614e-5,0.00016298786570000733,0.0007292653048665747,0.0008008720485616525,-0.0003003430024196563,0.0025295377638581903,0.0016437111845679726,-0.002833248919855735,-0.00022583595671532938,0.0006839292651675617,0.00023859737336262929,0.0021113409224946976,0.001378779349898816,5.2649002262630516e-5,0.0004846334165343205,0.00023774277729719928,0.0009828463827137022,0.0003664743306912054,-0.00024768404097707836,0.0076959790633018745,-0.0002446809044602054,0.0004884215792146766,0.0001322225569405637,0.00046699512011435737,0.0005682982371728167,0.00048202550327438047,0.0015876560577008708,0.0017481264304857929,-9.816547644440264e-5,0.0004263282118828623,0.00045363259807644084,-0.0005687163655862797,0.00024328052857373195,1.7104489400588473e-5,0.0004384457744452877,0.0009170305154657644,0.0004834065280319807,0.00011650110977806904,-4.04921322898614e-5,-0.0002446809044602054,0.002338282074658516,4.118380438544187e-5,9.006841812026274e-5,0.00021414045155196884,-0.00012209819126533515,0.0010570643926798551,-2.0124768304234312e-5,0.0008504892038298196,-0.00011850612581705674,0.00018412085459996693,0.00024480939279637856,-8.187216870125524e-5,-7.480961747273769e-5,0.00042068323167896435,-3.763328693403131e-5,-0.0002622936204402883,0.0004162814175354981,0.0001301193211486912,0.00016298786570000733,0.0004884215792146766,4.118380438544187e-5,0.005951737282180628,0.000388416303277563,7.257408681844089e-5,0.0012038646872824673,0.0011612597371450444,0.0015106753035879351,0.0013125874497029177,0.0003424773211476502,0.001083664901733349,-0.00012650991269676709,-9.089784505086448e-5,0.0002966410491451097,-1.6550982817125287e-5,6.500943648016164e-5,1.2592090134926718e-5,0.000685269883266243,7.916275557421714e-5,0.0007292653048665747,0.0001322225569405637,9.006841812026274e-5,0.000388416303277563,0.002956110925095428,-0.0003409695647215278,0.0010844329315223824,0.0010525396930564192,0.0002652993460147445,0.0003041779790851133,0.00015388787097183595,0.0009970076522617327,0.0002421703171314414,3.8658587105897e-5,0.0003255933686281019,3.4791629052182596e-5,0.0004403247609661642,0.0003905076731079031,-4.644232214881972e-5,0.00013835775673201644,0.0008008720485616525,0.00046699512011435737,0.00021414045155196884,7.257408681844089e-5,-0.0003409695647215278,0.004133179111334582,6.624260887546396e-5,0.0004935688453050345,0.0012114591837327953,-0.0001332122922175549,4.448291562706839e-5,-6.786808183287727e-5,0.00017485670965191287,1.9954024821084464e-5,-1.626492343914732e-5,4.328078855087833e-5,-0.00014511975192390596,-7.645087004116714e-5,0.00043252422237588213,-4.9336688487032776e-5,-0.0003003430024196563,0.0005682982371728167,-0.00012209819126533515,0.0012038646872824673,0.0010844329315223824,6.624260887546396e-5,0.009474010647330826,0.0003385755054512123,0.0023561736122727846,0.0011611356467376944,0.0004600905941864428,0.0020161178647274507,0.00033815052421101244,0.0008392832545776573,0.0008003500507192739,0.00025617907344785266,0.000906512568894559,0.0014521250148832685,0.0013383189214056933,0.0008671498265459822,0.0025295377638581903,0.00048202550327438047,0.0010570643926798551,0.0011612597371450444,0.0010525396930564192,0.0004935688453050345,0.0003385755054512123,0.015972014374906206,0.003323797118316812,0.00042846821754366406,0.0001449141367892094,0.0016568451028634705,0.00039247099761371447,0.000563295666354069,0.000763026564454957,0.00042751551949916455,0.0025379887638743623,0.0008545384797748139,0.0024506707212196073,0.0009819429945063496,0.0016437111845679726,0.0015876560577008708,-2.0124768304234312e-5,0.0015106753035879351,0.0002652993460147445,0.0012114591837327953,0.0023561736122727846,0.003323797118316812,0.0192970385625019,0.0008178613530930379,2.5386986932960748e-5,0.001242623446034407,-0.00026280262038294025,9.594672139004266e-5,0.00042324745602756973,0.0003160932403618279,0.001745328833417005,0.0002839595399783616,0.0031430389888811327,0.0003690477767838886,-0.002833248919855735,0.0017481264304857929,0.0008504892038298196,0.0013125874497029177,0.0003041779790851133,-0.0001332122922175549,0.0011611356467376944,0.00042846821754366406,0.0008178613530930379,0.016147379431820416,5.688120035300194e-5,0.0008184231664931923,0.0006416890736699293,-0.0010829053530912697,0.0005087697978738946,0.0007051570812617876,0.0011993109893283225,0.001530455868934467,0.0003042766117381721,-0.0001885580405682094,-0.00022583595671532938,-9.816547644440264e-5,-0.00011850612581705674,0.0003424773211476502,0.00015388787097183595,4.448291562706839e-5,0.0004600905941864428,0.0001449141367892094,2.5386986932960748e-5,5.688120035300194e-5,0.0013056136720468526,0.0008541892881341326,-0.00015129992530040545,0.00012542508933017295,9.1362395564649e-6,0.00016303109530125666,0.00017643286996789335,0.00040175360548019455,0.00036997025722685593,-0.00017442208932364655,0.0006839292651675617,0.0004263282118828623,0.00018412085459996693,0.001083664901733349,0.0009970076522617327,-6.786808183287727e-5,0.0020161178647274507,0.0016568451028634705,0.001242623446034407,0.0008184231664931923,0.0008541892881341326,0.009377303528217825,0.0005849009522412949,0.0008691388289732416,0.00026147941224608775,0.0003366949973286227,0.002057581324464529,0.0010083194416125548,0.0017007724469899647,0.00018474511721604524,0.00023859737336262929,0.00045363259807644084,0.00024480939279637856,-0.00012650991269676709,0.0002421703171314414,0.00017485670965191287,0.00033815052421101244,0.00039247099761371447,-0.00026280262038294025,0.0006416890736699293,-0.00015129992530040545,0.0005849009522412949,0.0033011037891352724,0.00025574430769267627,0.0002564245148568807,0.00012078863665082778,0.0009230660005364989,0.000586057535774731,-0.00044168203070188715,1.4809912457706279e-5,0.0021113409224946976,-0.0005687163655862797,-8.187216870125524e-5,-9.089784505086448e-5,3.8658587105897e-5,1.9954024821084464e-5,0.0008392832545776573,0.000563295666354069,9.594672139004266e-5,-0.0010829053530912697,0.00012542508933017295,0.0008691388289732416,0.00025574430769267627,0.006686556435024416,0.0006793297193283501,0.00019743250188994295,-0.0003221483096109231,0.00021749713493724414,0.0006020519736610165,2.7315514478215298e-5,0.001378779349898816,0.00024328052857373195,-7.480961747273769e-5,0.0002966410491451097,0.0003255933686281019,-1.626492343914732e-5,0.0008003500507192739,0.000763026564454957,0.00042324745602756973,0.0005087697978738946,9.1362395564649e-6,0.00026147941224608775,0.0002564245148568807,0.0006793297193283501,0.004442652808555217,0.00019113219466277402,4.6429462549044564e-5,0.0005986512183525942,7.604480003943999e-5,-4.479335059594799e-5,5.2649002262630516e-5,1.7104489400588473e-5,0.00042068323167896435,-1.6550982817125287e-5,3.4791629052182596e-5,4.328078855087833e-5,0.00025617907344785266,0.00042751551949916455,0.0003160932403618279,0.0007051570812617876,0.00016303109530125666,0.0003366949973286227,0.00012078863665082778,0.00019743250188994295,0.00019113219466277402,0.003025971681564672,0.0006278775147072844,0.00024217351045812687,0.00023010874104871753,-0.00011335259638784581,0.0004846334165343205,0.0004384457744452877,-3.763328693403131e-5,6.500943648016164e-5,0.0004403247609661642,-0.00014511975192390596,0.000906512568894559,0.0025379887638743623,0.001745328833417005,0.0011993109893283225,0.00017643286996789335,0.002057581324464529,0.0009230660005364989,-0.0003221483096109231,4.6429462549044564e-5,0.0006278775147072844,0.012497563675374223,0.00018575386535580666,0.0012737955086687658,0.0002913829285324291,0.00023774277729719928,0.0009170305154657644,-0.0002622936204402883,1.2592090134926718e-5,0.0003905076731079031,-7.645087004116714e-5,0.0014521250148832685,0.0008545384797748139,0.0002839595399783616,0.001530455868934467,0.00040175360548019455,0.0010083194416125548,0.000586057535774731,0.00021749713493724414,0.0005986512183525942,0.00024217351045812687,0.00018575386535580666,0.005509538008910656,0.0002248292518834484,1.8666768169685983e-5,0.0009828463827137022,0.0004834065280319807,0.0004162814175354981,0.000685269883266243,-4.644232214881972e-5,0.00043252422237588213,0.0013383189214056933,0.0024506707212196073,0.0031430389888811327,0.0003042766117381721,0.00036997025722685593,0.0017007724469899647,-0.00044168203070188715,0.0006020519736610165,7.604480003943999e-5,0.00023010874104871753,0.0012737955086687658,0.0002248292518834484,0.007770075630364195,0.0004501401406876407,0.0003664743306912054,0.00011650110977806904,0.0001301193211486912,7.916275557421714e-5,0.00013835775673201644,-4.9336688487032776e-5,0.0008671498265459822,0.0009819429945063496,0.0003690477767838886,-0.0001885580405682094,-0.00017442208932364655,0.00018474511721604524,1.4809912457706279e-5,2.7315514478215298e-5,-4.479335059594799e-5,-0.00011335259638784581,0.0002913829285324291,1.8666768169685983e-5,0.0004501401406876407,0.0017262981611116978
