0.0034245245693915287,0.00018130155220200112,1.601264342542082e-5,0.0002680513073255912,6.265484474976238e-5,0.001450913494798145,-0.0005165902275457029,0.0006229789609983873,0.0012615600980022176,0.0004485416196829845,0.0005161532036791086,0.0005738988804591869,0.0004183566759494723,0.00036549865768084367,0.0009641650869554026,0.0001694555755127238,0.0004062230453633647,0.00022913403385594054,0.000249888361043027,8.363504576557726e-5,0.00018130155220200112,0.003111767526263708,0.00029234717185378737,0.00033786887473944175,0.00011314736885865078,0.00014559627766686553,0.0005338494198096522,-0.0004046305450280522,0.0007919257425932553,0.000392864788904573,0.00018334363072262174,0.00039734152182390717,0.00029790051932473825,0.0003245563751506324,0.000342744039249157,0.0001380762640340004,0.00038606087218735286,0.000137841339129595,2.010860222388209e-5,0.0009321691496637235,1.601264342542082e-5,0.00029234717185378737,0.002123031906568678,2.17601266696594e-5,0.0003464980901177026,-0.00022930420241309128,0.00044424265186203946,0.000820451462698346,0.000581333458053947,0.00045390480435554504,5.728782166080459e-5,0.00033754374061633285,0.00025249831565235753,0.0002316240491683294,-0.00029998237554908994,0.00036732177307868054,0.00010504327622563045,0.00010621590266228541,0.0001618410739654179,0.00013281777447516117,0.0002680513073255912,0.00033786887473944175,2.17601266696594e-5,0.0016005259642943878,9.816461470909163e-5,0.0003064657771365263,-0.000873717496004213,0.0003432080521133101,0.0005088498214908828,0.00027322788930355063,0.00022871755172555817,0.00016079189485421034,0.00023032808452937164,0.00021878319936427927,0.0003207057091496702,0.00031911327509254173,0.0001945921774182409,0.00019246354293775392,7.014255392783514e-5,0.0004023595071666595,6.265484474976238e-5,0.00011314736885865078,0.0003464980901177026,9.816461470909163e-5,0.0036503126579127713,-0.00033159995316643816,0.0009655828702564413,0.00020579480469276257,0.00026864931871970187,0.000440787974507941,0.00025875818994990194,-9.951603065073644e-5,0.0010427331533720114,-5.984223328445756e-5,0.000816084768448543,0.00034478532532973756,6.279851497938816e-6,0.0001798464399246753,0.00013092015423265654,0.0013796141072330423,0.001450913494798145,0.00014559627766686553,-0.00022930420241309128,0.0003064657771365263,-0.00033159995316643816,0.015405023795195722,0.0021538833125754435,0.0008641425822235981,0.001881447611832655,0.0005343770635139208,-7.253343592477381e-5,0.0004896725085634696,0.0004460141642589842,0.00017363015451152651,0.0003761660141023374,0.0010356853040132366,0.0007985364019719707,0.0006261657943086201,0.000835621887687106,3.407264120816799e-5,-0.0005165902275457029,0.0005338494198096522,0.00044424265186203946,-0.000873717496004213,0.0009655828702564413,0.0021538833125754435,0.021354734367333386,0.002172472627681157,0.002192473753978563,0.0008971490742900342,-0.0002473815010529758,0.0005914900548373259,0.0014127077196077168,8.812560283679718e-5,0.0012909791923093245,0.001162870685568999,0.00039862774096154335,-0.0005733873428644147,-9.422193813170049e-5,0.0008746169277843274,0.0006229789609983873,-0.0004046305450280522,0.000820451462698346,0.0003432080521133101,0.00020579480469276257,0.0008641425822235981,0.002172472627681157,0.018037976543321975,0.0003485778049928401,0.0015319636501583038,0.0009376210898373748,0.001077244197692184,0.0006664657880889001,0.00011892872305650648,0.0022417955026315583,0.00018137603556776612,0.0003516493706375727,0.00037689761191688154,-0.0002460739931534957,-0.0010593888872505914,0.0012615600980022176,0.0007919257425932553,0.000581333458053947,0.0005088498214908828,0.00026864931871970187,0.001881447611832655,0.002192473753978563,0.0003485778049928401,0.011173678112280377,0.0006745596665780115,0.0006778024408343942,0.0020230985624195476,0.0007311951137303429,0.000878897372056425,0.002832389237481532,0.0012745299759599964,0.00020268802420018696,0.0007677571370550076,0.0004967498448129001,0.002024702676819538,0.0004485416196829845,0.000392864788904573,0.00045390480435554504,0.00027322788930355063,0.000440787974507941,0.0005343770635139208,0.0008971490742900342,0.0015319636501583038,0.0006745596665780115,0.0024223065527394488,0.0004055118583455715,-6.773503843823827e-5,0.0004317544016717727,0.00042535605245299767,0.001592770677254048,0.0005708836551699585,0.00037977233542502,0.00013566951942870368,0.0004399488095945841,0.00030814264042019384,0.0005161532036791086,0.00018334363072262174,5.728782166080459e-5,0.00022871755172555817,0.00025875818994990194,-7.253343592477381e-5,-0.0002473815010529758,0.0009376210898373748,0.0006778024408343942,0.0004055118583455715,0.0032733817491033203,-0.0001904336699105025,0.00019778904276311182,0.0003927950485754809,0.0008206621806638029,0.0001406932442894976,0.0001736627032442391,0.00034801223899378437,1.7585816844499608e-5,-0.00037232316515476143,0.0005738988804591869,0.00039734152182390717,0.00033754374061633285,0.00016079189485421034,-9.951603065073644e-5,0.0004896725085634696,0.0005914900548373259,0.001077244197692184,0.0020230985624195476,-6.773503843823827e-5,-0.0001904336699105025,0.01298190401966418,0.0005942973215204279,0.0006768145986289548,-0.0012832803873717535,0.000733800850765301,-0.00032310716940286624,0.00015430529110121866,0.00017468782826603424,-0.0008785883441110327,0.0004183566759494723,0.00029790051932473825,0.00025249831565235753,0.00023032808452937164,0.0010427331533720114,0.0004460141642589842,0.0014127077196077168,0.0006664657880889001,0.0007311951137303429,0.0004317544016717727,0.00019778904276311182,0.0005942973215204279,0.006208112162457906,0.00047959153298730145,0.00222198704310495,0.0002936428572794164,1.034224330801586e-5,-3.758726088510817e-5,6.564366235968194e-5,0.0015620655419315021,0.00036549865768084367,0.0003245563751506324,0.0002316240491683294,0.00021878319936427927,-5.984223328445756e-5,0.00017363015451152651,8.812560283679718e-5,0.00011892872305650648,0.000878897372056425,0.00042535605245299767,0.0003927950485754809,0.0006768145986289548,0.00047959153298730145,0.002322284177584678,0.0004705204272098418,0.0004111093135391699,-7.476765470256453e-6,0.00026037992229499735,0.0002643818272707471,0.0007814359462222626,0.0009641650869554026,0.000342744039249157,-0.00029998237554908994,0.0003207057091496702,0.000816084768448543,0.0003761660141023374,0.0012909791923093245,0.0022417955026315583,0.002832389237481532,0.001592770677254048,0.0008206621806638029,-0.0012832803873717535,0.00222198704310495,0.0004705204272098418,0.0263912117785979,0.0004291147020722424,0.001085460319226211,0.0004965569211118576,0.0005296993351411417,0.0002265565956225509,0.0001694555755127238,0.0001380762640340004,0.00036732177307868054,0.00031911327509254173,0.00034478532532973756,0.0010356853040132366,0.001162870685568999,0.00018137603556776612,0.0012745299759599964,0.0005708836551699585,0.0001406932442894976,0.000733800850765301,0.0002936428572794164,0.0004111093135391699,0.0004291147020722424,0.0045086401257839245,-4.438098779257602e-6,0.000470472673191892,0.00013045572403838518,0.0007579135067775791,0.0004062230453633647,0.00038606087218735286,0.00010504327622563045,0.0001945921774182409,6.279851497938816e-6,0.0007985364019719707,0.00039862774096154335,0.0003516493706375727,0.00020268802420018696,0.00037977233542502,0.0001736627032442391,-0.00032310716940286624,1.034224330801586e-5,-7.476765470256453e-6,0.001085460319226211,-4.438098779257602e-6,0.0013966548600117684,0.00025888224073160316,-0.00013144247722416118,7.336185029536862e-5,0.00022913403385594054,0.000137841339129595,0.00010621590266228541,0.00019246354293775392,0.0001798464399246753,0.0006261657943086201,-0.0005733873428644147,0.00037689761191688154,0.0007677571370550076,0.00013566951942870368,0.00034801223899378437,0.00015430529110121866,-3.758726088510817e-5,0.00026037992229499735,0.0004965569211118576,0.000470472673191892,0.00025888224073160316,0.002046937256977383,0.00014882562374692417,0.0005442099985822192,0.000249888361043027,2.010860222388209e-5,0.0001618410739654179,7.014255392783514e-5,0.00013092015423265654,0.000835621887687106,-9.422193813170049e-5,-0.0002460739931534957,0.0004967498448129001,0.0004399488095945841,1.7585816844499608e-5,0.00017468782826603424,6.564366235968194e-5,0.0002643818272707471,0.0005296993351411417,0.00013045572403838518,-0.00013144247722416118,0.00014882562374692417,0.0028771496076732063,0.0006965002339233859,8.363504576557726e-5,0.0009321691496637235,0.00013281777447516117,0.0004023595071666595,0.0013796141072330423,3.407264120816799e-5,0.0008746169277843274,-0.0010593888872505914,0.002024702676819538,0.00030814264042019384,-0.00037232316515476143,-0.0008785883441110327,0.0015620655419315021,0.0007814359462222626,0.0002265565956225509,0.0007579135067775791,7.336185029536862e-5,0.0005442099985822192,0.0006965002339233859,0.020370884616793608
