0.0017292305540048867,6.909875456996034e-5,-0.0005393908686528394,0.00024323263707221436,-0.0004959585955996199,-0.00040550051749168345,0.00016549088046245312,-1.677903858065884e-5,-0.00033004579721739334,-0.0001533773642082212,0.0003253419524972689,0.0001515255900497079,0.0008389941645630832,-0.00034963765102811724,-0.0010664217074052881,0.0006137100026494412,-0.0008768963795708924,0.00017713555945434662,1.9847088727572383e-5,-0.00024299729954023312,6.909875456996034e-5,0.0006650193322019745,0.0001600198693410442,-0.00030214403840086003,2.0542775647094795e-5,-0.0002980154174542591,-0.0001479792792147993,-0.00021263131326920787,0.00011901146656487535,-0.0001765697757443865,-0.0003478687418642486,0.0005298370827929769,0.0005753069028864839,-0.00010728569422747232,-0.0005476129167391807,-2.9906693289803938e-6,8.335528459510461e-5,4.8511977800140806e-5,0.00040676187959853816,1.542423710334242e-5,-0.0005393908686528394,0.0001600198693410442,0.000663128581488333,-0.00022621374355606406,0.0001260513820909932,0.00014120225827731674,-6.595673474109081e-5,-8.008675530532227e-5,0.00015710006840472012,0.0001534816711911164,-8.213770632396533e-5,4.511914521658666e-5,-2.276176040900985e-5,0.0002465044801378192,0.0002059710431720755,-2.2710476036096627e-5,0.0004318821338760198,3.808461663139403e-5,-6.83092649372522e-5,8.525959830632147e-6,0.00024323263707221436,-0.00030214403840086003,-0.00022621374355606406,0.000534256812725576,-8.723285083818555e-5,0.0003447346135136191,-8.78411347868518e-5,2.954590915033967e-5,5.0256246251559415e-5,0.00033292606330061355,0.00012676925527348664,-0.00032554063059232573,-0.00017193040880982268,-1.234937671155888e-5,1.2773099277365081e-5,0.00016746450450334267,-0.00018589974654834626,0.000166001189547724,-0.0001526042232407699,-0.00014431811422301272,-0.0004959585955996199,2.0542775647094795e-5,0.0001260513820909932,-8.723285083818555e-5,0.00045223880288605223,4.676265589861041e-5,-7.341411448668171e-6,6.023944997708516e-7,8.224259055788306e-5,5.7414646199805724e-6,-0.00020974540610010684,-0.00013147343939376742,-0.0002145433657782985,-3.152995389568086e-5,0.00038807998337516303,-0.00012912116569308002,0.00036454175182673294,-0.00016438157434684955,3.06862822896568e-5,0.00016331764560850335,-0.00040550051749168345,-0.0002980154174542591,0.00014120225827731674,0.0003447346135136191,4.676265589861041e-5,0.0009215769853007078,-0.0002560431633528284,-1.4342330001448855e-5,0.00023041122419722147,0.0006133926504663411,7.248237740916833e-6,-0.0003770560472010605,-0.00048815515705490824,0.00038889372206618394,0.00031289855764304376,3.0919247982494775e-5,0.000307793979669999,0.00016125697683055563,-0.00035317352822722165,-0.0001954012203725924,0.00016549088046245312,-0.0001479792792147993,-6.595673474109081e-5,-8.78411347868518e-5,-7.341411448668171e-6,-0.0002560431633528284,0.000539311877680219,0.00021280814406655387,-0.0001878940569964009,-0.0003512659709965883,0.00026394483515467394,-0.00023793763183996703,-0.0001023170750040512,-9.538909550505909e-5,0.0002515877563566556,-2.7508723214027166e-5,-0.00014958312913932324,-0.0001609737168810574,-0.0002303431838425896,3.4472521986147006e-5,-1.677903858065884e-5,-0.00021263131326920787,-8.008675530532227e-5,2.954590915033967e-5,6.023944997708516e-7,-1.4342330001448855e-5,0.00021280814406655387,0.00029960667132694174,-0.0001351777457930709,-6.070320208652883e-5,0.00018035715375389587,-0.00028639638882832844,-0.0002485727094438909,-9.295966290508747e-5,0.0002987731739040287,-3.534851076271252e-5,-6.563846007348525e-5,-0.00014921314033530076,-0.0002157651909844071,3.7482527510470524e-5,-0.00033004579721739334,0.00011901146656487535,0.00015710006840472012,5.0256246251559415e-5,8.224259055788306e-5,0.00023041122419722147,-0.0001878940569964009,-0.0001351777457930709,0.0003988005724420701,0.00013395899981469975,-0.00019033861507532468,9.264059546002079e-5,-2.3666480619009004e-5,0.0002313369003248668,-6.482980502043798e-5,-0.00010360159844082893,0.00025980178152426624,0.00013959763105168396,0.00011392058713301718,-0.0001013168262283536,-0.0001533773642082212,-0.0001765697757443865,0.0001534816711911164,0.00033292606330061355,5.7414646199805724e-6,0.0006133926504663411,-0.0003512659709965883,-6.070320208652883e-5,0.00013395899981469975,0.0007788163880803707,-9.805203173680566e-6,-0.0003268038040088009,-0.00020544257276634029,0.0001616072675213531,9.816648035566029e-5,0.00024474105047504334,0.00020417394648549942,0.00015258495452193273,-0.00022387729283047302,-9.20787434199558e-5,0.0003253419524972689,-0.0003478687418642486,-8.213770632396533e-5,0.00012676925527348664,-0.00020974540610010684,7.248237740916833e-6,0.00026394483515467394,0.00018035715375389587,-0.00019033861507532468,-9.805203173680566e-6,0.0005439592199239082,-0.0003109696640122882,-0.00021727266145752993,2.120594697845527e-5,0.0001346250443443636,0.00013048896681748073,-0.0003124385695701009,1.8683552940288053e-5,-0.00037242006948093656,-0.00010590246781752959,0.0001515255900497079,0.0005298370827929769,4.511914521658666e-5,-0.00032554063059232573,-0.00013147343939376742,-0.0003770560472010605,-0.00023793763183996703,-0.00028639638882832844,9.264059546002079e-5,-0.0003268038040088009,-0.0003109696640122882,0.0009966380604507423,0.0006536353457743219,2.613564253561901e-5,-0.0008060942137460665,-0.00011616561242732719,-0.00012638432515160229,0.00017399603120602224,0.000555643377286168,-2.1394146016863984e-5,0.0008389941645630832,0.0005753069028864839,-2.276176040900985e-5,-0.00017193040880982268,-0.0002145433657782985,-0.00048815515705490824,-0.0001023170750040512,-0.0002485727094438909,-2.3666480619009004e-5,-0.00020544257276634029,-0.00021727266145752993,0.0006536353457743219,0.0011914977674959155,-0.00024616746842020127,-0.0010723462770966827,0.0003842906039947194,-0.00024606246959401695,0.00011600968791689582,0.0004362270216160559,-9.166281172754681e-5,-0.00034963765102811724,-0.00010728569422747232,0.0002465044801378192,-1.234937671155888e-5,-3.152995389568086e-5,0.00038889372206618394,-9.538909550505909e-5,-9.295966290508747e-5,0.0002313369003248668,0.0001616072675213531,2.120594697845527e-5,2.613564253561901e-5,-0.00024616746842020127,0.000651230032276513,7.422759198192617e-5,-0.00010421587112749634,0.000261886789058729,0.0001530010336289393,-0.00020097069377971637,-0.00012854907726396448,-0.0010664217074052881,-0.0005476129167391807,0.0002059710431720755,1.2773099277365081e-5,0.00038807998337516303,0.00031289855764304376,0.0002515877563566556,0.0002987731739040287,-6.482980502043798e-5,9.816648035566029e-5,0.0001346250443443636,-0.0008060942137460665,-0.0010723462770966827,7.422759198192617e-5,0.0016303764136190381,-0.0004056997171701448,0.00048357435838457485,-0.0003227361153185545,-0.0004523129268443984,0.00025317794897837347,0.0006137100026494412,-2.9906693289803938e-6,-2.2710476036096627e-5,0.00016746450450334267,-0.00012912116569308002,3.0919247982494775e-5,-2.7508723214027166e-5,-3.534851076271252e-5,-0.00010360159844082893,0.00024474105047504334,0.00013048896681748073,-0.00011616561242732719,0.0003842906039947194,-0.00010421587112749634,-0.0004056997171701448,0.0006111228988086028,-0.00020364665795899331,6.580512362082898e-5,-0.0001587478070228487,-9.690524428917154e-5,-0.0008768963795708924,8.335528459510461e-5,0.0004318821338760198,-0.00018589974654834626,0.00036454175182673294,0.000307793979669999,-0.00014958312913932324,-6.563846007348525e-5,0.00025980178152426624,0.00020417394648549942,-0.0003124385695701009,-0.00012638432515160229,-0.00024606246959401695,0.000261886789058729,0.00048357435838457485,-0.00020364665795899331,0.0007932734798260735,-0.00012379248834523888,1.181024825544048e-5,9.816733600836005e-5,0.00017713555945434662,4.8511977800140806e-5,3.808461663139403e-5,0.000166001189547724,-0.00016438157434684955,0.00016125697683055563,-0.0001609737168810574,-0.00014921314033530076,0.00013959763105168396,0.00015258495452193273,1.8683552940288053e-5,0.00017399603120602224,0.00011600968791689582,0.0001530010336289393,-0.0003227361153185545,6.580512362082898e-5,-0.00012379248834523888,0.00038490859090242974,6.759230238951569e-5,-0.00017259430828312693,1.9847088727572383e-5,0.00040676187959853816,-6.83092649372522e-5,-0.0001526042232407699,3.06862822896568e-5,-0.00035317352822722165,-0.0002303431838425896,-0.0002157651909844071,0.00011392058713301718,-0.00022387729283047302,-0.00037242006948093656,0.000555643377286168,0.0004362270216160559,-0.00020097069377971637,-0.0004523129268443984,-0.0001587478070228487,1.181024825544048e-5,6.759230238951569e-5,0.0006842825413915289,5.8087109025217905e-5,-0.00024299729954023312,1.542423710334242e-5,8.525959830632147e-6,-0.00014431811422301272,0.00016331764560850335,-0.0001954012203725924,3.4472521986147006e-5,3.7482527510470524e-5,-0.0001013168262283536,-9.20787434199558e-5,-0.00010590246781752959,-2.1394146016863984e-5,-9.166281172754681e-5,-0.00012854907726396448,0.00025317794897837347,-9.690524428917154e-5,9.816733600836005e-5,-0.00017259430828312693,5.8087109025217905e-5,0.000317880438358583
