0.0012411040445744913,-1.7129486971011663e-5,7.868071130369995e-5,1.5841189238896037e-5,0.0002937862408869509,0.0005405286409027229,4.988422392824762e-5,7.359104979262557e-5,0.000563192767964353,0.00041892398795819385,-5.224627841324101e-6,6.030237633398917e-5,-0.00013896005325361835,-0.00028676788511473156,8.997223631727475e-5,-2.7612069883857445e-5,0.0003422687989514063,0.00023689297945637868,-0.00013215626584579126,0.00045537819395745686,-1.7129486971011663e-5,0.0002539673908379184,5.195466436617081e-5,9.721989580356566e-6,-3.466297981447638e-5,-3.984876057513818e-5,9.16802259076215e-5,-2.8693485972550495e-5,6.587203977622768e-5,2.3431162051729274e-5,0.0001882202368092911,0.0001010883121957555,-0.00011248055672846902,-0.00014081233783954955,-4.637368672341327e-5,3.859458963319327e-5,6.64035923447961e-5,-0.00010407325620664899,-1.2926002707011025e-5,6.084833955486571e-5,7.868071130369995e-5,5.195466436617081e-5,0.00042598272088813373,-2.12690567965499e-5,-3.2115537375548844e-5,0.00032665302587209374,5.521869897254731e-5,0.00020491351756246054,0.0001306310859012814,8.850625434833116e-5,2.8830315374357648e-5,0.00010307356297826765,-0.0002247942810568249,-0.0002357025497457511,-0.00011844211448543848,-6.006435184796345e-5,1.4123158976585872e-5,-0.00014373988351094717,-8.240575062326359e-5,0.0001673610173885348,1.5841189238896037e-5,9.721989580356566e-6,-2.12690567965499e-5,0.0004119865065238348,0.0002862381447590472,-0.00010712262864008004,3.9894502791710726e-5,-8.564495481376208e-5,-8.881870676934103e-5,-4.073297602297558e-5,-0.00014142973909987792,-0.00015458287075536007,0.00013014871684913958,9.588949106477234e-5,0.0001324969775547091,-0.0001851924789402496,7.593007146927409e-5,6.465403599145521e-5,5.955454846254305e-5,0.00012814787198452092,0.0002937862408869509,-3.466297981447638e-5,-3.2115537375548844e-5,0.0002862381447590472,0.0007339431407475694,-0.00029214827751585984,0.00015547951226290671,-0.00016552575343312576,-3.581131938456178e-5,-0.00011807205839976666,-0.00016261005463534333,-0.0003162617889687098,0.00027828212237956143,0.00018175116099804857,0.00022325781406514107,-0.00022227727188588235,0.00016345165491382137,0.00024797599605794483,0.0001106321488560911,0.00023988327478590104,0.0005405286409027229,-3.984876057513818e-5,0.00032665302587209374,-0.00010712262864008004,-0.00029214827751585984,0.0010438626064706244,-0.00010566720256645293,0.000405858008783258,0.00043940246642437637,0.00044207468374207314,2.50682299907646e-6,0.0002664035485323378,-0.00044015525854962915,-0.0004193149617085914,-0.00011390719852363428,4.2035447921723346e-5,7.708078908259184e-5,-9.381534712743381e-5,-0.0002333576840434887,0.00020181067841970254,4.988422392824762e-5,9.16802259076215e-5,5.521869897254731e-5,3.9894502791710726e-5,0.00015547951226290671,-0.00010566720256645293,0.0003369424129792111,-1.0761815682766706e-6,7.090360610050145e-5,-6.006752953719333e-5,7.144193992723492e-5,-2.2428616899045745e-5,-4.936580396478784e-5,-0.00012834319298289545,2.9535996306929607e-6,-7.246374137632016e-5,0.00012923657573188217,4.298329767454851e-6,4.039918180593705e-5,0.00011277656341985913,7.359104979262557e-5,-2.8693485972550495e-5,0.00020491351756246054,-8.564495481376208e-5,-0.00016552575343312576,0.000405858008783258,-1.0761815682766706e-6,0.0004480957910748626,0.00032448225457612804,8.316331582667441e-5,-0.00012323593526202057,0.00014517040348332246,-0.0003119324232888197,-0.00018614883391628305,-0.00011865930600822221,-3.4946608035965904e-5,-3.140735234144078e-5,-0.00010550940641388824,-0.00013451570101041512,4.5264768399952586e-5,0.000563192767964353,6.587203977622768e-5,0.0001306310859012814,-8.881870676934103e-5,-3.581131938456178e-5,0.00043940246642437637,7.090360610050145e-5,0.00032448225457612804,0.0008473133674723559,0.00026196072547359726,-6.238975655407682e-5,0.00021498313070403855,-0.00043680953636723705,-0.00044393423618599496,-3.6295663749681314e-5,-2.0070485922879282e-5,0.00018822504110712574,-2.613641397344074e-5,-0.0001286744584212824,0.00025752313750212596,0.00041892398795819385,2.3431162051729274e-5,8.850625434833116e-5,-4.073297602297558e-5,-0.00011807205839976666,0.00044207468374207314,-6.006752953719333e-5,8.316331582667441e-5,0.00026196072547359726,0.0005049629576284853,3.9276049006957456e-5,6.263258976810126e-5,-0.0002501509358752039,-0.0002930529394819194,5.3150775340592014e-5,7.551626315624654e-5,6.70313933888266e-5,-6.86749914197359e-6,-0.00010356813753880217,0.00020142525750980843,-5.224627841324101e-6,0.0001882202368092911,2.8830315374357648e-5,-0.00014142973909987792,-0.00016261005463534333,2.50682299907646e-6,7.144193992723492e-5,-0.00012323593526202057,-6.238975655407682e-5,3.9276049006957456e-5,0.00048077504320828994,0.00010848133219635547,-9.892102439411593e-5,-0.00017496539078490036,-7.083807841081188e-5,0.00011730233565443626,3.773730635025672e-5,-0.00012037032144394911,-4.917108350824398e-5,3.6984541045258713e-6,6.030237633398917e-5,0.0001010883121957555,0.00010307356297826765,-0.00015458287075536007,-0.0003162617889687098,0.0002664035485323378,-2.2428616899045745e-5,0.00014517040348332246,0.00021498313070403855,6.263258976810126e-5,0.00010848133219635547,0.00047828986786887444,-0.00025700890019882074,-0.00020897435804989554,-0.0002523170549773361,0.00015212478497153356,4.1406894419281494e-5,-0.00013894172234342022,-8.020017755883719e-5,-1.8329683735477097e-5,-0.00013896005325361835,-0.00011248055672846902,-0.0002247942810568249,0.00013014871684913958,0.00027828212237956143,-0.00044015525854962915,-4.936580396478784e-5,-0.0003119324232888197,-0.00043680953636723705,-0.0002501509358752039,-9.892102439411593e-5,-0.00025700890019882074,0.0005666224727616347,0.00046186499626742097,0.0001340292115660298,-4.0231089974868405e-5,-9.419630767249007e-6,0.00022556498558595712,0.0001503122071840711,-0.00014178682644015752,-0.00028676788511473156,-0.00014081233783954955,-0.0002357025497457511,9.588949106477234e-5,0.00018175116099804857,-0.0004193149617085914,-0.00012834319298289545,-0.00018614883391628305,-0.00044393423618599496,-0.0002930529394819194,-0.00017496539078490036,-0.00020897435804989554,0.00046186499626742097,0.0007129445737295093,0.00011327277159011597,1.5005000842483697e-6,-0.00014400171023886739,0.00015727061687262193,0.00011748063538125983,-0.00033305836832380023,8.997223631727475e-5,-4.637368672341327e-5,-0.00011844211448543848,0.0001324969775547091,0.00022325781406514107,-0.00011390719852363428,2.9535996306929607e-6,-0.00011865930600822221,-3.6295663749681314e-5,5.3150775340592014e-5,-7.083807841081188e-5,-0.0002523170549773361,0.0001340292115660298,0.00011327277159011597,0.0003164865081424376,-9.353679104598732e-5,3.163872099364885e-5,0.00013780700837071367,7.011464747962704e-5,4.025387128140992e-5,-2.7612069883857445e-5,3.859458963319327e-5,-6.006435184796345e-5,-0.0001851924789402496,-0.00022227727188588235,4.2035447921723346e-5,-7.246374137632016e-5,-3.4946608035965904e-5,-2.0070485922879282e-5,7.551626315624654e-5,0.00011730233565443626,0.00015212478497153356,-4.0231089974868405e-5,1.5005000842483697e-6,-9.353679104598732e-5,0.00030329724715693154,-8.247374412928308e-5,-3.828839205572662e-5,1.6670051114821897e-5,-0.0001241400136988042,0.0003422687989514063,6.64035923447961e-5,1.4123158976585872e-5,7.593007146927409e-5,0.00016345165491382137,7.708078908259184e-5,0.00012923657573188217,-3.140735234144078e-5,0.00018822504110712574,6.70313933888266e-5,3.773730635025672e-5,4.1406894419281494e-5,-9.419630767249007e-6,-0.00014400171023886739,3.163872099364885e-5,-8.247374412928308e-5,0.00034258253429961217,0.00010833745329416744,4.4091063368229204e-6,0.00018596492464497918,0.00023689297945637868,-0.00010407325620664899,-0.00014373988351094717,6.465403599145521e-5,0.00024797599605794483,-9.381534712743381e-5,4.298329767454851e-6,-0.00010550940641388824,-2.613641397344074e-5,-6.86749914197359e-6,-0.00012037032144394911,-0.00013894172234342022,0.00022556498558595712,0.00015727061687262193,0.00013780700837071367,-3.828839205572662e-5,0.00010833745329416744,0.00033436269455022923,5.346218236381937e-5,4.168964143965247e-5,-0.00013215626584579126,-1.2926002707011025e-5,-8.240575062326359e-5,5.955454846254305e-5,0.0001106321488560911,-0.0002333576840434887,4.039918180593705e-5,-0.00013451570101041512,-0.0001286744584212824,-0.00010356813753880217,-4.917108350824398e-5,-8.020017755883719e-5,0.0001503122071840711,0.00011748063538125983,7.011464747962704e-5,1.6670051114821897e-5,4.4091063368229204e-6,5.346218236381937e-5,0.00022026645331330423,-5.229850161504575e-5,0.00045537819395745686,6.084833955486571e-5,0.0001673610173885348,0.00012814787198452092,0.00023988327478590104,0.00020181067841970254,0.00011277656341985913,4.5264768399952586e-5,0.00025752313750212596,0.00020142525750980843,3.6984541045258713e-6,-1.8329683735477097e-5,-0.00014178682644015752,-0.00033305836832380023,4.025387128140992e-5,-0.0001241400136988042,0.00018596492464497918,4.168964143965247e-5,-5.229850161504575e-5,0.000498806180802768
