0.019302859158802886,0.0014707929253524954,0.0005050809263483872,0.0011298429914610953,0.0006216986426410481,0.0012556649773743317,0.0004192390151474203,0.00012652222111661374,-0.0002203655590539445,0.0009684490365319126,0.0008183874940769931,0.00012720495253588715,0.001843380044084463,0.0013050375721490655,0.0016198473746273788,0.0016460000049096422,0.0010838191376428253,0.00509880488804164,0.000991565307588628,-0.00011386815994662137,0.0014707929253524954,0.019752144446312358,0.0008049065501762468,0.0010231470713011753,0.0009121792414710128,0.0023826608643432367,0.0008641251028406303,5.910638642086846e-5,-0.00013651480147763167,0.0006545916211702046,0.0019367206013661373,0.00041231811017233746,0.0023582651828235953,0.0014349469314790145,-0.0015276346222611542,0.00022808762621551355,0.0009842650769734183,0.002222426895495314,-0.0003225832953233477,0.00027058855526573974,0.0005050809263483872,0.0008049065501762468,0.002207340925427528,2.219453451234786e-5,-8.782307299610474e-5,0.0007762543576154284,0.00015607446938188562,0.00047624649077410576,-9.58823588312154e-5,0.00023733500545149923,0.0019018913261718414,0.0007759810827288907,0.0016972721316268228,0.0006072468599557222,0.0003635596021545185,0.00047527161199799984,-6.963745737689582e-5,0.0016831065447284197,5.43783852441738e-5,7.853406469450806e-5,0.0011298429914610953,0.0010231470713011753,2.219453451234786e-5,0.0044687460001353934,0.0007601007559862474,0.0016466104739309068,0.00027537504886761575,0.0007924127473146981,0.0003474595330582214,0.00023035231278079702,0.0017578915682940261,0.0008070774474423735,0.0016288413639353367,0.0008081383961723845,0.0005896292935319085,0.0007257647128775097,0.0006737433017592362,0.000277915796707418,-7.229036382217966e-7,0.000368505258954643,0.0006216986426410481,0.0009121792414710128,-8.782307299610474e-5,0.0007601007559862474,0.0018328588061469514,0.0006664629200607049,0.00016961796332484443,0.0005153735994389795,0.0002442659840811215,-8.86523143338048e-6,0.000570951355740399,-0.00010944129451149562,0.00026412026865162955,0.00028859536119762546,0.0009471159784749831,0.00035013024019271786,0.0005472889767015048,0.0006779921881321398,-0.00013236664574590643,0.0002234193201758017,0.0012556649773743317,0.0023826608643432367,0.0007762543576154284,0.0016466104739309068,0.0006664629200607049,0.007373396707610591,0.0008142908721882285,0.0007663540499883662,0.000120243155485674,-4.80317615327007e-5,0.003913614465978139,0.0006167142614524892,0.001700162319139105,0.0011758520695130913,0.0007334449897561921,0.0008618922881865252,0.0009153201936109704,0.001940587290810023,0.00047913695281321853,0.00043300567687957255,0.0004192390151474203,0.0008641251028406303,0.00015607446938188562,0.00027537504886761575,0.00016961796332484443,0.0008142908721882285,0.0062170656859785985,0.0006473066440307947,0.00015765659327093715,0.0007915074011679859,0.0014556108967164005,0.0005191955890247212,-0.0002624278449640025,0.0006235162607405089,0.0010117995959953944,0.0004804257564785506,0.0002536399929337601,0.0005621411203610777,1.1881136643160562e-5,0.0005215427775914641,0.00012652222111661374,5.910638642086846e-5,0.00047624649077410576,0.0007924127473146981,0.0005153735994389795,0.0007663540499883662,0.0006473066440307947,0.003506075059077703,0.00016539591093893912,-0.0004640228240347768,0.0018370200925293977,0.0008224336216614736,0.0008570298240761415,0.00038552243770853024,0.00037314195552976383,0.0002470040639104376,0.00022223401892434866,0.0015877554352342147,4.5931699394603624e-5,0.000433060428237833,-0.0002203655590539445,-0.00013651480147763167,-9.58823588312154e-5,0.0003474595330582214,0.0002442659840811215,0.000120243155485674,0.00015765659327093715,0.00016539591093893912,0.0016995707939438406,-0.00043160095189337876,0.0003068186150167255,-0.00010160240390716175,0.0011573214867023221,-0.0003218921890970107,0.00024232823913682892,1.3696918466337191e-5,8.814899776592762e-5,-3.991845734326396e-5,4.7171992492573043e-5,-0.00013502390136289801,0.0009684490365319126,0.0006545916211702046,0.00023733500545149923,0.00023035231278079702,-8.86523143338048e-6,-4.80317615327007e-5,0.0007915074011679859,-0.0004640228240347768,-0.00043160095189337876,0.007437750220306223,-0.0013370679037835074,0.00035820423100612784,6.860081442165705e-5,0.00014883540320240435,0.0008519442775859115,3.8369101062818106e-5,0.0004302686387151704,0.0011072725453354368,0.0002043887502347018,0.0002010029727912997,0.0008183874940769931,0.0019367206013661373,0.0019018913261718414,0.0017578915682940261,0.000570951355740399,0.003913614465978139,0.0014556108967164005,0.0018370200925293977,0.0003068186150167255,-0.0013370679037835074,0.023637315655580467,0.0011298065289034919,0.005574183653266314,0.003100438320385231,0.002579815898682926,0.00123413197329983,-0.0010026608338075031,0.00406612565711854,0.001142845522170127,0.0001378434024630979,0.00012720495253588715,0.00041231811017233746,0.0007759810827288907,0.0008070774474423735,-0.00010944129451149562,0.0006167142614524892,0.0005191955890247212,0.0008224336216614736,-0.00010160240390716175,0.00035820423100612784,0.0011298065289034919,0.0045817649374186,0.0008688177028416345,0.0007432196120615862,0.000171103422947773,0.0006598401981051421,0.00030695793429459005,0.0028270040472913446,-0.0001340931890511306,0.00047455543448003933,0.001843380044084463,0.0023582651828235953,0.0016972721316268228,0.0016288413639353367,0.00026412026865162955,0.001700162319139105,-0.0002624278449640025,0.0008570298240761415,0.0011573214867023221,6.860081442165705e-5,0.005574183653266314,0.0008688177028416345,0.02281321871149345,-5.515725743224578e-5,0.0007537497593262494,0.0017374378214830776,0.00017271470748176526,0.00167365084472944,0.0018223020329611458,-0.00020630584649417483,0.0013050375721490655,0.0014349469314790145,0.0006072468599557222,0.0008081383961723845,0.00028859536119762546,0.0011758520695130913,0.0006235162607405089,0.00038552243770853024,-0.0003218921890970107,0.00014883540320240435,0.003100438320385231,0.0007432196120615862,-5.515725743224578e-5,0.004807812657345742,-0.0004311952106749032,0.0002459632804898619,0.000983285000468571,0.0021186116879274557,7.595747335773488e-5,0.0003471328617195873,0.0016198473746273788,-0.0015276346222611542,0.0003635596021545185,0.0005896292935319085,0.0009471159784749831,0.0007334449897561921,0.0010117995959953944,0.00037314195552976383,0.00024232823913682892,0.0008519442775859115,0.002579815898682926,0.000171103422947773,0.0007537497593262494,-0.0004311952106749032,0.013702291063177753,0.00026386072561723653,-0.0005885618998514711,0.004637438602939217,0.0004916718252881715,0.0010543339719436273,0.0016460000049096422,0.00022808762621551355,0.00047527161199799984,0.0007257647128775097,0.00035013024019271786,0.0008618922881865252,0.0004804257564785506,0.0002470040639104376,1.3696918466337191e-5,3.8369101062818106e-5,0.00123413197329983,0.0006598401981051421,0.0017374378214830776,0.0002459632804898619,0.00026386072561723653,0.0030306124233260715,0.0003278442026600839,0.0014969992256520124,0.0003664399088442473,0.00015086110272088054,0.0010838191376428253,0.0009842650769734183,-6.963745737689582e-5,0.0006737433017592362,0.0005472889767015048,0.0009153201936109704,0.0002536399929337601,0.00022223401892434866,8.814899776592762e-5,0.0004302686387151704,-0.0010026608338075031,0.00030695793429459005,0.00017271470748176526,0.000983285000468571,-0.0005885618998514711,0.0003278442026600839,0.005060431096629592,0.0005167885784466484,-7.432292622855727e-5,0.00034563519820913146,0.00509880488804164,0.002222426895495314,0.0016831065447284197,0.000277915796707418,0.0006779921881321398,0.001940587290810023,0.0005621411203610777,0.0015877554352342147,-3.991845734326396e-5,0.0011072725453354368,0.00406612565711854,0.0028270040472913446,0.00167365084472944,0.0021186116879274557,0.004637438602939217,0.0014969992256520124,0.0005167885784466484,0.03331087799574481,0.0030578469841197452,0.0004559576113387744,0.000991565307588628,-0.0003225832953233477,5.43783852441738e-5,-7.229036382217966e-7,-0.00013236664574590643,0.00047913695281321853,1.1881136643160562e-5,4.5931699394603624e-5,4.7171992492573043e-5,0.0002043887502347018,0.001142845522170127,-0.0001340931890511306,0.0018223020329611458,7.595747335773488e-5,0.0004916718252881715,0.0003664399088442473,-7.432292622855727e-5,0.0030578469841197452,0.005444092759003193,0.00030548868706818796,-0.00011386815994662137,0.00027058855526573974,7.853406469450806e-5,0.000368505258954643,0.0002234193201758017,0.00043300567687957255,0.0005215427775914641,0.000433060428237833,-0.00013502390136289801,0.0002010029727912997,0.0001378434024630979,0.00047455543448003933,-0.00020630584649417483,0.0003471328617195873,0.0010543339719436273,0.00015086110272088054,0.00034563519820913146,0.0004559576113387744,0.00030548868706818796,0.0018504375476755186
