0.023182404593052493,-0.0015422013360946972,0.00042279829633235953,-0.0014272042431899405,0.0017463762394762633,0.0008882617997354111,0.003516186956448916,-0.00017617872978042091,-0.001589289509048378,-0.003158497612207682,0.006366566995697131,0.001010120368675419,0.0010258423589852752,0.001950895232466771,-0.001975782717711292,-0.0006877554941749786,0.0017867087506556736,0.0027459650127849345,-0.0011600292958802339,0.0006224684147517346,-0.0015422013360946972,0.02884409017898955,-0.0008787726402822446,0.003087419374620526,0.001144907752245649,0.00015518632302496903,0.00030606283652070124,0.005128890953828604,-0.00024900165457853677,-0.0013542102558661093,-0.0037593739615868855,0.0007127947544683293,0.0029714827680417267,-0.0012013927431475963,0.004356822843868759,-0.0005795477795450448,0.0032765058663266765,0.0014065661253074174,-0.00011293349267826472,-8.057795866695918e-5,0.00042279829633235953,-0.0008787726402822446,0.0066337409199825,-0.006818713172900362,0.0005508157387848207,0.0015135698823835508,-0.001920840472491165,-0.002342897919596864,-0.0018965775508179338,-0.0028880648014710684,0.009559971191609253,0.0004499634517848239,0.010230026359993448,0.0018599328665852297,0.015378034002965193,0.00025936890690240864,0.001809884460409202,0.008178363446774813,-0.004640146432731744,-0.003106403482643392,-0.0014272042431899405,0.003087419374620526,-0.006818713172900362,0.016066471734288306,-6.085417331426451e-5,-0.004152271469715783,0.0045541854030579365,0.003652248236500133,0.0046323846788957675,0.008466717403385353,-0.011079896417406844,-0.00021047858128297472,-0.015894340319600946,-0.0028325188215111295,-0.020942679042705505,0.0008211729677943078,-0.001696809382968296,-0.01200779140134003,0.008761545162542924,0.004618639418720276,0.0017463762394762633,0.001144907752245649,0.0005508157387848207,-6.085417331426451e-5,0.002091309791989292,-4.514533667496036e-5,0.0005612003671918392,-0.0002427229932359663,9.652448516214295e-5,-8.647952456287649e-5,0.00027429530546097653,-0.00010833876896823499,-0.0004968170424660874,0.00017799285577494868,0.0015609324711288977,-0.0007487667025571471,0.0003404443113508897,0.0017084586255824217,-0.0006856845291778654,5.1119477174916994e-5,0.0008882617997354111,0.00015518632302496903,0.0015135698823835508,-0.004152271469715783,-4.514533667496036e-5,0.006217116403449729,-0.0005395082997269552,-0.0016566777628581886,-0.002193471321049188,-0.0028771017130717804,0.005459236840042765,0.00014042174163869192,0.00341733144704264,-0.0005445450316664024,0.004990602784330099,-0.0006160011861165511,0.00140092662882044,-6.0983243032566154e-5,-0.0023031847797690616,-0.0009467188657141313,0.003516186956448916,0.00030606283652070124,-0.001920840472491165,0.0045541854030579365,0.0005612003671918392,-0.0005395082997269552,0.008281357356546346,-0.00041214849336935214,0.0009210390789016064,0.0007723155022137344,-0.001117973932179127,-0.0005302541269244558,-0.005687885276998135,-0.001671509990207898,-0.006079368364755837,-0.0005743770456640991,-6.697970214359761e-5,-0.006349405285049726,0.0036670600819010456,0.0017716501315547853,-0.00017617872978042091,0.005128890953828604,-0.002342897919596864,0.003652248236500133,-0.0002427229932359663,-0.0016566777628581886,-0.00041214849336935214,0.005795835901325478,0.0011678016005299595,0.002815390081944538,-0.005766339820268166,0.00023937289648826487,-9.818053795049032e-5,0.0008070581657680478,-0.004269806878854806,0.001094792212531818,-4.16156909374336e-5,-3.33691227049718e-5,0.0014659584915554635,0.0015621767361288048,-0.001589289509048378,-0.00024900165457853677,-0.0018965775508179338,0.0046323846788957675,9.652448516214295e-5,-0.002193471321049188,0.0009210390789016064,0.0011678016005299595,0.003219371417021316,0.0036990893035512623,-0.004537397496703675,0.00022946913636944454,-0.005198356349721862,9.135157794209507e-5,-0.007402138824982871,-1.8507787346300385e-5,-0.0016989005322402026,-0.0030845192743466088,0.0031807312955872023,0.0018600071099328752,-0.003158497612207682,-0.0013542102558661093,-0.0028880648014710684,0.008466717403385353,-8.647952456287649e-5,-0.0028771017130717804,0.0007723155022137344,0.002815390081944538,0.0036990893035512623,0.015439386311880547,-0.007294010653797284,0.0009716649385146251,-0.002143639640909793,0.0017845359772717957,-0.010216404472062488,0.0017366280427769075,-0.0017733591556502216,-0.006273053812731101,0.005086393539613685,0.00389797684023586,0.006366566995697131,-0.0037593739615868855,0.009559971191609253,-0.011079896417406844,0.00027429530546097653,0.005459236840042765,-0.001117973932179127,-0.005766339820268166,-0.004537397496703675,-0.007294010653797284,0.03773035030882581,0.0013093233908991024,0.014963760135740583,0.00020235702420548344,0.02663908213101583,-0.000347747221935226,0.005732842860851591,0.00511594139697936,-0.008065596656692552,-0.00446622723097938,0.001010120368675419,0.0007127947544683293,0.0004499634517848239,-0.00021047858128297472,-0.00010833876896823499,0.00014042174163869192,-0.0005302541269244558,0.00023937289648826487,0.00022946913636944454,0.0009716649385146251,0.0013093233908991024,0.0035578380465307964,0.0014474333711484428,0.0011679849508211605,0.00022042644419874633,0.00044500129278421245,-0.0001430635407759013,-0.00032027574153347044,-0.00024846445912401734,0.0006018568834347317,0.0010258423589852752,0.0029714827680417267,0.010230026359993448,-0.015894340319600946,-0.0004968170424660874,0.00341733144704264,-0.005687885276998135,-9.818053795049032e-5,-0.005198356349721862,-0.002143639640909793,0.014963760135740583,0.0014474333711484428,0.04657412712605001,0.007173744320820059,0.03654300544053947,0.0016782002972404557,0.004588454605343871,0.01771946028042131,-0.01104408440334502,-0.005234361997423866,0.001950895232466771,-0.0012013927431475963,0.0018599328665852297,-0.0028325188215111295,0.00017799285577494868,-0.0005445450316664024,-0.001671509990207898,0.0008070581657680478,9.135157794209507e-5,0.0017845359772717957,0.00020235702420548344,0.0011679849508211605,0.007173744320820059,0.006584416719077356,0.003117200994636022,0.0014002331212598757,-0.0013211415244276956,0.006911310218624296,-0.0017698929094562925,-0.00010399146248024128,-0.001975782717711292,0.004356822843868759,0.015378034002965193,-0.020942679042705505,0.0015609324711288977,0.004990602784330099,-0.006079368364755837,-0.004269806878854806,-0.007402138824982871,-0.010216404472062488,0.02663908213101583,0.00022042644419874633,0.03654300544053947,0.003117200994636022,0.06605930967702062,-0.0017600974279492307,0.005801968538124541,0.015587136407136524,-0.015734048814922973,-0.007825148792000977,-0.0006877554941749786,-0.0005795477795450448,0.00025936890690240864,0.0008211729677943078,-0.0007487667025571471,-0.0006160011861165511,-0.0005743770456640991,0.001094792212531818,-1.8507787346300385e-5,0.0017366280427769075,-0.000347747221935226,0.00044500129278421245,0.0016782002972404557,0.0014002331212598757,-0.0017600974279492307,0.0034619973015925427,0.00015560788139893915,0.0020742725664656195,0.00046140202320940713,-0.00021837123020251178,0.0017867087506556736,0.0032765058663266765,0.001809884460409202,-0.001696809382968296,0.0003404443113508897,0.00140092662882044,-6.697970214359761e-5,-4.16156909374336e-5,-0.0016989005322402026,-0.0017733591556502216,0.005732842860851591,-0.0001430635407759013,0.004588454605343871,-0.0013211415244276956,0.005801968538124541,0.00015560788139893915,0.0063750198886017,0.001797445077519876,-0.0018569033337334459,-0.0016614222419310699,0.0027459650127849345,0.0014065661253074174,0.008178363446774813,-0.01200779140134003,0.0017084586255824217,-6.0983243032566154e-5,-0.006349405285049726,-3.33691227049718e-5,-0.0030845192743466088,-0.006273053812731101,0.00511594139697936,-0.00032027574153347044,0.01771946028042131,0.006911310218624296,0.015587136407136524,0.0020742725664656195,0.001797445077519876,0.04457839246131731,-0.007822940042314448,-0.006475437447987908,-0.0011600292958802339,-0.00011293349267826472,-0.004640146432731744,0.008761545162542924,-0.0006856845291778654,-0.0023031847797690616,0.0036670600819010456,0.0014659584915554635,0.0031807312955872023,0.005086393539613685,-0.008065596656692552,-0.00024846445912401734,-0.01104408440334502,-0.0017698929094562925,-0.015734048814922973,0.00046140202320940713,-0.0018569033337334459,-0.007822940042314448,0.009989416486754495,0.0031423296378741477,0.0006224684147517346,-8.057795866695918e-5,-0.003106403482643392,0.004618639418720276,5.1119477174916994e-5,-0.0009467188657141313,0.0017716501315547853,0.0015621767361288048,0.0018600071099328752,0.00389797684023586,-0.00446622723097938,0.0006018568834347317,-0.005234361997423866,-0.00010399146248024128,-0.007825148792000977,-0.00021837123020251178,-0.0016614222419310699,-0.006475437447987908,0.0031423296378741477,0.004258285468188053
0.017445060714833416,0.004773815726469795,0.0017017709519520645,-0.000637448919979283,0.0008074323034849785,0.0003909304006841991,0.00047394328292526026,0.0002913471694943028,0.0009084961732647378,0.0012020613027571357,-0.002575379107186291,0.0007632502572526233,0.0020673588667274915,-4.209467781939199e-6,0.0008087193819060264,0.0013336006366612928,0.001052033706702681,0.00014515842324409536,0.0024908212281366093,0.0008299692184450808,0.004773815726469795,0.0222319840419609,0.00017895813824590615,-0.0006606497416309036,0.0018339203577528106,0.0015825149515545315,0.0037669905919032933,0.00030463195869749696,0.0021648415517007144,0.002559964021060339,-0.00025654939219585415,0.0009998870216549735,0.0019909735378353405,-0.0008851280926891762,0.0004485081000791842,0.001177232754747454,0.0022589151598401305,0.005726206514660229,0.00018878522856591561,0.00045118358197048934,0.0017017709519520645,0.00017895813824590615,0.00244196711639821,-2.5097995161370102e-5,0.00019544721828796546,0.0006072193268700615,9.260569078172205e-7,0.0007193642004687832,0.00014268613301741392,0.00015377732392899378,-0.0006575733913397506,0.0009463751788410433,0.00111801751586849,0.0001610709791243791,-0.00024503871896205324,0.0005496340835282525,0.00021228272821251866,-0.001296013418777228,0.0004824274426877789,0.0003463843848950317,-0.000637448919979283,-0.0006606497416309036,-2.5097995161370102e-5,0.003989851845279202,0.000646780712746779,0.0021374300553074622,-4.476354578601284e-5,0.0007551387988812372,0.000516216672830228,-0.0003864448283127614,0.001544730453849426,0.00039444427308762443,0.0011483847063993636,0.001234954217148507,0.0005273787297175301,0.0005760262074700603,0.0014358722018778098,0.0010687176884994634,-0.0003615663326441569,0.0009696405155721426,0.0008074323034849785,0.0018339203577528106,0.00019544721828796546,0.000646780712746779,0.001733320707253686,0.0012348985567487087,0.0012512013379679862,0.0005456457809916429,0.0006061211511666016,0.00020796654520847935,0.0014463707805525711,0.0007060831327702483,0.0006720266127846259,0.00018308352027193543,0.001162106493398559,0.0007233523314730468,0.0009108192315935283,0.0019038151317134068,0.0005768026300473065,0.000552286451927372,0.0003909304006841991,0.0015825149515545315,0.0006072193268700615,0.0021374300553074622,0.0012348985567487087,0.00877728763915386,0.0024515384051937263,0.0013452977374362087,0.0013644347639767147,-0.00027875335704024434,0.004396265774005823,0.0013710751710065351,0.0012137473554066146,0.0017182808130419376,0.0017832278190417074,0.0016338289358169057,0.0028559468808798637,0.002804874593164009,0.0007107223573730639,0.0020371877977045125,0.00047394328292526026,0.0037669905919032933,9.260569078172205e-7,-4.476354578601284e-5,0.0012512013379679862,0.0024515384051937263,0.007922723227717643,0.0012568805889923724,0.001427466575383101,-0.00020934399806097042,0.004397352936235796,0.0009547882904336702,0.0020044912908326446,0.0006724719407162484,0.0011440806174048376,0.0010806647081337895,0.0017452178489271403,0.004864856290741925,0.0010842305182755048,0.0010045975237361392,0.0002913471694943028,0.00030463195869749696,0.0007193642004687832,0.0007551387988812372,0.0005456457809916429,0.0013452977374362087,0.0012568805889923724,0.003832299986555514,0.0006947771340805882,-0.0011297904411435968,0.0021326536029051112,0.0008648244060100446,0.001166542841182762,0.00018584824704296634,0.0012489202024834434,0.0006486666122851687,0.0008480033990672779,0.0016350422418292604,0.0002463179932327999,0.0012751277396504579,0.0009084961732647378,0.0021648415517007144,0.00014268613301741392,0.000516216672830228,0.0006061211511666016,0.0013644347639767147,0.001427466575383101,0.0006947771340805882,0.002222659459951989,-0.00032822901857392336,0.0022363552074996912,0.000682486459055974,0.0009456585325797805,0.0005608983721140799,0.001552025595838856,0.00035839850838032526,0.0008085570351040393,0.002850437199924753,0.000261994735670903,0.0006367570709905792,0.0012020613027571357,0.002559964021060339,0.00015377732392899378,-0.0003864448283127614,0.00020796654520847935,-0.00027875335704024434,-0.00020934399806097042,-0.0011297904411435968,-0.00032822901857392336,0.0077718673281064205,-0.0021879957190142725,-0.0011276476452210906,0.000489390597738404,-0.0015154434525392244,0.0013511438474540461,6.136798120496873e-5,-0.000988081655707758,0.000697241702437294,0.00025813707326888084,-0.0007298430258101511,-0.002575379107186291,-0.00025654939219585415,-0.0006575733913397506,0.001544730453849426,0.0014463707805525711,0.004396265774005823,0.004397352936235796,0.0021326536029051112,0.0022363552074996912,-0.0021879957190142725,0.02563331647939806,0.0012474277380601084,0.003422288159709256,0.002461649644730045,0.005611929095458865,0.0007361208286953917,0.0009137208710423602,0.00608448723581736,0.0026920106251831465,0.002511454579087041,0.0007632502572526233,0.0009998870216549735,0.0009463751788410433,0.00039444427308762443,0.0007060831327702483,0.0013710751710065351,0.0009547882904336702,0.0008648244060100446,0.000682486459055974,-0.0011276476452210906,0.0012474277380601084,0.00508731735408335,-0.00023284847699452704,0.0008109855311008636,-0.0003548825822898982,0.0005331036679624348,0.0014596124882098917,0.0024539250375295554,0.0005183395752118942,0.000864867215898024,0.0020673588667274915,0.0019909735378353405,0.00111801751586849,0.0011483847063993636,0.0006720266127846259,0.0012137473554066146,0.0020044912908326446,0.001166542841182762,0.0009456585325797805,0.000489390597738404,0.003422288159709256,-0.00023284847699452704,0.019125380598167596,-0.00034561057025325444,0.0002892985585441119,0.0008161026742998444,0.0015025812948606036,-0.0016612373250123587,-0.00034074823239676935,0.0007191855495529106,-4.209467781939199e-6,-0.0008851280926891762,0.0001610709791243791,0.001234954217148507,0.00018308352027193543,0.0017182808130419376,0.0006724719407162484,0.00018584824704296634,0.0005608983721140799,-0.0015154434525392244,0.002461649644730045,0.0008109855311008636,-0.00034561057025325444,0.005285832130473893,-0.00016848702877905584,0.00012184381668003128,0.002292061734668409,0.0014281245553894723,0.00030472850890215646,0.0009534658886552158,0.0008087193819060264,0.0004485081000791842,-0.00024503871896205324,0.0005273787297175301,0.001162106493398559,0.0017832278190417074,0.0011440806174048376,0.0012489202024834434,0.001552025595838856,0.0013511438474540461,0.005611929095458865,-0.0003548825822898982,0.0002892985585441119,-0.00016848702877905584,0.014509564030947554,0.000487141054702333,-0.0010442094318257695,0.006845938564123395,0.0017497749174504753,0.000802447535536763,0.0013336006366612928,0.001177232754747454,0.0005496340835282525,0.0005760262074700603,0.0007233523314730468,0.0016338289358169057,0.0010806647081337895,0.0006486666122851687,0.00035839850838032526,6.136798120496873e-5,0.0007361208286953917,0.0005331036679624348,0.0008161026742998444,0.00012184381668003128,0.000487141054702333,0.0026083105545740286,0.0008116497156769296,0.0010067928378682811,0.00048517177416929774,0.0006039343119961267,0.001052033706702681,0.0022589151598401305,0.00021228272821251866,0.0014358722018778098,0.0009108192315935283,0.0028559468808798637,0.0017452178489271403,0.0008480033990672779,0.0008085570351040393,-0.000988081655707758,0.0009137208710423602,0.0014596124882098917,0.0015025812948606036,0.002292061734668409,-0.0010442094318257695,0.0008116497156769296,0.00677692613160579,0.0013082547599490065,0.0003510876458012145,0.001965710565068308,0.00014515842324409536,0.005726206514660229,-0.001296013418777228,0.0010687176884994634,0.0019038151317134068,0.002804874593164009,0.004864856290741925,0.0016350422418292604,0.002850437199924753,0.000697241702437294,0.00608448723581736,0.0024539250375295554,-0.0016612373250123587,0.0014281245553894723,0.006845938564123395,0.0010067928378682811,0.0013082547599490065,0.03458301784028766,0.0018030081645811825,0.0013784578677538272,0.0024908212281366093,0.00018878522856591561,0.0004824274426877789,-0.0003615663326441569,0.0005768026300473065,0.0007107223573730639,0.0010842305182755048,0.0002463179932327999,0.000261994735670903,0.00025813707326888084,0.0026920106251831465,0.0005183395752118942,-0.00034074823239676935,0.00030472850890215646,0.0017497749174504753,0.00048517177416929774,0.0003510876458012145,0.0018030081645811825,0.0051855412603370775,0.0005423663675938578,0.0008299692184450808,0.00045118358197048934,0.0003463843848950317,0.0009696405155721426,0.000552286451927372,0.0020371877977045125,0.0010045975237361392,0.0012751277396504579,0.0006367570709905792,-0.0007298430258101511,0.002511454579087041,0.000864867215898024,0.0007191855495529106,0.0009534658886552158,0.000802447535536763,0.0006039343119961267,0.001965710565068308,0.0013784578677538272,0.0005423663675938578,0.0026135159840234416
0.03167050753234351,-0.004002911461696576,-0.0004902880043482897,-0.0002020489586520294,-6.035164792453904e-6,0.008105239844132925,0.0019329420574734902,0.0033500200531291716,0.00073165717836554,0.0064174634319813075,0.00925412716307029,-0.002160355560175715,-0.0035340818924422934,0.004624814942006871,0.004782893756199895,0.0017192800573620833,0.007020647022395769,0.023084888760885113,-6.936510254122628e-5,-0.004889766359618713,-0.004002911461696576,0.031161285632277384,0.0010591260985385574,0.0054393573806344395,-0.00254884501232269,0.00217105153255793,0.002945349575243031,-0.0011714843500915198,-0.0007258369496788563,-0.001950964428803412,0.004449048637962071,0.0008433731688616318,0.01098523383821412,0.0018293632664010493,-0.000496531266575553,-0.002829792733575901,-0.003908538894913172,0.003990788138455739,0.005512143134311125,0.0013453076779733192,-0.0004902880043482897,0.0010591260985385574,0.003455277037438432,0.0018773439896094916,-0.0007594045171423734,0.0002464795658307098,0.000688883376270204,0.0010880588235047347,-0.00012147204641653806,0.0007679032622451983,0.0030605596287763574,-0.0009566542273053768,-0.0007779823716571696,0.00030791282089608166,-0.0003577804235015749,0.0006471822847012487,-0.0009205021936702891,-0.00019561977258270946,-0.0007303689579152899,0.001100146231344957,-0.0002020489586520294,0.0054393573806344395,0.0018773439896094916,0.009303215591966642,-0.0007385987221177749,0.005156199916576101,0.00492175238118188,-0.0007733626514765933,0.0021977018099597736,0.0019485521845057936,-0.0011380572563999235,-0.00020626293210702638,0.00647110862519595,0.002919502966857922,0.004677297884167448,-0.0005836110980652337,1.4080755712343581e-5,0.006135467603446203,0.003413198451976288,-0.0002451989761829793,-6.035164792453904e-6,-0.00254884501232269,-0.0007594045171423734,-0.0007385987221177749,0.002300895966119525,0.0006866165644913323,-0.0005402538742056807,-0.00038313536861751796,0.0008186647311793725,0.00015000369583210467,-0.0016876434507734524,0.0003895080451857639,0.0004244062834425005,0.0004272800824247253,0.0013413178698112598,0.0008688519532459812,0.0011748996478902272,0.00010996225717036233,-0.0007158905368488072,-0.0004479335677327551,0.008105239844132925,0.00217105153255793,0.0002464795658307098,0.005156199916576101,0.0006866165644913323,0.012486231213922304,0.004722867286210682,0.0010192656187538245,0.0029699944558051992,0.0020845980050525556,0.00022743544398539598,-0.00043954917782415597,0.006117120771765886,0.0045191293310143325,0.006569740179843384,-0.0009039889168996192,0.0024191781149607745,0.014938558289666377,0.00356505066961191,-0.002717635242045515,0.0019329420574734902,0.002945349575243031,0.000688883376270204,0.00492175238118188,-0.0005402538742056807,0.004722867286210682,0.010355248330246272,0.0013246466491485735,0.0023161297457988273,0.0031554994589968804,-0.0005266232805389658,0.0007377633633962356,0.001347446299852821,0.0023373757569405762,0.0028921897295292164,8.546217231900378e-5,0.001661003532020529,0.005363415001812583,0.0008335392736611284,-0.0017996297213846069,0.0033500200531291716,-0.0011714843500915198,0.0010880588235047347,-0.0007733626514765933,-0.00038313536861751796,0.0010192656187538245,0.0013246466491485735,0.004398365093012745,-0.0004446742220274414,0.0013943670976546121,0.004557053029145245,-0.0001979430162495551,-0.0029165995206744378,0.0004062248386547499,-0.0002836589839975209,0.00035635223197606996,0.0006974157656941141,0.0028089557289824145,-0.0006156019785520816,-0.0004769247478969263,0.00073165717836554,-0.0007258369496788563,-0.00012147204641653806,0.0021977018099597736,0.0008186647311793725,0.0029699944558051992,0.0023161297457988273,-0.0004446742220274414,0.0025976313949422195,0.0010909395772247588,-0.001960513614303305,0.0005044285270053778,0.0022129099753735483,0.0013400057593788487,0.0030525476822667206,4.626129982298674e-5,0.001067188954911147,0.0028990300952741726,0.0006521537963472635,-0.0009275729768725338,0.0064174634319813075,-0.001950964428803412,0.0007679032622451983,0.0019485521845057936,0.00015000369583210467,0.0020845980050525556,0.0031554994589968804,0.0013943670976546121,0.0010909395772247588,0.010225660405877194,0.0004783290821385463,-0.00039476430048068605,-0.005999650616085883,0.0023400288249109296,0.0026614382478379545,0.0003646223787483119,0.002345269013462324,0.007217001218448793,-0.0011379133551204495,-0.000895079009434583,0.00925412716307029,0.004449048637962071,0.0030605596287763574,-0.0011380572563999235,-0.0016876434507734524,0.00022743544398539598,-0.0005266232805389658,0.004557053029145245,-0.001960513614303305,0.0004783290821385463,0.02324937480971313,-0.0020777252418745546,-0.003245490876215836,0.0007030078430440997,-0.0009048937690684497,0.0008413426512057808,0.0010724090615803366,0.008153981883813794,-0.001942735948138008,0.00019456210486968933,-0.002160355560175715,0.0008433731688616318,-0.0009566542273053768,-0.00020626293210702638,0.0003895080451857639,-0.00043954917782415597,0.0007377633633962356,-0.0001979430162495551,0.0005044285270053778,-0.00039476430048068605,-0.0020777252418745546,0.004346266845080068,0.0030430124677182607,-0.000250404595072761,-0.00014938740400429786,-0.00012233279622408548,-0.00042421800828076894,-0.0026958403251593124,0.0002814278881715667,-7.04632395713774e-5,-0.0035340818924422934,0.01098523383821412,-0.0007779823716571696,0.00647110862519595,0.0004244062834425005,0.006117120771765886,0.001347446299852821,-0.0029165995206744378,0.0022129099753735483,-0.005999650616085883,-0.003245490876215836,0.0030430124677182607,0.03335103601297655,0.0033653158073505855,0.002864480579929993,-0.00012932958226678922,-0.0020899584517513675,0.001979296662755179,0.007601097508347075,-9.8955353987061e-5,0.004624814942006871,0.0018293632664010493,0.00030791282089608166,0.002919502966857922,0.0004272800824247253,0.0045191293310143325,0.0023373757569405762,0.0004062248386547499,0.0013400057593788487,0.0023400288249109296,0.0007030078430440997,-0.000250404595072761,0.0033653158073505855,0.006313561445848584,0.004999376045496167,0.000748009741059145,0.00242355836387327,0.007572099179389418,0.0016777355707881386,-0.0004520849988956955,0.004782893756199895,-0.000496531266575553,-0.0003577804235015749,0.004677297884167448,0.0013413178698112598,0.006569740179843384,0.0028921897295292164,-0.0002836589839975209,0.0030525476822667206,0.0026614382478379545,-0.0009048937690684497,-0.00014938740400429786,0.002864480579929993,0.004999376045496167,0.01909687490619082,0.00032790351507033344,0.002790430183123441,0.012485343274145992,0.0037924135680854378,-0.0012532865064900946,0.0017192800573620833,-0.002829792733575901,0.0006471822847012487,-0.0005836110980652337,0.0008688519532459812,-0.0009039889168996192,8.546217231900378e-5,0.00035635223197606996,4.626129982298674e-5,0.0003646223787483119,0.0008413426512057808,-0.00012233279622408548,-0.00012932958226678922,0.000748009741059145,0.00032790351507033344,0.005130891315248852,0.0019376720391967122,-0.0018816666602914965,-0.0014903790123452529,0.0008572279777328364,0.007020647022395769,-0.003908538894913172,-0.0009205021936702891,1.4080755712343581e-5,0.0011748996478902272,0.0024191781149607745,0.001661003532020529,0.0006974157656941141,0.001067188954911147,0.002345269013462324,0.0010724090615803366,-0.00042421800828076894,-0.0020899584517513675,0.00242355836387327,0.002790430183123441,0.0019376720391967122,0.008172334285020786,0.008635696049226092,-0.0001697031147339817,-0.00238918496463135,0.023084888760885113,0.003990788138455739,-0.00019561977258270946,0.006135467603446203,0.00010996225717036233,0.014938558289666377,0.005363415001812583,0.0028089557289824145,0.0028990300952741726,0.007217001218448793,0.008153981883813794,-0.0026958403251593124,0.001979296662755179,0.007572099179389418,0.012485343274145992,-0.0018816666602914965,0.008635696049226092,0.052787239693724515,0.006749881125304516,-0.005571127102453544,-6.936510254122628e-5,0.005512143134311125,-0.0007303689579152899,0.003413198451976288,-0.0007158905368488072,0.00356505066961191,0.0008335392736611284,-0.0006156019785520816,0.0006521537963472635,-0.0011379133551204495,-0.001942735948138008,0.0002814278881715667,0.007601097508347075,0.0016777355707881386,0.0037924135680854378,-0.0014903790123452529,-0.0001697031147339817,0.006749881125304516,0.007943663163697986,-0.0006377473595713203,-0.004889766359618713,0.0013453076779733192,0.001100146231344957,-0.0002451989761829793,-0.0004479335677327551,-0.002717635242045515,-0.0017996297213846069,-0.0004769247478969263,-0.0009275729768725338,-0.000895079009434583,0.00019456210486968933,-7.04632395713774e-5,-9.8955353987061e-5,-0.0004520849988956955,-0.0012532865064900946,0.0008572279777328364,-0.00238918496463135,-0.005571127102453544,-0.0006377473595713203,0.003637582296932685
