0.00594965641368344,0.00020435669298359671,-0.0008923012241053799,-0.00015317290360839013,-0.000417704734671884,0.0012141856892911866,-0.0013564288591824615,0.0016201050796661588,0.0003099343338573568,0.0001761295905615088,0.0010815581468722542,-0.0019474010108442037,-0.00033209547130828485,0.0021400290450817394,-0.0012046752987822072,-1.478381085413832e-5,0.00010842198611481829,-0.0001883511356069218,0.00044473103616353345,0.003741496270753779,0.00020435669298359671,0.005101561560287163,0.0005262987688836058,-5.372285981986415e-5,-0.0002884945213369249,-0.0015908646304459916,-0.0006889291107611856,-0.0009813437684409257,0.0025181743959604547,0.0006229989516719994,0.0010660474234830413,-0.0004431045894830924,-0.0019501255939946244,0.00036839483309113153,-0.0009011894987098834,-0.00048640215321940215,7.858811372632306e-5,-0.0005348003816855501,-0.0002962051380944537,-0.00012663630924122663,-0.0008923012241053799,0.0005262987688836058,0.002583365988256681,0.00028088608370842625,0.00042207873656965097,-0.00016071146613780285,0.001995811357961813,0.000391760468923319,0.0012085778583800946,0.0004633753178860973,-7.661719948061254e-5,0.0014487729397131403,0.0003753837130756587,-8.73445939167291e-6,0.0010274162990030714,0.0006132040425038854,5.535314913895749e-5,0.0002609758901105816,0.0007630957421601976,0.0004408592417862776,-0.00015317290360839013,-5.372285981986415e-5,0.00028088608370842625,0.0025181683655456366,0.0005118407710039946,0.0008715715453830041,0.0018018351129615584,-0.0005334261158927761,-0.0017458650884740433,0.0004846498584400403,0.0004545226295591005,0.0009868573712577015,0.0017404237238294506,0.000318997346308375,0.001676126036675077,0.0004479390835232343,0.0005978746560714916,0.0006949731008584834,0.001248408460072771,0.0007553680194329331,-0.000417704734671884,-0.0002884945213369249,0.00042207873656965097,0.0005118407710039946,0.005640552146812739,0.000277827982494695,0.0022544710746484403,0.002056747720806715,0.001006262779321876,0.0010888060404751895,0.0011310230765287283,0.0007231706701366307,0.0015206727180193085,0.0003886095679085702,0.004095753060448984,0.0016935269092526002,0.0004102706325775113,0.0008078456390539948,0.000814251308840636,-0.002327717924293547,0.0012141856892911866,-0.0015908646304459916,-0.00016071146613780285,0.0008715715453830041,0.000277827982494695,0.021402345531182983,0.006948923105919446,0.001426196728689319,-0.0010227563131640029,9.550654821980698e-6,0.0003521021570450637,0.001870846131065665,-0.0005276579479003263,0.0002373446651621559,0.0036091760124598027,0.0022460934851709674,0.0014460936423795858,0.00045702765888130725,0.0012490397779146732,-0.0017143861979266538,-0.0013564288591824615,-0.0006889291107611856,0.001995811357961813,0.0018018351129615584,0.0022544710746484403,0.006948923105919446,0.036332475531723286,0.0019491245321389427,-5.744038572389333e-5,0.0015378162566306525,-0.0013480211272217989,0.006339503605666357,0.0022754529748529526,-0.0007534437686615524,0.009499507662498456,0.0006474389062685797,0.002547476524204649,0.0028260070483246175,0.002907006804354363,-0.0011306969573782258,0.0016201050796661588,-0.0009813437684409257,0.000391760468923319,-0.0005334261158927761,0.002056747720806715,0.001426196728689319,0.0019491245321389427,0.023519994869811992,0.0008377758982077408,0.000963548293643444,0.00013419177715099403,0.0019412712606768539,0.0005430237702036165,0.0018787258728322873,0.00022043844644654715,0.0009935589997705355,-6.881605327186356e-6,0.0013731265035044978,-6.157951752231187e-7,0.0013576992690165844,0.0003099343338573568,0.0025181743959604547,0.0012085778583800946,-0.0017458650884740433,0.001006262779321876,-0.0010227563131640029,-5.744038572389333e-5,0.0008377758982077408,0.01869323874361363,0.0027381553072563024,-9.581526057186548e-5,0.004088090975066212,-0.003033631980330124,0.00046293687706439675,5.4620652569221766e-5,0.00012427205049797834,-0.00026871983361397776,-3.279768990578592e-6,-0.0014891901015017701,0.0030344882579981867,0.0001761295905615088,0.0006229989516719994,0.0004633753178860973,0.0004846498584400403,0.0010888060404751895,9.550654821980698e-6,0.0015378162566306525,0.000963548293643444,0.0027381553072563024,0.003833590473095267,0.0005255751759099879,0.0007435506414358061,0.0015928799259022196,0.0005098282830316352,0.0016933478540808074,2.2331383942849302e-5,0.00038155106132119925,0.0009718960976161093,0.00026140967688808106,0.002096080381396316,0.0010815581468722542,0.0010660474234830413,-7.661719948061254e-5,0.0004545226295591005,0.0011310230765287283,0.0003521021570450637,-0.0013480211272217989,0.00013419177715099403,-9.581526057186548e-5,0.0005255751759099879,0.0054528260345765136,-0.0018279876732826407,0.000728579320061409,0.000626651005439735,0.0016725989957436654,0.001272670071408821,0.00023665472771910214,-0.00011433887783497159,0.0004551609908659269,-4.0010421519746237e-8,-0.0019474010108442037,-0.0004431045894830924,0.0014487729397131403,0.0009868573712577015,0.0007231706701366307,0.001870846131065665,0.006339503605666357,0.0019412712606768539,0.004088090975066212,0.0007435506414358061,-0.0018279876732826407,0.02026310735192032,0.0009764472228174074,-0.0008172891483285263,0.003990887674391035,0.001390685503714874,0.0006065670453205287,0.0017566000584784062,-0.0005477304940315816,-0.0022114022961870466,-0.00033209547130828485,-0.0019501255939946244,0.0003753837130756587,0.0017404237238294506,0.0015206727180193085,-0.0005276579479003263,0.0022754529748529526,0.0005430237702036165,-0.003033631980330124,0.0015928799259022196,0.000728579320061409,0.0009764472228174074,0.010870480032850382,0.0006689610348531902,0.0044655195099818305,0.0020468382418643433,0.0007736129406453426,0.001852359294780143,0.0010173165439227427,0.0019865079068948316,0.0021400290450817394,0.00036839483309113153,-8.73445939167291e-6,0.000318997346308375,0.0003886095679085702,0.0002373446651621559,-0.0007534437686615524,0.0018787258728322873,0.00046293687706439675,0.0005098282830316352,0.000626651005439735,-0.0008172891483285263,0.0006689610348531902,0.004063680640597948,0.0010163791984066557,0.00046070895579488177,-2.9135784988874614e-5,0.0001030376118446097,0.00034229782706530197,0.002480038000621819,-0.0012046752987822072,-0.0009011894987098834,0.0010274162990030714,0.001676126036675077,0.004095753060448984,0.0036091760124598027,0.009499507662498456,0.00022043844644654715,5.4620652569221766e-5,0.0016933478540808074,0.0016725989957436654,0.003990887674391035,0.0044655195099818305,0.0010163791984066557,0.039069379388257594,0.005159352957110001,0.001603319961791545,0.0030917036398478074,0.0014238748875910685,-0.004434646913790776,-1.478381085413832e-5,-0.00048640215321940215,0.0006132040425038854,0.0004479390835232343,0.0016935269092526002,0.0022460934851709674,0.0006474389062685797,0.0009935589997705355,0.00012427205049797834,2.2331383942849302e-5,0.001272670071408821,0.001390685503714874,0.0020468382418643433,0.00046070895579488177,0.005159352957110001,0.0072538007070845,0.0006891135491269014,0.0006066663513041989,0.0008037967169841277,-0.0038314311681725763,0.00010842198611481829,7.858811372632306e-5,5.535314913895749e-5,0.0005978746560714916,0.0004102706325775113,0.0014460936423795858,0.002547476524204649,-6.881605327186356e-6,-0.00026871983361397776,0.00038155106132119925,0.00023665472771910214,0.0006065670453205287,0.0007736129406453426,-2.9135784988874614e-5,0.001603319961791545,0.0006891135491269014,0.001563278128196234,0.00040678121820341816,0.00033907781495119,-0.000578347753034119,-0.0001883511356069218,-0.0005348003816855501,0.0002609758901105816,0.0006949731008584834,0.0008078456390539948,0.00045702765888130725,0.0028260070483246175,0.0013731265035044978,-3.279768990578592e-6,0.0009718960976161093,-0.00011433887783497159,0.0017566000584784062,0.001852359294780143,0.0001030376118446097,0.0030917036398478074,0.0006066663513041989,0.00040678121820341816,0.002634818824829906,0.0002806579988088464,0.0002538480518271232,0.00044473103616353345,-0.0002962051380944537,0.0007630957421601976,0.001248408460072771,0.000814251308840636,0.0012490397779146732,0.002907006804354363,-6.157951752231187e-7,-0.0014891901015017701,0.00026140967688808106,0.0004551609908659269,-0.0005477304940315816,0.0010173165439227427,0.00034229782706530197,0.0014238748875910685,0.0008037967169841277,0.00033907781495119,0.0002806579988088464,0.004890550264977237,0.002166891085194816,0.003741496270753779,-0.00012663630924122663,0.0004408592417862776,0.0007553680194329331,-0.002327717924293547,-0.0017143861979266538,-0.0011306969573782258,0.0013576992690165844,0.0030344882579981867,0.002096080381396316,-4.0010421519746237e-8,-0.0022114022961870466,0.0019865079068948316,0.002480038000621819,-0.004434646913790776,-0.0038314311681725763,-0.000578347753034119,0.0002538480518271232,0.002166891085194816,0.03563226006538839
0.004095101068516514,-0.0004881208056823061,0.0004149410682024093,0.00048400125218624684,-0.0012203748289946349,0.0018812767289697408,8.923456997078504e-5,0.001294871760286733,-0.00026606366638626483,4.019541227580138e-5,-0.0005637548572632344,0.0009095409856759931,-0.0006246958732417689,0.0006123298154835665,-0.0004292053523800134,0.0004422717411819935,-9.785463842542307e-5,0.0007383870527079582,0.0003581173052893902,-0.0006811296004919259,-0.0004881208056823061,0.005773379744238711,-9.858812979840922e-5,0.00011435332239787761,0.0025666247428591804,-0.0023428267093113914,0.004902902586041704,0.0009973602004576245,0.0021614294292000512,0.0004753046843407377,-0.0012545507913503773,-0.0010386167451308845,-0.00033903644214225784,-0.0006754493508778516,0.006751817528314836,-7.102908730477627e-6,-0.00021004684579575508,-0.00029624771946142725,0.0014672524817256388,0.001459695023121254,0.0004149410682024093,-9.858812979840922e-5,0.0034321837248300546,-0.00037692463186749306,-0.00010256326027563797,-0.0028380497064839872,0.0015307738578250918,-0.00010778371667023975,-0.0006375426968565797,0.00020083543978654023,0.0008594038850408148,0.0011188292801985063,-0.0004046973923042791,-7.293729360458523e-5,0.0006629595171824215,-0.0010116106416763232,0.0005883939871729294,0.00011831539302484769,-0.00011007127203689895,0.00012131514108702475,0.00048400125218624684,0.00011435332239787761,-0.00037692463186749306,0.002347586187925129,0.0003044942090408544,0.0006658008234747352,-0.0018286321134090133,0.00035344552284450204,0.0021118652882593267,-0.00010763459345412031,-0.00010745240491567891,0.0005667285119287722,-0.0005113268620053965,0.0005988959965074019,4.2532177521079615e-5,0.0009490888719276516,0.00024300478861048812,0.00043282938252625755,4.481063748050713e-5,0.000239089136368956,-0.0012203748289946349,0.0025666247428591804,-0.00010256326027563797,0.0003044942090408544,0.008622609571729308,-0.0030558607584831128,0.0039050577959291537,0.0009641729004084638,0.005110967569856092,0.00032467902747034027,-0.0005402711225002602,-0.0009593319060279958,-0.00031891823289666556,-0.0006846314053560277,0.006509366973033894,0.001082357102450499,-0.00010865392284489233,-0.0014213980942162931,0.00024515227294455346,0.005842069780420909,0.0018812767289697408,-0.0023428267093113914,-0.0028380497064839872,0.0006658008234747352,-0.0030558607584831128,0.0320442954679968,-0.013556763558366937,-0.002708916465022288,-2.671083225685468e-5,-0.0007493819759107955,0.00026933314800662786,0.001371858419642903,0.005915033831944925,0.0015386735506685094,-0.01801049553945561,0.002613906537103813,0.0009919392775797238,0.0007504134436488971,-0.0009706778113575186,-0.001142831691226701,8.923456997078504e-5,0.004902902586041704,0.0015307738578250918,-0.0018286321134090133,0.0039050577959291537,-0.013556763558366937,0.03455803895224341,0.0060887434052017495,0.0033111480677191444,0.0005569180781598438,-0.0030819637918866527,-0.002831919045962801,-0.0029378611741448946,-0.000872634761992678,0.02237440639185074,9.915709069584688e-5,-0.0019152810690044057,-0.002512371380954422,0.0006837516363833165,0.006440037313312908,0.001294871760286733,0.0009973602004576245,-0.00010778371667023975,0.00035344552284450204,0.0009641729004084638,-0.002708916465022288,0.0060887434052017495,0.026078975712350086,-0.001303740315646733,0.0013726653253538744,-0.0020333408134522676,-0.0003619697981230973,-0.004290963907650272,-0.00019466203636714862,0.008427856346639825,0.000598762598678058,-0.001337681370807473,-0.0007216153251553874,0.002055773191133474,0.0007179526029671046,-0.00026606366638626483,0.0021614294292000512,-0.0006375426968565797,0.0021118652882593267,0.005110967569856092,-2.671083225685468e-5,0.0033111480677191444,-0.001303740315646733,0.020476910540263026,-0.001525199744738734,0.0008788563761350863,0.0014985705502740952,0.004637742247985047,0.0005172139995465162,0.006011065882854842,0.0006955593653645525,0.0004445281660065397,-0.003761459253001066,0.00010183982112778137,0.0030483010778506476,4.019541227580138e-5,0.0004753046843407377,0.00020083543978654023,-0.00010763459345412031,0.00032467902747034027,-0.0007493819759107955,0.0005569180781598438,0.0013726653253538744,-0.001525199744738734,0.0035149021150435757,-0.0006709755041131573,-0.0007470441628666916,-0.0007560978673769273,-0.00046240670455511136,0.006141797153700377,0.0005176330836859401,-0.0003228392246008616,0.0010727900528664138,-7.595500921338473e-5,0.0009198610463953792,-0.0005637548572632344,-0.0012545507913503773,0.0008594038850408148,-0.00010745240491567891,-0.0005402711225002602,0.00026933314800662786,-0.0030819637918866527,-0.0020333408134522676,0.0008788563761350863,-0.0006709755041131573,0.006654577575856884,0.0024928100305950814,0.0018037391378979276,-6.596756946381153e-5,-0.003535356873591213,-0.0008340329951454377,0.0010699152746728854,-0.000972607590985819,-5.7817776186568936e-5,0.0035474932731957044,0.0009095409856759931,-0.0010386167451308845,0.0011188292801985063,0.0005667285119287722,-0.0009593319060279958,0.001371858419642903,-0.002831919045962801,-0.0003619697981230973,0.0014985705502740952,-0.0007470441628666916,0.0024928100305950814,0.019182245622426385,-4.643057102394891e-6,0.0005559767531998292,-0.006339211093710264,0.00020558840438955638,0.0012230032531727142,0.000527528901314131,0.00022663138443610288,-0.0019992136413897626,-0.0006246958732417689,-0.00033903644214225784,-0.0004046973923042791,-0.0005113268620053965,-0.00031891823289666556,0.005915033831944925,-0.0029378611741448946,-0.004290963907650272,0.004637742247985047,-0.0007560978673769273,0.0018037391378979276,-4.643057102394891e-6,0.010347856818306233,0.00129437797479872,-0.0037242712976699025,-0.0005872371263162205,0.00041176491544078243,-0.002489488477589694,-0.00089479804235293,-0.0013463377255914521,0.0006123298154835665,-0.0006754493508778516,-7.293729360458523e-5,0.0005988959965074019,-0.0006846314053560277,0.0015386735506685094,-0.000872634761992678,-0.00019466203636714862,0.0005172139995465162,-0.00046240670455511136,-6.596756946381153e-5,0.0005559767531998292,0.00129437797479872,0.00371303757652919,-0.0030548053486002167,0.0011154843017730314,0.0003027802956077037,0.0003826347926910115,4.1475847292414905e-5,-0.0014768026301946774,-0.0004292053523800134,0.006751817528314836,0.0006629595171824215,4.2532177521079615e-5,0.006509366973033894,-0.01801049553945561,0.02237440639185074,0.008427856346639825,0.006011065882854842,0.006141797153700377,-0.003535356873591213,-0.006339211093710264,-0.0037242712976699025,-0.0030548053486002167,0.06285230661892957,0.0011256916924876367,-0.0016498218279720625,-0.00013018716410246293,0.0004254113184394522,0.013746174985336443,0.0004422717411819935,-7.102908730477627e-6,-0.0010116106416763232,0.0009490888719276516,0.001082357102450499,0.002613906537103813,9.915709069584688e-5,0.000598762598678058,0.0006955593653645525,0.0005176330836859401,-0.0008340329951454377,0.00020558840438955638,-0.0005872371263162205,0.0011154843017730314,0.0011256916924876367,0.0050806407772313105,-0.00010388189807503359,0.001071137151406191,-7.734237347271377e-5,0.0010608327016702066,-9.785463842542307e-5,-0.00021004684579575508,0.0005883939871729294,0.00024300478861048812,-0.00010865392284489233,0.0009919392775797238,-0.0019152810690044057,-0.001337681370807473,0.0004445281660065397,-0.0003228392246008616,0.0010699152746728854,0.0012230032531727142,0.00041176491544078243,0.0003027802956077037,-0.0016498218279720625,-0.00010388189807503359,0.0020407503938282313,0.0006607287957224673,7.760279003064834e-5,0.0007651034891917826,0.0007383870527079582,-0.00029624771946142725,0.00011831539302484769,0.00043282938252625755,-0.0014213980942162931,0.0007504134436488971,-0.002512371380954422,-0.0007216153251553874,-0.003761459253001066,0.0010727900528664138,-0.000972607590985819,0.000527528901314131,-0.002489488477589694,0.0003826347926910115,-0.00013018716410246293,0.001071137151406191,0.0006607287957224673,0.00497257492429117,-4.898786158802431e-5,-0.0004508847869217916,0.0003581173052893902,0.0014672524817256388,-0.00011007127203689895,4.481063748050713e-5,0.00024515227294455346,-0.0009706778113575186,0.0006837516363833165,0.002055773191133474,0.00010183982112778137,-7.595500921338473e-5,-5.7817776186568936e-5,0.00022663138443610288,-0.00089479804235293,4.1475847292414905e-5,0.0004254113184394522,-7.734237347271377e-5,7.760279003064834e-5,-4.898786158802431e-5,0.0036294344377250606,-8.190508852337782e-5,-0.0006811296004919259,0.001459695023121254,0.00012131514108702475,0.000239089136368956,0.005842069780420909,-0.001142831691226701,0.006440037313312908,0.0007179526029671046,0.0030483010778506476,0.0009198610463953792,0.0035474932731957044,-0.0019992136413897626,-0.0013463377255914521,-0.0014768026301946774,0.013746174985336443,0.0010608327016702066,0.0007651034891917826,-0.0004508847869217916,-8.190508852337782e-5,0.03880581743898796
