0.005746156062714763,0.0009223529583623518,0.0015517121556458328,-0.0008664661977230358,0.0019778817473188586,0.0007241020983658097,0.0017409098361507312,0.00011767033278257861,0.0018360271303446954,0.0007108881979815509,0.0008232675846630628,0.0009889075181282437,0.00302113039108913,0.003114490384201983,-0.0001165693247595192,0.00021642784508735092,0.0005438443605185811,0.0013448213801230762,0.00020278482186405502,0.0008703210090103622,0.0009223529583623518,0.006229159733530153,0.0038621840778810404,0.0003625792869060608,0.0014589840933343264,0.0009426253728667682,0.0018466704702445988,0.0003482029383040594,0.0021711617203771707,0.0005994334758112334,0.0003622230874042488,0.001200729621973274,0.0037615725461602805,-0.0008650623397127143,0.001059330154208411,-0.00017646998502451934,0.000750919862671491,0.001338335207252419,0.0011672979098195264,0.0010057652197623806,0.0015517121556458328,0.0038621840778810404,0.027457787205014267,0.004632133549833661,0.005186152015926829,0.001609279858945547,0.002482329064385335,0.0011911370714029078,0.0055086574728368965,0.0010880543195204472,0.0012829568465932083,0.0007062737910215925,0.007667259621196137,0.0005664131340962508,0.0032687338472939254,0.0008217942949705259,0.0013514099764496378,0.001245895191891261,0.0024506911925878646,0.0020935302367779103,-0.0008664661977230358,0.0003625792869060608,0.004632133549833661,0.03190626690868746,0.001283161308419239,0.0006683042252543046,-0.0021265774587821565,0.0008148857363486293,0.001338358531299962,0.0006614078202665782,0.0013228501124291723,0.002002711268180711,0.0006581459581673469,0.002306828227252367,0.001811730389281023,0.00025348625025116856,0.0007823661214265041,-0.0015245137131346873,0.0010791165857707728,0.0002500808057710975,0.0019778817473188586,0.0014589840933343264,0.005186152015926829,0.001283161308419239,0.028004482661989044,0.001075405399376931,0.004392198125230777,-0.00012416459309866037,0.004655687803148445,0.0011306940087250105,0.001167057959273144,0.0002560925458442077,0.001399973295474457,0.0037955713560971177,0.0016630118675052359,0.0018155194778453542,0.00057040982564409,-0.0008850641881163306,0.001570581515553132,0.002069417181400933,0.0007241020983658097,0.0009426253728667682,0.001609279858945547,0.0006683042252543046,0.001075405399376931,0.00257834392170183,0.0011240481723177244,0.00010372568775782708,0.001244138045305987,0.000436026004566496,0.0006899549969392049,0.0006825222645346746,0.0011559231453104964,0.00025243784479812994,0.0006885611067437308,4.7444518825759354e-5,0.0004602133078545047,0.0003882947834943409,0.0007144041246047218,0.0008934241273338491,0.0017409098361507312,0.0018466704702445988,0.002482329064385335,-0.0021265774587821565,0.004392198125230777,0.0011240481723177244,0.01886566016678188,0.0008437174879484281,0.0037066975010095204,-0.0001446503386216015,0.0005010927402411219,0.003170925870968481,0.0032816997085838443,-0.00031338274210698726,0.0014539079459578996,-0.0005343369589402363,0.00027158684202612806,0.0014939375974351659,0.0010474191915862175,0.0006395804857062077,0.00011767033278257861,0.0003482029383040594,0.0011911370714029078,0.0008148857363486293,-0.00012416459309866037,0.00010372568775782708,0.0008437174879484281,0.0020214861403638094,0.00043307786496467023,1.9019740438192244e-5,9.897546162332165e-5,0.0009388957251448496,0.0011815610038814841,-0.0006898515676363028,-0.0002038768348594676,-0.00037174620573315556,0.00020522071793715687,0.0001798599368321585,0.0002390427370741313,-0.00012545590845229783,0.0018360271303446954,0.0021711617203771707,0.0055086574728368965,0.001338358531299962,0.004655687803148445,0.001244138045305987,0.0037066975010095204,0.00043307786496467023,0.01868946057637531,0.0005700571521631346,0.0008146692589388443,0.002624115411769157,0.0048121178137862574,0.0015922005219073288,0.003049226512616955,0.0008098852849989129,0.0006462718482547396,-1.1192349791586684e-5,0.0019072914376986494,0.0019623150340080516,0.0007108881979815509,0.0005994334758112334,0.0010880543195204472,0.0006614078202665782,0.0011306940087250105,0.000436026004566496,-0.0001446503386216015,1.9019740438192244e-5,0.0005700571521631346,0.0022063631100952335,0.0007184498800417815,-1.9287943560764115e-5,-1.3761362904826787e-5,0.0009499897580624393,0.00010774749020263797,0.0002685943915832988,0.00039074223704451533,0.0004883348690309863,0.0008396424058229384,0.0004347540348147714,0.0008232675846630628,0.0003622230874042488,0.0012829568465932083,0.0013228501124291723,0.001167057959273144,0.0006899549969392049,0.0005010927402411219,9.897546162332165e-5,0.0008146692589388443,0.0007184498800417815,0.002767725437783019,-0.00044712858165879397,7.727575058563306e-5,0.0007223045636761641,0.0003873239906812251,3.268280196531903e-5,0.000287774367836864,0.0002444020349581618,0.0007802208640891445,0.0006782611053897437,0.0009889075181282437,0.001200729621973274,0.0007062737910215925,0.002002711268180711,0.0002560925458442077,0.0006825222645346746,0.003170925870968481,0.0009388957251448496,0.002624115411769157,-1.9287943560764115e-5,-0.00044712858165879397,0.009103729834289306,0.003396489768925446,0.00043871363843246306,0.0014664305261833828,-0.00016789684873507303,0.0006949949693586968,0.0011127879666713593,0.0009065668914962137,0.0005226247746268354,0.00302113039108913,0.0037615725461602805,0.007667259621196137,0.0006581459581673469,0.001399973295474457,0.0011559231453104964,0.0032816997085838443,0.0011815610038814841,0.0048121178137862574,-1.3761362904826787e-5,7.727575058563306e-5,0.003396489768925446,0.03137756881111853,-0.0003154075937340224,0.0010884340075904574,0.0008835048837685048,0.0005735695491036637,0.0017908870958485022,0.002566726583659307,0.0012847266054632073,0.003114490384201983,-0.0008650623397127143,0.0005664131340962508,0.002306828227252367,0.0037955713560971177,0.00025243784479812994,-0.00031338274210698726,-0.0006898515676363028,0.0015922005219073288,0.0009499897580624393,0.0007223045636761641,0.00043871363843246306,-0.0003154075937340224,0.014037395620904647,-0.0006457328823044583,0.0007589554460792004,0.00017963972240349623,0.001054641006784469,0.00015703443249032384,0.001422960691687332,-0.0001165693247595192,0.001059330154208411,0.0032687338472939254,0.001811730389281023,0.0016630118675052359,0.0006885611067437308,0.0014539079459578996,-0.0002038768348594676,0.003049226512616955,0.00010774749020263797,0.0003873239906812251,0.0014664305261833828,0.0010884340075904574,-0.0006457328823044583,0.00615632868268574,0.0002990213736601345,0.0005666264320223493,0.00048757782277690596,0.0012495416481250726,0.0010599124396434541,0.00021642784508735092,-0.00017646998502451934,0.0008217942949705259,0.00025348625025116856,0.0018155194778453542,4.7444518825759354e-5,-0.0005343369589402363,-0.00037174620573315556,0.0008098852849989129,0.0002685943915832988,3.268280196531903e-5,-0.00016789684873507303,0.0008835048837685048,0.0007589554460792004,0.0002990213736601345,0.0018382396504533734,-6.000809393616624e-6,-0.0001971967254008568,0.00039559288844561146,0.0005492851675011567,0.0005438443605185811,0.000750919862671491,0.0013514099764496378,0.0007823661214265041,0.00057040982564409,0.0004602133078545047,0.00027158684202612806,0.00020522071793715687,0.0006462718482547396,0.00039074223704451533,0.000287774367836864,0.0006949949693586968,0.0005735695491036637,0.00017963972240349623,0.0005666264320223493,-6.000809393616624e-6,0.0013898863533611807,0.00044447764772530046,0.00046155633318338703,0.0004634372822032545,0.0013448213801230762,0.001338335207252419,0.001245895191891261,-0.0015245137131346873,-0.0008850641881163306,0.0003882947834943409,0.0014939375974351659,0.0001798599368321585,-1.1192349791586684e-5,0.0004883348690309863,0.0002444020349581618,0.0011127879666713593,0.0017908870958485022,0.001054641006784469,0.00048757782277690596,-0.0001971967254008568,0.00044447764772530046,0.005606113063061845,0.00018424987439449663,0.0004666558613978708,0.00020278482186405502,0.0011672979098195264,0.0024506911925878646,0.0010791165857707728,0.001570581515553132,0.0007144041246047218,0.0010474191915862175,0.0002390427370741313,0.0019072914376986494,0.0008396424058229384,0.0007802208640891445,0.0009065668914962137,0.002566726583659307,0.00015703443249032384,0.0012495416481250726,0.00039559288844561146,0.00046155633318338703,0.00018424987439449663,0.013864198197577117,0.001239026940552661,0.0008703210090103622,0.0010057652197623806,0.0020935302367779103,0.0002500808057710975,0.002069417181400933,0.0008934241273338491,0.0006395804857062077,-0.00012545590845229783,0.0019623150340080516,0.0004347540348147714,0.0006782611053897437,0.0005226247746268354,0.0012847266054632073,0.001422960691687332,0.0010599124396434541,0.0005492851675011567,0.0004634372822032545,0.0004666558613978708,0.001239026940552661,0.0036849821291339143
