0.010997067574836754,0.0012033731034854305,0.00098628842997525,-0.0013635713893483357,0.001972723501837097,-0.00016375819233764496,0.0005324081352823774,0.00041780030953595716,0.001281384312439312,-0.00210295230855621,0.0012910171262899262,0.001206238082814322,-0.0009410343131428293,0.001311111540442651,0.0025649501208180785,0.002463398811578835,0.001609930307626585,5.028651232633637e-5,-0.0003395066011129899,0.0018166920260669346,0.0012033731034854305,0.010556195929061978,0.0006292380524043719,-0.0022091316181131046,0.0038551246822953506,-5.527536938641528e-5,-0.001061773214027575,0.0011071523053501333,0.0012071035438981,0.0014645106572334123,0.0035791180392074472,0.0006788095280914814,-0.001863220840043854,0.0014163176599145785,0.003825706494043629,0.004106537529693937,-0.0006439225119964819,-0.00026834450103666366,0.0004968369825960793,-0.0034943031801599163,0.00098628842997525,0.0006292380524043719,0.005024890632970517,-0.0006890391351134422,0.001831593403393533,0.0007473831400601361,-0.0026877933080134446,0.0012143945909056687,0.00012413605575527773,0.001922457577944693,0.0001265757177384824,0.00018291964156938738,-0.0006890575709315915,-0.0006534605047627624,0.003827941876848111,0.0023419129505932767,-7.952085481201647e-5,-0.0007775182382708684,-6.884027303133647e-5,-0.0017318467308781432,-0.0013635713893483357,-0.0022091316181131046,-0.0006890391351134422,0.006227023937406007,-0.001751248536807487,0.0002013450873022933,0.0008735025929934466,-0.0009145786822076931,-0.0010008799052533754,-0.0017856336069629125,-0.002651804561687646,0.0014482945971757977,0.0009414055179082688,0.0018114759854772973,-0.002837490957235301,-0.0013946311242103394,9.328154882849665e-6,0.002014702371286409,0.0001454342391501749,-0.00031606665863554654,0.001972723501837097,0.0038551246822953506,0.001831593403393533,-0.001751248536807487,0.011484384775978093,0.0003453834573617344,-0.001912020250770381,0.000930390751108418,0.0027547455175024136,0.0025412529155218067,0.004785659746513307,0.001307143599751115,-0.001256219745744017,-5.1952257770602775e-5,0.005523835799974387,0.005518030975584379,0.0006158964502783894,0.0007763115665853221,0.00027874831438387787,-0.0015981138432757435,-0.00016375819233764496,-5.527536938641528e-5,0.0007473831400601361,0.0002013450873022933,0.0003453834573617344,0.004347684082963341,-0.0011346172028454224,0.0010051794320959043,0.00021688425851375026,-0.0002177564781038408,-0.0002523931714107511,0.0006264710492527969,0.0005662913171527381,0.0007552587737533311,-0.00041320625782479054,0.0011078929554891358,0.00034790637697052146,0.0020972826862356033,0.0003672358278365841,0.00033088517288403185,0.0005324081352823774,-0.001061773214027575,-0.0026877933080134446,0.0008735025929934466,-0.001912020250770381,-0.0011346172028454224,0.009961141182331627,0.0002534714913711662,-0.00010787026320329703,0.00062189980490118,0.000894831716460098,0.0007915503538319156,0.0016914351322899553,0.001250458983983768,-0.0028201382789238647,0.00032885949837029634,0.0009102292212156541,0.001468659065635273,-0.0008285032206414799,0.00279347027335814,0.00041780030953595716,0.0011071523053501333,0.0012143945909056687,-0.0009145786822076931,0.000930390751108418,0.0010051794320959043,0.0002534714913711662,0.0035837051207366043,0.0002001219185518048,-0.00035915537627312334,0.0016586578999555636,0.00035093471436658207,6.394194599356091e-5,0.00039975116434757494,0.0008255744845348531,0.0029229185090630418,0.0013620822119584832,0.0010445468425132316,0.0001661475464097624,0.000591974866467646,0.001281384312439312,0.0012071035438981,0.00012413605575527773,-0.0010008799052533754,0.0027547455175024136,0.00021688425851375026,-0.00010787026320329703,0.0002001219185518048,0.004303782653865402,0.0013276635987832957,0.0045123786579884875,0.0006491669491245696,0.000502973028298143,-0.0005607103008156707,0.0031708458646384063,4.061515938143099e-5,0.0006896153466515931,0.0011191981977633665,-0.00010864263167802584,0.00011808778038431564,-0.00210295230855621,0.0014645106572334123,0.001922457577944693,-0.0017856336069629125,0.0025412529155218067,-0.0002177564781038408,0.00062189980490118,-0.00035915537627312334,0.0013276635987832957,0.014604289383523006,0.0017850412101542866,0.0004377671177282608,-0.000187324262754127,-0.0030593479911502023,0.003263098460079677,0.0037123124638542134,0.00025800711244458884,-0.0005531370188155394,-0.000764080542506937,0.00047504522521679904,0.0012910171262899262,0.0035791180392074472,0.0001265757177384824,-0.002651804561687646,0.004785659746513307,-0.0002523931714107511,0.000894831716460098,0.0016586578999555636,0.0045123786579884875,0.0017850412101542866,0.023688408290321934,0.001150349455206265,-0.0003560194031707671,-0.0014144187334727133,0.008161229992143346,0.000625178118197966,0.001313980344665143,0.002618068029306561,-0.00012433111487023207,-0.0001837197189099599,0.001206238082814322,0.0006788095280914814,0.00018291964156938738,0.0014482945971757977,0.001307143599751115,0.0006264710492527969,0.0007915503538319156,0.00035093471436658207,0.0006491669491245696,0.0004377671177282608,0.001150349455206265,0.005770210991443131,0.000977297765209809,0.0013590164085976512,0.001462522279207185,0.00464635306592174,-4.6435336805943675e-5,0.0026919618494130036,-0.0005550634776406963,-0.0017477895570499522,-0.0009410343131428293,-0.001863220840043854,-0.0006890575709315915,0.0009414055179082688,-0.001256219745744017,0.0005662913171527381,0.0016914351322899553,6.394194599356091e-5,0.000502973028298143,-0.000187324262754127,-0.0003560194031707671,0.000977297765209809,0.003934148109515329,-0.00037042148441171935,-0.0007179091877497398,-8.000945288447832e-5,0.00010055562957001868,0.002912134959047609,-0.00015243159417109884,0.0019229332328542905,0.001311111540442651,0.0014163176599145785,-0.0006534605047627624,0.0018114759854772973,-5.1952257770602775e-5,0.0007552587737533311,0.001250458983983768,0.00039975116434757494,-0.0005607103008156707,-0.0030593479911502023,-0.0014144187334727133,0.0013590164085976512,-0.00037042148441171935,0.010565186434861021,-0.0003259572687147154,-0.0016792770827206436,0.0011408667471498937,0.0009472001596096472,0.0007536263213063619,-0.004940953985768741,0.0025649501208180785,0.003825706494043629,0.003827941876848111,-0.002837490957235301,0.005523835799974387,-0.00041320625782479054,-0.0028201382789238647,0.0008255744845348531,0.0031708458646384063,0.003263098460079677,0.008161229992143346,0.001462522279207185,-0.0007179091877497398,-0.0003259572687147154,0.01936950590103379,0.00456080666307721,-0.0005149307592243896,-0.00030073671633742743,-0.000495430457720319,-0.002602320913294808,0.002463398811578835,0.004106537529693937,0.0023419129505932767,-0.0013946311242103394,0.005518030975584379,0.0011078929554891358,0.00032885949837029634,0.0029229185090630418,4.061515938143099e-5,0.0037123124638542134,0.000625178118197966,0.00464635306592174,-8.000945288447832e-5,-0.0016792770827206436,0.00456080666307721,0.02496199740009065,0.0009210698604583407,0.0034916402343959448,-0.0014311039831872879,0.001134818649451223,0.001609930307626585,-0.0006439225119964819,-7.952085481201647e-5,9.328154882849665e-6,0.0006158964502783894,0.00034790637697052146,0.0009102292212156541,0.0013620822119584832,0.0006896153466515931,0.00025800711244458884,0.001313980344665143,-4.6435336805943675e-5,0.00010055562957001868,0.0011408667471498937,-0.0005149307592243896,0.0009210698604583407,0.008064615466657698,0.0006348913326949331,0.00031141538177904533,0.003368490983199088,5.028651232633637e-5,-0.00026834450103666366,-0.0007775182382708684,0.002014702371286409,0.0007763115665853221,0.0020972826862356033,0.001468659065635273,0.0010445468425132316,0.0011191981977633665,-0.0005531370188155394,0.002618068029306561,0.0026919618494130036,0.002912134959047609,0.0009472001596096472,-0.00030073671633742743,0.0034916402343959448,0.0006348913326949331,0.013471161269343468,-0.0002697238622589363,0.002190597964973525,-0.0003395066011129899,0.0004968369825960793,-6.884027303133647e-5,0.0001454342391501749,0.00027874831438387787,0.0003672358278365841,-0.0008285032206414799,0.0001661475464097624,-0.00010864263167802584,-0.000764080542506937,-0.00012433111487023207,-0.0005550634776406963,-0.00015243159417109884,0.0007536263213063619,-0.000495430457720319,-0.0014311039831872879,0.00031141538177904533,-0.0002697238622589363,0.001837989190314162,0.0003365401711214152,0.0018166920260669346,-0.0034943031801599163,-0.0017318467308781432,-0.00031606665863554654,-0.0015981138432757435,0.00033088517288403185,0.00279347027335814,0.000591974866467646,0.00011808778038431564,0.00047504522521679904,-0.0001837197189099599,-0.0017477895570499522,0.0019229332328542905,-0.004940953985768741,-0.002602320913294808,0.001134818649451223,0.003368490983199088,0.002190597964973525,0.0003365401711214152,0.020807257461970777
0.010989841610435598,0.002068248379012028,0.0008131524501180637,0.002584357231866831,0.0017218342016177952,0.0003220954290862279,0.0014530869545207633,0.0005316740350215885,0.0010634224355825636,0.003395762242820822,0.0005735712677712888,0.0010211158136255167,0.0008532877290069546,-0.0007251389323719602,0.0016225978691802854,-3.604085127574502e-5,-0.00028993564969521707,-9.33074388890205e-6,0.0010985510787543922,0.0031201075987693245,0.002068248379012028,0.009798732804889276,0.002057535273470215,0.003892837776179388,0.0033827426808517407,0.001858670110685618,0.0023950582499174637,0.002320448532755975,0.0011074114025104512,0.0051096184232574254,0.002612173597060112,0.0012462736181917842,0.001638382184724914,0.0020451934009232736,0.005508794302114654,0.0032886963837207807,0.004631505764292517,0.002749494838420353,0.0018890993578208996,0.0033184275079934282,0.0008131524501180637,0.002057535273470215,0.006302257261606078,0.0021910176954491115,0.002817069659126234,0.0008396638603638494,0.0018225377073520202,0.0010370572493407413,0.0019185108973476125,0.00327213059890368,0.0021565308574944303,9.528435417048323e-5,0.002254934212949684,0.0037785427421758665,0.0038724993323019964,0.003291703407730367,0.0018795361229208764,0.0005754581274098013,0.0016689987629661365,0.0014870402151686353,0.002584357231866831,0.003892837776179388,0.0021910176954491115,0.009043175747765211,0.004661083442735844,0.0019476324646566807,0.0023937955877373685,0.0026284105632018873,0.0002824153836970864,0.005952532788475046,0.0061928245948641835,0.0019628333507152674,0.0005582573809854757,0.002131867668537339,0.004367711532239379,0.0022527230909888465,0.0024610991445359457,0.0016870582900239887,0.001777209363365465,0.003962004825251405,0.0017218342016177952,0.0033827426808517407,0.002817069659126234,0.004661083442735844,0.013765183591023841,0.0032219698584974735,0.006738734973421616,0.002263439964550004,0.0028203300636662648,0.005930902047372493,0.003744301666019931,0.0008205952655686807,0.0029228667207680586,0.004331499384080537,0.006099971580668992,5.579736717206037e-5,0.0046402715544688776,0.0020095620069905413,0.0021409539087161042,0.006842343734372915,0.0003220954290862279,0.001858670110685618,0.0008396638603638494,0.0019476324646566807,0.0032219698584974735,0.006513888410600196,0.003744473291153078,0.0020792270117239173,0.0004976108371878198,2.617856499201771e-5,0.0003401746157713183,0.004274486065094492,0.0005094103061491174,0.001758370589161899,0.005203433111309649,-0.0033649094804941685,0.0036178192300726627,0.00055902212484861,0.0001296221255733427,0.0030510006600579804,0.0014530869545207633,0.0023950582499174637,0.0018225377073520202,0.0023937955877373685,0.006738734973421616,0.003744473291153078,0.010033906444130408,0.0008704259649891135,0.0023323555758430815,0.003485458961912699,0.0006509737935713326,0.0020960795668556543,0.0013220172429587607,0.0037134195435439897,0.004789362453744875,-0.0016934051563506592,0.005170095019200273,0.0012632874132701354,0.0008710743185482549,0.005022135678319238,0.0005316740350215885,0.002320448532755975,0.0010370572493407413,0.0026284105632018873,0.002263439964550004,0.0020792270117239173,0.0008704259649891135,0.004207840311749592,0.000768096998403577,0.00012810315095949446,0.0021111991632201885,0.0020678213189167256,0.0006854053297323533,0.001769336340648011,0.004163351325504277,0.0008717684346353861,0.0021658779352849624,0.0006775316581309307,0.0013594614951671067,0.0017772187509734528,0.0010634224355825636,0.0011074114025104512,0.0019185108973476125,0.0002824153836970864,0.0028203300636662648,0.0004976108371878198,0.0023323555758430815,0.000768096998403577,0.00484654133354919,0.0004771511258292913,0.0003093863150902674,-0.001230035367327009,0.0016652222500024524,0.0024824807675318523,0.0017192822029261957,0.0009722957237189576,0.0015806758630132847,-0.0001092796878055656,0.0015641315675522373,0.0031753680516648946,0.003395762242820822,0.0051096184232574254,0.00327213059890368,0.005952532788475046,0.005930902047372493,2.617856499201771e-5,0.003485458961912699,0.00012810315095949446,0.0004771511258292913,0.017804901111482488,0.005122224912753303,-0.0003695229367496032,0.001382501990926111,0.0035905194594649265,0.0034146568139540876,0.0049085330241687,0.00228638973300034,0.0028608687546447737,0.0019267024906692086,0.004306849537755519,0.0005735712677712888,0.002612173597060112,0.0021565308574944303,0.0061928245948641835,0.003744301666019931,0.0003401746157713183,0.0006509737935713326,0.0021111991632201885,0.0003093863150902674,0.005122224912753303,0.020382335796885684,-0.00017031291016583608,0.002097567368487406,0.0037365429822091107,0.001387868885825855,0.007091011209557703,0.0014272121950730775,3.121188473737739e-5,0.0010328549527923525,0.005015593908254732,0.0010211158136255167,0.0012462736181917842,9.528435417048323e-5,0.0019628333507152674,0.0008205952655686807,0.004274486065094492,0.0020960795668556543,0.0020678213189167256,-0.001230035367327009,-0.0003695229367496032,-0.00017031291016583608,0.009066543314045843,-0.0006267162820238937,0.0015073179093039672,0.004184560596769046,-0.0032190451430610294,0.003064778448988091,0.000753663833186732,-0.00046598033046979634,0.001011510967591865,0.0008532877290069546,0.001638382184724914,0.002254934212949684,0.0005582573809854757,0.0029228667207680586,0.0005094103061491174,0.0013220172429587607,0.0006854053297323533,0.0016652222500024524,0.001382501990926111,0.002097567368487406,-0.0006267162820238937,0.004637938839793392,0.0017301051871926776,0.0016528611282910746,0.0023313804549753114,0.0013058639157100815,-0.0003552757602160829,0.0011776576138758463,0.0027793316993121302,-0.0007251389323719602,0.0020451934009232736,0.0037785427421758665,0.002131867668537339,0.004331499384080537,0.001758370589161899,0.0037134195435439897,0.001769336340648011,0.0024824807675318523,0.0035905194594649265,0.0037365429822091107,0.0015073179093039672,0.0017301051871926776,0.011444961414250818,0.004688428817662477,0.003972109205620716,0.0034615413153526163,0.0015993135761309654,0.0020544925573266807,0.002712135536958108,0.0016225978691802854,0.005508794302114654,0.0038724993323019964,0.004367711532239379,0.006099971580668992,0.005203433111309649,0.004789362453744875,0.004163351325504277,0.0017192822029261957,0.0034146568139540876,0.001387868885825855,0.004184560596769046,0.0016528611282910746,0.004688428817662477,0.01900115012960839,0.000791105321265404,0.006035818356297036,0.0031207202928479737,0.0028646591795993604,0.003631309002335434,-3.604085127574502e-5,0.0032886963837207807,0.003291703407730367,0.0022527230909888465,5.579736717206037e-5,-0.0033649094804941685,-0.0016934051563506592,0.0008717684346353861,0.0009722957237189576,0.0049085330241687,0.007091011209557703,-0.0032190451430610294,0.0023313804549753114,0.003972109205620716,0.000791105321265404,0.021930598903682628,0.000913478829413501,0.0036173980970026992,0.0023789742488837485,-0.001860323261230579,-0.00028993564969521707,0.004631505764292517,0.0018795361229208764,0.0024610991445359457,0.0046402715544688776,0.0036178192300726627,0.005170095019200273,0.0021658779352849624,0.0015806758630132847,0.00228638973300034,0.0014272121950730775,0.003064778448988091,0.0013058639157100815,0.0034615413153526163,0.006035818356297036,0.000913478829413501,0.011769718508410604,0.001997298559350806,0.001341549206473561,0.0029800306535447633,-9.33074388890205e-6,0.002749494838420353,0.0005754581274098013,0.0016870582900239887,0.0020095620069905413,0.00055902212484861,0.0012632874132701354,0.0006775316581309307,-0.0001092796878055656,0.0028608687546447737,3.121188473737739e-5,0.000753663833186732,-0.0003552757602160829,0.0015993135761309654,0.0031207202928479737,0.0036173980970026992,0.001997298559350806,0.010073837186998268,0.0012136280514371514,-0.000656928648213959,0.0010985510787543922,0.0018890993578208996,0.0016689987629661365,0.001777209363365465,0.0021409539087161042,0.0001296221255733427,0.0008710743185482549,0.0013594614951671067,0.0015641315675522373,0.0019267024906692086,0.0010328549527923525,-0.00046598033046979634,0.0011776576138758463,0.0020544925573266807,0.0028646591795993604,0.0023789742488837485,0.001341549206473561,0.0012136280514371514,0.003009137676695694,0.0008536845024178917,0.0031201075987693245,0.0033184275079934282,0.0014870402151686353,0.003962004825251405,0.006842343734372915,0.0030510006600579804,0.005022135678319238,0.0017772187509734528,0.0031753680516648946,0.004306849537755519,0.005015593908254732,0.001011510967591865,0.0027793316993121302,0.002712135536958108,0.003631309002335434,-0.001860323261230579,0.0029800306535447633,-0.000656928648213959,0.0008536845024178917,0.015868038655764787
0.0166590578187108,-0.0003481915227319162,0.0026677832523611484,0.0033167071092825165,0.004613441627561875,0.002012503472787383,0.0008436642437128731,0.002195657585670966,-0.00026414901150411904,0.005670450965874246,0.004619853359552597,-0.004192893853805666,0.004026844130868351,0.0027854681284102773,0.0036025825996414593,0.010632039024761172,0.005719646741414347,-0.004506152080016853,0.0036928939231832846,0.0018861144988865136,-0.0003481915227319162,0.008464367875814,0.0004065470397199381,0.0027341428348569372,3.869049293433617e-5,0.0012054441718435723,0.002954881533512488,0.000973030379862851,0.00046468804132169253,-0.0033811217261116356,-0.00030191740329770867,-0.0010871583225924618,0.0003686153847811452,0.002934170813435146,0.0012688995294212542,-0.0044135633456091235,-0.0019829689017545633,0.0022666906861557937,0.0005031319521993124,0.002038788670502287,0.0026677832523611484,0.0004065470397199381,0.006135706787092797,-0.000782687377317376,0.0017390818210420978,0.0007238456615073724,-0.0005449917110161382,0.0002517311253570044,-0.0007374113722804146,0.0009600473733747114,0.002747672687171205,-0.0003123337316549595,-0.0005462342355087189,0.0019996012095452966,-0.001423023547290755,0.004267332747249708,0.0007299735494689523,-0.0032574592538918146,0.001404622507648679,0.0033088070937855978,0.0033167071092825165,0.0027341428348569372,-0.000782687377317376,0.010821708925352449,-0.0011253389814705928,0.002897573961929862,0.0050997540557384605,-0.0006410280389778602,0.0010172627985652115,-0.0007950187470968423,0.001584579028576249,-0.005785147622678935,0.003550316514082566,0.0010501890763541413,0.0018757811311889065,0.001510825755402808,0.004653518527350254,0.0045561013620950015,0.002816611101915716,0.0011382295118244068,0.004613441627561875,3.869049293433617e-5,0.0017390818210420978,-0.0011253389814705928,0.012062190916344136,-0.00047613864631083946,-0.0014488512142747188,0.0038937553374608965,-0.0002939402220450614,0.00395790699813132,0.0012485671197060761,6.28746219273225e-5,0.0005170131480784459,0.0019272405161903199,0.0032309550753671324,0.0007967546223641925,-0.0025607102629230747,-0.0018829763789307776,-1.7510393522956504e-5,0.0011636760293672389,0.002012503472787383,0.0012054441718435723,0.0007238456615073724,0.002897573961929862,-0.00047613864631083946,0.004163678550526838,0.0018816656939030126,-0.0005050785678677978,0.00037544592479846076,-0.00048232392277129026,0.0012176337388090982,-0.0024840549355555847,0.0013375704680235615,0.0011039224051798903,8.689030797902537e-5,0.0018314524081634808,0.0017547758747741278,0.001037494361765518,0.001755900256514253,0.002719721419423434,0.0008436642437128731,0.002954881533512488,-0.0005449917110161382,0.0050997540557384605,-0.0014488512142747188,0.0018816656939030126,0.011498120288753655,-0.0001963751800152914,0.0010055198236548074,-0.0004154617794683255,0.00013450891735521022,-0.004544163350354657,0.0027118386415402847,-0.00019614506091155274,0.0020428227086300215,-0.002594984769795895,0.0023004391139069373,0.007441098107786695,0.002628002990219231,-0.0019003377867328115,0.002195657585670966,0.000973030379862851,0.0002517311253570044,-0.0006410280389778602,0.0038937553374608965,-0.0005050785678677978,-0.0001963751800152914,0.0047501719511528874,0.0001454025214639538,0.0023661895950297615,-0.0003104244058807147,0.0005158470963449526,-0.00015760025972872413,0.0018797492573346128,0.0039033612294868763,-0.0017943278029361877,-0.0021289198104870507,-0.0013929357815304774,-0.0010008857927496285,0.0020069757062030247,-0.00026414901150411904,0.00046468804132169253,-0.0007374113722804146,0.0010172627985652115,-0.0002939402220450614,0.00037544592479846076,0.0010055198236548074,0.0001454025214639538,0.0024794229073726894,-0.0005698130759056437,-0.00033582546269628893,-0.00031853371758431393,0.0006871182117885539,9.741569087949457e-6,-5.584264869572501e-5,-0.0008070707460844919,0.00028374294393746944,0.001252892163561514,0.00044406255920605533,-0.0009189276333130269,0.005670450965874246,-0.0033811217261116356,0.0009600473733747114,-0.0007950187470968423,0.00395790699813132,-0.00048232392277129026,-0.0004154617794683255,0.0023661895950297615,-0.0005698130759056437,0.016163348772233174,0.004998461632361966,8.746706344248706e-5,0.0010296024772147353,-0.001083200596831296,0.0033699602609651583,0.007139758444828044,0.0030415820968761917,-0.0015700880342520928,-0.00020833936129212213,0.0003304199807632906,0.004619853359552597,-0.00030191740329770867,0.002747672687171205,0.001584579028576249,0.0012485671197060761,0.0012176337388090982,0.00013450891735521022,-0.0003104244058807147,-0.00033582546269628893,0.004998461632361966,0.015787111990545867,-0.0024421754450160964,0.0010579637435322799,-0.0010697297542288137,-0.0023703358095402724,0.0027185294534896984,0.0036431927114545636,0.0010938747158430607,0.0013477260432947476,0.002388086079075355,-0.004192893853805666,-0.0010871583225924618,-0.0003123337316549595,-0.005785147622678935,6.28746219273225e-5,-0.0024840549355555847,-0.004544163350354657,0.0005158470963449526,-0.00031853371758431393,8.746706344248706e-5,-0.0024421754450160964,0.008462731958163126,-0.00262010726046359,0.000265825054137033,0.00043276688046966756,-0.002392940302998035,-0.004482325729454052,-0.0014326714222921441,-0.002915613328565812,-0.0004160419914116044,0.004026844130868351,0.0003686153847811452,-0.0005462342355087189,0.003550316514082566,0.0005170131480784459,0.0013375704680235615,0.0027118386415402847,-0.00015760025972872413,0.0006871182117885539,0.0010296024772147353,0.0010579637435322799,-0.00262010726046359,0.006714842341597889,0.00029840016789072746,0.003315475819589622,0.0011264039540477572,0.0024450376601382186,0.00029220713486176916,0.002313761629577485,-0.001990426974742371,0.0027854681284102773,0.002934170813435146,0.0019996012095452966,0.0010501890763541413,0.0019272405161903199,0.0011039224051798903,-0.00019614506091155274,0.0018797492573346128,9.741569087949457e-6,-0.001083200596831296,-0.0010697297542288137,0.000265825054137033,0.00029840016789072746,0.010659170379482105,0.0018553062366383987,0.001209517768066849,-0.001673635857225631,-0.001967976580062738,0.0010198162447076949,0.004465422407255641,0.0036025825996414593,0.0012688995294212542,-0.001423023547290755,0.0018757811311889065,0.0032309550753671324,8.689030797902537e-5,0.0020428227086300215,0.0039033612294868763,-5.584264869572501e-5,0.0033699602609651583,-0.0023703358095402724,0.00043276688046966756,0.003315475819589622,0.0018553062366383987,0.019920716695768108,0.0013073250752730853,-0.0018348031567401383,0.0009746042044723906,-0.00025311668425707706,0.0022245760059737543,0.010632039024761172,-0.0044135633456091235,0.004267332747249708,0.001510825755402808,0.0007967546223641925,0.0018314524081634808,-0.002594984769795895,-0.0017943278029361877,-0.0008070707460844919,0.007139758444828044,0.0027185294534896984,-0.002392940302998035,0.0011264039540477572,0.001209517768066849,0.0013073250752730853,0.03189423049956248,0.0126794387999704,-0.006826334408646971,0.004196518269851311,0.0033944152656454527,0.005719646741414347,-0.0019829689017545633,0.0007299735494689523,0.004653518527350254,-0.0025607102629230747,0.0017547758747741278,0.0023004391139069373,-0.0021289198104870507,0.00028374294393746944,0.0030415820968761917,0.0036431927114545636,-0.004482325729454052,0.0024450376601382186,-0.001673635857225631,-0.0018348031567401383,0.0126794387999704,0.014801949239180674,0.00018508521762532638,0.0032025197304739214,6.161276548395807e-5,-0.004506152080016853,0.0022666906861557937,-0.0032574592538918146,0.0045561013620950015,-0.0018829763789307776,0.001037494361765518,0.007441098107786695,-0.0013929357815304774,0.001252892163561514,-0.0015700880342520928,0.0010938747158430607,-0.0014326714222921441,0.00029220713486176916,-0.001967976580062738,0.0009746042044723906,-0.006826334408646971,0.00018508521762532638,0.01781573355961756,0.00039150021825378915,-0.0030516919240416657,0.0036928939231832846,0.0005031319521993124,0.001404622507648679,0.002816611101915716,-1.7510393522956504e-5,0.001755900256514253,0.002628002990219231,-0.0010008857927496285,0.00044406255920605533,-0.00020833936129212213,0.0013477260432947476,-0.002915613328565812,0.002313761629577485,0.0010198162447076949,-0.00025311668425707706,0.004196518269851311,0.0032025197304739214,0.00039150021825378915,0.004187810638734208,0.0001381722309492931,0.0018861144988865136,0.002038788670502287,0.0033088070937855978,0.0011382295118244068,0.0011636760293672389,0.002719721419423434,-0.0019003377867328115,0.0020069757062030247,-0.0009189276333130269,0.0003304199807632906,0.002388086079075355,-0.0004160419914116044,-0.001990426974742371,0.004465422407255641,0.0022245760059737543,0.0033944152656454527,6.161276548395807e-5,-0.0030516919240416657,0.0001381722309492931,0.01753297453413104
